Bamako	2005	1	1	1	18.0	29.0	19.9	-999.9	0.0	2.7	97195.7	-999.9
Bamako	2005	1	2	2	16.7	27.6	19.9	-999.9	0.0	2.5	97284.1	-999.9
Bamako	2005	1	3	3	15.8	28.3	20.2	-999.9	0.0	2.3	97138.8	-999.9
Bamako	2005	1	4	4	16.2	29.7	20.4	-999.9	0.0	2.2	97006.2	-999.9
Bamako	2005	1	5	5	17.5	31.6	20.2	-999.9	0.0	2.1	97001.5	-999.9
Bamako	2005	1	6	6	19.5	32.8	20.1	-999.9	0.0	2.6	96975.1	-999.9
Bamako	2005	1	7	7	20.6	31.6	20.2	-999.9	0.0	3.0	96997.7	-999.9
Bamako	2005	1	8	8	18.9	29.8	20.5	-999.9	0.0	2.9	96998.9	-999.9
Bamako	2005	1	9	9	16.8	29.6	20.8	-999.9	0.0	2.5	96886.3	-999.9
Bamako	2005	1	10	10	17.4	30.4	20.6	-999.9	0.0	2.5	96976.5	-999.9
Bamako	2005	1	11	11	17.7	29.8	20.1	-999.9	0.0	2.5	97060.1	-999.9
Bamako	2005	1	12	12	18.0	29.3	19.4	-999.9	0.0	2.4	97111.2	-999.9
Bamako	2005	1	13	13	18.0	30.2	20.2	-999.9	0.0	2.4	97015.5	-999.9
Bamako	2005	1	14	14	17.8	30.2	20.7	-999.9	0.0	2.4	96888.5	-999.9
Bamako	2005	1	15	15	18.0	31.4	20.5	-999.9	0.0	2.0	96735.1	-999.9
Bamako	2005	1	16	16	17.9	32.6	20.6	-999.9	0.0	1.8	96555.8	-999.9
Bamako	2005	1	17	17	19.8	33.5	20.2	-999.9	0.0	2.6	96638.1	-999.9
Bamako	2005	1	18	18	20.2	32.1	20.6	-999.9	0.0	3.1	96894.1	-999.9
Bamako	2005	1	19	19	19.2	31.2	20.4	-999.9	0.0	2.6	96848.9	-999.9
Bamako	2005	1	20	20	18.5	31.0	20.9	-999.9	0.0	2.4	96852.1	-999.9
Bamako	2005	1	21	21	17.8	29.5	18.4	-999.9	0.0	2.1	96875.9	-999.9
Bamako	2005	1	22	22	17.9	31.4	20.4	-999.9	0.0	1.7	96775.4	-999.9
Bamako	2005	1	23	23	17.6	33.6	21.0	-999.9	0.0	1.6	96727.9	-999.9
Bamako	2005	1	24	24	17.7	35.1	21.2	-999.9	0.0	1.7	96670.3	-999.9
Bamako	2005	1	25	25	22.2	35.0	20.0	-999.9	0.0	1.7	96720.8	-999.9
Bamako	2005	1	26	26	20.7	34.5	20.5	-999.9	0.0	1.7	96763.4	-999.9
Bamako	2005	1	27	27	19.6	33.5	21.1	-999.9	0.0	1.3	96672.2	-999.9
Bamako	2005	1	28	28	20.4	33.6	21.2	-999.9	0.0	1.5	96625.5	-999.9
Bamako	2005	1	29	29	20.1	32.7	21.2	-999.9	0.0	2.2	96628.9	-999.9
Bamako	2005	1	30	30	20.3	32.8	19.8	-999.9	0.0	1.9	96672.9	-999.9
Bamako	2005	1	31	31	21.6	32.6	19.6	-999.9	0.0	1.9	96740.6	-999.9
Bamako	2005	2	1	32	21.5	34.9	21.0	-999.9	0.0	2.2	96630.0	-999.9
Bamako	2005	2	2	33	22.3	36.1	21.1	-999.9	0.0	2.2	96560.5	-999.9
Bamako	2005	2	3	34	22.2	34.9	21.5	-999.9	0.0	2.9	96634.8	-999.9
Bamako	2005	2	4	35	20.0	33.2	21.6	-999.9	0.0	2.3	96762.5	-999.9
Bamako	2005	2	5	36	19.6	32.8	20.8	-999.9	0.0	2.1	96712.6	-999.9
Bamako	2005	2	6	37	20.5	33.1	20.2	-999.9	0.0	2.0	96700.8	-999.9
Bamako	2005	2	7	38	20.0	33.2	20.9	-999.9	0.0	2.0	96740.7	-999.9
Bamako	2005	2	8	39	19.7	31.2	21.8	-999.9	0.0	2.7	96811.1	-999.9
Bamako	2005	2	9	40	18.9	31.7	21.9	-999.9	0.0	2.5	96726.5	-999.9
Bamako	2005	2	10	41	20.7	33.8	20.7	-999.9	0.0	2.4	96653.6	-999.9
Bamako	2005	2	11	42	24.7	34.5	17.4	-999.9	0.0	2.8	96652.8	-999.9
Bamako	2005	2	12	43	24.4	36.6	21.4	-999.9	0.0	3.4	96654.3	-999.9
Bamako	2005	2	13	44	24.7	36.2	22.1	-999.9	0.0	3.0	96549.0	-999.9
Bamako	2005	2	14	45	23.0	35.2	20.4	-999.9	0.0	2.3	96507.1	-999.9
Bamako	2005	2	15	46	24.1	36.4	21.3	-999.9	0.0	2.4	96513.9	-999.9
Bamako	2005	2	16	47	24.7	37.2	21.3	-999.9	0.0	2.1	96463.1	-999.9
Bamako	2005	2	17	48	23.8	37.7	22.5	-999.9	0.0	1.6	96468.6	-999.9
Bamako	2005	2	18	49	22.8	37.1	21.8	-999.9	0.0	1.7	96406.1	-999.9
Bamako	2005	2	19	50	22.6	36.8	22.2	-999.9	0.0	2.1	96496.0	-999.9
Bamako	2005	2	20	51	22.9	35.8	21.5	-999.9	0.0	2.1	96535.2	-999.9
Bamako	2005	2	21	52	23.6	33.1	22.2	-999.9	0.0	2.9	96717.7	-999.9
Bamako	2005	2	22	53	24.2	35.5	22.0	-999.9	0.0	2.2	96657.0	-999.9
Bamako	2005	2	23	54	24.2	37.5	22.5	-999.9	0.0	2.1	96606.8	-999.9
Bamako	2005	2	24	55	26.8	36.2	22.4	-999.9	0.0	3.3	96677.1	-999.9
Bamako	2005	2	25	56	25.1	34.5	22.3	-999.9	0.0	2.7	96757.4	-999.9
Bamako	2005	2	26	57	25.6	36.1	22.5	-999.9	0.0	3.0	96708.4	-999.9
Bamako	2005	2	27	58	25.0	36.0	21.6	-999.9	0.2	2.2	96742.4	-999.9
Bamako	2005	2	28	59	26.5	31.4	11.2	-999.9	0.0	2.5	96745.8	-999.9
Bamako	2005	3	1	60	23.7	37.1	21.6	-999.9	0.0	1.4	96559.8	-999.9
Bamako	2005	3	2	61	25.4	35.8	20.8	-999.9	3.3	2.1	96600.1	-999.9
Bamako	2005	3	3	62	25.2	35.0	19.7	-999.9	0.0	1.5	96875.6	-999.9
Bamako	2005	3	4	63	25.8	34.2	19.3	-999.9	0.0	1.7	96951.6	-999.9
Bamako	2005	3	5	64	25.7	35.7	19.5	-999.9	0.0	1.1	96814.8	-999.9
Bamako	2005	3	6	65	25.3	36.1	21.8	-999.9	0.0	1.5	96728.8	-999.9
Bamako	2005	3	7	66	25.8	36.5	21.3	-999.9	0.0	1.9	96598.8	-999.9
Bamako	2005	3	8	67	27.6	37.9	21.8	-999.9	0.0	2.4	96514.8	-999.9
Bamako	2005	3	9	68	26.6	37.9	23.8	-999.9	0.0	2.6	96566.5	-999.9
Bamako	2005	3	10	69	26.0	37.3	23.9	-999.9	0.0	2.5	96644.7	-999.9
Bamako	2005	3	11	70	24.8	36.9	24.2	-999.9	0.0	2.0	96659.5	-999.9
Bamako	2005	3	12	71	23.5	37.8	24.3	-999.9	0.0	1.7	96528.7	-999.9
Bamako	2005	3	13	72	24.3	37.9	24.3	-999.9	0.0	1.8	96408.9	-999.9
Bamako	2005	3	14	73	23.1	38.5	24.1	-999.9	0.0	1.3	96455.3	-999.9
Bamako	2005	3	15	74	25.9	37.0	21.1	-999.9	0.0	1.4	96557.8	-999.9
Bamako	2005	3	16	75	26.3	38.3	24.1	-999.9	0.0	2.3	96556.0	-999.9
Bamako	2005	3	17	76	27.0	38.9	24.6	-999.9	0.0	2.3	96519.7	-999.9
Bamako	2005	3	18	77	23.7	38.5	25.0	-999.9	0.0	2.2	96571.7	-999.9
Bamako	2005	3	19	78	25.3	38.3	25.4	-999.9	0.0	2.6	96619.5	-999.9
Bamako	2005	3	20	79	23.9	36.9	25.4	-999.9	0.0	2.0	96661.2	-999.9
Bamako	2005	3	21	80	22.3	36.6	25.8	-999.9	0.0	1.8	96596.4	-999.9
Bamako	2005	3	22	81	22.0	36.6	25.8	-999.9	0.0	1.5	96601.9	-999.9
Bamako	2005	3	23	82	22.4	37.2	25.8	-999.9	0.0	1.8	96667.9	-999.9
Bamako	2005	3	24	83	21.8	37.8	25.8	-999.9	0.0	1.9	96690.5	-999.9
Bamako	2005	3	25	84	22.4	38.3	25.7	-999.9	0.0	2.1	96628.6	-999.9
Bamako	2005	3	26	85	25.2	38.7	24.9	-999.9	0.0	2.2	96556.9	-999.9
Bamako	2005	3	27	86	23.0	38.4	24.0	-999.9	0.0	1.9	96541.5	-999.9
Bamako	2005	3	28	87	27.2	37.4	21.1	-999.9	0.0	1.9	96627.5	-999.9
Bamako	2005	3	29	88	28.3	38.1	20.4	-999.9	0.0	1.9	96554.4	-999.9
Bamako	2005	3	30	89	25.4	39.4	25.8	-999.9	0.0	2.3	96532.7	-999.9
Bamako	2005	3	31	90	22.8	39.0	26.4	-999.9	0.0	2.1	96513.0	-999.9
Bamako	2005	4	1	91	23.1	39.0	26.2	-999.9	0.0	1.7	96491.3	-999.9
Bamako	2005	4	2	92	26.4	37.6	22.8	-999.9	0.0	1.7	96601.2	-999.9
Bamako	2005	4	3	93	26.6	37.9	22.1	-999.9	0.0	1.6	96682.2	-999.9
Bamako	2005	4	4	94	28.1	39.2	23.3	-999.9	0.0	1.9	96703.5	-999.9
Bamako	2005	4	5	95	27.1	39.5	21.9	-999.9	0.0	1.9	96650.8	-999.9
Bamako	2005	4	6	96	26.1	40.7	25.9	-999.9	0.0	2.1	96583.6	-999.9
Bamako	2005	4	7	97	22.9	39.8	26.3	-999.9	0.0	2.4	96484.8	-999.9
Bamako	2005	4	8	98	23.0	39.5	26.1	-999.9	0.0	1.8	96432.5	-999.9
Bamako	2005	4	9	99	22.5	39.6	26.2	-999.9	0.0	1.8	96330.4	-999.9
Bamako	2005	4	10	100	23.3	39.4	25.7	-999.9	0.0	1.8	96319.2	-999.9
Bamako	2005	4	11	101	22.4	39.7	25.7	-999.9	0.0	1.6	96353.7	-999.9
Bamako	2005	4	12	102	25.5	37.9	21.7	-999.9	0.0	1.8	96391.8	-999.9
Bamako	2005	4	13	103	26.8	35.1	16.4	-999.9	0.0	1.7	96527.5	-999.9
Bamako	2005	4	14	104	27.1	38.3	21.5	-999.9	5.9	1.4	96450.1	-999.9
Bamako	2005	4	15	105	28.0	39.9	23.2	-999.9	5.9	2.0	96455.6	-999.9
Bamako	2005	4	16	106	27.8	40.0	24.8	-999.9	0.0	2.1	96503.4	-999.9
Bamako	2005	4	17	107	25.5	40.1	25.5	-999.9	0.0	1.9	96419.8	-999.9
Bamako	2005	4	18	108	24.6	39.4	26.0	-999.9	0.0	2.0	96385.1	-999.9
Bamako	2005	4	19	109	25.1	37.9	23.3	-999.9	0.0	1.5	96455.1	-999.9
Bamako	2005	4	20	110	24.6	39.2	25.5	-999.9	0.0	1.6	96452.8	-999.9
Bamako	2005	4	21	111	25.1	38.8	25.0	-999.9	0.0	1.4	96433.3	-999.9
Bamako	2005	4	22	112	27.4	38.5	22.9	-999.9	0.0	1.6	96331.0	-999.9
Bamako	2005	4	23	113	28.3	39.3	23.0	-999.9	0.0	2.6	96323.5	-999.9
Bamako	2005	4	24	114	28.2	37.3	22.0	-999.9	0.0	2.4	96519.4	-999.9
Bamako	2005	4	25	115	28.4	37.4	20.0	-999.9	0.0	1.8	96553.4	-999.9
Bamako	2005	4	26	116	27.7	38.4	19.9	-999.9	0.0	2.0	96541.3	-999.9
Bamako	2005	4	27	117	28.8	38.7	22.8	-999.9	0.0	2.1	96585.4	-999.9
Bamako	2005	4	28	118	28.8	40.0	24.0	-999.9	0.0	2.2	96596.9	-999.9
Bamako	2005	4	29	119	28.1	39.0	23.9	-999.9	0.0	2.2	96588.4	-999.9
Bamako	2005	4	30	120	27.8	39.4	22.5	-999.9	0.0	1.9	96471.7	-999.9
Bamako	2005	5	1	121	27.6	40.1	25.1	-999.9	0.0	2.4	96398.2	-999.9
Bamako	2005	5	2	122	25.7	39.4	24.9	-999.9	0.0	2.2	96499.3	-999.9
Bamako	2005	5	3	123	24.6	38.4	24.7	-999.9	0.0	2.3	96591.8	-999.9
Bamako	2005	5	4	124	27.8	37.5	23.0	-999.9	0.0	2.4	96633.9	-999.9
Bamako	2005	5	5	125	27.0	38.1	23.6	-999.9	0.0	2.6	96630.5	-999.9
Bamako	2005	5	6	126	27.6	36.9	21.9	-999.9	0.0	2.3	96671.5	-999.9
Bamako	2005	5	7	127	25.5	35.5	23.2	-999.9	0.0	2.4	96740.9	-999.9
Bamako	2005	5	8	128	26.2	36.8	24.0	-999.9	0.0	1.7	96736.8	-999.9
Bamako	2005	5	9	129	25.0	36.5	24.9	-999.9	0.0	1.7	96692.1	-999.9
Bamako	2005	5	10	130	25.0	33.1	19.8	-999.9	0.0	2.0	96761.2	-999.9
Bamako	2005	5	11	131	26.0	36.6	24.1	-999.9	0.0	1.6	96779.2	-999.9
Bamako	2005	5	12	132	26.3	38.0	22.9	-999.9	5.0	2.1	96683.5	-999.9
Bamako	2005	5	13	133	25.9	38.9	22.6	-999.9	0.0	2.3	96664.2	-999.9
Bamako	2005	5	14	134	26.1	38.0	24.1	-999.9	0.0	2.5	96500.1	-999.9
Bamako	2005	5	15	135	27.6	38.0	22.7	-999.9	5.0	1.8	96429.8	-999.9
Bamako	2005	5	16	136	27.8	37.1	22.6	-999.9	6.2	1.8	96400.2	-999.9
Bamako	2005	5	17	137	25.6	33.2	19.0	-999.9	4.1	1.9	96455.8	-999.9
Bamako	2005	5	18	138	25.9	33.0	20.5	-999.9	4.1	1.6	96544.1	-999.9
Bamako	2005	5	19	139	26.0	35.0	20.9	-999.9	0.0	1.6	96506.6	-999.9
Bamako	2005	5	20	140	26.1	37.8	23.3	-999.9	0.0	2.0	96432.8	-999.9
Bamako	2005	5	21	141	26.4	38.4	23.7	-999.9	1.5	2.3	96467.8	-999.9
Bamako	2005	5	22	142	26.0	37.0	23.8	-999.9	0.0	1.9	96504.9	-999.9
Bamako	2005	5	23	143	26.0	38.0	24.5	-999.9	1.5	1.8	96582.9	-999.9
Bamako	2005	5	24	144	26.7	37.5	20.9	-999.9	0.0	1.8	96607.3	-999.9
Bamako	2005	5	25	145	26.3	38.5	24.3	-999.9	1.5	1.9	96633.5	-999.9
Bamako	2005	5	26	146	25.8	37.6	23.4	-999.9	2.7	1.8	96686.7	-999.9
Bamako	2005	5	27	147	27.1	35.4	20.3	-999.9	0.0	2.4	96691.2	-999.9
Bamako	2005	5	28	148	25.5	37.2	24.6	-999.9	0.0	2.1	96636.2	-999.9
Bamako	2005	5	29	149	25.6	37.8	23.9	-999.9	0.0	2.3	96609.5	-999.9
Bamako	2005	5	30	150	26.9	38.2	23.3	-999.9	1.3	2.5	96673.9	-999.9
Bamako	2005	5	31	151	25.8	36.6	23.6	-999.9	0.0	2.6	96688.2	-999.9
Bamako	2005	6	1	152	27.1	34.6	21.5	-999.9	3.3	1.8	96685.5	-999.9
Bamako	2005	6	2	153	26.6	37.0	22.9	-999.9	6.7	1.6	96578.3	-999.9
Bamako	2005	6	3	154	24.7	31.5	18.0	-999.9	16.6	1.5	96671.3	-999.9
Bamako	2005	6	4	155	23.4	31.0	21.8	-999.9	3.3	1.8	96811.8	-999.9
Bamako	2005	6	5	156	23.3	30.2	19.0	-999.9	10.0	1.4	96905.2	-999.9
Bamako	2005	6	6	157	24.2	33.6	23.8	-999.9	0.0	1.6	96803.4	-999.9
Bamako	2005	6	7	158	25.9	35.3	24.1	-999.9	0.0	2.3	96566.5	-999.9
Bamako	2005	6	8	159	26.7	36.6	24.0	-999.9	0.0	3.0	96483.9	-999.9
Bamako	2005	6	9	160	24.3	33.6	21.2	-999.9	8.0	3.0	96681.3	-999.9
Bamako	2005	6	10	161	25.5	34.8	22.9	-999.9	15.9	2.2	96829.6	-999.9
Bamako	2005	6	11	162	25.0	36.2	24.4	-999.9	4.5	1.3	96836.7	-999.9
Bamako	2005	6	12	163	26.3	35.8	22.1	-999.9	4.5	1.8	96788.0	-999.9
Bamako	2005	6	13	164	25.2	34.1	20.8	-999.9	9.0	2.1	96685.2	-999.9
Bamako	2005	6	14	165	24.5	32.4	20.5	-999.9	0.0	1.9	96834.9	-999.9
Bamako	2005	6	15	166	24.6	31.7	17.5	-999.9	4.5	1.3	96980.2	-999.9
Bamako	2005	6	16	167	23.2	31.7	21.4	-999.9	0.0	1.4	96944.8	-999.9
Bamako	2005	6	17	168	25.9	34.0	21.8	-999.9	0.0	2.5	96805.3	-999.9
Bamako	2005	6	18	169	25.5	35.0	24.4	-999.9	0.0	2.6	96690.6	-999.9
Bamako	2005	6	19	170	25.9	33.6	22.9	-999.9	11.2	2.2	96721.7	-999.9
Bamako	2005	6	20	171	23.8	32.0	18.3	-999.9	5.6	2.4	96802.5	-999.9
Bamako	2005	6	21	172	24.7	32.1	19.3	-999.9	12.5	1.9	96847.3	-999.9
Bamako	2005	6	22	173	24.2	33.3	22.4	-999.9	0.0	1.2	96845.5	-999.9
Bamako	2005	6	23	174	24.3	35.2	23.7	-999.9	4.2	1.0	96775.2	-999.9
Bamako	2005	6	24	175	25.0	34.6	23.7	-999.9	8.3	2.1	96655.9	-999.9
Bamako	2005	6	25	176	23.9	34.5	22.1	-999.9	12.5	3.1	96666.7	-999.9
Bamako	2005	6	26	177	24.2	32.8	22.3	-999.9	0.0	1.3	96877.7	-999.9
Bamako	2005	6	27	178	24.7	32.4	20.8	-999.9	8.4	1.6	96921.2	-999.9
Bamako	2005	6	28	179	23.6	31.9	21.6	-999.9	0.0	1.5	96904.7	-999.9
Bamako	2005	6	29	180	23.7	33.5	24.1	-999.9	0.0	1.6	96846.0	-999.9
Bamako	2005	6	30	181	24.8	32.4	20.2	-999.9	8.4	1.8	96831.5	-999.9
Bamako	2005	7	1	182	24.0	31.0	18.2	-999.9	0.0	1.7	96800.0	-999.9
Bamako	2005	7	2	183	22.8	29.3	15.2	-999.9	4.8	1.7	96862.5	-999.9
Bamako	2005	7	3	184	23.2	29.9	19.5	-999.9	0.0	1.9	96988.4	-999.9
Bamako	2005	7	4	185	22.8	29.6	18.6	-999.9	4.8	1.4	96987.7	-999.9
Bamako	2005	7	5	186	23.6	31.3	22.0	-999.9	4.8	1.3	96898.7	-999.9
Bamako	2005	7	6	187	23.7	30.4	19.4	-999.9	0.0	2.4	96859.3	-999.9
Bamako	2005	7	7	188	23.3	30.0	17.5	-999.9	0.0	2.2	97029.7	-999.9
Bamako	2005	7	8	189	23.5	30.6	19.5	-999.9	10.5	1.5	96958.1	-999.9
Bamako	2005	7	9	190	22.8	27.8	12.7	-999.9	52.5	1.3	96964.2	-999.9
Bamako	2005	7	10	191	22.3	28.9	19.5	-999.9	0.0	2.1	97008.3	-999.9
Bamako	2005	7	11	192	23.0	28.2	13.9	-999.9	7.3	2.0	97119.8	-999.9
Bamako	2005	7	12	193	22.5	29.5	16.6	-999.9	21.8	1.7	97042.0	-999.9
Bamako	2005	7	13	194	21.5	30.7	22.5	-999.9	0.0	1.6	96844.0	-999.9
Bamako	2005	7	14	195	23.1	30.2	21.5	-999.9	14.5	1.6	96852.4	-999.9
Bamako	2005	7	15	196	23.0	28.7	14.4	-999.9	0.0	1.3	97061.1	-999.9
Bamako	2005	7	16	197	22.7	30.0	21.3	-999.9	0.0	1.2	97188.8	-999.9
Bamako	2005	7	17	198	24.1	31.2	22.9	-999.9	0.0	1.9	96905.7	-999.9
Bamako	2005	7	18	199	23.8	31.6	20.0	-999.9	12.0	2.2	96600.2	-999.9
Bamako	2005	7	19	200	23.1	29.1	17.9	-999.9	12.0	1.5	96845.7	-999.9
Bamako	2005	7	20	201	22.9	29.2	19.0	-999.9	6.0	0.9	97019.4	-999.9
Bamako	2005	7	21	202	22.3	29.4	19.7	-999.9	3.9	1.2	96978.9	-999.9
Bamako	2005	7	22	203	23.4	30.1	21.3	-999.9	0.0	1.4	96952.0	-999.9
Bamako	2005	7	23	204	23.4	30.9	22.1	-999.9	0.0	1.2	96940.7	-999.9
Bamako	2005	7	24	205	24.0	31.7	23.2	-999.9	3.9	1.2	97016.2	-999.9
Bamako	2005	7	25	206	23.1	31.4	21.3	-999.9	15.8	1.5	97030.7	-999.9
Bamako	2005	7	26	207	23.7	30.5	19.6	-999.9	6.9	1.7	97007.7	-999.9
Bamako	2005	7	27	208	23.8	31.5	22.9	-999.9	0.0	2.0	97020.8	-999.9
Bamako	2005	7	28	209	24.1	32.5	23.7	-999.9	0.0	2.7	96907.9	-999.9
Bamako	2005	7	29	210	24.2	30.9	17.6	-999.9	6.9	2.7	96816.9	-999.9
Bamako	2005	7	30	211	23.8	31.3	20.4	-999.9	6.9	2.1	96769.2	-999.9
Bamako	2005	7	31	212	23.7	31.2	22.0	-999.9	6.9	1.8	96844.1	-999.9
Bamako	2005	8	1	213	23.5	28.1	10.6	-999.9	13.5	1.4	96906.9	-999.9
Bamako	2005	8	2	214	22.4	29.5	19.3	-999.9	0.0	1.2	96867.2	-999.9
Bamako	2005	8	3	215	22.5	29.1	15.9	-999.9	27.0	1.2	96892.4	-999.9
Bamako	2005	8	4	216	23.0	29.3	18.0	-999.9	0.0	1.4	96934.8	-999.9
Bamako	2005	8	5	217	23.2	31.3	22.5	-999.9	13.5	1.4	96948.8	-999.9
Bamako	2005	8	6	218	23.4	30.5	19.9	-999.9	0.0	1.8	96884.5	-999.9
Bamako	2005	8	7	219	24.1	31.0	22.0	-999.9	0.0	1.7	96865.9	-999.9
Bamako	2005	8	8	220	24.3	30.7	20.0	-999.9	27.8	1.7	96825.7	-999.9
Bamako	2005	8	9	221	23.2	27.1	11.6	-999.9	13.9	1.5	96982.8	-999.9
Bamako	2005	8	10	222	22.6	28.7	16.8	-999.9	13.9	1.3	97049.5	-999.9
Bamako	2005	8	11	223	22.3	29.6	19.4	-999.9	20.5	1.4	96914.6	-999.9
Bamako	2005	8	12	224	22.4	28.6	15.6	-999.9	20.5	1.7	96814.5	-999.9
Bamako	2005	8	13	225	23.2	29.0	19.9	-999.9	10.3	1.7	96758.4	-999.9
Bamako	2005	8	14	226	22.3	29.3	21.1	-999.9	10.3	1.5	96860.9	-999.9
Bamako	2005	8	15	227	22.7	27.8	15.7	-999.9	0.0	2.5	96932.5	-999.9
Bamako	2005	8	16	228	22.9	28.9	21.1	-999.9	18.1	2.3	96961.7	-999.9
Bamako	2005	8	17	229	22.8	29.1	19.4	-999.9	0.0	1.7	96915.8	-999.9
Bamako	2005	8	18	230	22.4	27.3	13.7	-999.9	72.2	1.8	96849.2	-999.9
Bamako	2005	8	19	231	22.5	27.5	15.2	-999.9	0.0	1.5	96894.6	-999.9
Bamako	2005	8	20	232	21.9	28.8	19.9	-999.9	0.0	1.2	97021.6	-999.9
Bamako	2005	8	21	233	22.7	29.9	20.6	-999.9	0.0	1.3	96937.4	-999.9
Bamako	2005	8	22	234	23.0	30.0	20.7	-999.9	28.7	1.4	96906.2	-999.9
Bamako	2005	8	23	235	21.6	30.1	22.7	-999.9	28.7	1.0	96934.8	-999.9
Bamako	2005	8	24	236	23.0	29.8	18.5	-999.9	0.0	1.4	96926.2	-999.9
Bamako	2005	8	25	237	22.4	31.0	24.9	-999.9	0.0	1.4	96943.7	-999.9
Bamako	2005	8	26	238	24.1	30.9	22.1	-999.9	14.8	1.4	96891.9	-999.9
Bamako	2005	8	27	239	23.3	28.0	12.8	-999.9	14.8	1.1	96791.7	-999.9
Bamako	2005	8	28	240	22.4	29.1	18.0	-999.9	29.7	1.3	96799.0	-999.9
Bamako	2005	8	29	241	22.1	30.6	20.8	-999.9	14.8	1.3	96738.4	-999.9
Bamako	2005	8	30	242	23.2	28.6	17.6	-999.9	0.0	1.5	96775.6	-999.9
Bamako	2005	8	31	243	22.6	27.3	15.9	-999.9	0.0	1.6	96808.8	-999.9
Bamako	2005	9	1	244	21.7	29.5	23.3	-999.9	0.0	1.7	96714.4	-999.9
Bamako	2005	9	2	245	22.8	29.8	15.8	-999.9	22.2	1.4	96701.0	-999.9
Bamako	2005	9	3	246	22.2	27.7	18.7	-999.9	11.1	2.1	96800.1	-999.9
Bamako	2005	9	4	247	21.6	28.8	20.3	-999.9	11.1	1.2	97022.9	-999.9
Bamako	2005	9	5	248	21.9	30.3	23.9	-999.9	0.0	1.9	96910.8	-999.9
Bamako	2005	9	6	249	23.2	29.2	14.0	-999.9	16.6	1.8	96766.4	-999.9
Bamako	2005	9	7	250	21.5	28.0	16.4	-999.9	5.5	2.0	96934.2	-999.9
Bamako	2005	9	8	251	21.6	29.3	22.0	-999.9	5.5	1.6	97121.3	-999.9
Bamako	2005	9	9	252	22.9	30.4	21.4	-999.9	11.1	1.2	97122.9	-999.9
Bamako	2005	9	10	253	23.5	29.3	15.8	-999.9	0.0	1.9	96997.3	-999.9
Bamako	2005	9	11	254	24.2	32.4	21.7	-999.9	0.0	2.2	96726.8	-999.9
Bamako	2005	9	12	255	24.0	30.8	18.9	-999.9	16.0	1.8	96682.2	-999.9
Bamako	2005	9	13	256	23.1	29.0	17.1	-999.9	8.0	1.5	96847.6	-999.9
Bamako	2005	9	14	257	21.7	30.3	22.3	-999.9	8.0	1.3	96982.0	-999.9
Bamako	2005	9	15	258	23.4	32.3	22.8	-999.9	0.0	1.0	96990.7	-999.9
Bamako	2005	9	16	259	23.7	32.0	22.6	-999.9	0.0	1.1	96848.7	-999.9
Bamako	2005	9	17	260	23.7	32.1	22.8	-999.9	0.0	1.2	96812.1	-999.9
Bamako	2005	9	18	261	22.9	32.5	23.5	-999.9	0.0	1.5	96959.7	-999.9
Bamako	2005	9	19	262	23.5	33.2	23.5	-999.9	0.0	2.3	96940.4	-999.9
Bamako	2005	9	20	263	24.8	32.8	21.2	-999.9	0.0	2.2	96658.4	-999.9
Bamako	2005	9	21	264	23.4	32.2	22.0	-999.9	0.0	2.1	96688.4	-999.9
Bamako	2005	9	22	265	22.6	32.1	22.2	-999.9	0.0	1.5	96782.7	-999.9
Bamako	2005	9	23	266	23.7	33.4	22.5	-999.9	0.0	1.3	96826.7	-999.9
Bamako	2005	9	24	267	23.9	31.4	19.8	-999.9	6.7	0.9	96786.6	-999.9
Bamako	2005	9	25	268	23.0	28.3	11.3	-999.9	26.9	1.1	96764.6	-999.9
Bamako	2005	9	26	269	22.3	25.5	10.2	-999.9	13.6	2.3	96839.2	-999.9
Bamako	2005	9	27	270	22.2	26.7	13.8	-999.9	0.0	1.5	96967.6	-999.9
Bamako	2005	9	28	271	22.6	29.0	18.8	-999.9	0.0	1.1	96939.4	-999.9
Bamako	2005	9	29	272	21.8	30.3	21.9	-999.9	0.0	1.0	96903.2	-999.9
Bamako	2005	9	30	273	23.3	32.1	22.6	-999.9	0.0	1.3	96831.1	-999.9
Bamako	2005	10	1	274	23.9	32.3	21.6	-999.9	16.3	1.7	96778.1	-999.9
Bamako	2005	10	2	275	22.5	31.6	23.1	-999.9	0.0	1.5	96778.2	-999.9
Bamako	2005	10	3	276	23.1	31.6	23.9	-999.9	0.0	1.7	96715.7	-999.9
Bamako	2005	10	4	277	23.2	28.6	17.8	-999.9	16.3	1.8	96817.1	-999.9
Bamako	2005	10	5	278	22.4	29.2	19.5	-999.9	0.0	1.8	96987.7	-999.9
Bamako	2005	10	6	279	21.2	31.4	23.6	-999.9	0.0	1.1	96986.7	-999.9
Bamako	2005	10	7	280	23.9	33.7	23.1	-999.9	0.0	2.0	96783.9	-999.9
Bamako	2005	10	8	281	22.7	32.0	22.0	-999.9	0.0	1.5	96859.6	-999.9
Bamako	2005	10	9	282	22.6	31.9	23.2	-999.9	0.0	1.3	96932.4	-999.9
Bamako	2005	10	10	283	22.4	33.7	22.6	-999.9	7.1	1.5	96784.8	-999.9
Bamako	2005	10	11	284	23.7	32.2	21.9	-999.9	0.0	1.6	96855.4	-999.9
Bamako	2005	10	12	285	23.9	33.0	22.9	-999.9	0.0	1.1	96863.5	-999.9
Bamako	2005	10	13	286	23.5	33.0	21.9	-999.9	0.0	1.7	96822.3	-999.9
Bamako	2005	10	14	287	24.2	34.2	22.8	-999.9	0.0	1.7	96748.9	-999.9
Bamako	2005	10	15	288	24.2	33.9	23.0	-999.9	0.0	1.3	96798.8	-999.9
Bamako	2005	10	16	289	24.4	34.1	21.3	-999.9	0.0	0.9	96755.6	-999.9
Bamako	2005	10	17	290	23.5	34.5	22.5	-999.9	18.8	1.3	96714.5	-999.9
Bamako	2005	10	18	291	23.6	34.4	21.3	-999.9	0.0	1.3	96711.5	-999.9
Bamako	2005	10	19	292	23.5	33.8	22.0	-999.9	0.0	1.4	96888.7	-999.9
Bamako	2005	10	20	293	24.1	34.3	21.3	-999.9	0.0	1.7	96866.8	-999.9
Bamako	2005	10	21	294	22.7	34.8	21.2	-999.9	0.0	1.6	96653.5	-999.9
Bamako	2005	10	22	295	24.4	34.6	20.7	-999.9	0.0	1.6	96633.7	-999.9
Bamako	2005	10	23	296	24.5	33.3	19.8	-999.9	10.9	1.4	96762.4	-999.9
Bamako	2005	10	24	297	23.7	33.0	19.6	-999.9	0.0	1.4	96847.9	-999.9
Bamako	2005	10	25	298	23.2	34.3	21.0	-999.9	0.0	1.7	96771.8	-999.9
Bamako	2005	10	26	299	21.7	34.9	22.8	-999.9	0.0	1.8	96691.7	-999.9
Bamako	2005	10	27	300	20.6	34.7	22.5	-999.9	0.0	1.5	96739.4	-999.9
Bamako	2005	10	28	301	21.3	34.1	22.0	-999.9	0.0	1.3	96839.6	-999.9
Bamako	2005	10	29	302	21.7	34.2	21.9	-999.9	0.0	1.4	96914.1	-999.9
Bamako	2005	10	30	303	22.7	34.7	21.3	-999.9	0.0	1.6	96931.0	-999.9
Bamako	2005	10	31	304	20.3	34.9	22.6	-999.9	0.0	1.6	96897.3	-999.9
Bamako	2005	11	1	305	20.6	34.7	22.0	-999.9	0.0	1.5	96937.7	-999.9
Bamako	2005	11	2	306	20.8	33.9	20.8	-999.9	0.0	1.5	96999.3	-999.9
Bamako	2005	11	3	307	21.2	34.3	20.7	-999.9	0.0	1.4	96956.0	-999.9
Bamako	2005	11	4	308	21.0	34.0	21.5	-999.9	0.0	1.7	96867.1	-999.9
Bamako	2005	11	5	309	20.2	34.2	20.8	-999.9	0.0	1.5	96784.0	-999.9
Bamako	2005	11	6	310	22.7	32.4	18.9	-999.9	0.0	1.9	96822.9	-999.9
Bamako	2005	11	7	311	22.3	34.5	20.7	-999.9	0.0	1.9	96838.3	-999.9
Bamako	2005	11	8	312	21.0	34.1	22.0	-999.9	0.0	2.6	96881.4	-999.9
Bamako	2005	11	9	313	21.5	33.7	22.1	-999.9	0.0	2.3	96865.7	-999.9
Bamako	2005	11	10	314	20.3	34.2	21.8	-999.9	0.0	2.2	96782.4	-999.9
Bamako	2005	11	11	315	20.6	34.4	21.7	-999.9	0.0	2.1	96705.0	-999.9
Bamako	2005	11	12	316	20.8	34.6	21.6	-999.9	0.0	2.2	96677.9	-999.9
Bamako	2005	11	13	317	19.7	34.3	21.6	-999.9	0.0	1.9	96654.3	-999.9
Bamako	2005	11	14	318	20.9	34.6	21.4	-999.9	0.0	1.7	96692.1	-999.9
Bamako	2005	11	15	319	21.6	34.4	21.7	-999.9	0.0	2.4	96723.6	-999.9
Bamako	2005	11	16	320	21.1	34.0	21.3	-999.9	0.0	2.5	96680.0	-999.9
Bamako	2005	11	17	321	20.7	34.3	21.2	-999.9	0.0	2.3	96636.9	-999.9
Bamako	2005	11	18	322	20.0	34.3	21.2	-999.9	0.0	1.9	96622.9	-999.9
Bamako	2005	11	19	323	21.2	34.4	20.8	-999.9	0.0	1.6	96627.3	-999.9
Bamako	2005	11	20	324	23.1	34.0	19.8	-999.9	0.0	1.6	96650.0	-999.9
Bamako	2005	11	21	325	22.7	35.0	20.9	-999.9	0.0	1.4	96619.7	-999.9
Bamako	2005	11	22	326	20.2	35.1	21.0	-999.9	0.0	1.5	96557.9	-999.9
Bamako	2005	11	23	327	23.2	35.2	20.6	-999.9	0.0	1.6	96583.4	-999.9
Bamako	2005	11	24	328	23.0	35.3	20.9	-999.9	0.0	1.4	96626.7	-999.9
Bamako	2005	11	25	329	19.6	35.4	20.9	-999.9	0.0	1.4	96543.3	-999.9
Bamako	2005	11	26	330	18.8	34.4	20.8	-999.9	0.0	1.4	96555.8	-999.9
Bamako	2005	11	27	331	19.5	33.6	19.8	-999.9	0.0	1.6	96600.8	-999.9
Bamako	2005	11	28	332	20.6	34.1	19.4	-999.9	0.0	1.9	96598.3	-999.9
Bamako	2005	11	29	333	21.1	34.4	20.4	-999.9	0.0	2.0	96694.6	-999.9
Bamako	2005	11	30	334	20.8	34.6	20.2	-999.9	0.0	1.2	96595.4	-999.9
Bamako	2005	12	1	335	21.4	33.4	20.4	-999.9	0.0	2.3	96552.7	-999.9
Bamako	2005	12	2	336	21.9	32.5	18.6	-999.9	0.0	2.3	96687.5	-999.9
Bamako	2005	12	3	337	21.2	33.7	20.2	-999.9	0.1	2.5	96715.2	-999.9
Bamako	2005	12	4	338	20.6	33.9	20.6	-999.9	0.0	2.5	96710.6	-999.9
Bamako	2005	12	5	339	20.5	33.7	20.6	-999.9	0.0	2.6	96593.3	-999.9
Bamako	2005	12	6	340	19.5	33.2	20.5	-999.9	0.0	2.3	96462.6	-999.9
Bamako	2005	12	7	341	19.7	33.7	20.2	-999.9	0.0	2.2	96525.8	-999.9
Bamako	2005	12	8	342	20.3	33.6	20.0	-999.9	0.0	1.7	96682.8	-999.9
Bamako	2005	12	9	343	21.0	33.6	20.0	-999.9	0.0	2.2	96732.1	-999.9
Bamako	2005	12	10	344	19.7	33.5	19.4	-999.9	0.0	2.0	96633.9	-999.9
Bamako	2005	12	11	345	20.0	33.6	20.0	-999.9	0.0	1.9	96677.0	-999.9
Bamako	2005	12	12	346	19.1	33.6	19.8	-999.9	0.0	2.0	96698.7	-999.9
Bamako	2005	12	13	347	20.1	32.6	19.7	-999.9	0.0	2.5	96717.9	-999.9
Bamako	2005	12	14	348	19.7	33.0	19.2	-999.9	0.0	2.1	96684.4	-999.9
Bamako	2005	12	15	349	19.2	32.7	19.9	-999.9	0.0	2.2	96712.7	-999.9
Bamako	2005	12	16	350	19.8	33.0	19.9	-999.9	0.0	2.3	96793.8	-999.9
Bamako	2005	12	17	351	20.1	32.9	20.0	-999.9	0.0	2.3	96870.6	-999.9
Bamako	2005	12	18	352	19.9	33.5	20.1	-999.9	0.0	2.7	96804.4	-999.9
Bamako	2005	12	19	353	21.4	32.6	20.0	-999.9	0.0	2.9	96829.3	-999.9
Bamako	2005	12	20	354	20.2	31.6	19.9	-999.9	0.0	2.6	96821.9	-999.9
Bamako	2005	12	21	355	19.0	31.6	19.8	-999.9	0.0	2.1	96779.0	-999.9
Bamako	2005	12	22	356	18.5	32.2	19.5	-999.9	0.0	2.2	96808.9	-999.9
Bamako	2005	12	23	357	19.5	32.4	20.0	-999.9	0.0	2.7	96944.9	-999.9
Bamako	2005	12	24	358	19.1	32.5	19.9	-999.9	0.0	2.6	96927.2	-999.9
Bamako	2005	12	25	359	20.0	31.6	19.2	-999.9	0.0	2.6	96922.7	-999.9
Bamako	2005	12	26	360	20.4	32.6	19.7	-999.9	0.0	2.6	96924.9	-999.9
Bamako	2005	12	27	361	20.3	32.3	19.8	-999.9	0.0	2.4	96860.8	-999.9
Bamako	2005	12	28	362	19.1	31.7	20.1	-999.9	0.0	2.3	96743.9	-999.9
Bamako	2005	12	29	363	18.2	32.3	19.5	-999.9	0.0	2.0	96757.0	-999.9
Bamako	2005	12	30	364	19.0	29.0	19.5	-999.9	0.0	2.9	96882.0	-999.9
Bamako	2005	12	31	365	17.0	28.2	19.9	-999.9	0.0	2.6	96902.5	-999.9
