Bamako	1989	1	1	1	17.4	28.4	20.2	-999.9	0.0	2.7	97105.0	-999.9
Bamako	1989	1	2	2	15.2	27.2	20.6	-999.9	0.0	2.6	97138.2	-999.9
Bamako	1989	1	3	3	14.2	26.7	20.7	-999.9	0.0	2.4	97252.1	-999.9
Bamako	1989	1	4	4	14.3	26.1	20.8	-999.9	0.0	3.0	97322.2	-999.9
Bamako	1989	1	5	5	13.8	25.6	20.8	-999.9	0.0	3.0	97333.6	-999.9
Bamako	1989	1	6	6	13.7	25.1	20.8	-999.9	0.0	3.1	97219.2	-999.9
Bamako	1989	1	7	7	13.3	26.0	20.5	-999.9	0.0	2.4	96979.7	-999.9
Bamako	1989	1	8	8	14.5	28.6	20.2	-999.9	0.0	2.1	96827.9	-999.9
Bamako	1989	1	9	9	16.1	30.6	20.2	-999.9	0.0	2.1	96901.7	-999.9
Bamako	1989	1	10	10	16.8	31.0	20.6	-999.9	0.0	2.3	96911.6	-999.9
Bamako	1989	1	11	11	16.5	31.6	20.9	-999.9	0.0	2.3	96843.8	-999.9
Bamako	1989	1	12	12	16.0	32.4	20.9	-999.9	0.0	2.2	96869.9	-999.9
Bamako	1989	1	13	13	15.6	33.7	21.0	-999.9	0.0	2.1	96929.5	-999.9
Bamako	1989	1	14	14	17.8	33.3	21.0	-999.9	0.0	2.1	97000.8	-999.9
Bamako	1989	1	15	15	18.1	32.4	21.0	-999.9	0.0	2.2	96960.0	-999.9
Bamako	1989	1	16	16	17.0	31.9	21.1	-999.9	0.0	2.2	96999.0	-999.9
Bamako	1989	1	17	17	16.5	32.2	21.1	-999.9	0.0	2.1	97007.4	-999.9
Bamako	1989	1	18	18	17.1	32.6	21.0	-999.9	0.0	2.0	96876.1	-999.9
Bamako	1989	1	19	19	17.0	34.0	21.0	-999.9	0.0	2.1	96768.5	-999.9
Bamako	1989	1	20	20	16.9	33.7	21.2	-999.9	0.0	2.2	96826.9	-999.9
Bamako	1989	1	21	21	17.7	33.3	21.4	-999.9	0.0	2.4	96877.2	-999.9
Bamako	1989	1	22	22	17.7	33.0	21.4	-999.9	0.0	2.4	96850.0	-999.9
Bamako	1989	1	23	23	17.3	31.4	21.5	-999.9	0.0	2.5	96843.6	-999.9
Bamako	1989	1	24	24	14.7	30.5	21.8	-999.9	0.0	2.2	96836.3	-999.9
Bamako	1989	1	25	25	16.7	32.7	21.2	-999.9	0.0	2.3	96829.9	-999.9
Bamako	1989	1	26	26	18.5	32.7	21.2	-999.9	0.0	2.5	96862.1	-999.9
Bamako	1989	1	27	27	17.0	32.6	21.7	-999.9	0.0	2.4	96882.4	-999.9
Bamako	1989	1	28	28	17.5	32.8	21.6	-999.9	0.0	2.4	96818.9	-999.9
Bamako	1989	1	29	29	18.2	32.3	21.7	-999.9	0.0	2.6	96806.8	-999.9
Bamako	1989	1	30	30	18.5	32.2	21.7	-999.9	0.0	2.6	96827.4	-999.9
Bamako	1989	1	31	31	18.2	33.1	21.6	-999.9	0.0	2.5	96879.7	-999.9
Bamako	1989	2	1	32	19.5	33.5	21.1	-999.9	0.0	2.7	96921.5	-999.9
Bamako	1989	2	2	33	19.9	32.7	21.7	-999.9	0.0	2.9	96923.7	-999.9
Bamako	1989	2	3	34	18.7	31.4	21.9	-999.9	0.0	2.7	96951.6	-999.9
Bamako	1989	2	4	35	17.5	30.7	21.9	-999.9	0.0	2.5	96998.0	-999.9
Bamako	1989	2	5	36	17.2	30.6	22.0	-999.9	0.0	2.4	96963.7	-999.9
Bamako	1989	2	6	37	16.9	31.5	22.0	-999.9	0.0	2.1	96814.9	-999.9
Bamako	1989	2	7	38	17.3	33.2	22.1	-999.9	0.0	2.1	96737.4	-999.9
Bamako	1989	2	8	39	17.8	34.0	22.2	-999.9	0.0	2.1	96814.3	-999.9
Bamako	1989	2	9	40	18.9	34.5	22.2	-999.9	0.0	2.1	96904.7	-999.9
Bamako	1989	2	10	41	20.3	33.9	22.1	-999.9	0.0	2.5	96934.6	-999.9
Bamako	1989	2	11	42	19.7	33.6	22.2	-999.9	0.0	2.4	96753.4	-999.9
Bamako	1989	2	12	43	19.5	34.9	22.2	-999.9	0.0	2.0	96555.1	-999.9
Bamako	1989	2	13	44	23.6	34.5	19.1	-999.9	0.0	1.7	96605.2	-999.9
Bamako	1989	2	14	45	23.7	35.0	21.1	-999.9	0.0	1.5	96728.2	-999.9
Bamako	1989	2	15	46	20.8	34.0	22.3	-999.9	0.0	2.6	96664.4	-999.9
Bamako	1989	2	16	47	20.2	34.0	22.6	-999.9	0.0	2.5	96587.7	-999.9
Bamako	1989	2	17	48	21.0	34.1	22.8	-999.9	0.0	2.8	96669.6	-999.9
Bamako	1989	2	18	49	19.9	34.5	22.9	-999.9	0.0	2.5	96774.3	-999.9
Bamako	1989	2	19	50	21.0	33.9	22.9	-999.9	0.0	2.7	96956.0	-999.9
Bamako	1989	2	20	51	19.8	32.3	23.2	-999.9	0.0	2.8	97060.2	-999.9
Bamako	1989	2	21	52	17.9	31.6	23.5	-999.9	0.0	2.4	96991.5	-999.9
Bamako	1989	2	22	53	16.9	32.3	23.7	-999.9	0.0	2.1	96910.4	-999.9
Bamako	1989	2	23	54	17.5	33.6	23.7	-999.9	0.0	2.0	96852.3	-999.9
Bamako	1989	2	24	55	18.7	34.2	23.4	-999.9	0.0	2.0	96822.2	-999.9
Bamako	1989	2	25	56	19.9	35.0	23.5	-999.9	0.1	2.3	96819.5	-999.9
Bamako	1989	2	26	57	20.4	35.6	23.1	-999.9	0.0	2.2	96858.5	-999.9
Bamako	1989	2	27	58	20.1	35.3	23.7	-999.9	0.0	2.2	96893.3	-999.9
Bamako	1989	2	28	59	20.6	35.9	23.7	-999.9	0.1	2.2	96701.2	-999.9
Bamako	1989	3	1	60	21.7	37.3	23.8	-999.9	0.0	2.4	96633.1	-999.9
Bamako	1989	3	2	61	23.4	37.7	24.0	-999.9	0.0	2.8	96630.5	-999.9
Bamako	1989	3	3	62	23.1	38.3	24.2	-999.9	0.0	2.7	96623.0	-999.9
Bamako	1989	3	4	63	22.8	37.8	24.4	-999.9	0.0	2.7	96475.6	-999.9
Bamako	1989	3	5	64	20.2	37.3	24.8	-999.9	0.0	2.2	96384.5	-999.9
Bamako	1989	3	6	65	20.4	37.6	24.8	-999.9	0.0	2.3	96357.4	-999.9
Bamako	1989	3	7	66	19.6	37.1	24.8	-999.9	0.0	2.2	96371.8	-999.9
Bamako	1989	3	8	67	21.5	36.6	24.8	-999.9	0.0	2.5	96442.0	-999.9
Bamako	1989	3	9	68	21.7	35.9	24.7	-999.9	0.0	2.0	96524.9	-999.9
Bamako	1989	3	10	69	20.6	36.9	24.7	-999.9	0.0	1.5	96456.9	-999.9
Bamako	1989	3	11	70	21.9	36.6	24.9	-999.9	0.0	1.5	96431.1	-999.9
Bamako	1989	3	12	71	19.9	37.3	24.8	-999.9	0.0	1.7	96394.3	-999.9
Bamako	1989	3	13	72	21.8	36.8	24.6	-999.9	0.0	1.7	96444.8	-999.9
Bamako	1989	3	14	73	22.5	36.0	23.9	-999.9	0.0	1.7	96429.1	-999.9
Bamako	1989	3	15	74	25.1	35.7	23.6	-999.9	0.0	1.6	96366.7	-999.9
Bamako	1989	3	16	75	26.2	35.5	20.4	-999.9	0.0	1.7	96417.0	-999.9
Bamako	1989	3	17	76	23.8	36.4	23.5	-999.9	0.0	1.5	96479.6	-999.9
Bamako	1989	3	18	77	23.9	35.4	22.5	-999.9	0.0	2.0	96523.6	-999.9
Bamako	1989	3	19	78	24.9	34.7	22.8	-999.9	0.0	1.7	96540.0	-999.9
Bamako	1989	3	20	79	23.7	33.0	20.3	-999.9	0.0	1.4	96595.0	-999.9
Bamako	1989	3	21	80	22.9	35.0	24.2	-999.9	3.8	1.2	96549.5	-999.9
Bamako	1989	3	22	81	21.8	36.0	24.8	-999.9	0.0	1.9	96602.1	-999.9
Bamako	1989	3	23	82	23.1	35.6	24.3	-999.9	0.0	2.8	96682.1	-999.9
Bamako	1989	3	24	83	22.0	34.4	25.4	-999.9	0.0	2.7	96726.3	-999.9
Bamako	1989	3	25	84	21.1	34.1	25.6	-999.9	0.0	2.4	96708.4	-999.9
Bamako	1989	3	26	85	20.2	33.9	25.9	-999.9	0.0	2.2	96720.3	-999.9
Bamako	1989	3	27	86	19.7	35.1	26.0	-999.9	0.0	2.0	96738.2	-999.9
Bamako	1989	3	28	87	20.7	35.7	26.0	-999.9	0.0	2.5	96625.2	-999.9
Bamako	1989	3	29	88	21.1	35.9	25.7	-999.9	0.0	2.3	96490.2	-999.9
Bamako	1989	3	30	89	20.1	36.4	25.7	-999.9	0.0	1.9	96443.2	-999.9
Bamako	1989	3	31	90	20.5	36.6	24.1	-999.9	0.0	1.9	96448.4	-999.9
Bamako	1989	4	1	91	24.6	36.2	21.4	-999.9	0.0	2.0	96598.6	-999.9
Bamako	1989	4	2	92	25.5	37.0	23.0	-999.9	0.0	2.4	96587.2	-999.9
Bamako	1989	4	3	93	24.5	38.6	24.8	-999.9	0.0	1.9	96426.9	-999.9
Bamako	1989	4	4	94	25.6	38.4	25.4	-999.9	0.0	2.5	96455.2	-999.9
Bamako	1989	4	5	95	24.4	38.4	25.3	-999.9	0.0	2.5	96556.6	-999.9
Bamako	1989	4	6	96	22.3	37.8	25.8	-999.9	0.0	2.5	96546.2	-999.9
Bamako	1989	4	7	97	23.1	38.6	26.0	-999.9	0.0	2.4	96445.1	-999.9
Bamako	1989	4	8	98	22.1	38.6	25.7	-999.9	0.0	1.7	96478.5	-999.9
Bamako	1989	4	9	99	21.2	39.2	26.2	-999.9	0.0	1.5	96401.2	-999.9
Bamako	1989	4	10	100	23.3	38.8	25.2	-999.9	0.0	1.9	96350.6	-999.9
Bamako	1989	4	11	101	22.0	37.4	26.3	-999.9	0.0	2.4	96419.6	-999.9
Bamako	1989	4	12	102	22.3	38.0	26.3	-999.9	0.0	1.9	96427.0	-999.9
Bamako	1989	4	13	103	21.9	38.8	26.5	-999.9	0.0	2.1	96344.7	-999.9
Bamako	1989	4	14	104	21.8	39.0	26.4	-999.9	0.0	1.6	96344.9	-999.9
Bamako	1989	4	15	105	22.7	38.4	25.5	-999.9	0.0	1.5	96428.4	-999.9
Bamako	1989	4	16	106	21.9	38.8	26.7	-999.9	0.0	1.4	96375.0	-999.9
Bamako	1989	4	17	107	23.1	38.7	26.5	-999.9	0.0	1.3	96255.1	-999.9
Bamako	1989	4	18	108	22.9	38.6	26.0	-999.9	0.0	1.5	96246.6	-999.9
Bamako	1989	4	19	109	27.0	38.2	23.0	-999.9	2.7	2.4	96396.4	-999.9
Bamako	1989	4	20	110	26.5	37.9	23.2	-999.9	0.0	1.8	96457.3	-999.9
Bamako	1989	4	21	111	27.9	38.6	22.3	-999.9	0.0	1.6	96427.4	-999.9
Bamako	1989	4	22	112	26.6	38.9	22.9	-999.9	0.0	1.5	96427.1	-999.9
Bamako	1989	4	23	113	26.2	38.3	23.6	-999.9	0.0	1.3	96359.5	-999.9
Bamako	1989	4	24	114	28.8	37.1	22.2	-999.9	4.1	2.7	96466.8	-999.9
Bamako	1989	4	25	115	26.7	37.7	23.7	-999.9	0.0	2.1	96510.0	-999.9
Bamako	1989	4	26	116	27.5	37.5	23.1	-999.9	0.0	1.2	96569.0	-999.9
Bamako	1989	4	27	117	27.2	36.0	20.0	-999.9	0.0	2.5	96631.3	-999.9
Bamako	1989	4	28	118	26.5	38.6	25.8	-999.9	0.0	2.6	96535.0	-999.9
Bamako	1989	4	29	119	25.2	38.4	26.4	-999.9	0.0	2.2	96462.5	-999.9
Bamako	1989	4	30	120	23.4	37.7	26.6	-999.9	0.0	1.5	96424.7	-999.9
Bamako	1989	5	1	121	23.3	38.3	26.1	-999.9	0.0	1.4	96462.8	-999.9
Bamako	1989	5	2	122	26.0	37.8	24.9	-999.9	0.0	1.5	96473.9	-999.9
Bamako	1989	5	3	123	27.2	38.5	23.8	-999.9	0.0	1.7	96358.7	-999.9
Bamako	1989	5	4	124	26.0	39.4	26.0	-999.9	0.0	2.0	96255.5	-999.9
Bamako	1989	5	5	125	26.3	39.3	25.2	-999.9	0.0	2.0	96356.9	-999.9
Bamako	1989	5	6	126	27.0	40.0	24.7	-999.9	0.0	2.0	96521.5	-999.9
Bamako	1989	5	7	127	28.4	39.1	23.5	-999.9	0.0	2.1	96541.3	-999.9
Bamako	1989	5	8	128	26.9	39.6	25.7	-999.9	0.0	2.3	96495.6	-999.9
Bamako	1989	5	9	129	26.1	38.3	24.6	-999.9	0.0	2.4	96549.8	-999.9
Bamako	1989	5	10	130	26.6	38.3	23.5	-999.9	0.0	2.2	96530.7	-999.9
Bamako	1989	5	11	131	26.6	37.5	23.8	-999.9	0.0	2.1	96665.1	-999.9
Bamako	1989	5	12	132	27.2	37.7	23.3	-999.9	0.0	2.3	96710.1	-999.9
Bamako	1989	5	13	133	25.6	37.7	24.1	-999.9	0.0	2.0	96697.3	-999.9
Bamako	1989	5	14	134	25.7	37.5	23.7	-999.9	0.0	2.3	96751.0	-999.9
Bamako	1989	5	15	135	26.7	38.7	24.6	-999.9	0.0	2.2	96715.6	-999.9
Bamako	1989	5	16	136	26.7	38.0	23.8	-999.9	0.0	1.9	96731.3	-999.9
Bamako	1989	5	17	137	26.9	38.1	24.2	-999.9	0.0	2.2	96674.2	-999.9
Bamako	1989	5	18	138	26.1	37.3	23.6	-999.9	0.0	2.3	96697.0	-999.9
Bamako	1989	5	19	139	25.9	36.9	22.8	-999.9	0.0	2.2	96702.2	-999.9
Bamako	1989	5	20	140	25.7	36.1	21.8	-999.9	0.0	1.9	96820.5	-999.9
Bamako	1989	5	21	141	25.1	36.0	22.0	-999.9	3.7	1.7	96795.8	-999.9
Bamako	1989	5	22	142	27.4	36.9	22.7	-999.9	1.8	1.9	96641.6	-999.9
Bamako	1989	5	23	143	26.5	35.5	23.2	-999.9	0.0	2.0	96596.4	-999.9
Bamako	1989	5	24	144	25.7	35.5	22.3	-999.9	0.0	1.9	96661.3	-999.9
Bamako	1989	5	25	145	24.7	33.6	22.7	-999.9	2.1	1.2	96800.8	-999.9
Bamako	1989	5	26	146	26.1	36.5	22.6	-999.9	0.0	1.7	96718.4	-999.9
Bamako	1989	5	27	147	25.4	37.6	24.5	-999.9	0.0	2.2	96539.1	-999.9
Bamako	1989	5	28	148	26.6	35.2	19.0	-999.9	0.0	1.7	96728.6	-999.9
Bamako	1989	5	29	149	25.9	35.4	23.2	-999.9	6.4	1.6	96760.6	-999.9
Bamako	1989	5	30	150	25.8	37.3	23.9	-999.9	0.0	1.7	96725.1	-999.9
Bamako	1989	5	31	151	26.6	38.2	24.1	-999.9	0.0	2.2	96760.1	-999.9
Bamako	1989	6	1	152	27.2	38.5	24.1	-999.9	0.0	2.1	96712.4	-999.9
Bamako	1989	6	2	153	27.1	37.0	24.0	-999.9	0.0	1.9	96653.2	-999.9
Bamako	1989	6	3	154	25.2	39.4	24.4	-999.9	6.7	1.9	96609.5	-999.9
Bamako	1989	6	4	155	26.5	37.4	23.8	-999.9	6.7	2.4	96629.4	-999.9
Bamako	1989	6	5	156	26.7	37.5	24.9	-999.9	0.0	1.9	96653.8	-999.9
Bamako	1989	6	6	157	26.4	38.5	24.0	-999.9	0.0	1.7	96615.8	-999.9
Bamako	1989	6	7	158	27.5	37.5	24.6	-999.9	0.0	2.2	96613.2	-999.9
Bamako	1989	6	8	159	27.0	39.0	24.4	-999.9	0.0	2.4	96576.3	-999.9
Bamako	1989	6	9	160	26.5	37.9	24.9	-999.9	0.0	2.7	96632.1	-999.9
Bamako	1989	6	10	161	26.4	36.9	22.5	-999.9	14.2	2.6	96753.9	-999.9
Bamako	1989	6	11	162	23.1	31.0	20.0	-999.9	0.0	1.5	96947.6	-999.9
Bamako	1989	6	12	163	24.7	33.4	22.9	-999.9	8.9	1.5	96858.6	-999.9
Bamako	1989	6	13	164	24.1	31.6	18.9	-999.9	0.0	2.3	96759.5	-999.9
Bamako	1989	6	14	165	23.2	33.4	23.5	-999.9	0.0	2.0	96721.8	-999.9
Bamako	1989	6	15	166	23.6	30.6	21.5	-999.9	4.5	1.8	96890.4	-999.9
Bamako	1989	6	16	167	23.8	32.2	23.4	-999.9	6.0	1.4	96980.2	-999.9
Bamako	1989	6	17	168	24.9	32.4	21.3	-999.9	4.5	1.2	96915.2	-999.9
Bamako	1989	6	18	169	23.7	31.9	23.4	-999.9	4.5	1.7	96882.2	-999.9
Bamako	1989	6	19	170	23.8	33.1	24.5	-999.9	3.0	1.7	96895.0	-999.9
Bamako	1989	6	20	171	25.1	32.2	22.1	-999.9	0.0	2.0	96844.3	-999.9
Bamako	1989	6	21	172	25.5	33.4	23.0	-999.9	10.1	2.2	96722.9	-999.9
Bamako	1989	6	22	173	22.7	29.3	17.7	-999.9	3.7	1.8	96772.5	-999.9
Bamako	1989	6	23	174	22.4	27.9	13.8	-999.9	3.0	1.8	96925.8	-999.9
Bamako	1989	6	24	175	23.1	31.4	22.0	-999.9	0.0	1.5	96951.8	-999.9
Bamako	1989	6	25	176	23.1	30.9	18.5	-999.9	2.7	1.8	96727.8	-999.9
Bamako	1989	6	26	177	24.0	30.5	23.4	-999.9	0.0	2.0	96814.8	-999.9
Bamako	1989	6	27	178	23.8	30.7	17.6	-999.9	0.0	1.8	96919.4	-999.9
Bamako	1989	6	28	179	23.1	28.8	11.6	-999.9	0.0	2.3	96805.9	-999.9
Bamako	1989	6	29	180	21.9	29.6	16.5	-999.9	0.0	1.8	96722.4	-999.9
Bamako	1989	6	30	181	22.5	27.3	15.9	-999.9	28.9	2.1	96937.1	-999.9
Bamako	1989	7	1	182	22.0	29.5	19.7	-999.9	9.0	1.8	97008.6	-999.9
Bamako	1989	7	2	183	22.1	26.8	10.1	-999.9	35.8	1.8	96877.9	-999.9
Bamako	1989	7	3	184	20.6	28.8	21.1	-999.9	0.0	1.4	96835.4	-999.9
Bamako	1989	7	4	185	22.1	30.2	22.1	-999.9	0.0	1.4	96844.1	-999.9
Bamako	1989	7	5	186	22.5	29.3	16.8	-999.9	20.5	1.2	96917.6	-999.9
Bamako	1989	7	6	187	22.7	29.5	21.1	-999.9	12.1	1.7	97038.6	-999.9
Bamako	1989	7	7	188	23.2	30.3	21.7	-999.9	0.0	1.7	97031.2	-999.9
Bamako	1989	7	8	189	23.9	32.3	23.6	-999.9	0.0	2.8	96750.9	-999.9
Bamako	1989	7	9	190	23.7	30.0	17.6	-999.9	0.0	2.7	96600.9	-999.9
Bamako	1989	7	10	191	23.0	27.4	13.1	-999.9	0.0	2.1	96825.5	-999.9
Bamako	1989	7	11	192	22.0	28.6	17.1	-999.9	27.6	1.5	97037.8	-999.9
Bamako	1989	7	12	193	22.1	26.5	12.3	-999.9	0.0	1.3	97125.6	-999.9
Bamako	1989	7	13	194	21.8	30.0	19.8	-999.9	0.0	1.2	97123.7	-999.9
Bamako	1989	7	14	195	23.3	28.7	16.4	-999.9	13.8	1.3	97074.5	-999.9
Bamako	1989	7	15	196	22.2	27.4	11.6	-999.9	0.0	1.4	97169.6	-999.9
Bamako	1989	7	16	197	22.2	29.4	19.1	-999.9	0.0	1.7	97168.9	-999.9
Bamako	1989	7	17	198	23.1	30.1	20.8	-999.9	25.6	1.7	97085.9	-999.9
Bamako	1989	7	18	199	22.6	28.8	16.4	-999.9	0.0	1.9	96910.3	-999.9
Bamako	1989	7	19	200	22.6	29.8	20.9	-999.9	0.0	1.5	96900.7	-999.9
Bamako	1989	7	20	201	23.0	30.0	21.5	-999.9	17.1	1.2	96934.2	-999.9
Bamako	1989	7	21	202	23.0	29.9	21.1	-999.9	7.7	1.2	97060.7	-999.9
Bamako	1989	7	22	203	22.8	29.5	18.1	-999.9	7.7	1.4	97095.8	-999.9
Bamako	1989	7	23	204	22.0	29.2	18.0	-999.9	0.0	1.2	96914.5	-999.9
Bamako	1989	7	24	205	22.8	30.3	22.3	-999.9	0.0	1.1	96752.2	-999.9
Bamako	1989	7	25	206	22.3	29.4	15.6	-999.9	15.3	1.2	96879.6	-999.9
Bamako	1989	7	26	207	22.3	29.5	20.1	-999.9	4.7	1.2	96937.4	-999.9
Bamako	1989	7	27	208	23.2	30.5	21.7	-999.9	0.0	0.9	96801.2	-999.9
Bamako	1989	7	28	209	23.0	29.6	20.3	-999.9	0.0	1.5	96815.2	-999.9
Bamako	1989	7	29	210	22.7	29.8	21.2	-999.9	9.5	1.4	96901.3	-999.9
Bamako	1989	7	30	211	23.4	30.5	20.8	-999.9	14.2	1.2	96885.4	-999.9
Bamako	1989	7	31	212	23.1	27.0	12.2	-999.9	9.5	1.3	96833.8	-999.9
Bamako	1989	8	1	213	21.9	28.0	16.9	-999.9	8.5	1.5	96882.4	-999.9
Bamako	1989	8	2	214	22.4	28.2	16.8	-999.9	4.8	1.6	96985.6	-999.9
Bamako	1989	8	3	215	22.1	30.2	19.9	-999.9	0.0	2.1	96871.3	-999.9
Bamako	1989	8	4	216	22.7	30.2	21.4	-999.9	8.5	2.0	96761.5	-999.9
Bamako	1989	8	5	217	23.0	29.5	18.8	-999.9	12.7	2.3	96743.4	-999.9
Bamako	1989	8	6	218	22.7	26.8	12.7	-999.9	14.2	2.0	96817.2	-999.9
Bamako	1989	8	7	219	21.9	24.7	6.7	-999.9	8.1	1.3	96841.5	-999.9
Bamako	1989	8	8	220	21.5	27.0	15.6	-999.9	0.0	1.8	96833.9	-999.9
Bamako	1989	8	9	221	22.2	27.6	13.3	-999.9	21.3	1.0	96711.0	-999.9
Bamako	1989	8	10	222	21.7	24.8	7.6	-999.9	28.3	1.2	96697.7	-999.9
Bamako	1989	8	11	223	21.9	27.3	14.1	-999.9	6.9	1.4	96766.3	-999.9
Bamako	1989	8	12	224	21.6	26.6	16.7	-999.9	0.0	2.1	96933.4	-999.9
Bamako	1989	8	13	225	21.9	27.6	15.6	-999.9	13.8	1.3	97032.1	-999.9
Bamako	1989	8	14	226	22.0	27.7	18.6	-999.9	13.8	1.4	96962.2	-999.9
Bamako	1989	8	15	227	21.8	27.5	12.7	-999.9	0.0	1.0	96884.4	-999.9
Bamako	1989	8	16	228	21.8	28.3	18.8	-999.9	0.0	2.0	96896.4	-999.9
Bamako	1989	8	17	229	21.7	29.2	20.6	-999.9	0.0	1.6	96932.5	-999.9
Bamako	1989	8	18	230	22.1	29.3	17.2	-999.9	0.0	1.3	96909.2	-999.9
Bamako	1989	8	19	231	22.3	30.1	20.4	-999.9	0.0	1.5	96752.2	-999.9
Bamako	1989	8	20	232	22.3	27.6	14.0	-999.9	25.4	1.5	96701.2	-999.9
Bamako	1989	8	21	233	22.6	27.7	16.4	-999.9	0.0	1.4	96770.6	-999.9
Bamako	1989	8	22	234	22.3	27.8	14.3	-999.9	20.2	1.1	96784.0	-999.9
Bamako	1989	8	23	235	22.3	24.8	8.4	-999.9	17.7	1.2	96735.3	-999.9
Bamako	1989	8	24	236	22.4	26.5	14.2	-999.9	8.8	2.1	96841.8	-999.9
Bamako	1989	8	25	237	22.1	25.4	9.2	-999.9	35.4	1.4	96964.9	-999.9
Bamako	1989	8	26	238	21.3	28.1	16.5	-999.9	10.4	1.2	96955.8	-999.9
Bamako	1989	8	27	239	21.8	28.5	17.1	-999.9	20.9	1.1	96929.1	-999.9
Bamako	1989	8	28	240	21.5	29.9	22.6	-999.9	0.0	1.1	96865.0	-999.9
Bamako	1989	8	29	241	22.2	27.5	13.5	-999.9	23.8	1.3	96887.0	-999.9
Bamako	1989	8	30	242	21.9	29.2	18.7	-999.9	10.4	1.5	96874.2	-999.9
Bamako	1989	8	31	243	22.7	30.4	22.2	-999.9	20.9	1.4	96761.7	-999.9
Bamako	1989	9	1	244	22.4	29.9	19.5	-999.9	6.5	0.8	96732.2	-999.9
Bamako	1989	9	2	245	21.7	30.2	21.2	-999.9	7.4	1.0	96696.0	-999.9
Bamako	1989	9	3	246	22.6	30.1	21.5	-999.9	0.0	1.3	96634.9	-999.9
Bamako	1989	9	4	247	22.7	30.0	21.2	-999.9	0.0	1.1	96695.0	-999.9
Bamako	1989	9	5	248	22.4	29.1	18.6	-999.9	0.0	1.3	96730.6	-999.9
Bamako	1989	9	6	249	21.6	30.2	21.2	-999.9	0.0	1.5	96706.3	-999.9
Bamako	1989	9	7	250	22.7	29.6	12.5	-999.9	10.7	1.2	96617.9	-999.9
Bamako	1989	9	8	251	22.2	26.3	13.4	-999.9	9.3	2.2	96673.0	-999.9
Bamako	1989	9	9	252	21.8	28.3	21.1	-999.9	0.0	1.2	96784.1	-999.9
Bamako	1989	9	10	253	21.7	30.4	21.9	-999.9	0.0	0.9	96680.5	-999.9
Bamako	1989	9	11	254	22.5	27.8	14.0	-999.9	9.6	1.3	96687.9	-999.9
Bamako	1989	9	12	255	22.1	29.3	22.3	-999.9	0.0	1.2	96791.9	-999.9
Bamako	1989	9	13	256	22.3	30.1	19.5	-999.9	4.8	1.5	96741.8	-999.9
Bamako	1989	9	14	257	22.7	29.7	17.4	-999.9	14.4	1.1	96762.3	-999.9
Bamako	1989	9	15	258	22.6	28.8	17.2	-999.9	0.0	1.3	96920.4	-999.9
Bamako	1989	9	16	259	22.3	30.5	20.5	-999.9	0.0	1.1	96870.7	-999.9
Bamako	1989	9	17	260	22.6	29.9	17.3	-999.9	0.0	2.1	96795.8	-999.9
Bamako	1989	9	18	261	21.6	29.2	17.0	-999.9	0.0	1.4	96821.7	-999.9
Bamako	1989	9	19	262	21.9	30.2	21.6	-999.9	0.0	1.0	96848.4	-999.9
Bamako	1989	9	20	263	21.6	30.5	21.6	-999.9	0.0	1.2	96833.4	-999.9
Bamako	1989	9	21	264	22.7	30.2	19.1	-999.9	0.0	1.2	96825.8	-999.9
Bamako	1989	9	22	265	22.0	29.2	17.0	-999.9	2.0	1.3	96881.9	-999.9
Bamako	1989	9	23	266	22.1	31.3	22.9	-999.9	22.6	1.1	96885.6	-999.9
Bamako	1989	9	24	267	22.1	30.8	22.4	-999.9	0.0	1.1	96880.3	-999.9
Bamako	1989	9	25	268	23.0	32.5	23.9	-999.9	0.0	1.0	96775.1	-999.9
Bamako	1989	9	26	269	24.4	32.2	22.1	-999.9	0.0	1.5	96660.9	-999.9
Bamako	1989	9	27	270	22.3	30.3	20.0	-999.9	6.0	1.5	96792.1	-999.9
Bamako	1989	9	28	271	21.9	30.5	22.5	-999.9	0.0	1.0	96879.3	-999.9
Bamako	1989	9	29	272	23.7	31.4	21.5	-999.9	2.6	1.0	96835.8	-999.9
Bamako	1989	9	30	273	23.0	29.6	18.0	-999.9	7.8	1.5	96879.8	-999.9
Bamako	1989	10	1	274	22.4	30.0	19.2	-999.9	0.0	1.4	96970.9	-999.9
Bamako	1989	10	2	275	23.0	30.7	18.5	-999.9	0.0	1.5	96878.2	-999.9
Bamako	1989	10	3	276	22.9	32.0	23.1	-999.9	10.4	2.3	96667.8	-999.9
Bamako	1989	10	4	277	22.5	27.6	13.2	-999.9	10.4	1.3	96758.4	-999.9
Bamako	1989	10	5	278	21.8	25.7	9.5	-999.9	20.8	1.8	96892.7	-999.9
Bamako	1989	10	6	279	21.5	30.0	18.9	-999.9	0.0	1.1	96909.6	-999.9
Bamako	1989	10	7	280	22.1	30.3	21.7	-999.9	0.0	1.3	96773.5	-999.9
Bamako	1989	10	8	281	22.2	28.8	15.2	-999.9	0.0	1.4	96771.1	-999.9
Bamako	1989	10	9	282	22.3	28.1	15.7	-999.9	20.0	1.0	96878.2	-999.9
Bamako	1989	10	10	283	21.3	29.8	21.0	-999.9	0.0	1.0	96831.2	-999.9
Bamako	1989	10	11	284	22.3	30.8	21.8	-999.9	0.0	1.1	96744.8	-999.9
Bamako	1989	10	12	285	23.5	31.5	21.6	-999.9	0.0	1.1	96768.2	-999.9
Bamako	1989	10	13	286	24.0	33.1	23.0	-999.9	0.0	1.6	96666.0	-999.9
Bamako	1989	10	14	287	23.7	32.3	21.9	-999.9	0.0	1.3	96630.9	-999.9
Bamako	1989	10	15	288	24.2	31.1	19.2	-999.9	11.0	1.5	96616.4	-999.9
Bamako	1989	10	16	289	22.9	31.0	21.5	-999.9	0.0	1.3	96697.3	-999.9
Bamako	1989	10	17	290	22.0	30.0	19.3	-999.9	0.0	1.3	96919.2	-999.9
Bamako	1989	10	18	291	21.8	30.2	19.4	-999.9	0.0	1.2	96970.9	-999.9
Bamako	1989	10	19	292	22.0	31.3	21.5	-999.9	20.4	1.1	96864.9	-999.9
Bamako	1989	10	20	293	22.0	32.3	20.8	-999.9	0.0	1.3	96846.4	-999.9
Bamako	1989	10	21	294	21.3	31.1	19.8	-999.9	0.0	1.3	96994.3	-999.9
Bamako	1989	10	22	295	21.3	31.6	21.7	-999.9	0.0	1.4	96976.0	-999.9
Bamako	1989	10	23	296	20.3	30.7	19.8	-999.9	0.0	1.2	96902.5	-999.9
Bamako	1989	10	24	297	21.5	30.8	19.3	-999.9	0.0	1.4	96817.2	-999.9
Bamako	1989	10	25	298	22.7	31.8	18.9	-999.9	0.0	1.1	96897.5	-999.9
Bamako	1989	10	26	299	21.3	33.5	21.7	-999.9	0.0	1.3	96803.2	-999.9
Bamako	1989	10	27	300	20.3	33.6	22.9	-999.9	0.0	1.5	96764.3	-999.9
Bamako	1989	10	28	301	19.2	33.5	23.0	-999.9	0.0	1.3	96730.6	-999.9
Bamako	1989	10	29	302	19.8	33.2	23.0	-999.9	0.0	1.2	96847.0	-999.9
Bamako	1989	10	30	303	20.7	34.1	22.8	-999.9	0.0	1.3	96845.9	-999.9
Bamako	1989	10	31	304	19.2	33.9	22.7	-999.9	0.0	1.6	96755.7	-999.9
Bamako	1989	11	1	305	19.9	32.4	18.9	-999.9	0.0	1.4	96772.4	-999.9
Bamako	1989	11	2	306	21.5	32.0	18.7	-999.9	0.0	1.7	96830.8	-999.9
Bamako	1989	11	3	307	19.3	32.6	22.4	-999.9	0.0	2.1	96858.2	-999.9
Bamako	1989	11	4	308	18.8	32.4	22.1	-999.9	0.0	2.2	96799.3	-999.9
Bamako	1989	11	5	309	19.2	32.4	20.6	-999.9	0.0	2.0	96681.7	-999.9
Bamako	1989	11	6	310	21.1	33.1	20.5	-999.9	0.0	1.9	96589.8	-999.9
Bamako	1989	11	7	311	21.6	33.7	21.9	-999.9	0.0	2.2	96551.4	-999.9
Bamako	1989	11	8	312	21.7	33.9	21.4	-999.9	0.0	2.4	96586.1	-999.9
Bamako	1989	11	9	313	21.8	33.5	18.9	-999.9	0.0	2.2	96603.0	-999.9
Bamako	1989	11	10	314	21.1	34.4	20.9	-999.9	0.0	2.0	96585.6	-999.9
Bamako	1989	11	11	315	20.9	33.7	20.9	-999.9	0.0	1.6	96547.8	-999.9
Bamako	1989	11	12	316	22.4	33.5	21.4	-999.9	0.0	2.5	96537.3	-999.9
Bamako	1989	11	13	317	19.5	33.9	21.5	-999.9	0.0	2.2	96507.3	-999.9
Bamako	1989	11	14	318	20.6	33.3	21.2	-999.9	0.0	1.7	96610.7	-999.9
Bamako	1989	11	15	319	22.3	33.5	20.5	-999.9	0.0	1.3	96692.1	-999.9
Bamako	1989	11	16	320	20.4	34.5	20.5	-999.9	0.0	1.6	96606.4	-999.9
Bamako	1989	11	17	321	22.6	34.1	20.3	-999.9	0.0	1.5	96622.6	-999.9
Bamako	1989	11	18	322	23.9	33.0	18.8	-999.9	0.0	1.8	96816.4	-999.9
Bamako	1989	11	19	323	23.2	32.6	18.0	-999.9	0.0	1.2	96926.4	-999.9
Bamako	1989	11	20	324	22.5	34.6	20.5	-999.9	0.0	1.9	96899.7	-999.9
Bamako	1989	11	21	325	20.5	34.7	21.1	-999.9	0.0	2.4	96911.3	-999.9
Bamako	1989	11	22	326	21.4	34.6	21.0	-999.9	0.0	2.3	96811.0	-999.9
Bamako	1989	11	23	327	20.3	34.4	20.2	-999.9	0.0	1.7	96714.8	-999.9
Bamako	1989	11	24	328	22.4	34.5	19.3	-999.9	0.0	1.5	96700.7	-999.9
Bamako	1989	11	25	329	22.1	34.7	19.6	-999.9	0.0	1.6	96760.7	-999.9
Bamako	1989	11	26	330	23.4	35.0	19.9	-999.9	0.0	1.6	96899.8	-999.9
Bamako	1989	11	27	331	19.3	35.2	20.8	-999.9	0.0	2.2	96814.4	-999.9
Bamako	1989	11	28	332	18.8	34.9	20.4	-999.9	0.0	2.2	96690.9	-999.9
Bamako	1989	11	29	333	18.7	34.5	20.6	-999.9	0.0	2.2	96658.7	-999.9
Bamako	1989	11	30	334	18.8	34.7	20.5	-999.9	0.0	2.7	96773.2	-999.9
Bamako	1989	12	1	335	19.8	33.8	20.2	-999.9	0.0	2.6	96865.2	-999.9
Bamako	1989	12	2	336	20.7	33.4	20.3	-999.9	0.0	2.8	96901.2	-999.9
Bamako	1989	12	3	337	20.6	32.6	18.4	-999.9	0.0	2.1	96890.1	-999.9
Bamako	1989	12	4	338	20.4	32.2	18.9	-999.9	0.0	2.2	96937.0	-999.9
Bamako	1989	12	5	339	19.6	33.4	18.2	-999.9	0.0	2.1	96841.7	-999.9
Bamako	1989	12	6	340	20.8	34.1	19.6	-999.9	0.0	1.4	96710.6	-999.9
Bamako	1989	12	7	341	22.3	33.6	17.8	-999.9	0.0	1.4	96786.2	-999.9
Bamako	1989	12	8	342	21.8	34.7	18.4	-999.9	0.0	1.7	96816.7	-999.9
Bamako	1989	12	9	343	20.7	34.4	19.1	-999.9	0.0	2.2	96793.1	-999.9
Bamako	1989	12	10	344	19.3	34.7	20.2	-999.9	0.0	2.4	96794.8	-999.9
Bamako	1989	12	11	345	17.9	34.0	20.1	-999.9	0.0	2.4	96804.4	-999.9
Bamako	1989	12	12	346	18.9	32.6	17.1	-999.9	0.0	2.3	96808.0	-999.9
Bamako	1989	12	13	347	20.7	32.4	17.5	-999.9	0.0	2.5	96801.1	-999.9
Bamako	1989	12	14	348	19.7	32.9	19.5	-999.9	0.0	2.2	96841.3	-999.9
Bamako	1989	12	15	349	20.0	34.1	19.9	-999.9	0.0	2.2	96841.5	-999.9
Bamako	1989	12	16	350	19.1	34.1	20.0	-999.9	0.0	2.2	96796.3	-999.9
Bamako	1989	12	17	351	18.0	33.0	20.0	-999.9	0.0	2.3	96756.2	-999.9
Bamako	1989	12	18	352	17.6	32.1	19.5	-999.9	0.0	2.1	96851.1	-999.9
Bamako	1989	12	19	353	17.1	30.8	18.8	-999.9	0.0	2.6	96940.5	-999.9
Bamako	1989	12	20	354	17.1	30.2	20.3	-999.9	0.0	2.7	97015.0	-999.9
Bamako	1989	12	21	355	16.6	29.4	20.4	-999.9	0.0	2.5	96979.1	-999.9
Bamako	1989	12	22	356	15.8	29.6	20.6	-999.9	0.0	2.4	96985.5	-999.9
Bamako	1989	12	23	357	15.1	29.5	19.6	-999.9	0.0	2.1	97005.8	-999.9
Bamako	1989	12	24	358	14.7	29.3	19.6	-999.9	0.0	1.6	96978.3	-999.9
Bamako	1989	12	25	359	14.5	29.8	20.5	-999.9	0.0	1.9	97031.4	-999.9
Bamako	1989	12	26	360	15.9	31.0	20.4	-999.9	0.0	1.6	96899.9	-999.9
Bamako	1989	12	27	361	16.5	30.8	17.6	-999.9	0.0	1.3	96606.0	-999.9
Bamako	1989	12	28	362	17.7	30.3	15.8	-999.9	0.0	1.2	96479.9	-999.9
Bamako	1989	12	29	363	16.1	31.2	20.0	-999.9	0.0	1.7	96699.7	-999.9
Bamako	1989	12	30	364	18.9	31.5	19.0	-999.9	0.0	1.6	96940.2	-999.9
Bamako	1989	12	31	365	20.0	30.3	16.0	-999.9	0.0	2.0	97065.7	-999.9
