Bamako	2018	1	1	1	17.1	30.9	20.5	-999.9	0.0	2.6	96976.4	-999.9
Bamako	2018	1	2	2	16.8	31.1	20.2	-999.9	0.0	2.5	96897.8	-999.9
Bamako	2018	1	3	3	18.1	31.5	19.9	-999.9	0.0	2.4	96980.6	-999.9
Bamako	2018	1	4	4	18.3	30.7	17.7	-999.9	0.0	2.2	97082.8	-999.9
Bamako	2018	1	5	5	17.1	31.7	20.3	-999.9	0.0	1.9	97019.1	-999.9
Bamako	2018	1	6	6	15.6	32.2	20.2	-999.9	0.0	1.6	96820.4	-999.9
Bamako	2018	1	7	7	16.2	32.4	19.9	-999.9	0.0	1.0	96697.2	-999.9
Bamako	2018	1	8	8	18.2	32.8	19.5	-999.9	0.0	1.7	96865.9	-999.9
Bamako	2018	1	9	9	19.7	32.5	19.7	-999.9	0.0	2.9	97045.1	-999.9
Bamako	2018	1	10	10	19.4	32.1	20.0	-999.9	0.0	2.8	97092.0	-999.9
Bamako	2018	1	11	11	19.5	31.4	21.0	-999.9	0.0	2.5	97055.4	-999.9
Bamako	2018	1	12	12	16.2	31.4	21.1	-999.9	0.0	2.3	97029.4	-999.9
Bamako	2018	1	13	13	15.9	31.6	21.1	-999.9	0.0	2.4	96950.1	-999.9
Bamako	2018	1	14	14	16.1	31.6	21.2	-999.9	0.0	2.2	96908.4	-999.9
Bamako	2018	1	15	15	14.9	32.3	21.2	-999.9	0.0	2.1	96851.8	-999.9
Bamako	2018	1	16	16	17.3	33.8	21.1	-999.9	0.0	1.5	96780.1	-999.9
Bamako	2018	1	17	17	17.1	33.6	20.0	-999.9	0.0	1.7	96822.4	-999.9
Bamako	2018	1	18	18	18.8	32.7	20.7	-999.9	0.0	2.6	96952.1	-999.9
Bamako	2018	1	19	19	17.8	32.7	21.0	-999.9	0.0	2.3	96921.9	-999.9
Bamako	2018	1	20	20	17.9	32.4	21.1	-999.9	0.0	2.5	96895.9	-999.9
Bamako	2018	1	21	21	18.4	31.9	21.1	-999.9	0.0	2.8	96977.0	-999.9
Bamako	2018	1	22	22	17.8	31.9	21.2	-999.9	0.0	2.5	96903.5	-999.9
Bamako	2018	1	23	23	17.6	32.6	21.3	-999.9	0.0	2.3	96811.2	-999.9
Bamako	2018	1	24	24	17.8	33.1	21.4	-999.9	0.0	2.4	96811.8	-999.9
Bamako	2018	1	25	25	18.4	32.4	21.5	-999.9	0.0	2.6	96820.7	-999.9
Bamako	2018	1	26	26	17.9	32.3	21.6	-999.9	0.0	2.2	96759.2	-999.9
Bamako	2018	1	27	27	18.8	32.7	19.0	-999.9	0.0	2.0	96706.7	-999.9
Bamako	2018	1	28	28	19.1	32.8	15.5	-999.9	0.0	1.6	96616.7	-999.9
Bamako	2018	1	29	29	21.2	30.8	12.7	-999.9	0.0	1.7	96772.1	-999.9
Bamako	2018	1	30	30	21.3	34.4	19.8	-999.9	0.0	2.2	96724.8	-999.9
Bamako	2018	1	31	31	20.1	34.7	21.2	-999.9	0.0	2.1	96565.8	-999.9
Bamako	2018	2	1	32	19.0	35.5	20.6	-999.9	0.0	1.8	96412.4	-999.9
Bamako	2018	2	2	33	22.6	33.9	17.7	-999.9	0.0	1.7	96457.1	-999.9
Bamako	2018	2	3	34	22.1	28.7	12.6	-999.9	0.0	2.1	96758.1	-999.9
Bamako	2018	2	4	35	21.5	29.5	11.0	-999.9	0.0	1.4	96718.7	-999.9
Bamako	2018	2	5	36	22.8	35.2	17.7	-999.9	0.0	1.8	96634.3	-999.9
Bamako	2018	2	6	37	23.1	33.0	19.2	-999.9	0.0	3.0	96744.7	-999.9
Bamako	2018	2	7	38	21.1	33.3	21.4	-999.9	0.0	2.6	96749.1	-999.9
Bamako	2018	2	8	39	20.2	33.7	21.6	-999.9	0.0	2.8	96821.0	-999.9
Bamako	2018	2	9	40	20.1	31.0	21.7	-999.9	0.0	3.0	96834.5	-999.9
Bamako	2018	2	10	41	18.7	31.5	21.8	-999.9	0.0	2.4	96698.6	-999.9
Bamako	2018	2	11	42	18.7	30.9	21.9	-999.9	0.0	3.0	96805.5	-999.9
Bamako	2018	2	12	43	18.2	30.2	22.0	-999.9	0.0	3.0	96883.9	-999.9
Bamako	2018	2	13	44	18.1	32.8	22.2	-999.9	0.0	2.4	96845.3	-999.9
Bamako	2018	2	14	45	19.5	34.5	22.2	-999.9	0.0	2.3	96830.5	-999.9
Bamako	2018	2	15	46	20.9	34.8	22.4	-999.9	0.0	2.5	96813.7	-999.9
Bamako	2018	2	16	47	20.6	36.0	22.5	-999.9	0.0	2.3	96802.4	-999.9
Bamako	2018	2	17	48	21.3	35.8	22.7	-999.9	0.0	2.1	96642.8	-999.9
Bamako	2018	2	18	49	21.4	37.4	22.8	-999.9	0.0	1.8	96444.0	-999.9
Bamako	2018	2	19	50	22.5	37.8	22.4	-999.9	0.0	1.6	96357.1	-999.9
Bamako	2018	2	20	51	21.5	37.1	22.9	-999.9	0.0	1.8	96431.0	-999.9
Bamako	2018	2	21	52	22.8	35.9	21.7	-999.9	0.0	1.8	96426.0	-999.9
Bamako	2018	2	22	53	23.2	37.1	22.6	-999.9	0.0	1.5	96245.1	-999.9
Bamako	2018	2	23	54	24.3	36.0	22.0	-999.9	0.0	1.5	96244.1	-999.9
Bamako	2018	2	24	55	25.5	34.7	22.1	-999.9	0.0	2.0	96516.3	-999.9
Bamako	2018	2	25	56	24.4	35.1	22.1	-999.9	0.0	1.9	96704.5	-999.9
Bamako	2018	2	26	57	25.9	36.6	20.4	-999.9	0.0	1.7	96649.5	-999.9
Bamako	2018	2	27	58	26.7	37.4	21.3	-999.9	0.0	1.8	96644.0	-999.9
Bamako	2018	2	28	59	26.1	37.2	20.9	-999.9	0.0	1.8	96750.4	-999.9
Bamako	2018	3	1	60	27.0	37.6	20.7	-999.9	0.0	1.7	96738.4	-999.9
Bamako	2018	3	2	61	26.4	38.8	22.7	-999.9	0.0	1.6	96682.5	-999.9
Bamako	2018	3	3	62	26.3	39.5	23.8	-999.9	0.0	2.4	96596.2	-999.9
Bamako	2018	3	4	63	24.1	39.5	24.0	-999.9	0.0	2.3	96532.2	-999.9
Bamako	2018	3	5	64	25.1	38.7	23.8	-999.9	0.0	2.3	96534.2	-999.9
Bamako	2018	3	6	65	24.6	38.5	24.1	-999.9	0.0	2.4	96509.7	-999.9
Bamako	2018	3	7	66	23.5	38.2	24.1	-999.9	0.0	2.1	96620.9	-999.9
Bamako	2018	3	8	67	22.4	38.3	24.2	-999.9	0.0	1.9	96684.0	-999.9
Bamako	2018	3	9	68	23.9	39.0	24.1	-999.9	0.0	2.4	96710.8	-999.9
Bamako	2018	3	10	69	25.7	39.3	23.9	-999.9	0.0	1.9	96699.5	-999.9
Bamako	2018	3	11	70	25.5	39.9	24.6	-999.9	0.0	2.6	96594.8	-999.9
Bamako	2018	3	12	71	23.3	40.2	24.7	-999.9	0.0	2.2	96588.1	-999.9
Bamako	2018	3	13	72	23.3	39.1	22.4	-999.9	0.0	1.7	96614.9	-999.9
Bamako	2018	3	14	73	26.2	37.8	20.8	-999.9	0.0	1.6	96593.6	-999.9
Bamako	2018	3	15	74	26.1	39.0	22.8	-999.9	0.0	1.8	96454.5	-999.9
Bamako	2018	3	16	75	26.3	40.1	24.3	-999.9	0.0	1.9	96360.6	-999.9
Bamako	2018	3	17	76	27.6	37.9	22.4	-999.9	1.4	2.0	96429.0	-999.9
Bamako	2018	3	18	77	23.9	37.7	22.9	-999.9	0.0	1.6	96478.2	-999.9
Bamako	2018	3	19	78	24.0	38.3	23.9	-999.9	0.0	1.8	96470.4	-999.9
Bamako	2018	3	20	79	24.2	38.8	25.1	-999.9	0.0	1.7	96446.3	-999.9
Bamako	2018	3	21	80	23.5	38.1	22.2	-999.9	0.0	1.8	96571.2	-999.9
Bamako	2018	3	22	81	22.8	37.6	25.2	-999.9	0.0	2.2	96709.8	-999.9
Bamako	2018	3	23	82	23.3	35.1	25.6	-999.9	0.0	3.3	96768.1	-999.9
Bamako	2018	3	24	83	21.1	35.5	25.9	-999.9	0.0	2.8	96675.4	-999.9
Bamako	2018	3	25	84	21.2	36.6	25.4	-999.9	0.0	2.2	96636.3	-999.9
Bamako	2018	3	26	85	21.8	37.6	25.6	-999.9	0.0	1.8	96662.2	-999.9
Bamako	2018	3	27	86	23.8	38.9	25.8	-999.9	0.0	2.2	96686.2	-999.9
Bamako	2018	3	28	87	24.4	39.0	25.3	-999.9	0.0	2.3	96549.2	-999.9
Bamako	2018	3	29	88	22.2	38.5	25.9	-999.9	0.0	1.8	96418.3	-999.9
Bamako	2018	3	30	89	26.5	38.0	22.2	-999.9	0.0	1.9	96397.7	-999.9
Bamako	2018	3	31	90	24.7	31.0	18.5	-999.9	0.0	1.7	96666.6	-999.9
Bamako	2018	4	1	91	22.9	35.5	22.4	-999.9	0.0	1.1	96574.1	-999.9
Bamako	2018	4	2	92	24.6	37.7	23.6	-999.9	0.0	1.4	96374.2	-999.9
Bamako	2018	4	3	93	25.1	38.1	21.6	-999.9	0.0	1.3	96235.1	-999.9
Bamako	2018	4	4	94	26.3	39.1	23.9	-999.9	0.0	1.7	96317.1	-999.9
Bamako	2018	4	5	95	25.8	38.7	23.0	-999.9	0.0	1.8	96274.1	-999.9
Bamako	2018	4	6	96	27.1	39.8	24.5	-999.9	0.0	1.9	96232.9	-999.9
Bamako	2018	4	7	97	26.8	39.2	23.1	-999.9	0.0	2.1	96266.1	-999.9
Bamako	2018	4	8	98	27.4	38.2	21.2	-999.9	0.0	2.5	96416.1	-999.9
Bamako	2018	4	9	99	25.4	37.1	22.4	-999.9	2.9	2.9	96599.9	-999.9
Bamako	2018	4	10	100	27.0	37.9	23.3	-999.9	0.0	2.3	96593.5	-999.9
Bamako	2018	4	11	101	24.6	38.4	25.0	-999.9	0.0	2.1	96567.2	-999.9
Bamako	2018	4	12	102	24.4	38.2	26.1	-999.9	0.0	2.2	96573.4	-999.9
Bamako	2018	4	13	103	22.8	38.0	26.1	-999.9	0.0	1.7	96625.6	-999.9
Bamako	2018	4	14	104	23.3	38.0	26.1	-999.9	0.0	1.9	96708.3	-999.9
Bamako	2018	4	15	105	24.1	38.2	25.7	-999.9	0.0	2.2	96773.6	-999.9
Bamako	2018	4	16	106	24.0	38.4	25.7	-999.9	0.0	2.1	96723.7	-999.9
Bamako	2018	4	17	107	24.0	39.5	26.4	-999.9	0.0	2.3	96714.5	-999.9
Bamako	2018	4	18	108	23.2	39.6	25.9	-999.9	0.0	1.6	96712.9	-999.9
Bamako	2018	4	19	109	25.5	39.3	24.5	-999.9	0.0	1.8	96626.1	-999.9
Bamako	2018	4	20	110	26.5	39.9	25.9	-999.9	0.0	2.4	96503.5	-999.9
Bamako	2018	4	21	111	26.3	39.1	25.1	-999.9	0.0	1.8	96484.6	-999.9
Bamako	2018	4	22	112	28.8	38.4	21.9	-999.9	0.0	1.8	96489.1	-999.9
Bamako	2018	4	23	113	30.2	39.0	21.4	-999.9	0.0	2.3	96545.4	-999.9
Bamako	2018	4	24	114	28.2	38.9	22.5	-999.9	0.0	1.8	96576.0	-999.9
Bamako	2018	4	25	115	26.7	40.6	25.9	-999.9	0.0	1.9	96526.5	-999.9
Bamako	2018	4	26	116	26.0	38.5	23.7	-999.9	0.0	2.2	96572.2	-999.9
Bamako	2018	4	27	117	27.6	38.2	23.9	-999.9	3.3	1.7	96585.1	-999.9
Bamako	2018	4	28	118	27.3	38.6	22.7	-999.9	0.0	1.7	96631.1	-999.9
Bamako	2018	4	29	119	26.9	39.9	25.5	-999.9	0.0	1.3	96556.6	-999.9
Bamako	2018	4	30	120	26.3	39.3	24.3	-999.9	0.0	1.5	96573.2	-999.9
Bamako	2018	5	1	121	26.6	40.4	24.8	-999.9	0.0	1.9	96608.4	-999.9
Bamako	2018	5	2	122	24.0	40.2	26.7	-999.9	0.0	2.1	96610.0	-999.9
Bamako	2018	5	3	123	24.7	40.1	26.3	-999.9	0.0	1.9	96485.9	-999.9
Bamako	2018	5	4	124	25.4	39.3	23.6	-999.9	0.0	1.1	96482.4	-999.9
Bamako	2018	5	5	125	26.5	38.9	23.9	-999.9	0.0	1.3	96545.6	-999.9
Bamako	2018	5	6	126	26.7	39.6	24.3	-999.9	8.3	1.8	96656.4	-999.9
Bamako	2018	5	7	127	27.6	38.8	21.9	-999.9	0.0	1.9	96660.6	-999.9
Bamako	2018	5	8	128	29.0	40.7	24.6	-999.9	0.0	1.9	96448.3	-999.9
Bamako	2018	5	9	129	27.8	39.8	24.8	-999.9	0.0	1.7	96391.5	-999.9
Bamako	2018	5	10	130	28.4	39.6	24.5	-999.9	0.0	2.0	96456.8	-999.9
Bamako	2018	5	11	131	27.2	36.3	23.3	-999.9	0.0	2.1	96717.8	-999.9
Bamako	2018	5	12	132	25.9	35.8	20.4	-999.9	0.0	1.6	96819.2	-999.9
Bamako	2018	5	13	133	25.2	36.9	23.8	-999.9	0.0	1.6	96704.8	-999.9
Bamako	2018	5	14	134	27.2	40.2	24.1	-999.9	0.0	1.8	96517.7	-999.9
Bamako	2018	5	15	135	27.9	39.3	23.5	-999.9	0.0	2.4	96534.0	-999.9
Bamako	2018	5	16	136	24.7	38.3	20.0	-999.9	7.5	2.2	96587.0	-999.9
Bamako	2018	5	17	137	26.7	38.3	23.4	-999.9	0.0	1.9	96595.8	-999.9
Bamako	2018	5	18	138	24.1	37.0	22.8	-999.9	7.5	2.1	96648.8	-999.9
Bamako	2018	5	19	139	26.9	37.3	24.2	-999.9	0.0	1.8	96614.1	-999.9
Bamako	2018	5	20	140	27.4	38.2	22.6	-999.9	7.5	1.8	96586.0	-999.9
Bamako	2018	5	21	141	27.5	38.7	24.0	-999.9	0.0	2.6	96530.4	-999.9
Bamako	2018	5	22	142	27.6	38.5	23.9	-999.9	0.0	2.3	96511.6	-999.9
Bamako	2018	5	23	143	27.7	37.9	22.9	-999.9	0.0	2.6	96604.0	-999.9
Bamako	2018	5	24	144	27.7	38.2	23.9	-999.9	0.0	2.4	96648.6	-999.9
Bamako	2018	5	25	145	28.1	37.4	24.0	-999.9	6.6	2.2	96576.2	-999.9
Bamako	2018	5	26	146	25.6	39.1	24.3	-999.9	0.0	2.7	96549.0	-999.9
Bamako	2018	5	27	147	26.4	36.9	24.3	-999.9	0.0	1.9	96646.3	-999.9
Bamako	2018	5	28	148	26.6	35.6	23.0	-999.9	7.4	2.4	96842.3	-999.9
Bamako	2018	5	29	149	26.1	34.1	21.4	-999.9	0.0	1.5	96811.1	-999.9
Bamako	2018	5	30	150	26.8	36.8	24.4	-999.9	0.0	1.6	96689.4	-999.9
Bamako	2018	5	31	151	26.9	36.7	23.8	-999.9	7.4	2.0	96674.5	-999.9
Bamako	2018	6	1	152	26.6	36.5	23.3	-999.9	6.8	1.8	96788.7	-999.9
Bamako	2018	6	2	153	26.5	33.9	21.9	-999.9	0.0	1.6	96805.6	-999.9
Bamako	2018	6	3	154	26.5	35.6	24.0	-999.9	6.8	1.1	96874.0	-999.9
Bamako	2018	6	4	155	25.9	35.3	22.8	-999.9	13.6	1.7	96849.0	-999.9
Bamako	2018	6	5	156	26.4	34.7	20.2	-999.9	6.8	1.7	96755.4	-999.9
Bamako	2018	6	6	157	26.5	35.6	20.5	-999.9	0.0	1.8	96806.0	-999.9
Bamako	2018	6	7	158	26.4	36.3	23.3	-999.9	1.9	2.1	96860.6	-999.9
Bamako	2018	6	8	159	26.2	37.3	24.5	-999.9	1.9	1.7	96801.9	-999.9
Bamako	2018	6	9	160	26.8	38.0	23.4	-999.9	1.9	2.5	96704.6	-999.9
Bamako	2018	6	10	161	27.2	37.6	23.4	-999.9	3.9	2.4	96642.8	-999.9
Bamako	2018	6	11	162	26.4	35.5	23.7	-999.9	0.0	2.3	96759.1	-999.9
Bamako	2018	6	12	163	26.1	35.8	24.0	-999.9	0.0	2.2	96893.2	-999.9
Bamako	2018	6	13	164	26.7	36.5	23.2	-999.9	0.0	1.3	96897.2	-999.9
Bamako	2018	6	14	165	24.2	33.8	19.0	-999.9	17.9	2.0	96903.6	-999.9
Bamako	2018	6	15	166	26.4	36.8	23.4	-999.9	0.0	2.2	96836.9	-999.9
Bamako	2018	6	16	167	26.6	37.5	24.6	-999.9	0.0	2.2	96752.9	-999.9
Bamako	2018	6	17	168	25.8	35.6	22.1	-999.9	0.0	3.1	96855.6	-999.9
Bamako	2018	6	18	169	25.4	35.7	21.8	-999.9	0.0	2.9	96927.2	-999.9
Bamako	2018	6	19	170	24.4	37.0	22.0	-999.9	5.9	2.3	96792.7	-999.9
Bamako	2018	6	20	171	25.7	36.2	24.4	-999.9	0.0	2.9	96775.2	-999.9
Bamako	2018	6	21	172	27.2	36.9	24.9	-999.9	0.0	3.3	96733.4	-999.9
Bamako	2018	6	22	173	27.1	36.1	21.7	-999.9	0.0	2.5	96720.9	-999.9
Bamako	2018	6	23	174	24.5	33.7	21.6	-999.9	0.0	1.7	96828.0	-999.9
Bamako	2018	6	24	175	24.1	30.6	11.9	-999.9	11.8	1.7	96772.3	-999.9
Bamako	2018	6	25	176	23.2	29.6	17.4	-999.9	3.9	1.8	96714.3	-999.9
Bamako	2018	6	26	177	23.2	32.3	22.8	-999.9	0.0	1.9	96830.6	-999.9
Bamako	2018	6	27	178	23.2	30.2	14.4	-999.9	21.3	1.9	96938.7	-999.9
Bamako	2018	6	28	179	22.8	31.3	21.8	-999.9	0.0	1.5	96864.9	-999.9
Bamako	2018	6	29	180	25.2	30.9	20.5	-999.9	21.3	1.9	96708.0	-999.9
Bamako	2018	6	30	181	24.2	31.2	22.4	-999.9	7.1	1.9	96613.5	-999.9
Bamako	2018	7	1	182	23.7	30.8	20.6	-999.9	6.2	1.6	96669.3	-999.9
Bamako	2018	7	2	183	23.5	30.8	21.5	-999.9	12.5	1.3	96735.0	-999.9
Bamako	2018	7	3	184	23.4	29.8	18.0	-999.9	6.2	1.0	96763.0	-999.9
Bamako	2018	7	4	185	22.6	30.2	19.9	-999.9	12.5	1.3	96837.9	-999.9
Bamako	2018	7	5	186	23.5	31.4	23.3	-999.9	6.2	1.7	96896.0	-999.9
Bamako	2018	7	6	187	23.1	29.4	14.4	-999.9	17.5	1.6	96927.0	-999.9
Bamako	2018	7	7	188	22.4	29.1	16.9	-999.9	17.5	1.0	96985.2	-999.9
Bamako	2018	7	8	189	23.1	32.0	23.2	-999.9	0.0	1.3	96951.7	-999.9
Bamako	2018	7	9	190	22.9	31.3	20.5	-999.9	17.5	1.7	96928.3	-999.9
Bamako	2018	7	10	191	22.6	30.5	22.2	-999.9	0.0	1.2	97048.6	-999.9
Bamako	2018	7	11	192	23.8	31.5	24.3	-999.9	11.4	1.9	97037.2	-999.9
Bamako	2018	7	12	193	23.4	29.0	14.7	-999.9	22.7	1.9	96992.3	-999.9
Bamako	2018	7	13	194	23.0	30.3	21.4	-999.9	5.7	1.2	96971.6	-999.9
Bamako	2018	7	14	195	23.5	32.3	23.3	-999.9	5.7	1.5	96924.8	-999.9
Bamako	2018	7	15	196	24.6	31.3	22.2	-999.9	17.0	2.1	96787.8	-999.9
Bamako	2018	7	16	197	23.7	28.8	13.4	-999.9	10.2	1.5	96870.7	-999.9
Bamako	2018	7	17	198	23.2	28.9	17.3	-999.9	40.9	1.8	96938.2	-999.9
Bamako	2018	7	18	199	23.4	28.9	16.2	-999.9	0.0	1.6	96946.8	-999.9
Bamako	2018	7	19	200	22.6	29.2	20.8	-999.9	0.0	1.2	96929.1	-999.9
Bamako	2018	7	20	201	23.2	31.0	22.7	-999.9	0.0	1.2	96853.6	-999.9
Bamako	2018	7	21	202	23.7	30.7	18.6	-999.9	11.0	1.5	96772.3	-999.9
Bamako	2018	7	22	203	22.6	29.5	19.9	-999.9	0.0	1.9	96841.3	-999.9
Bamako	2018	7	23	204	23.1	30.2	21.8	-999.9	5.5	1.6	96985.8	-999.9
Bamako	2018	7	24	205	23.1	29.8	18.1	-999.9	0.0	2.4	96958.9	-999.9
Bamako	2018	7	25	206	24.1	28.8	12.8	-999.9	27.5	2.2	96914.5	-999.9
Bamako	2018	7	26	207	23.6	29.1	15.7	-999.9	0.0	1.8	96914.3	-999.9
Bamako	2018	7	27	208	23.0	28.5	17.5	-999.9	10.7	1.3	97087.0	-999.9
Bamako	2018	7	28	209	23.2	29.5	21.0	-999.9	0.0	1.3	97111.4	-999.9
Bamako	2018	7	29	210	23.1	31.1	20.5	-999.9	10.7	1.9	96966.1	-999.9
Bamako	2018	7	30	211	22.9	30.5	20.7	-999.9	0.0	1.5	96830.9	-999.9
Bamako	2018	7	31	212	23.1	28.2	17.9	-999.9	0.0	2.2	96925.8	-999.9
Bamako	2018	8	1	213	23.0	28.5	14.8	-999.9	23.6	1.7	96900.1	-999.9
Bamako	2018	8	2	214	22.2	25.6	8.3	-999.9	0.0	1.0	96898.5	-999.9
Bamako	2018	8	3	215	21.3	29.5	20.4	-999.9	0.0	0.9	96909.8	-999.9
Bamako	2018	8	4	216	23.4	27.5	11.7	-999.9	23.6	1.5	96942.8	-999.9
Bamako	2018	8	5	217	22.4	28.6	18.5	-999.9	0.0	1.6	96985.4	-999.9
Bamako	2018	8	6	218	22.7	30.2	18.9	-999.9	0.0	1.3	97036.9	-999.9
Bamako	2018	8	7	219	23.0	27.0	11.7	-999.9	19.4	1.1	96985.6	-999.9
Bamako	2018	8	8	220	22.6	28.2	15.7	-999.9	0.0	1.9	97026.7	-999.9
Bamako	2018	8	9	221	22.1	28.6	17.6	-999.9	6.5	2.2	97049.5	-999.9
Bamako	2018	8	10	222	23.2	25.3	9.8	-999.9	12.9	2.2	96999.5	-999.9
Bamako	2018	8	11	223	22.2	27.4	12.7	-999.9	7.9	1.5	96936.8	-999.9
Bamako	2018	8	12	224	22.3	23.4	5.4	-999.9	11.8	1.7	96946.4	-999.9
Bamako	2018	8	13	225	22.1	28.1	17.3	-999.9	0.0	1.9	97013.1	-999.9
Bamako	2018	8	14	226	21.8	27.4	14.1	-999.9	3.9	1.9	97042.6	-999.9
Bamako	2018	8	15	227	22.1	28.6	16.3	-999.9	3.9	0.9	97056.1	-999.9
Bamako	2018	8	16	228	21.8	29.7	21.3	-999.9	2.3	1.2	97049.0	-999.9
Bamako	2018	8	17	229	23.5	30.1	20.6	-999.9	11.8	1.5	96940.6	-999.9
Bamako	2018	8	18	230	22.7	25.7	9.3	-999.9	15.6	1.7	96789.8	-999.9
Bamako	2018	8	19	231	22.7	25.2	8.1	-999.9	12.6	1.2	96902.4	-999.9
Bamako	2018	8	20	232	22.3	27.8	17.4	-999.9	7.3	1.9	97028.8	-999.9
Bamako	2018	8	21	233	22.6	29.6	20.9	-999.9	0.0	1.7	96931.3	-999.9
Bamako	2018	8	22	234	23.0	27.6	12.9	-999.9	7.4	1.4	96867.1	-999.9
Bamako	2018	8	23	235	22.1	28.2	16.8	-999.9	0.0	1.2	96879.2	-999.9
Bamako	2018	8	24	236	22.5	30.1	20.2	-999.9	0.0	1.2	96836.2	-999.9
Bamako	2018	8	25	237	23.1	30.6	17.3	-999.9	22.3	1.5	96752.8	-999.9
Bamako	2018	8	26	238	22.8	28.8	15.2	-999.9	0.0	1.1	96788.8	-999.9
Bamako	2018	8	27	239	22.4	28.2	18.2	-999.9	0.0	2.1	96859.7	-999.9
Bamako	2018	8	28	240	23.0	27.8	17.8	-999.9	32.0	1.9	96922.5	-999.9
Bamako	2018	8	29	241	22.3	28.8	14.9	-999.9	21.4	1.1	96803.2	-999.9
Bamako	2018	8	30	242	22.5	28.8	22.0	-999.9	0.0	2.6	96764.6	-999.9
Bamako	2018	8	31	243	22.9	29.2	20.6	-999.9	10.7	2.3	96752.0	-999.9
Bamako	2018	9	1	244	23.4	29.6	18.4	-999.9	9.4	1.2	96699.1	-999.9
Bamako	2018	9	2	245	22.5	29.0	17.8	-999.9	0.0	1.0	96708.7	-999.9
Bamako	2018	9	3	246	22.8	28.4	17.9	-999.9	0.0	1.5	96696.5	-999.9
Bamako	2018	9	4	247	21.7	29.8	21.3	-999.9	0.0	1.0	96683.0	-999.9
Bamako	2018	9	5	248	22.7	28.1	12.8	-999.9	28.1	0.9	96818.3	-999.9
Bamako	2018	9	6	249	22.6	29.2	16.5	-999.9	0.0	1.3	96759.5	-999.9
Bamako	2018	9	7	250	23.0	30.5	23.9	-999.9	0.0	1.6	96684.8	-999.9
Bamako	2018	9	8	251	22.5	29.7	16.1	-999.9	17.5	1.3	96783.7	-999.9
Bamako	2018	9	9	252	22.3	26.5	10.2	-999.9	17.5	1.5	96816.5	-999.9
Bamako	2018	9	10	253	22.2	27.7	14.5	-999.9	17.5	0.5	96820.7	-999.9
Bamako	2018	9	11	254	22.4	28.4	17.9	-999.9	0.0	1.6	96900.8	-999.9
Bamako	2018	9	12	255	22.0	28.5	18.4	-999.9	0.0	1.1	96978.3	-999.9
Bamako	2018	9	13	256	21.7	29.5	21.4	-999.9	0.0	1.1	96902.7	-999.9
Bamako	2018	9	14	257	22.3	31.6	24.7	-999.9	23.2	0.9	96820.5	-999.9
Bamako	2018	9	15	258	22.4	30.2	21.6	-999.9	0.0	1.0	96858.4	-999.9
Bamako	2018	9	16	259	23.0	30.1	16.7	-999.9	21.6	1.1	96875.4	-999.9
Bamako	2018	9	17	260	22.5	28.8	18.5	-999.9	0.0	1.1	96808.8	-999.9
Bamako	2018	9	18	261	22.8	30.5	22.1	-999.9	10.8	1.4	96825.5	-999.9
Bamako	2018	9	19	262	21.6	31.3	21.9	-999.9	0.0	1.6	96801.2	-999.9
Bamako	2018	9	20	263	24.1	31.6	23.2	-999.9	0.0	1.3	96713.5	-999.9
Bamako	2018	9	21	264	23.1	31.1	23.0	-999.9	5.2	1.5	96698.6	-999.9
Bamako	2018	9	22	265	23.6	28.7	11.9	-999.9	5.2	1.1	96800.7	-999.9
Bamako	2018	9	23	266	23.2	30.3	20.2	-999.9	0.0	0.9	96788.7	-999.9
Bamako	2018	9	24	267	22.5	29.3	18.0	-999.9	10.4	1.3	96875.7	-999.9
Bamako	2018	9	25	268	22.4	30.5	21.9	-999.9	10.4	1.3	96856.5	-999.9
Bamako	2018	9	26	269	23.2	32.2	22.5	-999.9	0.0	1.3	96754.3	-999.9
Bamako	2018	9	27	270	23.9	30.9	21.7	-999.9	0.0	1.1	96731.3	-999.9
Bamako	2018	9	28	271	23.8	31.1	22.5	-999.9	23.2	1.8	96718.5	-999.9
Bamako	2018	9	29	272	23.6	30.2	16.6	-999.9	11.6	1.3	96802.9	-999.9
Bamako	2018	9	30	273	23.5	28.6	14.9	-999.9	0.0	1.0	96864.3	-999.9
Bamako	2018	10	1	274	23.0	30.6	21.1	-999.9	7.0	1.2	96837.8	-999.9
Bamako	2018	10	2	275	23.6	30.2	19.0	-999.9	3.5	1.1	96810.3	-999.9
Bamako	2018	10	3	276	23.4	31.1	21.3	-999.9	0.0	1.6	96806.6	-999.9
Bamako	2018	10	4	277	23.6	31.0	20.2	-999.9	0.0	1.4	96799.6	-999.9
Bamako	2018	10	5	278	22.5	31.0	20.9	-999.9	7.0	1.1	96780.1	-999.9
Bamako	2018	10	6	279	23.5	29.9	19.1	-999.9	0.0	1.4	96906.6	-999.9
Bamako	2018	10	7	280	22.8	30.5	19.5	-999.9	3.5	1.2	96943.3	-999.9
Bamako	2018	10	8	281	23.4	33.0	22.1	-999.9	0.0	1.2	96752.0	-999.9
Bamako	2018	10	9	282	24.1	32.2	21.8	-999.9	0.0	1.6	96678.5	-999.9
Bamako	2018	10	10	283	23.6	32.2	21.6	-999.9	0.0	1.3	96733.2	-999.9
Bamako	2018	10	11	284	23.5	31.7	21.9	-999.9	2.9	1.1	96860.1	-999.9
Bamako	2018	10	12	285	23.3	33.0	22.4	-999.9	0.0	1.2	96840.7	-999.9
Bamako	2018	10	13	286	23.7	32.1	22.1	-999.9	2.9	1.3	96826.2	-999.9
Bamako	2018	10	14	287	23.6	30.3	20.5	-999.9	0.0	1.3	96778.8	-999.9
Bamako	2018	10	15	288	23.6	31.7	21.2	-999.9	2.9	1.4	96929.4	-999.9
Bamako	2018	10	16	289	23.2	32.0	21.6	-999.9	0.0	1.2	96999.1	-999.9
Bamako	2018	10	17	290	23.5	33.9	22.7	-999.9	0.0	1.0	96854.6	-999.9
Bamako	2018	10	18	291	24.1	33.2	21.2	-999.9	0.0	1.2	96673.6	-999.9
Bamako	2018	10	19	292	24.8	32.4	20.0	-999.9	2.7	1.2	96626.4	-999.9
Bamako	2018	10	20	293	23.9	30.5	15.3	-999.9	8.1	1.2	96736.4	-999.9
Bamako	2018	10	21	294	22.6	33.9	23.2	-999.9	0.0	1.8	96650.3	-999.9
Bamako	2018	10	22	295	21.7	33.2	22.7	-999.9	0.0	1.3	96749.5	-999.9
Bamako	2018	10	23	296	22.1	34.6	21.8	-999.9	0.0	1.3	96809.7	-999.9
Bamako	2018	10	24	297	22.5	35.3	21.6	-999.9	0.0	1.5	96735.2	-999.9
Bamako	2018	10	25	298	22.2	34.6	21.8	-999.9	0.0	1.3	96657.3	-999.9
Bamako	2018	10	26	299	22.9	33.7	21.0	-999.9	7.0	1.1	96726.5	-999.9
Bamako	2018	10	27	300	23.6	34.2	20.4	-999.9	7.0	1.3	96798.0	-999.9
Bamako	2018	10	28	301	23.0	32.7	19.5	-999.9	7.0	1.1	96841.7	-999.9
Bamako	2018	10	29	302	23.8	31.8	18.4	-999.9	0.0	1.6	96877.2	-999.9
Bamako	2018	10	30	303	23.3	32.0	19.3	-999.9	0.0	1.2	96859.1	-999.9
Bamako	2018	10	31	304	23.2	32.3	18.0	-999.9	0.0	1.5	96856.3	-999.9
Bamako	2018	11	1	305	23.1	33.8	19.8	-999.9	1.0	1.6	96787.5	-999.9
Bamako	2018	11	2	306	23.9	34.6	21.5	-999.9	0.0	2.2	96768.0	-999.9
Bamako	2018	11	3	307	22.3	34.8	22.1	-999.9	0.0	1.7	96636.6	-999.9
Bamako	2018	11	4	308	20.3	34.5	22.2	-999.9	0.0	1.6	96628.3	-999.9
Bamako	2018	11	5	309	21.0	32.4	19.2	-999.9	0.0	1.3	96681.2	-999.9
Bamako	2018	11	6	310	23.1	33.3	17.3	-999.9	0.0	1.2	96721.2	-999.9
Bamako	2018	11	7	311	24.2	35.8	21.1	-999.9	0.0	1.6	96748.0	-999.9
Bamako	2018	11	8	312	22.4	34.9	20.2	-999.9	0.0	1.6	96875.6	-999.9
Bamako	2018	11	9	313	21.7	35.9	22.0	-999.9	0.0	2.1	96816.6	-999.9
Bamako	2018	11	10	314	20.1	35.4	22.2	-999.9	0.0	2.0	96723.4	-999.9
Bamako	2018	11	11	315	19.0	35.0	22.0	-999.9	0.0	1.8	96658.3	-999.9
Bamako	2018	11	12	316	22.8	35.3	21.6	-999.9	0.0	1.7	96654.3	-999.9
Bamako	2018	11	13	317	20.4	35.2	21.4	-999.9	0.0	1.6	96612.8	-999.9
Bamako	2018	11	14	318	23.4	34.6	18.9	-999.9	0.0	1.4	96626.9	-999.9
Bamako	2018	11	15	319	22.5	35.5	20.0	-999.9	0.0	1.8	96656.2	-999.9
Bamako	2018	11	16	320	21.3	35.0	18.7	-999.9	0.0	1.5	96753.1	-999.9
Bamako	2018	11	17	321	19.9	34.7	20.7	-999.9	0.0	1.4	96739.8	-999.9
Bamako	2018	11	18	322	23.1	33.8	18.6	-999.9	0.0	1.5	96720.4	-999.9
Bamako	2018	11	19	323	24.4	33.8	19.1	-999.9	0.0	2.4	96798.6	-999.9
Bamako	2018	11	20	324	22.3	34.5	19.1	-999.9	0.0	1.6	96901.8	-999.9
Bamako	2018	11	21	325	23.8	34.5	17.9	-999.9	0.0	1.5	96881.5	-999.9
Bamako	2018	11	22	326	22.6	35.4	19.8	-999.9	0.0	1.8	96806.0	-999.9
Bamako	2018	11	23	327	19.7	35.0	21.1	-999.9	0.0	2.1	96756.0	-999.9
Bamako	2018	11	24	328	18.7	35.7	21.1	-999.9	0.0	1.6	96796.4	-999.9
Bamako	2018	11	25	329	20.3	35.0	20.8	-999.9	0.0	2.1	96836.6	-999.9
Bamako	2018	11	26	330	19.6	34.3	20.8	-999.9	0.0	2.2	96737.7	-999.9
Bamako	2018	11	27	331	18.1	34.8	20.7	-999.9	0.0	2.1	96666.9	-999.9
Bamako	2018	11	28	332	19.2	34.8	20.8	-999.9	0.0	2.1	96673.5	-999.9
Bamako	2018	11	29	333	18.8	34.6	20.5	-999.9	0.0	2.2	96705.3	-999.9
Bamako	2018	11	30	334	20.4	34.7	19.8	-999.9	0.0	2.1	96722.5	-999.9
Bamako	2018	12	1	335	18.2	33.4	18.4	-999.9	0.0	1.9	96787.5	-999.9
Bamako	2018	12	2	336	17.4	33.4	20.8	-999.9	0.0	2.1	96842.9	-999.9
Bamako	2018	12	3	337	18.4	32.8	20.8	-999.9	0.0	2.4	96724.1	-999.9
Bamako	2018	12	4	338	18.8	33.1	20.4	-999.9	0.0	2.4	96617.0	-999.9
Bamako	2018	12	5	339	18.5	33.9	20.2	-999.9	0.0	2.1	96689.4	-999.9
Bamako	2018	12	6	340	19.8	33.8	20.1	-999.9	0.0	2.3	96876.9	-999.9
Bamako	2018	12	7	341	20.0	33.7	20.2	-999.9	0.0	2.3	97000.0	-999.9
Bamako	2018	12	8	342	18.4	32.4	20.6	-999.9	0.0	2.3	97056.1	-999.9
Bamako	2018	12	9	343	17.6	31.9	20.5	-999.9	0.0	2.2	97111.5	-999.9
Bamako	2018	12	10	344	17.6	32.0	20.3	-999.9	0.0	2.0	97140.9	-999.9
Bamako	2018	12	11	345	15.0	32.2	20.4	-999.9	0.0	1.8	97011.4	-999.9
Bamako	2018	12	12	346	17.4	32.3	19.4	-999.9	0.0	2.2	96976.8	-999.9
Bamako	2018	12	13	347	18.7	32.7	19.4	-999.9	0.0	2.2	97101.5	-999.9
Bamako	2018	12	14	348	20.2	32.9	18.9	-999.9	0.0	2.6	97210.8	-999.9
Bamako	2018	12	15	349	19.7	32.8	19.4	-999.9	0.0	2.4	97283.1	-999.9
Bamako	2018	12	16	350	18.4	31.7	19.9	-999.9	0.0	2.2	97190.6	-999.9
Bamako	2018	12	17	351	17.2	32.5	19.9	-999.9	0.0	1.9	97105.3	-999.9
Bamako	2018	12	18	352	17.5	33.8	19.9	-999.9	0.0	1.6	97022.7	-999.9
Bamako	2018	12	19	353	18.3	33.8	19.8	-999.9	0.0	1.8	96955.6	-999.9
Bamako	2018	12	20	354	18.7	33.4	19.7	-999.9	0.0	1.9	96951.4	-999.9
Bamako	2018	12	21	355	18.7	32.9	20.1	-999.9	0.0	2.2	96965.1	-999.9
Bamako	2018	12	22	356	18.5	31.8	20.2	-999.9	0.0	2.3	96939.3	-999.9
Bamako	2018	12	23	357	17.8	31.0	20.3	-999.9	0.0	2.5	96921.1	-999.9
Bamako	2018	12	24	358	16.8	31.1	20.4	-999.9	0.0	2.3	96979.3	-999.9
Bamako	2018	12	25	359	16.6	30.6	20.2	-999.9	0.0	2.3	96966.8	-999.9
Bamako	2018	12	26	360	16.8	30.6	20.4	-999.9	0.0	2.1	97017.7	-999.9
Bamako	2018	12	27	361	16.4	31.5	20.3	-999.9	0.0	2.0	96898.7	-999.9
Bamako	2018	12	28	362	15.1	32.6	20.1	-999.9	0.0	1.7	96832.2	-999.9
Bamako	2018	12	29	363	16.8	33.1	18.0	-999.9	0.0	1.6	96781.5	-999.9
Bamako	2018	12	30	364	19.6	33.7	19.2	-999.9	0.0	1.9	96791.1	-999.9
Bamako	2018	12	31	365	20.2	34.4	19.0	-999.9	0.0	2.3	96973.6	-999.9
