Bamako	1997	1	1	1	20.2	33.3	18.2	-999.9	0.0	2.3	96733.2	-999.9
Bamako	1997	1	2	2	19.8	34.0	19.7	-999.9	0.0	2.9	96846.9	-999.9
Bamako	1997	1	3	3	20.1	33.9	17.9	-999.9	0.0	2.7	96818.6	-999.9
Bamako	1997	1	4	4	21.1	33.6	20.1	-999.9	0.0	2.9	96754.4	-999.9
Bamako	1997	1	5	5	22.5	34.3	19.7	-999.9	0.0	2.1	96649.4	-999.9
Bamako	1997	1	6	6	21.7	34.7	20.1	-999.9	0.0	2.6	96618.5	-999.9
Bamako	1997	1	7	7	19.9	35.0	19.4	-999.9	0.0	2.0	96716.9	-999.9
Bamako	1997	1	8	8	22.8	34.7	19.7	-999.9	0.0	2.8	96791.5	-999.9
Bamako	1997	1	9	9	21.8	33.9	20.1	-999.9	0.0	2.7	96791.3	-999.9
Bamako	1997	1	10	10	20.1	33.4	20.2	-999.9	0.0	2.2	96771.2	-999.9
Bamako	1997	1	11	11	19.9	33.8	20.3	-999.9	0.0	2.1	96722.1	-999.9
Bamako	1997	1	12	12	19.8	34.2	20.2	-999.9	0.0	2.0	96744.8	-999.9
Bamako	1997	1	13	13	20.2	34.7	20.2	-999.9	0.0	1.9	96748.7	-999.9
Bamako	1997	1	14	14	20.6	34.8	19.9	-999.9	0.0	1.9	96754.2	-999.9
Bamako	1997	1	15	15	20.7	34.7	20.1	-999.9	0.0	1.4	96761.1	-999.9
Bamako	1997	1	16	16	21.6	34.8	20.3	-999.9	0.0	2.2	96809.6	-999.9
Bamako	1997	1	17	17	21.8	34.0	20.6	-999.9	0.0	2.9	96879.7	-999.9
Bamako	1997	1	18	18	20.5	33.8	20.9	-999.9	0.0	2.8	96839.3	-999.9
Bamako	1997	1	19	19	19.4	33.8	21.1	-999.9	0.0	2.2	96812.8	-999.9
Bamako	1997	1	20	20	17.5	34.8	21.0	-999.9	0.0	1.4	96615.6	-999.9
Bamako	1997	1	21	21	19.7	34.8	19.6	-999.9	0.0	1.4	96577.3	-999.9
Bamako	1997	1	22	22	21.3	31.2	14.6	-999.9	0.0	1.7	96854.1	-999.9
Bamako	1997	1	23	23	20.2	31.1	19.8	-999.9	0.0	2.7	96933.4	-999.9
Bamako	1997	1	24	24	19.5	30.5	18.7	-999.9	0.0	2.5	96957.1	-999.9
Bamako	1997	1	25	25	18.0	32.0	21.0	-999.9	0.0	2.1	96828.4	-999.9
Bamako	1997	1	26	26	18.7	32.8	21.1	-999.9	0.0	2.2	96735.9	-999.9
Bamako	1997	1	27	27	18.3	32.9	21.6	-999.9	0.0	2.3	96796.6	-999.9
Bamako	1997	1	28	28	18.0	32.1	21.7	-999.9	0.0	2.6	96884.7	-999.9
Bamako	1997	1	29	29	17.8	32.5	21.9	-999.9	0.0	2.6	96912.2	-999.9
Bamako	1997	1	30	30	18.7	32.8	21.8	-999.9	0.0	2.9	96867.4	-999.9
Bamako	1997	1	31	31	19.6	31.9	21.8	-999.9	0.0	3.0	96958.0	-999.9
Bamako	1997	2	1	32	18.0	31.1	22.1	-999.9	0.0	2.7	96931.6	-999.9
Bamako	1997	2	2	33	17.2	31.3	22.1	-999.9	0.0	2.4	96867.7	-999.9
Bamako	1997	2	3	34	17.6	32.2	22.1	-999.9	0.0	2.2	96815.8	-999.9
Bamako	1997	2	4	35	18.3	33.5	22.0	-999.9	0.0	2.3	96777.0	-999.9
Bamako	1997	2	5	36	19.1	34.2	22.0	-999.9	0.0	2.4	96854.1	-999.9
Bamako	1997	2	6	37	19.3	34.1	22.1	-999.9	0.0	2.5	96901.1	-999.9
Bamako	1997	2	7	38	19.5	33.9	22.2	-999.9	0.0	2.4	96880.9	-999.9
Bamako	1997	2	8	39	19.4	34.6	22.3	-999.9	0.0	2.4	96843.7	-999.9
Bamako	1997	2	9	40	20.3	34.1	22.5	-999.9	0.0	2.8	96915.6	-999.9
Bamako	1997	2	10	41	18.6	34.3	22.6	-999.9	0.0	2.6	96879.7	-999.9
Bamako	1997	2	11	42	19.2	34.3	22.7	-999.9	0.0	2.6	96894.2	-999.9
Bamako	1997	2	12	43	20.0	34.2	22.9	-999.9	0.0	3.0	97002.4	-999.9
Bamako	1997	2	13	44	20.7	33.3	22.8	-999.9	0.0	3.4	97116.1	-999.9
Bamako	1997	2	14	45	20.0	32.9	22.8	-999.9	0.0	2.9	97091.6	-999.9
Bamako	1997	2	15	46	18.5	32.7	22.8	-999.9	0.0	2.6	96945.3	-999.9
Bamako	1997	2	16	47	18.7	32.6	23.0	-999.9	0.0	2.4	96912.5	-999.9
Bamako	1997	2	17	48	18.6	32.8	23.1	-999.9	0.0	2.4	96934.3	-999.9
Bamako	1997	2	18	49	19.1	33.5	23.2	-999.9	0.0	2.5	96942.7	-999.9
Bamako	1997	2	19	50	19.7	34.2	23.4	-999.9	0.0	2.7	96941.6	-999.9
Bamako	1997	2	20	51	19.5	34.2	23.6	-999.9	0.0	2.8	96935.9	-999.9
Bamako	1997	2	21	52	19.4	34.2	23.6	-999.9	0.0	2.7	97009.5	-999.9
Bamako	1997	2	22	53	19.1	33.6	23.6	-999.9	0.0	2.6	97056.4	-999.9
Bamako	1997	2	23	54	19.0	33.9	23.7	-999.9	0.0	2.2	96893.0	-999.9
Bamako	1997	2	24	55	19.7	35.2	23.7	-999.9	0.0	1.9	96744.9	-999.9
Bamako	1997	2	25	56	19.5	36.3	23.6	-999.9	0.0	1.8	96690.1	-999.9
Bamako	1997	2	26	57	21.8	35.1	23.7	-999.9	0.0	2.6	96685.5	-999.9
Bamako	1997	2	27	58	20.8	34.5	23.6	-999.9	0.0	2.5	96666.6	-999.9
Bamako	1997	2	28	59	20.9	34.2	22.2	-999.9	0.0	2.2	96709.7	-999.9
Bamako	1997	3	1	60	20.9	34.7	19.5	-999.9	0.6	2.5	96720.4	-999.9
Bamako	1997	3	2	61	21.4	36.1	24.1	-999.9	0.0	2.6	96719.6	-999.9
Bamako	1997	3	3	62	22.1	35.8	24.0	-999.9	0.0	2.9	96787.5	-999.9
Bamako	1997	3	4	63	21.1	34.4	24.4	-999.9	0.0	2.8	96870.0	-999.9
Bamako	1997	3	5	64	19.9	33.4	24.8	-999.9	0.0	2.8	96892.0	-999.9
Bamako	1997	3	6	65	20.1	32.9	24.8	-999.9	0.0	2.9	96900.5	-999.9
Bamako	1997	3	7	66	19.6	33.4	24.8	-999.9	0.0	2.6	96859.6	-999.9
Bamako	1997	3	8	67	20.2	35.0	24.2	-999.9	0.0	2.3	96769.6	-999.9
Bamako	1997	3	9	68	20.9	36.2	24.5	-999.9	0.0	2.1	96650.1	-999.9
Bamako	1997	3	10	69	22.7	35.7	22.8	-999.9	0.0	2.6	96676.2	-999.9
Bamako	1997	3	11	70	23.8	35.1	21.7	-999.9	0.0	3.0	96750.9	-999.9
Bamako	1997	3	12	71	22.9	34.3	24.0	-999.9	0.0	2.9	96878.3	-999.9
Bamako	1997	3	13	72	21.2	33.9	24.3	-999.9	0.0	2.9	96947.9	-999.9
Bamako	1997	3	14	73	20.3	33.0	24.4	-999.9	0.0	2.9	96902.6	-999.9
Bamako	1997	3	15	74	19.1	33.7	24.8	-999.9	0.0	2.6	96785.5	-999.9
Bamako	1997	3	16	75	20.1	34.6	24.4	-999.9	1.1	2.3	96715.5	-999.9
Bamako	1997	3	17	76	21.0	34.5	24.5	-999.9	0.0	2.3	96772.7	-999.9
Bamako	1997	3	18	77	22.0	34.9	23.2	-999.9	0.0	2.8	96731.7	-999.9
Bamako	1997	3	19	78	22.3	36.0	23.8	-999.9	0.0	2.5	96629.2	-999.9
Bamako	1997	3	20	79	23.2	35.0	18.1	-999.9	0.0	2.2	96585.8	-999.9
Bamako	1997	3	21	80	25.0	38.4	25.0	-999.9	0.0	2.2	96432.6	-999.9
Bamako	1997	3	22	81	23.3	38.0	25.2	-999.9	1.3	1.4	96403.3	-999.9
Bamako	1997	3	23	82	22.3	38.7	24.9	-999.9	0.0	1.6	96389.7	-999.9
Bamako	1997	3	24	83	21.5	37.7	25.3	-999.9	0.0	2.1	96365.2	-999.9
Bamako	1997	3	25	84	21.4	34.8	23.7	-999.9	0.0	1.8	96461.5	-999.9
Bamako	1997	3	26	85	21.8	35.4	22.6	-999.9	0.0	1.3	96478.7	-999.9
Bamako	1997	3	27	86	25.7	36.4	24.4	-999.9	0.0	2.1	96516.4	-999.9
Bamako	1997	3	28	87	22.9	37.4	25.2	-999.9	0.0	1.6	96574.0	-999.9
Bamako	1997	3	29	88	23.6	37.6	25.2	-999.9	0.0	1.4	96453.6	-999.9
Bamako	1997	3	30	89	25.2	36.7	25.2	-999.9	0.0	2.2	96529.0	-999.9
Bamako	1997	3	31	90	23.5	37.9	25.2	-999.9	0.0	1.9	96606.2	-999.9
Bamako	1997	4	1	91	24.3	38.8	24.4	-999.9	0.0	1.6	96556.0	-999.9
Bamako	1997	4	2	92	26.3	37.3	23.2	-999.9	0.0	2.5	96579.2	-999.9
Bamako	1997	4	3	93	27.4	37.6	22.6	-999.9	0.0	2.1	96506.0	-999.9
Bamako	1997	4	4	94	26.5	37.5	24.6	-999.9	0.0	1.8	96560.3	-999.9
Bamako	1997	4	5	95	25.9	35.3	22.7	-999.9	0.0	2.1	96818.8	-999.9
Bamako	1997	4	6	96	24.8	35.7	23.1	-999.9	0.0	1.1	96807.0	-999.9
Bamako	1997	4	7	97	25.9	37.4	22.7	-999.9	0.0	1.7	96668.7	-999.9
Bamako	1997	4	8	98	25.2	38.1	23.8	-999.9	0.0	1.2	96449.8	-999.9
Bamako	1997	4	9	99	25.2	37.7	23.9	-999.9	0.0	1.8	96467.2	-999.9
Bamako	1997	4	10	100	25.2	35.1	22.5	-999.9	2.4	1.9	96688.2	-999.9
Bamako	1997	4	11	101	25.6	35.5	18.4	-999.9	3.5	1.9	96842.1	-999.9
Bamako	1997	4	12	102	24.6	36.0	22.1	-999.9	1.2	1.4	96703.9	-999.9
Bamako	1997	4	13	103	24.1	35.6	22.4	-999.9	0.0	1.4	96582.4	-999.9
Bamako	1997	4	14	104	26.4	36.8	19.7	-999.9	1.2	1.7	96608.1	-999.9
Bamako	1997	4	15	105	26.3	37.2	20.6	-999.9	0.0	1.7	96665.7	-999.9
Bamako	1997	4	16	106	26.7	37.3	20.7	-999.9	0.0	2.0	96638.4	-999.9
Bamako	1997	4	17	107	26.7	37.8	20.8	-999.9	0.0	2.2	96474.2	-999.9
Bamako	1997	4	18	108	26.9	37.1	23.2	-999.9	0.0	2.3	96540.6	-999.9
Bamako	1997	4	19	109	26.8	37.4	22.8	-999.9	2.2	2.1	96555.3	-999.9
Bamako	1997	4	20	110	26.4	37.0	22.4	-999.9	0.0	1.7	96586.0	-999.9
Bamako	1997	4	21	111	26.6	36.4	21.7	-999.9	0.0	2.0	96540.9	-999.9
Bamako	1997	4	22	112	26.0	35.7	20.1	-999.9	3.9	1.4	96606.7	-999.9
Bamako	1997	4	23	113	24.7	34.7	23.4	-999.9	1.9	1.6	96681.3	-999.9
Bamako	1997	4	24	114	27.3	36.4	22.6	-999.9	0.0	1.1	96655.4	-999.9
Bamako	1997	4	25	115	25.2	38.9	24.9	-999.9	0.0	1.4	96590.4	-999.9
Bamako	1997	4	26	116	24.0	38.0	22.7	-999.9	0.0	1.4	96554.9	-999.9
Bamako	1997	4	27	117	23.4	38.3	26.6	-999.9	0.0	1.8	96595.8	-999.9
Bamako	1997	4	28	118	22.3	37.5	26.9	-999.9	0.0	2.3	96707.9	-999.9
Bamako	1997	4	29	119	22.3	36.4	27.1	-999.9	0.0	1.8	96679.0	-999.9
Bamako	1997	4	30	120	21.3	36.6	27.2	-999.9	0.0	1.6	96540.8	-999.9
Bamako	1997	5	1	121	20.2	37.6	26.6	-999.9	0.0	1.4	96588.2	-999.9
Bamako	1997	5	2	122	22.9	37.6	24.9	-999.9	0.0	1.6	96707.0	-999.9
Bamako	1997	5	3	123	27.1	38.2	24.8	-999.9	0.0	2.1	96752.6	-999.9
Bamako	1997	5	4	124	25.3	38.7	25.9	-999.9	0.0	1.9	96639.4	-999.9
Bamako	1997	5	5	125	24.6	38.1	25.3	-999.9	0.0	2.1	96545.3	-999.9
Bamako	1997	5	6	126	26.4	35.7	22.1	-999.9	0.0	2.3	96728.6	-999.9
Bamako	1997	5	7	127	24.9	33.1	20.5	-999.9	1.7	1.7	96865.0	-999.9
Bamako	1997	5	8	128	25.3	31.2	18.1	-999.9	3.4	1.5	96929.2	-999.9
Bamako	1997	5	9	129	24.1	32.8	21.0	-999.9	3.4	1.6	96924.6	-999.9
Bamako	1997	5	10	130	25.4	35.8	24.1	-999.9	0.0	1.6	96792.6	-999.9
Bamako	1997	5	11	131	26.1	36.2	23.1	-999.9	0.0	1.7	96724.0	-999.9
Bamako	1997	5	12	132	24.5	38.1	25.5	-999.9	0.0	1.4	96623.9	-999.9
Bamako	1997	5	13	133	25.4	37.5	24.7	-999.9	0.0	1.7	96636.8	-999.9
Bamako	1997	5	14	134	26.9	36.4	22.0	-999.9	0.0	2.1	96701.5	-999.9
Bamako	1997	5	15	135	24.9	36.4	22.4	-999.9	9.5	1.1	96844.7	-999.9
Bamako	1997	5	16	136	25.8	35.7	22.7	-999.9	0.0	1.1	96831.2	-999.9
Bamako	1997	5	17	137	26.3	36.2	21.3	-999.9	2.4	1.3	96842.0	-999.9
Bamako	1997	5	18	138	24.4	37.6	24.3	-999.9	4.7	1.1	96697.0	-999.9
Bamako	1997	5	19	139	25.5	37.1	22.9	-999.9	0.0	2.0	96662.7	-999.9
Bamako	1997	5	20	140	26.5	36.2	22.3	-999.9	0.0	2.2	96722.3	-999.9
Bamako	1997	5	21	141	26.1	37.0	21.7	-999.9	5.1	1.7	96757.8	-999.9
Bamako	1997	5	22	142	25.8	38.1	23.9	-999.9	0.0	2.1	96717.4	-999.9
Bamako	1997	5	23	143	25.7	39.0	23.7	-999.9	5.1	2.2	96635.9	-999.9
Bamako	1997	5	24	144	26.6	36.8	23.5	-999.9	0.0	1.9	96629.2	-999.9
Bamako	1997	5	25	145	26.2	36.9	22.8	-999.9	5.1	1.6	96657.3	-999.9
Bamako	1997	5	26	146	24.1	35.2	21.2	-999.9	0.0	1.8	96790.8	-999.9
Bamako	1997	5	27	147	25.6	36.5	23.5	-999.9	0.0	2.4	96724.2	-999.9
Bamako	1997	5	28	148	26.3	36.1	24.2	-999.9	0.0	2.4	96618.4	-999.9
Bamako	1997	5	29	149	24.9	33.6	20.6	-999.9	4.7	1.9	96770.9	-999.9
Bamako	1997	5	30	150	24.0	34.3	23.3	-999.9	14.2	1.7	96837.6	-999.9
Bamako	1997	5	31	151	25.5	35.5	23.6	-999.9	4.7	1.6	96776.8	-999.9
Bamako	1997	6	1	152	24.4	34.2	21.7	-999.9	0.0	1.6	96760.0	-999.9
Bamako	1997	6	2	153	25.7	35.6	23.1	-999.9	0.0	1.8	96813.5	-999.9
Bamako	1997	6	3	154	26.1	33.6	21.1	-999.9	12.5	1.4	96841.9	-999.9
Bamako	1997	6	4	155	23.7	31.1	19.9	-999.9	0.0	1.6	96834.1	-999.9
Bamako	1997	6	5	156	25.2	32.9	22.4	-999.9	0.0	1.8	96867.6	-999.9
Bamako	1997	6	6	157	24.8	32.4	22.1	-999.9	4.1	1.1	96791.4	-999.9
Bamako	1997	6	7	158	25.0	34.3	22.8	-999.9	0.0	1.6	96657.1	-999.9
Bamako	1997	6	8	159	24.9	36.9	23.7	-999.9	4.1	1.7	96682.9	-999.9
Bamako	1997	6	9	160	25.7	34.9	21.3	-999.9	4.1	1.9	96753.9	-999.9
Bamako	1997	6	10	161	25.9	35.4	19.2	-999.9	8.2	1.9	96727.1	-999.9
Bamako	1997	6	11	162	24.7	33.1	18.4	-999.9	6.9	2.0	96708.6	-999.9
Bamako	1997	6	12	163	23.7	31.2	22.4	-999.9	6.1	1.6	96818.0	-999.9
Bamako	1997	6	13	164	23.2	30.5	21.3	-999.9	6.9	1.4	96935.4	-999.9
Bamako	1997	6	14	165	23.2	30.7	21.2	-999.9	6.1	1.2	96916.5	-999.9
Bamako	1997	6	15	166	22.8	31.3	22.2	-999.9	6.1	1.5	96860.5	-999.9
Bamako	1997	6	16	167	23.0	31.2	22.3	-999.9	0.0	2.1	96887.8	-999.9
Bamako	1997	6	17	168	24.0	32.8	23.3	-999.9	0.0	1.1	96992.3	-999.9
Bamako	1997	6	18	169	23.4	32.0	24.0	-999.9	0.0	1.2	97006.8	-999.9
Bamako	1997	6	19	170	24.5	33.6	22.9	-999.9	0.0	1.7	96878.6	-999.9
Bamako	1997	6	20	171	24.7	34.5	23.5	-999.9	0.0	2.5	96674.4	-999.9
Bamako	1997	6	21	172	24.6	33.0	23.4	-999.9	0.0	1.9	96809.5	-999.9
Bamako	1997	6	22	173	25.5	33.6	21.1	-999.9	9.4	1.6	96773.8	-999.9
Bamako	1997	6	23	174	24.7	32.6	20.7	-999.9	4.7	2.2	96630.1	-999.9
Bamako	1997	6	24	175	23.9	32.2	21.6	-999.9	5.4	2.0	96668.5	-999.9
Bamako	1997	6	25	176	23.7	28.7	15.7	-999.9	0.0	1.5	96751.9	-999.9
Bamako	1997	6	26	177	23.0	31.1	20.6	-999.9	0.0	1.5	96762.1	-999.9
Bamako	1997	6	27	178	24.0	31.3	20.9	-999.9	7.3	1.1	96791.3	-999.9
Bamako	1997	6	28	179	24.3	29.3	14.6	-999.9	3.7	1.1	96873.0	-999.9
Bamako	1997	6	29	180	23.4	29.9	16.1	-999.9	3.7	1.2	96853.7	-999.9
Bamako	1997	6	30	181	23.5	30.9	22.7	-999.9	0.0	1.8	96849.2	-999.9
Bamako	1997	7	1	182	23.5	32.0	23.3	-999.9	13.5	2.1	96861.4	-999.9
Bamako	1997	7	2	183	23.5	31.8	20.6	-999.9	0.0	2.9	96789.4	-999.9
Bamako	1997	7	3	184	23.5	30.7	17.4	-999.9	13.5	2.0	96838.7	-999.9
Bamako	1997	7	4	185	22.6	31.1	20.7	-999.9	0.0	2.3	96839.0	-999.9
Bamako	1997	7	5	186	24.8	31.7	21.0	-999.9	0.0	2.6	96664.4	-999.9
Bamako	1997	7	6	187	24.4	30.4	17.8	-999.9	2.8	2.3	96803.8	-999.9
Bamako	1997	7	7	188	22.9	30.7	20.9	-999.9	0.0	2.3	96921.4	-999.9
Bamako	1997	7	8	189	23.5	31.1	21.6	-999.9	0.0	1.3	97012.3	-999.9
Bamako	1997	7	9	190	22.9	29.8	18.8	-999.9	2.8	1.1	96966.1	-999.9
Bamako	1997	7	10	191	23.0	31.6	22.7	-999.9	0.0	1.4	96938.5	-999.9
Bamako	1997	7	11	192	23.5	30.5	18.5	-999.9	17.1	1.5	97006.3	-999.9
Bamako	1997	7	12	193	23.1	31.2	23.3	-999.9	0.0	1.3	96906.7	-999.9
Bamako	1997	7	13	194	24.8	32.8	22.2	-999.9	15.0	1.5	96814.8	-999.9
Bamako	1997	7	14	195	24.0	30.8	17.1	-999.9	15.0	1.8	96893.1	-999.9
Bamako	1997	7	15	196	23.6	29.5	15.3	-999.9	7.5	1.6	96924.6	-999.9
Bamako	1997	7	16	197	23.8	30.9	22.7	-999.9	0.0	1.7	96869.7	-999.9
Bamako	1997	7	17	198	23.4	30.2	19.8	-999.9	9.2	1.7	96800.0	-999.9
Bamako	1997	7	18	199	23.5	29.0	17.2	-999.9	4.6	1.8	96921.1	-999.9
Bamako	1997	7	19	200	22.5	28.6	15.7	-999.9	4.6	1.3	97168.8	-999.9
Bamako	1997	7	20	201	22.5	30.3	21.2	-999.9	0.0	1.3	97137.9	-999.9
Bamako	1997	7	21	202	22.3	28.4	10.8	-999.9	20.3	1.4	97134.3	-999.9
Bamako	1997	7	22	203	22.7	29.4	20.3	-999.9	0.0	1.3	97102.8	-999.9
Bamako	1997	7	23	204	23.1	30.2	22.0	-999.9	0.0	1.4	97131.2	-999.9
Bamako	1997	7	24	205	23.6	30.7	22.3	-999.9	6.8	1.3	97090.1	-999.9
Bamako	1997	7	25	206	22.5	28.4	15.7	-999.9	0.0	1.1	97090.6	-999.9
Bamako	1997	7	26	207	23.1	31.2	23.7	-999.9	0.0	1.7	97052.3	-999.9
Bamako	1997	7	27	208	23.6	31.9	22.0	-999.9	16.4	1.7	96936.1	-999.9
Bamako	1997	7	28	209	23.0	30.6	19.6	-999.9	24.6	1.6	96955.8	-999.9
Bamako	1997	7	29	210	22.7	31.8	22.6	-999.9	0.0	1.8	97022.6	-999.9
Bamako	1997	7	30	211	24.2	28.4	14.2	-999.9	16.4	2.7	96919.7	-999.9
Bamako	1997	7	31	212	22.9	29.4	14.0	-999.9	0.0	2.7	96900.0	-999.9
Bamako	1997	8	1	213	21.9	23.4	6.8	-999.9	73.7	2.2	97068.1	-999.9
Bamako	1997	8	2	214	20.5	28.8	17.4	-999.9	0.0	1.2	97217.5	-999.9
Bamako	1997	8	3	215	23.0	31.0	21.1	-999.9	14.7	1.5	97150.2	-999.9
Bamako	1997	8	4	216	23.8	30.9	20.5	-999.9	0.0	1.7	97077.2	-999.9
Bamako	1997	8	5	217	23.9	30.7	21.7	-999.9	0.0	2.6	97016.2	-999.9
Bamako	1997	8	6	218	24.0	30.7	15.9	-999.9	2.8	2.9	96854.1	-999.9
Bamako	1997	8	7	219	23.0	29.2	16.8	-999.9	1.4	2.5	96882.9	-999.9
Bamako	1997	8	8	220	22.4	29.1	20.1	-999.9	0.0	2.1	96999.6	-999.9
Bamako	1997	8	9	221	22.9	30.8	21.9	-999.9	1.4	1.3	97086.8	-999.9
Bamako	1997	8	10	222	23.8	30.1	14.9	-999.9	5.6	1.4	96986.3	-999.9
Bamako	1997	8	11	223	22.2	29.5	18.9	-999.9	9.5	1.3	96984.5	-999.9
Bamako	1997	8	12	224	22.5	30.4	22.1	-999.9	9.5	1.6	97020.9	-999.9
Bamako	1997	8	13	225	22.9	29.4	17.2	-999.9	0.0	1.4	97012.1	-999.9
Bamako	1997	8	14	226	21.9	30.4	22.5	-999.9	0.0	1.1	96980.9	-999.9
Bamako	1997	8	15	227	22.4	30.2	22.1	-999.9	0.0	1.5	96962.0	-999.9
Bamako	1997	8	16	228	23.0	29.8	19.0	-999.9	12.8	1.6	97062.2	-999.9
Bamako	1997	8	17	229	22.5	30.1	21.2	-999.9	0.0	1.3	97074.5	-999.9
Bamako	1997	8	18	230	23.5	31.9	23.9	-999.9	0.0	1.3	96868.1	-999.9
Bamako	1997	8	19	231	23.0	25.5	4.5	-999.9	19.2	1.1	96782.7	-999.9
Bamako	1997	8	20	232	22.7	28.4	16.7	-999.9	0.0	1.5	96923.5	-999.9
Bamako	1997	8	21	233	22.4	28.9	19.0	-999.9	0.0	1.4	97051.8	-999.9
Bamako	1997	8	22	234	23.0	29.4	17.0	-999.9	4.4	1.0	96994.6	-999.9
Bamako	1997	8	23	235	22.7	28.9	16.5	-999.9	1.9	1.3	96885.1	-999.9
Bamako	1997	8	24	236	22.6	30.0	21.9	-999.9	0.0	1.7	96903.2	-999.9
Bamako	1997	8	25	237	22.8	30.0	21.8	-999.9	0.0	1.3	96974.0	-999.9
Bamako	1997	8	26	238	23.2	28.6	17.2	-999.9	17.7	1.0	97068.8	-999.9
Bamako	1997	8	27	239	22.5	29.5	20.1	-999.9	5.9	1.2	97111.6	-999.9
Bamako	1997	8	28	240	22.2	29.5	18.8	-999.9	11.8	1.7	97011.6	-999.9
Bamako	1997	8	29	241	23.1	29.3	17.6	-999.9	0.0	1.3	96779.9	-999.9
Bamako	1997	8	30	242	22.4	29.8	21.9	-999.9	5.9	1.6	96757.9	-999.9
Bamako	1997	8	31	243	22.5	30.2	21.0	-999.9	0.0	1.2	96932.3	-999.9
Bamako	1997	9	1	244	22.5	31.0	23.2	-999.9	8.5	0.8	96896.3	-999.9
Bamako	1997	9	2	245	23.2	30.0	20.3	-999.9	0.0	1.2	96876.4	-999.9
Bamako	1997	9	3	246	22.9	30.6	22.3	-999.9	4.3	1.2	96790.8	-999.9
Bamako	1997	9	4	247	23.0	27.5	12.3	-999.9	4.3	1.4	96838.3	-999.9
Bamako	1997	9	5	248	22.5	29.2	20.5	-999.9	0.0	1.0	96868.7	-999.9
Bamako	1997	9	6	249	22.9	28.8	14.5	-999.9	18.4	0.9	96818.5	-999.9
Bamako	1997	9	7	250	22.7	30.3	20.9	-999.9	0.0	1.2	96766.5	-999.9
Bamako	1997	9	8	251	22.9	30.9	22.7	-999.9	6.1	1.0	96757.5	-999.9
Bamako	1997	9	9	252	22.8	26.7	9.8	-999.9	18.4	1.1	96750.2	-999.9
Bamako	1997	9	10	253	21.9	26.4	11.7	-999.9	0.0	1.7	96833.7	-999.9
Bamako	1997	9	11	254	22.1	29.9	21.9	-999.9	7.3	1.1	96903.1	-999.9
Bamako	1997	9	12	255	22.4	30.2	22.0	-999.9	7.3	1.0	96933.1	-999.9
Bamako	1997	9	13	256	22.8	31.3	23.8	-999.9	0.0	1.3	96972.6	-999.9
Bamako	1997	9	14	257	23.6	31.4	22.6	-999.9	7.3	1.2	96870.1	-999.9
Bamako	1997	9	15	258	23.2	31.0	21.6	-999.9	0.0	1.2	96849.9	-999.9
Bamako	1997	9	16	259	22.4	31.1	23.2	-999.9	0.0	1.1	96776.1	-999.9
Bamako	1997	9	17	260	22.6	30.6	22.0	-999.9	5.5	1.1	96835.7	-999.9
Bamako	1997	9	18	261	22.2	29.2	19.2	-999.9	4.8	1.0	96907.0	-999.9
Bamako	1997	9	19	262	22.4	28.9	16.9	-999.9	9.5	1.7	96996.5	-999.9
Bamako	1997	9	20	263	21.4	31.0	23.9	-999.9	0.0	1.0	97028.0	-999.9
Bamako	1997	9	21	264	23.1	32.2	24.1	-999.9	6.2	1.2	96811.6	-999.9
Bamako	1997	9	22	265	24.2	31.4	21.0	-999.9	12.4	1.2	96751.6	-999.9
Bamako	1997	9	23	266	22.8	29.9	19.2	-999.9	0.0	1.1	96811.0	-999.9
Bamako	1997	9	24	267	22.9	30.5	21.9	-999.9	0.0	1.0	96920.3	-999.9
Bamako	1997	9	25	268	22.6	29.9	18.8	-999.9	0.0	1.2	97034.0	-999.9
Bamako	1997	9	26	269	22.4	30.3	21.0	-999.9	18.4	1.1	97066.7	-999.9
Bamako	1997	9	27	270	22.5	30.9	22.1	-999.9	16.1	1.0	96897.5	-999.9
Bamako	1997	9	28	271	23.6	29.7	18.1	-999.9	16.1	1.5	96889.1	-999.9
Bamako	1997	9	29	272	23.2	30.9	20.6	-999.9	0.0	1.5	96928.9	-999.9
Bamako	1997	9	30	273	23.5	31.5	22.2	-999.9	0.0	1.0	96958.1	-999.9
Bamako	1997	10	1	274	23.9	31.0	17.5	-999.9	5.0	1.1	96961.0	-999.9
Bamako	1997	10	2	275	22.9	32.9	23.0	-999.9	0.0	1.1	96758.0	-999.9
Bamako	1997	10	3	276	24.5	32.6	22.5	-999.9	0.0	1.4	96770.6	-999.9
Bamako	1997	10	4	277	24.6	32.3	19.1	-999.9	5.7	1.4	96909.5	-999.9
Bamako	1997	10	5	278	23.3	29.8	16.0	-999.9	5.0	1.8	96910.1	-999.9
Bamako	1997	10	6	279	22.8	29.6	17.4	-999.9	0.0	1.5	96900.8	-999.9
Bamako	1997	10	7	280	22.2	30.5	22.2	-999.9	0.0	1.5	96957.4	-999.9
Bamako	1997	10	8	281	22.6	28.7	14.8	-999.9	0.0	1.8	97074.2	-999.9
Bamako	1997	10	9	282	22.5	32.7	23.8	-999.9	0.0	2.0	96923.9	-999.9
Bamako	1997	10	10	283	22.7	32.5	22.7	-999.9	0.0	1.6	96728.9	-999.9
Bamako	1997	10	11	284	22.2	32.8	23.6	-999.9	0.0	1.4	96601.7	-999.9
Bamako	1997	10	12	285	21.9	32.9	23.4	-999.9	0.0	1.2	96605.0	-999.9
Bamako	1997	10	13	286	23.1	32.7	21.1	-999.9	0.0	1.3	96701.0	-999.9
Bamako	1997	10	14	287	23.6	34.0	19.8	-999.9	0.0	1.3	96642.4	-999.9
Bamako	1997	10	15	288	23.9	34.4	21.6	-999.9	0.0	1.3	96594.9	-999.9
Bamako	1997	10	16	289	25.1	31.1	15.4	-999.9	6.0	1.4	96613.0	-999.9
Bamako	1997	10	17	290	22.7	28.2	11.6	-999.9	15.7	0.9	96768.0	-999.9
Bamako	1997	10	18	291	23.0	29.9	15.5	-999.9	15.7	1.4	96933.2	-999.9
Bamako	1997	10	19	292	21.5	32.5	22.0	-999.9	0.0	1.6	96916.2	-999.9
Bamako	1997	10	20	293	21.9	33.0	22.0	-999.9	0.0	1.3	96846.6	-999.9
Bamako	1997	10	21	294	20.5	33.3	23.0	-999.9	0.0	1.4	96821.3	-999.9
Bamako	1997	10	22	295	20.1	33.7	23.1	-999.9	0.0	1.3	96791.9	-999.9
Bamako	1997	10	23	296	19.2	33.7	22.9	-999.9	0.0	1.4	96734.8	-999.9
Bamako	1997	10	24	297	21.9	33.9	21.0	-999.9	0.0	1.3	96709.0	-999.9
Bamako	1997	10	25	298	23.7	32.6	19.4	-999.9	0.0	1.3	96832.3	-999.9
Bamako	1997	10	26	299	24.2	35.2	19.9	-999.9	0.0	1.4	96780.9	-999.9
Bamako	1997	10	27	300	21.2	36.8	23.1	-999.9	0.0	1.7	96640.7	-999.9
Bamako	1997	10	28	301	20.9	35.4	21.8	-999.9	0.0	1.3	96550.9	-999.9
Bamako	1997	10	29	302	23.8	34.6	20.3	-999.9	0.0	1.4	96609.5	-999.9
Bamako	1997	10	30	303	24.7	32.7	17.3	-999.9	0.0	1.4	96761.3	-999.9
Bamako	1997	10	31	304	23.7	33.4	18.1	-999.9	0.0	1.1	96836.2	-999.9
Bamako	1997	11	1	305	23.7	33.7	16.9	-999.9	0.0	1.5	96887.7	-999.9
Bamako	1997	11	2	306	21.0	34.4	20.6	-999.9	0.0	1.5	96876.3	-999.9
Bamako	1997	11	3	307	19.9	35.3	22.4	-999.9	0.0	1.5	96874.7	-999.9
Bamako	1997	11	4	308	21.0	35.2	22.6	-999.9	0.0	1.8	96900.7	-999.9
Bamako	1997	11	5	309	18.9	34.8	22.8	-999.9	0.0	1.8	96986.6	-999.9
Bamako	1997	11	6	310	18.5	34.8	22.8	-999.9	0.0	1.8	96936.8	-999.9
Bamako	1997	11	7	311	18.4	35.0	22.2	-999.9	0.0	1.1	96903.6	-999.9
Bamako	1997	11	8	312	20.0	35.2	21.6	-999.9	0.0	1.4	96947.9	-999.9
Bamako	1997	11	9	313	21.3	35.7	21.9	-999.9	0.0	2.1	96922.9	-999.9
Bamako	1997	11	10	314	23.7	35.1	18.4	-999.9	0.0	1.2	96842.8	-999.9
Bamako	1997	11	11	315	25.0	35.2	19.5	-999.9	0.0	1.4	96672.6	-999.9
Bamako	1997	11	12	316	22.3	35.9	20.9	-999.9	0.0	1.6	96634.1	-999.9
Bamako	1997	11	13	317	21.1	35.9	21.7	-999.9	0.0	1.8	96647.4	-999.9
Bamako	1997	11	14	318	21.2	35.5	21.8	-999.9	0.0	1.5	96604.8	-999.9
Bamako	1997	11	15	319	20.7	34.3	19.9	-999.9	0.0	1.6	96640.2	-999.9
Bamako	1997	11	16	320	20.2	35.4	21.7	-999.9	0.0	1.9	96674.4	-999.9
Bamako	1997	11	17	321	19.9	35.3	21.4	-999.9	0.0	2.3	96787.3	-999.9
Bamako	1997	11	18	322	20.3	34.8	21.4	-999.9	0.0	2.4	96789.1	-999.9
Bamako	1997	11	19	323	20.2	34.1	21.5	-999.9	0.0	1.5	96788.0	-999.9
Bamako	1997	11	20	324	19.4	33.7	20.0	-999.9	0.0	1.3	96748.7	-999.9
Bamako	1997	11	21	325	21.5	33.3	21.0	-999.9	0.0	2.0	96800.6	-999.9
Bamako	1997	11	22	326	20.2	33.5	21.0	-999.9	0.0	2.1	96880.4	-999.9
Bamako	1997	11	23	327	18.8	33.7	20.9	-999.9	0.0	2.0	96916.3	-999.9
Bamako	1997	11	24	328	20.5	34.1	20.4	-999.9	0.0	2.2	96719.2	-999.9
Bamako	1997	11	25	329	20.5	34.8	20.8	-999.9	0.0	2.2	96522.7	-999.9
Bamako	1997	11	26	330	18.7	35.2	20.9	-999.9	0.0	1.4	96494.4	-999.9
Bamako	1997	11	27	331	17.7	34.6	20.8	-999.9	0.0	1.5	96638.2	-999.9
Bamako	1997	11	28	332	18.9	33.8	20.1	-999.9	0.0	1.5	96691.5	-999.9
Bamako	1997	11	29	333	19.7	32.6	18.2	-999.9	0.0	1.9	96723.9	-999.9
Bamako	1997	11	30	334	19.1	34.1	20.2	-999.9	0.0	1.9	96695.2	-999.9
Bamako	1997	12	1	335	18.0	34.5	20.5	-999.9	0.0	1.5	96766.2	-999.9
Bamako	1997	12	2	336	18.8	34.3	20.3	-999.9	0.0	1.5	96765.5	-999.9
Bamako	1997	12	3	337	19.0	34.9	20.3	-999.9	0.0	1.5	96665.4	-999.9
Bamako	1997	12	4	338	21.2	35.0	19.5	-999.9	0.0	1.6	96670.4	-999.9
Bamako	1997	12	5	339	22.6	35.1	18.8	-999.9	0.0	1.2	96716.9	-999.9
Bamako	1997	12	6	340	19.6	35.3	20.1	-999.9	0.0	1.9	96786.7	-999.9
Bamako	1997	12	7	341	20.2	34.6	20.3	-999.9	0.0	2.1	96940.3	-999.9
Bamako	1997	12	8	342	19.6	33.9	20.0	-999.9	0.0	2.0	96829.4	-999.9
Bamako	1997	12	9	343	18.6	32.9	19.9	-999.9	0.0	1.9	96785.9	-999.9
Bamako	1997	12	10	344	18.3	31.4	19.9	-999.9	0.0	2.5	96889.9	-999.9
Bamako	1997	12	11	345	16.4	29.1	18.2	-999.9	0.0	2.5	96997.0	-999.9
Bamako	1997	12	12	346	17.1	31.1	20.3	-999.9	0.0	2.2	97043.0	-999.9
Bamako	1997	12	13	347	16.9	31.7	19.9	-999.9	0.0	2.2	96987.8	-999.9
Bamako	1997	12	14	348	18.0	31.4	20.1	-999.9	0.0	2.2	97019.9	-999.9
Bamako	1997	12	15	349	17.2	31.0	20.2	-999.9	0.0	1.9	97053.4	-999.9
Bamako	1997	12	16	350	16.4	31.7	18.0	-999.9	0.0	1.3	97084.6	-999.9
Bamako	1997	12	17	351	17.2	32.7	20.0	-999.9	0.0	2.0	97140.5	-999.9
Bamako	1997	12	18	352	16.8	32.7	19.6	-999.9	0.0	2.1	97151.3	-999.9
Bamako	1997	12	19	353	16.7	33.1	20.1	-999.9	0.0	2.1	96962.9	-999.9
Bamako	1997	12	20	354	18.0	33.8	19.7	-999.9	0.0	1.6	96814.2	-999.9
Bamako	1997	12	21	355	18.3	34.2	19.9	-999.9	0.0	2.1	96885.1	-999.9
Bamako	1997	12	22	356	18.5	34.2	20.2	-999.9	0.0	2.2	96979.6	-999.9
Bamako	1997	12	23	357	18.2	33.7	20.4	-999.9	0.0	2.3	97052.7	-999.9
Bamako	1997	12	24	358	18.5	32.8	20.5	-999.9	0.0	2.9	97120.6	-999.9
Bamako	1997	12	25	359	18.4	29.5	20.6	-999.9	0.0	3.1	97176.5	-999.9
Bamako	1997	12	26	360	15.8	28.6	20.7	-999.9	0.0	2.8	97161.1	-999.9
Bamako	1997	12	27	361	15.0	29.1	20.9	-999.9	0.0	2.4	97027.8	-999.9
Bamako	1997	12	28	362	15.1	29.3	20.8	-999.9	0.0	2.3	96955.8	-999.9
Bamako	1997	12	29	363	15.4	30.0	20.5	-999.9	0.0	1.8	96874.8	-999.9
Bamako	1997	12	30	364	14.3	31.6	19.7	-999.9	0.0	1.3	96876.6	-999.9
Bamako	1997	12	31	365	17.3	32.3	19.8	-999.9	0.0	1.8	96853.2	-999.9
