Bamako	1982	1	1	1	17.8	34.9	20.3	-999.9	0.0	2.2	96697.8	-999.9
Bamako	1982	1	2	2	19.4	33.5	20.5	-999.9	0.0	2.5	96640.1	-999.9
Bamako	1982	1	3	3	17.9	32.5	20.7	-999.9	0.0	2.3	96691.9	-999.9
Bamako	1982	1	4	4	16.7	32.3	20.5	-999.9	0.0	2.2	96767.5	-999.9
Bamako	1982	1	5	5	18.2	32.2	20.7	-999.9	0.0	3.0	96824.2	-999.9
Bamako	1982	1	6	6	16.7	29.5	21.0	-999.9	0.0	2.6	96908.9	-999.9
Bamako	1982	1	7	7	15.5	29.6	21.0	-999.9	0.0	2.5	96949.4	-999.9
Bamako	1982	1	8	8	15.0	30.1	21.0	-999.9	0.0	2.5	97010.0	-999.9
Bamako	1982	1	9	9	15.2	30.1	21.2	-999.9	0.0	2.4	97138.6	-999.9
Bamako	1982	1	10	10	14.3	30.2	21.1	-999.9	0.0	2.1	97086.3	-999.9
Bamako	1982	1	11	11	14.4	30.1	21.0	-999.9	0.0	2.0	96869.2	-999.9
Bamako	1982	1	12	12	15.7	31.7	20.7	-999.9	0.0	1.5	96753.2	-999.9
Bamako	1982	1	13	13	16.2	33.3	20.1	-999.9	0.0	1.2	96756.8	-999.9
Bamako	1982	1	14	14	19.7	33.1	19.7	-999.9	0.0	1.8	96753.7	-999.9
Bamako	1982	1	15	15	19.4	29.6	16.8	-999.9	0.0	2.6	96798.9	-999.9
Bamako	1982	1	16	16	19.2	30.9	18.9	-999.9	0.0	2.2	96829.7	-999.9
Bamako	1982	1	17	17	18.0	31.3	20.6	-999.9	0.0	2.1	96812.2	-999.9
Bamako	1982	1	18	18	16.3	30.4	20.9	-999.9	0.0	2.2	96872.1	-999.9
Bamako	1982	1	19	19	16.0	30.8	21.1	-999.9	0.0	2.3	96933.5	-999.9
Bamako	1982	1	20	20	16.8	29.2	20.6	-999.9	0.0	2.8	96974.2	-999.9
Bamako	1982	1	21	21	15.6	27.1	21.0	-999.9	0.0	2.9	97120.1	-999.9
Bamako	1982	1	22	22	15.5	26.3	21.1	-999.9	0.0	3.1	97148.6	-999.9
Bamako	1982	1	23	23	14.8	26.4	21.3	-999.9	0.0	3.1	97118.9	-999.9
Bamako	1982	1	24	24	13.6	26.7	21.9	-999.9	0.0	2.9	97130.4	-999.9
Bamako	1982	1	25	25	13.9	27.6	22.0	-999.9	0.0	2.8	97068.5	-999.9
Bamako	1982	1	26	26	14.1	29.1	21.9	-999.9	0.0	2.5	97074.5	-999.9
Bamako	1982	1	27	27	15.9	29.9	21.8	-999.9	0.0	2.6	97116.9	-999.9
Bamako	1982	1	28	28	14.7	30.8	22.0	-999.9	0.0	2.1	97086.3	-999.9
Bamako	1982	1	29	29	15.7	31.6	21.9	-999.9	0.0	2.0	97043.3	-999.9
Bamako	1982	1	30	30	17.6	32.0	21.6	-999.9	0.0	2.5	97044.7	-999.9
Bamako	1982	1	31	31	18.2	32.2	21.7	-999.9	0.0	2.6	97038.5	-999.9
Bamako	1982	2	1	32	18.2	32.2	21.8	-999.9	0.0	2.3	96952.8	-999.9
Bamako	1982	2	2	33	17.6	33.0	22.0	-999.9	0.0	2.0	96728.4	-999.9
Bamako	1982	2	3	34	17.3	33.7	21.8	-999.9	0.0	1.9	96566.8	-999.9
Bamako	1982	2	4	35	19.9	35.2	21.5	-999.9	0.0	2.4	96658.5	-999.9
Bamako	1982	2	5	36	20.1	35.2	21.2	-999.9	0.0	2.4	96777.9	-999.9
Bamako	1982	2	6	37	21.1	35.3	21.9	-999.9	0.0	2.6	96771.9	-999.9
Bamako	1982	2	7	38	19.2	34.4	22.0	-999.9	0.0	2.4	96673.0	-999.9
Bamako	1982	2	8	39	19.9	33.9	22.0	-999.9	0.0	2.2	96669.1	-999.9
Bamako	1982	2	9	40	19.3	33.7	22.1	-999.9	0.0	1.9	96670.4	-999.9
Bamako	1982	2	10	41	20.1	34.5	21.6	-999.9	0.0	1.6	96692.0	-999.9
Bamako	1982	2	11	42	22.1	34.7	21.1	-999.9	0.0	1.6	96760.4	-999.9
Bamako	1982	2	12	43	21.5	34.8	21.1	-999.9	0.0	1.4	96748.0	-999.9
Bamako	1982	2	13	44	23.7	34.8	21.9	-999.9	0.0	2.2	96783.3	-999.9
Bamako	1982	2	14	45	21.2	34.4	20.6	-999.9	0.0	2.1	96745.4	-999.9
Bamako	1982	2	15	46	21.3	35.0	21.8	-999.9	0.0	2.0	96576.8	-999.9
Bamako	1982	2	16	47	21.2	34.6	21.7	-999.9	0.0	2.0	96500.6	-999.9
Bamako	1982	2	17	48	21.7	34.3	22.5	-999.9	0.0	2.5	96510.5	-999.9
Bamako	1982	2	18	49	21.8	34.9	22.3	-999.9	0.0	2.5	96497.3	-999.9
Bamako	1982	2	19	50	23.0	35.1	21.9	-999.9	0.0	2.2	96536.1	-999.9
Bamako	1982	2	20	51	20.5	34.8	22.8	-999.9	0.0	2.2	96669.3	-999.9
Bamako	1982	2	21	52	19.9	32.8	23.4	-999.9	0.0	3.2	96869.2	-999.9
Bamako	1982	2	22	53	18.2	32.0	23.7	-999.9	0.0	2.3	96811.7	-999.9
Bamako	1982	2	23	54	18.2	32.9	23.6	-999.9	0.0	2.0	96704.7	-999.9
Bamako	1982	2	24	55	19.7	33.6	22.0	-999.9	0.0	2.0	96712.9	-999.9
Bamako	1982	2	25	56	22.5	33.0	19.0	-999.9	0.0	1.9	96853.0	-999.9
Bamako	1982	2	26	57	21.6	33.3	21.6	-999.9	0.0	1.9	96871.3	-999.9
Bamako	1982	2	27	58	21.0	34.4	22.5	-999.9	0.0	1.9	96773.9	-999.9
Bamako	1982	2	28	59	22.0	35.0	23.5	-999.9	0.0	2.5	96760.6	-999.9
Bamako	1982	3	1	60	22.6	33.9	22.8	-999.9	0.0	3.2	97006.8	-999.9
Bamako	1982	3	2	61	21.2	33.1	23.9	-999.9	0.0	2.9	97099.1	-999.9
Bamako	1982	3	3	62	19.5	33.4	24.5	-999.9	0.0	2.8	96936.5	-999.9
Bamako	1982	3	4	63	20.2	33.7	24.4	-999.9	0.0	2.9	96872.5	-999.9
Bamako	1982	3	5	64	19.7	33.9	24.5	-999.9	0.0	2.6	96827.1	-999.9
Bamako	1982	3	6	65	19.5	34.6	24.6	-999.9	0.0	2.5	96766.0	-999.9
Bamako	1982	3	7	66	19.5	35.3	24.7	-999.9	0.0	2.2	96763.2	-999.9
Bamako	1982	3	8	67	20.4	35.8	24.7	-999.9	0.0	2.3	96667.2	-999.9
Bamako	1982	3	9	68	20.4	36.9	24.6	-999.9	0.0	2.1	96416.7	-999.9
Bamako	1982	3	10	69	23.0	36.0	24.3	-999.9	0.0	2.7	96247.0	-999.9
Bamako	1982	3	11	70	24.7	33.3	22.7	-999.9	0.0	1.9	96452.1	-999.9
Bamako	1982	3	12	71	21.7	34.6	24.0	-999.9	0.0	1.2	96632.4	-999.9
Bamako	1982	3	13	72	23.5	35.6	23.2	-999.9	0.0	1.8	96701.5	-999.9
Bamako	1982	3	14	73	23.4	36.3	24.2	-999.9	0.0	2.3	96613.7	-999.9
Bamako	1982	3	15	74	23.7	37.1	24.4	-999.9	0.0	1.7	96474.5	-999.9
Bamako	1982	3	16	75	22.8	37.7	24.4	-999.9	0.0	1.6	96392.4	-999.9
Bamako	1982	3	17	76	24.0	37.7	23.2	-999.9	0.0	2.4	96388.3	-999.9
Bamako	1982	3	18	77	25.5	36.5	23.2	-999.9	0.0	2.1	96529.6	-999.9
Bamako	1982	3	19	78	24.6	36.1	17.9	-999.9	0.0	1.7	96561.8	-999.9
Bamako	1982	3	20	79	24.2	36.7	22.3	-999.9	0.0	1.7	96564.9	-999.9
Bamako	1982	3	21	80	26.4	36.0	21.7	-999.9	0.0	1.6	96534.4	-999.9
Bamako	1982	3	22	81	23.9	33.7	20.2	-999.9	0.0	2.2	96566.0	-999.9
Bamako	1982	3	23	82	22.7	35.7	23.3	-999.9	0.0	1.8	96501.5	-999.9
Bamako	1982	3	24	83	23.2	35.9	21.3	-999.9	0.0	1.8	96579.5	-999.9
Bamako	1982	3	25	84	23.3	36.8	23.7	-999.9	0.0	1.9	96618.8	-999.9
Bamako	1982	3	26	85	22.3	38.5	25.3	-999.9	0.0	2.1	96604.8	-999.9
Bamako	1982	3	27	86	23.9	39.9	24.4	-999.9	0.0	1.7	96465.2	-999.9
Bamako	1982	3	28	87	27.5	37.5	18.9	-999.9	0.0	2.2	96452.7	-999.9
Bamako	1982	3	29	88	27.0	36.4	18.5	-999.9	0.0	2.1	96646.9	-999.9
Bamako	1982	3	30	89	24.3	38.0	24.2	-999.9	0.0	2.0	96710.2	-999.9
Bamako	1982	3	31	90	27.7	39.5	24.4	-999.9	0.0	2.8	96573.0	-999.9
Bamako	1982	4	1	91	27.7	39.8	24.2	-999.9	0.0	2.3	96515.8	-999.9
Bamako	1982	4	2	92	23.4	39.5	25.5	-999.9	0.0	2.1	96553.2	-999.9
Bamako	1982	4	3	93	24.9	39.1	24.7	-999.9	0.0	1.5	96548.5	-999.9
Bamako	1982	4	4	94	27.3	39.0	23.6	-999.9	0.0	1.9	96500.1	-999.9
Bamako	1982	4	5	95	25.1	39.4	24.6	-999.9	0.0	1.8	96415.6	-999.9
Bamako	1982	4	6	96	26.9	38.0	21.7	-999.9	5.0	1.9	96435.5	-999.9
Bamako	1982	4	7	97	26.6	37.0	20.9	-999.9	0.0	1.7	96531.1	-999.9
Bamako	1982	4	8	98	25.1	38.2	23.9	-999.9	2.5	1.7	96533.2	-999.9
Bamako	1982	4	9	99	22.8	38.6	25.6	-999.9	0.0	1.6	96485.2	-999.9
Bamako	1982	4	10	100	24.3	38.3	25.6	-999.9	0.0	1.7	96477.5	-999.9
Bamako	1982	4	11	101	25.5	38.3	23.0	-999.9	0.0	1.8	96472.8	-999.9
Bamako	1982	4	12	102	28.0	38.9	24.4	-999.9	0.0	2.4	96444.0	-999.9
Bamako	1982	4	13	103	28.2	37.6	22.9	-999.9	0.0	1.4	96385.9	-999.9
Bamako	1982	4	14	104	27.5	37.5	23.3	-999.9	0.0	1.9	96344.5	-999.9
Bamako	1982	4	15	105	26.8	37.6	25.2	-999.9	0.0	1.4	96515.6	-999.9
Bamako	1982	4	16	106	26.9	37.4	23.5	-999.9	0.0	1.8	96568.5	-999.9
Bamako	1982	4	17	107	26.4	35.6	21.4	-999.9	3.3	1.6	96601.7	-999.9
Bamako	1982	4	18	108	25.7	35.6	23.0	-999.9	3.3	1.8	96550.3	-999.9
Bamako	1982	4	19	109	24.5	37.1	21.9	-999.9	0.0	1.4	96380.4	-999.9
Bamako	1982	4	20	110	24.9	32.8	17.2	-999.9	6.5	1.8	96526.0	-999.9
Bamako	1982	4	21	111	24.8	32.2	20.8	-999.9	5.9	1.8	96722.2	-999.9
Bamako	1982	4	22	112	25.8	31.7	19.3	-999.9	0.0	2.0	96770.8	-999.9
Bamako	1982	4	23	113	25.6	33.1	22.0	-999.9	0.0	1.8	96779.1	-999.9
Bamako	1982	4	24	114	24.9	33.3	18.5	-999.9	0.0	1.3	96749.9	-999.9
Bamako	1982	4	25	115	26.1	34.2	19.4	-999.9	5.2	1.6	96757.0	-999.9
Bamako	1982	4	26	116	26.1	36.8	22.1	-999.9	2.9	2.7	96686.1	-999.9
Bamako	1982	4	27	117	25.0	35.1	18.9	-999.9	2.9	1.4	96723.5	-999.9
Bamako	1982	4	28	118	26.4	38.0	22.3	-999.9	0.0	1.6	96580.7	-999.9
Bamako	1982	4	29	119	25.6	39.2	25.2	-999.9	0.0	1.8	96498.5	-999.9
Bamako	1982	4	30	120	26.8	39.1	25.6	-999.9	0.0	1.2	96513.6	-999.9
Bamako	1982	5	1	121	24.5	39.2	25.4	-999.9	0.0	1.2	96622.0	-999.9
Bamako	1982	5	2	122	24.8	38.9	25.3	-999.9	0.0	1.6	96726.6	-999.9
Bamako	1982	5	3	123	28.0	37.4	19.2	-999.9	5.1	1.8	96762.0	-999.9
Bamako	1982	5	4	124	26.7	35.1	19.0	-999.9	0.0	2.0	96813.8	-999.9
Bamako	1982	5	5	125	25.4	36.9	20.8	-999.9	0.0	1.7	96721.1	-999.9
Bamako	1982	5	6	126	25.1	37.6	21.7	-999.9	13.5	1.8	96646.1	-999.9
Bamako	1982	5	7	127	27.5	38.2	22.2	-999.9	0.0	1.9	96589.7	-999.9
Bamako	1982	5	8	128	27.6	39.3	23.7	-999.9	0.0	2.3	96592.3	-999.9
Bamako	1982	5	9	129	26.7	38.3	24.4	-999.9	0.0	2.0	96567.5	-999.9
Bamako	1982	5	10	130	25.8	36.2	23.0	-999.9	0.0	1.8	96660.7	-999.9
Bamako	1982	5	11	131	24.1	30.6	16.9	-999.9	1.9	1.8	96760.8	-999.9
Bamako	1982	5	12	132	23.5	34.8	25.0	-999.9	1.9	1.5	96669.6	-999.9
Bamako	1982	5	13	133	24.8	36.6	23.3	-999.9	0.0	2.0	96574.5	-999.9
Bamako	1982	5	14	134	22.8	36.7	24.8	-999.9	0.0	2.1	96558.4	-999.9
Bamako	1982	5	15	135	26.6	36.1	23.5	-999.9	0.0	2.1	96585.8	-999.9
Bamako	1982	5	16	136	25.7	36.8	23.2	-999.9	4.4	1.7	96577.6	-999.9
Bamako	1982	5	17	137	24.8	33.5	18.6	-999.9	4.4	1.5	96589.1	-999.9
Bamako	1982	5	18	138	26.0	35.5	22.7	-999.9	0.0	1.9	96490.1	-999.9
Bamako	1982	5	19	139	26.1	34.5	22.7	-999.9	0.0	2.1	96523.4	-999.9
Bamako	1982	5	20	140	24.7	34.9	21.8	-999.9	2.2	2.0	96706.5	-999.9
Bamako	1982	5	21	141	24.7	35.3	23.7	-999.9	0.0	1.8	96745.1	-999.9
Bamako	1982	5	22	142	26.2	37.7	23.9	-999.9	0.0	2.1	96556.8	-999.9
Bamako	1982	5	23	143	26.6	36.8	23.1	-999.9	0.0	1.8	96498.1	-999.9
Bamako	1982	5	24	144	25.9	36.9	23.3	-999.9	0.0	2.2	96422.4	-999.9
Bamako	1982	5	25	145	26.4	34.9	19.9	-999.9	2.1	2.0	96550.9	-999.9
Bamako	1982	5	26	146	24.8	33.3	20.9	-999.9	7.1	1.9	96736.4	-999.9
Bamako	1982	5	27	147	24.4	34.0	15.8	-999.9	7.1	1.4	96798.9	-999.9
Bamako	1982	5	28	148	24.5	33.9	20.7	-999.9	0.0	1.4	96715.5	-999.9
Bamako	1982	5	29	149	23.8	33.4	22.5	-999.9	0.0	1.6	96780.5	-999.9
Bamako	1982	5	30	150	25.1	31.7	18.7	-999.9	28.3	1.6	96926.2	-999.9
Bamako	1982	5	31	151	24.7	31.9	19.6	-999.9	0.0	1.5	97037.6	-999.9
Bamako	1982	6	1	152	24.5	32.6	19.1	-999.9	7.2	2.4	96960.3	-999.9
Bamako	1982	6	2	153	24.4	35.1	21.8	-999.9	7.2	2.7	96849.2	-999.9
Bamako	1982	6	3	154	25.2	32.4	18.4	-999.9	7.2	1.9	96935.9	-999.9
Bamako	1982	6	4	155	24.0	32.2	17.6	-999.9	7.2	1.3	96996.7	-999.9
Bamako	1982	6	5	156	24.6	33.9	20.8	-999.9	7.2	1.4	97031.9	-999.9
Bamako	1982	6	6	157	24.9	35.5	22.3	-999.9	0.0	1.8	96893.5	-999.9
Bamako	1982	6	7	158	25.5	35.1	21.1	-999.9	3.3	1.8	96784.7	-999.9
Bamako	1982	6	8	159	25.8	35.8	22.6	-999.9	0.0	2.0	96765.6	-999.9
Bamako	1982	6	9	160	25.0	35.5	20.1	-999.9	9.9	1.5	96893.2	-999.9
Bamako	1982	6	10	161	24.5	32.5	22.3	-999.9	0.0	1.7	96944.8	-999.9
Bamako	1982	6	11	162	24.5	33.7	23.2	-999.9	0.0	1.6	96817.1	-999.9
Bamako	1982	6	12	163	25.1	33.6	22.3	-999.9	2.5	1.7	96917.7	-999.9
Bamako	1982	6	13	164	24.0	33.7	21.6	-999.9	7.4	1.2	96983.0	-999.9
Bamako	1982	6	14	165	24.1	33.0	21.9	-999.9	0.0	1.7	96947.6	-999.9
Bamako	1982	6	15	166	25.6	34.1	20.7	-999.9	0.0	2.0	96833.4	-999.9
Bamako	1982	6	16	167	25.4	35.3	22.8	-999.9	0.0	2.6	96823.0	-999.9
Bamako	1982	6	17	168	25.7	35.7	22.3	-999.9	0.0	2.1	96883.1	-999.9
Bamako	1982	6	18	169	24.0	32.6	19.5	-999.9	7.4	1.6	96932.4	-999.9
Bamako	1982	6	19	170	23.7	32.5	19.0	-999.9	3.7	1.4	96872.5	-999.9
Bamako	1982	6	20	171	24.9	34.1	22.3	-999.9	4.2	1.7	96821.8	-999.9
Bamako	1982	6	21	172	25.6	34.4	20.0	-999.9	9.6	2.0	96927.1	-999.9
Bamako	1982	6	22	173	24.7	34.1	21.7	-999.9	0.0	2.2	96987.9	-999.9
Bamako	1982	6	23	174	25.1	30.2	15.6	-999.9	0.0	1.8	96920.8	-999.9
Bamako	1982	6	24	175	23.4	28.8	15.6	-999.9	4.8	1.3	96939.5	-999.9
Bamako	1982	6	25	176	23.0	30.8	22.0	-999.9	0.0	0.9	96955.6	-999.9
Bamako	1982	6	26	177	24.0	31.1	22.2	-999.9	4.0	1.6	96967.5	-999.9
Bamako	1982	6	27	178	24.0	30.4	19.7	-999.9	0.0	2.0	96883.6	-999.9
Bamako	1982	6	28	179	23.9	31.0	20.9	-999.9	7.9	1.8	96753.6	-999.9
Bamako	1982	6	29	180	22.5	27.5	11.0	-999.9	0.0	1.7	96854.7	-999.9
Bamako	1982	6	30	181	22.8	29.7	21.3	-999.9	4.0	1.4	97161.1	-999.9
Bamako	1982	7	1	182	22.8	30.9	21.6	-999.9	7.1	1.1	97231.6	-999.9
Bamako	1982	7	2	183	24.4	31.6	21.0	-999.9	0.0	2.0	96977.5	-999.9
Bamako	1982	7	3	184	23.2	31.5	20.2	-999.9	3.5	2.9	96796.7	-999.9
Bamako	1982	7	4	185	23.7	29.9	18.6	-999.9	3.5	2.1	96818.0	-999.9
Bamako	1982	7	5	186	22.9	31.6	23.0	-999.9	0.0	1.3	96915.1	-999.9
Bamako	1982	7	6	187	23.1	30.0	17.8	-999.9	16.6	1.3	96978.3	-999.9
Bamako	1982	7	7	188	23.8	30.6	22.1	-999.9	0.0	1.9	96859.0	-999.9
Bamako	1982	7	8	189	24.2	31.8	22.0	-999.9	0.0	2.1	96695.7	-999.9
Bamako	1982	7	9	190	23.5	28.9	15.2	-999.9	8.3	1.6	96769.2	-999.9
Bamako	1982	7	10	191	22.7	28.1	13.8	-999.9	16.6	1.2	96860.1	-999.9
Bamako	1982	7	11	192	22.6	26.8	9.8	-999.9	8.0	1.4	96907.7	-999.9
Bamako	1982	7	12	193	22.1	29.7	20.4	-999.9	8.0	1.5	96908.4	-999.9
Bamako	1982	7	13	194	22.8	29.3	19.3	-999.9	8.0	1.3	96954.6	-999.9
Bamako	1982	7	14	195	22.8	30.3	22.4	-999.9	0.0	1.1	96980.5	-999.9
Bamako	1982	7	15	196	23.4	30.5	21.5	-999.9	8.0	1.1	96981.6	-999.9
Bamako	1982	7	16	197	23.3	31.2	22.6	-999.9	0.0	2.4	96945.5	-999.9
Bamako	1982	7	17	198	23.2	30.6	20.4	-999.9	6.8	2.5	96848.5	-999.9
Bamako	1982	7	18	199	22.4	29.9	16.9	-999.9	0.0	1.6	96880.8	-999.9
Bamako	1982	7	19	200	23.2	30.5	21.2	-999.9	0.0	1.4	96829.0	-999.9
Bamako	1982	7	20	201	22.4	30.7	22.0	-999.9	0.0	1.5	96885.4	-999.9
Bamako	1982	7	21	202	22.8	31.3	23.5	-999.9	0.0	1.4	96935.9	-999.9
Bamako	1982	7	22	203	24.6	30.4	17.6	-999.9	0.0	2.1	96809.6	-999.9
Bamako	1982	7	23	204	22.9	27.8	15.7	-999.9	0.0	2.2	96877.7	-999.9
Bamako	1982	7	24	205	21.9	28.8	17.3	-999.9	13.9	1.8	97035.4	-999.9
Bamako	1982	7	25	206	22.6	30.6	20.8	-999.9	13.9	1.9	96919.1	-999.9
Bamako	1982	7	26	207	22.4	28.3	16.8	-999.9	0.0	1.5	96914.7	-999.9
Bamako	1982	7	27	208	22.7	29.7	21.1	-999.9	0.0	1.3	96938.8	-999.9
Bamako	1982	7	28	209	22.8	29.8	17.3	-999.9	4.5	1.1	96962.6	-999.9
Bamako	1982	7	29	210	23.1	29.2	18.6	-999.9	8.9	1.4	97020.1	-999.9
Bamako	1982	7	30	211	22.7	31.0	21.9	-999.9	8.9	1.5	97053.8	-999.9
Bamako	1982	7	31	212	23.6	27.0	10.3	-999.9	17.9	1.3	97015.1	-999.9
Bamako	1982	8	1	213	22.6	29.6	17.2	-999.9	0.0	2.0	96901.7	-999.9
Bamako	1982	8	2	214	22.3	29.6	16.9	-999.9	0.0	2.7	96805.0	-999.9
Bamako	1982	8	3	215	23.4	30.5	21.4	-999.9	0.0	2.6	96719.7	-999.9
Bamako	1982	8	4	216	22.7	29.9	16.0	-999.9	0.0	1.7	96704.4	-999.9
Bamako	1982	8	5	217	22.1	28.1	14.3	-999.9	0.0	1.7	96732.5	-999.9
Bamako	1982	8	6	218	22.1	28.5	16.6	-999.9	42.6	1.8	96826.8	-999.9
Bamako	1982	8	7	219	21.7	27.2	15.8	-999.9	0.0	2.1	96888.0	-999.9
Bamako	1982	8	8	220	21.4	29.2	18.4	-999.9	16.2	1.8	96918.0	-999.9
Bamako	1982	8	9	221	22.3	29.0	18.2	-999.9	0.0	1.2	96888.5	-999.9
Bamako	1982	8	10	222	22.5	28.8	18.1	-999.9	14.2	1.2	96931.5	-999.9
Bamako	1982	8	11	223	22.7	26.4	10.0	-999.9	24.9	1.2	97017.3	-999.9
Bamako	1982	8	12	224	22.0	27.7	17.9	-999.9	0.0	1.7	97083.4	-999.9
Bamako	1982	8	13	225	22.2	30.0	21.0	-999.9	24.9	1.8	96964.1	-999.9
Bamako	1982	8	14	226	22.4	28.0	14.0	-999.9	12.5	1.1	96946.9	-999.9
Bamako	1982	8	15	227	21.3	28.7	19.5	-999.9	0.0	1.7	96999.9	-999.9
Bamako	1982	8	16	228	21.8	29.5	21.8	-999.9	9.1	1.7	97004.5	-999.9
Bamako	1982	8	17	229	22.4	30.6	22.7	-999.9	0.0	1.4	96958.4	-999.9
Bamako	1982	8	18	230	23.2	31.3	18.6	-999.9	9.1	2.4	96761.1	-999.9
Bamako	1982	8	19	231	22.4	28.8	17.9	-999.9	0.0	2.1	96877.0	-999.9
Bamako	1982	8	20	232	22.8	29.2	18.1	-999.9	9.1	1.3	96963.5	-999.9
Bamako	1982	8	21	233	22.8	26.9	11.8	-999.9	0.0	1.2	96973.6	-999.9
Bamako	1982	8	22	234	22.2	27.2	10.5	-999.9	36.4	0.9	97018.3	-999.9
Bamako	1982	8	23	235	22.0	27.9	14.9	-999.9	0.0	1.7	97078.3	-999.9
Bamako	1982	8	24	236	22.2	29.4	19.4	-999.9	18.2	1.5	96965.5	-999.9
Bamako	1982	8	25	237	21.9	25.9	8.8	-999.9	9.1	1.2	96879.7	-999.9
Bamako	1982	8	26	238	22.0	28.8	19.2	-999.9	10.0	1.5	96865.6	-999.9
Bamako	1982	8	27	239	22.3	29.8	21.6	-999.9	10.0	1.1	96917.9	-999.9
Bamako	1982	8	28	240	22.2	28.4	16.3	-999.9	10.0	1.3	96879.6	-999.9
Bamako	1982	8	29	241	21.8	29.0	19.2	-999.9	0.0	1.4	96865.1	-999.9
Bamako	1982	8	30	242	21.9	30.1	22.9	-999.9	0.0	1.0	96830.1	-999.9
Bamako	1982	8	31	243	22.9	30.2	22.2	-999.9	0.0	1.3	96850.5	-999.9
Bamako	1982	9	1	244	22.7	29.7	19.4	-999.9	0.0	1.2	96881.2	-999.9
Bamako	1982	9	2	245	22.4	29.4	19.0	-999.9	0.0	1.2	96918.5	-999.9
Bamako	1982	9	3	246	22.5	29.9	22.1	-999.9	0.0	1.3	96887.5	-999.9
Bamako	1982	9	4	247	22.6	30.3	22.8	-999.9	0.0	1.0	96825.6	-999.9
Bamako	1982	9	5	248	22.4	27.8	12.1	-999.9	0.0	1.0	96902.0	-999.9
Bamako	1982	9	6	249	22.3	30.5	22.1	-999.9	0.0	1.2	96962.6	-999.9
Bamako	1982	9	7	250	22.4	30.4	22.2	-999.9	0.0	1.0	96967.4	-999.9
Bamako	1982	9	8	251	22.1	30.7	21.8	-999.9	8.6	1.1	96922.6	-999.9
Bamako	1982	9	9	252	21.7	29.4	19.4	-999.9	0.0	1.5	96921.3	-999.9
Bamako	1982	9	10	253	22.4	29.1	19.7	-999.9	15.0	1.3	96969.1	-999.9
Bamako	1982	9	11	254	22.1	29.5	20.6	-999.9	26.3	1.1	97030.1	-999.9
Bamako	1982	9	12	255	22.2	29.3	19.4	-999.9	0.0	1.2	97021.1	-999.9
Bamako	1982	9	13	256	22.1	29.0	20.0	-999.9	10.0	1.2	96947.0	-999.9
Bamako	1982	9	14	257	22.3	30.3	20.1	-999.9	10.0	1.4	96791.4	-999.9
Bamako	1982	9	15	258	22.2	29.4	17.8	-999.9	0.0	1.1	96853.2	-999.9
Bamako	1982	9	16	259	22.3	29.4	17.5	-999.9	0.0	1.4	97021.2	-999.9
Bamako	1982	9	17	260	22.2	30.6	22.1	-999.9	0.0	0.9	97018.9	-999.9
Bamako	1982	9	18	261	23.7	30.8	22.4	-999.9	0.0	2.0	96829.8	-999.9
Bamako	1982	9	19	262	22.6	29.8	19.6	-999.9	6.7	1.8	96844.5	-999.9
Bamako	1982	9	20	263	22.7	31.0	21.6	-999.9	6.7	1.1	96995.6	-999.9
Bamako	1982	9	21	264	22.9	30.7	19.1	-999.9	0.0	1.0	97051.9	-999.9
Bamako	1982	9	22	265	23.1	30.6	22.7	-999.9	5.4	1.1	96987.5	-999.9
Bamako	1982	9	23	266	23.5	32.1	22.2	-999.9	5.4	1.3	96836.3	-999.9
Bamako	1982	9	24	267	23.3	31.5	20.3	-999.9	5.4	1.7	96761.1	-999.9
Bamako	1982	9	25	268	23.1	27.7	15.2	-999.9	12.2	1.0	96883.4	-999.9
Bamako	1982	9	26	269	22.1	30.1	20.0	-999.9	0.0	1.3	96981.1	-999.9
Bamako	1982	9	27	270	22.4	31.0	21.8	-999.9	0.0	1.4	96909.9	-999.9
Bamako	1982	9	28	271	23.7	32.7	23.1	-999.9	0.0	2.0	96693.9	-999.9
Bamako	1982	9	29	272	24.4	32.3	22.6	-999.9	0.0	1.5	96797.0	-999.9
Bamako	1982	9	30	273	23.3	29.1	17.7	-999.9	11.1	1.3	96913.2	-999.9
Bamako	1982	10	1	274	22.3	31.0	22.2	-999.9	3.1	1.2	96838.8	-999.9
Bamako	1982	10	2	275	23.0	30.5	19.9	-999.9	0.0	0.9	96785.0	-999.9
Bamako	1982	10	3	276	22.0	28.8	17.0	-999.9	6.1	1.1	96848.4	-999.9
Bamako	1982	10	4	277	21.7	30.0	21.6	-999.9	3.1	1.2	96916.0	-999.9
Bamako	1982	10	5	278	22.0	30.1	19.2	-999.9	0.0	1.0	96885.0	-999.9
Bamako	1982	10	6	279	23.0	29.8	19.0	-999.9	6.3	1.4	96862.3	-999.9
Bamako	1982	10	7	280	23.2	31.0	20.7	-999.9	6.3	1.4	96862.3	-999.9
Bamako	1982	10	8	281	22.7	29.4	16.1	-999.9	7.2	1.6	96852.3	-999.9
Bamako	1982	10	9	282	23.3	30.2	18.9	-999.9	18.9	1.5	96799.4	-999.9
Bamako	1982	10	10	283	22.0	32.3	22.0	-999.9	0.0	1.4	96729.4	-999.9
Bamako	1982	10	11	284	21.1	32.8	22.5	-999.9	0.0	1.6	96667.8	-999.9
Bamako	1982	10	12	285	23.2	29.5	17.5	-999.9	0.0	1.6	96796.5	-999.9
Bamako	1982	10	13	286	21.9	29.6	17.6	-999.9	10.0	1.0	96827.8	-999.9
Bamako	1982	10	14	287	23.5	32.0	20.4	-999.9	5.0	1.5	96763.7	-999.9
Bamako	1982	10	15	288	23.7	31.2	18.8	-999.9	5.0	1.5	96837.0	-999.9
Bamako	1982	10	16	289	22.4	31.3	18.5	-999.9	0.0	1.2	96860.2	-999.9
Bamako	1982	10	17	290	22.7	31.0	18.5	-999.9	0.0	1.1	96791.2	-999.9
Bamako	1982	10	18	291	22.6	32.0	20.0	-999.9	0.0	1.4	96769.7	-999.9
Bamako	1982	10	19	292	22.7	33.2	21.4	-999.9	0.0	1.5	96749.2	-999.9
Bamako	1982	10	20	293	23.4	31.2	18.7	-999.9	4.4	1.7	96871.0	-999.9
Bamako	1982	10	21	294	23.9	32.6	20.5	-999.9	4.9	1.3	96722.0	-999.9
Bamako	1982	10	22	295	23.6	33.1	19.0	-999.9	0.0	1.3	96567.4	-999.9
Bamako	1982	10	23	296	22.5	33.9	20.5	-999.9	0.0	1.7	96712.6	-999.9
Bamako	1982	10	24	297	21.8	34.6	21.0	-999.9	0.0	1.6	96859.4	-999.9
Bamako	1982	10	25	298	22.5	33.8	20.3	-999.9	0.0	1.3	96882.2	-999.9
Bamako	1982	10	26	299	23.2	33.2	18.7	-999.9	0.0	1.5	96756.7	-999.9
Bamako	1982	10	27	300	21.7	32.9	19.8	-999.9	0.0	2.0	96662.8	-999.9
Bamako	1982	10	28	301	23.0	32.5	19.4	-999.9	0.0	1.5	96705.2	-999.9
Bamako	1982	10	29	302	22.7	32.4	18.9	-999.9	0.0	1.5	96832.2	-999.9
Bamako	1982	10	30	303	21.2	34.4	22.1	-999.9	0.0	1.3	96864.1	-999.9
Bamako	1982	10	31	304	19.7	33.1	22.4	-999.9	0.0	1.5	96820.4	-999.9
Bamako	1982	11	1	305	18.8	33.3	22.1	-999.9	0.0	1.6	96665.3	-999.9
Bamako	1982	11	2	306	20.9	34.2	21.7	-999.9	0.0	1.6	96643.8	-999.9
Bamako	1982	11	3	307	22.0	35.0	18.9	-999.9	0.0	1.3	96805.2	-999.9
Bamako	1982	11	4	308	21.9	35.9	20.8	-999.9	0.0	1.7	96853.6	-999.9
Bamako	1982	11	5	309	19.7	35.7	21.8	-999.9	0.0	1.5	96765.2	-999.9
Bamako	1982	11	6	310	22.8	35.2	18.7	-999.9	0.0	1.2	96601.3	-999.9
Bamako	1982	11	7	311	24.0	35.1	16.9	-999.9	0.0	1.2	96613.2	-999.9
Bamako	1982	11	8	312	21.9	35.5	20.2	-999.9	1.5	1.4	96870.1	-999.9
Bamako	1982	11	9	313	23.7	36.1	20.1	-999.9	0.0	1.2	96904.8	-999.9
Bamako	1982	11	10	314	20.7	37.1	21.7	-999.9	0.0	2.0	96754.2	-999.9
Bamako	1982	11	11	315	20.4	36.6	21.6	-999.9	0.0	2.0	96711.2	-999.9
Bamako	1982	11	12	316	21.6	36.1	21.5	-999.9	0.0	2.5	96736.2	-999.9
Bamako	1982	11	13	317	20.0	35.3	21.5	-999.9	0.0	2.3	96880.9	-999.9
Bamako	1982	11	14	318	18.4	34.1	21.4	-999.9	0.0	1.8	96900.2	-999.9
Bamako	1982	11	15	319	17.8	34.5	21.1	-999.9	0.0	1.3	96872.7	-999.9
Bamako	1982	11	16	320	18.3	34.5	21.1	-999.9	0.0	1.4	96835.5	-999.9
Bamako	1982	11	17	321	19.3	35.1	20.9	-999.9	0.0	1.7	96799.8	-999.9
Bamako	1982	11	18	322	20.6	35.0	20.5	-999.9	0.0	2.1	96779.4	-999.9
Bamako	1982	11	19	323	19.1	34.0	21.0	-999.9	0.0	1.8	96845.7	-999.9
Bamako	1982	11	20	324	18.4	35.0	21.0	-999.9	0.0	1.8	96860.5	-999.9
Bamako	1982	11	21	325	20.1	34.5	20.4	-999.9	0.0	2.1	96835.2	-999.9
Bamako	1982	11	22	326	18.6	33.2	19.1	-999.9	0.0	1.6	96839.2	-999.9
Bamako	1982	11	23	327	18.2	32.9	20.8	-999.9	0.0	1.7	96879.9	-999.9
Bamako	1982	11	24	328	18.4	33.6	20.6	-999.9	0.0	2.1	96910.3	-999.9
Bamako	1982	11	25	329	19.6	33.3	19.7	-999.9	0.0	1.8	96933.6	-999.9
Bamako	1982	11	26	330	17.9	33.4	20.6	-999.9	0.0	1.7	96882.9	-999.9
Bamako	1982	11	27	331	17.5	33.1	20.6	-999.9	0.0	1.7	96831.7	-999.9
Bamako	1982	11	28	332	17.2	32.2	20.5	-999.9	0.0	1.8	96909.5	-999.9
Bamako	1982	11	29	333	16.2	31.8	20.6	-999.9	0.0	1.9	97029.1	-999.9
Bamako	1982	11	30	334	15.3	32.4	20.8	-999.9	0.0	1.9	97075.7	-999.9
Bamako	1982	12	1	335	16.5	33.4	20.7	-999.9	0.0	2.2	97080.1	-999.9
Bamako	1982	12	2	336	16.5	33.8	20.6	-999.9	0.0	2.5	97049.0	-999.9
Bamako	1982	12	3	337	16.4	33.7	20.8	-999.9	0.0	2.5	96981.0	-999.9
Bamako	1982	12	4	338	20.1	33.4	19.9	-999.9	0.0	2.7	96882.7	-999.9
Bamako	1982	12	5	339	20.0	29.2	18.4	-999.9	0.0	3.3	96922.1	-999.9
Bamako	1982	12	6	340	15.3	25.5	20.3	-999.9	0.0	3.0	97069.0	-999.9
Bamako	1982	12	7	341	12.8	24.7	20.6	-999.9	0.0	2.6	97157.2	-999.9
Bamako	1982	12	8	342	13.2	26.0	20.2	-999.9	0.0	2.4	97272.3	-999.9
Bamako	1982	12	9	343	14.9	27.8	19.9	-999.9	0.0	2.7	97348.2	-999.9
Bamako	1982	12	10	344	17.1	28.5	16.9	-999.9	0.1	2.6	97293.5	-999.9
Bamako	1982	12	11	345	19.3	28.3	15.6	-999.9	0.0	2.5	97077.9	-999.9
Bamako	1982	12	12	346	19.2	30.6	16.3	-999.9	0.0	2.2	96941.4	-999.9
Bamako	1982	12	13	347	20.0	33.1	19.2	-999.9	0.0	2.0	96870.3	-999.9
Bamako	1982	12	14	348	19.2	33.4	19.3	-999.9	0.0	1.6	96878.2	-999.9
Bamako	1982	12	15	349	18.4	34.1	19.3	-999.9	0.0	1.5	96862.4	-999.9
Bamako	1982	12	16	350	20.4	33.6	19.2	-999.9	0.0	2.3	96891.6	-999.9
Bamako	1982	12	17	351	18.8	29.7	17.7	-999.9	0.0	2.4	96923.9	-999.9
Bamako	1982	12	18	352	16.6	29.5	18.4	-999.9	0.0	2.0	96899.2	-999.9
Bamako	1982	12	19	353	16.2	31.1	19.1	-999.9	0.0	1.9	96972.3	-999.9
Bamako	1982	12	20	354	17.7	32.0	19.5	-999.9	0.0	2.0	97084.6	-999.9
Bamako	1982	12	21	355	18.3	32.9	19.8	-999.9	0.0	1.9	96977.5	-999.9
Bamako	1982	12	22	356	17.2	33.2	19.8	-999.9	0.0	1.7	96817.4	-999.9
Bamako	1982	12	23	357	18.5	33.2	19.6	-999.9	0.0	2.2	96832.3	-999.9
Bamako	1982	12	24	358	18.6	33.0	19.5	-999.9	0.0	2.7	96839.1	-999.9
Bamako	1982	12	25	359	19.8	31.0	19.4	-999.9	0.0	3.2	97045.7	-999.9
Bamako	1982	12	26	360	18.4	29.7	18.9	-999.9	0.0	2.9	97166.3	-999.9
Bamako	1982	12	27	361	17.1	29.5	19.6	-999.9	0.0	2.4	97070.2	-999.9
Bamako	1982	12	28	362	15.9	29.5	19.7	-999.9	0.0	1.9	96885.9	-999.9
Bamako	1982	12	29	363	16.4	30.9	19.7	-999.9	0.0	2.0	96795.0	-999.9
Bamako	1982	12	30	364	17.3	32.8	19.7	-999.9	0.0	2.0	96746.8	-999.9
Bamako	1982	12	31	365	17.9	33.5	19.6	-999.9	0.0	2.1	96845.6	-999.9
