Bamako	2010	1	1	1	17.1	32.7	20.5	-999.9	0.0	2.1	96852.0	-999.9
Bamako	2010	1	2	2	17.7	32.9	20.2	-999.9	0.0	2.1	96910.6	-999.9
Bamako	2010	1	3	3	17.7	32.3	20.4	-999.9	0.0	2.2	96958.6	-999.9
Bamako	2010	1	4	4	16.7	32.2	20.6	-999.9	0.0	2.2	96886.9	-999.9
Bamako	2010	1	5	5	17.1	32.4	20.6	-999.9	0.0	1.5	96799.4	-999.9
Bamako	2010	1	6	6	16.2	32.7	20.6	-999.9	0.0	1.6	96761.9	-999.9
Bamako	2010	1	7	7	16.8	32.5	20.4	-999.9	0.0	1.7	96814.4	-999.9
Bamako	2010	1	8	8	16.3	32.6	20.3	-999.9	0.0	2.0	96823.1	-999.9
Bamako	2010	1	9	9	16.9	32.3	20.4	-999.9	0.0	2.1	96780.8	-999.9
Bamako	2010	1	10	10	17.6	32.3	20.3	-999.9	0.0	2.2	96802.6	-999.9
Bamako	2010	1	11	11	18.6	32.3	20.6	-999.9	0.0	2.3	96943.4	-999.9
Bamako	2010	1	12	12	19.1	32.4	20.2	-999.9	0.0	2.5	96996.0	-999.9
Bamako	2010	1	13	13	17.6	31.4	19.4	-999.9	0.0	2.3	96997.1	-999.9
Bamako	2010	1	14	14	16.4	32.6	20.7	-999.9	0.0	2.2	96991.5	-999.9
Bamako	2010	1	15	15	16.5	33.2	21.2	-999.9	0.0	2.1	97033.2	-999.9
Bamako	2010	1	16	16	17.6	34.2	21.4	-999.9	0.0	2.3	97073.3	-999.9
Bamako	2010	1	17	17	19.7	33.4	21.3	-999.9	0.0	2.7	97126.4	-999.9
Bamako	2010	1	18	18	17.9	32.6	21.5	-999.9	0.0	2.4	97070.5	-999.9
Bamako	2010	1	19	19	17.8	32.9	21.4	-999.9	0.0	2.4	97066.4	-999.9
Bamako	2010	1	20	20	17.1	31.8	21.7	-999.9	0.0	2.4	96993.0	-999.9
Bamako	2010	1	21	21	16.1	32.5	21.6	-999.9	0.0	2.2	96997.4	-999.9
Bamako	2010	1	22	22	17.6	32.7	19.9	-999.9	0.0	2.2	96928.1	-999.9
Bamako	2010	1	23	23	16.9	33.6	21.2	-999.9	0.0	2.1	96791.3	-999.9
Bamako	2010	1	24	24	19.3	33.7	20.8	-999.9	0.0	2.2	96709.1	-999.9
Bamako	2010	1	25	25	19.7	33.3	19.3	-999.9	0.0	2.0	96675.9	-999.9
Bamako	2010	1	26	26	20.4	33.6	21.0	-999.9	0.0	1.9	96623.8	-999.9
Bamako	2010	1	27	27	19.4	33.9	21.1	-999.9	0.0	1.7	96662.6	-999.9
Bamako	2010	1	28	28	20.1	34.2	18.7	-999.9	0.0	1.5	96726.5	-999.9
Bamako	2010	1	29	29	21.9	32.7	15.4	-999.9	0.0	1.9	96756.1	-999.9
Bamako	2010	1	30	30	19.7	35.2	21.4	-999.9	0.0	2.3	96732.6	-999.9
Bamako	2010	1	31	31	19.7	35.9	21.3	-999.9	0.0	2.7	96789.7	-999.9
Bamako	2010	2	1	32	22.3	34.1	21.5	-999.9	0.0	3.3	96981.3	-999.9
Bamako	2010	2	2	33	20.3	35.5	21.7	-999.9	0.0	2.8	97027.6	-999.9
Bamako	2010	2	3	34	20.1	36.0	21.6	-999.9	0.0	2.3	96838.2	-999.9
Bamako	2010	2	4	35	21.4	36.7	21.9	-999.9	0.0	2.5	96806.8	-999.9
Bamako	2010	2	5	36	21.6	36.7	21.3	-999.9	0.0	3.0	96853.8	-999.9
Bamako	2010	2	6	37	23.4	34.5	22.1	-999.9	0.0	3.3	96843.1	-999.9
Bamako	2010	2	7	38	20.6	33.8	22.1	-999.9	0.0	2.6	96780.6	-999.9
Bamako	2010	2	8	39	19.3	33.9	21.6	-999.9	0.0	2.2	96678.5	-999.9
Bamako	2010	2	9	40	18.1	35.0	22.4	-999.9	0.0	1.7	96562.4	-999.9
Bamako	2010	2	10	41	18.7	35.0	21.9	-999.9	0.0	1.7	96553.6	-999.9
Bamako	2010	2	11	42	20.5	34.4	21.0	-999.9	0.0	1.9	96517.0	-999.9
Bamako	2010	2	12	43	19.7	35.0	22.3	-999.9	0.0	1.8	96510.5	-999.9
Bamako	2010	2	13	44	20.9	35.6	21.8	-999.9	0.0	1.0	96616.7	-999.9
Bamako	2010	2	14	45	22.0	36.0	22.2	-999.9	0.0	1.8	96640.1	-999.9
Bamako	2010	2	15	46	23.1	34.8	20.8	-999.9	0.0	1.8	96665.4	-999.9
Bamako	2010	2	16	47	23.2	35.1	21.9	-999.9	0.0	1.9	96678.8	-999.9
Bamako	2010	2	17	48	22.8	36.5	22.1	-999.9	0.0	1.8	96684.5	-999.9
Bamako	2010	2	18	49	24.2	38.1	21.3	-999.9	0.0	1.6	96726.4	-999.9
Bamako	2010	2	19	50	25.6	38.1	21.4	-999.9	0.0	2.4	96777.5	-999.9
Bamako	2010	2	20	51	24.4	37.8	22.1	-999.9	0.0	2.4	96723.9	-999.9
Bamako	2010	2	21	52	24.6	38.6	22.6	-999.9	0.0	2.5	96626.4	-999.9
Bamako	2010	2	22	53	25.0	39.2	22.8	-999.9	0.0	2.8	96532.6	-999.9
Bamako	2010	2	23	54	24.8	39.0	22.6	-999.9	0.0	2.8	96642.0	-999.9
Bamako	2010	2	24	55	25.3	39.2	22.1	-999.9	0.0	3.0	96641.3	-999.9
Bamako	2010	2	25	56	24.4	39.2	23.6	-999.9	0.0	2.4	96528.9	-999.9
Bamako	2010	2	26	57	22.2	39.0	23.7	-999.9	0.0	1.9	96496.1	-999.9
Bamako	2010	2	27	58	22.1	38.6	22.4	-999.9	0.0	1.4	96529.8	-999.9
Bamako	2010	2	28	59	26.4	38.1	18.6	-999.9	0.0	1.8	96575.9	-999.9
Bamako	2010	3	1	60	26.1	38.5	22.1	-999.9	0.8	2.0	96581.7	-999.9
Bamako	2010	3	2	61	26.2	37.7	20.3	-999.9	0.0	1.3	96689.7	-999.9
Bamako	2010	3	3	62	26.3	37.6	20.6	-999.9	0.0	1.6	96665.8	-999.9
Bamako	2010	3	4	63	23.0	38.9	23.9	-999.9	0.0	1.9	96584.2	-999.9
Bamako	2010	3	5	64	22.0	38.4	24.1	-999.9	0.0	1.7	96508.7	-999.9
Bamako	2010	3	6	65	23.4	38.9	23.6	-999.9	0.0	1.6	96439.6	-999.9
Bamako	2010	3	7	66	26.0	37.8	21.5	-999.9	0.0	1.5	96525.7	-999.9
Bamako	2010	3	8	67	23.8	38.7	23.7	-999.9	0.0	1.5	96559.5	-999.9
Bamako	2010	3	9	68	23.3	37.4	24.4	-999.9	0.0	1.8	96605.2	-999.9
Bamako	2010	3	10	69	23.5	37.2	24.6	-999.9	0.0	1.5	96582.8	-999.9
Bamako	2010	3	11	70	24.6	37.2	23.7	-999.9	0.0	1.6	96635.6	-999.9
Bamako	2010	3	12	71	24.7	36.7	19.3	-999.9	0.0	1.8	96739.2	-999.9
Bamako	2010	3	13	72	26.1	37.6	20.8	-999.9	0.0	1.7	96704.8	-999.9
Bamako	2010	3	14	73	25.1	37.7	24.0	-999.9	0.0	1.6	96576.0	-999.9
Bamako	2010	3	15	74	23.7	38.0	24.6	-999.9	0.0	1.7	96558.2	-999.9
Bamako	2010	3	16	75	24.0	37.3	25.0	-999.9	0.0	2.2	96655.0	-999.9
Bamako	2010	3	17	76	23.0	36.2	25.0	-999.9	0.0	2.3	96811.1	-999.9
Bamako	2010	3	18	77	21.6	36.2	24.8	-999.9	0.0	2.1	96874.9	-999.9
Bamako	2010	3	19	78	23.3	38.5	24.8	-999.9	0.0	2.1	96768.5	-999.9
Bamako	2010	3	20	79	25.5	39.4	24.0	-999.9	0.0	2.5	96610.0	-999.9
Bamako	2010	3	21	80	24.3	38.1	24.8	-999.9	0.0	2.1	96722.1	-999.9
Bamako	2010	3	22	81	23.7	37.5	25.7	-999.9	0.0	2.0	96666.8	-999.9
Bamako	2010	3	23	82	22.2	37.6	26.0	-999.9	0.0	2.1	96524.8	-999.9
Bamako	2010	3	24	83	20.4	37.4	26.2	-999.9	0.0	1.7	96379.5	-999.9
Bamako	2010	3	25	84	20.5	37.1	25.0	-999.9	0.0	1.7	96445.0	-999.9
Bamako	2010	3	26	85	25.8	37.5	22.3	-999.9	0.0	1.5	96659.2	-999.9
Bamako	2010	3	27	86	21.6	38.3	26.1	-999.9	0.0	2.1	96719.7	-999.9
Bamako	2010	3	28	87	22.1	38.9	26.5	-999.9	0.0	2.4	96686.2	-999.9
Bamako	2010	3	29	88	22.3	38.8	26.3	-999.9	0.0	2.4	96626.0	-999.9
Bamako	2010	3	30	89	21.3	39.4	26.4	-999.9	0.0	2.1	96588.4	-999.9
Bamako	2010	3	31	90	21.9	38.8	26.1	-999.9	0.0	2.1	96525.2	-999.9
Bamako	2010	4	1	91	23.3	39.2	25.9	-999.9	0.0	2.0	96448.7	-999.9
Bamako	2010	4	2	92	21.5	39.9	26.4	-999.9	0.0	2.1	96391.9	-999.9
Bamako	2010	4	3	93	23.6	40.0	26.3	-999.9	0.0	2.1	96346.4	-999.9
Bamako	2010	4	4	94	25.2	38.7	22.2	-999.9	0.0	2.3	96348.5	-999.9
Bamako	2010	4	5	95	27.4	39.9	25.2	-999.9	0.0	2.3	96406.6	-999.9
Bamako	2010	4	6	96	27.0	39.2	25.4	-999.9	0.0	2.2	96440.5	-999.9
Bamako	2010	4	7	97	26.4	40.2	25.0	-999.9	0.0	2.1	96298.2	-999.9
Bamako	2010	4	8	98	27.8	39.5	23.4	-999.9	0.0	1.9	96354.1	-999.9
Bamako	2010	4	9	99	28.0	39.5	21.4	-999.9	0.0	1.8	96383.6	-999.9
Bamako	2010	4	10	100	27.9	38.3	20.3	-999.9	0.0	2.3	96463.7	-999.9
Bamako	2010	4	11	101	27.3	38.9	23.7	-999.9	0.0	2.2	96331.6	-999.9
Bamako	2010	4	12	102	28.5	39.7	24.2	-999.9	0.0	2.3	96315.9	-999.9
Bamako	2010	4	13	103	26.5	40.0	25.4	-999.9	0.0	1.9	96348.2	-999.9
Bamako	2010	4	14	104	27.5	38.9	24.1	-999.9	0.0	2.3	96430.5	-999.9
Bamako	2010	4	15	105	29.2	39.9	25.0	-999.9	0.0	2.2	96413.1	-999.9
Bamako	2010	4	16	106	29.3	38.7	22.5	-999.9	0.0	2.5	96479.0	-999.9
Bamako	2010	4	17	107	28.4	39.4	22.5	-999.9	0.0	1.9	96552.8	-999.9
Bamako	2010	4	18	108	29.5	39.3	22.4	-999.9	0.0	1.8	96571.4	-999.9
Bamako	2010	4	19	109	27.5	39.6	22.3	-999.9	0.0	1.8	96640.2	-999.9
Bamako	2010	4	20	110	27.0	38.5	21.4	-999.9	0.0	2.0	96602.9	-999.9
Bamako	2010	4	21	111	28.5	40.3	24.9	-999.9	0.0	1.9	96538.0	-999.9
Bamako	2010	4	22	112	29.3	39.6	24.6	-999.9	0.0	2.6	96567.3	-999.9
Bamako	2010	4	23	113	28.2	38.8	23.8	-999.9	3.2	2.3	96612.1	-999.9
Bamako	2010	4	24	114	27.1	37.2	23.5	-999.9	0.0	1.7	96659.1	-999.9
Bamako	2010	4	25	115	27.0	38.6	24.7	-999.9	0.0	2.0	96582.5	-999.9
Bamako	2010	4	26	116	27.7	38.7	24.0	-999.9	0.0	1.7	96460.3	-999.9
Bamako	2010	4	27	117	27.1	38.6	22.6	-999.9	6.2	2.5	96543.2	-999.9
Bamako	2010	4	28	118	25.9	37.3	24.1	-999.9	0.0	2.0	96574.1	-999.9
Bamako	2010	4	29	119	26.5	38.0	23.1	-999.9	0.0	1.8	96581.1	-999.9
Bamako	2010	4	30	120	25.2	33.1	18.5	-999.9	12.5	1.7	96664.0	-999.9
Bamako	2010	5	1	121	26.4	35.6	22.7	-999.9	0.0	1.8	96633.6	-999.9
Bamako	2010	5	2	122	25.9	34.1	21.0	-999.9	2.6	2.2	96751.5	-999.9
Bamako	2010	5	3	123	27.1	37.5	22.6	-999.9	0.0	2.1	96669.4	-999.9
Bamako	2010	5	4	124	27.2	39.2	24.4	-999.9	0.0	2.6	96454.8	-999.9
Bamako	2010	5	5	125	27.8	38.9	24.4	-999.9	0.0	2.5	96377.5	-999.9
Bamako	2010	5	6	126	27.8	37.6	24.0	-999.9	22.6	2.7	96517.0	-999.9
Bamako	2010	5	7	127	28.0	36.7	21.9	-999.9	0.0	2.1	96559.0	-999.9
Bamako	2010	5	8	128	25.3	33.2	16.2	-999.9	16.9	1.9	96715.5	-999.9
Bamako	2010	5	9	129	25.9	37.2	23.7	-999.9	0.0	1.6	96635.5	-999.9
Bamako	2010	5	10	130	28.5	38.4	23.1	-999.9	11.3	1.6	96574.5	-999.9
Bamako	2010	5	11	131	27.2	38.4	24.0	-999.9	0.0	1.9	96567.9	-999.9
Bamako	2010	5	12	132	28.3	38.6	22.9	-999.9	0.0	2.4	96610.3	-999.9
Bamako	2010	5	13	133	27.8	38.3	24.6	-999.9	0.0	2.0	96594.3	-999.9
Bamako	2010	5	14	134	26.8	38.4	24.0	-999.9	0.0	1.6	96686.4	-999.9
Bamako	2010	5	15	135	28.5	38.6	23.6	-999.9	15.5	2.2	96627.6	-999.9
Bamako	2010	5	16	136	27.5	36.2	22.4	-999.9	0.0	2.0	96657.3	-999.9
Bamako	2010	5	17	137	28.3	36.7	20.8	-999.9	0.0	1.8	96660.2	-999.9
Bamako	2010	5	18	138	27.4	38.8	24.5	-999.9	0.0	1.6	96547.3	-999.9
Bamako	2010	5	19	139	26.3	38.3	25.0	-999.9	0.0	1.8	96408.8	-999.9
Bamako	2010	5	20	140	26.5	35.7	22.9	-999.9	0.0	1.7	96555.1	-999.9
Bamako	2010	5	21	141	27.3	33.6	18.6	-999.9	0.0	1.9	96699.6	-999.9
Bamako	2010	5	22	142	25.6	33.4	20.1	-999.9	0.0	1.9	96696.0	-999.9
Bamako	2010	5	23	143	25.4	36.3	23.2	-999.9	2.8	1.7	96608.5	-999.9
Bamako	2010	5	24	144	25.5	35.5	21.8	-999.9	11.0	1.5	96675.7	-999.9
Bamako	2010	5	25	145	26.4	36.7	23.6	-999.9	0.0	1.9	96632.5	-999.9
Bamako	2010	5	26	146	27.7	37.9	25.0	-999.9	0.0	2.4	96517.7	-999.9
Bamako	2010	5	27	147	26.8	38.6	24.6	-999.9	0.0	2.5	96455.7	-999.9
Bamako	2010	5	28	148	27.1	37.0	24.6	-999.9	0.0	2.5	96579.8	-999.9
Bamako	2010	5	29	149	27.3	36.3	22.2	-999.9	8.7	2.2	96727.7	-999.9
Bamako	2010	5	30	150	24.8	35.2	23.3	-999.9	8.7	1.6	96829.1	-999.9
Bamako	2010	5	31	151	25.8	35.1	21.7	-999.9	0.0	1.6	96786.3	-999.9
Bamako	2010	6	1	152	24.7	31.7	18.3	-999.9	5.9	1.5	96882.4	-999.9
Bamako	2010	6	2	153	25.9	31.8	16.3	-999.9	0.0	1.9	96867.9	-999.9
Bamako	2010	6	3	154	25.9	34.8	24.3	-999.9	0.0	2.2	96899.0	-999.9
Bamako	2010	6	4	155	25.4	34.4	24.1	-999.9	0.0	2.0	96875.5	-999.9
Bamako	2010	6	5	156	26.2	32.8	21.2	-999.9	0.0	1.8	96961.9	-999.9
Bamako	2010	6	6	157	25.3	34.6	24.0	-999.9	0.0	1.8	96983.6	-999.9
Bamako	2010	6	7	158	26.0	34.9	22.0	-999.9	10.4	1.9	96898.0	-999.9
Bamako	2010	6	8	159	24.3	33.9	21.8	-999.9	10.4	2.4	96828.5	-999.9
Bamako	2010	6	9	160	25.7	34.2	23.3	-999.9	0.0	2.8	96767.7	-999.9
Bamako	2010	6	10	161	24.8	31.7	18.4	-999.9	10.4	2.1	96892.5	-999.9
Bamako	2010	6	11	162	23.2	30.8	17.5	-999.9	3.6	1.6	97059.1	-999.9
Bamako	2010	6	12	163	23.7	33.5	24.0	-999.9	0.0	1.2	96960.8	-999.9
Bamako	2010	6	13	164	25.5	36.5	23.7	-999.9	7.1	1.9	96781.4	-999.9
Bamako	2010	6	14	165	25.0	34.9	22.6	-999.9	0.0	2.3	96741.3	-999.9
Bamako	2010	6	15	166	24.7	33.3	22.7	-999.9	7.1	2.4	96918.3	-999.9
Bamako	2010	6	16	167	24.6	33.2	22.5	-999.9	0.0	1.8	96918.7	-999.9
Bamako	2010	6	17	168	25.2	32.0	20.2	-999.9	13.8	1.8	96904.1	-999.9
Bamako	2010	6	18	169	24.7	34.9	22.5	-999.9	0.0	1.7	96717.5	-999.9
Bamako	2010	6	19	170	25.3	33.8	23.0	-999.9	0.0	2.0	96638.6	-999.9
Bamako	2010	6	20	171	25.1	35.0	24.2	-999.9	0.0	1.6	96679.9	-999.9
Bamako	2010	6	21	172	25.3	34.3	21.2	-999.9	5.9	1.9	96716.1	-999.9
Bamako	2010	6	22	173	24.8	34.6	21.3	-999.9	5.9	1.6	96753.2	-999.9
Bamako	2010	6	23	174	25.3	33.9	22.6	-999.9	0.0	2.0	96727.2	-999.9
Bamako	2010	6	24	175	25.2	35.2	20.7	-999.9	2.0	2.6	96811.3	-999.9
Bamako	2010	6	25	176	25.1	33.5	17.0	-999.9	3.9	3.2	96731.2	-999.9
Bamako	2010	6	26	177	24.9	34.2	23.6	-999.9	0.0	2.4	96701.7	-999.9
Bamako	2010	6	27	178	24.5	32.0	15.2	-999.9	9.9	1.5	96730.9	-999.9
Bamako	2010	6	28	179	24.0	31.1	21.6	-999.9	0.0	1.6	96882.0	-999.9
Bamako	2010	6	29	180	23.7	33.6	23.1	-999.9	0.0	1.4	96910.3	-999.9
Bamako	2010	6	30	181	24.7	34.2	21.5	-999.9	14.8	1.9	96748.0	-999.9
Bamako	2010	7	1	182	23.9	33.0	23.2	-999.9	0.0	2.2	96747.5	-999.9
Bamako	2010	7	2	183	24.9	30.9	19.9	-999.9	15.7	2.0	96821.5	-999.9
Bamako	2010	7	3	184	22.9	29.8	18.5	-999.9	15.7	1.3	96880.1	-999.9
Bamako	2010	7	4	185	23.2	32.2	23.7	-999.9	0.0	1.2	96874.9	-999.9
Bamako	2010	7	5	186	23.9	33.3	22.5	-999.9	0.0	2.2	96775.1	-999.9
Bamako	2010	7	6	187	23.3	32.1	19.8	-999.9	5.3	2.9	96583.1	-999.9
Bamako	2010	7	7	188	22.6	31.0	22.6	-999.9	0.0	2.1	96716.7	-999.9
Bamako	2010	7	8	189	24.0	31.8	22.6	-999.9	0.0	1.7	96904.6	-999.9
Bamako	2010	7	9	190	24.1	31.6	15.4	-999.9	5.3	2.0	96781.0	-999.9
Bamako	2010	7	10	191	24.3	32.6	22.1	-999.9	10.6	1.4	96679.9	-999.9
Bamako	2010	7	11	192	23.8	29.2	12.1	-999.9	6.3	1.9	96811.6	-999.9
Bamako	2010	7	12	193	22.9	27.3	10.4	-999.9	18.8	1.3	96872.1	-999.9
Bamako	2010	7	13	194	22.6	29.4	15.7	-999.9	0.0	1.0	96858.6	-999.9
Bamako	2010	7	14	195	22.6	31.4	24.1	-999.9	6.3	1.3	96870.6	-999.9
Bamako	2010	7	15	196	23.3	32.3	22.2	-999.9	6.3	2.8	96748.9	-999.9
Bamako	2010	7	16	197	24.7	31.3	21.4	-999.9	0.0	3.4	96550.4	-999.9
Bamako	2010	7	17	198	23.7	28.6	11.2	-999.9	13.1	1.7	96672.2	-999.9
Bamako	2010	7	18	199	23.2	29.3	19.2	-999.9	0.0	1.7	96998.0	-999.9
Bamako	2010	7	19	200	23.5	29.9	21.1	-999.9	6.5	1.4	97042.9	-999.9
Bamako	2010	7	20	201	22.9	29.3	15.2	-999.9	19.6	2.5	96892.6	-999.9
Bamako	2010	7	21	202	23.4	29.2	15.5	-999.9	0.0	2.5	96981.5	-999.9
Bamako	2010	7	22	203	22.9	29.7	19.1	-999.9	0.0	2.6	96999.3	-999.9
Bamako	2010	7	23	204	23.5	25.2	7.8	-999.9	29.7	2.2	96846.4	-999.9
Bamako	2010	7	24	205	22.5	26.0	11.5	-999.9	0.0	2.3	96943.2	-999.9
Bamako	2010	7	25	206	22.8	27.8	16.1	-999.9	0.0	2.0	97008.9	-999.9
Bamako	2010	7	26	207	22.9	31.3	24.0	-999.9	0.0	2.1	96797.5	-999.9
Bamako	2010	7	27	208	24.0	29.6	18.4	-999.9	12.5	1.9	96711.5	-999.9
Bamako	2010	7	28	209	23.0	29.1	16.9	-999.9	0.0	2.0	96951.0	-999.9
Bamako	2010	7	29	210	22.9	29.1	18.6	-999.9	0.0	1.6	96960.7	-999.9
Bamako	2010	7	30	211	23.0	29.9	20.7	-999.9	0.0	1.6	96708.7	-999.9
Bamako	2010	7	31	212	23.0	29.2	16.8	-999.9	25.1	1.8	96647.5	-999.9
Bamako	2010	8	1	213	22.4	28.9	16.7	-999.9	12.7	1.3	96732.5	-999.9
Bamako	2010	8	2	214	22.6	29.6	19.3	-999.9	0.0	1.0	96859.2	-999.9
Bamako	2010	8	3	215	23.1	30.8	22.1	-999.9	12.7	1.3	96829.0	-999.9
Bamako	2010	8	4	216	22.9	28.2	13.3	-999.9	12.7	0.9	96804.4	-999.9
Bamako	2010	8	5	217	23.2	29.7	18.0	-999.9	6.3	1.8	96768.4	-999.9
Bamako	2010	8	6	218	23.3	28.4	16.0	-999.9	10.0	1.8	96833.5	-999.9
Bamako	2010	8	7	219	23.5	28.9	16.1	-999.9	20.0	1.6	96913.5	-999.9
Bamako	2010	8	8	220	22.6	26.9	9.2	-999.9	20.0	1.4	96932.7	-999.9
Bamako	2010	8	9	221	22.3	27.1	14.5	-999.9	0.0	1.8	96971.6	-999.9
Bamako	2010	8	10	222	22.3	29.4	19.3	-999.9	0.0	1.7	96913.7	-999.9
Bamako	2010	8	11	223	23.0	29.5	19.5	-999.9	12.9	1.9	96822.2	-999.9
Bamako	2010	8	12	224	23.1	27.4	11.8	-999.9	25.9	1.3	96754.2	-999.9
Bamako	2010	8	13	225	22.6	28.5	15.9	-999.9	25.9	1.8	96809.7	-999.9
Bamako	2010	8	14	226	22.3	28.6	17.8	-999.9	0.0	1.1	96845.1	-999.9
Bamako	2010	8	15	227	22.1	26.1	12.4	-999.9	12.9	0.9	96900.5	-999.9
Bamako	2010	8	16	228	21.8	29.4	20.4	-999.9	0.0	1.3	96946.2	-999.9
Bamako	2010	8	17	229	22.8	30.9	23.1	-999.9	36.7	1.3	96945.3	-999.9
Bamako	2010	8	18	230	23.3	29.5	18.4	-999.9	0.0	1.4	96747.8	-999.9
Bamako	2010	8	19	231	22.4	29.3	20.0	-999.9	0.0	1.3	96752.8	-999.9
Bamako	2010	8	20	232	23.0	29.2	19.4	-999.9	0.0	1.4	96947.4	-999.9
Bamako	2010	8	21	233	23.2	29.9	19.5	-999.9	33.7	1.3	97034.3	-999.9
Bamako	2010	8	22	234	22.9	28.9	18.7	-999.9	0.0	1.3	96910.5	-999.9
Bamako	2010	8	23	235	23.2	29.1	19.5	-999.9	0.0	1.5	96914.8	-999.9
Bamako	2010	8	24	236	23.1	30.0	21.5	-999.9	33.7	1.4	96961.3	-999.9
Bamako	2010	8	25	237	22.8	29.5	19.9	-999.9	0.0	0.9	96975.9	-999.9
Bamako	2010	8	26	238	22.8	31.3	24.2	-999.9	0.0	1.0	96961.2	-999.9
Bamako	2010	8	27	239	23.4	29.5	16.7	-999.9	23.1	2.0	96730.9	-999.9
Bamako	2010	8	28	240	23.2	30.3	20.0	-999.9	0.0	1.8	96646.5	-999.9
Bamako	2010	8	29	241	23.1	30.8	22.4	-999.9	23.1	1.3	96654.6	-999.9
Bamako	2010	8	30	242	23.2	29.6	18.6	-999.9	0.0	1.5	96757.4	-999.9
Bamako	2010	8	31	243	22.9	29.6	18.6	-999.9	23.1	1.5	96697.7	-999.9
Bamako	2010	9	1	244	23.3	27.8	11.6	-999.9	0.0	0.9	96594.1	-999.9
Bamako	2010	9	2	245	23.1	28.3	13.6	-999.9	17.7	2.1	96755.0	-999.9
Bamako	2010	9	3	246	22.4	27.2	15.2	-999.9	35.4	1.5	96977.8	-999.9
Bamako	2010	9	4	247	22.6	28.3	14.6	-999.9	17.7	1.5	96922.3	-999.9
Bamako	2010	9	5	248	22.7	29.3	18.3	-999.9	17.7	1.3	96876.0	-999.9
Bamako	2010	9	6	249	22.5	27.4	15.6	-999.9	21.4	2.2	96870.0	-999.9
Bamako	2010	9	7	250	22.0	27.7	14.4	-999.9	0.0	1.9	96855.5	-999.9
Bamako	2010	9	8	251	22.3	29.0	16.4	-999.9	10.7	1.8	96925.9	-999.9
Bamako	2010	9	9	252	23.2	27.6	13.7	-999.9	21.4	1.7	96955.8	-999.9
Bamako	2010	9	10	253	22.5	26.9	12.3	-999.9	10.7	1.4	96819.4	-999.9
Bamako	2010	9	11	254	22.1	29.2	21.0	-999.9	0.0	1.6	96790.8	-999.9
Bamako	2010	9	12	255	21.7	30.3	22.7	-999.9	0.0	1.5	96844.9	-999.9
Bamako	2010	9	13	256	23.1	27.5	12.0	-999.9	11.4	1.3	96882.9	-999.9
Bamako	2010	9	14	257	22.4	29.2	19.8	-999.9	0.0	1.3	96831.6	-999.9
Bamako	2010	9	15	258	22.5	29.9	21.4	-999.9	0.0	1.0	96746.6	-999.9
Bamako	2010	9	16	259	21.0	30.1	22.1	-999.9	18.1	1.1	96748.9	-999.9
Bamako	2010	9	17	260	22.7	29.0	19.2	-999.9	18.1	0.9	96791.8	-999.9
Bamako	2010	9	18	261	22.8	29.7	18.8	-999.9	9.1	1.2	96773.9	-999.9
Bamako	2010	9	19	262	22.9	28.7	17.9	-999.9	18.1	1.8	96834.8	-999.9
Bamako	2010	9	20	263	22.0	29.6	21.8	-999.9	0.0	1.4	96862.5	-999.9
Bamako	2010	9	21	264	22.8	30.0	21.7	-999.9	0.0	0.9	96705.0	-999.9
Bamako	2010	9	22	265	22.6	30.4	22.9	-999.9	0.0	1.1	96704.9	-999.9
Bamako	2010	9	23	266	23.1	29.9	20.0	-999.9	6.1	1.0	96836.7	-999.9
Bamako	2010	9	24	267	22.3	30.8	22.0	-999.9	6.1	1.1	96847.9	-999.9
Bamako	2010	9	25	268	23.5	31.1	22.6	-999.9	0.0	0.9	96761.7	-999.9
Bamako	2010	9	26	269	23.0	30.9	22.1	-999.9	0.0	0.9	96764.6	-999.9
Bamako	2010	9	27	270	22.5	30.7	21.8	-999.9	2.6	1.2	96775.6	-999.9
Bamako	2010	9	28	271	22.9	30.7	21.0	-999.9	2.6	1.3	96716.7	-999.9
Bamako	2010	9	29	272	22.7	28.1	15.4	-999.9	2.6	1.1	96731.7	-999.9
Bamako	2010	9	30	273	21.8	30.6	21.6	-999.9	0.0	1.4	96803.0	-999.9
Bamako	2010	10	1	274	23.1	31.9	22.8	-999.9	5.5	2.0	96611.8	-999.9
Bamako	2010	10	2	275	23.1	30.7	17.3	-999.9	5.5	1.5	96628.3	-999.9
Bamako	2010	10	3	276	23.3	31.6	22.7	-999.9	0.0	1.4	96739.6	-999.9
Bamako	2010	10	4	277	24.0	31.9	20.9	-999.9	0.0	1.8	96648.4	-999.9
Bamako	2010	10	5	278	23.5	30.4	20.6	-999.9	0.0	1.3	96726.3	-999.9
Bamako	2010	10	6	279	22.5	30.0	20.2	-999.9	8.6	1.3	96811.3	-999.9
Bamako	2010	10	7	280	22.6	29.5	18.8	-999.9	8.6	1.0	96922.6	-999.9
Bamako	2010	10	8	281	22.9	28.6	14.5	-999.9	8.6	0.9	96972.9	-999.9
Bamako	2010	10	9	282	22.1	29.1	17.1	-999.9	0.0	1.0	96978.9	-999.9
Bamako	2010	10	10	283	22.5	31.3	22.3	-999.9	0.0	0.9	96795.9	-999.9
Bamako	2010	10	11	284	23.2	30.9	20.1	-999.9	0.0	1.5	96690.5	-999.9
Bamako	2010	10	12	285	23.6	30.7	21.3	-999.9	0.0	1.5	96807.1	-999.9
Bamako	2010	10	13	286	23.1	29.4	16.1	-999.9	7.2	0.9	96858.7	-999.9
Bamako	2010	10	14	287	22.8	28.8	15.0	-999.9	14.5	1.0	96883.3	-999.9
Bamako	2010	10	15	288	22.2	29.2	17.7	-999.9	0.0	1.3	96834.7	-999.9
Bamako	2010	10	16	289	22.4	30.8	20.9	-999.9	0.0	1.1	96781.6	-999.9
Bamako	2010	10	17	290	22.7	32.2	22.0	-999.9	0.0	1.4	96736.6	-999.9
Bamako	2010	10	18	291	24.2	32.2	22.1	-999.9	0.0	2.0	96645.2	-999.9
Bamako	2010	10	19	292	24.0	31.2	21.3	-999.9	0.0	1.5	96688.2	-999.9
Bamako	2010	10	20	293	22.8	30.9	19.0	-999.9	16.9	1.5	96802.9	-999.9
Bamako	2010	10	21	294	23.1	30.1	20.1	-999.9	4.6	1.4	96856.1	-999.9
Bamako	2010	10	22	295	23.2	33.3	22.7	-999.9	0.0	2.2	96739.3	-999.9
Bamako	2010	10	23	296	21.9	33.0	22.5	-999.9	0.0	1.3	96645.5	-999.9
Bamako	2010	10	24	297	22.8	33.5	21.6	-999.9	0.0	1.1	96596.9	-999.9
Bamako	2010	10	25	298	23.2	33.0	21.1	-999.9	0.0	1.7	96595.7	-999.9
Bamako	2010	10	26	299	23.3	33.6	21.4	-999.9	3.6	2.0	96652.5	-999.9
Bamako	2010	10	27	300	21.9	31.9	19.4	-999.9	0.0	1.8	96724.0	-999.9
Bamako	2010	10	28	301	22.5	29.7	17.4	-999.9	7.2	1.4	96811.6	-999.9
Bamako	2010	10	29	302	21.8	31.8	21.5	-999.9	0.0	1.1	96748.2	-999.9
Bamako	2010	10	30	303	20.7	32.6	21.6	-999.9	0.0	1.2	96740.7	-999.9
Bamako	2010	10	31	304	21.3	33.1	21.3	-999.9	0.0	1.2	96772.1	-999.9
Bamako	2010	11	1	305	23.3	33.0	19.9	-999.9	0.0	1.2	96717.6	-999.9
Bamako	2010	11	2	306	23.8	33.0	20.5	-999.9	0.0	1.3	96668.6	-999.9
Bamako	2010	11	3	307	23.3	33.4	18.1	-999.9	0.0	1.0	96633.2	-999.9
Bamako	2010	11	4	308	22.1	35.2	21.8	-999.9	0.0	1.8	96683.6	-999.9
Bamako	2010	11	5	309	19.8	32.6	21.8	-999.9	0.0	1.1	96746.9	-999.9
Bamako	2010	11	6	310	20.3	32.9	20.8	-999.9	0.0	1.0	96833.2	-999.9
Bamako	2010	11	7	311	20.3	33.0	21.9	-999.9	0.0	1.5	96750.2	-999.9
Bamako	2010	11	8	312	21.2	31.9	17.8	-999.9	0.0	1.1	96695.3	-999.9
Bamako	2010	11	9	313	22.9	32.0	17.2	-999.9	0.0	1.6	96661.3	-999.9
Bamako	2010	11	10	314	23.1	34.7	21.0	-999.9	0.0	2.0	96769.4	-999.9
Bamako	2010	11	11	315	23.3	35.0	21.2	-999.9	0.0	3.2	97025.4	-999.9
Bamako	2010	11	12	316	22.6	35.0	21.7	-999.9	0.0	2.8	96868.6	-999.9
Bamako	2010	11	13	317	21.8	34.2	21.7	-999.9	0.0	2.0	96536.7	-999.9
Bamako	2010	11	14	318	19.0	34.1	21.5	-999.9	0.0	1.8	96530.4	-999.9
Bamako	2010	11	15	319	20.4	33.0	17.9	-999.9	0.0	1.8	96737.8	-999.9
Bamako	2010	11	16	320	23.0	32.9	18.5	-999.9	0.0	1.3	96914.0	-999.9
Bamako	2010	11	17	321	22.7	35.1	20.2	-999.9	0.0	1.8	96715.7	-999.9
Bamako	2010	11	18	322	21.9	34.6	21.1	-999.9	0.0	2.4	96587.1	-999.9
Bamako	2010	11	19	323	21.3	34.2	21.2	-999.9	0.0	2.4	96674.2	-999.9
Bamako	2010	11	20	324	20.9	34.9	21.2	-999.9	0.0	2.4	96767.1	-999.9
Bamako	2010	11	21	325	20.6	34.9	20.9	-999.9	0.0	2.3	96604.1	-999.9
Bamako	2010	11	22	326	20.2	34.4	20.8	-999.9	0.0	2.0	96464.5	-999.9
Bamako	2010	11	23	327	20.8	34.6	20.8	-999.9	0.0	1.6	96499.5	-999.9
Bamako	2010	11	24	328	20.1	35.1	20.7	-999.9	0.0	2.3	96592.8	-999.9
Bamako	2010	11	25	329	18.2	34.1	20.9	-999.9	0.0	2.5	96683.7	-999.9
Bamako	2010	11	26	330	17.7	33.9	21.0	-999.9	0.0	2.4	96659.6	-999.9
Bamako	2010	11	27	331	17.0	34.3	20.9	-999.9	0.0	2.0	96640.5	-999.9
Bamako	2010	11	28	332	17.7	34.7	20.8	-999.9	0.0	2.4	96743.5	-999.9
Bamako	2010	11	29	333	17.6	34.4	20.8	-999.9	0.0	2.5	96736.3	-999.9
Bamako	2010	11	30	334	19.4	34.9	20.8	-999.9	0.0	2.3	96738.1	-999.9
Bamako	2010	12	1	335	18.5	33.8	20.9	-999.9	0.0	2.1	96633.3	-999.9
Bamako	2010	12	2	336	16.0	33.3	21.0	-999.9	0.0	2.0	96585.0	-999.9
Bamako	2010	12	3	337	17.0	33.7	20.9	-999.9	0.0	1.9	96660.9	-999.9
Bamako	2010	12	4	338	18.3	33.3	20.7	-999.9	0.0	1.6	96683.7	-999.9
Bamako	2010	12	5	339	16.3	33.8	20.6	-999.9	0.0	1.8	96766.8	-999.9
Bamako	2010	12	6	340	21.4	33.8	20.3	-999.9	0.0	1.8	96709.7	-999.9
Bamako	2010	12	7	341	17.5	33.7	20.5	-999.9	0.0	1.9	96653.4	-999.9
Bamako	2010	12	8	342	17.1	33.0	20.5	-999.9	0.0	1.9	96653.3	-999.9
Bamako	2010	12	9	343	18.7	32.4	20.0	-999.9	0.0	2.4	96738.3	-999.9
Bamako	2010	12	10	344	18.0	32.8	20.5	-999.9	0.0	2.3	96802.6	-999.9
Bamako	2010	12	11	345	16.4	31.8	20.6	-999.9	0.0	2.3	96717.9	-999.9
Bamako	2010	12	12	346	13.8	30.7	20.1	-999.9	0.0	2.0	96506.5	-999.9
Bamako	2010	12	13	347	15.6	31.0	20.3	-999.9	0.0	1.7	96399.2	-999.9
Bamako	2010	12	14	348	16.4	32.6	20.0	-999.9	0.0	2.1	96590.8	-999.9
Bamako	2010	12	15	349	18.1	32.8	19.9	-999.9	0.0	2.3	96729.5	-999.9
Bamako	2010	12	16	350	19.0	32.8	18.7	-999.9	0.0	2.1	96605.8	-999.9
Bamako	2010	12	17	351	17.8	33.5	19.8	-999.9	0.0	1.8	96506.6	-999.9
Bamako	2010	12	18	352	17.7	34.1	19.8	-999.9	0.0	2.1	96490.3	-999.9
Bamako	2010	12	19	353	19.8	34.9	19.4	-999.9	0.0	2.2	96664.4	-999.9
Bamako	2010	12	20	354	20.3	35.5	19.8	-999.9	0.0	2.0	96815.0	-999.9
Bamako	2010	12	21	355	18.8	33.7	20.0	-999.9	0.0	2.3	96770.1	-999.9
Bamako	2010	12	22	356	15.9	33.3	20.3	-999.9	0.0	1.6	96622.7	-999.9
Bamako	2010	12	23	357	16.7	33.2	20.2	-999.9	0.0	1.8	96580.0	-999.9
Bamako	2010	12	24	358	17.8	34.2	20.1	-999.9	0.0	2.1	96587.4	-999.9
Bamako	2010	12	25	359	18.2	34.4	20.3	-999.9	0.0	2.1	96646.8	-999.9
Bamako	2010	12	26	360	20.0	33.6	20.0	-999.9	0.0	1.4	96661.6	-999.9
Bamako	2010	12	27	361	16.7	33.8	19.3	-999.9	0.0	2.0	96618.4	-999.9
Bamako	2010	12	28	362	19.9	32.9	20.2	-999.9	0.0	2.5	96614.4	-999.9
Bamako	2010	12	29	363	18.5	32.0	19.9	-999.9	0.0	2.7	96676.9	-999.9
Bamako	2010	12	30	364	19.1	31.9	19.1	-999.9	0.0	2.1	96740.3	-999.9
Bamako	2010	12	31	365	17.9	30.1	18.2	-999.9	0.0	2.2	96776.4	-999.9
