Bamako	2001	1	1	1	18.1	33.6	20.4	-999.9	0.0	2.2	96813.7	-999.9
Bamako	2001	1	2	2	16.1	33.7	20.5	-999.9	0.0	2.1	96794.1	-999.9
Bamako	2001	1	3	3	18.1	33.3	19.9	-999.9	0.0	2.1	96909.8	-999.9
Bamako	2001	1	4	4	19.5	31.7	18.0	-999.9	0.0	2.4	96944.2	-999.9
Bamako	2001	1	5	5	18.0	31.9	20.3	-999.9	0.0	2.2	96942.7	-999.9
Bamako	2001	1	6	6	17.1	31.6	20.4	-999.9	0.0	2.0	96899.9	-999.9
Bamako	2001	1	7	7	17.6	32.6	20.3	-999.9	0.0	1.9	96806.8	-999.9
Bamako	2001	1	8	8	18.4	32.9	20.4	-999.9	0.0	2.2	96777.5	-999.9
Bamako	2001	1	9	9	17.4	32.7	20.6	-999.9	0.0	2.1	96765.4	-999.9
Bamako	2001	1	10	10	18.1	31.7	20.5	-999.9	0.0	2.3	96799.7	-999.9
Bamako	2001	1	11	11	16.4	32.0	21.0	-999.9	0.0	2.2	96813.8	-999.9
Bamako	2001	1	12	12	16.8	32.6	21.0	-999.9	0.0	2.2	96804.2	-999.9
Bamako	2001	1	13	13	17.1	32.7	21.1	-999.9	0.0	2.0	96791.2	-999.9
Bamako	2001	1	14	14	16.7	31.8	21.3	-999.9	0.0	2.3	96780.1	-999.9
Bamako	2001	1	15	15	15.5	31.3	21.2	-999.9	0.0	2.1	96750.3	-999.9
Bamako	2001	1	16	16	16.9	32.3	21.0	-999.9	0.0	2.1	96834.6	-999.9
Bamako	2001	1	17	17	17.7	32.6	21.2	-999.9	0.0	2.4	96922.6	-999.9
Bamako	2001	1	18	18	18.0	32.2	21.4	-999.9	0.0	2.4	96932.2	-999.9
Bamako	2001	1	19	19	17.5	32.5	21.5	-999.9	0.0	2.5	96959.3	-999.9
Bamako	2001	1	20	20	17.6	32.3	21.6	-999.9	0.0	2.5	97025.1	-999.9
Bamako	2001	1	21	21	17.2	31.7	21.7	-999.9	0.0	2.4	97012.9	-999.9
Bamako	2001	1	22	22	16.7	31.4	21.7	-999.9	0.0	2.4	96969.3	-999.9
Bamako	2001	1	23	23	15.4	31.6	21.7	-999.9	0.0	2.1	96981.7	-999.9
Bamako	2001	1	24	24	16.6	30.9	21.8	-999.9	0.0	2.4	97073.3	-999.9
Bamako	2001	1	25	25	16.2	30.9	21.8	-999.9	0.0	2.3	97117.4	-999.9
Bamako	2001	1	26	26	17.0	30.7	21.8	-999.9	0.0	2.5	97089.8	-999.9
Bamako	2001	1	27	27	16.5	30.3	21.9	-999.9	0.0	2.5	97060.5	-999.9
Bamako	2001	1	28	28	15.6	30.3	22.2	-999.9	0.0	2.3	96975.8	-999.9
Bamako	2001	1	29	29	15.1	30.8	22.2	-999.9	0.0	2.0	96828.0	-999.9
Bamako	2001	1	30	30	15.8	32.2	21.8	-999.9	0.0	2.2	96773.1	-999.9
Bamako	2001	1	31	31	17.9	33.4	21.4	-999.9	0.0	2.3	96742.8	-999.9
Bamako	2001	2	1	32	18.7	32.9	21.7	-999.9	0.0	2.7	96764.4	-999.9
Bamako	2001	2	2	33	17.8	32.5	22.0	-999.9	0.0	2.6	96736.2	-999.9
Bamako	2001	2	3	34	17.8	33.2	22.1	-999.9	0.0	2.4	96766.9	-999.9
Bamako	2001	2	4	35	18.4	34.5	22.1	-999.9	0.0	2.2	96733.9	-999.9
Bamako	2001	2	5	36	19.1	35.3	22.1	-999.9	0.0	2.4	96751.4	-999.9
Bamako	2001	2	6	37	18.7	34.8	21.7	-999.9	0.0	2.4	96846.3	-999.9
Bamako	2001	2	7	38	19.5	32.9	22.4	-999.9	0.0	2.4	96887.4	-999.9
Bamako	2001	2	8	39	17.4	32.7	22.7	-999.9	0.0	2.4	96803.6	-999.9
Bamako	2001	2	9	40	19.0	32.9	22.5	-999.9	0.0	2.6	96748.9	-999.9
Bamako	2001	2	10	41	18.6	32.4	22.6	-999.9	0.0	2.9	96877.7	-999.9
Bamako	2001	2	11	42	17.9	32.1	22.8	-999.9	0.0	2.9	96940.3	-999.9
Bamako	2001	2	12	43	18.5	31.2	22.4	-999.9	0.0	3.1	97008.6	-999.9
Bamako	2001	2	13	44	16.8	30.3	23.4	-999.9	0.0	3.2	97052.8	-999.9
Bamako	2001	2	14	45	15.8	28.4	23.2	-999.9	0.0	2.8	96977.5	-999.9
Bamako	2001	2	15	46	14.7	29.3	23.1	-999.9	0.0	2.3	96900.9	-999.9
Bamako	2001	2	16	47	15.9	30.5	23.1	-999.9	0.0	2.2	96917.4	-999.9
Bamako	2001	2	17	48	16.1	31.8	23.3	-999.9	0.0	2.1	96915.8	-999.9
Bamako	2001	2	18	49	16.8	33.0	22.4	-999.9	0.0	2.1	96884.6	-999.9
Bamako	2001	2	19	50	18.6	34.5	23.2	-999.9	0.0	2.3	96868.7	-999.9
Bamako	2001	2	20	51	20.1	33.9	19.2	-999.9	0.0	2.5	96834.1	-999.9
Bamako	2001	2	21	52	20.7	36.1	22.7	-999.9	0.1	2.7	96847.9	-999.9
Bamako	2001	2	22	53	20.8	35.5	21.3	-999.9	0.1	2.5	96777.6	-999.9
Bamako	2001	2	23	54	19.6	36.2	23.5	-999.9	0.0	2.3	96602.3	-999.9
Bamako	2001	2	24	55	18.8	36.7	23.6	-999.9	0.0	2.2	96452.9	-999.9
Bamako	2001	2	25	56	18.9	37.1	23.7	-999.9	0.0	2.3	96447.4	-999.9
Bamako	2001	2	26	57	20.4	37.5	23.5	-999.9	0.0	2.7	96519.7	-999.9
Bamako	2001	2	27	58	21.9	36.4	23.6	-999.9	0.0	2.7	96609.2	-999.9
Bamako	2001	2	28	59	21.1	34.2	23.2	-999.9	0.0	2.5	96662.4	-999.9
Bamako	2001	3	1	60	19.8	34.0	24.0	-999.9	0.0	2.4	96717.5	-999.9
Bamako	2001	3	2	61	20.5	36.0	24.0	-999.9	0.0	2.4	96818.4	-999.9
Bamako	2001	3	3	62	22.0	37.5	24.1	-999.9	0.0	2.5	96806.6	-999.9
Bamako	2001	3	4	63	22.0	38.1	24.4	-999.9	0.0	2.5	96687.7	-999.9
Bamako	2001	3	5	64	23.3	38.6	24.2	-999.9	0.0	2.6	96658.7	-999.9
Bamako	2001	3	6	65	23.5	38.6	24.4	-999.9	0.0	2.3	96812.8	-999.9
Bamako	2001	3	7	66	20.7	37.3	25.1	-999.9	0.0	2.5	96805.0	-999.9
Bamako	2001	3	8	67	21.0	36.4	25.4	-999.9	0.0	2.3	96701.8	-999.9
Bamako	2001	3	9	68	20.3	36.4	25.5	-999.9	0.0	2.2	96635.2	-999.9
Bamako	2001	3	10	69	18.3	37.1	25.5	-999.9	0.0	2.2	96626.7	-999.9
Bamako	2001	3	11	70	18.8	37.2	25.4	-999.9	0.0	2.3	96666.7	-999.9
Bamako	2001	3	12	71	21.6	36.8	25.1	-999.9	0.0	2.2	96620.2	-999.9
Bamako	2001	3	13	72	20.0	36.8	24.0	-999.9	0.0	1.4	96451.4	-999.9
Bamako	2001	3	14	73	24.0	37.9	24.1	-999.9	0.0	1.6	96366.7	-999.9
Bamako	2001	3	15	74	24.7	36.8	23.4	-999.9	0.0	1.4	96534.2	-999.9
Bamako	2001	3	16	75	21.8	37.4	24.9	-999.9	0.0	2.0	96638.3	-999.9
Bamako	2001	3	17	76	23.9	38.0	23.8	-999.9	0.0	2.1	96463.8	-999.9
Bamako	2001	3	18	77	22.5	38.0	25.1	-999.9	0.0	1.9	96410.8	-999.9
Bamako	2001	3	19	78	23.1	38.0	24.9	-999.9	0.0	1.9	96538.4	-999.9
Bamako	2001	3	20	79	24.3	38.3	25.4	-999.9	0.0	2.4	96661.7	-999.9
Bamako	2001	3	21	80	21.1	38.0	25.5	-999.9	0.0	2.0	96565.6	-999.9
Bamako	2001	3	22	81	22.5	38.1	25.4	-999.9	0.0	2.0	96423.6	-999.9
Bamako	2001	3	23	82	21.6	38.3	25.3	-999.9	0.0	1.7	96442.6	-999.9
Bamako	2001	3	24	83	23.1	36.7	20.8	-999.9	0.0	2.1	96532.0	-999.9
Bamako	2001	3	25	84	26.3	37.5	22.2	-999.9	0.0	1.7	96525.1	-999.9
Bamako	2001	3	26	85	24.9	38.7	24.8	-999.9	0.0	1.4	96452.2	-999.9
Bamako	2001	3	27	86	22.8	38.6	25.2	-999.9	0.0	1.7	96386.8	-999.9
Bamako	2001	3	28	87	21.5	39.2	24.8	-999.9	2.0	1.7	96368.8	-999.9
Bamako	2001	3	29	88	21.8	38.9	25.8	-999.9	0.0	1.9	96437.3	-999.9
Bamako	2001	3	30	89	24.0	38.9	25.6	-999.9	0.0	1.9	96398.5	-999.9
Bamako	2001	3	31	90	25.3	38.2	24.4	-999.9	0.0	1.8	96371.9	-999.9
Bamako	2001	4	1	91	22.8	38.5	26.0	-999.9	0.0	1.9	96498.7	-999.9
Bamako	2001	4	2	92	24.1	38.7	25.7	-999.9	0.0	2.5	96547.5	-999.9
Bamako	2001	4	3	93	22.7	37.1	24.7	-999.9	0.0	1.7	96511.0	-999.9
Bamako	2001	4	4	94	21.1	37.1	25.0	-999.9	0.0	1.6	96492.0	-999.9
Bamako	2001	4	5	95	22.8	38.2	24.3	-999.9	0.0	1.9	96546.6	-999.9
Bamako	2001	4	6	96	23.5	38.7	25.0	-999.9	0.0	1.8	96563.8	-999.9
Bamako	2001	4	7	97	26.5	36.3	18.9	-999.9	2.6	1.9	96671.0	-999.9
Bamako	2001	4	8	98	25.6	37.9	22.0	-999.9	0.0	2.1	96696.9	-999.9
Bamako	2001	4	9	99	25.7	39.6	25.6	-999.9	0.0	2.6	96509.0	-999.9
Bamako	2001	4	10	100	23.8	39.6	26.4	-999.9	0.0	2.3	96415.9	-999.9
Bamako	2001	4	11	101	23.0	39.4	25.4	-999.9	0.0	1.5	96353.6	-999.9
Bamako	2001	4	12	102	26.1	39.1	23.9	-999.9	0.0	1.6	96388.4	-999.9
Bamako	2001	4	13	103	27.4	38.9	24.6	-999.9	0.0	2.0	96376.2	-999.9
Bamako	2001	4	14	104	27.7	37.6	22.4	-999.9	15.1	2.1	96469.5	-999.9
Bamako	2001	4	15	105	26.6	40.3	24.9	-999.9	0.0	1.7	96455.1	-999.9
Bamako	2001	4	16	106	26.6	39.9	24.1	-999.9	1.7	2.1	96515.4	-999.9
Bamako	2001	4	17	107	27.0	38.2	24.2	-999.9	0.0	2.1	96539.7	-999.9
Bamako	2001	4	18	108	27.8	38.6	22.1	-999.9	0.0	2.4	96431.6	-999.9
Bamako	2001	4	19	109	28.1	36.9	19.2	-999.9	0.0	3.0	96561.4	-999.9
Bamako	2001	4	20	110	27.2	38.4	22.6	-999.9	0.0	1.6	96616.6	-999.9
Bamako	2001	4	21	111	27.3	37.2	21.8	-999.9	0.0	1.8	96602.8	-999.9
Bamako	2001	4	22	112	24.1	38.4	26.0	-999.9	0.0	1.0	96458.5	-999.9
Bamako	2001	4	23	113	25.5	38.3	26.0	-999.9	0.0	1.9	96396.5	-999.9
Bamako	2001	4	24	114	23.6	37.8	26.1	-999.9	0.0	2.0	96562.6	-999.9
Bamako	2001	4	25	115	23.8	38.6	26.1	-999.9	0.0	1.9	96599.8	-999.9
Bamako	2001	4	26	116	25.7	39.1	25.1	-999.9	0.0	1.9	96609.3	-999.9
Bamako	2001	4	27	117	26.4	40.4	26.0	-999.9	0.0	1.9	96540.9	-999.9
Bamako	2001	4	28	118	26.4	40.4	24.0	-999.9	0.0	1.9	96458.1	-999.9
Bamako	2001	4	29	119	25.3	39.8	25.5	-999.9	0.0	1.3	96342.7	-999.9
Bamako	2001	4	30	120	28.6	39.9	24.6	-999.9	0.0	2.9	96350.2	-999.9
Bamako	2001	5	1	121	29.1	37.6	22.2	-999.9	0.0	2.4	96633.6	-999.9
Bamako	2001	5	2	122	27.0	38.8	22.1	-999.9	0.0	2.2	96721.9	-999.9
Bamako	2001	5	3	123	27.6	38.5	21.2	-999.9	6.1	1.9	96543.2	-999.9
Bamako	2001	5	4	124	29.0	38.6	22.0	-999.9	0.0	2.2	96420.0	-999.9
Bamako	2001	5	5	125	27.9	37.2	20.8	-999.9	0.0	1.6	96552.2	-999.9
Bamako	2001	5	6	126	26.3	40.0	25.5	-999.9	0.0	2.1	96569.3	-999.9
Bamako	2001	5	7	127	26.8	39.0	23.9	-999.9	0.0	1.9	96554.6	-999.9
Bamako	2001	5	8	128	28.1	39.1	23.8	-999.9	0.0	1.7	96511.2	-999.9
Bamako	2001	5	9	129	28.6	38.7	22.6	-999.9	3.1	1.9	96518.7	-999.9
Bamako	2001	5	10	130	27.7	39.8	24.9	-999.9	0.0	2.5	96420.4	-999.9
Bamako	2001	5	11	131	27.3	39.7	24.7	-999.9	0.0	1.7	96463.1	-999.9
Bamako	2001	5	12	132	28.4	39.5	24.5	-999.9	10.6	1.8	96585.0	-999.9
Bamako	2001	5	13	133	27.7	39.6	24.3	-999.9	0.0	2.4	96620.3	-999.9
Bamako	2001	5	14	134	27.0	41.0	26.0	-999.9	0.0	2.3	96477.7	-999.9
Bamako	2001	5	15	135	26.3	39.7	24.5	-999.9	0.0	2.2	96386.1	-999.9
Bamako	2001	5	16	136	28.0	37.5	21.4	-999.9	3.1	2.7	96588.0	-999.9
Bamako	2001	5	17	137	28.5	35.1	18.5	-999.9	0.0	1.7	96697.8	-999.9
Bamako	2001	5	18	138	26.0	39.5	22.7	-999.9	3.1	2.0	96653.2	-999.9
Bamako	2001	5	19	139	26.1	35.8	22.3	-999.9	0.0	2.3	96665.5	-999.9
Bamako	2001	5	20	140	26.5	35.7	21.8	-999.9	0.0	2.6	96644.4	-999.9
Bamako	2001	5	21	141	26.0	34.4	20.6	-999.9	2.3	1.9	96709.4	-999.9
Bamako	2001	5	22	142	25.6	35.5	23.3	-999.9	0.0	1.3	96695.0	-999.9
Bamako	2001	5	23	143	24.5	33.7	20.8	-999.9	1.1	1.3	96838.8	-999.9
Bamako	2001	5	24	144	24.7	34.5	18.6	-999.9	1.1	1.7	96865.8	-999.9
Bamako	2001	5	25	145	26.6	37.3	23.2	-999.9	1.1	2.5	96657.4	-999.9
Bamako	2001	5	26	146	25.3	37.5	24.1	-999.9	0.0	1.9	96567.8	-999.9
Bamako	2001	5	27	147	27.0	38.5	24.2	-999.9	0.0	2.5	96599.4	-999.9
Bamako	2001	5	28	148	26.5	37.5	23.5	-999.9	0.0	2.0	96789.6	-999.9
Bamako	2001	5	29	149	26.9	38.6	23.2	-999.9	5.2	2.1	96772.0	-999.9
Bamako	2001	5	30	150	25.6	37.6	24.6	-999.9	5.2	2.1	96614.9	-999.9
Bamako	2001	5	31	151	24.7	37.6	25.9	-999.9	0.0	2.3	96524.9	-999.9
Bamako	2001	6	1	152	27.6	35.8	20.7	-999.9	5.0	2.3	96637.7	-999.9
Bamako	2001	6	2	153	25.9	36.0	23.9	-999.9	0.0	1.8	96714.6	-999.9
Bamako	2001	6	3	154	25.5	37.8	24.3	-999.9	5.0	2.2	96674.4	-999.9
Bamako	2001	6	4	155	25.8	37.6	23.5	-999.9	0.0	2.1	96715.0	-999.9
Bamako	2001	6	5	156	26.5	37.2	24.0	-999.9	0.0	1.8	96718.0	-999.9
Bamako	2001	6	6	157	25.7	37.2	23.6	-999.9	5.6	2.2	96702.3	-999.9
Bamako	2001	6	7	158	24.8	33.8	20.4	-999.9	0.0	2.3	96793.3	-999.9
Bamako	2001	6	8	159	25.0	32.0	18.7	-999.9	11.1	1.6	96888.3	-999.9
Bamako	2001	6	9	160	24.0	34.4	23.3	-999.9	0.0	1.3	96867.2	-999.9
Bamako	2001	6	10	161	24.2	34.9	24.1	-999.9	0.0	2.3	96774.0	-999.9
Bamako	2001	6	11	162	23.7	35.1	23.7	-999.9	0.0	2.4	96642.6	-999.9
Bamako	2001	6	12	163	24.6	34.1	23.4	-999.9	6.1	2.0	96684.4	-999.9
Bamako	2001	6	13	164	25.4	34.9	23.8	-999.9	0.0	1.7	96761.9	-999.9
Bamako	2001	6	14	165	24.4	35.2	22.2	-999.9	0.0	1.5	96721.5	-999.9
Bamako	2001	6	15	166	24.4	36.2	24.5	-999.9	0.0	2.9	96602.0	-999.9
Bamako	2001	6	16	167	25.3	34.6	23.1	-999.9	0.0	2.5	96673.4	-999.9
Bamako	2001	6	17	168	25.3	34.9	22.0	-999.9	19.5	1.9	96750.4	-999.9
Bamako	2001	6	18	169	24.5	33.4	22.6	-999.9	0.0	1.5	96657.2	-999.9
Bamako	2001	6	19	170	24.5	34.3	23.7	-999.9	0.0	1.9	96695.4	-999.9
Bamako	2001	6	20	171	26.1	33.3	22.4	-999.9	0.0	2.3	96730.6	-999.9
Bamako	2001	6	21	172	23.3	30.8	17.6	-999.9	11.1	1.9	96836.4	-999.9
Bamako	2001	6	22	173	23.8	29.2	14.9	-999.9	0.0	1.4	96955.9	-999.9
Bamako	2001	6	23	174	23.6	30.6	22.2	-999.9	0.0	1.3	96948.1	-999.9
Bamako	2001	6	24	175	23.9	29.6	17.4	-999.9	11.1	1.6	97013.1	-999.9
Bamako	2001	6	25	176	22.4	31.1	19.2	-999.9	0.0	1.6	97112.4	-999.9
Bamako	2001	6	26	177	22.9	32.1	23.3	-999.9	0.0	1.4	97098.1	-999.9
Bamako	2001	6	27	178	24.4	32.1	23.6	-999.9	0.0	1.8	96976.6	-999.9
Bamako	2001	6	28	179	24.2	32.5	21.9	-999.9	16.2	1.7	96976.2	-999.9
Bamako	2001	6	29	180	23.8	31.9	23.6	-999.9	5.4	1.0	96939.2	-999.9
Bamako	2001	6	30	181	23.2	31.0	22.9	-999.9	5.4	1.5	96868.4	-999.9
Bamako	2001	7	1	182	24.4	32.1	22.9	-999.9	3.7	1.5	96810.1	-999.9
Bamako	2001	7	2	183	22.7	30.1	16.6	-999.9	7.4	1.3	97008.1	-999.9
Bamako	2001	7	3	184	22.6	30.2	17.4	-999.9	3.7	1.5	96999.6	-999.9
Bamako	2001	7	4	185	23.0	30.3	22.3	-999.9	0.0	1.8	96926.4	-999.9
Bamako	2001	7	5	186	22.1	30.1	20.4	-999.9	11.2	1.5	96985.3	-999.9
Bamako	2001	7	6	187	23.3	27.0	10.1	-999.9	20.2	1.5	96959.4	-999.9
Bamako	2001	7	7	188	23.0	30.8	22.3	-999.9	0.0	1.5	96899.2	-999.9
Bamako	2001	7	8	189	23.7	31.3	22.9	-999.9	0.0	1.4	96956.4	-999.9
Bamako	2001	7	9	190	24.0	31.9	23.2	-999.9	0.0	1.6	96838.8	-999.9
Bamako	2001	7	10	191	22.6	29.7	18.5	-999.9	0.0	1.8	96780.3	-999.9
Bamako	2001	7	11	192	23.6	29.6	17.8	-999.9	16.3	1.7	96815.1	-999.9
Bamako	2001	7	12	193	23.9	29.9	19.9	-999.9	0.0	1.6	96919.8	-999.9
Bamako	2001	7	13	194	22.7	30.5	21.9	-999.9	0.0	1.2	96864.4	-999.9
Bamako	2001	7	14	195	24.2	32.2	24.0	-999.9	8.1	2.7	96709.9	-999.9
Bamako	2001	7	15	196	24.3	30.9	18.0	-999.9	8.1	2.7	96674.7	-999.9
Bamako	2001	7	16	197	23.7	29.4	14.2	-999.9	6.6	2.4	96794.1	-999.9
Bamako	2001	7	17	198	23.0	28.4	14.3	-999.9	13.2	1.5	96976.8	-999.9
Bamako	2001	7	18	199	22.4	28.7	15.6	-999.9	6.6	1.3	96991.3	-999.9
Bamako	2001	7	19	200	23.1	29.7	22.3	-999.9	0.0	1.9	96895.4	-999.9
Bamako	2001	7	20	201	22.7	31.1	21.2	-999.9	13.2	1.6	96804.1	-999.9
Bamako	2001	7	21	202	23.6	30.9	21.5	-999.9	0.0	1.5	96743.9	-999.9
Bamako	2001	7	22	203	22.9	30.6	19.0	-999.9	5.4	1.6	96747.0	-999.9
Bamako	2001	7	23	204	22.5	28.3	15.4	-999.9	26.9	1.4	96727.8	-999.9
Bamako	2001	7	24	205	22.2	28.9	17.1	-999.9	10.8	1.5	96749.2	-999.9
Bamako	2001	7	25	206	22.7	28.6	16.9	-999.9	0.0	2.1	96856.5	-999.9
Bamako	2001	7	26	207	22.1	26.7	10.8	-999.9	9.7	1.2	96878.0	-999.9
Bamako	2001	7	27	208	21.9	28.2	17.1	-999.9	9.7	1.3	96970.1	-999.9
Bamako	2001	7	28	209	22.2	29.5	17.1	-999.9	0.0	1.6	96986.8	-999.9
Bamako	2001	7	29	210	23.4	30.3	19.6	-999.9	0.0	2.7	96837.1	-999.9
Bamako	2001	7	30	211	22.7	27.9	9.7	-999.9	14.6	1.7	96729.8	-999.9
Bamako	2001	7	31	212	22.0	27.0	18.4	-999.9	0.0	2.2	97032.1	-999.9
Bamako	2001	8	1	213	21.6	28.4	18.2	-999.9	0.0	1.8	97228.5	-999.9
Bamako	2001	8	2	214	22.3	27.9	13.3	-999.9	14.7	1.9	97033.5	-999.9
Bamako	2001	8	3	215	22.0	29.1	18.8	-999.9	0.0	1.9	96822.2	-999.9
Bamako	2001	8	4	216	22.7	29.2	19.5	-999.9	0.0	2.5	96931.2	-999.9
Bamako	2001	8	5	217	22.8	28.2	15.3	-999.9	14.7	1.1	97071.6	-999.9
Bamako	2001	8	6	218	21.9	29.4	21.8	-999.9	0.0	0.8	97109.2	-999.9
Bamako	2001	8	7	219	22.3	30.0	17.9	-999.9	9.6	1.6	96989.5	-999.9
Bamako	2001	8	8	220	22.8	29.7	17.7	-999.9	9.6	2.2	96879.5	-999.9
Bamako	2001	8	9	221	22.5	29.2	20.1	-999.9	0.0	1.4	97047.7	-999.9
Bamako	2001	8	10	222	22.3	27.8	14.1	-999.9	4.8	0.9	97121.5	-999.9
Bamako	2001	8	11	223	21.7	29.5	21.0	-999.9	0.0	0.8	97114.3	-999.9
Bamako	2001	8	12	224	22.6	30.2	20.6	-999.9	18.8	1.8	96975.6	-999.9
Bamako	2001	8	13	225	22.2	28.6	13.8	-999.9	0.0	1.9	96852.8	-999.9
Bamako	2001	8	14	226	22.3	26.9	12.7	-999.9	0.0	1.4	96961.1	-999.9
Bamako	2001	8	15	227	22.5	29.5	19.1	-999.9	18.8	1.3	97138.5	-999.9
Bamako	2001	8	16	228	23.6	29.7	18.8	-999.9	0.0	1.1	97159.0	-999.9
Bamako	2001	8	17	229	22.3	29.4	16.2	-999.9	0.0	1.6	97113.8	-999.9
Bamako	2001	8	18	230	23.9	30.8	21.1	-999.9	0.0	1.8	96981.8	-999.9
Bamako	2001	8	19	231	24.2	31.0	22.2	-999.9	34.1	2.3	96847.7	-999.9
Bamako	2001	8	20	232	24.3	28.0	11.9	-999.9	22.7	1.9	96902.8	-999.9
Bamako	2001	8	21	233	22.7	27.9	15.6	-999.9	18.0	1.4	97047.4	-999.9
Bamako	2001	8	22	234	22.9	29.9	19.6	-999.9	18.0	1.3	97001.6	-999.9
Bamako	2001	8	23	235	22.5	30.2	21.1	-999.9	0.0	1.7	96948.2	-999.9
Bamako	2001	8	24	236	23.5	30.2	21.7	-999.9	0.0	1.6	96851.5	-999.9
Bamako	2001	8	25	237	22.6	29.3	17.2	-999.9	9.0	1.4	96894.8	-999.9
Bamako	2001	8	26	238	22.0	29.5	20.9	-999.9	8.6	1.3	97005.0	-999.9
Bamako	2001	8	27	239	22.5	29.7	21.2	-999.9	0.0	1.0	96982.7	-999.9
Bamako	2001	8	28	240	23.1	30.2	19.3	-999.9	25.8	2.0	96826.4	-999.9
Bamako	2001	8	29	241	22.3	26.4	10.6	-999.9	34.4	2.0	96854.5	-999.9
Bamako	2001	8	30	242	21.7	28.4	15.6	-999.9	0.0	1.7	96968.4	-999.9
Bamako	2001	8	31	243	22.2	30.2	22.7	-999.9	8.6	1.1	96925.2	-999.9
Bamako	2001	9	1	244	22.8	29.7	20.9	-999.9	0.0	1.0	96803.5	-999.9
Bamako	2001	9	2	245	22.1	30.0	22.4	-999.9	0.0	1.3	96764.8	-999.9
Bamako	2001	9	3	246	23.0	28.2	16.0	-999.9	7.1	1.6	96811.5	-999.9
Bamako	2001	9	4	247	22.2	27.4	12.7	-999.9	14.1	1.2	96898.0	-999.9
Bamako	2001	9	5	248	21.9	29.9	21.0	-999.9	0.0	1.1	96857.0	-999.9
Bamako	2001	9	6	249	23.1	30.3	22.5	-999.9	7.3	1.5	96743.0	-999.9
Bamako	2001	9	7	250	22.5	29.0	18.0	-999.9	7.3	1.7	96741.5	-999.9
Bamako	2001	9	8	251	22.5	29.0	16.5	-999.9	0.0	1.3	96869.7	-999.9
Bamako	2001	9	9	252	22.4	30.1	20.3	-999.9	7.3	1.1	96888.6	-999.9
Bamako	2001	9	10	253	22.1	30.2	22.3	-999.9	0.0	1.3	96845.7	-999.9
Bamako	2001	9	11	254	23.3	30.0	21.5	-999.9	0.0	1.3	96877.4	-999.9
Bamako	2001	9	12	255	23.3	32.1	24.1	-999.9	0.0	1.4	96807.2	-999.9
Bamako	2001	9	13	256	22.8	31.2	20.5	-999.9	0.0	2.3	96784.8	-999.9
Bamako	2001	9	14	257	22.6	27.5	12.1	-999.9	7.3	1.5	96739.5	-999.9
Bamako	2001	9	15	258	21.8	29.7	22.3	-999.9	7.3	1.4	96699.9	-999.9
Bamako	2001	9	16	259	22.0	27.1	13.5	-999.9	0.0	1.5	96907.9	-999.9
Bamako	2001	9	17	260	21.9	30.6	23.7	-999.9	0.0	1.0	96834.7	-999.9
Bamako	2001	9	18	261	22.1	31.0	21.3	-999.9	4.7	1.5	96722.7	-999.9
Bamako	2001	9	19	262	22.6	29.1	18.0	-999.9	9.3	1.4	96781.7	-999.9
Bamako	2001	9	20	263	21.9	28.5	18.6	-999.9	0.0	1.5	96897.7	-999.9
Bamako	2001	9	21	264	21.5	29.6	21.8	-999.9	0.0	1.0	96954.5	-999.9
Bamako	2001	9	22	265	23.0	30.9	22.0	-999.9	0.0	2.2	96773.0	-999.9
Bamako	2001	9	23	266	22.5	28.6	15.8	-999.9	0.0	2.0	96774.9	-999.9
Bamako	2001	9	24	267	21.8	29.2	19.5	-999.9	0.0	1.4	96992.7	-999.9
Bamako	2001	9	25	268	22.5	31.3	23.2	-999.9	10.5	1.8	96938.1	-999.9
Bamako	2001	9	26	269	22.8	31.2	22.2	-999.9	7.0	1.8	96819.8	-999.9
Bamako	2001	9	27	270	22.4	30.9	22.1	-999.9	0.0	1.5	96868.0	-999.9
Bamako	2001	9	28	271	23.2	31.1	21.5	-999.9	7.0	1.1	96842.4	-999.9
Bamako	2001	9	29	272	23.3	30.3	21.1	-999.9	0.0	1.4	96886.5	-999.9
Bamako	2001	9	30	273	21.6	31.3	22.0	-999.9	8.0	1.2	96964.7	-999.9
Bamako	2001	10	1	274	23.4	31.7	22.9	-999.9	0.0	1.3	96959.3	-999.9
Bamako	2001	10	2	275	23.7	31.8	21.8	-999.9	0.0	1.7	96945.3	-999.9
Bamako	2001	10	3	276	22.8	32.7	23.6	-999.9	0.0	1.2	96900.8	-999.9
Bamako	2001	10	4	277	23.8	31.1	18.0	-999.9	0.0	1.5	96920.2	-999.9
Bamako	2001	10	5	278	23.5	31.4	22.2	-999.9	14.9	1.6	97003.5	-999.9
Bamako	2001	10	6	279	23.3	33.0	22.3	-999.9	0.0	1.1	96985.7	-999.9
Bamako	2001	10	7	280	24.3	34.7	22.8	-999.9	0.0	1.5	96811.8	-999.9
Bamako	2001	10	8	281	21.5	34.8	23.2	-999.9	0.0	1.3	96671.3	-999.9
Bamako	2001	10	9	282	23.5	33.0	22.5	-999.9	0.0	1.9	96711.7	-999.9
Bamako	2001	10	10	283	23.3	33.0	22.7	-999.9	0.0	1.7	96754.2	-999.9
Bamako	2001	10	11	284	22.9	33.0	21.9	-999.9	0.0	1.2	96905.0	-999.9
Bamako	2001	10	12	285	23.6	34.2	21.2	-999.9	0.0	1.4	96839.3	-999.9
Bamako	2001	10	13	286	24.0	35.1	22.2	-999.9	0.0	1.7	96693.0	-999.9
Bamako	2001	10	14	287	23.9	33.0	20.3	-999.9	32.4	1.4	96717.2	-999.9
Bamako	2001	10	15	288	23.0	33.2	19.9	-999.9	0.0	1.2	96709.8	-999.9
Bamako	2001	10	16	289	23.0	32.6	20.0	-999.9	0.0	1.1	96835.6	-999.9
Bamako	2001	10	17	290	22.8	34.1	20.1	-999.9	0.0	1.1	96840.2	-999.9
Bamako	2001	10	18	291	22.2	34.2	21.3	-999.9	0.0	1.4	96772.2	-999.9
Bamako	2001	10	19	292	22.9	34.4	21.2	-999.9	0.0	1.4	96669.8	-999.9
Bamako	2001	10	20	293	23.7	35.4	20.7	-999.9	0.0	1.3	96604.2	-999.9
Bamako	2001	10	21	294	24.8	35.2	18.9	-999.9	5.5	1.3	96644.9	-999.9
Bamako	2001	10	22	295	23.4	35.0	21.7	-999.9	0.0	1.4	96673.3	-999.9
Bamako	2001	10	23	296	23.8	34.6	20.1	-999.9	5.5	1.4	96783.4	-999.9
Bamako	2001	10	24	297	24.2	36.3	22.7	-999.9	0.0	1.6	96790.4	-999.9
Bamako	2001	10	25	298	22.0	35.3	22.0	-999.9	0.0	1.0	96698.4	-999.9
Bamako	2001	10	26	299	22.6	32.9	20.7	-999.9	0.0	1.7	96702.3	-999.9
Bamako	2001	10	27	300	23.2	33.2	19.3	-999.9	0.0	1.1	96825.5	-999.9
Bamako	2001	10	28	301	23.1	33.9	20.4	-999.9	0.0	1.5	96931.8	-999.9
Bamako	2001	10	29	302	21.0	35.0	23.1	-999.9	0.0	1.9	96903.3	-999.9
Bamako	2001	10	30	303	20.7	33.9	23.0	-999.9	0.0	1.6	96847.5	-999.9
Bamako	2001	10	31	304	21.6	32.5	18.6	-999.9	0.0	1.7	96778.1	-999.9
Bamako	2001	11	1	305	23.3	32.5	18.0	-999.9	2.4	1.6	96834.9	-999.9
Bamako	2001	11	2	306	21.5	34.0	22.3	-999.9	0.0	2.4	96889.3	-999.9
Bamako	2001	11	3	307	20.4	34.0	22.4	-999.9	0.0	2.4	96850.5	-999.9
Bamako	2001	11	4	308	20.1	34.6	22.2	-999.9	0.0	1.9	96774.2	-999.9
Bamako	2001	11	5	309	19.9	34.5	22.6	-999.9	0.0	1.8	96788.1	-999.9
Bamako	2001	11	6	310	19.7	34.7	22.3	-999.9	0.0	1.6	96843.3	-999.9
Bamako	2001	11	7	311	19.7	35.1	22.3	-999.9	0.0	2.0	96932.0	-999.9
Bamako	2001	11	8	312	21.4	35.8	22.1	-999.9	0.0	2.2	96911.9	-999.9
Bamako	2001	11	9	313	19.5	34.8	22.2	-999.9	0.0	1.3	96777.3	-999.9
Bamako	2001	11	10	314	19.9	35.2	21.4	-999.9	0.0	1.3	96687.5	-999.9
Bamako	2001	11	11	315	19.2	34.5	21.1	-999.9	0.0	1.1	96802.8	-999.9
Bamako	2001	11	12	316	21.7	34.0	20.4	-999.9	0.0	1.3	96958.5	-999.9
Bamako	2001	11	13	317	23.5	33.5	19.2	-999.9	0.0	1.4	96887.5	-999.9
Bamako	2001	11	14	318	21.5	33.0	18.7	-999.9	0.0	1.6	96705.5	-999.9
Bamako	2001	11	15	319	20.6	34.1	21.4	-999.9	0.0	2.0	96718.5	-999.9
Bamako	2001	11	16	320	20.4	34.8	20.2	-999.9	0.0	1.8	96862.4	-999.9
Bamako	2001	11	17	321	20.7	35.3	21.6	-999.9	0.0	2.4	96845.1	-999.9
Bamako	2001	11	18	322	17.1	34.4	22.1	-999.9	0.0	2.1	96861.6	-999.9
Bamako	2001	11	19	323	18.0	34.4	21.6	-999.9	0.0	2.0	96812.0	-999.9
Bamako	2001	11	20	324	17.8	34.1	21.0	-999.9	0.0	1.9	96763.4	-999.9
Bamako	2001	11	21	325	19.2	33.3	19.5	-999.9	0.0	1.3	96781.6	-999.9
Bamako	2001	11	22	326	22.4	32.8	16.7	-999.9	0.0	1.5	96786.4	-999.9
Bamako	2001	11	23	327	23.6	32.4	17.1	-999.9	0.0	1.6	96634.7	-999.9
Bamako	2001	11	24	328	22.8	34.4	19.4	-999.9	0.0	1.4	96597.3	-999.9
Bamako	2001	11	25	329	21.4	34.4	20.1	-999.9	0.0	1.5	96567.0	-999.9
Bamako	2001	11	26	330	22.0	34.8	20.0	-999.9	0.0	1.3	96514.6	-999.9
Bamako	2001	11	27	331	22.2	33.9	18.6	-999.9	0.0	1.3	96542.2	-999.9
Bamako	2001	11	28	332	21.6	34.0	20.2	-999.9	0.0	1.8	96632.9	-999.9
Bamako	2001	11	29	333	22.5	34.0	20.2	-999.9	0.0	2.7	96707.6	-999.9
Bamako	2001	11	30	334	20.9	32.0	19.1	-999.9	0.0	2.8	96803.6	-999.9
Bamako	2001	12	1	335	20.8	32.1	19.9	-999.9	0.0	2.8	96826.5	-999.9
Bamako	2001	12	2	336	20.6	31.9	19.7	-999.9	0.0	2.4	96787.8	-999.9
Bamako	2001	12	3	337	19.4	32.6	20.3	-999.9	0.0	2.3	96749.4	-999.9
Bamako	2001	12	4	338	19.7	33.0	20.2	-999.9	0.0	2.4	96691.9	-999.9
Bamako	2001	12	5	339	19.9	33.9	19.6	-999.9	0.0	2.4	96754.7	-999.9
Bamako	2001	12	6	340	19.5	33.4	20.3	-999.9	0.0	2.3	96862.9	-999.9
Bamako	2001	12	7	341	19.1	33.0	20.4	-999.9	0.0	2.3	96776.6	-999.9
Bamako	2001	12	8	342	20.1	32.7	19.3	-999.9	0.0	2.1	96636.0	-999.9
Bamako	2001	12	9	343	19.8	31.8	19.7	-999.9	0.0	2.3	96657.0	-999.9
Bamako	2001	12	10	344	18.5	31.6	19.1	-999.9	0.0	2.3	96882.2	-999.9
Bamako	2001	12	11	345	19.3	31.3	18.5	-999.9	0.0	2.5	96991.8	-999.9
Bamako	2001	12	12	346	21.1	28.8	12.9	-999.9	0.0	2.0	96877.6	-999.9
Bamako	2001	12	13	347	19.2	30.5	19.8	-999.9	0.0	2.4	96816.2	-999.9
Bamako	2001	12	14	348	18.0	32.4	19.9	-999.9	0.0	2.0	96809.7	-999.9
Bamako	2001	12	15	349	18.4	33.6	20.0	-999.9	0.0	2.0	96833.8	-999.9
Bamako	2001	12	16	350	20.4	34.8	19.9	-999.9	0.0	2.4	96788.1	-999.9
Bamako	2001	12	17	351	21.8	34.9	17.8	-999.9	0.0	2.4	96749.1	-999.9
Bamako	2001	12	18	352	21.9	33.4	14.9	-999.9	0.0	2.2	96728.9	-999.9
Bamako	2001	12	19	353	19.9	34.5	19.6	-999.9	0.0	2.3	96729.4	-999.9
Bamako	2001	12	20	354	19.4	34.0	17.4	-999.9	0.0	2.0	96746.9	-999.9
Bamako	2001	12	21	355	19.8	34.6	19.8	-999.9	0.0	2.2	96767.6	-999.9
Bamako	2001	12	22	356	21.5	35.2	19.5	-999.9	0.0	2.4	96790.2	-999.9
Bamako	2001	12	23	357	21.4	35.4	19.4	-999.9	0.0	2.3	96819.1	-999.9
Bamako	2001	12	24	358	21.9	34.6	18.0	-999.9	0.0	2.2	96854.3	-999.9
Bamako	2001	12	25	359	18.6	34.9	20.0	-999.9	0.0	2.3	96860.1	-999.9
Bamako	2001	12	26	360	17.6	34.4	20.3	-999.9	0.0	2.1	96786.2	-999.9
Bamako	2001	12	27	361	16.9	34.2	20.3	-999.9	0.0	2.2	96801.8	-999.9
Bamako	2001	12	28	362	17.4	34.7	20.4	-999.9	0.0	2.3	96927.5	-999.9
Bamako	2001	12	29	363	21.0	34.0	19.3	-999.9	0.0	2.4	96914.5	-999.9
Bamako	2001	12	30	364	19.0	33.5	19.6	-999.9	0.0	1.9	96779.0	-999.9
Bamako	2001	12	31	365	19.7	34.2	20.1	-999.9	0.0	1.9	96673.3	-999.9
