Bamako	1987	1	1	1	17.3	31.4	20.0	-999.9	0.0	2.2	97057.2	-999.9
Bamako	1987	1	2	2	18.1	32.1	20.0	-999.9	0.0	2.2	97064.4	-999.9
Bamako	1987	1	3	3	17.8	32.3	20.1	-999.9	0.0	2.0	96947.5	-999.9
Bamako	1987	1	4	4	18.3	31.9	20.1	-999.9	0.0	2.2	96978.2	-999.9
Bamako	1987	1	5	5	18.2	31.1	20.0	-999.9	0.0	2.5	97055.8	-999.9
Bamako	1987	1	6	6	17.8	30.7	20.1	-999.9	0.0	2.5	97085.7	-999.9
Bamako	1987	1	7	7	17.2	30.4	20.4	-999.9	0.0	2.3	97031.4	-999.9
Bamako	1987	1	8	8	16.8	30.4	20.0	-999.9	0.0	2.3	97074.3	-999.9
Bamako	1987	1	9	9	16.5	30.0	20.8	-999.9	0.0	2.5	97033.9	-999.9
Bamako	1987	1	10	10	15.5	30.1	21.0	-999.9	0.0	2.3	96940.9	-999.9
Bamako	1987	1	11	11	16.5	31.7	20.7	-999.9	0.0	2.3	96915.0	-999.9
Bamako	1987	1	12	12	18.4	32.5	20.0	-999.9	0.0	2.3	96994.0	-999.9
Bamako	1987	1	13	13	17.8	33.2	20.6	-999.9	0.0	2.2	97075.9	-999.9
Bamako	1987	1	14	14	18.8	33.5	20.6	-999.9	0.0	2.4	97022.7	-999.9
Bamako	1987	1	15	15	18.8	33.0	19.8	-999.9	0.0	2.3	96862.2	-999.9
Bamako	1987	1	16	16	17.8	32.9	20.7	-999.9	0.0	1.9	96750.7	-999.9
Bamako	1987	1	17	17	17.4	33.3	20.7	-999.9	0.0	1.8	96791.8	-999.9
Bamako	1987	1	18	18	18.1	33.2	20.6	-999.9	0.0	1.7	96746.6	-999.9
Bamako	1987	1	19	19	18.5	33.0	20.6	-999.9	0.0	1.8	96710.4	-999.9
Bamako	1987	1	20	20	18.7	33.5	20.7	-999.9	0.0	1.8	96653.5	-999.9
Bamako	1987	1	21	21	19.6	34.2	20.3	-999.9	0.0	2.1	96675.9	-999.9
Bamako	1987	1	22	22	22.2	35.8	20.5	-999.9	0.0	2.4	96695.5	-999.9
Bamako	1987	1	23	23	21.9	36.0	20.4	-999.9	0.0	2.3	96776.2	-999.9
Bamako	1987	1	24	24	22.4	36.4	20.9	-999.9	0.0	2.7	96864.2	-999.9
Bamako	1987	1	25	25	23.2	35.9	21.1	-999.9	0.0	3.1	96916.4	-999.9
Bamako	1987	1	26	26	21.5	34.5	21.4	-999.9	0.0	2.6	96859.7	-999.9
Bamako	1987	1	27	27	18.9	34.4	21.3	-999.9	0.0	2.3	96799.6	-999.9
Bamako	1987	1	28	28	19.2	34.8	21.2	-999.9	0.0	2.1	96893.1	-999.9
Bamako	1987	1	29	29	19.1	34.9	21.1	-999.9	0.0	1.6	96888.1	-999.9
Bamako	1987	1	30	30	19.1	35.3	21.2	-999.9	0.0	2.1	96904.9	-999.9
Bamako	1987	1	31	31	20.7	33.7	21.3	-999.9	0.0	2.5	96976.3	-999.9
Bamako	1987	2	1	32	19.8	33.2	21.2	-999.9	0.0	2.4	96986.1	-999.9
Bamako	1987	2	2	33	20.0	33.1	21.6	-999.9	0.0	2.4	96881.6	-999.9
Bamako	1987	2	3	34	19.2	33.5	21.8	-999.9	0.0	2.2	96834.5	-999.9
Bamako	1987	2	4	35	19.4	34.4	21.8	-999.9	0.0	2.2	96841.0	-999.9
Bamako	1987	2	5	36	19.4	34.6	21.8	-999.9	0.0	2.3	96781.5	-999.9
Bamako	1987	2	6	37	20.3	34.9	21.2	-999.9	0.0	2.3	96768.8	-999.9
Bamako	1987	2	7	38	23.3	33.9	17.5	-999.9	0.0	2.2	96837.1	-999.9
Bamako	1987	2	8	39	20.3	32.5	20.1	-999.9	0.0	2.5	97039.5	-999.9
Bamako	1987	2	9	40	20.2	33.6	21.4	-999.9	0.0	2.4	97046.7	-999.9
Bamako	1987	2	10	41	20.3	33.6	21.9	-999.9	0.0	2.5	96960.5	-999.9
Bamako	1987	2	11	42	19.2	34.2	21.3	-999.9	0.0	1.8	96809.0	-999.9
Bamako	1987	2	12	43	19.9	33.0	20.6	-999.9	0.0	2.2	96794.2	-999.9
Bamako	1987	2	13	44	20.1	32.8	21.1	-999.9	0.0	2.3	96760.7	-999.9
Bamako	1987	2	14	45	20.4	33.4	20.7	-999.9	0.0	2.1	96733.7	-999.9
Bamako	1987	2	15	46	20.7	33.8	22.1	-999.9	0.0	2.0	96708.8	-999.9
Bamako	1987	2	16	47	20.7	34.4	22.4	-999.9	0.0	2.3	96698.7	-999.9
Bamako	1987	2	17	48	22.2	35.0	21.8	-999.9	0.0	1.7	96731.3	-999.9
Bamako	1987	2	18	49	21.5	36.7	22.5	-999.9	0.0	2.1	96722.4	-999.9
Bamako	1987	2	19	50	21.2	36.8	22.8	-999.9	0.0	1.6	96634.2	-999.9
Bamako	1987	2	20	51	21.0	36.7	22.5	-999.9	0.0	1.6	96544.7	-999.9
Bamako	1987	2	21	52	20.8	36.3	22.1	-999.9	0.0	2.4	96689.6	-999.9
Bamako	1987	2	22	53	22.3	36.9	22.9	-999.9	0.0	2.5	96773.1	-999.9
Bamako	1987	2	23	54	22.6	37.3	23.1	-999.9	0.0	2.4	96710.9	-999.9
Bamako	1987	2	24	55	22.1	37.4	23.1	-999.9	0.0	2.2	96685.4	-999.9
Bamako	1987	2	25	56	22.6	38.2	23.3	-999.9	0.0	2.4	96722.3	-999.9
Bamako	1987	2	26	57	22.5	37.5	23.5	-999.9	0.0	2.3	96841.5	-999.9
Bamako	1987	2	27	58	23.5	37.5	24.0	-999.9	0.0	2.8	96805.6	-999.9
Bamako	1987	2	28	59	22.0	36.1	24.2	-999.9	0.0	2.8	96748.3	-999.9
Bamako	1987	3	1	60	21.3	36.4	24.2	-999.9	0.0	2.7	96728.9	-999.9
Bamako	1987	3	2	61	22.4	35.9	24.4	-999.9	0.0	2.8	96755.0	-999.9
Bamako	1987	3	3	62	21.3	35.6	24.4	-999.9	0.0	2.4	96759.0	-999.9
Bamako	1987	3	4	63	20.6	35.9	24.0	-999.9	0.0	2.4	96673.0	-999.9
Bamako	1987	3	5	64	22.2	35.9	23.8	-999.9	0.0	2.4	96704.7	-999.9
Bamako	1987	3	6	65	20.9	36.6	24.0	-999.9	0.0	2.0	96664.3	-999.9
Bamako	1987	3	7	66	22.7	36.7	23.4	-999.9	2.2	2.5	96689.0	-999.9
Bamako	1987	3	8	67	23.7	36.4	22.7	-999.9	0.0	2.0	96594.5	-999.9
Bamako	1987	3	9	68	23.8	36.3	21.5	-999.9	0.0	2.2	96484.2	-999.9
Bamako	1987	3	10	69	23.1	37.3	24.0	-999.9	0.0	2.3	96418.0	-999.9
Bamako	1987	3	11	70	22.6	37.4	24.7	-999.9	0.0	1.6	96393.1	-999.9
Bamako	1987	3	12	71	22.5	37.8	23.7	-999.9	0.0	1.5	96362.4	-999.9
Bamako	1987	3	13	72	25.6	37.0	22.5	-999.9	0.0	1.8	96449.8	-999.9
Bamako	1987	3	14	73	26.2	36.8	21.0	-999.9	0.0	1.7	96553.6	-999.9
Bamako	1987	3	15	74	26.7	37.4	22.4	-999.9	0.0	2.2	96580.4	-999.9
Bamako	1987	3	16	75	26.1	37.3	24.2	-999.9	0.0	2.0	96591.0	-999.9
Bamako	1987	3	17	76	25.7	36.5	24.5	-999.9	0.0	1.5	96609.9	-999.9
Bamako	1987	3	18	77	23.9	37.5	24.7	-999.9	0.0	1.8	96574.4	-999.9
Bamako	1987	3	19	78	23.6	38.2	24.6	-999.9	0.0	1.0	96539.8	-999.9
Bamako	1987	3	20	79	25.0	38.1	24.1	-999.9	0.0	2.1	96456.6	-999.9
Bamako	1987	3	21	80	25.5	37.1	23.7	-999.9	0.0	1.5	96474.5	-999.9
Bamako	1987	3	22	81	24.8	36.6	24.3	-999.9	0.0	2.5	96581.4	-999.9
Bamako	1987	3	23	82	23.9	37.0	24.1	-999.9	0.0	2.2	96643.2	-999.9
Bamako	1987	3	24	83	25.2	35.9	24.2	-999.9	0.0	2.7	96624.6	-999.9
Bamako	1987	3	25	84	22.8	35.4	24.7	-999.9	0.0	2.3	96537.7	-999.9
Bamako	1987	3	26	85	22.0	36.6	25.0	-999.9	0.0	1.9	96462.7	-999.9
Bamako	1987	3	27	86	21.7	36.3	25.7	-999.9	0.0	2.1	96542.3	-999.9
Bamako	1987	3	28	87	21.9	36.3	25.9	-999.9	0.0	2.2	96575.5	-999.9
Bamako	1987	3	29	88	22.3	36.8	25.9	-999.9	0.0	1.9	96557.7	-999.9
Bamako	1987	3	30	89	21.0	36.6	25.4	-999.9	0.0	2.1	96608.6	-999.9
Bamako	1987	3	31	90	23.2	37.7	26.0	-999.9	0.0	2.5	96626.7	-999.9
Bamako	1987	4	1	91	22.6	36.7	25.9	-999.9	0.0	2.2	96582.3	-999.9
Bamako	1987	4	2	92	21.9	36.0	26.1	-999.9	0.0	1.6	96533.8	-999.9
Bamako	1987	4	3	93	21.5	36.2	26.2	-999.9	0.0	1.7	96642.8	-999.9
Bamako	1987	4	4	94	20.6	37.2	26.0	-999.9	0.0	2.1	96719.7	-999.9
Bamako	1987	4	5	95	23.2	37.9	26.3	-999.9	0.0	2.7	96798.3	-999.9
Bamako	1987	4	6	96	25.7	38.2	23.4	-999.9	0.0	2.9	96798.8	-999.9
Bamako	1987	4	7	97	25.1	39.8	26.2	-999.9	0.0	2.8	96702.7	-999.9
Bamako	1987	4	8	98	22.9	39.9	26.0	-999.9	0.0	1.6	96555.3	-999.9
Bamako	1987	4	9	99	27.3	38.1	22.0	-999.9	0.0	2.2	96529.5	-999.9
Bamako	1987	4	10	100	24.7	39.4	25.0	-999.9	0.0	1.7	96528.0	-999.9
Bamako	1987	4	11	101	26.3	38.5	22.9	-999.9	0.0	2.2	96459.1	-999.9
Bamako	1987	4	12	102	25.6	37.5	19.9	-999.9	0.0	1.6	96408.2	-999.9
Bamako	1987	4	13	103	27.4	39.9	25.4	-999.9	0.0	1.7	96394.8	-999.9
Bamako	1987	4	14	104	26.0	40.5	25.9	-999.9	0.0	1.9	96384.3	-999.9
Bamako	1987	4	15	105	24.3	40.1	25.3	-999.9	0.0	1.8	96381.4	-999.9
Bamako	1987	4	16	106	26.6	40.1	25.5	-999.9	0.0	1.9	96472.5	-999.9
Bamako	1987	4	17	107	24.0	40.4	26.8	-999.9	0.0	2.5	96606.7	-999.9
Bamako	1987	4	18	108	23.5	40.0	26.4	-999.9	0.0	2.5	96749.5	-999.9
Bamako	1987	4	19	109	25.0	39.9	26.4	-999.9	0.0	2.9	96709.0	-999.9
Bamako	1987	4	20	110	25.6	39.5	26.2	-999.9	0.0	2.7	96644.8	-999.9
Bamako	1987	4	21	111	24.6	39.2	26.3	-999.9	0.0	2.5	96651.7	-999.9
Bamako	1987	4	22	112	23.5	38.7	26.9	-999.9	0.0	2.6	96649.1	-999.9
Bamako	1987	4	23	113	22.2	38.4	27.0	-999.9	0.0	2.4	96623.5	-999.9
Bamako	1987	4	24	114	21.4	39.5	26.9	-999.9	0.0	2.3	96470.8	-999.9
Bamako	1987	4	25	115	22.7	39.5	26.0	-999.9	0.0	2.0	96427.8	-999.9
Bamako	1987	4	26	116	24.3	40.5	26.1	-999.9	0.0	2.3	96451.5	-999.9
Bamako	1987	4	27	117	23.7	40.8	26.5	-999.9	0.0	2.6	96428.4	-999.9
Bamako	1987	4	28	118	24.0	39.7	24.3	-999.9	0.0	1.7	96521.2	-999.9
Bamako	1987	4	29	119	27.1	38.8	22.0	-999.9	0.0	1.6	96583.9	-999.9
Bamako	1987	4	30	120	28.5	37.1	17.0	-999.9	0.0	1.9	96520.0	-999.9
Bamako	1987	5	1	121	27.5	37.0	19.3	-999.9	0.0	2.1	96421.4	-999.9
Bamako	1987	5	2	122	27.4	37.1	21.4	-999.9	0.0	2.1	96433.8	-999.9
Bamako	1987	5	3	123	28.2	38.9	22.9	-999.9	0.0	1.8	96446.4	-999.9
Bamako	1987	5	4	124	27.0	38.7	23.7	-999.9	0.4	2.1	96439.4	-999.9
Bamako	1987	5	5	125	27.8	39.3	23.6	-999.9	0.0	2.4	96456.0	-999.9
Bamako	1987	5	6	126	27.7	38.6	23.3	-999.9	0.6	2.2	96498.6	-999.9
Bamako	1987	5	7	127	26.5	37.8	22.9	-999.9	0.0	1.9	96541.1	-999.9
Bamako	1987	5	8	128	27.8	39.2	23.5	-999.9	0.0	2.1	96463.2	-999.9
Bamako	1987	5	9	129	28.5	39.0	22.2	-999.9	0.0	2.0	96464.7	-999.9
Bamako	1987	5	10	130	28.4	39.7	22.6	-999.9	0.0	1.9	96515.3	-999.9
Bamako	1987	5	11	131	28.6	39.4	22.3	-999.9	2.4	2.2	96563.6	-999.9
Bamako	1987	5	12	132	28.3	38.8	23.3	-999.9	0.0	2.1	96542.7	-999.9
Bamako	1987	5	13	133	27.4	38.3	20.9	-999.9	2.4	2.3	96494.4	-999.9
Bamako	1987	5	14	134	26.7	35.9	18.0	-999.9	3.6	2.2	96596.5	-999.9
Bamako	1987	5	15	135	27.9	38.4	21.5	-999.9	1.2	1.6	96466.0	-999.9
Bamako	1987	5	16	136	28.1	36.7	19.7	-999.9	0.0	2.0	96379.3	-999.9
Bamako	1987	5	17	137	25.4	37.3	20.4	-999.9	0.0	1.8	96367.2	-999.9
Bamako	1987	5	18	138	26.6	34.2	13.6	-999.9	0.0	1.6	96360.0	-999.9
Bamako	1987	5	19	139	25.5	38.2	21.1	-999.9	0.0	2.1	96374.8	-999.9
Bamako	1987	5	20	140	25.7	39.7	24.6	-999.9	0.0	2.1	96441.5	-999.9
Bamako	1987	5	21	141	27.8	40.6	24.3	-999.9	1.3	2.7	96397.9	-999.9
Bamako	1987	5	22	142	27.3	37.5	21.3	-999.9	5.1	2.5	96409.2	-999.9
Bamako	1987	5	23	143	25.2	36.3	20.1	-999.9	5.1	2.0	96406.4	-999.9
Bamako	1987	5	24	144	25.8	36.1	21.5	-999.9	0.0	1.6	96464.3	-999.9
Bamako	1987	5	25	145	25.6	38.3	22.6	-999.9	2.6	1.6	96585.2	-999.9
Bamako	1987	5	26	146	25.9	35.7	20.3	-999.9	0.8	1.7	96777.1	-999.9
Bamako	1987	5	27	147	26.8	39.0	23.4	-999.9	0.0	2.5	96741.1	-999.9
Bamako	1987	5	28	148	26.2	38.9	25.2	-999.9	1.5	3.4	96692.7	-999.9
Bamako	1987	5	29	149	27.5	38.4	24.2	-999.9	0.0	2.5	96678.0	-999.9
Bamako	1987	5	30	150	26.6	39.9	24.4	-999.9	0.0	3.2	96630.6	-999.9
Bamako	1987	5	31	151	25.3	39.1	24.7	-999.9	0.0	2.7	96721.9	-999.9
Bamako	1987	6	1	152	27.1	39.2	25.3	-999.9	0.0	1.7	96655.2	-999.9
Bamako	1987	6	2	153	27.5	38.5	23.5	-999.9	0.0	2.4	96608.5	-999.9
Bamako	1987	6	3	154	28.2	37.0	21.9	-999.9	0.0	2.4	96652.8	-999.9
Bamako	1987	6	4	155	26.9	35.8	23.4	-999.9	0.0	1.8	96640.4	-999.9
Bamako	1987	6	5	156	25.6	36.2	22.2	-999.9	0.0	1.6	96544.0	-999.9
Bamako	1987	6	6	157	24.9	33.3	19.0	-999.9	0.6	1.6	96649.1	-999.9
Bamako	1987	6	7	158	24.3	29.5	14.0	-999.9	4.0	1.6	96936.8	-999.9
Bamako	1987	6	8	159	24.0	30.3	18.5	-999.9	22.9	1.1	97061.3	-999.9
Bamako	1987	6	9	160	23.8	29.7	16.5	-999.9	5.3	1.4	96918.8	-999.9
Bamako	1987	6	10	161	23.9	32.2	22.9	-999.9	2.8	1.1	96790.6	-999.9
Bamako	1987	6	11	162	24.8	32.1	22.3	-999.9	26.1	1.3	96975.7	-999.9
Bamako	1987	6	12	163	25.1	32.9	22.4	-999.9	3.2	2.0	96936.6	-999.9
Bamako	1987	6	13	164	25.7	33.7	23.9	-999.9	0.0	2.2	96709.5	-999.9
Bamako	1987	6	14	165	25.7	34.1	23.9	-999.9	0.0	2.1	96619.0	-999.9
Bamako	1987	6	15	166	25.6	33.2	23.7	-999.9	0.0	2.4	96643.1	-999.9
Bamako	1987	6	16	167	25.2	32.5	23.2	-999.9	32.6	1.5	96818.7	-999.9
Bamako	1987	6	17	168	22.9	33.3	23.2	-999.9	15.8	1.2	97082.9	-999.9
Bamako	1987	6	18	169	24.7	34.8	24.5	-999.9	0.0	1.1	97013.9	-999.9
Bamako	1987	6	19	170	26.2	34.3	22.3	-999.9	0.0	2.1	96851.1	-999.9
Bamako	1987	6	20	171	24.1	32.1	22.2	-999.9	2.4	2.1	96927.0	-999.9
Bamako	1987	6	21	172	24.8	32.3	22.1	-999.9	4.1	1.2	97037.4	-999.9
Bamako	1987	6	22	173	24.4	32.1	22.4	-999.9	0.0	1.2	97126.2	-999.9
Bamako	1987	6	23	174	24.6	35.5	23.9	-999.9	0.0	1.2	96976.2	-999.9
Bamako	1987	6	24	175	25.7	38.6	24.5	-999.9	0.0	2.0	96716.6	-999.9
Bamako	1987	6	25	176	24.6	34.9	23.3	-999.9	8.2	1.9	96815.8	-999.9
Bamako	1987	6	26	177	25.4	33.3	21.4	-999.9	0.0	2.1	96957.3	-999.9
Bamako	1987	6	27	178	24.7	34.6	22.3	-999.9	5.5	1.8	96985.1	-999.9
Bamako	1987	6	28	179	24.8	33.6	22.2	-999.9	0.0	1.6	96938.6	-999.9
Bamako	1987	6	29	180	24.2	33.5	22.7	-999.9	0.0	1.8	97027.1	-999.9
Bamako	1987	6	30	181	24.1	34.5	24.3	-999.9	0.0	1.4	96974.2	-999.9
Bamako	1987	7	1	182	24.7	34.2	24.0	-999.9	4.4	1.8	96916.4	-999.9
Bamako	1987	7	2	183	24.6	34.2	22.3	-999.9	8.7	1.4	96886.2	-999.9
Bamako	1987	7	3	184	23.4	33.4	24.1	-999.9	8.7	1.2	96926.9	-999.9
Bamako	1987	7	4	185	24.1	33.7	24.0	-999.9	4.4	1.6	96855.4	-999.9
Bamako	1987	7	5	186	24.7	35.3	24.8	-999.9	0.0	1.4	96832.8	-999.9
Bamako	1987	7	6	187	25.4	33.7	21.1	-999.9	6.7	1.9	96841.9	-999.9
Bamako	1987	7	7	188	24.6	32.6	21.4	-999.9	15.3	1.7	96813.2	-999.9
Bamako	1987	7	8	189	24.4	32.5	23.0	-999.9	0.0	1.6	96802.1	-999.9
Bamako	1987	7	9	190	24.3	33.3	23.5	-999.9	0.0	1.6	96813.8	-999.9
Bamako	1987	7	10	191	24.3	31.9	20.5	-999.9	6.7	2.0	96801.6	-999.9
Bamako	1987	7	11	192	25.0	32.2	21.8	-999.9	0.0	1.6	96711.0	-999.9
Bamako	1987	7	12	193	25.2	31.1	19.7	-999.9	0.0	1.5	96707.9	-999.9
Bamako	1987	7	13	194	24.5	30.9	20.0	-999.9	7.5	1.4	96715.5	-999.9
Bamako	1987	7	14	195	23.8	31.9	22.5	-999.9	7.5	1.3	96765.5	-999.9
Bamako	1987	7	15	196	24.0	32.7	20.0	-999.9	30.2	1.3	96842.2	-999.9
Bamako	1987	7	16	197	23.2	30.8	20.3	-999.9	7.9	1.2	96819.9	-999.9
Bamako	1987	7	17	198	24.5	30.3	17.3	-999.9	0.0	1.7	96693.9	-999.9
Bamako	1987	7	18	199	23.1	29.8	19.7	-999.9	0.0	1.3	96756.0	-999.9
Bamako	1987	7	19	200	22.8	30.4	21.6	-999.9	0.0	0.9	96911.2	-999.9
Bamako	1987	7	20	201	22.7	30.6	22.3	-999.9	7.9	1.0	96929.2	-999.9
Bamako	1987	7	21	202	24.0	31.0	20.8	-999.9	0.0	1.7	96781.3	-999.9
Bamako	1987	7	22	203	23.8	31.2	21.9	-999.9	0.0	1.5	96639.6	-999.9
Bamako	1987	7	23	204	23.9	30.2	20.4	-999.9	25.4	1.2	96791.5	-999.9
Bamako	1987	7	24	205	23.5	31.9	24.0	-999.9	0.0	2.3	96732.6	-999.9
Bamako	1987	7	25	206	23.4	30.9	20.4	-999.9	14.5	1.7	96758.5	-999.9
Bamako	1987	7	26	207	23.6	31.1	20.9	-999.9	0.0	1.5	96680.1	-999.9
Bamako	1987	7	27	208	23.4	29.6	17.1	-999.9	21.2	1.1	96677.8	-999.9
Bamako	1987	7	28	209	23.5	30.0	21.2	-999.9	0.0	1.1	96710.7	-999.9
Bamako	1987	7	29	210	23.2	31.9	23.7	-999.9	10.6	1.3	96667.3	-999.9
Bamako	1987	7	30	211	24.5	32.5	23.4	-999.9	0.0	1.3	96655.5	-999.9
Bamako	1987	7	31	212	25.1	31.4	17.7	-999.9	21.2	1.3	96651.6	-999.9
Bamako	1987	8	1	213	22.7	29.4	18.7	-999.9	0.0	1.5	96702.4	-999.9
Bamako	1987	8	2	214	22.3	30.7	23.5	-999.9	13.1	1.0	96653.2	-999.9
Bamako	1987	8	3	215	23.4	31.1	20.8	-999.9	0.0	1.2	96631.3	-999.9
Bamako	1987	8	4	216	23.0	29.8	18.6	-999.9	0.0	1.0	96702.1	-999.9
Bamako	1987	8	5	217	23.3	29.8	20.0	-999.9	26.3	1.4	96779.6	-999.9
Bamako	1987	8	6	218	22.7	30.3	22.9	-999.9	0.0	1.5	96730.0	-999.9
Bamako	1987	8	7	219	23.8	31.6	18.3	-999.9	13.5	1.4	96747.0	-999.9
Bamako	1987	8	8	220	23.9	29.1	13.2	-999.9	11.8	1.4	96784.6	-999.9
Bamako	1987	8	9	221	22.6	31.0	21.9	-999.9	0.0	1.6	96843.2	-999.9
Bamako	1987	8	10	222	22.1	30.2	20.2	-999.9	35.4	1.6	96795.6	-999.9
Bamako	1987	8	11	223	22.1	30.8	21.2	-999.9	0.0	1.7	96825.2	-999.9
Bamako	1987	8	12	224	23.5	30.1	21.7	-999.9	10.9	1.2	96748.8	-999.9
Bamako	1987	8	13	225	22.2	28.3	18.4	-999.9	32.6	1.7	96810.8	-999.9
Bamako	1987	8	14	226	22.5	30.7	21.5	-999.9	10.9	1.3	96837.7	-999.9
Bamako	1987	8	15	227	24.1	31.1	21.1	-999.9	37.2	2.3	96601.8	-999.9
Bamako	1987	8	16	228	22.6	26.1	4.8	-999.9	0.0	1.7	96734.0	-999.9
Bamako	1987	8	17	229	21.7	30.5	20.0	-999.9	0.0	1.2	96865.0	-999.9
Bamako	1987	8	18	230	23.5	30.6	15.9	-999.9	20.0	2.0	96703.9	-999.9
Bamako	1987	8	19	231	23.7	30.1	21.2	-999.9	17.5	1.8	96701.6	-999.9
Bamako	1987	8	20	232	22.5	29.8	17.4	-999.9	0.0	1.7	96812.7	-999.9
Bamako	1987	8	21	233	22.5	29.2	16.6	-999.9	24.8	1.4	96822.1	-999.9
Bamako	1987	8	22	234	23.3	28.0	12.8	-999.9	0.0	1.5	96842.7	-999.9
Bamako	1987	8	23	235	22.4	28.6	15.7	-999.9	16.5	1.4	96946.5	-999.9
Bamako	1987	8	24	236	22.6	28.9	19.6	-999.9	0.0	1.7	96958.3	-999.9
Bamako	1987	8	25	237	23.1	30.9	23.5	-999.9	16.5	1.5	96934.6	-999.9
Bamako	1987	8	26	238	22.9	27.7	12.3	-999.9	27.1	1.0	96913.8	-999.9
Bamako	1987	8	27	239	22.4	28.7	18.8	-999.9	0.0	1.6	96919.9	-999.9
Bamako	1987	8	28	240	23.1	29.4	19.5	-999.9	0.0	1.8	96935.5	-999.9
Bamako	1987	8	29	241	23.3	30.2	21.2	-999.9	15.5	1.5	96865.6	-999.9
Bamako	1987	8	30	242	23.2	30.1	17.5	-999.9	0.0	1.6	96711.6	-999.9
Bamako	1987	8	31	243	23.6	29.8	18.5	-999.9	15.5	1.7	96742.3	-999.9
Bamako	1987	9	1	244	22.6	29.1	18.5	-999.9	0.0	1.5	96836.0	-999.9
Bamako	1987	9	2	245	23.1	30.7	23.1	-999.9	0.0	0.9	96792.9	-999.9
Bamako	1987	9	3	246	24.3	30.8	20.5	-999.9	7.1	1.4	96736.2	-999.9
Bamako	1987	9	4	247	23.3	29.2	17.3	-999.9	14.2	1.2	96762.3	-999.9
Bamako	1987	9	5	248	22.8	29.8	19.9	-999.9	7.1	1.3	96749.0	-999.9
Bamako	1987	9	6	249	23.4	29.3	18.3	-999.9	8.9	1.3	96765.0	-999.9
Bamako	1987	9	7	250	22.5	30.8	22.4	-999.9	0.0	1.3	96771.5	-999.9
Bamako	1987	9	8	251	23.1	31.5	24.4	-999.9	0.0	0.9	96720.6	-999.9
Bamako	1987	9	9	252	23.1	31.7	22.5	-999.9	4.5	0.9	96680.7	-999.9
Bamako	1987	9	10	253	23.3	29.2	18.4	-999.9	8.9	1.3	96821.8	-999.9
Bamako	1987	9	11	254	22.5	28.4	15.1	-999.9	7.2	1.3	96894.4	-999.9
Bamako	1987	9	12	255	22.2	29.8	16.2	-999.9	0.0	0.9	97012.5	-999.9
Bamako	1987	9	13	256	23.2	32.4	23.1	-999.9	0.0	1.9	96793.2	-999.9
Bamako	1987	9	14	257	23.9	31.2	19.7	-999.9	7.2	2.7	96687.5	-999.9
Bamako	1987	9	15	258	22.9	29.3	14.4	-999.9	14.3	1.6	96722.9	-999.9
Bamako	1987	9	16	259	22.8	27.0	12.1	-999.9	2.0	1.3	96851.6	-999.9
Bamako	1987	9	17	260	22.3	28.9	18.2	-999.9	5.1	1.3	96991.7	-999.9
Bamako	1987	9	18	261	22.6	30.9	22.7	-999.9	0.3	1.3	96920.4	-999.9
Bamako	1987	9	19	262	23.3	29.7	18.4	-999.9	2.5	2.0	96822.3	-999.9
Bamako	1987	9	20	263	22.8	31.2	21.1	-999.9	1.2	1.8	96815.0	-999.9
Bamako	1987	9	21	264	22.9	32.0	23.8	-999.9	0.0	1.9	96793.6	-999.9
Bamako	1987	9	22	265	21.9	30.3	20.8	-999.9	0.0	1.0	96863.2	-999.9
Bamako	1987	9	23	266	23.0	26.7	11.7	-999.9	12.8	1.9	96996.5	-999.9
Bamako	1987	9	24	267	22.3	28.7	18.3	-999.9	0.0	0.8	97062.4	-999.9
Bamako	1987	9	25	268	22.9	31.4	21.0	-999.9	0.0	1.9	96954.9	-999.9
Bamako	1987	9	26	269	23.6	31.6	21.4	-999.9	0.0	1.9	96899.7	-999.9
Bamako	1987	9	27	270	22.5	29.5	15.4	-999.9	7.9	1.8	96938.2	-999.9
Bamako	1987	9	28	271	22.5	27.5	13.2	-999.9	0.0	1.0	96964.9	-999.9
Bamako	1987	9	29	272	22.2	30.3	21.7	-999.9	15.7	1.2	96855.1	-999.9
Bamako	1987	9	30	273	22.7	30.2	20.9	-999.9	7.9	1.3	96789.3	-999.9
Bamako	1987	10	1	274	23.6	30.2	20.8	-999.9	9.5	1.6	96738.8	-999.9
Bamako	1987	10	2	275	23.5	29.9	17.8	-999.9	18.9	1.5	96860.7	-999.9
Bamako	1987	10	3	276	23.4	29.8	19.8	-999.9	0.0	1.0	96924.3	-999.9
Bamako	1987	10	4	277	22.7	29.8	16.4	-999.9	0.0	1.0	96828.3	-999.9
Bamako	1987	10	5	278	23.7	30.4	20.8	-999.9	0.0	1.3	96759.3	-999.9
Bamako	1987	10	6	279	23.7	32.5	21.6	-999.9	0.0	1.6	96761.6	-999.9
Bamako	1987	10	7	280	24.4	31.9	20.9	-999.9	5.1	1.5	96800.1	-999.9
Bamako	1987	10	8	281	23.5	27.8	12.0	-999.9	2.5	1.1	96795.8	-999.9
Bamako	1987	10	9	282	22.9	28.5	16.1	-999.9	5.1	1.5	96785.1	-999.9
Bamako	1987	10	10	283	23.0	29.6	18.8	-999.9	0.0	1.3	96797.8	-999.9
Bamako	1987	10	11	284	22.1	29.6	21.1	-999.9	0.0	1.0	96803.6	-999.9
Bamako	1987	10	12	285	23.4	27.9	12.8	-999.9	9.3	1.0	96812.5	-999.9
Bamako	1987	10	13	286	23.1	29.4	20.2	-999.9	0.0	1.3	96836.4	-999.9
Bamako	1987	10	14	287	22.8	30.3	20.2	-999.9	8.2	1.4	96809.0	-999.9
Bamako	1987	10	15	288	23.9	30.4	19.2	-999.9	8.2	1.1	96785.8	-999.9
Bamako	1987	10	16	289	23.6	28.9	14.5	-999.9	7.6	1.4	96837.0	-999.9
Bamako	1987	10	17	290	22.7	31.4	21.7	-999.9	0.0	1.6	96837.9	-999.9
Bamako	1987	10	18	291	20.6	31.9	22.8	-999.9	0.0	1.2	96734.7	-999.9
Bamako	1987	10	19	292	22.6	32.0	22.4	-999.9	0.0	1.2	96736.7	-999.9
Bamako	1987	10	20	293	23.3	31.7	21.9	-999.9	7.6	1.3	96699.5	-999.9
Bamako	1987	10	21	294	24.2	29.2	16.0	-999.9	22.8	1.4	96794.5	-999.9
Bamako	1987	10	22	295	22.7	29.2	14.3	-999.9	0.0	1.5	96836.5	-999.9
Bamako	1987	10	23	296	21.8	32.2	22.1	-999.9	0.0	1.4	96714.9	-999.9
Bamako	1987	10	24	297	20.5	32.4	22.8	-999.9	0.0	1.4	96779.7	-999.9
Bamako	1987	10	25	298	22.2	31.7	20.7	-999.9	0.0	1.2	96805.7	-999.9
Bamako	1987	10	26	299	22.8	30.6	17.4	-999.9	13.9	1.2	96840.3	-999.9
Bamako	1987	10	27	300	22.1	31.3	20.9	-999.9	4.1	1.1	96797.1	-999.9
Bamako	1987	10	28	301	22.6	32.0	19.5	-999.9	0.0	1.3	96644.4	-999.9
Bamako	1987	10	29	302	22.6	32.2	20.2	-999.9	0.0	1.2	96633.6	-999.9
Bamako	1987	10	30	303	21.3	32.8	21.0	-999.9	0.0	1.3	96671.5	-999.9
Bamako	1987	10	31	304	21.1	33.2	22.0	-999.9	0.0	1.4	96713.7	-999.9
Bamako	1987	11	1	305	20.8	34.0	22.6	-999.9	0.0	1.7	96744.6	-999.9
Bamako	1987	11	2	306	19.3	33.5	22.2	-999.9	0.0	1.3	96781.6	-999.9
Bamako	1987	11	3	307	19.9	33.6	22.2	-999.9	0.0	1.3	96817.1	-999.9
Bamako	1987	11	4	308	19.4	33.5	21.9	-999.9	0.0	1.1	96911.1	-999.9
Bamako	1987	11	5	309	17.9	34.1	22.7	-999.9	0.0	1.4	96979.6	-999.9
Bamako	1987	11	6	310	17.4	34.8	22.7	-999.9	0.0	1.6	96950.7	-999.9
Bamako	1987	11	7	311	18.8	35.5	22.6	-999.9	0.0	1.8	96826.8	-999.9
Bamako	1987	11	8	312	20.0	34.6	22.0	-999.9	0.0	1.7	96826.2	-999.9
Bamako	1987	11	9	313	19.7	33.9	22.0	-999.9	0.0	1.5	96903.9	-999.9
Bamako	1987	11	10	314	19.1	33.5	21.6	-999.9	0.0	1.3	96860.8	-999.9
Bamako	1987	11	11	315	19.8	33.9	21.2	-999.9	0.0	1.4	96771.9	-999.9
Bamako	1987	11	12	316	20.6	34.4	20.8	-999.9	0.0	1.4	96719.6	-999.9
Bamako	1987	11	13	317	21.6	34.7	20.5	-999.9	0.0	1.5	96765.5	-999.9
Bamako	1987	11	14	318	20.8	34.5	20.9	-999.9	0.0	1.7	96780.4	-999.9
Bamako	1987	11	15	319	21.6	35.1	21.6	-999.9	0.0	2.3	96780.7	-999.9
Bamako	1987	11	16	320	19.0	34.3	21.6	-999.9	0.0	1.7	96748.3	-999.9
Bamako	1987	11	17	321	18.4	34.2	21.6	-999.9	0.0	1.8	96729.4	-999.9
Bamako	1987	11	18	322	18.6	34.2	21.4	-999.9	0.0	1.8	96681.4	-999.9
Bamako	1987	11	19	323	19.2	34.3	21.2	-999.9	0.0	1.6	96695.2	-999.9
Bamako	1987	11	20	324	20.9	33.2	18.6	-999.9	0.0	1.9	96788.1	-999.9
Bamako	1987	11	21	325	20.8	33.5	20.3	-999.9	0.0	2.0	96764.8	-999.9
Bamako	1987	11	22	326	20.2	33.5	21.2	-999.9	0.0	1.7	96730.6	-999.9
Bamako	1987	11	23	327	17.0	33.3	21.1	-999.9	0.0	1.6	96772.5	-999.9
Bamako	1987	11	24	328	18.7	34.1	20.7	-999.9	0.0	1.5	96693.2	-999.9
Bamako	1987	11	25	329	22.7	34.4	19.5	-999.9	0.0	1.6	96651.6	-999.9
Bamako	1987	11	26	330	20.6	35.3	20.5	-999.9	0.0	2.2	96621.7	-999.9
Bamako	1987	11	27	331	21.1	35.8	20.3	-999.9	0.0	2.4	96581.3	-999.9
Bamako	1987	11	28	332	20.1	35.7	20.5	-999.9	0.0	1.9	96592.9	-999.9
Bamako	1987	11	29	333	20.4	35.3	20.5	-999.9	0.0	1.7	96669.7	-999.9
Bamako	1987	11	30	334	22.1	35.6	20.6	-999.9	0.0	2.4	96777.3	-999.9
Bamako	1987	12	1	335	21.5	35.2	20.5	-999.9	0.0	1.9	96843.6	-999.9
Bamako	1987	12	2	336	19.5	35.2	20.4	-999.9	0.0	2.0	96786.4	-999.9
Bamako	1987	12	3	337	18.5	34.6	20.4	-999.9	0.0	1.5	96694.6	-999.9
Bamako	1987	12	4	338	22.5	34.3	18.9	-999.9	0.0	1.1	96799.0	-999.9
Bamako	1987	12	5	339	22.5	33.5	15.1	-999.9	0.0	1.4	96877.0	-999.9
Bamako	1987	12	6	340	24.7	33.6	14.6	-999.9	0.0	1.4	96782.3	-999.9
Bamako	1987	12	7	341	23.6	34.3	19.0	-999.9	0.0	1.8	96793.5	-999.9
Bamako	1987	12	8	342	22.6	34.1	19.6	-999.9	0.0	1.8	96851.6	-999.9
Bamako	1987	12	9	343	22.7	33.7	18.1	-999.9	0.0	1.8	96958.0	-999.9
Bamako	1987	12	10	344	22.0	34.3	20.1	-999.9	0.0	2.3	96934.3	-999.9
Bamako	1987	12	11	345	20.8	34.2	20.1	-999.9	0.0	2.4	96793.4	-999.9
Bamako	1987	12	12	346	20.5	34.1	20.1	-999.9	0.0	2.3	96775.3	-999.9
Bamako	1987	12	13	347	19.4	34.1	20.2	-999.9	0.0	2.2	96855.2	-999.9
Bamako	1987	12	14	348	17.0	34.0	19.9	-999.9	0.0	1.9	96891.6	-999.9
Bamako	1987	12	15	349	19.4	33.9	20.4	-999.9	0.0	2.2	96870.3	-999.9
Bamako	1987	12	16	350	17.8	33.6	20.5	-999.9	0.0	2.4	96923.7	-999.9
Bamako	1987	12	17	351	17.6	33.0	20.5	-999.9	0.0	2.6	97027.2	-999.9
Bamako	1987	12	18	352	18.1	32.4	20.2	-999.9	0.0	2.4	96994.3	-999.9
Bamako	1987	12	19	353	16.4	31.6	18.7	-999.9	0.0	2.2	96899.4	-999.9
Bamako	1987	12	20	354	16.4	32.4	20.4	-999.9	0.0	2.1	96912.2	-999.9
Bamako	1987	12	21	355	17.9	32.9	20.1	-999.9	0.0	2.2	97048.6	-999.9
Bamako	1987	12	22	356	18.0	32.1	20.1	-999.9	0.0	2.3	97076.4	-999.9
Bamako	1987	12	23	357	18.0	32.0	20.0	-999.9	0.0	2.3	96895.0	-999.9
Bamako	1987	12	24	358	17.3	31.9	20.1	-999.9	0.0	2.1	96717.9	-999.9
Bamako	1987	12	25	359	17.6	32.0	18.6	-999.9	0.0	2.0	96685.4	-999.9
Bamako	1987	12	26	360	19.1	30.9	20.0	-999.9	0.0	2.8	96830.3	-999.9
Bamako	1987	12	27	361	15.9	28.6	20.2	-999.9	0.0	2.7	96953.5	-999.9
Bamako	1987	12	28	362	15.3	27.8	20.1	-999.9	0.0	2.8	97069.8	-999.9
Bamako	1987	12	29	363	15.9	26.5	16.9	-999.9	0.0	2.6	97107.6	-999.9
Bamako	1987	12	30	364	16.3	26.6	18.4	-999.9	0.0	2.2	97129.4	-999.9
Bamako	1987	12	31	365	16.2	25.7	16.6	-999.9	0.0	2.8	97167.6	-999.9
