Bamako	1992	1	1	1	16.4	30.5	19.6	-999.9	0.0	2.1	96936.4	-999.9
Bamako	1992	1	2	2	17.1	30.7	19.9	-999.9	0.0	2.2	96993.3	-999.9
Bamako	1992	1	3	3	17.6	30.5	19.9	-999.9	0.0	2.4	97185.8	-999.9
Bamako	1992	1	4	4	17.9	29.8	20.0	-999.9	0.0	2.6	97249.7	-999.9
Bamako	1992	1	5	5	17.1	29.5	20.2	-999.9	0.0	2.6	97196.0	-999.9
Bamako	1992	1	6	6	16.8	27.9	19.2	-999.9	0.0	3.1	97139.1	-999.9
Bamako	1992	1	7	7	16.3	27.7	19.9	-999.9	0.0	2.6	97084.9	-999.9
Bamako	1992	1	8	8	15.1	29.8	19.7	-999.9	0.0	2.0	96989.3	-999.9
Bamako	1992	1	9	9	16.9	30.4	19.6	-999.9	0.0	2.0	96911.7	-999.9
Bamako	1992	1	10	10	16.8	30.1	18.3	-999.9	0.0	2.0	96948.0	-999.9
Bamako	1992	1	11	11	16.1	30.3	20.0	-999.9	0.0	2.0	96922.8	-999.9
Bamako	1992	1	12	12	15.8	30.2	20.5	-999.9	0.0	2.1	96864.1	-999.9
Bamako	1992	1	13	13	18.2	30.8	19.4	-999.9	0.0	2.0	96834.7	-999.9
Bamako	1992	1	14	14	18.8	29.0	20.1	-999.9	0.0	2.8	96936.1	-999.9
Bamako	1992	1	15	15	18.2	29.9	20.3	-999.9	0.0	2.3	96868.5	-999.9
Bamako	1992	1	16	16	16.9	30.7	19.6	-999.9	0.0	2.2	96869.4	-999.9
Bamako	1992	1	17	17	17.9	31.4	20.6	-999.9	0.0	2.2	96913.0	-999.9
Bamako	1992	1	18	18	19.1	30.3	17.0	-999.9	0.0	2.0	97061.4	-999.9
Bamako	1992	1	19	19	17.9	32.5	20.0	-999.9	0.0	2.0	96949.8	-999.9
Bamako	1992	1	20	20	19.8	34.1	20.0	-999.9	0.0	2.2	96693.4	-999.9
Bamako	1992	1	21	21	21.5	31.4	18.6	-999.9	0.0	1.8	96684.8	-999.9
Bamako	1992	1	22	22	18.2	28.1	18.8	-999.9	0.0	2.7	96829.1	-999.9
Bamako	1992	1	23	23	18.3	23.0	13.0	-999.9	0.0	2.5	97063.7	-999.9
Bamako	1992	1	24	24	17.1	26.1	17.5	-999.9	0.0	2.7	97140.9	-999.9
Bamako	1992	1	25	25	18.1	27.6	19.7	-999.9	0.0	2.6	97110.6	-999.9
Bamako	1992	1	26	26	18.4	28.4	19.9	-999.9	0.0	2.3	97035.6	-999.9
Bamako	1992	1	27	27	17.7	28.4	20.4	-999.9	0.0	2.0	96800.6	-999.9
Bamako	1992	1	28	28	17.1	29.3	20.0	-999.9	0.0	2.0	96678.1	-999.9
Bamako	1992	1	29	29	18.0	31.4	20.5	-999.9	0.0	2.5	96752.6	-999.9
Bamako	1992	1	30	30	20.0	31.2	18.2	-999.9	0.0	2.5	96879.2	-999.9
Bamako	1992	1	31	31	21.0	30.7	16.1	-999.9	0.0	2.5	96887.7	-999.9
Bamako	1992	2	1	32	20.8	33.2	20.6	-999.9	0.0	2.0	96831.4	-999.9
Bamako	1992	2	2	33	20.9	33.9	20.1	-999.9	0.0	1.4	96804.9	-999.9
Bamako	1992	2	3	34	21.3	34.8	20.5	-999.9	0.0	1.5	96826.4	-999.9
Bamako	1992	2	4	35	22.1	34.5	21.0	-999.9	0.0	1.5	96797.3	-999.9
Bamako	1992	2	5	36	21.3	34.5	20.3	-999.9	0.0	1.4	96665.4	-999.9
Bamako	1992	2	6	37	21.2	34.0	20.1	-999.9	0.0	1.6	96717.8	-999.9
Bamako	1992	2	7	38	21.3	34.1	19.1	-999.9	0.0	1.5	96822.6	-999.9
Bamako	1992	2	8	39	23.5	34.3	18.8	-999.9	0.0	2.2	96874.7	-999.9
Bamako	1992	2	9	40	22.7	33.6	17.0	-999.9	0.0	2.4	96812.5	-999.9
Bamako	1992	2	10	41	21.7	33.7	20.8	-999.9	0.0	2.8	96758.4	-999.9
Bamako	1992	2	11	42	21.5	34.3	20.1	-999.9	0.0	1.9	96789.1	-999.9
Bamako	1992	2	12	43	23.3	34.4	19.1	-999.9	0.0	1.2	96838.2	-999.9
Bamako	1992	2	13	44	21.1	33.7	20.2	-999.9	0.0	2.2	96872.3	-999.9
Bamako	1992	2	14	45	22.1	33.9	20.6	-999.9	0.0	3.3	96908.8	-999.9
Bamako	1992	2	15	46	22.1	33.1	19.3	-999.9	0.0	3.0	97049.3	-999.9
Bamako	1992	2	16	47	21.4	33.8	21.7	-999.9	0.0	2.5	96984.5	-999.9
Bamako	1992	2	17	48	20.5	33.7	22.4	-999.9	0.0	2.5	96843.0	-999.9
Bamako	1992	2	18	49	19.2	34.7	22.6	-999.9	0.0	2.3	96745.0	-999.9
Bamako	1992	2	19	50	19.3	35.2	22.8	-999.9	0.0	2.1	96650.9	-999.9
Bamako	1992	2	20	51	18.5	36.2	23.1	-999.9	0.0	2.2	96563.2	-999.9
Bamako	1992	2	21	52	18.4	36.3	23.1	-999.9	0.0	2.1	96551.8	-999.9
Bamako	1992	2	22	53	19.7	36.9	23.3	-999.9	0.0	2.5	96604.3	-999.9
Bamako	1992	2	23	54	20.1	37.6	23.1	-999.9	0.0	2.5	96675.7	-999.9
Bamako	1992	2	24	55	19.8	38.3	23.2	-999.9	0.0	2.5	96780.1	-999.9
Bamako	1992	2	25	56	22.1	37.9	23.4	-999.9	0.0	2.4	96856.4	-999.9
Bamako	1992	2	26	57	20.9	36.7	23.5	-999.9	0.0	2.2	96857.5	-999.9
Bamako	1992	2	27	58	19.5	36.8	23.6	-999.9	0.0	1.9	96837.4	-999.9
Bamako	1992	2	28	59	20.2	37.0	23.5	-999.9	0.0	1.9	96646.9	-999.9
Bamako	1992	2	29	60	21.2	36.6	23.2	-999.9	0.0	1.9	96529.1	-999.9
Bamako	1992	3	1	61	24.2	34.4	21.4	-999.9	0.0	2.0	96748.3	-999.9
Bamako	1992	3	2	62	22.1	34.8	22.2	-999.9	0.0	1.7	96843.9	-999.9
Bamako	1992	3	3	63	21.3	35.6	23.0	-999.9	0.0	1.3	96847.4	-999.9
Bamako	1992	3	4	64	23.8	36.0	21.9	-999.9	0.0	1.9	96724.2	-999.9
Bamako	1992	3	5	65	22.5	36.0	23.5	-999.9	0.0	2.2	96749.7	-999.9
Bamako	1992	3	6	66	22.3	36.0	23.6	-999.9	0.0	2.4	96699.7	-999.9
Bamako	1992	3	7	67	23.3	36.1	23.7	-999.9	0.0	2.6	96620.3	-999.9
Bamako	1992	3	8	68	22.8	35.8	24.0	-999.9	0.0	2.8	96648.1	-999.9
Bamako	1992	3	9	69	22.1	35.2	24.0	-999.9	0.0	2.5	96633.9	-999.9
Bamako	1992	3	10	70	22.1	35.3	24.0	-999.9	0.0	2.5	96623.0	-999.9
Bamako	1992	3	11	71	21.7	34.5	24.2	-999.9	0.0	2.6	96640.4	-999.9
Bamako	1992	3	12	72	21.0	33.8	24.3	-999.9	0.0	2.5	96627.7	-999.9
Bamako	1992	3	13	73	20.6	33.6	24.2	-999.9	0.0	2.4	96678.6	-999.9
Bamako	1992	3	14	74	20.9	34.2	24.1	-999.9	0.0	2.6	96746.5	-999.9
Bamako	1992	3	15	75	21.4	33.9	24.2	-999.9	0.0	2.5	96786.4	-999.9
Bamako	1992	3	16	76	20.5	33.8	24.4	-999.9	0.0	2.2	96783.9	-999.9
Bamako	1992	3	17	77	20.7	34.1	24.2	-999.9	0.0	2.1	96745.8	-999.9
Bamako	1992	3	18	78	20.6	35.3	24.4	-999.9	0.0	2.0	96613.2	-999.9
Bamako	1992	3	19	79	22.0	33.0	22.4	-999.9	3.2	2.3	96582.4	-999.9
Bamako	1992	3	20	80	23.2	32.3	17.5	-999.9	0.0	1.5	96534.5	-999.9
Bamako	1992	3	21	81	21.8	33.4	24.4	-999.9	0.0	2.6	96681.1	-999.9
Bamako	1992	3	22	82	23.2	32.8	22.9	-999.9	0.0	3.1	96885.6	-999.9
Bamako	1992	3	23	83	21.3	33.6	25.1	-999.9	0.0	2.8	96856.1	-999.9
Bamako	1992	3	24	84	21.3	34.5	23.4	-999.9	0.0	2.2	96630.0	-999.9
Bamako	1992	3	25	85	21.8	34.5	19.7	-999.9	0.0	2.0	96541.6	-999.9
Bamako	1992	3	26	86	24.3	33.9	14.5	-999.9	0.0	1.9	96761.3	-999.9
Bamako	1992	3	27	87	26.5	32.1	10.5	-999.9	0.0	2.4	96869.3	-999.9
Bamako	1992	3	28	88	24.4	36.5	21.7	-999.9	0.0	1.9	96744.0	-999.9
Bamako	1992	3	29	89	23.8	37.7	24.8	-999.9	0.0	2.4	96688.8	-999.9
Bamako	1992	3	30	90	25.0	38.2	24.7	-999.9	0.0	2.7	96629.1	-999.9
Bamako	1992	3	31	91	25.7	37.6	21.9	-999.9	0.0	1.6	96527.9	-999.9
Bamako	1992	4	1	92	27.8	38.1	21.4	-999.9	0.0	1.9	96464.0	-999.9
Bamako	1992	4	2	93	27.1	37.7	22.9	-999.9	0.0	2.5	96573.0	-999.9
Bamako	1992	4	3	94	26.6	37.6	24.0	-999.9	0.0	2.9	96754.8	-999.9
Bamako	1992	4	4	95	26.7	39.0	23.0	-999.9	0.0	2.7	96721.7	-999.9
Bamako	1992	4	5	96	24.4	37.1	23.9	-999.9	0.0	1.8	96705.1	-999.9
Bamako	1992	4	6	97	24.1	36.6	23.8	-999.9	0.0	1.4	96725.7	-999.9
Bamako	1992	4	7	98	26.2	32.9	15.1	-999.9	0.0	2.1	96870.9	-999.9
Bamako	1992	4	8	99	24.1	36.4	24.7	-999.9	8.4	1.2	96708.3	-999.9
Bamako	1992	4	9	100	23.2	37.4	25.4	-999.9	0.0	1.2	96499.7	-999.9
Bamako	1992	4	10	101	24.1	37.3	25.2	-999.9	0.0	1.5	96460.2	-999.9
Bamako	1992	4	11	102	23.3	37.4	25.5	-999.9	0.0	2.1	96489.8	-999.9
Bamako	1992	4	12	103	23.8	36.9	24.0	-999.9	0.0	1.9	96531.6	-999.9
Bamako	1992	4	13	104	25.5	37.5	24.3	-999.9	0.0	2.7	96655.0	-999.9
Bamako	1992	4	14	105	26.0	37.7	25.5	-999.9	0.0	3.1	96678.2	-999.9
Bamako	1992	4	15	106	24.0	37.0	26.0	-999.9	0.0	2.5	96696.2	-999.9
Bamako	1992	4	16	107	23.3	37.9	25.9	-999.9	0.0	1.9	96645.6	-999.9
Bamako	1992	4	17	108	23.3	38.9	26.0	-999.9	0.0	1.5	96580.5	-999.9
Bamako	1992	4	18	109	24.4	38.8	25.0	-999.9	0.0	2.1	96500.4	-999.9
Bamako	1992	4	19	110	24.0	38.6	25.4	-999.9	0.0	1.3	96380.8	-999.9
Bamako	1992	4	20	111	24.0	39.3	25.6	-999.9	0.0	2.0	96412.2	-999.9
Bamako	1992	4	21	112	27.1	38.3	22.5	-999.9	0.0	2.4	96552.5	-999.9
Bamako	1992	4	22	113	26.9	38.3	22.2	-999.9	0.0	2.2	96615.3	-999.9
Bamako	1992	4	23	114	26.5	35.5	19.6	-999.9	0.0	2.4	96569.8	-999.9
Bamako	1992	4	24	115	26.1	36.5	19.5	-999.9	0.0	1.3	96410.2	-999.9
Bamako	1992	4	25	116	27.3	40.0	24.3	-999.9	0.0	1.7	96442.5	-999.9
Bamako	1992	4	26	117	27.2	39.3	23.6	-999.9	0.0	2.2	96592.0	-999.9
Bamako	1992	4	27	118	28.2	37.6	20.2	-999.9	0.0	1.9	96500.1	-999.9
Bamako	1992	4	28	119	27.5	39.5	23.9	-999.9	0.0	2.0	96310.2	-999.9
Bamako	1992	4	29	120	28.2	38.9	23.0	-999.9	0.0	2.2	96392.6	-999.9
Bamako	1992	4	30	121	28.3	39.4	23.7	-999.9	0.0	2.2	96448.0	-999.9
Bamako	1992	5	1	122	27.9	38.1	20.9	-999.9	2.5	2.9	96543.2	-999.9
Bamako	1992	5	2	123	27.8	36.6	20.4	-999.9	0.0	2.4	96532.5	-999.9
Bamako	1992	5	3	124	27.2	38.6	24.8	-999.9	0.0	2.3	96378.0	-999.9
Bamako	1992	5	4	125	26.7	36.6	21.7	-999.9	2.5	2.9	96403.8	-999.9
Bamako	1992	5	5	126	26.3	38.7	23.9	-999.9	0.0	2.1	96420.0	-999.9
Bamako	1992	5	6	127	26.6	36.3	18.7	-999.9	7.9	2.0	96710.0	-999.9
Bamako	1992	5	7	128	25.4	37.9	22.0	-999.9	0.0	1.8	96685.2	-999.9
Bamako	1992	5	8	129	24.3	39.3	25.1	-999.9	0.0	1.8	96565.6	-999.9
Bamako	1992	5	9	130	25.8	39.4	24.1	-999.9	0.0	1.9	96451.9	-999.9
Bamako	1992	5	10	131	28.1	38.4	23.4	-999.9	0.0	2.1	96564.6	-999.9
Bamako	1992	5	11	132	28.1	38.3	23.5	-999.9	0.0	2.0	96591.5	-999.9
Bamako	1992	5	12	133	27.4	39.3	24.8	-999.9	0.0	1.8	96491.9	-999.9
Bamako	1992	5	13	134	25.6	37.2	23.6	-999.9	0.0	1.4	96505.1	-999.9
Bamako	1992	5	14	135	27.0	37.4	23.5	-999.9	0.0	2.3	96494.9	-999.9
Bamako	1992	5	15	136	26.2	36.6	21.6	-999.9	2.6	2.1	96539.2	-999.9
Bamako	1992	5	16	137	24.3	34.6	21.6	-999.9	3.9	1.9	96642.0	-999.9
Bamako	1992	5	17	138	25.1	32.0	18.2	-999.9	3.9	1.7	96731.5	-999.9
Bamako	1992	5	18	139	24.9	33.4	21.5	-999.9	3.9	1.9	96690.0	-999.9
Bamako	1992	5	19	140	24.7	33.8	21.7	-999.9	3.9	2.2	96654.3	-999.9
Bamako	1992	5	20	141	25.2	35.3	23.9	-999.9	0.0	1.7	96534.7	-999.9
Bamako	1992	5	21	142	24.6	35.9	25.5	-999.9	0.0	2.4	96565.6	-999.9
Bamako	1992	5	22	143	25.8	35.7	23.8	-999.9	0.0	2.4	96702.0	-999.9
Bamako	1992	5	23	144	26.3	35.4	22.7	-999.9	7.5	2.0	96723.6	-999.9
Bamako	1992	5	24	145	24.4	32.7	20.8	-999.9	3.7	1.9	96778.7	-999.9
Bamako	1992	5	25	146	24.1	32.7	19.1	-999.9	3.7	1.7	96819.3	-999.9
Bamako	1992	5	26	147	24.4	32.1	18.0	-999.9	0.0	1.7	96745.3	-999.9
Bamako	1992	5	27	148	23.4	30.6	16.2	-999.9	10.3	1.8	96739.5	-999.9
Bamako	1992	5	28	149	24.8	32.3	22.3	-999.9	0.0	1.9	96633.0	-999.9
Bamako	1992	5	29	150	24.0	32.6	19.4	-999.9	15.4	1.4	96763.8	-999.9
Bamako	1992	5	30	151	24.1	33.5	22.1	-999.9	5.1	1.6	96769.8	-999.9
Bamako	1992	5	31	152	24.3	32.5	22.6	-999.9	0.0	2.3	96714.5	-999.9
Bamako	1992	6	1	153	25.8	36.1	24.3	-999.9	0.0	2.4	96542.3	-999.9
Bamako	1992	6	2	154	25.0	34.2	23.6	-999.9	0.0	2.5	96614.3	-999.9
Bamako	1992	6	3	155	25.6	33.6	22.2	-999.9	0.0	2.3	96801.1	-999.9
Bamako	1992	6	4	156	25.1	34.1	22.1	-999.9	6.4	2.1	96699.4	-999.9
Bamako	1992	6	5	157	25.6	33.4	22.9	-999.9	6.4	2.0	96719.6	-999.9
Bamako	1992	6	6	158	24.2	33.4	22.8	-999.9	4.4	1.9	96718.1	-999.9
Bamako	1992	6	7	159	23.4	33.5	23.5	-999.9	4.4	1.8	96801.7	-999.9
Bamako	1992	6	8	160	23.4	31.8	19.9	-999.9	0.0	2.1	96868.1	-999.9
Bamako	1992	6	9	161	24.1	33.1	23.6	-999.9	8.7	1.9	96861.2	-999.9
Bamako	1992	6	10	162	25.1	33.8	18.1	-999.9	0.0	2.4	96742.0	-999.9
Bamako	1992	6	11	163	25.3	35.1	24.2	-999.9	0.0	2.6	96796.8	-999.9
Bamako	1992	6	12	164	25.0	34.6	23.2	-999.9	3.2	2.0	96832.2	-999.9
Bamako	1992	6	13	165	24.7	32.1	18.2	-999.9	3.2	1.8	96757.4	-999.9
Bamako	1992	6	14	166	24.1	34.4	23.4	-999.9	6.4	1.1	96792.6	-999.9
Bamako	1992	6	15	167	24.0	32.3	17.8	-999.9	0.0	1.0	96900.4	-999.9
Bamako	1992	6	16	168	23.7	32.0	18.8	-999.9	0.0	1.8	97002.2	-999.9
Bamako	1992	6	17	169	24.8	35.2	23.9	-999.9	0.0	2.0	96894.4	-999.9
Bamako	1992	6	18	170	25.4	35.4	23.1	-999.9	4.6	2.5	96743.2	-999.9
Bamako	1992	6	19	171	24.5	33.6	23.3	-999.9	0.0	1.9	96832.3	-999.9
Bamako	1992	6	20	172	25.1	33.1	22.1	-999.9	5.3	1.7	97012.6	-999.9
Bamako	1992	6	21	173	25.0	33.9	21.5	-999.9	17.2	1.7	97021.8	-999.9
Bamako	1992	6	22	174	25.0	34.0	22.5	-999.9	0.0	2.2	96821.2	-999.9
Bamako	1992	6	23	175	24.3	34.0	23.3	-999.9	8.6	2.5	96776.8	-999.9
Bamako	1992	6	24	176	25.2	34.4	22.1	-999.9	9.8	2.4	96757.5	-999.9
Bamako	1992	6	25	177	25.0	31.7	20.7	-999.9	0.0	2.6	96831.5	-999.9
Bamako	1992	6	26	178	24.5	32.3	20.0	-999.9	0.0	2.4	96789.5	-999.9
Bamako	1992	6	27	179	23.2	32.1	19.1	-999.9	0.0	1.3	96841.6	-999.9
Bamako	1992	6	28	180	22.8	31.8	23.5	-999.9	22.7	1.4	96940.8	-999.9
Bamako	1992	6	29	181	23.6	32.2	23.2	-999.9	0.0	1.7	97012.8	-999.9
Bamako	1992	6	30	182	24.2	32.6	22.9	-999.9	0.0	1.8	96988.4	-999.9
Bamako	1992	7	1	183	22.6	30.8	20.5	-999.9	9.8	1.7	96939.3	-999.9
Bamako	1992	7	2	184	23.2	30.6	22.3	-999.9	0.0	1.7	96948.8	-999.9
Bamako	1992	7	3	185	23.4	30.2	18.7	-999.9	9.8	2.5	96910.9	-999.9
Bamako	1992	7	4	186	23.4	30.1	19.6	-999.9	0.0	1.9	96953.4	-999.9
Bamako	1992	7	5	187	23.7	31.7	22.9	-999.9	4.9	1.9	96857.8	-999.9
Bamako	1992	7	6	188	24.5	30.5	20.8	-999.9	0.0	2.7	96819.4	-999.9
Bamako	1992	7	7	189	23.9	29.8	19.5	-999.9	0.0	2.1	96949.4	-999.9
Bamako	1992	7	8	190	23.3	29.6	16.6	-999.9	10.9	1.3	96967.1	-999.9
Bamako	1992	7	9	191	22.7	29.8	20.6	-999.9	0.0	1.5	96948.5	-999.9
Bamako	1992	7	10	192	22.9	28.3	15.1	-999.9	0.0	1.3	96905.4	-999.9
Bamako	1992	7	11	193	22.0	29.3	15.9	-999.9	0.0	1.8	96901.4	-999.9
Bamako	1992	7	12	194	22.9	29.4	16.6	-999.9	0.9	2.0	96816.0	-999.9
Bamako	1992	7	13	195	22.8	29.7	20.3	-999.9	1.8	1.8	96866.6	-999.9
Bamako	1992	7	14	196	22.2	28.8	16.9	-999.9	0.8	1.6	96916.3	-999.9
Bamako	1992	7	15	197	21.8	28.3	16.6	-999.9	29.1	1.5	96964.9	-999.9
Bamako	1992	7	16	198	22.0	26.8	11.0	-999.9	19.6	1.4	97054.3	-999.9
Bamako	1992	7	17	199	21.7	29.7	18.5	-999.9	0.0	1.4	97073.2	-999.9
Bamako	1992	7	18	200	22.5	31.2	23.7	-999.9	0.0	1.4	97003.6	-999.9
Bamako	1992	7	19	201	22.4	28.5	16.8	-999.9	0.0	1.7	97004.1	-999.9
Bamako	1992	7	20	202	22.0	29.6	21.2	-999.9	1.0	1.6	96951.1	-999.9
Bamako	1992	7	21	203	22.6	29.2	20.3	-999.9	0.0	1.5	96988.7	-999.9
Bamako	1992	7	22	204	22.8	29.0	18.4	-999.9	5.6	1.6	97079.2	-999.9
Bamako	1992	7	23	205	22.2	28.0	12.6	-999.9	16.9	1.5	97084.3	-999.9
Bamako	1992	7	24	206	21.9	26.7	11.3	-999.9	11.3	1.5	97061.0	-999.9
Bamako	1992	7	25	207	21.7	27.2	13.3	-999.9	5.6	2.2	97019.1	-999.9
Bamako	1992	7	26	208	21.4	28.9	19.9	-999.9	0.0	1.3	97118.9	-999.9
Bamako	1992	7	27	209	22.2	24.2	6.0	-999.9	12.8	1.2	97110.6	-999.9
Bamako	1992	7	28	210	22.0	28.1	17.0	-999.9	0.0	1.8	97010.6	-999.9
Bamako	1992	7	29	211	22.6	28.7	17.8	-999.9	0.0	1.9	96999.9	-999.9
Bamako	1992	7	30	212	22.9	29.8	21.6	-999.9	0.0	1.5	96940.2	-999.9
Bamako	1992	7	31	213	22.6	28.9	18.2	-999.9	7.3	1.3	96915.1	-999.9
Bamako	1992	8	1	214	22.6	29.3	21.6	-999.9	15.7	1.6	96950.9	-999.9
Bamako	1992	8	2	215	22.1	29.3	20.2	-999.9	0.0	1.4	96993.7	-999.9
Bamako	1992	8	3	216	22.5	29.7	20.7	-999.9	15.7	1.9	96940.0	-999.9
Bamako	1992	8	4	217	22.8	28.0	16.1	-999.9	0.0	2.4	96842.7	-999.9
Bamako	1992	8	5	218	22.1	28.1	13.7	-999.9	15.7	1.9	96901.9	-999.9
Bamako	1992	8	6	219	22.0	28.5	16.4	-999.9	0.0	1.7	97029.8	-999.9
Bamako	1992	8	7	220	22.6	29.1	20.9	-999.9	0.0	1.4	97021.9	-999.9
Bamako	1992	8	8	221	22.0	29.7	19.9	-999.9	0.0	1.2	96998.2	-999.9
Bamako	1992	8	9	222	22.9	28.6	18.4	-999.9	15.5	1.8	96966.6	-999.9
Bamako	1992	8	10	223	22.7	30.1	21.7	-999.9	0.0	1.4	96952.3	-999.9
Bamako	1992	8	11	224	22.0	28.6	16.1	-999.9	12.2	1.1	96955.3	-999.9
Bamako	1992	8	12	225	22.2	29.0	20.6	-999.9	0.0	1.1	97070.3	-999.9
Bamako	1992	8	13	226	22.7	29.2	19.6	-999.9	18.3	1.2	97138.2	-999.9
Bamako	1992	8	14	227	22.5	28.5	17.8	-999.9	0.0	1.9	96920.3	-999.9
Bamako	1992	8	15	228	22.7	28.8	18.3	-999.9	6.1	1.6	96874.4	-999.9
Bamako	1992	8	16	229	21.9	27.2	13.7	-999.9	15.7	1.1	97043.0	-999.9
Bamako	1992	8	17	230	21.8	28.9	19.1	-999.9	13.7	1.1	97030.4	-999.9
Bamako	1992	8	18	231	22.8	28.9	20.5	-999.9	13.7	1.6	97055.3	-999.9
Bamako	1992	8	19	232	22.3	28.7	19.2	-999.9	0.0	1.6	97111.3	-999.9
Bamako	1992	8	20	233	22.7	30.7	22.9	-999.9	13.7	1.9	97075.9	-999.9
Bamako	1992	8	21	234	23.3	31.1	23.7	-999.9	11.3	2.0	96882.3	-999.9
Bamako	1992	8	22	235	22.8	28.8	14.8	-999.9	11.3	2.0	96820.8	-999.9
Bamako	1992	8	23	236	22.5	28.8	16.4	-999.9	22.6	1.8	96805.1	-999.9
Bamako	1992	8	24	237	22.1	25.1	8.3	-999.9	0.0	1.5	96851.1	-999.9
Bamako	1992	8	25	238	21.4	28.2	17.7	-999.9	0.0	1.4	97024.4	-999.9
Bamako	1992	8	26	239	22.4	27.9	14.0	-999.9	8.6	1.3	97090.1	-999.9
Bamako	1992	8	27	240	22.1	29.0	16.5	-999.9	8.6	0.9	96973.2	-999.9
Bamako	1992	8	28	241	21.9	28.6	20.6	-999.9	0.0	1.9	96988.0	-999.9
Bamako	1992	8	29	242	22.0	27.8	16.0	-999.9	0.0	2.1	97092.5	-999.9
Bamako	1992	8	30	243	22.0	27.9	15.0	-999.9	17.3	1.3	97071.2	-999.9
Bamako	1992	8	31	244	21.5	28.3	14.0	-999.9	0.0	1.8	96878.4	-999.9
Bamako	1992	9	1	245	21.9	24.9	7.8	-999.9	48.1	1.4	96820.9	-999.9
Bamako	1992	9	2	246	21.2	28.8	17.9	-999.9	0.0	1.5	96970.7	-999.9
Bamako	1992	9	3	247	22.0	29.9	21.1	-999.9	0.0	1.8	96802.8	-999.9
Bamako	1992	9	4	248	22.4	28.0	13.5	-999.9	0.0	1.7	96736.2	-999.9
Bamako	1992	9	5	249	21.4	29.4	18.3	-999.9	0.0	1.5	96838.9	-999.9
Bamako	1992	9	6	250	22.5	29.8	20.8	-999.9	15.1	2.0	96759.0	-999.9
Bamako	1992	9	7	251	22.2	29.7	18.0	-999.9	17.3	1.3	96727.2	-999.9
Bamako	1992	9	8	252	21.6	28.5	18.9	-999.9	15.1	1.8	96936.4	-999.9
Bamako	1992	9	9	253	20.9	30.4	24.2	-999.9	0.0	1.3	96921.9	-999.9
Bamako	1992	9	10	254	22.8	29.1	16.2	-999.9	15.1	1.6	96852.5	-999.9
Bamako	1992	9	11	255	22.1	28.2	14.6	-999.9	0.0	1.3	96880.1	-999.9
Bamako	1992	9	12	256	22.2	29.4	20.6	-999.9	0.0	1.5	96893.5	-999.9
Bamako	1992	9	13	257	21.6	30.3	22.8	-999.9	0.0	1.2	96685.4	-999.9
Bamako	1992	9	14	258	22.4	29.6	18.4	-999.9	9.8	1.7	96586.5	-999.9
Bamako	1992	9	15	259	23.0	30.7	21.3	-999.9	9.8	1.1	96662.0	-999.9
Bamako	1992	9	16	260	22.4	27.3	13.2	-999.9	13.9	1.5	96771.4	-999.9
Bamako	1992	9	17	261	21.7	25.5	10.7	-999.9	12.2	1.3	96840.5	-999.9
Bamako	1992	9	18	262	21.3	29.7	22.2	-999.9	0.0	0.9	96862.6	-999.9
Bamako	1992	9	19	263	22.4	30.7	22.6	-999.9	0.0	1.2	96753.8	-999.9
Bamako	1992	9	20	264	23.0	29.5	20.5	-999.9	12.2	1.1	96846.1	-999.9
Bamako	1992	9	21	265	21.7	28.5	17.9	-999.9	0.0	1.5	96898.6	-999.9
Bamako	1992	9	22	266	21.2	29.8	21.9	-999.9	0.0	1.2	96884.5	-999.9
Bamako	1992	9	23	267	22.3	29.5	21.1	-999.9	5.8	1.2	96885.8	-999.9
Bamako	1992	9	24	268	21.9	31.5	23.8	-999.9	0.0	1.4	96916.9	-999.9
Bamako	1992	9	25	269	22.7	30.4	22.6	-999.9	0.0	1.3	96889.0	-999.9
Bamako	1992	9	26	270	23.4	31.4	22.8	-999.9	0.0	1.3	96821.8	-999.9
Bamako	1992	9	27	271	23.4	31.5	21.3	-999.9	0.0	1.3	96870.3	-999.9
Bamako	1992	9	28	272	23.8	30.5	19.4	-999.9	0.0	1.6	96883.9	-999.9
Bamako	1992	9	29	273	23.4	31.1	20.9	-999.9	0.0	1.2	96798.5	-999.9
Bamako	1992	9	30	274	22.8	30.0	20.5	-999.9	0.0	1.1	96765.6	-999.9
Bamako	1992	10	1	275	22.5	28.9	18.8	-999.9	3.0	1.6	96772.8	-999.9
Bamako	1992	10	2	276	22.3	29.5	19.9	-999.9	1.5	1.6	96879.3	-999.9
Bamako	1992	10	3	277	22.9	30.4	21.7	-999.9	0.0	1.2	96894.3	-999.9
Bamako	1992	10	4	278	21.7	31.1	22.0	-999.9	0.0	1.2	96799.4	-999.9
Bamako	1992	10	5	279	22.6	30.1	21.1	-999.9	1.5	1.5	96763.7	-999.9
Bamako	1992	10	6	280	22.8	30.9	21.9	-999.9	0.0	1.2	96786.0	-999.9
Bamako	1992	10	7	281	23.1	31.1	22.1	-999.9	2.4	1.3	96834.3	-999.9
Bamako	1992	10	8	282	22.4	30.3	18.5	-999.9	0.0	1.8	96861.3	-999.9
Bamako	1992	10	9	283	23.0	33.2	22.7	-999.9	0.0	1.4	96830.1	-999.9
Bamako	1992	10	10	284	21.6	33.2	22.9	-999.9	0.0	1.4	96859.2	-999.9
Bamako	1992	10	11	285	23.2	32.8	22.6	-999.9	0.0	1.4	96801.8	-999.9
Bamako	1992	10	12	286	24.3	33.3	23.0	-999.9	0.0	1.4	96677.2	-999.9
Bamako	1992	10	13	287	23.5	32.2	22.2	-999.9	0.0	1.5	96830.5	-999.9
Bamako	1992	10	14	288	23.3	32.0	21.1	-999.9	0.0	1.4	96948.3	-999.9
Bamako	1992	10	15	289	23.4	34.4	22.1	-999.9	0.0	1.6	96867.8	-999.9
Bamako	1992	10	16	290	24.9	33.9	21.7	-999.9	0.0	1.5	96705.1	-999.9
Bamako	1992	10	17	291	23.8	33.9	22.4	-999.9	0.0	1.6	96704.5	-999.9
Bamako	1992	10	18	292	23.8	32.6	20.6	-999.9	0.0	1.4	96790.6	-999.9
Bamako	1992	10	19	293	24.0	33.4	22.1	-999.9	0.0	1.5	96846.7	-999.9
Bamako	1992	10	20	294	23.6	35.7	20.6	-999.9	0.0	1.4	96732.1	-999.9
Bamako	1992	10	21	295	20.7	34.7	21.9	-999.9	0.0	1.6	96800.1	-999.9
Bamako	1992	10	22	296	24.3	32.2	18.8	-999.9	3.8	1.5	96959.3	-999.9
Bamako	1992	10	23	297	22.4	30.8	18.9	-999.9	0.0	1.9	96848.4	-999.9
Bamako	1992	10	24	298	22.8	32.2	22.1	-999.9	0.0	1.7	96778.9	-999.9
Bamako	1992	10	25	299	23.3	30.7	18.9	-999.9	3.8	1.6	96853.1	-999.9
Bamako	1992	10	26	300	23.4	32.7	19.3	-999.9	0.0	1.2	96877.8	-999.9
Bamako	1992	10	27	301	22.9	32.8	18.3	-999.9	0.0	1.3	96803.3	-999.9
Bamako	1992	10	28	302	22.9	33.5	20.1	-999.9	0.0	1.6	96783.6	-999.9
Bamako	1992	10	29	303	21.0	34.9	21.9	-999.9	0.0	1.4	96750.3	-999.9
Bamako	1992	10	30	304	19.8	34.3	21.6	-999.9	0.0	1.4	96755.5	-999.9
Bamako	1992	10	31	305	21.5	33.8	20.0	-999.9	0.0	1.6	96744.5	-999.9
Bamako	1992	11	1	306	22.6	34.1	20.1	-999.9	0.0	1.4	96747.6	-999.9
Bamako	1992	11	2	307	23.9	35.3	20.9	-999.9	0.0	1.6	96731.0	-999.9
Bamako	1992	11	3	308	20.5	35.2	21.2	-999.9	0.0	1.8	96630.6	-999.9
Bamako	1992	11	4	309	19.3	35.2	22.2	-999.9	0.0	1.6	96490.6	-999.9
Bamako	1992	11	5	310	21.8	33.8	22.1	-999.9	0.0	2.0	96516.0	-999.9
Bamako	1992	11	6	311	18.8	33.6	22.0	-999.9	0.0	1.5	96657.8	-999.9
Bamako	1992	11	7	312	20.9	33.5	20.7	-999.9	0.0	1.7	96745.5	-999.9
Bamako	1992	11	8	313	22.8	31.4	17.2	-999.9	0.0	2.0	96745.8	-999.9
Bamako	1992	11	9	314	19.9	27.5	14.8	-999.9	0.0	2.2	96847.5	-999.9
Bamako	1992	11	10	315	20.6	31.8	20.2	-999.9	0.0	1.6	96854.1	-999.9
Bamako	1992	11	11	316	24.0	33.1	18.1	-999.9	0.0	1.5	96887.9	-999.9
Bamako	1992	11	12	317	21.2	32.4	17.1	-999.9	0.0	1.4	96852.3	-999.9
Bamako	1992	11	13	318	22.2	32.2	16.3	-999.9	0.0	1.8	96838.7	-999.9
Bamako	1992	11	14	319	20.8	33.6	20.7	-999.9	0.0	2.0	96809.0	-999.9
Bamako	1992	11	15	320	19.0	33.6	20.6	-999.9	0.0	1.6	96834.0	-999.9
Bamako	1992	11	16	321	22.1	33.3	20.9	-999.9	0.0	1.9	96723.7	-999.9
Bamako	1992	11	17	322	20.6	33.0	18.1	-999.9	0.0	1.6	96688.3	-999.9
Bamako	1992	11	18	323	21.0	33.2	21.0	-999.9	0.0	2.4	96796.6	-999.9
Bamako	1992	11	19	324	19.6	31.4	21.2	-999.9	0.0	2.3	96968.6	-999.9
Bamako	1992	11	20	325	18.1	31.9	21.1	-999.9	0.0	2.0	96918.6	-999.9
Bamako	1992	11	21	326	20.0	33.2	20.6	-999.9	0.0	2.2	96807.1	-999.9
Bamako	1992	11	22	327	20.7	33.5	20.8	-999.9	0.0	2.4	96757.1	-999.9
Bamako	1992	11	23	328	20.2	32.4	19.6	-999.9	0.0	2.4	96828.0	-999.9
Bamako	1992	11	24	329	18.7	31.2	20.8	-999.9	0.0	2.4	96946.6	-999.9
Bamako	1992	11	25	330	18.5	31.6	20.5	-999.9	0.0	2.3	97051.2	-999.9
Bamako	1992	11	26	331	19.9	32.3	20.5	-999.9	0.0	2.4	97027.2	-999.9
Bamako	1992	11	27	332	18.8	31.9	20.8	-999.9	0.0	2.3	96893.5	-999.9
Bamako	1992	11	28	333	17.9	31.2	20.9	-999.9	0.0	2.3	96882.6	-999.9
Bamako	1992	11	29	334	17.8	31.1	20.1	-999.9	0.0	2.2	96953.4	-999.9
Bamako	1992	11	30	335	18.4	31.2	20.6	-999.9	0.0	2.2	96997.6	-999.9
Bamako	1992	12	1	336	17.6	31.5	20.2	-999.9	0.0	1.9	96904.5	-999.9
Bamako	1992	12	2	337	17.4	31.8	20.3	-999.9	0.0	1.5	96937.4	-999.9
Bamako	1992	12	3	338	17.4	31.9	20.3	-999.9	0.0	1.7	96913.8	-999.9
Bamako	1992	12	4	339	17.6	31.7	20.3	-999.9	0.0	2.1	96908.1	-999.9
Bamako	1992	12	5	340	19.0	32.3	20.1	-999.9	0.0	2.3	96943.6	-999.9
Bamako	1992	12	6	341	19.2	32.2	20.2	-999.9	0.0	2.4	96964.1	-999.9
Bamako	1992	12	7	342	19.3	32.2	20.1	-999.9	0.0	2.4	96957.6	-999.9
Bamako	1992	12	8	343	18.4	31.9	20.0	-999.9	0.1	2.1	96868.2	-999.9
Bamako	1992	12	9	344	17.3	32.7	20.2	-999.9	0.0	1.8	96706.8	-999.9
Bamako	1992	12	10	345	17.6	33.6	20.0	-999.9	0.0	1.8	96686.9	-999.9
Bamako	1992	12	11	346	17.8	33.8	18.9	-999.9	0.0	1.5	96749.7	-999.9
Bamako	1992	12	12	347	19.9	33.6	17.3	-999.9	0.0	1.9	96756.0	-999.9
Bamako	1992	12	13	348	22.4	34.4	19.6	-999.9	0.0	2.7	96775.0	-999.9
Bamako	1992	12	14	349	20.2	34.6	19.7	-999.9	0.0	2.2	96826.0	-999.9
Bamako	1992	12	15	350	20.7	33.8	19.9	-999.9	0.0	2.5	96911.1	-999.9
Bamako	1992	12	16	351	17.6	33.4	19.0	-999.9	0.0	2.0	96851.0	-999.9
Bamako	1992	12	17	352	18.5	33.5	19.7	-999.9	0.0	2.1	96859.5	-999.9
Bamako	1992	12	18	353	19.1	33.3	20.0	-999.9	0.0	2.3	96843.3	-999.9
Bamako	1992	12	19	354	17.3	33.6	19.9	-999.9	0.0	2.2	96847.9	-999.9
Bamako	1992	12	20	355	19.0	33.0	19.6	-999.9	0.0	2.2	96802.3	-999.9
Bamako	1992	12	21	356	18.9	33.1	19.6	-999.9	0.0	2.1	96803.5	-999.9
Bamako	1992	12	22	357	18.4	33.2	19.9	-999.9	0.0	2.1	96855.1	-999.9
Bamako	1992	12	23	358	18.0	32.7	19.9	-999.9	0.0	2.1	96846.9	-999.9
Bamako	1992	12	24	359	17.6	33.4	19.9	-999.9	0.0	2.0	96791.0	-999.9
Bamako	1992	12	25	360	17.3	33.8	20.0	-999.9	0.0	2.0	96781.3	-999.9
Bamako	1992	12	26	361	17.7	33.6	20.0	-999.9	0.0	2.0	96759.5	-999.9
Bamako	1992	12	27	362	17.1	33.3	20.0	-999.9	0.0	2.0	96719.8	-999.9
Bamako	1992	12	28	363	18.1	32.9	19.7	-999.9	0.0	2.1	96634.6	-999.9
Bamako	1992	12	29	364	18.1	32.5	19.6	-999.9	0.0	2.1	96687.3	-999.9
Bamako	1992	12	30	365	18.0	33.4	19.5	-999.9	0.0	1.9	96680.9	-999.9
Bamako	1992	12	31	366	18.4	33.7	19.3	-999.9	0.0	2.4	96769.4	-999.9
