Bamako	1985	1	1	1	16.5	28.8	19.9	-999.9	0.0	2.5	96958.2	-999.9
Bamako	1985	1	2	2	15.9	27.9	19.7	-999.9	0.0	2.2	96941.7	-999.9
Bamako	1985	1	3	3	16.5	30.4	19.5	-999.9	0.0	1.7	96821.5	-999.9
Bamako	1985	1	4	4	18.1	32.7	19.9	-999.9	0.0	2.1	96923.1	-999.9
Bamako	1985	1	5	5	20.9	31.0	16.4	-999.9	0.0	2.6	97009.2	-999.9
Bamako	1985	1	6	6	19.9	32.0	18.6	-999.9	0.0	2.1	96896.8	-999.9
Bamako	1985	1	7	7	20.3	33.0	18.0	-999.9	0.0	1.9	96789.8	-999.9
Bamako	1985	1	8	8	20.9	33.9	19.7	-999.9	0.0	1.8	96764.2	-999.9
Bamako	1985	1	9	9	22.0	34.0	18.8	-999.9	0.0	2.0	96748.1	-999.9
Bamako	1985	1	10	10	22.2	32.6	16.1	-999.9	0.0	1.9	96680.7	-999.9
Bamako	1985	1	11	11	22.5	32.4	17.8	-999.9	0.0	2.1	96531.8	-999.9
Bamako	1985	1	12	12	20.6	32.0	19.3	-999.9	0.0	2.0	96586.1	-999.9
Bamako	1985	1	13	13	19.9	31.2	19.3	-999.9	0.0	2.6	96758.6	-999.9
Bamako	1985	1	14	14	20.7	31.3	16.4	-999.9	0.0	2.1	96781.6	-999.9
Bamako	1985	1	15	15	20.2	23.9	8.0	-999.9	0.0	2.1	97013.9	-999.9
Bamako	1985	1	16	16	18.6	27.9	17.5	-999.9	0.0	2.5	97064.0	-999.9
Bamako	1985	1	17	17	16.7	28.8	20.2	-999.9	0.0	2.6	97021.6	-999.9
Bamako	1985	1	18	18	16.7	28.2	19.5	-999.9	0.0	2.5	97002.3	-999.9
Bamako	1985	1	19	19	16.5	30.0	21.0	-999.9	0.0	2.3	96901.3	-999.9
Bamako	1985	1	20	20	16.8	31.1	19.6	-999.9	0.0	2.1	96771.9	-999.9
Bamako	1985	1	21	21	18.0	32.3	20.7	-999.9	0.0	1.9	96691.1	-999.9
Bamako	1985	1	22	22	19.0	33.1	19.2	-999.9	0.0	1.9	96636.8	-999.9
Bamako	1985	1	23	23	19.9	34.9	20.9	-999.9	0.0	2.0	96699.6	-999.9
Bamako	1985	1	24	24	19.4	34.8	20.1	-999.9	0.0	2.2	96782.0	-999.9
Bamako	1985	1	25	25	20.3	33.4	20.3	-999.9	0.0	2.5	96729.2	-999.9
Bamako	1985	1	26	26	20.3	32.9	19.8	-999.9	0.0	1.9	96606.1	-999.9
Bamako	1985	1	27	27	20.5	33.6	20.5	-999.9	0.0	1.8	96523.0	-999.9
Bamako	1985	1	28	28	21.5	34.5	20.2	-999.9	0.0	2.0	96577.5	-999.9
Bamako	1985	1	29	29	22.4	35.5	21.0	-999.9	0.0	2.1	96575.4	-999.9
Bamako	1985	1	30	30	22.3	35.8	21.2	-999.9	0.0	2.5	96526.1	-999.9
Bamako	1985	1	31	31	20.8	36.1	21.4	-999.9	0.0	2.2	96529.0	-999.9
Bamako	1985	2	1	32	20.8	35.0	21.6	-999.9	0.0	2.4	96636.5	-999.9
Bamako	1985	2	2	33	22.8	35.1	21.5	-999.9	0.0	3.1	96782.5	-999.9
Bamako	1985	2	3	34	21.6	34.1	21.7	-999.9	0.0	2.8	96914.3	-999.9
Bamako	1985	2	4	35	19.7	32.8	21.9	-999.9	0.0	2.9	96971.0	-999.9
Bamako	1985	2	5	36	18.1	30.2	22.5	-999.9	0.0	2.7	97041.1	-999.9
Bamako	1985	2	6	37	17.6	31.1	22.2	-999.9	0.0	2.5	97028.4	-999.9
Bamako	1985	2	7	38	18.2	32.8	22.2	-999.9	0.0	2.5	97005.3	-999.9
Bamako	1985	2	8	39	18.8	32.5	22.5	-999.9	0.0	2.7	96938.2	-999.9
Bamako	1985	2	9	40	17.3	31.7	23.1	-999.9	0.0	2.7	96943.2	-999.9
Bamako	1985	2	10	41	16.7	32.1	23.2	-999.9	0.0	2.7	96926.3	-999.9
Bamako	1985	2	11	42	16.3	32.4	23.1	-999.9	0.0	2.6	96975.4	-999.9
Bamako	1985	2	12	43	16.7	33.0	23.3	-999.9	0.0	2.7	96990.1	-999.9
Bamako	1985	2	13	44	16.4	33.3	23.3	-999.9	0.0	2.6	96980.9	-999.9
Bamako	1985	2	14	45	16.9	34.1	23.4	-999.9	0.0	2.6	96932.9	-999.9
Bamako	1985	2	15	46	18.7	34.7	23.3	-999.9	0.0	2.4	96837.9	-999.9
Bamako	1985	2	16	47	19.0	35.4	23.0	-999.9	0.0	2.3	96755.7	-999.9
Bamako	1985	2	17	48	18.1	35.8	22.9	-999.9	0.0	2.4	96693.4	-999.9
Bamako	1985	2	18	49	19.8	36.0	23.1	-999.9	0.0	2.1	96644.5	-999.9
Bamako	1985	2	19	50	18.8	36.1	23.3	-999.9	0.0	1.7	96629.2	-999.9
Bamako	1985	2	20	51	18.8	36.2	23.4	-999.9	0.0	1.7	96627.8	-999.9
Bamako	1985	2	21	52	19.1	36.4	23.4	-999.9	0.0	1.7	96564.4	-999.9
Bamako	1985	2	22	53	18.9	36.3	23.6	-999.9	0.0	2.2	96462.6	-999.9
Bamako	1985	2	23	54	20.2	36.1	23.9	-999.9	0.0	2.0	96468.0	-999.9
Bamako	1985	2	24	55	19.0	35.8	23.8	-999.9	0.0	1.9	96500.6	-999.9
Bamako	1985	2	25	56	20.0	35.3	23.7	-999.9	0.0	2.4	96481.2	-999.9
Bamako	1985	2	26	57	20.7	36.3	23.8	-999.9	0.1	2.3	96461.1	-999.9
Bamako	1985	2	27	58	20.7	35.8	20.2	-999.9	0.1	2.2	96630.1	-999.9
Bamako	1985	2	28	59	21.7	36.3	23.0	-999.9	0.1	2.9	96803.0	-999.9
Bamako	1985	3	1	60	21.8	34.8	23.9	-999.9	0.0	2.6	96870.5	-999.9
Bamako	1985	3	2	61	20.7	34.9	23.7	-999.9	0.0	2.2	96794.4	-999.9
Bamako	1985	3	3	62	21.1	35.0	24.0	-999.9	0.0	2.3	96661.2	-999.9
Bamako	1985	3	4	63	22.1	35.9	24.2	-999.9	0.0	1.9	96475.2	-999.9
Bamako	1985	3	5	64	20.7	36.7	24.2	-999.9	0.0	2.1	96417.1	-999.9
Bamako	1985	3	6	65	21.3	37.0	23.2	-999.9	1.0	2.4	96374.9	-999.9
Bamako	1985	3	7	66	22.1	37.5	24.0	-999.9	0.0	2.6	96343.4	-999.9
Bamako	1985	3	8	67	25.4	35.8	16.8	-999.9	0.0	2.9	96316.7	-999.9
Bamako	1985	3	9	68	25.1	36.5	22.4	-999.9	0.0	2.9	96314.8	-999.9
Bamako	1985	3	10	69	24.7	34.6	18.7	-999.9	0.0	2.2	96440.9	-999.9
Bamako	1985	3	11	70	23.0	37.4	23.1	-999.9	0.0	1.7	96317.8	-999.9
Bamako	1985	3	12	71	28.0	34.1	15.2	-999.9	0.0	2.9	96425.1	-999.9
Bamako	1985	3	13	72	24.7	34.1	16.3	-999.9	0.0	2.0	96460.9	-999.9
Bamako	1985	3	14	73	23.5	37.4	24.1	-999.9	0.0	2.3	96385.4	-999.9
Bamako	1985	3	15	74	23.7	36.7	24.2	-999.9	0.0	1.6	96398.3	-999.9
Bamako	1985	3	16	75	25.6	37.7	24.1	-999.9	0.0	1.3	96400.4	-999.9
Bamako	1985	3	17	76	25.3	38.3	23.9	-999.9	0.0	1.6	96402.1	-999.9
Bamako	1985	3	18	77	28.6	36.8	22.0	-999.9	0.0	2.7	96485.1	-999.9
Bamako	1985	3	19	78	26.2	34.2	18.7	-999.9	0.0	1.7	96500.8	-999.9
Bamako	1985	3	20	79	24.2	36.7	24.2	-999.9	0.0	2.0	96553.1	-999.9
Bamako	1985	3	21	80	24.4	38.1	24.3	-999.9	0.0	2.3	96531.5	-999.9
Bamako	1985	3	22	81	26.5	38.1	23.4	-999.9	0.0	1.8	96455.7	-999.9
Bamako	1985	3	23	82	24.4	38.2	24.4	-999.9	0.0	2.3	96482.4	-999.9
Bamako	1985	3	24	83	24.4	38.4	25.0	-999.9	0.0	2.4	96470.6	-999.9
Bamako	1985	3	25	84	26.4	39.4	24.6	-999.9	0.0	2.2	96483.6	-999.9
Bamako	1985	3	26	85	25.6	38.6	22.7	-999.9	0.0	2.3	96596.4	-999.9
Bamako	1985	3	27	86	26.5	38.2	21.5	-999.9	0.0	1.6	96594.8	-999.9
Bamako	1985	3	28	87	26.8	37.9	22.4	-999.9	0.0	2.2	96421.5	-999.9
Bamako	1985	3	29	88	22.0	37.1	25.9	-999.9	0.0	1.8	96437.7	-999.9
Bamako	1985	3	30	89	22.7	36.9	25.9	-999.9	0.0	1.9	96486.0	-999.9
Bamako	1985	3	31	90	23.0	36.3	25.9	-999.9	0.0	2.5	96566.8	-999.9
Bamako	1985	4	1	91	23.4	36.1	25.7	-999.9	0.0	2.1	96663.8	-999.9
Bamako	1985	4	2	92	22.5	36.5	25.4	-999.9	0.0	2.0	96673.6	-999.9
Bamako	1985	4	3	93	22.9	37.1	26.1	-999.9	0.0	2.2	96544.6	-999.9
Bamako	1985	4	4	94	22.9	37.2	26.1	-999.9	0.0	1.9	96429.3	-999.9
Bamako	1985	4	5	95	21.2	37.4	26.0	-999.9	0.0	2.2	96438.9	-999.9
Bamako	1985	4	6	96	23.8	37.1	22.4	-999.9	0.0	1.7	96587.7	-999.9
Bamako	1985	4	7	97	25.8	36.2	19.3	-999.9	0.0	1.8	96717.0	-999.9
Bamako	1985	4	8	98	24.0	37.6	24.0	-999.9	0.0	1.8	96538.0	-999.9
Bamako	1985	4	9	99	25.2	39.0	24.4	-999.9	0.0	1.7	96423.9	-999.9
Bamako	1985	4	10	100	26.6	40.0	25.9	-999.9	0.0	1.5	96415.1	-999.9
Bamako	1985	4	11	101	26.5	38.0	22.4	-999.9	0.0	2.2	96591.0	-999.9
Bamako	1985	4	12	102	27.2	38.2	23.2	-999.9	16.5	1.6	96579.7	-999.9
Bamako	1985	4	13	103	23.3	36.7	25.9	-999.9	0.0	1.9	96605.1	-999.9
Bamako	1985	4	14	104	24.3	37.2	26.1	-999.9	0.0	1.6	96498.4	-999.9
Bamako	1985	4	15	105	23.3	37.8	26.2	-999.9	0.0	2.1	96559.1	-999.9
Bamako	1985	4	16	106	23.8	37.8	26.3	-999.9	1.7	1.9	96651.9	-999.9
Bamako	1985	4	17	107	24.0	37.3	26.3	-999.9	0.0	2.5	96729.2	-999.9
Bamako	1985	4	18	108	23.3	36.9	26.5	-999.9	0.0	1.6	96695.3	-999.9
Bamako	1985	4	19	109	21.9	37.8	26.5	-999.9	0.0	1.3	96536.8	-999.9
Bamako	1985	4	20	110	21.9	38.8	26.3	-999.9	0.0	1.5	96371.1	-999.9
Bamako	1985	4	21	111	25.7	37.7	22.7	-999.9	0.0	2.3	96383.5	-999.9
Bamako	1985	4	22	112	26.8	36.6	21.0	-999.9	2.6	2.1	96513.5	-999.9
Bamako	1985	4	23	113	25.0	35.8	21.8	-999.9	4.5	1.7	96535.7	-999.9
Bamako	1985	4	24	114	25.4	36.2	22.5	-999.9	0.0	1.9	96291.7	-999.9
Bamako	1985	4	25	115	26.1	37.3	25.4	-999.9	0.0	2.3	96205.5	-999.9
Bamako	1985	4	26	116	25.3	37.0	25.2	-999.9	0.0	1.8	96338.8	-999.9
Bamako	1985	4	27	117	27.8	38.6	24.8	-999.9	0.0	1.3	96437.4	-999.9
Bamako	1985	4	28	118	25.9	35.6	21.9	-999.9	0.0	1.4	96429.5	-999.9
Bamako	1985	4	29	119	24.4	33.5	21.9	-999.9	0.0	1.3	96389.0	-999.9
Bamako	1985	4	30	120	25.8	35.2	24.3	-999.9	0.0	2.4	96349.2	-999.9
Bamako	1985	5	1	121	25.2	36.9	21.6	-999.9	0.0	1.8	96368.8	-999.9
Bamako	1985	5	2	122	25.6	37.7	24.2	-999.9	0.0	2.7	96427.7	-999.9
Bamako	1985	5	3	123	27.5	37.2	23.6	-999.9	0.0	2.4	96532.2	-999.9
Bamako	1985	5	4	124	27.6	37.1	20.0	-999.9	0.0	2.0	96555.3	-999.9
Bamako	1985	5	5	125	28.5	38.6	23.1	-999.9	0.0	1.9	96489.1	-999.9
Bamako	1985	5	6	126	26.4	39.1	25.4	-999.9	0.0	2.0	96511.1	-999.9
Bamako	1985	5	7	127	25.2	39.3	25.9	-999.9	0.0	1.8	96528.6	-999.9
Bamako	1985	5	8	128	23.3	38.9	25.9	-999.9	0.0	1.5	96509.4	-999.9
Bamako	1985	5	9	129	23.6	38.3	25.5	-999.9	0.0	1.3	96492.2	-999.9
Bamako	1985	5	10	130	25.7	38.9	25.4	-999.9	0.0	1.1	96373.5	-999.9
Bamako	1985	5	11	131	27.2	39.7	25.1	-999.9	0.0	1.8	96239.2	-999.9
Bamako	1985	5	12	132	29.1	39.9	25.3	-999.9	0.0	2.6	96291.0	-999.9
Bamako	1985	5	13	133	28.9	38.8	24.1	-999.9	0.0	2.1	96490.0	-999.9
Bamako	1985	5	14	134	27.7	38.8	24.2	-999.9	2.6	2.2	96481.2	-999.9
Bamako	1985	5	15	135	27.4	38.4	23.8	-999.9	0.0	1.6	96397.9	-999.9
Bamako	1985	5	16	136	27.8	35.5	21.6	-999.9	1.5	1.8	96455.7	-999.9
Bamako	1985	5	17	137	26.8	37.4	23.0	-999.9	0.0	2.4	96450.9	-999.9
Bamako	1985	5	18	138	27.8	35.0	20.7	-999.9	0.0	2.2	96589.5	-999.9
Bamako	1985	5	19	139	27.1	37.9	22.5	-999.9	0.0	2.1	96643.0	-999.9
Bamako	1985	5	20	140	26.7	39.7	24.0	-999.9	0.0	2.1	96568.4	-999.9
Bamako	1985	5	21	141	27.0	40.2	24.2	-999.9	0.0	2.3	96544.0	-999.9
Bamako	1985	5	22	142	26.7	37.9	23.8	-999.9	1.8	2.2	96643.3	-999.9
Bamako	1985	5	23	143	27.5	38.9	24.4	-999.9	0.0	2.2	96560.6	-999.9
Bamako	1985	5	24	144	26.3	39.9	26.1	-999.9	0.0	2.0	96537.4	-999.9
Bamako	1985	5	25	145	27.1	38.1	23.2	-999.9	0.0	2.8	96647.2	-999.9
Bamako	1985	5	26	146	27.2	38.9	23.4	-999.9	2.8	2.1	96721.3	-999.9
Bamako	1985	5	27	147	27.1	38.6	23.4	-999.9	0.0	2.2	96667.4	-999.9
Bamako	1985	5	28	148	26.5	38.6	24.0	-999.9	0.0	2.2	96531.0	-999.9
Bamako	1985	5	29	149	27.5	37.3	23.3	-999.9	0.0	2.5	96549.6	-999.9
Bamako	1985	5	30	150	25.9	35.3	19.8	-999.9	2.8	2.1	96675.1	-999.9
Bamako	1985	5	31	151	23.7	35.7	23.6	-999.9	5.6	1.3	96725.4	-999.9
Bamako	1985	6	1	152	26.4	38.5	23.2	-999.9	0.0	2.3	96593.7	-999.9
Bamako	1985	6	2	153	25.8	37.2	24.6	-999.9	0.0	2.8	96602.0	-999.9
Bamako	1985	6	3	154	26.0	37.1	23.3	-999.9	0.0	2.0	96637.0	-999.9
Bamako	1985	6	4	155	25.4	37.6	24.0	-999.9	5.9	1.6	96572.1	-999.9
Bamako	1985	6	5	156	25.9	38.2	22.6	-999.9	0.0	2.2	96571.9	-999.9
Bamako	1985	6	6	157	25.4	31.5	15.2	-999.9	0.0	2.4	96815.2	-999.9
Bamako	1985	6	7	158	24.7	32.8	19.7	-999.9	0.0	2.2	96969.0	-999.9
Bamako	1985	6	8	159	25.1	37.1	24.5	-999.9	0.0	2.6	96785.7	-999.9
Bamako	1985	6	9	160	26.5	36.4	24.1	-999.9	0.0	2.2	96755.2	-999.9
Bamako	1985	6	10	161	25.6	34.8	23.7	-999.9	0.0	1.8	96906.5	-999.9
Bamako	1985	6	11	162	25.5	35.1	19.8	-999.9	10.3	1.9	96876.0	-999.9
Bamako	1985	6	12	163	25.0	33.9	20.9	-999.9	0.0	2.5	96894.5	-999.9
Bamako	1985	6	13	164	23.7	32.5	22.9	-999.9	0.0	1.9	96927.6	-999.9
Bamako	1985	6	14	165	23.1	32.2	22.9	-999.9	10.3	1.8	96980.2	-999.9
Bamako	1985	6	15	166	24.3	33.9	23.5	-999.9	0.0	2.3	96874.1	-999.9
Bamako	1985	6	16	167	26.0	35.7	25.1	-999.9	0.0	2.8	96723.8	-999.9
Bamako	1985	6	17	168	24.3	32.7	21.5	-999.9	6.8	2.6	96824.5	-999.9
Bamako	1985	6	18	169	23.0	28.4	13.8	-999.9	13.5	2.0	96968.9	-999.9
Bamako	1985	6	19	170	22.9	29.2	15.9	-999.9	0.0	1.4	96953.8	-999.9
Bamako	1985	6	20	171	22.8	29.2	18.0	-999.9	13.5	1.5	97068.2	-999.9
Bamako	1985	6	21	172	22.8	31.0	20.5	-999.9	0.0	1.5	97066.9	-999.9
Bamako	1985	6	22	173	23.7	30.7	20.4	-999.9	5.7	1.8	97013.8	-999.9
Bamako	1985	6	23	174	23.2	32.5	23.2	-999.9	0.0	2.0	96872.0	-999.9
Bamako	1985	6	24	175	24.1	32.9	24.0	-999.9	5.7	1.8	96684.1	-999.9
Bamako	1985	6	25	176	23.1	32.3	21.3	-999.9	22.9	1.8	96705.9	-999.9
Bamako	1985	6	26	177	23.5	32.6	23.2	-999.9	0.0	2.0	96887.1	-999.9
Bamako	1985	6	27	178	23.7	31.8	21.2	-999.9	11.4	1.6	97030.3	-999.9
Bamako	1985	6	28	179	23.1	28.2	13.4	-999.9	0.0	1.1	96975.0	-999.9
Bamako	1985	6	29	180	22.7	29.2	17.9	-999.9	11.4	1.2	96920.3	-999.9
Bamako	1985	6	30	181	22.5	31.3	21.6	-999.9	0.0	1.4	96998.3	-999.9
Bamako	1985	7	1	182	24.4	31.4	19.2	-999.9	11.2	2.0	96884.1	-999.9
Bamako	1985	7	2	183	22.9	25.4	8.9	-999.9	0.0	1.5	96935.0	-999.9
Bamako	1985	7	3	184	21.9	29.3	20.6	-999.9	22.4	1.3	96967.9	-999.9
Bamako	1985	7	4	185	22.7	27.0	13.2	-999.9	0.0	1.3	96976.6	-999.9
Bamako	1985	7	5	186	22.6	28.9	16.7	-999.9	0.0	1.2	96873.5	-999.9
Bamako	1985	7	6	187	22.5	29.2	20.2	-999.9	0.0	1.8	96855.6	-999.9
Bamako	1985	7	7	188	23.1	29.6	19.1	-999.9	7.6	1.6	96857.5	-999.9
Bamako	1985	7	8	189	22.1	27.1	14.7	-999.9	7.6	1.3	96904.9	-999.9
Bamako	1985	7	9	190	21.6	28.0	18.4	-999.9	0.0	1.5	97044.0	-999.9
Bamako	1985	7	10	191	22.1	29.7	20.2	-999.9	0.0	2.3	96944.0	-999.9
Bamako	1985	7	11	192	22.8	28.7	14.4	-999.9	19.1	2.8	96747.8	-999.9
Bamako	1985	7	12	193	21.8	25.2	11.2	-999.9	0.0	2.0	96886.5	-999.9
Bamako	1985	7	13	194	21.5	28.0	17.7	-999.9	9.5	1.7	96926.7	-999.9
Bamako	1985	7	14	195	21.8	29.5	22.6	-999.9	19.1	1.7	96850.6	-999.9
Bamako	1985	7	15	196	22.3	29.2	20.6	-999.9	9.5	1.9	96742.6	-999.9
Bamako	1985	7	16	197	21.8	27.2	15.3	-999.9	0.0	1.8	96839.3	-999.9
Bamako	1985	7	17	198	22.0	27.4	13.7	-999.9	20.5	1.4	96979.9	-999.9
Bamako	1985	7	18	199	21.4	28.9	20.9	-999.9	0.0	1.1	96968.1	-999.9
Bamako	1985	7	19	200	21.8	28.3	18.2	-999.9	0.0	1.8	96963.5	-999.9
Bamako	1985	7	20	201	21.9	28.3	14.3	-999.9	0.0	2.3	96888.8	-999.9
Bamako	1985	7	21	202	22.6	26.8	13.4	-999.9	8.6	1.5	96814.8	-999.9
Bamako	1985	7	22	203	21.6	27.5	15.8	-999.9	0.0	1.7	96846.3	-999.9
Bamako	1985	7	23	204	21.7	28.0	17.5	-999.9	3.7	1.4	96883.5	-999.9
Bamako	1985	7	24	205	21.7	27.8	15.6	-999.9	0.0	1.2	96902.3	-999.9
Bamako	1985	7	25	206	21.8	27.7	16.8	-999.9	7.5	1.0	96912.1	-999.9
Bamako	1985	7	26	207	22.0	28.8	21.2	-999.9	6.2	1.4	96893.7	-999.9
Bamako	1985	7	27	208	21.8	28.3	15.8	-999.9	20.8	1.0	96962.3	-999.9
Bamako	1985	7	28	209	21.9	29.2	21.7	-999.9	0.8	1.2	96945.7	-999.9
Bamako	1985	7	29	210	23.0	30.2	20.9	-999.9	0.0	1.8	96840.9	-999.9
Bamako	1985	7	30	211	22.4	28.0	16.8	-999.9	12.3	1.8	96816.2	-999.9
Bamako	1985	7	31	212	22.9	29.1	21.1	-999.9	1.8	1.8	96897.0	-999.9
Bamako	1985	8	1	213	22.1	29.5	21.8	-999.9	4.1	1.6	96925.9	-999.9
Bamako	1985	8	2	214	22.4	28.9	16.4	-999.9	0.9	1.3	96874.7	-999.9
Bamako	1985	8	3	215	21.9	29.0	17.6	-999.9	0.0	1.2	96834.7	-999.9
Bamako	1985	8	4	216	22.8	28.7	18.0	-999.9	0.0	1.4	96829.8	-999.9
Bamako	1985	8	5	217	22.7	26.9	10.0	-999.9	36.6	1.2	96871.4	-999.9
Bamako	1985	8	6	218	21.7	28.6	17.9	-999.9	16.0	1.5	96893.6	-999.9
Bamako	1985	8	7	219	22.1	29.4	19.5	-999.9	16.0	1.3	96828.4	-999.9
Bamako	1985	8	8	220	22.5	27.9	14.6	-999.9	0.0	0.9	96786.9	-999.9
Bamako	1985	8	9	221	21.7	28.7	18.9	-999.9	18.5	1.1	96840.8	-999.9
Bamako	1985	8	10	222	22.2	29.1	20.7	-999.9	0.0	1.1	96808.9	-999.9
Bamako	1985	8	11	223	22.5	29.0	16.8	-999.9	0.0	1.6	96857.5	-999.9
Bamako	1985	8	12	224	22.3	29.0	16.0	-999.9	12.9	1.4	96912.2	-999.9
Bamako	1985	8	13	225	21.9	28.2	16.7	-999.9	7.4	1.2	96837.6	-999.9
Bamako	1985	8	14	226	21.8	27.7	17.4	-999.9	6.4	1.1	96745.6	-999.9
Bamako	1985	8	15	227	22.0	27.9	15.6	-999.9	6.4	1.4	96759.8	-999.9
Bamako	1985	8	16	228	21.8	28.4	15.7	-999.9	0.0	1.6	96770.8	-999.9
Bamako	1985	8	17	229	22.4	28.6	15.0	-999.9	27.2	1.3	96725.6	-999.9
Bamako	1985	8	18	230	22.3	26.9	11.8	-999.9	11.9	1.5	96843.7	-999.9
Bamako	1985	8	19	231	21.7	28.6	19.4	-999.9	0.0	1.2	97028.7	-999.9
Bamako	1985	8	20	232	22.2	29.4	19.4	-999.9	0.0	1.4	96919.1	-999.9
Bamako	1985	8	21	233	22.1	29.4	19.8	-999.9	5.8	1.1	96852.3	-999.9
Bamako	1985	8	22	234	22.5	29.4	20.6	-999.9	11.5	1.4	96868.9	-999.9
Bamako	1985	8	23	235	22.1	30.6	23.4	-999.9	0.0	0.9	96858.9	-999.9
Bamako	1985	8	24	236	23.2	29.9	20.8	-999.9	0.0	1.7	96836.3	-999.9
Bamako	1985	8	25	237	22.1	29.1	18.0	-999.9	0.0	1.6	96951.8	-999.9
Bamako	1985	8	26	238	22.2	28.6	18.0	-999.9	44.8	1.2	97027.5	-999.9
Bamako	1985	8	27	239	21.8	26.3	12.2	-999.9	14.9	1.2	97092.8	-999.9
Bamako	1985	8	28	240	20.9	29.2	18.2	-999.9	0.0	0.7	96998.7	-999.9
Bamako	1985	8	29	241	22.6	30.6	23.2	-999.9	0.0	1.7	96848.1	-999.9
Bamako	1985	8	30	242	22.9	30.1	17.1	-999.9	14.9	1.8	96749.6	-999.9
Bamako	1985	8	31	243	22.5	27.0	15.9	-999.9	29.9	1.4	96854.6	-999.9
Bamako	1985	9	1	244	21.8	28.5	18.0	-999.9	7.7	1.0	96849.2	-999.9
Bamako	1985	9	2	245	21.8	28.1	16.3	-999.9	4.8	1.3	96866.7	-999.9
Bamako	1985	9	3	246	22.3	28.5	15.0	-999.9	14.5	1.8	96796.2	-999.9
Bamako	1985	9	4	247	22.0	27.2	11.5	-999.9	10.0	1.5	96745.8	-999.9
Bamako	1985	9	5	248	21.9	28.0	17.7	-999.9	0.9	1.6	96867.1	-999.9
Bamako	1985	9	6	249	20.7	29.6	23.7	-999.9	0.0	1.3	96883.1	-999.9
Bamako	1985	9	7	250	22.4	29.9	21.0	-999.9	0.0	2.1	96741.1	-999.9
Bamako	1985	9	8	251	22.0	23.9	6.8	-999.9	23.2	1.2	96781.0	-999.9
Bamako	1985	9	9	252	21.3	28.2	17.4	-999.9	0.0	1.2	96721.1	-999.9
Bamako	1985	9	10	253	21.5	28.8	16.9	-999.9	6.8	1.2	96746.8	-999.9
Bamako	1985	9	11	254	21.9	29.6	21.7	-999.9	0.0	1.2	96841.2	-999.9
Bamako	1985	9	12	255	22.2	29.7	20.7	-999.9	7.7	1.4	96913.8	-999.9
Bamako	1985	9	13	256	22.0	29.6	20.3	-999.9	0.0	1.1	96688.7	-999.9
Bamako	1985	9	14	257	21.7	28.6	18.9	-999.9	8.1	2.1	96671.5	-999.9
Bamako	1985	9	15	258	21.7	28.7	20.1	-999.9	0.0	1.4	96837.8	-999.9
Bamako	1985	9	16	259	22.0	31.2	23.9	-999.9	0.0	1.7	96812.8	-999.9
Bamako	1985	9	17	260	22.9	29.7	14.9	-999.9	0.8	1.8	96748.1	-999.9
Bamako	1985	9	18	261	21.9	27.3	15.5	-999.9	23.2	1.4	96851.8	-999.9
Bamako	1985	9	19	262	21.7	27.7	16.2	-999.9	50.5	1.7	96928.1	-999.9
Bamako	1985	9	20	263	21.2	29.0	21.2	-999.9	0.0	1.5	96895.5	-999.9
Bamako	1985	9	21	264	22.0	29.0	17.7	-999.9	0.0	1.9	96838.4	-999.9
Bamako	1985	9	22	265	22.5	30.1	21.4	-999.9	0.0	1.3	96814.4	-999.9
Bamako	1985	9	23	266	22.7	29.8	22.5	-999.9	2.9	1.1	96902.7	-999.9
Bamako	1985	9	24	267	22.4	30.0	22.2	-999.9	0.0	1.3	96893.7	-999.9
Bamako	1985	9	25	268	22.8	28.6	17.2	-999.9	0.0	1.5	96766.2	-999.9
Bamako	1985	9	26	269	21.9	29.7	19.6	-999.9	0.0	1.4	96695.1	-999.9
Bamako	1985	9	27	270	22.0	28.8	16.7	-999.9	2.5	1.1	96766.7	-999.9
Bamako	1985	9	28	271	22.3	29.9	21.3	-999.9	2.1	1.2	96829.2	-999.9
Bamako	1985	9	29	272	21.7	29.6	21.8	-999.9	0.0	1.0	96838.9	-999.9
Bamako	1985	9	30	273	21.6	29.7	21.3	-999.9	0.0	1.1	96905.0	-999.9
Bamako	1985	10	1	274	23.1	32.2	23.5	-999.9	0.0	1.2	96826.5	-999.9
Bamako	1985	10	2	275	22.0	31.8	23.6	-999.9	0.0	1.2	96815.1	-999.9
Bamako	1985	10	3	276	22.5	30.0	20.4	-999.9	8.1	1.1	96913.4	-999.9
Bamako	1985	10	4	277	22.2	28.2	18.2	-999.9	0.0	1.1	96926.0	-999.9
Bamako	1985	10	5	278	22.6	28.0	14.9	-999.9	0.0	1.3	96889.1	-999.9
Bamako	1985	10	6	279	21.9	31.1	23.1	-999.9	0.0	1.5	96872.9	-999.9
Bamako	1985	10	7	280	21.8	31.9	22.7	-999.9	0.0	1.0	96898.9	-999.9
Bamako	1985	10	8	281	22.4	32.9	23.5	-999.9	0.0	1.6	96774.7	-999.9
Bamako	1985	10	9	282	22.6	31.7	22.3	-999.9	0.0	1.8	96607.8	-999.9
Bamako	1985	10	10	283	23.1	30.4	20.1	-999.9	1.0	1.8	96836.0	-999.9
Bamako	1985	10	11	284	22.6	30.0	20.5	-999.9	0.0	1.2	96979.3	-999.9
Bamako	1985	10	12	285	23.0	29.2	18.6	-999.9	6.9	1.2	97009.5	-999.9
Bamako	1985	10	13	286	21.9	30.5	22.3	-999.9	0.0	1.0	96926.7	-999.9
Bamako	1985	10	14	287	20.7	31.8	22.9	-999.9	0.0	1.5	96738.7	-999.9
Bamako	1985	10	15	288	21.1	31.3	22.8	-999.9	0.0	1.3	96661.3	-999.9
Bamako	1985	10	16	289	21.6	31.2	22.2	-999.9	0.0	1.3	96777.2	-999.9
Bamako	1985	10	17	290	22.6	32.1	21.0	-999.9	0.0	1.5	96829.2	-999.9
Bamako	1985	10	18	291	21.8	33.2	22.1	-999.9	0.0	1.3	96722.2	-999.9
Bamako	1985	10	19	292	21.5	33.8	23.6	-999.9	0.0	1.5	96546.3	-999.9
Bamako	1985	10	20	293	21.2	33.1	21.7	-999.9	0.0	1.3	96591.3	-999.9
Bamako	1985	10	21	294	22.1	32.8	20.8	-999.9	0.0	1.4	96754.5	-999.9
Bamako	1985	10	22	295	20.6	34.4	23.5	-999.9	0.0	1.7	96767.6	-999.9
Bamako	1985	10	23	296	19.5	34.5	23.4	-999.9	0.0	1.4	96665.3	-999.9
Bamako	1985	10	24	297	19.6	33.7	23.4	-999.9	0.0	1.4	96526.1	-999.9
Bamako	1985	10	25	298	19.7	33.0	21.8	-999.9	0.0	1.7	96549.9	-999.9
Bamako	1985	10	26	299	20.3	33.7	22.7	-999.9	0.0	1.4	96623.4	-999.9
Bamako	1985	10	27	300	19.7	34.6	22.6	-999.9	0.0	1.4	96606.0	-999.9
Bamako	1985	10	28	301	18.2	34.6	23.1	-999.9	0.0	1.5	96515.6	-999.9
Bamako	1985	10	29	302	20.9	34.4	21.7	-999.9	0.0	1.3	96449.2	-999.9
Bamako	1985	10	30	303	21.8	34.2	21.4	-999.9	0.0	1.3	96512.2	-999.9
Bamako	1985	10	31	304	23.6	33.2	18.4	-999.9	4.7	1.5	96656.6	-999.9
Bamako	1985	11	1	305	23.3	34.1	17.7	-999.9	0.0	1.3	96754.5	-999.9
Bamako	1985	11	2	306	23.5	35.1	21.4	-999.9	0.0	2.3	96793.1	-999.9
Bamako	1985	11	3	307	22.2	34.3	21.7	-999.9	0.0	2.6	96831.1	-999.9
Bamako	1985	11	4	308	18.5	34.0	22.8	-999.9	0.0	2.4	96887.6	-999.9
Bamako	1985	11	5	309	17.0	34.0	23.0	-999.9	0.0	2.4	96941.1	-999.9
Bamako	1985	11	6	310	17.6	34.4	22.9	-999.9	0.0	2.3	96889.3	-999.9
Bamako	1985	11	7	311	17.1	33.6	22.5	-999.9	0.0	1.7	96818.3	-999.9
Bamako	1985	11	8	312	16.6	33.6	22.6	-999.9	0.0	1.2	96783.2	-999.9
Bamako	1985	11	9	313	16.0	33.8	22.4	-999.9	0.0	1.5	96780.9	-999.9
Bamako	1985	11	10	314	17.3	33.6	21.9	-999.9	0.0	1.2	96818.5	-999.9
Bamako	1985	11	11	315	18.1	34.1	21.6	-999.9	0.0	1.2	96686.0	-999.9
Bamako	1985	11	12	316	20.1	34.4	21.2	-999.9	0.0	1.4	96642.8	-999.9
Bamako	1985	11	13	317	22.8	32.8	17.7	-999.9	0.0	1.5	96718.9	-999.9
Bamako	1985	11	14	318	22.2	33.2	18.0	-999.9	0.0	1.5	96744.9	-999.9
Bamako	1985	11	15	319	22.4	34.8	20.2	-999.9	0.0	1.6	96601.8	-999.9
Bamako	1985	11	16	320	20.2	34.9	21.5	-999.9	0.0	1.5	96585.2	-999.9
Bamako	1985	11	17	321	20.3	35.1	21.0	-999.9	0.0	1.5	96653.1	-999.9
Bamako	1985	11	18	322	20.5	34.5	20.7	-999.9	0.0	1.5	96724.5	-999.9
Bamako	1985	11	19	323	20.7	34.1	20.7	-999.9	0.0	2.1	96818.2	-999.9
Bamako	1985	11	20	324	22.6	33.8	20.4	-999.9	0.0	2.3	96753.1	-999.9
Bamako	1985	11	21	325	22.9	34.3	20.6	-999.9	0.0	2.2	96649.4	-999.9
Bamako	1985	11	22	326	20.8	34.4	20.9	-999.9	0.0	2.2	96618.3	-999.9
Bamako	1985	11	23	327	19.8	34.6	20.9	-999.9	0.0	1.6	96596.3	-999.9
Bamako	1985	11	24	328	19.3	34.6	20.9	-999.9	0.0	1.4	96570.2	-999.9
Bamako	1985	11	25	329	20.0	34.3	20.9	-999.9	0.0	1.8	96663.8	-999.9
Bamako	1985	11	26	330	20.5	34.5	20.8	-999.9	0.0	1.9	96710.5	-999.9
Bamako	1985	11	27	331	20.5	34.5	20.1	-999.9	0.0	2.1	96727.9	-999.9
Bamako	1985	11	28	332	20.9	34.7	20.5	-999.9	0.0	1.9	96740.5	-999.9
Bamako	1985	11	29	333	21.6	35.6	19.7	-999.9	0.0	2.3	96729.8	-999.9
Bamako	1985	11	30	334	22.6	35.8	20.5	-999.9	0.0	2.6	96706.3	-999.9
Bamako	1985	12	1	335	21.0	34.9	20.4	-999.9	0.0	2.6	96700.7	-999.9
Bamako	1985	12	2	336	19.5	33.4	18.4	-999.9	0.1	2.2	96855.3	-999.9
Bamako	1985	12	3	337	19.6	33.4	20.7	-999.9	0.0	2.4	96775.7	-999.9
Bamako	1985	12	4	338	17.2	32.3	20.6	-999.9	0.0	2.4	96726.2	-999.9
Bamako	1985	12	5	339	18.0	31.3	20.8	-999.9	0.0	2.3	96876.3	-999.9
Bamako	1985	12	6	340	17.3	31.2	20.6	-999.9	0.0	2.4	96951.1	-999.9
Bamako	1985	12	7	341	17.9	31.5	20.1	-999.9	0.0	2.2	96937.9	-999.9
Bamako	1985	12	8	342	18.8	31.5	18.1	-999.9	0.0	2.0	96845.3	-999.9
Bamako	1985	12	9	343	18.6	31.3	20.3	-999.9	0.0	2.2	96797.0	-999.9
Bamako	1985	12	10	344	16.2	29.9	20.0	-999.9	0.0	2.0	96797.3	-999.9
Bamako	1985	12	11	345	15.9	29.5	20.3	-999.9	0.0	2.4	96908.2	-999.9
Bamako	1985	12	12	346	16.1	28.2	20.0	-999.9	0.0	2.6	96976.5	-999.9
Bamako	1985	12	13	347	14.5	26.7	20.3	-999.9	0.0	2.5	96882.2	-999.9
Bamako	1985	12	14	348	13.6	25.3	20.2	-999.9	0.0	2.7	96930.7	-999.9
Bamako	1985	12	15	349	13.0	24.9	20.2	-999.9	0.0	2.7	97064.5	-999.9
Bamako	1985	12	16	350	13.3	23.7	19.0	-999.9	0.0	2.6	97226.8	-999.9
Bamako	1985	12	17	351	13.1	25.6	19.4	-999.9	0.0	2.0	97113.1	-999.9
Bamako	1985	12	18	352	15.2	28.5	19.0	-999.9	0.0	1.8	97060.2	-999.9
Bamako	1985	12	19	353	18.3	30.5	19.0	-999.9	0.0	2.0	97061.5	-999.9
Bamako	1985	12	20	354	18.8	30.2	19.7	-999.9	0.0	2.9	96989.4	-999.9
Bamako	1985	12	21	355	18.2	29.8	19.9	-999.9	0.0	2.6	96974.0	-999.9
Bamako	1985	12	22	356	16.7	30.1	20.0	-999.9	0.0	2.5	97005.3	-999.9
Bamako	1985	12	23	357	17.5	30.4	20.3	-999.9	0.0	2.8	97023.3	-999.9
Bamako	1985	12	24	358	17.1	29.5	19.8	-999.9	0.0	2.6	97032.6	-999.9
Bamako	1985	12	25	359	17.6	29.2	18.1	-999.9	0.0	2.6	97011.6	-999.9
Bamako	1985	12	26	360	17.1	30.9	20.1	-999.9	0.0	2.3	96885.8	-999.9
Bamako	1985	12	27	361	16.0	32.2	19.9	-999.9	0.0	2.0	96729.1	-999.9
Bamako	1985	12	28	362	19.3	33.8	19.7	-999.9	0.0	1.8	96534.0	-999.9
Bamako	1985	12	29	363	21.3	32.7	19.1	-999.9	0.0	2.4	96568.7	-999.9
Bamako	1985	12	30	364	18.9	32.6	19.5	-999.9	0.0	2.7	96829.7	-999.9
Bamako	1985	12	31	365	18.8	30.9	19.7	-999.9	0.0	3.1	97042.8	-999.9
