Bamako	2008	1	1	1	14.5	27.5	20.3	-999.9	0.0	2.4	96959.9	-999.9
Bamako	2008	1	2	2	14.6	27.7	20.5	-999.9	0.0	2.4	97069.9	-999.9
Bamako	2008	1	3	3	14.6	28.1	20.5	-999.9	0.0	2.2	97119.7	-999.9
Bamako	2008	1	4	4	14.5	28.9	20.4	-999.9	0.0	2.1	97079.1	-999.9
Bamako	2008	1	5	5	14.5	29.2	20.8	-999.9	0.0	2.2	97052.4	-999.9
Bamako	2008	1	6	6	14.9	26.8	20.8	-999.9	0.0	2.8	97157.6	-999.9
Bamako	2008	1	7	7	13.2	25.1	21.0	-999.9	0.0	2.6	97187.0	-999.9
Bamako	2008	1	8	8	13.3	25.2	18.7	-999.9	0.0	2.4	97061.8	-999.9
Bamako	2008	1	9	9	13.1	26.5	21.1	-999.9	0.0	2.2	96936.9	-999.9
Bamako	2008	1	10	10	14.1	28.4	20.7	-999.9	0.0	2.2	96849.1	-999.9
Bamako	2008	1	11	11	16.4	29.6	20.3	-999.9	0.0	2.2	96803.0	-999.9
Bamako	2008	1	12	12	16.6	30.4	19.3	-999.9	0.0	2.2	96829.7	-999.9
Bamako	2008	1	13	13	17.8	31.9	20.1	-999.9	0.0	2.3	96831.2	-999.9
Bamako	2008	1	14	14	19.0	32.8	19.8	-999.9	0.0	2.2	96827.7	-999.9
Bamako	2008	1	15	15	20.0	33.6	20.3	-999.9	0.0	2.5	96788.5	-999.9
Bamako	2008	1	16	16	20.1	31.5	20.5	-999.9	0.0	3.2	96846.7	-999.9
Bamako	2008	1	17	17	18.5	29.7	20.5	-999.9	0.0	3.2	96941.1	-999.9
Bamako	2008	1	18	18	16.7	29.3	20.9	-999.9	0.0	2.7	96913.8	-999.9
Bamako	2008	1	19	19	16.4	30.3	21.0	-999.9	0.0	2.5	96873.8	-999.9
Bamako	2008	1	20	20	16.9	30.7	21.1	-999.9	0.0	2.6	96881.4	-999.9
Bamako	2008	1	21	21	16.8	30.2	21.1	-999.9	0.0	3.0	96944.8	-999.9
Bamako	2008	1	22	22	16.8	28.8	21.3	-999.9	0.0	2.8	97070.8	-999.9
Bamako	2008	1	23	23	15.0	28.7	21.6	-999.9	0.0	2.4	97008.8	-999.9
Bamako	2008	1	24	24	15.2	29.1	21.6	-999.9	0.0	2.5	96949.5	-999.9
Bamako	2008	1	25	25	15.7	29.4	21.7	-999.9	0.0	2.5	96975.1	-999.9
Bamako	2008	1	26	26	15.9	29.7	21.8	-999.9	0.0	2.8	96975.5	-999.9
Bamako	2008	1	27	27	16.9	29.3	21.6	-999.9	0.0	2.9	97050.3	-999.9
Bamako	2008	1	28	28	16.0	29.5	21.7	-999.9	0.0	2.7	97014.2	-999.9
Bamako	2008	1	29	29	17.1	29.4	21.4	-999.9	0.0	2.7	96886.3	-999.9
Bamako	2008	1	30	30	18.4	30.1	20.6	-999.9	0.0	2.8	96870.7	-999.9
Bamako	2008	1	31	31	17.5	30.4	21.4	-999.9	0.0	2.7	96832.2	-999.9
Bamako	2008	2	1	32	17.7	31.3	21.7	-999.9	0.0	2.5	96834.9	-999.9
Bamako	2008	2	2	33	16.2	32.6	22.0	-999.9	0.0	2.2	96739.1	-999.9
Bamako	2008	2	3	34	17.0	33.6	22.0	-999.9	0.0	2.3	96788.4	-999.9
Bamako	2008	2	4	35	17.1	34.6	21.9	-999.9	0.0	2.2	96840.9	-999.9
Bamako	2008	2	5	36	18.9	35.1	21.8	-999.9	0.0	2.2	96854.9	-999.9
Bamako	2008	2	6	37	20.0	35.8	21.8	-999.9	0.0	2.2	96872.2	-999.9
Bamako	2008	2	7	38	20.9	35.8	21.9	-999.9	0.0	2.4	96787.4	-999.9
Bamako	2008	2	8	39	20.2	35.3	22.0	-999.9	0.0	2.3	96658.2	-999.9
Bamako	2008	2	9	40	19.8	34.4	22.1	-999.9	0.0	2.5	96678.8	-999.9
Bamako	2008	2	10	41	20.0	34.6	20.4	-999.9	0.0	2.2	96759.9	-999.9
Bamako	2008	2	11	42	22.1	35.9	21.5	-999.9	0.0	2.3	96766.3	-999.9
Bamako	2008	2	12	43	20.7	34.9	22.1	-999.9	0.0	2.0	96716.6	-999.9
Bamako	2008	2	13	44	20.1	33.3	22.0	-999.9	0.0	2.7	96805.5	-999.9
Bamako	2008	2	14	45	20.3	34.8	22.3	-999.9	0.0	2.2	96687.1	-999.9
Bamako	2008	2	15	46	18.6	35.3	22.6	-999.9	0.0	2.3	96669.1	-999.9
Bamako	2008	2	16	47	19.9	35.9	22.7	-999.9	0.0	2.5	96713.2	-999.9
Bamako	2008	2	17	48	22.2	35.4	22.8	-999.9	0.0	3.1	96813.0	-999.9
Bamako	2008	2	18	49	20.9	34.4	22.9	-999.9	0.0	3.1	96873.9	-999.9
Bamako	2008	2	19	50	20.0	34.2	23.2	-999.9	0.0	2.8	96836.1	-999.9
Bamako	2008	2	20	51	20.8	33.6	23.1	-999.9	0.0	2.9	96899.4	-999.9
Bamako	2008	2	21	52	19.4	33.1	23.4	-999.9	0.0	2.7	96875.0	-999.9
Bamako	2008	2	22	53	19.4	34.5	23.3	-999.9	0.0	2.3	96884.8	-999.9
Bamako	2008	2	23	54	18.4	35.7	23.4	-999.9	0.0	1.9	96859.4	-999.9
Bamako	2008	2	24	55	19.5	37.2	23.6	-999.9	0.0	2.0	96704.8	-999.9
Bamako	2008	2	25	56	20.1	37.9	23.6	-999.9	0.0	2.2	96597.0	-999.9
Bamako	2008	2	26	57	21.1	37.2	23.3	-999.9	0.0	1.7	96590.4	-999.9
Bamako	2008	2	27	58	22.8	36.3	22.3	-999.9	0.0	1.8	96618.1	-999.9
Bamako	2008	2	28	59	22.8	36.3	22.4	-999.9	0.0	1.8	96714.4	-999.9
Bamako	2008	2	29	60	21.4	36.4	23.9	-999.9	0.0	1.8	96733.8	-999.9
Bamako	2008	3	1	61	21.5	36.9	24.1	-999.9	0.0	2.4	96608.4	-999.9
Bamako	2008	3	2	62	21.9	37.4	24.1	-999.9	0.0	1.9	96500.3	-999.9
Bamako	2008	3	3	63	21.7	36.8	23.8	-999.9	0.0	2.5	96539.5	-999.9
Bamako	2008	3	4	64	22.8	37.0	23.9	-999.9	0.0	2.5	96554.2	-999.9
Bamako	2008	3	5	65	23.1	37.1	24.0	-999.9	0.0	2.4	96431.9	-999.9
Bamako	2008	3	6	66	24.5	36.5	23.5	-999.9	0.0	2.9	96519.0	-999.9
Bamako	2008	3	7	67	23.6	35.8	24.5	-999.9	0.0	3.1	96680.4	-999.9
Bamako	2008	3	8	68	21.1	35.0	24.9	-999.9	0.0	2.5	96739.5	-999.9
Bamako	2008	3	9	69	18.7	35.9	25.0	-999.9	0.0	1.7	96616.6	-999.9
Bamako	2008	3	10	70	19.8	36.6	24.9	-999.9	0.0	2.0	96460.9	-999.9
Bamako	2008	3	11	71	20.6	36.1	24.8	-999.9	0.0	1.8	96515.8	-999.9
Bamako	2008	3	12	72	22.9	36.6	23.8	-999.9	0.0	2.6	96599.1	-999.9
Bamako	2008	3	13	73	25.5	34.4	20.7	-999.9	0.0	2.1	96668.2	-999.9
Bamako	2008	3	14	74	24.8	36.2	20.9	-999.9	0.0	1.9	96618.0	-999.9
Bamako	2008	3	15	75	22.0	38.8	25.2	-999.9	0.0	2.5	96569.2	-999.9
Bamako	2008	3	16	76	22.4	38.0	25.3	-999.9	0.0	2.2	96636.0	-999.9
Bamako	2008	3	17	77	23.3	37.7	25.7	-999.9	0.0	2.8	96605.8	-999.9
Bamako	2008	3	18	78	22.7	37.9	25.6	-999.9	0.0	2.5	96600.1	-999.9
Bamako	2008	3	19	79	22.7	37.6	25.7	-999.9	0.0	2.5	96567.4	-999.9
Bamako	2008	3	20	80	20.9	37.1	23.1	-999.9	0.0	1.8	96536.1	-999.9
Bamako	2008	3	21	81	25.4	37.2	23.6	-999.9	0.0	2.1	96439.7	-999.9
Bamako	2008	3	22	82	25.0	37.6	23.8	-999.9	0.0	2.2	96358.7	-999.9
Bamako	2008	3	23	83	23.1	36.2	23.2	-999.9	0.0	1.5	96502.2	-999.9
Bamako	2008	3	24	84	25.2	36.6	20.5	-999.9	4.6	2.0	96588.5	-999.9
Bamako	2008	3	25	85	24.1	32.0	12.3	-999.9	0.0	2.2	96780.4	-999.9
Bamako	2008	3	26	86	24.0	38.2	24.6	-999.9	0.0	2.0	96562.0	-999.9
Bamako	2008	3	27	87	22.8	39.5	25.5	-999.9	0.0	2.8	96425.4	-999.9
Bamako	2008	3	28	88	22.9	38.5	25.8	-999.9	0.0	2.6	96386.8	-999.9
Bamako	2008	3	29	89	22.1	38.4	26.1	-999.9	0.0	2.7	96427.5	-999.9
Bamako	2008	3	30	90	21.9	38.1	26.1	-999.9	0.0	2.3	96357.0	-999.9
Bamako	2008	3	31	91	22.6	39.1	25.9	-999.9	0.0	2.6	96225.9	-999.9
Bamako	2008	4	1	92	24.3	38.6	25.7	-999.9	0.0	2.4	96177.6	-999.9
Bamako	2008	4	2	93	23.4	38.3	25.6	-999.9	0.0	2.4	96301.6	-999.9
Bamako	2008	4	3	94	25.1	38.1	26.0	-999.9	0.0	2.9	96417.3	-999.9
Bamako	2008	4	4	95	22.0	35.9	26.1	-999.9	0.0	2.3	96593.3	-999.9
Bamako	2008	4	5	96	21.3	35.5	26.3	-999.9	0.0	2.7	96612.0	-999.9
Bamako	2008	4	6	97	20.3	36.2	26.1	-999.9	0.0	2.3	96636.1	-999.9
Bamako	2008	4	7	98	21.5	37.4	26.7	-999.9	0.0	2.5	96670.5	-999.9
Bamako	2008	4	8	99	21.1	38.0	26.3	-999.9	0.0	2.5	96607.3	-999.9
Bamako	2008	4	9	100	21.1	38.2	26.4	-999.9	0.0	2.4	96566.9	-999.9
Bamako	2008	4	10	101	21.3	38.5	26.9	-999.9	0.0	2.2	96381.8	-999.9
Bamako	2008	4	11	102	19.8	38.2	26.3	-999.9	0.0	1.7	96284.1	-999.9
Bamako	2008	4	12	103	24.1	37.9	24.5	-999.9	0.0	1.8	96342.9	-999.9
Bamako	2008	4	13	104	26.5	37.4	20.1	-999.9	0.0	1.6	96326.1	-999.9
Bamako	2008	4	14	105	24.2	39.3	25.2	-999.9	0.0	2.0	96292.8	-999.9
Bamako	2008	4	15	106	25.2	38.8	25.0	-999.9	0.0	2.0	96286.0	-999.9
Bamako	2008	4	16	107	27.8	37.2	21.6	-999.9	5.1	2.5	96470.8	-999.9
Bamako	2008	4	17	108	26.0	37.1	21.5	-999.9	0.0	2.6	96592.9	-999.9
Bamako	2008	4	18	109	26.2	37.0	20.2	-999.9	0.0	1.7	96481.3	-999.9
Bamako	2008	4	19	110	29.0	38.1	21.4	-999.9	5.1	2.1	96467.8	-999.9
Bamako	2008	4	20	111	28.3	38.1	22.9	-999.9	5.1	1.7	96544.4	-999.9
Bamako	2008	4	21	112	24.7	37.1	20.2	-999.9	10.7	1.3	96577.4	-999.9
Bamako	2008	4	22	113	24.2	39.0	25.5	-999.9	0.0	1.8	96353.8	-999.9
Bamako	2008	4	23	114	23.1	39.0	26.1	-999.9	0.0	2.1	96314.5	-999.9
Bamako	2008	4	24	115	27.1	37.9	24.6	-999.9	0.0	2.0	96372.9	-999.9
Bamako	2008	4	25	116	26.3	38.3	23.6	-999.9	0.0	2.1	96435.4	-999.9
Bamako	2008	4	26	117	25.2	39.2	24.6	-999.9	0.0	1.8	96340.1	-999.9
Bamako	2008	4	27	118	26.4	38.8	23.7	-999.9	0.0	1.4	96358.3	-999.9
Bamako	2008	4	28	119	25.9	37.6	23.3	-999.9	0.0	2.0	96388.5	-999.9
Bamako	2008	4	29	120	25.1	36.4	18.8	-999.9	6.1	1.6	96377.1	-999.9
Bamako	2008	4	30	121	23.8	33.7	19.9	-999.9	0.0	1.9	96484.8	-999.9
Bamako	2008	5	1	122	25.4	34.5	21.2	-999.9	0.0	1.6	96528.4	-999.9
Bamako	2008	5	2	123	26.6	37.9	23.5	-999.9	0.0	1.6	96566.1	-999.9
Bamako	2008	5	3	124	26.7	39.9	26.0	-999.9	0.0	2.5	96413.7	-999.9
Bamako	2008	5	4	125	23.4	38.8	24.5	-999.9	0.0	2.0	96396.4	-999.9
Bamako	2008	5	5	126	26.6	38.7	23.8	-999.9	5.2	2.1	96484.8	-999.9
Bamako	2008	5	6	127	26.9	36.7	24.6	-999.9	0.0	2.3	96586.5	-999.9
Bamako	2008	5	7	128	26.6	37.3	22.8	-999.9	0.0	1.6	96584.3	-999.9
Bamako	2008	5	8	129	28.0	38.5	23.2	-999.9	2.7	2.0	96465.4	-999.9
Bamako	2008	5	9	130	27.3	38.2	23.7	-999.9	0.0	2.1	96449.3	-999.9
Bamako	2008	5	10	131	26.9	36.9	23.1	-999.9	0.0	2.0	96523.3	-999.9
Bamako	2008	5	11	132	26.3	38.1	23.7	-999.9	9.0	1.4	96602.3	-999.9
Bamako	2008	5	12	133	24.9	34.1	19.3	-999.9	4.5	1.7	96734.4	-999.9
Bamako	2008	5	13	134	26.0	35.5	23.0	-999.9	9.0	1.9	96719.9	-999.9
Bamako	2008	5	14	135	24.8	34.0	22.7	-999.9	0.0	1.5	96787.4	-999.9
Bamako	2008	5	15	136	25.1	36.5	24.6	-999.9	0.0	1.9	96745.3	-999.9
Bamako	2008	5	16	137	27.4	39.0	25.6	-999.9	0.0	2.3	96613.9	-999.9
Bamako	2008	5	17	138	25.4	37.5	25.6	-999.9	0.0	2.1	96591.6	-999.9
Bamako	2008	5	18	139	26.2	37.2	23.4	-999.9	0.0	1.5	96604.5	-999.9
Bamako	2008	5	19	140	26.7	37.3	21.3	-999.9	0.0	2.0	96542.4	-999.9
Bamako	2008	5	20	141	25.6	36.0	22.3	-999.9	8.3	1.7	96632.9	-999.9
Bamako	2008	5	21	142	24.7	34.7	15.1	-999.9	3.7	1.3	96667.6	-999.9
Bamako	2008	5	22	143	26.4	38.5	23.8	-999.9	0.0	2.2	96550.6	-999.9
Bamako	2008	5	23	144	25.4	39.9	25.4	-999.9	0.0	2.0	96470.9	-999.9
Bamako	2008	5	24	145	24.5	38.9	25.2	-999.9	0.0	1.6	96428.7	-999.9
Bamako	2008	5	25	146	26.8	37.7	24.4	-999.9	3.7	2.7	96450.7	-999.9
Bamako	2008	5	26	147	26.0	35.6	21.1	-999.9	7.3	2.2	96631.2	-999.9
Bamako	2008	5	27	148	25.0	36.1	22.4	-999.9	0.0	1.7	96636.7	-999.9
Bamako	2008	5	28	149	27.0	39.6	24.4	-999.9	0.0	2.3	96440.0	-999.9
Bamako	2008	5	29	150	26.0	38.5	24.8	-999.9	0.0	2.7	96480.6	-999.9
Bamako	2008	5	30	151	26.0	36.1	23.0	-999.9	0.0	2.3	96723.5	-999.9
Bamako	2008	5	31	152	24.8	36.1	24.5	-999.9	0.0	1.2	96739.9	-999.9
Bamako	2008	6	1	153	25.1	36.9	23.8	-999.9	3.2	2.3	96709.1	-999.9
Bamako	2008	6	2	154	23.4	36.6	24.4	-999.9	4.8	2.3	96654.4	-999.9
Bamako	2008	6	3	155	25.9	36.9	24.2	-999.9	0.0	2.1	96638.2	-999.9
Bamako	2008	6	4	156	24.4	34.1	21.9	-999.9	3.2	1.9	96810.8	-999.9
Bamako	2008	6	5	157	24.8	36.9	25.1	-999.9	0.0	1.6	96818.1	-999.9
Bamako	2008	6	6	158	26.0	37.9	23.0	-999.9	2.4	2.2	96700.5	-999.9
Bamako	2008	6	7	159	25.0	36.6	24.6	-999.9	0.0	2.6	96634.6	-999.9
Bamako	2008	6	8	160	26.0	36.9	24.8	-999.9	0.0	2.4	96675.5	-999.9
Bamako	2008	6	9	161	26.6	38.1	23.9	-999.9	4.8	2.1	96635.5	-999.9
Bamako	2008	6	10	162	25.1	38.5	24.6	-999.9	4.8	2.1	96626.7	-999.9
Bamako	2008	6	11	163	26.8	33.7	19.2	-999.9	2.6	2.3	96723.2	-999.9
Bamako	2008	6	12	164	25.0	35.7	24.8	-999.9	0.0	1.9	96751.6	-999.9
Bamako	2008	6	13	165	23.0	34.5	24.8	-999.9	7.7	1.5	96712.3	-999.9
Bamako	2008	6	14	166	25.3	35.2	23.8	-999.9	0.0	1.9	96684.0	-999.9
Bamako	2008	6	15	167	25.8	35.6	24.7	-999.9	0.0	1.9	96781.4	-999.9
Bamako	2008	6	16	168	25.1	37.8	24.2	-999.9	7.1	2.2	96666.8	-999.9
Bamako	2008	6	17	169	25.8	37.4	24.1	-999.9	0.0	2.3	96608.1	-999.9
Bamako	2008	6	18	170	24.2	34.4	23.6	-999.9	0.0	2.3	96717.8	-999.9
Bamako	2008	6	19	171	24.4	35.0	24.8	-999.9	0.0	2.2	96809.4	-999.9
Bamako	2008	6	20	172	25.6	37.0	24.6	-999.9	0.0	1.7	96627.5	-999.9
Bamako	2008	6	21	173	25.0	36.4	24.4	-999.9	7.4	2.1	96505.1	-999.9
Bamako	2008	6	22	174	25.5	34.5	23.4	-999.9	0.0	1.9	96617.1	-999.9
Bamako	2008	6	23	175	24.2	32.9	20.8	-999.9	3.7	1.9	96704.5	-999.9
Bamako	2008	6	24	176	23.5	26.7	9.7	-999.9	18.5	1.7	96783.1	-999.9
Bamako	2008	6	25	177	23.5	29.0	18.1	-999.9	0.0	1.8	96784.9	-999.9
Bamako	2008	6	26	178	23.5	29.3	17.4	-999.9	13.6	1.8	96909.2	-999.9
Bamako	2008	6	27	179	23.1	28.4	17.9	-999.9	0.0	1.3	96974.0	-999.9
Bamako	2008	6	28	180	22.5	30.4	21.3	-999.9	4.5	1.3	96963.7	-999.9
Bamako	2008	6	29	181	22.7	27.3	11.8	-999.9	13.6	1.1	97014.9	-999.9
Bamako	2008	6	30	182	22.7	29.5	20.7	-999.9	13.6	1.5	96979.0	-999.9
Bamako	2008	7	1	183	23.0	27.4	17.4	-999.9	0.0	1.7	97039.1	-999.9
Bamako	2008	7	2	184	22.4	29.4	19.9	-999.9	0.0	1.5	97030.8	-999.9
Bamako	2008	7	3	185	23.2	30.8	23.3	-999.9	16.2	1.3	96927.5	-999.9
Bamako	2008	7	4	186	23.0	30.5	21.1	-999.9	8.1	1.5	96922.3	-999.9
Bamako	2008	7	5	187	22.5	28.0	12.8	-999.9	0.0	1.7	96992.5	-999.9
Bamako	2008	7	6	188	22.8	29.2	19.2	-999.9	0.0	1.9	96906.5	-999.9
Bamako	2008	7	7	189	23.3	29.9	20.8	-999.9	22.9	1.8	96899.3	-999.9
Bamako	2008	7	8	190	22.3	29.3	20.0	-999.9	5.7	1.3	96888.9	-999.9
Bamako	2008	7	9	191	21.8	29.3	21.1	-999.9	5.7	1.5	96966.1	-999.9
Bamako	2008	7	10	192	22.9	28.4	17.5	-999.9	11.5	1.4	97018.0	-999.9
Bamako	2008	7	11	193	23.1	30.9	24.2	-999.9	0.0	1.5	97011.3	-999.9
Bamako	2008	7	12	194	22.5	28.8	13.2	-999.9	12.4	1.6	96875.1	-999.9
Bamako	2008	7	13	195	22.9	28.5	15.0	-999.9	0.0	1.1	96718.1	-999.9
Bamako	2008	7	14	196	21.1	31.0	22.9	-999.9	0.0	1.3	96791.0	-999.9
Bamako	2008	7	15	197	24.4	31.0	21.6	-999.9	18.7	2.2	96740.7	-999.9
Bamako	2008	7	16	198	23.1	29.3	15.1	-999.9	17.9	2.3	96699.0	-999.9
Bamako	2008	7	17	199	22.1	27.9	16.4	-999.9	0.0	2.3	96835.8	-999.9
Bamako	2008	7	18	200	21.1	29.1	19.8	-999.9	0.0	1.8	96930.6	-999.9
Bamako	2008	7	19	201	23.2	29.7	20.5	-999.9	35.9	2.3	96828.5	-999.9
Bamako	2008	7	20	202	22.2	25.8	8.5	-999.9	17.9	2.5	96691.2	-999.9
Bamako	2008	7	21	203	21.6	28.4	17.1	-999.9	0.0	1.6	96920.2	-999.9
Bamako	2008	7	22	204	22.7	29.6	19.9	-999.9	10.4	1.6	96929.8	-999.9
Bamako	2008	7	23	205	22.6	29.1	17.0	-999.9	0.0	1.9	96786.2	-999.9
Bamako	2008	7	24	206	21.5	29.6	21.5	-999.9	10.4	1.5	96844.7	-999.9
Bamako	2008	7	25	207	22.4	29.3	21.6	-999.9	10.4	1.6	97005.1	-999.9
Bamako	2008	7	26	208	22.9	30.1	19.4	-999.9	29.7	1.4	96977.2	-999.9
Bamako	2008	7	27	209	22.5	26.3	9.1	-999.9	0.0	1.2	96990.9	-999.9
Bamako	2008	7	28	210	21.3	29.1	20.6	-999.9	0.0	1.6	96892.9	-999.9
Bamako	2008	7	29	211	22.6	28.2	18.9	-999.9	0.0	1.9	96910.2	-999.9
Bamako	2008	7	30	212	22.2	30.2	22.3	-999.9	14.9	1.4	96868.6	-999.9
Bamako	2008	7	31	213	22.8	28.3	13.5	-999.9	29.7	1.2	96869.0	-999.9
Bamako	2008	8	1	214	23.2	29.9	20.3	-999.9	13.2	1.5	96754.4	-999.9
Bamako	2008	8	2	215	23.7	30.0	20.3	-999.9	13.2	1.5	96681.8	-999.9
Bamako	2008	8	3	216	23.1	30.3	21.2	-999.9	0.0	1.2	96742.9	-999.9
Bamako	2008	8	4	217	23.1	29.3	18.8	-999.9	26.4	1.2	96815.6	-999.9
Bamako	2008	8	5	218	22.4	27.1	15.4	-999.9	0.0	1.0	96900.4	-999.9
Bamako	2008	8	6	219	22.0	29.7	22.0	-999.9	0.0	1.0	96808.1	-999.9
Bamako	2008	8	7	220	22.5	30.1	19.6	-999.9	7.5	1.3	96796.9	-999.9
Bamako	2008	8	8	221	22.8	30.1	19.4	-999.9	7.5	1.3	96736.5	-999.9
Bamako	2008	8	9	222	22.6	28.5	15.6	-999.9	7.5	1.4	96837.5	-999.9
Bamako	2008	8	10	223	22.7	28.7	18.1	-999.9	0.0	1.8	96829.6	-999.9
Bamako	2008	8	11	224	22.4	29.7	20.8	-999.9	0.0	1.6	96730.5	-999.9
Bamako	2008	8	12	225	23.3	28.2	13.3	-999.9	33.0	1.6	96686.3	-999.9
Bamako	2008	8	13	226	22.2	30.4	20.4	-999.9	16.5	1.3	96721.7	-999.9
Bamako	2008	8	14	227	22.2	28.9	19.0	-999.9	0.0	1.8	96949.9	-999.9
Bamako	2008	8	15	228	23.2	28.8	21.0	-999.9	16.5	1.9	96886.9	-999.9
Bamako	2008	8	16	229	23.1	29.1	18.1	-999.9	11.3	2.1	96646.2	-999.9
Bamako	2008	8	17	230	22.6	28.3	14.9	-999.9	33.9	1.6	96627.4	-999.9
Bamako	2008	8	18	231	22.0	25.5	8.6	-999.9	11.3	1.0	96716.0	-999.9
Bamako	2008	8	19	232	22.2	27.9	14.9	-999.9	33.9	1.2	96708.2	-999.9
Bamako	2008	8	20	233	22.1	25.3	8.3	-999.9	33.9	1.5	96704.2	-999.9
Bamako	2008	8	21	234	21.1	29.3	20.6	-999.9	0.0	1.3	96789.1	-999.9
Bamako	2008	8	22	235	22.6	30.1	19.6	-999.9	8.9	1.7	96666.5	-999.9
Bamako	2008	8	23	236	22.4	26.0	8.8	-999.9	35.7	2.2	96686.2	-999.9
Bamako	2008	8	24	237	21.5	27.1	16.4	-999.9	8.9	2.2	96839.0	-999.9
Bamako	2008	8	25	238	21.6	29.4	23.2	-999.9	0.0	1.6	96896.1	-999.9
Bamako	2008	8	26	239	22.7	28.7	14.9	-999.9	16.6	1.7	96822.6	-999.9
Bamako	2008	8	27	240	22.3	28.0	15.0	-999.9	24.9	1.5	96659.3	-999.9
Bamako	2008	8	28	241	21.7	28.7	18.6	-999.9	0.0	1.5	96686.6	-999.9
Bamako	2008	8	29	242	23.1	30.2	20.7	-999.9	16.6	1.6	96723.4	-999.9
Bamako	2008	8	30	243	22.3	24.6	8.7	-999.9	24.9	1.5	96752.9	-999.9
Bamako	2008	8	31	244	21.6	28.3	17.1	-999.9	0.0	1.8	96792.1	-999.9
Bamako	2008	9	1	245	21.1	30.0	22.7	-999.9	0.0	1.1	96756.2	-999.9
Bamako	2008	9	2	246	22.2	26.8	11.4	-999.9	16.0	1.7	96727.9	-999.9
Bamako	2008	9	3	247	22.7	27.5	15.7	-999.9	0.0	1.5	96797.2	-999.9
Bamako	2008	9	4	248	22.6	30.5	23.8	-999.9	0.0	0.9	96866.3	-999.9
Bamako	2008	9	5	249	23.5	28.4	17.1	-999.9	16.0	1.3	96865.6	-999.9
Bamako	2008	9	6	250	22.5	30.0	19.9	-999.9	0.0	1.8	96947.5	-999.9
Bamako	2008	9	7	251	22.1	31.6	24.5	-999.9	0.0	0.8	96879.0	-999.9
Bamako	2008	9	8	252	23.0	29.7	16.0	-999.9	10.0	1.3	96830.1	-999.9
Bamako	2008	9	9	253	22.1	30.7	22.5	-999.9	0.0	1.0	96908.8	-999.9
Bamako	2008	9	10	254	22.7	30.6	21.7	-999.9	0.0	1.7	96991.7	-999.9
Bamako	2008	9	11	255	23.4	29.9	16.8	-999.9	0.0	2.0	96795.5	-999.9
Bamako	2008	9	12	256	23.3	29.4	17.2	-999.9	6.6	1.7	96747.7	-999.9
Bamako	2008	9	13	257	23.1	29.8	20.8	-999.9	0.0	1.4	96797.4	-999.9
Bamako	2008	9	14	258	22.5	29.2	17.5	-999.9	6.6	1.3	96868.1	-999.9
Bamako	2008	9	15	259	22.5	29.1	16.8	-999.9	0.0	1.1	96869.1	-999.9
Bamako	2008	9	16	260	22.4	28.5	15.1	-999.9	26.9	1.6	96787.6	-999.9
Bamako	2008	9	17	261	22.5	27.9	15.8	-999.9	0.0	1.9	96837.2	-999.9
Bamako	2008	9	18	262	20.9	30.3	23.5	-999.9	0.0	1.5	96916.2	-999.9
Bamako	2008	9	19	263	23.7	30.5	19.3	-999.9	26.9	1.5	96845.4	-999.9
Bamako	2008	9	20	264	22.0	29.2	21.4	-999.9	0.0	1.3	96986.4	-999.9
Bamako	2008	9	21	265	22.8	29.2	17.6	-999.9	0.0	1.3	96991.3	-999.9
Bamako	2008	9	22	266	22.2	31.8	24.1	-999.9	5.9	1.0	96846.8	-999.9
Bamako	2008	9	23	267	22.6	31.7	23.0	-999.9	11.8	1.0	96723.3	-999.9
Bamako	2008	9	24	268	23.3	28.7	13.7	-999.9	5.9	1.6	96808.0	-999.9
Bamako	2008	9	25	269	22.2	30.5	22.9	-999.9	0.0	1.3	96879.2	-999.9
Bamako	2008	9	26	270	22.6	30.5	22.1	-999.9	0.0	1.0	96846.0	-999.9
Bamako	2008	9	27	271	23.2	30.3	22.1	-999.9	5.0	0.8	96813.5	-999.9
Bamako	2008	9	28	272	22.3	30.6	22.8	-999.9	5.0	1.3	96929.7	-999.9
Bamako	2008	9	29	273	23.1	30.7	22.4	-999.9	10.0	1.2	96891.8	-999.9
Bamako	2008	9	30	274	22.4	29.5	19.6	-999.9	5.0	1.3	96903.3	-999.9
Bamako	2008	10	1	275	22.1	29.6	21.2	-999.9	37.3	1.3	96854.4	-999.9
Bamako	2008	10	2	276	22.1	29.1	16.5	-999.9	0.0	1.7	96851.3	-999.9
Bamako	2008	10	3	277	21.6	30.4	23.1	-999.9	0.0	1.2	96807.2	-999.9
Bamako	2008	10	4	278	23.0	30.3	18.1	-999.9	18.7	1.4	96750.7	-999.9
Bamako	2008	10	5	279	23.0	31.8	22.6	-999.9	0.0	1.3	96625.1	-999.9
Bamako	2008	10	6	280	22.7	31.0	21.5	-999.9	10.3	1.3	96735.3	-999.9
Bamako	2008	10	7	281	23.6	32.6	23.2	-999.9	10.3	1.2	96772.4	-999.9
Bamako	2008	10	8	282	23.8	30.6	20.7	-999.9	0.0	1.9	96803.5	-999.9
Bamako	2008	10	9	283	23.7	32.2	22.6	-999.9	10.3	2.2	96619.2	-999.9
Bamako	2008	10	10	284	23.0	31.1	21.9	-999.9	20.7	1.8	96614.7	-999.9
Bamako	2008	10	11	285	21.4	30.8	22.0	-999.9	0.0	1.1	96781.3	-999.9
Bamako	2008	10	12	286	22.7	29.0	17.2	-999.9	12.7	1.3	96910.8	-999.9
Bamako	2008	10	13	287	22.4	29.6	18.8	-999.9	6.4	0.9	96925.6	-999.9
Bamako	2008	10	14	288	22.2	31.6	21.8	-999.9	0.0	0.8	96778.0	-999.9
Bamako	2008	10	15	289	22.2	32.0	22.5	-999.9	0.0	1.3	96860.2	-999.9
Bamako	2008	10	16	290	22.6	32.1	22.0	-999.9	0.0	1.3	96999.6	-999.9
Bamako	2008	10	17	291	21.6	33.0	22.5	-999.9	0.0	1.2	96846.3	-999.9
Bamako	2008	10	18	292	21.7	32.6	21.9	-999.9	0.0	1.3	96791.1	-999.9
Bamako	2008	10	19	293	23.4	31.8	21.9	-999.9	0.0	1.5	96860.2	-999.9
Bamako	2008	10	20	294	22.4	29.9	20.9	-999.9	26.7	1.5	97002.3	-999.9
Bamako	2008	10	21	295	22.7	30.6	19.9	-999.9	0.0	1.5	96935.2	-999.9
Bamako	2008	10	22	296	22.9	31.4	20.9	-999.9	0.0	1.6	96780.1	-999.9
Bamako	2008	10	23	297	22.5	31.0	19.7	-999.9	0.0	1.3	96775.5	-999.9
Bamako	2008	10	24	298	22.7	31.7	20.5	-999.9	0.0	1.5	96906.6	-999.9
Bamako	2008	10	25	299	21.9	31.9	20.1	-999.9	0.0	1.2	96901.3	-999.9
Bamako	2008	10	26	300	22.1	33.1	20.4	-999.9	0.0	1.2	96781.6	-999.9
Bamako	2008	10	27	301	22.9	31.6	18.8	-999.9	0.0	1.2	96780.9	-999.9
Bamako	2008	10	28	302	22.0	32.0	20.7	-999.9	0.0	1.3	96783.1	-999.9
Bamako	2008	10	29	303	22.0	32.6	21.1	-999.9	0.0	0.9	96817.8	-999.9
Bamako	2008	10	30	304	23.7	32.3	18.8	-999.9	0.0	1.4	96821.0	-999.9
Bamako	2008	10	31	305	24.2	31.7	17.7	-999.9	0.0	1.3	96793.3	-999.9
Bamako	2008	11	1	306	22.2	33.6	20.7	-999.9	0.0	2.1	96857.2	-999.9
Bamako	2008	11	2	307	22.9	34.6	22.0	-999.9	0.0	2.3	96803.2	-999.9
Bamako	2008	11	3	308	18.7	34.0	23.0	-999.9	0.0	2.0	96786.0	-999.9
Bamako	2008	11	4	309	20.8	33.9	22.9	-999.9	0.0	1.8	96793.8	-999.9
Bamako	2008	11	5	310	17.5	33.5	22.2	-999.9	0.0	1.9	96855.9	-999.9
Bamako	2008	11	6	311	17.6	33.5	22.6	-999.9	0.0	2.0	96770.3	-999.9
Bamako	2008	11	7	312	17.8	33.3	22.5	-999.9	0.0	1.7	96661.2	-999.9
Bamako	2008	11	8	313	19.6	33.1	22.2	-999.9	0.0	2.0	96707.7	-999.9
Bamako	2008	11	9	314	19.5	32.1	22.2	-999.9	0.0	1.9	96841.4	-999.9
Bamako	2008	11	10	315	18.1	32.2	22.1	-999.9	0.0	1.6	96880.1	-999.9
Bamako	2008	11	11	316	18.2	33.5	21.8	-999.9	0.0	1.7	96863.1	-999.9
Bamako	2008	11	12	317	19.2	34.0	21.8	-999.9	0.0	2.0	96830.0	-999.9
Bamako	2008	11	13	318	19.0	33.3	22.1	-999.9	0.0	2.4	96771.9	-999.9
Bamako	2008	11	14	319	17.9	33.0	21.6	-999.9	0.0	2.3	96709.8	-999.9
Bamako	2008	11	15	320	19.0	33.5	20.9	-999.9	0.0	2.1	96635.8	-999.9
Bamako	2008	11	16	321	19.0	33.5	20.6	-999.9	0.0	2.2	96668.8	-999.9
Bamako	2008	11	17	322	18.2	34.1	21.3	-999.9	0.0	2.1	96685.4	-999.9
Bamako	2008	11	18	323	18.7	33.2	21.5	-999.9	0.0	2.2	96637.3	-999.9
Bamako	2008	11	19	324	19.0	32.5	21.4	-999.9	0.0	2.2	96622.2	-999.9
Bamako	2008	11	20	325	19.3	32.5	21.2	-999.9	0.0	2.2	96824.9	-999.9
Bamako	2008	11	21	326	18.9	33.2	20.6	-999.9	0.0	2.1	96933.5	-999.9
Bamako	2008	11	22	327	18.6	33.6	20.7	-999.9	0.0	2.0	96920.6	-999.9
Bamako	2008	11	23	328	20.6	34.3	20.7	-999.9	0.0	2.3	96752.4	-999.9
Bamako	2008	11	24	329	19.9	34.4	20.7	-999.9	0.0	2.3	96754.1	-999.9
Bamako	2008	11	25	330	20.8	34.3	20.7	-999.9	0.0	2.4	96820.0	-999.9
Bamako	2008	11	26	331	20.9	33.8	20.7	-999.9	0.0	2.4	96917.6	-999.9
Bamako	2008	11	27	332	20.8	34.3	20.5	-999.9	0.0	2.3	96797.3	-999.9
Bamako	2008	11	28	333	21.9	33.8	20.4	-999.9	0.0	2.5	96684.3	-999.9
Bamako	2008	11	29	334	20.9	33.9	20.4	-999.9	0.0	2.3	96717.2	-999.9
Bamako	2008	11	30	335	19.9	34.0	20.4	-999.9	0.0	1.9	96765.1	-999.9
Bamako	2008	12	1	336	20.4	34.6	20.3	-999.9	0.0	2.0	96794.9	-999.9
Bamako	2008	12	2	337	19.3	34.2	20.6	-999.9	0.0	2.4	96798.5	-999.9
Bamako	2008	12	3	338	20.0	32.1	20.4	-999.9	0.0	2.3	96691.1	-999.9
Bamako	2008	12	4	339	18.0	29.9	20.0	-999.9	0.0	2.3	96711.7	-999.9
Bamako	2008	12	5	340	15.2	26.4	20.4	-999.9	0.0	2.4	96965.7	-999.9
Bamako	2008	12	6	341	14.6	26.4	20.5	-999.9	0.0	2.3	97108.9	-999.9
Bamako	2008	12	7	342	15.0	28.8	20.1	-999.9	0.0	2.0	97087.4	-999.9
Bamako	2008	12	8	343	16.5	30.3	19.6	-999.9	0.0	1.8	97047.3	-999.9
Bamako	2008	12	9	344	17.0	30.9	20.0	-999.9	0.0	1.9	96939.3	-999.9
Bamako	2008	12	10	345	16.2	31.3	19.9	-999.9	0.0	1.6	96858.1	-999.9
Bamako	2008	12	11	346	17.7	32.1	19.9	-999.9	0.0	2.0	96916.2	-999.9
Bamako	2008	12	12	347	18.2	32.4	19.9	-999.9	0.0	1.9	96910.5	-999.9
Bamako	2008	12	13	348	18.3	32.5	20.1	-999.9	0.0	2.1	96804.4	-999.9
Bamako	2008	12	14	349	18.7	32.7	19.8	-999.9	0.0	2.2	96748.1	-999.9
Bamako	2008	12	15	350	18.3	31.8	17.6	-999.9	0.0	1.7	96636.5	-999.9
Bamako	2008	12	16	351	18.9	31.1	18.9	-999.9	0.0	1.8	96685.0	-999.9
Bamako	2008	12	17	352	19.9	30.5	17.2	-999.9	0.0	2.3	96767.4	-999.9
Bamako	2008	12	18	353	20.0	30.2	18.1	-999.9	0.0	2.3	96766.0	-999.9
Bamako	2008	12	19	354	19.0	30.6	17.9	-999.9	0.0	2.2	96681.7	-999.9
Bamako	2008	12	20	355	19.7	31.3	19.5	-999.9	0.0	2.9	96709.1	-999.9
Bamako	2008	12	21	356	20.5	32.7	19.8	-999.9	0.0	2.9	96760.4	-999.9
Bamako	2008	12	22	357	19.7	32.7	19.9	-999.9	0.0	2.4	96851.2	-999.9
Bamako	2008	12	23	358	18.1	33.2	19.8	-999.9	0.0	2.0	96807.1	-999.9
Bamako	2008	12	24	359	19.3	32.7	19.9	-999.9	0.0	2.2	96792.0	-999.9
Bamako	2008	12	25	360	18.0	32.3	19.9	-999.9	0.0	2.1	96728.1	-999.9
Bamako	2008	12	26	361	17.5	33.2	20.0	-999.9	0.0	1.9	96652.8	-999.9
Bamako	2008	12	27	362	18.0	33.3	20.1	-999.9	0.0	2.0	96605.0	-999.9
Bamako	2008	12	28	363	18.2	33.5	19.9	-999.9	0.0	2.2	96609.4	-999.9
Bamako	2008	12	29	364	18.6	33.7	19.9	-999.9	0.0	2.3	96647.5	-999.9
Bamako	2008	12	30	365	19.2	34.3	20.1	-999.9	0.0	2.4	96749.4	-999.9
Bamako	2008	12	31	366	20.6	33.7	20.0	-999.9	0.0	2.5	96884.4	-999.9
