Bamako	1983	1	1	1	19.4	33.1	19.6	-999.9	0.0	2.3	96919.4	-999.9
Bamako	1983	1	2	2	19.3	33.1	19.8	-999.9	0.0	2.6	96969.0	-999.9
Bamako	1983	1	3	3	19.2	32.5	19.9	-999.9	0.0	3.1	97047.8	-999.9
Bamako	1983	1	4	4	19.0	31.3	19.8	-999.9	0.0	3.3	97158.5	-999.9
Bamako	1983	1	5	5	18.7	29.2	19.9	-999.9	0.0	3.3	97257.9	-999.9
Bamako	1983	1	6	6	16.3	27.2	20.3	-999.9	0.0	3.0	97306.8	-999.9
Bamako	1983	1	7	7	15.1	27.1	20.5	-999.9	0.0	2.7	97230.1	-999.9
Bamako	1983	1	8	8	14.7	28.0	20.4	-999.9	0.0	2.6	97107.9	-999.9
Bamako	1983	1	9	9	15.9	29.6	20.1	-999.9	0.0	2.5	97013.5	-999.9
Bamako	1983	1	10	10	16.9	30.4	20.3	-999.9	0.0	2.8	96955.9	-999.9
Bamako	1983	1	11	11	16.8	30.2	20.5	-999.9	0.0	2.7	96953.3	-999.9
Bamako	1983	1	12	12	16.7	30.6	20.3	-999.9	0.0	2.8	96998.2	-999.9
Bamako	1983	1	13	13	17.4	30.1	20.2	-999.9	0.0	2.8	96998.9	-999.9
Bamako	1983	1	14	14	17.0	30.7	20.4	-999.9	0.0	2.2	96911.1	-999.9
Bamako	1983	1	15	15	17.7	32.6	20.5	-999.9	0.0	2.3	96930.2	-999.9
Bamako	1983	1	16	16	18.8	32.7	20.5	-999.9	0.0	2.5	97012.9	-999.9
Bamako	1983	1	17	17	19.1	32.7	20.7	-999.9	0.0	3.0	97053.9	-999.9
Bamako	1983	1	18	18	20.9	32.3	18.8	-999.9	0.0	2.9	97021.9	-999.9
Bamako	1983	1	19	19	19.3	32.8	20.7	-999.9	0.0	2.8	96956.3	-999.9
Bamako	1983	1	20	20	20.5	32.9	20.2	-999.9	0.0	2.5	96881.6	-999.9
Bamako	1983	1	21	21	19.5	33.1	20.4	-999.9	0.0	2.1	96976.9	-999.9
Bamako	1983	1	22	22	19.2	33.2	20.8	-999.9	0.0	2.2	97068.3	-999.9
Bamako	1983	1	23	23	18.5	33.0	21.0	-999.9	0.0	2.5	97173.7	-999.9
Bamako	1983	1	24	24	18.5	31.5	21.2	-999.9	0.0	2.9	97214.1	-999.9
Bamako	1983	1	25	25	17.5	31.2	21.3	-999.9	0.0	3.0	97190.0	-999.9
Bamako	1983	1	26	26	17.1	29.8	21.5	-999.9	0.0	3.1	97242.7	-999.9
Bamako	1983	1	27	27	16.5	28.3	21.5	-999.9	0.0	3.3	97303.6	-999.9
Bamako	1983	1	28	28	16.1	27.9	21.3	-999.9	0.0	3.1	97322.9	-999.9
Bamako	1983	1	29	29	15.8	27.9	21.5	-999.9	0.0	3.1	97226.2	-999.9
Bamako	1983	1	30	30	15.2	27.5	21.7	-999.9	0.0	2.7	97219.3	-999.9
Bamako	1983	1	31	31	15.1	28.9	21.9	-999.9	0.0	2.8	97161.5	-999.9
Bamako	1983	2	1	32	15.0	29.8	21.9	-999.9	0.0	2.5	97062.9	-999.9
Bamako	1983	2	2	33	15.7	30.8	21.7	-999.9	0.0	2.1	96918.9	-999.9
Bamako	1983	2	3	34	17.4	31.8	21.8	-999.9	0.0	2.3	96884.2	-999.9
Bamako	1983	2	4	35	17.6	32.7	21.9	-999.9	0.0	2.1	96889.7	-999.9
Bamako	1983	2	5	36	18.0	33.6	21.7	-999.9	0.0	2.1	96822.4	-999.9
Bamako	1983	2	6	37	19.4	34.8	21.4	-999.9	0.0	2.1	96687.8	-999.9
Bamako	1983	2	7	38	19.6	35.3	21.3	-999.9	0.0	1.5	96524.3	-999.9
Bamako	1983	2	8	39	22.5	34.9	20.7	-999.9	0.0	1.1	96490.1	-999.9
Bamako	1983	2	9	40	22.7	32.0	15.7	-999.9	0.0	2.0	96722.3	-999.9
Bamako	1983	2	10	41	20.6	34.7	20.9	-999.9	0.0	1.5	96692.8	-999.9
Bamako	1983	2	11	42	22.3	35.4	20.7	-999.9	0.0	1.7	96552.3	-999.9
Bamako	1983	2	12	43	23.5	33.2	21.0	-999.9	0.0	1.8	96687.2	-999.9
Bamako	1983	2	13	44	21.9	33.9	20.9	-999.9	0.0	1.7	96726.3	-999.9
Bamako	1983	2	14	45	23.9	32.4	21.1	-999.9	0.0	3.2	96876.9	-999.9
Bamako	1983	2	15	46	23.6	34.1	19.6	-999.9	0.0	2.6	96980.7	-999.9
Bamako	1983	2	16	47	24.3	34.9	19.4	-999.9	0.0	2.7	96907.1	-999.9
Bamako	1983	2	17	48	23.1	37.3	21.9	-999.9	0.0	2.3	96778.6	-999.9
Bamako	1983	2	18	49	23.7	38.3	21.3	-999.9	0.0	2.6	96790.5	-999.9
Bamako	1983	2	19	50	24.3	38.6	21.9	-999.9	0.0	2.6	96798.8	-999.9
Bamako	1983	2	20	51	24.5	37.9	21.6	-999.9	0.0	2.6	96860.6	-999.9
Bamako	1983	2	21	52	23.7	38.0	22.6	-999.9	0.0	2.9	96827.2	-999.9
Bamako	1983	2	22	53	23.3	37.4	23.0	-999.9	0.0	2.9	96796.7	-999.9
Bamako	1983	2	23	54	22.3	36.6	23.2	-999.9	0.0	2.6	96820.5	-999.9
Bamako	1983	2	24	55	20.9	36.1	23.7	-999.9	0.0	2.3	96830.9	-999.9
Bamako	1983	2	25	56	21.6	38.2	23.2	-999.9	0.0	2.7	96767.0	-999.9
Bamako	1983	2	26	57	24.5	37.6	23.5	-999.9	0.0	3.3	96854.8	-999.9
Bamako	1983	2	27	58	23.2	35.8	23.3	-999.9	0.0	2.9	96926.8	-999.9
Bamako	1983	2	28	59	21.0	35.1	23.7	-999.9	0.0	2.4	96901.8	-999.9
Bamako	1983	3	1	60	22.7	34.4	19.6	-999.9	0.0	2.7	96888.0	-999.9
Bamako	1983	3	2	61	23.4	32.6	19.1	-999.9	0.0	2.1	97109.9	-999.9
Bamako	1983	3	3	62	21.3	34.1	20.7	-999.9	0.0	2.1	97086.1	-999.9
Bamako	1983	3	4	63	22.8	34.4	21.1	-999.9	0.0	2.2	97019.7	-999.9
Bamako	1983	3	5	64	22.8	34.3	20.8	-999.9	0.0	2.7	96963.7	-999.9
Bamako	1983	3	6	65	24.8	36.1	23.0	-999.9	0.0	2.6	96869.8	-999.9
Bamako	1983	3	7	66	24.3	36.6	23.3	-999.9	0.0	2.5	96789.9	-999.9
Bamako	1983	3	8	67	25.5	37.3	23.4	-999.9	0.0	2.9	96820.2	-999.9
Bamako	1983	3	9	68	24.5	37.4	23.5	-999.9	0.0	2.8	96844.9	-999.9
Bamako	1983	3	10	69	24.8	36.9	23.2	-999.9	0.0	3.5	96881.5	-999.9
Bamako	1983	3	11	70	23.9	36.8	24.2	-999.9	0.0	3.1	96858.9	-999.9
Bamako	1983	3	12	71	22.7	36.6	24.1	-999.9	0.0	2.7	96830.0	-999.9
Bamako	1983	3	13	72	22.4	36.2	24.4	-999.9	0.0	2.7	96778.1	-999.9
Bamako	1983	3	14	73	22.0	37.3	24.6	-999.9	0.0	2.4	96728.9	-999.9
Bamako	1983	3	15	74	24.0	38.3	23.6	-999.9	0.0	2.6	96668.6	-999.9
Bamako	1983	3	16	75	23.5	38.7	24.4	-999.9	0.0	2.7	96575.9	-999.9
Bamako	1983	3	17	76	22.3	38.6	25.0	-999.9	0.0	2.7	96682.5	-999.9
Bamako	1983	3	18	77	22.6	38.8	24.9	-999.9	0.0	2.5	96752.8	-999.9
Bamako	1983	3	19	78	23.4	38.7	24.9	-999.9	0.0	2.8	96698.5	-999.9
Bamako	1983	3	20	79	24.5	38.5	25.3	-999.9	0.0	2.8	96637.5	-999.9
Bamako	1983	3	21	80	23.6	39.4	25.4	-999.9	0.0	2.6	96547.7	-999.9
Bamako	1983	3	22	81	21.4	39.1	25.3	-999.9	0.0	2.4	96526.8	-999.9
Bamako	1983	3	23	82	21.3	39.3	25.4	-999.9	0.0	2.2	96424.7	-999.9
Bamako	1983	3	24	83	21.7	39.5	24.9	-999.9	0.0	2.1	96465.8	-999.9
Bamako	1983	3	25	84	22.9	39.8	22.7	-999.9	0.0	2.1	96519.0	-999.9
Bamako	1983	3	26	85	25.3	40.5	25.7	-999.9	0.0	2.8	96412.5	-999.9
Bamako	1983	3	27	86	25.0	40.6	25.5	-999.9	0.0	2.3	96300.3	-999.9
Bamako	1983	3	28	87	22.6	40.1	25.5	-999.9	0.0	1.8	96301.0	-999.9
Bamako	1983	3	29	88	24.1	38.6	25.3	-999.9	0.0	2.2	96329.7	-999.9
Bamako	1983	3	30	89	23.2	36.7	25.1	-999.9	0.0	1.9	96443.7	-999.9
Bamako	1983	3	31	90	23.2	37.4	25.1	-999.9	0.0	1.5	96437.2	-999.9
Bamako	1983	4	1	91	24.9	37.9	25.1	-999.9	0.0	2.0	96415.4	-999.9
Bamako	1983	4	2	92	24.8	38.7	25.0	-999.9	0.0	1.6	96413.3	-999.9
Bamako	1983	4	3	93	27.3	38.0	24.0	-999.9	0.0	2.4	96495.0	-999.9
Bamako	1983	4	4	94	27.2	34.7	16.4	-999.9	0.0	2.0	96772.2	-999.9
Bamako	1983	4	5	95	26.9	38.8	22.3	-999.9	0.0	2.5	96675.9	-999.9
Bamako	1983	4	6	96	27.9	40.8	23.7	-999.9	0.0	2.9	96474.9	-999.9
Bamako	1983	4	7	97	27.5	40.2	25.4	-999.9	0.0	3.0	96455.0	-999.9
Bamako	1983	4	8	98	27.3	40.3	25.4	-999.9	0.0	2.8	96427.0	-999.9
Bamako	1983	4	9	99	26.7	40.1	25.4	-999.9	0.0	2.4	96432.5	-999.9
Bamako	1983	4	10	100	25.2	39.6	26.0	-999.9	0.0	1.8	96388.3	-999.9
Bamako	1983	4	11	101	24.0	39.9	26.4	-999.9	0.0	1.7	96391.9	-999.9
Bamako	1983	4	12	102	22.4	40.0	26.4	-999.9	0.0	1.5	96408.1	-999.9
Bamako	1983	4	13	103	27.4	37.3	19.7	-999.9	3.1	1.8	96583.8	-999.9
Bamako	1983	4	14	104	26.4	37.2	19.6	-999.9	0.0	1.9	96581.8	-999.9
Bamako	1983	4	15	105	26.7	38.2	22.8	-999.9	0.0	1.6	96553.0	-999.9
Bamako	1983	4	16	106	27.6	37.8	20.5	-999.9	0.0	1.8	96512.9	-999.9
Bamako	1983	4	17	107	27.6	39.8	24.1	-999.9	0.0	2.4	96375.7	-999.9
Bamako	1983	4	18	108	27.1	40.3	25.4	-999.9	0.0	2.2	96305.9	-999.9
Bamako	1983	4	19	109	27.6	39.3	24.4	-999.9	0.0	1.8	96440.0	-999.9
Bamako	1983	4	20	110	28.5	38.1	22.1	-999.9	0.0	2.4	96613.7	-999.9
Bamako	1983	4	21	111	28.0	39.7	24.3	-999.9	0.0	1.8	96586.1	-999.9
Bamako	1983	4	22	112	29.0	40.0	23.0	-999.9	0.0	1.4	96475.5	-999.9
Bamako	1983	4	23	113	27.1	40.3	23.9	-999.9	0.0	2.0	96396.1	-999.9
Bamako	1983	4	24	114	28.7	40.3	23.7	-999.9	0.0	2.4	96386.2	-999.9
Bamako	1983	4	25	115	28.6	39.3	23.3	-999.9	0.0	2.7	96393.2	-999.9
Bamako	1983	4	26	116	29.1	38.2	21.6	-999.9	0.0	2.0	96511.1	-999.9
Bamako	1983	4	27	117	27.6	33.9	17.5	-999.9	0.0	2.4	96638.5	-999.9
Bamako	1983	4	28	118	25.6	37.5	24.3	-999.9	0.0	1.9	96561.5	-999.9
Bamako	1983	4	29	119	27.2	39.7	23.2	-999.9	5.1	1.6	96498.9	-999.9
Bamako	1983	4	30	120	28.7	39.8	23.0	-999.9	0.0	1.6	96486.6	-999.9
Bamako	1983	5	1	121	28.6	39.5	22.6	-999.9	0.0	2.2	96419.3	-999.9
Bamako	1983	5	2	122	28.8	39.4	24.0	-999.9	0.0	2.4	96443.2	-999.9
Bamako	1983	5	3	123	28.4	39.3	21.5	-999.9	0.0	2.0	96424.9	-999.9
Bamako	1983	5	4	124	28.8	38.6	22.5	-999.9	0.0	2.1	96520.9	-999.9
Bamako	1983	5	5	125	26.4	37.8	22.8	-999.9	2.4	1.8	96660.5	-999.9
Bamako	1983	5	6	126	26.4	37.2	22.8	-999.9	3.7	2.0	96596.7	-999.9
Bamako	1983	5	7	127	27.4	38.8	23.3	-999.9	0.0	1.8	96513.6	-999.9
Bamako	1983	5	8	128	28.5	39.1	23.0	-999.9	0.0	2.2	96571.1	-999.9
Bamako	1983	5	9	129	27.6	39.7	23.5	-999.9	0.0	2.0	96601.7	-999.9
Bamako	1983	5	10	130	28.7	40.0	23.2	-999.9	0.0	2.5	96548.5	-999.9
Bamako	1983	5	11	131	27.6	38.8	22.3	-999.9	0.0	2.4	96397.9	-999.9
Bamako	1983	5	12	132	27.5	38.9	22.6	-999.9	0.0	2.6	96444.8	-999.9
Bamako	1983	5	13	133	27.2	39.1	22.4	-999.9	2.2	1.8	96627.0	-999.9
Bamako	1983	5	14	134	28.8	39.7	21.7	-999.9	0.0	2.2	96567.1	-999.9
Bamako	1983	5	15	135	26.8	38.4	21.5	-999.9	2.2	2.5	96534.2	-999.9
Bamako	1983	5	16	136	27.0	40.0	25.2	-999.9	0.0	2.3	96496.7	-999.9
Bamako	1983	5	17	137	26.1	40.0	25.0	-999.9	0.0	2.5	96519.5	-999.9
Bamako	1983	5	18	138	25.8	39.5	24.7	-999.9	0.0	2.0	96526.2	-999.9
Bamako	1983	5	19	139	28.3	39.2	23.6	-999.9	0.0	2.2	96512.4	-999.9
Bamako	1983	5	20	140	27.5	37.9	22.6	-999.9	2.1	1.8	96523.9	-999.9
Bamako	1983	5	21	141	26.0	36.4	17.1	-999.9	0.0	1.8	96578.7	-999.9
Bamako	1983	5	22	142	24.8	35.8	21.6	-999.9	0.0	1.7	96626.3	-999.9
Bamako	1983	5	23	143	27.0	36.7	22.8	-999.9	4.8	1.8	96599.4	-999.9
Bamako	1983	5	24	144	27.1	39.1	22.9	-999.9	0.0	2.5	96533.4	-999.9
Bamako	1983	5	25	145	27.4	38.2	23.1	-999.9	0.0	2.3	96489.4	-999.9
Bamako	1983	5	26	146	26.8	34.9	21.6	-999.9	6.5	1.5	96595.8	-999.9
Bamako	1983	5	27	147	24.5	31.3	15.9	-999.9	0.0	1.1	96811.7	-999.9
Bamako	1983	5	28	148	26.1	32.7	20.1	-999.9	6.5	1.9	96674.0	-999.9
Bamako	1983	5	29	149	25.6	32.9	21.2	-999.9	0.0	1.8	96564.3	-999.9
Bamako	1983	5	30	150	24.8	33.8	23.0	-999.9	0.0	1.5	96510.0	-999.9
Bamako	1983	5	31	151	25.2	35.7	23.5	-999.9	0.0	1.7	96560.1	-999.9
Bamako	1983	6	1	152	26.8	35.0	20.8	-999.9	1.8	1.9	96616.1	-999.9
Bamako	1983	6	2	153	25.6	34.7	21.1	-999.9	1.8	1.6	96728.2	-999.9
Bamako	1983	6	3	154	26.1	35.6	21.4	-999.9	1.8	2.0	96648.4	-999.9
Bamako	1983	6	4	155	26.0	35.0	22.7	-999.9	3.6	2.1	96689.1	-999.9
Bamako	1983	6	5	156	25.5	35.7	23.6	-999.9	2.1	1.7	96713.5	-999.9
Bamako	1983	6	6	157	26.0	35.2	21.4	-999.9	7.9	1.8	96598.5	-999.9
Bamako	1983	6	7	158	24.4	34.4	20.4	-999.9	3.4	1.4	96563.2	-999.9
Bamako	1983	6	8	159	24.9	35.1	22.8	-999.9	3.4	1.3	96689.7	-999.9
Bamako	1983	6	9	160	25.5	35.6	22.2	-999.9	6.9	1.9	96676.9	-999.9
Bamako	1983	6	10	161	24.9	35.4	22.1	-999.9	0.0	2.3	96701.7	-999.9
Bamako	1983	6	11	162	24.2	32.4	19.0	-999.9	12.0	1.7	96806.4	-999.9
Bamako	1983	6	12	163	24.6	32.6	21.3	-999.9	0.0	1.4	96873.5	-999.9
Bamako	1983	6	13	164	24.2	34.0	22.3	-999.9	0.0	1.5	96950.2	-999.9
Bamako	1983	6	14	165	24.9	36.0	22.3	-999.9	0.0	2.5	96761.6	-999.9
Bamako	1983	6	15	166	25.7	36.2	23.6	-999.9	0.0	3.0	96805.0	-999.9
Bamako	1983	6	16	167	24.2	32.8	21.2	-999.9	0.0	2.0	96893.6	-999.9
Bamako	1983	6	17	168	23.7	28.9	12.5	-999.9	4.2	1.5	97016.4	-999.9
Bamako	1983	6	18	169	23.5	30.0	16.3	-999.9	8.5	1.4	97079.1	-999.9
Bamako	1983	6	19	170	23.1	30.4	21.5	-999.9	0.0	1.7	97065.9	-999.9
Bamako	1983	6	20	171	23.3	31.2	20.6	-999.9	8.5	1.4	97116.4	-999.9
Bamako	1983	6	21	172	24.1	31.0	20.8	-999.9	4.2	1.4	97140.4	-999.9
Bamako	1983	6	22	173	23.2	31.9	23.2	-999.9	0.0	1.4	97017.0	-999.9
Bamako	1983	6	23	174	23.1	32.3	22.8	-999.9	8.4	2.1	96792.4	-999.9
Bamako	1983	6	24	175	22.7	32.2	21.4	-999.9	0.0	2.2	96800.3	-999.9
Bamako	1983	6	25	176	23.5	31.1	19.6	-999.9	4.2	1.8	96951.4	-999.9
Bamako	1983	6	26	177	23.5	31.1	19.1	-999.9	0.0	2.0	97052.0	-999.9
Bamako	1983	6	27	178	24.1	31.9	21.4	-999.9	0.0	1.4	97002.2	-999.9
Bamako	1983	6	28	179	23.2	32.7	22.0	-999.9	0.0	2.0	96860.6	-999.9
Bamako	1983	6	29	180	23.9	32.1	18.9	-999.9	8.3	2.0	96766.7	-999.9
Bamako	1983	6	30	181	23.7	32.4	19.2	-999.9	0.0	2.1	96782.4	-999.9
Bamako	1983	7	1	182	24.6	33.6	21.3	-999.9	0.0	1.2	96876.0	-999.9
Bamako	1983	7	2	183	23.1	31.6	19.7	-999.9	9.4	1.6	96858.3	-999.9
Bamako	1983	7	3	184	23.6	29.3	14.8	-999.9	0.0	1.4	96801.2	-999.9
Bamako	1983	7	4	185	22.9	29.9	17.7	-999.9	9.4	1.5	96838.2	-999.9
Bamako	1983	7	5	186	23.1	29.4	17.7	-999.9	0.0	1.3	96861.5	-999.9
Bamako	1983	7	6	187	23.0	30.3	19.5	-999.9	0.0	1.7	96932.5	-999.9
Bamako	1983	7	7	188	23.3	31.4	22.9	-999.9	0.0	1.5	96861.3	-999.9
Bamako	1983	7	8	189	23.8	29.5	13.6	-999.9	7.1	1.4	96814.9	-999.9
Bamako	1983	7	9	190	22.7	30.1	22.3	-999.9	0.0	1.7	96854.0	-999.9
Bamako	1983	7	10	191	22.9	32.2	23.3	-999.9	7.1	1.0	96842.6	-999.9
Bamako	1983	7	11	192	24.3	31.8	21.2	-999.9	19.0	2.1	96745.6	-999.9
Bamako	1983	7	12	193	22.9	29.7	13.4	-999.9	0.0	1.9	96865.8	-999.9
Bamako	1983	7	13	194	22.5	29.1	16.0	-999.9	9.5	1.4	97014.8	-999.9
Bamako	1983	7	14	195	22.1	32.3	23.4	-999.9	0.0	1.5	96970.4	-999.9
Bamako	1983	7	15	196	23.8	29.5	12.2	-999.9	0.0	2.1	96876.1	-999.9
Bamako	1983	7	16	197	23.1	29.7	18.2	-999.9	0.0	1.9	96827.1	-999.9
Bamako	1983	7	17	198	22.8	31.8	21.9	-999.9	14.3	2.0	96754.7	-999.9
Bamako	1983	7	18	199	23.0	28.7	11.8	-999.9	0.0	1.7	96886.1	-999.9
Bamako	1983	7	19	200	23.1	29.6	19.2	-999.9	0.0	1.6	97051.7	-999.9
Bamako	1983	7	20	201	23.0	30.0	17.6	-999.9	9.5	1.5	96958.0	-999.9
Bamako	1983	7	21	202	22.3	28.9	15.3	-999.9	0.0	1.4	96951.7	-999.9
Bamako	1983	7	22	203	22.5	30.6	21.2	-999.9	7.4	1.4	96982.7	-999.9
Bamako	1983	7	23	204	23.2	31.2	23.0	-999.9	8.5	1.7	96944.5	-999.9
Bamako	1983	7	24	205	23.9	29.7	17.9	-999.9	14.8	2.2	96841.6	-999.9
Bamako	1983	7	25	206	23.5	29.8	17.1	-999.9	0.0	2.5	96802.2	-999.9
Bamako	1983	7	26	207	22.4	30.2	19.4	-999.9	0.0	2.3	96814.3	-999.9
Bamako	1983	7	27	208	23.3	31.4	21.7	-999.9	7.3	2.4	96788.4	-999.9
Bamako	1983	7	28	209	23.5	30.1	20.1	-999.9	7.3	1.8	96835.0	-999.9
Bamako	1983	7	29	210	23.5	30.3	21.7	-999.9	0.0	1.8	96851.2	-999.9
Bamako	1983	7	30	211	23.7	30.7	19.0	-999.9	7.3	2.2	96850.7	-999.9
Bamako	1983	7	31	212	23.0	26.8	11.1	-999.9	0.0	2.4	96925.7	-999.9
Bamako	1983	8	1	213	22.7	29.7	19.0	-999.9	0.0	1.4	97058.6	-999.9
Bamako	1983	8	2	214	22.6	31.0	20.7	-999.9	3.4	1.6	96992.4	-999.9
Bamako	1983	8	3	215	23.5	30.5	17.4	-999.9	6.9	1.5	96918.3	-999.9
Bamako	1983	8	4	216	23.6	30.6	17.3	-999.9	6.9	2.0	96938.4	-999.9
Bamako	1983	8	5	217	23.2	29.8	18.5	-999.9	0.0	1.8	97001.9	-999.9
Bamako	1983	8	6	218	22.8	28.8	16.5	-999.9	16.2	1.4	97021.9	-999.9
Bamako	1983	8	7	219	23.1	27.9	11.6	-999.9	55.7	1.2	96924.5	-999.9
Bamako	1983	8	8	220	22.9	29.4	18.7	-999.9	48.7	1.4	96925.5	-999.9
Bamako	1983	8	9	221	22.6	29.0	18.9	-999.9	0.0	1.5	97165.1	-999.9
Bamako	1983	8	10	222	22.3	30.3	23.1	-999.9	0.0	1.2	97140.8	-999.9
Bamako	1983	8	11	223	23.7	30.5	19.7	-999.9	0.0	2.9	96924.4	-999.9
Bamako	1983	8	12	224	23.0	29.9	17.1	-999.9	17.7	1.9	96773.1	-999.9
Bamako	1983	8	13	225	22.7	29.3	18.1	-999.9	0.0	2.0	97030.8	-999.9
Bamako	1983	8	14	226	21.9	29.5	18.1	-999.9	17.7	1.8	97151.5	-999.9
Bamako	1983	8	15	227	23.3	29.6	16.9	-999.9	0.0	2.1	97095.0	-999.9
Bamako	1983	8	16	228	22.8	29.5	16.3	-999.9	0.0	1.5	96996.9	-999.9
Bamako	1983	8	17	229	23.4	30.1	19.2	-999.9	0.0	2.3	96855.0	-999.9
Bamako	1983	8	18	230	23.3	28.5	16.0	-999.9	8.7	2.1	96897.9	-999.9
Bamako	1983	8	19	231	22.5	28.4	15.6	-999.9	0.0	1.5	97015.8	-999.9
Bamako	1983	8	20	232	22.7	30.1	21.2	-999.9	0.0	1.1	97055.0	-999.9
Bamako	1983	8	21	233	22.2	27.4	11.4	-999.9	18.0	1.3	96938.6	-999.9
Bamako	1983	8	22	234	21.8	30.0	21.4	-999.9	9.0	1.3	96892.4	-999.9
Bamako	1983	8	23	235	22.1	28.8	18.9	-999.9	0.0	1.5	96958.7	-999.9
Bamako	1983	8	24	236	22.6	29.7	20.9	-999.9	0.0	1.1	97023.9	-999.9
Bamako	1983	8	25	237	23.2	30.4	22.2	-999.9	9.0	1.7	96948.6	-999.9
Bamako	1983	8	26	238	23.2	30.1	20.7	-999.9	20.0	1.6	96923.4	-999.9
Bamako	1983	8	27	239	23.1	29.3	19.4	-999.9	10.0	1.6	96997.3	-999.9
Bamako	1983	8	28	240	22.6	29.8	20.4	-999.9	0.0	1.6	97039.2	-999.9
Bamako	1983	8	29	241	23.0	30.1	18.2	-999.9	0.0	1.1	96891.0	-999.9
Bamako	1983	8	30	242	22.6	30.6	20.9	-999.9	10.0	1.3	96927.2	-999.9
Bamako	1983	8	31	243	23.1	30.4	21.0	-999.9	0.0	1.3	96984.4	-999.9
Bamako	1983	9	1	244	23.1	31.5	22.5	-999.9	0.0	1.5	96892.0	-999.9
Bamako	1983	9	2	245	23.8	30.7	20.1	-999.9	9.6	2.1	96834.8	-999.9
Bamako	1983	9	3	246	22.7	29.9	19.5	-999.9	4.8	1.4	96950.7	-999.9
Bamako	1983	9	4	247	22.8	30.0	19.6	-999.9	0.0	1.3	96957.4	-999.9
Bamako	1983	9	5	248	22.7	32.3	24.2	-999.9	4.8	1.7	96833.0	-999.9
Bamako	1983	9	6	249	24.1	30.4	19.3	-999.9	6.3	2.1	96678.9	-999.9
Bamako	1983	9	7	250	23.0	30.5	21.2	-999.9	0.0	1.9	96774.0	-999.9
Bamako	1983	9	8	251	23.2	31.1	21.9	-999.9	6.3	1.5	96881.4	-999.9
Bamako	1983	9	9	252	22.7	31.0	20.2	-999.9	0.0	1.0	96860.0	-999.9
Bamako	1983	9	10	253	23.1	30.2	18.0	-999.9	6.3	1.4	96851.2	-999.9
Bamako	1983	9	11	254	22.4	31.0	22.7	-999.9	2.6	1.5	96936.1	-999.9
Bamako	1983	9	12	255	23.0	30.6	18.7	-999.9	0.0	1.1	96919.5	-999.9
Bamako	1983	9	13	256	23.2	29.8	18.9	-999.9	6.0	1.5	96924.0	-999.9
Bamako	1983	9	14	257	23.1	29.3	18.1	-999.9	2.6	1.8	97012.2	-999.9
Bamako	1983	9	15	258	22.7	28.9	18.9	-999.9	2.6	1.7	97046.0	-999.9
Bamako	1983	9	16	259	23.0	27.7	10.9	-999.9	19.4	1.4	96884.3	-999.9
Bamako	1983	9	17	260	21.5	29.5	20.6	-999.9	0.0	1.0	96853.2	-999.9
Bamako	1983	9	18	261	22.9	29.8	21.2	-999.9	9.7	1.3	96813.9	-999.9
Bamako	1983	9	19	262	22.5	29.6	21.7	-999.9	0.0	1.9	96870.3	-999.9
Bamako	1983	9	20	263	22.3	30.4	22.6	-999.9	0.0	1.2	96910.7	-999.9
Bamako	1983	9	21	264	23.3	30.5	21.0	-999.9	0.0	1.5	96890.4	-999.9
Bamako	1983	9	22	265	23.2	29.4	16.3	-999.9	23.0	1.3	96845.3	-999.9
Bamako	1983	9	23	266	22.6	27.8	13.5	-999.9	11.5	1.2	96869.0	-999.9
Bamako	1983	9	24	267	22.0	30.4	22.4	-999.9	0.0	1.4	96897.1	-999.9
Bamako	1983	9	25	268	23.2	31.3	22.9	-999.9	0.0	1.4	96871.1	-999.9
Bamako	1983	9	26	269	24.1	31.2	21.2	-999.9	0.0	1.6	96773.3	-999.9
Bamako	1983	9	27	270	22.5	30.2	21.8	-999.9	0.0	1.5	96867.6	-999.9
Bamako	1983	9	28	271	22.6	29.4	18.9	-999.9	20.7	1.3	96935.3	-999.9
Bamako	1983	9	29	272	21.9	30.4	22.1	-999.9	0.0	0.9	96998.1	-999.9
Bamako	1983	9	30	273	23.0	31.4	22.2	-999.9	20.7	1.1	96999.6	-999.9
Bamako	1983	10	1	274	23.8	31.8	21.1	-999.9	0.0	1.7	96937.4	-999.9
Bamako	1983	10	2	275	24.0	30.5	19.3	-999.9	8.1	1.8	96964.5	-999.9
Bamako	1983	10	3	276	23.7	31.2	20.3	-999.9	0.0	1.8	96945.0	-999.9
Bamako	1983	10	4	277	23.5	30.5	20.1	-999.9	4.1	1.7	96932.7	-999.9
Bamako	1983	10	5	278	22.8	30.6	20.2	-999.9	8.1	1.1	97074.1	-999.9
Bamako	1983	10	6	279	23.0	31.2	19.6	-999.9	0.0	1.2	97105.7	-999.9
Bamako	1983	10	7	280	23.2	35.5	23.0	-999.9	0.0	1.7	96833.6	-999.9
Bamako	1983	10	8	281	21.2	34.5	22.5	-999.9	0.0	1.6	96682.8	-999.9
Bamako	1983	10	9	282	21.7	35.3	22.7	-999.9	0.0	1.4	96660.2	-999.9
Bamako	1983	10	10	283	21.9	35.2	20.7	-999.9	0.0	1.5	96738.3	-999.9
Bamako	1983	10	11	284	21.7	35.8	20.8	-999.9	0.0	1.4	96825.9	-999.9
Bamako	1983	10	12	285	21.4	36.3	21.6	-999.9	0.0	1.4	96778.4	-999.9
Bamako	1983	10	13	286	21.7	35.6	21.6	-999.9	0.0	1.2	96712.7	-999.9
Bamako	1983	10	14	287	21.8	34.9	21.1	-999.9	0.0	1.4	96699.3	-999.9
Bamako	1983	10	15	288	22.7	34.4	18.1	-999.9	0.0	1.5	96723.0	-999.9
Bamako	1983	10	16	289	21.3	36.0	20.8	-999.9	6.4	1.3	96717.7	-999.9
Bamako	1983	10	17	290	23.0	37.4	22.7	-999.9	0.0	1.5	96719.9	-999.9
Bamako	1983	10	18	291	20.0	37.3	23.8	-999.9	0.0	1.6	96655.8	-999.9
Bamako	1983	10	19	292	20.2	35.8	23.1	-999.9	0.0	1.2	96699.0	-999.9
Bamako	1983	10	20	293	21.3	35.6	21.9	-999.9	0.0	1.1	96755.1	-999.9
Bamako	1983	10	21	294	20.1	36.1	22.3	-999.9	0.0	1.4	96682.7	-999.9
Bamako	1983	10	22	295	23.7	34.9	20.2	-999.9	0.0	1.2	96727.5	-999.9
Bamako	1983	10	23	296	24.8	35.6	18.8	-999.9	0.0	1.8	96799.7	-999.9
Bamako	1983	10	24	297	24.4	33.4	17.4	-999.9	0.0	1.8	96815.9	-999.9
Bamako	1983	10	25	298	23.2	35.7	20.5	-999.9	0.0	1.8	96744.4	-999.9
Bamako	1983	10	26	299	20.0	37.4	23.3	-999.9	0.0	1.9	96896.6	-999.9
Bamako	1983	10	27	300	20.3	37.4	22.9	-999.9	0.0	1.9	96939.4	-999.9
Bamako	1983	10	28	301	22.3	37.2	22.5	-999.9	0.0	2.1	96831.5	-999.9
Bamako	1983	10	29	302	19.7	36.7	23.0	-999.9	0.0	1.3	96713.8	-999.9
Bamako	1983	10	30	303	20.1	35.8	21.4	-999.9	0.0	1.5	96780.3	-999.9
Bamako	1983	10	31	304	23.7	34.9	18.6	-999.9	0.0	1.4	96955.4	-999.9
Bamako	1983	11	1	305	20.2	37.4	23.1	-999.9	0.0	1.9	96945.5	-999.9
Bamako	1983	11	2	306	20.2	36.5	22.9	-999.9	0.0	1.2	96859.8	-999.9
Bamako	1983	11	3	307	18.8	36.8	22.6	-999.9	0.0	1.5	96836.6	-999.9
Bamako	1983	11	4	308	20.2	36.6	22.2	-999.9	0.0	1.0	96866.0	-999.9
Bamako	1983	11	5	309	23.7	34.9	17.9	-999.9	0.0	1.5	96899.4	-999.9
Bamako	1983	11	6	310	25.0	35.0	17.6	-999.9	0.9	1.4	96881.3	-999.9
Bamako	1983	11	7	311	24.6	35.5	17.9	-999.9	0.0	1.3	96803.3	-999.9
Bamako	1983	11	8	312	21.0	37.7	22.0	-999.9	0.0	1.8	96733.5	-999.9
Bamako	1983	11	9	313	20.1	37.7	21.9	-999.9	0.9	1.8	96784.5	-999.9
Bamako	1983	11	10	314	21.3	37.1	21.0	-999.9	0.0	2.3	96890.5	-999.9
Bamako	1983	11	11	315	21.4	37.5	21.9	-999.9	0.0	2.4	96873.5	-999.9
Bamako	1983	11	12	316	21.9	36.5	21.9	-999.9	0.0	2.2	96784.9	-999.9
Bamako	1983	11	13	317	20.5	36.4	21.7	-999.9	0.0	2.3	96855.1	-999.9
Bamako	1983	11	14	318	21.1	36.3	21.6	-999.9	0.0	2.4	96947.8	-999.9
Bamako	1983	11	15	319	18.4	36.1	21.9	-999.9	0.0	2.2	96976.8	-999.9
Bamako	1983	11	16	320	19.5	35.8	21.5	-999.9	0.0	2.2	96954.6	-999.9
Bamako	1983	11	17	321	18.8	36.2	20.0	-999.9	0.0	2.0	96898.4	-999.9
Bamako	1983	11	18	322	21.7	36.5	21.5	-999.9	0.0	2.4	96857.0	-999.9
Bamako	1983	11	19	323	19.8	35.8	21.4	-999.9	0.0	2.0	96860.5	-999.9
Bamako	1983	11	20	324	19.9	35.8	21.1	-999.9	0.0	1.9	96947.3	-999.9
Bamako	1983	11	21	325	21.8	35.3	21.2	-999.9	0.0	2.4	96925.3	-999.9
Bamako	1983	11	22	326	19.9	35.4	20.8	-999.9	0.0	2.1	96759.8	-999.9
Bamako	1983	11	23	327	19.2	34.8	20.9	-999.9	0.0	1.9	96812.6	-999.9
Bamako	1983	11	24	328	21.5	34.9	19.5	-999.9	0.0	1.7	96947.0	-999.9
Bamako	1983	11	25	329	21.2	35.1	19.8	-999.9	0.0	2.5	96996.6	-999.9
Bamako	1983	11	26	330	22.3	34.6	18.9	-999.9	0.0	2.6	96932.2	-999.9
Bamako	1983	11	27	331	21.9	35.3	20.5	-999.9	0.0	2.3	96864.5	-999.9
Bamako	1983	11	28	332	19.8	34.8	20.4	-999.9	0.0	2.1	96806.2	-999.9
Bamako	1983	11	29	333	20.3	33.9	20.2	-999.9	0.0	2.1	96878.5	-999.9
Bamako	1983	11	30	334	19.4	32.7	20.3	-999.9	0.0	2.0	96939.1	-999.9
Bamako	1983	12	1	335	16.3	32.6	21.0	-999.9	0.0	1.9	96901.1	-999.9
Bamako	1983	12	2	336	17.1	33.0	20.6	-999.9	0.0	1.9	96844.7	-999.9
Bamako	1983	12	3	337	19.0	33.6	20.2	-999.9	0.0	2.1	96866.0	-999.9
Bamako	1983	12	4	338	20.9	33.0	16.9	-999.9	0.0	2.1	96905.9	-999.9
Bamako	1983	12	5	339	20.3	33.5	18.7	-999.9	0.0	1.6	96852.5	-999.9
Bamako	1983	12	6	340	21.3	33.3	17.9	-999.9	0.0	2.0	96834.2	-999.9
Bamako	1983	12	7	341	21.3	34.1	18.8	-999.9	0.0	2.5	96858.6	-999.9
Bamako	1983	12	8	342	20.3	34.0	19.1	-999.9	0.0	2.5	96918.6	-999.9
Bamako	1983	12	9	343	20.0	32.6	19.9	-999.9	0.0	2.8	96927.1	-999.9
Bamako	1983	12	10	344	18.6	30.9	20.0	-999.9	0.0	2.4	96905.7	-999.9
Bamako	1983	12	11	345	17.0	31.2	19.9	-999.9	0.0	2.1	96928.7	-999.9
Bamako	1983	12	12	346	17.4	31.4	19.8	-999.9	0.0	2.2	97018.6	-999.9
Bamako	1983	12	13	347	17.8	31.9	19.8	-999.9	0.0	2.1	96924.4	-999.9
Bamako	1983	12	14	348	20.2	29.7	13.0	-999.9	0.0	1.9	96879.8	-999.9
Bamako	1983	12	15	349	19.2	32.3	18.6	-999.9	0.0	2.0	96904.7	-999.9
Bamako	1983	12	16	350	18.5	33.4	19.6	-999.9	0.0	1.9	96879.9	-999.9
Bamako	1983	12	17	351	19.0	33.6	18.6	-999.9	0.0	1.9	96877.1	-999.9
Bamako	1983	12	18	352	18.9	33.8	19.1	-999.9	0.0	2.4	96922.5	-999.9
Bamako	1983	12	19	353	18.8	33.2	19.5	-999.9	0.0	2.4	96953.1	-999.9
Bamako	1983	12	20	354	18.4	33.5	19.8	-999.9	0.0	2.3	96959.4	-999.9
Bamako	1983	12	21	355	18.0	33.6	19.7	-999.9	0.0	2.0	96958.8	-999.9
Bamako	1983	12	22	356	19.0	34.2	19.8	-999.9	0.0	2.2	96900.3	-999.9
Bamako	1983	12	23	357	20.7	34.9	19.8	-999.9	0.0	2.5	96924.4	-999.9
Bamako	1983	12	24	358	20.2	34.3	19.9	-999.9	0.0	2.4	97042.3	-999.9
Bamako	1983	12	25	359	17.6	32.2	19.9	-999.9	0.0	2.3	97027.8	-999.9
Bamako	1983	12	26	360	16.7	32.2	20.2	-999.9	0.0	2.1	97047.2	-999.9
Bamako	1983	12	27	361	17.9	32.4	20.0	-999.9	0.0	2.4	97090.7	-999.9
Bamako	1983	12	28	362	17.8	32.2	20.2	-999.9	0.0	2.1	96993.7	-999.9
Bamako	1983	12	29	363	17.4	32.1	20.0	-999.9	0.0	1.8	97004.1	-999.9
Bamako	1983	12	30	364	17.8	31.1	20.0	-999.9	0.0	2.5	97079.4	-999.9
Bamako	1983	12	31	365	15.0	29.2	20.4	-999.9	0.0	2.4	97022.1	-999.9
