Bamako	2012	1	1	1	14.1	28.7	19.4	-999.9	0.0	2.3	97179.7	-999.9
Bamako	2012	1	2	2	16.5	31.4	20.2	-999.9	0.0	2.6	97152.3	-999.9
Bamako	2012	1	3	3	17.9	31.6	20.1	-999.9	0.0	2.6	97074.9	-999.9
Bamako	2012	1	4	4	18.0	31.8	20.2	-999.9	0.0	2.6	97043.5	-999.9
Bamako	2012	1	5	5	17.6	31.0	20.3	-999.9	0.0	2.5	97088.7	-999.9
Bamako	2012	1	6	6	17.4	31.3	20.2	-999.9	0.0	2.4	97069.4	-999.9
Bamako	2012	1	7	7	17.2	31.2	20.2	-999.9	0.0	2.2	97036.0	-999.9
Bamako	2012	1	8	8	16.1	31.1	20.5	-999.9	0.0	2.1	96942.2	-999.9
Bamako	2012	1	9	9	15.9	31.8	20.9	-999.9	0.0	2.2	96907.6	-999.9
Bamako	2012	1	10	10	17.1	32.9	20.8	-999.9	0.0	2.4	96912.6	-999.9
Bamako	2012	1	11	11	16.9	33.9	20.6	-999.9	0.0	2.4	96931.9	-999.9
Bamako	2012	1	12	12	19.3	32.5	20.7	-999.9	0.0	2.7	97052.5	-999.9
Bamako	2012	1	13	13	17.0	31.1	20.9	-999.9	0.0	2.7	97140.8	-999.9
Bamako	2012	1	14	14	16.6	30.2	21.1	-999.9	0.0	2.8	97117.2	-999.9
Bamako	2012	1	15	15	15.5	29.8	21.3	-999.9	0.0	2.7	97104.9	-999.9
Bamako	2012	1	16	16	15.1	30.2	21.2	-999.9	0.0	2.5	96996.4	-999.9
Bamako	2012	1	17	17	16.3	31.5	20.7	-999.9	0.0	2.0	96848.1	-999.9
Bamako	2012	1	18	18	16.4	31.5	20.8	-999.9	0.0	2.0	96809.0	-999.9
Bamako	2012	1	19	19	17.2	30.4	20.8	-999.9	0.0	2.2	96806.0	-999.9
Bamako	2012	1	20	20	15.1	26.7	20.9	-999.9	0.0	2.7	96933.9	-999.9
Bamako	2012	1	21	21	14.2	26.3	20.7	-999.9	0.0	2.5	97059.0	-999.9
Bamako	2012	1	22	22	14.7	27.7	20.7	-999.9	0.0	2.3	97001.1	-999.9
Bamako	2012	1	23	23	16.7	29.6	20.3	-999.9	0.0	2.7	97001.3	-999.9
Bamako	2012	1	24	24	18.0	30.2	20.5	-999.9	0.0	2.5	96983.4	-999.9
Bamako	2012	1	25	25	17.9	31.7	20.8	-999.9	0.0	2.3	96869.0	-999.9
Bamako	2012	1	26	26	17.7	32.3	20.9	-999.9	0.0	2.2	96756.3	-999.9
Bamako	2012	1	27	27	18.5	32.1	21.0	-999.9	0.0	2.5	96801.7	-999.9
Bamako	2012	1	28	28	18.4	33.1	21.0	-999.9	0.0	2.2	96748.2	-999.9
Bamako	2012	1	29	29	19.0	33.9	21.1	-999.9	0.0	2.2	96690.9	-999.9
Bamako	2012	1	30	30	20.0	33.5	19.9	-999.9	0.0	2.3	96714.9	-999.9
Bamako	2012	1	31	31	20.0	33.3	20.9	-999.9	0.0	2.9	96784.8	-999.9
Bamako	2012	2	1	32	19.7	33.3	21.4	-999.9	0.0	2.9	96847.0	-999.9
Bamako	2012	2	2	33	18.8	32.5	21.2	-999.9	0.0	2.6	96908.1	-999.9
Bamako	2012	2	3	34	20.8	32.3	18.5	-999.9	0.0	2.5	96877.9	-999.9
Bamako	2012	2	4	35	19.8	33.7	21.3	-999.9	0.0	2.5	96777.6	-999.9
Bamako	2012	2	5	36	20.0	32.6	21.0	-999.9	0.0	3.3	96880.4	-999.9
Bamako	2012	2	6	37	18.7	25.0	13.9	-999.9	0.0	3.6	97076.3	-999.9
Bamako	2012	2	7	38	16.0	26.2	20.5	-999.9	0.0	2.5	96982.9	-999.9
Bamako	2012	2	8	39	17.2	28.3	19.2	-999.9	0.0	2.3	96860.5	-999.9
Bamako	2012	2	9	40	16.3	30.9	22.0	-999.9	0.0	2.0	96836.0	-999.9
Bamako	2012	2	10	41	18.7	32.2	21.2	-999.9	0.0	2.1	96755.0	-999.9
Bamako	2012	2	11	42	18.7	32.0	20.7	-999.9	0.0	2.5	96792.3	-999.9
Bamako	2012	2	12	43	19.6	31.5	18.5	-999.9	0.0	2.2	96765.0	-999.9
Bamako	2012	2	13	44	19.3	33.9	21.3	-999.9	0.0	2.3	96769.1	-999.9
Bamako	2012	2	14	45	19.1	33.4	21.6	-999.9	0.0	2.4	96803.1	-999.9
Bamako	2012	2	15	46	20.3	34.8	22.0	-999.9	0.0	2.5	96750.6	-999.9
Bamako	2012	2	16	47	23.3	34.9	21.3	-999.9	0.0	3.0	96707.9	-999.9
Bamako	2012	2	17	48	21.5	36.4	22.5	-999.9	0.0	2.6	96621.6	-999.9
Bamako	2012	2	18	49	20.3	36.5	22.6	-999.9	0.0	1.6	96503.6	-999.9
Bamako	2012	2	19	50	23.5	36.5	22.5	-999.9	0.0	2.2	96449.6	-999.9
Bamako	2012	2	20	51	22.2	34.8	22.6	-999.9	0.0	1.9	96586.1	-999.9
Bamako	2012	2	21	52	21.7	33.2	22.7	-999.9	0.0	2.7	96754.5	-999.9
Bamako	2012	2	22	53	19.8	32.0	22.7	-999.9	0.0	2.8	96744.7	-999.9
Bamako	2012	2	23	54	21.2	33.1	21.6	-999.9	0.0	2.1	96646.9	-999.9
Bamako	2012	2	24	55	21.7	33.8	22.6	-999.9	0.0	2.3	96727.0	-999.9
Bamako	2012	2	25	56	22.6	35.3	23.0	-999.9	0.0	3.0	96729.6	-999.9
Bamako	2012	2	26	57	21.7	36.7	23.5	-999.9	0.0	2.9	96611.7	-999.9
Bamako	2012	2	27	58	22.4	37.0	23.6	-999.9	0.0	2.6	96581.0	-999.9
Bamako	2012	2	28	59	22.6	37.6	23.7	-999.9	0.0	2.5	96580.2	-999.9
Bamako	2012	2	29	60	23.2	37.7	23.7	-999.9	0.0	2.6	96567.2	-999.9
Bamako	2012	3	1	61	22.6	36.4	23.9	-999.9	0.0	3.0	96670.3	-999.9
Bamako	2012	3	2	62	21.7	35.4	23.6	-999.9	0.0	2.8	96750.3	-999.9
Bamako	2012	3	3	63	21.4	35.0	23.6	-999.9	0.0	2.5	96795.9	-999.9
Bamako	2012	3	4	64	21.7	36.2	24.1	-999.9	0.0	2.3	96678.4	-999.9
Bamako	2012	3	5	65	22.4	36.5	24.2	-999.9	0.0	2.4	96587.8	-999.9
Bamako	2012	3	6	66	22.9	36.5	22.5	-999.9	0.0	2.2	96554.5	-999.9
Bamako	2012	3	7	67	25.6	35.2	20.3	-999.9	0.0	2.2	96621.3	-999.9
Bamako	2012	3	8	68	25.5	35.0	20.4	-999.9	0.0	1.6	96614.6	-999.9
Bamako	2012	3	9	69	22.3	34.3	21.2	-999.9	0.0	2.7	96779.9	-999.9
Bamako	2012	3	10	70	22.2	33.7	24.1	-999.9	0.0	3.1	96947.4	-999.9
Bamako	2012	3	11	71	20.5	32.3	24.8	-999.9	0.0	3.0	96949.7	-999.9
Bamako	2012	3	12	72	18.9	32.6	25.0	-999.9	0.0	2.7	96893.5	-999.9
Bamako	2012	3	13	73	19.3	33.6	25.0	-999.9	0.0	2.6	96901.4	-999.9
Bamako	2012	3	14	74	20.1	35.1	25.0	-999.9	0.0	2.8	96886.8	-999.9
Bamako	2012	3	15	75	21.9	36.3	24.4	-999.9	0.0	2.6	96868.7	-999.9
Bamako	2012	3	16	76	23.2	38.0	25.1	-999.9	0.0	2.7	96752.3	-999.9
Bamako	2012	3	17	77	24.1	38.4	24.9	-999.9	0.0	2.8	96622.1	-999.9
Bamako	2012	3	18	78	24.2	38.2	25.0	-999.9	0.0	2.7	96558.0	-999.9
Bamako	2012	3	19	79	23.6	38.3	25.2	-999.9	0.0	2.3	96540.4	-999.9
Bamako	2012	3	20	80	22.7	38.3	25.0	-999.9	0.0	2.1	96540.1	-999.9
Bamako	2012	3	21	81	24.2	38.4	25.2	-999.9	0.0	2.5	96446.7	-999.9
Bamako	2012	3	22	82	23.4	39.1	25.2	-999.9	0.0	2.2	96382.6	-999.9
Bamako	2012	3	23	83	23.1	39.1	25.5	-999.9	0.0	2.0	96406.5	-999.9
Bamako	2012	3	24	84	21.7	39.0	25.3	-999.9	0.0	1.8	96357.3	-999.9
Bamako	2012	3	25	85	23.9	38.9	25.0	-999.9	0.0	2.2	96319.4	-999.9
Bamako	2012	3	26	86	27.4	38.0	23.9	-999.9	0.0	2.4	96396.8	-999.9
Bamako	2012	3	27	87	27.9	37.0	21.8	-999.9	0.0	2.0	96531.8	-999.9
Bamako	2012	3	28	88	28.1	38.4	22.5	-999.9	0.0	3.4	96547.0	-999.9
Bamako	2012	3	29	89	23.8	37.2	24.9	-999.9	0.0	3.9	96796.0	-999.9
Bamako	2012	3	30	90	25.7	38.8	25.4	-999.9	0.0	2.2	96666.1	-999.9
Bamako	2012	3	31	91	23.8	38.5	25.5	-999.9	0.0	1.2	96524.4	-999.9
Bamako	2012	4	1	92	25.1	39.0	25.3	-999.9	0.0	1.1	96426.9	-999.9
Bamako	2012	4	2	93	25.5	39.2	25.3	-999.9	0.0	1.7	96449.3	-999.9
Bamako	2012	4	3	94	25.2	38.7	25.4	-999.9	0.0	2.2	96495.1	-999.9
Bamako	2012	4	4	95	26.0	37.4	23.8	-999.9	0.0	1.8	96482.2	-999.9
Bamako	2012	4	5	96	27.6	38.4	23.6	-999.9	0.0	1.9	96507.0	-999.9
Bamako	2012	4	6	97	25.9	35.7	19.0	-999.9	0.0	1.6	96577.8	-999.9
Bamako	2012	4	7	98	26.5	38.5	24.2	-999.9	0.0	1.8	96416.4	-999.9
Bamako	2012	4	8	99	27.5	39.2	23.2	-999.9	1.1	1.9	96250.6	-999.9
Bamako	2012	4	9	100	27.1	34.2	15.1	-999.9	0.0	2.2	96374.8	-999.9
Bamako	2012	4	10	101	26.3	39.0	24.5	-999.9	0.0	1.7	96344.7	-999.9
Bamako	2012	4	11	102	27.5	38.8	23.6	-999.9	0.0	2.4	96438.9	-999.9
Bamako	2012	4	12	103	26.8	38.4	23.0	-999.9	0.0	3.1	96519.2	-999.9
Bamako	2012	4	13	104	27.6	35.2	18.8	-999.9	5.6	1.5	96725.8	-999.9
Bamako	2012	4	14	105	27.7	36.6	22.1	-999.9	0.0	2.2	96699.2	-999.9
Bamako	2012	4	15	106	25.7	37.6	25.3	-999.9	0.0	1.9	96550.3	-999.9
Bamako	2012	4	16	107	23.4	37.4	25.8	-999.9	0.0	1.5	96504.5	-999.9
Bamako	2012	4	17	108	23.5	37.3	26.6	-999.9	0.0	1.9	96592.8	-999.9
Bamako	2012	4	18	109	22.8	37.7	25.0	-999.9	0.0	2.1	96549.0	-999.9
Bamako	2012	4	19	110	25.7	37.0	23.3	-999.9	0.0	2.0	96554.4	-999.9
Bamako	2012	4	20	111	25.1	35.0	22.1	-999.9	3.7	2.6	96711.3	-999.9
Bamako	2012	4	21	112	25.7	36.8	22.5	-999.9	0.0	1.7	96796.5	-999.9
Bamako	2012	4	22	113	25.5	39.6	25.4	-999.9	0.0	1.9	96689.1	-999.9
Bamako	2012	4	23	114	27.2	39.8	24.9	-999.9	0.0	2.0	96492.4	-999.9
Bamako	2012	4	24	115	27.9	39.1	24.1	-999.9	3.3	2.4	96488.6	-999.9
Bamako	2012	4	25	116	26.8	37.4	23.4	-999.9	3.3	2.3	96552.3	-999.9
Bamako	2012	4	26	117	26.7	37.0	24.2	-999.9	0.0	2.1	96631.1	-999.9
Bamako	2012	4	27	118	26.8	37.6	23.2	-999.9	0.0	2.2	96535.9	-999.9
Bamako	2012	4	28	119	25.5	37.8	24.1	-999.9	2.2	2.0	96517.7	-999.9
Bamako	2012	4	29	120	26.5	36.8	24.3	-999.9	0.0	1.9	96517.7	-999.9
Bamako	2012	4	30	121	24.5	37.4	24.7	-999.9	0.0	1.6	96527.3	-999.9
Bamako	2012	5	1	122	26.9	36.8	22.8	-999.9	1.9	1.8	96573.3	-999.9
Bamako	2012	5	2	123	27.1	35.8	17.4	-999.9	0.0	2.2	96631.4	-999.9
Bamako	2012	5	3	124	25.3	39.3	25.2	-999.9	0.0	2.2	96590.7	-999.9
Bamako	2012	5	4	125	24.7	39.9	25.8	-999.9	0.0	2.3	96543.2	-999.9
Bamako	2012	5	5	126	26.0	38.0	24.3	-999.9	0.0	1.7	96598.1	-999.9
Bamako	2012	5	6	127	27.2	39.1	24.0	-999.9	0.0	2.0	96563.3	-999.9
Bamako	2012	5	7	128	27.2	40.2	24.6	-999.9	0.0	2.1	96551.8	-999.9
Bamako	2012	5	8	129	26.5	40.7	25.6	-999.9	0.0	2.3	96476.8	-999.9
Bamako	2012	5	9	130	26.4	39.1	24.7	-999.9	0.0	2.3	96370.7	-999.9
Bamako	2012	5	10	131	27.1	38.1	23.5	-999.9	0.0	2.4	96513.1	-999.9
Bamako	2012	5	11	132	25.8	39.0	24.3	-999.9	0.0	2.6	96656.1	-999.9
Bamako	2012	5	12	133	25.3	38.5	24.2	-999.9	0.0	2.3	96576.4	-999.9
Bamako	2012	5	13	134	27.2	37.6	23.6	-999.9	0.0	2.4	96424.5	-999.9
Bamako	2012	5	14	135	26.8	35.2	20.7	-999.9	5.1	2.3	96619.0	-999.9
Bamako	2012	5	15	136	24.9	31.5	21.2	-999.9	0.0	1.5	96793.1	-999.9
Bamako	2012	5	16	137	24.3	32.4	22.0	-999.9	1.6	1.7	96884.9	-999.9
Bamako	2012	5	17	138	25.1	33.2	21.7	-999.9	1.6	1.5	96795.8	-999.9
Bamako	2012	5	18	139	26.2	36.5	23.6	-999.9	0.0	2.3	96591.5	-999.9
Bamako	2012	5	19	140	26.3	37.7	24.9	-999.9	1.6	2.8	96514.1	-999.9
Bamako	2012	5	20	141	24.8	37.3	25.4	-999.9	3.2	2.2	96612.9	-999.9
Bamako	2012	5	21	142	27.2	37.2	24.5	-999.9	0.0	2.4	96728.4	-999.9
Bamako	2012	5	22	143	23.8	32.6	16.3	-999.9	6.0	1.6	96876.5	-999.9
Bamako	2012	5	23	144	24.8	35.7	24.9	-999.9	0.0	1.3	96733.5	-999.9
Bamako	2012	5	24	145	25.0	35.1	22.9	-999.9	3.0	2.3	96773.4	-999.9
Bamako	2012	5	25	146	26.0	34.7	21.7	-999.9	0.0	2.4	96803.8	-999.9
Bamako	2012	5	26	147	24.4	37.0	23.8	-999.9	0.0	2.4	96767.7	-999.9
Bamako	2012	5	27	148	25.6	38.7	24.7	-999.9	0.0	2.2	96665.4	-999.9
Bamako	2012	5	28	149	25.9	37.5	24.6	-999.9	0.0	2.5	96636.8	-999.9
Bamako	2012	5	29	150	26.7	35.9	23.1	-999.9	6.4	2.7	96749.2	-999.9
Bamako	2012	5	30	151	25.4	36.6	23.3	-999.9	0.0	1.9	96768.6	-999.9
Bamako	2012	5	31	152	24.0	35.3	23.1	-999.9	0.0	2.4	96868.4	-999.9
Bamako	2012	6	1	153	24.6	34.3	21.5	-999.9	0.0	2.4	96931.9	-999.9
Bamako	2012	6	2	154	24.3	35.8	21.0	-999.9	0.0	1.5	96851.5	-999.9
Bamako	2012	6	3	155	24.3	32.9	18.7	-999.9	24.7	1.5	96943.8	-999.9
Bamako	2012	6	4	156	23.8	32.4	22.3	-999.9	0.0	1.4	96965.0	-999.9
Bamako	2012	6	5	157	25.1	34.5	23.6	-999.9	0.0	1.8	96876.8	-999.9
Bamako	2012	6	6	158	24.0	35.0	22.6	-999.9	7.3	2.5	96816.9	-999.9
Bamako	2012	6	7	159	25.6	34.7	23.6	-999.9	0.0	2.6	96836.9	-999.9
Bamako	2012	6	8	160	23.7	34.3	23.3	-999.9	18.2	1.8	96882.4	-999.9
Bamako	2012	6	9	161	24.4	35.4	23.6	-999.9	0.0	1.6	96841.2	-999.9
Bamako	2012	6	10	162	26.3	36.8	23.0	-999.9	0.0	2.2	96650.6	-999.9
Bamako	2012	6	11	163	26.0	36.2	22.9	-999.9	0.0	2.2	96565.8	-999.9
Bamako	2012	6	12	164	25.6	32.9	19.3	-999.9	16.8	1.8	96698.6	-999.9
Bamako	2012	6	13	165	24.8	31.5	18.5	-999.9	0.0	2.4	96800.0	-999.9
Bamako	2012	6	14	166	23.3	30.0	18.6	-999.9	16.8	1.5	96851.0	-999.9
Bamako	2012	6	15	167	23.7	32.9	23.6	-999.9	0.0	1.4	96796.1	-999.9
Bamako	2012	6	16	168	23.8	33.8	23.9	-999.9	0.0	2.6	96695.1	-999.9
Bamako	2012	6	17	169	25.0	32.1	22.7	-999.9	11.4	2.7	96771.8	-999.9
Bamako	2012	6	18	170	22.8	30.8	18.6	-999.9	5.7	1.7	96885.9	-999.9
Bamako	2012	6	19	171	22.7	31.5	23.6	-999.9	5.7	1.6	96965.6	-999.9
Bamako	2012	6	20	172	23.2	32.1	24.7	-999.9	0.0	1.8	96931.7	-999.9
Bamako	2012	6	21	173	24.4	34.2	24.8	-999.9	0.0	2.3	96711.7	-999.9
Bamako	2012	6	22	174	24.5	32.0	22.6	-999.9	0.0	3.2	96704.5	-999.9
Bamako	2012	6	23	175	24.4	31.5	22.9	-999.9	0.0	2.6	96960.2	-999.9
Bamako	2012	6	24	176	24.0	30.7	19.9	-999.9	0.0	2.0	97047.5	-999.9
Bamako	2012	6	25	177	22.9	30.6	19.8	-999.9	7.0	1.8	96895.8	-999.9
Bamako	2012	6	26	178	23.3	29.9	21.9	-999.9	0.0	1.5	96942.7	-999.9
Bamako	2012	6	27	179	24.0	31.2	22.4	-999.9	0.0	2.0	97021.9	-999.9
Bamako	2012	6	28	180	22.8	31.2	20.5	-999.9	19.1	1.6	96883.4	-999.9
Bamako	2012	6	29	181	23.8	29.4	17.5	-999.9	0.0	1.8	96813.4	-999.9
Bamako	2012	6	30	182	22.5	30.3	22.0	-999.9	0.0	1.6	96791.6	-999.9
Bamako	2012	7	1	183	23.5	29.6	20.8	-999.9	18.3	1.5	96776.8	-999.9
Bamako	2012	7	2	184	22.8	29.6	17.0	-999.9	27.5	1.2	96757.9	-999.9
Bamako	2012	7	3	185	22.4	30.6	21.3	-999.9	0.0	1.0	96829.8	-999.9
Bamako	2012	7	4	186	22.7	27.6	13.2	-999.9	27.5	1.4	96720.3	-999.9
Bamako	2012	7	5	187	22.6	28.5	18.2	-999.9	0.0	1.0	96668.9	-999.9
Bamako	2012	7	6	188	22.3	27.7	15.9	-999.9	53.5	1.8	96809.2	-999.9
Bamako	2012	7	7	189	22.8	29.5	19.5	-999.9	0.0	1.6	96902.0	-999.9
Bamako	2012	7	8	190	22.7	30.4	21.3	-999.9	0.0	1.2	96857.7	-999.9
Bamako	2012	7	9	191	22.8	30.4	20.5	-999.9	17.8	1.4	96734.7	-999.9
Bamako	2012	7	10	192	22.8	29.8	21.4	-999.9	0.0	1.9	96687.9	-999.9
Bamako	2012	7	11	193	23.4	30.4	22.5	-999.9	0.0	1.6	96788.2	-999.9
Bamako	2012	7	12	194	23.7	29.3	17.7	-999.9	23.2	1.6	96880.2	-999.9
Bamako	2012	7	13	195	23.0	29.8	16.0	-999.9	0.0	1.2	96884.5	-999.9
Bamako	2012	7	14	196	22.7	31.1	23.9	-999.9	0.0	1.3	96808.0	-999.9
Bamako	2012	7	15	197	23.7	30.2	19.5	-999.9	11.6	2.1	96748.8	-999.9
Bamako	2012	7	16	198	22.2	27.4	12.4	-999.9	23.4	1.6	96848.5	-999.9
Bamako	2012	7	17	199	21.9	29.0	19.9	-999.9	0.0	1.4	97066.5	-999.9
Bamako	2012	7	18	200	23.0	30.3	21.5	-999.9	0.0	1.3	97029.9	-999.9
Bamako	2012	7	19	201	22.2	26.8	8.5	-999.9	70.3	1.5	96928.3	-999.9
Bamako	2012	7	20	202	22.2	28.8	18.4	-999.9	0.0	1.7	96922.3	-999.9
Bamako	2012	7	21	203	22.5	28.5	16.6	-999.9	0.0	2.1	97150.3	-999.9
Bamako	2012	7	22	204	23.2	29.4	18.1	-999.9	0.0	2.0	97150.8	-999.9
Bamako	2012	7	23	205	21.9	29.4	21.9	-999.9	0.0	1.0	96946.9	-999.9
Bamako	2012	7	24	206	22.6	29.8	20.5	-999.9	0.0	2.3	96906.6	-999.9
Bamako	2012	7	25	207	22.6	28.4	12.4	-999.9	30.3	1.1	96964.8	-999.9
Bamako	2012	7	26	208	22.6	29.7	20.3	-999.9	13.3	1.0	96988.6	-999.9
Bamako	2012	7	27	209	22.6	29.9	20.3	-999.9	13.3	1.3	96929.9	-999.9
Bamako	2012	7	28	210	22.9	29.8	19.7	-999.9	0.0	1.3	96769.1	-999.9
Bamako	2012	7	29	211	22.5	29.5	19.0	-999.9	26.6	1.3	96767.9	-999.9
Bamako	2012	7	30	212	22.5	29.1	20.9	-999.9	0.0	1.2	96885.8	-999.9
Bamako	2012	7	31	213	23.1	30.6	22.2	-999.9	13.3	1.1	96911.9	-999.9
Bamako	2012	8	1	214	23.0	30.0	19.5	-999.9	0.0	1.6	96841.3	-999.9
Bamako	2012	8	2	215	22.3	29.3	19.4	-999.9	0.0	1.4	96845.6	-999.9
Bamako	2012	8	3	216	22.7	29.2	19.7	-999.9	0.0	1.6	96973.7	-999.9
Bamako	2012	8	4	217	23.0	28.3	14.0	-999.9	27.2	1.3	96925.6	-999.9
Bamako	2012	8	5	218	21.9	28.7	16.4	-999.9	0.0	1.5	96947.2	-999.9
Bamako	2012	8	6	219	22.6	28.9	19.5	-999.9	0.0	2.0	97028.4	-999.9
Bamako	2012	8	7	220	23.5	29.9	19.3	-999.9	26.2	2.2	96929.3	-999.9
Bamako	2012	8	8	221	22.5	26.9	10.8	-999.9	65.5	2.8	96602.5	-999.9
Bamako	2012	8	9	222	22.5	27.9	16.7	-999.9	0.0	2.5	96765.7	-999.9
Bamako	2012	8	10	223	22.0	29.1	20.3	-999.9	0.0	1.5	96979.3	-999.9
Bamako	2012	8	11	224	22.4	28.0	14.8	-999.9	19.7	1.6	96979.3	-999.9
Bamako	2012	8	12	225	22.2	28.8	17.9	-999.9	0.0	1.3	96948.4	-999.9
Bamako	2012	8	13	226	22.8	27.7	16.6	-999.9	9.8	2.0	96997.9	-999.9
Bamako	2012	8	14	227	22.7	29.4	20.6	-999.9	0.0	1.7	96937.2	-999.9
Bamako	2012	8	15	228	22.7	28.5	12.8	-999.9	39.4	1.1	96917.3	-999.9
Bamako	2012	8	16	229	22.6	27.5	13.2	-999.9	16.6	1.2	96986.6	-999.9
Bamako	2012	8	17	230	21.5	28.7	19.5	-999.9	0.0	1.6	96969.9	-999.9
Bamako	2012	8	18	231	22.8	29.7	20.6	-999.9	0.0	2.3	96799.0	-999.9
Bamako	2012	8	19	232	23.1	29.6	18.7	-999.9	8.3	2.2	96777.9	-999.9
Bamako	2012	8	20	233	23.2	28.9	19.4	-999.9	0.0	1.8	96928.5	-999.9
Bamako	2012	8	21	234	22.8	29.0	19.2	-999.9	0.0	1.5	96988.6	-999.9
Bamako	2012	8	22	235	22.2	28.3	16.7	-999.9	33.4	0.9	96949.1	-999.9
Bamako	2012	8	23	236	21.9	29.3	20.4	-999.9	0.0	1.2	96818.4	-999.9
Bamako	2012	8	24	237	22.1	28.9	18.3	-999.9	33.4	1.3	96840.7	-999.9
Bamako	2012	8	25	238	22.1	28.3	17.6	-999.9	0.0	1.4	97010.4	-999.9
Bamako	2012	8	26	239	21.9	29.0	18.5	-999.9	14.3	1.3	97078.2	-999.9
Bamako	2012	8	27	240	22.5	30.2	21.9	-999.9	0.0	1.4	97037.6	-999.9
Bamako	2012	8	28	241	22.8	30.9	22.6	-999.9	14.3	1.5	96942.2	-999.9
Bamako	2012	8	29	242	22.8	30.7	22.0	-999.9	0.0	1.5	96869.0	-999.9
Bamako	2012	8	30	243	22.5	28.3	12.9	-999.9	28.5	1.2	96920.9	-999.9
Bamako	2012	8	31	244	22.1	28.8	18.0	-999.9	0.0	2.0	96950.6	-999.9
Bamako	2012	9	1	245	22.7	27.2	13.8	-999.9	0.0	2.1	97058.0	-999.9
Bamako	2012	9	2	246	22.0	28.0	16.9	-999.9	0.0	1.7	97148.2	-999.9
Bamako	2012	9	3	247	22.4	29.4	21.9	-999.9	15.0	1.4	97092.2	-999.9
Bamako	2012	9	4	248	22.4	27.5	14.0	-999.9	10.0	1.2	97033.5	-999.9
Bamako	2012	9	5	249	22.1	28.8	18.4	-999.9	10.0	1.3	96943.7	-999.9
Bamako	2012	9	6	250	22.4	27.3	15.4	-999.9	9.8	1.5	96924.8	-999.9
Bamako	2012	9	7	251	22.0	28.1	18.1	-999.9	0.0	1.9	97077.6	-999.9
Bamako	2012	9	8	252	21.3	31.0	23.8	-999.9	0.0	1.3	97042.9	-999.9
Bamako	2012	9	9	253	22.0	29.7	20.0	-999.9	9.8	1.3	96961.4	-999.9
Bamako	2012	9	10	254	21.7	30.5	22.6	-999.9	0.0	1.1	96975.9	-999.9
Bamako	2012	9	11	255	22.4	31.1	23.6	-999.9	10.0	0.8	96959.3	-999.9
Bamako	2012	9	12	256	22.5	30.8	23.4	-999.9	0.0	1.0	96954.5	-999.9
Bamako	2012	9	13	257	23.4	30.6	19.0	-999.9	0.0	1.9	96930.8	-999.9
Bamako	2012	9	14	258	22.8	30.7	22.0	-999.9	0.0	1.1	96921.0	-999.9
Bamako	2012	9	15	259	23.1	31.1	21.7	-999.9	0.0	1.5	96860.4	-999.9
Bamako	2012	9	16	260	23.8	28.2	12.3	-999.9	20.2	1.3	96841.7	-999.9
Bamako	2012	9	17	261	22.6	29.8	18.9	-999.9	13.4	1.1	96868.4	-999.9
Bamako	2012	9	18	262	22.4	29.0	18.2	-999.9	13.4	1.3	96914.4	-999.9
Bamako	2012	9	19	263	22.2	26.4	11.1	-999.9	6.7	1.7	96874.8	-999.9
Bamako	2012	9	20	264	22.0	27.8	14.7	-999.9	0.0	1.8	96785.1	-999.9
Bamako	2012	9	21	265	22.3	28.6	19.2	-999.9	0.0	1.7	96842.7	-999.9
Bamako	2012	9	22	266	22.3	28.5	18.5	-999.9	0.0	1.4	96944.3	-999.9
Bamako	2012	9	23	267	22.2	28.9	18.3	-999.9	8.1	1.3	97012.1	-999.9
Bamako	2012	9	24	268	21.3	29.8	20.7	-999.9	8.1	1.1	96961.0	-999.9
Bamako	2012	9	25	269	22.2	31.3	22.8	-999.9	0.0	1.1	96852.4	-999.9
Bamako	2012	9	26	270	22.8	31.4	22.7	-999.9	0.0	1.1	96806.6	-999.9
Bamako	2012	9	27	271	23.1	30.6	20.6	-999.9	7.7	1.4	96929.2	-999.9
Bamako	2012	9	28	272	22.6	28.9	18.0	-999.9	7.7	1.9	97079.7	-999.9
Bamako	2012	9	29	273	21.9	30.7	23.5	-999.9	0.0	1.0	97081.5	-999.9
Bamako	2012	9	30	274	23.3	32.3	22.6	-999.9	15.3	1.8	96861.4	-999.9
Bamako	2012	10	1	275	22.6	31.3	22.6	-999.9	0.0	1.6	96798.2	-999.9
Bamako	2012	10	2	276	22.8	29.7	17.0	-999.9	1.1	1.8	96945.1	-999.9
Bamako	2012	10	3	277	22.3	30.3	22.1	-999.9	0.0	1.2	97002.3	-999.9
Bamako	2012	10	4	278	22.5	30.3	20.3	-999.9	1.1	1.1	96930.2	-999.9
Bamako	2012	10	5	279	22.6	31.7	22.2	-999.9	0.0	1.9	96795.3	-999.9
Bamako	2012	10	6	280	22.9	32.6	23.4	-999.9	4.8	1.5	96740.4	-999.9
Bamako	2012	10	7	281	24.0	31.5	20.4	-999.9	0.0	1.2	96744.0	-999.9
Bamako	2012	10	8	282	23.7	32.5	21.1	-999.9	4.8	1.4	96812.3	-999.9
Bamako	2012	10	9	283	22.6	29.2	16.6	-999.9	2.4	1.2	96875.4	-999.9
Bamako	2012	10	10	284	22.2	31.0	21.8	-999.9	0.0	1.0	96874.2	-999.9
Bamako	2012	10	11	285	22.8	33.0	23.2	-999.9	0.0	1.4	96803.5	-999.9
Bamako	2012	10	12	286	22.8	33.0	22.9	-999.9	0.0	1.8	96765.0	-999.9
Bamako	2012	10	13	287	23.9	33.0	22.2	-999.9	2.4	1.8	96722.0	-999.9
Bamako	2012	10	14	288	23.5	31.5	20.3	-999.9	7.2	1.3	96674.8	-999.9
Bamako	2012	10	15	289	23.7	33.1	22.8	-999.9	2.4	1.3	96630.2	-999.9
Bamako	2012	10	16	290	24.0	32.6	21.2	-999.9	12.1	1.3	96740.5	-999.9
Bamako	2012	10	17	291	22.8	29.3	14.9	-999.9	12.1	1.0	96897.1	-999.9
Bamako	2012	10	18	292	22.7	30.5	20.4	-999.9	6.1	1.1	96765.2	-999.9
Bamako	2012	10	19	293	23.9	31.8	20.6	-999.9	6.1	1.3	96671.9	-999.9
Bamako	2012	10	20	294	22.4	31.9	20.9	-999.9	6.1	1.2	96659.1	-999.9
Bamako	2012	10	21	295	23.8	33.0	17.8	-999.9	0.0	1.5	96579.7	-999.9
Bamako	2012	10	22	296	23.0	31.5	17.3	-999.9	5.8	1.4	96711.6	-999.9
Bamako	2012	10	23	297	22.4	33.1	21.3	-999.9	0.0	1.4	96798.7	-999.9
Bamako	2012	10	24	298	21.7	35.6	22.3	-999.9	0.0	2.0	96758.2	-999.9
Bamako	2012	10	25	299	20.1	34.7	23.3	-999.9	0.0	1.3	96700.4	-999.9
Bamako	2012	10	26	300	19.7	34.1	22.2	-999.9	0.0	1.0	96690.4	-999.9
Bamako	2012	10	27	301	24.5	31.4	14.8	-999.9	0.0	1.5	96762.4	-999.9
Bamako	2012	10	28	302	23.8	33.4	18.4	-999.9	12.9	0.9	96863.1	-999.9
Bamako	2012	10	29	303	23.0	33.4	20.1	-999.9	3.2	1.2	96938.0	-999.9
Bamako	2012	10	30	304	23.1	35.7	22.2	-999.9	0.0	1.5	96742.0	-999.9
Bamako	2012	10	31	305	23.2	33.9	20.8	-999.9	0.0	1.6	96709.8	-999.9
Bamako	2012	11	1	306	23.5	35.0	19.6	-999.9	0.0	1.4	96786.9	-999.9
Bamako	2012	11	2	307	21.7	37.4	22.4	-999.9	0.0	2.1	96697.7	-999.9
Bamako	2012	11	3	308	20.4	36.5	22.5	-999.9	0.0	1.9	96699.7	-999.9
Bamako	2012	11	4	309	21.3	35.5	20.1	-999.9	0.0	1.3	96712.2	-999.9
Bamako	2012	11	5	310	23.4	34.3	19.9	-999.9	0.0	1.4	96697.4	-999.9
Bamako	2012	11	6	311	23.6	34.0	19.5	-999.9	0.9	1.3	96738.2	-999.9
Bamako	2012	11	7	312	23.5	34.0	19.5	-999.9	0.0	1.4	96756.1	-999.9
Bamako	2012	11	8	313	24.1	33.0	18.7	-999.9	0.9	1.6	96709.1	-999.9
Bamako	2012	11	9	314	24.3	33.8	20.0	-999.9	0.9	1.0	96637.4	-999.9
Bamako	2012	11	10	315	24.6	34.6	18.2	-999.9	0.0	1.4	96618.3	-999.9
Bamako	2012	11	11	316	23.3	34.4	19.4	-999.9	0.0	1.6	96692.3	-999.9
Bamako	2012	11	12	317	22.6	34.3	19.6	-999.9	0.0	1.2	96709.5	-999.9
Bamako	2012	11	13	318	23.5	34.4	18.7	-999.9	0.0	1.2	96758.4	-999.9
Bamako	2012	11	14	319	23.3	35.2	19.1	-999.9	0.0	1.3	96674.3	-999.9
Bamako	2012	11	15	320	22.9	34.9	19.1	-999.9	0.0	1.3	96682.5	-999.9
Bamako	2012	11	16	321	23.4	35.4	18.3	-999.9	0.0	1.6	96679.3	-999.9
Bamako	2012	11	17	322	23.8	35.9	19.8	-999.9	0.0	1.8	96693.8	-999.9
Bamako	2012	11	18	323	20.6	35.7	21.1	-999.9	0.0	1.5	96672.2	-999.9
Bamako	2012	11	19	324	22.5	34.8	19.4	-999.9	0.0	1.2	96731.8	-999.9
Bamako	2012	11	20	325	22.0	35.7	20.5	-999.9	0.0	1.6	96762.6	-999.9
Bamako	2012	11	21	326	21.6	36.1	20.2	-999.9	0.0	1.7	96725.4	-999.9
Bamako	2012	11	22	327	21.5	35.6	20.6	-999.9	0.0	1.4	96617.7	-999.9
Bamako	2012	11	23	328	21.6	34.9	19.2	-999.9	0.0	1.1	96593.3	-999.9
Bamako	2012	11	24	329	22.3	35.0	19.0	-999.9	0.0	1.8	96699.6	-999.9
Bamako	2012	11	25	330	22.8	34.8	20.4	-999.9	0.0	2.1	96756.8	-999.9
Bamako	2012	11	26	331	21.6	33.7	20.2	-999.9	0.0	2.1	96840.8	-999.9
Bamako	2012	11	27	332	21.2	32.9	19.1	-999.9	0.0	1.7	96835.2	-999.9
Bamako	2012	11	28	333	21.2	34.5	20.1	-999.9	0.0	2.0	96723.4	-999.9
Bamako	2012	11	29	334	23.1	35.5	20.3	-999.9	0.0	1.7	96619.8	-999.9
Bamako	2012	11	30	335	21.1	34.6	20.2	-999.9	0.0	1.1	96464.8	-999.9
Bamako	2012	12	1	336	21.2	32.9	19.8	-999.9	0.0	1.6	96558.6	-999.9
Bamako	2012	12	2	337	22.0	32.0	19.5	-999.9	0.0	2.2	96857.2	-999.9
Bamako	2012	12	3	338	20.5	31.6	19.6	-999.9	0.0	2.5	97034.6	-999.9
Bamako	2012	12	4	339	20.2	31.3	19.7	-999.9	0.0	2.6	97021.0	-999.9
Bamako	2012	12	5	340	19.8	30.0	18.3	-999.9	0.0	2.3	96887.8	-999.9
Bamako	2012	12	6	341	19.2	29.9	18.0	-999.9	0.0	2.3	96940.3	-999.9
Bamako	2012	12	7	342	18.5	31.2	20.1	-999.9	0.0	2.0	96994.7	-999.9
Bamako	2012	12	8	343	17.5	32.4	20.5	-999.9	0.0	1.9	96998.7	-999.9
Bamako	2012	12	9	344	18.8	32.5	18.4	-999.9	0.0	2.0	96931.6	-999.9
Bamako	2012	12	10	345	18.3	33.6	20.3	-999.9	0.0	2.1	96821.0	-999.9
Bamako	2012	12	11	346	18.1	33.1	20.3	-999.9	0.0	1.9	96738.6	-999.9
Bamako	2012	12	12	347	17.1	32.9	20.1	-999.9	0.0	1.8	96698.7	-999.9
Bamako	2012	12	13	348	17.6	33.1	19.9	-999.9	0.0	1.9	96707.7	-999.9
Bamako	2012	12	14	349	19.5	32.5	19.9	-999.9	0.0	2.5	96776.3	-999.9
Bamako	2012	12	15	350	20.4	31.7	18.9	-999.9	0.0	2.9	96928.4	-999.9
Bamako	2012	12	16	351	19.3	31.6	20.1	-999.9	0.0	3.0	96927.3	-999.9
Bamako	2012	12	17	352	18.2	30.9	17.9	-999.9	0.0	2.5	96846.7	-999.9
Bamako	2012	12	18	353	19.4	31.4	17.0	-999.9	0.0	2.4	96829.4	-999.9
Bamako	2012	12	19	354	20.1	30.1	14.6	-999.9	0.0	2.3	96931.0	-999.9
Bamako	2012	12	20	355	18.6	30.8	20.1	-999.9	0.0	2.5	96897.8	-999.9
Bamako	2012	12	21	356	17.3	30.1	20.1	-999.9	0.0	2.4	96869.6	-999.9
Bamako	2012	12	22	357	17.2	31.7	20.1	-999.9	0.0	2.2	96908.8	-999.9
Bamako	2012	12	23	358	18.3	32.8	20.2	-999.9	0.0	2.3	96899.9	-999.9
Bamako	2012	12	24	359	16.7	32.2	19.9	-999.9	0.0	2.1	96873.0	-999.9
Bamako	2012	12	25	360	16.7	32.6	20.2	-999.9	0.0	1.9	96865.1	-999.9
Bamako	2012	12	26	361	18.7	32.7	20.2	-999.9	0.0	2.1	96939.5	-999.9
Bamako	2012	12	27	362	19.0	31.9	20.3	-999.9	0.0	2.4	96943.0	-999.9
Bamako	2012	12	28	363	17.8	31.1	20.3	-999.9	0.0	2.3	96940.0	-999.9
Bamako	2012	12	29	364	17.2	30.0	20.4	-999.9	0.0	2.8	96996.3	-999.9
Bamako	2012	12	30	365	16.0	27.8	20.7	-999.9	0.0	2.8	97122.8	-999.9
Bamako	2012	12	31	366	14.4	28.8	20.7	-999.9	0.0	2.6	97053.9	-999.9
