Bamako	2002	1	1	1	19.6	34.7	19.7	-999.9	0.0	2.1	96707.0	-999.9
Bamako	2002	1	2	2	20.8	34.1	19.9	-999.9	0.0	2.2	96816.5	-999.9
Bamako	2002	1	3	3	20.9	31.9	18.4	-999.9	0.0	2.3	96868.2	-999.9
Bamako	2002	1	4	4	18.7	32.7	19.9	-999.9	0.0	2.0	96813.6	-999.9
Bamako	2002	1	5	5	18.8	32.6	19.9	-999.9	0.0	1.9	96685.8	-999.9
Bamako	2002	1	6	6	19.1	32.3	16.2	-999.9	0.0	1.7	96559.1	-999.9
Bamako	2002	1	7	7	20.2	33.0	19.4	-999.9	0.0	1.8	96388.8	-999.9
Bamako	2002	1	8	8	20.5	31.6	16.6	-999.9	0.0	1.2	96625.9	-999.9
Bamako	2002	1	9	9	22.2	32.8	15.0	-999.9	0.0	1.5	96879.3	-999.9
Bamako	2002	1	10	10	20.9	32.6	19.8	-999.9	0.0	2.2	96983.3	-999.9
Bamako	2002	1	11	11	22.3	30.3	19.3	-999.9	0.0	3.0	97197.0	-999.9
Bamako	2002	1	12	12	19.5	30.1	19.7	-999.9	0.0	2.4	97152.0	-999.9
Bamako	2002	1	13	13	18.3	30.2	20.3	-999.9	0.0	2.3	97044.1	-999.9
Bamako	2002	1	14	14	18.5	30.7	20.4	-999.9	0.0	2.3	96976.5	-999.9
Bamako	2002	1	15	15	18.6	30.8	20.5	-999.9	0.0	2.2	96864.0	-999.9
Bamako	2002	1	16	16	18.3	31.0	20.6	-999.9	0.0	2.3	96816.9	-999.9
Bamako	2002	1	17	17	18.4	31.9	20.6	-999.9	0.0	2.2	96773.6	-999.9
Bamako	2002	1	18	18	19.4	32.4	20.6	-999.9	0.0	2.6	96738.4	-999.9
Bamako	2002	1	19	19	19.5	32.4	20.4	-999.9	0.0	2.9	96820.5	-999.9
Bamako	2002	1	20	20	19.9	31.5	20.8	-999.9	0.0	3.1	97038.5	-999.9
Bamako	2002	1	21	21	19.3	31.9	20.7	-999.9	0.0	3.0	97124.1	-999.9
Bamako	2002	1	22	22	18.9	32.0	20.8	-999.9	0.0	2.7	97136.5	-999.9
Bamako	2002	1	23	23	19.1	33.1	20.9	-999.9	0.0	2.5	97038.6	-999.9
Bamako	2002	1	24	24	20.1	33.8	21.1	-999.9	0.0	2.5	97017.4	-999.9
Bamako	2002	1	25	25	20.3	33.1	21.2	-999.9	0.0	2.7	97043.6	-999.9
Bamako	2002	1	26	26	19.8	32.2	21.3	-999.9	0.0	2.8	97032.9	-999.9
Bamako	2002	1	27	27	18.9	32.4	21.6	-999.9	0.0	2.9	96992.6	-999.9
Bamako	2002	1	28	28	18.2	32.5	21.6	-999.9	0.0	2.7	96948.6	-999.9
Bamako	2002	1	29	29	18.5	32.8	21.5	-999.9	0.0	2.6	96988.9	-999.9
Bamako	2002	1	30	30	18.5	32.5	21.6	-999.9	0.0	2.4	97034.0	-999.9
Bamako	2002	1	31	31	20.0	31.9	19.6	-999.9	0.0	2.7	96993.2	-999.9
Bamako	2002	2	1	32	18.7	32.4	21.4	-999.9	0.0	2.6	96927.3	-999.9
Bamako	2002	2	2	33	18.6	33.1	21.7	-999.9	0.0	2.4	96976.0	-999.9
Bamako	2002	2	3	34	19.0	32.9	22.0	-999.9	0.0	2.3	96992.6	-999.9
Bamako	2002	2	4	35	19.7	33.4	21.9	-999.9	0.0	2.6	96910.5	-999.9
Bamako	2002	2	5	36	20.5	31.6	17.5	-999.9	0.0	2.8	96929.2	-999.9
Bamako	2002	2	6	37	19.1	31.4	21.9	-999.9	0.0	2.6	96916.0	-999.9
Bamako	2002	2	7	38	18.3	32.6	22.0	-999.9	0.0	2.2	96844.0	-999.9
Bamako	2002	2	8	39	18.7	33.0	22.3	-999.9	0.0	2.6	96864.4	-999.9
Bamako	2002	2	9	40	18.7	31.0	22.2	-999.9	0.0	2.9	96856.4	-999.9
Bamako	2002	2	10	41	16.9	30.7	21.6	-999.9	0.0	2.3	96882.6	-999.9
Bamako	2002	2	11	42	18.0	32.2	22.3	-999.9	0.0	2.1	96902.1	-999.9
Bamako	2002	2	12	43	18.6	32.8	21.7	-999.9	0.0	2.3	96941.0	-999.9
Bamako	2002	2	13	44	18.4	33.2	22.5	-999.9	0.0	2.2	96920.2	-999.9
Bamako	2002	2	14	45	19.0	33.4	22.6	-999.9	0.0	2.2	96872.2	-999.9
Bamako	2002	2	15	46	18.8	33.8	22.8	-999.9	0.0	2.2	96840.7	-999.9
Bamako	2002	2	16	47	19.2	35.3	22.8	-999.9	0.0	2.0	96758.1	-999.9
Bamako	2002	2	17	48	18.7	36.0	22.8	-999.9	0.0	1.7	96708.0	-999.9
Bamako	2002	2	18	49	20.2	36.9	22.8	-999.9	0.0	1.5	96683.9	-999.9
Bamako	2002	2	19	50	23.1	36.6	22.5	-999.9	0.0	2.2	96729.5	-999.9
Bamako	2002	2	20	51	22.5	38.0	23.0	-999.9	0.0	2.5	96681.5	-999.9
Bamako	2002	2	21	52	21.7	37.6	22.8	-999.9	0.0	1.8	96515.0	-999.9
Bamako	2002	2	22	53	20.9	37.8	23.3	-999.9	0.0	2.2	96411.8	-999.9
Bamako	2002	2	23	54	22.7	36.8	22.9	-999.9	0.0	2.6	96618.3	-999.9
Bamako	2002	2	24	55	22.8	36.9	23.0	-999.9	0.0	2.7	96753.0	-999.9
Bamako	2002	2	25	56	22.5	36.1	23.7	-999.9	0.0	3.3	96796.0	-999.9
Bamako	2002	2	26	57	20.6	33.5	23.6	-999.9	0.0	2.7	96826.3	-999.9
Bamako	2002	2	27	58	18.9	33.3	23.9	-999.9	0.0	1.9	96780.5	-999.9
Bamako	2002	2	28	59	19.1	34.7	23.6	-999.9	0.0	1.4	96551.7	-999.9
Bamako	2002	3	1	60	19.0	35.9	23.6	-999.9	0.0	1.5	96479.2	-999.9
Bamako	2002	3	2	61	22.0	36.6	23.6	-999.9	0.0	1.5	96462.5	-999.9
Bamako	2002	3	3	62	22.2	36.4	20.9	-999.9	0.7	1.7	96568.2	-999.9
Bamako	2002	3	4	63	23.8	37.8	23.4	-999.9	0.0	2.6	96514.0	-999.9
Bamako	2002	3	5	64	24.8	38.0	24.1	-999.9	0.0	2.4	96423.0	-999.9
Bamako	2002	3	6	65	21.9	36.0	24.2	-999.9	0.0	1.7	96506.4	-999.9
Bamako	2002	3	7	66	22.1	35.7	24.2	-999.9	0.0	1.7	96610.0	-999.9
Bamako	2002	3	8	67	22.0	36.2	24.2	-999.9	0.0	2.0	96601.2	-999.9
Bamako	2002	3	9	68	21.4	35.4	24.4	-999.9	0.0	1.8	96599.5	-999.9
Bamako	2002	3	10	69	22.0	35.3	24.5	-999.9	0.0	1.8	96716.2	-999.9
Bamako	2002	3	11	70	21.4	36.6	24.5	-999.9	0.0	1.7	96696.7	-999.9
Bamako	2002	3	12	71	23.9	37.5	23.9	-999.9	0.0	2.1	96668.4	-999.9
Bamako	2002	3	13	72	23.0	38.3	24.6	-999.9	0.0	1.7	96601.5	-999.9
Bamako	2002	3	14	73	23.2	38.1	24.0	-999.9	0.0	2.0	96532.0	-999.9
Bamako	2002	3	15	74	24.9	38.1	24.8	-999.9	0.0	2.2	96566.5	-999.9
Bamako	2002	3	16	75	23.1	38.4	25.3	-999.9	0.0	2.8	96542.2	-999.9
Bamako	2002	3	17	76	24.3	35.8	24.7	-999.9	0.0	2.3	96585.2	-999.9
Bamako	2002	3	18	77	22.0	35.8	25.0	-999.9	0.0	2.2	96618.8	-999.9
Bamako	2002	3	19	78	22.1	36.9	24.8	-999.9	0.0	2.4	96629.1	-999.9
Bamako	2002	3	20	79	23.6	38.0	25.2	-999.9	0.0	2.9	96654.6	-999.9
Bamako	2002	3	21	80	24.2	38.6	25.5	-999.9	0.0	3.0	96616.1	-999.9
Bamako	2002	3	22	81	24.0	38.1	25.5	-999.9	0.0	2.4	96504.6	-999.9
Bamako	2002	3	23	82	21.6	37.3	24.0	-999.9	0.0	1.8	96484.8	-999.9
Bamako	2002	3	24	83	27.1	35.4	20.0	-999.9	1.3	1.9	96546.3	-999.9
Bamako	2002	3	25	84	25.8	35.2	15.1	-999.9	0.0	1.9	96605.3	-999.9
Bamako	2002	3	26	85	25.0	38.5	24.8	-999.9	0.0	2.0	96490.3	-999.9
Bamako	2002	3	27	86	23.6	38.4	24.4	-999.9	0.0	2.6	96483.5	-999.9
Bamako	2002	3	28	87	24.6	37.6	23.5	-999.9	0.0	1.7	96446.3	-999.9
Bamako	2002	3	29	88	25.8	38.3	23.9	-999.9	0.0	1.4	96429.5	-999.9
Bamako	2002	3	30	89	26.4	38.0	21.7	-999.9	0.0	2.1	96535.6	-999.9
Bamako	2002	3	31	90	27.2	39.4	23.8	-999.9	0.0	1.6	96463.1	-999.9
Bamako	2002	4	1	91	29.0	39.6	24.8	-999.9	0.0	2.1	96391.0	-999.9
Bamako	2002	4	2	92	27.6	39.5	25.0	-999.9	0.0	2.4	96483.9	-999.9
Bamako	2002	4	3	93	27.5	38.4	25.3	-999.9	0.0	2.5	96625.6	-999.9
Bamako	2002	4	4	94	23.9	37.9	25.3	-999.9	0.0	1.7	96432.5	-999.9
Bamako	2002	4	5	95	24.9	38.3	25.1	-999.9	0.0	1.2	96212.5	-999.9
Bamako	2002	4	6	96	27.3	38.3	24.1	-999.9	0.0	1.9	96199.7	-999.9
Bamako	2002	4	7	97	27.2	37.3	22.4	-999.9	0.0	1.9	96314.8	-999.9
Bamako	2002	4	8	98	26.6	37.3	21.6	-999.9	0.0	2.0	96434.6	-999.9
Bamako	2002	4	9	99	27.5	37.5	22.6	-999.9	0.0	1.5	96482.5	-999.9
Bamako	2002	4	10	100	27.3	38.2	21.6	-999.9	0.0	1.8	96334.2	-999.9
Bamako	2002	4	11	101	29.2	39.5	25.4	-999.9	0.0	1.6	96162.0	-999.9
Bamako	2002	4	12	102	26.2	38.2	25.7	-999.9	0.0	2.1	96340.4	-999.9
Bamako	2002	4	13	103	25.5	38.9	25.5	-999.9	0.0	2.0	96397.4	-999.9
Bamako	2002	4	14	104	26.0	38.6	24.7	-999.9	0.0	1.5	96420.4	-999.9
Bamako	2002	4	15	105	26.9	38.1	25.6	-999.9	2.4	2.3	96476.5	-999.9
Bamako	2002	4	16	106	25.4	38.0	24.7	-999.9	2.1	2.0	96516.7	-999.9
Bamako	2002	4	17	107	24.4	38.8	25.1	-999.9	0.0	1.7	96574.9	-999.9
Bamako	2002	4	18	108	23.9	38.4	26.3	-999.9	0.0	1.6	96536.0	-999.9
Bamako	2002	4	19	109	23.7	38.0	26.2	-999.9	0.0	1.9	96454.9	-999.9
Bamako	2002	4	20	110	23.7	37.9	24.0	-999.9	0.0	1.5	96475.3	-999.9
Bamako	2002	4	21	111	28.3	37.3	23.0	-999.9	0.0	1.7	96527.2	-999.9
Bamako	2002	4	22	112	27.2	37.4	20.3	-999.9	10.3	1.7	96518.6	-999.9
Bamako	2002	4	23	113	25.4	39.4	25.3	-999.9	0.0	2.4	96396.0	-999.9
Bamako	2002	4	24	114	25.3	37.8	26.4	-999.9	0.0	2.6	96391.5	-999.9
Bamako	2002	4	25	115	23.5	37.8	26.2	-999.9	0.0	2.0	96401.9	-999.9
Bamako	2002	4	26	116	23.5	38.8	25.8	-999.9	0.0	1.9	96369.1	-999.9
Bamako	2002	4	27	117	25.2	40.0	26.1	-999.9	0.0	1.7	96305.1	-999.9
Bamako	2002	4	28	118	24.5	41.1	26.2	-999.9	0.0	1.8	96279.4	-999.9
Bamako	2002	4	29	119	28.2	40.0	25.9	-999.9	0.0	2.8	96414.1	-999.9
Bamako	2002	4	30	120	28.2	39.8	23.7	-999.9	0.0	2.5	96475.6	-999.9
Bamako	2002	5	1	121	28.9	40.2	25.6	-999.9	0.0	2.1	96392.5	-999.9
Bamako	2002	5	2	122	25.4	39.6	26.1	-999.9	0.0	1.5	96305.3	-999.9
Bamako	2002	5	3	123	25.7	39.5	25.5	-999.9	0.0	1.8	96327.9	-999.9
Bamako	2002	5	4	124	28.3	38.0	21.9	-999.9	0.0	2.3	96547.6	-999.9
Bamako	2002	5	5	125	24.7	34.9	21.3	-999.9	8.8	1.5	96707.9	-999.9
Bamako	2002	5	6	126	26.7	36.7	23.7	-999.9	0.0	2.0	96548.5	-999.9
Bamako	2002	5	7	127	25.9	38.1	23.9	-999.9	0.0	2.2	96512.1	-999.9
Bamako	2002	5	8	128	27.4	37.1	23.2	-999.9	0.0	1.8	96690.7	-999.9
Bamako	2002	5	9	129	27.6	35.9	21.0	-999.9	0.0	1.8	96916.5	-999.9
Bamako	2002	5	10	130	27.0	37.5	18.7	-999.9	0.0	1.9	96852.8	-999.9
Bamako	2002	5	11	131	25.1	39.6	25.8	-999.9	0.0	2.1	96693.7	-999.9
Bamako	2002	5	12	132	24.5	40.3	26.1	-999.9	0.0	2.2	96609.4	-999.9
Bamako	2002	5	13	133	25.8	41.1	26.0	-999.9	0.0	1.6	96583.4	-999.9
Bamako	2002	5	14	134	24.7	41.2	25.8	-999.9	0.0	2.3	96610.4	-999.9
Bamako	2002	5	15	135	27.5	37.8	20.2	-999.9	2.7	2.1	96771.6	-999.9
Bamako	2002	5	16	136	26.5	39.4	23.7	-999.9	0.0	1.4	96645.1	-999.9
Bamako	2002	5	17	137	28.3	40.6	23.0	-999.9	0.0	2.2	96416.0	-999.9
Bamako	2002	5	18	138	28.6	39.5	24.6	-999.9	2.8	2.0	96525.9	-999.9
Bamako	2002	5	19	139	27.5	37.5	22.9	-999.9	5.6	1.7	96659.1	-999.9
Bamako	2002	5	20	140	27.5	36.3	23.8	-999.9	0.0	1.9	96539.1	-999.9
Bamako	2002	5	21	141	27.0	35.0	20.0	-999.9	0.0	1.3	96622.3	-999.9
Bamako	2002	5	22	142	25.5	36.8	23.5	-999.9	0.0	1.6	96626.1	-999.9
Bamako	2002	5	23	143	25.3	37.2	22.4	-999.9	0.0	1.6	96641.2	-999.9
Bamako	2002	5	24	144	26.3	36.6	19.0	-999.9	0.0	1.5	96683.6	-999.9
Bamako	2002	5	25	145	24.8	38.4	24.8	-999.9	0.0	1.8	96629.0	-999.9
Bamako	2002	5	26	146	26.5	39.9	24.6	-999.9	0.0	1.7	96507.3	-999.9
Bamako	2002	5	27	147	27.2	39.8	24.2	-999.9	0.0	1.9	96416.2	-999.9
Bamako	2002	5	28	148	28.5	39.9	23.9	-999.9	2.1	2.5	96398.5	-999.9
Bamako	2002	5	29	149	27.7	38.1	22.4	-999.9	4.3	1.8	96594.9	-999.9
Bamako	2002	5	30	150	26.9	39.0	23.8	-999.9	0.0	2.0	96687.3	-999.9
Bamako	2002	5	31	151	27.8	39.2	23.6	-999.9	0.0	2.1	96630.1	-999.9
Bamako	2002	6	1	152	26.6	40.1	25.0	-999.9	0.0	2.5	96546.1	-999.9
Bamako	2002	6	2	153	26.6	40.1	24.9	-999.9	0.0	2.2	96443.9	-999.9
Bamako	2002	6	3	154	27.8	39.2	24.3	-999.9	23.0	2.6	96491.1	-999.9
Bamako	2002	6	4	155	26.2	32.5	15.0	-999.9	0.0	2.2	96791.3	-999.9
Bamako	2002	6	5	156	25.0	35.1	22.2	-999.9	0.0	1.5	96869.3	-999.9
Bamako	2002	6	6	157	26.0	37.3	23.0	-999.9	0.0	1.8	96747.3	-999.9
Bamako	2002	6	7	158	26.1	39.6	22.0	-999.9	15.6	2.1	96633.3	-999.9
Bamako	2002	6	8	159	25.5	37.7	25.0	-999.9	0.0	2.0	96654.7	-999.9
Bamako	2002	6	9	160	26.8	38.2	23.3	-999.9	0.0	2.2	96529.5	-999.9
Bamako	2002	6	10	161	26.2	37.3	21.4	-999.9	7.8	1.9	96669.8	-999.9
Bamako	2002	6	11	162	26.1	35.6	20.6	-999.9	0.0	2.5	96834.8	-999.9
Bamako	2002	6	12	163	25.1	36.0	24.4	-999.9	0.0	1.7	96884.0	-999.9
Bamako	2002	6	13	164	25.9	39.0	24.7	-999.9	0.0	2.7	96716.2	-999.9
Bamako	2002	6	14	165	24.9	38.4	24.9	-999.9	0.0	2.9	96591.7	-999.9
Bamako	2002	6	15	166	25.7	35.5	23.5	-999.9	8.2	2.1	96716.7	-999.9
Bamako	2002	6	16	167	23.6	32.2	20.6	-999.9	0.0	1.9	96846.2	-999.9
Bamako	2002	6	17	168	24.7	33.4	21.8	-999.9	0.0	1.7	96919.5	-999.9
Bamako	2002	6	18	169	24.7	34.4	23.5	-999.9	0.0	1.9	96905.0	-999.9
Bamako	2002	6	19	170	25.5	34.7	23.6	-999.9	0.0	2.5	96746.0	-999.9
Bamako	2002	6	20	171	24.2	33.7	23.1	-999.9	0.0	1.5	96811.1	-999.9
Bamako	2002	6	21	172	24.8	33.6	22.7	-999.9	0.0	1.7	96932.7	-999.9
Bamako	2002	6	22	173	25.1	36.3	23.7	-999.9	5.4	1.7	96903.9	-999.9
Bamako	2002	6	23	174	24.7	35.1	22.9	-999.9	5.4	2.3	96893.4	-999.9
Bamako	2002	6	24	175	25.0	31.6	19.1	-999.9	10.8	2.1	96945.5	-999.9
Bamako	2002	6	25	176	23.6	29.5	12.4	-999.9	21.7	1.8	97106.8	-999.9
Bamako	2002	6	26	177	23.2	31.1	22.4	-999.9	0.0	1.1	97107.1	-999.9
Bamako	2002	6	27	178	25.0	31.5	19.4	-999.9	5.3	1.5	96982.7	-999.9
Bamako	2002	6	28	179	23.9	31.8	22.7	-999.9	0.0	2.1	96955.3	-999.9
Bamako	2002	6	29	180	25.2	33.0	21.6	-999.9	5.3	2.0	96977.7	-999.9
Bamako	2002	6	30	181	24.9	32.6	22.9	-999.9	0.0	1.5	96963.5	-999.9
Bamako	2002	7	1	182	24.6	32.7	23.6	-999.9	0.0	2.2	96916.3	-999.9
Bamako	2002	7	2	183	23.8	30.2	14.9	-999.9	22.8	1.7	96980.0	-999.9
Bamako	2002	7	3	184	24.3	30.5	17.4	-999.9	0.0	1.7	96958.8	-999.9
Bamako	2002	7	4	185	24.3	31.0	19.9	-999.9	11.4	1.7	96887.1	-999.9
Bamako	2002	7	5	186	24.2	30.9	20.9	-999.9	0.0	1.8	96912.2	-999.9
Bamako	2002	7	6	187	22.7	32.2	23.9	-999.9	10.6	1.3	96909.0	-999.9
Bamako	2002	7	7	188	23.7	31.7	19.6	-999.9	10.6	1.7	96927.7	-999.9
Bamako	2002	7	8	189	22.8	31.8	21.6	-999.9	0.0	1.4	96984.7	-999.9
Bamako	2002	7	9	190	24.8	34.1	23.2	-999.9	21.1	1.9	96913.3	-999.9
Bamako	2002	7	10	191	23.4	31.8	22.1	-999.9	21.1	2.6	96934.3	-999.9
Bamako	2002	7	11	192	24.8	31.4	21.1	-999.9	0.0	1.9	96893.6	-999.9
Bamako	2002	7	12	193	24.6	31.3	20.4	-999.9	0.0	1.2	96895.9	-999.9
Bamako	2002	7	13	194	23.9	32.3	21.8	-999.9	0.0	1.5	96909.2	-999.9
Bamako	2002	7	14	195	25.4	34.1	21.4	-999.9	13.9	1.8	96826.0	-999.9
Bamako	2002	7	15	196	23.5	29.4	16.4	-999.9	13.9	2.4	96881.6	-999.9
Bamako	2002	7	16	197	23.4	27.9	13.4	-999.9	14.3	1.9	96932.9	-999.9
Bamako	2002	7	17	198	23.1	29.0	16.5	-999.9	0.0	1.6	96955.1	-999.9
Bamako	2002	7	18	199	23.6	30.3	19.9	-999.9	0.0	1.8	96808.8	-999.9
Bamako	2002	7	19	200	23.6	30.8	21.4	-999.9	0.0	1.9	96761.0	-999.9
Bamako	2002	7	20	201	22.6	31.1	23.5	-999.9	14.3	1.4	96880.4	-999.9
Bamako	2002	7	21	202	23.0	30.2	19.2	-999.9	5.3	1.2	96892.1	-999.9
Bamako	2002	7	22	203	24.4	31.1	21.9	-999.9	10.6	1.5	96807.5	-999.9
Bamako	2002	7	23	204	23.9	30.8	20.5	-999.9	0.0	1.6	96881.5	-999.9
Bamako	2002	7	24	205	22.7	30.7	19.7	-999.9	10.6	1.7	97080.2	-999.9
Bamako	2002	7	25	206	22.8	31.8	21.9	-999.9	0.0	2.2	96966.7	-999.9
Bamako	2002	7	26	207	25.0	31.0	19.2	-999.9	0.0	2.7	96729.0	-999.9
Bamako	2002	7	27	208	22.4	29.9	19.2	-999.9	0.0	2.5	96785.3	-999.9
Bamako	2002	7	28	209	23.5	29.1	16.0	-999.9	13.7	1.8	96983.5	-999.9
Bamako	2002	7	29	210	23.4	29.1	17.7	-999.9	13.7	1.4	97102.8	-999.9
Bamako	2002	7	30	211	22.7	28.6	16.8	-999.9	0.0	1.6	96996.0	-999.9
Bamako	2002	7	31	212	23.2	30.5	21.9	-999.9	7.8	1.5	96756.8	-999.9
Bamako	2002	8	1	213	23.0	30.0	19.8	-999.9	55.2	1.9	96689.3	-999.9
Bamako	2002	8	2	214	22.7	26.0	9.9	-999.9	0.0	1.8	96809.9	-999.9
Bamako	2002	8	3	215	22.3	27.7	15.5	-999.9	0.0	1.2	96944.4	-999.9
Bamako	2002	8	4	216	22.3	29.5	19.9	-999.9	0.0	1.6	96904.8	-999.9
Bamako	2002	8	5	217	23.0	30.9	21.8	-999.9	0.0	2.5	96773.9	-999.9
Bamako	2002	8	6	218	23.3	31.1	21.7	-999.9	20.7	2.2	96711.7	-999.9
Bamako	2002	8	7	219	23.0	27.8	14.5	-999.9	0.0	1.5	96806.5	-999.9
Bamako	2002	8	8	220	22.3	28.5	18.4	-999.9	0.0	1.9	96922.5	-999.9
Bamako	2002	8	9	221	22.7	30.0	21.7	-999.9	0.0	1.7	96954.3	-999.9
Bamako	2002	8	10	222	23.8	28.1	10.8	-999.9	31.0	1.6	96892.8	-999.9
Bamako	2002	8	11	223	23.2	30.1	19.3	-999.9	0.0	1.3	96896.8	-999.9
Bamako	2002	8	12	224	23.0	29.8	19.3	-999.9	8.4	1.8	96981.7	-999.9
Bamako	2002	8	13	225	23.5	28.2	14.1	-999.9	8.4	1.3	97051.2	-999.9
Bamako	2002	8	14	226	22.7	30.3	21.3	-999.9	16.9	1.7	97036.3	-999.9
Bamako	2002	8	15	227	23.4	27.7	10.9	-999.9	16.9	1.8	96981.7	-999.9
Bamako	2002	8	16	228	22.3	28.8	17.8	-999.9	0.0	1.8	96997.7	-999.9
Bamako	2002	8	17	229	23.1	30.2	21.0	-999.9	16.3	1.6	96893.8	-999.9
Bamako	2002	8	18	230	22.8	24.8	7.0	-999.9	16.3	1.3	96766.7	-999.9
Bamako	2002	8	19	231	22.9	28.8	19.5	-999.9	8.2	1.3	96850.0	-999.9
Bamako	2002	8	20	232	23.0	29.6	20.1	-999.9	0.0	1.3	96951.9	-999.9
Bamako	2002	8	21	233	22.8	29.4	14.6	-999.9	38.5	1.0	96942.0	-999.9
Bamako	2002	8	22	234	22.2	29.4	19.1	-999.9	0.0	1.7	96906.6	-999.9
Bamako	2002	8	23	235	22.3	30.4	21.0	-999.9	0.0	1.8	96895.8	-999.9
Bamako	2002	8	24	236	22.5	30.3	21.9	-999.9	0.0	1.3	96858.0	-999.9
Bamako	2002	8	25	237	22.3	30.5	20.7	-999.9	25.7	1.2	96909.8	-999.9
Bamako	2002	8	26	238	22.6	30.0	21.1	-999.9	9.4	1.0	96803.6	-999.9
Bamako	2002	8	27	239	22.5	29.2	17.0	-999.9	0.0	1.6	96741.4	-999.9
Bamako	2002	8	28	240	22.4	27.8	12.9	-999.9	0.0	1.8	96806.0	-999.9
Bamako	2002	8	29	241	21.9	30.0	19.7	-999.9	0.0	1.7	96901.0	-999.9
Bamako	2002	8	30	242	23.4	29.9	16.9	-999.9	18.7	1.8	96856.8	-999.9
Bamako	2002	8	31	243	22.8	29.2	19.7	-999.9	0.0	2.0	96918.0	-999.9
Bamako	2002	9	1	244	21.8	30.5	23.5	-999.9	0.0	1.2	96856.8	-999.9
Bamako	2002	9	2	245	22.5	29.7	17.7	-999.9	0.0	1.3	96850.2	-999.9
Bamako	2002	9	3	246	22.3	31.9	23.9	-999.9	0.0	1.0	96907.4	-999.9
Bamako	2002	9	4	247	24.8	32.7	22.6	-999.9	0.0	2.1	96727.5	-999.9
Bamako	2002	9	5	248	22.8	28.2	12.7	-999.9	26.6	1.9	96747.8	-999.9
Bamako	2002	9	6	249	21.9	29.6	21.2	-999.9	5.7	1.8	96947.6	-999.9
Bamako	2002	9	7	250	23.2	30.5	22.0	-999.9	11.5	1.9	96821.2	-999.9
Bamako	2002	9	8	251	22.3	26.3	7.6	-999.9	5.7	1.0	96885.0	-999.9
Bamako	2002	9	9	252	21.7	29.2	19.3	-999.9	0.0	1.3	97018.1	-999.9
Bamako	2002	9	10	253	23.0	29.5	17.7	-999.9	0.0	1.6	96927.1	-999.9
Bamako	2002	9	11	254	22.9	29.2	17.4	-999.9	0.0	1.1	96774.2	-999.9
Bamako	2002	9	12	255	22.4	30.7	23.8	-999.9	0.0	1.5	96832.8	-999.9
Bamako	2002	9	13	256	22.4	30.4	22.6	-999.9	4.4	1.4	96942.1	-999.9
Bamako	2002	9	14	257	22.9	29.0	18.3	-999.9	4.4	0.9	97014.6	-999.9
Bamako	2002	9	15	258	22.2	29.3	17.6	-999.9	0.0	1.0	97021.8	-999.9
Bamako	2002	9	16	259	22.9	30.9	22.1	-999.9	0.0	1.1	97026.9	-999.9
Bamako	2002	9	17	260	24.1	30.4	20.8	-999.9	2.6	1.8	96915.2	-999.9
Bamako	2002	9	18	261	23.6	30.8	22.0	-999.9	2.6	1.5	96659.8	-999.9
Bamako	2002	9	19	262	22.8	29.3	19.5	-999.9	2.6	1.5	96724.6	-999.9
Bamako	2002	9	20	263	22.6	28.1	18.8	-999.9	0.0	1.4	96938.5	-999.9
Bamako	2002	9	21	264	22.5	30.6	22.7	-999.9	0.0	1.1	96968.5	-999.9
Bamako	2002	9	22	265	24.6	33.0	24.4	-999.9	3.2	2.3	96744.8	-999.9
Bamako	2002	9	23	266	23.7	29.6	15.5	-999.9	0.0	1.7	96860.6	-999.9
Bamako	2002	9	24	267	22.3	30.1	19.0	-999.9	6.4	1.7	96912.0	-999.9
Bamako	2002	9	25	268	22.9	30.9	20.2	-999.9	3.2	1.3	96851.6	-999.9
Bamako	2002	9	26	269	22.6	31.8	23.6	-999.9	0.0	1.6	96881.8	-999.9
Bamako	2002	9	27	270	24.2	33.2	23.9	-999.9	0.0	1.2	96788.0	-999.9
Bamako	2002	9	28	271	23.6	32.6	23.6	-999.9	0.0	2.6	96705.9	-999.9
Bamako	2002	9	29	272	24.4	32.1	19.1	-999.9	0.0	2.5	96739.4	-999.9
Bamako	2002	9	30	273	23.3	32.5	23.0	-999.9	0.0	2.3	96742.7	-999.9
Bamako	2002	10	1	274	23.2	32.8	23.0	-999.9	0.0	2.3	96734.6	-999.9
Bamako	2002	10	2	275	22.1	32.5	24.9	-999.9	0.0	2.1	96634.1	-999.9
Bamako	2002	10	3	276	21.9	32.9	22.6	-999.9	0.0	1.7	96634.0	-999.9
Bamako	2002	10	4	277	23.2	32.8	22.7	-999.9	1.8	2.0	96694.2	-999.9
Bamako	2002	10	5	278	23.4	31.1	18.4	-999.9	0.0	1.6	96812.3	-999.9
Bamako	2002	10	6	279	22.6	26.2	10.3	-999.9	3.2	1.2	96783.1	-999.9
Bamako	2002	10	7	280	22.4	28.8	17.4	-999.9	3.2	1.4	96776.6	-999.9
Bamako	2002	10	8	281	22.5	28.7	16.7	-999.9	6.5	0.8	96812.5	-999.9
Bamako	2002	10	9	282	22.4	28.8	16.9	-999.9	3.2	1.1	96771.8	-999.9
Bamako	2002	10	10	283	22.6	29.4	17.6	-999.9	0.0	1.0	96881.8	-999.9
Bamako	2002	10	11	284	21.8	30.3	21.7	-999.9	4.1	0.9	97036.9	-999.9
Bamako	2002	10	12	285	22.8	31.8	21.6	-999.9	0.0	1.7	96904.2	-999.9
Bamako	2002	10	13	286	23.7	32.7	22.9	-999.9	4.1	1.3	96672.2	-999.9
Bamako	2002	10	14	287	24.4	30.7	20.4	-999.9	0.0	1.5	96764.5	-999.9
Bamako	2002	10	15	288	23.6	30.5	21.4	-999.9	8.1	1.5	96795.3	-999.9
Bamako	2002	10	16	289	23.4	30.4	21.0	-999.9	0.0	1.1	96764.1	-999.9
Bamako	2002	10	17	290	23.3	31.4	21.5	-999.9	0.0	1.3	96789.0	-999.9
Bamako	2002	10	18	291	23.9	32.1	20.7	-999.9	0.0	1.5	96759.8	-999.9
Bamako	2002	10	19	292	23.5	32.7	21.2	-999.9	11.4	1.0	96708.5	-999.9
Bamako	2002	10	20	293	24.2	31.8	20.3	-999.9	5.7	1.1	96759.0	-999.9
Bamako	2002	10	21	294	23.1	33.9	22.4	-999.9	0.0	1.3	96687.7	-999.9
Bamako	2002	10	22	295	23.2	32.8	20.9	-999.9	0.0	1.3	96688.1	-999.9
Bamako	2002	10	23	296	23.7	32.6	19.3	-999.9	9.3	1.0	96745.9	-999.9
Bamako	2002	10	24	297	23.1	33.0	20.6	-999.9	0.0	1.4	96703.9	-999.9
Bamako	2002	10	25	298	22.9	32.3	19.5	-999.9	0.0	1.3	96684.3	-999.9
Bamako	2002	10	26	299	22.5	32.3	19.7	-999.9	0.0	1.1	96714.7	-999.9
Bamako	2002	10	27	300	21.7	33.3	20.1	-999.9	0.0	1.4	96696.7	-999.9
Bamako	2002	10	28	301	20.8	34.2	22.3	-999.9	0.0	1.4	96643.1	-999.9
Bamako	2002	10	29	302	21.5	33.6	19.2	-999.9	0.0	1.4	96672.5	-999.9
Bamako	2002	10	30	303	20.6	34.2	22.1	-999.9	0.0	1.5	96652.5	-999.9
Bamako	2002	10	31	304	23.4	33.4	19.0	-999.9	10.7	1.5	96774.2	-999.9
Bamako	2002	11	1	305	21.1	32.9	18.8	-999.9	0.0	1.5	96767.4	-999.9
Bamako	2002	11	2	306	18.8	33.7	22.6	-999.9	0.0	1.7	96714.0	-999.9
Bamako	2002	11	3	307	19.2	34.1	22.5	-999.9	0.0	1.8	96658.3	-999.9
Bamako	2002	11	4	308	20.9	32.7	22.4	-999.9	0.0	2.4	96751.3	-999.9
Bamako	2002	11	5	309	18.7	32.9	22.5	-999.9	0.0	1.5	96826.9	-999.9
Bamako	2002	11	6	310	18.6	33.1	22.3	-999.9	0.0	2.0	96917.8	-999.9
Bamako	2002	11	7	311	18.7	33.1	20.6	-999.9	2.1	2.0	96938.1	-999.9
Bamako	2002	11	8	312	20.5	33.0	21.7	-999.9	0.0	2.1	96982.9	-999.9
Bamako	2002	11	9	313	20.5	32.4	21.4	-999.9	0.0	1.9	97020.8	-999.9
Bamako	2002	11	10	314	21.4	33.3	21.7	-999.9	0.0	2.1	96933.5	-999.9
Bamako	2002	11	11	315	21.1	33.9	21.7	-999.9	0.0	2.1	96842.1	-999.9
Bamako	2002	11	12	316	19.8	34.4	21.3	-999.9	0.0	2.0	96946.6	-999.9
Bamako	2002	11	13	317	21.8	35.1	21.4	-999.9	0.0	1.9	96902.6	-999.9
Bamako	2002	11	14	318	23.1	34.6	19.8	-999.9	0.0	1.3	96775.7	-999.9
Bamako	2002	11	15	319	23.7	34.1	19.4	-999.9	0.0	1.6	96752.2	-999.9
Bamako	2002	11	16	320	23.1	34.1	19.1	-999.9	0.0	1.3	96736.9	-999.9
Bamako	2002	11	17	321	21.8	35.1	20.7	-999.9	0.0	1.2	96764.3	-999.9
Bamako	2002	11	18	322	22.1	34.9	20.4	-999.9	0.0	1.8	96744.7	-999.9
Bamako	2002	11	19	323	20.6	35.1	21.2	-999.9	0.0	1.8	96693.2	-999.9
Bamako	2002	11	20	324	20.7	34.6	21.1	-999.9	0.0	1.4	96723.8	-999.9
Bamako	2002	11	21	325	19.3	35.3	21.2	-999.9	0.0	2.2	96739.4	-999.9
Bamako	2002	11	22	326	18.9	34.1	21.3	-999.9	0.0	2.3	96772.3	-999.9
Bamako	2002	11	23	327	19.2	35.1	21.2	-999.9	0.0	2.3	96854.3	-999.9
Bamako	2002	11	24	328	18.3	35.0	21.2	-999.9	0.0	2.1	96884.6	-999.9
Bamako	2002	11	25	329	19.0	34.6	21.2	-999.9	0.0	2.1	96843.8	-999.9
Bamako	2002	11	26	330	18.1	33.4	17.5	-999.9	0.0	1.9	96814.2	-999.9
Bamako	2002	11	27	331	18.7	34.1	19.8	-999.9	0.0	1.9	96794.2	-999.9
Bamako	2002	11	28	332	17.9	34.1	20.6	-999.9	0.0	2.0	96808.7	-999.9
Bamako	2002	11	29	333	18.6	33.9	20.8	-999.9	0.0	2.1	96804.2	-999.9
Bamako	2002	11	30	334	19.7	33.5	19.4	-999.9	0.0	2.2	96888.2	-999.9
Bamako	2002	12	1	335	19.7	33.7	20.7	-999.9	0.0	2.4	96853.4	-999.9
Bamako	2002	12	2	336	18.7	32.6	20.6	-999.9	0.0	2.1	96775.4	-999.9
Bamako	2002	12	3	337	18.7	32.8	20.0	-999.9	0.0	2.0	96796.3	-999.9
Bamako	2002	12	4	338	18.9	33.0	20.3	-999.9	0.0	1.9	96824.6	-999.9
Bamako	2002	12	5	339	18.2	31.9	19.2	-999.9	0.0	1.9	96719.0	-999.9
Bamako	2002	12	6	340	18.3	32.6	19.9	-999.9	0.0	1.7	96596.6	-999.9
Bamako	2002	12	7	341	18.6	32.1	19.6	-999.9	0.1	1.5	96647.8	-999.9
Bamako	2002	12	8	342	18.3	32.2	20.2	-999.9	0.0	2.1	96809.0	-999.9
Bamako	2002	12	9	343	19.5	32.2	19.5	-999.9	0.0	2.7	96971.5	-999.9
Bamako	2002	12	10	344	21.7	30.8	16.5	-999.9	0.0	3.7	97180.0	-999.9
Bamako	2002	12	11	345	20.7	30.3	16.1	-999.9	0.0	2.8	97282.3	-999.9
Bamako	2002	12	12	346	20.6	30.2	14.3	-999.9	0.0	2.6	97292.3	-999.9
Bamako	2002	12	13	347	19.9	32.5	19.1	-999.9	0.0	2.5	97283.9	-999.9
Bamako	2002	12	14	348	21.8	34.1	19.8	-999.9	0.0	3.0	97190.2	-999.9
Bamako	2002	12	15	349	21.3	34.2	19.6	-999.9	0.0	2.5	96991.8	-999.9
Bamako	2002	12	16	350	20.7	34.8	19.6	-999.9	0.0	2.2	96846.3	-999.9
Bamako	2002	12	17	351	21.4	34.9	18.6	-999.9	0.0	2.4	96883.1	-999.9
Bamako	2002	12	18	352	21.3	33.1	20.4	-999.9	0.0	2.4	96938.4	-999.9
Bamako	2002	12	19	353	15.9	31.9	20.6	-999.9	0.0	2.0	96994.3	-999.9
Bamako	2002	12	20	354	17.2	32.8	20.3	-999.9	0.0	2.0	96975.6	-999.9
Bamako	2002	12	21	355	18.9	32.6	20.3	-999.9	0.0	2.4	96951.8	-999.9
Bamako	2002	12	22	356	18.2	32.3	20.6	-999.9	0.0	2.5	97019.6	-999.9
Bamako	2002	12	23	357	17.3	31.7	20.5	-999.9	0.0	2.7	97093.1	-999.9
Bamako	2002	12	24	358	18.2	31.0	20.6	-999.9	0.0	2.7	97171.2	-999.9
Bamako	2002	12	25	359	16.9	30.9	20.5	-999.9	0.0	2.5	97278.6	-999.9
Bamako	2002	12	26	360	17.1	30.4	20.2	-999.9	0.0	2.5	97232.9	-999.9
Bamako	2002	12	27	361	17.2	30.0	19.8	-999.9	0.0	2.5	97132.1	-999.9
Bamako	2002	12	28	362	15.8	30.6	20.5	-999.9	0.0	2.3	97077.3	-999.9
Bamako	2002	12	29	363	15.9	31.2	20.5	-999.9	0.0	2.3	97090.2	-999.9
Bamako	2002	12	30	364	17.5	32.0	20.3	-999.9	0.0	2.3	97150.7	-999.9
Bamako	2002	12	31	365	18.2	30.9	20.2	-999.9	0.0	2.5	97173.4	-999.9
