Bamako	1990	1	1	1	19.5	30.3	19.7	-999.9	0.0	2.3	97061.9	-999.9
Bamako	1990	1	2	2	16.6	29.0	20.3	-999.9	0.0	2.3	97023.0	-999.9
Bamako	1990	1	3	3	16.6	30.0	20.2	-999.9	0.0	2.2	96982.7	-999.9
Bamako	1990	1	4	4	15.9	30.7	20.4	-999.9	0.0	2.0	96946.1	-999.9
Bamako	1990	1	5	5	16.6	30.2	20.3	-999.9	0.0	2.1	96885.0	-999.9
Bamako	1990	1	6	6	15.9	30.0	20.4	-999.9	0.0	2.0	96919.6	-999.9
Bamako	1990	1	7	7	15.5	30.2	20.6	-999.9	0.0	2.1	96899.1	-999.9
Bamako	1990	1	8	8	16.4	32.4	20.4	-999.9	0.0	2.2	96875.3	-999.9
Bamako	1990	1	9	9	18.4	33.4	19.9	-999.9	0.0	2.1	96826.7	-999.9
Bamako	1990	1	10	10	19.4	33.5	19.9	-999.9	0.0	2.0	96756.8	-999.9
Bamako	1990	1	11	11	20.4	33.5	19.2	-999.9	0.0	2.0	96693.9	-999.9
Bamako	1990	1	12	12	19.3	31.4	17.1	-999.9	0.0	2.4	96798.9	-999.9
Bamako	1990	1	13	13	19.0	31.4	18.7	-999.9	0.0	2.6	96895.6	-999.9
Bamako	1990	1	14	14	19.6	30.4	18.1	-999.9	0.0	2.7	96962.0	-999.9
Bamako	1990	1	15	15	17.4	29.8	19.9	-999.9	0.0	2.5	96902.9	-999.9
Bamako	1990	1	16	16	16.9	30.5	20.6	-999.9	0.0	2.5	96915.0	-999.9
Bamako	1990	1	17	17	17.4	32.6	20.7	-999.9	0.0	2.3	96875.9	-999.9
Bamako	1990	1	18	18	20.6	33.7	20.5	-999.9	0.0	2.4	96703.4	-999.9
Bamako	1990	1	19	19	19.9	33.2	19.7	-999.9	0.0	2.5	96616.2	-999.9
Bamako	1990	1	20	20	19.3	31.3	20.3	-999.9	0.0	2.9	96766.0	-999.9
Bamako	1990	1	21	21	17.4	27.5	20.2	-999.9	0.0	3.3	96955.7	-999.9
Bamako	1990	1	22	22	15.3	25.6	20.3	-999.9	0.0	3.2	97110.5	-999.9
Bamako	1990	1	23	23	15.0	25.1	20.3	-999.9	0.0	3.0	97157.5	-999.9
Bamako	1990	1	24	24	14.3	25.6	20.9	-999.9	0.0	2.8	97131.3	-999.9
Bamako	1990	1	25	25	15.1	27.8	21.1	-999.9	0.0	2.4	97047.1	-999.9
Bamako	1990	1	26	26	15.9	30.1	21.0	-999.9	0.0	2.2	96915.3	-999.9
Bamako	1990	1	27	27	17.6	32.2	20.9	-999.9	0.0	2.0	96746.6	-999.9
Bamako	1990	1	28	28	20.4	33.1	18.3	-999.9	0.0	1.9	96661.6	-999.9
Bamako	1990	1	29	29	21.3	34.1	20.3	-999.9	0.0	2.2	96709.4	-999.9
Bamako	1990	1	30	30	20.5	33.9	21.3	-999.9	0.0	2.3	96778.2	-999.9
Bamako	1990	1	31	31	19.1	33.8	21.7	-999.9	0.0	2.0	96804.6	-999.9
Bamako	1990	2	1	32	18.9	34.4	22.1	-999.9	0.0	2.4	96715.1	-999.9
Bamako	1990	2	2	33	19.2	34.8	21.9	-999.9	0.0	2.4	96661.4	-999.9
Bamako	1990	2	3	34	20.0	35.5	21.6	-999.9	0.0	2.2	96649.8	-999.9
Bamako	1990	2	4	35	20.5	35.7	21.3	-999.9	0.0	2.2	96665.0	-999.9
Bamako	1990	2	5	36	18.7	36.1	21.7	-999.9	0.0	2.4	96702.5	-999.9
Bamako	1990	2	6	37	20.6	35.3	21.8	-999.9	0.0	2.8	96784.2	-999.9
Bamako	1990	2	7	38	20.6	32.7	21.3	-999.9	0.0	2.8	96928.9	-999.9
Bamako	1990	2	8	39	20.1	31.2	18.7	-999.9	0.0	2.6	97030.3	-999.9
Bamako	1990	2	9	40	19.3	30.9	19.2	-999.9	0.0	2.4	96953.7	-999.9
Bamako	1990	2	10	41	17.6	31.3	22.6	-999.9	0.0	2.5	96897.1	-999.9
Bamako	1990	2	11	42	17.7	32.7	22.4	-999.9	0.0	2.8	96887.0	-999.9
Bamako	1990	2	12	43	19.0	32.0	22.1	-999.9	0.0	2.7	97055.4	-999.9
Bamako	1990	2	13	44	18.6	31.9	22.6	-999.9	0.0	2.3	96989.0	-999.9
Bamako	1990	2	14	45	18.0	33.3	22.8	-999.9	0.0	2.3	96861.8	-999.9
Bamako	1990	2	15	46	18.6	34.3	22.7	-999.9	0.0	2.2	96761.5	-999.9
Bamako	1990	2	16	47	20.4	35.4	22.6	-999.9	0.0	2.1	96654.8	-999.9
Bamako	1990	2	17	48	20.2	35.6	22.8	-999.9	0.0	1.9	96616.6	-999.9
Bamako	1990	2	18	49	20.1	35.1	22.9	-999.9	0.0	1.7	96694.7	-999.9
Bamako	1990	2	19	50	20.4	35.4	21.6	-999.9	0.0	1.8	96797.6	-999.9
Bamako	1990	2	20	51	21.8	36.8	22.4	-999.9	0.0	1.6	96696.5	-999.9
Bamako	1990	2	21	52	21.9	35.8	22.6	-999.9	0.0	2.2	96673.0	-999.9
Bamako	1990	2	22	53	21.5	35.6	23.0	-999.9	0.0	2.4	96604.6	-999.9
Bamako	1990	2	23	54	21.9	35.4	21.8	-999.9	0.0	2.4	96649.0	-999.9
Bamako	1990	2	24	55	21.5	34.1	21.6	-999.9	0.2	2.6	96796.7	-999.9
Bamako	1990	2	25	56	21.1	33.5	23.3	-999.9	0.0	2.8	96877.4	-999.9
Bamako	1990	2	26	57	21.0	32.9	21.9	-999.9	0.0	2.8	96894.4	-999.9
Bamako	1990	2	27	58	21.9	33.4	21.4	-999.9	0.0	2.9	96940.2	-999.9
Bamako	1990	2	28	59	21.4	34.7	23.5	-999.9	0.0	2.6	96860.0	-999.9
Bamako	1990	3	1	60	22.5	35.5	23.3	-999.9	0.0	2.4	96804.3	-999.9
Bamako	1990	3	2	61	22.5	35.9	23.6	-999.9	0.0	2.1	96761.2	-999.9
Bamako	1990	3	3	62	22.0	36.5	23.6	-999.9	0.0	2.0	96797.8	-999.9
Bamako	1990	3	4	63	23.2	37.7	23.1	-999.9	0.0	2.1	96735.0	-999.9
Bamako	1990	3	5	64	23.7	38.6	23.7	-999.9	0.0	2.1	96700.2	-999.9
Bamako	1990	3	6	65	22.5	38.7	24.2	-999.9	0.0	2.7	96653.7	-999.9
Bamako	1990	3	7	66	22.8	38.5	24.4	-999.9	0.0	2.8	96699.0	-999.9
Bamako	1990	3	8	67	23.9	38.1	24.8	-999.9	0.0	3.0	96762.4	-999.9
Bamako	1990	3	9	68	21.8	37.3	25.1	-999.9	0.0	2.5	96803.0	-999.9
Bamako	1990	3	10	69	21.2	37.2	24.7	-999.9	0.0	2.4	96909.4	-999.9
Bamako	1990	3	11	70	23.7	37.0	24.1	-999.9	0.0	2.8	97026.0	-999.9
Bamako	1990	3	12	71	22.8	34.8	24.6	-999.9	1.4	3.0	96968.2	-999.9
Bamako	1990	3	13	72	19.6	34.4	23.9	-999.9	1.4	2.5	96895.0	-999.9
Bamako	1990	3	14	73	20.9	35.2	25.2	-999.9	0.0	2.5	96829.0	-999.9
Bamako	1990	3	15	74	21.0	35.6	25.5	-999.9	0.0	2.6	96758.4	-999.9
Bamako	1990	3	16	75	22.0	36.2	25.5	-999.9	0.0	2.6	96637.0	-999.9
Bamako	1990	3	17	76	22.7	37.1	25.4	-999.9	0.0	2.6	96589.6	-999.9
Bamako	1990	3	18	77	22.9	37.7	25.5	-999.9	0.0	2.7	96652.9	-999.9
Bamako	1990	3	19	78	23.4	38.2	25.7	-999.9	0.0	2.7	96669.0	-999.9
Bamako	1990	3	20	79	23.1	37.9	25.5	-999.9	0.0	3.0	96709.0	-999.9
Bamako	1990	3	21	80	22.8	37.7	25.5	-999.9	0.0	2.7	96697.5	-999.9
Bamako	1990	3	22	81	22.6	36.9	25.7	-999.9	0.0	2.6	96655.4	-999.9
Bamako	1990	3	23	82	21.9	37.1	25.6	-999.9	0.0	2.6	96670.3	-999.9
Bamako	1990	3	24	83	21.9	37.0	24.8	-999.9	0.0	2.4	96680.0	-999.9
Bamako	1990	3	25	84	21.3	37.8	25.7	-999.9	0.0	2.4	96656.2	-999.9
Bamako	1990	3	26	85	21.8	37.7	25.3	-999.9	0.0	2.4	96510.8	-999.9
Bamako	1990	3	27	86	21.3	37.8	25.9	-999.9	0.0	2.3	96480.0	-999.9
Bamako	1990	3	28	87	21.5	39.2	25.9	-999.9	0.0	2.4	96439.2	-999.9
Bamako	1990	3	29	88	21.2	38.9	25.9	-999.9	0.0	2.2	96372.6	-999.9
Bamako	1990	3	30	89	24.8	38.1	24.6	-999.9	0.0	2.2	96371.6	-999.9
Bamako	1990	3	31	90	25.9	39.9	25.2	-999.9	0.0	2.4	96481.0	-999.9
Bamako	1990	4	1	91	27.3	38.8	23.6	-999.9	0.0	1.9	96598.5	-999.9
Bamako	1990	4	2	92	26.3	39.1	24.0	-999.9	0.0	2.0	96496.6	-999.9
Bamako	1990	4	3	93	27.7	38.4	23.4	-999.9	0.0	2.0	96442.8	-999.9
Bamako	1990	4	4	94	25.8	39.1	23.2	-999.9	0.0	1.7	96436.5	-999.9
Bamako	1990	4	5	95	28.2	38.2	21.2	-999.9	5.5	1.9	96502.0	-999.9
Bamako	1990	4	6	96	26.6	35.4	20.0	-999.9	0.0	3.1	96585.6	-999.9
Bamako	1990	4	7	97	26.3	36.6	21.7	-999.9	0.0	1.8	96650.5	-999.9
Bamako	1990	4	8	98	26.9	38.6	22.8	-999.9	0.0	2.6	96702.6	-999.9
Bamako	1990	4	9	99	26.2	38.8	22.9	-999.9	0.0	2.5	96667.5	-999.9
Bamako	1990	4	10	100	28.2	39.1	24.2	-999.9	0.0	2.7	96521.0	-999.9
Bamako	1990	4	11	101	25.0	39.2	25.5	-999.9	0.0	2.2	96560.5	-999.9
Bamako	1990	4	12	102	24.7	39.1	25.7	-999.9	0.0	2.1	96630.5	-999.9
Bamako	1990	4	13	103	24.6	39.7	25.2	-999.9	0.0	1.6	96539.7	-999.9
Bamako	1990	4	14	104	25.2	39.7	25.7	-999.9	0.0	2.1	96431.2	-999.9
Bamako	1990	4	15	105	25.5	38.7	24.4	-999.9	0.0	2.3	96385.2	-999.9
Bamako	1990	4	16	106	27.2	38.2	23.1	-999.9	0.0	2.0	96405.0	-999.9
Bamako	1990	4	17	107	25.4	36.4	21.1	-999.9	0.0	1.5	96502.6	-999.9
Bamako	1990	4	18	108	26.6	37.4	24.3	-999.9	0.0	1.6	96525.1	-999.9
Bamako	1990	4	19	109	25.9	37.6	25.5	-999.9	0.0	1.5	96507.3	-999.9
Bamako	1990	4	20	110	25.1	38.0	26.1	-999.9	0.0	2.0	96416.3	-999.9
Bamako	1990	4	21	111	25.9	38.5	25.1	-999.9	0.0	1.7	96359.1	-999.9
Bamako	1990	4	22	112	27.1	39.3	23.4	-999.9	2.5	1.8	96330.9	-999.9
Bamako	1990	4	23	113	29.1	40.0	22.5	-999.9	0.0	1.9	96275.5	-999.9
Bamako	1990	4	24	114	27.9	35.9	18.1	-999.9	2.5	1.5	96440.1	-999.9
Bamako	1990	4	25	115	27.2	36.7	19.5	-999.9	0.0	1.3	96352.1	-999.9
Bamako	1990	4	26	116	28.7	37.0	22.4	-999.9	0.0	1.8	96213.0	-999.9
Bamako	1990	4	27	117	26.7	37.9	22.5	-999.9	8.8	2.2	96345.7	-999.9
Bamako	1990	4	28	118	27.8	38.7	24.5	-999.9	0.0	1.3	96354.1	-999.9
Bamako	1990	4	29	119	27.1	37.3	22.0	-999.9	0.0	2.1	96393.1	-999.9
Bamako	1990	4	30	120	26.3	37.8	23.8	-999.9	0.0	1.6	96334.3	-999.9
Bamako	1990	5	1	121	26.5	36.5	21.1	-999.9	0.0	1.6	96378.5	-999.9
Bamako	1990	5	2	122	26.6	37.5	23.9	-999.9	0.0	1.5	96401.8	-999.9
Bamako	1990	5	3	123	26.8	38.5	24.4	-999.9	0.0	1.9	96312.8	-999.9
Bamako	1990	5	4	124	26.5	39.1	24.4	-999.9	0.0	1.6	96256.2	-999.9
Bamako	1990	5	5	125	26.3	39.0	24.3	-999.9	0.0	2.4	96329.4	-999.9
Bamako	1990	5	6	126	27.4	37.5	22.3	-999.9	0.0	2.2	96445.1	-999.9
Bamako	1990	5	7	127	24.9	35.7	17.8	-999.9	8.4	1.8	96642.4	-999.9
Bamako	1990	5	8	128	26.4	36.8	22.4	-999.9	0.0	2.2	96598.1	-999.9
Bamako	1990	5	9	129	25.8	35.6	17.9	-999.9	12.7	2.5	96572.5	-999.9
Bamako	1990	5	10	130	26.7	35.2	21.3	-999.9	0.0	1.8	96553.0	-999.9
Bamako	1990	5	11	131	26.0	38.4	25.4	-999.9	0.0	1.9	96452.9	-999.9
Bamako	1990	5	12	132	27.4	38.3	23.8	-999.9	3.9	1.6	96481.6	-999.9
Bamako	1990	5	13	133	27.6	37.7	21.7	-999.9	0.0	1.6	96627.9	-999.9
Bamako	1990	5	14	134	27.2	38.3	22.2	-999.9	0.0	1.8	96624.7	-999.9
Bamako	1990	5	15	135	26.2	38.6	25.4	-999.9	0.0	1.6	96655.6	-999.9
Bamako	1990	5	16	136	26.4	38.5	25.3	-999.9	0.0	1.8	96649.1	-999.9
Bamako	1990	5	17	137	27.1	38.1	24.8	-999.9	0.0	2.3	96616.3	-999.9
Bamako	1990	5	18	138	27.2	35.8	20.6	-999.9	23.3	1.7	96716.8	-999.9
Bamako	1990	5	19	139	25.0	37.1	23.4	-999.9	0.0	1.9	96814.2	-999.9
Bamako	1990	5	20	140	27.9	37.9	22.7	-999.9	0.0	2.0	96797.1	-999.9
Bamako	1990	5	21	141	28.3	37.9	24.4	-999.9	0.0	2.1	96722.0	-999.9
Bamako	1990	5	22	142	27.1	38.3	24.4	-999.9	0.0	2.5	96666.8	-999.9
Bamako	1990	5	23	143	27.5	38.7	24.0	-999.9	0.0	2.4	96727.2	-999.9
Bamako	1990	5	24	144	27.8	38.3	24.1	-999.9	0.0	2.0	96740.1	-999.9
Bamako	1990	5	25	145	27.0	36.4	22.6	-999.9	0.0	2.3	96792.8	-999.9
Bamako	1990	5	26	146	26.8	36.3	22.8	-999.9	0.0	2.3	96804.4	-999.9
Bamako	1990	5	27	147	27.3	39.2	24.7	-999.9	0.0	2.5	96678.8	-999.9
Bamako	1990	5	28	148	27.5	38.0	24.7	-999.9	0.0	3.1	96678.2	-999.9
Bamako	1990	5	29	149	27.7	36.9	23.8	-999.9	0.0	3.0	96745.6	-999.9
Bamako	1990	5	30	150	26.8	35.8	22.3	-999.9	0.0	2.4	96780.0	-999.9
Bamako	1990	5	31	151	25.8	36.7	21.9	-999.9	0.0	2.3	96765.1	-999.9
Bamako	1990	6	1	152	26.7	35.2	22.5	-999.9	2.6	2.0	96902.5	-999.9
Bamako	1990	6	2	153	26.4	36.6	22.9	-999.9	2.6	1.6	96857.4	-999.9
Bamako	1990	6	3	154	27.0	36.8	23.6	-999.9	0.0	2.3	96725.7	-999.9
Bamako	1990	6	4	155	26.4	36.4	23.9	-999.9	0.0	2.0	96787.4	-999.9
Bamako	1990	6	5	156	26.7	38.0	24.5	-999.9	0.0	1.4	96793.1	-999.9
Bamako	1990	6	6	157	28.0	38.8	23.8	-999.9	5.0	1.7	96763.6	-999.9
Bamako	1990	6	7	158	27.9	37.9	23.7	-999.9	0.0	2.3	96725.5	-999.9
Bamako	1990	6	8	159	26.9	37.2	22.1	-999.9	2.5	2.7	96727.5	-999.9
Bamako	1990	6	9	160	24.8	34.1	21.3	-999.9	2.5	1.5	96867.0	-999.9
Bamako	1990	6	10	161	26.0	36.0	22.6	-999.9	0.0	1.6	96800.2	-999.9
Bamako	1990	6	11	162	27.2	37.0	23.7	-999.9	4.7	1.5	96728.4	-999.9
Bamako	1990	6	12	163	25.7	37.3	23.9	-999.9	4.7	1.9	96751.2	-999.9
Bamako	1990	6	13	164	25.3	36.3	24.3	-999.9	9.4	1.8	96708.0	-999.9
Bamako	1990	6	14	165	25.9	33.5	18.9	-999.9	4.7	2.4	96771.9	-999.9
Bamako	1990	6	15	166	24.9	34.2	24.0	-999.9	0.0	1.8	96861.5	-999.9
Bamako	1990	6	16	167	25.7	35.4	23.2	-999.9	4.0	2.0	96922.7	-999.9
Bamako	1990	6	17	168	24.3	32.4	22.4	-999.9	4.0	1.8	96878.5	-999.9
Bamako	1990	6	18	169	23.8	31.4	20.9	-999.9	4.0	1.9	96997.7	-999.9
Bamako	1990	6	19	170	24.1	32.4	23.1	-999.9	0.0	1.3	97058.6	-999.9
Bamako	1990	6	20	171	24.2	32.9	21.5	-999.9	0.0	1.9	97117.3	-999.9
Bamako	1990	6	21	172	24.0	31.8	20.9	-999.9	0.0	2.0	96978.1	-999.9
Bamako	1990	6	22	173	24.9	34.3	24.6	-999.9	10.4	1.6	96794.2	-999.9
Bamako	1990	6	23	174	25.0	34.5	23.5	-999.9	0.0	2.1	96704.6	-999.9
Bamako	1990	6	24	175	25.1	34.5	24.3	-999.9	10.4	2.4	96653.0	-999.9
Bamako	1990	6	25	176	23.8	32.3	16.8	-999.9	0.0	2.1	96771.5	-999.9
Bamako	1990	6	26	177	25.2	32.6	21.8	-999.9	0.0	2.2	96839.5	-999.9
Bamako	1990	6	27	178	23.6	31.5	17.2	-999.9	13.8	2.0	96800.2	-999.9
Bamako	1990	6	28	179	22.4	28.9	16.6	-999.9	0.0	1.8	96769.8	-999.9
Bamako	1990	6	29	180	23.3	29.9	21.4	-999.9	6.9	1.7	96931.2	-999.9
Bamako	1990	6	30	181	23.4	30.0	15.2	-999.9	0.0	0.9	97022.9	-999.9
Bamako	1990	7	1	182	23.8	31.9	21.3	-999.9	10.3	2.1	96859.3	-999.9
Bamako	1990	7	2	183	23.0	31.9	22.2	-999.9	0.0	2.5	96653.2	-999.9
Bamako	1990	7	3	184	25.0	29.7	19.2	-999.9	0.0	2.2	96786.7	-999.9
Bamako	1990	7	4	185	23.1	30.0	20.4	-999.9	0.0	1.8	96960.3	-999.9
Bamako	1990	7	5	186	22.7	29.4	17.1	-999.9	20.5	1.3	97029.0	-999.9
Bamako	1990	7	6	187	22.9	29.6	15.8	-999.9	13.0	1.5	96908.4	-999.9
Bamako	1990	7	7	188	23.6	29.9	17.9	-999.9	0.0	1.6	96901.0	-999.9
Bamako	1990	7	8	189	23.8	30.6	21.7	-999.9	6.5	2.1	96858.1	-999.9
Bamako	1990	7	9	190	22.2	30.8	16.4	-999.9	6.5	1.8	96817.4	-999.9
Bamako	1990	7	10	191	22.9	30.8	22.5	-999.9	6.5	1.8	96823.7	-999.9
Bamako	1990	7	11	192	23.3	29.2	16.9	-999.9	0.0	1.2	96894.5	-999.9
Bamako	1990	7	12	193	22.9	27.7	11.8	-999.9	11.1	1.2	96999.5	-999.9
Bamako	1990	7	13	194	23.6	27.5	13.9	-999.9	0.0	1.7	96874.5	-999.9
Bamako	1990	7	14	195	22.5	26.4	10.1	-999.9	22.5	1.4	96868.0	-999.9
Bamako	1990	7	15	196	21.6	28.6	17.7	-999.9	15.3	1.4	96971.8	-999.9
Bamako	1990	7	16	197	22.1	29.1	20.0	-999.9	3.3	2.2	96956.0	-999.9
Bamako	1990	7	17	198	22.6	28.6	11.9	-999.9	6.7	1.3	96835.6	-999.9
Bamako	1990	7	18	199	22.7	29.6	21.3	-999.9	0.0	1.3	96786.4	-999.9
Bamako	1990	7	19	200	22.4	29.3	18.3	-999.9	6.7	1.4	96804.4	-999.9
Bamako	1990	7	20	201	21.8	29.8	21.0	-999.9	3.3	1.0	96814.6	-999.9
Bamako	1990	7	21	202	22.8	28.9	16.1	-999.9	18.3	1.0	96857.6	-999.9
Bamako	1990	7	22	203	23.0	28.0	14.3	-999.9	32.0	2.2	96712.2	-999.9
Bamako	1990	7	23	204	21.5	27.5	13.1	-999.9	48.0	1.9	96652.0	-999.9
Bamako	1990	7	24	205	22.2	27.1	13.0	-999.9	0.0	1.7	96969.5	-999.9
Bamako	1990	7	25	206	22.1	29.3	21.9	-999.9	0.0	1.1	97154.2	-999.9
Bamako	1990	7	26	207	22.4	29.8	20.5	-999.9	16.5	1.8	97037.0	-999.9
Bamako	1990	7	27	208	23.7	29.1	16.3	-999.9	0.0	2.2	96881.5	-999.9
Bamako	1990	7	28	209	22.8	29.3	20.7	-999.9	0.0	2.1	96911.8	-999.9
Bamako	1990	7	29	210	22.7	24.8	8.5	-999.9	0.0	1.5	97039.8	-999.9
Bamako	1990	7	30	211	22.1	28.9	18.7	-999.9	24.8	1.2	97069.7	-999.9
Bamako	1990	7	31	212	22.2	28.9	16.3	-999.9	0.0	1.7	97131.1	-999.9
Bamako	1990	8	1	213	22.4	28.7	17.8	-999.9	0.0	1.5	97080.2	-999.9
Bamako	1990	8	2	214	22.5	27.2	12.2	-999.9	33.7	1.2	96971.2	-999.9
Bamako	1990	8	3	215	21.9	28.7	18.2	-999.9	0.0	1.1	96932.7	-999.9
Bamako	1990	8	4	216	22.5	27.6	13.6	-999.9	11.2	1.0	96959.4	-999.9
Bamako	1990	8	5	217	22.0	28.8	17.4	-999.9	33.7	1.1	96976.4	-999.9
Bamako	1990	8	6	218	22.1	29.4	21.4	-999.9	0.0	1.3	96927.6	-999.9
Bamako	1990	8	7	219	22.3	28.9	20.0	-999.9	19.9	1.6	96930.6	-999.9
Bamako	1990	8	8	220	22.0	29.1	19.9	-999.9	0.0	1.2	97069.6	-999.9
Bamako	1990	8	9	221	22.8	29.6	19.3	-999.9	0.0	1.4	96992.7	-999.9
Bamako	1990	8	10	222	23.2	27.5	13.4	-999.9	0.0	1.5	96930.4	-999.9
Bamako	1990	8	11	223	22.3	28.8	19.6	-999.9	0.0	1.5	97108.4	-999.9
Bamako	1990	8	12	224	22.6	30.0	23.6	-999.9	0.0	1.8	97180.8	-999.9
Bamako	1990	8	13	225	22.9	28.1	14.6	-999.9	0.0	2.9	97008.3	-999.9
Bamako	1990	8	14	226	22.8	29.1	18.3	-999.9	0.0	2.3	96898.9	-999.9
Bamako	1990	8	15	227	22.6	28.7	18.0	-999.9	0.0	1.7	96983.2	-999.9
Bamako	1990	8	16	228	22.2	29.0	20.6	-999.9	14.5	1.2	97057.6	-999.9
Bamako	1990	8	17	229	22.3	29.7	22.5	-999.9	0.0	1.2	97090.2	-999.9
Bamako	1990	8	18	230	22.6	30.8	24.1	-999.9	0.0	0.9	96975.4	-999.9
Bamako	1990	8	19	231	22.2	30.1	21.7	-999.9	0.0	1.2	96890.1	-999.9
Bamako	1990	8	20	232	23.0	29.8	22.2	-999.9	0.0	1.4	96935.9	-999.9
Bamako	1990	8	21	233	22.8	30.0	21.6	-999.9	3.7	1.2	97000.2	-999.9
Bamako	1990	8	22	234	22.1	30.5	24.1	-999.9	0.0	1.0	96988.0	-999.9
Bamako	1990	8	23	235	23.1	30.9	22.7	-999.9	7.3	1.2	96889.8	-999.9
Bamako	1990	8	24	236	22.9	30.6	20.8	-999.9	0.0	1.6	96938.6	-999.9
Bamako	1990	8	25	237	23.3	30.3	21.5	-999.9	11.0	1.4	97017.6	-999.9
Bamako	1990	8	26	238	23.3	29.9	19.7	-999.9	0.0	1.0	96897.0	-999.9
Bamako	1990	8	27	239	22.5	30.7	22.3	-999.9	0.0	1.2	96804.4	-999.9
Bamako	1990	8	28	240	23.7	29.4	15.7	-999.9	25.9	1.1	96905.4	-999.9
Bamako	1990	8	29	241	23.0	27.5	13.3	-999.9	0.0	1.4	96951.0	-999.9
Bamako	1990	8	30	242	22.3	29.8	20.6	-999.9	0.0	1.5	96984.0	-999.9
Bamako	1990	8	31	243	22.3	30.2	22.3	-999.9	13.0	1.0	96849.1	-999.9
Bamako	1990	9	1	244	22.5	30.4	16.7	-999.9	14.4	1.3	96807.2	-999.9
Bamako	1990	9	2	245	23.3	29.6	20.9	-999.9	0.0	1.6	96858.8	-999.9
Bamako	1990	9	3	246	22.4	30.1	23.1	-999.9	0.0	1.6	96971.5	-999.9
Bamako	1990	9	4	247	23.0	29.8	21.4	-999.9	14.4	1.2	96981.6	-999.9
Bamako	1990	9	5	248	22.8	29.6	20.1	-999.9	7.2	1.4	96929.8	-999.9
Bamako	1990	9	6	249	22.6	29.4	19.3	-999.9	6.3	1.0	96898.3	-999.9
Bamako	1990	9	7	250	22.9	29.8	21.4	-999.9	0.0	1.4	96895.5	-999.9
Bamako	1990	9	8	251	22.3	29.3	19.6	-999.9	6.3	1.3	96834.0	-999.9
Bamako	1990	9	9	252	22.2	29.3	20.9	-999.9	0.0	1.1	96826.4	-999.9
Bamako	1990	9	10	253	22.5	30.0	22.2	-999.9	6.3	1.2	96838.4	-999.9
Bamako	1990	9	11	254	23.7	30.7	22.0	-999.9	6.0	1.8	96780.6	-999.9
Bamako	1990	9	12	255	24.0	28.5	13.0	-999.9	6.0	1.5	96725.5	-999.9
Bamako	1990	9	13	256	22.3	28.9	16.3	-999.9	0.0	1.6	96813.8	-999.9
Bamako	1990	9	14	257	22.2	30.2	23.4	-999.9	6.0	1.5	96989.7	-999.9
Bamako	1990	9	15	258	22.0	29.3	16.7	-999.9	0.0	1.0	97031.9	-999.9
Bamako	1990	9	16	259	22.4	31.1	24.1	-999.9	0.0	1.2	96990.6	-999.9
Bamako	1990	9	17	260	23.2	30.0	21.2	-999.9	0.0	1.3	97000.5	-999.9
Bamako	1990	9	18	261	23.2	29.9	21.5	-999.9	0.0	1.2	96989.8	-999.9
Bamako	1990	9	19	262	22.6	29.2	19.3	-999.9	0.0	1.0	96959.4	-999.9
Bamako	1990	9	20	263	22.2	30.4	22.0	-999.9	0.0	1.0	96906.6	-999.9
Bamako	1990	9	21	264	22.1	29.8	19.7	-999.9	2.9	0.9	96882.3	-999.9
Bamako	1990	9	22	265	22.5	30.7	22.3	-999.9	0.0	1.2	96834.8	-999.9
Bamako	1990	9	23	266	23.2	31.6	23.7	-999.9	0.0	1.2	96880.6	-999.9
Bamako	1990	9	24	267	23.8	30.3	18.8	-999.9	5.8	1.2	96812.1	-999.9
Bamako	1990	9	25	268	23.2	30.6	21.3	-999.9	0.0	1.3	96814.5	-999.9
Bamako	1990	9	26	269	23.0	29.8	18.4	-999.9	8.7	1.1	96872.0	-999.9
Bamako	1990	9	27	270	22.5	29.6	18.3	-999.9	26.2	1.2	97007.6	-999.9
Bamako	1990	9	28	271	22.3	30.6	20.5	-999.9	8.7	1.4	96962.9	-999.9
Bamako	1990	9	29	272	23.3	29.6	19.0	-999.9	17.5	1.7	96977.7	-999.9
Bamako	1990	9	30	273	22.7	30.0	21.9	-999.9	0.0	1.3	96905.0	-999.9
Bamako	1990	10	1	274	23.0	30.4	21.4	-999.9	0.0	1.1	96894.3	-999.9
Bamako	1990	10	2	275	22.5	30.5	21.5	-999.9	5.6	1.0	96906.3	-999.9
Bamako	1990	10	3	276	23.3	30.2	21.6	-999.9	0.0	1.2	96822.8	-999.9
Bamako	1990	10	4	277	22.7	27.6	12.0	-999.9	2.8	1.1	96887.3	-999.9
Bamako	1990	10	5	278	21.8	30.2	22.1	-999.9	0.0	1.0	96811.6	-999.9
Bamako	1990	10	6	279	23.5	30.2	20.8	-999.9	0.0	1.5	96790.1	-999.9
Bamako	1990	10	7	280	22.8	31.3	22.3	-999.9	0.0	1.3	96770.7	-999.9
Bamako	1990	10	8	281	24.1	30.1	20.0	-999.9	1.4	1.2	96746.4	-999.9
Bamako	1990	10	9	282	23.5	30.1	20.1	-999.9	1.4	1.4	96846.8	-999.9
Bamako	1990	10	10	283	23.4	32.2	20.9	-999.9	0.0	1.2	96833.7	-999.9
Bamako	1990	10	11	284	23.6	32.9	23.5	-999.9	0.0	1.5	96687.2	-999.9
Bamako	1990	10	12	285	23.9	32.2	22.3	-999.9	0.0	1.6	96774.5	-999.9
Bamako	1990	10	13	286	22.7	31.5	22.2	-999.9	0.0	1.4	96913.2	-999.9
Bamako	1990	10	14	287	23.6	33.1	22.6	-999.9	2.9	1.9	96696.6	-999.9
Bamako	1990	10	15	288	23.3	32.3	22.1	-999.9	0.0	1.6	96639.5	-999.9
Bamako	1990	10	16	289	22.8	29.4	17.5	-999.9	0.0	1.3	96765.0	-999.9
Bamako	1990	10	17	290	23.3	30.8	20.9	-999.9	0.0	1.1	96797.6	-999.9
Bamako	1990	10	18	291	22.9	31.4	20.7	-999.9	0.0	1.3	96849.8	-999.9
Bamako	1990	10	19	292	23.2	32.1	21.2	-999.9	0.0	1.1	96883.9	-999.9
Bamako	1990	10	20	293	23.2	32.7	21.1	-999.9	0.0	1.2	96744.7	-999.9
Bamako	1990	10	21	294	25.0	33.8	20.2	-999.9	0.0	1.5	96614.6	-999.9
Bamako	1990	10	22	295	23.4	33.5	21.8	-999.9	0.0	1.5	96741.3	-999.9
Bamako	1990	10	23	296	23.0	34.3	21.9	-999.9	0.0	1.3	96792.2	-999.9
Bamako	1990	10	24	297	22.8	32.9	20.0	-999.9	0.0	1.2	96825.0	-999.9
Bamako	1990	10	25	298	24.1	32.5	19.3	-999.9	4.8	1.5	96812.6	-999.9
Bamako	1990	10	26	299	23.2	32.9	21.2	-999.9	0.0	1.3	96804.5	-999.9
Bamako	1990	10	27	300	22.2	32.4	20.0	-999.9	3.5	1.5	96838.8	-999.9
Bamako	1990	10	28	301	23.0	33.1	20.5	-999.9	0.0	1.3	96881.2	-999.9
Bamako	1990	10	29	302	21.8	34.2	21.8	-999.9	0.0	1.3	96828.0	-999.9
Bamako	1990	10	30	303	20.6	34.4	21.5	-999.9	0.0	1.6	96832.4	-999.9
Bamako	1990	10	31	304	20.7	34.2	22.8	-999.9	0.0	1.6	96797.9	-999.9
Bamako	1990	11	1	305	20.0	34.9	22.9	-999.9	0.0	1.4	96795.9	-999.9
Bamako	1990	11	2	306	19.7	33.4	20.0	-999.9	0.0	1.5	96787.1	-999.9
Bamako	1990	11	3	307	23.0	32.5	18.1	-999.9	0.0	1.5	96758.3	-999.9
Bamako	1990	11	4	308	22.1	33.7	20.6	-999.9	0.0	0.8	96712.0	-999.9
Bamako	1990	11	5	309	24.3	35.7	20.8	-999.9	0.0	1.5	96663.1	-999.9
Bamako	1990	11	6	310	23.2	35.6	20.7	-999.9	0.0	1.7	96662.1	-999.9
Bamako	1990	11	7	311	20.8	36.4	22.4	-999.9	0.0	2.1	96712.9	-999.9
Bamako	1990	11	8	312	19.6	36.4	22.3	-999.9	0.0	2.3	96691.9	-999.9
Bamako	1990	11	9	313	19.5	35.5	21.9	-999.9	0.0	1.8	96792.6	-999.9
Bamako	1990	11	10	314	19.0	35.4	22.1	-999.9	0.0	1.3	96769.1	-999.9
Bamako	1990	11	11	315	18.0	35.3	21.8	-999.9	0.0	1.5	96716.5	-999.9
Bamako	1990	11	12	316	22.2	34.2	20.3	-999.9	0.0	2.0	96803.1	-999.9
Bamako	1990	11	13	317	22.1	34.3	19.8	-999.9	0.0	1.5	96815.3	-999.9
Bamako	1990	11	14	318	20.3	33.5	21.6	-999.9	0.0	2.1	96842.6	-999.9
Bamako	1990	11	15	319	18.8	32.0	21.6	-999.9	0.0	1.6	96828.3	-999.9
Bamako	1990	11	16	320	19.1	32.6	21.4	-999.9	0.0	1.5	96795.5	-999.9
Bamako	1990	11	17	321	19.6	33.8	20.9	-999.9	0.0	1.8	96784.4	-999.9
Bamako	1990	11	18	322	21.5	33.0	21.0	-999.9	0.0	2.6	96897.1	-999.9
Bamako	1990	11	19	323	19.4	32.2	21.4	-999.9	0.0	1.9	96760.0	-999.9
Bamako	1990	11	20	324	17.9	33.0	20.8	-999.9	0.0	1.3	96579.0	-999.9
Bamako	1990	11	21	325	18.7	33.0	20.7	-999.9	0.0	1.0	96614.6	-999.9
Bamako	1990	11	22	326	20.5	34.1	20.3	-999.9	0.0	1.6	96758.0	-999.9
Bamako	1990	11	23	327	21.5	35.3	20.5	-999.9	0.0	1.8	96801.7	-999.9
Bamako	1990	11	24	328	22.1	34.7	20.3	-999.9	0.0	2.1	96843.4	-999.9
Bamako	1990	11	25	329	21.7	34.4	19.8	-999.9	0.0	1.9	96750.0	-999.9
Bamako	1990	11	26	330	20.3	34.5	20.8	-999.9	0.0	1.5	96662.0	-999.9
Bamako	1990	11	27	331	19.0	34.5	20.6	-999.9	0.0	1.4	96674.8	-999.9
Bamako	1990	11	28	332	21.1	35.2	20.2	-999.9	0.0	1.7	96655.6	-999.9
Bamako	1990	11	29	333	19.8	35.0	20.5	-999.9	0.0	1.7	96647.1	-999.9
Bamako	1990	11	30	334	19.5	34.8	20.6	-999.9	0.0	0.9	96599.2	-999.9
Bamako	1990	12	1	335	19.2	35.1	20.4	-999.9	0.0	1.2	96606.6	-999.9
Bamako	1990	12	2	336	22.8	34.9	19.5	-999.9	0.0	1.9	96635.7	-999.9
Bamako	1990	12	3	337	18.0	35.2	20.9	-999.9	0.0	2.4	96753.3	-999.9
Bamako	1990	12	4	338	19.5	35.0	20.5	-999.9	0.0	2.6	96837.3	-999.9
Bamako	1990	12	5	339	21.4	35.0	20.2	-999.9	0.0	2.7	96770.5	-999.9
Bamako	1990	12	6	340	21.1	34.2	20.2	-999.9	0.0	2.3	96786.1	-999.9
Bamako	1990	12	7	341	20.8	33.9	20.1	-999.9	0.0	1.9	96841.9	-999.9
Bamako	1990	12	8	342	19.7	33.8	20.1	-999.9	0.0	1.9	96875.7	-999.9
Bamako	1990	12	9	343	19.7	32.8	20.0	-999.9	0.0	1.9	96869.8	-999.9
Bamako	1990	12	10	344	19.4	32.8	19.9	-999.9	0.0	1.4	96855.5	-999.9
Bamako	1990	12	11	345	18.8	33.3	19.8	-999.9	0.0	1.7	96786.0	-999.9
Bamako	1990	12	12	346	20.5	31.8	19.4	-999.9	0.0	1.9	96801.3	-999.9
Bamako	1990	12	13	347	19.6	32.2	19.9	-999.9	0.0	2.0	96764.3	-999.9
Bamako	1990	12	14	348	19.2	32.6	19.4	-999.9	0.0	1.6	96721.3	-999.9
Bamako	1990	12	15	349	21.1	28.9	9.6	-999.9	0.0	1.8	96852.9	-999.9
Bamako	1990	12	16	350	21.9	33.1	16.7	-999.9	0.0	1.9	96943.8	-999.9
Bamako	1990	12	17	351	20.4	33.4	18.5	-999.9	0.0	2.2	96853.6	-999.9
Bamako	1990	12	18	352	21.1	34.3	18.2	-999.9	0.0	2.3	96779.9	-999.9
Bamako	1990	12	19	353	20.7	33.3	19.6	-999.9	0.0	2.2	96740.5	-999.9
Bamako	1990	12	20	354	20.1	32.7	19.4	-999.9	0.0	1.6	96656.8	-999.9
Bamako	1990	12	21	355	19.3	31.5	19.6	-999.9	0.0	2.0	96618.8	-999.9
Bamako	1990	12	22	356	18.6	28.4	18.2	-999.9	0.0	2.0	96767.3	-999.9
Bamako	1990	12	23	357	17.9	28.8	19.6	-999.9	0.0	2.4	96911.5	-999.9
Bamako	1990	12	24	358	17.4	28.7	19.4	-999.9	0.0	2.3	96985.4	-999.9
Bamako	1990	12	25	359	18.8	27.2	14.7	-999.9	0.0	2.7	96993.6	-999.9
Bamako	1990	12	26	360	17.7	28.5	19.4	-999.9	0.0	3.0	97039.0	-999.9
Bamako	1990	12	27	361	16.8	28.0	19.6	-999.9	0.0	2.5	97019.8	-999.9
Bamako	1990	12	28	362	15.7	27.7	19.8	-999.9	0.0	2.2	96995.1	-999.9
Bamako	1990	12	29	363	15.6	29.0	20.0	-999.9	0.0	2.2	96924.1	-999.9
Bamako	1990	12	30	364	17.9	31.7	19.9	-999.9	0.0	2.2	96949.1	-999.9
Bamako	1990	12	31	365	19.3	31.9	20.0	-999.9	0.0	2.7	96903.0	-999.9
