Bamako	2016	1	1	1	17.8	30.6	19.0	-999.9	0.0	2.3	97119.5	-999.9
Bamako	2016	1	2	2	17.7	29.9	18.5	-999.9	0.0	2.4	97143.3	-999.9
Bamako	2016	1	3	3	17.5	29.0	18.1	-999.9	0.0	2.5	97144.6	-999.9
Bamako	2016	1	4	4	18.2	30.4	18.7	-999.9	0.0	2.3	97096.2	-999.9
Bamako	2016	1	5	5	16.5	25.7	11.9	-999.9	0.0	2.5	97272.7	-999.9
Bamako	2016	1	6	6	15.1	22.1	10.2	-999.9	0.0	1.5	97264.2	-999.9
Bamako	2016	1	7	7	17.1	25.9	15.6	-999.9	0.0	1.9	97195.5	-999.9
Bamako	2016	1	8	8	18.4	28.1	12.9	-999.9	0.0	0.8	97154.0	-999.9
Bamako	2016	1	9	9	20.4	31.5	18.3	-999.9	0.0	1.8	97133.6	-999.9
Bamako	2016	1	10	10	20.2	32.0	18.6	-999.9	0.0	2.2	97050.7	-999.9
Bamako	2016	1	11	11	19.6	32.9	20.3	-999.9	0.0	2.2	96900.1	-999.9
Bamako	2016	1	12	12	18.8	34.7	20.3	-999.9	0.0	2.3	96793.3	-999.9
Bamako	2016	1	13	13	17.9	34.1	20.6	-999.9	0.0	2.2	96843.9	-999.9
Bamako	2016	1	14	14	17.5	32.9	20.9	-999.9	0.0	2.3	96842.5	-999.9
Bamako	2016	1	15	15	16.2	32.7	21.0	-999.9	0.0	2.0	96895.6	-999.9
Bamako	2016	1	16	16	19.5	32.7	20.4	-999.9	0.0	2.1	96864.6	-999.9
Bamako	2016	1	17	17	18.8	32.9	20.8	-999.9	0.0	2.4	96843.4	-999.9
Bamako	2016	1	18	18	17.7	33.5	20.8	-999.9	0.0	2.1	96834.6	-999.9
Bamako	2016	1	19	19	20.4	33.1	16.3	-999.9	0.0	2.2	96790.4	-999.9
Bamako	2016	1	20	20	19.4	33.5	19.1	-999.9	0.0	2.3	96812.2	-999.9
Bamako	2016	1	21	21	19.3	32.1	17.7	-999.9	0.0	2.4	96985.6	-999.9
Bamako	2016	1	22	22	22.4	29.2	11.1	-999.9	0.0	2.4	97153.6	-999.9
Bamako	2016	1	23	23	19.8	30.7	17.8	-999.9	0.0	2.7	97257.0	-999.9
Bamako	2016	1	24	24	18.2	32.7	21.1	-999.9	0.0	2.4	97254.4	-999.9
Bamako	2016	1	25	25	19.4	32.7	21.2	-999.9	0.0	2.4	97242.6	-999.9
Bamako	2016	1	26	26	20.3	31.8	19.8	-999.9	0.0	2.7	97291.3	-999.9
Bamako	2016	1	27	27	18.9	30.4	19.2	-999.9	0.0	2.7	97253.7	-999.9
Bamako	2016	1	28	28	20.8	30.9	21.1	-999.9	0.0	3.1	97245.4	-999.9
Bamako	2016	1	29	29	19.9	30.8	21.3	-999.9	0.0	3.3	97188.8	-999.9
Bamako	2016	1	30	30	17.8	30.7	21.6	-999.9	0.0	2.6	97168.0	-999.9
Bamako	2016	1	31	31	18.2	31.2	21.7	-999.9	0.0	2.3	97192.2	-999.9
Bamako	2016	2	1	32	18.0	30.5	21.8	-999.9	0.0	2.9	97139.3	-999.9
Bamako	2016	2	2	33	16.3	28.4	22.2	-999.9	0.0	2.8	97106.0	-999.9
Bamako	2016	2	3	34	15.7	29.6	22.3	-999.9	0.0	2.5	97013.0	-999.9
Bamako	2016	2	4	35	15.8	32.3	22.2	-999.9	0.0	2.1	97047.8	-999.9
Bamako	2016	2	5	36	18.2	33.2	22.1	-999.9	0.0	2.1	97029.9	-999.9
Bamako	2016	2	6	37	19.1	33.9	22.2	-999.9	0.0	2.3	97085.0	-999.9
Bamako	2016	2	7	38	19.4	33.3	22.2	-999.9	0.0	3.1	97180.2	-999.9
Bamako	2016	2	8	39	19.1	33.1	22.4	-999.9	0.0	2.9	97242.2	-999.9
Bamako	2016	2	9	40	19.3	32.7	22.4	-999.9	0.0	2.8	97275.8	-999.9
Bamako	2016	2	10	41	18.7	32.6	22.3	-999.9	0.0	2.5	97074.3	-999.9
Bamako	2016	2	11	42	18.1	32.9	22.7	-999.9	0.0	2.2	96957.6	-999.9
Bamako	2016	2	12	43	19.2	33.0	22.8	-999.9	0.0	2.3	96968.0	-999.9
Bamako	2016	2	13	44	18.4	33.1	22.9	-999.9	0.0	2.3	96948.8	-999.9
Bamako	2016	2	14	45	18.9	33.0	21.9	-999.9	0.0	2.0	96921.9	-999.9
Bamako	2016	2	15	46	19.4	33.2	21.2	-999.9	0.0	1.8	96750.3	-999.9
Bamako	2016	2	16	47	17.1	34.0	23.2	-999.9	0.0	1.9	96776.4	-999.9
Bamako	2016	2	17	48	19.1	34.0	22.8	-999.9	0.0	2.8	96944.9	-999.9
Bamako	2016	2	18	49	20.0	33.5	22.6	-999.9	0.0	2.5	96943.3	-999.9
Bamako	2016	2	19	50	18.5	35.3	22.7	-999.9	0.0	1.7	96684.7	-999.9
Bamako	2016	2	20	51	21.5	34.2	19.1	-999.9	0.0	2.4	96719.5	-999.9
Bamako	2016	2	21	52	21.1	36.0	23.0	-999.9	0.0	2.8	96800.5	-999.9
Bamako	2016	2	22	53	21.2	36.3	23.6	-999.9	0.0	2.8	96776.4	-999.9
Bamako	2016	2	23	54	21.5	37.6	23.3	-999.9	0.0	2.5	96712.8	-999.9
Bamako	2016	2	24	55	21.8	37.4	23.6	-999.9	0.0	2.6	96676.2	-999.9
Bamako	2016	2	25	56	19.7	37.7	23.9	-999.9	0.0	2.1	96697.4	-999.9
Bamako	2016	2	26	57	21.8	37.5	23.9	-999.9	0.0	2.2	96694.4	-999.9
Bamako	2016	2	27	58	21.1	37.4	24.0	-999.9	0.0	2.1	96563.7	-999.9
Bamako	2016	2	28	59	20.7	35.7	24.0	-999.9	0.0	1.9	96582.1	-999.9
Bamako	2016	2	29	60	21.0	34.4	21.1	-999.9	0.0	2.0	96758.8	-999.9
Bamako	2016	3	1	61	20.2	36.1	23.1	-999.9	0.0	1.9	96972.5	-999.9
Bamako	2016	3	2	62	22.4	37.0	23.0	-999.9	0.0	2.5	96879.4	-999.9
Bamako	2016	3	3	63	22.1	35.9	23.9	-999.9	0.0	2.6	96681.0	-999.9
Bamako	2016	3	4	64	19.7	36.5	24.4	-999.9	0.0	2.1	96676.5	-999.9
Bamako	2016	3	5	65	20.3	36.6	24.2	-999.9	0.0	2.3	96801.1	-999.9
Bamako	2016	3	6	66	21.5	36.5	23.4	-999.9	0.0	2.5	96748.2	-999.9
Bamako	2016	3	7	67	22.5	36.9	24.2	-999.9	0.0	2.5	96666.7	-999.9
Bamako	2016	3	8	68	23.3	37.1	22.3	-999.9	0.0	2.3	96640.8	-999.9
Bamako	2016	3	9	69	24.6	37.7	23.4	-999.9	0.0	2.2	96630.9	-999.9
Bamako	2016	3	10	70	24.1	36.7	20.8	-999.9	0.0	2.0	96634.5	-999.9
Bamako	2016	3	11	71	25.8	37.8	23.0	-999.9	0.0	1.5	96509.3	-999.9
Bamako	2016	3	12	72	25.2	37.1	24.3	-999.9	0.0	1.6	96618.4	-999.9
Bamako	2016	3	13	73	23.7	37.3	24.3	-999.9	0.0	1.7	96623.8	-999.9
Bamako	2016	3	14	74	23.9	37.5	24.6	-999.9	0.0	2.0	96724.6	-999.9
Bamako	2016	3	15	75	24.0	37.7	23.2	-999.9	0.0	2.4	96798.3	-999.9
Bamako	2016	3	16	76	25.0	38.1	24.4	-999.9	0.0	2.4	96829.7	-999.9
Bamako	2016	3	17	77	22.0	37.2	25.2	-999.9	0.0	2.0	96888.0	-999.9
Bamako	2016	3	18	78	23.0	37.4	25.5	-999.9	0.0	1.9	96780.6	-999.9
Bamako	2016	3	19	79	21.1	37.8	25.6	-999.9	0.0	1.8	96687.0	-999.9
Bamako	2016	3	20	80	21.1	38.4	24.8	-999.9	0.0	1.4	96677.9	-999.9
Bamako	2016	3	21	81	27.4	37.1	19.8	-999.9	0.0	2.2	96779.8	-999.9
Bamako	2016	3	22	82	24.8	38.8	24.5	-999.9	0.0	2.1	96790.3	-999.9
Bamako	2016	3	23	83	24.8	37.3	23.5	-999.9	0.0	2.0	96734.5	-999.9
Bamako	2016	3	24	84	23.7	35.9	22.6	-999.9	0.0	1.9	96704.1	-999.9
Bamako	2016	3	25	85	22.8	33.8	22.7	-999.9	1.6	2.7	96961.1	-999.9
Bamako	2016	3	26	86	21.0	34.7	25.2	-999.9	0.0	2.2	96988.3	-999.9
Bamako	2016	3	27	87	21.6	36.9	25.4	-999.9	0.0	2.1	96828.2	-999.9
Bamako	2016	3	28	88	23.0	38.4	25.5	-999.9	0.0	2.0	96680.5	-999.9
Bamako	2016	3	29	89	22.7	39.4	25.4	-999.9	0.0	1.7	96559.4	-999.9
Bamako	2016	3	30	90	24.1	40.2	25.4	-999.9	0.0	1.3	96532.8	-999.9
Bamako	2016	3	31	91	26.3	39.3	25.5	-999.9	0.0	2.5	96658.3	-999.9
Bamako	2016	4	1	92	26.6	38.3	23.3	-999.9	0.0	2.4	96648.6	-999.9
Bamako	2016	4	2	93	25.6	39.3	24.2	-999.9	0.0	2.0	96514.4	-999.9
Bamako	2016	4	3	94	24.4	39.3	24.9	-999.9	0.0	1.8	96516.3	-999.9
Bamako	2016	4	4	95	28.2	38.9	23.7	-999.9	0.0	1.8	96635.8	-999.9
Bamako	2016	4	5	96	26.1	37.6	22.5	-999.9	2.6	1.8	96676.2	-999.9
Bamako	2016	4	6	97	25.3	37.6	22.7	-999.9	0.0	1.6	96433.2	-999.9
Bamako	2016	4	7	98	24.3	38.1	25.5	-999.9	0.0	1.4	96408.4	-999.9
Bamako	2016	4	8	99	26.5	38.1	25.5	-999.9	0.0	2.0	96548.9	-999.9
Bamako	2016	4	9	100	24.6	38.0	25.1	-999.9	0.0	1.6	96677.5	-999.9
Bamako	2016	4	10	101	26.3	38.8	24.9	-999.9	0.0	1.0	96587.6	-999.9
Bamako	2016	4	11	102	28.7	36.2	18.7	-999.9	0.0	1.5	96682.5	-999.9
Bamako	2016	4	12	103	26.6	39.8	23.0	-999.9	0.0	1.8	96650.1	-999.9
Bamako	2016	4	13	104	25.3	40.5	25.7	-999.9	0.0	2.9	96555.6	-999.9
Bamako	2016	4	14	105	28.7	40.4	25.6	-999.9	0.0	3.3	96504.0	-999.9
Bamako	2016	4	15	106	25.5	41.6	25.8	-999.9	0.0	2.3	96505.6	-999.9
Bamako	2016	4	16	107	26.4	41.1	25.9	-999.9	0.0	3.0	96622.7	-999.9
Bamako	2016	4	17	108	25.9	40.7	25.7	-999.9	0.0	2.5	96722.8	-999.9
Bamako	2016	4	18	109	26.2	40.0	25.0	-999.9	0.0	2.6	96740.8	-999.9
Bamako	2016	4	19	110	26.3	39.7	24.5	-999.9	0.0	1.9	96695.3	-999.9
Bamako	2016	4	20	111	25.3	40.1	25.1	-999.9	0.0	1.6	96605.5	-999.9
Bamako	2016	4	21	112	24.7	40.3	24.8	-999.9	0.0	1.9	96565.3	-999.9
Bamako	2016	4	22	113	28.7	40.6	23.2	-999.9	0.0	2.0	96527.7	-999.9
Bamako	2016	4	23	114	28.8	40.4	23.6	-999.9	0.0	2.0	96462.6	-999.9
Bamako	2016	4	24	115	28.9	38.9	20.1	-999.9	7.5	2.4	96429.0	-999.9
Bamako	2016	4	25	116	26.9	38.6	23.5	-999.9	3.8	2.1	96365.2	-999.9
Bamako	2016	4	26	117	28.4	39.3	24.1	-999.9	0.0	2.4	96350.0	-999.9
Bamako	2016	4	27	118	26.7	37.2	23.7	-999.9	9.1	2.9	96532.3	-999.9
Bamako	2016	4	28	119	27.6	38.0	23.3	-999.9	0.0	2.1	96486.2	-999.9
Bamako	2016	4	29	120	27.7	38.1	24.4	-999.9	0.0	1.8	96520.3	-999.9
Bamako	2016	4	30	121	28.8	38.9	23.3	-999.9	0.0	2.1	96508.2	-999.9
Bamako	2016	5	1	122	27.1	40.0	24.1	-999.9	0.0	1.7	96438.6	-999.9
Bamako	2016	5	2	123	26.4	38.2	22.6	-999.9	0.0	1.9	96480.4	-999.9
Bamako	2016	5	3	124	27.7	38.8	24.0	-999.9	0.0	2.2	96500.7	-999.9
Bamako	2016	5	4	125	27.9	38.6	23.8	-999.9	0.0	2.5	96569.5	-999.9
Bamako	2016	5	5	126	28.6	38.9	22.3	-999.9	0.0	2.4	96594.1	-999.9
Bamako	2016	5	6	127	25.4	36.9	18.1	-999.9	4.9	2.0	96710.7	-999.9
Bamako	2016	5	7	128	27.4	37.2	22.4	-999.9	2.4	1.9	96696.6	-999.9
Bamako	2016	5	8	129	27.9	36.7	23.3	-999.9	0.0	2.1	96667.7	-999.9
Bamako	2016	5	9	130	26.8	38.2	23.0	-999.9	2.4	2.0	96730.9	-999.9
Bamako	2016	5	10	131	27.3	38.8	23.5	-999.9	0.0	2.1	96727.7	-999.9
Bamako	2016	5	11	132	28.3	39.9	23.4	-999.9	4.8	1.8	96668.9	-999.9
Bamako	2016	5	12	133	28.1	39.7	23.6	-999.9	4.8	2.1	96636.4	-999.9
Bamako	2016	5	13	134	28.0	41.5	24.9	-999.9	0.0	2.7	96528.5	-999.9
Bamako	2016	5	14	135	28.8	37.9	21.8	-999.9	0.0	2.4	96703.2	-999.9
Bamako	2016	5	15	136	27.3	37.8	23.5	-999.9	9.6	2.0	96766.0	-999.9
Bamako	2016	5	16	137	26.7	38.4	22.5	-999.9	6.8	2.1	96837.8	-999.9
Bamako	2016	5	17	138	28.2	39.1	23.5	-999.9	0.0	2.4	96669.3	-999.9
Bamako	2016	5	18	139	26.6	37.6	23.5	-999.9	6.8	2.6	96739.5	-999.9
Bamako	2016	5	19	140	26.7	37.3	22.9	-999.9	0.0	2.1	96827.3	-999.9
Bamako	2016	5	20	141	25.4	37.1	23.4	-999.9	13.5	1.3	96817.4	-999.9
Bamako	2016	5	21	142	26.3	37.3	23.5	-999.9	6.6	1.7	96748.2	-999.9
Bamako	2016	5	22	143	27.4	38.9	23.7	-999.9	0.0	2.2	96770.0	-999.9
Bamako	2016	5	23	144	27.3	40.0	24.6	-999.9	0.0	2.3	96791.2	-999.9
Bamako	2016	5	24	145	24.1	39.8	25.7	-999.9	0.0	2.0	96735.6	-999.9
Bamako	2016	5	25	146	27.1	35.9	22.9	-999.9	3.3	2.4	96816.2	-999.9
Bamako	2016	5	26	147	25.9	35.3	21.8	-999.9	0.0	2.0	96861.5	-999.9
Bamako	2016	5	27	148	26.9	36.7	22.5	-999.9	12.0	1.6	96891.9	-999.9
Bamako	2016	5	28	149	26.6	36.8	22.6	-999.9	0.0	2.7	96942.4	-999.9
Bamako	2016	5	29	150	26.6	37.5	25.2	-999.9	0.0	2.6	96673.5	-999.9
Bamako	2016	5	30	151	27.7	33.6	21.3	-999.9	0.0	2.3	96652.7	-999.9
Bamako	2016	5	31	152	26.1	36.8	22.3	-999.9	0.0	1.9	96726.8	-999.9
Bamako	2016	6	1	153	26.3	37.2	23.1	-999.9	0.0	2.0	96802.0	-999.9
Bamako	2016	6	2	154	26.8	37.8	23.3	-999.9	0.0	1.8	96767.9	-999.9
Bamako	2016	6	3	155	26.7	37.4	24.4	-999.9	0.0	2.5	96770.8	-999.9
Bamako	2016	6	4	156	25.4	36.2	23.3	-999.9	7.1	1.8	96871.3	-999.9
Bamako	2016	6	5	157	24.8	36.7	23.9	-999.9	7.1	1.4	96834.1	-999.9
Bamako	2016	6	6	158	25.9	36.5	24.2	-999.9	0.0	1.8	96740.2	-999.9
Bamako	2016	6	7	159	26.6	37.1	23.8	-999.9	0.0	1.9	96764.7	-999.9
Bamako	2016	6	8	160	26.4	37.9	24.4	-999.9	0.0	2.1	96770.0	-999.9
Bamako	2016	6	9	161	26.1	38.1	23.2	-999.9	8.9	2.6	96779.4	-999.9
Bamako	2016	6	10	162	25.2	35.0	22.1	-999.9	8.9	2.0	96778.5	-999.9
Bamako	2016	6	11	163	24.9	31.7	19.2	-999.9	0.0	2.5	96957.1	-999.9
Bamako	2016	6	12	164	24.2	33.9	23.8	-999.9	8.1	2.4	97136.5	-999.9
Bamako	2016	6	13	165	24.6	33.1	19.6	-999.9	12.1	2.8	97053.6	-999.9
Bamako	2016	6	14	166	24.5	34.6	24.6	-999.9	0.0	3.0	97027.7	-999.9
Bamako	2016	6	15	167	25.7	33.4	22.2	-999.9	0.0	3.1	97075.1	-999.9
Bamako	2016	6	16	168	25.6	35.6	24.1	-999.9	0.0	2.8	96879.2	-999.9
Bamako	2016	6	17	169	24.1	33.2	21.9	-999.9	5.7	1.9	96887.5	-999.9
Bamako	2016	6	18	170	23.9	30.9	21.5	-999.9	0.0	1.4	97054.1	-999.9
Bamako	2016	6	19	171	24.9	34.8	23.9	-999.9	0.0	2.5	96915.9	-999.9
Bamako	2016	6	20	172	26.0	37.8	25.1	-999.9	0.0	3.5	96506.8	-999.9
Bamako	2016	6	21	173	25.3	33.2	22.8	-999.9	0.0	3.5	96622.1	-999.9
Bamako	2016	6	22	174	24.9	32.8	20.7	-999.9	4.8	2.2	96838.2	-999.9
Bamako	2016	6	23	175	23.6	30.2	19.9	-999.9	4.8	1.2	96958.8	-999.9
Bamako	2016	6	24	176	23.7	29.8	17.3	-999.9	0.0	1.1	96924.6	-999.9
Bamako	2016	6	25	177	23.3	30.4	17.7	-999.9	9.6	1.7	96901.7	-999.9
Bamako	2016	6	26	178	24.0	31.7	23.2	-999.9	0.0	1.9	96960.1	-999.9
Bamako	2016	6	27	179	24.6	31.4	17.6	-999.9	18.2	1.9	96983.1	-999.9
Bamako	2016	6	28	180	24.0	29.9	19.0	-999.9	0.0	1.5	97013.6	-999.9
Bamako	2016	6	29	181	23.2	31.1	21.8	-999.9	0.0	1.5	97042.9	-999.9
Bamako	2016	6	30	182	25.2	33.0	22.3	-999.9	9.1	1.8	96964.7	-999.9
Bamako	2016	7	1	183	24.2	30.9	18.0	-999.9	13.5	1.8	97021.1	-999.9
Bamako	2016	7	2	184	24.0	31.3	19.4	-999.9	4.5	1.4	97045.7	-999.9
Bamako	2016	7	3	185	23.4	31.9	23.2	-999.9	9.0	1.0	97099.4	-999.9
Bamako	2016	7	4	186	23.8	30.9	18.4	-999.9	13.5	1.8	97088.0	-999.9
Bamako	2016	7	5	187	24.2	32.3	23.8	-999.9	0.0	2.2	97020.4	-999.9
Bamako	2016	7	6	188	25.1	32.9	23.7	-999.9	0.0	1.9	96881.8	-999.9
Bamako	2016	7	7	189	24.4	30.6	18.7	-999.9	0.0	1.8	96918.1	-999.9
Bamako	2016	7	8	190	23.8	32.1	22.1	-999.9	0.0	1.5	97017.0	-999.9
Bamako	2016	7	9	191	25.2	32.1	21.3	-999.9	22.7	2.9	96931.1	-999.9
Bamako	2016	7	10	192	24.3	32.0	19.8	-999.9	0.0	3.5	96771.7	-999.9
Bamako	2016	7	11	193	24.6	32.1	19.8	-999.9	0.0	2.9	96672.8	-999.9
Bamako	2016	7	12	194	23.5	27.5	11.6	-999.9	36.9	1.7	96859.7	-999.9
Bamako	2016	7	13	195	23.0	30.2	20.9	-999.9	0.0	1.8	96862.9	-999.9
Bamako	2016	7	14	196	23.4	31.2	20.8	-999.9	18.5	1.8	96826.8	-999.9
Bamako	2016	7	15	197	23.2	30.4	18.2	-999.9	0.0	1.7	96747.0	-999.9
Bamako	2016	7	16	198	23.7	31.7	21.4	-999.9	0.0	2.0	96723.5	-999.9
Bamako	2016	7	17	199	24.7	31.8	21.8	-999.9	10.0	2.0	96682.9	-999.9
Bamako	2016	7	18	200	23.2	28.0	14.6	-999.9	10.0	1.7	96851.5	-999.9
Bamako	2016	7	19	201	23.1	29.9	17.2	-999.9	5.0	1.6	96928.5	-999.9
Bamako	2016	7	20	202	22.5	28.8	15.2	-999.9	14.9	1.6	96878.8	-999.9
Bamako	2016	7	21	203	22.3	24.9	8.0	-999.9	0.0	1.2	96838.8	-999.9
Bamako	2016	7	22	204	21.9	26.0	9.9	-999.9	35.1	1.5	96883.1	-999.9
Bamako	2016	7	23	205	22.5	27.7	15.9	-999.9	0.0	2.1	96855.1	-999.9
Bamako	2016	7	24	206	22.8	28.9	18.0	-999.9	11.7	2.1	96844.1	-999.9
Bamako	2016	7	25	207	23.1	28.4	16.7	-999.9	11.7	1.1	96852.9	-999.9
Bamako	2016	7	26	208	22.4	29.3	19.8	-999.9	0.0	1.2	96866.0	-999.9
Bamako	2016	7	27	209	22.6	30.0	19.1	-999.9	0.0	1.5	96776.9	-999.9
Bamako	2016	7	28	210	22.8	29.1	17.8	-999.9	18.3	1.4	96852.8	-999.9
Bamako	2016	7	29	211	22.6	29.4	18.6	-999.9	9.1	1.0	96880.6	-999.9
Bamako	2016	7	30	212	23.0	29.6	19.4	-999.9	0.0	1.4	96895.8	-999.9
Bamako	2016	7	31	213	23.2	28.5	16.0	-999.9	18.3	1.6	96871.9	-999.9
Bamako	2016	8	1	214	22.6	29.7	18.6	-999.9	0.0	1.9	96954.1	-999.9
Bamako	2016	8	2	215	23.1	31.0	22.2	-999.9	27.3	1.6	97015.7	-999.9
Bamako	2016	8	3	216	24.1	29.0	13.1	-999.9	0.0	2.0	96873.2	-999.9
Bamako	2016	8	4	217	22.8	27.6	13.8	-999.9	9.1	1.0	96828.7	-999.9
Bamako	2016	8	5	218	22.4	29.8	20.1	-999.9	0.0	1.3	96966.8	-999.9
Bamako	2016	8	6	219	22.9	30.3	20.2	-999.9	16.8	2.1	97052.2	-999.9
Bamako	2016	8	7	220	22.5	29.7	16.9	-999.9	25.3	2.5	96901.6	-999.9
Bamako	2016	8	8	221	23.4	30.5	21.2	-999.9	0.0	1.6	96821.6	-999.9
Bamako	2016	8	9	222	22.8	30.1	19.0	-999.9	25.3	1.3	96880.8	-999.9
Bamako	2016	8	10	223	23.0	28.0	12.4	-999.9	25.3	1.0	96842.9	-999.9
Bamako	2016	8	11	224	23.1	28.7	15.6	-999.9	0.0	1.7	96899.0	-999.9
Bamako	2016	8	12	225	22.7	30.0	22.1	-999.9	18.9	0.9	97045.4	-999.9
Bamako	2016	8	13	226	22.7	27.8	14.3	-999.9	0.0	1.3	96930.3	-999.9
Bamako	2016	8	14	227	23.0	30.0	19.9	-999.9	0.0	1.7	96796.7	-999.9
Bamako	2016	8	15	228	22.8	28.4	18.2	-999.9	0.0	1.7	96935.3	-999.9
Bamako	2016	8	16	229	22.7	29.2	16.6	-999.9	10.9	1.4	96975.8	-999.9
Bamako	2016	8	17	230	23.3	30.0	20.1	-999.9	10.9	1.1	96888.5	-999.9
Bamako	2016	8	18	231	23.1	28.0	13.7	-999.9	21.9	0.9	96866.7	-999.9
Bamako	2016	8	19	232	22.4	28.6	14.7	-999.9	10.9	1.4	96835.8	-999.9
Bamako	2016	8	20	233	22.3	29.3	20.0	-999.9	10.9	1.8	96892.4	-999.9
Bamako	2016	8	21	234	22.9	30.2	22.7	-999.9	0.0	1.3	96964.6	-999.9
Bamako	2016	8	22	235	23.1	30.7	21.0	-999.9	7.5	1.6	96892.5	-999.9
Bamako	2016	8	23	236	23.7	30.5	20.3	-999.9	3.7	1.7	96897.0	-999.9
Bamako	2016	8	24	237	23.1	30.6	21.7	-999.9	11.2	1.4	96824.9	-999.9
Bamako	2016	8	25	238	22.7	29.3	17.1	-999.9	0.0	1.4	96776.6	-999.9
Bamako	2016	8	26	239	22.5	29.1	20.2	-999.9	0.0	1.4	96804.1	-999.9
Bamako	2016	8	27	240	22.6	30.0	20.6	-999.9	13.0	1.3	96793.4	-999.9
Bamako	2016	8	28	241	23.5	29.3	15.8	-999.9	52.0	1.5	96746.2	-999.9
Bamako	2016	8	29	242	22.9	28.2	15.2	-999.9	0.0	1.8	96829.2	-999.9
Bamako	2016	8	30	243	23.5	29.1	19.7	-999.9	0.0	1.5	97058.4	-999.9
Bamako	2016	8	31	244	22.6	29.1	14.6	-999.9	13.0	1.1	97042.4	-999.9
Bamako	2016	9	1	245	22.4	30.2	22.9	-999.9	0.0	1.3	97022.8	-999.9
Bamako	2016	9	2	246	23.0	30.3	23.0	-999.9	0.0	1.0	96968.2	-999.9
Bamako	2016	9	3	247	22.6	30.4	21.9	-999.9	25.0	1.4	96883.4	-999.9
Bamako	2016	9	4	248	23.9	31.9	23.3	-999.9	0.0	1.3	96798.1	-999.9
Bamako	2016	9	5	249	22.8	30.2	22.1	-999.9	0.0	1.6	96922.7	-999.9
Bamako	2016	9	6	250	23.2	30.1	21.4	-999.9	0.0	1.6	97024.6	-999.9
Bamako	2016	9	7	251	23.2	30.9	22.7	-999.9	0.0	1.1	97032.9	-999.9
Bamako	2016	9	8	252	23.3	31.7	23.9	-999.9	0.0	1.0	96955.3	-999.9
Bamako	2016	9	9	253	23.2	29.4	16.4	-999.9	8.2	1.1	97020.6	-999.9
Bamako	2016	9	10	254	22.8	29.5	21.3	-999.9	0.0	1.0	97079.5	-999.9
Bamako	2016	9	11	255	22.6	30.2	20.3	-999.9	6.8	1.0	96996.4	-999.9
Bamako	2016	9	12	256	22.5	30.1	19.9	-999.9	6.8	1.1	96924.6	-999.9
Bamako	2016	9	13	257	22.8	30.5	22.9	-999.9	20.3	1.5	96966.3	-999.9
Bamako	2016	9	14	258	23.1	29.4	15.5	-999.9	0.0	1.5	96841.8	-999.9
Bamako	2016	9	15	259	22.8	26.4	10.7	-999.9	6.8	1.4	96832.0	-999.9
Bamako	2016	9	16	260	22.6	28.9	19.5	-999.9	10.2	1.6	96919.6	-999.9
Bamako	2016	9	17	261	22.7	29.4	20.4	-999.9	0.0	1.2	96996.4	-999.9
Bamako	2016	9	18	262	22.5	30.2	21.2	-999.9	5.1	1.1	96960.8	-999.9
Bamako	2016	9	19	263	23.1	30.1	21.4	-999.9	0.0	1.0	96974.2	-999.9
Bamako	2016	9	20	264	23.3	30.6	23.3	-999.9	0.0	1.1	96898.0	-999.9
Bamako	2016	9	21	265	23.2	30.8	20.7	-999.9	9.4	1.2	96827.2	-999.9
Bamako	2016	9	22	266	23.9	30.2	21.1	-999.9	9.4	1.3	96889.9	-999.9
Bamako	2016	9	23	267	22.4	30.0	20.2	-999.9	4.7	1.3	97060.8	-999.9
Bamako	2016	9	24	268	22.7	30.6	22.2	-999.9	0.0	1.0	96981.9	-999.9
Bamako	2016	9	25	269	23.4	31.5	22.6	-999.9	4.7	1.9	96760.6	-999.9
Bamako	2016	9	26	270	22.1	29.0	16.9	-999.9	8.9	1.4	96795.4	-999.9
Bamako	2016	9	27	271	22.6	30.0	21.8	-999.9	0.0	1.4	96932.8	-999.9
Bamako	2016	9	28	272	22.8	31.3	23.4	-999.9	0.0	1.2	96869.5	-999.9
Bamako	2016	9	29	273	23.6	30.8	21.6	-999.9	0.0	1.1	96880.0	-999.9
Bamako	2016	9	30	274	23.3	32.0	23.3	-999.9	0.0	1.1	96904.0	-999.9
Bamako	2016	10	1	275	23.7	30.8	21.5	-999.9	2.6	1.1	96848.8	-999.9
Bamako	2016	10	2	276	24.4	33.0	23.0	-999.9	5.3	1.5	96754.6	-999.9
Bamako	2016	10	3	277	23.0	31.9	23.2	-999.9	0.0	1.2	96797.4	-999.9
Bamako	2016	10	4	278	22.8	32.6	23.7	-999.9	2.6	1.4	96794.2	-999.9
Bamako	2016	10	5	279	23.5	32.9	23.8	-999.9	2.6	1.3	96641.7	-999.9
Bamako	2016	10	6	280	22.8	33.0	23.4	-999.9	2.8	1.1	96559.8	-999.9
Bamako	2016	10	7	281	23.6	33.1	23.2	-999.9	0.0	1.4	96692.9	-999.9
Bamako	2016	10	8	282	23.7	35.1	23.9	-999.9	0.0	1.9	96713.2	-999.9
Bamako	2016	10	9	283	25.2	33.6	22.5	-999.9	5.6	1.5	96805.5	-999.9
Bamako	2016	10	10	284	23.7	32.5	21.7	-999.9	0.0	1.4	96847.2	-999.9
Bamako	2016	10	11	285	24.2	33.8	22.5	-999.9	2.3	1.4	96772.8	-999.9
Bamako	2016	10	12	286	24.0	33.2	21.9	-999.9	0.0	1.3	96731.8	-999.9
Bamako	2016	10	13	287	24.8	33.5	21.8	-999.9	0.0	1.5	96784.5	-999.9
Bamako	2016	10	14	288	23.7	32.1	21.4	-999.9	4.7	1.3	96784.3	-999.9
Bamako	2016	10	15	289	23.1	30.3	17.2	-999.9	7.0	1.2	96820.5	-999.9
Bamako	2016	10	16	290	23.3	32.0	21.8	-999.9	0.0	1.1	96830.2	-999.9
Bamako	2016	10	17	291	23.1	34.1	22.7	-999.9	0.0	1.1	96768.7	-999.9
Bamako	2016	10	18	292	24.4	32.7	20.9	-999.9	8.3	1.5	96730.4	-999.9
Bamako	2016	10	19	293	24.4	30.7	18.0	-999.9	0.0	1.8	96797.5	-999.9
Bamako	2016	10	20	294	22.1	32.6	21.9	-999.9	0.0	0.9	96765.5	-999.9
Bamako	2016	10	21	295	22.9	31.9	17.3	-999.9	0.0	0.9	96827.3	-999.9
Bamako	2016	10	22	296	23.3	33.3	21.1	-999.9	0.0	1.2	96874.9	-999.9
Bamako	2016	10	23	297	24.1	33.1	19.5	-999.9	0.0	1.5	96868.1	-999.9
Bamako	2016	10	24	298	23.8	33.8	20.0	-999.9	0.0	1.1	96688.9	-999.9
Bamako	2016	10	25	299	24.5	33.8	20.3	-999.9	0.0	1.4	96596.2	-999.9
Bamako	2016	10	26	300	23.6	33.4	18.6	-999.9	0.0	1.2	96516.4	-999.9
Bamako	2016	10	27	301	24.4	34.2	20.2	-999.9	0.0	1.5	96607.5	-999.9
Bamako	2016	10	28	302	22.3	35.4	22.3	-999.9	0.0	1.5	96694.6	-999.9
Bamako	2016	10	29	303	21.5	34.0	20.9	-999.9	0.0	1.3	96736.3	-999.9
Bamako	2016	10	30	304	22.3	34.6	20.6	-999.9	0.0	1.3	96640.8	-999.9
Bamako	2016	10	31	305	23.4	33.8	20.6	-999.9	0.0	1.7	96753.4	-999.9
Bamako	2016	11	1	306	23.5	33.6	18.1	-999.9	2.2	1.1	96949.4	-999.9
Bamako	2016	11	2	307	24.0	30.8	12.2	-999.9	0.0	2.0	96990.7	-999.9
Bamako	2016	11	3	308	23.3	35.9	21.4	-999.9	0.0	1.9	96846.5	-999.9
Bamako	2016	11	4	309	22.2	33.6	19.6	-999.9	0.0	1.4	96994.1	-999.9
Bamako	2016	11	5	310	23.4	33.7	19.3	-999.9	0.0	1.9	97058.6	-999.9
Bamako	2016	11	6	311	22.7	34.4	21.8	-999.9	0.0	2.0	96937.3	-999.9
Bamako	2016	11	7	312	19.9	34.7	22.1	-999.9	0.0	1.6	96842.6	-999.9
Bamako	2016	11	8	313	21.7	35.3	21.7	-999.9	0.0	1.9	96877.0	-999.9
Bamako	2016	11	9	314	22.0	35.1	22.5	-999.9	0.0	2.6	97008.5	-999.9
Bamako	2016	11	10	315	20.4	33.8	21.9	-999.9	0.0	2.5	96965.1	-999.9
Bamako	2016	11	11	316	18.3	32.9	22.0	-999.9	0.0	1.5	96780.8	-999.9
Bamako	2016	11	12	317	18.6	32.2	20.3	-999.9	0.0	1.3	96636.0	-999.9
Bamako	2016	11	13	318	17.9	33.1	21.5	-999.9	0.0	1.3	96590.4	-999.9
Bamako	2016	11	14	319	19.6	34.1	21.1	-999.9	0.0	1.1	96593.2	-999.9
Bamako	2016	11	15	320	21.7	34.4	19.4	-999.9	0.0	1.8	96615.6	-999.9
Bamako	2016	11	16	321	20.9	34.3	20.5	-999.9	0.0	1.4	96652.9	-999.9
Bamako	2016	11	17	322	19.5	34.8	21.2	-999.9	0.0	1.5	96621.1	-999.9
Bamako	2016	11	18	323	20.4	34.9	21.4	-999.9	0.0	1.8	96591.9	-999.9
Bamako	2016	11	19	324	19.9	35.1	21.2	-999.9	0.0	2.0	96656.6	-999.9
Bamako	2016	11	20	325	21.8	34.4	21.0	-999.9	0.0	2.3	96702.4	-999.9
Bamako	2016	11	21	326	20.7	34.3	21.0	-999.9	0.0	2.0	96703.2	-999.9
Bamako	2016	11	22	327	19.1	34.3	20.9	-999.9	0.0	1.3	96685.1	-999.9
Bamako	2016	11	23	328	19.4	35.1	20.7	-999.9	0.0	1.4	96762.3	-999.9
Bamako	2016	11	24	329	22.0	34.8	20.3	-999.9	0.0	1.5	96858.4	-999.9
Bamako	2016	11	25	330	22.3	35.4	20.4	-999.9	0.0	2.2	96749.4	-999.9
Bamako	2016	11	26	331	20.4	35.8	20.7	-999.9	0.0	1.9	96591.4	-999.9
Bamako	2016	11	27	332	20.1	34.9	20.2	-999.9	0.0	1.2	96582.8	-999.9
Bamako	2016	11	28	333	21.6	34.0	18.9	-999.9	0.0	1.8	96616.3	-999.9
Bamako	2016	11	29	334	20.8	34.6	19.7	-999.9	0.0	1.0	96672.4	-999.9
Bamako	2016	11	30	335	24.2	34.8	17.6	-999.9	0.0	1.7	96845.8	-999.9
Bamako	2016	12	1	336	23.1	36.0	20.5	-999.9	0.0	2.5	96891.6	-999.9
Bamako	2016	12	2	337	22.2	35.6	20.4	-999.9	0.0	2.5	96866.7	-999.9
Bamako	2016	12	3	338	22.3	35.2	20.4	-999.9	0.0	2.5	96833.0	-999.9
Bamako	2016	12	4	339	21.5	33.9	19.9	-999.9	0.0	2.2	96842.2	-999.9
Bamako	2016	12	5	340	19.5	33.8	20.3	-999.9	0.0	2.0	96877.5	-999.9
Bamako	2016	12	6	341	18.7	33.9	20.2	-999.9	0.0	2.0	96881.4	-999.9
Bamako	2016	12	7	342	19.8	34.0	20.0	-999.9	0.0	1.8	96805.4	-999.9
Bamako	2016	12	8	343	21.5	34.2	19.9	-999.9	0.0	2.3	96858.1	-999.9
Bamako	2016	12	9	344	21.5	33.6	19.9	-999.9	0.0	2.4	96928.1	-999.9
Bamako	2016	12	10	345	20.3	32.4	19.5	-999.9	0.0	2.3	96904.4	-999.9
Bamako	2016	12	11	346	19.7	31.5	18.8	-999.9	0.0	2.0	96850.8	-999.9
Bamako	2016	12	12	347	20.8	29.0	11.1	-999.9	0.0	1.5	96831.8	-999.9
Bamako	2016	12	13	348	19.8	33.5	18.1	-999.9	0.0	1.3	96845.6	-999.9
Bamako	2016	12	14	349	21.9	30.8	16.6	-999.9	0.0	2.4	96959.3	-999.9
Bamako	2016	12	15	350	19.3	31.1	19.8	-999.9	0.0	2.5	97036.0	-999.9
Bamako	2016	12	16	351	18.1	30.5	19.3	-999.9	0.0	2.4	97042.5	-999.9
Bamako	2016	12	17	352	17.1	30.7	19.5	-999.9	0.0	1.8	96821.9	-999.9
Bamako	2016	12	18	353	19.3	31.5	17.7	-999.9	0.0	1.8	96805.3	-999.9
Bamako	2016	12	19	354	19.7	31.9	19.5	-999.9	0.0	2.4	96862.4	-999.9
Bamako	2016	12	20	355	20.4	31.8	19.5	-999.9	0.0	2.5	96831.6	-999.9
Bamako	2016	12	21	356	18.9	32.2	20.1	-999.9	0.0	2.5	96694.4	-999.9
Bamako	2016	12	22	357	18.9	31.6	19.5	-999.9	0.0	2.8	96805.7	-999.9
Bamako	2016	12	23	358	17.5	31.7	20.5	-999.9	0.0	2.4	96861.9	-999.9
Bamako	2016	12	24	359	19.2	31.5	19.1	-999.9	0.0	2.4	96763.7	-999.9
Bamako	2016	12	25	360	19.3	33.1	19.9	-999.9	0.0	2.4	96780.0	-999.9
Bamako	2016	12	26	361	18.9	32.3	19.9	-999.9	0.0	2.4	96841.8	-999.9
Bamako	2016	12	27	362	18.7	31.8	19.9	-999.9	0.0	2.4	96980.9	-999.9
Bamako	2016	12	28	363	18.4	31.2	20.1	-999.9	0.0	2.3	96983.8	-999.9
Bamako	2016	12	29	364	18.0	31.5	20.0	-999.9	0.0	2.4	96996.1	-999.9
Bamako	2016	12	30	365	18.7	31.5	19.9	-999.9	0.0	2.5	97025.9	-999.9
Bamako	2016	12	31	366	18.6	31.2	20.0	-999.9	0.0	2.4	97005.5	-999.9
