Bamako	1991	1	1	1	18.1	29.4	20.7	-999.9	0.0	2.5	96917.2	-999.9
Bamako	1991	1	2	2	15.2	28.9	20.6	-999.9	0.0	2.4	96954.3	-999.9
Bamako	1991	1	3	3	15.0	29.1	20.7	-999.9	0.0	2.2	96932.9	-999.9
Bamako	1991	1	4	4	14.8	29.6	20.7	-999.9	0.0	2.1	96974.5	-999.9
Bamako	1991	1	5	5	16.5	29.9	20.1	-999.9	0.0	2.2	97008.7	-999.9
Bamako	1991	1	6	6	17.2	29.9	20.0	-999.9	0.0	2.4	97009.6	-999.9
Bamako	1991	1	7	7	16.6	29.3	19.8	-999.9	0.0	2.4	97065.8	-999.9
Bamako	1991	1	8	8	17.1	29.4	20.1	-999.9	0.0	2.3	97010.4	-999.9
Bamako	1991	1	9	9	17.8	30.8	19.5	-999.9	0.0	2.2	96970.3	-999.9
Bamako	1991	1	10	10	19.3	31.7	18.7	-999.9	0.0	2.3	96975.7	-999.9
Bamako	1991	1	11	11	19.4	33.2	19.9	-999.9	0.0	2.3	96940.4	-999.9
Bamako	1991	1	12	12	19.6	32.7	20.3	-999.9	0.0	2.4	96870.5	-999.9
Bamako	1991	1	13	13	19.7	32.3	20.4	-999.9	0.0	2.3	96794.3	-999.9
Bamako	1991	1	14	14	18.9	31.9	19.1	-999.9	0.0	1.9	96624.4	-999.9
Bamako	1991	1	15	15	18.3	33.2	20.2	-999.9	0.0	1.3	96584.7	-999.9
Bamako	1991	1	16	16	20.2	33.6	18.5	-999.9	0.0	2.1	96755.5	-999.9
Bamako	1991	1	17	17	21.1	32.0	17.8	-999.9	0.0	2.6	97033.2	-999.9
Bamako	1991	1	18	18	21.6	33.0	20.3	-999.9	0.0	2.3	96947.1	-999.9
Bamako	1991	1	19	19	20.3	33.6	20.4	-999.9	0.0	2.1	96798.0	-999.9
Bamako	1991	1	20	20	22.7	34.2	20.0	-999.9	0.0	2.1	96722.2	-999.9
Bamako	1991	1	21	21	22.1	35.1	20.5	-999.9	0.0	2.3	96710.4	-999.9
Bamako	1991	1	22	22	22.3	34.9	20.7	-999.9	0.0	2.4	96760.3	-999.9
Bamako	1991	1	23	23	21.6	34.8	20.1	-999.9	0.0	1.9	96804.9	-999.9
Bamako	1991	1	24	24	21.5	34.5	20.2	-999.9	0.0	1.6	96818.0	-999.9
Bamako	1991	1	25	25	20.4	35.1	20.8	-999.9	0.0	2.4	96852.5	-999.9
Bamako	1991	1	26	26	20.9	34.7	20.8	-999.9	0.0	2.6	96940.4	-999.9
Bamako	1991	1	27	27	21.4	35.0	20.5	-999.9	0.0	2.5	96967.2	-999.9
Bamako	1991	1	28	28	21.5	35.4	21.2	-999.9	0.0	2.6	96890.2	-999.9
Bamako	1991	1	29	29	21.9	35.2	20.9	-999.9	0.0	2.9	96841.7	-999.9
Bamako	1991	1	30	30	21.1	35.2	20.8	-999.9	0.0	2.8	96742.1	-999.9
Bamako	1991	1	31	31	21.8	35.5	21.3	-999.9	0.0	2.9	96756.0	-999.9
Bamako	1991	2	1	32	21.9	34.0	20.7	-999.9	0.0	3.4	96810.8	-999.9
Bamako	1991	2	2	33	20.3	33.6	21.6	-999.9	0.0	2.7	96806.5	-999.9
Bamako	1991	2	3	34	19.5	32.0	19.7	-999.9	0.0	2.6	96801.8	-999.9
Bamako	1991	2	4	35	19.4	30.8	21.2	-999.9	0.0	2.7	96886.2	-999.9
Bamako	1991	2	5	36	18.5	30.7	21.1	-999.9	0.0	2.4	96984.0	-999.9
Bamako	1991	2	6	37	18.1	31.6	21.2	-999.9	0.0	2.1	97031.5	-999.9
Bamako	1991	2	7	38	19.5	33.3	21.8	-999.9	0.0	2.0	96983.6	-999.9
Bamako	1991	2	8	39	19.4	34.1	22.0	-999.9	0.0	2.2	96850.7	-999.9
Bamako	1991	2	9	40	19.8	34.3	22.0	-999.9	0.0	2.1	96749.4	-999.9
Bamako	1991	2	10	41	19.7	35.2	22.0	-999.9	0.0	1.7	96763.4	-999.9
Bamako	1991	2	11	42	21.3	34.9	21.7	-999.9	0.0	2.2	96782.1	-999.9
Bamako	1991	2	12	43	20.5	34.9	21.7	-999.9	0.0	2.1	96692.5	-999.9
Bamako	1991	2	13	44	19.0	35.4	21.8	-999.9	0.0	1.5	96541.1	-999.9
Bamako	1991	2	14	45	25.6	33.9	13.7	-999.9	0.0	2.5	96619.4	-999.9
Bamako	1991	2	15	46	23.1	33.4	20.6	-999.9	0.0	1.7	96919.3	-999.9
Bamako	1991	2	16	47	21.9	33.0	21.3	-999.9	0.0	2.0	96902.3	-999.9
Bamako	1991	2	17	48	20.9	33.3	22.0	-999.9	0.0	1.9	96739.1	-999.9
Bamako	1991	2	18	49	21.1	34.8	22.2	-999.9	0.0	1.4	96583.5	-999.9
Bamako	1991	2	19	50	23.5	35.0	17.8	-999.9	0.0	2.2	96733.6	-999.9
Bamako	1991	2	20	51	23.5	35.5	21.8	-999.9	0.0	2.4	96714.9	-999.9
Bamako	1991	2	21	52	23.7	35.5	22.6	-999.9	0.0	2.1	96685.4	-999.9
Bamako	1991	2	22	53	22.4	36.9	22.8	-999.9	0.0	2.1	96796.6	-999.9
Bamako	1991	2	23	54	23.3	37.5	23.0	-999.9	0.0	2.6	96925.9	-999.9
Bamako	1991	2	24	55	23.3	37.7	23.2	-999.9	0.0	2.6	96887.3	-999.9
Bamako	1991	2	25	56	22.5	36.2	23.2	-999.9	0.0	2.3	96800.9	-999.9
Bamako	1991	2	26	57	21.3	34.5	23.4	-999.9	0.0	2.1	96787.3	-999.9
Bamako	1991	2	27	58	21.1	34.6	23.5	-999.9	0.0	2.0	96798.4	-999.9
Bamako	1991	2	28	59	23.3	35.2	21.6	-999.9	0.0	2.2	96798.0	-999.9
Bamako	1991	3	1	60	22.9	34.4	20.8	-999.9	0.0	2.5	96691.0	-999.9
Bamako	1991	3	2	61	21.0	34.8	22.6	-999.9	0.0	2.3	96635.8	-999.9
Bamako	1991	3	3	62	21.6	36.5	23.7	-999.9	0.0	2.4	96686.0	-999.9
Bamako	1991	3	4	63	22.9	37.4	23.8	-999.9	0.0	2.3	96717.2	-999.9
Bamako	1991	3	5	64	21.8	37.0	23.9	-999.9	0.0	1.7	96664.5	-999.9
Bamako	1991	3	6	65	21.4	38.2	24.2	-999.9	0.0	1.6	96438.8	-999.9
Bamako	1991	3	7	66	23.7	38.2	23.9	-999.9	0.0	2.1	96318.5	-999.9
Bamako	1991	3	8	67	22.7	37.6	24.1	-999.9	0.0	2.0	96501.8	-999.9
Bamako	1991	3	9	68	22.9	36.9	22.3	-999.9	0.0	1.4	96576.5	-999.9
Bamako	1991	3	10	69	25.0	37.6	22.0	-999.9	0.0	1.1	96545.0	-999.9
Bamako	1991	3	11	70	23.9	38.7	23.8	-999.9	0.0	2.0	96460.5	-999.9
Bamako	1991	3	12	71	24.2	38.3	24.6	-999.9	0.0	2.1	96426.9	-999.9
Bamako	1991	3	13	72	22.5	38.0	24.2	-999.9	0.0	1.7	96349.7	-999.9
Bamako	1991	3	14	73	22.2	37.0	24.6	-999.9	0.0	1.7	96429.6	-999.9
Bamako	1991	3	15	74	22.2	35.4	24.6	-999.9	0.0	2.0	96658.8	-999.9
Bamako	1991	3	16	75	22.6	36.1	24.0	-999.9	0.0	2.4	96700.5	-999.9
Bamako	1991	3	17	76	22.9	36.1	24.9	-999.9	0.0	2.3	96647.0	-999.9
Bamako	1991	3	18	77	23.2	36.4	24.9	-999.9	0.0	2.2	96709.4	-999.9
Bamako	1991	3	19	78	23.1	36.4	25.1	-999.9	0.0	2.1	96743.4	-999.9
Bamako	1991	3	20	79	22.8	36.7	25.2	-999.9	0.0	2.7	96682.1	-999.9
Bamako	1991	3	21	80	21.0	35.2	21.1	-999.9	0.0	1.9	96661.9	-999.9
Bamako	1991	3	22	81	22.5	37.2	24.1	-999.9	0.0	1.5	96537.2	-999.9
Bamako	1991	3	23	82	24.1	37.2	23.5	-999.9	0.0	1.7	96477.3	-999.9
Bamako	1991	3	24	83	23.5	36.2	25.3	-999.9	0.0	2.3	96544.9	-999.9
Bamako	1991	3	25	84	23.5	36.2	25.2	-999.9	0.0	1.7	96517.7	-999.9
Bamako	1991	3	26	85	23.1	36.6	24.8	-999.9	0.0	1.7	96460.5	-999.9
Bamako	1991	3	27	86	23.7	36.1	21.9	-999.9	0.0	1.9	96450.6	-999.9
Bamako	1991	3	28	87	25.5	37.8	24.0	-999.9	0.0	1.4	96441.1	-999.9
Bamako	1991	3	29	88	26.1	39.1	25.0	-999.9	0.0	1.7	96386.8	-999.9
Bamako	1991	3	30	89	25.2	38.5	25.4	-999.9	0.0	2.2	96497.6	-999.9
Bamako	1991	3	31	90	23.4	38.6	25.4	-999.9	0.0	1.7	96551.6	-999.9
Bamako	1991	4	1	91	22.9	38.5	25.5	-999.9	0.0	1.5	96473.2	-999.9
Bamako	1991	4	2	92	24.1	38.4	23.8	-999.9	0.0	1.9	96551.9	-999.9
Bamako	1991	4	3	93	23.4	38.1	25.3	-999.9	0.0	2.1	96734.7	-999.9
Bamako	1991	4	4	94	24.4	37.8	25.8	-999.9	0.0	2.3	96806.1	-999.9
Bamako	1991	4	5	95	23.3	36.1	26.0	-999.9	0.0	1.4	96757.1	-999.9
Bamako	1991	4	6	96	22.7	37.2	25.9	-999.9	0.0	1.7	96663.8	-999.9
Bamako	1991	4	7	97	24.3	37.9	26.0	-999.9	0.0	2.1	96633.8	-999.9
Bamako	1991	4	8	98	22.8	38.1	26.1	-999.9	0.0	1.7	96589.4	-999.9
Bamako	1991	4	9	99	23.3	38.8	25.8	-999.9	0.0	1.6	96446.0	-999.9
Bamako	1991	4	10	100	24.6	39.0	25.2	-999.9	0.0	1.9	96357.8	-999.9
Bamako	1991	4	11	101	22.8	38.8	26.0	-999.9	0.0	1.7	96380.8	-999.9
Bamako	1991	4	12	102	22.4	38.0	26.5	-999.9	0.0	1.9	96413.2	-999.9
Bamako	1991	4	13	103	21.2	37.9	26.6	-999.9	0.0	1.4	96353.3	-999.9
Bamako	1991	4	14	104	23.1	37.7	21.4	-999.9	0.0	1.7	96408.1	-999.9
Bamako	1991	4	15	105	27.5	37.3	21.3	-999.9	0.0	1.7	96580.4	-999.9
Bamako	1991	4	16	106	28.0	37.1	22.0	-999.9	0.0	1.8	96535.7	-999.9
Bamako	1991	4	17	107	27.3	37.9	20.7	-999.9	0.0	2.0	96380.2	-999.9
Bamako	1991	4	18	108	25.9	36.0	21.3	-999.9	5.7	1.5	96491.0	-999.9
Bamako	1991	4	19	109	25.2	37.4	22.5	-999.9	17.1	1.4	96657.5	-999.9
Bamako	1991	4	20	110	26.4	39.9	23.2	-999.9	0.0	2.4	96531.3	-999.9
Bamako	1991	4	21	111	27.5	39.9	23.5	-999.9	0.0	2.0	96490.9	-999.9
Bamako	1991	4	22	112	28.6	38.4	24.0	-999.9	0.0	2.1	96508.4	-999.9
Bamako	1991	4	23	113	27.5	40.4	23.5	-999.9	8.0	2.0	96550.0	-999.9
Bamako	1991	4	24	114	28.2	39.5	23.6	-999.9	4.0	1.9	96601.9	-999.9
Bamako	1991	4	25	115	28.4	40.9	24.7	-999.9	0.0	2.0	96447.5	-999.9
Bamako	1991	4	26	116	25.0	40.5	25.8	-999.9	0.0	1.6	96326.8	-999.9
Bamako	1991	4	27	117	23.5	39.2	26.5	-999.9	0.0	2.0	96327.9	-999.9
Bamako	1991	4	28	118	23.5	38.6	25.9	-999.9	0.0	2.1	96380.3	-999.9
Bamako	1991	4	29	119	28.2	37.0	21.6	-999.9	0.0	2.1	96498.7	-999.9
Bamako	1991	4	30	120	25.9	35.2	21.9	-999.9	0.0	2.1	96662.3	-999.9
Bamako	1991	5	1	121	25.5	36.0	23.0	-999.9	0.0	1.9	96598.4	-999.9
Bamako	1991	5	2	122	25.3	39.1	25.4	-999.9	0.0	2.2	96467.3	-999.9
Bamako	1991	5	3	123	24.9	39.2	26.4	-999.9	0.0	1.8	96467.6	-999.9
Bamako	1991	5	4	124	25.6	39.2	25.3	-999.9	0.0	1.8	96462.7	-999.9
Bamako	1991	5	5	125	27.3	37.0	20.6	-999.9	0.0	2.2	96538.0	-999.9
Bamako	1991	5	6	126	26.6	35.8	22.3	-999.9	0.0	2.2	96568.6	-999.9
Bamako	1991	5	7	127	26.5	37.5	23.0	-999.9	0.0	2.0	96547.2	-999.9
Bamako	1991	5	8	128	26.5	36.6	21.9	-999.9	6.7	1.6	96627.0	-999.9
Bamako	1991	5	9	129	26.3	34.7	17.2	-999.9	0.0	1.5	96658.4	-999.9
Bamako	1991	5	10	130	26.9	36.8	22.5	-999.9	0.0	1.5	96588.5	-999.9
Bamako	1991	5	11	131	26.4	36.6	20.1	-999.9	0.0	1.8	96562.2	-999.9
Bamako	1991	5	12	132	26.5	36.9	23.7	-999.9	0.0	1.5	96500.6	-999.9
Bamako	1991	5	13	133	25.0	37.4	24.8	-999.9	0.0	1.6	96526.1	-999.9
Bamako	1991	5	14	134	24.0	38.1	23.4	-999.9	0.0	2.2	96495.3	-999.9
Bamako	1991	5	15	135	25.5	38.0	24.4	-999.9	0.0	1.9	96485.3	-999.9
Bamako	1991	5	16	136	26.8	37.8	22.8	-999.9	3.5	2.0	96575.0	-999.9
Bamako	1991	5	17	137	26.1	33.8	17.3	-999.9	0.0	1.8	96721.5	-999.9
Bamako	1991	5	18	138	25.9	36.6	21.7	-999.9	0.0	1.6	96618.6	-999.9
Bamako	1991	5	19	139	25.2	34.6	15.5	-999.9	8.1	1.6	96518.8	-999.9
Bamako	1991	5	20	140	25.5	35.1	21.5	-999.9	0.0	2.0	96500.2	-999.9
Bamako	1991	5	21	141	25.2	32.4	16.0	-999.9	2.6	2.3	96754.8	-999.9
Bamako	1991	5	22	142	25.2	35.0	24.0	-999.9	0.0	2.0	96870.3	-999.9
Bamako	1991	5	23	143	26.0	36.5	23.6	-999.9	0.0	1.6	96669.8	-999.9
Bamako	1991	5	24	144	24.9	38.2	22.6	-999.9	3.0	2.6	96362.8	-999.9
Bamako	1991	5	25	145	24.2	37.8	26.1	-999.9	0.0	1.8	96340.6	-999.9
Bamako	1991	5	26	146	24.5	37.1	24.4	-999.9	0.0	2.3	96472.4	-999.9
Bamako	1991	5	27	147	25.9	37.4	24.6	-999.9	0.0	1.9	96570.3	-999.9
Bamako	1991	5	28	148	26.5	38.1	23.7	-999.9	0.0	1.8	96475.7	-999.9
Bamako	1991	5	29	149	26.7	36.4	21.4	-999.9	3.5	2.0	96425.7	-999.9
Bamako	1991	5	30	150	24.2	29.2	14.5	-999.9	0.0	2.3	96671.5	-999.9
Bamako	1991	5	31	151	23.7	30.4	19.5	-999.9	0.0	1.7	96752.8	-999.9
Bamako	1991	6	1	152	24.2	33.5	23.8	-999.9	3.8	1.4	96666.9	-999.9
Bamako	1991	6	2	153	24.1	30.7	19.2	-999.9	0.0	1.2	96757.3	-999.9
Bamako	1991	6	3	154	25.5	33.6	22.1	-999.9	3.8	1.4	96828.8	-999.9
Bamako	1991	6	4	155	23.9	34.3	21.7	-999.9	0.0	1.7	96797.9	-999.9
Bamako	1991	6	5	156	25.8	39.1	24.2	-999.9	0.0	2.4	96608.8	-999.9
Bamako	1991	6	6	157	23.3	40.7	25.9	-999.9	0.0	2.4	96635.3	-999.9
Bamako	1991	6	7	158	26.4	38.3	24.1	-999.9	0.0	2.4	96768.1	-999.9
Bamako	1991	6	8	159	26.4	37.8	23.7	-999.9	7.6	1.5	96754.7	-999.9
Bamako	1991	6	9	160	27.7	38.5	24.2	-999.9	0.0	1.6	96755.6	-999.9
Bamako	1991	6	10	161	27.4	39.0	22.9	-999.9	7.6	1.8	96766.1	-999.9
Bamako	1991	6	11	162	26.3	38.9	22.8	-999.9	0.0	2.3	96696.9	-999.9
Bamako	1991	6	12	163	26.3	38.3	23.7	-999.9	5.2	2.7	96653.7	-999.9
Bamako	1991	6	13	164	25.0	34.7	21.7	-999.9	5.2	1.9	96680.4	-999.9
Bamako	1991	6	14	165	25.7	34.7	21.8	-999.9	0.0	2.0	96743.3	-999.9
Bamako	1991	6	15	166	24.5	35.8	24.6	-999.9	0.0	2.0	96770.5	-999.9
Bamako	1991	6	16	167	25.5	33.4	20.9	-999.9	16.5	1.5	96777.8	-999.9
Bamako	1991	6	17	168	24.5	34.9	23.4	-999.9	0.0	1.7	96847.9	-999.9
Bamako	1991	6	18	169	25.1	37.6	23.8	-999.9	0.0	1.6	96822.3	-999.9
Bamako	1991	6	19	170	26.7	35.7	22.8	-999.9	14.4	1.6	96766.9	-999.9
Bamako	1991	6	20	171	25.8	33.7	20.1	-999.9	0.0	2.0	96775.3	-999.9
Bamako	1991	6	21	172	24.4	31.4	18.2	-999.9	14.1	1.5	96855.5	-999.9
Bamako	1991	6	22	173	25.2	31.1	18.6	-999.9	0.0	1.5	96894.9	-999.9
Bamako	1991	6	23	174	24.7	32.3	21.5	-999.9	4.7	1.5	97055.0	-999.9
Bamako	1991	6	24	175	24.0	32.4	22.8	-999.9	0.0	1.5	96971.0	-999.9
Bamako	1991	6	25	176	25.2	35.9	24.3	-999.9	0.0	2.1	96707.8	-999.9
Bamako	1991	6	26	177	25.8	35.6	23.8	-999.9	0.0	2.4	96719.3	-999.9
Bamako	1991	6	27	178	24.7	34.8	22.0	-999.9	6.5	1.9	96866.8	-999.9
Bamako	1991	6	28	179	24.2	33.4	21.3	-999.9	0.0	1.5	96876.6	-999.9
Bamako	1991	6	29	180	24.5	33.5	22.3	-999.9	6.5	1.5	96863.4	-999.9
Bamako	1991	6	30	181	23.8	34.9	23.9	-999.9	0.0	1.5	96917.2	-999.9
Bamako	1991	7	1	182	24.3	35.0	21.7	-999.9	8.3	1.5	96889.0	-999.9
Bamako	1991	7	2	183	23.8	32.7	21.8	-999.9	0.0	1.7	96830.2	-999.9
Bamako	1991	7	3	184	23.1	28.4	14.0	-999.9	24.8	1.8	96858.9	-999.9
Bamako	1991	7	4	185	22.5	28.4	16.5	-999.9	0.0	2.2	96987.0	-999.9
Bamako	1991	7	5	186	22.3	30.9	23.5	-999.9	0.0	1.6	97048.2	-999.9
Bamako	1991	7	6	187	23.3	30.7	16.3	-999.9	0.0	2.1	96899.0	-999.9
Bamako	1991	7	7	188	25.0	32.0	23.2	-999.9	0.0	1.9	96713.8	-999.9
Bamako	1991	7	8	189	24.3	30.5	20.4	-999.9	6.8	1.6	96858.0	-999.9
Bamako	1991	7	9	190	23.1	30.1	19.4	-999.9	0.0	1.0	96888.9	-999.9
Bamako	1991	7	10	191	23.5	30.7	20.3	-999.9	6.8	1.2	96819.3	-999.9
Bamako	1991	7	11	192	23.0	28.0	15.1	-999.9	13.1	1.4	96885.8	-999.9
Bamako	1991	7	12	193	22.6	30.0	22.4	-999.9	0.0	1.3	96954.8	-999.9
Bamako	1991	7	13	194	24.0	31.1	22.1	-999.9	7.5	2.1	96881.6	-999.9
Bamako	1991	7	14	195	24.2	32.2	23.2	-999.9	6.6	2.5	96712.9	-999.9
Bamako	1991	7	15	196	22.7	30.5	17.1	-999.9	13.1	2.5	96701.5	-999.9
Bamako	1991	7	16	197	22.8	27.2	12.8	-999.9	16.2	2.1	96901.5	-999.9
Bamako	1991	7	17	198	22.5	29.3	22.2	-999.9	0.0	1.5	97129.4	-999.9
Bamako	1991	7	18	199	23.6	30.0	20.0	-999.9	8.1	2.1	97026.3	-999.9
Bamako	1991	7	19	200	23.8	29.2	14.8	-999.9	0.0	2.7	96773.9	-999.9
Bamako	1991	7	20	201	23.4	30.0	17.8	-999.9	0.0	2.0	96806.9	-999.9
Bamako	1991	7	21	202	23.3	29.4	16.4	-999.9	17.0	1.4	96924.2	-999.9
Bamako	1991	7	22	203	22.5	28.8	20.9	-999.9	0.0	2.1	96981.3	-999.9
Bamako	1991	7	23	204	23.0	29.5	20.2	-999.9	17.0	1.6	97010.4	-999.9
Bamako	1991	7	24	205	22.3	28.8	14.5	-999.9	5.7	1.8	96936.8	-999.9
Bamako	1991	7	25	206	22.4	30.0	19.9	-999.9	5.7	1.7	96950.9	-999.9
Bamako	1991	7	26	207	22.8	28.8	16.5	-999.9	27.2	1.5	97031.4	-999.9
Bamako	1991	7	27	208	21.9	25.7	11.4	-999.9	0.0	1.8	97104.9	-999.9
Bamako	1991	7	28	209	21.7	28.8	20.0	-999.9	0.0	1.8	97064.0	-999.9
Bamako	1991	7	29	210	22.4	29.9	21.5	-999.9	11.9	1.6	96941.5	-999.9
Bamako	1991	7	30	211	23.0	29.0	17.6	-999.9	47.7	1.6	96962.8	-999.9
Bamako	1991	7	31	212	22.3	28.7	19.4	-999.9	0.0	2.0	97005.4	-999.9
Bamako	1991	8	1	213	22.1	23.6	6.3	-999.9	8.0	1.9	96985.3	-999.9
Bamako	1991	8	2	214	21.4	30.0	18.9	-999.9	0.0	1.4	96872.5	-999.9
Bamako	1991	8	3	215	23.0	30.0	20.5	-999.9	0.0	1.8	96843.1	-999.9
Bamako	1991	8	4	216	22.9	29.9	19.2	-999.9	9.1	2.0	96824.6	-999.9
Bamako	1991	8	5	217	21.9	28.7	13.1	-999.9	9.1	1.6	96851.1	-999.9
Bamako	1991	8	6	218	22.8	28.6	16.9	-999.9	0.0	1.5	96866.1	-999.9
Bamako	1991	8	7	219	22.8	29.0	15.9	-999.9	12.6	1.1	96791.4	-999.9
Bamako	1991	8	8	220	22.6	27.4	12.8	-999.9	0.0	1.7	96745.2	-999.9
Bamako	1991	8	9	221	22.0	28.9	17.6	-999.9	6.3	1.6	96793.9	-999.9
Bamako	1991	8	10	222	22.5	27.3	13.5	-999.9	12.6	1.6	96846.6	-999.9
Bamako	1991	8	11	223	22.8	30.1	17.4	-999.9	35.8	1.1	96788.6	-999.9
Bamako	1991	8	12	224	22.6	26.1	12.7	-999.9	0.0	1.2	96910.9	-999.9
Bamako	1991	8	13	225	22.2	28.2	17.0	-999.9	0.0	1.9	97066.6	-999.9
Bamako	1991	8	14	226	22.2	29.7	19.6	-999.9	35.8	2.0	97026.6	-999.9
Bamako	1991	8	15	227	22.4	28.2	14.1	-999.9	0.0	1.2	97036.5	-999.9
Bamako	1991	8	16	228	22.2	28.7	20.9	-999.9	0.0	1.7	97046.9	-999.9
Bamako	1991	8	17	229	23.0	28.5	17.5	-999.9	32.0	1.5	97019.6	-999.9
Bamako	1991	8	18	230	22.3	23.5	5.9	-999.9	0.0	1.6	96909.3	-999.9
Bamako	1991	8	19	231	22.1	24.9	10.0	-999.9	32.0	1.4	96937.7	-999.9
Bamako	1991	8	20	232	21.7	28.2	18.0	-999.9	0.0	1.4	97012.6	-999.9
Bamako	1991	8	21	233	21.9	28.8	19.2	-999.9	0.0	1.4	97007.7	-999.9
Bamako	1991	8	22	234	21.9	28.4	17.7	-999.9	0.0	1.8	96985.6	-999.9
Bamako	1991	8	23	235	21.9	28.8	21.4	-999.9	12.8	1.5	97137.3	-999.9
Bamako	1991	8	24	236	22.6	29.1	15.0	-999.9	12.8	1.2	97205.2	-999.9
Bamako	1991	8	25	237	22.5	29.9	19.8	-999.9	0.0	1.3	97012.9	-999.9
Bamako	1991	8	26	238	22.8	30.9	21.3	-999.9	0.0	1.8	96859.1	-999.9
Bamako	1991	8	27	239	22.4	29.5	19.7	-999.9	12.0	1.6	96992.1	-999.9
Bamako	1991	8	28	240	22.6	29.3	19.2	-999.9	0.0	1.1	97051.1	-999.9
Bamako	1991	8	29	241	22.4	28.5	18.0	-999.9	0.0	1.0	96969.1	-999.9
Bamako	1991	8	30	242	22.3	28.5	17.6	-999.9	0.0	1.3	96947.9	-999.9
Bamako	1991	8	31	243	22.3	28.1	16.2	-999.9	35.9	1.0	96946.0	-999.9
Bamako	1991	9	1	244	21.7	27.7	17.8	-999.9	9.2	1.8	96981.2	-999.9
Bamako	1991	9	2	245	21.4	29.4	21.3	-999.9	0.0	1.0	97117.8	-999.9
Bamako	1991	9	3	246	22.5	29.0	17.7	-999.9	18.4	1.3	97136.1	-999.9
Bamako	1991	9	4	247	21.5	28.9	18.5	-999.9	9.2	0.8	97027.8	-999.9
Bamako	1991	9	5	248	22.1	29.6	23.4	-999.9	0.0	1.2	97025.9	-999.9
Bamako	1991	9	6	249	22.4	31.0	23.5	-999.9	3.3	1.2	97066.2	-999.9
Bamako	1991	9	7	250	22.9	29.4	20.9	-999.9	6.6	1.4	97182.0	-999.9
Bamako	1991	9	8	251	22.2	29.2	18.4	-999.9	0.0	1.2	97148.1	-999.9
Bamako	1991	9	9	252	22.3	30.1	22.4	-999.9	0.0	0.9	97103.5	-999.9
Bamako	1991	9	10	253	23.3	30.3	21.4	-999.9	3.3	1.1	97069.2	-999.9
Bamako	1991	9	11	254	22.3	30.1	21.3	-999.9	19.1	1.7	97085.1	-999.9
Bamako	1991	9	12	255	23.1	30.8	22.0	-999.9	0.0	1.1	96934.4	-999.9
Bamako	1991	9	13	256	24.0	30.2	20.7	-999.9	9.5	1.3	96889.8	-999.9
Bamako	1991	9	14	257	22.8	30.4	22.7	-999.9	0.0	1.2	96944.5	-999.9
Bamako	1991	9	15	258	22.9	30.2	21.0	-999.9	0.0	1.6	96853.3	-999.9
Bamako	1991	9	16	259	23.9	32.2	23.3	-999.9	0.0	1.6	96707.7	-999.9
Bamako	1991	9	17	260	22.1	31.0	22.3	-999.9	9.8	1.5	96765.5	-999.9
Bamako	1991	9	18	261	23.2	30.7	22.2	-999.9	0.0	1.0	96829.7	-999.9
Bamako	1991	9	19	262	23.0	25.2	8.8	-999.9	9.8	1.4	96852.6	-999.9
Bamako	1991	9	20	263	21.5	29.2	19.5	-999.9	3.3	1.3	96909.0	-999.9
Bamako	1991	9	21	264	22.1	30.8	22.7	-999.9	7.6	1.1	96904.6	-999.9
Bamako	1991	9	22	265	23.6	31.4	18.8	-999.9	0.0	1.7	96774.1	-999.9
Bamako	1991	9	23	266	24.3	31.2	20.5	-999.9	0.0	1.7	96729.4	-999.9
Bamako	1991	9	24	267	22.4	30.6	19.5	-999.9	0.0	1.4	96804.8	-999.9
Bamako	1991	9	25	268	22.9	29.8	18.7	-999.9	7.6	1.3	96793.5	-999.9
Bamako	1991	9	26	269	22.3	30.5	20.5	-999.9	0.0	1.0	96796.6	-999.9
Bamako	1991	9	27	270	22.8	32.0	23.3	-999.9	0.0	1.1	96869.6	-999.9
Bamako	1991	9	28	271	23.2	31.3	22.4	-999.9	0.0	1.2	96943.6	-999.9
Bamako	1991	9	29	272	24.0	32.1	21.5	-999.9	0.0	1.9	96731.8	-999.9
Bamako	1991	9	30	273	23.5	32.0	22.9	-999.9	0.0	1.8	96622.4	-999.9
Bamako	1991	10	1	274	23.2	30.6	20.0	-999.9	14.9	1.5	96679.7	-999.9
Bamako	1991	10	2	275	23.4	30.9	21.2	-999.9	14.9	1.2	96638.7	-999.9
Bamako	1991	10	3	276	22.9	30.9	21.1	-999.9	0.0	1.4	96625.8	-999.9
Bamako	1991	10	4	277	23.2	31.1	21.2	-999.9	0.0	1.2	96500.8	-999.9
Bamako	1991	10	5	278	22.3	27.9	15.5	-999.9	0.0	1.7	96646.0	-999.9
Bamako	1991	10	6	279	22.2	24.7	7.0	-999.9	29.0	0.9	96848.6	-999.9
Bamako	1991	10	7	280	22.4	27.7	15.2	-999.9	0.0	0.9	96910.5	-999.9
Bamako	1991	10	8	281	21.7	29.9	19.6	-999.9	0.0	1.2	96920.1	-999.9
Bamako	1991	10	9	282	23.0	30.0	20.6	-999.9	0.0	1.3	96903.9	-999.9
Bamako	1991	10	10	283	21.5	28.7	17.3	-999.9	9.7	1.4	97047.0	-999.9
Bamako	1991	10	11	284	21.7	30.9	21.8	-999.9	0.0	1.3	97066.0	-999.9
Bamako	1991	10	12	285	23.5	30.3	20.7	-999.9	0.0	1.8	96913.1	-999.9
Bamako	1991	10	13	286	24.0	30.8	20.9	-999.9	0.0	1.8	96849.4	-999.9
Bamako	1991	10	14	287	22.7	29.6	19.6	-999.9	18.3	1.7	96909.0	-999.9
Bamako	1991	10	15	288	22.0	29.0	19.2	-999.9	0.0	1.3	96939.8	-999.9
Bamako	1991	10	16	289	22.0	28.8	16.9	-999.9	0.0	1.1	96878.2	-999.9
Bamako	1991	10	17	290	22.3	29.7	20.5	-999.9	0.0	1.3	96839.1	-999.9
Bamako	1991	10	18	291	21.7	29.3	20.5	-999.9	30.1	1.4	96933.8	-999.9
Bamako	1991	10	19	292	21.8	28.8	17.5	-999.9	0.0	1.4	97044.6	-999.9
Bamako	1991	10	20	293	21.6	31.1	22.7	-999.9	0.0	1.7	96850.8	-999.9
Bamako	1991	10	21	294	19.9	30.9	23.1	-999.9	0.0	1.6	96745.3	-999.9
Bamako	1991	10	22	295	18.9	30.6	21.9	-999.9	0.0	1.5	96805.6	-999.9
Bamako	1991	10	23	296	21.7	30.2	21.6	-999.9	0.0	1.3	96924.8	-999.9
Bamako	1991	10	24	297	22.7	30.7	19.7	-999.9	0.0	1.2	96912.9	-999.9
Bamako	1991	10	25	298	21.6	30.7	20.1	-999.9	0.0	1.4	96819.2	-999.9
Bamako	1991	10	26	299	22.6	32.7	21.5	-999.9	0.0	1.3	96710.4	-999.9
Bamako	1991	10	27	300	21.2	33.6	21.8	-999.9	0.0	1.5	96739.7	-999.9
Bamako	1991	10	28	301	21.9	33.5	21.0	-999.9	0.0	1.3	96809.3	-999.9
Bamako	1991	10	29	302	19.9	32.7	22.5	-999.9	0.0	1.6	96830.8	-999.9
Bamako	1991	10	30	303	19.0	33.3	22.6	-999.9	0.0	1.6	96796.9	-999.9
Bamako	1991	10	31	304	18.2	32.7	22.3	-999.9	0.0	1.2	96745.8	-999.9
Bamako	1991	11	1	305	20.0	33.0	21.4	-999.9	0.0	1.4	96792.1	-999.9
Bamako	1991	11	2	306	21.7	33.3	19.3	-999.9	0.0	1.4	96844.7	-999.9
Bamako	1991	11	3	307	21.4	33.4	21.1	-999.9	0.0	1.6	96821.0	-999.9
Bamako	1991	11	4	308	20.2	34.0	21.9	-999.9	0.0	1.5	96759.3	-999.9
Bamako	1991	11	5	309	20.8	34.5	21.8	-999.9	0.0	1.7	96674.0	-999.9
Bamako	1991	11	6	310	21.1	33.1	18.8	-999.9	0.0	1.9	96809.0	-999.9
Bamako	1991	11	7	311	21.9	34.1	20.6	-999.9	0.0	1.6	96918.0	-999.9
Bamako	1991	11	8	312	18.5	34.4	22.0	-999.9	0.0	1.9	96854.9	-999.9
Bamako	1991	11	9	313	19.7	33.8	21.8	-999.9	0.0	2.1	96707.6	-999.9
Bamako	1991	11	10	314	18.5	33.7	21.6	-999.9	0.0	1.7	96645.2	-999.9
Bamako	1991	11	11	315	18.1	33.4	21.5	-999.9	0.0	1.4	96714.6	-999.9
Bamako	1991	11	12	316	20.3	33.9	21.3	-999.9	0.0	2.2	96776.2	-999.9
Bamako	1991	11	13	317	19.9	33.8	21.4	-999.9	0.0	2.3	96815.8	-999.9
Bamako	1991	11	14	318	21.2	33.3	20.7	-999.9	0.0	2.4	96832.5	-999.9
Bamako	1991	11	15	319	20.8	33.0	21.0	-999.9	0.0	2.4	96772.8	-999.9
Bamako	1991	11	16	320	19.3	31.6	17.2	-999.9	0.0	1.8	96739.4	-999.9
Bamako	1991	11	17	321	19.9	31.9	19.1	-999.9	0.0	1.3	96839.1	-999.9
Bamako	1991	11	18	322	19.1	32.7	19.9	-999.9	0.0	1.7	97005.6	-999.9
Bamako	1991	11	19	323	20.9	33.0	18.6	-999.9	0.0	1.8	96933.5	-999.9
Bamako	1991	11	20	324	20.4	33.1	19.8	-999.9	0.0	1.2	96854.1	-999.9
Bamako	1991	11	21	325	20.6	32.9	20.5	-999.9	0.0	1.7	96825.7	-999.9
Bamako	1991	11	22	326	20.5	33.4	19.5	-999.9	0.0	2.3	96793.1	-999.9
Bamako	1991	11	23	327	20.7	33.5	20.4	-999.9	0.0	2.4	96814.5	-999.9
Bamako	1991	11	24	328	21.4	33.8	20.6	-999.9	0.0	2.7	96850.8	-999.9
Bamako	1991	11	25	329	21.1	34.1	20.7	-999.9	0.0	2.6	96825.1	-999.9
Bamako	1991	11	26	330	21.1	33.7	20.5	-999.9	0.0	2.4	96852.3	-999.9
Bamako	1991	11	27	331	19.4	33.5	20.7	-999.9	0.0	2.1	96869.0	-999.9
Bamako	1991	11	28	332	17.6	33.3	20.4	-999.9	0.0	1.4	96847.6	-999.9
Bamako	1991	11	29	333	19.9	33.7	19.7	-999.9	0.0	1.1	96847.9	-999.9
Bamako	1991	11	30	334	19.8	33.1	17.0	-999.9	0.0	1.2	96845.0	-999.9
Bamako	1991	12	1	335	19.2	33.5	19.5	-999.9	0.0	1.7	96804.4	-999.9
Bamako	1991	12	2	336	17.7	33.5	20.3	-999.9	0.0	2.0	96798.5	-999.9
Bamako	1991	12	3	337	17.8	32.9	20.3	-999.9	0.0	2.0	96765.3	-999.9
Bamako	1991	12	4	338	19.0	32.8	20.1	-999.9	0.0	1.4	96777.6	-999.9
Bamako	1991	12	5	339	19.2	32.8	19.2	-999.9	0.0	2.3	96727.8	-999.9
Bamako	1991	12	6	340	21.2	32.9	16.8	-999.9	0.1	1.7	96689.2	-999.9
Bamako	1991	12	7	341	20.5	33.1	17.8	-999.9	0.0	1.7	96708.1	-999.9
Bamako	1991	12	8	342	19.7	33.8	18.6	-999.9	0.0	1.5	96668.0	-999.9
Bamako	1991	12	9	343	18.9	33.9	19.6	-999.9	0.0	2.1	96623.9	-999.9
Bamako	1991	12	10	344	19.1	33.8	19.8	-999.9	0.0	2.3	96650.5	-999.9
Bamako	1991	12	11	345	18.5	33.2	18.6	-999.9	0.0	2.3	96704.9	-999.9
Bamako	1991	12	12	346	19.7	32.9	19.8	-999.9	0.0	2.3	96777.3	-999.9
Bamako	1991	12	13	347	19.8	32.6	19.6	-999.9	0.0	2.6	96871.7	-999.9
Bamako	1991	12	14	348	21.0	32.5	19.5	-999.9	0.0	2.7	96902.0	-999.9
Bamako	1991	12	15	349	19.8	31.2	19.7	-999.9	0.0	2.6	96939.3	-999.9
Bamako	1991	12	16	350	19.0	30.3	19.7	-999.9	0.0	2.6	96970.2	-999.9
Bamako	1991	12	17	351	18.0	29.3	19.6	-999.9	0.0	2.4	96907.6	-999.9
Bamako	1991	12	18	352	16.9	29.5	19.3	-999.9	0.0	1.9	96893.7	-999.9
Bamako	1991	12	19	353	17.2	30.9	19.5	-999.9	0.0	1.9	96959.8	-999.9
Bamako	1991	12	20	354	19.2	30.7	19.1	-999.9	0.0	2.3	97074.8	-999.9
Bamako	1991	12	21	355	18.8	30.4	19.5	-999.9	0.0	2.4	97073.9	-999.9
Bamako	1991	12	22	356	19.0	30.3	19.0	-999.9	0.0	2.4	97040.7	-999.9
Bamako	1991	12	23	357	18.6	29.7	19.8	-999.9	0.0	2.5	97039.6	-999.9
Bamako	1991	12	24	358	16.0	28.4	19.7	-999.9	0.0	2.3	97114.8	-999.9
Bamako	1991	12	25	359	15.6	28.7	19.3	-999.9	0.0	2.2	97096.5	-999.9
Bamako	1991	12	26	360	16.3	30.5	19.7	-999.9	0.0	2.0	97020.0	-999.9
Bamako	1991	12	27	361	17.7	30.7	19.8	-999.9	0.0	2.3	96957.8	-999.9
Bamako	1991	12	28	362	17.9	31.0	19.6	-999.9	0.0	2.2	96902.2	-999.9
Bamako	1991	12	29	363	18.0	31.0	19.5	-999.9	0.0	2.2	96969.5	-999.9
Bamako	1991	12	30	364	17.7	30.1	19.8	-999.9	0.0	2.4	97139.1	-999.9
Bamako	1991	12	31	365	17.7	30.0	19.7	-999.9	0.0	2.2	97051.7	-999.9
