Bamako	2023	1	1	1	19.0	30.6	19.8	-999.9	0.0	2.3	96988.6	-999.9
Bamako	2023	1	2	2	17.5	30.5	19.5	-999.9	0.0	2.2	96977.9	-999.9
Bamako	2023	1	3	3	18.2	30.0	19.7	-999.9	0.0	2.3	97023.1	-999.9
Bamako	2023	1	4	4	16.5	29.9	20.3	-999.9	0.0	2.0	97063.6	-999.9
Bamako	2023	1	5	5	16.2	30.1	20.2	-999.9	0.0	2.1	97007.6	-999.9
Bamako	2023	1	6	6	16.7	31.5	20.2	-999.9	0.0	2.0	97032.8	-999.9
Bamako	2023	1	7	7	18.6	32.3	20.0	-999.9	0.0	2.2	97032.5	-999.9
Bamako	2023	1	8	8	20.0	32.0	19.7	-999.9	0.0	2.7	97055.3	-999.9
Bamako	2023	1	9	9	19.9	31.6	20.2	-999.9	0.0	3.0	97134.2	-999.9
Bamako	2023	1	10	10	19.6	31.9	20.5	-999.9	0.0	2.7	97187.7	-999.9
Bamako	2023	1	11	11	19.0	31.2	20.5	-999.9	0.0	2.4	97133.5	-999.9
Bamako	2023	1	12	12	17.7	31.3	20.5	-999.9	0.0	2.0	96927.3	-999.9
Bamako	2023	1	13	13	18.2	32.0	20.7	-999.9	0.0	2.2	96877.7	-999.9
Bamako	2023	1	14	14	18.3	31.0	20.6	-999.9	0.0	2.2	96883.5	-999.9
Bamako	2023	1	15	15	17.9	31.0	19.9	-999.9	0.0	2.2	96884.2	-999.9
Bamako	2023	1	16	16	17.5	31.9	21.0	-999.9	0.0	2.3	96897.2	-999.9
Bamako	2023	1	17	17	18.4	32.3	20.9	-999.9	0.0	2.2	96915.9	-999.9
Bamako	2023	1	18	18	17.8	31.5	20.9	-999.9	0.0	2.1	96913.7	-999.9
Bamako	2023	1	19	19	17.2	31.9	20.9	-999.9	0.0	2.1	96889.0	-999.9
Bamako	2023	1	20	20	17.2	32.6	21.0	-999.9	0.0	1.9	96813.5	-999.9
Bamako	2023	1	21	21	17.7	33.9	21.0	-999.9	0.0	1.8	96698.2	-999.9
Bamako	2023	1	22	22	17.0	34.8	21.0	-999.9	0.0	1.3	96567.3	-999.9
Bamako	2023	1	23	23	18.4	34.8	20.8	-999.9	0.0	1.6	96556.8	-999.9
Bamako	2023	1	24	24	20.9	34.3	19.9	-999.9	0.0	1.0	96575.2	-999.9
Bamako	2023	1	25	25	24.1	35.4	20.3	-999.9	0.0	1.5	96584.7	-999.9
Bamako	2023	1	26	26	22.3	35.5	21.0	-999.9	0.0	2.4	96596.4	-999.9
Bamako	2023	1	27	27	21.8	34.1	21.1	-999.9	0.0	2.7	96716.7	-999.9
Bamako	2023	1	28	28	19.2	32.1	21.5	-999.9	0.0	2.3	96764.2	-999.9
Bamako	2023	1	29	29	15.7	29.4	21.7	-999.9	0.0	1.8	96800.5	-999.9
Bamako	2023	1	30	30	16.4	30.3	21.4	-999.9	0.0	2.1	96837.7	-999.9
Bamako	2023	1	31	31	17.2	32.7	21.5	-999.9	0.0	2.1	96874.3	-999.9
Bamako	2023	2	1	32	18.5	33.2	21.4	-999.9	0.0	2.1	96852.9	-999.9
Bamako	2023	2	2	33	18.5	33.7	21.5	-999.9	0.0	2.1	96839.9	-999.9
Bamako	2023	2	3	34	19.2	33.5	21.6	-999.9	0.0	2.4	96934.8	-999.9
Bamako	2023	2	4	35	18.7	32.7	21.6	-999.9	0.0	2.2	96943.7	-999.9
Bamako	2023	2	5	36	18.4	33.3	21.8	-999.9	0.0	2.2	96889.8	-999.9
Bamako	2023	2	6	37	20.3	34.7	19.7	-999.9	0.0	2.2	96710.8	-999.9
Bamako	2023	2	7	38	20.4	35.3	21.8	-999.9	0.0	1.9	96621.4	-999.9
Bamako	2023	2	8	39	21.3	35.6	21.9	-999.9	0.0	2.5	96661.7	-999.9
Bamako	2023	2	9	40	22.3	36.0	21.8	-999.9	0.0	2.4	96668.4	-999.9
Bamako	2023	2	10	41	21.1	36.2	21.7	-999.9	0.0	2.0	96626.9	-999.9
Bamako	2023	2	11	42	22.2	36.8	21.2	-999.9	0.0	1.9	96591.5	-999.9
Bamako	2023	2	12	43	20.7	37.3	22.4	-999.9	0.0	2.6	96592.0	-999.9
Bamako	2023	2	13	44	20.9	36.7	22.1	-999.9	0.0	2.5	96648.7	-999.9
Bamako	2023	2	14	45	22.4	36.4	22.5	-999.9	0.0	2.8	96661.3	-999.9
Bamako	2023	2	15	46	21.3	34.8	20.2	-999.9	0.0	2.5	96610.3	-999.9
Bamako	2023	2	16	47	22.6	32.9	18.0	-999.9	0.0	2.6	96603.1	-999.9
Bamako	2023	2	17	48	23.4	33.9	21.1	-999.9	0.0	2.4	96616.0	-999.9
Bamako	2023	2	18	49	21.5	34.9	22.7	-999.9	0.0	2.6	96711.3	-999.9
Bamako	2023	2	19	50	20.3	34.7	22.8	-999.9	0.0	2.2	96684.0	-999.9
Bamako	2023	2	20	51	20.2	35.4	23.1	-999.9	0.0	2.3	96719.9	-999.9
Bamako	2023	2	21	52	20.7	35.5	23.2	-999.9	0.0	2.4	96715.6	-999.9
Bamako	2023	2	22	53	21.4	36.0	23.2	-999.9	0.0	2.5	96732.6	-999.9
Bamako	2023	2	23	54	20.5	36.6	23.2	-999.9	0.0	2.2	96640.8	-999.9
Bamako	2023	2	24	55	20.2	37.2	23.3	-999.9	0.0	1.7	96562.0	-999.9
Bamako	2023	2	25	56	21.0	36.6	23.2	-999.9	0.0	2.2	96624.6	-999.9
Bamako	2023	2	26	57	21.3	35.7	23.2	-999.9	0.0	1.9	96768.2	-999.9
Bamako	2023	2	27	58	21.5	36.4	23.3	-999.9	0.0	2.2	96819.2	-999.9
Bamako	2023	2	28	59	22.0	35.3	23.3	-999.9	0.0	2.4	96958.9	-999.9
Bamako	2023	3	1	60	21.9	36.7	23.6	-999.9	0.0	2.3	96863.1	-999.9
Bamako	2023	3	2	61	22.7	35.9	21.8	-999.9	0.0	2.3	96769.1	-999.9
Bamako	2023	3	3	62	22.0	36.4	24.0	-999.9	0.0	2.3	96668.9	-999.9
Bamako	2023	3	4	63	22.0	36.8	24.0	-999.9	0.0	2.3	96623.8	-999.9
Bamako	2023	3	5	64	22.5	37.4	23.9	-999.9	0.0	2.2	96632.2	-999.9
Bamako	2023	3	6	65	23.1	38.3	24.0	-999.9	0.0	2.5	96603.2	-999.9
Bamako	2023	3	7	66	23.5	36.9	21.2	-999.9	0.6	2.6	96605.0	-999.9
Bamako	2023	3	8	67	24.5	35.9	21.8	-999.9	0.6	2.8	96610.2	-999.9
Bamako	2023	3	9	68	20.9	36.2	24.6	-999.9	0.0	2.3	96646.9	-999.9
Bamako	2023	3	10	69	22.0	37.6	24.3	-999.9	0.0	2.1	96603.7	-999.9
Bamako	2023	3	11	70	22.0	38.4	24.7	-999.9	0.0	1.7	96505.4	-999.9
Bamako	2023	3	12	71	24.6	38.4	21.4	-999.9	1.7	1.9	96436.6	-999.9
Bamako	2023	3	13	72	23.4	37.7	22.2	-999.9	0.0	1.7	96519.3	-999.9
Bamako	2023	3	14	73	24.1	37.5	20.1	-999.9	0.0	1.3	96412.9	-999.9
Bamako	2023	3	15	74	25.1	37.6	21.4	-999.9	0.0	1.6	96348.6	-999.9
Bamako	2023	3	16	75	24.6	38.0	23.4	-999.9	0.0	1.8	96332.1	-999.9
Bamako	2023	3	17	76	23.6	38.5	25.2	-999.9	0.0	1.9	96404.6	-999.9
Bamako	2023	3	18	77	23.2	36.8	24.8	-999.9	0.0	2.2	96531.1	-999.9
Bamako	2023	3	19	78	21.1	36.9	25.3	-999.9	0.0	1.7	96529.6	-999.9
Bamako	2023	3	20	79	20.0	37.3	24.1	-999.9	0.0	1.3	96459.8	-999.9
Bamako	2023	3	21	80	23.8	37.4	25.0	-999.9	0.0	2.1	96454.6	-999.9
Bamako	2023	3	22	81	22.1	36.6	23.6	-999.9	0.0	1.6	96485.7	-999.9
Bamako	2023	3	23	82	26.5	35.6	20.5	-999.9	0.0	2.0	96606.1	-999.9
Bamako	2023	3	24	83	25.6	35.8	20.1	-999.9	0.0	2.0	96597.9	-999.9
Bamako	2023	3	25	84	25.6	37.4	25.0	-999.9	0.0	1.9	96632.2	-999.9
Bamako	2023	3	26	85	23.8	37.4	25.1	-999.9	0.0	1.7	96622.2	-999.9
Bamako	2023	3	27	86	22.0	37.7	24.8	-999.9	0.0	1.3	96533.0	-999.9
Bamako	2023	3	28	87	22.0	38.1	24.7	-999.9	0.0	1.2	96461.7	-999.9
Bamako	2023	3	29	88	25.9	36.1	20.7	-999.9	1.6	2.1	96627.6	-999.9
Bamako	2023	3	30	89	24.9	36.5	22.0	-999.9	0.0	1.6	96748.7	-999.9
Bamako	2023	3	31	90	25.4	38.1	25.9	-999.9	0.0	2.5	96649.0	-999.9
Bamako	2023	4	1	91	23.5	37.5	25.6	-999.9	0.0	2.7	96604.9	-999.9
Bamako	2023	4	2	92	23.0	37.5	26.0	-999.9	0.0	2.3	96554.2	-999.9
Bamako	2023	4	3	93	23.0	37.7	26.0	-999.9	0.0	1.7	96426.0	-999.9
Bamako	2023	4	4	94	20.9	37.8	26.0	-999.9	0.0	1.7	96322.0	-999.9
Bamako	2023	4	5	95	23.8	37.6	23.7	-999.9	0.0	2.4	96299.6	-999.9
Bamako	2023	4	6	96	26.5	37.9	24.7	-999.9	0.0	2.1	96387.6	-999.9
Bamako	2023	4	7	97	26.0	37.1	22.4	-999.9	0.0	1.7	96417.6	-999.9
Bamako	2023	4	8	98	26.3	36.1	23.6	-999.9	0.0	2.2	96559.2	-999.9
Bamako	2023	4	9	99	26.2	34.8	17.4	-999.9	5.2	1.8	96600.4	-999.9
Bamako	2023	4	10	100	25.1	32.5	13.0	-999.9	2.6	2.3	96713.6	-999.9
Bamako	2023	4	11	101	24.1	35.9	23.2	-999.9	0.0	2.6	96711.3	-999.9
Bamako	2023	4	12	102	25.1	37.6	25.0	-999.9	0.0	2.7	96615.7	-999.9
Bamako	2023	4	13	103	25.6	38.7	24.9	-999.9	1.7	2.3	96556.1	-999.9
Bamako	2023	4	14	104	25.9	39.4	25.9	-999.9	0.0	2.7	96532.6	-999.9
Bamako	2023	4	15	105	25.2	39.3	26.2	-999.9	0.0	2.3	96590.2	-999.9
Bamako	2023	4	16	106	23.8	38.7	26.5	-999.9	0.0	1.7	96453.5	-999.9
Bamako	2023	4	17	107	22.2	38.8	26.4	-999.9	0.0	2.1	96311.7	-999.9
Bamako	2023	4	18	108	24.0	38.8	26.0	-999.9	0.0	2.2	96349.9	-999.9
Bamako	2023	4	19	109	23.5	38.7	25.3	-999.9	0.0	1.6	96461.6	-999.9
Bamako	2023	4	20	110	26.7	39.3	24.4	-999.9	0.0	1.7	96389.0	-999.9
Bamako	2023	4	21	111	27.9	38.8	23.0	-999.9	2.4	2.4	96315.6	-999.9
Bamako	2023	4	22	112	24.4	38.9	24.9	-999.9	0.0	2.4	96285.7	-999.9
Bamako	2023	4	23	113	27.1	38.7	25.5	-999.9	0.0	2.0	96381.8	-999.9
Bamako	2023	4	24	114	26.4	39.2	26.1	-999.9	0.0	2.5	96476.0	-999.9
Bamako	2023	4	25	115	25.6	39.4	24.2	-999.9	0.0	2.0	96476.6	-999.9
Bamako	2023	4	26	116	24.9	38.5	24.5	-999.9	0.0	1.7	96514.2	-999.9
Bamako	2023	4	27	117	23.3	39.3	26.7	-999.9	0.0	2.0	96470.9	-999.9
Bamako	2023	4	28	118	22.7	39.1	26.9	-999.9	0.0	1.5	96549.4	-999.9
Bamako	2023	4	29	119	24.1	38.6	25.9	-999.9	0.0	2.3	96610.0	-999.9
Bamako	2023	4	30	120	25.5	38.1	24.0	-999.9	0.0	2.2	96536.8	-999.9
Bamako	2023	5	1	121	26.4	37.9	22.8	-999.9	0.0	2.2	96509.1	-999.9
Bamako	2023	5	2	122	27.2	38.8	23.4	-999.9	0.0	1.9	96573.9	-999.9
Bamako	2023	5	3	123	27.0	39.0	24.1	-999.9	0.0	1.7	96685.0	-999.9
Bamako	2023	5	4	124	27.5	38.4	24.3	-999.9	0.0	2.1	96767.8	-999.9
Bamako	2023	5	5	125	26.2	37.0	23.6	-999.9	0.0	2.5	96744.0	-999.9
Bamako	2023	5	6	126	26.8	37.8	24.0	-999.9	0.0	1.6	96573.1	-999.9
Bamako	2023	5	7	127	27.5	37.9	21.8	-999.9	10.6	2.1	96578.8	-999.9
Bamako	2023	5	8	128	23.5	35.0	18.9	-999.9	10.6	2.0	96824.3	-999.9
Bamako	2023	5	9	129	24.0	35.6	21.3	-999.9	0.0	1.6	96772.9	-999.9
Bamako	2023	5	10	130	26.0	38.4	21.9	-999.9	0.0	2.0	96529.8	-999.9
Bamako	2023	5	11	131	25.1	39.0	24.8	-999.9	0.0	1.7	96395.7	-999.9
Bamako	2023	5	12	132	27.0	37.9	24.6	-999.9	0.0	2.3	96470.1	-999.9
Bamako	2023	5	13	133	27.5	38.5	23.9	-999.9	7.3	1.8	96667.7	-999.9
Bamako	2023	5	14	134	25.1	33.3	18.5	-999.9	21.9	1.9	96998.7	-999.9
Bamako	2023	5	15	135	26.6	35.9	22.8	-999.9	0.0	1.7	96866.9	-999.9
Bamako	2023	5	16	136	26.5	35.1	22.9	-999.9	0.0	2.0	96707.1	-999.9
Bamako	2023	5	17	137	25.2	35.2	24.3	-999.9	0.0	1.5	96693.6	-999.9
Bamako	2023	5	18	138	25.0	34.8	20.6	-999.9	27.2	2.1	96740.0	-999.9
Bamako	2023	5	19	139	26.8	34.4	19.5	-999.9	20.4	1.6	96732.0	-999.9
Bamako	2023	5	20	140	25.5	35.4	22.8	-999.9	6.8	1.4	96650.9	-999.9
Bamako	2023	5	21	141	25.6	34.2	18.5	-999.9	6.0	2.1	96718.2	-999.9
Bamako	2023	5	22	142	26.1	37.2	22.8	-999.9	6.0	2.1	96676.2	-999.9
Bamako	2023	5	23	143	26.4	36.7	22.1	-999.9	0.0	1.9	96628.3	-999.9
Bamako	2023	5	24	144	26.7	37.4	22.5	-999.9	0.0	1.5	96559.2	-999.9
Bamako	2023	5	25	145	24.6	30.4	10.7	-999.9	17.9	1.4	96822.4	-999.9
Bamako	2023	5	26	146	23.2	36.1	24.8	-999.9	0.0	1.7	96737.8	-999.9
Bamako	2023	5	27	147	23.5	38.1	24.9	-999.9	0.0	2.1	96631.4	-999.9
Bamako	2023	5	28	148	24.9	38.1	22.9	-999.9	6.8	2.3	96586.4	-999.9
Bamako	2023	5	29	149	26.2	39.1	24.5	-999.9	0.0	1.8	96552.1	-999.9
Bamako	2023	5	30	150	27.8	38.5	23.9	-999.9	0.0	2.4	96648.3	-999.9
Bamako	2023	5	31	151	28.1	38.5	24.6	-999.9	6.8	2.6	96708.1	-999.9
Bamako	2023	6	1	152	26.3	37.4	23.1	-999.9	0.0	2.2	96653.8	-999.9
Bamako	2023	6	2	153	26.5	37.5	22.1	-999.9	3.7	2.3	96554.8	-999.9
Bamako	2023	6	3	154	26.3	37.8	23.9	-999.9	0.0	2.8	96643.1	-999.9
Bamako	2023	6	4	155	27.3	37.2	22.7	-999.9	0.0	1.9	96739.1	-999.9
Bamako	2023	6	5	156	24.2	36.0	18.4	-999.9	7.3	2.5	96821.8	-999.9
Bamako	2023	6	6	157	25.4	37.2	23.5	-999.9	0.0	1.7	96708.7	-999.9
Bamako	2023	6	7	158	26.5	38.3	24.3	-999.9	0.0	2.2	96722.8	-999.9
Bamako	2023	6	8	159	26.9	37.7	23.9	-999.9	0.0	2.5	96746.4	-999.9
Bamako	2023	6	9	160	27.2	38.2	24.2	-999.9	0.0	2.6	96689.8	-999.9
Bamako	2023	6	10	161	27.3	38.1	24.5	-999.9	0.0	2.5	96622.5	-999.9
Bamako	2023	6	11	162	27.5	36.7	21.1	-999.9	13.5	2.6	96665.1	-999.9
Bamako	2023	6	12	163	25.4	35.1	24.0	-999.9	0.0	2.0	96821.7	-999.9
Bamako	2023	6	13	164	23.9	32.5	18.5	-999.9	4.5	1.7	96855.7	-999.9
Bamako	2023	6	14	165	24.0	30.4	18.5	-999.9	0.0	1.7	96820.1	-999.9
Bamako	2023	6	15	166	24.0	31.6	19.7	-999.9	9.0	1.3	96824.8	-999.9
Bamako	2023	6	16	167	24.8	32.4	23.3	-999.9	0.0	1.5	96823.4	-999.9
Bamako	2023	6	17	168	24.5	32.9	23.3	-999.9	0.0	1.4	96832.0	-999.9
Bamako	2023	6	18	169	25.0	33.9	24.0	-999.9	0.0	1.9	96833.7	-999.9
Bamako	2023	6	19	170	25.7	34.7	24.2	-999.9	0.0	2.0	96838.2	-999.9
Bamako	2023	6	20	171	25.1	35.4	23.9	-999.9	9.5	1.9	96720.9	-999.9
Bamako	2023	6	21	172	25.4	33.6	22.7	-999.9	0.0	1.9	96704.0	-999.9
Bamako	2023	6	22	173	25.3	34.4	24.5	-999.9	0.0	1.5	96841.5	-999.9
Bamako	2023	6	23	174	25.3	34.7	21.8	-999.9	12.1	2.0	96766.1	-999.9
Bamako	2023	6	24	175	26.1	35.1	24.8	-999.9	0.0	2.3	96644.5	-999.9
Bamako	2023	6	25	176	25.7	34.4	23.7	-999.9	6.0	1.9	96717.5	-999.9
Bamako	2023	6	26	177	25.5	33.4	22.3	-999.9	0.0	1.6	96767.2	-999.9
Bamako	2023	6	27	178	24.5	31.5	19.0	-999.9	14.6	1.5	96838.3	-999.9
Bamako	2023	6	28	179	24.0	31.7	22.6	-999.9	0.0	1.6	96897.2	-999.9
Bamako	2023	6	29	180	24.2	32.1	23.2	-999.9	4.9	1.3	96946.4	-999.9
Bamako	2023	6	30	181	24.3	28.4	12.7	-999.9	9.8	1.3	97021.5	-999.9
Bamako	2023	7	1	182	23.6	31.1	22.0	-999.9	4.4	1.3	96966.2	-999.9
Bamako	2023	7	2	183	24.1	32.5	21.1	-999.9	0.0	1.1	96913.2	-999.9
Bamako	2023	7	3	184	25.0	32.4	22.2	-999.9	0.0	1.6	96988.9	-999.9
Bamako	2023	7	4	185	24.2	33.8	23.4	-999.9	4.4	1.4	97020.0	-999.9
Bamako	2023	7	5	186	24.9	34.4	23.8	-999.9	4.4	1.4	96911.6	-999.9
Bamako	2023	7	6	187	24.2	32.3	21.5	-999.9	0.0	1.2	96770.2	-999.9
Bamako	2023	7	7	188	24.6	33.2	24.0	-999.9	0.0	1.4	96901.0	-999.9
Bamako	2023	7	8	189	24.8	33.2	23.1	-999.9	13.3	1.7	96916.0	-999.9
Bamako	2023	7	9	190	25.0	33.5	23.8	-999.9	0.0	1.4	96888.1	-999.9
Bamako	2023	7	10	191	25.1	33.8	23.4	-999.9	13.3	1.7	96932.3	-999.9
Bamako	2023	7	11	192	24.2	31.1	20.7	-999.9	6.7	0.9	96842.4	-999.9
Bamako	2023	7	12	193	24.2	32.8	24.1	-999.9	0.0	1.0	96717.4	-999.9
Bamako	2023	7	13	194	25.1	31.7	22.9	-999.9	20.1	1.6	96688.6	-999.9
Bamako	2023	7	14	195	24.3	32.3	22.9	-999.9	0.0	1.9	96813.4	-999.9
Bamako	2023	7	15	196	23.4	32.2	23.3	-999.9	0.0	1.7	96939.5	-999.9
Bamako	2023	7	16	197	23.1	27.3	12.7	-999.9	10.1	1.5	96901.5	-999.9
Bamako	2023	7	17	198	23.2	30.6	22.1	-999.9	5.1	1.2	96937.6	-999.9
Bamako	2023	7	18	199	23.3	30.5	21.3	-999.9	0.0	1.1	97078.0	-999.9
Bamako	2023	7	19	200	24.3	31.3	22.0	-999.9	15.2	1.5	97063.5	-999.9
Bamako	2023	7	20	201	23.9	31.6	22.6	-999.9	0.0	2.1	96903.8	-999.9
Bamako	2023	7	21	202	23.8	31.8	24.3	-999.9	0.0	2.1	96838.6	-999.9
Bamako	2023	7	22	203	24.4	31.4	21.4	-999.9	9.3	1.8	96923.6	-999.9
Bamako	2023	7	23	204	24.0	28.7	13.6	-999.9	0.0	0.9	97062.9	-999.9
Bamako	2023	7	24	205	23.5	29.8	19.0	-999.9	0.0	0.8	97077.2	-999.9
Bamako	2023	7	25	206	23.9	30.5	20.1	-999.9	9.3	1.2	96937.8	-999.9
Bamako	2023	7	26	207	23.9	31.9	23.0	-999.9	0.0	1.5	96874.9	-999.9
Bamako	2023	7	27	208	24.5	32.1	22.1	-999.9	0.0	1.4	96866.1	-999.9
Bamako	2023	7	28	209	24.8	30.7	18.8	-999.9	14.7	1.4	96868.3	-999.9
Bamako	2023	7	29	210	24.4	29.6	19.5	-999.9	0.0	1.8	96976.0	-999.9
Bamako	2023	7	30	211	23.8	29.2	15.9	-999.9	4.9	1.6	97176.6	-999.9
Bamako	2023	7	31	212	23.7	30.3	20.3	-999.9	0.0	1.4	97147.9	-999.9
Bamako	2023	8	1	213	23.9	30.6	20.6	-999.9	0.0	1.9	96958.4	-999.9
Bamako	2023	8	2	214	23.3	29.3	14.3	-999.9	73.4	1.6	96988.0	-999.9
Bamako	2023	8	3	215	24.0	30.2	18.2	-999.9	0.0	1.5	96989.5	-999.9
Bamako	2023	8	4	216	24.2	32.1	23.9	-999.9	0.0	1.1	96913.2	-999.9
Bamako	2023	8	5	217	25.4	31.3	22.0	-999.9	0.0	1.5	97025.9	-999.9
Bamako	2023	8	6	218	23.9	28.2	13.0	-999.9	10.1	1.6	97136.9	-999.9
Bamako	2023	8	7	219	24.5	29.1	14.2	-999.9	0.0	1.7	97087.5	-999.9
Bamako	2023	8	8	220	23.4	29.8	18.4	-999.9	0.0	1.9	96864.9	-999.9
Bamako	2023	8	9	221	24.4	31.4	23.4	-999.9	0.0	2.2	96725.8	-999.9
Bamako	2023	8	10	222	24.5	27.6	10.6	-999.9	40.6	2.3	96699.6	-999.9
Bamako	2023	8	11	223	23.1	27.2	14.2	-999.9	0.0	1.5	96837.2	-999.9
Bamako	2023	8	12	224	22.5	30.2	20.5	-999.9	0.0	1.5	96764.1	-999.9
Bamako	2023	8	13	225	23.4	28.6	14.2	-999.9	46.2	2.1	96716.9	-999.9
Bamako	2023	8	14	226	23.2	29.1	16.7	-999.9	0.0	1.4	96688.9	-999.9
Bamako	2023	8	15	227	23.3	27.8	12.6	-999.9	0.0	1.6	96775.7	-999.9
Bamako	2023	8	16	228	23.2	28.2	14.4	-999.9	0.0	2.0	96950.4	-999.9
Bamako	2023	8	17	229	23.7	29.0	17.6	-999.9	0.0	2.2	96891.5	-999.9
Bamako	2023	8	18	230	23.2	30.1	21.7	-999.9	11.7	1.5	96670.8	-999.9
Bamako	2023	8	19	231	23.4	29.4	18.7	-999.9	23.5	2.0	96784.6	-999.9
Bamako	2023	8	20	232	23.1	30.4	22.5	-999.9	0.0	1.3	96823.3	-999.9
Bamako	2023	8	21	233	24.2	30.6	21.3	-999.9	10.0	1.0	96787.8	-999.9
Bamako	2023	8	22	234	23.2	29.9	17.8	-999.9	30.1	0.9	96684.0	-999.9
Bamako	2023	8	23	235	23.6	30.3	21.8	-999.9	10.0	1.0	96696.2	-999.9
Bamako	2023	8	24	236	23.8	30.1	20.0	-999.9	0.0	1.1	96747.9	-999.9
Bamako	2023	8	25	237	23.9	32.5	24.2	-999.9	0.0	1.4	96671.2	-999.9
Bamako	2023	8	26	238	24.2	32.0	22.5	-999.9	7.3	2.5	96580.0	-999.9
Bamako	2023	8	27	239	23.1	28.4	10.7	-999.9	29.2	1.7	96722.5	-999.9
Bamako	2023	8	28	240	22.9	29.7	20.9	-999.9	14.6	1.6	96963.0	-999.9
Bamako	2023	8	29	241	23.1	26.3	9.0	-999.9	21.9	1.1	97029.2	-999.9
Bamako	2023	8	30	242	22.6	29.8	18.9	-999.9	0.0	1.7	96943.3	-999.9
Bamako	2023	8	31	243	23.3	30.0	17.6	-999.9	14.6	1.6	96941.6	-999.9
Bamako	2023	9	1	244	23.0	31.9	24.3	-999.9	0.0	0.9	96855.4	-999.9
Bamako	2023	9	2	245	23.8	32.1	22.7	-999.9	23.1	1.5	96773.9	-999.9
Bamako	2023	9	3	246	24.2	29.3	14.3	-999.9	0.0	1.4	96719.2	-999.9
Bamako	2023	9	4	247	23.2	28.5	19.8	-999.9	0.0	1.3	96813.2	-999.9
Bamako	2023	9	5	248	23.0	29.4	20.4	-999.9	11.5	1.6	96898.4	-999.9
Bamako	2023	9	6	249	22.6	30.2	21.0	-999.9	8.1	1.0	96951.6	-999.9
Bamako	2023	9	7	250	23.0	30.4	22.7	-999.9	8.1	1.3	96947.7	-999.9
Bamako	2023	9	8	251	22.7	31.6	24.4	-999.9	0.0	1.1	96896.8	-999.9
Bamako	2023	9	9	252	23.2	30.2	19.7	-999.9	16.3	1.3	96922.4	-999.9
Bamako	2023	9	10	253	22.7	29.7	21.0	-999.9	16.3	1.2	97032.0	-999.9
Bamako	2023	9	11	254	22.8	31.2	23.1	-999.9	0.0	1.1	96939.8	-999.9
Bamako	2023	9	12	255	24.0	33.0	24.1	-999.9	0.0	1.8	96719.7	-999.9
Bamako	2023	9	13	256	24.1	30.7	18.4	-999.9	22.8	2.2	96684.0	-999.9
Bamako	2023	9	14	257	23.7	30.8	23.0	-999.9	7.6	1.0	96707.4	-999.9
Bamako	2023	9	15	258	23.9	30.6	20.5	-999.9	7.6	1.2	96819.7	-999.9
Bamako	2023	9	16	259	23.2	29.9	19.4	-999.9	0.0	1.0	96823.5	-999.9
Bamako	2023	9	17	260	23.0	30.1	22.5	-999.9	22.2	0.9	96817.6	-999.9
Bamako	2023	9	18	261	23.1	30.1	20.5	-999.9	0.0	1.4	96706.8	-999.9
Bamako	2023	9	19	262	23.3	29.5	20.3	-999.9	0.0	1.6	96724.0	-999.9
Bamako	2023	9	20	263	23.6	31.1	22.7	-999.9	0.0	1.3	96797.5	-999.9
Bamako	2023	9	21	264	23.5	31.0	21.8	-999.9	0.0	1.2	96820.8	-999.9
Bamako	2023	9	22	265	23.0	30.9	21.1	-999.9	10.8	1.1	96808.0	-999.9
Bamako	2023	9	23	266	23.3	31.4	22.9	-999.9	0.0	1.2	96813.6	-999.9
Bamako	2023	9	24	267	24.0	32.0	23.5	-999.9	10.8	1.3	96907.4	-999.9
Bamako	2023	9	25	268	23.9	32.7	23.7	-999.9	0.0	1.1	96876.5	-999.9
Bamako	2023	9	26	269	23.5	31.2	19.3	-999.9	12.1	1.5	96815.0	-999.9
Bamako	2023	9	27	270	24.5	32.2	23.6	-999.9	0.0	0.8	96758.9	-999.9
Bamako	2023	9	28	271	24.8	33.1	23.3	-999.9	24.2	1.6	96618.7	-999.9
Bamako	2023	9	29	272	24.3	32.4	23.3	-999.9	0.0	1.6	96742.8	-999.9
Bamako	2023	9	30	273	24.3	32.6	22.6	-999.9	0.0	1.5	96782.2	-999.9
Bamako	2023	10	1	274	24.2	33.1	20.8	-999.9	0.0	1.0	96680.9	-999.9
Bamako	2023	10	2	275	25.1	31.9	18.2	-999.9	4.5	1.0	96681.9	-999.9
Bamako	2023	10	3	276	23.6	32.1	21.1	-999.9	9.0	0.8	96699.0	-999.9
Bamako	2023	10	4	277	24.2	32.1	20.5	-999.9	0.0	1.2	96747.4	-999.9
Bamako	2023	10	5	278	24.4	32.3	21.7	-999.9	0.0	1.5	96765.7	-999.9
Bamako	2023	10	6	279	23.7	32.7	22.0	-999.9	0.0	1.3	96802.2	-999.9
Bamako	2023	10	7	280	23.8	32.8	21.3	-999.9	9.8	0.9	96795.7	-999.9
Bamako	2023	10	8	281	23.9	32.3	22.1	-999.9	0.0	1.2	96843.8	-999.9
Bamako	2023	10	9	282	24.5	31.4	20.8	-999.9	0.0	1.3	96949.7	-999.9
Bamako	2023	10	10	283	24.2	32.7	21.9	-999.9	3.3	1.2	96927.6	-999.9
Bamako	2023	10	11	284	23.4	33.3	21.7	-999.9	11.7	1.2	96845.1	-999.9
Bamako	2023	10	12	285	24.0	31.5	17.0	-999.9	0.0	1.3	96897.2	-999.9
Bamako	2023	10	13	286	23.8	33.2	22.0	-999.9	0.0	1.0	96920.6	-999.9
Bamako	2023	10	14	287	24.1	34.4	21.5	-999.9	0.0	1.4	96922.2	-999.9
Bamako	2023	10	15	288	22.5	35.6	22.5	-999.9	0.0	1.6	96779.5	-999.9
Bamako	2023	10	16	289	22.1	34.5	22.7	-999.9	0.0	1.5	96671.1	-999.9
Bamako	2023	10	17	290	23.5	32.4	21.3	-999.9	0.0	1.7	96870.6	-999.9
Bamako	2023	10	18	291	23.7	34.5	21.6	-999.9	4.4	1.3	96956.6	-999.9
Bamako	2023	10	19	292	24.5	35.4	21.8	-999.9	0.0	1.3	96887.0	-999.9
Bamako	2023	10	20	293	25.3	35.3	21.3	-999.9	8.9	1.2	96824.6	-999.9
Bamako	2023	10	21	294	24.2	34.4	21.0	-999.9	6.4	1.3	96812.1	-999.9
Bamako	2023	10	22	295	24.4	33.9	20.9	-999.9	0.0	0.9	96778.0	-999.9
Bamako	2023	10	23	296	24.5	34.3	19.4	-999.9	0.0	1.3	96748.9	-999.9
Bamako	2023	10	24	297	24.6	35.2	19.4	-999.9	0.0	1.9	96712.7	-999.9
Bamako	2023	10	25	298	24.0	34.8	19.3	-999.9	0.0	1.1	96691.6	-999.9
Bamako	2023	10	26	299	21.4	35.9	22.7	-999.9	0.0	1.3	96666.6	-999.9
Bamako	2023	10	27	300	21.7	35.0	21.0	-999.9	0.0	1.6	96665.1	-999.9
Bamako	2023	10	28	301	24.7	33.2	19.5	-999.9	5.2	1.4	96625.6	-999.9
Bamako	2023	10	29	302	24.2	33.6	17.8	-999.9	10.4	1.1	96582.9	-999.9
Bamako	2023	10	30	303	23.1	34.2	18.3	-999.9	0.0	1.1	96553.9	-999.9
Bamako	2023	10	31	304	24.0	35.6	19.1	-999.9	0.0	1.9	96551.6	-999.9
Bamako	2023	11	1	305	21.5	34.3	18.0	-999.9	0.0	1.5	96704.9	-999.9
Bamako	2023	11	2	306	25.0	35.2	20.5	-999.9	0.0	1.2	96773.6	-999.9
Bamako	2023	11	3	307	22.1	36.1	22.3	-999.9	0.0	1.4	96628.9	-999.9
Bamako	2023	11	4	308	20.8	34.9	21.6	-999.9	0.0	1.5	96594.4	-999.9
Bamako	2023	11	5	309	22.1	34.9	21.1	-999.9	0.0	1.2	96669.5	-999.9
Bamako	2023	11	6	310	24.4	35.4	20.5	-999.9	0.0	1.2	96768.1	-999.9
Bamako	2023	11	7	311	24.5	35.4	20.8	-999.9	0.0	1.2	96683.5	-999.9
Bamako	2023	11	8	312	23.6	34.8	21.4	-999.9	0.0	1.2	96643.0	-999.9
Bamako	2023	11	9	313	21.7	34.4	21.2	-999.9	0.0	1.4	96715.5	-999.9
Bamako	2023	11	10	314	21.1	34.6	21.8	-999.9	0.0	1.4	96768.8	-999.9
Bamako	2023	11	11	315	22.0	34.9	20.7	-999.9	0.0	1.5	96809.1	-999.9
Bamako	2023	11	12	316	20.9	35.9	21.8	-999.9	0.0	2.1	96795.4	-999.9
Bamako	2023	11	13	317	19.1	35.9	22.3	-999.9	0.0	2.5	96847.0	-999.9
Bamako	2023	11	14	318	19.7	35.3	22.1	-999.9	0.0	2.4	96825.4	-999.9
Bamako	2023	11	15	319	18.7	35.0	22.0	-999.9	0.0	2.2	96751.1	-999.9
Bamako	2023	11	16	320	19.3	35.2	21.7	-999.9	0.0	2.0	96740.2	-999.9
Bamako	2023	11	17	321	19.5	35.6	20.9	-999.9	0.0	2.0	96710.4	-999.9
Bamako	2023	11	18	322	22.6	35.4	19.6	-999.9	0.0	1.7	96825.4	-999.9
Bamako	2023	11	19	323	23.8	35.6	20.5	-999.9	0.0	2.1	96853.1	-999.9
Bamako	2023	11	20	324	23.1	35.3	20.0	-999.9	0.0	2.4	96849.2	-999.9
Bamako	2023	11	21	325	20.4	34.9	21.2	-999.9	0.0	2.0	96846.2	-999.9
Bamako	2023	11	22	326	19.6	34.1	21.2	-999.9	0.0	1.8	96748.7	-999.9
Bamako	2023	11	23	327	18.6	34.0	20.9	-999.9	0.0	1.5	96714.2	-999.9
Bamako	2023	11	24	328	17.7	33.3	21.1	-999.9	0.0	1.5	96651.4	-999.9
Bamako	2023	11	25	329	16.6	32.7	20.8	-999.9	0.0	1.2	96590.6	-999.9
Bamako	2023	11	26	330	18.7	33.2	20.5	-999.9	0.0	1.2	96734.9	-999.9
Bamako	2023	11	27	331	19.3	33.5	20.2	-999.9	0.0	1.5	96889.0	-999.9
Bamako	2023	11	28	332	20.3	34.3	19.5	-999.9	0.0	1.9	96788.0	-999.9
Bamako	2023	11	29	333	22.2	34.2	19.8	-999.9	0.0	1.6	96750.7	-999.9
Bamako	2023	11	30	334	20.9	34.7	20.0	-999.9	0.0	1.8	96827.7	-999.9
Bamako	2023	12	1	335	20.7	35.0	19.5	-999.9	0.0	1.8	96860.3	-999.9
Bamako	2023	12	2	336	22.0	36.0	20.0	-999.9	0.0	2.3	96848.0	-999.9
Bamako	2023	12	3	337	21.6	35.1	20.3	-999.9	0.0	2.4	96849.7	-999.9
Bamako	2023	12	4	338	20.8	34.7	20.1	-999.9	0.0	2.2	96917.3	-999.9
Bamako	2023	12	5	339	18.7	34.0	20.6	-999.9	0.0	1.7	96896.4	-999.9
Bamako	2023	12	6	340	17.9	34.3	20.5	-999.9	0.0	2.0	96857.4	-999.9
Bamako	2023	12	7	341	20.4	34.7	20.5	-999.9	0.0	2.0	96903.7	-999.9
Bamako	2023	12	8	342	18.8	34.6	20.1	-999.9	0.0	2.3	96953.0	-999.9
Bamako	2023	12	9	343	19.9	34.0	20.3	-999.9	0.0	2.5	96868.2	-999.9
Bamako	2023	12	10	344	18.5	33.4	20.6	-999.9	0.0	2.2	96862.1	-999.9
Bamako	2023	12	11	345	18.4	33.2	20.6	-999.9	0.0	2.2	96839.5	-999.9
Bamako	2023	12	12	346	16.9	33.0	20.5	-999.9	0.0	2.3	96909.5	-999.9
Bamako	2023	12	13	347	16.6	31.9	20.5	-999.9	0.0	2.2	96879.9	-999.9
Bamako	2023	12	14	348	15.3	31.5	20.6	-999.9	0.0	2.0	96818.8	-999.9
Bamako	2023	12	15	349	16.5	31.8	20.3	-999.9	0.0	2.1	96816.8	-999.9
Bamako	2023	12	16	350	19.2	31.7	18.9	-999.9	0.0	2.2	96787.0	-999.9
Bamako	2023	12	17	351	19.9	30.6	16.9	-999.9	0.0	2.4	96851.0	-999.9
Bamako	2023	12	18	352	19.4	29.2	16.9	-999.9	0.0	2.8	96982.7	-999.9
Bamako	2023	12	19	353	15.9	28.2	20.2	-999.9	0.0	2.6	97121.6	-999.9
Bamako	2023	12	20	354	14.3	27.1	20.3	-999.9	0.0	2.5	97256.8	-999.9
Bamako	2023	12	21	355	14.8	27.6	20.2	-999.9	0.0	2.2	97108.8	-999.9
Bamako	2023	12	22	356	14.9	29.6	20.0	-999.9	0.0	1.9	97038.1	-999.9
Bamako	2023	12	23	357	16.6	32.8	19.7	-999.9	0.0	1.9	96997.3	-999.9
Bamako	2023	12	24	358	19.8	33.4	17.1	-999.9	0.0	2.0	97023.2	-999.9
Bamako	2023	12	25	359	19.6	33.2	19.7	-999.9	0.0	2.1	96984.0	-999.9
Bamako	2023	12	26	360	16.3	32.9	20.4	-999.9	0.0	2.2	96934.2	-999.9
Bamako	2023	12	27	361	15.1	33.0	20.5	-999.9	0.0	2.0	96906.5	-999.9
Bamako	2023	12	28	362	15.0	32.8	20.4	-999.9	0.0	2.2	97031.4	-999.9
Bamako	2023	12	29	363	16.7	32.5	20.4	-999.9	0.0	2.3	96984.7	-999.9
Bamako	2023	12	30	364	15.6	32.7	20.5	-999.9	0.0	2.1	96908.3	-999.9
Bamako	2023	12	31	365	16.5	33.7	20.4	-999.9	0.0	2.2	96901.5	-999.9
