Bamako	2003	1	1	1	17.0	30.5	20.9	-999.9	0.0	2.6	97126.2	-999.9
Bamako	2003	1	2	2	16.2	30.3	21.0	-999.9	0.0	2.6	97141.2	-999.9
Bamako	2003	1	3	3	14.6	31.1	20.9	-999.9	0.0	2.3	97121.6	-999.9
Bamako	2003	1	4	4	14.8	31.7	20.7	-999.9	0.0	2.0	97038.4	-999.9
Bamako	2003	1	5	5	16.6	32.2	20.4	-999.9	0.0	1.9	96903.4	-999.9
Bamako	2003	1	6	6	16.6	32.9	19.4	-999.9	0.0	1.7	96918.5	-999.9
Bamako	2003	1	7	7	18.0	33.1	20.3	-999.9	0.0	2.1	96972.5	-999.9
Bamako	2003	1	8	8	18.6	33.3	20.4	-999.9	0.0	2.3	97003.1	-999.9
Bamako	2003	1	9	9	18.3	33.3	20.2	-999.9	0.0	2.0	96986.4	-999.9
Bamako	2003	1	10	10	17.6	32.9	20.5	-999.9	0.0	1.8	96830.8	-999.9
Bamako	2003	1	11	11	17.6	31.5	19.5	-999.9	0.0	1.7	96798.3	-999.9
Bamako	2003	1	12	12	19.1	31.9	19.0	-999.9	0.0	1.7	96824.8	-999.9
Bamako	2003	1	13	13	22.1	29.6	12.5	-999.9	0.0	2.1	96984.8	-999.9
Bamako	2003	1	14	14	20.7	30.4	14.0	-999.9	0.0	2.3	97017.5	-999.9
Bamako	2003	1	15	15	22.2	31.6	17.1	-999.9	0.0	3.1	97060.6	-999.9
Bamako	2003	1	16	16	21.1	32.9	19.4	-999.9	0.0	2.3	97040.8	-999.9
Bamako	2003	1	17	17	22.6	31.4	13.5	-999.9	0.0	1.8	96932.7	-999.9
Bamako	2003	1	18	18	20.9	29.0	14.3	-999.9	0.0	2.6	97051.0	-999.9
Bamako	2003	1	19	19	20.4	28.6	14.1	-999.9	0.0	2.1	97078.4	-999.9
Bamako	2003	1	20	20	21.7	31.0	15.7	-999.9	0.0	2.3	97000.9	-999.9
Bamako	2003	1	21	21	21.0	32.3	18.8	-999.9	0.0	2.3	96888.4	-999.9
Bamako	2003	1	22	22	21.9	31.4	19.5	-999.9	0.0	2.6	96927.3	-999.9
Bamako	2003	1	23	23	20.9	33.2	20.7	-999.9	0.0	2.8	96952.9	-999.9
Bamako	2003	1	24	24	21.1	34.2	21.0	-999.9	0.0	2.5	96847.0	-999.9
Bamako	2003	1	25	25	23.5	33.4	18.4	-999.9	0.0	3.4	96885.5	-999.9
Bamako	2003	1	26	26	21.6	30.4	18.9	-999.9	0.0	3.4	97087.2	-999.9
Bamako	2003	1	27	27	17.0	28.0	21.1	-999.9	0.0	2.9	97183.4	-999.9
Bamako	2003	1	28	28	15.7	27.8	21.6	-999.9	0.0	2.6	97196.4	-999.9
Bamako	2003	1	29	29	15.5	28.7	21.7	-999.9	0.0	2.2	97058.1	-999.9
Bamako	2003	1	30	30	15.3	30.6	21.8	-999.9	0.0	2.0	96910.5	-999.9
Bamako	2003	1	31	31	16.2	32.6	21.8	-999.9	0.0	2.0	96763.0	-999.9
Bamako	2003	2	1	32	18.5	34.2	21.5	-999.9	0.0	2.2	96825.8	-999.9
Bamako	2003	2	2	33	20.8	35.0	21.7	-999.9	0.0	2.5	96879.7	-999.9
Bamako	2003	2	3	34	21.2	36.0	21.9	-999.9	0.0	2.6	96856.7	-999.9
Bamako	2003	2	4	35	21.8	36.1	22.0	-999.9	0.0	3.1	96813.5	-999.9
Bamako	2003	2	5	36	21.4	35.8	22.1	-999.9	0.0	2.5	96744.3	-999.9
Bamako	2003	2	6	37	19.8	36.3	22.1	-999.9	0.0	2.0	96658.5	-999.9
Bamako	2003	2	7	38	19.0	37.0	22.3	-999.9	0.0	2.3	96606.0	-999.9
Bamako	2003	2	8	39	18.9	36.3	22.4	-999.9	0.0	2.4	96470.8	-999.9
Bamako	2003	2	9	40	19.9	36.8	22.1	-999.9	0.0	1.8	96405.1	-999.9
Bamako	2003	2	10	41	24.0	36.9	20.9	-999.9	0.0	2.5	96454.6	-999.9
Bamako	2003	2	11	42	25.2	37.6	20.1	-999.9	0.0	2.2	96525.2	-999.9
Bamako	2003	2	12	43	23.2	36.2	20.9	-999.9	0.0	2.5	96589.3	-999.9
Bamako	2003	2	13	44	23.2	35.9	21.7	-999.9	0.0	2.3	96636.3	-999.9
Bamako	2003	2	14	45	25.0	35.9	21.4	-999.9	0.0	1.7	96564.7	-999.9
Bamako	2003	2	15	46	21.9	36.0	21.9	-999.9	0.0	1.9	96563.1	-999.9
Bamako	2003	2	16	47	23.3	34.6	22.2	-999.9	0.0	2.9	96638.0	-999.9
Bamako	2003	2	17	48	20.9	32.4	22.4	-999.9	0.0	2.7	96858.3	-999.9
Bamako	2003	2	18	49	20.5	33.0	22.4	-999.9	0.0	2.6	96918.6	-999.9
Bamako	2003	2	19	50	21.0	33.8	22.0	-999.9	0.0	2.2	96855.4	-999.9
Bamako	2003	2	20	51	21.5	34.6	22.4	-999.9	0.0	2.0	96635.3	-999.9
Bamako	2003	2	21	52	21.2	36.1	22.8	-999.9	0.0	1.6	96573.6	-999.9
Bamako	2003	2	22	53	21.9	36.9	23.1	-999.9	0.0	2.3	96693.4	-999.9
Bamako	2003	2	23	54	23.0	37.6	23.3	-999.9	0.0	2.2	96758.3	-999.9
Bamako	2003	2	24	55	21.1	37.6	23.0	-999.9	0.0	1.3	96612.2	-999.9
Bamako	2003	2	25	56	23.9	36.6	22.9	-999.9	0.0	2.0	96577.0	-999.9
Bamako	2003	2	26	57	21.4	37.3	23.5	-999.9	0.0	2.1	96669.1	-999.9
Bamako	2003	2	27	58	23.2	36.6	23.0	-999.9	0.0	2.8	96813.6	-999.9
Bamako	2003	2	28	59	23.3	36.8	23.5	-999.9	0.0	2.6	96798.6	-999.9
Bamako	2003	3	1	60	23.7	36.6	23.6	-999.9	0.0	3.0	96702.0	-999.9
Bamako	2003	3	2	61	22.7	35.8	23.9	-999.9	0.0	2.7	96733.6	-999.9
Bamako	2003	3	3	62	22.6	36.9	23.9	-999.9	0.0	2.8	96709.5	-999.9
Bamako	2003	3	4	63	23.7	37.4	23.7	-999.9	0.0	2.5	96622.6	-999.9
Bamako	2003	3	5	64	22.4	37.5	24.1	-999.9	0.0	2.3	96462.6	-999.9
Bamako	2003	3	6	65	22.2	37.6	24.2	-999.9	0.0	2.0	96400.5	-999.9
Bamako	2003	3	7	66	23.2	37.1	21.8	-999.9	0.0	2.5	96553.9	-999.9
Bamako	2003	3	8	67	24.0	37.4	24.1	-999.9	0.0	2.2	96658.0	-999.9
Bamako	2003	3	9	68	22.3	38.1	24.6	-999.9	0.0	2.2	96665.5	-999.9
Bamako	2003	3	10	69	22.5	37.7	25.0	-999.9	0.0	2.2	96558.3	-999.9
Bamako	2003	3	11	70	22.0	38.0	24.8	-999.9	0.0	1.7	96509.0	-999.9
Bamako	2003	3	12	71	23.2	36.5	20.1	-999.9	0.0	2.1	96517.6	-999.9
Bamako	2003	3	13	72	26.6	37.7	23.2	-999.9	0.0	2.1	96632.3	-999.9
Bamako	2003	3	14	73	22.9	37.8	23.8	-999.9	0.0	2.9	96734.4	-999.9
Bamako	2003	3	15	74	23.0	37.0	25.6	-999.9	0.0	3.1	96739.7	-999.9
Bamako	2003	3	16	75	21.3	37.2	25.7	-999.9	0.0	2.2	96599.6	-999.9
Bamako	2003	3	17	76	20.4	38.4	25.6	-999.9	0.0	1.9	96489.2	-999.9
Bamako	2003	3	18	77	20.9	38.9	25.2	-999.9	0.0	2.0	96504.8	-999.9
Bamako	2003	3	19	78	21.3	39.7	25.4	-999.9	0.0	2.3	96505.5	-999.9
Bamako	2003	3	20	79	24.1	39.3	25.5	-999.9	0.0	2.2	96365.6	-999.9
Bamako	2003	3	21	80	21.7	39.2	25.0	-999.9	0.0	2.3	96233.2	-999.9
Bamako	2003	3	22	81	23.2	36.7	23.7	-999.9	0.0	1.7	96502.6	-999.9
Bamako	2003	3	23	82	23.0	37.1	24.0	-999.9	0.0	1.7	96691.4	-999.9
Bamako	2003	3	24	83	23.9	36.7	23.4	-999.9	0.0	2.0	96723.4	-999.9
Bamako	2003	3	25	84	26.8	37.5	23.6	-999.9	0.0	2.6	96596.7	-999.9
Bamako	2003	3	26	85	25.2	38.4	25.5	-999.9	0.0	2.1	96498.4	-999.9
Bamako	2003	3	27	86	22.9	37.8	25.5	-999.9	0.0	2.1	96732.7	-999.9
Bamako	2003	3	28	87	24.5	38.7	25.9	-999.9	0.0	2.3	96767.8	-999.9
Bamako	2003	3	29	88	23.6	39.2	26.1	-999.9	0.0	1.6	96583.5	-999.9
Bamako	2003	3	30	89	22.0	39.0	25.8	-999.9	0.0	1.7	96491.2	-999.9
Bamako	2003	3	31	90	23.7	39.5	23.9	-999.9	0.0	2.3	96452.3	-999.9
Bamako	2003	4	1	91	24.6	40.3	26.4	-999.9	0.0	2.7	96485.6	-999.9
Bamako	2003	4	2	92	22.3	39.7	26.7	-999.9	0.0	1.5	96443.7	-999.9
Bamako	2003	4	3	93	21.4	39.0	26.3	-999.9	0.0	1.7	96329.5	-999.9
Bamako	2003	4	4	94	22.9	38.0	25.9	-999.9	0.0	1.9	96417.7	-999.9
Bamako	2003	4	5	95	25.6	39.0	25.8	-999.9	0.0	1.7	96431.2	-999.9
Bamako	2003	4	6	96	23.9	38.8	25.8	-999.9	0.0	1.4	96407.4	-999.9
Bamako	2003	4	7	97	25.9	37.4	21.7	-999.9	0.0	2.2	96383.5	-999.9
Bamako	2003	4	8	98	27.8	38.1	22.3	-999.9	0.0	1.3	96526.7	-999.9
Bamako	2003	4	9	99	26.5	38.4	23.5	-999.9	0.0	1.6	96516.2	-999.9
Bamako	2003	4	10	100	26.5	38.3	20.0	-999.9	0.0	1.9	96566.0	-999.9
Bamako	2003	4	11	101	28.4	40.3	24.1	-999.9	0.0	2.6	96522.9	-999.9
Bamako	2003	4	12	102	27.1	37.9	21.8	-999.9	0.0	1.5	96693.0	-999.9
Bamako	2003	4	13	103	28.4	39.0	23.3	-999.9	0.0	1.8	96703.9	-999.9
Bamako	2003	4	14	104	27.4	39.3	22.3	-999.9	0.0	2.4	96428.9	-999.9
Bamako	2003	4	15	105	25.9	40.4	25.2	-999.9	0.0	2.0	96277.9	-999.9
Bamako	2003	4	16	106	25.1	37.8	25.3	-999.9	0.0	1.8	96459.7	-999.9
Bamako	2003	4	17	107	26.6	37.9	22.2	-999.9	0.0	2.1	96653.8	-999.9
Bamako	2003	4	18	108	25.9	32.1	10.8	-999.9	0.0	1.9	96752.8	-999.9
Bamako	2003	4	19	109	27.3	37.5	22.7	-999.9	0.0	2.3	96617.7	-999.9
Bamako	2003	4	20	110	24.6	35.9	19.6	-999.9	0.0	1.8	96670.3	-999.9
Bamako	2003	4	21	111	26.5	36.7	23.8	-999.9	0.0	1.9	96643.5	-999.9
Bamako	2003	4	22	112	26.5	39.4	23.9	-999.9	0.0	1.9	96524.1	-999.9
Bamako	2003	4	23	113	28.7	39.9	22.2	-999.9	7.8	2.0	96360.1	-999.9
Bamako	2003	4	24	114	26.7	38.6	23.4	-999.9	3.9	2.2	96473.3	-999.9
Bamako	2003	4	25	115	27.0	39.8	23.8	-999.9	3.9	1.7	96522.6	-999.9
Bamako	2003	4	26	116	28.2	38.7	18.9	-999.9	0.0	2.2	96583.4	-999.9
Bamako	2003	4	27	117	24.8	40.6	25.1	-999.9	0.0	1.9	96541.0	-999.9
Bamako	2003	4	28	118	25.7	40.4	25.8	-999.9	0.0	1.9	96434.5	-999.9
Bamako	2003	4	29	119	27.5	38.9	24.1	-999.9	0.0	2.5	96530.1	-999.9
Bamako	2003	4	30	120	28.0	37.9	22.1	-999.9	0.0	1.8	96700.6	-999.9
Bamako	2003	5	1	121	28.1	38.5	23.0	-999.9	0.0	1.9	96691.2	-999.9
Bamako	2003	5	2	122	27.7	39.4	24.0	-999.9	0.0	1.8	96575.6	-999.9
Bamako	2003	5	3	123	27.5	39.6	23.6	-999.9	0.0	2.3	96496.5	-999.9
Bamako	2003	5	4	124	28.7	38.7	22.9	-999.9	0.0	2.5	96582.3	-999.9
Bamako	2003	5	5	125	26.6	39.4	24.3	-999.9	0.0	2.0	96594.7	-999.9
Bamako	2003	5	6	126	27.0	39.5	24.6	-999.9	0.0	2.4	96479.4	-999.9
Bamako	2003	5	7	127	27.7	37.9	23.5	-999.9	0.0	2.5	96453.4	-999.9
Bamako	2003	5	8	128	28.4	36.7	19.9	-999.9	0.0	2.0	96572.3	-999.9
Bamako	2003	5	9	129	28.7	38.0	21.1	-999.9	0.0	2.0	96545.6	-999.9
Bamako	2003	5	10	130	24.9	35.9	18.8	-999.9	0.0	2.7	96619.8	-999.9
Bamako	2003	5	11	131	27.0	36.1	23.1	-999.9	0.0	1.6	96671.5	-999.9
Bamako	2003	5	12	132	26.6	38.4	21.6	-999.9	8.3	2.8	96633.9	-999.9
Bamako	2003	5	13	133	27.7	38.6	22.7	-999.9	0.0	2.4	96590.8	-999.9
Bamako	2003	5	14	134	27.5	38.3	22.6	-999.9	0.0	2.3	96622.8	-999.9
Bamako	2003	5	15	135	28.6	38.7	22.6	-999.9	8.3	2.4	96581.5	-999.9
Bamako	2003	5	16	136	28.7	38.3	23.1	-999.9	1.4	1.7	96568.7	-999.9
Bamako	2003	5	17	137	27.2	35.3	22.5	-999.9	0.0	1.7	96644.2	-999.9
Bamako	2003	5	18	138	26.6	38.7	23.0	-999.9	2.8	1.5	96628.9	-999.9
Bamako	2003	5	19	139	27.7	41.2	24.4	-999.9	1.4	1.4	96450.0	-999.9
Bamako	2003	5	20	140	27.4	40.8	24.1	-999.9	0.0	2.5	96415.0	-999.9
Bamako	2003	5	21	141	28.3	39.9	24.5	-999.9	0.0	2.1	96518.9	-999.9
Bamako	2003	5	22	142	27.2	38.5	24.5	-999.9	7.7	1.8	96673.6	-999.9
Bamako	2003	5	23	143	28.5	38.1	20.8	-999.9	0.0	1.6	96659.5	-999.9
Bamako	2003	5	24	144	28.1	39.0	22.5	-999.9	3.9	2.6	96451.7	-999.9
Bamako	2003	5	25	145	27.3	36.5	21.2	-999.9	3.9	2.4	96592.7	-999.9
Bamako	2003	5	26	146	28.2	37.7	22.5	-999.9	0.0	1.9	96573.8	-999.9
Bamako	2003	5	27	147	28.0	39.0	24.1	-999.9	0.0	1.9	96541.1	-999.9
Bamako	2003	5	28	148	26.6	36.5	23.2	-999.9	0.0	2.4	96609.0	-999.9
Bamako	2003	5	29	149	26.9	35.4	21.4	-999.9	0.0	1.7	96635.7	-999.9
Bamako	2003	5	30	150	27.4	34.3	20.2	-999.9	0.0	2.0	96691.1	-999.9
Bamako	2003	5	31	151	25.8	36.4	23.9	-999.9	6.4	2.1	96782.8	-999.9
Bamako	2003	6	1	152	24.9	34.8	22.0	-999.9	3.3	1.9	96782.0	-999.9
Bamako	2003	6	2	153	25.0	32.2	16.1	-999.9	10.0	1.6	96779.9	-999.9
Bamako	2003	6	3	154	25.2	31.3	20.6	-999.9	0.0	1.5	96779.0	-999.9
Bamako	2003	6	4	155	25.0	35.0	24.0	-999.9	0.0	1.6	96694.0	-999.9
Bamako	2003	6	5	156	25.4	35.4	23.1	-999.9	10.0	1.7	96664.5	-999.9
Bamako	2003	6	6	157	25.4	33.7	23.0	-999.9	3.8	1.9	96718.3	-999.9
Bamako	2003	6	7	158	24.2	33.4	21.0	-999.9	0.0	1.8	96741.3	-999.9
Bamako	2003	6	8	159	25.8	34.8	23.1	-999.9	7.5	1.9	96731.7	-999.9
Bamako	2003	6	9	160	25.5	35.2	22.2	-999.9	0.0	1.4	96869.4	-999.9
Bamako	2003	6	10	161	24.7	34.8	22.8	-999.9	11.3	2.0	96738.8	-999.9
Bamako	2003	6	11	162	23.6	32.9	22.4	-999.9	8.8	1.8	96712.0	-999.9
Bamako	2003	6	12	163	24.4	31.8	19.3	-999.9	0.0	1.3	96762.4	-999.9
Bamako	2003	6	13	164	23.2	30.9	20.0	-999.9	4.4	1.4	96872.4	-999.9
Bamako	2003	6	14	165	23.1	32.3	24.2	-999.9	0.0	1.4	96918.3	-999.9
Bamako	2003	6	15	166	24.3	33.5	24.6	-999.9	0.0	1.5	96837.3	-999.9
Bamako	2003	6	16	167	26.1	34.7	23.5	-999.9	13.5	2.0	96640.8	-999.9
Bamako	2003	6	17	168	25.5	34.6	24.1	-999.9	6.8	2.3	96601.4	-999.9
Bamako	2003	6	18	169	26.5	33.4	20.6	-999.9	6.8	2.5	96708.6	-999.9
Bamako	2003	6	19	170	25.0	34.9	23.3	-999.9	0.0	1.9	96751.9	-999.9
Bamako	2003	6	20	171	26.1	34.6	22.5	-999.9	13.5	2.2	96645.0	-999.9
Bamako	2003	6	21	172	25.2	32.7	21.2	-999.9	0.0	2.1	96653.2	-999.9
Bamako	2003	6	22	173	24.3	31.7	19.5	-999.9	10.1	1.9	96725.2	-999.9
Bamako	2003	6	23	174	23.5	30.4	20.3	-999.9	0.0	1.9	96853.6	-999.9
Bamako	2003	6	24	175	22.9	31.5	23.1	-999.9	0.0	1.4	96957.6	-999.9
Bamako	2003	6	25	176	24.3	31.2	19.8	-999.9	0.0	1.9	96807.2	-999.9
Bamako	2003	6	26	177	23.6	29.4	17.4	-999.9	8.5	1.4	96805.6	-999.9
Bamako	2003	6	27	178	22.9	30.1	19.8	-999.9	0.0	1.6	96879.7	-999.9
Bamako	2003	6	28	179	22.8	30.4	21.7	-999.9	0.0	1.9	96936.3	-999.9
Bamako	2003	6	29	180	23.0	31.9	23.3	-999.9	4.2	1.4	96951.2	-999.9
Bamako	2003	6	30	181	23.3	30.0	17.7	-999.9	4.2	1.6	96952.2	-999.9
Bamako	2003	7	1	182	22.5	31.2	21.5	-999.9	9.0	1.9	96882.5	-999.9
Bamako	2003	7	2	183	22.5	30.2	21.1	-999.9	18.1	2.0	96936.9	-999.9
Bamako	2003	7	3	184	24.0	30.7	20.8	-999.9	0.0	1.3	96907.4	-999.9
Bamako	2003	7	4	185	21.8	32.5	22.9	-999.9	18.1	1.4	96860.2	-999.9
Bamako	2003	7	5	186	23.3	30.5	21.4	-999.9	0.0	1.7	96735.1	-999.9
Bamako	2003	7	6	187	23.7	30.5	21.7	-999.9	19.2	1.4	96779.3	-999.9
Bamako	2003	7	7	188	23.7	30.6	19.5	-999.9	0.0	1.9	96895.3	-999.9
Bamako	2003	7	8	189	22.4	30.6	20.6	-999.9	19.2	2.4	96791.6	-999.9
Bamako	2003	7	9	190	22.0	25.4	6.2	-999.9	9.6	1.5	96740.3	-999.9
Bamako	2003	7	10	191	21.6	28.7	17.1	-999.9	9.6	1.7	96914.7	-999.9
Bamako	2003	7	11	192	23.1	29.0	14.6	-999.9	0.0	2.0	96922.3	-999.9
Bamako	2003	7	12	193	22.7	31.0	22.4	-999.9	0.0	1.1	96870.8	-999.9
Bamako	2003	7	13	194	23.1	30.1	17.1	-999.9	3.8	1.4	96895.2	-999.9
Bamako	2003	7	14	195	22.1	28.6	14.8	-999.9	11.4	1.6	96810.2	-999.9
Bamako	2003	7	15	196	23.0	28.0	15.0	-999.9	3.8	1.6	96917.5	-999.9
Bamako	2003	7	16	197	22.2	28.1	15.4	-999.9	37.8	2.3	97042.8	-999.9
Bamako	2003	7	17	198	22.2	30.2	22.6	-999.9	18.9	1.5	97037.7	-999.9
Bamako	2003	7	18	199	23.3	30.2	20.7	-999.9	0.0	1.3	96988.5	-999.9
Bamako	2003	7	19	200	23.5	29.5	20.4	-999.9	0.0	1.9	97076.1	-999.9
Bamako	2003	7	20	201	23.1	29.4	18.5	-999.9	37.8	1.5	97002.5	-999.9
Bamako	2003	7	21	202	22.7	28.7	16.9	-999.9	13.8	1.4	97023.9	-999.9
Bamako	2003	7	22	203	22.3	29.6	18.4	-999.9	13.8	1.8	97076.3	-999.9
Bamako	2003	7	23	204	22.9	30.0	20.8	-999.9	0.0	1.2	96967.6	-999.9
Bamako	2003	7	24	205	22.6	30.0	18.5	-999.9	13.8	1.5	96951.8	-999.9
Bamako	2003	7	25	206	22.9	29.3	18.9	-999.9	6.9	1.2	97025.3	-999.9
Bamako	2003	7	26	207	22.5	29.5	19.6	-999.9	0.0	0.9	97048.4	-999.9
Bamako	2003	7	27	208	22.5	31.0	21.9	-999.9	6.6	1.1	96977.4	-999.9
Bamako	2003	7	28	209	23.1	29.7	17.5	-999.9	13.3	1.5	96889.2	-999.9
Bamako	2003	7	29	210	23.5	31.3	22.5	-999.9	0.0	1.7	96907.7	-999.9
Bamako	2003	7	30	211	22.8	29.3	16.5	-999.9	19.9	1.8	96901.3	-999.9
Bamako	2003	7	31	212	23.0	30.0	19.3	-999.9	0.0	1.7	96927.4	-999.9
Bamako	2003	8	1	213	23.4	30.8	21.8	-999.9	0.0	1.2	96898.6	-999.9
Bamako	2003	8	2	214	22.6	31.1	23.4	-999.9	24.3	1.4	96904.3	-999.9
Bamako	2003	8	3	215	22.9	29.8	19.3	-999.9	0.0	1.4	96872.2	-999.9
Bamako	2003	8	4	216	23.0	29.8	20.8	-999.9	12.2	1.8	96784.5	-999.9
Bamako	2003	8	5	217	22.6	25.2	7.4	-999.9	12.2	1.4	96742.6	-999.9
Bamako	2003	8	6	218	21.9	29.6	19.7	-999.9	0.0	1.2	96737.4	-999.9
Bamako	2003	8	7	219	22.9	28.7	16.2	-999.9	16.4	1.9	96745.9	-999.9
Bamako	2003	8	8	220	22.5	26.1	8.9	-999.9	0.0	1.7	96839.1	-999.9
Bamako	2003	8	9	221	22.4	27.6	16.3	-999.9	16.4	1.5	96927.8	-999.9
Bamako	2003	8	10	222	22.8	28.7	18.3	-999.9	0.0	2.0	96850.1	-999.9
Bamako	2003	8	11	223	22.5	28.5	18.5	-999.9	20.1	1.7	96913.8	-999.9
Bamako	2003	8	12	224	22.6	28.7	15.2	-999.9	10.1	1.7	96955.5	-999.9
Bamako	2003	8	13	225	21.8	29.9	21.6	-999.9	0.0	1.1	96943.3	-999.9
Bamako	2003	8	14	226	23.2	29.4	19.8	-999.9	0.0	1.6	96974.3	-999.9
Bamako	2003	8	15	227	22.7	29.1	18.4	-999.9	20.1	1.6	97040.8	-999.9
Bamako	2003	8	16	228	22.8	26.9	7.7	-999.9	19.9	1.3	96984.7	-999.9
Bamako	2003	8	17	229	22.7	28.1	14.5	-999.9	9.9	1.4	96928.0	-999.9
Bamako	2003	8	18	230	22.3	28.4	15.6	-999.9	0.0	2.0	97071.8	-999.9
Bamako	2003	8	19	231	21.7	30.1	21.5	-999.9	0.0	1.6	97078.9	-999.9
Bamako	2003	8	20	232	23.0	29.3	15.2	-999.9	19.9	2.4	96782.0	-999.9
Bamako	2003	8	21	233	22.2	26.2	12.3	-999.9	9.2	1.4	96713.1	-999.9
Bamako	2003	8	22	234	22.6	28.3	15.1	-999.9	0.0	1.7	96862.8	-999.9
Bamako	2003	8	23	235	21.2	29.9	20.8	-999.9	0.0	1.4	96961.9	-999.9
Bamako	2003	8	24	236	22.7	24.9	6.2	-999.9	74.0	1.6	96851.4	-999.9
Bamako	2003	8	25	237	22.4	28.1	15.1	-999.9	0.0	1.8	96888.1	-999.9
Bamako	2003	8	26	238	22.3	30.3	20.5	-999.9	0.0	1.2	96915.4	-999.9
Bamako	2003	8	27	239	23.4	30.7	21.2	-999.9	0.0	1.8	96915.2	-999.9
Bamako	2003	8	28	240	22.7	29.2	16.1	-999.9	0.0	1.2	96838.8	-999.9
Bamako	2003	8	29	241	23.2	29.6	21.1	-999.9	0.0	1.5	96939.5	-999.9
Bamako	2003	8	30	242	22.6	28.8	18.0	-999.9	0.0	1.3	97006.7	-999.9
Bamako	2003	8	31	243	22.9	29.9	20.5	-999.9	0.0	0.8	96909.5	-999.9
Bamako	2003	9	1	244	23.2	28.9	18.4	-999.9	19.6	1.5	96808.7	-999.9
Bamako	2003	9	2	245	22.8	26.8	9.0	-999.9	19.6	1.4	96835.4	-999.9
Bamako	2003	9	3	246	22.4	27.3	14.9	-999.9	9.8	1.7	96982.3	-999.9
Bamako	2003	9	4	247	21.5	29.0	21.5	-999.9	0.0	1.2	97024.4	-999.9
Bamako	2003	9	5	248	22.0	30.3	22.3	-999.9	0.0	1.1	96927.7	-999.9
Bamako	2003	9	6	249	22.6	29.9	21.4	-999.9	12.6	1.3	96867.3	-999.9
Bamako	2003	9	7	250	22.5	26.2	11.3	-999.9	0.0	1.3	96789.7	-999.9
Bamako	2003	9	8	251	22.2	26.6	10.0	-999.9	0.0	1.6	96910.3	-999.9
Bamako	2003	9	9	252	21.6	29.6	21.1	-999.9	6.3	0.9	96994.2	-999.9
Bamako	2003	9	10	253	23.2	30.3	20.8	-999.9	0.0	1.2	96938.6	-999.9
Bamako	2003	9	11	254	22.5	30.6	22.3	-999.9	0.0	1.1	96910.1	-999.9
Bamako	2003	9	12	255	23.0	30.4	22.6	-999.9	0.0	1.5	96934.5	-999.9
Bamako	2003	9	13	256	22.4	29.4	19.6	-999.9	0.0	1.2	96971.6	-999.9
Bamako	2003	9	14	257	21.7	27.8	14.1	-999.9	8.7	1.5	96905.8	-999.9
Bamako	2003	9	15	258	22.1	27.1	12.8	-999.9	2.2	1.2	96823.0	-999.9
Bamako	2003	9	16	259	22.0	27.8	16.6	-999.9	26.6	1.7	96913.7	-999.9
Bamako	2003	9	17	260	21.8	29.8	21.6	-999.9	26.6	1.1	96883.8	-999.9
Bamako	2003	9	18	261	22.5	30.5	22.9	-999.9	0.0	1.0	96823.9	-999.9
Bamako	2003	9	19	262	22.9	30.9	20.8	-999.9	13.3	1.6	96770.1	-999.9
Bamako	2003	9	20	263	22.8	30.2	22.0	-999.9	0.0	1.0	96820.3	-999.9
Bamako	2003	9	21	264	22.8	29.1	18.9	-999.9	13.4	1.3	96969.1	-999.9
Bamako	2003	9	22	265	22.0	29.3	21.2	-999.9	13.4	0.9	96964.0	-999.9
Bamako	2003	9	23	266	22.9	30.7	22.1	-999.9	20.0	1.0	96820.1	-999.9
Bamako	2003	9	24	267	23.1	30.1	21.5	-999.9	0.0	1.0	96830.4	-999.9
Bamako	2003	9	25	268	22.8	29.5	17.4	-999.9	0.0	1.2	96917.9	-999.9
Bamako	2003	9	26	269	22.5	32.5	23.6	-999.9	8.4	1.0	96815.4	-999.9
Bamako	2003	9	27	270	23.4	32.5	22.3	-999.9	8.4	1.3	96682.7	-999.9
Bamako	2003	9	28	271	22.8	30.7	16.4	-999.9	8.4	1.0	96800.0	-999.9
Bamako	2003	9	29	272	22.0	30.3	21.2	-999.9	8.4	1.1	96878.8	-999.9
Bamako	2003	9	30	273	22.3	29.9	22.1	-999.9	0.0	1.3	96873.6	-999.9
Bamako	2003	10	1	274	22.7	29.9	20.5	-999.9	3.6	1.2	96832.6	-999.9
Bamako	2003	10	2	275	22.9	31.7	23.1	-999.9	0.0	1.6	96754.5	-999.9
Bamako	2003	10	3	276	23.6	32.3	23.1	-999.9	7.3	1.3	96651.8	-999.9
Bamako	2003	10	4	277	23.4	30.3	18.9	-999.9	0.0	1.4	96722.9	-999.9
Bamako	2003	10	5	278	23.6	31.7	22.3	-999.9	0.0	1.4	96705.9	-999.9
Bamako	2003	10	6	279	23.3	31.0	21.1	-999.9	3.8	0.9	96762.2	-999.9
Bamako	2003	10	7	280	23.7	30.7	19.1	-999.9	3.8	1.4	96796.6	-999.9
Bamako	2003	10	8	281	23.6	32.1	22.1	-999.9	3.8	1.3	96816.3	-999.9
Bamako	2003	10	9	282	23.4	33.0	22.4	-999.9	3.8	1.3	96676.0	-999.9
Bamako	2003	10	10	283	23.5	33.1	22.2	-999.9	0.0	1.1	96605.4	-999.9
Bamako	2003	10	11	284	23.3	32.8	22.3	-999.9	0.0	1.0	96672.1	-999.9
Bamako	2003	10	12	285	24.0	32.9	20.6	-999.9	0.0	1.1	96645.4	-999.9
Bamako	2003	10	13	286	23.7	34.0	22.3	-999.9	0.0	1.2	96524.9	-999.9
Bamako	2003	10	14	287	23.0	34.0	22.5	-999.9	0.0	1.8	96537.5	-999.9
Bamako	2003	10	15	288	23.9	32.2	21.3	-999.9	9.8	1.4	96719.1	-999.9
Bamako	2003	10	16	289	23.9	32.3	20.8	-999.9	12.8	1.2	96783.8	-999.9
Bamako	2003	10	17	290	23.1	29.2	16.3	-999.9	0.0	1.1	96807.5	-999.9
Bamako	2003	10	18	291	22.2	31.1	20.8	-999.9	0.0	1.4	96794.6	-999.9
Bamako	2003	10	19	292	24.0	31.5	20.4	-999.9	0.0	1.7	96835.0	-999.9
Bamako	2003	10	20	293	23.9	30.6	19.0	-999.9	19.2	1.0	96816.1	-999.9
Bamako	2003	10	21	294	23.8	29.5	16.6	-999.9	6.2	1.5	96872.9	-999.9
Bamako	2003	10	22	295	22.2	31.3	21.0	-999.9	0.0	1.1	96845.5	-999.9
Bamako	2003	10	23	296	24.2	33.2	19.9	-999.9	0.0	1.7	96870.3	-999.9
Bamako	2003	10	24	297	24.4	34.2	21.0	-999.9	0.0	1.9	96699.6	-999.9
Bamako	2003	10	25	298	23.5	33.2	20.8	-999.9	0.0	1.4	96627.4	-999.9
Bamako	2003	10	26	299	24.9	32.7	19.9	-999.9	11.6	1.5	96612.6	-999.9
Bamako	2003	10	27	300	23.7	32.9	20.6	-999.9	0.0	1.5	96650.9	-999.9
Bamako	2003	10	28	301	22.9	32.0	19.7	-999.9	0.0	1.1	96758.9	-999.9
Bamako	2003	10	29	302	22.3	32.5	21.6	-999.9	0.0	1.0	96833.3	-999.9
Bamako	2003	10	30	303	23.9	33.9	19.4	-999.9	0.0	1.3	96612.5	-999.9
Bamako	2003	10	31	304	24.0	32.8	19.9	-999.9	0.0	1.5	96545.7	-999.9
Bamako	2003	11	1	305	23.4	32.5	20.3	-999.9	4.7	0.9	96564.4	-999.9
Bamako	2003	11	2	306	23.3	33.3	20.1	-999.9	0.0	1.3	96623.6	-999.9
Bamako	2003	11	3	307	23.1	31.6	17.4	-999.9	0.0	1.4	96792.3	-999.9
Bamako	2003	11	4	308	22.7	34.1	21.4	-999.9	0.0	1.5	96706.0	-999.9
Bamako	2003	11	5	309	23.1	35.0	21.6	-999.9	0.0	1.7	96579.5	-999.9
Bamako	2003	11	6	310	21.0	34.0	20.7	-999.9	0.0	1.3	96565.0	-999.9
Bamako	2003	11	7	311	22.3	31.3	19.4	-999.9	0.0	1.8	96720.6	-999.9
Bamako	2003	11	8	312	23.2	32.7	19.1	-999.9	0.7	1.5	96830.6	-999.9
Bamako	2003	11	9	313	24.5	32.0	17.3	-999.9	0.7	1.2	96874.8	-999.9
Bamako	2003	11	10	314	23.1	33.7	21.3	-999.9	0.0	1.5	96743.8	-999.9
Bamako	2003	11	11	315	24.3	34.2	19.7	-999.9	0.0	2.1	96685.2	-999.9
Bamako	2003	11	12	316	20.7	33.5	20.1	-999.9	0.0	2.0	96762.6	-999.9
Bamako	2003	11	13	317	20.3	33.6	21.9	-999.9	0.0	2.1	96957.4	-999.9
Bamako	2003	11	14	318	19.8	32.4	22.0	-999.9	0.0	2.0	96995.8	-999.9
Bamako	2003	11	15	319	19.4	32.7	21.7	-999.9	0.0	1.8	96937.8	-999.9
Bamako	2003	11	16	320	20.1	33.7	21.2	-999.9	0.0	1.8	96715.6	-999.9
Bamako	2003	11	17	321	21.0	34.1	21.1	-999.9	0.0	1.7	96570.5	-999.9
Bamako	2003	11	18	322	21.6	33.6	19.5	-999.9	0.0	1.4	96615.3	-999.9
Bamako	2003	11	19	323	24.0	34.4	19.6	-999.9	0.0	1.8	96679.2	-999.9
Bamako	2003	11	20	324	22.8	33.9	18.8	-999.9	0.0	2.0	96707.2	-999.9
Bamako	2003	11	21	325	22.4	32.6	16.6	-999.9	0.0	2.2	96748.2	-999.9
Bamako	2003	11	22	326	22.1	34.0	20.7	-999.9	0.0	2.0	96716.8	-999.9
Bamako	2003	11	23	327	22.6	34.8	20.5	-999.9	0.0	2.1	96721.1	-999.9
Bamako	2003	11	24	328	19.5	34.2	20.9	-999.9	0.0	1.5	96773.0	-999.9
Bamako	2003	11	25	329	23.4	34.7	20.2	-999.9	0.0	1.3	96772.0	-999.9
Bamako	2003	11	26	330	21.3	34.2	19.0	-999.9	0.0	2.0	96758.0	-999.9
Bamako	2003	11	27	331	21.0	34.6	20.0	-999.9	0.0	2.1	96697.3	-999.9
Bamako	2003	11	28	332	21.2	33.9	20.4	-999.9	0.0	1.8	96647.9	-999.9
Bamako	2003	11	29	333	20.0	33.9	20.7	-999.9	0.0	2.2	96702.3	-999.9
Bamako	2003	11	30	334	20.5	32.8	20.6	-999.9	0.0	2.7	96751.1	-999.9
Bamako	2003	12	1	335	18.8	32.5	20.6	-999.9	0.0	1.9	96764.1	-999.9
Bamako	2003	12	2	336	18.0	32.0	20.3	-999.9	0.0	1.8	96762.0	-999.9
Bamako	2003	12	3	337	18.5	32.2	20.2	-999.9	0.0	1.7	96729.6	-999.9
Bamako	2003	12	4	338	20.1	32.3	19.3	-999.9	0.1	1.9	96681.4	-999.9
Bamako	2003	12	5	339	20.5	33.9	19.7	-999.9	0.0	1.9	96715.1	-999.9
Bamako	2003	12	6	340	21.1	34.2	20.0	-999.9	0.0	2.2	96792.0	-999.9
Bamako	2003	12	7	341	18.8	33.5	20.2	-999.9	0.0	2.0	96815.6	-999.9
Bamako	2003	12	8	342	19.8	33.5	20.4	-999.9	0.0	2.4	96908.4	-999.9
Bamako	2003	12	9	343	19.4	34.1	20.2	-999.9	0.0	2.5	96965.9	-999.9
Bamako	2003	12	10	344	18.6	33.2	19.8	-999.9	0.0	1.7	96851.5	-999.9
Bamako	2003	12	11	345	18.3	32.6	20.1	-999.9	0.0	1.6	96824.2	-999.9
Bamako	2003	12	12	346	19.4	32.3	19.9	-999.9	0.0	2.0	96796.3	-999.9
Bamako	2003	12	13	347	19.5	31.6	19.9	-999.9	0.0	2.2	96836.4	-999.9
Bamako	2003	12	14	348	19.7	31.7	19.6	-999.9	0.0	2.2	96946.3	-999.9
Bamako	2003	12	15	349	19.0	31.9	19.3	-999.9	0.0	2.1	96862.9	-999.9
Bamako	2003	12	16	350	18.1	31.7	20.0	-999.9	0.0	1.8	96856.9	-999.9
Bamako	2003	12	17	351	17.1	32.2	19.9	-999.9	0.0	1.9	96862.9	-999.9
Bamako	2003	12	18	352	18.5	33.0	19.9	-999.9	0.0	2.2	96939.8	-999.9
Bamako	2003	12	19	353	19.2	31.9	20.2	-999.9	0.0	2.4	97003.0	-999.9
Bamako	2003	12	20	354	18.2	32.0	20.0	-999.9	0.0	2.3	96989.2	-999.9
Bamako	2003	12	21	355	17.8	32.0	20.0	-999.9	0.0	2.1	96976.6	-999.9
Bamako	2003	12	22	356	18.1	32.2	19.4	-999.9	0.0	2.0	96989.0	-999.9
Bamako	2003	12	23	357	19.0	32.5	19.4	-999.9	0.0	2.1	96937.7	-999.9
Bamako	2003	12	24	358	19.3	32.2	18.6	-999.9	0.0	2.0	96906.8	-999.9
Bamako	2003	12	25	359	18.4	30.6	18.9	-999.9	0.0	2.6	96965.8	-999.9
Bamako	2003	12	26	360	17.1	29.7	20.1	-999.9	0.0	2.6	96978.0	-999.9
Bamako	2003	12	27	361	16.0	29.3	20.2	-999.9	0.0	2.5	96890.5	-999.9
Bamako	2003	12	28	362	16.0	28.6	20.3	-999.9	0.0	2.5	96855.3	-999.9
Bamako	2003	12	29	363	16.3	27.9	19.6	-999.9	0.0	2.3	96841.8	-999.9
Bamako	2003	12	30	364	15.7	29.7	20.3	-999.9	0.0	2.1	96919.0	-999.9
Bamako	2003	12	31	365	17.6	31.4	19.6	-999.9	0.0	2.0	97064.0	-999.9
