Bamako	2013	1	1	1	15.2	28.0	20.8	-999.9	0.0	2.4	97015.7	-999.9
Bamako	2013	1	2	2	13.8	28.9	20.8	-999.9	0.0	2.1	97049.3	-999.9
Bamako	2013	1	3	3	15.4	30.4	20.7	-999.9	0.0	2.4	97172.1	-999.9
Bamako	2013	1	4	4	15.7	29.2	20.8	-999.9	0.0	2.7	97353.2	-999.9
Bamako	2013	1	5	5	14.8	26.1	18.8	-999.9	0.0	2.5	97300.9	-999.9
Bamako	2013	1	6	6	13.2	26.7	20.2	-999.9	0.0	2.0	97179.1	-999.9
Bamako	2013	1	7	7	13.8	28.6	19.4	-999.9	0.0	1.9	97132.8	-999.9
Bamako	2013	1	8	8	15.9	30.6	19.9	-999.9	0.0	2.3	97108.4	-999.9
Bamako	2013	1	9	9	18.0	32.3	20.2	-999.9	0.0	2.2	97055.1	-999.9
Bamako	2013	1	10	10	18.6	32.4	20.4	-999.9	0.0	2.3	97014.6	-999.9
Bamako	2013	1	11	11	18.3	32.4	20.5	-999.9	0.0	2.3	96891.9	-999.9
Bamako	2013	1	12	12	18.1	31.9	19.5	-999.9	0.0	2.6	96866.1	-999.9
Bamako	2013	1	13	13	19.6	32.9	20.1	-999.9	0.0	2.4	96790.8	-999.9
Bamako	2013	1	14	14	17.9	32.5	20.8	-999.9	0.0	2.2	96727.3	-999.9
Bamako	2013	1	15	15	17.6	32.2	21.0	-999.9	0.0	2.4	96799.3	-999.9
Bamako	2013	1	16	16	17.3	31.2	21.2	-999.9	0.0	2.8	96935.2	-999.9
Bamako	2013	1	17	17	17.0	31.2	21.0	-999.9	0.0	2.4	97051.5	-999.9
Bamako	2013	1	18	18	16.5	31.2	21.1	-999.9	0.0	2.2	96974.1	-999.9
Bamako	2013	1	19	19	15.1	32.5	21.2	-999.9	0.0	1.8	96835.6	-999.9
Bamako	2013	1	20	20	16.7	33.0	21.1	-999.9	0.0	1.9	96778.9	-999.9
Bamako	2013	1	21	21	17.1	33.1	20.9	-999.9	0.0	2.0	96782.0	-999.9
Bamako	2013	1	22	22	17.6	34.1	20.3	-999.9	0.0	1.6	96796.3	-999.9
Bamako	2013	1	23	23	18.7	34.7	20.5	-999.9	0.0	1.9	96852.1	-999.9
Bamako	2013	1	24	24	19.7	34.3	20.5	-999.9	0.0	2.0	96830.4	-999.9
Bamako	2013	1	25	25	22.4	33.2	18.5	-999.9	0.0	2.6	96910.2	-999.9
Bamako	2013	1	26	26	19.8	31.5	20.6	-999.9	0.0	2.8	97085.2	-999.9
Bamako	2013	1	27	27	20.7	27.2	12.5	-999.9	0.0	2.6	97258.4	-999.9
Bamako	2013	1	28	28	20.6	29.9	17.0	-999.9	0.0	1.8	97193.8	-999.9
Bamako	2013	1	29	29	21.2	30.8	17.4	-999.9	0.0	2.2	97123.3	-999.9
Bamako	2013	1	30	30	20.4	32.6	20.8	-999.9	0.0	3.0	96998.7	-999.9
Bamako	2013	1	31	31	21.8	33.8	21.1	-999.9	0.0	3.0	97032.6	-999.9
Bamako	2013	2	1	32	19.8	30.8	21.8	-999.9	0.0	2.8	97145.8	-999.9
Bamako	2013	2	2	33	17.6	30.7	22.2	-999.9	0.0	2.4	96979.5	-999.9
Bamako	2013	2	3	34	16.5	31.5	22.1	-999.9	0.0	2.0	96775.5	-999.9
Bamako	2013	2	4	35	18.7	32.5	21.9	-999.9	0.0	2.8	96791.5	-999.9
Bamako	2013	2	5	36	19.5	32.4	20.8	-999.9	0.0	2.9	96896.4	-999.9
Bamako	2013	2	6	37	18.8	32.3	21.9	-999.9	0.0	2.5	96933.1	-999.9
Bamako	2013	2	7	38	18.3	33.8	22.1	-999.9	0.0	2.1	96801.6	-999.9
Bamako	2013	2	8	39	19.2	34.2	22.4	-999.9	0.0	2.2	96727.2	-999.9
Bamako	2013	2	9	40	20.6	34.9	21.1	-999.9	0.0	2.3	96661.6	-999.9
Bamako	2013	2	10	41	22.1	35.9	21.4	-999.9	0.0	2.6	96677.3	-999.9
Bamako	2013	2	11	42	20.9	36.2	22.3	-999.9	0.0	2.5	96671.2	-999.9
Bamako	2013	2	12	43	21.9	36.2	22.2	-999.9	0.0	2.7	96662.2	-999.9
Bamako	2013	2	13	44	21.5	35.9	22.4	-999.9	0.0	2.8	96704.3	-999.9
Bamako	2013	2	14	45	20.1	36.0	22.5	-999.9	0.0	2.5	96673.8	-999.9
Bamako	2013	2	15	46	19.8	35.9	22.7	-999.9	0.0	2.2	96665.7	-999.9
Bamako	2013	2	16	47	19.8	36.4	22.8	-999.9	0.0	2.0	96656.2	-999.9
Bamako	2013	2	17	48	20.8	36.1	23.0	-999.9	0.0	2.4	96654.6	-999.9
Bamako	2013	2	18	49	20.0	35.8	23.0	-999.9	0.0	2.0	96605.6	-999.9
Bamako	2013	2	19	50	19.5	36.0	23.0	-999.9	0.0	1.4	96607.2	-999.9
Bamako	2013	2	20	51	21.7	35.5	23.2	-999.9	0.0	2.3	96689.2	-999.9
Bamako	2013	2	21	52	21.1	34.3	23.1	-999.9	0.0	2.2	96765.3	-999.9
Bamako	2013	2	22	53	20.5	35.4	23.0	-999.9	0.0	2.2	96697.0	-999.9
Bamako	2013	2	23	54	22.2	36.8	21.7	-999.9	0.0	2.2	96618.1	-999.9
Bamako	2013	2	24	55	23.6	36.8	20.2	-999.9	0.0	2.3	96570.9	-999.9
Bamako	2013	2	25	56	23.3	38.1	23.1	-999.9	0.0	2.0	96570.7	-999.9
Bamako	2013	2	26	57	22.1	37.9	23.5	-999.9	0.0	2.1	96600.1	-999.9
Bamako	2013	2	27	58	22.2	38.9	23.1	-999.9	0.0	1.5	96574.5	-999.9
Bamako	2013	2	28	59	24.7	38.8	22.9	-999.9	0.0	2.1	96563.7	-999.9
Bamako	2013	3	1	60	24.9	38.0	23.1	-999.9	0.0	2.5	96555.2	-999.9
Bamako	2013	3	2	61	22.7	38.3	21.5	-999.9	0.0	2.3	96599.4	-999.9
Bamako	2013	3	3	62	24.5	38.4	23.1	-999.9	0.0	2.1	96641.0	-999.9
Bamako	2013	3	4	63	25.1	39.1	23.8	-999.9	0.0	2.2	96567.0	-999.9
Bamako	2013	3	5	64	23.9	38.8	23.3	-999.9	0.0	1.7	96633.3	-999.9
Bamako	2013	3	6	65	24.5	39.5	24.0	-999.9	0.0	2.6	96652.5	-999.9
Bamako	2013	3	7	66	26.4	40.2	24.0	-999.9	0.0	2.8	96623.4	-999.9
Bamako	2013	3	8	67	25.4	39.3	24.2	-999.9	0.0	2.4	96662.0	-999.9
Bamako	2013	3	9	68	23.2	39.7	24.4	-999.9	0.0	2.0	96584.9	-999.9
Bamako	2013	3	10	69	24.3	39.7	24.6	-999.9	0.0	2.2	96562.5	-999.9
Bamako	2013	3	11	70	26.0	38.5	22.1	-999.9	0.0	1.8	96492.7	-999.9
Bamako	2013	3	12	71	23.8	38.9	24.2	-999.9	0.0	1.9	96507.3	-999.9
Bamako	2013	3	13	72	23.9	38.8	23.4	-999.9	0.0	1.8	96467.0	-999.9
Bamako	2013	3	14	73	25.2	38.6	24.3	-999.9	0.0	1.8	96475.6	-999.9
Bamako	2013	3	15	74	22.6	38.6	24.3	-999.9	0.0	1.7	96522.1	-999.9
Bamako	2013	3	16	75	22.4	38.6	23.6	-999.9	0.0	2.0	96572.6	-999.9
Bamako	2013	3	17	76	21.9	39.1	24.7	-999.9	0.0	1.6	96499.1	-999.9
Bamako	2013	3	18	77	23.7	39.0	23.8	-999.9	0.0	1.5	96479.6	-999.9
Bamako	2013	3	19	78	27.5	37.8	21.8	-999.9	0.0	1.9	96430.3	-999.9
Bamako	2013	3	20	79	27.0	39.6	21.5	-999.9	0.0	2.0	96383.2	-999.9
Bamako	2013	3	21	80	25.6	40.4	25.2	-999.9	0.0	2.6	96403.5	-999.9
Bamako	2013	3	22	81	25.1	39.6	23.3	-999.9	0.0	1.9	96377.0	-999.9
Bamako	2013	3	23	82	26.7	39.3	24.1	-999.9	0.0	1.9	96381.8	-999.9
Bamako	2013	3	24	83	24.9	40.0	25.3	-999.9	0.0	1.8	96356.4	-999.9
Bamako	2013	3	25	84	24.7	39.3	23.5	-999.9	0.0	1.1	96468.4	-999.9
Bamako	2013	3	26	85	25.4	38.4	23.4	-999.9	0.0	1.5	96566.6	-999.9
Bamako	2013	3	27	86	27.0	38.9	22.3	-999.9	0.0	1.9	96487.1	-999.9
Bamako	2013	3	28	87	27.0	39.4	22.9	-999.9	0.0	2.9	96644.8	-999.9
Bamako	2013	3	29	88	24.0	38.7	24.5	-999.9	0.0	2.2	96808.3	-999.9
Bamako	2013	3	30	89	25.3	38.9	25.8	-999.9	0.0	2.1	96771.3	-999.9
Bamako	2013	3	31	90	23.5	38.7	26.2	-999.9	0.0	1.6	96653.0	-999.9
Bamako	2013	4	1	91	21.5	39.3	26.1	-999.9	0.0	1.5	96632.1	-999.9
Bamako	2013	4	2	92	21.2	39.7	25.7	-999.9	0.0	1.2	96600.2	-999.9
Bamako	2013	4	3	93	28.1	37.9	19.7	-999.9	0.0	2.5	96549.9	-999.9
Bamako	2013	4	4	94	29.4	37.0	17.7	-999.9	0.0	1.9	96606.7	-999.9
Bamako	2013	4	5	95	27.6	37.9	22.2	-999.9	0.0	1.5	96667.9	-999.9
Bamako	2013	4	6	96	27.1	35.2	19.9	-999.9	0.0	1.4	96809.4	-999.9
Bamako	2013	4	7	97	27.9	38.4	22.9	-999.9	0.0	1.8	96636.2	-999.9
Bamako	2013	4	8	98	24.0	40.3	25.9	-999.9	0.0	1.7	96549.1	-999.9
Bamako	2013	4	9	99	24.9	40.4	25.8	-999.9	0.0	2.3	96536.4	-999.9
Bamako	2013	4	10	100	24.8	40.6	25.6	-999.9	0.0	2.3	96593.6	-999.9
Bamako	2013	4	11	101	25.7	40.0	23.6	-999.9	0.0	1.6	96480.5	-999.9
Bamako	2013	4	12	102	28.4	40.1	23.8	-999.9	0.0	1.8	96356.8	-999.9
Bamako	2013	4	13	103	29.2	38.0	22.3	-999.9	0.0	3.0	96521.3	-999.9
Bamako	2013	4	14	104	26.9	38.7	22.4	-999.9	0.0	1.7	96614.8	-999.9
Bamako	2013	4	15	105	28.6	39.3	22.8	-999.9	0.0	1.9	96604.2	-999.9
Bamako	2013	4	16	106	25.7	40.6	25.5	-999.9	0.0	2.1	96446.8	-999.9
Bamako	2013	4	17	107	22.7	40.4	26.5	-999.9	0.0	1.5	96395.7	-999.9
Bamako	2013	4	18	108	23.4	39.8	26.3	-999.9	0.0	1.6	96296.3	-999.9
Bamako	2013	4	19	109	27.5	38.4	24.4	-999.9	0.0	2.4	96308.1	-999.9
Bamako	2013	4	20	110	28.4	39.7	25.6	-999.9	0.0	2.4	96350.4	-999.9
Bamako	2013	4	21	111	28.6	38.5	22.6	-999.9	0.0	2.2	96439.8	-999.9
Bamako	2013	4	22	112	28.5	39.6	25.1	-999.9	0.0	1.6	96355.4	-999.9
Bamako	2013	4	23	113	27.3	39.3	26.0	-999.9	0.0	1.6	96278.7	-999.9
Bamako	2013	4	24	114	26.4	39.3	26.0	-999.9	0.0	2.5	96370.2	-999.9
Bamako	2013	4	25	115	28.2	38.9	25.4	-999.9	0.0	2.3	96581.8	-999.9
Bamako	2013	4	26	116	28.2	38.4	22.6	-999.9	0.0	1.8	96650.0	-999.9
Bamako	2013	4	27	117	27.7	37.1	22.8	-999.9	0.0	1.7	96552.7	-999.9
Bamako	2013	4	28	118	25.2	39.1	25.9	-999.9	0.0	1.8	96443.7	-999.9
Bamako	2013	4	29	119	26.6	39.1	22.1	-999.9	0.0	2.0	96342.5	-999.9
Bamako	2013	4	30	120	29.4	39.3	23.1	-999.9	0.0	2.8	96456.0	-999.9
Bamako	2013	5	1	121	30.2	38.6	21.1	-999.9	0.0	2.6	96535.3	-999.9
Bamako	2013	5	2	122	27.3	38.6	23.0	-999.9	0.0	2.2	96573.9	-999.9
Bamako	2013	5	3	123	28.4	38.8	23.2	-999.9	0.0	1.5	96489.3	-999.9
Bamako	2013	5	4	124	27.7	38.0	22.7	-999.9	0.0	1.6	96569.2	-999.9
Bamako	2013	5	5	125	27.4	39.7	25.1	-999.9	0.0	1.6	96605.7	-999.9
Bamako	2013	5	6	126	25.6	39.2	24.7	-999.9	0.0	2.0	96681.3	-999.9
Bamako	2013	5	7	127	27.9	39.5	23.2	-999.9	0.0	2.3	96709.7	-999.9
Bamako	2013	5	8	128	27.9	39.2	23.9	-999.9	0.0	2.2	96706.6	-999.9
Bamako	2013	5	9	129	27.1	39.8	23.7	-999.9	0.0	1.9	96684.4	-999.9
Bamako	2013	5	10	130	28.9	40.2	24.4	-999.9	0.0	2.4	96595.9	-999.9
Bamako	2013	5	11	131	27.2	38.3	23.1	-999.9	0.0	2.4	96625.0	-999.9
Bamako	2013	5	12	132	27.1	38.7	24.3	-999.9	0.0	2.2	96635.6	-999.9
Bamako	2013	5	13	133	28.8	38.7	23.0	-999.9	0.0	1.9	96693.3	-999.9
Bamako	2013	5	14	134	29.1	38.6	23.1	-999.9	0.0	2.0	96659.3	-999.9
Bamako	2013	5	15	135	26.1	38.4	23.4	-999.9	0.0	2.6	96521.4	-999.9
Bamako	2013	5	16	136	24.9	33.6	22.3	-999.9	8.7	2.1	96616.7	-999.9
Bamako	2013	5	17	137	25.8	35.2	22.9	-999.9	0.0	2.1	96684.8	-999.9
Bamako	2013	5	18	138	24.1	34.2	23.9	-999.9	2.2	1.2	96901.3	-999.9
Bamako	2013	5	19	139	24.4	36.8	25.0	-999.9	0.0	1.8	96778.3	-999.9
Bamako	2013	5	20	140	26.5	37.4	24.4	-999.9	0.0	1.9	96644.5	-999.9
Bamako	2013	5	21	141	27.1	37.6	22.9	-999.9	0.0	2.2	96616.6	-999.9
Bamako	2013	5	22	142	25.8	38.0	24.2	-999.9	0.0	2.2	96688.9	-999.9
Bamako	2013	5	23	143	27.5	37.4	21.0	-999.9	2.1	1.9	96742.4	-999.9
Bamako	2013	5	24	144	26.4	39.7	23.5	-999.9	0.0	1.6	96669.6	-999.9
Bamako	2013	5	25	145	26.8	40.5	24.5	-999.9	0.0	2.1	96569.1	-999.9
Bamako	2013	5	26	146	28.6	39.0	24.3	-999.9	0.0	2.4	96566.1	-999.9
Bamako	2013	5	27	147	28.0	37.5	23.6	-999.9	3.1	2.1	96651.5	-999.9
Bamako	2013	5	28	148	26.5	36.7	20.4	-999.9	7.6	1.6	96705.6	-999.9
Bamako	2013	5	29	149	27.1	39.0	24.9	-999.9	0.0	2.1	96613.5	-999.9
Bamako	2013	5	30	150	28.1	38.6	24.0	-999.9	0.0	2.3	96585.6	-999.9
Bamako	2013	5	31	151	25.2	37.2	22.6	-999.9	0.0	2.2	96686.4	-999.9
Bamako	2013	6	1	152	26.8	37.9	23.5	-999.9	0.0	2.4	96691.2	-999.9
Bamako	2013	6	2	153	25.6	37.2	23.5	-999.9	3.6	2.3	96679.2	-999.9
Bamako	2013	6	3	154	26.9	37.9	24.7	-999.9	0.0	2.8	96694.0	-999.9
Bamako	2013	6	4	155	25.8	36.7	22.8	-999.9	0.0	2.6	96798.2	-999.9
Bamako	2013	6	5	156	23.4	35.2	19.1	-999.9	10.8	2.0	96864.5	-999.9
Bamako	2013	6	6	157	25.3	37.4	24.5	-999.9	0.0	1.8	96805.3	-999.9
Bamako	2013	6	7	158	25.6	37.3	24.0	-999.9	0.0	2.1	96869.8	-999.9
Bamako	2013	6	8	159	25.7	37.5	24.8	-999.9	0.0	1.7	96862.8	-999.9
Bamako	2013	6	9	160	23.9	35.7	19.8	-999.9	16.3	2.0	96814.2	-999.9
Bamako	2013	6	10	161	24.8	36.3	24.2	-999.9	0.0	2.1	96785.6	-999.9
Bamako	2013	6	11	162	24.4	34.7	23.9	-999.9	0.0	2.1	96903.6	-999.9
Bamako	2013	6	12	163	24.9	37.3	24.5	-999.9	0.0	1.8	96882.4	-999.9
Bamako	2013	6	13	164	26.0	39.3	25.0	-999.9	0.0	2.3	96637.6	-999.9
Bamako	2013	6	14	165	25.7	37.6	24.8	-999.9	8.2	2.5	96695.6	-999.9
Bamako	2013	6	15	166	26.6	35.4	21.6	-999.9	0.0	1.6	96740.2	-999.9
Bamako	2013	6	16	167	25.9	36.0	22.9	-999.9	0.0	1.6	96751.4	-999.9
Bamako	2013	6	17	168	24.2	35.3	21.8	-999.9	8.9	2.2	96810.8	-999.9
Bamako	2013	6	18	169	24.7	33.7	20.6	-999.9	2.2	1.9	96731.7	-999.9
Bamako	2013	6	19	170	25.6	34.4	22.6	-999.9	0.0	2.4	96674.9	-999.9
Bamako	2013	6	20	171	24.0	34.6	23.7	-999.9	4.5	2.7	96693.9	-999.9
Bamako	2013	6	21	172	25.1	33.9	22.4	-999.9	0.0	3.0	96683.9	-999.9
Bamako	2013	6	22	173	25.3	35.4	24.2	-999.9	3.6	2.3	96705.4	-999.9
Bamako	2013	6	23	174	25.5	36.0	23.6	-999.9	3.6	2.2	96664.0	-999.9
Bamako	2013	6	24	175	25.0	36.9	24.8	-999.9	0.0	3.1	96568.0	-999.9
Bamako	2013	6	25	176	26.0	34.2	20.8	-999.9	7.1	3.0	96683.1	-999.9
Bamako	2013	6	26	177	24.4	34.3	21.9	-999.9	7.5	2.7	96800.7	-999.9
Bamako	2013	6	27	178	24.3	33.0	21.0	-999.9	15.0	1.6	96916.6	-999.9
Bamako	2013	6	28	179	23.4	29.3	15.2	-999.9	7.5	1.7	96811.4	-999.9
Bamako	2013	6	29	180	22.6	29.4	21.0	-999.9	0.0	1.7	96819.9	-999.9
Bamako	2013	6	30	181	23.2	31.0	21.3	-999.9	7.5	1.6	96852.4	-999.9
Bamako	2013	7	1	182	22.8	28.0	16.1	-999.9	16.6	1.5	96948.3	-999.9
Bamako	2013	7	2	183	22.6	30.8	20.4	-999.9	0.0	1.4	96955.2	-999.9
Bamako	2013	7	3	184	24.4	30.6	19.9	-999.9	8.3	1.5	96872.1	-999.9
Bamako	2013	7	4	185	23.6	31.2	22.6	-999.9	8.3	2.1	96739.0	-999.9
Bamako	2013	7	5	186	23.1	29.7	20.2	-999.9	16.6	2.1	96803.7	-999.9
Bamako	2013	7	6	187	23.3	29.4	18.3	-999.9	0.0	1.4	96840.6	-999.9
Bamako	2013	7	7	188	22.3	30.5	22.3	-999.9	0.0	1.5	96857.6	-999.9
Bamako	2013	7	8	189	22.7	29.2	15.1	-999.9	39.7	1.7	96920.5	-999.9
Bamako	2013	7	9	190	22.3	28.2	16.9	-999.9	19.9	1.6	97017.9	-999.9
Bamako	2013	7	10	191	22.3	28.6	16.9	-999.9	39.7	1.9	96991.9	-999.9
Bamako	2013	7	11	192	22.1	27.7	15.8	-999.9	0.0	1.1	96880.6	-999.9
Bamako	2013	7	12	193	22.1	29.2	20.1	-999.9	17.8	1.4	96966.9	-999.9
Bamako	2013	7	13	194	22.5	30.8	24.7	-999.9	0.0	1.2	97037.8	-999.9
Bamako	2013	7	14	195	24.3	31.5	23.2	-999.9	0.0	2.1	96875.0	-999.9
Bamako	2013	7	15	196	23.2	29.6	18.8	-999.9	35.7	1.6	96875.3	-999.9
Bamako	2013	7	16	197	23.4	29.4	20.4	-999.9	0.0	2.0	97020.9	-999.9
Bamako	2013	7	17	198	22.8	31.6	23.7	-999.9	23.3	1.8	97061.6	-999.9
Bamako	2013	7	18	199	24.0	30.6	19.9	-999.9	69.8	2.0	96827.9	-999.9
Bamako	2013	7	19	200	23.3	29.1	18.0	-999.9	0.0	1.6	96856.2	-999.9
Bamako	2013	7	20	201	22.9	29.4	18.6	-999.9	46.5	1.4	96886.0	-999.9
Bamako	2013	7	21	202	23.6	30.5	21.3	-999.9	15.8	1.0	96889.6	-999.9
Bamako	2013	7	22	203	22.9	30.0	21.8	-999.9	0.0	1.3	96862.2	-999.9
Bamako	2013	7	23	204	23.0	31.3	22.7	-999.9	15.8	1.5	96822.3	-999.9
Bamako	2013	7	24	205	23.9	32.2	23.0	-999.9	15.8	1.7	96898.3	-999.9
Bamako	2013	7	25	206	23.4	30.9	19.8	-999.9	15.8	1.8	97001.9	-999.9
Bamako	2013	7	26	207	22.5	29.7	20.2	-999.9	0.0	1.6	97090.5	-999.9
Bamako	2013	7	27	208	23.3	31.2	22.3	-999.9	23.9	1.7	96968.5	-999.9
Bamako	2013	7	28	209	23.1	30.3	17.3	-999.9	0.0	2.7	96838.6	-999.9
Bamako	2013	7	29	210	24.4	29.9	19.4	-999.9	23.9	2.8	96855.2	-999.9
Bamako	2013	7	30	211	22.8	29.3	18.3	-999.9	0.0	1.8	97069.6	-999.9
Bamako	2013	7	31	212	22.6	29.3	21.1	-999.9	71.8	1.9	97042.2	-999.9
Bamako	2013	8	1	213	22.5	28.2	15.8	-999.9	6.4	1.7	96954.9	-999.9
Bamako	2013	8	2	214	22.4	29.3	20.3	-999.9	0.0	1.7	97022.3	-999.9
Bamako	2013	8	3	215	23.0	28.9	16.9	-999.9	6.4	1.5	96972.7	-999.9
Bamako	2013	8	4	216	22.8	29.0	18.4	-999.9	6.4	1.4	96897.7	-999.9
Bamako	2013	8	5	217	22.5	29.5	18.5	-999.9	0.0	1.5	96795.9	-999.9
Bamako	2013	8	6	218	22.7	29.3	18.7	-999.9	8.4	1.9	96806.1	-999.9
Bamako	2013	8	7	219	22.6	30.5	20.6	-999.9	4.2	1.9	96652.0	-999.9
Bamako	2013	8	8	220	22.7	29.6	18.3	-999.9	8.4	2.5	96562.1	-999.9
Bamako	2013	8	9	221	22.4	24.6	6.8	-999.9	4.2	1.7	96663.7	-999.9
Bamako	2013	8	10	222	22.5	28.1	16.6	-999.9	4.2	1.9	96833.9	-999.9
Bamako	2013	8	11	223	22.6	28.3	15.8	-999.9	10.3	1.2	96850.5	-999.9
Bamako	2013	8	12	224	22.2	29.6	19.6	-999.9	0.0	1.8	96851.2	-999.9
Bamako	2013	8	13	225	22.3	27.5	11.5	-999.9	10.3	1.6	96897.3	-999.9
Bamako	2013	8	14	226	22.2	28.9	18.9	-999.9	0.0	2.1	96963.3	-999.9
Bamako	2013	8	15	227	22.4	29.7	20.6	-999.9	10.3	2.0	96904.1	-999.9
Bamako	2013	8	16	228	22.5	25.2	9.1	-999.9	32.4	1.6	96738.0	-999.9
Bamako	2013	8	17	229	21.8	27.8	14.4	-999.9	28.8	2.0	96733.9	-999.9
Bamako	2013	8	18	230	21.9	27.3	15.2	-999.9	6.7	2.3	96865.4	-999.9
Bamako	2013	8	19	231	22.2	28.5	18.5	-999.9	1.7	1.7	96975.5	-999.9
Bamako	2013	8	20	232	22.9	30.1	22.0	-999.9	1.6	2.0	96912.8	-999.9
Bamako	2013	8	21	233	22.0	28.7	16.8	-999.9	9.1	1.1	96842.3	-999.9
Bamako	2013	8	22	234	21.8	28.9	21.0	-999.9	5.2	1.5	96795.0	-999.9
Bamako	2013	8	23	235	21.7	30.6	21.8	-999.9	46.7	0.9	96797.0	-999.9
Bamako	2013	8	24	236	23.5	27.2	12.5	-999.9	0.0	1.2	96811.5	-999.9
Bamako	2013	8	25	237	21.8	30.2	21.8	-999.9	46.7	1.4	96750.0	-999.9
Bamako	2013	8	26	238	22.5	29.6	20.4	-999.9	14.0	1.0	96802.3	-999.9
Bamako	2013	8	27	239	23.6	29.0	16.4	-999.9	0.0	0.9	96827.9	-999.9
Bamako	2013	8	28	240	22.6	27.0	10.5	-999.9	28.0	1.2	96843.9	-999.9
Bamako	2013	8	29	241	22.3	28.7	17.1	-999.9	0.0	2.2	96982.7	-999.9
Bamako	2013	8	30	242	22.1	28.6	17.2	-999.9	0.0	2.0	97002.3	-999.9
Bamako	2013	8	31	243	22.1	29.5	21.1	-999.9	41.9	1.6	96880.2	-999.9
Bamako	2013	9	1	244	21.5	30.0	21.6	-999.9	0.0	1.1	96737.7	-999.9
Bamako	2013	9	2	245	22.6	29.1	19.7	-999.9	0.0	1.4	96713.9	-999.9
Bamako	2013	9	3	246	22.9	28.6	19.9	-999.9	0.0	1.4	96988.2	-999.9
Bamako	2013	9	4	247	22.0	29.5	21.9	-999.9	25.4	1.1	97071.8	-999.9
Bamako	2013	9	5	248	21.7	26.8	12.6	-999.9	8.5	1.2	96944.8	-999.9
Bamako	2013	9	6	249	21.9	28.9	21.2	-999.9	5.4	1.9	96852.8	-999.9
Bamako	2013	9	7	250	21.8	27.5	15.8	-999.9	0.0	1.5	96875.5	-999.9
Bamako	2013	9	8	251	22.2	28.9	20.2	-999.9	5.4	1.3	97013.4	-999.9
Bamako	2013	9	9	252	21.8	30.7	22.9	-999.9	5.4	1.3	97007.9	-999.9
Bamako	2013	9	10	253	21.6	30.1	22.7	-999.9	5.4	1.2	96877.7	-999.9
Bamako	2013	9	11	254	22.2	31.1	24.0	-999.9	0.0	1.4	96711.2	-999.9
Bamako	2013	9	12	255	22.4	28.5	15.1	-999.9	17.8	1.2	96717.7	-999.9
Bamako	2013	9	13	256	22.5	28.1	14.2	-999.9	17.8	1.3	96859.8	-999.9
Bamako	2013	9	14	257	22.7	28.7	17.9	-999.9	0.0	1.4	97101.3	-999.9
Bamako	2013	9	15	258	22.5	30.0	21.2	-999.9	0.0	0.8	97043.4	-999.9
Bamako	2013	9	16	259	23.0	30.0	21.3	-999.9	8.5	0.7	96964.0	-999.9
Bamako	2013	9	17	260	22.4	30.2	22.3	-999.9	0.0	1.0	96986.9	-999.9
Bamako	2013	9	18	261	22.9	31.6	23.1	-999.9	0.0	1.1	96939.3	-999.9
Bamako	2013	9	19	262	23.8	31.7	22.8	-999.9	0.0	1.5	96809.0	-999.9
Bamako	2013	9	20	263	23.5	30.6	20.3	-999.9	0.0	1.7	96662.0	-999.9
Bamako	2013	9	21	264	22.5	31.2	19.0	-999.9	0.0	1.3	96789.5	-999.9
Bamako	2013	9	22	265	22.9	31.1	22.5	-999.9	0.0	1.4	96913.9	-999.9
Bamako	2013	9	23	266	24.1	33.2	24.4	-999.9	0.0	2.4	96803.0	-999.9
Bamako	2013	9	24	267	24.1	32.7	21.1	-999.9	7.4	2.2	96732.3	-999.9
Bamako	2013	9	25	268	23.1	30.1	18.6	-999.9	22.3	1.5	96846.3	-999.9
Bamako	2013	9	26	269	22.5	29.2	20.5	-999.9	0.0	1.8	97003.9	-999.9
Bamako	2013	9	27	270	22.8	31.4	23.3	-999.9	25.2	1.1	97018.8	-999.9
Bamako	2013	9	28	271	23.1	31.1	22.2	-999.9	0.0	1.3	96937.6	-999.9
Bamako	2013	9	29	272	23.2	32.8	23.6	-999.9	0.0	1.2	96952.2	-999.9
Bamako	2013	9	30	273	23.6	32.5	22.7	-999.9	0.0	1.6	96818.4	-999.9
Bamako	2013	10	1	274	22.8	30.6	17.3	-999.9	16.6	1.9	96791.2	-999.9
Bamako	2013	10	2	275	22.3	31.7	22.0	-999.9	0.0	1.4	96809.5	-999.9
Bamako	2013	10	3	276	23.3	31.8	21.2	-999.9	0.0	1.3	96783.1	-999.9
Bamako	2013	10	4	277	23.2	31.3	20.2	-999.9	0.0	1.4	96868.0	-999.9
Bamako	2013	10	5	278	23.8	32.3	22.7	-999.9	12.4	1.4	96869.4	-999.9
Bamako	2013	10	6	279	23.5	33.0	23.0	-999.9	0.0	1.0	96864.8	-999.9
Bamako	2013	10	7	280	24.3	33.4	22.7	-999.9	0.0	1.4	96899.4	-999.9
Bamako	2013	10	8	281	24.1	33.4	21.9	-999.9	10.5	1.4	96862.5	-999.9
Bamako	2013	10	9	282	23.4	31.8	21.5	-999.9	0.0	1.4	96790.7	-999.9
Bamako	2013	10	10	283	22.0	31.1	20.8	-999.9	21.0	1.5	96859.5	-999.9
Bamako	2013	10	11	284	22.5	31.0	20.5	-999.9	0.0	1.4	96960.9	-999.9
Bamako	2013	10	12	285	22.8	32.9	21.6	-999.9	0.0	1.2	97001.3	-999.9
Bamako	2013	10	13	286	23.5	34.3	22.2	-999.9	0.0	1.0	96866.6	-999.9
Bamako	2013	10	14	287	23.2	34.2	21.0	-999.9	11.3	1.6	96736.6	-999.9
Bamako	2013	10	15	288	22.5	35.4	22.1	-999.9	0.0	1.4	96724.3	-999.9
Bamako	2013	10	16	289	23.4	34.2	20.3	-999.9	5.5	2.2	96885.4	-999.9
Bamako	2013	10	17	290	23.8	33.1	19.9	-999.9	5.5	1.6	96949.8	-999.9
Bamako	2013	10	18	291	23.3	36.3	21.9	-999.9	5.5	1.4	96797.1	-999.9
Bamako	2013	10	19	292	23.2	34.9	20.7	-999.9	0.0	1.4	96732.7	-999.9
Bamako	2013	10	20	293	23.9	33.7	18.7	-999.9	5.5	1.2	96743.1	-999.9
Bamako	2013	10	21	294	23.9	33.0	19.3	-999.9	7.3	1.4	96832.1	-999.9
Bamako	2013	10	22	295	23.3	33.3	19.0	-999.9	3.7	1.2	96793.2	-999.9
Bamako	2013	10	23	296	22.6	34.4	20.0	-999.9	0.0	1.4	96820.9	-999.9
Bamako	2013	10	24	297	21.8	35.0	20.9	-999.9	0.0	1.3	96830.1	-999.9
Bamako	2013	10	25	298	22.0	34.5	21.0	-999.9	0.0	1.7	96771.8	-999.9
Bamako	2013	10	26	299	23.7	32.2	18.7	-999.9	0.0	1.5	96823.2	-999.9
Bamako	2013	10	27	300	23.5	32.2	19.2	-999.9	0.0	0.9	96891.7	-999.9
Bamako	2013	10	28	301	24.5	31.2	15.5	-999.9	0.0	1.6	96978.9	-999.9
Bamako	2013	10	29	302	23.5	35.0	21.0	-999.9	0.0	1.6	96788.1	-999.9
Bamako	2013	10	30	303	23.2	34.8	20.9	-999.9	0.0	1.5	96670.3	-999.9
Bamako	2013	10	31	304	22.5	34.5	21.5	-999.9	0.0	1.4	96662.2	-999.9
Bamako	2013	11	1	305	22.0	34.5	19.7	-999.9	1.2	1.3	96594.0	-999.9
Bamako	2013	11	2	306	25.0	33.6	18.4	-999.9	1.2	1.4	96651.3	-999.9
Bamako	2013	11	3	307	22.8	35.6	22.2	-999.9	0.0	2.0	96634.7	-999.9
Bamako	2013	11	4	308	21.8	35.0	22.3	-999.9	0.0	1.8	96772.2	-999.9
Bamako	2013	11	5	309	20.1	34.9	22.6	-999.9	0.0	1.9	96892.2	-999.9
Bamako	2013	11	6	310	20.6	33.8	22.4	-999.9	0.0	2.1	96908.0	-999.9
Bamako	2013	11	7	311	19.5	34.2	22.5	-999.9	0.0	2.1	96877.9	-999.9
Bamako	2013	11	8	312	17.9	34.5	22.3	-999.9	0.0	1.8	96811.4	-999.9
Bamako	2013	11	9	313	21.5	35.3	21.4	-999.9	0.0	2.2	96752.9	-999.9
Bamako	2013	11	10	314	21.1	35.2	21.5	-999.9	0.0	2.3	96759.2	-999.9
Bamako	2013	11	11	315	22.8	35.7	21.0	-999.9	0.0	2.5	96678.4	-999.9
Bamako	2013	11	12	316	19.9	34.7	21.7	-999.9	0.0	1.6	96645.9	-999.9
Bamako	2013	11	13	317	19.1	34.3	21.7	-999.9	0.0	1.6	96723.2	-999.9
Bamako	2013	11	14	318	19.5	34.6	21.5	-999.9	0.0	2.0	96700.2	-999.9
Bamako	2013	11	15	319	19.5	34.7	21.6	-999.9	0.0	2.1	96714.2	-999.9
Bamako	2013	11	16	320	19.7	34.4	21.6	-999.9	0.0	2.0	96744.1	-999.9
Bamako	2013	11	17	321	20.7	34.2	20.7	-999.9	0.0	2.0	96712.0	-999.9
Bamako	2013	11	18	322	20.9	34.4	20.2	-999.9	0.0	1.6	96616.7	-999.9
Bamako	2013	11	19	323	21.7	33.7	20.5	-999.9	0.0	2.4	96657.0	-999.9
Bamako	2013	11	20	324	21.9	34.1	20.7	-999.9	0.0	2.3	96719.9	-999.9
Bamako	2013	11	21	325	22.0	33.9	20.4	-999.9	0.0	1.9	96675.7	-999.9
Bamako	2013	11	22	326	20.8	33.9	20.7	-999.9	0.0	2.2	96612.8	-999.9
Bamako	2013	11	23	327	20.3	34.4	20.8	-999.9	0.0	1.5	96692.1	-999.9
Bamako	2013	11	24	328	18.2	33.3	21.0	-999.9	0.0	1.3	96737.7	-999.9
Bamako	2013	11	25	329	17.8	33.8	20.6	-999.9	0.0	1.6	96572.7	-999.9
Bamako	2013	11	26	330	17.1	33.8	20.6	-999.9	0.0	1.1	96474.6	-999.9
Bamako	2013	11	27	331	18.9	33.7	20.4	-999.9	0.0	1.5	96536.0	-999.9
Bamako	2013	11	28	332	23.2	33.9	17.7	-999.9	0.0	1.8	96736.5	-999.9
Bamako	2013	11	29	333	24.3	35.9	20.1	-999.9	0.0	2.6	96743.4	-999.9
Bamako	2013	11	30	334	23.1	35.0	20.4	-999.9	0.0	2.6	96697.2	-999.9
Bamako	2013	12	1	335	20.5	34.2	20.4	-999.9	0.0	1.7	96628.1	-999.9
Bamako	2013	12	2	336	18.7	34.6	20.3	-999.9	0.0	2.2	96765.8	-999.9
Bamako	2013	12	3	337	21.7	34.6	20.2	-999.9	0.0	2.5	96927.6	-999.9
Bamako	2013	12	4	338	22.3	34.1	20.2	-999.9	0.0	3.2	97066.6	-999.9
Bamako	2013	12	5	339	21.9	33.6	20.3	-999.9	0.0	3.1	97059.5	-999.9
Bamako	2013	12	6	340	19.9	31.8	20.3	-999.9	0.0	2.9	96982.1	-999.9
Bamako	2013	12	7	341	18.8	30.6	20.3	-999.9	0.0	2.3	97039.2	-999.9
Bamako	2013	12	8	342	17.3	30.0	20.3	-999.9	0.0	2.3	97063.1	-999.9
Bamako	2013	12	9	343	17.1	29.9	20.3	-999.9	0.0	2.1	97039.1	-999.9
Bamako	2013	12	10	344	15.8	28.8	20.4	-999.9	0.0	2.1	97085.2	-999.9
Bamako	2013	12	11	345	14.8	29.9	20.4	-999.9	0.0	1.9	97065.5	-999.9
Bamako	2013	12	12	346	16.5	31.1	20.1	-999.9	0.0	1.8	97029.4	-999.9
Bamako	2013	12	13	347	16.7	31.5	17.6	-999.9	0.0	1.6	96869.0	-999.9
Bamako	2013	12	14	348	18.3	33.0	19.5	-999.9	0.0	1.9	96791.8	-999.9
Bamako	2013	12	15	349	20.6	30.1	13.3	-999.9	0.0	1.9	96825.0	-999.9
Bamako	2013	12	16	350	21.2	30.1	16.2	-999.9	0.0	2.1	96884.3	-999.9
Bamako	2013	12	17	351	20.3	30.7	19.5	-999.9	0.0	2.6	96929.1	-999.9
Bamako	2013	12	18	352	18.4	29.1	19.3	-999.9	0.0	2.7	96963.9	-999.9
Bamako	2013	12	19	353	16.3	28.8	20.1	-999.9	0.0	2.6	96919.4	-999.9
Bamako	2013	12	20	354	17.1	29.0	18.9	-999.9	0.0	2.5	96860.5	-999.9
Bamako	2013	12	21	355	16.1	30.1	20.2	-999.9	0.0	2.3	96910.3	-999.9
Bamako	2013	12	22	356	16.4	29.4	19.9	-999.9	0.0	2.7	97005.4	-999.9
Bamako	2013	12	23	357	16.2	28.3	20.0	-999.9	0.0	2.5	97027.0	-999.9
Bamako	2013	12	24	358	15.7	29.4	19.8	-999.9	0.0	2.1	97031.3	-999.9
Bamako	2013	12	25	359	16.7	31.0	19.7	-999.9	0.0	2.3	97046.4	-999.9
Bamako	2013	12	26	360	17.5	32.4	19.9	-999.9	0.0	2.4	97026.4	-999.9
Bamako	2013	12	27	361	17.9	32.6	20.0	-999.9	0.0	2.2	97010.1	-999.9
Bamako	2013	12	28	362	16.9	33.2	20.0	-999.9	0.0	1.8	96934.6	-999.9
Bamako	2013	12	29	363	17.9	33.8	20.1	-999.9	0.0	2.0	96825.3	-999.9
Bamako	2013	12	30	364	16.1	34.0	19.9	-999.9	0.0	1.4	96770.7	-999.9
Bamako	2013	12	31	365	18.0	33.1	17.6	-999.9	0.0	1.6	96748.3	-999.9
