Bamako	1984	1	1	1	15.4	31.1	20.1	-999.9	0.0	2.0	96919.0	-999.9
Bamako	1984	1	2	2	17.9	33.2	19.9	-999.9	0.0	2.3	96868.7	-999.9
Bamako	1984	1	3	3	19.1	33.6	19.8	-999.9	0.0	2.4	96974.1	-999.9
Bamako	1984	1	4	4	19.1	33.3	19.9	-999.9	0.0	2.1	96960.0	-999.9
Bamako	1984	1	5	5	19.4	33.1	19.9	-999.9	0.0	2.1	96915.4	-999.9
Bamako	1984	1	6	6	18.9	31.2	20.0	-999.9	0.0	2.8	96958.4	-999.9
Bamako	1984	1	7	7	17.2	28.2	19.9	-999.9	0.0	3.1	97144.4	-999.9
Bamako	1984	1	8	8	14.6	27.1	20.2	-999.9	0.0	2.3	97126.5	-999.9
Bamako	1984	1	9	9	14.5	30.1	19.9	-999.9	0.0	1.6	96862.2	-999.9
Bamako	1984	1	10	10	16.0	32.8	20.1	-999.9	0.0	1.5	96783.4	-999.9
Bamako	1984	1	11	11	18.3	33.6	20.0	-999.9	0.0	2.3	96815.2	-999.9
Bamako	1984	1	12	12	19.5	33.6	20.2	-999.9	0.0	2.7	96874.3	-999.9
Bamako	1984	1	13	13	18.8	32.5	20.4	-999.9	0.0	2.9	96971.6	-999.9
Bamako	1984	1	14	14	17.5	32.1	20.6	-999.9	0.0	2.7	96960.9	-999.9
Bamako	1984	1	15	15	17.8	33.3	20.7	-999.9	0.0	2.5	96818.0	-999.9
Bamako	1984	1	16	16	19.4	33.6	20.5	-999.9	0.0	2.4	96826.1	-999.9
Bamako	1984	1	17	17	18.7	33.0	20.7	-999.9	0.0	2.1	96877.7	-999.9
Bamako	1984	1	18	18	18.1	32.0	20.9	-999.9	0.0	2.0	96801.9	-999.9
Bamako	1984	1	19	19	17.4	32.1	21.0	-999.9	0.0	1.8	96719.5	-999.9
Bamako	1984	1	20	20	18.2	32.6	20.9	-999.9	0.0	2.1	96678.8	-999.9
Bamako	1984	1	21	21	18.6	33.2	20.8	-999.9	0.0	2.2	96746.4	-999.9
Bamako	1984	1	22	22	19.3	33.4	20.9	-999.9	0.0	2.5	96823.0	-999.9
Bamako	1984	1	23	23	19.5	33.0	21.1	-999.9	0.0	3.1	96811.8	-999.9
Bamako	1984	1	24	24	18.9	32.4	21.2	-999.9	0.0	2.8	96777.4	-999.9
Bamako	1984	1	25	25	18.2	32.9	21.4	-999.9	0.0	2.3	96728.6	-999.9
Bamako	1984	1	26	26	17.0	34.0	21.4	-999.9	0.0	1.9	96656.4	-999.9
Bamako	1984	1	27	27	18.1	34.7	21.4	-999.9	0.0	2.1	96599.8	-999.9
Bamako	1984	1	28	28	17.3	35.3	21.4	-999.9	0.0	1.7	96564.9	-999.9
Bamako	1984	1	29	29	19.0	34.8	21.4	-999.9	0.0	2.5	96623.6	-999.9
Bamako	1984	1	30	30	18.4	33.0	21.3	-999.9	0.0	2.5	96673.1	-999.9
Bamako	1984	1	31	31	18.8	31.2	21.3	-999.9	0.0	3.0	96798.1	-999.9
Bamako	1984	2	1	32	17.5	29.8	21.4	-999.9	0.0	2.9	96840.9	-999.9
Bamako	1984	2	2	33	16.4	30.0	21.5	-999.9	0.0	2.4	96826.1	-999.9
Bamako	1984	2	3	34	16.6	30.3	21.6	-999.9	0.0	2.6	96807.4	-999.9
Bamako	1984	2	4	35	16.8	29.9	21.9	-999.9	0.0	3.3	96910.9	-999.9
Bamako	1984	2	5	36	15.7	28.0	22.5	-999.9	0.0	3.0	96938.6	-999.9
Bamako	1984	2	6	37	14.3	29.5	22.6	-999.9	0.0	2.6	96886.8	-999.9
Bamako	1984	2	7	38	15.5	29.8	22.6	-999.9	0.0	2.7	96961.7	-999.9
Bamako	1984	2	8	39	15.6	30.0	22.6	-999.9	0.0	2.5	96964.1	-999.9
Bamako	1984	2	9	40	16.2	30.2	21.7	-999.9	0.0	2.3	96864.3	-999.9
Bamako	1984	2	10	41	16.5	31.6	22.4	-999.9	0.0	2.1	96765.1	-999.9
Bamako	1984	2	11	42	17.4	33.2	22.3	-999.9	0.0	2.0	96747.4	-999.9
Bamako	1984	2	12	43	18.6	33.6	22.2	-999.9	0.0	2.3	96769.1	-999.9
Bamako	1984	2	13	44	18.7	33.6	22.5	-999.9	0.0	2.5	96788.7	-999.9
Bamako	1984	2	14	45	18.0	32.6	22.6	-999.9	0.0	2.5	96768.7	-999.9
Bamako	1984	2	15	46	16.9	33.5	22.9	-999.9	0.0	2.5	96747.1	-999.9
Bamako	1984	2	16	47	18.1	33.9	22.8	-999.9	0.0	2.7	96703.6	-999.9
Bamako	1984	2	17	48	19.1	34.0	22.9	-999.9	0.0	2.9	96625.4	-999.9
Bamako	1984	2	18	49	19.3	34.4	23.0	-999.9	0.0	3.0	96660.0	-999.9
Bamako	1984	2	19	50	19.1	34.6	23.2	-999.9	0.0	2.6	96674.4	-999.9
Bamako	1984	2	20	51	19.1	35.2	23.4	-999.9	0.0	2.4	96652.2	-999.9
Bamako	1984	2	21	52	19.8	35.5	23.5	-999.9	0.0	2.7	96653.1	-999.9
Bamako	1984	2	22	53	20.3	35.7	23.5	-999.9	0.0	2.8	96679.5	-999.9
Bamako	1984	2	23	54	20.5	35.3	23.4	-999.9	0.0	3.1	96708.0	-999.9
Bamako	1984	2	24	55	20.3	35.1	23.0	-999.9	0.0	2.2	96604.6	-999.9
Bamako	1984	2	25	56	20.6	36.0	23.2	-999.9	0.0	2.5	96470.8	-999.9
Bamako	1984	2	26	57	21.6	37.0	23.4	-999.9	0.0	2.5	96405.7	-999.9
Bamako	1984	2	27	58	20.9	37.8	23.5	-999.9	0.0	1.9	96420.2	-999.9
Bamako	1984	2	28	59	23.9	38.4	22.8	-999.9	0.0	1.5	96431.4	-999.9
Bamako	1984	2	29	60	25.4	38.2	23.2	-999.9	0.0	1.7	96406.9	-999.9
Bamako	1984	3	1	61	22.9	38.7	23.4	-999.9	0.0	2.0	96374.1	-999.9
Bamako	1984	3	2	62	21.6	38.6	24.2	-999.9	0.0	2.2	96526.3	-999.9
Bamako	1984	3	3	63	21.7	38.5	24.1	-999.9	0.0	2.1	96499.8	-999.9
Bamako	1984	3	4	64	21.3	38.0	23.2	-999.9	0.0	1.7	96413.5	-999.9
Bamako	1984	3	5	65	24.7	38.3	22.0	-999.9	0.0	1.9	96397.7	-999.9
Bamako	1984	3	6	66	27.6	39.8	23.4	-999.9	0.0	1.7	96356.7	-999.9
Bamako	1984	3	7	67	25.3	39.2	23.8	-999.9	0.0	2.4	96266.8	-999.9
Bamako	1984	3	8	68	24.1	38.2	24.2	-999.9	0.0	2.2	96282.6	-999.9
Bamako	1984	3	9	69	23.5	37.7	24.2	-999.9	0.0	2.0	96288.6	-999.9
Bamako	1984	3	10	70	24.7	37.4	23.1	-999.9	0.0	2.1	96296.0	-999.9
Bamako	1984	3	11	71	26.3	36.1	22.4	-999.9	0.0	1.7	96534.7	-999.9
Bamako	1984	3	12	72	25.7	33.5	18.6	-999.9	0.0	1.8	96707.7	-999.9
Bamako	1984	3	13	73	24.9	34.2	19.6	-999.9	0.0	1.8	96576.4	-999.9
Bamako	1984	3	14	74	26.5	35.5	20.0	-999.9	0.0	1.9	96485.1	-999.9
Bamako	1984	3	15	75	26.1	35.7	21.5	-999.9	0.0	1.9	96430.2	-999.9
Bamako	1984	3	16	76	23.3	36.2	24.0	-999.9	0.0	1.3	96417.0	-999.9
Bamako	1984	3	17	77	23.6	37.2	23.9	-999.9	0.0	2.1	96342.0	-999.9
Bamako	1984	3	18	78	26.3	38.8	24.3	-999.9	0.0	2.4	96327.2	-999.9
Bamako	1984	3	19	79	27.4	39.7	23.5	-999.9	0.0	1.5	96273.0	-999.9
Bamako	1984	3	20	80	26.4	40.2	24.3	-999.9	0.0	1.7	96171.2	-999.9
Bamako	1984	3	21	81	26.8	37.2	21.6	-999.9	0.0	2.4	96405.8	-999.9
Bamako	1984	3	22	82	25.8	36.4	21.7	-999.9	0.0	2.8	96503.0	-999.9
Bamako	1984	3	23	83	24.1	34.6	23.5	-999.9	0.0	2.9	96729.8	-999.9
Bamako	1984	3	24	84	23.8	34.9	22.8	-999.9	0.0	2.7	96773.2	-999.9
Bamako	1984	3	25	85	23.0	36.3	25.1	-999.9	0.0	2.6	96685.1	-999.9
Bamako	1984	3	26	86	22.6	37.3	25.5	-999.9	0.0	2.1	96571.2	-999.9
Bamako	1984	3	27	87	23.5	37.9	25.7	-999.9	0.0	2.3	96462.4	-999.9
Bamako	1984	3	28	88	22.9	38.7	25.9	-999.9	0.0	2.2	96483.7	-999.9
Bamako	1984	3	29	89	22.0	38.8	25.9	-999.9	0.0	2.4	96579.2	-999.9
Bamako	1984	3	30	90	22.5	39.2	26.0	-999.9	0.0	2.4	96531.7	-999.9
Bamako	1984	3	31	91	24.2	39.0	26.1	-999.9	0.0	2.2	96430.7	-999.9
Bamako	1984	4	1	92	22.4	38.9	25.7	-999.9	0.0	2.1	96415.0	-999.9
Bamako	1984	4	2	93	24.0	39.3	26.0	-999.9	0.0	2.2	96341.5	-999.9
Bamako	1984	4	3	94	24.4	37.9	22.8	-999.9	0.0	1.6	96363.8	-999.9
Bamako	1984	4	4	95	27.1	36.1	12.2	-999.9	0.0	2.0	96489.7	-999.9
Bamako	1984	4	5	96	27.0	38.5	20.9	-999.9	0.0	1.9	96453.6	-999.9
Bamako	1984	4	6	97	22.2	39.3	25.1	-999.9	0.0	2.1	96491.1	-999.9
Bamako	1984	4	7	98	22.7	39.7	26.1	-999.9	0.0	1.9	96381.0	-999.9
Bamako	1984	4	8	99	23.9	40.2	26.0	-999.9	0.0	1.3	96298.8	-999.9
Bamako	1984	4	9	100	25.4	39.9	25.3	-999.9	0.0	2.3	96297.1	-999.9
Bamako	1984	4	10	101	27.6	39.0	22.2	-999.9	0.0	2.6	96411.0	-999.9
Bamako	1984	4	11	102	28.4	37.9	20.1	-999.9	0.0	2.0	96530.9	-999.9
Bamako	1984	4	12	103	29.2	38.1	19.1	-999.9	4.8	2.2	96513.0	-999.9
Bamako	1984	4	13	104	27.8	38.0	20.5	-999.9	4.8	1.9	96419.3	-999.9
Bamako	1984	4	14	105	27.1	37.8	21.1	-999.9	0.0	3.0	96429.3	-999.9
Bamako	1984	4	15	106	27.5	38.8	24.2	-999.9	0.0	1.9	96426.8	-999.9
Bamako	1984	4	16	107	28.5	37.6	23.5	-999.9	0.0	2.1	96420.0	-999.9
Bamako	1984	4	17	108	27.0	37.4	20.3	-999.9	0.0	1.4	96397.8	-999.9
Bamako	1984	4	18	109	25.8	38.8	24.2	-999.9	0.0	1.7	96425.6	-999.9
Bamako	1984	4	19	110	24.7	38.9	25.7	-999.9	0.0	2.0	96451.8	-999.9
Bamako	1984	4	20	111	23.6	37.7	26.4	-999.9	1.4	1.3	96416.3	-999.9
Bamako	1984	4	21	112	21.8	38.5	26.4	-999.9	0.0	1.6	96344.8	-999.9
Bamako	1984	4	22	113	23.1	39.3	25.8	-999.9	0.0	1.8	96385.5	-999.9
Bamako	1984	4	23	114	24.1	39.1	24.8	-999.9	0.0	2.1	96457.1	-999.9
Bamako	1984	4	24	115	28.0	38.1	21.0	-999.9	0.0	2.4	96528.4	-999.9
Bamako	1984	4	25	116	26.3	36.7	22.6	-999.9	0.0	2.5	96489.8	-999.9
Bamako	1984	4	26	117	25.6	36.1	22.5	-999.9	0.0	2.5	96487.6	-999.9
Bamako	1984	4	27	118	25.1	36.5	21.5	-999.9	0.0	1.4	96583.1	-999.9
Bamako	1984	4	28	119	26.9	35.1	19.7	-999.9	0.0	1.6	96592.3	-999.9
Bamako	1984	4	29	120	26.8	37.4	22.3	-999.9	0.0	1.8	96510.1	-999.9
Bamako	1984	4	30	121	26.7	35.1	19.7	-999.9	4.5	1.7	96628.1	-999.9
Bamako	1984	5	1	122	25.4	35.9	17.1	-999.9	0.0	1.8	96614.3	-999.9
Bamako	1984	5	2	123	25.0	32.1	15.3	-999.9	1.5	1.7	96801.5	-999.9
Bamako	1984	5	3	124	25.1	34.6	18.8	-999.9	0.0	1.5	96705.6	-999.9
Bamako	1984	5	4	125	26.9	38.8	24.2	-999.9	0.0	2.4	96454.3	-999.9
Bamako	1984	5	5	126	28.4	39.8	25.3	-999.9	0.0	3.0	96387.2	-999.9
Bamako	1984	5	6	127	27.2	37.6	23.0	-999.9	0.0	2.0	96545.5	-999.9
Bamako	1984	5	7	128	25.8	38.2	22.2	-999.9	0.0	2.0	96446.7	-999.9
Bamako	1984	5	8	129	27.9	39.9	21.6	-999.9	8.4	2.5	96374.6	-999.9
Bamako	1984	5	9	130	27.1	35.8	21.3	-999.9	0.0	2.6	96452.0	-999.9
Bamako	1984	5	10	131	27.3	36.3	20.1	-999.9	0.0	1.9	96379.5	-999.9
Bamako	1984	5	11	132	26.9	35.5	21.5	-999.9	5.5	1.2	96502.1	-999.9
Bamako	1984	5	12	133	25.6	37.3	24.4	-999.9	0.0	1.6	96531.7	-999.9
Bamako	1984	5	13	134	25.2	39.5	26.2	-999.9	0.0	2.0	96471.0	-999.9
Bamako	1984	5	14	135	24.0	39.4	25.8	-999.9	0.0	2.3	96349.2	-999.9
Bamako	1984	5	15	136	25.0	39.9	24.4	-999.9	0.0	2.1	96221.2	-999.9
Bamako	1984	5	16	137	26.9	38.3	23.5	-999.9	10.0	2.7	96350.4	-999.9
Bamako	1984	5	17	138	25.6	37.4	23.1	-999.9	5.0	2.1	96587.1	-999.9
Bamako	1984	5	18	139	26.5	37.9	23.8	-999.9	0.0	1.5	96606.1	-999.9
Bamako	1984	5	19	140	24.6	38.6	23.0	-999.9	0.0	1.8	96542.3	-999.9
Bamako	1984	5	20	141	25.7	38.7	24.3	-999.9	10.0	2.2	96457.5	-999.9
Bamako	1984	5	21	142	26.4	37.6	23.4	-999.9	0.0	2.2	96530.4	-999.9
Bamako	1984	5	22	143	27.7	37.5	23.3	-999.9	3.0	2.2	96590.3	-999.9
Bamako	1984	5	23	144	26.4	34.9	20.2	-999.9	0.0	1.9	96623.7	-999.9
Bamako	1984	5	24	145	25.7	35.2	21.3	-999.9	3.0	1.7	96529.0	-999.9
Bamako	1984	5	25	146	25.4	36.1	22.4	-999.9	0.0	1.8	96415.7	-999.9
Bamako	1984	5	26	147	24.8	34.7	17.0	-999.9	0.0	1.4	96473.0	-999.9
Bamako	1984	5	27	148	26.0	35.9	24.0	-999.9	0.0	1.6	96662.5	-999.9
Bamako	1984	5	28	149	23.4	34.2	24.7	-999.9	0.0	1.9	96773.2	-999.9
Bamako	1984	5	29	150	26.6	39.2	24.4	-999.9	0.0	2.6	96423.3	-999.9
Bamako	1984	5	30	151	25.3	35.8	22.8	-999.9	0.0	2.6	96372.9	-999.9
Bamako	1984	5	31	152	24.7	32.2	19.0	-999.9	25.6	1.8	96719.6	-999.9
Bamako	1984	6	1	153	23.3	29.7	15.8	-999.9	11.9	1.7	96983.0	-999.9
Bamako	1984	6	2	154	24.1	31.0	18.4	-999.9	0.0	1.1	97013.8	-999.9
Bamako	1984	6	3	155	23.8	33.6	24.0	-999.9	0.0	1.7	96860.6	-999.9
Bamako	1984	6	4	156	24.6	37.9	24.8	-999.9	6.0	2.2	96645.3	-999.9
Bamako	1984	6	5	157	25.6	37.5	24.8	-999.9	0.0	2.1	96650.3	-999.9
Bamako	1984	6	6	158	26.3	36.6	22.8	-999.9	2.5	2.2	96677.6	-999.9
Bamako	1984	6	7	159	25.0	33.9	22.2	-999.9	0.0	2.0	96732.3	-999.9
Bamako	1984	6	8	160	24.8	36.3	24.0	-999.9	0.0	1.6	96651.7	-999.9
Bamako	1984	6	9	161	24.8	36.5	22.8	-999.9	0.0	2.1	96566.0	-999.9
Bamako	1984	6	10	162	24.2	36.0	22.8	-999.9	0.0	2.2	96633.0	-999.9
Bamako	1984	6	11	163	25.7	37.8	23.9	-999.9	0.0	1.6	96666.2	-999.9
Bamako	1984	6	12	164	25.5	39.3	24.8	-999.9	0.0	3.4	96339.9	-999.9
Bamako	1984	6	13	165	24.7	35.0	22.8	-999.9	7.0	2.8	96449.1	-999.9
Bamako	1984	6	14	166	24.0	31.1	19.2	-999.9	7.0	2.1	96866.8	-999.9
Bamako	1984	6	15	167	23.4	33.5	23.4	-999.9	0.0	1.2	96937.9	-999.9
Bamako	1984	6	16	168	24.4	36.4	20.7	-999.9	0.0	2.0	96598.0	-999.9
Bamako	1984	6	17	169	24.1	36.0	23.3	-999.9	3.2	2.5	96493.7	-999.9
Bamako	1984	6	18	170	23.7	32.8	17.7	-999.9	0.0	1.3	96785.8	-999.9
Bamako	1984	6	19	171	23.0	30.6	16.4	-999.9	0.0	1.5	96944.9	-999.9
Bamako	1984	6	20	172	23.6	33.1	22.9	-999.9	0.0	2.4	96761.2	-999.9
Bamako	1984	6	21	173	23.7	33.4	22.3	-999.9	3.6	2.2	96666.4	-999.9
Bamako	1984	6	22	174	24.1	31.5	19.6	-999.9	0.0	1.9	96767.4	-999.9
Bamako	1984	6	23	175	24.4	33.4	23.8	-999.9	0.0	1.4	96779.8	-999.9
Bamako	1984	6	24	176	23.4	29.6	18.6	-999.9	10.8	1.3	96838.2	-999.9
Bamako	1984	6	25	177	23.8	28.3	15.7	-999.9	0.0	1.2	96844.8	-999.9
Bamako	1984	6	26	178	23.6	30.3	20.5	-999.9	3.2	1.1	96794.0	-999.9
Bamako	1984	6	27	179	22.8	31.5	22.1	-999.9	0.0	1.7	96876.6	-999.9
Bamako	1984	6	28	180	22.6	29.6	19.4	-999.9	3.2	1.3	96980.6	-999.9
Bamako	1984	6	29	181	23.4	31.5	21.4	-999.9	0.0	1.4	96881.1	-999.9
Bamako	1984	6	30	182	24.7	32.0	23.0	-999.9	0.0	2.8	96703.3	-999.9
Bamako	1984	7	1	183	23.6	32.4	23.1	-999.9	0.0	3.0	96662.6	-999.9
Bamako	1984	7	2	184	24.2	31.3	21.8	-999.9	0.0	2.3	96844.7	-999.9
Bamako	1984	7	3	185	23.0	32.0	22.5	-999.9	24.3	1.1	96846.1	-999.9
Bamako	1984	7	4	186	23.0	31.7	23.0	-999.9	0.0	0.9	96664.9	-999.9
Bamako	1984	7	5	187	23.2	31.1	18.7	-999.9	8.1	1.5	96622.5	-999.9
Bamako	1984	7	6	188	23.5	30.4	20.4	-999.9	14.8	1.8	96549.0	-999.9
Bamako	1984	7	7	189	23.0	28.6	14.1	-999.9	14.8	1.7	96648.1	-999.9
Bamako	1984	7	8	190	22.3	29.5	18.6	-999.9	7.4	1.1	96808.7	-999.9
Bamako	1984	7	9	191	23.5	30.8	20.3	-999.9	0.0	1.4	96725.4	-999.9
Bamako	1984	7	10	192	23.8	31.9	23.6	-999.9	22.2	2.3	96502.6	-999.9
Bamako	1984	7	11	193	23.6	31.0	22.7	-999.9	0.0	2.1	96499.6	-999.9
Bamako	1984	7	12	194	22.7	29.9	21.9	-999.9	0.0	1.9	96744.2	-999.9
Bamako	1984	7	13	195	22.8	29.3	21.1	-999.9	0.0	1.7	96982.3	-999.9
Bamako	1984	7	14	196	22.7	31.4	22.0	-999.9	7.7	1.6	96958.4	-999.9
Bamako	1984	7	15	197	21.7	29.8	17.2	-999.9	15.4	2.1	96869.9	-999.9
Bamako	1984	7	16	198	22.2	28.7	13.6	-999.9	0.0	1.9	96759.1	-999.9
Bamako	1984	7	17	199	21.7	27.8	11.7	-999.9	12.6	1.4	96755.8	-999.9
Bamako	1984	7	18	200	22.4	28.9	18.8	-999.9	0.0	1.5	96858.8	-999.9
Bamako	1984	7	19	201	22.0	29.3	22.6	-999.9	0.0	1.4	96958.7	-999.9
Bamako	1984	7	20	202	22.5	30.0	23.5	-999.9	0.0	1.2	96864.1	-999.9
Bamako	1984	7	21	203	22.2	28.4	16.8	-999.9	0.0	1.8	96786.3	-999.9
Bamako	1984	7	22	204	22.3	30.2	21.7	-999.9	0.0	1.3	96714.0	-999.9
Bamako	1984	7	23	205	22.7	30.8	22.5	-999.9	2.8	1.4	96689.0	-999.9
Bamako	1984	7	24	206	22.5	29.6	15.3	-999.9	7.3	1.4	96670.2	-999.9
Bamako	1984	7	25	207	22.0	29.0	16.3	-999.9	8.4	1.3	96737.3	-999.9
Bamako	1984	7	26	208	22.0	29.9	22.3	-999.9	27.3	0.8	96806.8	-999.9
Bamako	1984	7	27	209	23.1	30.1	19.3	-999.9	3.2	1.1	96786.3	-999.9
Bamako	1984	7	28	210	23.3	28.6	16.3	-999.9	0.6	1.5	96864.9	-999.9
Bamako	1984	7	29	211	22.4	29.7	21.0	-999.9	0.0	1.9	96864.4	-999.9
Bamako	1984	7	30	212	22.8	28.6	13.9	-999.9	0.0	1.6	96906.5	-999.9
Bamako	1984	7	31	213	21.5	30.2	22.2	-999.9	0.0	1.1	96904.9	-999.9
Bamako	1984	8	1	214	22.4	29.7	20.2	-999.9	8.9	1.3	97005.2	-999.9
Bamako	1984	8	2	215	22.4	29.2	18.5	-999.9	0.0	1.2	97028.2	-999.9
Bamako	1984	8	3	216	22.6	29.8	20.8	-999.9	12.1	1.2	96959.6	-999.9
Bamako	1984	8	4	217	22.7	30.2	22.1	-999.9	11.8	1.2	96934.2	-999.9
Bamako	1984	8	5	218	22.4	30.7	22.7	-999.9	9.9	1.1	96933.6	-999.9
Bamako	1984	8	6	219	22.5	29.6	18.2	-999.9	21.1	1.3	96844.1	-999.9
Bamako	1984	8	7	220	23.1	30.1	20.5	-999.9	0.0	1.5	96792.7	-999.9
Bamako	1984	8	8	221	22.1	27.7	12.3	-999.9	0.0	1.0	96848.0	-999.9
Bamako	1984	8	9	222	22.3	30.2	22.0	-999.9	0.0	1.2	96818.0	-999.9
Bamako	1984	8	10	223	23.2	29.8	21.6	-999.9	0.0	1.3	96794.0	-999.9
Bamako	1984	8	11	224	22.0	30.1	22.2	-999.9	0.0	1.2	96833.4	-999.9
Bamako	1984	8	12	225	23.4	29.6	21.1	-999.9	2.7	1.3	96825.7	-999.9
Bamako	1984	8	13	226	22.9	30.1	22.4	-999.9	4.5	1.1	96848.9	-999.9
Bamako	1984	8	14	227	22.9	29.6	20.2	-999.9	23.2	1.0	96835.3	-999.9
Bamako	1984	8	15	228	23.0	30.9	24.1	-999.9	3.8	1.3	96833.6	-999.9
Bamako	1984	8	16	229	22.8	29.8	17.4	-999.9	18.4	1.1	96832.7	-999.9
Bamako	1984	8	17	230	22.3	31.5	24.5	-999.9	0.0	0.9	96867.2	-999.9
Bamako	1984	8	18	231	23.1	29.6	16.3	-999.9	36.9	1.3	96918.1	-999.9
Bamako	1984	8	19	232	22.3	26.0	7.3	-999.9	18.4	1.2	96851.2	-999.9
Bamako	1984	8	20	233	21.2	30.4	23.1	-999.9	0.0	1.5	96833.5	-999.9
Bamako	1984	8	21	234	21.6	29.7	21.8	-999.9	0.0	1.2	96919.4	-999.9
Bamako	1984	8	22	235	22.5	30.5	22.8	-999.9	9.9	1.3	96763.6	-999.9
Bamako	1984	8	23	236	23.1	30.9	22.3	-999.9	0.0	1.2	96687.6	-999.9
Bamako	1984	8	24	237	23.3	30.2	22.1	-999.9	0.0	1.5	96781.4	-999.9
Bamako	1984	8	25	238	23.1	30.3	20.5	-999.9	0.0	1.5	96843.2	-999.9
Bamako	1984	8	26	239	23.2	31.1	23.9	-999.9	2.9	1.1	96787.0	-999.9
Bamako	1984	8	27	240	22.5	31.2	19.1	-999.9	0.0	1.5	96854.1	-999.9
Bamako	1984	8	28	241	22.5	30.6	22.0	-999.9	0.0	1.0	96892.7	-999.9
Bamako	1984	8	29	242	23.5	30.9	21.2	-999.9	0.0	1.6	96882.3	-999.9
Bamako	1984	8	30	243	23.2	32.2	20.6	-999.9	0.0	1.8	96749.0	-999.9
Bamako	1984	8	31	244	22.7	30.2	20.6	-999.9	0.0	1.7	96843.4	-999.9
Bamako	1984	9	1	245	22.4	28.4	12.4	-999.9	1.7	1.5	96918.0	-999.9
Bamako	1984	9	2	246	22.4	29.4	20.0	-999.9	0.0	2.0	96970.5	-999.9
Bamako	1984	9	3	247	21.5	30.1	24.5	-999.9	0.0	1.8	97087.3	-999.9
Bamako	1984	9	4	248	21.5	29.4	18.9	-999.9	0.0	2.2	96974.2	-999.9
Bamako	1984	9	5	249	23.0	28.2	16.5	-999.9	0.0	2.4	96812.6	-999.9
Bamako	1984	9	6	250	22.7	28.7	17.2	-999.9	0.0	1.5	96812.5	-999.9
Bamako	1984	9	7	251	22.1	28.3	16.9	-999.9	23.9	1.1	96953.9	-999.9
Bamako	1984	9	8	252	21.9	29.2	20.6	-999.9	0.0	1.0	96958.3	-999.9
Bamako	1984	9	9	253	22.5	29.9	22.0	-999.9	0.0	1.5	96718.5	-999.9
Bamako	1984	9	10	254	23.1	30.1	21.7	-999.9	0.0	1.7	96586.9	-999.9
Bamako	1984	9	11	255	23.3	29.5	18.9	-999.9	0.0	1.4	96668.7	-999.9
Bamako	1984	9	12	256	22.4	27.2	11.0	-999.9	34.7	1.1	96743.4	-999.9
Bamako	1984	9	13	257	21.6	28.1	18.0	-999.9	17.4	1.3	96760.1	-999.9
Bamako	1984	9	14	258	21.6	29.2	21.4	-999.9	0.0	1.5	96699.8	-999.9
Bamako	1984	9	15	259	22.1	28.1	15.3	-999.9	0.0	1.2	96740.1	-999.9
Bamako	1984	9	16	260	22.5	30.6	22.8	-999.9	0.0	1.1	96794.8	-999.9
Bamako	1984	9	17	261	23.2	33.5	24.7	-999.9	0.0	1.7	96640.9	-999.9
Bamako	1984	9	18	262	22.7	29.9	21.4	-999.9	0.0	1.9	96734.2	-999.9
Bamako	1984	9	19	263	21.9	28.2	16.8	-999.9	0.4	1.2	96646.5	-999.9
Bamako	1984	9	20	264	22.4	29.4	20.9	-999.9	0.8	1.7	96651.6	-999.9
Bamako	1984	9	21	265	22.1	30.2	21.6	-999.9	13.7	1.4	96683.2	-999.9
Bamako	1984	9	22	266	22.9	29.7	19.3	-999.9	0.0	1.4	96770.5	-999.9
Bamako	1984	9	23	267	22.3	30.0	21.6	-999.9	0.0	1.4	96753.6	-999.9
Bamako	1984	9	24	268	22.9	31.4	23.0	-999.9	6.9	1.5	96620.1	-999.9
Bamako	1984	9	25	269	23.7	31.6	21.8	-999.9	6.9	1.6	96622.2	-999.9
Bamako	1984	9	26	270	22.8	30.1	18.2	-999.9	12.4	1.6	96722.2	-999.9
Bamako	1984	9	27	271	22.7	31.8	22.4	-999.9	0.0	1.6	96719.5	-999.9
Bamako	1984	9	28	272	23.0	29.4	16.6	-999.9	14.2	1.2	96755.1	-999.9
Bamako	1984	9	29	273	22.3	29.8	18.8	-999.9	12.4	1.0	96866.8	-999.9
Bamako	1984	9	30	274	21.9	27.6	13.3	-999.9	7.1	1.1	96912.0	-999.9
Bamako	1984	10	1	275	21.6	25.2	9.9	-999.9	14.3	1.6	96878.3	-999.9
Bamako	1984	10	2	276	21.5	25.5	10.1	-999.9	9.2	1.3	96800.6	-999.9
Bamako	1984	10	3	277	21.5	26.3	10.3	-999.9	3.0	1.3	96839.7	-999.9
Bamako	1984	10	4	278	21.7	27.8	16.0	-999.9	2.9	0.7	96938.5	-999.9
Bamako	1984	10	5	279	21.8	30.2	22.7	-999.9	18.2	1.3	96869.8	-999.9
Bamako	1984	10	6	280	22.4	30.7	21.2	-999.9	0.0	1.4	96866.6	-999.9
Bamako	1984	10	7	281	23.0	31.2	20.5	-999.9	5.4	1.4	96880.5	-999.9
Bamako	1984	10	8	282	21.8	29.8	18.7	-999.9	10.9	1.6	96879.7	-999.9
Bamako	1984	10	9	283	22.4	30.1	19.5	-999.9	0.0	1.1	96918.4	-999.9
Bamako	1984	10	10	284	21.4	29.2	18.9	-999.9	0.0	1.1	97061.6	-999.9
Bamako	1984	10	11	285	19.5	30.2	23.1	-999.9	0.0	1.3	97057.1	-999.9
Bamako	1984	10	12	286	19.1	31.0	23.1	-999.9	0.0	1.2	96823.3	-999.9
Bamako	1984	10	13	287	21.8	30.6	21.9	-999.9	0.0	1.3	96733.0	-999.9
Bamako	1984	10	14	288	21.4	30.3	20.5	-999.9	13.9	1.0	96792.5	-999.9
Bamako	1984	10	15	289	22.5	30.1	19.7	-999.9	0.0	0.9	96863.1	-999.9
Bamako	1984	10	16	290	22.1	32.3	23.3	-999.9	0.0	1.6	96774.2	-999.9
Bamako	1984	10	17	291	22.0	31.7	20.5	-999.9	0.0	1.5	96814.4	-999.9
Bamako	1984	10	18	292	22.5	32.5	21.3	-999.9	0.0	1.4	96768.0	-999.9
Bamako	1984	10	19	293	21.5	32.8	22.0	-999.9	0.0	1.3	96756.7	-999.9
Bamako	1984	10	20	294	21.8	33.5	21.6	-999.9	0.0	1.3	96814.8	-999.9
Bamako	1984	10	21	295	22.2	33.6	21.6	-999.9	0.0	1.2	96728.7	-999.9
Bamako	1984	10	22	296	22.9	34.0	22.4	-999.9	0.0	1.1	96709.3	-999.9
Bamako	1984	10	23	297	23.3	33.7	21.5	-999.9	0.0	1.2	96641.6	-999.9
Bamako	1984	10	24	298	22.6	31.6	18.0	-999.9	0.0	1.1	96638.3	-999.9
Bamako	1984	10	25	299	23.0	33.5	20.5	-999.9	0.0	1.3	96627.2	-999.9
Bamako	1984	10	26	300	21.9	33.4	20.1	-999.9	0.0	1.3	96590.5	-999.9
Bamako	1984	10	27	301	22.7	34.7	21.6	-999.9	0.0	1.4	96499.3	-999.9
Bamako	1984	10	28	302	21.7	34.5	22.0	-999.9	0.0	1.5	96503.8	-999.9
Bamako	1984	10	29	303	20.4	35.8	22.9	-999.9	0.0	1.9	96396.9	-999.9
Bamako	1984	10	30	304	21.1	33.4	20.4	-999.9	0.0	1.7	96416.7	-999.9
Bamako	1984	10	31	305	23.8	32.7	18.9	-999.9	9.7	1.2	96597.6	-999.9
Bamako	1984	11	1	306	23.0	34.8	19.5	-999.9	3.2	1.4	96626.3	-999.9
Bamako	1984	11	2	307	22.6	36.1	21.0	-999.9	0.0	1.8	96654.9	-999.9
Bamako	1984	11	3	308	22.9	35.9	21.9	-999.9	0.0	2.6	96693.6	-999.9
Bamako	1984	11	4	309	22.7	34.9	22.1	-999.9	0.0	1.7	96713.3	-999.9
Bamako	1984	11	5	310	19.5	34.3	22.1	-999.9	0.0	1.5	96616.9	-999.9
Bamako	1984	11	6	311	19.6	33.8	22.0	-999.9	0.0	1.5	96605.0	-999.9
Bamako	1984	11	7	312	19.5	34.5	21.9	-999.9	0.0	1.6	96684.2	-999.9
Bamako	1984	11	8	313	19.9	35.2	21.4	-999.9	0.0	1.2	96639.2	-999.9
Bamako	1984	11	9	314	21.7	35.1	21.5	-999.9	0.0	1.4	96497.1	-999.9
Bamako	1984	11	10	315	20.5	35.6	21.6	-999.9	0.5	1.5	96419.8	-999.9
Bamako	1984	11	11	316	21.4	35.3	21.5	-999.9	0.0	1.4	96533.7	-999.9
Bamako	1984	11	12	317	21.9	34.3	20.9	-999.9	0.0	1.5	96679.1	-999.9
Bamako	1984	11	13	318	23.8	33.8	18.6	-999.9	0.0	1.9	96778.3	-999.9
Bamako	1984	11	14	319	22.9	31.8	17.3	-999.9	0.0	1.0	96792.0	-999.9
Bamako	1984	11	15	320	22.0	29.4	15.9	-999.9	0.0	1.2	96818.2	-999.9
Bamako	1984	11	16	321	22.1	31.0	17.3	-999.9	0.0	1.0	96935.0	-999.9
Bamako	1984	11	17	322	22.4	33.3	19.7	-999.9	0.0	2.2	96946.9	-999.9
Bamako	1984	11	18	323	22.6	32.8	18.4	-999.9	0.0	2.9	96973.4	-999.9
Bamako	1984	11	19	324	21.4	32.1	16.2	-999.9	0.0	2.6	96947.0	-999.9
Bamako	1984	11	20	325	21.7	35.1	21.0	-999.9	0.0	2.4	96959.2	-999.9
Bamako	1984	11	21	326	20.1	35.2	21.0	-999.9	0.0	1.7	96887.4	-999.9
Bamako	1984	11	22	327	19.2	36.3	21.1	-999.9	0.0	1.9	96809.5	-999.9
Bamako	1984	11	23	328	20.3	36.2	21.1	-999.9	0.0	2.3	96863.2	-999.9
Bamako	1984	11	24	329	20.3	35.8	21.1	-999.9	0.0	2.4	96883.9	-999.9
Bamako	1984	11	25	330	21.7	35.7	21.1	-999.9	0.0	2.4	96908.1	-999.9
Bamako	1984	11	26	331	20.5	34.7	21.1	-999.9	0.0	2.0	96873.4	-999.9
Bamako	1984	11	27	332	18.2	33.9	21.0	-999.9	0.0	1.6	96917.3	-999.9
Bamako	1984	11	28	333	19.4	33.9	20.9	-999.9	0.0	1.3	96838.1	-999.9
Bamako	1984	11	29	334	19.0	33.3	19.9	-999.9	0.0	1.2	96728.6	-999.9
Bamako	1984	11	30	335	18.9	33.6	20.5	-999.9	0.0	1.5	96765.7	-999.9
Bamako	1984	12	1	336	18.2	33.1	18.1	-999.9	0.0	1.8	96860.0	-999.9
Bamako	1984	12	2	337	18.3	33.7	19.9	-999.9	0.0	2.0	96839.8	-999.9
Bamako	1984	12	3	338	19.5	33.5	20.4	-999.9	0.0	2.1	96796.2	-999.9
Bamako	1984	12	4	339	19.0	32.9	19.7	-999.9	0.0	2.0	96859.5	-999.9
Bamako	1984	12	5	340	18.8	32.9	20.1	-999.9	0.1	2.1	96859.1	-999.9
Bamako	1984	12	6	341	19.0	33.1	20.5	-999.9	0.0	2.0	96795.2	-999.9
Bamako	1984	12	7	342	17.4	32.9	20.3	-999.9	0.0	1.9	96809.3	-999.9
Bamako	1984	12	8	343	17.2	34.0	20.1	-999.9	0.0	1.9	96826.1	-999.9
Bamako	1984	12	9	344	19.4	34.0	19.7	-999.9	0.0	2.4	96811.6	-999.9
Bamako	1984	12	10	345	21.6	33.3	20.0	-999.9	0.0	2.7	96796.9	-999.9
Bamako	1984	12	11	346	21.2	32.6	19.2	-999.9	0.0	2.5	96824.1	-999.9
Bamako	1984	12	12	347	19.4	31.8	19.8	-999.9	0.0	2.5	96880.9	-999.9
Bamako	1984	12	13	348	17.9	31.1	20.1	-999.9	0.0	2.2	96802.4	-999.9
Bamako	1984	12	14	349	17.8	32.0	19.7	-999.9	0.0	1.6	96725.8	-999.9
Bamako	1984	12	15	350	18.0	32.7	19.9	-999.9	0.0	1.9	96748.7	-999.9
Bamako	1984	12	16	351	17.8	32.6	19.9	-999.9	0.0	2.1	96753.5	-999.9
Bamako	1984	12	17	352	17.3	32.6	20.0	-999.9	0.0	1.9	96730.4	-999.9
Bamako	1984	12	18	353	18.1	32.4	19.8	-999.9	0.0	2.3	96710.1	-999.9
Bamako	1984	12	19	354	18.5	31.5	19.7	-999.9	0.0	2.5	96728.5	-999.9
Bamako	1984	12	20	355	18.5	31.1	17.4	-999.9	0.0	2.3	96776.5	-999.9
Bamako	1984	12	21	356	17.9	29.6	19.9	-999.9	0.0	2.4	96722.4	-999.9
Bamako	1984	12	22	357	16.0	28.3	20.3	-999.9	0.0	2.0	96565.0	-999.9
Bamako	1984	12	23	358	14.7	27.8	20.2	-999.9	0.0	1.6	96535.7	-999.9
Bamako	1984	12	24	359	15.5	29.0	19.7	-999.9	0.0	1.7	96617.3	-999.9
Bamako	1984	12	25	360	16.2	29.8	19.8	-999.9	0.0	1.8	96714.0	-999.9
Bamako	1984	12	26	361	16.5	31.3	19.8	-999.9	0.0	1.9	96788.3	-999.9
Bamako	1984	12	27	362	17.9	32.5	19.6	-999.9	0.0	2.2	96845.8	-999.9
Bamako	1984	12	28	363	20.1	32.6	18.9	-999.9	0.0	2.5	96892.6	-999.9
Bamako	1984	12	29	364	20.2	30.4	16.4	-999.9	0.0	2.7	96904.3	-999.9
Bamako	1984	12	30	365	18.3	29.8	20.0	-999.9	0.0	2.7	96935.9	-999.9
Bamako	1984	12	31	366	17.0	29.3	19.9	-999.9	0.0	2.5	96900.5	-999.9
