Bamako	1994	1	1	1	15.2	29.0	20.4	-999.9	0.0	2.8	97179.3	-999.9
Bamako	1994	1	2	2	15.7	28.2	19.5	-999.9	0.0	2.6	97116.8	-999.9
Bamako	1994	1	3	3	14.8	29.1	20.3	-999.9	0.0	2.0	97002.4	-999.9
Bamako	1994	1	4	4	15.5	30.6	20.3	-999.9	0.0	1.8	96880.3	-999.9
Bamako	1994	1	5	5	15.4	31.8	20.1	-999.9	0.0	1.7	96720.3	-999.9
Bamako	1994	1	6	6	17.8	32.5	19.4	-999.9	0.0	1.7	96628.8	-999.9
Bamako	1994	1	7	7	18.2	32.3	19.3	-999.9	0.0	2.0	96667.9	-999.9
Bamako	1994	1	8	8	19.0	32.1	19.1	-999.9	0.0	2.3	96828.4	-999.9
Bamako	1994	1	9	9	17.7	32.1	20.5	-999.9	0.0	2.3	96858.9	-999.9
Bamako	1994	1	10	10	16.7	31.6	20.6	-999.9	0.0	2.2	96810.5	-999.9
Bamako	1994	1	11	11	17.1	31.9	20.4	-999.9	0.0	2.2	96798.0	-999.9
Bamako	1994	1	12	12	17.5	32.8	20.7	-999.9	0.0	2.3	96817.4	-999.9
Bamako	1994	1	13	13	18.7	32.3	20.5	-999.9	0.0	2.6	96886.0	-999.9
Bamako	1994	1	14	14	18.4	32.3	20.8	-999.9	0.0	2.5	96964.2	-999.9
Bamako	1994	1	15	15	17.6	31.1	21.0	-999.9	0.0	2.6	96903.8	-999.9
Bamako	1994	1	16	16	16.0	30.7	21.2	-999.9	0.0	2.2	96690.9	-999.9
Bamako	1994	1	17	17	16.0	32.7	20.8	-999.9	0.0	1.8	96313.8	-999.9
Bamako	1994	1	18	18	16.7	31.5	20.8	-999.9	0.0	1.6	96440.1	-999.9
Bamako	1994	1	19	19	17.3	29.4	20.5	-999.9	0.0	2.1	96792.0	-999.9
Bamako	1994	1	20	20	16.7	28.0	19.9	-999.9	0.0	2.0	96955.6	-999.9
Bamako	1994	1	21	21	18.5	30.7	20.1	-999.9	0.0	1.6	96892.1	-999.9
Bamako	1994	1	22	22	19.3	31.8	19.2	-999.9	0.0	1.9	96865.1	-999.9
Bamako	1994	1	23	23	20.0	32.2	20.6	-999.9	0.0	2.4	96912.2	-999.9
Bamako	1994	1	24	24	19.8	32.3	20.9	-999.9	0.0	2.7	96960.8	-999.9
Bamako	1994	1	25	25	18.1	30.7	20.9	-999.9	0.0	2.7	96970.1	-999.9
Bamako	1994	1	26	26	17.5	30.2	20.9	-999.9	0.0	2.6	97006.2	-999.9
Bamako	1994	1	27	27	17.4	30.0	20.9	-999.9	0.0	2.6	97020.1	-999.9
Bamako	1994	1	28	28	18.6	30.6	19.7	-999.9	0.0	2.9	97042.9	-999.9
Bamako	1994	1	29	29	18.1	32.0	21.3	-999.9	0.0	2.9	97004.2	-999.9
Bamako	1994	1	30	30	18.3	30.2	21.6	-999.9	0.0	2.9	96933.0	-999.9
Bamako	1994	1	31	31	17.2	29.7	21.9	-999.9	0.0	2.7	96851.3	-999.9
Bamako	1994	2	1	32	17.0	30.1	22.1	-999.9	0.0	2.7	96895.2	-999.9
Bamako	1994	2	2	33	15.8	30.5	22.0	-999.9	0.0	2.0	96931.2	-999.9
Bamako	1994	2	3	34	16.5	30.7	21.9	-999.9	0.0	2.3	96889.0	-999.9
Bamako	1994	2	4	35	16.8	30.4	22.1	-999.9	0.0	2.3	96861.7	-999.9
Bamako	1994	2	5	36	16.8	31.3	22.1	-999.9	0.0	2.4	96860.2	-999.9
Bamako	1994	2	6	37	16.0	30.4	22.7	-999.9	0.0	2.5	96901.6	-999.9
Bamako	1994	2	7	38	16.7	32.2	22.5	-999.9	0.0	2.6	96911.7	-999.9
Bamako	1994	2	8	39	18.3	33.2	22.3	-999.9	0.0	2.4	96902.4	-999.9
Bamako	1994	2	9	40	19.0	34.6	22.3	-999.9	0.0	2.3	96848.7	-999.9
Bamako	1994	2	10	41	20.8	35.8	22.1	-999.9	0.0	2.4	96718.8	-999.9
Bamako	1994	2	11	42	20.9	35.1	22.2	-999.9	0.0	2.5	96702.3	-999.9
Bamako	1994	2	12	43	20.4	35.1	22.1	-999.9	0.0	2.0	96644.2	-999.9
Bamako	1994	2	13	44	19.7	35.8	21.5	-999.9	0.0	1.6	96621.5	-999.9
Bamako	1994	2	14	45	20.7	35.2	19.8	-999.9	0.0	1.5	96745.8	-999.9
Bamako	1994	2	15	46	24.0	34.9	18.7	-999.9	0.0	1.5	96919.6	-999.9
Bamako	1994	2	16	47	23.9	36.1	21.7	-999.9	0.0	2.3	96838.3	-999.9
Bamako	1994	2	17	48	22.4	35.4	21.5	-999.9	0.0	2.7	96807.1	-999.9
Bamako	1994	2	18	49	21.5	33.9	22.4	-999.9	0.0	2.8	96869.5	-999.9
Bamako	1994	2	19	50	21.1	34.6	22.8	-999.9	0.0	2.8	96881.7	-999.9
Bamako	1994	2	20	51	21.3	35.3	23.0	-999.9	0.0	2.7	96931.7	-999.9
Bamako	1994	2	21	52	21.7	35.6	23.2	-999.9	0.0	2.5	96832.0	-999.9
Bamako	1994	2	22	53	20.3	35.3	23.6	-999.9	0.0	2.4	96706.2	-999.9
Bamako	1994	2	23	54	19.3	35.2	23.7	-999.9	0.0	2.0	96628.1	-999.9
Bamako	1994	2	24	55	18.2	36.0	23.6	-999.9	0.0	2.0	96603.1	-999.9
Bamako	1994	2	25	56	19.1	36.9	23.5	-999.9	0.0	2.0	96673.9	-999.9
Bamako	1994	2	26	57	20.0	37.2	23.6	-999.9	0.0	2.0	96732.2	-999.9
Bamako	1994	2	27	58	20.2	37.5	23.8	-999.9	0.0	2.1	96646.3	-999.9
Bamako	1994	2	28	59	21.3	37.2	23.9	-999.9	0.0	2.0	96533.3	-999.9
Bamako	1994	3	1	60	21.1	37.1	23.7	-999.9	0.0	2.1	96567.1	-999.9
Bamako	1994	3	2	61	20.9	34.4	23.7	-999.9	0.0	1.8	96735.4	-999.9
Bamako	1994	3	3	62	21.0	34.7	23.8	-999.9	0.0	1.6	96831.5	-999.9
Bamako	1994	3	4	63	21.1	34.0	24.0	-999.9	0.0	2.5	96873.3	-999.9
Bamako	1994	3	5	64	20.4	33.9	24.1	-999.9	0.0	2.4	96796.6	-999.9
Bamako	1994	3	6	65	20.9	34.6	23.7	-999.9	0.0	2.0	96579.5	-999.9
Bamako	1994	3	7	66	22.0	36.5	23.9	-999.9	0.0	1.5	96439.4	-999.9
Bamako	1994	3	8	67	22.0	37.2	23.5	-999.9	0.0	1.7	96435.6	-999.9
Bamako	1994	3	9	68	24.9	34.9	23.0	-999.9	0.0	3.0	96740.6	-999.9
Bamako	1994	3	10	69	24.5	35.7	22.3	-999.9	0.0	2.6	96801.2	-999.9
Bamako	1994	3	11	70	23.9	37.4	22.9	-999.9	0.0	2.5	96758.6	-999.9
Bamako	1994	3	12	71	24.9	37.8	24.4	-999.9	0.0	2.3	96580.0	-999.9
Bamako	1994	3	13	72	23.5	38.1	24.7	-999.9	0.0	1.8	96455.8	-999.9
Bamako	1994	3	14	73	23.5	36.8	24.2	-999.9	0.0	1.5	96484.6	-999.9
Bamako	1994	3	15	74	23.0	33.8	23.0	-999.9	0.0	1.8	96678.0	-999.9
Bamako	1994	3	16	75	24.5	34.7	21.5	-999.9	0.0	2.4	96798.4	-999.9
Bamako	1994	3	17	76	24.0	35.9	22.4	-999.9	0.0	2.6	96806.0	-999.9
Bamako	1994	3	18	77	23.6	36.9	24.5	-999.9	0.0	3.0	96745.0	-999.9
Bamako	1994	3	19	78	23.2	36.3	24.9	-999.9	0.0	2.7	96745.9	-999.9
Bamako	1994	3	20	79	22.3	36.8	25.1	-999.9	0.0	2.5	96720.9	-999.9
Bamako	1994	3	21	80	22.6	35.8	25.0	-999.9	0.0	2.7	96649.0	-999.9
Bamako	1994	3	22	81	22.3	36.4	24.8	-999.9	0.0	2.0	96514.7	-999.9
Bamako	1994	3	23	82	22.9	36.7	23.5	-999.9	0.0	1.9	96599.1	-999.9
Bamako	1994	3	24	83	24.4	37.9	22.1	-999.9	0.0	1.6	96782.4	-999.9
Bamako	1994	3	25	84	27.5	39.3	24.2	-999.9	0.0	2.4	96700.3	-999.9
Bamako	1994	3	26	85	24.4	38.9	24.9	-999.9	0.0	1.9	96511.6	-999.9
Bamako	1994	3	27	86	25.0	38.4	24.5	-999.9	0.0	2.0	96501.7	-999.9
Bamako	1994	3	28	87	24.8	37.6	22.6	-999.9	0.0	1.8	96548.9	-999.9
Bamako	1994	3	29	88	25.9	38.3	23.7	-999.9	0.0	1.5	96525.1	-999.9
Bamako	1994	3	30	89	26.9	39.8	23.9	-999.9	0.0	1.8	96432.1	-999.9
Bamako	1994	3	31	90	28.3	39.3	23.0	-999.9	0.0	2.2	96400.9	-999.9
Bamako	1994	4	1	91	27.4	39.3	23.8	-999.9	0.0	1.9	96560.8	-999.9
Bamako	1994	4	2	92	23.8	37.3	25.7	-999.9	0.0	1.9	96619.8	-999.9
Bamako	1994	4	3	93	23.2	35.8	25.9	-999.9	0.0	2.0	96536.5	-999.9
Bamako	1994	4	4	94	23.3	35.9	26.3	-999.9	0.0	2.8	96592.7	-999.9
Bamako	1994	4	5	95	22.7	34.7	26.5	-999.9	0.0	2.7	96757.9	-999.9
Bamako	1994	4	6	96	20.8	35.1	26.6	-999.9	0.0	1.9	96765.5	-999.9
Bamako	1994	4	7	97	21.5	37.0	26.4	-999.9	0.0	2.1	96579.5	-999.9
Bamako	1994	4	8	98	21.1	38.2	26.2	-999.9	0.0	1.2	96407.2	-999.9
Bamako	1994	4	9	99	22.5	38.1	24.7	-999.9	0.0	2.0	96383.5	-999.9
Bamako	1994	4	10	100	27.3	36.7	21.3	-999.9	0.0	1.8	96442.8	-999.9
Bamako	1994	4	11	101	26.9	37.4	21.7	-999.9	0.0	1.5	96384.4	-999.9
Bamako	1994	4	12	102	27.8	37.3	19.8	-999.9	0.0	2.0	96451.1	-999.9
Bamako	1994	4	13	103	27.9	37.0	20.7	-999.9	0.0	1.8	96531.9	-999.9
Bamako	1994	4	14	104	27.4	38.1	24.9	-999.9	0.0	1.7	96516.4	-999.9
Bamako	1994	4	15	105	28.2	38.6	24.8	-999.9	0.0	1.6	96520.3	-999.9
Bamako	1994	4	16	106	29.1	39.7	23.2	-999.9	0.0	1.8	96521.9	-999.9
Bamako	1994	4	17	107	28.3	37.7	23.1	-999.9	1.5	2.7	96595.3	-999.9
Bamako	1994	4	18	108	28.8	38.3	22.2	-999.9	0.0	1.6	96504.8	-999.9
Bamako	1994	4	19	109	29.1	38.5	22.4	-999.9	0.0	1.9	96367.3	-999.9
Bamako	1994	4	20	110	28.5	39.6	24.0	-999.9	0.0	2.1	96348.5	-999.9
Bamako	1994	4	21	111	28.6	38.9	21.2	-999.9	0.0	1.9	96518.8	-999.9
Bamako	1994	4	22	112	27.3	38.3	23.4	-999.9	0.0	1.6	96521.7	-999.9
Bamako	1994	4	23	113	25.4	40.7	26.1	-999.9	0.0	1.8	96458.0	-999.9
Bamako	1994	4	24	114	25.5	41.0	25.5	-999.9	0.0	2.1	96424.4	-999.9
Bamako	1994	4	25	115	27.0	39.4	23.9	-999.9	0.0	1.7	96471.9	-999.9
Bamako	1994	4	26	116	27.0	39.9	24.9	-999.9	5.7	2.0	96418.8	-999.9
Bamako	1994	4	27	117	28.1	38.8	22.4	-999.9	1.9	2.2	96411.2	-999.9
Bamako	1994	4	28	118	28.1	37.9	22.0	-999.9	0.0	2.0	96461.9	-999.9
Bamako	1994	4	29	119	27.5	39.0	24.1	-999.9	0.0	1.9	96469.2	-999.9
Bamako	1994	4	30	120	24.4	38.8	26.5	-999.9	0.0	2.3	96616.6	-999.9
Bamako	1994	5	1	121	23.6	37.2	25.9	-999.9	0.0	2.1	96715.4	-999.9
Bamako	1994	5	2	122	22.7	36.1	26.6	-999.9	0.0	2.1	96771.4	-999.9
Bamako	1994	5	3	123	22.3	35.8	26.7	-999.9	0.0	1.8	96790.4	-999.9
Bamako	1994	5	4	124	21.3	35.8	26.9	-999.9	0.0	1.5	96764.5	-999.9
Bamako	1994	5	5	125	21.2	37.0	26.4	-999.9	0.0	1.6	96744.0	-999.9
Bamako	1994	5	6	126	25.8	36.9	22.3	-999.9	0.0	2.2	96687.8	-999.9
Bamako	1994	5	7	127	25.4	36.0	22.9	-999.9	0.0	1.9	96623.8	-999.9
Bamako	1994	5	8	128	24.6	34.8	21.1	-999.9	8.6	1.3	96709.0	-999.9
Bamako	1994	5	9	129	25.0	35.9	23.4	-999.9	0.0	1.5	96661.3	-999.9
Bamako	1994	5	10	130	27.8	38.0	23.6	-999.9	5.7	2.1	96592.1	-999.9
Bamako	1994	5	11	131	26.6	36.5	21.6	-999.9	0.0	2.3	96560.4	-999.9
Bamako	1994	5	12	132	25.6	36.0	20.3	-999.9	0.0	2.3	96588.4	-999.9
Bamako	1994	5	13	133	26.8	37.7	22.9	-999.9	0.0	2.4	96602.1	-999.9
Bamako	1994	5	14	134	26.1	36.7	21.2	-999.9	2.3	1.8	96672.4	-999.9
Bamako	1994	5	15	135	26.4	37.8	21.6	-999.9	0.0	2.3	96692.4	-999.9
Bamako	1994	5	16	136	27.8	38.5	22.8	-999.9	0.0	2.1	96583.9	-999.9
Bamako	1994	5	17	137	28.4	38.3	22.4	-999.9	2.8	1.7	96599.4	-999.9
Bamako	1994	5	18	138	25.4	36.7	21.6	-999.9	7.4	1.8	96644.7	-999.9
Bamako	1994	5	19	139	27.3	38.1	23.9	-999.9	0.0	2.0	96574.8	-999.9
Bamako	1994	5	20	140	26.4	36.6	21.9	-999.9	2.5	1.4	96603.4	-999.9
Bamako	1994	5	21	141	24.0	36.1	20.4	-999.9	0.0	2.0	96751.3	-999.9
Bamako	1994	5	22	142	26.2	37.2	23.1	-999.9	0.0	1.7	96748.5	-999.9
Bamako	1994	5	23	143	26.3	38.4	22.5	-999.9	0.0	2.1	96633.6	-999.9
Bamako	1994	5	24	144	26.2	38.6	23.9	-999.9	5.2	2.3	96568.7	-999.9
Bamako	1994	5	25	145	26.0	38.9	22.3	-999.9	5.2	2.7	96504.5	-999.9
Bamako	1994	5	26	146	25.1	37.0	23.0	-999.9	0.0	2.6	96500.7	-999.9
Bamako	1994	5	27	147	26.1	35.6	21.9	-999.9	4.4	2.1	96572.9	-999.9
Bamako	1994	5	28	148	24.4	32.0	20.3	-999.9	8.8	1.2	96718.6	-999.9
Bamako	1994	5	29	149	24.6	33.4	22.5	-999.9	4.4	1.3	96763.6	-999.9
Bamako	1994	5	30	150	24.3	31.1	20.9	-999.9	8.8	1.4	96815.0	-999.9
Bamako	1994	5	31	151	25.6	34.6	23.7	-999.9	0.0	1.3	96875.3	-999.9
Bamako	1994	6	1	152	25.6	36.2	24.3	-999.9	0.0	2.0	96727.8	-999.9
Bamako	1994	6	2	153	24.8	36.5	24.6	-999.9	0.0	2.4	96687.3	-999.9
Bamako	1994	6	3	154	25.1	35.6	23.2	-999.9	0.0	1.7	96725.5	-999.9
Bamako	1994	6	4	155	25.3	34.8	21.9	-999.9	9.1	1.7	96839.5	-999.9
Bamako	1994	6	5	156	24.0	31.0	18.1	-999.9	0.0	1.2	96930.5	-999.9
Bamako	1994	6	6	157	23.7	31.4	20.6	-999.9	11.8	1.2	96929.0	-999.9
Bamako	1994	6	7	158	24.6	32.4	21.4	-999.9	5.9	1.5	96886.4	-999.9
Bamako	1994	6	8	159	24.0	31.1	20.4	-999.9	23.6	1.5	96920.2	-999.9
Bamako	1994	6	9	160	23.8	31.7	21.9	-999.9	0.0	1.6	96901.0	-999.9
Bamako	1994	6	10	161	23.5	31.3	21.1	-999.9	5.9	1.5	96901.3	-999.9
Bamako	1994	6	11	162	23.6	30.8	20.3	-999.9	0.0	1.9	96910.2	-999.9
Bamako	1994	6	12	163	23.9	30.5	20.8	-999.9	7.0	1.6	96903.9	-999.9
Bamako	1994	6	13	164	22.6	31.5	23.2	-999.9	0.0	1.4	97021.5	-999.9
Bamako	1994	6	14	165	24.8	34.5	23.3	-999.9	0.0	2.0	96914.8	-999.9
Bamako	1994	6	15	166	24.6	33.3	22.9	-999.9	0.0	2.3	96833.0	-999.9
Bamako	1994	6	16	167	23.1	31.7	21.2	-999.9	4.0	1.9	96899.9	-999.9
Bamako	1994	6	17	168	24.8	33.4	22.1	-999.9	8.1	2.4	96779.8	-999.9
Bamako	1994	6	18	169	23.8	31.7	21.5	-999.9	4.0	1.9	96807.6	-999.9
Bamako	1994	6	19	170	23.7	30.7	19.0	-999.9	0.0	1.6	96887.9	-999.9
Bamako	1994	6	20	171	23.8	33.3	24.2	-999.9	0.0	1.4	96793.6	-999.9
Bamako	1994	6	21	172	25.9	33.7	23.3	-999.9	0.0	2.6	96614.0	-999.9
Bamako	1994	6	22	173	24.8	32.1	22.5	-999.9	13.3	2.3	96612.4	-999.9
Bamako	1994	6	23	174	24.7	31.0	21.2	-999.9	0.0	1.8	96726.9	-999.9
Bamako	1994	6	24	175	23.6	30.6	21.6	-999.9	13.3	1.5	96857.1	-999.9
Bamako	1994	6	25	176	23.7	30.4	19.5	-999.9	0.0	1.3	96906.2	-999.9
Bamako	1994	6	26	177	24.0	31.0	19.9	-999.9	2.8	1.6	96868.2	-999.9
Bamako	1994	6	27	178	24.4	29.3	17.3	-999.9	8.3	1.6	96887.0	-999.9
Bamako	1994	6	28	179	23.4	31.0	21.1	-999.9	2.8	1.5	96878.4	-999.9
Bamako	1994	6	29	180	24.0	31.8	23.7	-999.9	0.0	1.6	96851.1	-999.9
Bamako	1994	6	30	181	24.6	31.8	21.7	-999.9	2.8	2.1	96753.3	-999.9
Bamako	1994	7	1	182	23.9	31.1	18.4	-999.9	21.0	2.4	96617.7	-999.9
Bamako	1994	7	2	183	22.3	29.7	16.8	-999.9	7.0	2.1	96658.7	-999.9
Bamako	1994	7	3	184	21.9	28.6	15.9	-999.9	0.0	1.7	96809.8	-999.9
Bamako	1994	7	4	185	22.1	28.4	16.8	-999.9	0.0	1.4	96951.7	-999.9
Bamako	1994	7	5	186	21.9	30.6	22.7	-999.9	0.0	0.8	96894.5	-999.9
Bamako	1994	7	6	187	23.5	31.6	21.9	-999.9	6.6	1.6	96789.0	-999.9
Bamako	1994	7	7	188	24.0	30.9	20.8	-999.9	7.6	2.0	96798.6	-999.9
Bamako	1994	7	8	189	23.5	29.0	13.3	-999.9	33.2	1.8	96901.3	-999.9
Bamako	1994	7	9	190	22.7	27.9	13.4	-999.9	19.9	1.1	96999.1	-999.9
Bamako	1994	7	10	191	22.2	29.3	18.5	-999.9	6.6	1.5	97068.9	-999.9
Bamako	1994	7	11	192	22.6	29.2	18.4	-999.9	13.7	1.5	97171.3	-999.9
Bamako	1994	7	12	193	22.9	29.7	18.2	-999.9	6.8	2.4	97064.0	-999.9
Bamako	1994	7	13	194	22.7	29.5	20.0	-999.9	0.0	2.1	96938.1	-999.9
Bamako	1994	7	14	195	23.5	29.3	17.5	-999.9	20.5	2.0	96967.8	-999.9
Bamako	1994	7	15	196	22.6	29.4	18.2	-999.9	0.0	1.9	97032.6	-999.9
Bamako	1994	7	16	197	23.2	30.5	19.8	-999.9	15.2	2.0	96886.0	-999.9
Bamako	1994	7	17	198	23.3	28.6	14.2	-999.9	38.0	1.4	96821.4	-999.9
Bamako	1994	7	18	199	22.4	29.8	20.9	-999.9	0.0	1.8	96893.4	-999.9
Bamako	1994	7	19	200	23.4	30.1	22.7	-999.9	7.6	1.8	96910.9	-999.9
Bamako	1994	7	20	201	23.0	29.6	17.2	-999.9	0.0	1.7	96814.6	-999.9
Bamako	1994	7	21	202	23.2	30.0	20.2	-999.9	6.1	1.5	96753.3	-999.9
Bamako	1994	7	22	203	22.8	29.0	17.9	-999.9	0.0	1.9	96898.9	-999.9
Bamako	1994	7	23	204	22.2	25.6	8.5	-999.9	6.1	1.1	96996.9	-999.9
Bamako	1994	7	24	205	21.8	29.0	18.0	-999.9	0.0	1.3	96920.8	-999.9
Bamako	1994	7	25	206	22.5	30.3	20.7	-999.9	0.0	1.1	96805.3	-999.9
Bamako	1994	7	26	207	23.7	30.3	21.2	-999.9	0.0	1.8	96791.8	-999.9
Bamako	1994	7	27	208	23.4	28.0	13.2	-999.9	13.0	1.6	96839.9	-999.9
Bamako	1994	7	28	209	22.5	28.0	14.8	-999.9	0.0	1.4	96944.8	-999.9
Bamako	1994	7	29	210	22.2	29.3	20.5	-999.9	0.0	1.5	96991.0	-999.9
Bamako	1994	7	30	211	22.5	28.6	16.6	-999.9	19.4	1.4	97002.1	-999.9
Bamako	1994	7	31	212	22.6	28.3	17.2	-999.9	6.5	1.6	96946.7	-999.9
Bamako	1994	8	1	213	23.2	30.2	21.6	-999.9	0.0	2.7	96768.7	-999.9
Bamako	1994	8	2	214	24.1	29.4	16.8	-999.9	8.9	2.2	96754.3	-999.9
Bamako	1994	8	3	215	22.8	28.2	15.3	-999.9	4.4	1.9	96745.9	-999.9
Bamako	1994	8	4	216	22.4	26.7	11.3	-999.9	0.0	1.6	96836.2	-999.9
Bamako	1994	8	5	217	22.4	27.2	11.9	-999.9	13.3	1.4	96822.8	-999.9
Bamako	1994	8	6	218	22.0	23.6	6.3	-999.9	0.0	1.6	96655.4	-999.9
Bamako	1994	8	7	219	21.9	27.6	16.9	-999.9	0.0	2.3	96690.2	-999.9
Bamako	1994	8	8	220	21.8	27.9	16.0	-999.9	0.0	1.8	96873.8	-999.9
Bamako	1994	8	9	221	21.9	28.5	16.0	-999.9	28.1	1.5	96942.9	-999.9
Bamako	1994	8	10	222	22.0	26.9	13.1	-999.9	0.0	1.5	96909.8	-999.9
Bamako	1994	8	11	223	21.7	28.9	20.3	-999.9	24.1	1.6	96942.6	-999.9
Bamako	1994	8	12	224	22.1	28.9	17.3	-999.9	12.1	1.1	96916.2	-999.9
Bamako	1994	8	13	225	22.5	28.6	18.0	-999.9	12.1	1.5	96847.9	-999.9
Bamako	1994	8	14	226	22.5	28.1	12.8	-999.9	12.1	1.1	96788.2	-999.9
Bamako	1994	8	15	227	22.4	24.1	6.5	-999.9	24.1	2.2	96779.7	-999.9
Bamako	1994	8	16	228	22.6	26.9	16.5	-999.9	0.0	1.9	96790.7	-999.9
Bamako	1994	8	17	229	21.4	29.3	21.5	-999.9	20.2	1.5	96923.7	-999.9
Bamako	1994	8	18	230	22.3	28.1	15.3	-999.9	20.2	1.6	96925.0	-999.9
Bamako	1994	8	19	231	22.3	30.1	20.8	-999.9	20.2	2.0	96890.2	-999.9
Bamako	1994	8	20	232	22.9	28.5	14.5	-999.9	20.2	2.8	96810.9	-999.9
Bamako	1994	8	21	233	22.5	25.8	8.7	-999.9	63.5	1.4	96680.8	-999.9
Bamako	1994	8	22	234	21.8	28.6	20.2	-999.9	0.0	1.5	96820.7	-999.9
Bamako	1994	8	23	235	22.2	29.5	21.4	-999.9	0.0	1.1	96861.5	-999.9
Bamako	1994	8	24	236	22.7	28.8	16.8	-999.9	29.0	1.6	96845.9	-999.9
Bamako	1994	8	25	237	22.5	27.9	15.7	-999.9	0.0	1.0	96789.7	-999.9
Bamako	1994	8	26	238	22.3	29.2	18.7	-999.9	0.0	1.5	96881.0	-999.9
Bamako	1994	8	27	239	22.3	27.4	15.5	-999.9	0.0	1.2	96946.1	-999.9
Bamako	1994	8	28	240	22.6	29.3	17.7	-999.9	13.4	1.2	96868.9	-999.9
Bamako	1994	8	29	241	21.7	28.6	19.1	-999.9	0.0	1.6	96806.1	-999.9
Bamako	1994	8	30	242	22.8	29.3	20.2	-999.9	0.0	1.8	96800.7	-999.9
Bamako	1994	8	31	243	22.4	27.0	12.2	-999.9	30.6	1.4	96799.0	-999.9
Bamako	1994	9	1	244	22.0	27.0	13.3	-999.9	0.0	0.8	96797.6	-999.9
Bamako	1994	9	2	245	21.5	28.7	20.6	-999.9	0.0	1.2	96859.1	-999.9
Bamako	1994	9	3	246	22.8	29.9	20.2	-999.9	0.0	1.3	96940.6	-999.9
Bamako	1994	9	4	247	22.5	29.6	20.3	-999.9	0.0	1.5	96955.6	-999.9
Bamako	1994	9	5	248	22.7	29.3	18.1	-999.9	0.0	2.1	96906.8	-999.9
Bamako	1994	9	6	249	23.3	28.7	16.0	-999.9	8.5	1.3	96915.7	-999.9
Bamako	1994	9	7	250	22.0	28.5	15.6	-999.9	17.0	1.2	96871.6	-999.9
Bamako	1994	9	8	251	22.7	29.2	18.7	-999.9	0.0	1.1	96856.6	-999.9
Bamako	1994	9	9	252	22.7	29.3	20.7	-999.9	0.0	1.1	96964.5	-999.9
Bamako	1994	9	10	253	22.4	29.6	19.4	-999.9	0.0	1.2	96888.9	-999.9
Bamako	1994	9	11	254	22.2	29.7	20.3	-999.9	14.1	1.2	96764.5	-999.9
Bamako	1994	9	12	255	23.4	28.6	14.5	-999.9	7.0	1.2	96747.4	-999.9
Bamako	1994	9	13	256	22.7	28.7	16.7	-999.9	21.1	1.5	96858.9	-999.9
Bamako	1994	9	14	257	22.7	28.6	17.4	-999.9	0.0	1.9	96852.6	-999.9
Bamako	1994	9	15	258	22.4	28.2	19.7	-999.9	0.0	1.6	96915.4	-999.9
Bamako	1994	9	16	259	22.3	30.5	22.4	-999.9	6.1	1.1	96920.7	-999.9
Bamako	1994	9	17	260	23.1	29.9	19.4	-999.9	10.7	1.1	96874.5	-999.9
Bamako	1994	9	18	261	22.4	29.8	19.0	-999.9	10.7	1.1	96753.4	-999.9
Bamako	1994	9	19	262	22.7	28.9	17.1	-999.9	10.7	1.5	96752.3	-999.9
Bamako	1994	9	20	263	22.4	26.5	9.9	-999.9	10.7	1.3	96851.1	-999.9
Bamako	1994	9	21	264	22.2	29.3	18.0	-999.9	21.6	1.0	96841.3	-999.9
Bamako	1994	9	22	265	22.3	29.0	18.3	-999.9	7.2	1.1	96928.2	-999.9
Bamako	1994	9	23	266	22.4	28.1	14.7	-999.9	28.8	1.1	96883.6	-999.9
Bamako	1994	9	24	267	22.3	27.8	14.2	-999.9	28.8	1.2	96830.2	-999.9
Bamako	1994	9	25	268	22.2	29.3	19.7	-999.9	7.2	1.7	96830.5	-999.9
Bamako	1994	9	26	269	21.7	29.5	21.7	-999.9	0.0	1.2	96875.0	-999.9
Bamako	1994	9	27	270	22.6	30.8	21.8	-999.9	0.0	1.0	96810.9	-999.9
Bamako	1994	9	28	271	23.0	30.2	20.9	-999.9	8.5	1.1	96782.2	-999.9
Bamako	1994	9	29	272	22.4	29.8	19.8	-999.9	0.0	1.1	96800.3	-999.9
Bamako	1994	9	30	273	22.5	29.1	18.2	-999.9	17.0	1.3	96877.6	-999.9
Bamako	1994	10	1	274	22.2	30.5	21.2	-999.9	0.0	1.2	96809.7	-999.9
Bamako	1994	10	2	275	23.1	30.7	22.0	-999.9	0.0	1.2	96739.5	-999.9
Bamako	1994	10	3	276	22.6	30.3	21.6	-999.9	0.0	1.2	96693.3	-999.9
Bamako	1994	10	4	277	21.5	30.2	21.8	-999.9	4.6	1.2	96691.9	-999.9
Bamako	1994	10	5	278	22.4	28.8	16.0	-999.9	4.6	1.1	96694.5	-999.9
Bamako	1994	10	6	279	21.9	28.2	18.2	-999.9	0.0	1.6	96758.7	-999.9
Bamako	1994	10	7	280	22.3	28.4	17.3	-999.9	0.0	1.7	96721.1	-999.9
Bamako	1994	10	8	281	21.8	28.4	17.9	-999.9	0.0	1.4	96664.2	-999.9
Bamako	1994	10	9	282	22.1	27.3	13.9	-999.9	12.4	1.3	96799.4	-999.9
Bamako	1994	10	10	283	21.6	28.2	15.4	-999.9	6.2	1.0	96850.0	-999.9
Bamako	1994	10	11	284	21.5	29.3	19.5	-999.9	0.0	1.4	96915.8	-999.9
Bamako	1994	10	12	285	21.7	30.3	22.1	-999.9	0.0	1.6	96917.4	-999.9
Bamako	1994	10	13	286	22.2	31.1	22.9	-999.9	0.0	1.5	96889.8	-999.9
Bamako	1994	10	14	287	22.8	31.0	22.4	-999.9	0.0	1.2	96788.0	-999.9
Bamako	1994	10	15	288	22.1	30.5	21.4	-999.9	0.0	1.3	96753.5	-999.9
Bamako	1994	10	16	289	21.3	30.1	20.5	-999.9	0.0	1.2	96808.1	-999.9
Bamako	1994	10	17	290	21.8	28.9	17.7	-999.9	13.1	1.0	96798.1	-999.9
Bamako	1994	10	18	291	22.4	27.0	12.5	-999.9	0.0	0.8	96751.5	-999.9
Bamako	1994	10	19	292	21.7	27.8	15.8	-999.9	6.6	1.0	96794.6	-999.9
Bamako	1994	10	20	293	21.3	28.2	15.3	-999.9	0.0	1.2	96824.2	-999.9
Bamako	1994	10	21	294	21.9	28.7	17.4	-999.9	0.0	1.5	96791.3	-999.9
Bamako	1994	10	22	295	22.6	28.9	17.6	-999.9	7.5	1.0	96868.7	-999.9
Bamako	1994	10	23	296	22.6	30.3	19.7	-999.9	7.5	1.5	96854.1	-999.9
Bamako	1994	10	24	297	22.1	31.2	22.4	-999.9	0.0	1.9	96795.2	-999.9
Bamako	1994	10	25	298	21.5	31.7	22.7	-999.9	0.0	1.1	96827.3	-999.9
Bamako	1994	10	26	299	21.3	32.4	22.6	-999.9	0.0	1.4	96749.4	-999.9
Bamako	1994	10	27	300	21.1	31.8	22.2	-999.9	0.0	1.3	96683.1	-999.9
Bamako	1994	10	28	301	21.8	31.4	21.3	-999.9	0.0	1.1	96666.8	-999.9
Bamako	1994	10	29	302	22.2	30.0	20.7	-999.9	0.0	1.6	96771.4	-999.9
Bamako	1994	10	30	303	22.5	30.3	20.0	-999.9	4.4	1.1	96859.3	-999.9
Bamako	1994	10	31	304	22.5	30.2	19.4	-999.9	0.0	1.6	96881.8	-999.9
Bamako	1994	11	1	305	22.8	30.9	18.9	-999.9	0.0	1.1	96842.1	-999.9
Bamako	1994	11	2	306	22.2	31.8	19.5	-999.9	0.0	1.4	96744.2	-999.9
Bamako	1994	11	3	307	21.1	32.1	20.7	-999.9	0.0	1.2	96736.8	-999.9
Bamako	1994	11	4	308	23.4	30.5	16.7	-999.9	0.0	1.0	96865.4	-999.9
Bamako	1994	11	5	309	22.2	31.9	20.1	-999.9	0.0	1.4	96904.2	-999.9
Bamako	1994	11	6	310	22.5	32.6	20.2	-999.9	0.0	1.2	96898.6	-999.9
Bamako	1994	11	7	311	22.2	33.0	20.1	-999.9	0.0	1.5	96825.4	-999.9
Bamako	1994	11	8	312	20.6	33.5	21.1	-999.9	0.0	1.5	96775.0	-999.9
Bamako	1994	11	9	313	20.6	33.3	20.5	-999.9	0.0	1.8	96846.8	-999.9
Bamako	1994	11	10	314	20.0	33.7	21.4	-999.9	0.0	1.2	96943.9	-999.9
Bamako	1994	11	11	315	19.3	34.1	21.8	-999.9	0.0	2.0	96942.8	-999.9
Bamako	1994	11	12	316	19.0	33.9	21.8	-999.9	0.0	1.8	96867.6	-999.9
Bamako	1994	11	13	317	18.5	33.4	21.7	-999.9	0.0	1.7	96810.6	-999.9
Bamako	1994	11	14	318	18.4	32.9	21.7	-999.9	0.0	1.5	96847.5	-999.9
Bamako	1994	11	15	319	19.7	33.2	21.5	-999.9	0.0	2.1	96850.1	-999.9
Bamako	1994	11	16	320	21.3	32.6	21.4	-999.9	0.0	2.5	96907.5	-999.9
Bamako	1994	11	17	321	20.4	31.3	21.3	-999.9	0.0	2.2	96848.4	-999.9
Bamako	1994	11	18	322	18.0	31.9	21.3	-999.9	0.0	1.7	96792.9	-999.9
Bamako	1994	11	19	323	19.6	33.6	20.3	-999.9	0.0	1.9	96797.3	-999.9
Bamako	1994	11	20	324	19.3	33.1	21.4	-999.9	0.0	2.3	96842.2	-999.9
Bamako	1994	11	21	325	17.5	32.1	21.6	-999.9	0.0	2.1	96859.2	-999.9
Bamako	1994	11	22	326	17.8	32.3	21.2	-999.9	0.0	2.0	96798.7	-999.9
Bamako	1994	11	23	327	18.9	32.6	21.1	-999.9	0.0	2.2	96818.0	-999.9
Bamako	1994	11	24	328	18.8	32.6	20.9	-999.9	0.0	2.1	96909.5	-999.9
Bamako	1994	11	25	329	18.7	32.6	20.9	-999.9	0.0	2.1	96957.5	-999.9
Bamako	1994	11	26	330	19.1	32.2	20.7	-999.9	0.0	1.7	96877.5	-999.9
Bamako	1994	11	27	331	18.1	32.0	20.6	-999.9	0.0	1.9	96758.1	-999.9
Bamako	1994	11	28	332	18.4	31.9	20.6	-999.9	0.0	1.8	96714.9	-999.9
Bamako	1994	11	29	333	18.1	32.0	20.3	-999.9	0.0	1.7	96807.1	-999.9
Bamako	1994	11	30	334	17.9	32.0	20.0	-999.9	0.0	1.8	96806.0	-999.9
Bamako	1994	12	1	335	19.2	32.6	20.3	-999.9	0.0	2.1	96873.8	-999.9
Bamako	1994	12	2	336	19.9	32.4	20.3	-999.9	0.1	2.2	96961.9	-999.9
Bamako	1994	12	3	337	18.8	31.7	19.8	-999.9	0.0	2.2	96971.4	-999.9
Bamako	1994	12	4	338	19.1	30.6	20.4	-999.9	0.0	2.5	97015.8	-999.9
Bamako	1994	12	5	339	18.6	30.2	20.5	-999.9	0.0	2.7	97039.5	-999.9
Bamako	1994	12	6	340	17.8	29.1	20.5	-999.9	0.0	2.7	97131.3	-999.9
Bamako	1994	12	7	341	16.5	28.2	20.6	-999.9	0.0	2.6	97114.6	-999.9
Bamako	1994	12	8	342	15.9	28.3	20.5	-999.9	0.0	2.5	97078.4	-999.9
Bamako	1994	12	9	343	16.5	28.7	20.2	-999.9	0.0	2.5	97035.5	-999.9
Bamako	1994	12	10	344	16.8	29.0	20.1	-999.9	0.0	2.2	96997.6	-999.9
Bamako	1994	12	11	345	17.1	29.2	19.3	-999.9	0.0	2.1	96971.8	-999.9
Bamako	1994	12	12	346	17.4	30.9	19.9	-999.9	0.0	1.9	96878.6	-999.9
Bamako	1994	12	13	347	18.4	32.0	19.8	-999.9	0.0	2.2	96883.2	-999.9
Bamako	1994	12	14	348	19.7	31.6	19.5	-999.9	0.0	2.5	96937.1	-999.9
Bamako	1994	12	15	349	19.0	30.4	20.0	-999.9	0.0	2.6	97065.0	-999.9
Bamako	1994	12	16	350	17.1	29.1	19.1	-999.9	0.0	2.4	97131.3	-999.9
Bamako	1994	12	17	351	16.4	29.9	20.4	-999.9	0.0	2.4	97080.1	-999.9
Bamako	1994	12	18	352	16.4	29.3	20.3	-999.9	0.0	2.3	97044.7	-999.9
Bamako	1994	12	19	353	15.0	29.4	20.4	-999.9	0.0	2.2	96958.0	-999.9
Bamako	1994	12	20	354	15.3	30.5	19.4	-999.9	0.0	2.0	96982.6	-999.9
Bamako	1994	12	21	355	18.2	30.8	18.0	-999.9	0.0	1.7	96968.0	-999.9
Bamako	1994	12	22	356	19.6	30.0	17.2	-999.9	0.0	2.0	96948.8	-999.9
Bamako	1994	12	23	357	18.4	30.2	18.1	-999.9	0.0	2.7	96958.5	-999.9
Bamako	1994	12	24	358	17.3	32.3	20.0	-999.9	0.0	1.8	96865.6	-999.9
Bamako	1994	12	25	359	19.2	32.9	19.3	-999.9	0.0	2.2	96857.0	-999.9
Bamako	1994	12	26	360	19.4	32.5	20.0	-999.9	0.0	2.3	96846.0	-999.9
Bamako	1994	12	27	361	19.8	32.0	20.0	-999.9	0.0	3.1	96907.4	-999.9
Bamako	1994	12	28	362	17.8	29.5	20.2	-999.9	0.0	2.6	97089.0	-999.9
Bamako	1994	12	29	363	17.0	29.4	20.1	-999.9	0.0	2.5	97198.0	-999.9
Bamako	1994	12	30	364	16.5	29.1	20.1	-999.9	0.0	2.1	97190.8	-999.9
Bamako	1994	12	31	365	16.4	30.2	20.2	-999.9	0.0	2.1	97093.2	-999.9
