Bamako	1995	1	1	1	16.4	31.3	20.3	-999.9	0.0	2.0	96997.7	-999.9
Bamako	1995	1	2	2	16.1	31.4	20.4	-999.9	0.0	2.0	97023.5	-999.9
Bamako	1995	1	3	3	16.6	31.0	20.6	-999.9	0.0	2.3	96968.8	-999.9
Bamako	1995	1	4	4	16.1	30.9	20.6	-999.9	0.0	2.3	96820.5	-999.9
Bamako	1995	1	5	5	16.1	31.4	20.6	-999.9	0.0	2.4	96861.3	-999.9
Bamako	1995	1	6	6	17.6	29.4	20.6	-999.9	0.0	3.1	97083.6	-999.9
Bamako	1995	1	7	7	14.8	28.0	20.7	-999.9	0.0	2.4	97082.2	-999.9
Bamako	1995	1	8	8	15.1	27.6	20.3	-999.9	0.0	2.1	97069.1	-999.9
Bamako	1995	1	9	9	14.9	27.7	20.4	-999.9	0.0	2.9	97056.0	-999.9
Bamako	1995	1	10	10	15.0	25.7	20.6	-999.9	0.0	3.1	97186.1	-999.9
Bamako	1995	1	11	11	12.4	24.2	20.9	-999.9	0.0	2.6	97219.7	-999.9
Bamako	1995	1	12	12	12.4	26.2	20.9	-999.9	0.0	2.1	97135.1	-999.9
Bamako	1995	1	13	13	13.7	27.9	21.0	-999.9	0.0	2.1	97073.7	-999.9
Bamako	1995	1	14	14	14.5	29.1	21.1	-999.9	0.0	2.3	97043.6	-999.9
Bamako	1995	1	15	15	15.3	30.1	21.0	-999.9	0.0	2.2	97059.0	-999.9
Bamako	1995	1	16	16	15.5	29.3	21.1	-999.9	0.0	2.4	97147.6	-999.9
Bamako	1995	1	17	17	15.1	28.5	21.1	-999.9	0.0	2.6	97168.3	-999.9
Bamako	1995	1	18	18	15.0	29.0	21.2	-999.9	0.0	2.7	97199.1	-999.9
Bamako	1995	1	19	19	15.0	29.1	21.3	-999.9	0.0	2.6	97252.3	-999.9
Bamako	1995	1	20	20	16.0	29.9	21.3	-999.9	0.0	2.5	97227.3	-999.9
Bamako	1995	1	21	21	16.3	30.5	21.1	-999.9	0.0	2.4	97107.5	-999.9
Bamako	1995	1	22	22	17.0	31.1	20.8	-999.9	0.0	2.6	97025.1	-999.9
Bamako	1995	1	23	23	17.9	32.0	21.2	-999.9	0.0	2.6	97040.1	-999.9
Bamako	1995	1	24	24	18.1	31.6	21.1	-999.9	0.0	2.7	97095.5	-999.9
Bamako	1995	1	25	25	17.4	29.7	19.4	-999.9	0.0	2.6	97101.5	-999.9
Bamako	1995	1	26	26	16.6	29.7	21.5	-999.9	0.0	2.5	97029.3	-999.9
Bamako	1995	1	27	27	16.0	29.5	21.0	-999.9	0.0	2.1	96990.6	-999.9
Bamako	1995	1	28	28	16.9	30.1	21.1	-999.9	0.0	2.3	97011.6	-999.9
Bamako	1995	1	29	29	17.3	30.2	20.6	-999.9	0.0	2.5	97015.9	-999.9
Bamako	1995	1	30	30	17.4	29.2	19.6	-999.9	0.0	2.4	97049.6	-999.9
Bamako	1995	1	31	31	17.2	30.3	21.6	-999.9	0.0	2.7	96918.6	-999.9
Bamako	1995	2	1	32	17.2	30.6	21.2	-999.9	0.0	2.6	96900.8	-999.9
Bamako	1995	2	2	33	17.9	31.3	21.5	-999.9	0.0	2.5	96987.6	-999.9
Bamako	1995	2	3	34	18.9	31.7	19.4	-999.9	0.0	2.1	96992.6	-999.9
Bamako	1995	2	4	35	19.6	31.6	20.4	-999.9	0.0	2.6	97068.7	-999.9
Bamako	1995	2	5	36	19.4	31.9	20.7	-999.9	0.0	2.3	97086.0	-999.9
Bamako	1995	2	6	37	19.0	32.1	21.6	-999.9	0.0	2.5	97131.4	-999.9
Bamako	1995	2	7	38	19.0	32.5	21.4	-999.9	0.0	2.3	97220.7	-999.9
Bamako	1995	2	8	39	18.7	32.7	22.0	-999.9	0.0	2.2	97196.0	-999.9
Bamako	1995	2	9	40	18.4	33.2	22.1	-999.9	0.0	2.0	97046.5	-999.9
Bamako	1995	2	10	41	18.3	32.4	22.1	-999.9	0.0	2.3	97016.9	-999.9
Bamako	1995	2	11	42	17.6	30.0	22.5	-999.9	0.0	2.6	97057.8	-999.9
Bamako	1995	2	12	43	16.8	29.3	22.3	-999.9	0.0	2.7	97148.0	-999.9
Bamako	1995	2	13	44	16.5	30.1	22.7	-999.9	0.0	2.6	97206.5	-999.9
Bamako	1995	2	14	45	16.6	30.9	22.8	-999.9	0.0	2.5	97165.0	-999.9
Bamako	1995	2	15	46	17.6	32.0	22.9	-999.9	0.0	2.5	97022.5	-999.9
Bamako	1995	2	16	47	18.7	32.9	22.9	-999.9	0.0	2.4	96890.2	-999.9
Bamako	1995	2	17	48	18.0	33.9	22.8	-999.9	0.0	2.3	96816.0	-999.9
Bamako	1995	2	18	49	18.3	34.6	23.0	-999.9	0.0	2.1	96713.7	-999.9
Bamako	1995	2	19	50	19.2	35.0	23.0	-999.9	0.0	2.3	96621.2	-999.9
Bamako	1995	2	20	51	19.8	35.2	23.2	-999.9	0.0	2.3	96652.2	-999.9
Bamako	1995	2	21	52	19.8	35.0	23.6	-999.9	0.0	2.6	96670.9	-999.9
Bamako	1995	2	22	53	19.8	35.4	23.5	-999.9	0.0	2.7	96659.5	-999.9
Bamako	1995	2	23	54	20.0	35.0	23.5	-999.9	0.0	2.7	96697.5	-999.9
Bamako	1995	2	24	55	20.7	34.9	23.5	-999.9	0.0	2.7	96782.0	-999.9
Bamako	1995	2	25	56	20.0	34.1	23.6	-999.9	0.0	2.5	96825.2	-999.9
Bamako	1995	2	26	57	19.7	35.1	23.7	-999.9	0.0	2.0	96728.5	-999.9
Bamako	1995	2	27	58	19.8	34.8	23.5	-999.9	0.0	1.6	96621.4	-999.9
Bamako	1995	2	28	59	21.7	35.6	22.6	-999.9	0.0	1.6	96631.3	-999.9
Bamako	1995	3	1	60	24.4	34.0	22.4	-999.9	0.0	2.7	96869.9	-999.9
Bamako	1995	3	2	61	22.5	34.1	22.5	-999.9	0.0	2.6	96893.1	-999.9
Bamako	1995	3	3	62	22.9	34.8	22.8	-999.9	0.0	3.0	96896.2	-999.9
Bamako	1995	3	4	63	22.5	35.3	23.4	-999.9	0.0	2.7	96902.2	-999.9
Bamako	1995	3	5	64	23.4	35.1	23.2	-999.9	0.0	3.0	96832.0	-999.9
Bamako	1995	3	6	65	22.4	35.7	24.0	-999.9	0.0	2.8	96657.1	-999.9
Bamako	1995	3	7	66	22.0	36.6	23.9	-999.9	0.0	2.3	96508.7	-999.9
Bamako	1995	3	8	67	22.0	36.5	24.2	-999.9	0.0	2.4	96545.9	-999.9
Bamako	1995	3	9	68	22.9	37.5	24.0	-999.9	0.0	2.4	96550.5	-999.9
Bamako	1995	3	10	69	22.0	37.3	23.9	-999.9	0.0	1.8	96586.2	-999.9
Bamako	1995	3	11	70	22.5	37.6	24.1	-999.9	0.0	1.9	96516.8	-999.9
Bamako	1995	3	12	71	21.8	36.6	24.3	-999.9	0.0	1.6	96475.9	-999.9
Bamako	1995	3	13	72	22.4	35.5	21.1	-999.9	0.0	2.2	96476.9	-999.9
Bamako	1995	3	14	73	26.5	35.4	17.7	-999.9	0.0	2.0	96449.6	-999.9
Bamako	1995	3	15	74	25.3	37.1	21.2	-999.9	0.0	2.0	96387.8	-999.9
Bamako	1995	3	16	75	26.2	36.9	22.5	-999.9	0.0	1.9	96425.3	-999.9
Bamako	1995	3	17	76	25.8	36.7	23.1	-999.9	0.0	1.7	96565.5	-999.9
Bamako	1995	3	18	77	25.8	37.3	23.8	-999.9	0.0	2.0	96625.1	-999.9
Bamako	1995	3	19	78	26.4	36.7	21.7	-999.9	0.0	1.5	96725.4	-999.9
Bamako	1995	3	20	79	25.3	38.2	24.2	-999.9	0.0	2.0	96673.3	-999.9
Bamako	1995	3	21	80	24.2	38.1	21.5	-999.9	0.0	2.2	96560.1	-999.9
Bamako	1995	3	22	81	23.1	37.1	22.8	-999.9	0.0	2.4	96392.7	-999.9
Bamako	1995	3	23	82	25.4	34.2	20.0	-999.9	0.0	1.6	96516.0	-999.9
Bamako	1995	3	24	83	24.4	35.7	22.5	-999.9	0.0	1.8	96550.5	-999.9
Bamako	1995	3	25	84	25.2	35.8	20.5	-999.9	0.0	1.8	96598.7	-999.9
Bamako	1995	3	26	85	24.6	33.7	18.1	-999.9	0.0	1.7	96644.3	-999.9
Bamako	1995	3	27	86	24.3	31.1	18.4	-999.9	0.0	1.7	96723.0	-999.9
Bamako	1995	3	28	87	23.5	33.6	23.1	-999.9	0.0	1.9	96659.2	-999.9
Bamako	1995	3	29	88	22.2	35.3	25.2	-999.9	0.0	2.0	96570.8	-999.9
Bamako	1995	3	30	89	22.9	35.7	24.4	-999.9	0.0	1.6	96394.2	-999.9
Bamako	1995	3	31	90	24.8	37.0	25.1	-999.9	0.0	1.8	96428.7	-999.9
Bamako	1995	4	1	91	25.6	34.9	22.3	-999.9	0.0	2.0	96593.1	-999.9
Bamako	1995	4	2	92	25.4	36.6	21.6	-999.9	0.0	1.2	96498.4	-999.9
Bamako	1995	4	3	93	26.6	38.2	23.0	-999.9	0.0	1.8	96419.4	-999.9
Bamako	1995	4	4	94	25.7	38.0	22.3	-999.9	0.0	2.2	96399.7	-999.9
Bamako	1995	4	5	95	27.2	38.6	23.0	-999.9	0.0	1.8	96477.6	-999.9
Bamako	1995	4	6	96	25.8	36.5	20.7	-999.9	0.0	1.6	96519.8	-999.9
Bamako	1995	4	7	97	26.4	38.4	21.1	-999.9	1.9	1.7	96462.3	-999.9
Bamako	1995	4	8	98	25.1	34.5	19.1	-999.9	3.8	1.6	96469.5	-999.9
Bamako	1995	4	9	99	26.8	36.7	21.6	-999.9	0.0	2.1	96296.5	-999.9
Bamako	1995	4	10	100	26.0	36.2	21.5	-999.9	0.0	1.4	96369.7	-999.9
Bamako	1995	4	11	101	26.0	37.5	23.7	-999.9	0.0	1.5	96504.8	-999.9
Bamako	1995	4	12	102	26.8	39.2	24.2	-999.9	0.0	2.0	96472.9	-999.9
Bamako	1995	4	13	103	26.7	40.1	25.0	-999.9	0.0	1.7	96352.8	-999.9
Bamako	1995	4	14	104	25.2	40.0	25.3	-999.9	0.0	1.6	96276.4	-999.9
Bamako	1995	4	15	105	28.2	39.3	24.7	-999.9	0.0	2.1	96261.5	-999.9
Bamako	1995	4	16	106	24.5	39.3	25.9	-999.9	0.0	1.3	96304.6	-999.9
Bamako	1995	4	17	107	26.5	38.8	24.7	-999.9	0.0	2.7	96395.9	-999.9
Bamako	1995	4	18	108	27.3	37.5	20.3	-999.9	0.0	1.8	96474.8	-999.9
Bamako	1995	4	19	109	28.4	39.0	24.3	-999.9	0.0	1.5	96399.0	-999.9
Bamako	1995	4	20	110	27.7	39.0	24.5	-999.9	0.0	1.7	96284.3	-999.9
Bamako	1995	4	21	111	25.9	38.1	23.9	-999.9	0.0	1.3	96238.5	-999.9
Bamako	1995	4	22	112	26.8	37.9	25.4	-999.9	0.0	1.9	96408.0	-999.9
Bamako	1995	4	23	113	27.4	36.5	21.8	-999.9	0.0	2.2	96522.7	-999.9
Bamako	1995	4	24	114	25.8	37.6	23.3	-999.9	0.0	1.7	96521.0	-999.9
Bamako	1995	4	25	115	26.4	36.9	21.1	-999.9	0.0	1.7	96451.3	-999.9
Bamako	1995	4	26	116	26.3	36.4	21.0	-999.9	9.0	1.2	96510.2	-999.9
Bamako	1995	4	27	117	24.8	31.7	15.7	-999.9	6.0	1.9	96638.8	-999.9
Bamako	1995	4	28	118	24.1	35.3	24.1	-999.9	0.0	1.3	96637.9	-999.9
Bamako	1995	4	29	119	25.9	38.1	22.9	-999.9	0.0	1.9	96507.9	-999.9
Bamako	1995	4	30	120	22.8	39.1	26.4	-999.9	0.0	1.9	96411.9	-999.9
Bamako	1995	5	1	121	23.7	38.8	25.1	-999.9	0.0	1.7	96304.4	-999.9
Bamako	1995	5	2	122	25.3	38.9	24.6	-999.9	0.0	1.8	96350.0	-999.9
Bamako	1995	5	3	123	25.7	38.2	23.5	-999.9	0.0	2.1	96555.4	-999.9
Bamako	1995	5	4	124	28.2	38.2	21.9	-999.9	0.0	1.8	96607.0	-999.9
Bamako	1995	5	5	125	27.8	37.9	23.3	-999.9	0.0	2.3	96528.8	-999.9
Bamako	1995	5	6	126	26.3	37.1	23.3	-999.9	0.0	1.6	96349.7	-999.9
Bamako	1995	5	7	127	26.3	37.2	22.2	-999.9	0.0	1.8	96444.1	-999.9
Bamako	1995	5	8	128	26.5	37.3	21.9	-999.9	0.0	1.9	96675.0	-999.9
Bamako	1995	5	9	129	26.2	38.6	23.4	-999.9	0.0	2.2	96678.4	-999.9
Bamako	1995	5	10	130	26.9	38.1	21.9	-999.9	4.2	2.1	96676.7	-999.9
Bamako	1995	5	11	131	25.3	33.2	15.9	-999.9	15.2	1.7	96744.0	-999.9
Bamako	1995	5	12	132	24.1	35.3	24.5	-999.9	0.0	1.7	96663.6	-999.9
Bamako	1995	5	13	133	26.0	34.5	21.8	-999.9	7.6	1.4	96744.3	-999.9
Bamako	1995	5	14	134	24.8	34.2	23.0	-999.9	0.0	1.5	96754.3	-999.9
Bamako	1995	5	15	135	25.6	36.5	21.9	-999.9	0.0	1.8	96675.3	-999.9
Bamako	1995	5	16	136	24.9	37.8	25.0	-999.9	0.0	2.0	96526.3	-999.9
Bamako	1995	5	17	137	26.1	38.2	21.9	-999.9	4.3	2.0	96574.5	-999.9
Bamako	1995	5	18	138	26.7	37.2	21.9	-999.9	2.2	1.6	96556.8	-999.9
Bamako	1995	5	19	139	24.5	35.8	23.1	-999.9	0.0	1.5	96642.3	-999.9
Bamako	1995	5	20	140	26.5	36.0	23.5	-999.9	2.2	1.3	96629.3	-999.9
Bamako	1995	5	21	141	27.1	38.1	23.5	-999.9	3.7	1.7	96464.4	-999.9
Bamako	1995	5	22	142	25.6	37.1	22.2	-999.9	0.0	2.1	96392.3	-999.9
Bamako	1995	5	23	143	25.8	37.1	22.1	-999.9	0.0	2.3	96452.3	-999.9
Bamako	1995	5	24	144	25.8	37.0	22.0	-999.9	0.0	2.2	96601.1	-999.9
Bamako	1995	5	25	145	24.6	32.6	16.7	-999.9	12.7	2.2	96811.4	-999.9
Bamako	1995	5	26	146	24.5	34.8	21.3	-999.9	0.0	1.6	96754.7	-999.9
Bamako	1995	5	27	147	26.4	36.7	23.1	-999.9	16.0	1.9	96695.8	-999.9
Bamako	1995	5	28	148	25.7	35.5	23.1	-999.9	0.0	1.6	96720.3	-999.9
Bamako	1995	5	29	149	24.0	35.9	23.7	-999.9	0.0	1.9	96738.4	-999.9
Bamako	1995	5	30	150	24.1	35.5	23.4	-999.9	0.0	1.7	96762.1	-999.9
Bamako	1995	5	31	151	25.9	35.6	22.4	-999.9	0.0	2.2	96701.7	-999.9
Bamako	1995	6	1	152	24.9	35.4	21.3	-999.9	0.0	1.9	96747.3	-999.9
Bamako	1995	6	2	153	25.6	35.9	23.0	-999.9	9.4	1.5	96739.6	-999.9
Bamako	1995	6	3	154	26.7	37.7	24.5	-999.9	9.4	1.5	96707.2	-999.9
Bamako	1995	6	4	155	24.7	35.9	24.0	-999.9	0.0	2.1	96736.0	-999.9
Bamako	1995	6	5	156	26.2	37.0	23.9	-999.9	0.0	2.0	96619.8	-999.9
Bamako	1995	6	6	157	23.9	33.7	19.9	-999.9	17.8	1.9	96671.6	-999.9
Bamako	1995	6	7	158	24.8	32.7	23.5	-999.9	0.0	1.7	96805.7	-999.9
Bamako	1995	6	8	159	24.5	32.6	22.9	-999.9	0.0	1.5	96941.4	-999.9
Bamako	1995	6	9	160	25.6	33.6	24.4	-999.9	0.0	1.9	96876.1	-999.9
Bamako	1995	6	10	161	25.8	34.2	23.3	-999.9	0.0	1.8	96795.3	-999.9
Bamako	1995	6	11	162	25.9	36.2	23.7	-999.9	5.4	1.4	96702.2	-999.9
Bamako	1995	6	12	163	25.1	35.4	22.1	-999.9	6.2	1.6	96689.3	-999.9
Bamako	1995	6	13	164	24.6	33.1	21.8	-999.9	0.0	1.9	96860.4	-999.9
Bamako	1995	6	14	165	24.0	31.2	20.8	-999.9	5.4	2.3	96920.1	-999.9
Bamako	1995	6	15	166	25.3	34.9	22.3	-999.9	5.4	1.9	96874.3	-999.9
Bamako	1995	6	16	167	25.9	36.8	23.8	-999.9	0.0	2.5	96678.7	-999.9
Bamako	1995	6	17	168	26.0	36.0	24.9	-999.9	8.6	2.6	96649.2	-999.9
Bamako	1995	6	18	169	25.3	34.1	20.3	-999.9	0.0	2.0	96769.9	-999.9
Bamako	1995	6	19	170	25.8	36.1	22.7	-999.9	0.0	2.5	96714.3	-999.9
Bamako	1995	6	20	171	26.4	38.0	24.6	-999.9	0.0	3.0	96502.0	-999.9
Bamako	1995	6	21	172	25.0	35.7	23.2	-999.9	6.1	2.4	96680.5	-999.9
Bamako	1995	6	22	173	24.5	32.6	22.5	-999.9	0.0	1.8	96918.6	-999.9
Bamako	1995	6	23	174	24.7	33.9	22.2	-999.9	12.2	1.2	96805.7	-999.9
Bamako	1995	6	24	175	24.3	31.7	21.4	-999.9	0.0	1.9	96734.6	-999.9
Bamako	1995	6	25	176	25.0	34.0	22.1	-999.9	0.0	2.8	96639.9	-999.9
Bamako	1995	6	26	177	24.4	33.2	21.5	-999.9	6.0	2.5	96729.8	-999.9
Bamako	1995	6	27	178	23.3	30.7	16.7	-999.9	0.0	2.2	97024.1	-999.9
Bamako	1995	6	28	179	23.0	33.4	23.0	-999.9	0.0	1.8	96989.1	-999.9
Bamako	1995	6	29	180	24.4	35.1	24.2	-999.9	0.0	2.5	96661.8	-999.9
Bamako	1995	6	30	181	24.6	36.2	25.0	-999.9	0.0	2.8	96559.8	-999.9
Bamako	1995	7	1	182	23.6	27.6	10.2	-999.9	33.2	2.0	96835.3	-999.9
Bamako	1995	7	2	183	23.2	30.8	16.6	-999.9	0.0	2.0	96966.2	-999.9
Bamako	1995	7	3	184	23.2	33.1	22.6	-999.9	0.0	1.9	96973.8	-999.9
Bamako	1995	7	4	185	24.6	36.9	23.6	-999.9	0.0	3.1	96607.1	-999.9
Bamako	1995	7	5	186	23.4	30.8	18.6	-999.9	0.0	2.8	96708.2	-999.9
Bamako	1995	7	6	187	22.5	32.7	23.4	-999.9	0.0	2.3	96876.4	-999.9
Bamako	1995	7	7	188	24.5	36.1	22.9	-999.9	6.8	2.3	96739.9	-999.9
Bamako	1995	7	8	189	24.1	33.6	20.6	-999.9	6.8	2.7	96608.9	-999.9
Bamako	1995	7	9	190	24.5	32.3	21.3	-999.9	0.0	1.8	96786.1	-999.9
Bamako	1995	7	10	191	23.9	30.1	15.2	-999.9	13.5	1.1	96926.5	-999.9
Bamako	1995	7	11	192	22.8	30.3	21.8	-999.9	0.0	1.6	96821.8	-999.9
Bamako	1995	7	12	193	23.6	32.3	23.8	-999.9	0.0	1.6	96816.0	-999.9
Bamako	1995	7	13	194	23.2	32.6	17.7	-999.9	0.0	2.2	96799.9	-999.9
Bamako	1995	7	14	195	24.9	33.4	23.7	-999.9	25.5	1.9	96678.5	-999.9
Bamako	1995	7	15	196	24.3	33.5	23.7	-999.9	0.0	2.1	96763.4	-999.9
Bamako	1995	7	16	197	24.6	34.8	21.2	-999.9	0.0	2.1	96621.4	-999.9
Bamako	1995	7	17	198	23.5	32.3	18.0	-999.9	3.7	2.9	96488.0	-999.9
Bamako	1995	7	18	199	22.9	29.0	15.7	-999.9	7.4	2.2	96728.1	-999.9
Bamako	1995	7	19	200	23.4	31.4	22.4	-999.9	7.4	1.4	96885.2	-999.9
Bamako	1995	7	20	201	23.7	31.7	20.4	-999.9	4.2	1.8	96794.9	-999.9
Bamako	1995	7	21	202	23.0	29.1	15.9	-999.9	5.5	1.6	96751.7	-999.9
Bamako	1995	7	22	203	22.5	30.8	19.4	-999.9	0.0	1.6	96825.2	-999.9
Bamako	1995	7	23	204	23.1	29.8	15.9	-999.9	9.7	1.6	96846.2	-999.9
Bamako	1995	7	24	205	23.6	30.5	19.7	-999.9	9.7	1.3	96837.1	-999.9
Bamako	1995	7	25	206	23.2	30.9	22.2	-999.9	0.0	1.4	96681.7	-999.9
Bamako	1995	7	26	207	22.6	29.8	17.5	-999.9	7.7	1.5	96615.9	-999.9
Bamako	1995	7	27	208	22.8	29.6	19.3	-999.9	3.8	1.7	96674.5	-999.9
Bamako	1995	7	28	209	22.8	28.2	16.1	-999.9	0.0	1.6	96779.6	-999.9
Bamako	1995	7	29	210	22.9	30.4	21.1	-999.9	3.8	1.6	96775.3	-999.9
Bamako	1995	7	30	211	22.8	29.7	15.6	-999.9	11.5	1.3	96594.7	-999.9
Bamako	1995	7	31	212	22.5	28.5	16.5	-999.9	3.8	1.2	96482.7	-999.9
Bamako	1995	8	1	213	23.1	29.8	19.6	-999.9	0.0	1.6	96561.6	-999.9
Bamako	1995	8	2	214	23.0	29.9	19.8	-999.9	8.0	1.7	96818.6	-999.9
Bamako	1995	8	3	215	22.8	28.2	11.2	-999.9	24.1	1.9	96850.1	-999.9
Bamako	1995	8	4	216	22.3	27.6	13.5	-999.9	24.1	1.6	96684.1	-999.9
Bamako	1995	8	5	217	22.6	29.4	17.8	-999.9	8.0	1.7	96675.4	-999.9
Bamako	1995	8	6	218	22.1	29.1	18.9	-999.9	0.0	1.2	96936.0	-999.9
Bamako	1995	8	7	219	23.3	30.6	20.4	-999.9	14.9	1.9	96869.4	-999.9
Bamako	1995	8	8	220	24.0	32.0	20.0	-999.9	14.9	2.2	96553.0	-999.9
Bamako	1995	8	9	221	23.2	27.6	12.8	-999.9	44.8	2.2	96611.9	-999.9
Bamako	1995	8	10	222	22.2	27.8	11.8	-999.9	0.0	1.3	96801.0	-999.9
Bamako	1995	8	11	223	22.1	29.5	19.6	-999.9	0.0	0.9	96887.8	-999.9
Bamako	1995	8	12	224	23.2	27.5	9.2	-999.9	0.0	1.0	96829.0	-999.9
Bamako	1995	8	13	225	22.6	28.5	17.3	-999.9	0.0	1.3	96647.6	-999.9
Bamako	1995	8	14	226	22.3	29.5	20.1	-999.9	16.4	1.6	96590.3	-999.9
Bamako	1995	8	15	227	22.5	28.3	16.8	-999.9	8.2	1.6	96722.2	-999.9
Bamako	1995	8	16	228	22.6	25.4	6.5	-999.9	19.1	1.4	96962.3	-999.9
Bamako	1995	8	17	229	21.8	29.4	20.8	-999.9	6.4	2.1	96985.9	-999.9
Bamako	1995	8	18	230	23.4	29.8	19.9	-999.9	0.0	1.6	96789.6	-999.9
Bamako	1995	8	19	231	23.4	30.3	20.8	-999.9	12.7	1.5	96827.1	-999.9
Bamako	1995	8	20	232	23.3	27.7	12.6	-999.9	0.0	1.0	97009.2	-999.9
Bamako	1995	8	21	233	22.8	29.5	16.1	-999.9	32.0	1.4	96993.2	-999.9
Bamako	1995	8	22	234	22.6	29.2	16.3	-999.9	8.0	1.3	96800.5	-999.9
Bamako	1995	8	23	235	22.3	29.1	17.7	-999.9	8.0	1.7	96825.4	-999.9
Bamako	1995	8	24	236	22.3	26.7	13.5	-999.9	16.0	1.4	96915.0	-999.9
Bamako	1995	8	25	237	21.9	29.4	20.2	-999.9	0.0	1.0	96973.6	-999.9
Bamako	1995	8	26	238	23.0	30.4	22.4	-999.9	0.0	1.2	96962.3	-999.9
Bamako	1995	8	27	239	22.2	26.6	13.9	-999.9	12.7	1.5	96929.3	-999.9
Bamako	1995	8	28	240	21.7	29.8	22.6	-999.9	25.4	1.2	96956.8	-999.9
Bamako	1995	8	29	241	22.3	29.7	18.2	-999.9	0.0	1.3	97001.7	-999.9
Bamako	1995	8	30	242	22.8	30.6	21.8	-999.9	14.5	1.4	96955.5	-999.9
Bamako	1995	8	31	243	22.9	28.4	15.3	-999.9	0.0	1.4	96896.1	-999.9
Bamako	1995	9	1	244	22.3	29.1	17.9	-999.9	0.0	1.0	96912.2	-999.9
Bamako	1995	9	2	245	22.1	29.9	21.6	-999.9	0.0	1.3	96962.0	-999.9
Bamako	1995	9	3	246	22.1	29.1	17.3	-999.9	17.8	1.2	97061.5	-999.9
Bamako	1995	9	4	247	22.6	29.2	19.9	-999.9	5.9	1.5	97020.2	-999.9
Bamako	1995	9	5	248	23.3	29.5	22.0	-999.9	0.0	1.7	96966.2	-999.9
Bamako	1995	9	6	249	22.5	30.5	21.7	-999.9	0.0	1.4	96869.0	-999.9
Bamako	1995	9	7	250	23.5	29.5	17.2	-999.9	11.7	1.2	96787.4	-999.9
Bamako	1995	9	8	251	22.0	30.0	19.4	-999.9	0.0	1.6	96821.7	-999.9
Bamako	1995	9	9	252	22.3	29.7	19.3	-999.9	5.8	1.4	96896.2	-999.9
Bamako	1995	9	10	253	22.8	28.7	17.5	-999.9	0.0	1.1	96884.5	-999.9
Bamako	1995	9	11	254	22.3	29.5	17.6	-999.9	8.1	1.1	96808.4	-999.9
Bamako	1995	9	12	255	22.3	30.4	20.3	-999.9	0.0	1.1	96758.4	-999.9
Bamako	1995	9	13	256	23.5	30.8	20.4	-999.9	9.3	1.4	96782.8	-999.9
Bamako	1995	9	14	257	23.3	29.8	21.6	-999.9	16.3	1.4	96947.9	-999.9
Bamako	1995	9	15	258	22.2	30.3	18.7	-999.9	8.1	1.0	96927.0	-999.9
Bamako	1995	9	16	259	22.1	30.5	21.0	-999.9	0.0	1.0	96782.4	-999.9
Bamako	1995	9	17	260	22.7	27.0	12.2	-999.9	22.3	1.6	96922.0	-999.9
Bamako	1995	9	18	261	22.4	26.5	10.6	-999.9	6.5	1.8	97069.3	-999.9
Bamako	1995	9	19	262	21.1	29.7	22.5	-999.9	0.0	1.3	97094.9	-999.9
Bamako	1995	9	20	263	23.0	30.4	21.9	-999.9	13.0	1.6	96940.1	-999.9
Bamako	1995	9	21	264	22.5	29.3	15.9	-999.9	0.0	1.2	96903.7	-999.9
Bamako	1995	9	22	265	22.1	29.3	13.4	-999.9	0.0	1.5	96987.4	-999.9
Bamako	1995	9	23	266	22.9	28.9	15.1	-999.9	0.0	1.5	96982.0	-999.9
Bamako	1995	9	24	267	22.9	30.3	20.8	-999.9	0.0	1.5	96863.1	-999.9
Bamako	1995	9	25	268	23.1	28.1	12.6	-999.9	23.0	1.4	96748.2	-999.9
Bamako	1995	9	26	269	22.3	27.2	14.9	-999.9	0.0	1.3	96885.6	-999.9
Bamako	1995	9	27	270	22.6	28.6	16.9	-999.9	5.9	1.1	96960.7	-999.9
Bamako	1995	9	28	271	21.9	29.7	17.8	-999.9	17.8	1.5	96931.7	-999.9
Bamako	1995	9	29	272	23.4	31.9	23.5	-999.9	0.0	2.1	96771.9	-999.9
Bamako	1995	9	30	273	23.2	30.9	22.1	-999.9	0.0	1.4	96738.9	-999.9
Bamako	1995	10	1	274	22.7	29.5	19.4	-999.9	10.6	1.2	96758.5	-999.9
Bamako	1995	10	2	275	23.3	30.1	20.4	-999.9	0.0	1.1	96875.3	-999.9
Bamako	1995	10	3	276	23.7	29.2	18.0	-999.9	0.0	1.5	96956.2	-999.9
Bamako	1995	10	4	277	22.2	30.9	21.6	-999.9	0.0	1.0	96909.0	-999.9
Bamako	1995	10	5	278	23.5	30.5	20.7	-999.9	12.1	1.3	96701.7	-999.9
Bamako	1995	10	6	279	23.2	29.5	19.8	-999.9	9.9	1.5	96709.5	-999.9
Bamako	1995	10	7	280	22.5	30.2	21.4	-999.9	9.9	1.0	96782.4	-999.9
Bamako	1995	10	8	281	24.1	31.9	21.7	-999.9	0.0	0.9	96691.4	-999.9
Bamako	1995	10	9	282	23.4	27.9	11.9	-999.9	19.8	1.3	96709.9	-999.9
Bamako	1995	10	10	283	22.1	29.6	19.3	-999.9	9.9	1.2	96762.1	-999.9
Bamako	1995	10	11	284	22.2	31.3	22.1	-999.9	0.0	0.9	96711.7	-999.9
Bamako	1995	10	12	285	22.5	32.2	22.0	-999.9	0.0	1.2	96720.9	-999.9
Bamako	1995	10	13	286	22.6	31.7	21.8	-999.9	0.0	1.2	96836.2	-999.9
Bamako	1995	10	14	287	22.5	32.0	20.1	-999.9	10.8	1.3	96892.7	-999.9
Bamako	1995	10	15	288	23.4	32.4	22.4	-999.9	21.6	1.6	96797.4	-999.9
Bamako	1995	10	16	289	23.8	31.7	21.6	-999.9	0.0	1.8	96661.8	-999.9
Bamako	1995	10	17	290	23.3	30.8	20.9	-999.9	0.0	1.4	96681.1	-999.9
Bamako	1995	10	18	291	22.9	30.3	18.9	-999.9	0.0	1.1	96883.8	-999.9
Bamako	1995	10	19	292	23.8	30.9	20.0	-999.9	0.0	1.0	96833.8	-999.9
Bamako	1995	10	20	293	21.5	31.1	23.0	-999.9	0.0	1.4	96812.6	-999.9
Bamako	1995	10	21	294	20.9	31.9	21.3	-999.9	0.0	1.0	96768.6	-999.9
Bamako	1995	10	22	295	22.3	32.3	21.9	-999.9	0.0	1.0	96779.7	-999.9
Bamako	1995	10	23	296	22.3	32.4	20.0	-999.9	0.0	1.1	96887.5	-999.9
Bamako	1995	10	24	297	21.1	33.7	22.5	-999.9	0.0	1.7	96819.9	-999.9
Bamako	1995	10	25	298	20.1	33.4	23.2	-999.9	0.0	1.6	96701.2	-999.9
Bamako	1995	10	26	299	19.3	33.2	23.3	-999.9	0.0	1.4	96646.3	-999.9
Bamako	1995	10	27	300	19.3	33.0	22.7	-999.9	0.0	1.4	96697.4	-999.9
Bamako	1995	10	28	301	22.6	33.1	21.3	-999.9	0.0	1.5	96768.6	-999.9
Bamako	1995	10	29	302	22.8	34.4	21.0	-999.9	0.0	1.8	96678.2	-999.9
Bamako	1995	10	30	303	19.5	33.9	22.8	-999.9	0.0	1.8	96696.4	-999.9
Bamako	1995	10	31	304	19.8	33.9	22.1	-999.9	0.0	1.5	96823.2	-999.9
Bamako	1995	11	1	305	20.9	34.9	21.7	-999.9	0.0	1.5	96881.3	-999.9
Bamako	1995	11	2	306	21.2	34.5	22.1	-999.9	0.0	2.2	96779.7	-999.9
Bamako	1995	11	3	307	19.2	34.7	22.7	-999.9	0.0	1.9	96737.4	-999.9
Bamako	1995	11	4	308	19.4	34.1	22.8	-999.9	0.0	1.8	96767.1	-999.9
Bamako	1995	11	5	309	17.0	33.8	22.6	-999.9	0.0	1.0	96867.7	-999.9
Bamako	1995	11	6	310	19.7	33.2	20.1	-999.9	0.0	1.4	96899.8	-999.9
Bamako	1995	11	7	311	22.6	34.4	20.8	-999.9	0.0	1.8	96849.9	-999.9
Bamako	1995	11	8	312	24.3	34.7	21.1	-999.9	0.0	1.9	96726.2	-999.9
Bamako	1995	11	9	313	20.8	33.5	19.3	-999.9	0.0	1.6	96661.3	-999.9
Bamako	1995	11	10	314	19.7	34.3	21.9	-999.9	0.0	1.7	96730.9	-999.9
Bamako	1995	11	11	315	20.2	33.8	20.1	-999.9	0.0	2.0	96868.1	-999.9
Bamako	1995	11	12	316	20.4	35.7	21.7	-999.9	0.0	1.9	96894.7	-999.9
Bamako	1995	11	13	317	21.0	35.2	21.5	-999.9	0.0	2.4	96899.4	-999.9
Bamako	1995	11	14	318	19.6	34.2	22.1	-999.9	0.0	2.3	96851.8	-999.9
Bamako	1995	11	15	319	17.4	34.3	22.1	-999.9	0.0	2.1	96776.5	-999.9
Bamako	1995	11	16	320	17.3	34.4	21.9	-999.9	0.0	1.9	96752.4	-999.9
Bamako	1995	11	17	321	17.2	34.4	21.8	-999.9	0.0	2.4	96790.5	-999.9
Bamako	1995	11	18	322	17.7	34.4	21.9	-999.9	0.0	2.4	96905.7	-999.9
Bamako	1995	11	19	323	18.9	34.0	21.8	-999.9	0.0	2.2	96916.0	-999.9
Bamako	1995	11	20	324	17.2	33.3	21.9	-999.9	0.0	2.3	96828.1	-999.9
Bamako	1995	11	21	325	17.2	33.0	21.8	-999.9	0.0	2.4	96821.2	-999.9
Bamako	1995	11	22	326	15.9	32.7	21.2	-999.9	0.0	2.2	96875.1	-999.9
Bamako	1995	11	23	327	16.6	33.0	21.4	-999.9	0.0	2.2	96854.3	-999.9
Bamako	1995	11	24	328	17.2	33.2	21.2	-999.9	0.0	2.1	96809.6	-999.9
Bamako	1995	11	25	329	18.2	33.5	20.8	-999.9	0.0	2.0	96717.3	-999.9
Bamako	1995	11	26	330	18.8	34.0	20.4	-999.9	0.0	1.9	96624.9	-999.9
Bamako	1995	11	27	331	19.0	34.6	20.5	-999.9	0.0	1.8	96667.9	-999.9
Bamako	1995	11	28	332	21.8	34.4	20.4	-999.9	0.0	1.7	96678.7	-999.9
Bamako	1995	11	29	333	21.1	35.4	20.0	-999.9	0.0	1.7	96707.9	-999.9
Bamako	1995	11	30	334	20.7	35.4	20.4	-999.9	0.0	2.0	96717.0	-999.9
Bamako	1995	12	1	335	21.8	34.7	20.5	-999.9	0.0	2.5	96718.5	-999.9
Bamako	1995	12	2	336	21.6	31.8	19.6	-999.9	0.1	3.1	96915.2	-999.9
Bamako	1995	12	3	337	20.9	32.1	18.9	-999.9	0.0	2.6	97019.2	-999.9
Bamako	1995	12	4	338	20.3	31.3	19.2	-999.9	0.0	2.5	96948.2	-999.9
Bamako	1995	12	5	339	19.1	32.2	20.0	-999.9	0.0	2.0	96786.5	-999.9
Bamako	1995	12	6	340	19.5	32.7	19.7	-999.9	0.0	2.0	96783.4	-999.9
Bamako	1995	12	7	341	20.1	32.6	17.6	-999.9	0.0	1.9	96814.5	-999.9
Bamako	1995	12	8	342	21.1	32.9	17.8	-999.9	0.0	2.2	96867.4	-999.9
Bamako	1995	12	9	343	19.8	33.2	19.4	-999.9	0.0	2.2	96727.9	-999.9
Bamako	1995	12	10	344	20.0	30.8	18.0	-999.9	0.0	3.3	96819.0	-999.9
Bamako	1995	12	11	345	19.7	31.3	18.3	-999.9	0.0	2.3	96837.2	-999.9
Bamako	1995	12	12	346	21.6	31.9	15.8	-999.9	0.0	2.2	96778.9	-999.9
Bamako	1995	12	13	347	21.3	33.9	19.6	-999.9	0.0	2.3	96704.7	-999.9
Bamako	1995	12	14	348	21.7	33.5	19.3	-999.9	0.0	1.7	96626.1	-999.9
Bamako	1995	12	15	349	21.1	31.5	16.9	-999.9	0.0	2.6	96787.0	-999.9
Bamako	1995	12	16	350	20.8	28.3	13.8	-999.9	0.0	2.5	97135.4	-999.9
Bamako	1995	12	17	351	20.3	32.2	19.4	-999.9	0.0	2.6	97102.0	-999.9
Bamako	1995	12	18	352	20.3	33.3	19.6	-999.9	0.0	2.5	97057.1	-999.9
Bamako	1995	12	19	353	20.4	33.6	19.7	-999.9	0.0	2.5	96975.3	-999.9
Bamako	1995	12	20	354	20.8	33.5	19.8	-999.9	0.0	2.4	96938.7	-999.9
Bamako	1995	12	21	355	19.6	32.5	19.3	-999.9	0.0	2.2	96943.5	-999.9
Bamako	1995	12	22	356	17.4	31.2	20.3	-999.9	0.0	2.0	96941.4	-999.9
Bamako	1995	12	23	357	15.2	30.2	20.6	-999.9	0.0	1.9	97003.4	-999.9
Bamako	1995	12	24	358	15.1	32.3	20.2	-999.9	0.0	1.5	97040.0	-999.9
Bamako	1995	12	25	359	17.5	32.4	17.7	-999.9	0.0	2.0	97023.9	-999.9
Bamako	1995	12	26	360	19.3	32.3	19.7	-999.9	0.0	2.5	97116.3	-999.9
Bamako	1995	12	27	361	18.7	29.8	18.5	-999.9	0.0	2.5	97141.8	-999.9
Bamako	1995	12	28	362	17.6	30.6	20.2	-999.9	0.0	2.4	97143.4	-999.9
Bamako	1995	12	29	363	17.3	31.3	19.8	-999.9	0.0	2.2	97134.1	-999.9
Bamako	1995	12	30	364	15.9	30.9	20.8	-999.9	0.0	2.4	97100.4	-999.9
Bamako	1995	12	31	365	14.4	31.8	21.0	-999.9	0.0	2.3	97012.8	-999.9
