Bamako	2009	1	1	1	20.0	32.6	19.9	-999.9	0.0	2.6	96897.4	-999.9
Bamako	2009	1	2	2	19.7	31.9	19.7	-999.9	0.0	2.8	96921.3	-999.9
Bamako	2009	1	3	3	18.6	31.6	20.2	-999.9	0.0	2.4	96963.4	-999.9
Bamako	2009	1	4	4	17.7	31.8	19.7	-999.9	0.0	2.0	96881.5	-999.9
Bamako	2009	1	5	5	18.1	31.6	20.1	-999.9	0.0	2.2	96899.6	-999.9
Bamako	2009	1	6	6	19.3	31.0	19.7	-999.9	0.0	2.2	96805.2	-999.9
Bamako	2009	1	7	7	19.2	30.1	19.0	-999.9	0.0	2.1	96710.4	-999.9
Bamako	2009	1	8	8	17.1	29.2	19.5	-999.9	0.0	2.1	96764.7	-999.9
Bamako	2009	1	9	9	17.2	29.6	20.3	-999.9	0.0	2.2	96976.9	-999.9
Bamako	2009	1	10	10	15.6	31.6	20.2	-999.9	0.0	1.6	97011.1	-999.9
Bamako	2009	1	11	11	17.7	30.5	19.7	-999.9	0.0	1.9	96894.6	-999.9
Bamako	2009	1	12	12	17.1	28.4	19.6	-999.9	0.0	2.4	96884.9	-999.9
Bamako	2009	1	13	13	16.1	28.0	20.1	-999.9	0.0	2.6	96980.1	-999.9
Bamako	2009	1	14	14	17.3	28.2	18.6	-999.9	0.0	2.4	96999.7	-999.9
Bamako	2009	1	15	15	17.3	30.1	20.2	-999.9	0.0	2.0	96924.7	-999.9
Bamako	2009	1	16	16	17.9	31.3	20.3	-999.9	0.0	2.0	96788.5	-999.9
Bamako	2009	1	17	17	18.0	27.7	16.5	-999.9	0.0	2.4	96951.8	-999.9
Bamako	2009	1	18	18	17.8	26.5	17.8	-999.9	0.0	2.6	97104.2	-999.9
Bamako	2009	1	19	19	15.1	24.8	21.2	-999.9	0.0	2.6	97224.2	-999.9
Bamako	2009	1	20	20	12.4	24.3	21.6	-999.9	0.0	2.1	97148.4	-999.9
Bamako	2009	1	21	21	10.9	25.0	19.2	-999.9	0.0	2.1	97095.2	-999.9
Bamako	2009	1	22	22	15.1	26.0	21.1	-999.9	0.0	3.3	97167.2	-999.9
Bamako	2009	1	23	23	15.4	24.4	18.3	-999.9	0.0	2.9	97260.5	-999.9
Bamako	2009	1	24	24	14.5	26.4	21.0	-999.9	0.0	2.3	97149.0	-999.9
Bamako	2009	1	25	25	14.1	28.4	21.4	-999.9	0.0	2.1	96978.7	-999.9
Bamako	2009	1	26	26	15.0	30.6	21.5	-999.9	0.0	2.0	96941.4	-999.9
Bamako	2009	1	27	27	16.1	31.4	21.3	-999.9	0.0	2.1	96908.9	-999.9
Bamako	2009	1	28	28	17.7	32.0	21.3	-999.9	0.0	2.3	96853.4	-999.9
Bamako	2009	1	29	29	18.4	33.7	21.3	-999.9	0.0	2.2	96812.6	-999.9
Bamako	2009	1	30	30	19.3	33.8	21.5	-999.9	0.0	2.3	96806.0	-999.9
Bamako	2009	1	31	31	19.0	33.9	21.5	-999.9	0.0	2.1	96718.6	-999.9
Bamako	2009	2	1	32	19.1	34.5	21.5	-999.9	0.0	1.9	96626.9	-999.9
Bamako	2009	2	2	33	18.4	34.7	21.5	-999.9	0.0	1.4	96676.0	-999.9
Bamako	2009	2	3	34	19.6	34.0	21.6	-999.9	0.0	1.8	96769.2	-999.9
Bamako	2009	2	4	35	21.8	32.6	14.3	-999.9	0.0	2.0	96751.6	-999.9
Bamako	2009	2	5	36	20.0	35.3	21.5	-999.9	0.0	1.6	96727.7	-999.9
Bamako	2009	2	6	37	22.8	36.3	21.5	-999.9	0.0	1.8	96718.9	-999.9
Bamako	2009	2	7	38	22.9	35.2	21.7	-999.9	0.0	3.0	96751.3	-999.9
Bamako	2009	2	8	39	20.0	31.3	21.7	-999.9	0.0	2.7	96893.0	-999.9
Bamako	2009	2	9	40	18.9	32.1	22.1	-999.9	0.0	2.5	96950.1	-999.9
Bamako	2009	2	10	41	18.9	33.5	22.2	-999.9	0.0	2.2	96909.3	-999.9
Bamako	2009	2	11	42	18.8	35.3	22.4	-999.9	0.0	2.0	96742.6	-999.9
Bamako	2009	2	12	43	20.0	35.4	22.4	-999.9	0.0	2.0	96557.8	-999.9
Bamako	2009	2	13	44	19.9	35.7	22.7	-999.9	0.0	2.0	96454.5	-999.9
Bamako	2009	2	14	45	18.9	34.6	22.7	-999.9	0.0	2.3	96485.1	-999.9
Bamako	2009	2	15	46	20.6	35.3	22.4	-999.9	0.0	1.3	96361.5	-999.9
Bamako	2009	2	16	47	21.6	34.2	20.9	-999.9	0.0	2.0	96391.8	-999.9
Bamako	2009	2	17	48	20.8	34.4	21.9	-999.9	0.0	2.0	96542.0	-999.9
Bamako	2009	2	18	49	22.3	34.0	19.9	-999.9	0.0	2.1	96539.5	-999.9
Bamako	2009	2	19	50	21.4	26.4	10.0	-999.9	0.0	1.6	96759.5	-999.9
Bamako	2009	2	20	51	21.2	28.2	12.3	-999.9	0.0	2.0	96836.9	-999.9
Bamako	2009	2	21	52	21.2	33.7	21.0	-999.9	0.0	2.5	96717.1	-999.9
Bamako	2009	2	22	53	22.4	35.7	22.7	-999.9	0.0	2.9	96666.8	-999.9
Bamako	2009	2	23	54	23.0	35.5	22.9	-999.9	0.0	2.8	96478.0	-999.9
Bamako	2009	2	24	55	21.9	36.2	23.2	-999.9	0.0	2.2	96366.4	-999.9
Bamako	2009	2	25	56	22.3	36.8	23.2	-999.9	0.0	2.5	96412.0	-999.9
Bamako	2009	2	26	57	22.4	37.3	23.2	-999.9	0.0	1.6	96424.2	-999.9
Bamako	2009	2	27	58	25.8	36.7	22.2	-999.9	0.0	1.9	96439.1	-999.9
Bamako	2009	2	28	59	24.4	35.0	15.1	-999.9	0.0	1.8	96573.1	-999.9
Bamako	2009	3	1	60	25.1	37.4	22.1	-999.9	0.0	2.5	96659.6	-999.9
Bamako	2009	3	2	61	23.2	37.6	23.7	-999.9	0.0	1.6	96676.8	-999.9
Bamako	2009	3	3	62	23.1	37.7	23.0	-999.9	0.0	1.7	96532.2	-999.9
Bamako	2009	3	4	63	23.4	37.8	23.4	-999.9	0.0	2.3	96556.1	-999.9
Bamako	2009	3	5	64	22.8	35.8	23.5	-999.9	0.0	2.4	96653.1	-999.9
Bamako	2009	3	6	65	22.2	36.1	24.3	-999.9	0.0	2.0	96613.5	-999.9
Bamako	2009	3	7	66	21.7	36.1	24.4	-999.9	0.0	2.1	96578.9	-999.9
Bamako	2009	3	8	67	21.9	35.9	24.4	-999.9	0.0	2.2	96570.1	-999.9
Bamako	2009	3	9	68	20.5	38.0	24.5	-999.9	0.0	1.9	96430.6	-999.9
Bamako	2009	3	10	69	21.5	38.2	24.6	-999.9	0.0	1.5	96359.5	-999.9
Bamako	2009	3	11	70	23.1	37.7	24.4	-999.9	0.0	1.6	96373.4	-999.9
Bamako	2009	3	12	71	22.8	37.4	23.7	-999.9	0.0	1.6	96382.8	-999.9
Bamako	2009	3	13	72	25.1	36.9	23.4	-999.9	0.0	1.8	96498.0	-999.9
Bamako	2009	3	14	73	26.2	36.5	20.4	-999.9	0.0	1.6	96588.4	-999.9
Bamako	2009	3	15	74	26.2	37.4	21.0	-999.9	0.0	1.6	96596.6	-999.9
Bamako	2009	3	16	75	27.9	37.6	21.8	-999.9	0.0	1.7	96424.4	-999.9
Bamako	2009	3	17	76	27.3	38.1	23.5	-999.9	0.0	1.7	96351.6	-999.9
Bamako	2009	3	18	77	25.9	37.6	24.2	-999.9	0.0	2.1	96404.2	-999.9
Bamako	2009	3	19	78	26.1	36.4	20.8	-999.9	0.0	1.5	96513.2	-999.9
Bamako	2009	3	20	79	24.9	35.2	21.1	-999.9	0.0	1.6	96696.9	-999.9
Bamako	2009	3	21	80	24.8	36.0	22.7	-999.9	0.0	1.4	96641.1	-999.9
Bamako	2009	3	22	81	24.9	38.1	23.7	-999.9	0.0	1.5	96490.7	-999.9
Bamako	2009	3	23	82	26.1	39.4	24.0	-999.9	1.0	1.8	96353.2	-999.9
Bamako	2009	3	24	83	25.1	38.2	22.9	-999.9	2.1	1.7	96302.6	-999.9
Bamako	2009	3	25	84	27.5	37.4	21.8	-999.9	1.0	1.7	96268.7	-999.9
Bamako	2009	3	26	85	27.1	35.8	20.7	-999.9	0.0	2.0	96413.7	-999.9
Bamako	2009	3	27	86	25.6	36.5	21.9	-999.9	0.0	1.7	96436.9	-999.9
Bamako	2009	3	28	87	25.4	37.3	23.9	-999.9	0.0	1.9	96330.1	-999.9
Bamako	2009	3	29	88	25.7	35.5	23.4	-999.9	0.0	1.4	96443.4	-999.9
Bamako	2009	3	30	89	25.9	36.8	24.2	-999.9	0.0	1.7	96449.7	-999.9
Bamako	2009	3	31	90	26.6	37.2	24.6	-999.9	0.0	2.5	96386.5	-999.9
Bamako	2009	4	1	91	26.1	36.6	17.6	-999.9	0.0	2.2	96413.7	-999.9
Bamako	2009	4	2	92	25.0	37.2	24.6	-999.9	0.0	2.4	96494.2	-999.9
Bamako	2009	4	3	93	23.0	37.2	25.4	-999.9	0.0	1.9	96530.5	-999.9
Bamako	2009	4	4	94	23.8	37.4	25.7	-999.9	0.0	2.0	96534.5	-999.9
Bamako	2009	4	5	95	23.1	37.4	25.6	-999.9	0.0	2.0	96584.1	-999.9
Bamako	2009	4	6	96	22.7	37.1	25.8	-999.9	0.0	2.2	96644.7	-999.9
Bamako	2009	4	7	97	25.2	37.2	25.0	-999.9	0.0	2.1	96633.2	-999.9
Bamako	2009	4	8	98	23.8	37.1	24.6	-999.9	0.0	1.7	96626.6	-999.9
Bamako	2009	4	9	99	25.6	37.9	24.5	-999.9	0.0	1.4	96466.4	-999.9
Bamako	2009	4	10	100	26.1	39.0	25.7	-999.9	0.0	2.1	96426.4	-999.9
Bamako	2009	4	11	101	24.8	37.4	25.8	-999.9	0.0	1.6	96505.8	-999.9
Bamako	2009	4	12	102	22.8	37.5	25.8	-999.9	0.0	1.8	96527.2	-999.9
Bamako	2009	4	13	103	23.5	37.8	25.7	-999.9	0.0	1.8	96512.9	-999.9
Bamako	2009	4	14	104	28.3	35.5	20.8	-999.9	0.0	2.5	96691.8	-999.9
Bamako	2009	4	15	105	27.7	37.6	21.8	-999.9	0.0	1.9	96732.8	-999.9
Bamako	2009	4	16	106	27.9	37.7	23.0	-999.9	0.0	2.1	96778.6	-999.9
Bamako	2009	4	17	107	27.6	37.7	23.8	-999.9	0.0	1.8	96695.3	-999.9
Bamako	2009	4	18	108	26.1	38.0	24.8	-999.9	0.0	2.3	96598.5	-999.9
Bamako	2009	4	19	109	24.6	38.3	26.2	-999.9	0.0	2.1	96612.5	-999.9
Bamako	2009	4	20	110	23.9	38.9	23.4	-999.9	0.0	1.6	96687.5	-999.9
Bamako	2009	4	21	111	25.1	39.3	23.7	-999.9	5.8	1.9	96646.0	-999.9
Bamako	2009	4	22	112	27.7	38.3	21.2	-999.9	0.0	1.5	96451.8	-999.9
Bamako	2009	4	23	113	26.9	39.5	24.5	-999.9	0.0	2.6	96410.2	-999.9
Bamako	2009	4	24	114	28.0	39.1	25.2	-999.9	0.0	3.2	96573.2	-999.9
Bamako	2009	4	25	115	24.3	38.0	26.6	-999.9	0.0	2.1	96627.5	-999.9
Bamako	2009	4	26	116	22.7	39.3	26.7	-999.9	0.0	1.5	96579.5	-999.9
Bamako	2009	4	27	117	23.5	39.2	26.0	-999.9	0.0	1.5	96536.0	-999.9
Bamako	2009	4	28	118	27.8	36.9	17.2	-999.9	0.0	2.5	96585.4	-999.9
Bamako	2009	4	29	119	28.6	39.6	22.5	-999.9	0.0	1.9	96659.9	-999.9
Bamako	2009	4	30	120	27.3	40.0	25.4	-999.9	0.0	1.8	96637.3	-999.9
Bamako	2009	5	1	121	27.1	39.8	24.7	-999.9	0.0	2.0	96488.7	-999.9
Bamako	2009	5	2	122	23.9	39.5	26.5	-999.9	0.0	1.5	96375.6	-999.9
Bamako	2009	5	3	123	24.6	39.3	26.7	-999.9	0.0	2.4	96378.7	-999.9
Bamako	2009	5	4	124	24.6	38.5	24.7	-999.9	0.0	1.8	96454.4	-999.9
Bamako	2009	5	5	125	27.7	38.9	23.1	-999.9	0.0	2.1	96516.8	-999.9
Bamako	2009	5	6	126	27.0	38.1	22.9	-999.9	0.0	2.4	96522.3	-999.9
Bamako	2009	5	7	127	27.7	37.9	22.1	-999.9	0.0	2.2	96501.1	-999.9
Bamako	2009	5	8	128	25.6	38.1	22.0	-999.9	4.7	2.2	96553.6	-999.9
Bamako	2009	5	9	129	25.2	38.6	24.8	-999.9	0.0	1.3	96496.0	-999.9
Bamako	2009	5	10	130	24.5	37.9	24.1	-999.9	0.0	1.7	96503.0	-999.9
Bamako	2009	5	11	131	26.6	35.7	22.1	-999.9	3.7	1.7	96590.3	-999.9
Bamako	2009	5	12	132	25.2	35.4	20.0	-999.9	3.7	1.5	96695.7	-999.9
Bamako	2009	5	13	133	24.6	35.6	23.1	-999.9	3.7	1.1	96726.0	-999.9
Bamako	2009	5	14	134	24.4	35.6	23.6	-999.9	3.7	1.3	96713.7	-999.9
Bamako	2009	5	15	135	26.2	37.3	23.5	-999.9	0.0	1.7	96537.0	-999.9
Bamako	2009	5	16	136	25.3	37.2	23.4	-999.9	0.0	1.4	96517.7	-999.9
Bamako	2009	5	17	137	27.0	37.5	23.7	-999.9	0.0	2.1	96577.5	-999.9
Bamako	2009	5	18	138	25.9	37.5	23.9	-999.9	0.0	2.1	96618.7	-999.9
Bamako	2009	5	19	139	27.8	38.5	24.1	-999.9	0.0	1.9	96629.6	-999.9
Bamako	2009	5	20	140	26.8	37.5	23.3	-999.9	0.0	2.0	96690.4	-999.9
Bamako	2009	5	21	141	26.9	39.4	23.3	-999.9	0.0	1.8	96581.3	-999.9
Bamako	2009	5	22	142	28.3	39.1	23.7	-999.9	0.0	2.5	96538.9	-999.9
Bamako	2009	5	23	143	28.7	38.4	24.5	-999.9	0.0	2.3	96684.1	-999.9
Bamako	2009	5	24	144	25.8	36.3	24.2	-999.9	5.4	1.6	96711.8	-999.9
Bamako	2009	5	25	145	26.0	37.6	23.2	-999.9	0.0	1.8	96582.3	-999.9
Bamako	2009	5	26	146	27.2	37.6	23.9	-999.9	0.0	1.9	96555.2	-999.9
Bamako	2009	5	27	147	27.3	38.1	24.1	-999.9	3.5	2.1	96519.7	-999.9
Bamako	2009	5	28	148	27.2	36.6	22.7	-999.9	0.0	2.2	96569.7	-999.9
Bamako	2009	5	29	149	24.6	37.0	24.7	-999.9	0.0	1.8	96588.1	-999.9
Bamako	2009	5	30	150	26.1	36.8	23.9	-999.9	0.0	1.8	96568.4	-999.9
Bamako	2009	5	31	151	26.7	36.3	23.8	-999.9	3.5	1.9	96674.6	-999.9
Bamako	2009	6	1	152	24.9	35.8	22.8	-999.9	4.9	1.3	96770.4	-999.9
Bamako	2009	6	2	153	26.8	37.7	23.7	-999.9	2.4	1.9	96649.9	-999.9
Bamako	2009	6	3	154	26.3	38.9	24.1	-999.9	0.0	2.5	96624.8	-999.9
Bamako	2009	6	4	155	24.8	35.2	20.1	-999.9	4.9	2.2	96782.6	-999.9
Bamako	2009	6	5	156	24.8	34.5	23.2	-999.9	0.0	2.0	96836.2	-999.9
Bamako	2009	6	6	157	25.9	34.3	21.6	-999.9	7.1	1.9	96818.1	-999.9
Bamako	2009	6	7	158	24.0	32.9	23.5	-999.9	0.0	1.6	96843.2	-999.9
Bamako	2009	6	8	159	25.3	35.5	22.7	-999.9	4.8	1.4	96755.9	-999.9
Bamako	2009	6	9	160	25.1	35.3	23.2	-999.9	7.1	1.9	96667.7	-999.9
Bamako	2009	6	10	161	25.9	38.8	25.0	-999.9	2.4	2.2	96490.2	-999.9
Bamako	2009	6	11	162	25.7	37.0	24.3	-999.9	0.0	2.0	96596.3	-999.9
Bamako	2009	6	12	163	24.4	34.2	23.9	-999.9	0.0	2.3	96781.6	-999.9
Bamako	2009	6	13	164	23.9	29.1	15.7	-999.9	0.0	1.2	96944.1	-999.9
Bamako	2009	6	14	165	23.6	31.5	23.1	-999.9	20.5	1.3	97024.6	-999.9
Bamako	2009	6	15	166	23.9	31.8	22.9	-999.9	0.0	1.7	96879.9	-999.9
Bamako	2009	6	16	167	24.8	32.1	22.8	-999.9	0.0	2.4	96771.5	-999.9
Bamako	2009	6	17	168	24.7	31.4	20.0	-999.9	4.0	1.9	96776.6	-999.9
Bamako	2009	6	18	169	23.6	32.7	22.4	-999.9	4.0	1.2	96856.2	-999.9
Bamako	2009	6	19	170	24.1	34.0	22.7	-999.9	0.0	2.1	96736.5	-999.9
Bamako	2009	6	20	171	23.7	32.5	22.2	-999.9	1.3	3.1	96699.2	-999.9
Bamako	2009	6	21	172	23.5	31.5	23.5	-999.9	0.0	2.2	96840.6	-999.9
Bamako	2009	6	22	173	22.9	29.8	18.6	-999.9	3.5	1.5	96928.5	-999.9
Bamako	2009	6	23	174	22.7	29.7	21.1	-999.9	0.0	1.4	96945.9	-999.9
Bamako	2009	6	24	175	24.3	33.4	24.0	-999.9	3.5	1.7	96812.7	-999.9
Bamako	2009	6	25	176	24.3	33.2	23.3	-999.9	10.4	2.1	96810.0	-999.9
Bamako	2009	6	26	177	22.8	33.9	24.8	-999.9	10.1	2.0	96914.4	-999.9
Bamako	2009	6	27	178	23.1	30.8	17.1	-999.9	5.0	1.8	96918.8	-999.9
Bamako	2009	6	28	179	24.0	32.4	24.2	-999.9	0.0	1.7	96956.4	-999.9
Bamako	2009	6	29	180	24.1	32.0	23.0	-999.9	0.0	2.4	96877.8	-999.9
Bamako	2009	6	30	181	23.5	33.0	21.2	-999.9	5.0	2.2	96842.0	-999.9
Bamako	2009	7	1	182	24.0	33.0	22.3	-999.9	8.6	1.6	96982.6	-999.9
Bamako	2009	7	2	183	23.4	32.4	23.0	-999.9	0.0	1.3	96954.2	-999.9
Bamako	2009	7	3	184	24.0	34.1	24.1	-999.9	0.0	1.3	96910.0	-999.9
Bamako	2009	7	4	185	24.9	34.4	23.4	-999.9	0.0	1.3	96861.3	-999.9
Bamako	2009	7	5	186	25.4	33.7	21.9	-999.9	0.0	2.2	96789.5	-999.9
Bamako	2009	7	6	187	24.6	34.9	23.6	-999.9	0.0	1.8	96688.1	-999.9
Bamako	2009	7	7	188	23.3	33.7	23.4	-999.9	9.5	2.0	96680.2	-999.9
Bamako	2009	7	8	189	22.9	29.1	15.1	-999.9	9.5	1.2	96885.5	-999.9
Bamako	2009	7	9	190	23.9	31.6	21.5	-999.9	0.0	1.4	96918.3	-999.9
Bamako	2009	7	10	191	23.8	32.4	19.6	-999.9	9.5	1.7	96827.7	-999.9
Bamako	2009	7	11	192	24.3	31.3	23.6	-999.9	0.0	1.6	96814.3	-999.9
Bamako	2009	7	12	193	23.5	29.5	18.7	-999.9	12.9	1.4	97015.0	-999.9
Bamako	2009	7	13	194	22.4	31.4	22.9	-999.9	0.0	1.3	97061.9	-999.9
Bamako	2009	7	14	195	24.0	30.7	20.3	-999.9	25.8	1.6	96939.2	-999.9
Bamako	2009	7	15	196	23.1	29.2	17.9	-999.9	0.0	1.8	96998.2	-999.9
Bamako	2009	7	16	197	22.5	30.3	21.7	-999.9	0.0	1.5	97160.1	-999.9
Bamako	2009	7	17	198	23.8	30.9	20.9	-999.9	0.0	2.1	96951.8	-999.9
Bamako	2009	7	18	199	24.3	28.9	17.8	-999.9	9.3	2.8	96800.8	-999.9
Bamako	2009	7	19	200	23.3	29.0	19.5	-999.9	0.0	2.2	96915.0	-999.9
Bamako	2009	7	20	201	23.6	30.4	21.7	-999.9	9.3	1.1	97092.5	-999.9
Bamako	2009	7	21	202	22.6	30.3	20.0	-999.9	0.0	1.6	97005.6	-999.9
Bamako	2009	7	22	203	24.1	31.5	19.5	-999.9	12.7	1.3	96795.0	-999.9
Bamako	2009	7	23	204	23.4	30.6	22.2	-999.9	0.0	1.7	96787.9	-999.9
Bamako	2009	7	24	205	23.4	31.9	23.8	-999.9	12.7	1.5	96841.2	-999.9
Bamako	2009	7	25	206	23.2	29.6	14.4	-999.9	25.4	1.6	96844.6	-999.9
Bamako	2009	7	26	207	22.5	30.2	21.1	-999.9	0.0	1.2	96893.2	-999.9
Bamako	2009	7	27	208	23.3	30.3	20.3	-999.9	8.5	1.5	96878.3	-999.9
Bamako	2009	7	28	209	23.3	30.4	18.2	-999.9	25.6	1.5	96928.3	-999.9
Bamako	2009	7	29	210	23.2	29.0	12.3	-999.9	0.0	1.1	96955.7	-999.9
Bamako	2009	7	30	211	22.0	30.2	18.6	-999.9	0.0	1.8	96971.3	-999.9
Bamako	2009	7	31	212	23.4	30.2	18.9	-999.9	17.1	2.0	96960.3	-999.9
Bamako	2009	8	1	213	24.0	29.6	19.2	-999.9	0.0	1.3	96846.6	-999.9
Bamako	2009	8	2	214	22.5	28.6	17.0	-999.9	0.0	1.8	96962.5	-999.9
Bamako	2009	8	3	215	23.0	31.2	22.4	-999.9	14.0	1.6	96932.4	-999.9
Bamako	2009	8	4	216	22.8	29.5	18.5	-999.9	7.0	1.1	96961.3	-999.9
Bamako	2009	8	5	217	22.6	28.1	14.5	-999.9	21.1	1.2	96918.2	-999.9
Bamako	2009	8	6	218	23.1	30.0	18.2	-999.9	10.7	1.6	96934.1	-999.9
Bamako	2009	8	7	219	23.1	30.1	20.7	-999.9	10.7	1.3	96946.5	-999.9
Bamako	2009	8	8	220	22.4	30.1	20.0	-999.9	0.0	1.9	96956.0	-999.9
Bamako	2009	8	9	221	23.7	30.8	22.6	-999.9	0.0	1.4	96854.3	-999.9
Bamako	2009	8	10	222	23.0	30.8	21.3	-999.9	10.7	1.1	96886.6	-999.9
Bamako	2009	8	11	223	23.1	29.9	21.5	-999.9	0.0	0.9	96955.0	-999.9
Bamako	2009	8	12	224	23.4	30.4	21.7	-999.9	0.0	1.6	96897.6	-999.9
Bamako	2009	8	13	225	23.2	29.2	14.0	-999.9	37.1	1.4	96805.7	-999.9
Bamako	2009	8	14	226	23.0	29.7	19.7	-999.9	12.4	1.3	96801.0	-999.9
Bamako	2009	8	15	227	22.0	29.8	22.5	-999.9	0.0	1.3	96844.6	-999.9
Bamako	2009	8	16	228	23.0	29.8	22.0	-999.9	17.0	1.2	96900.7	-999.9
Bamako	2009	8	17	229	23.3	29.8	20.4	-999.9	8.5	1.2	96799.5	-999.9
Bamako	2009	8	18	230	23.4	30.2	22.1	-999.9	17.0	1.1	96734.6	-999.9
Bamako	2009	8	19	231	22.9	28.8	17.1	-999.9	8.5	1.0	96778.7	-999.9
Bamako	2009	8	20	232	22.4	29.2	18.0	-999.9	0.0	1.6	96798.0	-999.9
Bamako	2009	8	21	233	23.0	30.2	21.4	-999.9	19.9	1.3	96740.3	-999.9
Bamako	2009	8	22	234	22.8	29.7	20.7	-999.9	0.0	1.3	96773.8	-999.9
Bamako	2009	8	23	235	22.7	28.9	18.4	-999.9	0.0	1.0	96808.9	-999.9
Bamako	2009	8	24	236	21.9	28.2	16.5	-999.9	0.0	1.2	96794.1	-999.9
Bamako	2009	8	25	237	22.2	29.5	19.5	-999.9	0.0	1.7	96865.0	-999.9
Bamako	2009	8	26	238	22.5	29.8	20.9	-999.9	7.9	1.0	96833.9	-999.9
Bamako	2009	8	27	239	23.0	29.3	20.1	-999.9	0.0	1.2	96923.2	-999.9
Bamako	2009	8	28	240	23.0	30.6	19.8	-999.9	0.0	1.5	96873.2	-999.9
Bamako	2009	8	29	241	23.2	29.1	15.4	-999.9	7.9	1.7	96767.5	-999.9
Bamako	2009	8	30	242	22.7	24.9	6.4	-999.9	23.8	1.4	96734.4	-999.9
Bamako	2009	8	31	243	22.2	28.9	17.3	-999.9	0.0	1.9	96948.2	-999.9
Bamako	2009	9	1	244	22.7	30.0	20.4	-999.9	0.0	1.9	96995.1	-999.9
Bamako	2009	9	2	245	23.1	27.0	11.7	-999.9	71.6	2.2	96787.4	-999.9
Bamako	2009	9	3	246	21.7	27.6	15.2	-999.9	0.0	1.8	96904.9	-999.9
Bamako	2009	9	4	247	22.6	28.3	14.9	-999.9	14.3	2.0	96985.1	-999.9
Bamako	2009	9	5	248	21.9	27.5	12.8	-999.9	0.0	1.9	96948.1	-999.9
Bamako	2009	9	6	249	21.3	29.5	19.1	-999.9	11.7	1.4	96972.7	-999.9
Bamako	2009	9	7	250	22.3	25.7	12.6	-999.9	11.7	1.7	96956.9	-999.9
Bamako	2009	9	8	251	21.8	28.9	19.3	-999.9	0.0	1.8	96962.0	-999.9
Bamako	2009	9	9	252	22.1	29.4	19.1	-999.9	0.0	1.3	96906.2	-999.9
Bamako	2009	9	10	253	22.6	29.6	21.2	-999.9	35.0	1.2	96905.2	-999.9
Bamako	2009	9	11	254	22.5	30.0	21.1	-999.9	7.6	1.3	96924.7	-999.9
Bamako	2009	9	12	255	22.8	29.8	21.4	-999.9	15.1	1.0	96944.2	-999.9
Bamako	2009	9	13	256	21.6	30.1	22.6	-999.9	0.0	0.7	97103.1	-999.9
Bamako	2009	9	14	257	22.9	30.6	22.3	-999.9	7.6	1.0	97074.6	-999.9
Bamako	2009	9	15	258	23.4	30.5	22.2	-999.9	15.1	1.2	96983.1	-999.9
Bamako	2009	9	16	259	22.8	29.6	17.9	-999.9	9.9	1.5	96920.5	-999.9
Bamako	2009	9	17	260	22.7	29.1	19.2	-999.9	19.8	1.1	96950.6	-999.9
Bamako	2009	9	18	261	22.0	31.1	23.7	-999.9	0.0	1.1	96995.1	-999.9
Bamako	2009	9	19	262	23.8	30.7	19.5	-999.9	0.0	1.7	96936.6	-999.9
Bamako	2009	9	20	263	23.6	29.3	14.8	-999.9	19.8	1.9	96889.4	-999.9
Bamako	2009	9	21	264	22.9	29.4	16.9	-999.9	0.0	1.2	96797.7	-999.9
Bamako	2009	9	22	265	22.2	28.6	19.0	-999.9	0.0	1.7	96817.4	-999.9
Bamako	2009	9	23	266	21.7	31.1	23.4	-999.9	0.0	1.1	96853.6	-999.9
Bamako	2009	9	24	267	23.7	32.3	23.1	-999.9	12.1	1.0	96808.3	-999.9
Bamako	2009	9	25	268	23.3	30.8	18.6	-999.9	6.1	1.6	96920.1	-999.9
Bamako	2009	9	26	269	23.2	30.6	19.9	-999.9	16.1	1.2	96995.4	-999.9
Bamako	2009	9	27	270	22.5	32.4	23.9	-999.9	0.0	0.8	96881.0	-999.9
Bamako	2009	9	28	271	23.1	31.6	22.1	-999.9	0.0	1.0	96881.2	-999.9
Bamako	2009	9	29	272	23.4	31.1	18.7	-999.9	0.0	1.3	96921.8	-999.9
Bamako	2009	9	30	273	23.6	30.6	18.9	-999.9	16.1	1.0	96939.7	-999.9
Bamako	2009	10	1	274	22.7	31.1	21.8	-999.9	2.1	1.3	96978.3	-999.9
Bamako	2009	10	2	275	23.6	32.0	23.0	-999.9	0.0	1.2	96979.3	-999.9
Bamako	2009	10	3	276	23.1	31.5	22.3	-999.9	2.1	1.2	96919.0	-999.9
Bamako	2009	10	4	277	23.4	33.4	23.5	-999.9	0.0	1.1	96836.5	-999.9
Bamako	2009	10	5	278	23.6	33.7	23.2	-999.9	4.2	1.2	96774.8	-999.9
Bamako	2009	10	6	279	23.2	32.7	22.5	-999.9	0.0	1.3	96864.8	-999.9
Bamako	2009	10	7	280	24.6	32.2	20.7	-999.9	0.0	1.5	96976.6	-999.9
Bamako	2009	10	8	281	24.0	33.0	22.6	-999.9	0.0	1.8	96863.5	-999.9
Bamako	2009	10	9	282	22.6	33.5	23.5	-999.9	0.0	1.2	96730.8	-999.9
Bamako	2009	10	10	283	23.6	32.4	21.3	-999.9	0.0	1.3	96750.1	-999.9
Bamako	2009	10	11	284	23.8	32.3	21.0	-999.9	0.0	1.3	96698.2	-999.9
Bamako	2009	10	12	285	23.8	33.1	21.8	-999.9	4.1	1.2	96624.3	-999.9
Bamako	2009	10	13	286	24.2	32.7	21.1	-999.9	0.0	1.6	96656.1	-999.9
Bamako	2009	10	14	287	23.8	33.0	21.3	-999.9	0.0	1.3	96654.1	-999.9
Bamako	2009	10	15	288	23.6	31.1	19.8	-999.9	2.0	1.2	96670.8	-999.9
Bamako	2009	10	16	289	23.7	32.6	21.2	-999.9	0.0	1.9	96720.1	-999.9
Bamako	2009	10	17	290	23.9	31.6	20.7	-999.9	7.4	1.3	96789.2	-999.9
Bamako	2009	10	18	291	22.6	32.7	21.6	-999.9	3.7	1.8	96700.2	-999.9
Bamako	2009	10	19	292	23.3	33.9	23.2	-999.9	0.0	1.9	96583.1	-999.9
Bamako	2009	10	20	293	22.0	33.9	22.8	-999.9	0.0	1.8	96547.8	-999.9
Bamako	2009	10	21	294	23.3	33.4	21.9	-999.9	0.0	1.9	96674.8	-999.9
Bamako	2009	10	22	295	23.3	32.9	20.4	-999.9	0.0	1.5	96759.7	-999.9
Bamako	2009	10	23	296	23.3	31.3	16.7	-999.9	10.6	1.4	96831.5	-999.9
Bamako	2009	10	24	297	23.0	29.7	17.5	-999.9	16.0	1.5	96902.4	-999.9
Bamako	2009	10	25	298	22.3	29.6	18.2	-999.9	5.3	1.1	96805.0	-999.9
Bamako	2009	10	26	299	22.4	32.5	22.3	-999.9	0.0	1.4	96652.1	-999.9
Bamako	2009	10	27	300	20.6	33.1	22.3	-999.9	0.0	1.2	96689.6	-999.9
Bamako	2009	10	28	301	20.7	32.8	22.3	-999.9	0.0	1.2	96715.4	-999.9
Bamako	2009	10	29	302	20.0	33.2	22.5	-999.9	0.0	1.6	96625.4	-999.9
Bamako	2009	10	30	303	19.4	32.6	21.3	-999.9	2.4	1.2	96568.1	-999.9
Bamako	2009	10	31	304	23.4	31.4	18.1	-999.9	4.9	1.3	96713.3	-999.9
Bamako	2009	11	1	305	22.4	25.3	8.2	-999.9	2.4	2.0	96862.5	-999.9
Bamako	2009	11	2	306	21.3	28.2	17.6	-999.9	0.0	1.8	96839.6	-999.9
Bamako	2009	11	3	307	22.1	30.8	20.6	-999.9	0.0	2.1	96855.2	-999.9
Bamako	2009	11	4	308	21.0	31.0	20.4	-999.9	2.4	2.0	96867.7	-999.9
Bamako	2009	11	5	309	19.7	32.3	21.8	-999.9	0.0	1.8	96912.7	-999.9
Bamako	2009	11	6	310	20.2	32.7	21.9	-999.9	0.0	1.7	96750.5	-999.9
Bamako	2009	11	7	311	19.8	32.8	21.9	-999.9	0.0	1.5	96675.6	-999.9
Bamako	2009	11	8	312	19.7	33.2	21.6	-999.9	0.0	1.1	96686.9	-999.9
Bamako	2009	11	9	313	20.7	32.9	20.7	-999.9	0.0	0.9	96787.3	-999.9
Bamako	2009	11	10	314	19.8	32.5	20.7	-999.9	0.0	1.4	96768.6	-999.9
Bamako	2009	11	11	315	19.7	33.5	21.6	-999.9	0.0	1.8	96655.2	-999.9
Bamako	2009	11	12	316	19.0	33.1	21.6	-999.9	0.0	1.8	96658.8	-999.9
Bamako	2009	11	13	317	20.7	33.3	21.7	-999.9	0.0	2.4	96785.5	-999.9
Bamako	2009	11	14	318	19.0	31.4	21.7	-999.9	0.0	2.1	96844.9	-999.9
Bamako	2009	11	15	319	18.2	32.6	21.6	-999.9	0.0	1.5	96763.2	-999.9
Bamako	2009	11	16	320	18.1	33.4	21.3	-999.9	0.0	1.6	96732.0	-999.9
Bamako	2009	11	17	321	20.2	34.1	21.1	-999.9	0.0	1.6	96780.6	-999.9
Bamako	2009	11	18	322	19.3	33.5	21.2	-999.9	0.0	1.8	96903.2	-999.9
Bamako	2009	11	19	323	18.0	31.4	21.5	-999.9	0.0	1.9	96923.6	-999.9
Bamako	2009	11	20	324	17.5	31.5	21.2	-999.9	0.0	2.0	97026.1	-999.9
Bamako	2009	11	21	325	17.9	32.6	21.2	-999.9	0.0	2.3	97070.3	-999.9
Bamako	2009	11	22	326	19.3	31.8	19.0	-999.9	0.0	2.3	97061.6	-999.9
Bamako	2009	11	23	327	18.7	31.7	21.2	-999.9	0.0	2.3	96922.6	-999.9
Bamako	2009	11	24	328	17.9	32.9	21.0	-999.9	0.0	2.1	96853.8	-999.9
Bamako	2009	11	25	329	18.4	33.6	20.6	-999.9	0.0	2.2	96908.3	-999.9
Bamako	2009	11	26	330	20.3	33.1	20.7	-999.9	0.0	2.3	96991.7	-999.9
Bamako	2009	11	27	331	18.7	32.3	20.0	-999.9	0.0	2.0	96888.6	-999.9
Bamako	2009	11	28	332	18.5	32.8	19.5	-999.9	0.0	1.7	96858.2	-999.9
Bamako	2009	11	29	333	18.7	33.4	19.4	-999.9	0.0	1.9	96795.0	-999.9
Bamako	2009	11	30	334	19.4	33.0	19.1	-999.9	0.0	1.9	96809.7	-999.9
Bamako	2009	12	1	335	17.9	32.7	20.6	-999.9	0.0	1.9	96885.4	-999.9
Bamako	2009	12	2	336	18.5	32.7	19.7	-999.9	0.0	2.1	96881.2	-999.9
Bamako	2009	12	3	337	19.0	33.4	20.3	-999.9	0.0	2.3	96893.3	-999.9
Bamako	2009	12	4	338	20.2	33.5	20.1	-999.9	0.1	2.6	96898.5	-999.9
Bamako	2009	12	5	339	18.6	33.7	20.1	-999.9	0.0	2.4	96856.8	-999.9
Bamako	2009	12	6	340	19.1	33.9	20.5	-999.9	0.0	2.4	96835.5	-999.9
Bamako	2009	12	7	341	20.2	33.3	20.3	-999.9	0.0	2.7	96795.6	-999.9
Bamako	2009	12	8	342	20.3	33.3	20.3	-999.9	0.0	2.9	96901.6	-999.9
Bamako	2009	12	9	343	19.7	31.4	19.8	-999.9	0.0	2.8	97006.8	-999.9
Bamako	2009	12	10	344	20.2	30.8	17.2	-999.9	0.0	2.2	96946.4	-999.9
Bamako	2009	12	11	345	18.1	31.5	19.2	-999.9	0.0	1.8	96833.3	-999.9
Bamako	2009	12	12	346	19.3	32.2	18.1	-999.9	0.0	1.5	96742.0	-999.9
Bamako	2009	12	13	347	19.7	31.8	18.8	-999.9	0.0	1.6	96753.4	-999.9
Bamako	2009	12	14	348	18.5	31.8	18.2	-999.9	0.0	1.2	96805.5	-999.9
Bamako	2009	12	15	349	19.5	32.3	15.7	-999.9	0.0	1.5	96859.2	-999.9
Bamako	2009	12	16	350	21.1	33.5	18.7	-999.9	0.0	2.6	96861.7	-999.9
Bamako	2009	12	17	351	21.2	34.2	19.7	-999.9	0.0	2.6	96937.0	-999.9
Bamako	2009	12	18	352	20.4	34.4	19.6	-999.9	0.0	2.3	96892.1	-999.9
Bamako	2009	12	19	353	20.5	33.0	17.9	-999.9	0.0	2.1	96821.0	-999.9
Bamako	2009	12	20	354	18.9	34.3	19.6	-999.9	0.0	1.7	96798.6	-999.9
Bamako	2009	12	21	355	18.4	34.6	20.0	-999.9	0.0	1.7	96903.9	-999.9
Bamako	2009	12	22	356	18.1	34.7	19.9	-999.9	0.0	2.0	97021.0	-999.9
Bamako	2009	12	23	357	17.8	34.5	20.1	-999.9	0.0	2.2	96942.9	-999.9
Bamako	2009	12	24	358	17.7	34.3	20.3	-999.9	0.0	2.1	96921.9	-999.9
Bamako	2009	12	25	359	16.3	34.4	20.6	-999.9	0.0	2.1	96932.8	-999.9
Bamako	2009	12	26	360	17.9	34.7	20.4	-999.9	0.0	2.4	96924.8	-999.9
Bamako	2009	12	27	361	18.2	33.8	20.5	-999.9	0.0	2.4	96876.8	-999.9
Bamako	2009	12	28	362	17.5	33.6	20.5	-999.9	0.0	2.3	96811.7	-999.9
Bamako	2009	12	29	363	17.8	34.1	20.4	-999.9	0.0	2.3	96759.7	-999.9
Bamako	2009	12	30	364	17.4	33.4	20.4	-999.9	0.0	2.1	96777.4	-999.9
Bamako	2009	12	31	365	16.6	33.4	20.4	-999.9	0.0	2.3	96837.0	-999.9
