Bamako	2021	1	1	1	19.6	34.3	20.0	-999.9	0.0	1.7	96741.9	-999.9
Bamako	2021	1	2	2	19.8	33.6	19.9	-999.9	0.0	1.8	96687.0	-999.9
Bamako	2021	1	3	3	19.2	33.4	19.9	-999.9	0.0	1.3	96664.7	-999.9
Bamako	2021	1	4	4	20.7	34.0	20.0	-999.9	0.0	2.2	96707.5	-999.9
Bamako	2021	1	5	5	20.2	33.8	20.2	-999.9	0.0	2.3	96739.4	-999.9
Bamako	2021	1	6	6	19.3	34.3	20.5	-999.9	0.0	2.3	96803.6	-999.9
Bamako	2021	1	7	7	20.0	34.8	20.3	-999.9	0.0	2.4	96821.0	-999.9
Bamako	2021	1	8	8	17.6	35.4	20.3	-999.9	0.0	2.1	96727.1	-999.9
Bamako	2021	1	9	9	18.8	35.6	20.4	-999.9	0.0	1.5	96666.6	-999.9
Bamako	2021	1	10	10	20.3	35.2	20.1	-999.9	0.0	1.9	96588.0	-999.9
Bamako	2021	1	11	11	19.7	32.7	20.5	-999.9	0.0	2.7	96728.6	-999.9
Bamako	2021	1	12	12	18.5	32.9	20.6	-999.9	0.0	2.3	96854.7	-999.9
Bamako	2021	1	13	13	19.3	33.5	20.6	-999.9	0.0	2.5	96921.3	-999.9
Bamako	2021	1	14	14	18.2	32.7	21.0	-999.9	0.0	2.4	96892.5	-999.9
Bamako	2021	1	15	15	18.7	32.3	20.9	-999.9	0.0	2.6	96824.2	-999.9
Bamako	2021	1	16	16	17.9	31.5	20.4	-999.9	0.0	2.7	96778.3	-999.9
Bamako	2021	1	17	17	15.9	30.8	21.3	-999.9	0.0	2.4	96846.5	-999.9
Bamako	2021	1	18	18	16.5	32.0	21.2	-999.9	0.0	2.3	96885.5	-999.9
Bamako	2021	1	19	19	17.5	33.1	21.1	-999.9	0.0	2.3	96899.1	-999.9
Bamako	2021	1	20	20	18.3	33.8	21.1	-999.9	0.0	2.4	96852.7	-999.9
Bamako	2021	1	21	21	18.8	32.8	21.3	-999.9	0.0	2.6	96893.0	-999.9
Bamako	2021	1	22	22	18.2	31.5	21.4	-999.9	0.0	2.5	96985.2	-999.9
Bamako	2021	1	23	23	18.1	30.3	19.3	-999.9	0.0	2.4	96959.3	-999.9
Bamako	2021	1	24	24	16.3	31.6	21.7	-999.9	0.0	2.2	96851.6	-999.9
Bamako	2021	1	25	25	16.4	32.3	21.8	-999.9	0.0	2.2	96828.9	-999.9
Bamako	2021	1	26	26	17.3	33.3	21.8	-999.9	0.0	2.3	96837.2	-999.9
Bamako	2021	1	27	27	18.0	33.3	21.6	-999.9	0.0	2.5	96829.9	-999.9
Bamako	2021	1	28	28	18.4	33.4	21.7	-999.9	0.0	2.4	96794.4	-999.9
Bamako	2021	1	29	29	17.7	34.2	21.7	-999.9	0.0	2.3	96844.8	-999.9
Bamako	2021	1	30	30	18.9	34.2	21.8	-999.9	0.0	2.4	96854.4	-999.9
Bamako	2021	1	31	31	18.9	33.0	21.5	-999.9	0.0	2.5	96854.7	-999.9
Bamako	2021	2	1	32	17.6	32.9	21.8	-999.9	0.0	2.3	96837.5	-999.9
Bamako	2021	2	2	33	17.7	33.0	21.9	-999.9	0.0	2.2	96867.5	-999.9
Bamako	2021	2	3	34	17.8	34.0	22.0	-999.9	0.0	2.0	96846.1	-999.9
Bamako	2021	2	4	35	16.8	35.5	20.9	-999.9	0.0	1.9	96707.7	-999.9
Bamako	2021	2	5	36	18.6	35.7	21.5	-999.9	0.0	1.4	96699.5	-999.9
Bamako	2021	2	6	37	20.5	35.2	21.5	-999.9	0.0	2.1	96760.7	-999.9
Bamako	2021	2	7	38	22.1	30.9	16.6	-999.9	0.0	2.9	96800.7	-999.9
Bamako	2021	2	8	39	20.6	33.3	21.6	-999.9	0.0	2.3	96759.7	-999.9
Bamako	2021	2	9	40	19.6	34.1	21.9	-999.9	0.0	2.4	96759.2	-999.9
Bamako	2021	2	10	41	20.3	35.4	21.9	-999.9	0.0	2.3	96730.6	-999.9
Bamako	2021	2	11	42	21.2	36.5	22.1	-999.9	0.0	2.2	96689.0	-999.9
Bamako	2021	2	12	43	21.2	36.9	22.3	-999.9	0.0	2.3	96601.3	-999.9
Bamako	2021	2	13	44	20.3	37.0	22.3	-999.9	0.0	2.1	96473.7	-999.9
Bamako	2021	2	14	45	19.6	36.7	22.2	-999.9	0.0	1.3	96381.9	-999.9
Bamako	2021	2	15	46	21.8	37.3	21.9	-999.9	0.0	1.5	96401.7	-999.9
Bamako	2021	2	16	47	21.9	36.5	21.4	-999.9	0.0	1.3	96429.0	-999.9
Bamako	2021	2	17	48	23.7	35.4	19.5	-999.9	0.0	1.5	96581.2	-999.9
Bamako	2021	2	18	49	23.2	33.8	19.5	-999.9	0.0	1.9	96841.6	-999.9
Bamako	2021	2	19	50	23.1	35.3	21.0	-999.9	0.0	1.8	96872.6	-999.9
Bamako	2021	2	20	51	22.5	35.0	21.4	-999.9	0.0	2.0	96939.7	-999.9
Bamako	2021	2	21	52	22.1	35.9	23.0	-999.9	0.0	2.2	96805.2	-999.9
Bamako	2021	2	22	53	21.2	35.0	23.1	-999.9	0.0	2.7	96785.4	-999.9
Bamako	2021	2	23	54	19.2	34.6	23.9	-999.9	0.0	2.4	96853.6	-999.9
Bamako	2021	2	24	55	19.5	34.4	23.9	-999.9	0.0	2.4	96872.5	-999.9
Bamako	2021	2	25	56	20.5	34.1	23.9	-999.9	0.0	2.9	96851.6	-999.9
Bamako	2021	2	26	57	19.1	32.8	23.4	-999.9	0.0	2.5	96787.1	-999.9
Bamako	2021	2	27	58	19.3	33.0	23.5	-999.9	0.0	2.2	96639.6	-999.9
Bamako	2021	2	28	59	21.3	35.5	22.7	-999.9	0.0	2.0	96484.8	-999.9
Bamako	2021	3	1	60	21.3	36.7	22.7	-999.9	0.0	2.1	96473.6	-999.9
Bamako	2021	3	2	61	23.4	37.6	23.1	-999.9	0.0	2.6	96509.5	-999.9
Bamako	2021	3	3	62	23.9	37.8	21.6	-999.9	0.0	2.5	96566.7	-999.9
Bamako	2021	3	4	63	24.8	38.5	22.6	-999.9	0.0	2.5	96452.3	-999.9
Bamako	2021	3	5	64	23.5	36.9	23.8	-999.9	0.0	2.1	96493.2	-999.9
Bamako	2021	3	6	65	23.0	38.2	23.7	-999.9	0.0	1.8	96552.8	-999.9
Bamako	2021	3	7	66	26.3	37.9	21.9	-999.9	0.0	1.5	96614.7	-999.9
Bamako	2021	3	8	67	24.7	38.0	23.9	-999.9	2.1	2.0	96519.9	-999.9
Bamako	2021	3	9	68	24.2	37.4	24.0	-999.9	0.0	2.0	96447.2	-999.9
Bamako	2021	3	10	69	23.4	36.0	24.4	-999.9	0.0	2.1	96517.0	-999.9
Bamako	2021	3	11	70	24.0	35.1	23.6	-999.9	0.0	2.4	96552.2	-999.9
Bamako	2021	3	12	71	21.9	32.8	24.6	-999.9	0.0	2.6	96649.4	-999.9
Bamako	2021	3	13	72	20.2	33.4	24.8	-999.9	0.0	2.3	96720.2	-999.9
Bamako	2021	3	14	73	21.6	34.9	23.7	-999.9	0.0	1.9	96733.0	-999.9
Bamako	2021	3	15	74	21.8	36.2	24.5	-999.9	0.0	1.7	96591.1	-999.9
Bamako	2021	3	16	75	21.7	35.7	24.8	-999.9	0.0	1.4	96492.6	-999.9
Bamako	2021	3	17	76	23.4	36.2	24.5	-999.9	0.0	1.6	96481.3	-999.9
Bamako	2021	3	18	77	23.1	36.5	24.5	-999.9	0.0	1.7	96517.3	-999.9
Bamako	2021	3	19	78	25.3	36.2	22.7	-999.9	0.0	1.3	96449.9	-999.9
Bamako	2021	3	20	79	25.6	37.1	22.4	-999.9	0.0	2.1	96438.7	-999.9
Bamako	2021	3	21	80	26.0	37.9	22.4	-999.9	0.0	1.8	96462.3	-999.9
Bamako	2021	3	22	81	25.3	35.9	22.0	-999.9	0.0	2.3	96461.3	-999.9
Bamako	2021	3	23	82	27.2	35.6	19.7	-999.9	0.0	1.6	96628.0	-999.9
Bamako	2021	3	24	83	24.8	38.3	24.6	-999.9	0.0	2.2	96774.4	-999.9
Bamako	2021	3	25	84	24.5	38.0	25.3	-999.9	0.0	2.7	96712.3	-999.9
Bamako	2021	3	26	85	24.3	38.3	25.6	-999.9	0.0	2.7	96659.8	-999.9
Bamako	2021	3	27	86	22.6	38.5	26.3	-999.9	0.0	2.3	96548.2	-999.9
Bamako	2021	3	28	87	22.6	36.6	22.4	-999.9	0.0	2.3	96575.2	-999.9
Bamako	2021	3	29	88	24.3	37.4	24.9	-999.9	0.0	2.1	96606.6	-999.9
Bamako	2021	3	30	89	21.6	37.6	25.1	-999.9	0.0	2.0	96590.0	-999.9
Bamako	2021	3	31	90	21.7	38.2	25.9	-999.9	0.0	2.4	96487.9	-999.9
Bamako	2021	4	1	91	21.8	38.7	26.0	-999.9	0.0	2.3	96555.6	-999.9
Bamako	2021	4	2	92	21.0	38.8	26.4	-999.9	0.0	2.4	96649.5	-999.9
Bamako	2021	4	3	93	21.1	39.0	26.3	-999.9	0.0	2.3	96572.2	-999.9
Bamako	2021	4	4	94	22.2	38.3	26.0	-999.9	0.0	1.6	96510.1	-999.9
Bamako	2021	4	5	95	22.9	38.8	25.4	-999.9	0.0	1.8	96476.7	-999.9
Bamako	2021	4	6	96	22.3	39.1	25.4	-999.9	0.0	1.7	96464.3	-999.9
Bamako	2021	4	7	97	23.2	39.3	24.5	-999.9	0.0	1.9	96561.3	-999.9
Bamako	2021	4	8	98	24.8	40.6	26.2	-999.9	0.0	2.8	96559.5	-999.9
Bamako	2021	4	9	99	26.1	40.2	26.4	-999.9	0.0	2.5	96425.5	-999.9
Bamako	2021	4	10	100	22.1	39.9	25.2	-999.9	0.0	2.0	96337.4	-999.9
Bamako	2021	4	11	101	23.9	39.5	24.2	-999.9	0.0	1.7	96332.0	-999.9
Bamako	2021	4	12	102	25.9	40.3	25.0	-999.9	0.0	2.3	96450.3	-999.9
Bamako	2021	4	13	103	26.0	39.7	23.8	-999.9	0.0	1.9	96522.6	-999.9
Bamako	2021	4	14	104	27.2	38.1	22.8	-999.9	0.0	2.6	96551.4	-999.9
Bamako	2021	4	15	105	27.2	37.2	22.0	-999.9	0.0	1.8	96503.6	-999.9
Bamako	2021	4	16	106	26.8	38.9	22.3	-999.9	0.0	1.7	96313.0	-999.9
Bamako	2021	4	17	107	26.9	35.9	17.9	-999.9	0.0	2.2	96543.0	-999.9
Bamako	2021	4	18	108	24.2	38.1	24.2	-999.9	0.0	1.7	96568.0	-999.9
Bamako	2021	4	19	109	24.6	39.0	25.8	-999.9	0.0	1.5	96540.8	-999.9
Bamako	2021	4	20	110	23.3	39.3	24.9	-999.9	0.0	1.5	96385.6	-999.9
Bamako	2021	4	21	111	27.6	37.7	21.5	-999.9	0.0	2.3	96435.0	-999.9
Bamako	2021	4	22	112	27.6	38.4	15.8	-999.9	0.0	2.5	96478.8	-999.9
Bamako	2021	4	23	113	25.3	38.2	24.3	-999.9	3.5	2.6	96552.1	-999.9
Bamako	2021	4	24	114	26.0	38.5	24.4	-999.9	0.0	1.5	96416.4	-999.9
Bamako	2021	4	25	115	28.0	39.0	23.9	-999.9	0.0	1.8	96413.4	-999.9
Bamako	2021	4	26	116	26.6	38.9	24.6	-999.9	0.0	1.8	96444.1	-999.9
Bamako	2021	4	27	117	26.2	39.2	23.3	-999.9	0.0	1.8	96323.5	-999.9
Bamako	2021	4	28	118	27.2	39.5	23.3	-999.9	6.4	2.4	96330.0	-999.9
Bamako	2021	4	29	119	28.2	38.2	21.2	-999.9	0.0	2.3	96403.3	-999.9
Bamako	2021	4	30	120	27.9	38.6	21.9	-999.9	0.0	1.9	96402.0	-999.9
Bamako	2021	5	1	121	26.8	38.3	25.1	-999.9	1.9	1.6	96497.0	-999.9
Bamako	2021	5	2	122	27.0	37.8	23.2	-999.9	0.0	1.8	96418.5	-999.9
Bamako	2021	5	3	123	26.4	39.0	24.7	-999.9	3.8	1.8	96400.4	-999.9
Bamako	2021	5	4	124	27.0	38.4	23.1	-999.9	0.0	1.9	96403.9	-999.9
Bamako	2021	5	5	125	27.8	38.7	23.8	-999.9	0.0	2.1	96432.4	-999.9
Bamako	2021	5	6	126	27.8	38.5	24.5	-999.9	0.0	2.5	96533.3	-999.9
Bamako	2021	5	7	127	27.8	37.5	23.6	-999.9	2.8	2.3	96752.3	-999.9
Bamako	2021	5	8	128	27.0	38.3	23.8	-999.9	0.0	2.0	96706.6	-999.9
Bamako	2021	5	9	129	27.2	37.9	23.8	-999.9	0.0	2.6	96625.4	-999.9
Bamako	2021	5	10	130	27.1	38.2	23.7	-999.9	5.7	2.4	96625.0	-999.9
Bamako	2021	5	11	131	26.4	36.9	23.1	-999.9	0.0	1.8	96720.8	-999.9
Bamako	2021	5	12	132	24.9	34.2	13.1	-999.9	16.4	1.5	96901.6	-999.9
Bamako	2021	5	13	133	24.4	39.2	26.0	-999.9	0.0	1.8	96547.9	-999.9
Bamako	2021	5	14	134	23.9	38.9	25.7	-999.9	0.0	1.6	96410.0	-999.9
Bamako	2021	5	15	135	27.6	38.0	23.9	-999.9	0.0	2.4	96523.0	-999.9
Bamako	2021	5	16	136	25.4	36.8	23.7	-999.9	0.0	1.4	96629.2	-999.9
Bamako	2021	5	17	137	27.8	39.2	24.1	-999.9	0.0	1.6	96585.1	-999.9
Bamako	2021	5	18	138	27.6	39.1	25.1	-999.9	0.0	1.9	96563.9	-999.9
Bamako	2021	5	19	139	26.1	38.2	24.2	-999.9	0.0	1.7	96688.8	-999.9
Bamako	2021	5	20	140	26.8	37.8	24.2	-999.9	23.8	2.1	96754.8	-999.9
Bamako	2021	5	21	141	26.5	36.7	24.7	-999.9	0.0	1.8	96719.5	-999.9
Bamako	2021	5	22	142	26.6	37.3	23.4	-999.9	0.0	1.5	96733.5	-999.9
Bamako	2021	5	23	143	27.4	38.0	24.1	-999.9	0.0	1.8	96755.9	-999.9
Bamako	2021	5	24	144	25.1	37.0	21.5	-999.9	0.0	1.3	96718.6	-999.9
Bamako	2021	5	25	145	28.4	37.3	22.6	-999.9	1.5	1.9	96723.2	-999.9
Bamako	2021	5	26	146	27.7	35.9	17.8	-999.9	0.0	1.7	96708.6	-999.9
Bamako	2021	5	27	147	26.3	37.6	24.0	-999.9	0.0	1.6	96572.8	-999.9
Bamako	2021	5	28	148	26.9	37.1	23.1	-999.9	0.0	2.4	96527.7	-999.9
Bamako	2021	5	29	149	27.3	35.8	23.0	-999.9	0.0	1.6	96573.5	-999.9
Bamako	2021	5	30	150	27.3	36.4	22.7	-999.9	0.0	1.8	96543.1	-999.9
Bamako	2021	5	31	151	25.7	36.0	24.5	-999.9	0.0	1.9	96660.6	-999.9
Bamako	2021	6	1	152	27.2	36.8	23.4	-999.9	3.6	2.5	96605.0	-999.9
Bamako	2021	6	2	153	26.2	37.2	23.7	-999.9	0.0	2.1	96577.0	-999.9
Bamako	2021	6	3	154	27.6	38.3	24.3	-999.9	7.3	1.8	96693.2	-999.9
Bamako	2021	6	4	155	26.1	38.4	24.4	-999.9	0.0	1.6	96684.1	-999.9
Bamako	2021	6	5	156	27.9	39.5	25.0	-999.9	0.0	2.0	96610.2	-999.9
Bamako	2021	6	6	157	27.4	38.0	24.3	-999.9	8.4	2.5	96519.3	-999.9
Bamako	2021	6	7	158	25.8	34.3	23.4	-999.9	0.0	2.1	96631.3	-999.9
Bamako	2021	6	8	159	26.1	36.3	24.9	-999.9	0.0	1.7	96663.5	-999.9
Bamako	2021	6	9	160	25.2	32.9	18.5	-999.9	8.4	1.6	96725.5	-999.9
Bamako	2021	6	10	161	24.2	34.7	24.4	-999.9	0.0	1.8	96660.7	-999.9
Bamako	2021	6	11	162	25.3	34.2	22.1	-999.9	0.0	2.0	96752.0	-999.9
Bamako	2021	6	12	163	24.9	35.2	24.1	-999.9	0.0	1.7	96810.7	-999.9
Bamako	2021	6	13	164	26.9	35.0	23.4	-999.9	7.4	1.9	96817.8	-999.9
Bamako	2021	6	14	165	25.2	35.0	22.7	-999.9	7.4	1.5	96838.2	-999.9
Bamako	2021	6	15	166	23.4	33.1	20.9	-999.9	11.1	2.2	96891.5	-999.9
Bamako	2021	6	16	167	24.2	33.7	23.4	-999.9	0.0	1.9	96864.3	-999.9
Bamako	2021	6	17	168	25.4	34.9	24.0	-999.9	0.0	2.1	96840.9	-999.9
Bamako	2021	6	18	169	25.8	36.1	24.3	-999.9	10.2	2.2	96779.2	-999.9
Bamako	2021	6	19	170	25.3	34.5	23.6	-999.9	10.2	1.7	96817.5	-999.9
Bamako	2021	6	20	171	25.8	34.1	23.1	-999.9	0.0	2.0	96833.4	-999.9
Bamako	2021	6	21	172	24.7	33.5	22.3	-999.9	6.2	1.6	96933.8	-999.9
Bamako	2021	6	22	173	23.8	32.7	18.3	-999.9	6.2	1.9	96881.9	-999.9
Bamako	2021	6	23	174	25.3	33.3	23.7	-999.9	0.0	1.6	96645.0	-999.9
Bamako	2021	6	24	175	25.1	31.8	20.6	-999.9	6.2	1.7	96780.5	-999.9
Bamako	2021	6	25	176	23.3	33.4	24.4	-999.9	0.0	1.5	96921.7	-999.9
Bamako	2021	6	26	177	24.7	32.6	23.8	-999.9	0.0	1.4	96799.9	-999.9
Bamako	2021	6	27	178	24.8	34.6	23.7	-999.9	0.0	1.3	96796.1	-999.9
Bamako	2021	6	28	179	25.8	35.6	24.6	-999.9	5.6	2.0	96798.1	-999.9
Bamako	2021	6	29	180	24.2	36.3	24.7	-999.9	5.6	2.0	96834.1	-999.9
Bamako	2021	6	30	181	24.9	34.2	23.8	-999.9	5.6	1.3	96900.7	-999.9
Bamako	2021	7	1	182	23.9	32.7	24.0	-999.9	0.0	1.6	96972.2	-999.9
Bamako	2021	7	2	183	23.0	31.9	21.7	-999.9	15.7	1.7	96991.3	-999.9
Bamako	2021	7	3	184	24.7	32.8	24.1	-999.9	0.0	2.5	96894.0	-999.9
Bamako	2021	7	4	185	24.6	32.2	23.2	-999.9	5.2	1.8	96919.8	-999.9
Bamako	2021	7	5	186	23.2	28.5	11.0	-999.9	5.2	1.2	97090.8	-999.9
Bamako	2021	7	6	187	23.2	31.9	24.7	-999.9	0.0	1.3	96968.6	-999.9
Bamako	2021	7	7	188	23.7	33.9	24.3	-999.9	0.0	2.4	96769.9	-999.9
Bamako	2021	7	8	189	25.7	34.1	24.2	-999.9	0.0	2.7	96674.2	-999.9
Bamako	2021	7	9	190	25.5	31.9	20.2	-999.9	11.5	2.8	96715.7	-999.9
Bamako	2021	7	10	191	23.0	29.4	16.7	-999.9	11.5	2.1	96829.6	-999.9
Bamako	2021	7	11	192	23.3	28.4	14.4	-999.9	0.0	1.2	96994.8	-999.9
Bamako	2021	7	12	193	22.8	29.3	17.3	-999.9	0.0	1.2	97035.7	-999.9
Bamako	2021	7	13	194	23.2	31.6	23.1	-999.9	0.0	1.6	96901.9	-999.9
Bamako	2021	7	14	195	23.8	31.5	21.9	-999.9	21.3	1.9	96789.4	-999.9
Bamako	2021	7	15	196	24.5	31.5	22.2	-999.9	10.6	1.7	96800.3	-999.9
Bamako	2021	7	16	197	23.2	31.9	21.7	-999.9	16.8	1.2	96836.3	-999.9
Bamako	2021	7	17	198	24.5	30.6	21.6	-999.9	4.2	1.2	96889.5	-999.9
Bamako	2021	7	18	199	24.2	30.1	15.9	-999.9	0.0	1.8	96926.3	-999.9
Bamako	2021	7	19	200	23.9	31.6	22.5	-999.9	4.2	1.9	96847.3	-999.9
Bamako	2021	7	20	201	23.8	31.8	22.4	-999.9	0.0	1.9	96884.2	-999.9
Bamako	2021	7	21	202	25.2	31.7	23.2	-999.9	0.0	2.9	97028.7	-999.9
Bamako	2021	7	22	203	24.2	31.2	18.1	-999.9	30.3	2.7	96994.2	-999.9
Bamako	2021	7	23	204	23.4	29.5	14.7	-999.9	30.3	1.9	96889.6	-999.9
Bamako	2021	7	24	205	23.1	29.6	18.9	-999.9	0.0	2.2	96884.0	-999.9
Bamako	2021	7	25	206	23.5	30.0	18.8	-999.9	20.2	1.8	96906.9	-999.9
Bamako	2021	7	26	207	23.3	30.9	22.2	-999.9	0.0	1.8	96805.5	-999.9
Bamako	2021	7	27	208	24.4	30.1	17.6	-999.9	11.0	1.8	96789.2	-999.9
Bamako	2021	7	28	209	23.7	29.4	19.2	-999.9	11.0	2.1	96781.7	-999.9
Bamako	2021	7	29	210	23.4	26.3	10.0	-999.9	16.6	2.0	96861.9	-999.9
Bamako	2021	7	30	211	23.6	27.4	9.8	-999.9	16.6	1.7	96902.5	-999.9
Bamako	2021	7	31	212	23.1	29.1	19.0	-999.9	11.0	1.5	96934.3	-999.9
Bamako	2021	8	1	213	22.8	23.9	6.4	-999.9	0.0	2.3	97042.1	-999.9
Bamako	2021	8	2	214	22.3	28.5	17.8	-999.9	0.0	2.3	97086.4	-999.9
Bamako	2021	8	3	215	23.0	29.1	16.5	-999.9	37.9	1.6	97068.4	-999.9
Bamako	2021	8	4	216	23.4	29.1	14.3	-999.9	37.9	1.6	97016.3	-999.9
Bamako	2021	8	5	217	23.2	28.2	16.3	-999.9	0.0	1.8	97038.3	-999.9
Bamako	2021	8	6	218	23.1	27.9	16.9	-999.9	0.0	2.5	97155.6	-999.9
Bamako	2021	8	7	219	23.2	28.3	16.7	-999.9	7.3	2.1	97155.9	-999.9
Bamako	2021	8	8	220	22.7	28.6	19.7	-999.9	0.0	2.3	97017.2	-999.9
Bamako	2021	8	9	221	22.7	30.2	22.5	-999.9	0.0	1.6	96970.6	-999.9
Bamako	2021	8	10	222	23.1	28.5	13.8	-999.9	29.1	1.8	96994.0	-999.9
Bamako	2021	8	11	223	23.4	29.8	16.2	-999.9	23.6	1.4	96856.2	-999.9
Bamako	2021	8	12	224	22.9	30.7	21.6	-999.9	15.7	1.2	96738.5	-999.9
Bamako	2021	8	13	225	23.7	28.6	16.5	-999.9	0.0	1.9	96842.6	-999.9
Bamako	2021	8	14	226	22.8	28.6	17.3	-999.9	23.6	1.9	96879.8	-999.9
Bamako	2021	8	15	227	22.3	28.9	15.5	-999.9	23.6	1.4	96680.4	-999.9
Bamako	2021	8	16	228	22.8	28.0	13.6	-999.9	26.3	1.2	96746.9	-999.9
Bamako	2021	8	17	229	23.0	28.8	18.5	-999.9	13.1	1.6	96903.4	-999.9
Bamako	2021	8	18	230	22.9	26.9	9.8	-999.9	0.0	2.0	96924.9	-999.9
Bamako	2021	8	19	231	22.3	28.4	19.7	-999.9	0.0	1.9	96909.4	-999.9
Bamako	2021	8	20	232	22.7	29.4	21.8	-999.9	6.6	1.8	96835.7	-999.9
Bamako	2021	8	21	233	22.8	30.4	21.6	-999.9	15.9	1.7	96725.2	-999.9
Bamako	2021	8	22	234	23.7	29.5	18.5	-999.9	0.0	1.5	96679.2	-999.9
Bamako	2021	8	23	235	22.2	29.8	21.2	-999.9	0.0	1.1	96720.8	-999.9
Bamako	2021	8	24	236	22.4	31.2	22.5	-999.9	0.0	1.1	96657.9	-999.9
Bamako	2021	8	25	237	23.5	30.2	17.2	-999.9	23.8	1.6	96566.0	-999.9
Bamako	2021	8	26	238	23.0	28.6	17.2	-999.9	0.0	1.2	96772.0	-999.9
Bamako	2021	8	27	239	23.4	28.8	16.3	-999.9	7.2	1.0	96935.4	-999.9
Bamako	2021	8	28	240	22.4	29.9	21.7	-999.9	7.2	1.4	96937.0	-999.9
Bamako	2021	8	29	241	24.3	30.8	19.2	-999.9	43.0	1.9	96685.6	-999.9
Bamako	2021	8	30	242	23.5	29.9	18.9	-999.9	0.0	1.4	96635.8	-999.9
Bamako	2021	8	31	243	23.2	28.8	17.6	-999.9	7.2	1.2	96806.1	-999.9
Bamako	2021	9	1	244	21.9	30.1	21.1	-999.9	0.0	1.5	96900.1	-999.9
Bamako	2021	9	2	245	23.0	31.4	24.0	-999.9	17.3	1.9	96764.4	-999.9
Bamako	2021	9	3	246	22.8	28.5	16.2	-999.9	17.3	1.3	96761.2	-999.9
Bamako	2021	9	4	247	22.8	28.8	17.0	-999.9	0.0	1.5	96847.9	-999.9
Bamako	2021	9	5	248	23.0	30.8	24.0	-999.9	8.6	1.6	96887.1	-999.9
Bamako	2021	9	6	249	23.6	30.2	19.4	-999.9	12.8	1.3	96867.1	-999.9
Bamako	2021	9	7	250	22.5	30.1	22.2	-999.9	0.0	1.0	96877.1	-999.9
Bamako	2021	9	8	251	23.1	32.5	24.6	-999.9	0.0	1.5	96768.5	-999.9
Bamako	2021	9	9	252	24.5	29.6	13.1	-999.9	31.9	1.1	96656.2	-999.9
Bamako	2021	9	10	253	22.9	29.1	16.4	-999.9	0.0	2.2	96865.1	-999.9
Bamako	2021	9	11	254	21.3	29.5	23.2	-999.9	0.0	1.2	97164.8	-999.9
Bamako	2021	9	12	255	22.7	29.8	20.8	-999.9	0.0	1.5	96949.3	-999.9
Bamako	2021	9	13	256	22.5	30.9	23.6	-999.9	0.0	1.5	96800.7	-999.9
Bamako	2021	9	14	257	23.3	31.4	23.8	-999.9	0.0	1.6	96734.0	-999.9
Bamako	2021	9	15	258	23.8	28.6	13.1	-999.9	27.5	1.3	96825.6	-999.9
Bamako	2021	9	16	259	23.0	28.6	15.9	-999.9	0.0	1.0	97003.1	-999.9
Bamako	2021	9	17	260	22.5	29.9	21.8	-999.9	0.0	1.1	96958.7	-999.9
Bamako	2021	9	18	261	23.1	31.8	23.7	-999.9	0.0	1.4	96832.4	-999.9
Bamako	2021	9	19	262	22.8	31.5	23.8	-999.9	18.5	1.3	96825.2	-999.9
Bamako	2021	9	20	263	22.5	31.5	23.7	-999.9	0.0	1.0	96835.4	-999.9
Bamako	2021	9	21	264	23.6	31.1	22.0	-999.9	0.0	1.3	96767.1	-999.9
Bamako	2021	9	22	265	23.4	31.3	22.7	-999.9	12.0	1.1	96775.0	-999.9
Bamako	2021	9	23	266	22.9	30.9	23.1	-999.9	6.0	1.3	96844.2	-999.9
Bamako	2021	9	24	267	23.3	30.5	20.5	-999.9	0.0	1.1	96950.9	-999.9
Bamako	2021	9	25	268	22.9	31.7	22.6	-999.9	12.0	1.4	96857.7	-999.9
Bamako	2021	9	26	269	23.5	31.7	23.0	-999.9	0.0	1.3	96873.0	-999.9
Bamako	2021	9	27	270	23.4	31.1	23.2	-999.9	4.1	1.3	96865.2	-999.9
Bamako	2021	9	28	271	23.1	32.6	23.8	-999.9	0.0	1.4	96661.8	-999.9
Bamako	2021	9	29	272	22.7	32.4	24.0	-999.9	8.2	1.1	96662.7	-999.9
Bamako	2021	9	30	273	23.3	31.2	21.4	-999.9	8.2	1.4	96793.1	-999.9
Bamako	2021	10	1	274	23.9	30.4	21.2	-999.9	5.3	1.3	96859.9	-999.9
Bamako	2021	10	2	275	23.3	29.4	18.2	-999.9	0.0	1.7	96844.3	-999.9
Bamako	2021	10	3	276	22.6	31.9	22.1	-999.9	0.0	1.3	96791.0	-999.9
Bamako	2021	10	4	277	23.6	33.0	22.0	-999.9	5.3	1.0	96684.5	-999.9
Bamako	2021	10	5	278	23.8	32.2	22.3	-999.9	0.0	1.3	96744.6	-999.9
Bamako	2021	10	6	279	23.2	33.1	22.6	-999.9	0.0	1.2	96754.7	-999.9
Bamako	2021	10	7	280	24.4	33.3	22.8	-999.9	3.1	1.1	96652.4	-999.9
Bamako	2021	10	8	281	24.0	33.5	21.8	-999.9	9.4	1.1	96615.3	-999.9
Bamako	2021	10	9	282	24.4	33.5	18.7	-999.9	3.1	1.2	96675.3	-999.9
Bamako	2021	10	10	283	22.6	32.5	20.7	-999.9	0.0	0.9	96693.5	-999.9
Bamako	2021	10	11	284	24.7	32.3	20.1	-999.9	0.0	1.4	96816.4	-999.9
Bamako	2021	10	12	285	24.3	33.6	22.5	-999.9	0.0	1.2	96833.3	-999.9
Bamako	2021	10	13	286	24.4	34.3	20.3	-999.9	8.9	1.6	96715.9	-999.9
Bamako	2021	10	14	287	23.7	34.9	23.2	-999.9	0.0	1.3	96627.2	-999.9
Bamako	2021	10	15	288	22.6	34.3	22.5	-999.9	0.0	1.3	96662.7	-999.9
Bamako	2021	10	16	289	22.7	33.1	20.3	-999.9	0.0	1.1	96706.6	-999.9
Bamako	2021	10	17	290	23.9	34.0	21.4	-999.9	8.7	1.1	96668.3	-999.9
Bamako	2021	10	18	291	23.5	35.5	22.0	-999.9	0.0	1.9	96629.4	-999.9
Bamako	2021	10	19	292	23.8	34.9	21.0	-999.9	8.7	1.7	96665.1	-999.9
Bamako	2021	10	20	293	23.8	30.7	17.8	-999.9	0.0	1.1	96812.3	-999.9
Bamako	2021	10	21	294	23.5	30.9	18.9	-999.9	12.5	1.0	96805.8	-999.9
Bamako	2021	10	22	295	23.1	31.2	20.7	-999.9	6.3	1.3	96765.1	-999.9
Bamako	2021	10	23	296	23.3	31.6	20.4	-999.9	0.0	1.2	96856.4	-999.9
Bamako	2021	10	24	297	23.8	32.9	20.9	-999.9	0.0	1.5	96944.6	-999.9
Bamako	2021	10	25	298	24.5	33.5	21.1	-999.9	0.0	1.5	96941.0	-999.9
Bamako	2021	10	26	299	24.5	32.9	19.7	-999.9	2.9	1.5	96892.8	-999.9
Bamako	2021	10	27	300	24.5	33.8	21.1	-999.9	0.0	1.3	96723.6	-999.9
Bamako	2021	10	28	301	24.6	32.0	17.6	-999.9	0.0	1.3	96775.5	-999.9
Bamako	2021	10	29	302	23.3	32.8	20.9	-999.9	2.9	1.2	96742.5	-999.9
Bamako	2021	10	30	303	23.9	31.2	16.9	-999.9	0.0	1.8	96876.7	-999.9
Bamako	2021	10	31	304	23.9	35.1	21.6	-999.9	0.0	1.6	96888.1	-999.9
Bamako	2021	11	1	305	23.4	34.4	18.7	-999.9	0.0	1.6	96852.0	-999.9
Bamako	2021	11	2	306	23.4	33.6	19.4	-999.9	0.0	1.6	96855.0	-999.9
Bamako	2021	11	3	307	23.3	33.5	19.3	-999.9	0.0	1.2	96814.0	-999.9
Bamako	2021	11	4	308	24.4	34.2	19.5	-999.9	0.0	0.9	96762.5	-999.9
Bamako	2021	11	5	309	23.2	35.0	20.3	-999.9	0.0	1.2	96739.7	-999.9
Bamako	2021	11	6	310	24.0	35.1	20.6	-999.9	0.0	1.2	96631.6	-999.9
Bamako	2021	11	7	311	23.6	34.7	20.3	-999.9	0.0	1.4	96603.8	-999.9
Bamako	2021	11	8	312	24.4	34.5	19.6	-999.9	0.0	1.3	96561.6	-999.9
Bamako	2021	11	9	313	24.6	34.2	17.6	-999.9	0.0	1.5	96579.4	-999.9
Bamako	2021	11	10	314	22.7	33.8	21.1	-999.9	0.0	1.7	96681.3	-999.9
Bamako	2021	11	11	315	22.2	33.7	19.0	-999.9	0.0	1.7	96788.2	-999.9
Bamako	2021	11	12	316	22.0	33.8	20.1	-999.9	0.0	1.5	96706.8	-999.9
Bamako	2021	11	13	317	21.4	33.3	21.2	-999.9	0.0	2.5	96718.7	-999.9
Bamako	2021	11	14	318	21.4	34.0	20.7	-999.9	0.0	2.2	96809.4	-999.9
Bamako	2021	11	15	319	21.3	34.8	21.4	-999.9	0.0	2.0	96831.8	-999.9
Bamako	2021	11	16	320	21.1	34.7	21.2	-999.9	0.0	2.2	96700.6	-999.9
Bamako	2021	11	17	321	21.1	34.6	21.2	-999.9	0.0	2.0	96624.5	-999.9
Bamako	2021	11	18	322	20.9	34.8	21.1	-999.9	0.0	2.3	96701.2	-999.9
Bamako	2021	11	19	323	21.9	35.3	21.4	-999.9	0.0	2.3	96780.0	-999.9
Bamako	2021	11	20	324	20.6	35.2	21.4	-999.9	0.0	2.4	96754.8	-999.9
Bamako	2021	11	21	325	20.7	35.5	21.4	-999.9	0.0	2.5	96675.3	-999.9
Bamako	2021	11	22	326	21.0	35.0	21.3	-999.9	0.0	2.5	96727.9	-999.9
Bamako	2021	11	23	327	19.6	34.7	21.1	-999.9	0.0	2.6	96854.0	-999.9
Bamako	2021	11	24	328	21.2	35.3	20.9	-999.9	0.0	2.5	96840.5	-999.9
Bamako	2021	11	25	329	21.8	35.3	20.8	-999.9	0.0	2.3	96740.1	-999.9
Bamako	2021	11	26	330	19.9	35.1	20.8	-999.9	0.0	2.2	96718.0	-999.9
Bamako	2021	11	27	331	20.9	35.8	20.8	-999.9	0.0	1.9	96722.4	-999.9
Bamako	2021	11	28	332	20.7	35.8	20.5	-999.9	0.0	1.6	96671.7	-999.9
Bamako	2021	11	29	333	22.2	34.2	20.6	-999.9	0.0	2.6	96749.0	-999.9
Bamako	2021	11	30	334	20.6	34.1	20.5	-999.9	0.0	1.6	96737.7	-999.9
Bamako	2021	12	1	335	19.1	34.6	20.3	-999.9	0.0	2.0	96722.2	-999.9
Bamako	2021	12	2	336	19.8	35.2	20.4	-999.9	0.0	1.8	96603.7	-999.9
Bamako	2021	12	3	337	19.7	35.2	20.4	-999.9	0.0	1.9	96587.2	-999.9
Bamako	2021	12	4	338	20.2	34.7	20.4	-999.9	0.0	2.1	96741.5	-999.9
Bamako	2021	12	5	339	20.6	34.3	20.6	-999.9	0.0	2.1	96841.9	-999.9
Bamako	2021	12	6	340	19.5	33.1	20.5	-999.9	0.0	2.2	96860.3	-999.9
Bamako	2021	12	7	341	19.4	33.5	20.3	-999.9	0.0	2.1	96883.8	-999.9
Bamako	2021	12	8	342	19.4	34.3	20.4	-999.9	0.0	2.1	96875.9	-999.9
Bamako	2021	12	9	343	19.2	34.3	20.4	-999.9	0.0	2.2	96700.3	-999.9
Bamako	2021	12	10	344	19.2	33.1	20.1	-999.9	0.0	2.2	96656.9	-999.9
Bamako	2021	12	11	345	18.8	32.2	20.1	-999.9	0.0	2.0	96610.7	-999.9
Bamako	2021	12	12	346	19.9	32.3	17.4	-999.9	0.0	1.8	96689.5	-999.9
Bamako	2021	12	13	347	18.6	33.6	19.3	-999.9	0.0	2.0	96688.5	-999.9
Bamako	2021	12	14	348	19.4	34.4	19.6	-999.9	0.0	1.8	96594.9	-999.9
Bamako	2021	12	15	349	20.9	32.4	19.1	-999.9	0.0	2.4	96674.4	-999.9
Bamako	2021	12	16	350	22.1	34.1	19.5	-999.9	0.0	2.6	96740.3	-999.9
Bamako	2021	12	17	351	19.9	33.5	19.6	-999.9	0.0	2.2	96824.9	-999.9
Bamako	2021	12	18	352	22.0	33.2	19.7	-999.9	0.0	2.6	96824.0	-999.9
Bamako	2021	12	19	353	21.0	32.3	19.8	-999.9	0.0	2.4	96817.1	-999.9
Bamako	2021	12	20	354	20.5	31.0	19.8	-999.9	0.0	2.6	96894.0	-999.9
Bamako	2021	12	21	355	18.4	31.1	20.0	-999.9	0.0	2.2	96963.1	-999.9
Bamako	2021	12	22	356	20.3	31.2	19.0	-999.9	0.0	2.4	97027.3	-999.9
Bamako	2021	12	23	357	19.5	31.4	19.9	-999.9	0.0	2.3	96871.7	-999.9
Bamako	2021	12	24	358	19.9	32.3	19.9	-999.9	0.0	2.2	96790.0	-999.9
Bamako	2021	12	25	359	20.3	32.1	17.0	-999.9	0.0	2.0	96856.0	-999.9
Bamako	2021	12	26	360	19.9	32.4	19.5	-999.9	0.0	2.1	96850.2	-999.9
Bamako	2021	12	27	361	21.8	31.8	17.3	-999.9	0.0	2.2	96924.1	-999.9
Bamako	2021	12	28	362	19.9	31.8	20.1	-999.9	0.0	2.4	96981.3	-999.9
Bamako	2021	12	29	363	17.2	31.7	20.3	-999.9	0.0	2.1	96961.2	-999.9
Bamako	2021	12	30	364	17.3	32.0	20.4	-999.9	0.0	2.0	96880.2	-999.9
Bamako	2021	12	31	365	18.7	32.3	20.2	-999.9	0.0	2.3	96912.5	-999.9
