Bamako	2011	1	1	1	17.2	28.7	18.4	-999.9	0.0	2.3	96724.8	-999.9
Bamako	2011	1	2	2	16.5	30.1	20.2	-999.9	0.0	2.1	96623.0	-999.9
Bamako	2011	1	3	3	16.9	30.5	20.2	-999.9	0.0	2.2	96631.0	-999.9
Bamako	2011	1	4	4	17.1	31.2	20.4	-999.9	0.0	2.3	96706.3	-999.9
Bamako	2011	1	5	5	16.7	31.6	20.5	-999.9	0.0	2.1	96726.6	-999.9
Bamako	2011	1	6	6	16.7	31.8	20.3	-999.9	0.0	2.1	96697.0	-999.9
Bamako	2011	1	7	7	17.5	32.4	20.2	-999.9	0.0	2.2	96752.0	-999.9
Bamako	2011	1	8	8	18.3	32.6	20.6	-999.9	0.0	2.4	96769.9	-999.9
Bamako	2011	1	9	9	19.0	31.7	19.1	-999.9	0.0	2.4	96802.3	-999.9
Bamako	2011	1	10	10	17.2	30.2	20.5	-999.9	0.0	2.3	96901.9	-999.9
Bamako	2011	1	11	11	16.7	30.0	20.6	-999.9	0.0	2.4	96985.8	-999.9
Bamako	2011	1	12	12	16.5	29.9	20.8	-999.9	0.0	2.4	96985.7	-999.9
Bamako	2011	1	13	13	15.4	29.7	20.8	-999.9	0.0	2.2	96833.5	-999.9
Bamako	2011	1	14	14	16.1	31.1	19.9	-999.9	0.0	2.1	96734.1	-999.9
Bamako	2011	1	15	15	18.5	32.9	20.4	-999.9	0.0	2.2	96712.6	-999.9
Bamako	2011	1	16	16	19.1	32.3	18.8	-999.9	0.0	2.5	96809.5	-999.9
Bamako	2011	1	17	17	19.7	30.6	20.0	-999.9	0.0	2.5	96874.3	-999.9
Bamako	2011	1	18	18	17.3	29.9	20.4	-999.9	0.0	2.0	96762.9	-999.9
Bamako	2011	1	19	19	16.7	30.7	20.7	-999.9	0.0	2.1	96635.9	-999.9
Bamako	2011	1	20	20	15.8	32.1	20.5	-999.9	0.0	1.9	96481.1	-999.9
Bamako	2011	1	21	21	18.2	33.2	20.6	-999.9	0.0	1.9	96447.9	-999.9
Bamako	2011	1	22	22	18.8	33.6	20.1	-999.9	0.0	2.0	96434.1	-999.9
Bamako	2011	1	23	23	18.0	34.6	21.1	-999.9	0.0	2.1	96408.7	-999.9
Bamako	2011	1	24	24	17.7	35.5	20.7	-999.9	0.0	2.2	96452.3	-999.9
Bamako	2011	1	25	25	20.1	35.8	20.3	-999.9	0.0	1.9	96496.1	-999.9
Bamako	2011	1	26	26	20.2	35.3	21.0	-999.9	0.0	1.6	96536.9	-999.9
Bamako	2011	1	27	27	21.4	35.2	21.3	-999.9	0.0	3.0	96637.6	-999.9
Bamako	2011	1	28	28	21.1	36.1	21.5	-999.9	0.0	2.5	96708.0	-999.9
Bamako	2011	1	29	29	21.7	35.7	21.3	-999.9	0.0	2.8	96733.6	-999.9
Bamako	2011	1	30	30	19.4	36.1	21.4	-999.9	0.0	2.0	96628.2	-999.9
Bamako	2011	1	31	31	20.2	35.4	20.3	-999.9	0.0	1.7	96580.4	-999.9
Bamako	2011	2	1	32	22.8	35.8	20.6	-999.9	0.0	1.4	96549.3	-999.9
Bamako	2011	2	2	33	23.5	34.0	20.2	-999.9	0.0	2.7	96660.7	-999.9
Bamako	2011	2	3	34	23.5	30.8	18.5	-999.9	0.0	3.4	96855.3	-999.9
Bamako	2011	2	4	35	19.1	27.4	19.0	-999.9	0.0	3.5	97062.9	-999.9
Bamako	2011	2	5	36	16.7	28.0	21.6	-999.9	0.0	2.8	97038.7	-999.9
Bamako	2011	2	6	37	16.3	30.0	21.8	-999.9	0.0	2.3	96991.9	-999.9
Bamako	2011	2	7	38	18.3	31.6	21.2	-999.9	0.0	2.2	96907.3	-999.9
Bamako	2011	2	8	39	20.5	31.9	20.5	-999.9	0.0	2.0	96779.0	-999.9
Bamako	2011	2	9	40	19.2	32.4	21.6	-999.9	0.0	2.0	96678.0	-999.9
Bamako	2011	2	10	41	20.2	33.4	20.4	-999.9	0.0	1.6	96636.1	-999.9
Bamako	2011	2	11	42	21.0	34.6	21.9	-999.9	0.0	2.1	96693.6	-999.9
Bamako	2011	2	12	43	21.3	33.9	21.3	-999.9	0.0	2.7	96788.7	-999.9
Bamako	2011	2	13	44	20.2	32.0	22.1	-999.9	0.0	2.9	96893.2	-999.9
Bamako	2011	2	14	45	20.1	30.9	21.1	-999.9	0.0	2.7	96957.0	-999.9
Bamako	2011	2	15	46	17.8	31.0	22.6	-999.9	0.0	2.5	96852.1	-999.9
Bamako	2011	2	16	47	17.3	32.2	22.6	-999.9	0.0	2.2	96688.2	-999.9
Bamako	2011	2	17	48	18.5	33.0	22.2	-999.9	0.0	2.3	96675.4	-999.9
Bamako	2011	2	18	49	21.5	34.0	21.9	-999.9	0.0	2.3	96686.8	-999.9
Bamako	2011	2	19	50	20.2	35.2	22.7	-999.9	0.0	2.6	96719.3	-999.9
Bamako	2011	2	20	51	21.6	35.7	22.8	-999.9	0.0	2.7	96750.6	-999.9
Bamako	2011	2	21	52	23.8	35.7	19.5	-999.9	0.0	3.0	96769.7	-999.9
Bamako	2011	2	22	53	21.5	35.4	23.1	-999.9	0.0	2.3	96667.5	-999.9
Bamako	2011	2	23	54	20.8	35.1	23.5	-999.9	0.0	2.5	96617.9	-999.9
Bamako	2011	2	24	55	20.9	34.9	23.6	-999.9	0.0	2.6	96678.3	-999.9
Bamako	2011	2	25	56	20.4	35.3	23.7	-999.9	0.0	2.3	96501.3	-999.9
Bamako	2011	2	26	57	20.4	32.8	23.7	-999.9	0.0	2.5	96501.0	-999.9
Bamako	2011	2	27	58	20.0	31.8	23.8	-999.9	0.0	2.6	96612.8	-999.9
Bamako	2011	2	28	59	19.6	33.5	23.7	-999.9	0.0	2.2	96681.1	-999.9
Bamako	2011	3	1	60	20.2	34.6	23.8	-999.9	0.0	2.0	96653.0	-999.9
Bamako	2011	3	2	61	20.6	35.1	23.9	-999.9	0.0	2.0	96588.8	-999.9
Bamako	2011	3	3	62	21.5	34.8	24.0	-999.9	0.0	1.9	96569.0	-999.9
Bamako	2011	3	4	63	22.2	35.2	23.4	-999.9	0.0	2.1	96590.4	-999.9
Bamako	2011	3	5	64	22.3	36.4	22.1	-999.9	0.0	1.9	96520.1	-999.9
Bamako	2011	3	6	65	25.4	35.0	16.8	-999.9	0.0	2.1	96486.4	-999.9
Bamako	2011	3	7	66	24.3	37.5	21.7	-999.9	0.0	1.6	96446.1	-999.9
Bamako	2011	3	8	67	24.7	38.6	23.6	-999.9	0.0	2.3	96360.4	-999.9
Bamako	2011	3	9	68	23.2	37.7	23.3	-999.9	0.0	1.8	96315.6	-999.9
Bamako	2011	3	10	69	27.2	37.6	21.7	-999.9	0.0	2.0	96413.0	-999.9
Bamako	2011	3	11	70	26.6	36.7	21.0	-999.9	0.0	1.8	96443.5	-999.9
Bamako	2011	3	12	71	26.7	37.8	22.1	-999.9	0.0	1.3	96347.4	-999.9
Bamako	2011	3	13	72	26.3	36.6	19.9	-999.9	0.0	1.6	96314.2	-999.9
Bamako	2011	3	14	73	26.0	38.3	23.0	-999.9	0.0	1.5	96431.9	-999.9
Bamako	2011	3	15	74	25.6	38.3	24.1	-999.9	0.0	2.2	96597.6	-999.9
Bamako	2011	3	16	75	25.9	37.5	24.4	-999.9	0.0	3.2	96600.1	-999.9
Bamako	2011	3	17	76	24.5	37.3	23.5	-999.9	0.0	2.8	96504.8	-999.9
Bamako	2011	3	18	77	22.4	38.8	25.0	-999.9	0.0	1.6	96449.6	-999.9
Bamako	2011	3	19	78	25.7	38.4	23.3	-999.9	0.0	2.2	96404.9	-999.9
Bamako	2011	3	20	79	24.4	38.2	25.1	-999.9	0.0	1.4	96382.0	-999.9
Bamako	2011	3	21	80	23.5	38.1	25.4	-999.9	0.0	2.9	96444.9	-999.9
Bamako	2011	3	22	81	26.1	37.8	25.3	-999.9	0.0	3.1	96528.4	-999.9
Bamako	2011	3	23	82	22.8	38.0	25.3	-999.9	0.0	2.6	96594.9	-999.9
Bamako	2011	3	24	83	22.5	38.5	25.7	-999.9	0.0	2.1	96603.3	-999.9
Bamako	2011	3	25	84	22.7	39.0	25.7	-999.9	0.0	2.1	96500.4	-999.9
Bamako	2011	3	26	85	22.5	39.2	25.4	-999.9	0.0	1.5	96458.1	-999.9
Bamako	2011	3	27	86	24.6	38.2	23.1	-999.9	0.0	2.3	96537.8	-999.9
Bamako	2011	3	28	87	26.2	37.7	21.9	-999.9	0.0	2.2	96644.7	-999.9
Bamako	2011	3	29	88	26.0	38.8	23.0	-999.9	0.0	1.5	96568.5	-999.9
Bamako	2011	3	30	89	26.8	38.6	22.4	-999.9	0.0	2.2	96552.5	-999.9
Bamako	2011	3	31	90	24.3	39.5	24.7	-999.9	0.0	2.1	96535.4	-999.9
Bamako	2011	4	1	91	27.4	38.7	23.4	-999.9	0.0	3.3	96603.9	-999.9
Bamako	2011	4	2	92	23.8	37.9	26.4	-999.9	0.0	2.5	96650.5	-999.9
Bamako	2011	4	3	93	21.0	36.2	24.1	-999.9	0.0	1.7	96493.1	-999.9
Bamako	2011	4	4	94	23.0	37.0	24.0	-999.9	5.6	1.4	96444.6	-999.9
Bamako	2011	4	5	95	21.6	36.3	23.7	-999.9	0.0	2.2	96629.7	-999.9
Bamako	2011	4	6	96	26.0	36.4	19.1	-999.9	0.0	1.6	96715.1	-999.9
Bamako	2011	4	7	97	24.1	37.1	23.4	-999.9	0.0	2.0	96647.2	-999.9
Bamako	2011	4	8	98	22.6	39.0	26.6	-999.9	0.0	2.8	96607.5	-999.9
Bamako	2011	4	9	99	24.2	39.0	26.5	-999.9	0.0	2.5	96587.2	-999.9
Bamako	2011	4	10	100	21.5	37.6	25.1	-999.9	0.0	1.9	96543.6	-999.9
Bamako	2011	4	11	101	26.4	37.1	22.6	-999.9	0.0	2.3	96520.8	-999.9
Bamako	2011	4	12	102	25.5	36.8	22.1	-999.9	0.0	1.5	96443.0	-999.9
Bamako	2011	4	13	103	27.2	36.2	18.5	-999.9	0.0	2.3	96529.7	-999.9
Bamako	2011	4	14	104	24.7	37.5	25.1	-999.9	0.0	1.8	96538.9	-999.9
Bamako	2011	4	15	105	24.7	38.9	24.3	-999.9	0.0	1.4	96269.0	-999.9
Bamako	2011	4	16	106	25.8	39.2	25.0	-999.9	0.0	2.0	96241.4	-999.9
Bamako	2011	4	17	107	26.4	39.2	24.8	-999.9	0.0	1.6	96308.7	-999.9
Bamako	2011	4	18	108	27.0	39.5	24.4	-999.9	0.0	2.0	96354.6	-999.9
Bamako	2011	4	19	109	27.6	38.9	23.3	-999.9	0.0	1.8	96302.4	-999.9
Bamako	2011	4	20	110	27.3	38.4	22.9	-999.9	0.0	2.6	96329.6	-999.9
Bamako	2011	4	21	111	27.1	38.2	23.7	-999.9	0.0	1.5	96370.9	-999.9
Bamako	2011	4	22	112	28.0	38.9	24.0	-999.9	0.0	2.2	96321.8	-999.9
Bamako	2011	4	23	113	27.6	37.9	23.1	-999.9	3.0	1.6	96302.5	-999.9
Bamako	2011	4	24	114	26.2	35.4	23.2	-999.9	3.0	2.4	96537.7	-999.9
Bamako	2011	4	25	115	26.6	36.5	22.7	-999.9	0.0	1.7	96561.5	-999.9
Bamako	2011	4	26	116	25.2	37.4	24.2	-999.9	3.2	1.5	96591.4	-999.9
Bamako	2011	4	27	117	27.4	37.4	22.8	-999.9	3.2	2.0	96558.4	-999.9
Bamako	2011	4	28	118	26.5	37.1	20.9	-999.9	3.2	2.0	96516.0	-999.9
Bamako	2011	4	29	119	26.4	38.3	23.6	-999.9	0.0	2.4	96387.1	-999.9
Bamako	2011	4	30	120	27.5	38.1	23.6	-999.9	0.0	2.9	96302.9	-999.9
Bamako	2011	5	1	121	26.8	37.2	24.1	-999.9	0.0	2.5	96528.7	-999.9
Bamako	2011	5	2	122	26.1	37.0	22.3	-999.9	0.0	2.0	96682.9	-999.9
Bamako	2011	5	3	123	24.5	33.1	15.1	-999.9	0.0	1.4	96929.1	-999.9
Bamako	2011	5	4	124	25.3	37.2	24.2	-999.9	0.0	2.0	96658.6	-999.9
Bamako	2011	5	5	125	24.6	39.4	24.5	-999.9	0.0	1.9	96434.1	-999.9
Bamako	2011	5	6	126	26.8	38.8	24.1	-999.9	0.0	2.3	96461.1	-999.9
Bamako	2011	5	7	127	27.9	39.0	23.4	-999.9	4.8	2.1	96475.2	-999.9
Bamako	2011	5	8	128	26.5	38.9	22.7	-999.9	0.0	2.3	96425.5	-999.9
Bamako	2011	5	9	129	25.4	37.7	23.9	-999.9	2.4	2.3	96430.3	-999.9
Bamako	2011	5	10	130	26.3	37.6	24.3	-999.9	0.0	2.3	96475.2	-999.9
Bamako	2011	5	11	131	27.1	37.6	23.3	-999.9	0.0	2.2	96430.9	-999.9
Bamako	2011	5	12	132	26.3	36.0	22.3	-999.9	15.5	2.0	96489.6	-999.9
Bamako	2011	5	13	133	26.3	34.7	19.9	-999.9	0.0	1.7	96523.9	-999.9
Bamako	2011	5	14	134	25.8	36.1	20.4	-999.9	0.0	1.5	96515.3	-999.9
Bamako	2011	5	15	135	23.9	30.0	11.8	-999.9	23.3	1.7	96652.6	-999.9
Bamako	2011	5	16	136	24.0	34.2	24.1	-999.9	0.0	1.2	96565.6	-999.9
Bamako	2011	5	17	137	26.5	37.7	23.9	-999.9	0.0	1.7	96430.1	-999.9
Bamako	2011	5	18	138	26.6	37.0	24.7	-999.9	0.0	2.6	96494.4	-999.9
Bamako	2011	5	19	139	25.9	36.8	23.5	-999.9	0.0	2.1	96567.1	-999.9
Bamako	2011	5	20	140	26.5	37.7	24.2	-999.9	0.0	1.5	96567.2	-999.9
Bamako	2011	5	21	141	27.5	37.6	22.8	-999.9	9.7	1.6	96614.5	-999.9
Bamako	2011	5	22	142	26.0	36.3	20.3	-999.9	0.0	2.3	96604.6	-999.9
Bamako	2011	5	23	143	26.4	37.5	23.5	-999.9	3.2	2.8	96661.3	-999.9
Bamako	2011	5	24	144	26.7	36.4	22.6	-999.9	0.0	1.9	96707.1	-999.9
Bamako	2011	5	25	145	26.6	37.5	23.9	-999.9	0.0	1.5	96699.9	-999.9
Bamako	2011	5	26	146	25.3	38.4	24.8	-999.9	0.0	1.5	96661.7	-999.9
Bamako	2011	5	27	147	25.9	38.1	24.3	-999.9	0.0	2.5	96592.8	-999.9
Bamako	2011	5	28	148	27.1	36.7	22.0	-999.9	0.0	2.3	96642.2	-999.9
Bamako	2011	5	29	149	27.3	37.5	23.6	-999.9	0.0	2.6	96642.1	-999.9
Bamako	2011	5	30	150	27.1	36.1	23.0	-999.9	0.0	2.2	96760.8	-999.9
Bamako	2011	5	31	151	26.0	37.1	23.3	-999.9	0.0	1.7	96802.3	-999.9
Bamako	2011	6	1	152	27.7	39.0	23.2	-999.9	8.4	1.5	96674.9	-999.9
Bamako	2011	6	2	153	27.3	35.1	18.8	-999.9	0.0	1.7	96609.8	-999.9
Bamako	2011	6	3	154	27.7	36.8	22.8	-999.9	4.2	2.2	96606.0	-999.9
Bamako	2011	6	4	155	27.2	37.0	22.3	-999.9	0.0	2.0	96589.4	-999.9
Bamako	2011	6	5	156	27.2	36.9	21.5	-999.9	4.2	2.1	96629.5	-999.9
Bamako	2011	6	6	157	25.5	34.8	21.5	-999.9	0.0	1.9	96766.0	-999.9
Bamako	2011	6	7	158	26.3	36.0	22.7	-999.9	0.0	2.1	96788.3	-999.9
Bamako	2011	6	8	159	25.6	36.8	21.9	-999.9	5.1	2.6	96784.2	-999.9
Bamako	2011	6	9	160	24.7	34.7	21.3	-999.9	2.6	1.9	96991.6	-999.9
Bamako	2011	6	10	161	26.4	38.3	24.3	-999.9	0.0	2.2	96809.2	-999.9
Bamako	2011	6	11	162	26.8	38.7	22.7	-999.9	0.0	2.4	96676.1	-999.9
Bamako	2011	6	12	163	27.2	36.6	23.6	-999.9	0.0	2.6	96785.4	-999.9
Bamako	2011	6	13	164	26.3	35.7	23.4	-999.9	0.0	2.2	96911.6	-999.9
Bamako	2011	6	14	165	26.2	35.8	23.8	-999.9	5.7	1.6	96865.7	-999.9
Bamako	2011	6	15	166	24.6	36.7	24.3	-999.9	11.5	1.0	96779.8	-999.9
Bamako	2011	6	16	167	25.1	36.0	22.2	-999.9	3.6	1.8	96718.0	-999.9
Bamako	2011	6	17	168	25.2	34.8	22.5	-999.9	0.0	2.2	96796.2	-999.9
Bamako	2011	6	18	169	25.9	36.7	22.5	-999.9	10.7	2.7	96721.1	-999.9
Bamako	2011	6	19	170	24.2	33.9	23.0	-999.9	10.7	1.8	96713.8	-999.9
Bamako	2011	6	20	171	25.2	33.0	22.7	-999.9	7.1	1.4	96774.6	-999.9
Bamako	2011	6	21	172	24.4	31.2	21.2	-999.9	5.1	1.9	96835.7	-999.9
Bamako	2011	6	22	173	24.6	32.2	22.5	-999.9	0.0	2.2	96825.9	-999.9
Bamako	2011	6	23	174	25.5	31.5	20.1	-999.9	15.2	2.0	96685.7	-999.9
Bamako	2011	6	24	175	23.6	31.8	21.8	-999.9	5.1	1.9	96681.4	-999.9
Bamako	2011	6	25	176	22.9	30.7	21.6	-999.9	0.0	1.4	96916.8	-999.9
Bamako	2011	6	26	177	23.9	32.6	23.9	-999.9	2.3	1.1	96933.5	-999.9
Bamako	2011	6	27	178	25.3	32.1	21.1	-999.9	4.7	1.9	96825.8	-999.9
Bamako	2011	6	28	179	23.6	30.7	17.8	-999.9	2.3	1.9	96766.9	-999.9
Bamako	2011	6	29	180	24.3	31.7	22.8	-999.9	0.0	2.1	96709.0	-999.9
Bamako	2011	6	30	181	23.9	30.7	18.8	-999.9	11.7	1.2	96745.2	-999.9
Bamako	2011	7	1	182	22.8	30.1	21.3	-999.9	5.8	1.7	96902.8	-999.9
Bamako	2011	7	2	183	22.8	31.4	24.0	-999.9	5.8	1.3	96865.8	-999.9
Bamako	2011	7	3	184	24.7	32.5	22.6	-999.9	0.0	2.0	96730.2	-999.9
Bamako	2011	7	4	185	24.1	31.5	17.8	-999.9	11.6	2.1	96753.5	-999.9
Bamako	2011	7	5	186	23.4	31.3	22.9	-999.9	0.0	1.8	97060.3	-999.9
Bamako	2011	7	6	187	22.7	32.3	20.7	-999.9	11.2	1.1	96969.0	-999.9
Bamako	2011	7	7	188	23.6	32.9	23.6	-999.9	0.0	1.8	96733.5	-999.9
Bamako	2011	7	8	189	23.9	33.7	23.9	-999.9	0.0	2.4	96658.5	-999.9
Bamako	2011	7	9	190	24.4	32.7	23.1	-999.9	5.6	2.5	96779.0	-999.9
Bamako	2011	7	10	191	23.8	31.2	20.7	-999.9	0.0	1.9	96814.9	-999.9
Bamako	2011	7	11	192	22.9	25.9	7.8	-999.9	16.7	1.3	96866.5	-999.9
Bamako	2011	7	12	193	22.1	28.3	16.6	-999.9	5.6	0.8	96876.2	-999.9
Bamako	2011	7	13	194	22.9	30.3	22.7	-999.9	5.6	1.2	96760.7	-999.9
Bamako	2011	7	14	195	22.8	29.6	20.0	-999.9	16.7	1.5	96695.9	-999.9
Bamako	2011	7	15	196	22.5	29.4	21.0	-999.9	0.0	1.5	96841.6	-999.9
Bamako	2011	7	16	197	23.0	30.5	22.3	-999.9	11.1	1.2	96912.8	-999.9
Bamako	2011	7	17	198	22.8	29.4	20.3	-999.9	0.0	1.4	96915.2	-999.9
Bamako	2011	7	18	199	22.2	30.7	22.4	-999.9	11.1	1.3	96958.1	-999.9
Bamako	2011	7	19	200	22.1	31.1	22.3	-999.9	0.0	1.0	96970.4	-999.9
Bamako	2011	7	20	201	23.7	32.0	24.4	-999.9	0.0	1.2	96904.5	-999.9
Bamako	2011	7	21	202	24.3	31.5	21.4	-999.9	2.2	2.0	96847.7	-999.9
Bamako	2011	7	22	203	24.2	32.2	23.5	-999.9	0.0	2.9	96747.9	-999.9
Bamako	2011	7	23	204	24.4	31.7	20.9	-999.9	2.2	2.5	96779.1	-999.9
Bamako	2011	7	24	205	23.9	30.7	22.2	-999.9	2.2	2.2	96904.9	-999.9
Bamako	2011	7	25	206	23.6	31.7	22.8	-999.9	4.5	2.0	96801.6	-999.9
Bamako	2011	7	26	207	23.2	28.7	12.4	-999.9	15.3	1.5	96733.2	-999.9
Bamako	2011	7	27	208	22.6	27.4	12.5	-999.9	30.7	1.0	96800.4	-999.9
Bamako	2011	7	28	209	21.8	30.0	21.7	-999.9	0.0	1.4	96802.3	-999.9
Bamako	2011	7	29	210	22.8	31.2	23.4	-999.9	0.0	1.7	96648.6	-999.9
Bamako	2011	7	30	211	23.8	29.2	15.5	-999.9	46.0	2.1	96657.3	-999.9
Bamako	2011	7	31	212	22.4	29.1	17.7	-999.9	15.3	1.6	96813.7	-999.9
Bamako	2011	8	1	213	22.3	30.4	21.7	-999.9	0.0	1.2	96774.4	-999.9
Bamako	2011	8	2	214	23.3	30.5	21.1	-999.9	0.0	0.9	96714.4	-999.9
Bamako	2011	8	3	215	24.0	31.3	23.3	-999.9	0.0	1.7	96887.8	-999.9
Bamako	2011	8	4	216	24.1	30.5	19.9	-999.9	39.6	2.0	96933.2	-999.9
Bamako	2011	8	5	217	23.1	27.8	12.7	-999.9	19.8	1.9	96973.3	-999.9
Bamako	2011	8	6	218	22.5	29.3	17.5	-999.9	0.0	1.8	96904.6	-999.9
Bamako	2011	8	7	219	22.8	29.6	19.0	-999.9	29.3	1.4	96877.0	-999.9
Bamako	2011	8	8	220	22.7	29.7	21.0	-999.9	0.0	1.0	96950.9	-999.9
Bamako	2011	8	9	221	23.0	29.8	19.6	-999.9	9.8	1.1	96899.4	-999.9
Bamako	2011	8	10	222	22.7	30.2	19.0	-999.9	0.0	1.5	96853.6	-999.9
Bamako	2011	8	11	223	23.3	31.0	23.3	-999.9	0.0	1.7	96832.3	-999.9
Bamako	2011	8	12	224	24.4	30.1	17.0	-999.9	8.9	2.0	96692.5	-999.9
Bamako	2011	8	13	225	23.5	28.7	13.5	-999.9	8.9	2.1	96591.0	-999.9
Bamako	2011	8	14	226	22.8	28.6	18.1	-999.9	0.0	1.6	96656.8	-999.9
Bamako	2011	8	15	227	22.5	29.7	21.7	-999.9	0.0	1.5	96761.9	-999.9
Bamako	2011	8	16	228	22.5	29.1	15.8	-999.9	19.5	1.0	96753.6	-999.9
Bamako	2011	8	17	229	23.0	27.2	13.9	-999.9	9.7	1.1	96686.7	-999.9
Bamako	2011	8	18	230	22.5	28.5	20.1	-999.9	0.0	2.0	96678.6	-999.9
Bamako	2011	8	19	231	22.6	27.6	17.4	-999.9	29.2	1.5	96806.2	-999.9
Bamako	2011	8	20	232	22.9	28.4	17.0	-999.9	29.2	1.3	96853.2	-999.9
Bamako	2011	8	21	233	22.3	26.7	13.1	-999.9	55.2	1.1	96815.4	-999.9
Bamako	2011	8	22	234	22.3	28.7	19.3	-999.9	0.0	1.6	96785.3	-999.9
Bamako	2011	8	23	235	22.7	27.7	13.6	-999.9	27.6	1.4	96889.1	-999.9
Bamako	2011	8	24	236	22.4	27.7	13.9	-999.9	0.0	2.0	97014.2	-999.9
Bamako	2011	8	25	237	21.0	28.8	20.4	-999.9	0.0	1.3	97093.8	-999.9
Bamako	2011	8	26	238	22.2	29.8	22.3	-999.9	0.0	1.1	96987.7	-999.9
Bamako	2011	8	27	239	23.1	30.1	20.8	-999.9	19.0	1.4	96905.4	-999.9
Bamako	2011	8	28	240	22.6	30.0	20.6	-999.9	0.0	1.6	96927.6	-999.9
Bamako	2011	8	29	241	23.0	27.1	11.7	-999.9	28.5	1.2	96979.2	-999.9
Bamako	2011	8	30	242	22.4	29.7	20.2	-999.9	0.0	1.1	97016.5	-999.9
Bamako	2011	8	31	243	22.5	29.5	19.7	-999.9	19.0	1.2	96987.8	-999.9
Bamako	2011	9	1	244	23.3	30.1	22.7	-999.9	0.0	1.4	97008.4	-999.9
Bamako	2011	9	2	245	21.9	30.0	23.0	-999.9	0.0	1.2	97043.8	-999.9
Bamako	2011	9	3	246	23.1	30.5	22.5	-999.9	4.0	1.3	96884.9	-999.9
Bamako	2011	9	4	247	23.2	30.6	21.7	-999.9	0.0	1.4	96771.9	-999.9
Bamako	2011	9	5	248	22.5	30.0	22.0	-999.9	0.0	1.2	96870.2	-999.9
Bamako	2011	9	6	249	22.8	29.7	17.9	-999.9	0.0	1.1	96949.1	-999.9
Bamako	2011	9	7	250	22.7	30.2	23.0	-999.9	0.0	1.1	96977.1	-999.9
Bamako	2011	9	8	251	23.5	30.9	23.2	-999.9	0.0	1.6	96865.4	-999.9
Bamako	2011	9	9	252	24.2	31.2	21.8	-999.9	16.4	2.1	96675.1	-999.9
Bamako	2011	9	10	253	22.3	28.1	14.3	-999.9	0.0	1.0	96786.5	-999.9
Bamako	2011	9	11	254	22.6	28.2	15.9	-999.9	5.3	1.4	96979.2	-999.9
Bamako	2011	9	12	255	22.6	30.8	23.4	-999.9	0.0	1.4	96898.7	-999.9
Bamako	2011	9	13	256	23.2	31.0	20.9	-999.9	0.0	1.3	96771.3	-999.9
Bamako	2011	9	14	257	22.7	28.6	14.9	-999.9	15.9	1.6	96807.9	-999.9
Bamako	2011	9	15	258	22.7	29.7	21.4	-999.9	0.0	1.5	96895.9	-999.9
Bamako	2011	9	16	259	22.9	29.9	19.2	-999.9	0.0	1.2	96898.3	-999.9
Bamako	2011	9	17	260	23.8	30.0	18.0	-999.9	22.8	1.3	96776.8	-999.9
Bamako	2011	9	18	261	22.1	27.8	12.1	-999.9	0.0	1.5	96736.0	-999.9
Bamako	2011	9	19	262	22.5	28.7	17.6	-999.9	0.0	2.0	96881.3	-999.9
Bamako	2011	9	20	263	22.3	30.7	23.3	-999.9	0.0	1.0	96964.0	-999.9
Bamako	2011	9	21	264	24.1	31.6	21.2	-999.9	4.3	1.7	96909.6	-999.9
Bamako	2011	9	22	265	22.8	30.1	19.7	-999.9	8.6	1.8	96948.0	-999.9
Bamako	2011	9	23	266	22.9	29.1	19.1	-999.9	0.0	1.5	96959.6	-999.9
Bamako	2011	9	24	267	22.9	31.5	23.5	-999.9	0.0	0.9	96895.3	-999.9
Bamako	2011	9	25	268	23.0	30.7	21.8	-999.9	0.0	1.2	96927.7	-999.9
Bamako	2011	9	26	269	23.8	31.6	22.7	-999.9	6.9	1.4	97019.2	-999.9
Bamako	2011	9	27	270	23.7	31.4	22.1	-999.9	3.4	1.7	96885.9	-999.9
Bamako	2011	9	28	271	23.0	30.7	19.4	-999.9	0.0	1.1	96776.4	-999.9
Bamako	2011	9	29	272	22.1	29.5	20.6	-999.9	6.9	1.4	96858.6	-999.9
Bamako	2011	9	30	273	21.7	28.5	18.4	-999.9	0.0	1.6	96948.3	-999.9
Bamako	2011	10	1	274	22.0	29.6	20.8	-999.9	0.0	1.3	96954.1	-999.9
Bamako	2011	10	2	275	22.9	30.9	21.7	-999.9	0.0	1.1	96881.9	-999.9
Bamako	2011	10	3	276	23.0	31.6	20.9	-999.9	0.0	1.1	96884.1	-999.9
Bamako	2011	10	4	277	23.8	33.2	22.4	-999.9	0.0	1.2	96812.0	-999.9
Bamako	2011	10	5	278	23.4	33.3	22.3	-999.9	0.0	1.3	96755.1	-999.9
Bamako	2011	10	6	279	20.7	32.5	24.6	-999.9	0.0	1.8	96776.5	-999.9
Bamako	2011	10	7	280	19.7	32.6	24.1	-999.9	0.0	1.2	96737.7	-999.9
Bamako	2011	10	8	281	20.9	32.8	22.7	-999.9	0.0	1.3	96654.0	-999.9
Bamako	2011	10	9	282	21.7	33.0	22.5	-999.9	0.0	1.3	96641.1	-999.9
Bamako	2011	10	10	283	24.1	31.9	19.7	-999.9	0.0	1.5	96719.9	-999.9
Bamako	2011	10	11	284	24.0	33.3	22.0	-999.9	0.0	1.6	96705.4	-999.9
Bamako	2011	10	12	285	24.3	33.3	20.3	-999.9	7.3	1.3	96598.8	-999.9
Bamako	2011	10	13	286	24.4	31.3	18.5	-999.9	21.9	1.1	96578.2	-999.9
Bamako	2011	10	14	287	23.6	31.0	19.1	-999.9	7.3	1.3	96609.0	-999.9
Bamako	2011	10	15	288	22.8	29.8	15.0	-999.9	0.0	1.6	96731.9	-999.9
Bamako	2011	10	16	289	22.6	31.9	20.1	-999.9	0.0	1.4	96721.4	-999.9
Bamako	2011	10	17	290	24.0	33.9	20.8	-999.9	0.0	1.4	96640.3	-999.9
Bamako	2011	10	18	291	22.7	35.0	23.6	-999.9	0.0	1.5	96559.7	-999.9
Bamako	2011	10	19	292	19.2	34.0	23.5	-999.9	0.0	1.0	96639.4	-999.9
Bamako	2011	10	20	293	20.3	35.4	23.2	-999.9	0.0	1.5	96575.8	-999.9
Bamako	2011	10	21	294	21.4	34.9	22.6	-999.9	0.0	1.4	96513.7	-999.9
Bamako	2011	10	22	295	24.2	34.6	20.9	-999.9	0.0	1.5	96568.8	-999.9
Bamako	2011	10	23	296	24.1	33.6	21.0	-999.9	0.0	1.8	96766.2	-999.9
Bamako	2011	10	24	297	24.2	34.4	19.2	-999.9	0.0	1.6	96687.8	-999.9
Bamako	2011	10	25	298	22.8	35.2	21.9	-999.9	0.0	1.5	96555.8	-999.9
Bamako	2011	10	26	299	24.3	33.1	20.3	-999.9	0.0	1.5	96728.4	-999.9
Bamako	2011	10	27	300	23.9	34.4	20.1	-999.9	8.9	1.4	96717.5	-999.9
Bamako	2011	10	28	301	23.5	34.2	21.3	-999.9	0.0	1.6	96662.4	-999.9
Bamako	2011	10	29	302	23.2	34.0	19.9	-999.9	0.0	1.4	96666.3	-999.9
Bamako	2011	10	30	303	23.9	34.7	19.0	-999.9	0.0	1.5	96629.2	-999.9
Bamako	2011	10	31	304	22.6	35.3	19.6	-999.9	4.4	1.5	96651.1	-999.9
Bamako	2011	11	1	305	22.7	35.7	21.2	-999.9	0.0	1.5	96695.5	-999.9
Bamako	2011	11	2	306	22.7	35.8	20.5	-999.9	0.0	1.5	96801.7	-999.9
Bamako	2011	11	3	307	21.8	35.3	21.6	-999.9	0.0	1.8	96791.2	-999.9
Bamako	2011	11	4	308	20.5	35.5	22.5	-999.9	0.0	2.0	96753.8	-999.9
Bamako	2011	11	5	309	20.4	34.4	22.1	-999.9	0.0	2.0	96804.6	-999.9
Bamako	2011	11	6	310	19.0	34.3	22.4	-999.9	0.0	1.8	96753.3	-999.9
Bamako	2011	11	7	311	19.2	34.2	21.5	-999.9	0.0	1.0	96748.5	-999.9
Bamako	2011	11	8	312	22.3	33.6	18.6	-999.9	0.0	1.5	96779.1	-999.9
Bamako	2011	11	9	313	23.0	35.1	18.7	-999.9	0.0	1.3	96662.5	-999.9
Bamako	2011	11	10	314	21.0	35.2	21.3	-999.9	0.0	1.2	96543.4	-999.9
Bamako	2011	11	11	315	19.4	35.2	21.9	-999.9	0.0	1.6	96518.5	-999.9
Bamako	2011	11	12	316	19.7	34.9	21.7	-999.9	0.0	1.8	96650.1	-999.9
Bamako	2011	11	13	317	18.3	35.3	22.0	-999.9	0.0	2.2	96761.0	-999.9
Bamako	2011	11	14	318	18.8	35.5	21.9	-999.9	0.0	2.3	96751.4	-999.9
Bamako	2011	11	15	319	16.8	35.4	22.0	-999.9	0.0	1.9	96613.5	-999.9
Bamako	2011	11	16	320	17.4	35.2	21.9	-999.9	0.0	1.9	96619.0	-999.9
Bamako	2011	11	17	321	18.8	34.9	21.6	-999.9	0.0	2.0	96688.6	-999.9
Bamako	2011	11	18	322	19.7	34.7	21.5	-999.9	0.0	1.8	96687.9	-999.9
Bamako	2011	11	19	323	20.0	34.8	21.1	-999.9	0.0	1.7	96689.4	-999.9
Bamako	2011	11	20	324	20.6	35.6	20.9	-999.9	0.0	1.6	96654.6	-999.9
Bamako	2011	11	21	325	20.1	35.8	20.3	-999.9	0.0	1.6	96743.5	-999.9
Bamako	2011	11	22	326	20.3	34.9	20.8	-999.9	0.0	2.2	96836.6	-999.9
Bamako	2011	11	23	327	20.2	34.5	21.0	-999.9	0.0	2.3	96785.1	-999.9
Bamako	2011	11	24	328	18.3	34.5	20.9	-999.9	0.0	1.9	96767.6	-999.9
Bamako	2011	11	25	329	20.4	34.6	20.9	-999.9	0.0	2.2	96750.8	-999.9
Bamako	2011	11	26	330	20.2	34.0	20.8	-999.9	0.0	2.2	96676.8	-999.9
Bamako	2011	11	27	331	19.1	33.4	20.9	-999.9	0.0	2.1	96706.3	-999.9
Bamako	2011	11	28	332	19.4	33.5	20.3	-999.9	0.0	1.8	96757.0	-999.9
Bamako	2011	11	29	333	19.1	34.3	20.5	-999.9	0.0	2.2	96767.6	-999.9
Bamako	2011	11	30	334	17.5	33.9	20.9	-999.9	0.0	2.5	96781.0	-999.9
Bamako	2011	12	1	335	16.2	32.6	21.3	-999.9	0.0	2.3	96860.0	-999.9
Bamako	2011	12	2	336	14.6	32.6	20.9	-999.9	0.0	2.2	96918.1	-999.9
Bamako	2011	12	3	337	17.2	33.2	21.0	-999.9	0.0	2.3	96877.6	-999.9
Bamako	2011	12	4	338	17.2	33.0	20.9	-999.9	0.0	1.9	96698.5	-999.9
Bamako	2011	12	5	339	16.8	33.0	20.7	-999.9	0.0	2.0	96710.7	-999.9
Bamako	2011	12	6	340	18.5	32.6	20.5	-999.9	0.0	2.5	96820.9	-999.9
Bamako	2011	12	7	341	18.8	32.7	20.4	-999.9	0.0	2.5	96902.6	-999.9
Bamako	2011	12	8	342	19.1	33.3	20.6	-999.9	0.0	2.4	96835.4	-999.9
Bamako	2011	12	9	343	18.0	33.2	20.6	-999.9	0.0	2.4	96771.7	-999.9
Bamako	2011	12	10	344	16.8	32.6	20.6	-999.9	0.0	2.2	96760.9	-999.9
Bamako	2011	12	11	345	16.8	32.7	20.5	-999.9	0.0	2.1	96819.4	-999.9
Bamako	2011	12	12	346	16.8	32.1	20.5	-999.9	0.0	2.3	96933.6	-999.9
Bamako	2011	12	13	347	16.8	30.7	20.5	-999.9	0.0	2.5	97007.4	-999.9
Bamako	2011	12	14	348	16.5	30.5	20.5	-999.9	0.0	2.2	96938.6	-999.9
Bamako	2011	12	15	349	16.0	31.0	20.3	-999.9	0.0	2.2	96975.6	-999.9
Bamako	2011	12	16	350	17.0	30.7	20.2	-999.9	0.0	2.5	97012.7	-999.9
Bamako	2011	12	17	351	16.7	30.6	20.4	-999.9	0.0	2.1	97000.8	-999.9
Bamako	2011	12	18	352	15.5	30.7	20.4	-999.9	0.0	2.1	96894.8	-999.9
Bamako	2011	12	19	353	13.8	31.0	19.9	-999.9	0.0	1.8	96865.4	-999.9
Bamako	2011	12	20	354	15.6	31.8	20.1	-999.9	0.0	1.9	96892.2	-999.9
Bamako	2011	12	21	355	17.7	30.1	19.1	-999.9	0.0	2.9	97012.6	-999.9
Bamako	2011	12	22	356	15.3	29.4	20.2	-999.9	0.0	2.5	97104.5	-999.9
Bamako	2011	12	23	357	16.2	30.7	20.1	-999.9	0.0	2.5	97052.2	-999.9
Bamako	2011	12	24	358	16.9	30.5	20.3	-999.9	0.0	2.6	96986.2	-999.9
Bamako	2011	12	25	359	17.1	30.9	20.2	-999.9	0.0	2.4	96944.4	-999.9
Bamako	2011	12	26	360	16.4	31.7	19.8	-999.9	0.0	2.2	96965.2	-999.9
Bamako	2011	12	27	361	16.8	32.6	20.0	-999.9	0.0	2.3	97039.0	-999.9
Bamako	2011	12	28	362	18.1	30.8	19.9	-999.9	0.0	2.7	97089.6	-999.9
Bamako	2011	12	29	363	16.0	28.4	20.1	-999.9	0.0	2.8	97209.9	-999.9
Bamako	2011	12	30	364	15.0	27.2	19.4	-999.9	0.0	2.8	97245.0	-999.9
Bamako	2011	12	31	365	14.2	26.2	18.8	-999.9	0.0	2.5	97245.3	-999.9
