Bamako	1999	1	1	1	17.0	29.1	19.8	-999.9	0.0	2.3	96948.5	-999.9
Bamako	1999	1	2	2	16.8	29.5	19.1	-999.9	0.0	2.5	96939.6	-999.9
Bamako	1999	1	3	3	17.1	31.1	20.1	-999.9	0.0	2.4	96820.5	-999.9
Bamako	1999	1	4	4	18.6	31.8	20.1	-999.9	0.0	2.5	96669.9	-999.9
Bamako	1999	1	5	5	18.8	32.4	19.7	-999.9	0.0	2.3	96603.3	-999.9
Bamako	1999	1	6	6	19.0	33.3	19.9	-999.9	0.0	2.1	96516.8	-999.9
Bamako	1999	1	7	7	20.3	32.4	19.5	-999.9	0.0	2.5	96578.0	-999.9
Bamako	1999	1	8	8	19.0	31.3	17.0	-999.9	0.0	1.8	96687.5	-999.9
Bamako	1999	1	9	9	19.6	32.2	20.2	-999.9	0.0	2.1	96638.7	-999.9
Bamako	1999	1	10	10	17.4	33.1	20.1	-999.9	0.0	1.5	96558.3	-999.9
Bamako	1999	1	11	11	19.7	33.1	19.9	-999.9	0.0	1.8	96507.7	-999.9
Bamako	1999	1	12	12	19.9	34.3	20.1	-999.9	0.0	2.0	96390.4	-999.9
Bamako	1999	1	13	13	23.1	32.5	19.4	-999.9	0.0	1.7	96632.8	-999.9
Bamako	1999	1	14	14	21.3	32.2	19.6	-999.9	0.0	1.7	96744.1	-999.9
Bamako	1999	1	15	15	21.3	31.6	19.7	-999.9	0.0	2.4	96773.3	-999.9
Bamako	1999	1	16	16	21.2	32.7	19.5	-999.9	0.0	2.5	96889.6	-999.9
Bamako	1999	1	17	17	20.7	31.7	20.2	-999.9	0.0	2.8	96956.1	-999.9
Bamako	1999	1	18	18	18.5	30.5	20.6	-999.9	0.0	2.6	96918.8	-999.9
Bamako	1999	1	19	19	17.1	30.7	20.7	-999.9	0.0	2.2	96829.9	-999.9
Bamako	1999	1	20	20	17.6	30.6	20.8	-999.9	0.0	2.2	96888.6	-999.9
Bamako	1999	1	21	21	17.4	30.3	20.8	-999.9	0.0	2.3	96969.5	-999.9
Bamako	1999	1	22	22	16.9	30.4	21.0	-999.9	0.0	2.4	96955.2	-999.9
Bamako	1999	1	23	23	17.3	31.1	21.1	-999.9	0.0	2.3	96931.9	-999.9
Bamako	1999	1	24	24	17.5	31.3	21.1	-999.9	0.0	2.8	96851.5	-999.9
Bamako	1999	1	25	25	17.8	31.0	20.9	-999.9	0.0	3.0	96821.1	-999.9
Bamako	1999	1	26	26	18.2	30.4	21.2	-999.9	0.0	3.2	96872.7	-999.9
Bamako	1999	1	27	27	17.2	29.3	21.3	-999.9	0.0	2.7	96868.6	-999.9
Bamako	1999	1	28	28	16.7	29.9	21.5	-999.9	0.0	2.4	96776.7	-999.9
Bamako	1999	1	29	29	17.0	31.5	21.5	-999.9	0.0	2.3	96758.4	-999.9
Bamako	1999	1	30	30	18.3	32.7	21.4	-999.9	0.0	2.2	96739.4	-999.9
Bamako	1999	1	31	31	18.8	33.7	21.4	-999.9	0.0	2.1	96630.6	-999.9
Bamako	1999	2	1	32	18.2	32.4	21.6	-999.9	0.0	1.6	96539.0	-999.9
Bamako	1999	2	2	33	18.7	32.2	21.4	-999.9	0.0	1.8	96527.2	-999.9
Bamako	1999	2	3	34	19.7	32.4	20.0	-999.9	0.0	2.5	96596.2	-999.9
Bamako	1999	2	4	35	19.7	30.5	20.2	-999.9	0.0	3.4	96809.3	-999.9
Bamako	1999	2	5	36	17.6	28.6	20.9	-999.9	0.0	3.4	97111.2	-999.9
Bamako	1999	2	6	37	16.0	26.7	22.0	-999.9	0.0	3.1	97221.0	-999.9
Bamako	1999	2	7	38	13.9	26.9	22.3	-999.9	0.0	2.3	97151.6	-999.9
Bamako	1999	2	8	39	14.5	29.5	22.4	-999.9	0.0	1.9	96993.9	-999.9
Bamako	1999	2	9	40	16.0	32.3	22.2	-999.9	0.0	1.8	96977.9	-999.9
Bamako	1999	2	10	41	17.9	33.2	22.2	-999.9	0.0	2.0	96876.9	-999.9
Bamako	1999	2	11	42	18.4	34.0	22.4	-999.9	0.0	2.2	96765.1	-999.9
Bamako	1999	2	12	43	19.1	34.5	22.4	-999.9	0.0	2.1	96666.2	-999.9
Bamako	1999	2	13	44	19.9	35.4	22.4	-999.9	0.0	2.0	96612.8	-999.9
Bamako	1999	2	14	45	19.4	35.4	22.5	-999.9	0.0	1.8	96521.9	-999.9
Bamako	1999	2	15	46	19.7	34.4	21.7	-999.9	0.0	1.7	96443.2	-999.9
Bamako	1999	2	16	47	21.3	32.7	18.5	-999.9	0.0	1.8	96517.9	-999.9
Bamako	1999	2	17	48	19.5	33.3	21.9	-999.9	0.0	2.0	96520.2	-999.9
Bamako	1999	2	18	49	20.6	31.2	22.0	-999.9	0.0	2.9	96822.1	-999.9
Bamako	1999	2	19	50	18.6	29.9	22.8	-999.9	0.0	3.1	97012.9	-999.9
Bamako	1999	2	20	51	16.8	29.6	23.1	-999.9	0.0	2.9	97065.5	-999.9
Bamako	1999	2	21	52	16.6	29.2	23.1	-999.9	0.0	2.7	97000.1	-999.9
Bamako	1999	2	22	53	16.9	31.4	23.3	-999.9	0.0	2.6	96867.4	-999.9
Bamako	1999	2	23	54	19.6	32.8	21.5	-999.9	0.0	2.6	96835.4	-999.9
Bamako	1999	2	24	55	20.2	34.0	23.2	-999.9	0.0	2.5	96812.8	-999.9
Bamako	1999	2	25	56	20.4	35.7	23.3	-999.9	0.0	2.0	96694.3	-999.9
Bamako	1999	2	26	57	21.0	36.8	23.4	-999.9	0.0	2.2	96580.1	-999.9
Bamako	1999	2	27	58	21.5	36.8	23.6	-999.9	0.0	2.4	96526.2	-999.9
Bamako	1999	2	28	59	21.4	35.8	23.6	-999.9	0.0	2.7	96528.2	-999.9
Bamako	1999	3	1	60	21.2	33.2	19.9	-999.9	0.0	2.1	96675.4	-999.9
Bamako	1999	3	2	61	22.7	35.7	21.8	-999.9	0.0	2.0	96541.3	-999.9
Bamako	1999	3	3	62	22.2	35.7	23.4	-999.9	0.0	2.4	96438.6	-999.9
Bamako	1999	3	4	63	22.7	35.2	23.4	-999.9	0.0	2.4	96425.2	-999.9
Bamako	1999	3	5	64	22.5	36.2	23.0	-999.9	0.0	2.2	96350.9	-999.9
Bamako	1999	3	6	65	22.7	36.8	24.0	-999.9	0.0	2.3	96316.8	-999.9
Bamako	1999	3	7	66	22.5	36.1	24.2	-999.9	0.0	2.2	96353.6	-999.9
Bamako	1999	3	8	67	21.5	37.2	24.4	-999.9	0.0	2.2	96357.1	-999.9
Bamako	1999	3	9	68	21.6	37.0	24.7	-999.9	0.0	2.4	96398.5	-999.9
Bamako	1999	3	10	69	23.8	36.9	24.6	-999.9	0.0	2.8	96537.0	-999.9
Bamako	1999	3	11	70	23.3	36.3	24.3	-999.9	0.0	2.0	96604.7	-999.9
Bamako	1999	3	12	71	22.2	35.2	24.0	-999.9	0.0	2.2	96565.5	-999.9
Bamako	1999	3	13	72	22.0	36.5	24.6	-999.9	0.0	1.8	96414.7	-999.9
Bamako	1999	3	14	73	23.0	36.6	22.6	-999.9	0.0	1.7	96384.7	-999.9
Bamako	1999	3	15	74	25.0	31.4	14.0	-999.9	0.0	1.8	96581.1	-999.9
Bamako	1999	3	16	75	22.6	33.9	22.1	-999.9	0.0	1.9	96635.5	-999.9
Bamako	1999	3	17	76	23.7	35.9	23.5	-999.9	0.0	1.9	96478.1	-999.9
Bamako	1999	3	18	77	24.0	37.0	24.7	-999.9	0.0	2.5	96414.3	-999.9
Bamako	1999	3	19	78	23.9	38.0	25.0	-999.9	0.0	2.8	96434.9	-999.9
Bamako	1999	3	20	79	25.0	38.6	24.8	-999.9	0.0	3.4	96477.8	-999.9
Bamako	1999	3	21	80	25.9	38.4	25.1	-999.9	0.0	3.2	96564.4	-999.9
Bamako	1999	3	22	81	25.9	38.7	25.2	-999.9	0.0	3.0	96559.7	-999.9
Bamako	1999	3	23	82	23.5	39.1	25.5	-999.9	0.0	2.5	96465.1	-999.9
Bamako	1999	3	24	83	20.4	39.0	25.9	-999.9	0.0	1.5	96364.0	-999.9
Bamako	1999	3	25	84	24.1	39.2	24.2	-999.9	5.9	2.0	96417.7	-999.9
Bamako	1999	3	26	85	28.3	38.1	20.6	-999.9	0.0	2.2	96509.3	-999.9
Bamako	1999	3	27	86	27.3	38.0	23.1	-999.9	0.0	2.1	96561.4	-999.9
Bamako	1999	3	28	87	22.3	37.6	25.1	-999.9	0.0	2.1	96562.1	-999.9
Bamako	1999	3	29	88	22.4	38.0	24.7	-999.9	0.0	1.7	96467.5	-999.9
Bamako	1999	3	30	89	22.4	38.8	25.5	-999.9	0.0	1.6	96403.2	-999.9
Bamako	1999	3	31	90	22.5	38.4	24.9	-999.9	0.0	1.9	96411.9	-999.9
Bamako	1999	4	1	91	23.8	39.1	25.7	-999.9	0.0	2.2	96428.7	-999.9
Bamako	1999	4	2	92	22.8	38.7	25.9	-999.9	0.0	2.5	96557.4	-999.9
Bamako	1999	4	3	93	22.1	38.4	25.7	-999.9	0.0	2.2	96593.6	-999.9
Bamako	1999	4	4	94	22.8	38.2	26.2	-999.9	0.0	2.3	96493.3	-999.9
Bamako	1999	4	5	95	22.3	38.5	26.4	-999.9	0.0	2.0	96489.3	-999.9
Bamako	1999	4	6	96	21.2	36.7	24.1	-999.9	0.0	1.8	96616.7	-999.9
Bamako	1999	4	7	97	23.2	37.7	25.2	-999.9	0.0	2.2	96613.1	-999.9
Bamako	1999	4	8	98	25.6	35.7	22.9	-999.9	0.0	1.5	96627.2	-999.9
Bamako	1999	4	9	99	23.2	35.9	20.8	-999.9	0.0	1.7	96662.5	-999.9
Bamako	1999	4	10	100	25.7	38.9	25.0	-999.9	0.0	2.3	96635.1	-999.9
Bamako	1999	4	11	101	26.1	39.9	25.9	-999.9	0.0	2.5	96668.3	-999.9
Bamako	1999	4	12	102	23.8	39.9	26.5	-999.9	0.0	2.3	96598.9	-999.9
Bamako	1999	4	13	103	25.9	39.4	24.8	-999.9	0.0	1.8	96510.3	-999.9
Bamako	1999	4	14	104	27.9	39.7	24.8	-999.9	0.0	2.8	96368.4	-999.9
Bamako	1999	4	15	105	27.7	36.7	21.4	-999.9	0.0	2.1	96544.9	-999.9
Bamako	1999	4	16	106	28.5	37.0	22.7	-999.9	0.0	1.8	96652.5	-999.9
Bamako	1999	4	17	107	27.3	38.3	23.3	-999.9	3.4	1.5	96683.2	-999.9
Bamako	1999	4	18	108	25.5	37.0	23.4	-999.9	3.4	2.2	96817.1	-999.9
Bamako	1999	4	19	109	25.9	38.8	25.6	-999.9	0.0	2.7	96594.1	-999.9
Bamako	1999	4	20	110	25.5	38.9	22.5	-999.9	0.0	1.8	96450.4	-999.9
Bamako	1999	4	21	111	23.9	38.8	25.6	-999.9	0.0	1.9	96532.4	-999.9
Bamako	1999	4	22	112	27.6	39.4	25.3	-999.9	0.0	1.6	96618.7	-999.9
Bamako	1999	4	23	113	27.1	39.8	23.8	-999.9	0.0	1.9	96450.4	-999.9
Bamako	1999	4	24	114	27.2	38.6	22.4	-999.9	5.1	2.6	96264.3	-999.9
Bamako	1999	4	25	115	27.5	38.0	23.0	-999.9	0.0	2.6	96333.3	-999.9
Bamako	1999	4	26	116	25.3	36.9	23.4	-999.9	8.6	1.8	96443.0	-999.9
Bamako	1999	4	27	117	26.2	36.4	18.7	-999.9	4.3	1.7	96431.4	-999.9
Bamako	1999	4	28	118	26.0	35.0	20.9	-999.9	0.0	1.4	96466.7	-999.9
Bamako	1999	4	29	119	26.2	35.0	21.8	-999.9	0.0	1.5	96597.7	-999.9
Bamako	1999	4	30	120	26.2	36.2	21.7	-999.9	8.6	1.2	96664.3	-999.9
Bamako	1999	5	1	121	26.0	36.2	22.5	-999.9	0.0	1.8	96716.1	-999.9
Bamako	1999	5	2	122	26.5	38.9	22.1	-999.9	0.0	2.3	96567.2	-999.9
Bamako	1999	5	3	123	25.8	39.4	26.0	-999.9	0.0	2.4	96513.0	-999.9
Bamako	1999	5	4	124	25.7	36.6	24.1	-999.9	2.3	1.8	96658.4	-999.9
Bamako	1999	5	5	125	27.6	36.3	21.4	-999.9	2.3	1.8	96650.0	-999.9
Bamako	1999	5	6	126	26.8	38.7	23.3	-999.9	0.0	1.9	96502.7	-999.9
Bamako	1999	5	7	127	26.4	39.3	24.5	-999.9	0.0	1.8	96427.5	-999.9
Bamako	1999	5	8	128	27.2	38.4	23.6	-999.9	0.0	2.0	96407.4	-999.9
Bamako	1999	5	9	129	27.9	38.6	23.4	-999.9	0.0	2.2	96456.2	-999.9
Bamako	1999	5	10	130	26.6	38.7	23.5	-999.9	2.7	1.9	96496.6	-999.9
Bamako	1999	5	11	131	26.2	39.4	23.6	-999.9	0.0	2.3	96500.0	-999.9
Bamako	1999	5	12	132	28.5	38.1	23.5	-999.9	3.6	2.8	96638.4	-999.9
Bamako	1999	5	13	133	26.4	38.3	24.9	-999.9	0.0	1.8	96598.8	-999.9
Bamako	1999	5	14	134	26.1	38.8	23.8	-999.9	3.6	2.1	96460.9	-999.9
Bamako	1999	5	15	135	26.0	36.6	23.8	-999.9	0.0	2.2	96488.3	-999.9
Bamako	1999	5	16	136	25.7	34.6	20.3	-999.9	4.2	1.7	96510.7	-999.9
Bamako	1999	5	17	137	25.7	34.3	22.3	-999.9	0.0	1.6	96587.3	-999.9
Bamako	1999	5	18	138	25.2	35.5	22.2	-999.9	4.2	1.3	96689.1	-999.9
Bamako	1999	5	19	139	24.8	36.3	23.8	-999.9	0.0	1.5	96734.6	-999.9
Bamako	1999	5	20	140	27.2	37.6	23.8	-999.9	0.0	2.0	96594.4	-999.9
Bamako	1999	5	21	141	26.1	38.6	24.0	-999.9	0.0	2.1	96612.1	-999.9
Bamako	1999	5	22	142	28.4	38.3	24.0	-999.9	0.0	1.9	96626.3	-999.9
Bamako	1999	5	23	143	28.6	38.5	23.1	-999.9	0.0	2.3	96590.5	-999.9
Bamako	1999	5	24	144	26.9	37.9	24.6	-999.9	0.0	2.6	96687.7	-999.9
Bamako	1999	5	25	145	27.2	36.8	22.9	-999.9	0.0	2.5	96722.9	-999.9
Bamako	1999	5	26	146	26.9	37.4	23.6	-999.9	0.0	1.9	96680.6	-999.9
Bamako	1999	5	27	147	27.2	36.9	23.2	-999.9	0.0	1.9	96600.1	-999.9
Bamako	1999	5	28	148	27.8	36.9	23.3	-999.9	0.0	2.2	96624.1	-999.9
Bamako	1999	5	29	149	24.9	36.3	23.6	-999.9	0.0	1.6	96769.5	-999.9
Bamako	1999	5	30	150	26.1	38.2	24.5	-999.9	0.0	1.8	96530.6	-999.9
Bamako	1999	5	31	151	26.2	37.8	24.2	-999.9	0.0	2.3	96546.5	-999.9
Bamako	1999	6	1	152	26.4	37.0	23.4	-999.9	0.0	2.2	96699.5	-999.9
Bamako	1999	6	2	153	27.3	38.1	22.8	-999.9	0.0	2.0	96622.1	-999.9
Bamako	1999	6	3	154	26.8	39.3	24.3	-999.9	2.5	2.5	96583.0	-999.9
Bamako	1999	6	4	155	26.3	35.8	22.9	-999.9	0.0	1.9	96712.6	-999.9
Bamako	1999	6	5	156	24.7	35.5	23.2	-999.9	2.5	1.9	96768.5	-999.9
Bamako	1999	6	6	157	26.4	35.7	23.6	-999.9	0.0	1.5	96690.6	-999.9
Bamako	1999	6	7	158	24.7	36.0	24.0	-999.9	6.3	1.3	96772.2	-999.9
Bamako	1999	6	8	159	24.3	35.5	22.6	-999.9	6.3	1.5	96828.1	-999.9
Bamako	1999	6	9	160	24.8	34.7	24.0	-999.9	6.3	2.1	96764.5	-999.9
Bamako	1999	6	10	161	24.7	34.9	23.3	-999.9	0.0	2.3	96775.7	-999.9
Bamako	1999	6	11	162	25.7	37.9	24.3	-999.9	9.0	1.7	96675.0	-999.9
Bamako	1999	6	12	163	25.2	37.6	23.9	-999.9	0.0	2.0	96671.0	-999.9
Bamako	1999	6	13	164	24.7	34.7	21.7	-999.9	0.0	1.8	96852.1	-999.9
Bamako	1999	6	14	165	26.1	36.5	23.6	-999.9	10.3	1.9	96744.1	-999.9
Bamako	1999	6	15	166	26.1	37.1	23.8	-999.9	0.0	1.9	96610.2	-999.9
Bamako	1999	6	16	167	25.7	37.4	23.0	-999.9	6.2	2.0	96609.8	-999.9
Bamako	1999	6	17	168	25.0	35.7	23.1	-999.9	6.2	2.1	96783.9	-999.9
Bamako	1999	6	18	169	26.0	35.7	23.2	-999.9	6.2	2.4	96741.7	-999.9
Bamako	1999	6	19	170	25.0	36.0	24.3	-999.9	0.0	1.7	96672.2	-999.9
Bamako	1999	6	20	171	25.7	34.7	22.5	-999.9	0.0	2.2	96767.5	-999.9
Bamako	1999	6	21	172	25.3	35.7	24.1	-999.9	0.0	1.9	96789.9	-999.9
Bamako	1999	6	22	173	26.5	38.2	22.6	-999.9	11.9	1.8	96646.1	-999.9
Bamako	1999	6	23	174	25.5	36.2	23.1	-999.9	0.0	1.9	96587.1	-999.9
Bamako	1999	6	24	175	26.2	35.1	22.3	-999.9	0.0	2.3	96671.7	-999.9
Bamako	1999	6	25	176	23.5	30.4	19.6	-999.9	6.0	1.8	96801.3	-999.9
Bamako	1999	6	26	177	22.9	31.9	22.6	-999.9	0.0	1.3	96740.5	-999.9
Bamako	1999	6	27	178	25.7	32.2	22.9	-999.9	9.7	1.9	96583.0	-999.9
Bamako	1999	6	28	179	23.6	30.1	15.6	-999.9	8.5	2.0	96619.1	-999.9
Bamako	1999	6	29	180	23.1	30.5	23.6	-999.9	0.0	2.0	96871.6	-999.9
Bamako	1999	6	30	181	23.3	32.0	24.0	-999.9	0.0	1.4	96839.9	-999.9
Bamako	1999	7	1	182	23.3	31.0	21.9	-999.9	6.3	1.8	96718.4	-999.9
Bamako	1999	7	2	183	23.1	29.3	17.1	-999.9	12.7	1.5	96767.0	-999.9
Bamako	1999	7	3	184	23.0	30.4	23.0	-999.9	0.0	1.4	96807.1	-999.9
Bamako	1999	7	4	185	22.6	29.6	21.1	-999.9	19.0	1.4	96878.1	-999.9
Bamako	1999	7	5	186	23.3	30.5	23.2	-999.9	0.0	1.3	96908.9	-999.9
Bamako	1999	7	6	187	23.9	31.2	21.6	-999.9	6.4	1.3	96897.5	-999.9
Bamako	1999	7	7	188	22.6	29.5	18.1	-999.9	12.8	2.2	96962.2	-999.9
Bamako	1999	7	8	189	23.4	29.4	18.2	-999.9	0.0	2.4	96889.5	-999.9
Bamako	1999	7	9	190	22.2	29.8	20.9	-999.9	0.0	1.3	96777.7	-999.9
Bamako	1999	7	10	191	23.4	30.1	22.6	-999.9	6.4	1.4	96743.1	-999.9
Bamako	1999	7	11	192	22.8	30.2	19.0	-999.9	12.3	1.6	96787.6	-999.9
Bamako	1999	7	12	193	23.5	30.6	21.2	-999.9	12.3	1.8	96920.9	-999.9
Bamako	1999	7	13	194	22.3	27.0	10.5	-999.9	0.0	1.5	96967.1	-999.9
Bamako	1999	7	14	195	22.0	28.2	16.2	-999.9	0.0	1.3	96950.2	-999.9
Bamako	1999	7	15	196	22.0	29.0	20.0	-999.9	0.0	2.0	96986.4	-999.9
Bamako	1999	7	16	197	22.3	31.2	23.7	-999.9	5.8	1.5	96919.8	-999.9
Bamako	1999	7	17	198	24.4	30.3	20.6	-999.9	11.6	2.2	96799.3	-999.9
Bamako	1999	7	18	199	22.2	26.5	11.5	-999.9	5.8	1.8	96911.3	-999.9
Bamako	1999	7	19	200	21.9	29.4	21.3	-999.9	0.0	1.4	96941.8	-999.9
Bamako	1999	7	20	201	22.9	29.6	20.5	-999.9	23.2	1.4	96935.0	-999.9
Bamako	1999	7	21	202	22.3	29.4	18.8	-999.9	11.7	1.5	96933.4	-999.9
Bamako	1999	7	22	203	22.3	29.2	19.2	-999.9	5.8	1.8	97010.0	-999.9
Bamako	1999	7	23	204	22.7	27.1	12.9	-999.9	0.0	1.5	96981.1	-999.9
Bamako	1999	7	24	205	22.2	28.3	17.1	-999.9	5.8	2.4	96854.5	-999.9
Bamako	1999	7	25	206	23.2	28.8	18.0	-999.9	0.0	2.0	96771.3	-999.9
Bamako	1999	7	26	207	22.0	28.6	16.3	-999.9	34.8	1.8	96856.2	-999.9
Bamako	1999	7	27	208	22.7	27.6	14.2	-999.9	7.0	1.5	96979.7	-999.9
Bamako	1999	7	28	209	22.0	28.6	16.6	-999.9	0.0	1.4	96948.0	-999.9
Bamako	1999	7	29	210	22.7	29.4	18.7	-999.9	20.9	2.1	96809.9	-999.9
Bamako	1999	7	30	211	22.8	29.2	19.9	-999.9	0.0	2.0	96752.1	-999.9
Bamako	1999	7	31	212	22.8	28.6	17.4	-999.9	20.9	1.3	96716.4	-999.9
Bamako	1999	8	1	213	21.9	29.0	18.6	-999.9	0.0	1.4	96822.0	-999.9
Bamako	1999	8	2	214	22.5	25.8	11.4	-999.9	16.9	1.5	96892.8	-999.9
Bamako	1999	8	3	215	21.7	29.3	20.5	-999.9	0.0	1.5	96771.5	-999.9
Bamako	1999	8	4	216	22.5	29.2	19.5	-999.9	25.4	1.4	96777.8	-999.9
Bamako	1999	8	5	217	23.0	29.2	19.5	-999.9	8.5	1.5	96790.8	-999.9
Bamako	1999	8	6	218	23.0	28.8	18.3	-999.9	0.0	2.3	96853.1	-999.9
Bamako	1999	8	7	219	22.8	28.1	17.7	-999.9	0.0	2.4	96861.7	-999.9
Bamako	1999	8	8	220	23.1	26.3	13.1	-999.9	32.6	2.4	96715.3	-999.9
Bamako	1999	8	9	221	22.6	27.7	16.7	-999.9	0.0	2.7	96807.1	-999.9
Bamako	1999	8	10	222	22.3	28.2	19.2	-999.9	0.0	1.7	96919.0	-999.9
Bamako	1999	8	11	223	22.4	26.9	11.5	-999.9	31.8	2.1	96874.6	-999.9
Bamako	1999	8	12	224	22.1	26.9	13.9	-999.9	15.9	1.3	96736.7	-999.9
Bamako	1999	8	13	225	22.0	28.1	16.3	-999.9	15.9	1.3	96662.8	-999.9
Bamako	1999	8	14	226	22.4	28.1	15.5	-999.9	0.0	1.4	96739.8	-999.9
Bamako	1999	8	15	227	22.2	26.4	11.3	-999.9	23.8	1.3	96850.3	-999.9
Bamako	1999	8	16	228	21.6	28.6	19.9	-999.9	0.0	1.7	96949.6	-999.9
Bamako	1999	8	17	229	22.4	26.5	10.1	-999.9	25.1	1.4	96866.6	-999.9
Bamako	1999	8	18	230	21.8	28.8	16.4	-999.9	0.0	1.4	96751.6	-999.9
Bamako	1999	8	19	231	22.3	24.8	8.9	-999.9	11.0	1.5	96842.5	-999.9
Bamako	1999	8	20	232	21.9	28.3	15.5	-999.9	11.0	1.2	96902.7	-999.9
Bamako	1999	8	21	233	22.1	28.3	17.7	-999.9	8.1	1.2	96755.1	-999.9
Bamako	1999	8	22	234	21.9	28.0	17.8	-999.9	16.2	1.4	96748.3	-999.9
Bamako	1999	8	23	235	22.5	27.8	17.6	-999.9	16.2	2.9	96896.5	-999.9
Bamako	1999	8	24	236	23.0	27.8	18.1	-999.9	8.1	2.5	97043.1	-999.9
Bamako	1999	8	25	237	22.8	27.6	13.8	-999.9	24.3	1.6	97016.9	-999.9
Bamako	1999	8	26	238	21.8	25.2	11.3	-999.9	10.9	1.7	96954.9	-999.9
Bamako	1999	8	27	239	21.1	25.7	11.7	-999.9	10.9	1.2	96938.0	-999.9
Bamako	1999	8	28	240	21.5	26.9	13.1	-999.9	10.9	1.2	96897.0	-999.9
Bamako	1999	8	29	241	22.2	28.1	18.4	-999.9	0.0	2.2	97039.3	-999.9
Bamako	1999	8	30	242	22.1	29.1	20.3	-999.9	0.0	1.3	97028.6	-999.9
Bamako	1999	8	31	243	21.3	28.0	13.7	-999.9	21.8	1.2	96939.0	-999.9
Bamako	1999	9	1	244	21.6	29.3	19.2	-999.9	11.4	1.0	96860.7	-999.9
Bamako	1999	9	2	245	21.5	29.5	21.9	-999.9	11.4	1.4	96873.7	-999.9
Bamako	1999	9	3	246	22.8	29.7	22.4	-999.9	0.0	1.2	96884.4	-999.9
Bamako	1999	9	4	247	22.9	30.6	19.9	-999.9	11.4	1.1	96827.1	-999.9
Bamako	1999	9	5	248	22.2	28.9	18.5	-999.9	0.0	1.2	96877.9	-999.9
Bamako	1999	9	6	249	22.4	29.6	21.6	-999.9	0.0	1.6	96874.4	-999.9
Bamako	1999	9	7	250	22.1	30.2	21.0	-999.9	0.0	1.7	96783.1	-999.9
Bamako	1999	9	8	251	22.1	29.0	16.6	-999.9	16.3	2.5	96546.9	-999.9
Bamako	1999	9	9	252	21.6	24.8	8.9	-999.9	0.0	1.6	96622.5	-999.9
Bamako	1999	9	10	253	21.4	28.2	17.7	-999.9	16.3	1.9	96774.9	-999.9
Bamako	1999	9	11	254	22.1	29.2	21.0	-999.9	0.0	1.3	96840.7	-999.9
Bamako	1999	9	12	255	21.4	29.4	21.5	-999.9	0.0	1.2	96765.3	-999.9
Bamako	1999	9	13	256	22.0	28.0	16.1	-999.9	0.0	1.1	96583.0	-999.9
Bamako	1999	9	14	257	21.8	29.3	19.5	-999.9	13.7	1.3	96670.5	-999.9
Bamako	1999	9	15	258	22.2	28.2	17.2	-999.9	5.2	1.2	96888.1	-999.9
Bamako	1999	9	16	259	22.2	28.8	16.7	-999.9	0.0	1.4	96929.6	-999.9
Bamako	1999	9	17	260	22.4	29.0	18.0	-999.9	0.0	1.6	96877.4	-999.9
Bamako	1999	9	18	261	21.5	30.4	23.3	-999.9	0.0	1.1	96860.6	-999.9
Bamako	1999	9	19	262	22.5	30.7	22.6	-999.9	0.0	1.0	96857.4	-999.9
Bamako	1999	9	20	263	22.6	30.1	23.1	-999.9	0.0	1.3	96884.3	-999.9
Bamako	1999	9	21	264	22.1	30.1	21.2	-999.9	35.6	1.5	96955.2	-999.9
Bamako	1999	9	22	265	22.7	30.7	22.2	-999.9	0.0	1.2	96834.6	-999.9
Bamako	1999	9	23	266	22.7	26.8	12.3	-999.9	8.9	1.5	96870.2	-999.9
Bamako	1999	9	24	267	21.5	30.1	20.5	-999.9	0.0	1.3	96934.6	-999.9
Bamako	1999	9	25	268	22.6	31.1	23.6	-999.9	0.0	1.9	96746.7	-999.9
Bamako	1999	9	26	269	23.2	29.7	19.8	-999.9	28.5	2.2	96555.9	-999.9
Bamako	1999	9	27	270	22.3	27.5	14.8	-999.9	0.0	1.3	96704.7	-999.9
Bamako	1999	9	28	271	21.9	25.4	11.9	-999.9	0.0	1.2	96855.4	-999.9
Bamako	1999	9	29	272	21.4	29.6	20.9	-999.9	9.5	1.1	96889.8	-999.9
Bamako	1999	9	30	273	21.8	29.2	19.9	-999.9	9.5	1.2	96854.3	-999.9
Bamako	1999	10	1	274	22.8	30.9	22.6	-999.9	0.0	1.7	96666.0	-999.9
Bamako	1999	10	2	275	22.6	30.2	20.0	-999.9	28.4	1.5	96635.4	-999.9
Bamako	1999	10	3	276	21.8	28.9	18.2	-999.9	0.0	1.3	96752.5	-999.9
Bamako	1999	10	4	277	21.9	26.8	14.8	-999.9	12.4	1.4	96890.5	-999.9
Bamako	1999	10	5	278	21.3	29.6	22.7	-999.9	0.0	1.1	96885.1	-999.9
Bamako	1999	10	6	279	22.6	30.5	21.1	-999.9	0.0	2.3	96754.7	-999.9
Bamako	1999	10	7	280	22.5	28.4	17.6	-999.9	3.5	1.4	96806.1	-999.9
Bamako	1999	10	8	281	22.0	28.1	17.8	-999.9	3.5	1.6	96927.8	-999.9
Bamako	1999	10	9	282	21.6	29.4	21.3	-999.9	3.5	1.2	96983.4	-999.9
Bamako	1999	10	10	283	22.1	30.2	22.5	-999.9	3.5	1.4	97017.0	-999.9
Bamako	1999	10	11	284	23.2	30.9	21.8	-999.9	0.0	1.6	96940.6	-999.9
Bamako	1999	10	12	285	22.8	30.9	22.2	-999.9	0.0	1.4	96839.7	-999.9
Bamako	1999	10	13	286	21.4	31.2	22.9	-999.9	0.0	1.1	96789.5	-999.9
Bamako	1999	10	14	287	22.9	30.3	19.8	-999.9	10.4	1.1	96829.9	-999.9
Bamako	1999	10	15	288	21.6	30.0	20.2	-999.9	0.0	1.4	96821.8	-999.9
Bamako	1999	10	16	289	22.4	29.7	16.9	-999.9	30.1	1.1	96756.0	-999.9
Bamako	1999	10	17	290	22.2	28.5	19.4	-999.9	7.5	1.5	96819.0	-999.9
Bamako	1999	10	18	291	22.0	30.1	21.1	-999.9	0.0	1.1	96901.7	-999.9
Bamako	1999	10	19	292	22.8	30.6	21.1	-999.9	15.1	1.2	96969.0	-999.9
Bamako	1999	10	20	293	22.7	29.9	19.7	-999.9	0.0	1.3	96978.4	-999.9
Bamako	1999	10	21	294	21.9	31.0	20.9	-999.9	0.0	1.0	96909.3	-999.9
Bamako	1999	10	22	295	21.6	32.8	21.6	-999.9	0.0	1.2	96880.1	-999.9
Bamako	1999	10	23	296	20.7	32.7	23.2	-999.9	0.0	1.4	96880.8	-999.9
Bamako	1999	10	24	297	19.5	32.9	22.8	-999.9	0.0	1.4	96783.4	-999.9
Bamako	1999	10	25	298	19.7	32.3	22.5	-999.9	0.0	1.5	96683.1	-999.9
Bamako	1999	10	26	299	21.5	30.8	19.8	-999.9	8.5	1.5	96760.1	-999.9
Bamako	1999	10	27	300	22.3	29.8	18.8	-999.9	16.9	1.2	96960.0	-999.9
Bamako	1999	10	28	301	22.7	31.7	21.1	-999.9	16.9	2.1	96853.5	-999.9
Bamako	1999	10	29	302	20.8	33.0	23.2	-999.9	0.0	1.8	96615.5	-999.9
Bamako	1999	10	30	303	18.5	31.9	22.5	-999.9	0.0	1.2	96691.7	-999.9
Bamako	1999	10	31	304	22.1	30.8	19.7	-999.9	0.0	1.3	96784.1	-999.9
Bamako	1999	11	1	305	21.5	31.9	20.6	-999.9	0.0	1.1	96809.9	-999.9
Bamako	1999	11	2	306	19.7	32.6	22.8	-999.9	0.0	1.6	96859.4	-999.9
Bamako	1999	11	3	307	18.1	33.1	22.5	-999.9	0.0	1.1	96857.2	-999.9
Bamako	1999	11	4	308	18.5	32.7	22.0	-999.9	0.0	1.3	96829.5	-999.9
Bamako	1999	11	5	309	19.6	33.3	22.2	-999.9	0.0	1.7	96765.0	-999.9
Bamako	1999	11	6	310	21.3	33.2	21.8	-999.9	0.0	2.0	96830.3	-999.9
Bamako	1999	11	7	311	18.8	32.6	22.3	-999.9	0.0	2.1	96829.8	-999.9
Bamako	1999	11	8	312	18.1	32.3	22.2	-999.9	0.0	1.8	96805.6	-999.9
Bamako	1999	11	9	313	17.4	31.4	19.8	-999.9	0.0	1.5	96746.9	-999.9
Bamako	1999	11	10	314	16.8	31.5	21.3	-999.9	0.0	1.4	96772.4	-999.9
Bamako	1999	11	11	315	20.7	30.4	16.5	-999.9	0.0	1.3	96877.2	-999.9
Bamako	1999	11	12	316	21.1	32.6	19.1	-999.9	0.0	1.5	96909.9	-999.9
Bamako	1999	11	13	317	20.9	32.5	20.9	-999.9	0.0	2.1	96859.3	-999.9
Bamako	1999	11	14	318	19.0	33.0	21.5	-999.9	0.0	1.7	96741.4	-999.9
Bamako	1999	11	15	319	20.0	33.8	20.6	-999.9	0.0	1.3	96647.0	-999.9
Bamako	1999	11	16	320	19.2	33.4	20.2	-999.9	0.0	1.2	96662.4	-999.9
Bamako	1999	11	17	321	21.0	31.1	16.2	-999.9	0.0	1.7	96803.5	-999.9
Bamako	1999	11	18	322	21.8	31.0	17.4	-999.9	0.0	1.2	96809.1	-999.9
Bamako	1999	11	19	323	22.7	30.5	16.1	-999.9	0.0	1.2	96758.0	-999.9
Bamako	1999	11	20	324	22.3	29.5	12.7	-999.9	0.0	1.3	96711.2	-999.9
Bamako	1999	11	21	325	21.8	32.9	20.4	-999.9	0.0	2.0	96671.1	-999.9
Bamako	1999	11	22	326	21.8	32.6	20.5	-999.9	0.0	2.4	96741.2	-999.9
Bamako	1999	11	23	327	19.7	32.1	20.6	-999.9	0.0	2.3	96670.4	-999.9
Bamako	1999	11	24	328	19.1	32.4	20.7	-999.9	0.0	2.4	96649.4	-999.9
Bamako	1999	11	25	329	17.6	32.3	20.9	-999.9	0.0	2.1	96665.5	-999.9
Bamako	1999	11	26	330	19.2	33.0	20.7	-999.9	0.0	2.1	96705.7	-999.9
Bamako	1999	11	27	331	19.8	33.2	20.6	-999.9	0.0	2.3	96717.5	-999.9
Bamako	1999	11	28	332	20.2	32.4	20.6	-999.9	0.0	2.0	96858.1	-999.9
Bamako	1999	11	29	333	20.5	32.6	20.5	-999.9	0.0	2.1	96908.4	-999.9
Bamako	1999	11	30	334	19.8	32.4	20.5	-999.9	0.0	2.1	96816.2	-999.9
Bamako	1999	12	1	335	18.9	32.3	20.5	-999.9	0.0	2.1	96794.1	-999.9
Bamako	1999	12	2	336	18.9	32.3	20.5	-999.9	0.0	2.4	96817.9	-999.9
Bamako	1999	12	3	337	18.9	32.2	20.5	-999.9	0.0	2.6	96856.1	-999.9
Bamako	1999	12	4	338	18.9	31.6	20.6	-999.9	0.0	2.3	96877.0	-999.9
Bamako	1999	12	5	339	17.8	32.1	20.6	-999.9	0.0	2.1	96891.9	-999.9
Bamako	1999	12	6	340	16.1	31.4	20.7	-999.9	0.0	2.1	96874.3	-999.9
Bamako	1999	12	7	341	16.8	31.4	20.5	-999.9	0.0	2.2	96916.1	-999.9
Bamako	1999	12	8	342	17.7	31.8	20.5	-999.9	0.0	2.3	97009.7	-999.9
Bamako	1999	12	9	343	17.4	31.2	20.5	-999.9	0.0	2.4	97011.4	-999.9
Bamako	1999	12	10	344	17.5	30.8	20.2	-999.9	0.0	2.3	96922.5	-999.9
Bamako	1999	12	11	345	17.6	30.8	19.6	-999.9	0.0	2.3	96957.2	-999.9
Bamako	1999	12	12	346	17.4	30.9	20.4	-999.9	0.0	2.4	97019.8	-999.9
Bamako	1999	12	13	347	17.2	30.6	20.5	-999.9	0.0	2.4	97062.3	-999.9
Bamako	1999	12	14	348	16.9	30.7	20.4	-999.9	0.0	2.3	96984.0	-999.9
Bamako	1999	12	15	349	16.6	30.1	20.4	-999.9	0.0	2.3	96845.0	-999.9
Bamako	1999	12	16	350	15.1	29.9	20.4	-999.9	0.0	2.1	96733.0	-999.9
Bamako	1999	12	17	351	14.4	30.3	20.4	-999.9	0.0	1.9	96741.5	-999.9
Bamako	1999	12	18	352	16.2	29.9	20.2	-999.9	0.0	2.5	96846.7	-999.9
Bamako	1999	12	19	353	14.6	26.8	20.3	-999.9	0.0	2.7	96926.7	-999.9
Bamako	1999	12	20	354	13.2	26.3	20.3	-999.9	0.0	2.3	96903.1	-999.9
Bamako	1999	12	21	355	13.8	27.0	20.1	-999.9	0.0	2.2	96870.9	-999.9
Bamako	1999	12	22	356	14.7	28.7	19.9	-999.9	0.0	2.1	96894.7	-999.9
Bamako	1999	12	23	357	15.4	29.8	19.5	-999.9	0.0	1.9	96807.7	-999.9
Bamako	1999	12	24	358	16.8	30.8	18.1	-999.9	0.0	1.8	96760.4	-999.9
Bamako	1999	12	25	359	17.4	31.8	19.6	-999.9	0.0	2.3	96787.1	-999.9
Bamako	1999	12	26	360	20.0	28.1	14.8	-999.9	0.0	3.1	96977.3	-999.9
Bamako	1999	12	27	361	19.7	28.7	14.4	-999.9	0.0	2.3	97081.8	-999.9
Bamako	1999	12	28	362	17.3	30.0	20.2	-999.9	0.0	2.2	96973.9	-999.9
Bamako	1999	12	29	363	16.2	30.5	20.2	-999.9	0.0	2.1	96813.1	-999.9
Bamako	1999	12	30	364	14.6	31.0	20.4	-999.9	0.0	1.9	96591.0	-999.9
Bamako	1999	12	31	365	17.5	32.2	20.2	-999.9	0.0	1.1	96397.4	-999.9
