Bamako	2020	1	1	1	16.6	30.0	20.4	-999.9	0.0	2.8	97035.3	-999.9
Bamako	2020	1	2	2	16.2	29.1	20.3	-999.9	0.0	2.7	97103.9	-999.9
Bamako	2020	1	3	3	15.4	27.7	20.4	-999.9	0.0	2.6	97212.5	-999.9
Bamako	2020	1	4	4	14.1	27.4	20.5	-999.9	0.0	2.2	97189.6	-999.9
Bamako	2020	1	5	5	14.6	28.1	20.5	-999.9	0.0	2.1	97048.7	-999.9
Bamako	2020	1	6	6	14.6	28.6	20.7	-999.9	0.0	2.2	96942.8	-999.9
Bamako	2020	1	7	7	14.3	29.4	20.2	-999.9	0.0	1.9	96830.1	-999.9
Bamako	2020	1	8	8	15.9	31.4	20.0	-999.9	0.0	1.7	96887.6	-999.9
Bamako	2020	1	9	9	18.7	31.7	19.8	-999.9	0.0	2.5	96973.1	-999.9
Bamako	2020	1	10	10	19.1	31.2	19.9	-999.9	0.0	2.8	97062.8	-999.9
Bamako	2020	1	11	11	18.2	31.4	20.2	-999.9	0.0	2.4	97080.9	-999.9
Bamako	2020	1	12	12	18.1	32.4	20.1	-999.9	0.0	2.5	97018.4	-999.9
Bamako	2020	1	13	13	17.7	30.0	20.3	-999.9	0.0	2.9	96979.4	-999.9
Bamako	2020	1	14	14	16.4	29.6	20.5	-999.9	0.0	2.5	96903.7	-999.9
Bamako	2020	1	15	15	16.8	31.0	20.4	-999.9	0.0	2.2	96938.3	-999.9
Bamako	2020	1	16	16	17.1	31.9	20.7	-999.9	0.0	2.2	97011.3	-999.9
Bamako	2020	1	17	17	17.8	32.3	20.7	-999.9	0.0	2.4	97056.5	-999.9
Bamako	2020	1	18	18	18.5	31.6	20.7	-999.9	0.0	2.8	97092.9	-999.9
Bamako	2020	1	19	19	17.7	31.5	20.2	-999.9	0.0	2.2	96933.1	-999.9
Bamako	2020	1	20	20	16.2	33.7	20.7	-999.9	0.0	1.7	96675.3	-999.9
Bamako	2020	1	21	21	19.3	35.0	19.7	-999.9	0.0	1.5	96706.0	-999.9
Bamako	2020	1	22	22	20.8	35.7	19.2	-999.9	0.0	1.6	96805.4	-999.9
Bamako	2020	1	23	23	22.6	33.9	15.9	-999.9	0.0	2.5	96880.2	-999.9
Bamako	2020	1	24	24	23.8	34.0	19.5	-999.9	0.0	3.2	96974.6	-999.9
Bamako	2020	1	25	25	19.0	34.9	21.3	-999.9	0.0	2.2	96961.1	-999.9
Bamako	2020	1	26	26	18.5	35.0	21.1	-999.9	0.0	2.1	96956.8	-999.9
Bamako	2020	1	27	27	19.4	34.2	20.8	-999.9	0.0	2.4	96893.0	-999.9
Bamako	2020	1	28	28	19.1	33.7	21.1	-999.9	0.0	2.3	96933.3	-999.9
Bamako	2020	1	29	29	16.0	33.8	21.9	-999.9	0.0	2.4	96959.9	-999.9
Bamako	2020	1	30	30	17.8	34.8	21.7	-999.9	0.0	2.5	97051.2	-999.9
Bamako	2020	1	31	31	19.3	35.5	21.5	-999.9	0.0	2.4	97007.2	-999.9
Bamako	2020	2	1	32	18.6	35.9	21.7	-999.9	0.0	2.4	96950.6	-999.9
Bamako	2020	2	2	33	18.8	34.9	21.9	-999.9	0.0	2.5	97033.4	-999.9
Bamako	2020	2	3	34	18.8	33.3	22.1	-999.9	0.0	2.6	97101.8	-999.9
Bamako	2020	2	4	35	17.9	32.8	22.2	-999.9	0.0	2.5	97086.1	-999.9
Bamako	2020	2	5	36	17.5	32.8	22.3	-999.9	0.0	2.4	96961.6	-999.9
Bamako	2020	2	6	37	17.5	33.1	22.3	-999.9	0.0	2.5	96943.7	-999.9
Bamako	2020	2	7	38	18.2	33.0	22.5	-999.9	0.0	2.6	97033.3	-999.9
Bamako	2020	2	8	39	16.9	32.6	22.5	-999.9	0.0	2.4	97015.7	-999.9
Bamako	2020	2	9	40	17.3	32.9	22.5	-999.9	0.0	2.3	96967.3	-999.9
Bamako	2020	2	10	41	19.7	33.8	21.0	-999.9	0.0	2.6	96994.0	-999.9
Bamako	2020	2	11	42	23.7	31.0	17.4	-999.9	0.0	3.7	97156.0	-999.9
Bamako	2020	2	12	43	20.4	33.3	22.0	-999.9	0.0	2.8	97058.5	-999.9
Bamako	2020	2	13	44	20.9	33.9	22.3	-999.9	0.0	2.8	96935.5	-999.9
Bamako	2020	2	14	45	19.3	34.0	22.5	-999.9	0.0	2.6	96847.0	-999.9
Bamako	2020	2	15	46	19.7	35.0	22.4	-999.9	0.0	2.3	96786.4	-999.9
Bamako	2020	2	16	47	20.1	35.7	22.7	-999.9	0.0	2.4	96805.7	-999.9
Bamako	2020	2	17	48	20.1	35.6	23.0	-999.9	0.0	2.3	96808.2	-999.9
Bamako	2020	2	18	49	20.2	36.0	22.9	-999.9	0.0	2.4	96775.0	-999.9
Bamako	2020	2	19	50	18.7	36.9	23.1	-999.9	0.0	2.2	96617.2	-999.9
Bamako	2020	2	20	51	19.2	36.9	22.9	-999.9	0.0	2.2	96509.0	-999.9
Bamako	2020	2	21	52	20.9	37.3	22.6	-999.9	0.0	2.2	96539.8	-999.9
Bamako	2020	2	22	53	22.6	37.4	21.7	-999.9	0.0	2.2	96655.8	-999.9
Bamako	2020	2	23	54	23.2	37.7	22.5	-999.9	0.0	2.6	96754.9	-999.9
Bamako	2020	2	24	55	24.9	37.9	22.9	-999.9	0.0	3.3	96778.0	-999.9
Bamako	2020	2	25	56	24.7	36.0	22.2	-999.9	0.0	3.3	96776.3	-999.9
Bamako	2020	2	26	57	22.7	36.4	23.2	-999.9	0.0	2.5	96698.9	-999.9
Bamako	2020	2	27	58	22.4	36.0	23.2	-999.9	0.0	2.4	96726.6	-999.9
Bamako	2020	2	28	59	22.3	36.1	23.6	-999.9	0.0	2.3	96783.9	-999.9
Bamako	2020	2	29	60	22.8	36.5	23.8	-999.9	0.0	2.5	96741.9	-999.9
Bamako	2020	3	1	61	21.8	36.4	24.0	-999.9	0.0	2.7	96690.1	-999.9
Bamako	2020	3	2	62	21.9	36.7	24.1	-999.9	0.0	2.3	96796.3	-999.9
Bamako	2020	3	3	63	22.2	37.4	24.2	-999.9	0.0	2.7	96858.2	-999.9
Bamako	2020	3	4	64	22.5	38.2	24.4	-999.9	0.0	2.6	96855.4	-999.9
Bamako	2020	3	5	65	22.1	38.1	24.6	-999.9	0.0	2.5	96756.2	-999.9
Bamako	2020	3	6	66	20.5	37.9	24.8	-999.9	0.0	2.0	96632.1	-999.9
Bamako	2020	3	7	67	19.2	37.6	24.8	-999.9	0.0	1.6	96554.4	-999.9
Bamako	2020	3	8	68	20.5	38.0	24.9	-999.9	0.0	2.0	96603.1	-999.9
Bamako	2020	3	9	69	20.8	38.0	23.7	-999.9	0.0	2.4	96612.4	-999.9
Bamako	2020	3	10	70	23.2	37.0	24.5	-999.9	2.0	2.1	96658.6	-999.9
Bamako	2020	3	11	71	24.6	32.8	12.6	-999.9	0.0	1.9	96715.3	-999.9
Bamako	2020	3	12	72	21.0	37.3	24.5	-999.9	0.0	2.2	96641.8	-999.9
Bamako	2020	3	13	73	22.7	37.3	24.8	-999.9	0.0	2.5	96642.1	-999.9
Bamako	2020	3	14	74	23.2	37.8	24.9	-999.9	0.0	2.4	96645.1	-999.9
Bamako	2020	3	15	75	23.1	38.2	24.6	-999.9	0.0	1.9	96546.5	-999.9
Bamako	2020	3	16	76	24.0	38.1	24.7	-999.9	0.9	2.0	96459.1	-999.9
Bamako	2020	3	17	77	22.9	38.7	24.6	-999.9	0.0	1.5	96439.6	-999.9
Bamako	2020	3	18	78	24.7	39.3	24.6	-999.9	0.0	1.3	96461.5	-999.9
Bamako	2020	3	19	79	24.6	38.7	24.6	-999.9	0.0	1.5	96484.6	-999.9
Bamako	2020	3	20	80	25.1	38.7	24.4	-999.9	0.0	2.3	96470.9	-999.9
Bamako	2020	3	21	81	27.0	37.5	22.7	-999.9	0.0	2.2	96561.0	-999.9
Bamako	2020	3	22	82	24.2	37.6	22.9	-999.9	0.0	1.4	96524.1	-999.9
Bamako	2020	3	23	83	26.0	36.1	19.3	-999.9	0.0	2.6	96602.2	-999.9
Bamako	2020	3	24	84	26.2	35.9	24.6	-999.9	0.0	2.5	96676.8	-999.9
Bamako	2020	3	25	85	22.9	36.0	23.9	-999.9	0.0	1.3	96691.7	-999.9
Bamako	2020	3	26	86	23.9	36.4	24.7	-999.9	0.0	2.1	96576.5	-999.9
Bamako	2020	3	27	87	24.7	35.8	19.8	-999.9	0.0	1.5	96574.8	-999.9
Bamako	2020	3	28	88	26.5	36.9	19.4	-999.9	0.0	1.9	96588.1	-999.9
Bamako	2020	3	29	89	27.6	33.9	15.9	-999.9	0.0	2.2	96747.2	-999.9
Bamako	2020	3	30	90	27.7	38.8	22.1	-999.9	0.0	2.0	96525.5	-999.9
Bamako	2020	3	31	91	27.3	40.3	25.4	-999.9	0.0	2.9	96488.1	-999.9
Bamako	2020	4	1	92	27.3	40.4	25.5	-999.9	0.0	3.0	96616.9	-999.9
Bamako	2020	4	2	93	26.5	40.4	25.7	-999.9	0.0	2.2	96596.5	-999.9
Bamako	2020	4	3	94	23.6	40.4	25.8	-999.9	0.0	2.0	96487.3	-999.9
Bamako	2020	4	4	95	26.5	40.3	25.9	-999.9	0.0	2.2	96509.4	-999.9
Bamako	2020	4	5	96	24.2	39.6	25.0	-999.9	0.0	1.7	96628.7	-999.9
Bamako	2020	4	6	97	25.7	41.4	25.8	-999.9	0.0	2.2	96583.4	-999.9
Bamako	2020	4	7	98	25.8	40.2	23.9	-999.9	0.0	1.6	96575.7	-999.9
Bamako	2020	4	8	99	22.9	40.5	25.9	-999.9	0.0	2.0	96472.4	-999.9
Bamako	2020	4	9	100	23.7	37.8	22.0	-999.9	0.0	1.8	96508.3	-999.9
Bamako	2020	4	10	101	25.2	38.6	23.7	-999.9	3.7	1.6	96509.9	-999.9
Bamako	2020	4	11	102	26.5	38.0	21.5	-999.9	0.0	2.1	96587.9	-999.9
Bamako	2020	4	12	103	28.1	39.1	22.3	-999.9	0.0	1.8	96641.5	-999.9
Bamako	2020	4	13	104	26.1	37.6	20.9	-999.9	0.0	1.6	96635.0	-999.9
Bamako	2020	4	14	105	24.9	32.9	20.4	-999.9	4.4	1.5	96714.9	-999.9
Bamako	2020	4	15	106	24.9	31.5	18.2	-999.9	0.0	2.3	96886.9	-999.9
Bamako	2020	4	16	107	23.3	33.1	17.3	-999.9	0.0	1.7	96810.5	-999.9
Bamako	2020	4	17	108	26.5	38.9	23.2	-999.9	0.0	2.5	96476.7	-999.9
Bamako	2020	4	18	109	23.4	39.5	25.8	-999.9	0.0	2.1	96393.4	-999.9
Bamako	2020	4	19	110	25.9	39.1	24.8	-999.9	0.0	1.8	96579.1	-999.9
Bamako	2020	4	20	111	25.1	37.2	21.7	-999.9	5.4	1.9	96702.3	-999.9
Bamako	2020	4	21	112	27.2	38.0	22.7	-999.9	0.0	1.5	96651.1	-999.9
Bamako	2020	4	22	113	27.1	38.1	22.2	-999.9	0.0	1.3	96500.7	-999.9
Bamako	2020	4	23	114	27.0	37.3	21.5	-999.9	0.0	2.4	96523.4	-999.9
Bamako	2020	4	24	115	26.6	37.0	20.0	-999.9	0.0	2.6	96619.0	-999.9
Bamako	2020	4	25	116	26.8	39.2	24.9	-999.9	0.0	2.6	96593.3	-999.9
Bamako	2020	4	26	117	25.5	39.6	24.2	-999.9	0.0	2.4	96549.4	-999.9
Bamako	2020	4	27	118	25.7	39.5	24.7	-999.9	0.0	1.8	96677.8	-999.9
Bamako	2020	4	28	119	26.0	39.9	25.3	-999.9	0.0	2.5	96699.1	-999.9
Bamako	2020	4	29	120	26.3	40.0	23.2	-999.9	0.0	1.7	96734.8	-999.9
Bamako	2020	4	30	121	28.1	40.6	24.5	-999.9	0.0	2.2	96736.4	-999.9
Bamako	2020	5	1	122	27.8	38.9	24.7	-999.9	0.0	1.8	96796.5	-999.9
Bamako	2020	5	2	123	28.9	39.6	24.1	-999.9	0.0	2.0	96705.0	-999.9
Bamako	2020	5	3	124	25.1	40.3	26.2	-999.9	0.0	1.5	96515.9	-999.9
Bamako	2020	5	4	125	24.7	39.5	25.1	-999.9	0.0	1.7	96471.1	-999.9
Bamako	2020	5	5	126	27.4	38.1	24.2	-999.9	5.0	2.3	96590.7	-999.9
Bamako	2020	5	6	127	27.6	38.3	22.8	-999.9	0.0	1.8	96588.8	-999.9
Bamako	2020	5	7	128	28.4	38.4	21.8	-999.9	0.0	1.9	96482.5	-999.9
Bamako	2020	5	8	129	28.5	39.7	24.8	-999.9	0.0	2.0	96474.8	-999.9
Bamako	2020	5	9	130	29.1	38.1	22.0	-999.9	0.0	2.6	96531.5	-999.9
Bamako	2020	5	10	131	27.0	34.2	20.7	-999.9	0.0	1.8	96706.2	-999.9
Bamako	2020	5	11	132	27.7	37.2	22.7	-999.9	3.8	2.2	96689.1	-999.9
Bamako	2020	5	12	133	27.2	37.8	23.5	-999.9	0.0	2.1	96727.9	-999.9
Bamako	2020	5	13	134	27.5	37.7	22.7	-999.9	0.0	2.1	96691.3	-999.9
Bamako	2020	5	14	135	26.8	38.3	23.6	-999.9	7.7	1.8	96724.2	-999.9
Bamako	2020	5	15	136	27.0	36.0	20.3	-999.9	0.0	2.0	96755.9	-999.9
Bamako	2020	5	16	137	27.5	38.3	22.7	-999.9	0.0	1.8	96631.9	-999.9
Bamako	2020	5	17	138	27.2	38.3	23.8	-999.9	4.8	1.8	96675.6	-999.9
Bamako	2020	5	18	139	26.7	38.2	23.2	-999.9	0.0	2.5	96764.3	-999.9
Bamako	2020	5	19	140	27.3	38.9	24.3	-999.9	0.0	2.2	96755.4	-999.9
Bamako	2020	5	20	141	28.0	38.5	24.5	-999.9	0.0	2.2	96725.8	-999.9
Bamako	2020	5	21	142	27.2	38.2	22.7	-999.9	0.0	2.1	96766.9	-999.9
Bamako	2020	5	22	143	27.2	38.4	21.7	-999.9	0.0	2.2	96710.6	-999.9
Bamako	2020	5	23	144	26.0	37.6	22.9	-999.9	0.6	2.0	96729.9	-999.9
Bamako	2020	5	24	145	26.1	37.8	24.1	-999.9	0.1	1.7	96715.5	-999.9
Bamako	2020	5	25	146	25.4	39.0	25.3	-999.9	0.0	1.7	96683.8	-999.9
Bamako	2020	5	26	147	28.5	37.6	22.3	-999.9	0.0	2.0	96738.2	-999.9
Bamako	2020	5	27	148	24.3	34.5	18.1	-999.9	18.1	1.3	96950.9	-999.9
Bamako	2020	5	28	149	25.9	36.5	23.8	-999.9	0.0	1.7	96797.2	-999.9
Bamako	2020	5	29	150	26.5	35.8	23.4	-999.9	0.0	1.5	96702.4	-999.9
Bamako	2020	5	30	151	25.3	35.6	18.4	-999.9	9.0	1.7	96725.1	-999.9
Bamako	2020	5	31	152	25.1	34.1	20.8	-999.9	27.1	1.7	96954.2	-999.9
Bamako	2020	6	1	153	25.3	34.9	23.8	-999.9	7.5	1.3	96990.3	-999.9
Bamako	2020	6	2	154	27.2	37.5	22.8	-999.9	6.7	2.4	96876.0	-999.9
Bamako	2020	6	3	155	25.0	36.4	20.4	-999.9	0.0	2.2	96731.2	-999.9
Bamako	2020	6	4	156	26.2	37.5	24.5	-999.9	3.9	2.4	96650.9	-999.9
Bamako	2020	6	5	157	27.0	36.4	23.1	-999.9	18.5	2.1	96779.5	-999.9
Bamako	2020	6	6	158	24.7	35.4	20.6	-999.9	7.0	1.7	96840.1	-999.9
Bamako	2020	6	7	159	26.4	34.9	24.5	-999.9	7.0	2.1	96947.1	-999.9
Bamako	2020	6	8	160	25.5	33.4	19.7	-999.9	0.0	1.5	96905.2	-999.9
Bamako	2020	6	9	161	24.3	36.7	25.0	-999.9	3.5	1.6	96805.8	-999.9
Bamako	2020	6	10	162	24.9	34.3	22.2	-999.9	0.0	2.3	96825.9	-999.9
Bamako	2020	6	11	163	25.5	35.1	23.6	-999.9	0.5	1.6	96887.4	-999.9
Bamako	2020	6	12	164	25.9	37.1	24.4	-999.9	0.1	1.9	96724.4	-999.9
Bamako	2020	6	13	165	25.6	35.8	20.0	-999.9	9.3	1.7	96733.9	-999.9
Bamako	2020	6	14	166	25.7	37.2	23.4	-999.9	1.7	2.0	96905.7	-999.9
Bamako	2020	6	15	167	24.8	35.2	24.3	-999.9	2.0	1.3	96949.1	-999.9
Bamako	2020	6	16	168	25.3	36.2	24.7	-999.9	0.0	1.9	96828.9	-999.9
Bamako	2020	6	17	169	27.2	37.1	24.8	-999.9	0.0	2.8	96583.8	-999.9
Bamako	2020	6	18	170	24.8	34.5	22.7	-999.9	8.5	2.9	96733.6	-999.9
Bamako	2020	6	19	171	25.3	32.6	21.4	-999.9	0.0	1.8	96977.2	-999.9
Bamako	2020	6	20	172	24.6	34.1	22.5	-999.9	17.1	1.3	97086.0	-999.9
Bamako	2020	6	21	173	25.5	37.6	24.7	-999.9	0.0	1.5	96821.6	-999.9
Bamako	2020	6	22	174	26.2	35.6	24.4	-999.9	0.0	2.1	96603.5	-999.9
Bamako	2020	6	23	175	24.3	33.9	23.6	-999.9	17.9	1.6	96673.3	-999.9
Bamako	2020	6	24	176	25.7	34.6	23.5	-999.9	6.0	1.3	96733.6	-999.9
Bamako	2020	6	25	177	24.9	34.3	23.4	-999.9	0.0	1.6	96762.9	-999.9
Bamako	2020	6	26	178	24.4	34.0	22.7	-999.9	3.5	1.6	96752.5	-999.9
Bamako	2020	6	27	179	24.4	34.7	24.4	-999.9	3.5	2.4	96606.7	-999.9
Bamako	2020	6	28	180	24.6	34.3	23.8	-999.9	0.0	2.4	96645.8	-999.9
Bamako	2020	6	29	181	24.4	33.0	21.3	-999.9	10.5	2.0	96672.1	-999.9
Bamako	2020	6	30	182	25.2	31.4	21.6	-999.9	10.5	1.7	96719.4	-999.9
Bamako	2020	7	1	183	24.2	31.2	19.6	-999.9	0.0	1.3	96754.1	-999.9
Bamako	2020	7	2	184	24.1	32.1	22.3	-999.9	0.0	1.3	96763.7	-999.9
Bamako	2020	7	3	185	24.4	33.0	22.6	-999.9	4.6	1.9	96726.3	-999.9
Bamako	2020	7	4	186	24.0	33.6	23.4	-999.9	9.1	2.7	96656.9	-999.9
Bamako	2020	7	5	187	23.4	30.2	16.5	-999.9	4.6	2.7	96730.7	-999.9
Bamako	2020	7	6	188	23.9	31.6	21.5	-999.9	0.0	1.4	96827.5	-999.9
Bamako	2020	7	7	189	24.3	34.6	23.9	-999.9	18.1	1.9	96647.5	-999.9
Bamako	2020	7	8	190	24.4	35.0	24.6	-999.9	9.0	3.3	96419.4	-999.9
Bamako	2020	7	9	191	25.8	33.9	23.3	-999.9	0.0	2.9	96558.7	-999.9
Bamako	2020	7	10	192	24.2	30.6	15.3	-999.9	18.1	2.1	96725.3	-999.9
Bamako	2020	7	11	193	24.2	30.3	14.8	-999.9	23.4	1.6	96805.2	-999.9
Bamako	2020	7	12	194	22.9	30.1	22.1	-999.9	0.0	1.6	96945.6	-999.9
Bamako	2020	7	13	195	23.4	29.9	16.3	-999.9	23.4	1.7	96931.6	-999.9
Bamako	2020	7	14	196	23.3	31.8	22.4	-999.9	0.0	2.0	96699.6	-999.9
Bamako	2020	7	15	197	23.8	30.5	18.8	-999.9	11.7	2.2	96737.6	-999.9
Bamako	2020	7	16	198	23.2	24.5	6.0	-999.9	18.5	2.5	96897.5	-999.9
Bamako	2020	7	17	199	22.6	27.2	12.0	-999.9	1.4	1.9	96789.6	-999.9
Bamako	2020	7	18	200	22.4	28.3	14.7	-999.9	6.6	1.7	96812.4	-999.9
Bamako	2020	7	19	201	22.3	28.6	17.3	-999.9	17.7	1.2	96770.5	-999.9
Bamako	2020	7	20	202	22.6	29.2	18.9	-999.9	39.7	1.2	96693.2	-999.9
Bamako	2020	7	21	203	22.1	28.7	17.6	-999.9	0.0	1.7	96776.0	-999.9
Bamako	2020	7	22	204	22.8	30.3	21.2	-999.9	20.3	1.2	96836.6	-999.9
Bamako	2020	7	23	205	22.8	30.2	22.2	-999.9	0.0	1.3	96741.2	-999.9
Bamako	2020	7	24	206	23.9	30.0	20.3	-999.9	0.0	1.7	96708.3	-999.9
Bamako	2020	7	25	207	23.2	29.5	20.3	-999.9	6.8	1.8	96691.9	-999.9
Bamako	2020	7	26	208	22.6	29.7	18.4	-999.9	0.0	1.3	96754.8	-999.9
Bamako	2020	7	27	209	23.4	26.8	10.7	-999.9	24.6	1.3	96855.6	-999.9
Bamako	2020	7	28	210	22.5	28.8	15.0	-999.9	8.2	0.8	96834.3	-999.9
Bamako	2020	7	29	211	22.8	27.9	15.3	-999.9	16.4	1.0	96806.9	-999.9
Bamako	2020	7	30	212	22.9	29.0	18.9	-999.9	0.0	1.6	96925.3	-999.9
Bamako	2020	7	31	213	22.7	29.7	19.1	-999.9	8.2	1.8	96938.8	-999.9
Bamako	2020	8	1	214	23.9	29.6	19.1	-999.9	12.3	1.6	96900.0	-999.9
Bamako	2020	8	2	215	23.3	28.7	18.7	-999.9	0.0	2.0	96940.9	-999.9
Bamako	2020	8	3	216	23.0	28.3	15.3	-999.9	24.5	2.6	97029.9	-999.9
Bamako	2020	8	4	217	23.0	24.6	4.0	-999.9	0.0	2.5	97028.4	-999.9
Bamako	2020	8	5	218	22.1	29.3	19.8	-999.9	0.0	2.4	97018.1	-999.9
Bamako	2020	8	6	219	23.5	27.9	16.9	-999.9	0.0	2.4	96971.6	-999.9
Bamako	2020	8	7	220	23.5	29.0	16.6	-999.9	18.7	1.6	96987.0	-999.9
Bamako	2020	8	8	221	23.5	27.8	13.1	-999.9	9.4	2.1	96984.1	-999.9
Bamako	2020	8	9	222	23.5	28.6	15.7	-999.9	0.0	1.5	96999.4	-999.9
Bamako	2020	8	10	223	23.3	29.5	17.0	-999.9	9.4	2.1	96809.6	-999.9
Bamako	2020	8	11	224	23.3	28.2	12.1	-999.9	27.8	1.8	96732.1	-999.9
Bamako	2020	8	12	225	23.1	27.5	11.9	-999.9	9.3	1.3	96854.6	-999.9
Bamako	2020	8	13	226	22.9	29.2	21.3	-999.9	0.0	1.7	96946.1	-999.9
Bamako	2020	8	14	227	23.2	30.3	21.0	-999.9	9.3	1.8	96847.0	-999.9
Bamako	2020	8	15	228	23.3	28.7	12.0	-999.9	18.5	1.3	96659.9	-999.9
Bamako	2020	8	16	229	23.7	28.1	11.8	-999.9	0.0	1.2	96663.9	-999.9
Bamako	2020	8	17	230	23.1	30.7	20.2	-999.9	0.0	1.0	96672.1	-999.9
Bamako	2020	8	18	231	24.6	31.2	20.8	-999.9	25.0	1.5	96641.7	-999.9
Bamako	2020	8	19	232	23.1	29.6	18.0	-999.9	37.5	1.6	96593.3	-999.9
Bamako	2020	8	20	233	23.0	29.9	21.9	-999.9	0.0	1.8	96609.5	-999.9
Bamako	2020	8	21	234	23.3	29.4	18.9	-999.9	0.0	1.9	96708.3	-999.9
Bamako	2020	8	22	235	23.3	28.8	13.5	-999.9	7.8	1.5	96778.0	-999.9
Bamako	2020	8	23	236	22.9	28.9	19.6	-999.9	0.0	1.6	96760.8	-999.9
Bamako	2020	8	24	237	22.7	29.0	20.6	-999.9	0.0	2.4	96720.6	-999.9
Bamako	2020	8	25	238	22.7	26.4	9.1	-999.9	23.4	2.0	96655.3	-999.9
Bamako	2020	8	26	239	21.7	28.8	20.8	-999.9	0.0	1.4	96816.0	-999.9
Bamako	2020	8	27	240	22.5	28.8	18.1	-999.9	13.1	1.7	96930.0	-999.9
Bamako	2020	8	28	241	23.2	26.9	11.5	-999.9	19.6	2.3	96740.5	-999.9
Bamako	2020	8	29	242	22.3	27.7	14.0	-999.9	19.6	2.0	96603.9	-999.9
Bamako	2020	8	30	243	22.6	29.1	17.0	-999.9	6.5	2.2	96644.4	-999.9
Bamako	2020	8	31	244	22.6	28.4	14.8	-999.9	19.6	1.7	96789.6	-999.9
Bamako	2020	9	1	245	22.4	25.7	11.2	-999.9	0.0	2.0	96777.5	-999.9
Bamako	2020	9	2	246	22.3	28.6	18.5	-999.9	0.0	2.0	96705.4	-999.9
Bamako	2020	9	3	247	22.4	27.9	13.6	-999.9	19.1	1.6	96744.4	-999.9
Bamako	2020	9	4	248	22.5	27.7	14.2	-999.9	19.1	1.3	96934.4	-999.9
Bamako	2020	9	5	249	21.8	28.6	18.5	-999.9	9.6	1.8	96834.1	-999.9
Bamako	2020	9	6	250	22.5	27.7	18.9	-999.9	0.0	1.8	96669.6	-999.9
Bamako	2020	9	7	251	22.5	28.6	18.9	-999.9	9.3	1.1	96678.3	-999.9
Bamako	2020	9	8	252	22.3	29.4	16.5	-999.9	9.3	1.5	96675.1	-999.9
Bamako	2020	9	9	253	22.5	26.8	9.9	-999.9	18.6	1.7	96810.4	-999.9
Bamako	2020	9	10	254	23.0	29.9	16.8	-999.9	27.9	1.2	96773.2	-999.9
Bamako	2020	9	11	255	22.3	29.6	18.6	-999.9	0.0	1.9	96748.7	-999.9
Bamako	2020	9	12	256	22.4	29.7	20.1	-999.9	18.2	1.6	96885.9	-999.9
Bamako	2020	9	13	257	22.7	31.3	23.4	-999.9	9.1	1.1	96935.2	-999.9
Bamako	2020	9	14	258	22.5	31.2	22.8	-999.9	0.0	1.2	96956.6	-999.9
Bamako	2020	9	15	259	23.3	31.6	24.6	-999.9	0.0	1.0	96889.4	-999.9
Bamako	2020	9	16	260	23.8	31.5	22.1	-999.9	2.9	1.9	96703.6	-999.9
Bamako	2020	9	17	261	22.7	29.5	15.1	-999.9	9.2	1.3	96638.0	-999.9
Bamako	2020	9	18	262	22.6	28.6	16.7	-999.9	26.7	1.3	96885.5	-999.9
Bamako	2020	9	19	263	22.4	29.2	18.6	-999.9	0.1	1.4	97027.5	-999.9
Bamako	2020	9	20	264	23.1	31.1	22.3	-999.9	0.0	1.4	96959.1	-999.9
Bamako	2020	9	21	265	22.4	30.6	20.1	-999.9	16.2	1.7	96934.5	-999.9
Bamako	2020	9	22	266	21.6	30.9	23.2	-999.9	0.0	1.1	96925.8	-999.9
Bamako	2020	9	23	267	23.1	30.7	19.1	-999.9	8.1	1.1	96885.5	-999.9
Bamako	2020	9	24	268	23.0	29.2	15.8	-999.9	0.0	1.7	96967.0	-999.9
Bamako	2020	9	25	269	22.6	31.6	24.0	-999.9	8.1	1.3	96992.4	-999.9
Bamako	2020	9	26	270	22.2	30.4	22.7	-999.9	0.0	1.2	96793.2	-999.9
Bamako	2020	9	27	271	23.3	29.9	23.1	-999.9	0.0	1.5	96723.2	-999.9
Bamako	2020	9	28	272	22.5	31.8	23.7	-999.9	0.0	1.2	96836.1	-999.9
Bamako	2020	9	29	273	23.1	32.2	23.1	-999.9	0.0	1.2	96863.3	-999.9
Bamako	2020	9	30	274	23.3	31.9	23.6	-999.9	0.0	1.3	96732.1	-999.9
Bamako	2020	10	1	275	23.5	31.8	22.2	-999.9	10.3	2.4	96532.0	-999.9
Bamako	2020	10	2	276	22.3	27.6	12.2	-999.9	31.0	1.4	96560.5	-999.9
Bamako	2020	10	3	277	23.2	28.0	16.4	-999.9	0.0	2.0	96665.6	-999.9
Bamako	2020	10	4	278	22.5	29.3	20.3	-999.9	10.3	1.5	96821.8	-999.9
Bamako	2020	10	5	279	22.4	27.8	13.3	-999.9	41.3	1.0	97036.3	-999.9
Bamako	2020	10	6	280	21.7	30.9	23.1	-999.9	0.0	1.2	96960.3	-999.9
Bamako	2020	10	7	281	24.0	32.2	21.7	-999.9	18.1	1.4	96855.1	-999.9
Bamako	2020	10	8	282	23.5	31.9	22.7	-999.9	0.0	1.6	96819.7	-999.9
Bamako	2020	10	9	283	22.0	30.6	21.8	-999.9	0.0	1.9	96863.6	-999.9
Bamako	2020	10	10	284	22.0	29.5	17.5	-999.9	9.0	1.1	96897.4	-999.9
Bamako	2020	10	11	285	22.2	28.5	15.7	-999.9	0.0	1.6	96913.6	-999.9
Bamako	2020	10	12	286	22.2	29.0	16.9	-999.9	21.8	1.4	96938.9	-999.9
Bamako	2020	10	13	287	22.3	30.6	21.6	-999.9	0.0	1.1	96901.9	-999.9
Bamako	2020	10	14	288	22.2	31.5	23.0	-999.9	0.0	1.2	96892.5	-999.9
Bamako	2020	10	15	289	22.9	31.6	21.9	-999.9	0.0	1.3	96884.3	-999.9
Bamako	2020	10	16	290	23.2	32.1	21.3	-999.9	0.0	1.1	96849.8	-999.9
Bamako	2020	10	17	291	23.1	31.8	21.4	-999.9	0.0	1.4	96744.8	-999.9
Bamako	2020	10	18	292	22.7	32.3	22.3	-999.9	0.0	1.2	96730.2	-999.9
Bamako	2020	10	19	293	23.3	32.9	22.6	-999.9	0.0	1.2	96800.8	-999.9
Bamako	2020	10	20	294	22.9	32.8	22.3	-999.9	0.0	1.2	96840.2	-999.9
Bamako	2020	10	21	295	21.7	32.7	22.5	-999.9	0.0	1.3	96830.4	-999.9
Bamako	2020	10	22	296	21.5	33.4	22.3	-999.9	0.0	1.4	96838.5	-999.9
Bamako	2020	10	23	297	21.7	33.9	21.6	-999.9	0.0	1.7	96888.1	-999.9
Bamako	2020	10	24	298	21.1	34.6	22.8	-999.9	0.0	1.5	96846.4	-999.9
Bamako	2020	10	25	299	19.5	34.0	23.3	-999.9	0.0	1.3	96748.2	-999.9
Bamako	2020	10	26	300	18.8	33.9	23.3	-999.9	0.2	1.4	96709.6	-999.9
Bamako	2020	10	27	301	21.8	33.6	23.3	-999.9	0.0	1.4	96717.3	-999.9
Bamako	2020	10	28	302	17.2	33.9	23.4	-999.9	4.2	1.5	96734.9	-999.9
Bamako	2020	10	29	303	18.7	34.0	23.0	-999.9	0.0	1.6	96747.8	-999.9
Bamako	2020	10	30	304	19.5	33.2	22.9	-999.9	1.0	1.6	96806.4	-999.9
Bamako	2020	10	31	305	21.1	33.7	22.5	-999.9	0.0	1.8	96824.0	-999.9
Bamako	2020	11	1	306	19.2	34.2	22.2	-999.9	0.0	1.3	96681.8	-999.9
Bamako	2020	11	2	307	24.1	34.3	22.1	-999.9	0.0	1.6	96700.3	-999.9
Bamako	2020	11	3	308	21.4	33.5	20.1	-999.9	0.0	1.7	96834.1	-999.9
Bamako	2020	11	4	309	23.4	33.8	21.6	-999.9	0.0	1.5	96818.6	-999.9
Bamako	2020	11	5	310	21.7	34.0	21.9	-999.9	0.0	1.6	96785.0	-999.9
Bamako	2020	11	6	311	21.8	34.5	20.3	-999.9	0.0	1.6	96905.4	-999.9
Bamako	2020	11	7	312	21.2	35.0	22.2	-999.9	0.0	2.1	96946.8	-999.9
Bamako	2020	11	8	313	18.5	33.7	22.5	-999.9	0.0	1.9	96973.3	-999.9
Bamako	2020	11	9	314	19.5	33.5	21.9	-999.9	0.0	2.0	96938.4	-999.9
Bamako	2020	11	10	315	18.4	33.4	22.2	-999.9	0.0	2.0	96875.3	-999.9
Bamako	2020	11	11	316	18.4	33.5	22.1	-999.9	0.0	2.1	96850.4	-999.9
Bamako	2020	11	12	317	19.6	33.0	22.1	-999.9	0.0	2.5	96939.2	-999.9
Bamako	2020	11	13	318	18.5	32.5	22.2	-999.9	0.0	2.3	97040.6	-999.9
Bamako	2020	11	14	319	15.6	32.5	22.1	-999.9	0.0	2.3	96986.6	-999.9
Bamako	2020	11	15	320	18.2	33.0	21.7	-999.9	0.0	2.3	96912.8	-999.9
Bamako	2020	11	16	321	19.2	33.6	21.6	-999.9	0.0	2.2	96868.5	-999.9
Bamako	2020	11	17	322	20.9	33.2	21.5	-999.9	0.0	2.6	96836.0	-999.9
Bamako	2020	11	18	323	20.1	33.3	21.1	-999.9	0.0	2.2	96807.4	-999.9
Bamako	2020	11	19	324	19.2	33.3	21.1	-999.9	0.0	2.2	96728.8	-999.9
Bamako	2020	11	20	325	19.8	32.8	21.1	-999.9	0.0	2.2	96677.4	-999.9
Bamako	2020	11	21	326	17.9	33.0	21.2	-999.9	0.0	1.9	96750.4	-999.9
Bamako	2020	11	22	327	19.2	33.3	20.6	-999.9	0.0	1.8	96825.7	-999.9
Bamako	2020	11	23	328	18.8	33.4	21.1	-999.9	0.0	2.1	96868.9	-999.9
Bamako	2020	11	24	329	19.3	31.8	21.0	-999.9	0.0	2.3	96965.3	-999.9
Bamako	2020	11	25	330	17.5	30.7	21.0	-999.9	0.0	2.0	96888.9	-999.9
Bamako	2020	11	26	331	15.9	30.9	21.1	-999.9	0.0	1.6	96756.7	-999.9
Bamako	2020	11	27	332	15.0	31.8	20.9	-999.9	0.0	1.4	96728.0	-999.9
Bamako	2020	11	28	333	15.7	32.6	20.5	-999.9	0.0	1.7	96804.1	-999.9
Bamako	2020	11	29	334	18.3	33.0	19.8	-999.9	0.0	2.0	96792.2	-999.9
Bamako	2020	11	30	335	20.7	34.1	19.4	-999.9	0.0	2.0	96812.3	-999.9
Bamako	2020	12	1	336	21.8	34.9	20.3	-999.9	0.0	2.4	96825.7	-999.9
Bamako	2020	12	2	337	21.4	35.2	20.6	-999.9	0.0	1.8	96783.9	-999.9
Bamako	2020	12	3	338	23.0	34.9	20.5	-999.9	0.0	1.0	96853.7	-999.9
Bamako	2020	12	4	339	20.6	35.8	20.5	-999.9	0.0	1.6	96883.4	-999.9
Bamako	2020	12	5	340	24.6	35.5	20.4	-999.9	0.0	1.2	96788.4	-999.9
Bamako	2020	12	6	341	19.6	34.3	20.2	-999.9	0.0	1.8	96785.1	-999.9
Bamako	2020	12	7	342	19.7	33.8	20.1	-999.9	0.0	1.9	96906.9	-999.9
Bamako	2020	12	8	343	21.0	34.1	20.0	-999.9	0.0	2.3	96962.2	-999.9
Bamako	2020	12	9	344	20.7	33.7	20.0	-999.9	0.0	2.2	96907.9	-999.9
Bamako	2020	12	10	345	21.1	33.7	18.9	-999.9	0.0	2.1	96876.8	-999.9
Bamako	2020	12	11	346	20.7	33.8	20.0	-999.9	0.0	2.3	96916.3	-999.9
Bamako	2020	12	12	347	19.8	33.5	20.0	-999.9	0.0	2.2	96872.0	-999.9
Bamako	2020	12	13	348	19.1	33.4	20.0	-999.9	0.0	2.1	96713.2	-999.9
Bamako	2020	12	14	349	18.7	33.2	19.9	-999.9	0.0	1.7	96653.5	-999.9
Bamako	2020	12	15	350	22.3	33.9	19.8	-999.9	0.0	1.7	96643.0	-999.9
Bamako	2020	12	16	351	20.2	34.6	19.1	-999.9	0.0	1.7	96749.5	-999.9
Bamako	2020	12	17	352	20.9	34.0	18.4	-999.9	0.0	1.5	96770.5	-999.9
Bamako	2020	12	18	353	21.0	32.7	18.2	-999.9	0.0	2.2	96769.5	-999.9
Bamako	2020	12	19	354	19.9	32.3	19.8	-999.9	0.0	2.3	96787.6	-999.9
Bamako	2020	12	20	355	19.5	32.4	19.8	-999.9	0.0	2.5	96853.3	-999.9
Bamako	2020	12	21	356	19.0	31.5	19.5	-999.9	0.0	2.5	96968.5	-999.9
Bamako	2020	12	22	357	17.9	30.9	19.8	-999.9	0.0	2.3	96930.1	-999.9
Bamako	2020	12	23	358	17.6	30.7	18.8	-999.9	0.0	2.1	96853.9	-999.9
Bamako	2020	12	24	359	18.4	32.7	19.6	-999.9	0.0	2.0	96748.7	-999.9
Bamako	2020	12	25	360	19.3	33.4	19.0	-999.9	0.0	2.0	96669.9	-999.9
Bamako	2020	12	26	361	19.5	33.7	19.8	-999.9	0.0	2.2	96713.2	-999.9
Bamako	2020	12	27	362	17.9	32.7	19.3	-999.9	0.0	2.3	96771.1	-999.9
Bamako	2020	12	28	363	18.6	32.5	19.9	-999.9	0.0	2.3	96793.1	-999.9
Bamako	2020	12	29	364	17.1	32.5	19.8	-999.9	0.0	2.1	96769.2	-999.9
Bamako	2020	12	30	365	17.9	33.4	19.8	-999.9	0.0	2.2	96769.0	-999.9
Bamako	2020	12	31	366	17.8	33.6	19.9	-999.9	0.0	2.2	96836.6	-999.9
