Bamako	1981	1	1	1	18.5	30.1	20.1	-999.9	0.0	3.3	97127.8	-999.9
Bamako	1981	1	2	2	16.3	27.4	20.2	-999.9	0.0	3.0	97150.5	-999.9
Bamako	1981	1	3	3	14.6	27.2	20.1	-999.9	0.0	2.6	97129.0	-999.9
Bamako	1981	1	4	4	15.0	28.9	20.4	-999.9	0.0	2.4	97101.8	-999.9
Bamako	1981	1	5	5	15.9	29.5	20.1	-999.9	0.0	2.3	97055.1	-999.9
Bamako	1981	1	6	6	16.4	29.6	20.3	-999.9	0.0	2.2	97001.8	-999.9
Bamako	1981	1	7	7	15.8	29.8	20.6	-999.9	0.0	2.2	96971.4	-999.9
Bamako	1981	1	8	8	16.2	30.5	20.7	-999.9	0.0	2.2	96932.4	-999.9
Bamako	1981	1	9	9	16.5	30.4	20.9	-999.9	0.0	2.3	96987.2	-999.9
Bamako	1981	1	10	10	16.3	30.4	20.9	-999.9	0.0	2.2	96971.7	-999.9
Bamako	1981	1	11	11	15.9	31.7	20.8	-999.9	0.0	2.2	96794.1	-999.9
Bamako	1981	1	12	12	15.9	33.5	20.5	-999.9	0.0	1.6	96760.7	-999.9
Bamako	1981	1	13	13	18.0	33.9	20.0	-999.9	0.0	1.4	96752.2	-999.9
Bamako	1981	1	14	14	20.7	31.7	18.2	-999.9	0.0	2.7	96945.3	-999.9
Bamako	1981	1	15	15	19.4	29.8	18.5	-999.9	0.0	3.1	97084.1	-999.9
Bamako	1981	1	16	16	17.2	29.3	20.5	-999.9	0.0	2.8	97049.7	-999.9
Bamako	1981	1	17	17	16.2	28.9	20.8	-999.9	0.0	2.4	97071.6	-999.9
Bamako	1981	1	18	18	15.8	29.0	21.1	-999.9	0.0	2.4	97017.0	-999.9
Bamako	1981	1	19	19	15.8	30.6	21.3	-999.9	0.0	2.3	96850.2	-999.9
Bamako	1981	1	20	20	16.7	32.0	21.4	-999.9	0.0	2.5	96827.3	-999.9
Bamako	1981	1	21	21	18.4	32.4	21.0	-999.9	0.0	2.5	96957.5	-999.9
Bamako	1981	1	22	22	18.9	31.9	21.2	-999.9	0.0	2.6	96968.6	-999.9
Bamako	1981	1	23	23	17.4	30.8	21.2	-999.9	0.0	2.5	96913.2	-999.9
Bamako	1981	1	24	24	17.6	30.2	21.1	-999.9	0.0	2.6	96866.6	-999.9
Bamako	1981	1	25	25	17.4	28.6	19.9	-999.9	0.0	2.7	96919.5	-999.9
Bamako	1981	1	26	26	17.2	29.8	20.0	-999.9	0.0	2.4	97056.4	-999.9
Bamako	1981	1	27	27	17.7	31.7	21.4	-999.9	0.0	2.9	97179.5	-999.9
Bamako	1981	1	28	28	19.1	31.1	20.9	-999.9	0.0	2.3	97273.4	-999.9
Bamako	1981	1	29	29	18.7	30.8	20.6	-999.9	0.0	2.5	97185.6	-999.9
Bamako	1981	1	30	30	18.2	32.2	21.1	-999.9	0.0	2.4	96971.3	-999.9
Bamako	1981	1	31	31	18.9	32.7	20.6	-999.9	0.0	2.3	96913.4	-999.9
Bamako	1981	2	1	32	21.8	33.0	20.8	-999.9	0.0	2.4	96919.1	-999.9
Bamako	1981	2	2	33	19.1	32.4	20.0	-999.9	0.0	2.5	96866.6	-999.9
Bamako	1981	2	3	34	19.7	33.8	19.8	-999.9	0.0	2.5	96770.7	-999.9
Bamako	1981	2	4	35	20.7	34.3	21.2	-999.9	0.0	2.2	96659.4	-999.9
Bamako	1981	2	5	36	21.1	34.9	21.5	-999.9	0.0	2.2	96688.8	-999.9
Bamako	1981	2	6	37	21.9	35.6	21.4	-999.9	0.0	2.1	96750.9	-999.9
Bamako	1981	2	7	38	21.0	36.5	21.8	-999.9	0.0	2.3	96786.3	-999.9
Bamako	1981	2	8	39	21.7	36.5	22.0	-999.9	0.0	2.7	96774.1	-999.9
Bamako	1981	2	9	40	21.6	36.1	22.0	-999.9	0.0	2.7	96758.4	-999.9
Bamako	1981	2	10	41	21.2	34.3	22.1	-999.9	0.0	2.9	96767.2	-999.9
Bamako	1981	2	11	42	20.6	34.4	22.4	-999.9	0.0	2.6	96739.5	-999.9
Bamako	1981	2	12	43	18.7	35.2	22.3	-999.9	0.0	1.8	96503.1	-999.9
Bamako	1981	2	13	44	20.2	34.4	21.9	-999.9	0.0	1.8	96443.4	-999.9
Bamako	1981	2	14	45	22.9	34.0	20.0	-999.9	0.0	1.4	96636.1	-999.9
Bamako	1981	2	15	46	23.0	35.0	21.5	-999.9	0.0	2.2	96680.7	-999.9
Bamako	1981	2	16	47	24.4	35.6	20.7	-999.9	0.0	2.4	96686.2	-999.9
Bamako	1981	2	17	48	26.0	35.6	20.8	-999.9	0.0	2.5	96627.7	-999.9
Bamako	1981	2	18	49	23.5	35.6	22.1	-999.9	0.0	2.6	96596.3	-999.9
Bamako	1981	2	19	50	22.7	35.0	22.5	-999.9	0.0	2.4	96560.2	-999.9
Bamako	1981	2	20	51	21.7	35.8	22.6	-999.9	0.0	1.6	96513.7	-999.9
Bamako	1981	2	21	52	22.0	35.2	22.9	-999.9	0.0	2.1	96601.5	-999.9
Bamako	1981	2	22	53	21.3	33.8	23.1	-999.9	0.0	2.9	96689.6	-999.9
Bamako	1981	2	23	54	19.1	33.2	23.6	-999.9	0.0	2.3	96643.5	-999.9
Bamako	1981	2	24	55	19.2	34.4	23.6	-999.9	0.0	2.0	96692.6	-999.9
Bamako	1981	2	25	56	20.3	35.8	23.7	-999.9	0.0	2.3	96751.6	-999.9
Bamako	1981	2	26	57	21.6	36.5	23.7	-999.9	0.0	2.6	96763.6	-999.9
Bamako	1981	2	27	58	22.2	37.2	23.9	-999.9	0.0	2.5	96628.0	-999.9
Bamako	1981	2	28	59	21.9	37.2	22.4	-999.9	0.0	2.2	96610.4	-999.9
Bamako	1981	3	1	60	21.6	37.7	22.3	-999.9	0.0	2.3	96571.4	-999.9
Bamako	1981	3	2	61	20.8	38.1	23.9	-999.9	0.0	1.4	96513.8	-999.9
Bamako	1981	3	3	62	22.1	38.0	24.3	-999.9	0.0	2.3	96550.8	-999.9
Bamako	1981	3	4	63	22.2	37.6	23.7	-999.9	0.0	1.6	96524.2	-999.9
Bamako	1981	3	5	64	21.0	37.8	24.1	-999.9	0.0	1.9	96475.8	-999.9
Bamako	1981	3	6	65	22.3	36.9	23.5	-999.9	0.0	1.4	96637.5	-999.9
Bamako	1981	3	7	66	22.1	37.2	22.3	-999.9	0.0	2.1	96730.2	-999.9
Bamako	1981	3	8	67	22.4	38.5	24.2	-999.9	0.0	2.5	96683.1	-999.9
Bamako	1981	3	9	68	22.5	37.7	24.3	-999.9	0.0	2.3	96658.3	-999.9
Bamako	1981	3	10	69	21.7	36.8	24.7	-999.9	0.0	1.6	96667.4	-999.9
Bamako	1981	3	11	70	20.7	37.8	24.8	-999.9	0.0	2.1	96624.9	-999.9
Bamako	1981	3	12	71	20.5	35.7	22.1	-999.9	0.0	2.1	96666.1	-999.9
Bamako	1981	3	13	72	22.7	34.9	22.6	-999.9	0.0	1.9	96626.6	-999.9
Bamako	1981	3	14	73	20.6	34.8	21.4	-999.9	0.0	1.6	96599.2	-999.9
Bamako	1981	3	15	74	23.0	36.1	23.7	-999.9	0.0	1.4	96667.8	-999.9
Bamako	1981	3	16	75	24.8	34.9	21.1	-999.9	0.0	2.0	96896.3	-999.9
Bamako	1981	3	17	76	24.2	34.8	17.5	-999.9	0.0	1.6	96782.3	-999.9
Bamako	1981	3	18	77	23.8	37.0	22.5	-999.9	0.0	1.7	96526.9	-999.9
Bamako	1981	3	19	78	24.7	37.1	22.2	-999.9	0.0	2.1	96459.8	-999.9
Bamako	1981	3	20	79	25.6	35.7	20.6	-999.9	0.0	2.0	96575.0	-999.9
Bamako	1981	3	21	80	26.4	32.1	13.0	-999.9	0.0	1.7	96955.0	-999.9
Bamako	1981	3	22	81	25.0	35.6	21.7	-999.9	1.6	3.0	96770.4	-999.9
Bamako	1981	3	23	82	25.6	37.2	24.8	-999.9	0.0	2.9	96599.6	-999.9
Bamako	1981	3	24	83	23.7	37.3	25.1	-999.9	0.0	2.1	96524.0	-999.9
Bamako	1981	3	25	84	22.2	37.5	25.2	-999.9	0.0	1.7	96606.4	-999.9
Bamako	1981	3	26	85	23.8	38.3	24.5	-999.9	0.0	1.8	96620.9	-999.9
Bamako	1981	3	27	86	23.0	38.9	25.5	-999.9	0.0	1.7	96484.4	-999.9
Bamako	1981	3	28	87	24.1	38.5	24.8	-999.9	0.0	2.0	96411.6	-999.9
Bamako	1981	3	29	88	26.6	37.7	22.3	-999.9	0.0	2.0	96535.4	-999.9
Bamako	1981	3	30	89	26.2	37.4	21.1	-999.9	0.0	1.7	96729.0	-999.9
Bamako	1981	3	31	90	26.2	36.6	25.0	-999.9	0.0	2.5	96851.6	-999.9
Bamako	1981	4	1	91	23.4	37.2	25.4	-999.9	0.0	2.2	96769.6	-999.9
Bamako	1981	4	2	92	23.4	38.2	25.5	-999.9	0.0	2.0	96635.3	-999.9
Bamako	1981	4	3	93	24.0	38.5	24.5	-999.9	0.0	2.1	96642.6	-999.9
Bamako	1981	4	4	94	26.9	36.1	17.9	-999.9	0.0	1.5	96672.8	-999.9
Bamako	1981	4	5	95	27.6	36.9	20.3	-999.9	1.8	1.9	96625.5	-999.9
Bamako	1981	4	6	96	25.6	38.2	21.7	-999.9	0.0	1.8	96463.0	-999.9
Bamako	1981	4	7	97	24.7	38.5	23.8	-999.9	0.0	1.7	96429.0	-999.9
Bamako	1981	4	8	98	26.4	38.3	22.3	-999.9	0.0	1.9	96433.1	-999.9
Bamako	1981	4	9	99	25.2	40.3	25.5	-999.9	0.0	1.9	96460.6	-999.9
Bamako	1981	4	10	100	27.5	39.3	22.9	-999.9	1.7	1.8	96421.7	-999.9
Bamako	1981	4	11	101	26.6	41.1	25.8	-999.9	0.0	1.9	96307.4	-999.9
Bamako	1981	4	12	102	26.4	38.8	23.3	-999.9	0.0	1.8	96375.2	-999.9
Bamako	1981	4	13	103	27.3	39.8	24.8	-999.9	0.0	1.6	96405.8	-999.9
Bamako	1981	4	14	104	26.2	38.8	22.5	-999.9	0.0	1.9	96435.3	-999.9
Bamako	1981	4	15	105	27.6	37.7	21.1	-999.9	6.2	1.9	96471.4	-999.9
Bamako	1981	4	16	106	27.1	38.4	22.2	-999.9	0.0	2.4	96421.2	-999.9
Bamako	1981	4	17	107	27.5	38.6	23.1	-999.9	0.0	3.3	96292.5	-999.9
Bamako	1981	4	18	108	27.9	38.5	21.6	-999.9	0.0	2.9	96391.4	-999.9
Bamako	1981	4	19	109	26.8	39.2	24.9	-999.9	0.0	1.9	96546.2	-999.9
Bamako	1981	4	20	110	28.7	38.3	24.1	-999.9	0.0	1.9	96711.0	-999.9
Bamako	1981	4	21	111	29.2	38.2	22.2	-999.9	0.0	1.4	96580.2	-999.9
Bamako	1981	4	22	112	27.5	38.4	23.3	-999.9	11.4	2.1	96430.7	-999.9
Bamako	1981	4	23	113	26.7	37.5	21.6	-999.9	0.0	1.2	96443.0	-999.9
Bamako	1981	4	24	114	27.3	36.1	18.7	-999.9	0.0	1.9	96631.9	-999.9
Bamako	1981	4	25	115	25.6	36.6	23.8	-999.9	0.0	1.8	96673.7	-999.9
Bamako	1981	4	26	116	27.4	39.6	24.7	-999.9	0.0	1.5	96460.8	-999.9
Bamako	1981	4	27	117	25.5	40.6	25.6	-999.9	0.0	2.0	96251.7	-999.9
Bamako	1981	4	28	118	28.1	40.2	23.1	-999.9	0.0	2.6	96229.5	-999.9
Bamako	1981	4	29	119	26.9	37.8	20.6	-999.9	6.9	2.1	96419.3	-999.9
Bamako	1981	4	30	120	26.5	35.4	19.6	-999.9	0.0	1.7	96478.3	-999.9
Bamako	1981	5	1	121	24.6	32.1	19.6	-999.9	10.5	1.5	96465.2	-999.9
Bamako	1981	5	2	122	24.2	29.6	16.0	-999.9	5.3	1.7	96585.6	-999.9
Bamako	1981	5	3	123	24.4	32.6	21.7	-999.9	0.0	1.7	96742.3	-999.9
Bamako	1981	5	4	124	24.3	31.5	19.2	-999.9	4.6	1.1	96755.1	-999.9
Bamako	1981	5	5	125	24.6	31.7	21.3	-999.9	4.6	1.5	96678.2	-999.9
Bamako	1981	5	6	126	24.9	34.3	21.5	-999.9	0.0	1.8	96662.8	-999.9
Bamako	1981	5	7	127	25.2	34.8	24.1	-999.9	0.0	1.9	96577.5	-999.9
Bamako	1981	5	8	128	24.9	34.7	22.5	-999.9	1.8	2.2	96505.1	-999.9
Bamako	1981	5	9	129	25.9	37.7	23.3	-999.9	0.0	2.2	96375.2	-999.9
Bamako	1981	5	10	130	25.6	37.1	24.5	-999.9	5.3	2.3	96444.9	-999.9
Bamako	1981	5	11	131	25.9	33.2	19.8	-999.9	4.3	1.7	96752.9	-999.9
Bamako	1981	5	12	132	25.2	35.8	23.6	-999.9	4.3	1.7	96742.3	-999.9
Bamako	1981	5	13	133	26.2	36.5	23.1	-999.9	2.2	1.8	96637.3	-999.9
Bamako	1981	5	14	134	24.8	36.6	24.2	-999.9	0.0	1.8	96679.9	-999.9
Bamako	1981	5	15	135	26.0	38.0	23.9	-999.9	0.0	2.0	96668.9	-999.9
Bamako	1981	5	16	136	26.4	37.6	24.3	-999.9	0.0	1.9	96729.9	-999.9
Bamako	1981	5	17	137	27.2	37.8	22.8	-999.9	3.3	2.4	96592.4	-999.9
Bamako	1981	5	18	138	26.0	38.0	24.8	-999.9	0.0	2.2	96603.5	-999.9
Bamako	1981	5	19	139	26.6	37.8	22.6	-999.9	4.3	2.3	96767.6	-999.9
Bamako	1981	5	20	140	25.9	37.8	24.4	-999.9	2.9	2.0	96776.3	-999.9
Bamako	1981	5	21	141	26.8	39.1	24.8	-999.9	0.0	1.7	96630.4	-999.9
Bamako	1981	5	22	142	26.4	39.5	23.0	-999.9	0.0	2.5	96638.5	-999.9
Bamako	1981	5	23	143	26.9	38.2	22.9	-999.9	4.7	2.0	96732.5	-999.9
Bamako	1981	5	24	144	27.6	37.7	22.8	-999.9	2.3	1.8	96728.4	-999.9
Bamako	1981	5	25	145	25.5	34.9	19.3	-999.9	9.4	1.8	96726.2	-999.9
Bamako	1981	5	26	146	25.7	33.4	22.2	-999.9	1.1	2.4	96681.0	-999.9
Bamako	1981	5	27	147	25.4	34.8	23.9	-999.9	0.0	2.5	96738.1	-999.9
Bamako	1981	5	28	148	25.6	35.7	22.3	-999.9	0.0	2.4	96793.0	-999.9
Bamako	1981	5	29	149	26.0	36.1	23.5	-999.9	1.8	1.7	96730.6	-999.9
Bamako	1981	5	30	150	26.6	36.8	21.6	-999.9	6.1	1.8	96709.4	-999.9
Bamako	1981	5	31	151	24.7	31.1	15.8	-999.9	16.2	1.3	96816.6	-999.9
Bamako	1981	6	1	152	25.3	33.3	21.1	-999.9	1.1	1.7	96846.4	-999.9
Bamako	1981	6	2	153	25.3	37.2	24.3	-999.9	0.0	2.0	96855.1	-999.9
Bamako	1981	6	3	154	24.6	36.1	21.3	-999.9	0.4	1.8	96879.4	-999.9
Bamako	1981	6	4	155	25.7	35.5	23.4	-999.9	0.4	1.7	96848.9	-999.9
Bamako	1981	6	5	156	25.9	34.9	22.5	-999.9	0.5	1.4	96829.8	-999.9
Bamako	1981	6	6	157	25.2	37.6	23.1	-999.9	0.0	1.5	96753.9	-999.9
Bamako	1981	6	7	158	24.8	38.1	23.2	-999.9	0.0	2.0	96730.9	-999.9
Bamako	1981	6	8	159	24.0	36.5	23.2	-999.9	0.5	2.2	96790.3	-999.9
Bamako	1981	6	9	160	25.9	35.5	22.1	-999.9	0.4	1.8	96805.7	-999.9
Bamako	1981	6	10	161	25.2	34.4	21.5	-999.9	11.7	1.9	96792.3	-999.9
Bamako	1981	6	11	162	25.4	33.6	19.0	-999.9	3.7	2.5	96909.6	-999.9
Bamako	1981	6	12	163	25.2	34.2	21.6	-999.9	3.7	1.5	97015.3	-999.9
Bamako	1981	6	13	164	25.4	35.0	22.3	-999.9	0.0	1.6	96967.9	-999.9
Bamako	1981	6	14	165	24.4	32.8	17.2	-999.9	3.7	1.3	96904.2	-999.9
Bamako	1981	6	15	166	24.0	32.4	19.9	-999.9	0.0	2.2	96769.0	-999.9
Bamako	1981	6	16	167	25.2	34.9	23.3	-999.9	0.0	2.7	96716.8	-999.9
Bamako	1981	6	17	168	25.0	32.7	21.2	-999.9	8.0	2.6	96742.6	-999.9
Bamako	1981	6	18	169	24.4	32.9	21.6	-999.9	18.4	2.3	96811.6	-999.9
Bamako	1981	6	19	170	24.7	32.3	21.3	-999.9	16.1	1.7	96868.7	-999.9
Bamako	1981	6	20	171	24.4	31.5	18.1	-999.9	0.0	1.6	96882.5	-999.9
Bamako	1981	6	21	172	24.4	33.2	21.8	-999.9	3.0	1.9	96837.7	-999.9
Bamako	1981	6	22	173	23.2	33.4	21.0	-999.9	6.1	1.4	96871.1	-999.9
Bamako	1981	6	23	174	23.4	32.0	22.3	-999.9	0.0	1.2	96835.9	-999.9
Bamako	1981	6	24	175	23.2	29.7	13.8	-999.9	12.1	1.7	96929.4	-999.9
Bamako	1981	6	25	176	23.1	29.6	17.2	-999.9	0.0	1.6	96997.8	-999.9
Bamako	1981	6	26	177	23.7	30.6	21.3	-999.9	3.1	1.5	96913.1	-999.9
Bamako	1981	6	27	178	24.0	29.0	16.2	-999.9	6.1	1.3	96734.4	-999.9
Bamako	1981	6	28	179	22.7	29.4	17.9	-999.9	0.0	1.8	96788.7	-999.9
Bamako	1981	6	29	180	23.4	31.2	22.7	-999.9	3.1	1.5	96858.3	-999.9
Bamako	1981	6	30	181	24.1	31.9	19.8	-999.9	0.0	2.2	96734.1	-999.9
Bamako	1981	7	1	182	23.6	32.2	22.9	-999.9	0.0	1.8	96691.4	-999.9
Bamako	1981	7	2	183	23.4	31.4	20.6	-999.9	24.0	1.7	96753.0	-999.9
Bamako	1981	7	3	184	22.8	31.3	22.6	-999.9	0.0	1.6	96903.8	-999.9
Bamako	1981	7	4	185	23.8	33.4	22.5	-999.9	12.0	1.5	96866.6	-999.9
Bamako	1981	7	5	186	23.6	28.3	10.6	-999.9	0.0	2.1	96797.4	-999.9
Bamako	1981	7	6	187	22.8	29.8	18.7	-999.9	0.0	1.7	96877.3	-999.9
Bamako	1981	7	7	188	22.2	29.3	17.6	-999.9	9.1	1.4	97008.5	-999.9
Bamako	1981	7	8	189	22.6	27.4	10.3	-999.9	10.4	1.6	97008.9	-999.9
Bamako	1981	7	9	190	21.5	30.2	22.9	-999.9	0.0	1.4	96945.9	-999.9
Bamako	1981	7	10	191	23.3	30.1	20.7	-999.9	0.0	2.0	96932.0	-999.9
Bamako	1981	7	11	192	23.1	29.2	17.6	-999.9	15.6	2.1	96803.2	-999.9
Bamako	1981	7	12	193	22.4	27.9	15.0	-999.9	0.0	1.4	96814.2	-999.9
Bamako	1981	7	13	194	22.1	30.2	21.9	-999.9	0.0	1.4	96867.1	-999.9
Bamako	1981	7	14	195	22.4	28.8	14.6	-999.9	31.2	1.5	96842.1	-999.9
Bamako	1981	7	15	196	22.0	29.7	18.6	-999.9	0.0	1.4	96799.1	-999.9
Bamako	1981	7	16	197	22.4	31.1	23.8	-999.9	0.0	1.7	96757.6	-999.9
Bamako	1981	7	17	198	22.9	30.6	18.4	-999.9	0.0	2.3	96752.6	-999.9
Bamako	1981	7	18	199	22.7	26.3	10.5	-999.9	19.9	1.5	96810.2	-999.9
Bamako	1981	7	19	200	22.0	28.3	16.7	-999.9	0.0	1.3	96901.9	-999.9
Bamako	1981	7	20	201	22.5	30.2	21.3	-999.9	0.0	1.7	96822.4	-999.9
Bamako	1981	7	21	202	23.1	28.1	12.6	-999.9	6.2	2.1	96726.7	-999.9
Bamako	1981	7	22	203	23.5	30.0	19.8	-999.9	3.6	2.3	96764.7	-999.9
Bamako	1981	7	23	204	22.7	27.9	16.5	-999.9	6.2	2.1	96891.1	-999.9
Bamako	1981	7	24	205	22.2	26.2	12.6	-999.9	3.1	1.8	97003.9	-999.9
Bamako	1981	7	25	206	21.8	27.1	13.8	-999.9	0.0	1.7	97033.5	-999.9
Bamako	1981	7	26	207	21.9	27.4	16.2	-999.9	0.0	1.4	97056.0	-999.9
Bamako	1981	7	27	208	21.7	29.0	18.7	-999.9	0.0	1.4	96971.3	-999.9
Bamako	1981	7	28	209	22.2	28.8	19.2	-999.9	15.8	1.7	96837.5	-999.9
Bamako	1981	7	29	210	22.3	27.8	14.2	-999.9	0.0	1.6	96860.3	-999.9
Bamako	1981	7	30	211	22.0	27.1	15.4	-999.9	0.0	1.4	97034.1	-999.9
Bamako	1981	7	31	212	21.9	28.0	13.8	-999.9	0.0	1.3	97021.1	-999.9
Bamako	1981	8	1	213	21.8	27.1	13.5	-999.9	20.2	1.3	96943.1	-999.9
Bamako	1981	8	2	214	21.9	27.9	14.2	-999.9	12.2	1.3	96869.5	-999.9
Bamako	1981	8	3	215	22.1	28.9	17.8	-999.9	0.0	0.9	96972.7	-999.9
Bamako	1981	8	4	216	22.1	29.9	20.0	-999.9	4.8	1.1	96991.9	-999.9
Bamako	1981	8	5	217	23.0	29.9	21.0	-999.9	0.0	1.1	96927.2	-999.9
Bamako	1981	8	6	218	22.7	28.7	16.6	-999.9	7.6	1.3	96872.1	-999.9
Bamako	1981	8	7	219	22.0	28.1	15.3	-999.9	12.6	1.1	96905.3	-999.9
Bamako	1981	8	8	220	21.6	30.0	21.5	-999.9	3.7	1.1	96934.6	-999.9
Bamako	1981	8	9	221	22.7	30.8	21.4	-999.9	3.3	0.8	96931.0	-999.9
Bamako	1981	8	10	222	22.9	30.4	21.6	-999.9	3.6	1.0	96993.3	-999.9
Bamako	1981	8	11	223	23.2	30.0	18.9	-999.9	0.0	1.2	96989.6	-999.9
Bamako	1981	8	12	224	23.0	30.6	21.1	-999.9	0.0	1.3	96821.7	-999.9
Bamako	1981	8	13	225	23.8	29.6	15.2	-999.9	1.8	1.6	96754.5	-999.9
Bamako	1981	8	14	226	23.2	28.9	16.8	-999.9	28.9	1.5	96857.5	-999.9
Bamako	1981	8	15	227	22.7	28.4	17.3	-999.9	4.0	1.6	96932.2	-999.9
Bamako	1981	8	16	228	22.5	30.0	21.5	-999.9	0.0	1.3	96894.5	-999.9
Bamako	1981	8	17	229	22.4	29.9	19.7	-999.9	4.8	1.9	96746.6	-999.9
Bamako	1981	8	18	230	22.0	29.4	20.2	-999.9	5.7	1.7	96767.3	-999.9
Bamako	1981	8	19	231	21.9	29.2	20.3	-999.9	0.0	1.3	96974.4	-999.9
Bamako	1981	8	20	232	22.1	28.4	16.5	-999.9	0.0	1.2	96955.0	-999.9
Bamako	1981	8	21	233	22.3	28.7	19.2	-999.9	0.0	2.0	96945.6	-999.9
Bamako	1981	8	22	234	22.1	27.7	16.4	-999.9	17.9	1.3	97064.9	-999.9
Bamako	1981	8	23	235	22.2	29.3	17.9	-999.9	0.0	1.1	97090.9	-999.9
Bamako	1981	8	24	236	21.8	30.3	22.0	-999.9	0.0	1.4	96838.0	-999.9
Bamako	1981	8	25	237	22.4	28.9	14.3	-999.9	17.9	2.1	96684.1	-999.9
Bamako	1981	8	26	238	21.7	28.7	18.6	-999.9	0.0	1.7	96911.1	-999.9
Bamako	1981	8	27	239	22.0	29.6	22.3	-999.9	0.0	1.3	97011.3	-999.9
Bamako	1981	8	28	240	22.5	27.9	14.5	-999.9	42.2	1.5	96902.7	-999.9
Bamako	1981	8	29	241	22.5	28.6	16.5	-999.9	21.1	1.6	96762.8	-999.9
Bamako	1981	8	30	242	22.2	27.5	15.2	-999.9	0.0	1.7	96810.7	-999.9
Bamako	1981	8	31	243	21.8	26.9	14.4	-999.9	0.0	1.0	96855.1	-999.9
Bamako	1981	9	1	244	21.0	29.6	21.9	-999.9	20.6	0.9	96845.3	-999.9
Bamako	1981	9	2	245	22.9	29.8	20.5	-999.9	0.0	1.4	96830.4	-999.9
Bamako	1981	9	3	246	22.7	30.2	19.7	-999.9	10.3	1.7	96717.7	-999.9
Bamako	1981	9	4	247	22.8	30.3	18.7	-999.9	11.8	1.7	96687.5	-999.9
Bamako	1981	9	5	248	22.0	27.9	16.5	-999.9	10.3	1.2	96883.6	-999.9
Bamako	1981	9	6	249	21.8	26.2	11.2	-999.9	0.0	1.2	96969.8	-999.9
Bamako	1981	9	7	250	21.2	28.9	21.4	-999.9	0.0	1.5	96926.0	-999.9
Bamako	1981	9	8	251	21.0	29.7	22.3	-999.9	0.0	1.2	96895.0	-999.9
Bamako	1981	9	9	252	21.6	29.4	19.7	-999.9	7.0	1.1	96916.7	-999.9
Bamako	1981	9	10	253	21.8	27.4	14.9	-999.9	0.0	1.4	96943.7	-999.9
Bamako	1981	9	11	254	21.8	27.7	18.6	-999.9	0.0	1.4	97026.8	-999.9
Bamako	1981	9	12	255	22.0	29.8	22.7	-999.9	0.0	1.1	96919.2	-999.9
Bamako	1981	9	13	256	22.9	30.9	22.2	-999.9	10.0	1.6	96831.7	-999.9
Bamako	1981	9	14	257	21.6	29.7	20.9	-999.9	10.0	1.3	96919.4	-999.9
Bamako	1981	9	15	258	22.2	29.3	17.4	-999.9	0.0	1.2	96948.4	-999.9
Bamako	1981	9	16	259	22.4	29.4	19.4	-999.9	10.7	1.1	97018.3	-999.9
Bamako	1981	9	17	260	22.2	29.2	20.0	-999.9	6.0	0.9	97069.3	-999.9
Bamako	1981	9	18	261	22.1	29.5	19.0	-999.9	0.0	1.1	97031.7	-999.9
Bamako	1981	9	19	262	22.1	29.8	21.8	-999.9	0.0	1.3	96928.9	-999.9
Bamako	1981	9	20	263	23.3	30.0	20.4	-999.9	0.0	1.6	96851.6	-999.9
Bamako	1981	9	21	264	22.6	28.6	16.2	-999.9	6.4	1.2	96896.2	-999.9
Bamako	1981	9	22	265	22.1	29.5	21.2	-999.9	0.0	1.3	97027.8	-999.9
Bamako	1981	9	23	266	22.2	30.5	22.5	-999.9	6.4	1.2	97160.7	-999.9
Bamako	1981	9	24	267	22.5	30.9	22.7	-999.9	0.0	1.2	96988.4	-999.9
Bamako	1981	9	25	268	24.3	29.9	16.2	-999.9	0.0	1.4	96791.4	-999.9
Bamako	1981	9	26	269	22.5	29.5	19.0	-999.9	0.0	1.5	96905.0	-999.9
Bamako	1981	9	27	270	22.2	30.0	20.8	-999.9	8.9	1.2	96954.4	-999.9
Bamako	1981	9	28	271	23.1	30.6	20.4	-999.9	0.0	1.6	96853.1	-999.9
Bamako	1981	9	29	272	23.2	30.9	21.5	-999.9	7.8	1.5	96805.6	-999.9
Bamako	1981	9	30	273	22.3	30.2	20.7	-999.9	0.0	1.1	96795.5	-999.9
Bamako	1981	10	1	274	22.8	29.9	20.0	-999.9	0.0	1.1	96840.4	-999.9
Bamako	1981	10	2	275	21.6	30.8	22.0	-999.9	0.0	1.1	96806.0	-999.9
Bamako	1981	10	3	276	23.2	32.1	22.5	-999.9	0.0	1.3	96683.3	-999.9
Bamako	1981	10	4	277	23.7	30.6	19.1	-999.9	26.9	1.4	96705.8	-999.9
Bamako	1981	10	5	278	23.3	31.7	21.0	-999.9	0.0	1.1	96716.6	-999.9
Bamako	1981	10	6	279	23.8	31.7	22.3	-999.9	0.0	1.4	96779.5	-999.9
Bamako	1981	10	7	280	23.2	32.5	22.3	-999.9	0.0	0.9	96692.4	-999.9
Bamako	1981	10	8	281	24.0	31.6	19.6	-999.9	12.4	1.3	96673.6	-999.9
Bamako	1981	10	9	282	23.3	31.1	20.2	-999.9	0.0	1.4	96783.4	-999.9
Bamako	1981	10	10	283	23.0	30.2	19.9	-999.9	0.0	1.1	96833.1	-999.9
Bamako	1981	10	11	284	23.4	31.4	21.0	-999.9	0.0	1.5	96763.6	-999.9
Bamako	1981	10	12	285	22.7	31.7	23.3	-999.9	0.0	1.6	96644.1	-999.9
Bamako	1981	10	13	286	23.0	30.4	20.6	-999.9	0.0	1.2	96768.8	-999.9
Bamako	1981	10	14	287	23.5	31.0	18.0	-999.9	0.0	1.5	96915.2	-999.9
Bamako	1981	10	15	288	22.8	30.6	18.7	-999.9	16.1	1.0	96914.0	-999.9
Bamako	1981	10	16	289	23.3	31.8	20.5	-999.9	0.0	1.4	96837.8	-999.9
Bamako	1981	10	17	290	24.1	32.1	20.4	-999.9	0.0	1.2	96751.6	-999.9
Bamako	1981	10	18	291	23.5	33.0	20.0	-999.9	0.0	1.2	96841.1	-999.9
Bamako	1981	10	19	292	23.0	34.7	21.4	-999.9	0.0	1.4	96810.2	-999.9
Bamako	1981	10	20	293	21.5	34.4	22.9	-999.9	0.0	1.5	96692.9	-999.9
Bamako	1981	10	21	294	23.3	32.3	20.5	-999.9	0.0	2.0	96759.7	-999.9
Bamako	1981	10	22	295	24.4	32.5	18.3	-999.9	1.0	1.3	96880.4	-999.9
Bamako	1981	10	23	296	22.3	32.3	19.9	-999.9	3.0	1.0	96963.9	-999.9
Bamako	1981	10	24	297	23.9	33.2	19.5	-999.9	0.0	1.3	96885.8	-999.9
Bamako	1981	10	25	298	22.8	36.7	22.1	-999.9	0.0	1.7	96730.6	-999.9
Bamako	1981	10	26	299	21.7	35.8	22.0	-999.9	0.0	1.4	96699.9	-999.9
Bamako	1981	10	27	300	23.9	34.3	20.8	-999.9	0.0	1.3	96704.8	-999.9
Bamako	1981	10	28	301	24.4	33.4	18.2	-999.9	0.0	1.1	96837.9	-999.9
Bamako	1981	10	29	302	23.8	35.3	18.4	-999.9	0.0	1.4	96863.4	-999.9
Bamako	1981	10	30	303	22.7	35.8	20.7	-999.9	0.0	1.3	96687.2	-999.9
Bamako	1981	10	31	304	23.4	34.1	19.3	-999.9	0.0	1.5	96715.5	-999.9
Bamako	1981	11	1	305	22.4	37.5	22.2	-999.9	0.0	1.9	96707.2	-999.9
Bamako	1981	11	2	306	21.0	36.5	21.6	-999.9	0.0	1.5	96768.1	-999.9
Bamako	1981	11	3	307	21.9	36.3	21.1	-999.9	0.0	1.7	96824.4	-999.9
Bamako	1981	11	4	308	20.8	36.4	21.7	-999.9	0.0	2.0	96806.8	-999.9
Bamako	1981	11	5	309	20.8	34.7	18.7	-999.9	0.0	1.7	96762.4	-999.9
Bamako	1981	11	6	310	22.3	34.6	19.8	-999.9	0.0	1.7	96830.8	-999.9
Bamako	1981	11	7	311	20.7	35.4	22.3	-999.9	0.0	2.1	96911.3	-999.9
Bamako	1981	11	8	312	19.5	35.3	22.2	-999.9	0.0	2.5	96889.0	-999.9
Bamako	1981	11	9	313	21.4	34.2	20.6	-999.9	0.0	2.4	96870.5	-999.9
Bamako	1981	11	10	314	21.6	34.5	21.5	-999.9	0.0	2.2	96871.8	-999.9
Bamako	1981	11	11	315	21.2	35.0	21.7	-999.9	0.0	2.0	96809.1	-999.9
Bamako	1981	11	12	316	21.9	36.2	21.6	-999.9	0.0	1.9	96746.2	-999.9
Bamako	1981	11	13	317	20.8	35.9	21.1	-999.9	0.0	2.0	96722.8	-999.9
Bamako	1981	11	14	318	20.9	34.7	21.7	-999.9	0.0	2.0	96803.2	-999.9
Bamako	1981	11	15	319	19.2	34.5	21.8	-999.9	0.0	2.2	96762.5	-999.9
Bamako	1981	11	16	320	22.8	34.9	19.9	-999.9	0.0	2.0	96839.0	-999.9
Bamako	1981	11	17	321	21.4	35.1	20.9	-999.9	0.0	2.3	96767.8	-999.9
Bamako	1981	11	18	322	21.4	35.4	21.3	-999.9	0.0	2.2	96620.2	-999.9
Bamako	1981	11	19	323	18.6	34.8	20.8	-999.9	0.0	2.0	96597.3	-999.9
Bamako	1981	11	20	324	17.8	34.5	21.3	-999.9	0.0	2.1	96705.5	-999.9
Bamako	1981	11	21	325	20.1	34.3	20.6	-999.9	0.0	2.1	96856.1	-999.9
Bamako	1981	11	22	326	20.1	33.5	20.6	-999.9	0.0	2.3	96866.0	-999.9
Bamako	1981	11	23	327	19.1	32.0	21.1	-999.9	0.0	2.4	96868.9	-999.9
Bamako	1981	11	24	328	17.7	31.0	21.2	-999.9	0.0	2.2	96911.3	-999.9
Bamako	1981	11	25	329	16.9	31.2	21.2	-999.9	0.0	2.1	96917.9	-999.9
Bamako	1981	11	26	330	17.4	31.4	20.9	-999.9	0.0	2.1	96887.0	-999.9
Bamako	1981	11	27	331	18.6	32.0	20.8	-999.9	0.0	2.2	96937.8	-999.9
Bamako	1981	11	28	332	19.0	32.2	20.4	-999.9	0.0	2.2	96926.4	-999.9
Bamako	1981	11	29	333	18.7	32.8	20.7	-999.9	0.0	2.1	96759.7	-999.9
Bamako	1981	11	30	334	19.2	33.3	20.5	-999.9	0.0	2.1	96684.4	-999.9
Bamako	1981	12	1	335	19.2	33.6	19.7	-999.9	0.0	2.2	96696.2	-999.9
Bamako	1981	12	2	336	20.1	33.7	17.6	-999.9	0.0	2.3	96901.1	-999.9
Bamako	1981	12	3	337	20.3	32.1	15.4	-999.9	0.0	2.3	96992.7	-999.9
Bamako	1981	12	4	338	18.3	32.6	20.8	-999.9	0.0	2.6	96986.5	-999.9
Bamako	1981	12	5	339	18.8	32.1	20.6	-999.9	0.0	2.7	97001.6	-999.9
Bamako	1981	12	6	340	18.1	31.6	20.3	-999.9	0.0	2.2	96996.6	-999.9
Bamako	1981	12	7	341	16.1	31.5	20.6	-999.9	0.0	1.8	96976.4	-999.9
Bamako	1981	12	8	342	16.7	31.9	20.4	-999.9	0.0	2.2	97050.0	-999.9
Bamako	1981	12	9	343	17.8	32.7	20.1	-999.9	0.0	2.3	97080.0	-999.9
Bamako	1981	12	10	344	19.6	32.8	19.5	-999.9	0.0	2.5	97016.4	-999.9
Bamako	1981	12	11	345	19.3	33.4	19.9	-999.9	0.0	2.3	96937.2	-999.9
Bamako	1981	12	12	346	18.9	33.1	19.9	-999.9	0.0	2.4	96881.8	-999.9
Bamako	1981	12	13	347	19.4	33.1	20.1	-999.9	0.0	2.6	96916.9	-999.9
Bamako	1981	12	14	348	19.7	32.3	20.4	-999.9	0.0	2.6	96990.5	-999.9
Bamako	1981	12	15	349	17.9	32.4	20.4	-999.9	0.0	2.5	96944.0	-999.9
Bamako	1981	12	16	350	17.1	31.7	20.2	-999.9	0.0	2.3	96844.5	-999.9
Bamako	1981	12	17	351	17.5	32.1	19.2	-999.9	0.0	2.2	96801.7	-999.9
Bamako	1981	12	18	352	16.6	33.0	20.2	-999.9	0.0	1.9	96840.2	-999.9
Bamako	1981	12	19	353	15.9	32.9	20.2	-999.9	0.0	2.0	96826.1	-999.9
Bamako	1981	12	20	354	17.0	33.1	19.9	-999.9	0.0	2.1	96790.5	-999.9
Bamako	1981	12	21	355	17.6	32.4	19.8	-999.9	0.0	2.3	96750.0	-999.9
Bamako	1981	12	22	356	17.3	31.2	17.8	-999.9	0.0	2.1	96787.8	-999.9
Bamako	1981	12	23	357	17.1	31.3	20.0	-999.9	0.0	2.2	96852.7	-999.9
Bamako	1981	12	24	358	17.3	31.9	20.3	-999.9	0.0	2.3	96821.4	-999.9
Bamako	1981	12	25	359	17.1	32.6	20.3	-999.9	0.0	2.1	96815.8	-999.9
Bamako	1981	12	26	360	17.5	33.7	19.9	-999.9	0.0	2.2	96804.6	-999.9
Bamako	1981	12	27	361	17.9	33.5	20.1	-999.9	0.0	2.2	96766.1	-999.9
Bamako	1981	12	28	362	16.9	33.6	20.3	-999.9	0.0	2.1	96703.5	-999.9
Bamako	1981	12	29	363	16.7	34.0	20.1	-999.9	0.0	1.8	96656.2	-999.9
Bamako	1981	12	30	364	17.3	34.7	19.8	-999.9	0.0	2.1	96690.0	-999.9
Bamako	1981	12	31	365	18.2	35.0	20.2	-999.9	0.0	2.2	96678.8	-999.9
