Bamako	2019	1	1	1	22.1	34.2	19.1	-999.9	0.0	2.8	97135.1	-999.9
Bamako	2019	1	2	2	20.5	32.5	19.9	-999.9	0.0	2.6	97206.2	-999.9
Bamako	2019	1	3	3	16.8	31.1	20.6	-999.9	0.0	2.3	97033.3	-999.9
Bamako	2019	1	4	4	16.8	31.6	20.4	-999.9	0.0	2.2	97060.2	-999.9
Bamako	2019	1	5	5	17.9	31.2	18.8	-999.9	0.0	2.5	97141.5	-999.9
Bamako	2019	1	6	6	18.0	30.8	19.6	-999.9	0.0	2.3	97074.6	-999.9
Bamako	2019	1	7	7	16.9	31.4	19.6	-999.9	0.0	2.1	97058.4	-999.9
Bamako	2019	1	8	8	18.4	30.5	14.5	-999.9	0.0	2.1	96993.1	-999.9
Bamako	2019	1	9	9	17.7	31.6	18.6	-999.9	0.0	2.1	96870.1	-999.9
Bamako	2019	1	10	10	17.4	32.6	19.5	-999.9	0.0	1.8	96786.5	-999.9
Bamako	2019	1	11	11	16.8	33.6	20.4	-999.9	0.0	1.8	96803.1	-999.9
Bamako	2019	1	12	12	19.3	34.2	20.2	-999.9	0.0	2.3	96838.9	-999.9
Bamako	2019	1	13	13	19.6	34.4	20.4	-999.9	0.0	2.3	96956.4	-999.9
Bamako	2019	1	14	14	18.6	34.1	20.6	-999.9	0.0	2.0	96993.2	-999.9
Bamako	2019	1	15	15	17.2	34.4	20.6	-999.9	0.0	1.9	96907.0	-999.9
Bamako	2019	1	16	16	17.0	35.4	20.8	-999.9	0.0	1.9	96824.9	-999.9
Bamako	2019	1	17	17	17.9	35.4	20.5	-999.9	0.0	1.8	96739.0	-999.9
Bamako	2019	1	18	18	18.8	34.8	20.6	-999.9	0.0	2.0	96782.4	-999.9
Bamako	2019	1	19	19	18.0	30.3	20.7	-999.9	0.0	2.5	97089.8	-999.9
Bamako	2019	1	20	20	16.9	30.1	20.9	-999.9	0.0	2.1	97177.3	-999.9
Bamako	2019	1	21	21	15.4	30.6	21.1	-999.9	0.0	1.9	97103.3	-999.9
Bamako	2019	1	22	22	14.5	30.0	21.2	-999.9	0.0	2.1	97050.0	-999.9
Bamako	2019	1	23	23	14.2	30.0	21.3	-999.9	0.0	2.2	97008.7	-999.9
Bamako	2019	1	24	24	14.6	32.5	21.0	-999.9	0.0	1.7	96855.0	-999.9
Bamako	2019	1	25	25	16.2	33.3	20.9	-999.9	0.0	1.9	96908.4	-999.9
Bamako	2019	1	26	26	17.7	32.3	21.2	-999.9	0.0	2.3	97043.6	-999.9
Bamako	2019	1	27	27	15.9	30.3	21.6	-999.9	0.0	2.1	97035.7	-999.9
Bamako	2019	1	28	28	14.6	30.9	21.8	-999.9	0.0	2.1	96937.2	-999.9
Bamako	2019	1	29	29	14.8	31.7	21.8	-999.9	0.0	2.1	96857.8	-999.9
Bamako	2019	1	30	30	16.7	33.3	21.6	-999.9	0.0	1.8	96780.0	-999.9
Bamako	2019	1	31	31	18.6	34.5	21.1	-999.9	0.0	1.7	96743.8	-999.9
Bamako	2019	2	1	32	19.2	35.4	21.4	-999.9	0.0	1.8	96713.5	-999.9
Bamako	2019	2	2	33	19.3	35.3	21.5	-999.9	0.0	1.5	96672.1	-999.9
Bamako	2019	2	3	34	20.7	35.2	21.5	-999.9	0.0	2.1	96670.2	-999.9
Bamako	2019	2	4	35	19.7	35.0	21.3	-999.9	0.0	2.0	96777.3	-999.9
Bamako	2019	2	5	36	20.9	34.4	21.5	-999.9	0.0	2.3	96873.2	-999.9
Bamako	2019	2	6	37	20.0	34.5	21.7	-999.9	0.0	2.3	96793.3	-999.9
Bamako	2019	2	7	38	19.8	34.5	21.9	-999.9	0.0	2.3	96691.7	-999.9
Bamako	2019	2	8	39	19.7	34.4	22.0	-999.9	0.0	2.4	96693.8	-999.9
Bamako	2019	2	9	40	20.8	35.2	22.0	-999.9	0.0	2.9	96681.6	-999.9
Bamako	2019	2	10	41	21.4	33.9	20.1	-999.9	0.0	3.0	96790.5	-999.9
Bamako	2019	2	11	42	19.9	34.6	22.5	-999.9	0.0	2.8	96860.0	-999.9
Bamako	2019	2	12	43	20.2	34.1	22.5	-999.9	0.0	3.0	96904.2	-999.9
Bamako	2019	2	13	44	20.1	34.7	22.5	-999.9	0.0	2.8	96932.0	-999.9
Bamako	2019	2	14	45	20.2	36.2	22.5	-999.9	0.0	2.3	96956.0	-999.9
Bamako	2019	2	15	46	21.5	36.6	22.1	-999.9	0.0	2.2	96973.7	-999.9
Bamako	2019	2	16	47	21.7	37.5	22.2	-999.9	0.0	2.0	96776.0	-999.9
Bamako	2019	2	17	48	21.8	37.1	22.3	-999.9	0.0	2.3	96694.2	-999.9
Bamako	2019	2	18	49	21.8	37.9	22.0	-999.9	0.0	1.9	96528.1	-999.9
Bamako	2019	2	19	50	22.9	37.4	22.2	-999.9	0.0	2.7	96501.3	-999.9
Bamako	2019	2	20	51	22.5	35.2	20.8	-999.9	0.0	1.4	96747.0	-999.9
Bamako	2019	2	21	52	23.2	35.8	19.7	-999.9	0.0	2.2	96935.7	-999.9
Bamako	2019	2	22	53	22.9	35.9	22.2	-999.9	0.0	2.7	97009.2	-999.9
Bamako	2019	2	23	54	20.7	33.4	23.4	-999.9	0.0	2.8	96901.4	-999.9
Bamako	2019	2	24	55	18.8	32.5	23.4	-999.9	0.0	2.4	96762.1	-999.9
Bamako	2019	2	25	56	18.7	33.2	23.9	-999.9	0.0	2.3	96705.5	-999.9
Bamako	2019	2	26	57	18.4	31.9	23.3	-999.9	0.0	2.7	96825.8	-999.9
Bamako	2019	2	27	58	17.2	30.5	23.6	-999.9	0.0	2.7	97007.8	-999.9
Bamako	2019	2	28	59	17.2	29.9	23.1	-999.9	0.0	3.0	97142.2	-999.9
Bamako	2019	3	1	60	15.0	29.4	24.8	-999.9	0.0	2.6	97214.3	-999.9
Bamako	2019	3	2	61	15.8	31.2	23.0	-999.9	0.0	2.3	97139.9	-999.9
Bamako	2019	3	3	62	17.7	33.7	24.1	-999.9	0.0	2.3	97036.7	-999.9
Bamako	2019	3	4	63	19.7	35.1	24.1	-999.9	0.0	2.3	96896.8	-999.9
Bamako	2019	3	5	64	20.5	35.7	24.2	-999.9	0.0	2.3	96885.8	-999.9
Bamako	2019	3	6	65	20.7	36.6	24.3	-999.9	0.0	2.3	96851.1	-999.9
Bamako	2019	3	7	66	21.3	36.7	24.5	-999.9	0.0	2.0	96786.8	-999.9
Bamako	2019	3	8	67	21.0	35.2	24.8	-999.9	0.0	2.0	96735.6	-999.9
Bamako	2019	3	9	68	20.6	33.8	24.1	-999.9	0.0	1.8	96790.8	-999.9
Bamako	2019	3	10	69	20.3	35.5	24.6	-999.9	0.0	2.2	96878.4	-999.9
Bamako	2019	3	11	70	22.0	36.3	24.4	-999.9	0.0	2.9	96941.2	-999.9
Bamako	2019	3	12	71	22.7	35.9	24.4	-999.9	0.0	2.9	96889.5	-999.9
Bamako	2019	3	13	72	22.2	35.8	24.6	-999.9	0.0	2.7	96780.9	-999.9
Bamako	2019	3	14	73	22.3	37.0	24.4	-999.9	0.0	2.5	96654.7	-999.9
Bamako	2019	3	15	74	22.3	37.9	25.1	-999.9	0.0	2.4	96637.9	-999.9
Bamako	2019	3	16	75	22.7	39.2	25.0	-999.9	0.0	2.2	96592.0	-999.9
Bamako	2019	3	17	76	22.5	39.2	24.9	-999.9	0.0	2.0	96542.9	-999.9
Bamako	2019	3	18	77	25.8	39.1	23.3	-999.9	0.0	2.3	96452.5	-999.9
Bamako	2019	3	19	78	24.7	37.8	22.6	-999.9	0.0	1.7	96431.2	-999.9
Bamako	2019	3	20	79	26.7	36.8	20.9	-999.9	0.0	2.1	96503.0	-999.9
Bamako	2019	3	21	80	27.8	37.5	20.3	-999.9	0.0	1.4	96497.2	-999.9
Bamako	2019	3	22	81	25.2	32.1	9.8	-999.9	0.0	2.2	96703.7	-999.9
Bamako	2019	3	23	82	27.3	37.1	20.2	-999.9	0.0	2.4	96696.7	-999.9
Bamako	2019	3	24	83	27.4	36.6	20.5	-999.9	0.0	1.4	96648.4	-999.9
Bamako	2019	3	25	84	27.3	37.0	22.2	-999.9	0.0	2.4	96608.6	-999.9
Bamako	2019	3	26	85	26.2	36.9	22.6	-999.9	0.0	2.3	96647.9	-999.9
Bamako	2019	3	27	86	27.0	36.9	20.8	-999.9	0.0	1.2	96755.3	-999.9
Bamako	2019	3	28	87	25.7	38.2	21.5	-999.9	0.0	1.3	96776.1	-999.9
Bamako	2019	3	29	88	26.8	39.5	23.1	-999.9	3.0	2.0	96664.8	-999.9
Bamako	2019	3	30	89	27.9	40.4	25.0	-999.9	0.0	3.2	96506.3	-999.9
Bamako	2019	3	31	90	27.1	37.0	22.8	-999.9	0.0	2.9	96597.1	-999.9
Bamako	2019	4	1	91	26.6	38.5	23.9	-999.9	0.0	1.7	96486.7	-999.9
Bamako	2019	4	2	92	27.7	39.8	24.4	-999.9	0.0	1.7	96450.4	-999.9
Bamako	2019	4	3	93	28.0	38.9	22.3	-999.9	0.0	2.2	96473.6	-999.9
Bamako	2019	4	4	94	28.1	39.7	24.5	-999.9	0.0	2.6	96372.6	-999.9
Bamako	2019	4	5	95	28.9	38.8	24.6	-999.9	0.0	2.6	96553.1	-999.9
Bamako	2019	4	6	96	27.7	39.7	23.9	-999.9	0.0	2.2	96573.8	-999.9
Bamako	2019	4	7	97	27.6	38.3	24.9	-999.9	0.0	2.5	96709.0	-999.9
Bamako	2019	4	8	98	26.4	38.8	25.0	-999.9	0.0	1.9	96725.1	-999.9
Bamako	2019	4	9	99	25.2	39.3	25.8	-999.9	0.0	2.2	96638.2	-999.9
Bamako	2019	4	10	100	25.7	39.5	25.8	-999.9	0.0	2.2	96519.6	-999.9
Bamako	2019	4	11	101	25.7	39.2	25.9	-999.9	0.0	2.1	96512.6	-999.9
Bamako	2019	4	12	102	24.4	37.9	24.5	-999.9	0.0	1.6	96520.0	-999.9
Bamako	2019	4	13	103	23.2	37.9	26.3	-999.9	0.0	1.8	96592.2	-999.9
Bamako	2019	4	14	104	22.7	38.8	26.3	-999.9	0.0	2.0	96656.9	-999.9
Bamako	2019	4	15	105	24.3	39.5	26.1	-999.9	0.0	2.5	96643.7	-999.9
Bamako	2019	4	16	106	25.0	39.2	23.6	-999.9	0.0	2.3	96618.1	-999.9
Bamako	2019	4	17	107	25.6	38.4	22.1	-999.9	0.0	1.5	96619.5	-999.9
Bamako	2019	4	18	108	23.9	40.4	26.2	-999.9	0.0	2.1	96515.1	-999.9
Bamako	2019	4	19	109	27.2	39.5	23.9	-999.9	0.0	1.9	96523.5	-999.9
Bamako	2019	4	20	110	28.7	39.4	22.6	-999.9	0.0	2.4	96486.2	-999.9
Bamako	2019	4	21	111	27.8	37.2	22.3	-999.9	0.0	2.9	96540.2	-999.9
Bamako	2019	4	22	112	28.3	40.3	25.4	-999.9	0.0	2.3	96387.4	-999.9
Bamako	2019	4	23	113	27.2	40.8	26.0	-999.9	0.0	2.0	96374.4	-999.9
Bamako	2019	4	24	114	26.4	40.2	25.1	-999.9	0.0	2.1	96492.8	-999.9
Bamako	2019	4	25	115	27.4	37.1	21.8	-999.9	0.9	1.7	96752.0	-999.9
Bamako	2019	4	26	116	26.9	38.0	22.6	-999.9	3.2	1.4	96695.4	-999.9
Bamako	2019	4	27	117	28.4	40.6	24.9	-999.9	0.0	1.9	96567.6	-999.9
Bamako	2019	4	28	118	26.3	41.7	25.8	-999.9	0.0	1.7	96479.7	-999.9
Bamako	2019	4	29	119	27.8	40.2	23.3	-999.9	0.0	2.0	96484.1	-999.9
Bamako	2019	4	30	120	27.7	39.2	20.7	-999.9	3.2	2.3	96572.6	-999.9
Bamako	2019	5	1	121	26.3	39.2	23.3	-999.9	1.6	2.3	96575.2	-999.9
Bamako	2019	5	2	122	28.1	39.6	23.6	-999.9	0.0	2.2	96518.7	-999.9
Bamako	2019	5	3	123	27.4	40.2	24.5	-999.9	1.6	2.0	96530.9	-999.9
Bamako	2019	5	4	124	27.0	37.5	18.8	-999.9	0.0	2.2	96644.5	-999.9
Bamako	2019	5	5	125	27.3	39.5	22.3	-999.9	0.0	1.7	96603.6	-999.9
Bamako	2019	5	6	126	28.5	41.8	25.6	-999.9	0.0	2.0	96623.3	-999.9
Bamako	2019	5	7	127	28.6	42.7	25.6	-999.9	0.0	2.4	96577.7	-999.9
Bamako	2019	5	8	128	28.7	40.4	23.3	-999.9	0.0	1.8	96528.1	-999.9
Bamako	2019	5	9	129	27.5	41.3	25.6	-999.9	0.0	1.3	96325.2	-999.9
Bamako	2019	5	10	130	28.2	40.4	24.9	-999.9	0.0	2.4	96319.0	-999.9
Bamako	2019	5	11	131	27.5	40.1	25.4	-999.9	0.0	2.6	96422.5	-999.9
Bamako	2019	5	12	132	27.0	39.4	23.0	-999.9	0.0	2.2	96550.8	-999.9
Bamako	2019	5	13	133	29.0	37.8	21.6	-999.9	0.0	2.4	96484.3	-999.9
Bamako	2019	5	14	134	26.6	37.7	23.7	-999.9	0.0	2.6	96490.7	-999.9
Bamako	2019	5	15	135	27.1	37.1	21.8	-999.9	0.0	2.2	96634.9	-999.9
Bamako	2019	5	16	136	25.3	36.2	21.1	-999.9	6.7	1.5	96820.3	-999.9
Bamako	2019	5	17	137	26.9	36.8	20.3	-999.9	0.0	1.8	96699.0	-999.9
Bamako	2019	5	18	138	27.1	38.2	22.2	-999.9	10.0	2.5	96657.9	-999.9
Bamako	2019	5	19	139	27.2	39.3	22.3	-999.9	0.0	2.0	96577.5	-999.9
Bamako	2019	5	20	140	27.5	38.2	22.6	-999.9	0.0	2.0	96608.1	-999.9
Bamako	2019	5	21	141	28.0	38.3	22.6	-999.9	0.0	2.0	96600.5	-999.9
Bamako	2019	5	22	142	27.2	37.9	23.2	-999.9	0.0	1.8	96594.1	-999.9
Bamako	2019	5	23	143	26.8	37.7	22.6	-999.9	3.0	1.7	96613.8	-999.9
Bamako	2019	5	24	144	25.5	35.3	23.4	-999.9	6.0	1.4	96732.9	-999.9
Bamako	2019	5	25	145	24.6	32.8	21.6	-999.9	3.0	1.6	96785.8	-999.9
Bamako	2019	5	26	146	26.0	36.2	23.4	-999.9	0.0	1.3	96699.0	-999.9
Bamako	2019	5	27	147	26.3	37.5	22.0	-999.9	4.1	2.3	96552.1	-999.9
Bamako	2019	5	28	148	25.2	36.9	23.0	-999.9	0.0	2.4	96617.8	-999.9
Bamako	2019	5	29	149	27.8	40.0	24.2	-999.9	0.0	2.3	96481.1	-999.9
Bamako	2019	5	30	150	27.9	39.9	23.9	-999.9	0.0	2.3	96446.5	-999.9
Bamako	2019	5	31	151	27.3	38.7	23.9	-999.9	4.1	2.5	96534.2	-999.9
Bamako	2019	6	1	152	28.3	38.7	23.2	-999.9	0.0	2.7	96505.1	-999.9
Bamako	2019	6	2	153	26.6	36.8	21.5	-999.9	10.2	2.2	96584.2	-999.9
Bamako	2019	6	3	154	27.7	37.6	22.1	-999.9	6.8	2.2	96699.1	-999.9
Bamako	2019	6	4	155	26.9	37.6	22.5	-999.9	0.0	2.6	96727.1	-999.9
Bamako	2019	6	5	156	27.4	38.3	24.6	-999.9	0.0	2.9	96652.8	-999.9
Bamako	2019	6	6	157	27.6	38.8	25.0	-999.9	0.0	2.7	96593.9	-999.9
Bamako	2019	6	7	158	27.1	39.5	24.2	-999.9	0.0	2.6	96557.4	-999.9
Bamako	2019	6	8	159	28.7	39.0	22.9	-999.9	0.0	2.6	96666.6	-999.9
Bamako	2019	6	9	160	27.6	37.6	23.5	-999.9	0.0	2.3	96789.6	-999.9
Bamako	2019	6	10	161	25.3	37.9	22.4	-999.9	20.1	1.7	96711.9	-999.9
Bamako	2019	6	11	162	25.2	34.2	21.1	-999.9	5.0	2.3	96741.9	-999.9
Bamako	2019	6	12	163	25.0	32.7	21.7	-999.9	4.1	1.8	96835.2	-999.9
Bamako	2019	6	13	164	24.6	31.5	20.8	-999.9	6.6	2.1	96978.4	-999.9
Bamako	2019	6	14	165	25.9	33.2	21.1	-999.9	3.3	1.2	96958.1	-999.9
Bamako	2019	6	15	166	26.4	35.0	23.2	-999.9	0.4	1.5	96909.8	-999.9
Bamako	2019	6	16	167	24.8	35.9	24.0	-999.9	3.8	2.3	96877.5	-999.9
Bamako	2019	6	17	168	26.8	34.8	23.7	-999.9	1.9	1.9	96873.5	-999.9
Bamako	2019	6	18	169	25.6	35.1	24.8	-999.9	0.0	1.7	96934.2	-999.9
Bamako	2019	6	19	170	26.3	37.2	23.6	-999.9	1.9	1.9	96895.4	-999.9
Bamako	2019	6	20	171	26.8	37.6	24.5	-999.9	3.8	2.5	96754.2	-999.9
Bamako	2019	6	21	172	27.8	35.8	23.2	-999.9	0.0	2.3	96839.8	-999.9
Bamako	2019	6	22	173	25.8	36.8	23.4	-999.9	8.6	2.5	96911.7	-999.9
Bamako	2019	6	23	174	25.0	34.5	22.8	-999.9	0.0	2.0	96826.7	-999.9
Bamako	2019	6	24	175	24.4	35.4	24.7	-999.9	0.0	2.3	96723.9	-999.9
Bamako	2019	6	25	176	26.3	36.2	24.6	-999.9	0.0	2.5	96683.8	-999.9
Bamako	2019	6	26	177	25.9	36.2	24.7	-999.9	0.0	2.2	96768.3	-999.9
Bamako	2019	6	27	178	26.3	34.6	22.7	-999.9	12.9	2.2	96803.7	-999.9
Bamako	2019	6	28	179	25.3	31.8	21.6	-999.9	0.0	1.4	96801.8	-999.9
Bamako	2019	6	29	180	24.3	32.1	22.5	-999.9	6.4	1.3	96869.1	-999.9
Bamako	2019	6	30	181	23.5	29.8	17.9	-999.9	0.0	1.3	96979.8	-999.9
Bamako	2019	7	1	182	24.0	31.5	22.2	-999.9	0.0	1.4	96957.0	-999.9
Bamako	2019	7	2	183	25.1	33.7	21.4	-999.9	13.3	1.5	96713.3	-999.9
Bamako	2019	7	3	184	24.9	32.3	22.8	-999.9	0.0	1.9	96620.9	-999.9
Bamako	2019	7	4	185	24.3	32.9	22.3	-999.9	6.6	2.3	96733.9	-999.9
Bamako	2019	7	5	186	24.0	29.8	15.8	-999.9	13.3	1.4	96900.5	-999.9
Bamako	2019	7	6	187	23.8	30.5	20.8	-999.9	0.0	1.2	96905.0	-999.9
Bamako	2019	7	7	188	24.1	31.0	21.2	-999.9	33.6	1.9	96878.3	-999.9
Bamako	2019	7	8	189	24.3	31.8	21.8	-999.9	0.0	1.9	96841.4	-999.9
Bamako	2019	7	9	190	23.3	31.6	21.2	-999.9	22.4	2.0	96950.5	-999.9
Bamako	2019	7	10	191	23.0	28.6	14.5	-999.9	0.0	1.5	96932.7	-999.9
Bamako	2019	7	11	192	22.2	30.1	19.6	-999.9	0.0	1.6	96950.3	-999.9
Bamako	2019	7	12	193	22.4	31.2	22.8	-999.9	5.7	1.3	96887.0	-999.9
Bamako	2019	7	13	194	24.1	30.6	21.5	-999.9	0.0	1.8	96869.1	-999.9
Bamako	2019	7	14	195	24.0	29.8	18.8	-999.9	5.7	2.0	96917.1	-999.9
Bamako	2019	7	15	196	24.0	30.6	19.5	-999.9	17.0	1.2	96829.3	-999.9
Bamako	2019	7	16	197	23.4	30.2	19.8	-999.9	6.8	1.2	96806.8	-999.9
Bamako	2019	7	17	198	23.1	30.2	20.4	-999.9	13.6	1.6	96976.7	-999.9
Bamako	2019	7	18	199	22.4	29.3	17.5	-999.9	0.0	2.0	96940.8	-999.9
Bamako	2019	7	19	200	23.3	29.8	19.7	-999.9	20.4	1.4	96884.5	-999.9
Bamako	2019	7	20	201	23.0	29.4	20.6	-999.9	0.0	1.9	96954.3	-999.9
Bamako	2019	7	21	202	23.9	28.7	16.2	-999.9	27.6	1.6	96908.9	-999.9
Bamako	2019	7	22	203	23.3	30.1	18.4	-999.9	0.0	1.0	96811.0	-999.9
Bamako	2019	7	23	204	23.0	30.4	20.0	-999.9	0.0	1.9	96790.7	-999.9
Bamako	2019	7	24	205	23.4	27.0	10.4	-999.9	18.4	2.1	96836.1	-999.9
Bamako	2019	7	25	206	22.3	29.0	18.2	-999.9	0.0	0.8	96900.9	-999.9
Bamako	2019	7	26	207	23.5	30.8	23.0	-999.9	0.0	1.5	96925.2	-999.9
Bamako	2019	7	27	208	23.5	29.9	20.5	-999.9	0.0	1.4	96883.1	-999.9
Bamako	2019	7	28	209	23.0	30.3	21.2	-999.9	11.5	2.0	96838.2	-999.9
Bamako	2019	7	29	210	23.9	30.5	22.1	-999.9	0.0	1.4	96847.8	-999.9
Bamako	2019	7	30	211	22.8	27.9	13.3	-999.9	11.5	1.6	96921.2	-999.9
Bamako	2019	7	31	212	23.6	30.0	21.1	-999.9	11.5	1.8	96866.5	-999.9
Bamako	2019	8	1	213	23.8	30.4	20.5	-999.9	10.7	1.5	96846.4	-999.9
Bamako	2019	8	2	214	23.4	30.2	19.5	-999.9	10.7	1.6	96864.5	-999.9
Bamako	2019	8	3	215	22.9	29.8	19.4	-999.9	32.0	2.2	96879.4	-999.9
Bamako	2019	8	4	216	23.8	30.6	18.7	-999.9	0.0	1.7	96906.8	-999.9
Bamako	2019	8	5	217	23.1	29.8	18.7	-999.9	10.7	1.5	96955.3	-999.9
Bamako	2019	8	6	218	23.3	27.6	10.6	-999.9	35.9	1.5	96986.7	-999.9
Bamako	2019	8	7	219	22.9	27.7	15.4	-999.9	0.0	2.2	97095.0	-999.9
Bamako	2019	8	8	220	23.1	29.4	20.3	-999.9	17.9	1.8	97135.4	-999.9
Bamako	2019	8	9	221	22.6	29.5	18.9	-999.9	0.0	1.3	97065.1	-999.9
Bamako	2019	8	10	222	22.9	29.1	20.0	-999.9	0.0	1.8	97081.8	-999.9
Bamako	2019	8	11	223	23.3	29.7	19.2	-999.9	0.0	2.1	97003.4	-999.9
Bamako	2019	8	12	224	23.4	29.5	19.4	-999.9	0.0	2.4	96949.4	-999.9
Bamako	2019	8	13	225	23.8	29.8	18.1	-999.9	0.0	2.6	96787.5	-999.9
Bamako	2019	8	14	226	23.7	29.9	19.2	-999.9	4.9	2.1	96804.5	-999.9
Bamako	2019	8	15	227	22.8	30.2	21.5	-999.9	4.9	1.5	96930.8	-999.9
Bamako	2019	8	16	228	23.4	29.4	17.8	-999.9	24.4	1.4	96899.7	-999.9
Bamako	2019	8	17	229	22.5	29.0	17.3	-999.9	12.2	1.6	96857.5	-999.9
Bamako	2019	8	18	230	22.7	28.9	17.4	-999.9	36.6	1.3	96807.5	-999.9
Bamako	2019	8	19	231	23.1	27.9	14.4	-999.9	12.2	1.2	96807.1	-999.9
Bamako	2019	8	20	232	23.1	30.2	21.0	-999.9	24.4	1.2	96783.5	-999.9
Bamako	2019	8	21	233	23.5	28.5	13.6	-999.9	0.0	1.4	96803.6	-999.9
Bamako	2019	8	22	234	22.5	29.1	22.4	-999.9	0.0	2.9	96924.2	-999.9
Bamako	2019	8	23	235	23.2	29.1	17.3	-999.9	0.0	2.0	96971.5	-999.9
Bamako	2019	8	24	236	22.2	25.7	8.7	-999.9	81.3	2.3	96908.6	-999.9
Bamako	2019	8	25	237	22.1	24.6	6.9	-999.9	27.1	3.2	96789.9	-999.9
Bamako	2019	8	26	238	22.5	28.3	17.0	-999.9	0.0	2.6	96823.1	-999.9
Bamako	2019	8	27	239	22.6	28.7	19.6	-999.9	0.0	1.9	96858.5	-999.9
Bamako	2019	8	28	240	22.5	28.4	16.1	-999.9	20.0	1.5	96871.4	-999.9
Bamako	2019	8	29	241	22.6	26.0	7.2	-999.9	20.0	1.6	96908.5	-999.9
Bamako	2019	8	30	242	22.5	27.6	16.8	-999.9	0.0	1.9	97057.9	-999.9
Bamako	2019	8	31	243	21.6	28.0	17.1	-999.9	0.0	1.6	96991.0	-999.9
Bamako	2019	9	1	244	22.5	30.3	22.5	-999.9	0.0	2.0	96863.6	-999.9
Bamako	2019	9	2	245	23.4	30.6	21.5	-999.9	25.7	1.5	96831.1	-999.9
Bamako	2019	9	3	246	22.4	27.8	13.8	-999.9	8.6	1.2	96960.8	-999.9
Bamako	2019	9	4	247	22.7	29.6	18.8	-999.9	0.0	1.7	97005.6	-999.9
Bamako	2019	9	5	248	22.6	30.2	22.0	-999.9	25.7	1.2	96944.5	-999.9
Bamako	2019	9	6	249	23.0	30.3	20.8	-999.9	5.3	1.5	96954.2	-999.9
Bamako	2019	9	7	250	21.9	30.1	17.4	-999.9	16.0	1.5	96970.1	-999.9
Bamako	2019	9	8	251	22.7	29.6	21.3	-999.9	0.0	1.2	97011.9	-999.9
Bamako	2019	9	9	252	22.3	29.2	18.4	-999.9	21.3	1.2	97076.6	-999.9
Bamako	2019	9	10	253	22.7	29.0	18.4	-999.9	0.0	1.1	96971.3	-999.9
Bamako	2019	9	11	254	22.7	30.7	21.4	-999.9	4.4	1.6	96870.1	-999.9
Bamako	2019	9	12	255	22.8	31.2	23.2	-999.9	4.4	1.1	96859.7	-999.9
Bamako	2019	9	13	256	23.5	29.4	17.1	-999.9	0.0	1.3	96928.2	-999.9
Bamako	2019	9	14	257	22.6	30.1	21.7	-999.9	0.0	1.3	96916.2	-999.9
Bamako	2019	9	15	258	23.4	31.8	23.6	-999.9	4.4	1.1	96851.7	-999.9
Bamako	2019	9	16	259	24.2	29.1	16.0	-999.9	0.0	1.5	96791.4	-999.9
Bamako	2019	9	17	260	23.1	30.2	20.3	-999.9	5.8	1.1	96743.5	-999.9
Bamako	2019	9	18	261	22.3	28.0	15.8	-999.9	0.0	1.9	96831.0	-999.9
Bamako	2019	9	19	262	21.8	30.3	22.5	-999.9	0.0	1.1	96858.6	-999.9
Bamako	2019	9	20	263	23.1	30.0	20.3	-999.9	11.6	1.4	96886.8	-999.9
Bamako	2019	9	21	264	23.3	30.2	20.5	-999.9	0.0	1.2	96916.2	-999.9
Bamako	2019	9	22	265	22.9	30.2	21.5	-999.9	0.0	1.0	96909.3	-999.9
Bamako	2019	9	23	266	23.6	32.2	22.5	-999.9	0.0	1.3	96895.3	-999.9
Bamako	2019	9	24	267	22.4	31.7	23.1	-999.9	13.5	1.1	96924.6	-999.9
Bamako	2019	9	25	268	24.4	30.6	19.3	-999.9	0.0	1.4	96861.4	-999.9
Bamako	2019	9	26	269	22.9	31.3	22.1	-999.9	0.0	1.5	96934.3	-999.9
Bamako	2019	9	27	270	23.6	31.7	22.8	-999.9	0.0	1.6	96912.5	-999.9
Bamako	2019	9	28	271	23.3	31.3	17.5	-999.9	1.2	1.6	96874.0	-999.9
Bamako	2019	9	29	272	22.7	31.4	23.2	-999.9	0.0	1.7	96855.5	-999.9
Bamako	2019	9	30	273	22.7	32.5	23.7	-999.9	0.0	1.5	96749.3	-999.9
Bamako	2019	10	1	274	23.6	32.5	23.4	-999.9	0.0	1.6	96597.8	-999.9
Bamako	2019	10	2	275	23.5	29.4	17.4	-999.9	12.1	1.4	96733.0	-999.9
Bamako	2019	10	3	276	22.5	29.8	20.2	-999.9	0.0	1.2	96841.9	-999.9
Bamako	2019	10	4	277	23.8	31.7	23.2	-999.9	12.1	1.0	96727.3	-999.9
Bamako	2019	10	5	278	23.2	30.7	20.4	-999.9	6.0	1.2	96651.3	-999.9
Bamako	2019	10	6	279	23.5	29.7	17.9	-999.9	13.7	1.1	96727.2	-999.9
Bamako	2019	10	7	280	22.9	28.5	17.1	-999.9	0.0	1.2	96752.9	-999.9
Bamako	2019	10	8	281	23.1	30.5	21.3	-999.9	13.7	2.0	96736.7	-999.9
Bamako	2019	10	9	282	23.3	30.0	20.8	-999.9	0.0	2.4	96655.6	-999.9
Bamako	2019	10	10	283	23.9	31.7	23.4	-999.9	0.0	2.1	96555.9	-999.9
Bamako	2019	10	11	284	23.5	31.9	22.8	-999.9	0.0	1.9	96493.3	-999.9
Bamako	2019	10	12	285	22.6	27.9	12.1	-999.9	8.8	1.6	96610.0	-999.9
Bamako	2019	10	13	286	22.5	28.4	14.5	-999.9	0.0	2.2	96798.5	-999.9
Bamako	2019	10	14	287	21.8	30.4	21.4	-999.9	8.8	1.2	96877.8	-999.9
Bamako	2019	10	15	288	23.0	31.8	18.3	-999.9	26.5	1.6	96836.0	-999.9
Bamako	2019	10	16	289	23.7	32.4	22.3	-999.9	0.0	1.4	96752.2	-999.9
Bamako	2019	10	17	290	23.7	32.1	21.8	-999.9	0.0	1.1	96832.5	-999.9
Bamako	2019	10	18	291	24.2	32.7	21.4	-999.9	0.0	1.4	96754.0	-999.9
Bamako	2019	10	19	292	23.4	33.7	22.9	-999.9	0.0	1.3	96605.5	-999.9
Bamako	2019	10	20	293	23.1	32.2	21.2	-999.9	0.0	1.5	96662.8	-999.9
Bamako	2019	10	21	294	23.7	31.2	19.4	-999.9	10.0	1.0	96755.4	-999.9
Bamako	2019	10	22	295	23.3	30.0	17.8	-999.9	6.7	1.2	96671.0	-999.9
Bamako	2019	10	23	296	22.5	31.4	21.3	-999.9	0.0	1.6	96608.9	-999.9
Bamako	2019	10	24	297	23.5	32.0	21.7	-999.9	0.0	1.2	96781.2	-999.9
Bamako	2019	10	25	298	23.3	33.1	21.8	-999.9	0.0	1.0	96856.8	-999.9
Bamako	2019	10	26	299	24.1	34.4	22.5	-999.9	0.0	1.7	96753.1	-999.9
Bamako	2019	10	27	300	22.2	32.9	23.0	-999.9	0.0	1.7	96703.0	-999.9
Bamako	2019	10	28	301	20.3	31.7	21.8	-999.9	0.0	1.3	96678.5	-999.9
Bamako	2019	10	29	302	20.9	32.8	21.2	-999.9	0.0	1.3	96673.8	-999.9
Bamako	2019	10	30	303	20.4	33.2	22.2	-999.9	0.0	1.8	96720.7	-999.9
Bamako	2019	10	31	304	22.4	32.5	21.6	-999.9	0.0	2.1	96837.7	-999.9
Bamako	2019	11	1	305	23.1	30.3	13.9	-999.9	0.0	1.7	96868.8	-999.9
Bamako	2019	11	2	306	22.7	33.2	18.3	-999.9	0.0	1.7	96717.1	-999.9
Bamako	2019	11	3	307	23.2	33.7	20.0	-999.9	0.0	1.5	96748.0	-999.9
Bamako	2019	11	4	308	22.5	33.8	20.0	-999.9	0.0	1.6	96885.1	-999.9
Bamako	2019	11	5	309	22.9	34.4	19.4	-999.9	0.0	1.5	96870.2	-999.9
Bamako	2019	11	6	310	22.6	33.6	18.8	-999.9	0.0	1.2	96704.8	-999.9
Bamako	2019	11	7	311	23.7	34.2	18.6	-999.9	0.0	1.2	96577.5	-999.9
Bamako	2019	11	8	312	23.0	34.3	19.3	-999.9	0.0	1.2	96622.0	-999.9
Bamako	2019	11	9	313	23.5	34.3	18.3	-999.9	0.0	1.3	96665.4	-999.9
Bamako	2019	11	10	314	24.3	34.0	17.9	-999.9	0.0	1.0	96670.5	-999.9
Bamako	2019	11	11	315	24.2	34.0	19.7	-999.9	0.0	1.5	96591.2	-999.9
Bamako	2019	11	12	316	21.6	33.8	20.6	-999.9	0.0	1.5	96542.1	-999.9
Bamako	2019	11	13	317	19.5	33.5	20.4	-999.9	0.0	1.6	96632.6	-999.9
Bamako	2019	11	14	318	19.6	34.2	21.5	-999.9	0.0	1.9	96672.7	-999.9
Bamako	2019	11	15	319	21.3	34.1	20.8	-999.9	0.0	1.0	96634.0	-999.9
Bamako	2019	11	16	320	22.0	34.5	19.4	-999.9	0.0	1.3	96603.4	-999.9
Bamako	2019	11	17	321	23.4	34.5	19.2	-999.9	0.0	2.1	96669.5	-999.9
Bamako	2019	11	18	322	22.9	34.6	19.7	-999.9	0.0	2.1	96701.8	-999.9
Bamako	2019	11	19	323	21.3	33.9	20.9	-999.9	0.0	2.0	96782.3	-999.9
Bamako	2019	11	20	324	20.7	33.2	21.1	-999.9	0.0	2.2	96835.8	-999.9
Bamako	2019	11	21	325	19.9	34.2	21.1	-999.9	0.0	2.0	96810.2	-999.9
Bamako	2019	11	22	326	19.5	34.5	20.9	-999.9	0.0	2.1	96799.6	-999.9
Bamako	2019	11	23	327	19.6	34.6	20.9	-999.9	0.0	2.1	96811.1	-999.9
Bamako	2019	11	24	328	20.5	34.6	20.8	-999.9	0.0	2.1	96798.3	-999.9
Bamako	2019	11	25	329	21.3	35.0	20.6	-999.9	0.0	2.2	96823.5	-999.9
Bamako	2019	11	26	330	21.8	35.6	20.8	-999.9	0.0	2.3	96799.5	-999.9
Bamako	2019	11	27	331	20.6	35.4	20.8	-999.9	0.0	2.1	96757.2	-999.9
Bamako	2019	11	28	332	19.0	35.2	20.7	-999.9	0.0	2.2	96784.4	-999.9
Bamako	2019	11	29	333	22.4	35.7	20.5	-999.9	0.0	2.5	96837.7	-999.9
Bamako	2019	11	30	334	22.4	35.4	20.7	-999.9	0.0	2.6	96901.9	-999.9
Bamako	2019	12	1	335	20.7	34.7	20.7	-999.9	0.0	2.5	96917.2	-999.9
Bamako	2019	12	2	336	19.5	34.0	20.5	-999.9	0.0	2.2	96851.2	-999.9
Bamako	2019	12	3	337	19.3	33.9	20.3	-999.9	0.0	2.0	96817.6	-999.9
Bamako	2019	12	4	338	19.0	34.0	20.3	-999.9	0.0	2.0	96806.1	-999.9
Bamako	2019	12	5	339	18.2	34.2	20.2	-999.9	0.0	1.6	96694.2	-999.9
Bamako	2019	12	6	340	18.1	34.4	20.1	-999.9	0.0	1.4	96682.0	-999.9
Bamako	2019	12	7	341	19.2	34.2	20.0	-999.9	0.0	2.0	96758.4	-999.9
Bamako	2019	12	8	342	18.1	33.5	18.7	-999.9	0.0	2.0	96781.8	-999.9
Bamako	2019	12	9	343	20.7	33.9	19.3	-999.9	0.0	2.1	96831.2	-999.9
Bamako	2019	12	10	344	18.6	33.4	20.5	-999.9	0.0	2.2	96805.3	-999.9
Bamako	2019	12	11	345	18.7	32.6	20.3	-999.9	0.0	2.4	96809.3	-999.9
Bamako	2019	12	12	346	18.3	32.5	18.4	-999.9	0.0	2.2	96833.1	-999.9
Bamako	2019	12	13	347	18.6	33.0	18.4	-999.9	0.0	2.3	96881.5	-999.9
Bamako	2019	12	14	348	15.9	33.4	20.2	-999.9	0.0	2.1	96902.2	-999.9
Bamako	2019	12	15	349	17.3	33.5	20.1	-999.9	0.0	2.1	96848.3	-999.9
Bamako	2019	12	16	350	16.7	34.0	20.0	-999.9	0.0	2.0	96725.9	-999.9
Bamako	2019	12	17	351	17.1	35.0	19.4	-999.9	0.0	2.0	96668.0	-999.9
Bamako	2019	12	18	352	19.2	34.1	20.1	-999.9	0.0	2.2	96828.8	-999.9
Bamako	2019	12	19	353	19.1	33.9	20.2	-999.9	0.0	2.2	96964.3	-999.9
Bamako	2019	12	20	354	18.8	33.0	20.1	-999.9	0.0	2.3	96924.4	-999.9
Bamako	2019	12	21	355	19.2	33.4	20.0	-999.9	0.0	2.4	96911.1	-999.9
Bamako	2019	12	22	356	19.3	33.6	20.1	-999.9	0.0	2.3	96959.5	-999.9
Bamako	2019	12	23	357	18.4	34.1	19.7	-999.9	0.0	2.3	96974.1	-999.9
Bamako	2019	12	24	358	19.1	32.9	20.5	-999.9	0.0	2.3	96952.7	-999.9
Bamako	2019	12	25	359	15.0	32.7	20.5	-999.9	0.0	2.0	96912.2	-999.9
Bamako	2019	12	26	360	14.9	32.4	19.7	-999.9	0.0	2.1	96847.7	-999.9
Bamako	2019	12	27	361	15.8	32.6	20.4	-999.9	0.0	1.8	96825.1	-999.9
Bamako	2019	12	28	362	16.2	33.0	20.2	-999.9	0.0	1.9	96823.5	-999.9
Bamako	2019	12	29	363	17.5	32.8	20.3	-999.9	0.0	2.2	96798.6	-999.9
Bamako	2019	12	30	364	17.7	32.3	20.5	-999.9	0.0	2.5	96834.9	-999.9
Bamako	2019	12	31	365	17.6	30.8	20.4	-999.9	0.0	2.8	96904.0	-999.9
