Bamako	1993	1	1	1	21.3	34.1	19.1	-999.9	0.0	2.6	96885.7	-999.9
Bamako	1993	1	2	2	23.3	33.0	19.5	-999.9	0.0	3.3	96883.3	-999.9
Bamako	1993	1	3	3	21.7	33.2	19.0	-999.9	0.0	3.1	96817.6	-999.9
Bamako	1993	1	4	4	22.0	31.1	16.1	-999.9	0.0	3.5	96873.5	-999.9
Bamako	1993	1	5	5	20.0	28.8	19.7	-999.9	0.0	3.2	97018.9	-999.9
Bamako	1993	1	6	6	17.8	26.2	18.1	-999.9	0.0	3.0	97101.4	-999.9
Bamako	1993	1	7	7	15.9	25.4	19.9	-999.9	0.0	2.9	97100.0	-999.9
Bamako	1993	1	8	8	15.0	25.6	20.2	-999.9	0.0	2.9	97114.7	-999.9
Bamako	1993	1	9	9	15.2	25.9	20.1	-999.9	0.0	2.8	97235.1	-999.9
Bamako	1993	1	10	10	15.0	26.3	20.2	-999.9	0.0	2.6	97356.7	-999.9
Bamako	1993	1	11	11	15.1	27.6	20.3	-999.9	0.0	2.1	97318.4	-999.9
Bamako	1993	1	12	12	15.7	28.3	20.5	-999.9	0.0	2.1	97081.1	-999.9
Bamako	1993	1	13	13	15.9	30.0	20.3	-999.9	0.0	2.1	96988.3	-999.9
Bamako	1993	1	14	14	17.6	29.8	20.4	-999.9	0.0	2.5	97035.4	-999.9
Bamako	1993	1	15	15	17.1	30.1	20.5	-999.9	0.0	2.4	97083.7	-999.9
Bamako	1993	1	16	16	17.4	30.0	20.4	-999.9	0.0	2.3	97153.8	-999.9
Bamako	1993	1	17	17	17.2	30.3	20.7	-999.9	0.0	2.3	97152.9	-999.9
Bamako	1993	1	18	18	17.5	31.1	20.7	-999.9	0.0	2.2	97014.8	-999.9
Bamako	1993	1	19	19	18.2	32.0	20.8	-999.9	0.0	2.5	97001.6	-999.9
Bamako	1993	1	20	20	18.3	33.1	20.5	-999.9	0.0	2.3	96975.4	-999.9
Bamako	1993	1	21	21	18.9	33.0	20.7	-999.9	0.0	2.3	96966.0	-999.9
Bamako	1993	1	22	22	19.0	32.5	20.7	-999.9	0.0	2.6	96980.3	-999.9
Bamako	1993	1	23	23	17.0	32.0	21.2	-999.9	0.0	2.2	96937.2	-999.9
Bamako	1993	1	24	24	17.8	32.4	21.2	-999.9	0.0	2.3	96967.0	-999.9
Bamako	1993	1	25	25	18.1	32.7	21.4	-999.9	0.0	2.6	96975.9	-999.9
Bamako	1993	1	26	26	18.2	32.2	21.4	-999.9	0.0	2.6	97006.2	-999.9
Bamako	1993	1	27	27	18.4	30.2	21.6	-999.9	0.0	2.9	97120.4	-999.9
Bamako	1993	1	28	28	16.6	28.5	21.6	-999.9	0.0	2.6	97095.2	-999.9
Bamako	1993	1	29	29	15.3	29.0	21.6	-999.9	0.0	2.1	97018.5	-999.9
Bamako	1993	1	30	30	15.0	32.4	21.5	-999.9	0.0	1.6	96807.7	-999.9
Bamako	1993	1	31	31	18.0	33.5	21.3	-999.9	0.0	1.6	96775.9	-999.9
Bamako	1993	2	1	32	19.5	34.1	20.9	-999.9	0.0	2.3	96806.8	-999.9
Bamako	1993	2	2	33	22.1	32.8	18.6	-999.9	0.0	3.1	96933.5	-999.9
Bamako	1993	2	3	34	19.7	29.1	14.8	-999.9	0.0	2.2	97004.8	-999.9
Bamako	1993	2	4	35	18.9	34.2	21.0	-999.9	0.0	2.0	96941.6	-999.9
Bamako	1993	2	5	36	20.6	34.7	21.0	-999.9	0.0	2.2	96908.4	-999.9
Bamako	1993	2	6	37	19.9	35.4	20.8	-999.9	0.0	1.9	96838.4	-999.9
Bamako	1993	2	7	38	22.2	35.2	19.7	-999.9	0.0	2.1	96842.6	-999.9
Bamako	1993	2	8	39	20.6	35.2	21.9	-999.9	0.0	2.5	96959.1	-999.9
Bamako	1993	2	9	40	19.7	34.5	22.3	-999.9	0.0	2.7	97012.2	-999.9
Bamako	1993	2	10	41	19.5	34.7	22.4	-999.9	0.0	2.5	96894.7	-999.9
Bamako	1993	2	11	42	19.0	34.8	22.3	-999.9	0.0	2.5	96718.5	-999.9
Bamako	1993	2	12	43	19.3	35.4	22.3	-999.9	0.0	2.5	96612.7	-999.9
Bamako	1993	2	13	44	21.2	35.1	22.3	-999.9	0.0	2.5	96661.9	-999.9
Bamako	1993	2	14	45	20.3	33.8	21.9	-999.9	0.0	2.3	96642.7	-999.9
Bamako	1993	2	15	46	19.9	33.7	22.4	-999.9	0.0	2.4	96753.9	-999.9
Bamako	1993	2	16	47	19.9	34.2	22.5	-999.9	0.0	2.4	96687.6	-999.9
Bamako	1993	2	17	48	19.8	34.8	22.7	-999.9	0.0	2.4	96557.4	-999.9
Bamako	1993	2	18	49	20.7	35.4	22.7	-999.9	0.0	2.5	96513.7	-999.9
Bamako	1993	2	19	50	19.9	36.2	22.7	-999.9	0.0	2.3	96653.3	-999.9
Bamako	1993	2	20	51	20.3	35.9	22.9	-999.9	0.0	2.7	96765.6	-999.9
Bamako	1993	2	21	52	21.8	35.3	22.1	-999.9	0.0	2.5	96784.4	-999.9
Bamako	1993	2	22	53	21.0	35.3	22.0	-999.9	0.0	2.3	96610.1	-999.9
Bamako	1993	2	23	54	21.6	33.7	22.1	-999.9	0.0	1.6	96637.9	-999.9
Bamako	1993	2	24	55	21.7	33.4	22.6	-999.9	0.0	1.9	96687.2	-999.9
Bamako	1993	2	25	56	22.9	32.4	17.6	-999.9	0.0	1.7	96856.9	-999.9
Bamako	1993	2	26	57	23.5	34.3	19.6	-999.9	0.0	2.0	96904.0	-999.9
Bamako	1993	2	27	58	22.0	35.7	23.2	-999.9	0.0	2.1	96668.1	-999.9
Bamako	1993	2	28	59	21.1	35.3	23.3	-999.9	0.0	1.6	96480.5	-999.9
Bamako	1993	3	1	60	20.9	35.5	23.4	-999.9	0.0	1.5	96479.0	-999.9
Bamako	1993	3	2	61	22.9	36.1	21.8	-999.9	0.0	1.8	96577.7	-999.9
Bamako	1993	3	3	62	24.1	33.5	19.1	-999.9	0.0	1.9	96837.7	-999.9
Bamako	1993	3	4	63	25.2	36.4	21.5	-999.9	0.0	1.5	96691.0	-999.9
Bamako	1993	3	5	64	23.6	39.0	23.7	-999.9	0.0	2.5	96526.1	-999.9
Bamako	1993	3	6	65	25.8	39.3	24.0	-999.9	0.0	2.9	96542.6	-999.9
Bamako	1993	3	7	66	24.0	38.0	23.9	-999.9	1.3	2.1	96587.6	-999.9
Bamako	1993	3	8	67	22.8	37.3	24.1	-999.9	0.0	1.8	96574.6	-999.9
Bamako	1993	3	9	68	22.1	37.0	24.1	-999.9	0.0	2.0	96677.5	-999.9
Bamako	1993	3	10	69	23.8	37.0	23.1	-999.9	0.0	1.7	96733.9	-999.9
Bamako	1993	3	11	70	25.0	34.9	20.8	-999.9	0.0	2.0	96817.1	-999.9
Bamako	1993	3	12	71	24.8	36.3	22.1	-999.9	0.0	1.7	96767.6	-999.9
Bamako	1993	3	13	72	25.5	37.4	23.9	-999.9	0.0	2.0	96737.7	-999.9
Bamako	1993	3	14	73	23.4	37.2	24.5	-999.9	0.0	2.4	96694.3	-999.9
Bamako	1993	3	15	74	23.8	37.5	24.1	-999.9	0.0	1.7	96573.4	-999.9
Bamako	1993	3	16	75	26.6	35.6	15.1	-999.9	1.4	2.1	96676.9	-999.9
Bamako	1993	3	17	76	26.1	37.5	19.8	-999.9	0.0	1.9	96648.1	-999.9
Bamako	1993	3	18	77	26.0	39.4	24.7	-999.9	0.0	2.0	96403.4	-999.9
Bamako	1993	3	19	78	27.1	38.1	22.9	-999.9	0.0	2.0	96553.2	-999.9
Bamako	1993	3	20	79	23.1	36.2	25.8	-999.9	0.0	3.1	96831.2	-999.9
Bamako	1993	3	21	80	21.2	34.7	25.9	-999.9	0.0	2.6	96982.7	-999.9
Bamako	1993	3	22	81	20.3	34.7	26.1	-999.9	0.0	2.1	96963.7	-999.9
Bamako	1993	3	23	82	20.0	35.3	26.0	-999.9	0.0	2.3	96870.9	-999.9
Bamako	1993	3	24	83	19.5	35.8	26.1	-999.9	0.0	2.4	96793.1	-999.9
Bamako	1993	3	25	84	19.3	36.9	26.0	-999.9	0.0	2.0	96708.3	-999.9
Bamako	1993	3	26	85	22.3	37.2	25.6	-999.9	0.0	1.2	96641.0	-999.9
Bamako	1993	3	27	86	21.2	38.2	25.6	-999.9	0.0	1.9	96516.2	-999.9
Bamako	1993	3	28	87	23.9	38.2	25.8	-999.9	0.0	2.4	96519.4	-999.9
Bamako	1993	3	29	88	24.2	37.6	23.6	-999.9	0.0	1.9	96515.0	-999.9
Bamako	1993	3	30	89	27.0	37.7	22.6	-999.9	0.0	1.7	96525.4	-999.9
Bamako	1993	3	31	90	26.2	37.5	22.3	-999.9	0.0	1.7	96541.9	-999.9
Bamako	1993	4	1	91	26.7	37.3	21.2	-999.9	0.0	2.1	96481.6	-999.9
Bamako	1993	4	2	92	27.2	37.7	20.6	-999.9	0.0	2.5	96429.7	-999.9
Bamako	1993	4	3	93	26.7	37.2	22.5	-999.9	0.0	1.9	96403.8	-999.9
Bamako	1993	4	4	94	25.7	36.5	21.4	-999.9	0.0	1.7	96530.8	-999.9
Bamako	1993	4	5	95	22.2	38.1	25.2	-999.9	0.0	1.9	96629.9	-999.9
Bamako	1993	4	6	96	23.1	39.3	25.8	-999.9	0.0	2.3	96564.3	-999.9
Bamako	1993	4	7	97	22.7	38.6	26.0	-999.9	0.0	1.4	96531.3	-999.9
Bamako	1993	4	8	98	21.2	37.6	26.6	-999.9	0.0	1.6	96457.1	-999.9
Bamako	1993	4	9	99	22.6	38.1	26.4	-999.9	0.0	1.8	96479.2	-999.9
Bamako	1993	4	10	100	26.0	37.5	21.6	-999.9	2.9	2.7	96655.1	-999.9
Bamako	1993	4	11	101	27.0	38.0	20.4	-999.9	0.4	1.6	96624.6	-999.9
Bamako	1993	4	12	102	28.4	39.2	22.5	-999.9	0.4	1.9	96433.4	-999.9
Bamako	1993	4	13	103	28.1	39.1	22.6	-999.9	0.4	2.2	96456.0	-999.9
Bamako	1993	4	14	104	28.0	38.5	23.7	-999.9	0.4	1.5	96532.1	-999.9
Bamako	1993	4	15	105	27.7	37.3	22.4	-999.9	0.4	1.9	96733.5	-999.9
Bamako	1993	4	16	106	25.8	37.5	23.9	-999.9	0.0	2.0	96798.1	-999.9
Bamako	1993	4	17	107	25.8	39.1	24.5	-999.9	0.0	1.7	96487.1	-999.9
Bamako	1993	4	18	108	26.3	39.3	24.7	-999.9	0.0	1.7	96360.8	-999.9
Bamako	1993	4	19	109	27.9	39.0	23.5	-999.9	0.0	1.7	96377.9	-999.9
Bamako	1993	4	20	110	28.4	38.6	22.0	-999.9	0.9	1.9	96402.5	-999.9
Bamako	1993	4	21	111	27.8	38.4	23.4	-999.9	0.8	2.1	96497.3	-999.9
Bamako	1993	4	22	112	28.2	38.3	22.3	-999.9	0.0	1.9	96512.3	-999.9
Bamako	1993	4	23	113	27.1	39.6	24.4	-999.9	0.0	2.3	96533.6	-999.9
Bamako	1993	4	24	114	27.4	40.1	24.9	-999.9	0.0	2.3	96419.2	-999.9
Bamako	1993	4	25	115	29.0	39.8	24.6	-999.9	0.0	2.0	96325.4	-999.9
Bamako	1993	4	26	116	29.9	37.8	21.4	-999.9	0.0	2.4	96432.2	-999.9
Bamako	1993	4	27	117	28.2	38.2	23.2	-999.9	0.0	1.9	96494.7	-999.9
Bamako	1993	4	28	118	27.7	36.4	21.3	-999.9	0.0	1.9	96575.2	-999.9
Bamako	1993	4	29	119	26.4	35.5	21.3	-999.9	6.3	1.3	96585.4	-999.9
Bamako	1993	4	30	120	26.7	37.9	22.1	-999.9	0.0	1.9	96584.6	-999.9
Bamako	1993	5	1	121	26.8	40.4	25.5	-999.9	0.0	2.8	96485.0	-999.9
Bamako	1993	5	2	122	28.5	38.7	22.8	-999.9	1.9	2.0	96508.5	-999.9
Bamako	1993	5	3	123	28.6	38.7	23.3	-999.9	0.0	1.9	96533.9	-999.9
Bamako	1993	5	4	124	27.5	38.2	22.6	-999.9	3.8	1.6	96632.0	-999.9
Bamako	1993	5	5	125	26.5	39.6	25.2	-999.9	0.0	1.9	96617.3	-999.9
Bamako	1993	5	6	126	27.6	40.1	25.3	-999.9	0.0	2.0	96481.0	-999.9
Bamako	1993	5	7	127	27.8	39.0	23.6	-999.9	0.0	1.6	96488.8	-999.9
Bamako	1993	5	8	128	28.8	39.0	23.9	-999.9	0.0	1.8	96458.3	-999.9
Bamako	1993	5	9	129	28.0	41.3	25.5	-999.9	0.0	2.0	96349.7	-999.9
Bamako	1993	5	10	130	28.4	40.0	24.0	-999.9	0.0	2.4	96356.0	-999.9
Bamako	1993	5	11	131	29.0	39.4	22.3	-999.9	0.0	2.1	96402.2	-999.9
Bamako	1993	5	12	132	29.0	40.1	23.4	-999.9	2.6	2.0	96389.0	-999.9
Bamako	1993	5	13	133	27.2	37.8	19.7	-999.9	7.9	2.5	96405.3	-999.9
Bamako	1993	5	14	134	28.1	37.7	20.8	-999.9	3.0	2.1	96465.5	-999.9
Bamako	1993	5	15	135	25.7	36.3	21.8	-999.9	5.3	1.6	96707.8	-999.9
Bamako	1993	5	16	136	26.6	40.4	24.2	-999.9	0.0	2.3	96625.4	-999.9
Bamako	1993	5	17	137	27.7	39.3	24.4	-999.9	0.0	2.6	96596.2	-999.9
Bamako	1993	5	18	138	28.2	38.7	23.2	-999.9	2.6	2.8	96547.8	-999.9
Bamako	1993	5	19	139	26.5	39.4	24.2	-999.9	2.6	2.4	96428.2	-999.9
Bamako	1993	5	20	140	27.1	38.1	23.2	-999.9	0.0	2.4	96535.3	-999.9
Bamako	1993	5	21	141	27.4	37.5	23.5	-999.9	8.7	2.1	96636.5	-999.9
Bamako	1993	5	22	142	26.0	37.3	23.9	-999.9	4.3	2.2	96638.0	-999.9
Bamako	1993	5	23	143	27.5	37.4	22.4	-999.9	0.0	2.0	96578.9	-999.9
Bamako	1993	5	24	144	25.9	37.8	22.8	-999.9	0.0	2.2	96561.6	-999.9
Bamako	1993	5	25	145	26.9	38.6	24.2	-999.9	0.0	2.3	96519.7	-999.9
Bamako	1993	5	26	146	27.1	38.8	23.9	-999.9	0.0	2.1	96511.1	-999.9
Bamako	1993	5	27	147	27.5	39.1	23.4	-999.9	0.0	2.0	96567.1	-999.9
Bamako	1993	5	28	148	26.7	40.1	24.8	-999.9	0.0	1.8	96628.1	-999.9
Bamako	1993	5	29	149	27.7	38.3	23.3	-999.9	0.0	2.2	96622.6	-999.9
Bamako	1993	5	30	150	28.8	38.6	23.2	-999.9	0.0	2.4	96590.6	-999.9
Bamako	1993	5	31	151	28.7	36.6	23.5	-999.9	0.0	3.0	96656.4	-999.9
Bamako	1993	6	1	152	27.1	36.6	22.5	-999.9	14.3	2.4	96804.7	-999.9
Bamako	1993	6	2	153	26.1	36.5	22.7	-999.9	0.0	1.8	96880.6	-999.9
Bamako	1993	6	3	154	25.2	34.1	22.2	-999.9	0.0	1.9	96881.5	-999.9
Bamako	1993	6	4	155	24.0	34.9	22.4	-999.9	7.1	1.9	96860.7	-999.9
Bamako	1993	6	5	156	24.0	32.9	22.8	-999.9	7.1	1.8	96902.3	-999.9
Bamako	1993	6	6	157	24.5	31.7	18.3	-999.9	7.8	1.4	96945.7	-999.9
Bamako	1993	6	7	158	24.0	32.5	21.4	-999.9	2.6	1.6	96923.5	-999.9
Bamako	1993	6	8	159	24.7	32.6	20.7	-999.9	5.2	1.2	96842.6	-999.9
Bamako	1993	6	9	160	24.3	32.0	21.2	-999.9	5.2	1.4	96851.6	-999.9
Bamako	1993	6	10	161	25.6	33.8	22.4	-999.9	2.6	1.9	96846.3	-999.9
Bamako	1993	6	11	162	24.6	34.2	23.5	-999.9	0.0	1.7	96871.3	-999.9
Bamako	1993	6	12	163	26.2	36.3	22.6	-999.9	7.4	1.7	96694.2	-999.9
Bamako	1993	6	13	164	26.1	34.8	23.1	-999.9	0.0	2.6	96572.1	-999.9
Bamako	1993	6	14	165	26.6	35.2	23.1	-999.9	0.0	2.8	96609.3	-999.9
Bamako	1993	6	15	166	25.0	33.1	21.2	-999.9	0.0	1.9	96872.4	-999.9
Bamako	1993	6	16	167	24.6	33.4	23.0	-999.9	4.2	1.4	96930.3	-999.9
Bamako	1993	6	17	168	25.6	34.7	23.0	-999.9	0.0	1.9	96882.1	-999.9
Bamako	1993	6	18	169	25.7	35.9	24.0	-999.9	0.0	1.7	96872.0	-999.9
Bamako	1993	6	19	170	24.8	33.0	21.3	-999.9	0.0	1.2	96987.7	-999.9
Bamako	1993	6	20	171	24.8	35.9	24.0	-999.9	0.0	1.9	96895.3	-999.9
Bamako	1993	6	21	172	25.6	35.5	24.1	-999.9	0.0	2.6	96760.5	-999.9
Bamako	1993	6	22	173	24.1	35.2	23.6	-999.9	19.6	3.0	96802.8	-999.9
Bamako	1993	6	23	174	25.4	31.7	20.6	-999.9	0.0	2.1	96973.5	-999.9
Bamako	1993	6	24	175	25.5	32.5	20.8	-999.9	13.0	1.6	96966.3	-999.9
Bamako	1993	6	25	176	24.3	33.5	22.4	-999.9	0.0	1.6	96842.4	-999.9
Bamako	1993	6	26	177	24.9	33.1	22.1	-999.9	7.3	1.4	96799.4	-999.9
Bamako	1993	6	27	178	24.2	33.3	23.5	-999.9	0.0	2.0	96797.3	-999.9
Bamako	1993	6	28	179	24.2	32.7	21.3	-999.9	0.0	1.6	96870.3	-999.9
Bamako	1993	6	29	180	23.3	31.1	21.2	-999.9	14.6	1.3	96948.6	-999.9
Bamako	1993	6	30	181	23.3	31.4	21.8	-999.9	0.0	1.3	96936.2	-999.9
Bamako	1993	7	1	182	24.2	32.0	23.6	-999.9	0.0	1.8	96824.9	-999.9
Bamako	1993	7	2	183	23.8	32.2	21.9	-999.9	14.4	2.0	96790.4	-999.9
Bamako	1993	7	3	184	23.8	30.3	16.4	-999.9	28.8	1.4	96837.2	-999.9
Bamako	1993	7	4	185	23.6	32.6	21.8	-999.9	0.0	1.4	96856.6	-999.9
Bamako	1993	7	5	186	24.0	32.8	24.0	-999.9	0.0	1.8	96882.1	-999.9
Bamako	1993	7	6	187	24.7	33.0	21.5	-999.9	0.0	1.8	96765.5	-999.9
Bamako	1993	7	7	188	24.3	28.9	12.9	-999.9	8.8	1.7	96768.0	-999.9
Bamako	1993	7	8	189	22.5	30.8	21.6	-999.9	0.0	1.8	96848.7	-999.9
Bamako	1993	7	9	190	24.4	30.3	17.9	-999.9	17.5	2.3	96956.8	-999.9
Bamako	1993	7	10	191	23.9	28.8	15.2	-999.9	0.0	2.1	96899.3	-999.9
Bamako	1993	7	11	192	22.7	29.6	20.4	-999.9	0.0	1.6	96829.0	-999.9
Bamako	1993	7	12	193	22.7	30.2	16.2	-999.9	0.0	1.5	96944.7	-999.9
Bamako	1993	7	13	194	24.0	30.8	18.6	-999.9	5.4	1.6	96978.2	-999.9
Bamako	1993	7	14	195	22.1	29.9	18.7	-999.9	0.0	2.7	96816.6	-999.9
Bamako	1993	7	15	196	22.8	28.4	12.4	-999.9	16.3	1.9	96785.4	-999.9
Bamako	1993	7	16	197	22.5	27.5	13.9	-999.9	0.0	1.5	96958.4	-999.9
Bamako	1993	7	17	198	22.4	30.1	22.5	-999.9	18.4	1.1	97006.3	-999.9
Bamako	1993	7	18	199	23.1	31.0	22.4	-999.9	0.0	1.6	97025.7	-999.9
Bamako	1993	7	19	200	23.7	30.6	21.9	-999.9	0.0	1.8	96896.0	-999.9
Bamako	1993	7	20	201	22.8	29.6	18.9	-999.9	9.2	1.8	96770.4	-999.9
Bamako	1993	7	21	202	23.6	29.7	20.4	-999.9	13.4	1.6	96888.5	-999.9
Bamako	1993	7	22	203	23.1	29.9	21.6	-999.9	0.0	1.7	97011.9	-999.9
Bamako	1993	7	23	204	23.2	29.5	22.2	-999.9	1.3	1.6	97085.2	-999.9
Bamako	1993	7	24	205	22.5	29.7	20.4	-999.9	3.5	1.3	97110.8	-999.9
Bamako	1993	7	25	206	23.3	29.1	17.0	-999.9	9.9	1.3	96944.7	-999.9
Bamako	1993	7	26	207	22.3	29.9	19.1	-999.9	26.8	1.1	96875.4	-999.9
Bamako	1993	7	27	208	23.0	29.0	18.7	-999.9	0.0	1.5	96901.6	-999.9
Bamako	1993	7	28	209	22.2	29.0	17.5	-999.9	0.0	1.8	96998.6	-999.9
Bamako	1993	7	29	210	23.1	30.3	21.3	-999.9	6.7	1.5	97034.8	-999.9
Bamako	1993	7	30	211	22.4	30.0	20.5	-999.9	2.4	1.1	97069.5	-999.9
Bamako	1993	7	31	212	23.0	30.4	22.1	-999.9	0.0	1.4	96988.9	-999.9
Bamako	1993	8	1	213	23.0	30.0	21.4	-999.9	7.1	1.4	96971.9	-999.9
Bamako	1993	8	2	214	22.6	30.0	20.8	-999.9	14.1	1.4	97043.2	-999.9
Bamako	1993	8	3	215	23.7	30.4	20.2	-999.9	7.1	1.1	97066.3	-999.9
Bamako	1993	8	4	216	23.0	29.8	19.6	-999.9	0.0	1.1	97039.4	-999.9
Bamako	1993	8	5	217	22.8	30.5	22.8	-999.9	0.0	1.4	97037.0	-999.9
Bamako	1993	8	6	218	23.0	30.6	20.7	-999.9	18.9	1.3	96930.3	-999.9
Bamako	1993	8	7	219	22.6	31.2	22.9	-999.9	0.0	1.5	96881.0	-999.9
Bamako	1993	8	8	220	23.0	28.9	14.6	-999.9	9.5	1.2	96861.1	-999.9
Bamako	1993	8	9	221	23.3	30.9	20.6	-999.9	0.0	1.3	96794.2	-999.9
Bamako	1993	8	10	222	21.9	28.7	14.2	-999.9	18.9	1.2	96945.2	-999.9
Bamako	1993	8	11	223	21.5	28.2	15.8	-999.9	12.5	0.9	97036.1	-999.9
Bamako	1993	8	12	224	21.7	30.0	21.7	-999.9	1.6	0.8	97026.6	-999.9
Bamako	1993	8	13	225	23.0	31.7	22.6	-999.9	0.0	2.0	96877.4	-999.9
Bamako	1993	8	14	226	22.9	30.8	19.7	-999.9	0.0	2.2	96788.2	-999.9
Bamako	1993	8	15	227	23.6	27.5	12.6	-999.9	27.9	1.7	96865.0	-999.9
Bamako	1993	8	16	228	22.4	29.5	21.0	-999.9	0.0	1.3	97007.8	-999.9
Bamako	1993	8	17	229	22.1	29.2	14.4	-999.9	35.6	1.6	97067.3	-999.9
Bamako	1993	8	18	230	22.6	29.6	19.0	-999.9	0.0	1.7	96977.6	-999.9
Bamako	1993	8	19	231	22.9	28.3	10.4	-999.9	35.6	1.3	96934.1	-999.9
Bamako	1993	8	20	232	21.6	29.3	17.1	-999.9	0.0	1.2	97035.9	-999.9
Bamako	1993	8	21	233	22.0	30.3	22.6	-999.9	0.0	1.1	96979.5	-999.9
Bamako	1993	8	22	234	22.6	29.7	21.6	-999.9	0.0	1.7	96918.0	-999.9
Bamako	1993	8	23	235	22.0	28.7	14.8	-999.9	28.1	1.2	96908.1	-999.9
Bamako	1993	8	24	236	22.4	27.8	15.1	-999.9	14.1	1.6	96995.4	-999.9
Bamako	1993	8	25	237	21.7	28.4	18.4	-999.9	0.0	1.8	97114.2	-999.9
Bamako	1993	8	26	238	22.2	25.9	10.6	-999.9	12.3	1.2	97084.5	-999.9
Bamako	1993	8	27	239	21.5	29.9	20.5	-999.9	0.0	1.0	96940.0	-999.9
Bamako	1993	8	28	240	22.4	30.2	19.6	-999.9	24.6	1.7	96809.8	-999.9
Bamako	1993	8	29	241	21.9	29.9	21.4	-999.9	0.0	1.9	96754.2	-999.9
Bamako	1993	8	30	242	21.8	28.3	17.2	-999.9	0.0	2.1	96717.9	-999.9
Bamako	1993	8	31	243	22.1	27.5	13.6	-999.9	0.0	1.1	96786.8	-999.9
Bamako	1993	9	1	244	22.5	28.1	15.5	-999.9	24.2	1.1	96909.3	-999.9
Bamako	1993	9	2	245	21.9	25.9	11.8	-999.9	16.1	1.6	97011.9	-999.9
Bamako	1993	9	3	246	21.9	25.4	10.6	-999.9	8.1	1.7	97132.7	-999.9
Bamako	1993	9	4	247	20.4	29.2	22.7	-999.9	0.0	2.2	97051.8	-999.9
Bamako	1993	9	5	248	22.8	31.6	24.3	-999.9	0.0	2.2	96852.0	-999.9
Bamako	1993	9	6	249	22.6	29.3	19.2	-999.9	2.9	1.4	96814.6	-999.9
Bamako	1993	9	7	250	22.1	27.7	14.9	-999.9	3.2	1.8	97037.8	-999.9
Bamako	1993	9	8	251	21.8	30.6	24.3	-999.9	0.0	1.3	96962.6	-999.9
Bamako	1993	9	9	252	22.5	29.9	18.1	-999.9	1.8	1.2	96856.8	-999.9
Bamako	1993	9	10	253	22.8	31.0	23.4	-999.9	0.0	1.5	96859.6	-999.9
Bamako	1993	9	11	254	22.5	29.4	17.8	-999.9	4.9	1.5	96906.6	-999.9
Bamako	1993	9	12	255	22.2	29.8	20.0	-999.9	14.8	1.4	96937.1	-999.9
Bamako	1993	9	13	256	23.2	29.7	20.3	-999.9	0.0	1.5	96909.1	-999.9
Bamako	1993	9	14	257	22.1	29.6	19.6	-999.9	4.9	1.1	96945.3	-999.9
Bamako	1993	9	15	258	23.1	29.9	21.9	-999.9	0.0	1.1	97010.4	-999.9
Bamako	1993	9	16	259	22.8	30.1	19.8	-999.9	5.4	1.0	97004.5	-999.9
Bamako	1993	9	17	260	22.7	30.3	21.7	-999.9	0.0	1.4	96797.6	-999.9
Bamako	1993	9	18	261	23.2	31.0	22.4	-999.9	10.8	1.4	96703.8	-999.9
Bamako	1993	9	19	262	23.1	30.4	21.4	-999.9	0.0	1.1	96716.8	-999.9
Bamako	1993	9	20	263	22.6	30.1	17.2	-999.9	5.4	1.1	96697.8	-999.9
Bamako	1993	9	21	264	22.1	28.8	18.7	-999.9	0.0	1.5	96812.3	-999.9
Bamako	1993	9	22	265	22.7	29.5	22.3	-999.9	4.3	1.1	96850.6	-999.9
Bamako	1993	9	23	266	22.0	29.5	17.2	-999.9	4.3	1.4	96891.6	-999.9
Bamako	1993	9	24	267	23.8	31.6	22.4	-999.9	0.0	2.2	96700.6	-999.9
Bamako	1993	9	25	268	22.7	28.6	16.5	-999.9	8.7	1.7	96764.8	-999.9
Bamako	1993	9	26	269	22.6	28.7	17.6	-999.9	0.0	1.6	97007.6	-999.9
Bamako	1993	9	27	270	22.6	29.9	20.0	-999.9	17.3	1.5	97007.3	-999.9
Bamako	1993	9	28	271	22.0	30.2	21.1	-999.9	0.0	1.4	96906.3	-999.9
Bamako	1993	9	29	272	23.3	30.7	21.2	-999.9	0.0	1.7	96806.7	-999.9
Bamako	1993	9	30	273	23.3	29.8	19.4	-999.9	0.0	1.4	96759.8	-999.9
Bamako	1993	10	1	274	23.7	30.5	21.4	-999.9	2.5	1.4	96764.7	-999.9
Bamako	1993	10	2	275	22.6	30.6	22.0	-999.9	0.0	1.3	96825.2	-999.9
Bamako	1993	10	3	276	23.1	31.7	23.1	-999.9	0.0	1.2	96827.6	-999.9
Bamako	1993	10	4	277	24.3	33.2	21.9	-999.9	0.0	1.7	96771.7	-999.9
Bamako	1993	10	5	278	23.7	30.4	20.7	-999.9	0.0	1.7	96905.5	-999.9
Bamako	1993	10	6	279	23.2	31.6	21.0	-999.9	3.5	1.6	96929.6	-999.9
Bamako	1993	10	7	280	23.2	30.6	18.5	-999.9	3.5	1.0	96892.9	-999.9
Bamako	1993	10	8	281	23.9	31.3	20.5	-999.9	7.0	1.3	96868.8	-999.9
Bamako	1993	10	9	282	24.2	32.5	20.3	-999.9	0.0	1.7	96913.2	-999.9
Bamako	1993	10	10	283	23.6	29.1	14.9	-999.9	0.0	1.5	96991.9	-999.9
Bamako	1993	10	11	284	23.0	30.2	20.0	-999.9	0.0	1.3	96971.7	-999.9
Bamako	1993	10	12	285	24.0	31.5	20.2	-999.9	0.0	1.4	96840.4	-999.9
Bamako	1993	10	13	286	24.0	32.4	16.0	-999.9	2.4	1.0	96792.5	-999.9
Bamako	1993	10	14	287	23.5	31.9	20.7	-999.9	4.9	1.2	96804.8	-999.9
Bamako	1993	10	15	288	24.2	31.4	19.9	-999.9	2.4	0.9	96732.3	-999.9
Bamako	1993	10	16	289	24.0	31.4	18.9	-999.9	11.4	1.3	96642.9	-999.9
Bamako	1993	10	17	290	23.3	30.3	18.8	-999.9	5.3	1.4	96670.5	-999.9
Bamako	1993	10	18	291	23.9	31.2	19.6	-999.9	0.0	1.2	96761.8	-999.9
Bamako	1993	10	19	292	22.8	30.2	19.1	-999.9	0.0	1.5	96779.1	-999.9
Bamako	1993	10	20	293	22.9	31.7	20.0	-999.9	0.0	1.3	96742.8	-999.9
Bamako	1993	10	21	294	21.5	34.5	23.1	-999.9	0.0	1.4	96662.2	-999.9
Bamako	1993	10	22	295	20.7	33.1	22.9	-999.9	0.0	1.2	96668.9	-999.9
Bamako	1993	10	23	296	22.3	33.1	21.4	-999.9	0.0	1.4	96726.4	-999.9
Bamako	1993	10	24	297	22.9	32.1	19.9	-999.9	0.0	1.5	96763.1	-999.9
Bamako	1993	10	25	298	23.3	31.5	18.7	-999.9	0.0	1.4	96778.3	-999.9
Bamako	1993	10	26	299	23.7	32.5	20.6	-999.9	0.0	1.2	96739.9	-999.9
Bamako	1993	10	27	300	23.6	31.9	18.4	-999.9	9.0	1.6	96783.8	-999.9
Bamako	1993	10	28	301	23.8	33.5	17.2	-999.9	0.0	2.1	96737.7	-999.9
Bamako	1993	10	29	302	22.4	32.9	19.1	-999.9	9.0	1.5	96749.7	-999.9
Bamako	1993	10	30	303	24.3	32.9	18.7	-999.9	0.0	1.7	96765.6	-999.9
Bamako	1993	10	31	304	24.0	33.5	18.4	-999.9	0.0	1.4	96811.2	-999.9
Bamako	1993	11	1	305	24.0	34.2	17.4	-999.9	0.0	1.3	96879.6	-999.9
Bamako	1993	11	2	306	22.8	34.6	19.9	-999.9	0.0	1.5	96879.6	-999.9
Bamako	1993	11	3	307	24.2	33.0	18.6	-999.9	2.2	1.4	96954.7	-999.9
Bamako	1993	11	4	308	23.3	33.5	18.1	-999.9	0.0	1.3	96846.8	-999.9
Bamako	1993	11	5	309	24.2	34.1	17.6	-999.9	0.0	1.2	96714.5	-999.9
Bamako	1993	11	6	310	24.8	32.7	16.3	-999.9	0.7	1.6	96638.5	-999.9
Bamako	1993	11	7	311	24.7	32.1	15.3	-999.9	0.0	1.3	96675.8	-999.9
Bamako	1993	11	8	312	22.5	35.6	20.7	-999.9	0.0	1.9	96647.3	-999.9
Bamako	1993	11	9	313	21.4	34.8	20.7	-999.9	0.0	2.1	96660.6	-999.9
Bamako	1993	11	10	314	23.8	33.0	17.6	-999.9	0.0	1.4	96677.2	-999.9
Bamako	1993	11	11	315	23.8	34.6	17.7	-999.9	0.0	1.5	96660.1	-999.9
Bamako	1993	11	12	316	23.5	34.5	20.6	-999.9	0.0	2.2	96658.4	-999.9
Bamako	1993	11	13	317	22.9	33.5	20.8	-999.9	0.0	1.8	96622.3	-999.9
Bamako	1993	11	14	318	21.7	34.0	20.6	-999.9	0.0	1.7	96636.9	-999.9
Bamako	1993	11	15	319	22.8	35.0	20.6	-999.9	0.0	2.0	96635.1	-999.9
Bamako	1993	11	16	320	22.6	34.6	20.5	-999.9	0.0	2.0	96553.8	-999.9
Bamako	1993	11	17	321	22.9	33.9	18.7	-999.9	0.0	1.6	96488.4	-999.9
Bamako	1993	11	18	322	24.2	33.3	16.5	-999.9	0.0	1.6	96483.4	-999.9
Bamako	1993	11	19	323	23.6	32.7	14.0	-999.9	0.0	1.5	96499.2	-999.9
Bamako	1993	11	20	324	21.5	35.0	20.4	-999.9	0.0	1.2	96428.8	-999.9
Bamako	1993	11	21	325	23.1	34.2	18.0	-999.9	0.0	1.3	96584.5	-999.9
Bamako	1993	11	22	326	23.0	34.0	18.1	-999.9	0.0	1.5	96750.3	-999.9
Bamako	1993	11	23	327	21.2	35.2	20.3	-999.9	0.0	1.6	96687.7	-999.9
Bamako	1993	11	24	328	20.3	35.3	20.4	-999.9	0.0	1.2	96534.8	-999.9
Bamako	1993	11	25	329	21.6	34.5	19.5	-999.9	0.0	1.9	96613.0	-999.9
Bamako	1993	11	26	330	21.3	33.5	19.3	-999.9	0.0	2.5	96794.2	-999.9
Bamako	1993	11	27	331	23.4	33.4	19.0	-999.9	0.0	2.8	96868.5	-999.9
Bamako	1993	11	28	332	22.5	32.9	19.8	-999.9	0.0	2.6	96923.0	-999.9
Bamako	1993	11	29	333	20.5	32.3	20.4	-999.9	0.0	2.6	96942.0	-999.9
Bamako	1993	11	30	334	18.6	30.9	20.7	-999.9	0.0	2.4	96892.5	-999.9
Bamako	1993	12	1	335	16.0	30.4	20.9	-999.9	0.0	1.9	96805.1	-999.9
Bamako	1993	12	2	336	16.2	31.7	20.4	-999.9	0.0	1.7	96781.4	-999.9
Bamako	1993	12	3	337	18.4	32.7	20.2	-999.9	0.0	2.1	96761.1	-999.9
Bamako	1993	12	4	338	19.3	32.3	19.2	-999.9	0.0	2.3	96771.3	-999.9
Bamako	1993	12	5	339	20.5	32.7	19.3	-999.9	0.0	2.4	96904.7	-999.9
Bamako	1993	12	6	340	20.3	33.1	19.4	-999.9	0.0	2.0	96948.2	-999.9
Bamako	1993	12	7	341	19.7	33.7	19.9	-999.9	0.0	1.9	96849.9	-999.9
Bamako	1993	12	8	342	20.6	34.8	19.9	-999.9	0.0	2.1	96805.5	-999.9
Bamako	1993	12	9	343	20.2	35.1	19.9	-999.9	0.0	2.1	96826.9	-999.9
Bamako	1993	12	10	344	21.0	35.0	19.7	-999.9	0.0	2.2	96881.3	-999.9
Bamako	1993	12	11	345	19.1	32.8	20.3	-999.9	0.0	2.3	96838.9	-999.9
Bamako	1993	12	12	346	18.7	33.5	20.3	-999.9	0.0	2.1	96700.5	-999.9
Bamako	1993	12	13	347	19.0	32.7	20.1	-999.9	0.0	2.1	96752.7	-999.9
Bamako	1993	12	14	348	18.0	32.2	20.1	-999.9	0.0	2.0	96754.5	-999.9
Bamako	1993	12	15	349	16.5	32.6	19.6	-999.9	0.0	1.9	96747.2	-999.9
Bamako	1993	12	16	350	17.0	32.7	20.1	-999.9	0.0	1.9	96764.0	-999.9
Bamako	1993	12	17	351	18.8	32.1	19.9	-999.9	0.0	2.2	96858.4	-999.9
Bamako	1993	12	18	352	19.1	31.5	18.9	-999.9	0.0	2.3	96949.0	-999.9
Bamako	1993	12	19	353	18.0	31.9	19.7	-999.9	0.0	2.0	96934.4	-999.9
Bamako	1993	12	20	354	18.3	32.7	19.8	-999.9	0.0	1.9	96785.3	-999.9
Bamako	1993	12	21	355	18.9	32.7	19.3	-999.9	0.0	2.1	96775.8	-999.9
Bamako	1993	12	22	356	18.5	32.2	19.6	-999.9	0.0	2.3	96891.6	-999.9
Bamako	1993	12	23	357	19.8	32.3	19.1	-999.9	0.0	2.4	96973.3	-999.9
Bamako	1993	12	24	358	17.9	32.3	19.6	-999.9	0.0	2.3	96942.7	-999.9
Bamako	1993	12	25	359	20.3	31.6	19.7	-999.9	0.0	2.6	96958.3	-999.9
Bamako	1993	12	26	360	19.0	31.6	19.7	-999.9	0.0	2.3	96956.6	-999.9
Bamako	1993	12	27	361	18.7	31.6	19.7	-999.9	0.0	2.2	96933.2	-999.9
Bamako	1993	12	28	362	17.5	31.2	20.0	-999.9	0.0	2.2	96884.2	-999.9
Bamako	1993	12	29	363	17.9	29.2	19.6	-999.9	0.0	2.8	96942.3	-999.9
Bamako	1993	12	30	364	15.9	28.1	20.7	-999.9	0.0	2.9	97023.7	-999.9
Bamako	1993	12	31	365	14.7	28.3	20.7	-999.9	0.0	2.7	97106.5	-999.9
