Bamako	2004	1	1	1	17.6	30.7	17.2	-999.9	0.0	1.9	96970.4	-999.9
Bamako	2004	1	2	2	17.3	31.3	17.4	-999.9	0.0	1.7	96850.2	-999.9
Bamako	2004	1	3	3	16.4	32.4	20.0	-999.9	0.0	1.7	96704.6	-999.9
Bamako	2004	1	4	4	16.8	32.6	20.2	-999.9	0.0	1.9	96629.9	-999.9
Bamako	2004	1	5	5	17.0	32.2	20.2	-999.9	0.0	2.1	96713.3	-999.9
Bamako	2004	1	6	6	17.3	31.9	20.2	-999.9	0.0	2.2	96740.9	-999.9
Bamako	2004	1	7	7	18.4	31.6	20.1	-999.9	0.0	2.5	96717.9	-999.9
Bamako	2004	1	8	8	18.6	30.7	19.5	-999.9	0.0	3.0	96788.3	-999.9
Bamako	2004	1	9	9	19.1	30.4	19.7	-999.9	0.0	3.0	96979.5	-999.9
Bamako	2004	1	10	10	19.0	30.3	20.0	-999.9	0.0	2.6	96935.2	-999.9
Bamako	2004	1	11	11	18.3	31.1	20.4	-999.9	0.0	2.4	96846.0	-999.9
Bamako	2004	1	12	12	17.9	32.7	20.3	-999.9	0.0	2.1	96876.8	-999.9
Bamako	2004	1	13	13	18.8	33.0	20.2	-999.9	0.0	2.0	96872.6	-999.9
Bamako	2004	1	14	14	19.0	33.4	19.5	-999.9	0.0	2.0	96746.1	-999.9
Bamako	2004	1	15	15	19.6	31.7	20.2	-999.9	0.0	2.2	96679.1	-999.9
Bamako	2004	1	16	16	20.2	32.5	20.4	-999.9	0.0	2.0	96633.6	-999.9
Bamako	2004	1	17	17	19.2	32.8	19.4	-999.9	0.0	1.6	96609.7	-999.9
Bamako	2004	1	18	18	19.6	33.0	19.1	-999.9	0.0	1.5	96515.6	-999.9
Bamako	2004	1	19	19	20.1	33.5	20.6	-999.9	0.0	2.0	96523.4	-999.9
Bamako	2004	1	20	20	20.1	32.1	19.4	-999.9	0.0	2.0	96638.7	-999.9
Bamako	2004	1	21	21	19.6	31.7	20.9	-999.9	0.0	2.6	96836.7	-999.9
Bamako	2004	1	22	22	18.4	30.1	20.9	-999.9	0.0	2.4	96951.3	-999.9
Bamako	2004	1	23	23	17.5	30.9	20.7	-999.9	0.0	1.9	96872.0	-999.9
Bamako	2004	1	24	24	20.3	32.0	18.3	-999.9	0.0	1.7	96724.8	-999.9
Bamako	2004	1	25	25	20.4	31.6	14.7	-999.9	0.0	1.4	96642.7	-999.9
Bamako	2004	1	26	26	20.5	31.4	19.2	-999.9	0.0	1.9	96780.4	-999.9
Bamako	2004	1	27	27	21.0	30.6	16.8	-999.9	0.0	2.6	97007.0	-999.9
Bamako	2004	1	28	28	19.2	32.3	20.8	-999.9	0.0	2.3	96997.7	-999.9
Bamako	2004	1	29	29	18.7	32.2	21.2	-999.9	0.0	2.1	96869.9	-999.9
Bamako	2004	1	30	30	17.9	32.2	21.4	-999.9	0.0	2.0	96848.0	-999.9
Bamako	2004	1	31	31	18.4	31.7	21.4	-999.9	0.0	2.4	96963.5	-999.9
Bamako	2004	2	1	32	18.6	32.4	21.2	-999.9	0.0	2.6	96949.3	-999.9
Bamako	2004	2	2	33	19.8	33.7	21.3	-999.9	0.0	2.4	96852.4	-999.9
Bamako	2004	2	3	34	21.2	33.7	20.2	-999.9	0.0	2.9	96886.8	-999.9
Bamako	2004	2	4	35	20.7	31.4	21.5	-999.9	0.0	3.1	97013.8	-999.9
Bamako	2004	2	5	36	18.0	29.6	22.4	-999.9	0.0	2.9	96986.4	-999.9
Bamako	2004	2	6	37	17.0	30.0	22.5	-999.9	0.0	2.5	96957.3	-999.9
Bamako	2004	2	7	38	17.3	31.0	22.1	-999.9	0.0	2.5	96980.6	-999.9
Bamako	2004	2	8	39	18.4	31.7	22.1	-999.9	0.0	2.6	96943.2	-999.9
Bamako	2004	2	9	40	18.3	33.1	22.1	-999.9	0.0	2.0	96769.1	-999.9
Bamako	2004	2	10	41	18.4	35.2	21.3	-999.9	0.0	1.8	96673.7	-999.9
Bamako	2004	2	11	42	19.2	35.9	22.0	-999.9	0.0	1.4	96726.1	-999.9
Bamako	2004	2	12	43	20.3	36.1	21.9	-999.9	0.0	2.3	96771.2	-999.9
Bamako	2004	2	13	44	22.0	36.3	22.3	-999.9	0.0	2.6	96837.2	-999.9
Bamako	2004	2	14	45	21.5	36.1	22.2	-999.9	0.0	2.4	96820.4	-999.9
Bamako	2004	2	15	46	22.6	35.7	20.6	-999.9	0.0	2.5	96768.8	-999.9
Bamako	2004	2	16	47	20.9	35.7	22.5	-999.9	0.0	2.4	96726.9	-999.9
Bamako	2004	2	17	48	22.0	35.3	21.6	-999.9	0.0	2.6	96776.0	-999.9
Bamako	2004	2	18	49	20.9	35.9	21.9	-999.9	0.0	2.2	96658.3	-999.9
Bamako	2004	2	19	50	20.9	36.4	22.6	-999.9	0.0	2.2	96422.3	-999.9
Bamako	2004	2	20	51	25.0	35.5	20.0	-999.9	0.0	1.7	96442.0	-999.9
Bamako	2004	2	21	52	23.2	36.1	22.2	-999.9	0.0	1.8	96706.5	-999.9
Bamako	2004	2	22	53	24.6	36.8	22.2	-999.9	0.0	2.4	96694.3	-999.9
Bamako	2004	2	23	54	23.8	37.2	23.1	-999.9	0.0	2.5	96546.8	-999.9
Bamako	2004	2	24	55	21.9	37.6	23.8	-999.9	0.0	2.4	96504.0	-999.9
Bamako	2004	2	25	56	19.8	36.9	23.8	-999.9	0.0	2.1	96579.3	-999.9
Bamako	2004	2	26	57	21.3	36.9	22.4	-999.9	0.0	1.3	96642.5	-999.9
Bamako	2004	2	27	58	23.7	36.9	21.5	-999.9	0.0	1.2	96579.8	-999.9
Bamako	2004	2	28	59	26.6	36.4	20.8	-999.9	0.0	2.0	96527.1	-999.9
Bamako	2004	2	29	60	25.6	36.4	21.0	-999.9	0.0	1.8	96586.1	-999.9
Bamako	2004	3	1	61	24.5	35.1	22.8	-999.9	0.0	2.1	96577.4	-999.9
Bamako	2004	3	2	62	22.0	35.3	24.0	-999.9	0.0	2.1	96589.9	-999.9
Bamako	2004	3	3	63	20.8	35.1	24.3	-999.9	0.0	2.8	96716.5	-999.9
Bamako	2004	3	4	64	20.3	30.2	24.7	-999.9	0.0	3.7	97112.9	-999.9
Bamako	2004	3	5	65	15.7	28.6	25.2	-999.9	0.0	3.0	97231.3	-999.9
Bamako	2004	3	6	66	16.4	31.0	25.3	-999.9	0.0	2.7	97059.3	-999.9
Bamako	2004	3	7	67	16.8	32.0	25.1	-999.9	0.0	2.3	96996.9	-999.9
Bamako	2004	3	8	68	17.7	33.8	24.9	-999.9	0.0	2.3	96988.6	-999.9
Bamako	2004	3	9	69	19.5	35.3	24.5	-999.9	0.0	2.0	96919.3	-999.9
Bamako	2004	3	10	70	19.3	36.8	24.6	-999.9	0.0	1.9	96748.9	-999.9
Bamako	2004	3	11	71	24.3	36.5	22.2	-999.9	0.0	2.2	96652.8	-999.9
Bamako	2004	3	12	72	23.2	37.7	23.9	-999.9	0.0	2.3	96675.0	-999.9
Bamako	2004	3	13	73	21.6	38.0	24.4	-999.9	0.0	2.5	96671.8	-999.9
Bamako	2004	3	14	74	21.6	37.8	24.5	-999.9	0.0	2.4	96610.6	-999.9
Bamako	2004	3	15	75	21.0	37.6	25.0	-999.9	0.0	2.5	96568.8	-999.9
Bamako	2004	3	16	76	21.8	38.0	22.4	-999.9	0.0	2.7	96607.0	-999.9
Bamako	2004	3	17	77	24.0	38.1	25.4	-999.9	0.0	2.9	96523.1	-999.9
Bamako	2004	3	18	78	22.5	37.9	25.4	-999.9	0.0	2.5	96591.7	-999.9
Bamako	2004	3	19	79	23.9	37.6	25.6	-999.9	0.0	2.8	96573.1	-999.9
Bamako	2004	3	20	80	22.6	38.2	25.5	-999.9	0.0	2.2	96416.2	-999.9
Bamako	2004	3	21	81	22.0	38.2	24.9	-999.9	0.0	1.4	96347.8	-999.9
Bamako	2004	3	22	82	22.2	38.9	24.5	-999.9	0.0	1.5	96348.9	-999.9
Bamako	2004	3	23	83	27.1	37.6	20.6	-999.9	0.0	2.1	96444.2	-999.9
Bamako	2004	3	24	84	24.6	38.3	23.8	-999.9	0.0	1.6	96451.1	-999.9
Bamako	2004	3	25	85	28.2	37.5	19.8	-999.9	0.0	1.8	96463.1	-999.9
Bamako	2004	3	26	86	24.2	38.8	24.2	-999.9	0.0	1.4	96237.7	-999.9
Bamako	2004	3	27	87	27.8	39.8	24.3	-999.9	0.0	2.1	96085.8	-999.9
Bamako	2004	3	28	88	28.2	38.5	22.5	-999.9	0.0	1.4	96212.2	-999.9
Bamako	2004	3	29	89	27.3	38.5	24.4	-999.9	0.0	1.9	96336.3	-999.9
Bamako	2004	3	30	90	26.6	38.2	24.5	-999.9	0.0	1.7	96441.8	-999.9
Bamako	2004	3	31	91	26.8	37.1	22.7	-999.9	0.0	2.1	96566.2	-999.9
Bamako	2004	4	1	92	26.8	35.8	22.2	-999.9	0.0	1.5	96631.1	-999.9
Bamako	2004	4	2	93	26.4	36.7	22.3	-999.9	0.0	1.8	96768.7	-999.9
Bamako	2004	4	3	94	27.4	38.8	24.5	-999.9	0.0	1.9	96739.6	-999.9
Bamako	2004	4	4	95	27.7	38.7	25.3	-999.9	0.0	2.7	96767.5	-999.9
Bamako	2004	4	5	96	23.2	38.0	25.9	-999.9	0.0	2.1	96751.9	-999.9
Bamako	2004	4	6	97	22.3	37.6	26.3	-999.9	0.0	1.5	96589.4	-999.9
Bamako	2004	4	7	98	20.8	38.3	26.3	-999.9	0.0	1.3	96573.7	-999.9
Bamako	2004	4	8	99	21.6	38.8	25.7	-999.9	0.0	1.8	96615.2	-999.9
Bamako	2004	4	9	100	26.6	37.8	20.9	-999.9	0.0	2.2	96528.8	-999.9
Bamako	2004	4	10	101	27.3	37.0	22.1	-999.9	1.8	2.7	96420.0	-999.9
Bamako	2004	4	11	102	26.4	37.3	21.9	-999.9	0.0	2.0	96450.4	-999.9
Bamako	2004	4	12	103	25.5	36.7	22.7	-999.9	2.7	1.7	96525.0	-999.9
Bamako	2004	4	13	104	25.3	36.8	21.1	-999.9	2.7	1.6	96372.8	-999.9
Bamako	2004	4	14	105	28.0	37.5	23.0	-999.9	5.4	2.3	96243.1	-999.9
Bamako	2004	4	15	106	25.0	35.5	20.8	-999.9	0.0	2.3	96484.8	-999.9
Bamako	2004	4	16	107	24.9	35.4	22.7	-999.9	0.0	1.6	96655.9	-999.9
Bamako	2004	4	17	108	26.2	36.3	21.7	-999.9	0.0	1.8	96722.3	-999.9
Bamako	2004	4	18	109	26.1	36.7	19.6	-999.9	2.1	1.9	96601.8	-999.9
Bamako	2004	4	19	110	25.8	38.0	23.1	-999.9	0.0	1.7	96553.0	-999.9
Bamako	2004	4	20	111	25.4	39.0	24.8	-999.9	0.0	2.1	96533.3	-999.9
Bamako	2004	4	21	112	25.5	37.3	22.6	-999.9	0.0	2.0	96566.0	-999.9
Bamako	2004	4	22	113	27.0	38.3	23.8	-999.9	0.0	1.8	96470.0	-999.9
Bamako	2004	4	23	114	27.8	36.4	20.1	-999.9	0.0	2.2	96345.0	-999.9
Bamako	2004	4	24	115	27.3	36.7	22.9	-999.9	0.0	1.7	96292.5	-999.9
Bamako	2004	4	25	116	26.2	34.9	14.8	-999.9	0.0	2.7	96431.5	-999.9
Bamako	2004	4	26	117	27.6	38.0	23.4	-999.9	0.0	2.3	96404.1	-999.9
Bamako	2004	4	27	118	27.3	38.0	23.4	-999.9	15.8	2.9	96516.2	-999.9
Bamako	2004	4	28	119	26.7	37.4	21.4	-999.9	0.0	3.2	96635.2	-999.9
Bamako	2004	4	29	120	27.6	38.4	24.8	-999.9	0.0	2.5	96584.3	-999.9
Bamako	2004	4	30	121	27.3	35.8	18.5	-999.9	0.0	2.5	96664.6	-999.9
Bamako	2004	5	1	122	26.7	37.5	23.9	-999.9	0.0	1.9	96616.0	-999.9
Bamako	2004	5	2	123	27.9	39.0	23.4	-999.9	0.0	2.0	96562.4	-999.9
Bamako	2004	5	3	124	28.4	38.9	23.2	-999.9	0.0	2.0	96473.2	-999.9
Bamako	2004	5	4	125	29.0	38.7	22.7	-999.9	0.0	2.3	96452.6	-999.9
Bamako	2004	5	5	126	28.5	38.3	22.8	-999.9	12.0	1.8	96586.7	-999.9
Bamako	2004	5	6	127	27.7	37.9	24.3	-999.9	0.0	1.8	96709.2	-999.9
Bamako	2004	5	7	128	27.2	37.6	23.9	-999.9	2.1	1.5	96755.2	-999.9
Bamako	2004	5	8	129	27.3	38.1	24.6	-999.9	0.0	1.5	96670.0	-999.9
Bamako	2004	5	9	130	27.2	39.1	25.0	-999.9	0.0	1.7	96575.1	-999.9
Bamako	2004	5	10	131	27.7	38.5	24.1	-999.9	0.0	1.7	96562.8	-999.9
Bamako	2004	5	11	132	28.2	38.2	24.1	-999.9	0.0	2.5	96597.4	-999.9
Bamako	2004	5	12	133	27.9	38.5	23.2	-999.9	0.0	2.3	96580.1	-999.9
Bamako	2004	5	13	134	26.7	38.9	24.0	-999.9	0.0	2.4	96492.6	-999.9
Bamako	2004	5	14	135	28.1	38.4	23.5	-999.9	0.0	2.5	96498.1	-999.9
Bamako	2004	5	15	136	25.3	37.6	23.5	-999.9	3.8	2.3	96686.2	-999.9
Bamako	2004	5	16	137	26.6	36.1	23.2	-999.9	2.3	2.0	96577.4	-999.9
Bamako	2004	5	17	138	27.9	36.5	23.0	-999.9	2.3	2.0	96466.6	-999.9
Bamako	2004	5	18	139	28.4	38.2	22.9	-999.9	0.0	2.5	96570.9	-999.9
Bamako	2004	5	19	140	26.8	38.6	23.6	-999.9	0.0	2.2	96705.6	-999.9
Bamako	2004	5	20	141	26.0	38.6	24.6	-999.9	0.0	2.4	96716.2	-999.9
Bamako	2004	5	21	142	26.3	37.1	24.2	-999.9	0.0	2.3	96706.8	-999.9
Bamako	2004	5	22	143	28.0	38.0	24.4	-999.9	0.0	2.1	96641.0	-999.9
Bamako	2004	5	23	144	27.9	37.5	23.1	-999.9	2.4	2.2	96748.4	-999.9
Bamako	2004	5	24	145	26.5	35.0	22.3	-999.9	2.4	1.8	96863.4	-999.9
Bamako	2004	5	25	146	26.7	37.5	23.8	-999.9	0.0	2.2	96853.8	-999.9
Bamako	2004	5	26	147	25.7	39.4	24.8	-999.9	0.0	2.3	96696.4	-999.9
Bamako	2004	5	27	148	25.3	36.9	23.9	-999.9	0.0	2.6	96828.6	-999.9
Bamako	2004	5	28	149	26.3	35.5	23.5	-999.9	0.0	2.1	97035.8	-999.9
Bamako	2004	5	29	150	26.0	36.0	22.6	-999.9	0.0	1.8	96963.5	-999.9
Bamako	2004	5	30	151	26.3	37.4	22.3	-999.9	0.0	2.1	96793.6	-999.9
Bamako	2004	5	31	152	25.2	38.9	25.7	-999.9	0.0	1.9	96587.1	-999.9
Bamako	2004	6	1	153	26.0	37.4	24.8	-999.9	14.6	2.3	96641.6	-999.9
Bamako	2004	6	2	154	25.4	35.8	23.0	-999.9	43.8	2.4	96970.3	-999.9
Bamako	2004	6	3	155	24.1	31.4	17.0	-999.9	0.0	1.5	97160.8	-999.9
Bamako	2004	6	4	156	25.0	35.0	23.8	-999.9	0.0	1.9	96951.2	-999.9
Bamako	2004	6	5	157	25.9	37.1	25.0	-999.9	0.0	2.0	96790.1	-999.9
Bamako	2004	6	6	158	26.0	37.5	25.1	-999.9	0.0	2.4	96807.6	-999.9
Bamako	2004	6	7	159	24.7	33.7	22.4	-999.9	17.3	1.8	97036.4	-999.9
Bamako	2004	6	8	160	24.0	34.4	21.3	-999.9	0.0	1.2	97042.7	-999.9
Bamako	2004	6	9	161	25.1	35.6	23.9	-999.9	8.7	1.3	97020.5	-999.9
Bamako	2004	6	10	162	24.9	33.7	22.3	-999.9	8.7	1.8	96932.4	-999.9
Bamako	2004	6	11	163	25.4	35.0	24.0	-999.9	0.0	2.0	96858.6	-999.9
Bamako	2004	6	12	164	25.4	34.0	21.6	-999.9	5.2	1.6	96997.9	-999.9
Bamako	2004	6	13	165	23.8	32.7	22.8	-999.9	5.2	1.6	97122.8	-999.9
Bamako	2004	6	14	166	24.7	32.8	21.8	-999.9	5.2	1.5	97125.8	-999.9
Bamako	2004	6	15	167	24.6	34.5	24.2	-999.9	0.0	1.8	96983.9	-999.9
Bamako	2004	6	16	168	23.4	35.4	24.4	-999.9	0.0	2.2	96868.7	-999.9
Bamako	2004	6	17	169	25.7	35.4	23.8	-999.9	0.0	2.2	96927.2	-999.9
Bamako	2004	6	18	170	25.9	35.5	23.9	-999.9	2.9	1.9	96950.1	-999.9
Bamako	2004	6	19	171	26.0	34.9	22.1	-999.9	0.0	2.2	96961.2	-999.9
Bamako	2004	6	20	172	25.7	34.5	22.9	-999.9	8.7	2.3	96859.5	-999.9
Bamako	2004	6	21	173	25.5	35.1	22.9	-999.9	8.8	1.9	96867.3	-999.9
Bamako	2004	6	22	174	25.1	35.2	23.1	-999.9	0.0	1.7	97032.5	-999.9
Bamako	2004	6	23	175	25.4	35.4	24.3	-999.9	0.0	2.7	96985.2	-999.9
Bamako	2004	6	24	176	25.6	36.3	24.2	-999.9	0.0	2.6	96818.4	-999.9
Bamako	2004	6	25	177	25.5	35.1	22.3	-999.9	17.5	2.1	96810.8	-999.9
Bamako	2004	6	26	178	23.6	33.1	22.2	-999.9	0.0	1.5	96962.0	-999.9
Bamako	2004	6	27	179	23.5	31.6	19.4	-999.9	0.0	1.2	96938.2	-999.9
Bamako	2004	6	28	180	23.0	32.3	22.1	-999.9	0.0	1.5	96935.9	-999.9
Bamako	2004	6	29	181	24.6	32.0	22.5	-999.9	0.0	1.8	96903.1	-999.9
Bamako	2004	6	30	182	24.4	31.4	22.1	-999.9	0.0	1.8	96906.1	-999.9
Bamako	2004	7	1	183	23.1	31.0	17.1	-999.9	5.8	1.4	96899.2	-999.9
Bamako	2004	7	2	184	24.5	32.0	21.6	-999.9	5.8	1.4	96884.7	-999.9
Bamako	2004	7	3	185	23.7	32.1	17.5	-999.9	11.5	1.3	96856.0	-999.9
Bamako	2004	7	4	186	23.2	30.8	20.9	-999.9	0.0	1.4	96857.7	-999.9
Bamako	2004	7	5	187	23.0	32.6	24.0	-999.9	5.8	1.1	96897.6	-999.9
Bamako	2004	7	6	188	23.8	31.0	19.5	-999.9	16.3	1.4	96830.4	-999.9
Bamako	2004	7	7	189	22.9	29.7	15.6	-999.9	5.4	1.8	96697.4	-999.9
Bamako	2004	7	8	190	23.3	30.6	22.3	-999.9	0.0	1.7	96758.7	-999.9
Bamako	2004	7	9	191	23.3	31.0	23.3	-999.9	5.4	1.8	96684.5	-999.9
Bamako	2004	7	10	192	23.5	29.1	17.0	-999.9	5.4	1.3	96722.2	-999.9
Bamako	2004	7	11	193	22.5	30.4	20.7	-999.9	13.7	1.4	96783.0	-999.9
Bamako	2004	7	12	194	22.5	27.9	18.9	-999.9	0.0	1.8	96859.1	-999.9
Bamako	2004	7	13	195	22.2	29.6	19.3	-999.9	0.0	1.3	96995.3	-999.9
Bamako	2004	7	14	196	23.0	31.0	21.6	-999.9	13.7	1.5	96867.4	-999.9
Bamako	2004	7	15	197	22.7	30.0	18.2	-999.9	0.0	2.1	96810.0	-999.9
Bamako	2004	7	16	198	23.7	30.4	19.1	-999.9	0.0	2.2	96845.4	-999.9
Bamako	2004	7	17	199	23.8	31.3	21.9	-999.9	15.9	1.6	96844.3	-999.9
Bamako	2004	7	18	200	23.1	29.9	18.9	-999.9	0.0	0.9	96860.1	-999.9
Bamako	2004	7	19	201	23.0	30.6	21.3	-999.9	0.0	1.7	96809.2	-999.9
Bamako	2004	7	20	202	22.4	28.1	11.8	-999.9	31.7	1.5	96730.4	-999.9
Bamako	2004	7	21	203	22.7	30.1	19.9	-999.9	0.0	1.1	96700.4	-999.9
Bamako	2004	7	22	204	22.9	27.8	13.5	-999.9	0.0	1.1	96867.1	-999.9
Bamako	2004	7	23	205	22.5	30.0	22.2	-999.9	30.1	1.5	96942.4	-999.9
Bamako	2004	7	24	206	22.7	25.9	9.7	-999.9	34.4	1.5	97001.7	-999.9
Bamako	2004	7	25	207	21.8	23.6	5.6	-999.9	0.0	2.0	96955.2	-999.9
Bamako	2004	7	26	208	21.9	27.0	15.2	-999.9	0.0	2.3	96925.8	-999.9
Bamako	2004	7	27	209	22.0	28.7	20.5	-999.9	0.0	1.6	97036.0	-999.9
Bamako	2004	7	28	210	22.5	28.2	16.5	-999.9	15.2	1.4	97053.4	-999.9
Bamako	2004	7	29	211	21.7	29.4	20.1	-999.9	0.0	0.9	96949.2	-999.9
Bamako	2004	7	30	212	22.3	28.6	18.4	-999.9	15.2	1.5	96960.5	-999.9
Bamako	2004	7	31	213	22.4	29.4	21.2	-999.9	0.0	1.3	97036.2	-999.9
Bamako	2004	8	1	214	22.6	28.9	14.8	-999.9	33.1	1.2	97026.7	-999.9
Bamako	2004	8	2	215	22.9	30.7	24.4	-999.9	16.5	1.1	96996.3	-999.9
Bamako	2004	8	3	216	22.6	30.5	21.1	-999.9	16.5	1.1	96885.9	-999.9
Bamako	2004	8	4	217	22.8	30.1	21.6	-999.9	0.0	1.5	96894.5	-999.9
Bamako	2004	8	5	218	22.1	29.2	19.7	-999.9	0.0	1.6	96893.7	-999.9
Bamako	2004	8	6	219	23.2	29.6	20.1	-999.9	2.7	1.6	96978.6	-999.9
Bamako	2004	8	7	220	22.5	27.4	13.6	-999.9	10.8	1.5	97078.3	-999.9
Bamako	2004	8	8	221	22.5	30.1	22.1	-999.9	2.7	1.1	97093.5	-999.9
Bamako	2004	8	9	222	24.1	31.5	23.6	-999.9	2.7	1.8	96972.6	-999.9
Bamako	2004	8	10	223	24.0	32.0	24.6	-999.9	0.0	2.7	96768.7	-999.9
Bamako	2004	8	11	224	24.1	30.2	19.3	-999.9	35.5	2.1	96804.0	-999.9
Bamako	2004	8	12	225	22.8	28.6	17.7	-999.9	23.6	1.5	96989.7	-999.9
Bamako	2004	8	13	226	23.0	28.6	20.2	-999.9	0.0	1.9	97122.8	-999.9
Bamako	2004	8	14	227	22.5	30.2	21.9	-999.9	0.0	2.0	97123.4	-999.9
Bamako	2004	8	15	228	24.0	30.7	20.9	-999.9	11.8	1.7	97044.0	-999.9
Bamako	2004	8	16	229	23.6	30.8	21.0	-999.9	12.0	2.1	96901.2	-999.9
Bamako	2004	8	17	230	23.3	29.0	16.4	-999.9	24.1	1.6	96811.3	-999.9
Bamako	2004	8	18	231	22.6	29.1	17.0	-999.9	0.0	1.3	97007.8	-999.9
Bamako	2004	8	19	232	23.2	30.3	20.3	-999.9	0.0	1.2	97121.3	-999.9
Bamako	2004	8	20	233	22.8	28.7	13.7	-999.9	24.1	1.1	96944.9	-999.9
Bamako	2004	8	21	234	23.3	29.6	18.8	-999.9	0.0	1.5	96764.9	-999.9
Bamako	2004	8	22	235	22.3	30.0	19.3	-999.9	9.4	1.8	96730.0	-999.9
Bamako	2004	8	23	236	23.4	30.1	21.3	-999.9	0.0	1.4	96766.9	-999.9
Bamako	2004	8	24	237	22.7	26.2	7.6	-999.9	18.7	1.3	96786.3	-999.9
Bamako	2004	8	25	238	22.2	28.5	19.6	-999.9	0.0	1.6	96906.4	-999.9
Bamako	2004	8	26	239	22.3	29.6	20.6	-999.9	8.2	0.9	96943.5	-999.9
Bamako	2004	8	27	240	22.6	27.5	12.6	-999.9	16.3	1.0	96814.8	-999.9
Bamako	2004	8	28	241	22.3	29.3	21.3	-999.9	16.3	1.2	96825.7	-999.9
Bamako	2004	8	29	242	23.1	29.3	20.0	-999.9	8.2	1.2	96862.6	-999.9
Bamako	2004	8	30	243	22.7	30.4	23.2	-999.9	0.0	1.1	96983.0	-999.9
Bamako	2004	8	31	244	22.0	31.0	23.4	-999.9	8.2	1.2	97026.8	-999.9
Bamako	2004	9	1	245	22.7	28.7	16.6	-999.9	0.0	1.1	96934.1	-999.9
Bamako	2004	9	2	246	22.0	30.2	22.8	-999.9	9.5	1.1	96867.0	-999.9
Bamako	2004	9	3	247	22.4	29.4	19.7	-999.9	9.5	1.0	96865.3	-999.9
Bamako	2004	9	4	248	22.4	30.6	23.7	-999.9	9.5	1.2	96852.5	-999.9
Bamako	2004	9	5	249	22.5	30.8	23.4	-999.9	9.5	1.0	96754.3	-999.9
Bamako	2004	9	6	250	22.9	30.7	23.8	-999.9	0.0	1.5	96650.2	-999.9
Bamako	2004	9	7	251	23.0	30.3	23.8	-999.9	0.0	1.1	96624.0	-999.9
Bamako	2004	9	8	252	22.7	29.8	17.4	-999.9	0.0	1.3	96654.4	-999.9
Bamako	2004	9	9	253	22.6	29.6	18.5	-999.9	0.0	1.7	96812.9	-999.9
Bamako	2004	9	10	254	22.7	30.0	21.1	-999.9	0.0	1.1	96843.6	-999.9
Bamako	2004	9	11	255	22.9	30.7	22.7	-999.9	0.0	1.2	96872.9	-999.9
Bamako	2004	9	12	256	23.5	30.1	20.1	-999.9	17.1	1.3	96921.8	-999.9
Bamako	2004	9	13	257	22.6	30.0	22.7	-999.9	0.0	1.4	96991.8	-999.9
Bamako	2004	9	14	258	22.8	31.7	24.7	-999.9	0.0	1.0	96897.6	-999.9
Bamako	2004	9	15	259	23.5	29.5	20.2	-999.9	0.0	1.3	96920.8	-999.9
Bamako	2004	9	16	260	23.0	30.6	22.8	-999.9	0.0	1.5	96933.7	-999.9
Bamako	2004	9	17	261	23.3	32.3	23.6	-999.9	5.1	1.1	96883.0	-999.9
Bamako	2004	9	18	262	23.7	32.1	23.5	-999.9	0.0	1.2	96791.5	-999.9
Bamako	2004	9	19	263	24.2	30.6	20.8	-999.9	0.0	1.7	96742.8	-999.9
Bamako	2004	9	20	264	22.9	30.6	18.0	-999.9	10.3	1.1	96828.2	-999.9
Bamako	2004	9	21	265	23.0	30.0	20.1	-999.9	11.9	1.2	97004.3	-999.9
Bamako	2004	9	22	266	21.5	30.9	23.4	-999.9	0.0	1.2	97027.7	-999.9
Bamako	2004	9	23	267	23.9	31.8	23.8	-999.9	0.0	1.9	96927.6	-999.9
Bamako	2004	9	24	268	23.1	30.1	21.1	-999.9	0.0	1.9	96852.6	-999.9
Bamako	2004	9	25	269	22.2	29.6	19.8	-999.9	11.9	1.7	96979.0	-999.9
Bamako	2004	9	26	270	21.9	31.6	23.9	-999.9	6.5	1.0	96977.8	-999.9
Bamako	2004	9	27	271	22.4	33.1	24.0	-999.9	6.5	1.2	96861.7	-999.9
Bamako	2004	9	28	272	23.1	33.0	23.5	-999.9	6.5	1.8	96739.2	-999.9
Bamako	2004	9	29	273	23.0	33.0	23.3	-999.9	6.5	2.0	96677.9	-999.9
Bamako	2004	9	30	274	24.0	35.2	23.7	-999.9	0.0	2.0	96583.5	-999.9
Bamako	2004	10	1	275	22.9	33.3	23.6	-999.9	0.0	1.7	96690.9	-999.9
Bamako	2004	10	2	276	23.6	33.6	24.0	-999.9	0.0	1.7	96797.7	-999.9
Bamako	2004	10	3	277	23.3	35.6	23.4	-999.9	0.0	1.3	96708.2	-999.9
Bamako	2004	10	4	278	24.8	35.0	22.8	-999.9	0.0	1.4	96605.1	-999.9
Bamako	2004	10	5	279	24.8	32.2	20.6	-999.9	3.9	1.6	96754.9	-999.9
Bamako	2004	10	6	280	24.4	33.7	21.4	-999.9	0.0	1.8	96908.4	-999.9
Bamako	2004	10	7	281	23.6	34.4	22.2	-999.9	0.0	1.0	96903.3	-999.9
Bamako	2004	10	8	282	24.6	35.3	20.8	-999.9	4.7	1.6	96766.5	-999.9
Bamako	2004	10	9	283	23.1	34.2	20.8	-999.9	0.0	1.2	96754.0	-999.9
Bamako	2004	10	10	284	24.2	34.8	22.7	-999.9	0.0	1.3	96750.6	-999.9
Bamako	2004	10	11	285	25.3	35.5	22.0	-999.9	3.6	1.4	96728.0	-999.9
Bamako	2004	10	12	286	25.5	34.6	20.6	-999.9	3.6	1.5	96793.2	-999.9
Bamako	2004	10	13	287	24.2	36.5	22.0	-999.9	7.2	1.5	96737.3	-999.9
Bamako	2004	10	14	288	21.6	35.7	20.1	-999.9	0.0	1.6	96711.0	-999.9
Bamako	2004	10	15	289	24.0	34.4	21.7	-999.9	0.0	1.9	96782.7	-999.9
Bamako	2004	10	16	290	23.9	34.1	21.3	-999.9	1.8	1.3	96834.5	-999.9
Bamako	2004	10	17	291	23.0	34.9	21.5	-999.9	0.0	1.4	96771.7	-999.9
Bamako	2004	10	18	292	24.4	34.8	20.0	-999.9	0.0	1.8	96789.6	-999.9
Bamako	2004	10	19	293	24.2	35.9	20.4	-999.9	1.8	1.7	96811.1	-999.9
Bamako	2004	10	20	294	21.2	37.0	23.6	-999.9	0.0	2.1	96651.2	-999.9
Bamako	2004	10	21	295	20.1	35.4	22.2	-999.9	0.0	1.7	96592.6	-999.9
Bamako	2004	10	22	296	23.1	33.9	20.4	-999.9	0.0	1.3	96699.8	-999.9
Bamako	2004	10	23	297	24.3	33.2	19.4	-999.9	13.6	1.4	96710.0	-999.9
Bamako	2004	10	24	298	23.0	33.9	20.3	-999.9	0.0	1.1	96719.4	-999.9
Bamako	2004	10	25	299	22.6	35.2	20.7	-999.9	0.0	1.7	96715.4	-999.9
Bamako	2004	10	26	300	21.2	35.7	21.6	-999.9	0.0	1.8	96673.1	-999.9
Bamako	2004	10	27	301	22.2	34.6	21.2	-999.9	0.0	1.5	96694.6	-999.9
Bamako	2004	10	28	302	24.2	34.1	19.6	-999.9	0.0	1.5	96849.7	-999.9
Bamako	2004	10	29	303	23.1	35.0	20.0	-999.9	0.0	1.4	96792.5	-999.9
Bamako	2004	10	30	304	23.8	35.7	20.7	-999.9	0.0	1.8	96652.4	-999.9
Bamako	2004	10	31	305	22.0	35.1	20.1	-999.9	0.0	1.4	96683.5	-999.9
Bamako	2004	11	1	306	23.7	34.7	20.8	-999.9	0.0	1.5	96696.2	-999.9
Bamako	2004	11	2	307	25.3	34.7	20.1	-999.9	0.0	1.6	96666.4	-999.9
Bamako	2004	11	3	308	24.2	34.4	19.6	-999.9	0.0	1.3	96667.0	-999.9
Bamako	2004	11	4	309	24.7	34.0	18.8	-999.9	0.0	1.4	96656.6	-999.9
Bamako	2004	11	5	310	23.1	33.7	18.9	-999.9	0.0	1.0	96642.8	-999.9
Bamako	2004	11	6	311	24.6	33.5	18.3	-999.9	0.0	1.4	96661.0	-999.9
Bamako	2004	11	7	312	24.8	34.3	17.1	-999.9	0.0	1.5	96680.4	-999.9
Bamako	2004	11	8	313	23.1	35.7	21.1	-999.9	0.0	1.9	96648.2	-999.9
Bamako	2004	11	9	314	20.9	35.3	21.8	-999.9	0.0	1.8	96686.4	-999.9
Bamako	2004	11	10	315	21.2	35.4	22.1	-999.9	0.0	2.1	96665.3	-999.9
Bamako	2004	11	11	316	21.6	35.6	21.7	-999.9	0.0	2.2	96564.0	-999.9
Bamako	2004	11	12	317	21.4	34.9	21.5	-999.9	0.0	1.6	96546.5	-999.9
Bamako	2004	11	13	318	21.7	35.0	21.2	-999.9	0.0	2.0	96655.5	-999.9
Bamako	2004	11	14	319	23.4	34.3	19.3	-999.9	0.0	2.1	96687.0	-999.9
Bamako	2004	11	15	320	23.8	32.9	16.1	-999.9	0.0	2.3	96797.5	-999.9
Bamako	2004	11	16	321	22.8	34.3	21.1	-999.9	0.0	2.6	96854.5	-999.9
Bamako	2004	11	17	322	21.8	34.7	21.1	-999.9	0.0	2.3	96903.4	-999.9
Bamako	2004	11	18	323	21.3	34.2	21.0	-999.9	0.0	2.5	96888.8	-999.9
Bamako	2004	11	19	324	20.8	33.8	21.3	-999.9	0.0	2.4	96864.0	-999.9
Bamako	2004	11	20	325	21.3	34.9	21.0	-999.9	0.0	2.3	96880.8	-999.9
Bamako	2004	11	21	326	21.2	34.3	20.2	-999.9	0.0	1.6	96888.3	-999.9
Bamako	2004	11	22	327	21.4	35.2	21.2	-999.9	0.0	2.0	96859.8	-999.9
Bamako	2004	11	23	328	20.3	35.1	21.2	-999.9	0.0	2.2	96775.9	-999.9
Bamako	2004	11	24	329	20.0	34.5	21.2	-999.9	0.0	2.2	96703.5	-999.9
Bamako	2004	11	25	330	18.9	34.1	21.0	-999.9	0.0	2.0	96723.8	-999.9
Bamako	2004	11	26	331	19.6	33.9	21.1	-999.9	0.0	2.2	96783.8	-999.9
Bamako	2004	11	27	332	19.5	33.9	21.2	-999.9	0.0	2.2	96796.4	-999.9
Bamako	2004	11	28	333	19.7	34.0	20.9	-999.9	0.0	2.2	96797.3	-999.9
Bamako	2004	11	29	334	18.0	33.9	20.8	-999.9	0.0	2.0	96833.2	-999.9
Bamako	2004	11	30	335	18.7	33.9	19.9	-999.9	0.0	1.9	96748.6	-999.9
Bamako	2004	12	1	336	20.2	34.5	20.2	-999.9	0.0	1.9	96619.2	-999.9
Bamako	2004	12	2	337	21.0	34.5	20.1	-999.9	0.0	1.9	96588.8	-999.9
Bamako	2004	12	3	338	21.0	35.0	20.3	-999.9	0.0	1.8	96688.5	-999.9
Bamako	2004	12	4	339	19.6	35.1	20.5	-999.9	0.0	2.0	96756.1	-999.9
Bamako	2004	12	5	340	18.5	34.3	20.6	-999.9	0.0	1.9	96769.8	-999.9
Bamako	2004	12	6	341	19.9	34.0	20.4	-999.9	0.0	1.8	96733.6	-999.9
Bamako	2004	12	7	342	20.3	34.1	19.7	-999.9	0.0	1.6	96779.4	-999.9
Bamako	2004	12	8	343	20.7	33.4	20.1	-999.9	0.0	2.3	96830.5	-999.9
Bamako	2004	12	9	344	19.7	33.5	20.0	-999.9	0.0	1.9	96748.5	-999.9
Bamako	2004	12	10	345	19.5	32.8	20.0	-999.9	0.0	1.6	96675.6	-999.9
Bamako	2004	12	11	346	19.4	32.7	20.0	-999.9	0.0	1.8	96683.8	-999.9
Bamako	2004	12	12	347	20.2	33.2	19.7	-999.9	0.0	1.8	96759.7	-999.9
Bamako	2004	12	13	348	20.8	34.0	19.6	-999.9	0.0	1.5	96806.3	-999.9
Bamako	2004	12	14	349	21.3	34.0	18.9	-999.9	0.0	1.3	96697.8	-999.9
Bamako	2004	12	15	350	22.0	34.3	19.5	-999.9	0.0	1.4	96576.7	-999.9
Bamako	2004	12	16	351	22.4	34.2	18.2	-999.9	0.0	1.6	96554.6	-999.9
Bamako	2004	12	17	352	22.5	33.0	16.2	-999.9	0.0	1.4	96661.0	-999.9
Bamako	2004	12	18	353	22.8	34.6	18.9	-999.9	0.0	1.9	96733.0	-999.9
Bamako	2004	12	19	354	20.8	34.5	19.8	-999.9	0.0	1.8	96774.6	-999.9
Bamako	2004	12	20	355	20.2	34.8	19.5	-999.9	0.0	1.7	96660.2	-999.9
Bamako	2004	12	21	356	19.6	34.0	19.8	-999.9	0.0	1.6	96584.5	-999.9
Bamako	2004	12	22	357	21.1	34.3	19.6	-999.9	0.0	1.4	96570.6	-999.9
Bamako	2004	12	23	358	20.1	34.9	19.9	-999.9	0.0	1.9	96544.3	-999.9
Bamako	2004	12	24	359	21.0	35.3	19.7	-999.9	0.0	2.1	96450.9	-999.9
Bamako	2004	12	25	360	22.1	34.7	19.8	-999.9	0.0	2.4	96521.9	-999.9
Bamako	2004	12	26	361	21.1	32.4	19.8	-999.9	0.0	2.0	96658.0	-999.9
Bamako	2004	12	27	362	20.1	33.0	19.4	-999.9	0.0	1.8	96739.1	-999.9
Bamako	2004	12	28	363	20.4	33.8	19.6	-999.9	0.0	2.3	96890.6	-999.9
Bamako	2004	12	29	364	21.7	33.5	19.8	-999.9	0.0	2.8	96909.3	-999.9
Bamako	2004	12	30	365	20.3	31.8	19.9	-999.9	0.0	2.5	96834.7	-999.9
Bamako	2004	12	31	366	19.1	29.7	18.8	-999.9	0.0	2.5	96912.7	-999.9
