Bamako	1986	1	1	1	18.0	29.8	19.8	-999.9	0.0	2.5	96981.8	-999.9
Bamako	1986	1	2	2	18.2	30.8	19.9	-999.9	0.0	2.1	96894.4	-999.9
Bamako	1986	1	3	3	17.2	31.8	20.1	-999.9	0.0	1.8	96913.3	-999.9
Bamako	1986	1	4	4	17.7	31.2	20.2	-999.9	0.0	2.3	97000.9	-999.9
Bamako	1986	1	5	5	16.9	28.9	20.1	-999.9	0.0	2.7	97063.6	-999.9
Bamako	1986	1	6	6	15.7	28.6	20.3	-999.9	0.0	2.4	97005.8	-999.9
Bamako	1986	1	7	7	15.2	28.9	20.3	-999.9	0.0	2.2	97008.4	-999.9
Bamako	1986	1	8	8	15.6	29.5	20.5	-999.9	0.0	2.2	97065.9	-999.9
Bamako	1986	1	9	9	14.5	29.6	21.1	-999.9	0.0	2.0	97066.6	-999.9
Bamako	1986	1	10	10	15.6	30.7	20.9	-999.9	0.0	2.3	97127.4	-999.9
Bamako	1986	1	11	11	15.4	27.9	21.1	-999.9	0.0	3.1	97209.8	-999.9
Bamako	1986	1	12	12	14.1	24.6	21.4	-999.9	0.0	3.0	97263.1	-999.9
Bamako	1986	1	13	13	12.4	26.2	21.3	-999.9	0.0	2.9	97216.8	-999.9
Bamako	1986	1	14	14	14.8	27.7	21.2	-999.9	0.0	3.0	97194.5	-999.9
Bamako	1986	1	15	15	15.2	28.0	20.6	-999.9	0.0	2.8	97203.3	-999.9
Bamako	1986	1	16	16	14.4	27.7	21.2	-999.9	0.0	2.6	97132.5	-999.9
Bamako	1986	1	17	17	13.8	28.3	21.3	-999.9	0.0	2.3	97052.4	-999.9
Bamako	1986	1	18	18	14.2	27.9	21.5	-999.9	0.0	2.8	97073.3	-999.9
Bamako	1986	1	19	19	13.6	26.1	21.5	-999.9	0.0	3.0	97120.5	-999.9
Bamako	1986	1	20	20	12.5	25.3	21.5	-999.9	0.0	2.7	97154.0	-999.9
Bamako	1986	1	21	21	11.9	26.6	21.4	-999.9	0.0	2.2	97151.5	-999.9
Bamako	1986	1	22	22	13.2	28.2	21.3	-999.9	0.0	2.1	97116.9	-999.9
Bamako	1986	1	23	23	14.5	29.5	21.1	-999.9	0.0	2.2	97045.1	-999.9
Bamako	1986	1	24	24	15.1	31.0	21.4	-999.9	0.0	2.1	96873.0	-999.9
Bamako	1986	1	25	25	16.1	31.4	21.5	-999.9	0.0	2.1	96801.8	-999.9
Bamako	1986	1	26	26	16.3	32.4	21.5	-999.9	0.0	2.0	96805.4	-999.9
Bamako	1986	1	27	27	17.8	33.7	21.2	-999.9	0.0	2.1	96758.4	-999.9
Bamako	1986	1	28	28	17.8	34.5	21.0	-999.9	0.0	2.0	96667.5	-999.9
Bamako	1986	1	29	29	19.5	35.3	21.2	-999.9	0.0	2.1	96627.8	-999.9
Bamako	1986	1	30	30	18.2	35.7	21.3	-999.9	0.0	1.7	96550.5	-999.9
Bamako	1986	1	31	31	19.3	35.4	21.2	-999.9	0.0	1.5	96415.6	-999.9
Bamako	1986	2	1	32	21.3	35.5	21.2	-999.9	0.0	1.9	96433.3	-999.9
Bamako	1986	2	2	33	21.0	33.4	20.1	-999.9	0.0	2.2	96623.4	-999.9
Bamako	1986	2	3	34	21.6	34.0	19.8	-999.9	0.0	2.0	96800.9	-999.9
Bamako	1986	2	4	35	23.1	35.1	21.0	-999.9	0.0	2.1	96757.1	-999.9
Bamako	1986	2	5	36	23.0	35.6	20.8	-999.9	0.0	2.0	96664.3	-999.9
Bamako	1986	2	6	37	23.9	35.2	19.6	-999.9	0.0	2.2	96621.0	-999.9
Bamako	1986	2	7	38	22.3	30.4	21.2	-999.9	0.0	2.8	96910.6	-999.9
Bamako	1986	2	8	39	19.3	31.3	19.9	-999.9	0.0	2.1	96942.8	-999.9
Bamako	1986	2	9	40	19.1	33.1	21.8	-999.9	0.0	1.8	96812.9	-999.9
Bamako	1986	2	10	41	19.5	34.2	22.0	-999.9	0.0	2.3	96850.0	-999.9
Bamako	1986	2	11	42	20.0	34.6	22.5	-999.9	0.0	2.5	96905.1	-999.9
Bamako	1986	2	12	43	19.2	35.3	22.7	-999.9	0.0	2.6	96873.5	-999.9
Bamako	1986	2	13	44	20.2	35.4	22.4	-999.9	0.0	2.5	96770.3	-999.9
Bamako	1986	2	14	45	20.1	35.1	22.4	-999.9	0.0	2.7	96804.6	-999.9
Bamako	1986	2	15	46	20.9	35.0	22.6	-999.9	0.0	2.9	96902.9	-999.9
Bamako	1986	2	16	47	19.8	35.2	22.8	-999.9	0.0	2.6	96831.9	-999.9
Bamako	1986	2	17	48	19.6	35.5	22.8	-999.9	0.0	2.1	96570.7	-999.9
Bamako	1986	2	18	49	18.8	35.5	22.8	-999.9	0.0	2.0	96560.4	-999.9
Bamako	1986	2	19	50	21.2	36.2	22.1	-999.9	0.0	2.7	96645.2	-999.9
Bamako	1986	2	20	51	22.6	35.8	22.9	-999.9	0.0	2.7	96650.9	-999.9
Bamako	1986	2	21	52	22.2	36.0	22.5	-999.9	0.0	2.9	96544.2	-999.9
Bamako	1986	2	22	53	22.3	36.6	22.7	-999.9	0.0	2.2	96481.9	-999.9
Bamako	1986	2	23	54	22.1	37.1	23.0	-999.9	0.0	1.5	96461.1	-999.9
Bamako	1986	2	24	55	20.2	37.4	23.4	-999.9	0.0	2.3	96358.2	-999.9
Bamako	1986	2	25	56	22.3	37.3	23.7	-999.9	0.0	2.3	96252.5	-999.9
Bamako	1986	2	26	57	19.4	37.7	23.6	-999.9	0.0	1.7	96210.6	-999.9
Bamako	1986	2	27	58	20.5	36.7	23.4	-999.9	0.0	1.8	96323.5	-999.9
Bamako	1986	2	28	59	21.0	34.9	22.7	-999.9	0.0	1.2	96448.7	-999.9
Bamako	1986	3	1	60	22.4	35.1	22.5	-999.9	0.0	1.9	96534.4	-999.9
Bamako	1986	3	2	61	24.3	35.9	20.7	-999.9	0.0	2.0	96603.0	-999.9
Bamako	1986	3	3	62	24.4	36.3	20.1	-999.9	0.0	1.7	96640.4	-999.9
Bamako	1986	3	4	63	23.2	36.9	23.6	-999.9	0.0	3.1	96674.5	-999.9
Bamako	1986	3	5	64	21.3	36.1	24.1	-999.9	0.0	2.3	96653.1	-999.9
Bamako	1986	3	6	65	22.1	33.4	23.9	-999.9	0.0	2.6	96745.2	-999.9
Bamako	1986	3	7	66	19.8	33.4	24.1	-999.9	0.0	2.1	96735.8	-999.9
Bamako	1986	3	8	67	20.0	35.0	24.2	-999.9	0.0	1.6	96632.5	-999.9
Bamako	1986	3	9	68	21.2	35.5	24.3	-999.9	0.0	1.7	96545.4	-999.9
Bamako	1986	3	10	69	21.3	36.3	24.3	-999.9	0.0	2.1	96524.9	-999.9
Bamako	1986	3	11	70	22.2	36.1	23.8	-999.9	0.0	2.0	96638.3	-999.9
Bamako	1986	3	12	71	24.8	36.5	23.3	-999.9	0.0	2.6	96674.0	-999.9
Bamako	1986	3	13	72	22.3	36.3	24.6	-999.9	0.0	2.4	96646.0	-999.9
Bamako	1986	3	14	73	22.5	36.2	24.1	-999.9	0.0	2.4	96634.4	-999.9
Bamako	1986	3	15	74	21.1	36.7	25.3	-999.9	0.0	2.1	96557.3	-999.9
Bamako	1986	3	16	75	21.8	36.2	24.2	-999.9	0.0	2.1	96484.9	-999.9
Bamako	1986	3	17	76	19.4	36.0	24.8	-999.9	0.0	1.6	96527.2	-999.9
Bamako	1986	3	18	77	20.3	36.0	24.1	-999.9	0.0	2.3	96630.3	-999.9
Bamako	1986	3	19	78	20.2	36.2	24.4	-999.9	0.0	2.2	96642.1	-999.9
Bamako	1986	3	20	79	21.7	35.9	24.0	-999.9	0.0	2.1	96680.5	-999.9
Bamako	1986	3	21	80	22.6	35.2	25.4	-999.9	0.0	2.7	96679.8	-999.9
Bamako	1986	3	22	81	21.4	33.8	25.4	-999.9	0.0	2.7	96697.5	-999.9
Bamako	1986	3	23	82	20.2	33.5	25.5	-999.9	0.0	2.6	96776.3	-999.9
Bamako	1986	3	24	83	19.8	34.3	25.5	-999.9	0.0	2.2	96788.3	-999.9
Bamako	1986	3	25	84	20.9	35.3	24.8	-999.9	0.0	1.6	96628.1	-999.9
Bamako	1986	3	26	85	22.7	35.6	25.1	-999.9	0.0	1.8	96567.8	-999.9
Bamako	1986	3	27	86	22.6	36.3	24.4	-999.9	0.0	2.4	96780.6	-999.9
Bamako	1986	3	28	87	23.0	36.5	25.4	-999.9	0.0	2.6	96892.7	-999.9
Bamako	1986	3	29	88	23.4	36.6	25.6	-999.9	0.0	2.4	96824.5	-999.9
Bamako	1986	3	30	89	21.8	36.6	25.8	-999.9	0.0	2.2	96671.8	-999.9
Bamako	1986	3	31	90	21.0	36.8	26.0	-999.9	0.0	1.6	96516.6	-999.9
Bamako	1986	4	1	91	22.5	37.3	25.7	-999.9	0.0	1.7	96452.0	-999.9
Bamako	1986	4	2	92	22.8	36.3	22.2	-999.9	0.0	1.7	96530.4	-999.9
Bamako	1986	4	3	93	24.8	37.7	25.2	-999.9	0.0	2.6	96411.9	-999.9
Bamako	1986	4	4	94	25.4	35.6	19.0	-999.9	0.0	2.8	96461.1	-999.9
Bamako	1986	4	5	95	25.4	37.4	25.0	-999.9	0.0	2.9	96515.4	-999.9
Bamako	1986	4	6	96	26.1	38.0	25.4	-999.9	0.0	2.7	96609.5	-999.9
Bamako	1986	4	7	97	26.0	39.2	25.4	-999.9	0.0	2.5	96552.7	-999.9
Bamako	1986	4	8	98	25.0	39.0	25.8	-999.9	0.0	2.2	96440.7	-999.9
Bamako	1986	4	9	99	23.9	38.5	23.4	-999.9	0.0	1.8	96251.4	-999.9
Bamako	1986	4	10	100	28.5	39.1	25.3	-999.9	0.0	2.1	96293.1	-999.9
Bamako	1986	4	11	101	26.2	37.6	24.1	-999.9	0.0	1.4	96449.5	-999.9
Bamako	1986	4	12	102	27.0	38.5	23.1	-999.9	0.0	1.9	96482.2	-999.9
Bamako	1986	4	13	103	29.9	38.7	20.8	-999.9	0.0	2.0	96405.3	-999.9
Bamako	1986	4	14	104	28.6	39.7	24.5	-999.9	0.0	2.1	96300.7	-999.9
Bamako	1986	4	15	105	29.2	38.8	20.4	-999.9	0.0	2.1	96380.1	-999.9
Bamako	1986	4	16	106	29.7	40.3	24.2	-999.9	0.0	1.9	96379.2	-999.9
Bamako	1986	4	17	107	27.7	39.3	23.1	-999.9	0.0	2.0	96361.1	-999.9
Bamako	1986	4	18	108	26.9	38.2	22.4	-999.9	0.0	2.2	96384.9	-999.9
Bamako	1986	4	19	109	26.2	38.2	23.8	-999.9	0.0	1.6	96348.7	-999.9
Bamako	1986	4	20	110	26.4	40.0	24.2	-999.9	0.0	1.9	96282.5	-999.9
Bamako	1986	4	21	111	27.9	40.4	25.2	-999.9	0.0	1.8	96197.7	-999.9
Bamako	1986	4	22	112	26.7	35.9	20.6	-999.9	0.0	1.8	96446.1	-999.9
Bamako	1986	4	23	113	25.9	38.0	24.5	-999.9	0.0	2.1	96507.3	-999.9
Bamako	1986	4	24	114	26.3	39.1	25.0	-999.9	0.0	1.9	96472.2	-999.9
Bamako	1986	4	25	115	25.5	36.5	19.5	-999.9	0.0	1.7	96528.7	-999.9
Bamako	1986	4	26	116	28.2	39.1	24.2	-999.9	0.0	1.7	96542.9	-999.9
Bamako	1986	4	27	117	27.2	38.1	24.3	-999.9	11.9	2.0	96645.0	-999.9
Bamako	1986	4	28	118	26.0	37.9	23.0	-999.9	0.0	1.9	96680.9	-999.9
Bamako	1986	4	29	119	26.8	39.1	25.5	-999.9	0.0	2.1	96596.4	-999.9
Bamako	1986	4	30	120	25.8	38.0	22.2	-999.9	0.0	1.8	96531.5	-999.9
Bamako	1986	5	1	121	26.8	37.4	19.5	-999.9	0.0	1.9	96492.3	-999.9
Bamako	1986	5	2	122	28.2	38.5	23.1	-999.9	1.9	2.4	96496.9	-999.9
Bamako	1986	5	3	123	27.9	38.9	23.9	-999.9	0.0	2.3	96433.0	-999.9
Bamako	1986	5	4	124	26.9	37.0	23.3	-999.9	0.0	1.9	96534.1	-999.9
Bamako	1986	5	5	125	26.5	36.0	22.5	-999.9	0.0	1.9	96605.5	-999.9
Bamako	1986	5	6	126	26.0	33.3	16.7	-999.9	2.9	1.4	96636.2	-999.9
Bamako	1986	5	7	127	25.3	35.6	20.1	-999.9	2.9	1.9	96608.5	-999.9
Bamako	1986	5	8	128	24.7	39.9	24.9	-999.9	0.0	2.2	96518.1	-999.9
Bamako	1986	5	9	129	24.6	39.8	25.1	-999.9	0.0	1.8	96468.9	-999.9
Bamako	1986	5	10	130	26.0	39.4	24.1	-999.9	0.0	2.3	96485.6	-999.9
Bamako	1986	5	11	131	25.3	35.1	17.1	-999.9	0.0	2.1	96645.0	-999.9
Bamako	1986	5	12	132	24.9	32.7	16.8	-999.9	4.5	1.5	96727.9	-999.9
Bamako	1986	5	13	133	25.4	37.1	20.3	-999.9	1.4	1.7	96698.0	-999.9
Bamako	1986	5	14	134	26.2	39.5	23.5	-999.9	0.0	2.2	96663.3	-999.9
Bamako	1986	5	15	135	27.2	39.0	21.3	-999.9	0.0	2.6	96599.2	-999.9
Bamako	1986	5	16	136	26.1	37.4	21.7	-999.9	4.6	2.5	96648.8	-999.9
Bamako	1986	5	17	137	25.2	37.6	21.7	-999.9	2.3	2.3	96687.4	-999.9
Bamako	1986	5	18	138	26.4	38.9	23.8	-999.9	2.3	2.1	96613.9	-999.9
Bamako	1986	5	19	139	25.8	35.5	18.0	-999.9	9.1	2.0	96747.9	-999.9
Bamako	1986	5	20	140	24.6	33.7	17.3	-999.9	0.0	1.5	96735.9	-999.9
Bamako	1986	5	21	141	25.2	33.6	17.8	-999.9	7.3	1.8	96648.6	-999.9
Bamako	1986	5	22	142	24.6	33.8	20.7	-999.9	3.7	1.4	96732.6	-999.9
Bamako	1986	5	23	143	24.2	35.4	23.9	-999.9	0.0	1.2	96683.5	-999.9
Bamako	1986	5	24	144	25.4	36.1	23.8	-999.9	0.0	1.9	96630.8	-999.9
Bamako	1986	5	25	145	24.2	35.6	23.2	-999.9	0.0	1.3	96653.1	-999.9
Bamako	1986	5	26	146	25.9	37.7	24.3	-999.9	0.0	2.4	96505.0	-999.9
Bamako	1986	5	27	147	25.0	37.0	22.5	-999.9	0.0	2.3	96517.0	-999.9
Bamako	1986	5	28	148	26.4	33.2	17.8	-999.9	0.0	1.5	96635.4	-999.9
Bamako	1986	5	29	149	24.0	33.6	23.6	-999.9	0.0	1.4	96704.9	-999.9
Bamako	1986	5	30	150	25.7	33.1	20.8	-999.9	0.0	1.4	96641.4	-999.9
Bamako	1986	5	31	151	23.2	34.5	18.1	-999.9	5.9	2.1	96613.2	-999.9
Bamako	1986	6	1	152	24.5	29.5	14.2	-999.9	2.2	1.5	96776.9	-999.9
Bamako	1986	6	2	153	23.4	35.5	23.6	-999.9	2.2	1.6	96769.3	-999.9
Bamako	1986	6	3	154	24.0	38.1	25.4	-999.9	2.2	1.8	96556.3	-999.9
Bamako	1986	6	4	155	25.7	36.4	24.0	-999.9	2.2	2.1	96586.8	-999.9
Bamako	1986	6	5	156	25.8	35.7	23.2	-999.9	2.2	2.4	96569.3	-999.9
Bamako	1986	6	6	157	25.6	33.2	21.9	-999.9	0.0	2.0	96615.5	-999.9
Bamako	1986	6	7	158	24.3	33.1	21.6	-999.9	0.0	2.0	96714.2	-999.9
Bamako	1986	6	8	159	22.6	31.0	22.0	-999.9	0.0	1.5	96921.2	-999.9
Bamako	1986	6	9	160	24.4	31.9	19.2	-999.9	20.3	1.7	96923.3	-999.9
Bamako	1986	6	10	161	23.8	33.2	22.7	-999.9	0.0	2.0	96832.8	-999.9
Bamako	1986	6	11	162	24.4	33.7	22.6	-999.9	0.0	2.1	96761.2	-999.9
Bamako	1986	6	12	163	23.7	30.3	16.8	-999.9	3.7	1.6	96780.5	-999.9
Bamako	1986	6	13	164	23.4	31.3	22.6	-999.9	9.1	1.4	96803.8	-999.9
Bamako	1986	6	14	165	23.1	32.4	18.3	-999.9	1.9	1.5	96787.3	-999.9
Bamako	1986	6	15	166	23.6	32.6	24.2	-999.9	0.0	1.7	96807.6	-999.9
Bamako	1986	6	16	167	23.4	31.4	22.3	-999.9	0.0	1.0	96937.1	-999.9
Bamako	1986	6	17	168	24.3	31.2	20.8	-999.9	0.0	2.1	96826.9	-999.9
Bamako	1986	6	18	169	24.7	33.1	24.3	-999.9	0.0	2.0	96746.6	-999.9
Bamako	1986	6	19	170	24.2	30.8	19.2	-999.9	6.1	2.1	96849.4	-999.9
Bamako	1986	6	20	171	23.4	30.9	22.5	-999.9	0.0	1.5	96834.5	-999.9
Bamako	1986	6	21	172	24.4	32.0	22.7	-999.9	0.0	1.8	96830.4	-999.9
Bamako	1986	6	22	173	24.4	32.3	23.6	-999.9	0.0	2.0	96835.4	-999.9
Bamako	1986	6	23	174	24.8	32.5	24.0	-999.9	0.0	2.2	96838.3	-999.9
Bamako	1986	6	24	175	25.1	33.9	23.3	-999.9	0.0	2.6	96693.1	-999.9
Bamako	1986	6	25	176	24.8	34.4	23.9	-999.9	0.0	3.2	96639.9	-999.9
Bamako	1986	6	26	177	24.3	32.8	21.1	-999.9	21.5	2.2	96782.7	-999.9
Bamako	1986	6	27	178	22.8	30.4	16.4	-999.9	0.0	1.9	96989.8	-999.9
Bamako	1986	6	28	179	23.3	33.0	24.6	-999.9	0.0	1.6	96877.0	-999.9
Bamako	1986	6	29	180	24.6	32.2	20.6	-999.9	10.8	2.2	96793.9	-999.9
Bamako	1986	6	30	181	23.0	30.5	18.6	-999.9	32.3	1.7	96937.2	-999.9
Bamako	1986	7	1	182	23.4	31.5	21.4	-999.9	23.0	1.6	96963.7	-999.9
Bamako	1986	7	2	183	24.2	31.1	20.9	-999.9	0.0	2.5	96873.0	-999.9
Bamako	1986	7	3	184	23.8	32.4	21.7	-999.9	0.0	2.8	96843.9	-999.9
Bamako	1986	7	4	185	23.5	30.3	20.2	-999.9	11.5	1.8	96939.6	-999.9
Bamako	1986	7	5	186	22.6	31.2	21.6	-999.9	0.0	2.1	96980.9	-999.9
Bamako	1986	7	6	187	23.0	31.3	22.0	-999.9	4.3	1.6	97038.8	-999.9
Bamako	1986	7	7	188	22.7	28.0	13.6	-999.9	12.9	0.6	97088.1	-999.9
Bamako	1986	7	8	189	22.7	27.3	13.7	-999.9	0.0	1.2	97132.8	-999.9
Bamako	1986	7	9	190	22.5	29.6	18.2	-999.9	8.6	1.3	97162.8	-999.9
Bamako	1986	7	10	191	22.5	28.7	15.3	-999.9	0.0	1.7	97117.1	-999.9
Bamako	1986	7	11	192	21.6	29.2	19.9	-999.9	0.0	1.6	97102.1	-999.9
Bamako	1986	7	12	193	22.5	29.7	20.8	-999.9	14.7	1.2	97064.1	-999.9
Bamako	1986	7	13	194	22.5	30.3	22.2	-999.9	3.7	1.7	97122.9	-999.9
Bamako	1986	7	14	195	22.0	29.3	18.4	-999.9	18.4	1.9	97115.4	-999.9
Bamako	1986	7	15	196	22.8	29.4	19.1	-999.9	3.7	1.7	96971.2	-999.9
Bamako	1986	7	16	197	23.1	28.8	18.1	-999.9	18.8	1.3	96909.9	-999.9
Bamako	1986	7	17	198	22.2	28.9	20.5	-999.9	0.0	1.3	96872.7	-999.9
Bamako	1986	7	18	199	23.2	30.1	21.3	-999.9	9.4	1.8	96863.9	-999.9
Bamako	1986	7	19	200	22.2	29.8	21.8	-999.9	0.0	1.9	96899.8	-999.9
Bamako	1986	7	20	201	22.8	30.6	22.1	-999.9	0.0	1.4	96972.1	-999.9
Bamako	1986	7	21	202	23.6	28.5	13.5	-999.9	19.8	2.1	96970.9	-999.9
Bamako	1986	7	22	203	23.0	28.9	15.0	-999.9	0.0	2.5	96997.7	-999.9
Bamako	1986	7	23	204	22.8	29.0	19.4	-999.9	0.0	2.4	96992.5	-999.9
Bamako	1986	7	24	205	22.7	27.2	11.0	-999.9	17.4	1.7	97006.8	-999.9
Bamako	1986	7	25	206	21.7	27.0	13.7	-999.9	0.0	1.3	97035.3	-999.9
Bamako	1986	7	26	207	22.4	29.8	20.8	-999.9	0.0	1.5	96916.0	-999.9
Bamako	1986	7	27	208	22.4	29.4	16.8	-999.9	0.0	3.1	96769.0	-999.9
Bamako	1986	7	28	209	22.0	27.4	12.6	-999.9	28.7	3.3	96748.7	-999.9
Bamako	1986	7	29	210	21.9	27.9	17.7	-999.9	0.0	2.5	96914.7	-999.9
Bamako	1986	7	30	211	21.6	28.4	21.1	-999.9	0.0	1.5	97036.0	-999.9
Bamako	1986	7	31	212	21.8	30.4	22.0	-999.9	9.6	1.8	96931.9	-999.9
Bamako	1986	8	1	213	23.4	30.1	16.8	-999.9	64.5	2.2	96717.3	-999.9
Bamako	1986	8	2	214	22.0	25.7	11.4	-999.9	23.1	2.4	96926.1	-999.9
Bamako	1986	8	3	215	21.1	28.4	17.1	-999.9	0.0	1.2	97141.3	-999.9
Bamako	1986	8	4	216	21.6	30.2	22.8	-999.9	0.0	2.0	96962.2	-999.9
Bamako	1986	8	5	217	22.5	30.2	19.1	-999.9	0.0	2.1	96920.6	-999.9
Bamako	1986	8	6	218	22.7	28.1	16.2	-999.9	0.0	1.4	97016.5	-999.9
Bamako	1986	8	7	219	22.0	28.2	20.0	-999.9	0.0	1.5	97115.9	-999.9
Bamako	1986	8	8	220	22.0	29.2	19.8	-999.9	25.5	1.5	97044.2	-999.9
Bamako	1986	8	9	221	21.9	28.7	19.2	-999.9	0.0	0.9	97070.8	-999.9
Bamako	1986	8	10	222	22.6	30.6	23.6	-999.9	0.0	1.5	97052.0	-999.9
Bamako	1986	8	11	223	23.0	29.9	20.1	-999.9	16.1	1.6	96918.9	-999.9
Bamako	1986	8	12	224	23.6	29.6	20.0	-999.9	0.0	2.2	96951.6	-999.9
Bamako	1986	8	13	225	22.4	29.5	19.7	-999.9	0.0	1.8	96880.9	-999.9
Bamako	1986	8	14	226	22.7	29.3	19.6	-999.9	8.1	1.4	96864.0	-999.9
Bamako	1986	8	15	227	22.5	29.2	18.0	-999.9	0.0	1.1	96760.7	-999.9
Bamako	1986	8	16	228	23.1	29.1	19.6	-999.9	0.0	1.5	96801.2	-999.9
Bamako	1986	8	17	229	22.5	30.0	21.5	-999.9	0.0	1.0	96839.9	-999.9
Bamako	1986	8	18	230	22.0	29.4	18.5	-999.9	15.2	1.6	96726.3	-999.9
Bamako	1986	8	19	231	23.0	30.0	20.8	-999.9	15.2	1.3	96705.0	-999.9
Bamako	1986	8	20	232	22.9	30.6	22.4	-999.9	0.0	1.2	96819.0	-999.9
Bamako	1986	8	21	233	22.8	28.8	17.5	-999.9	0.0	1.6	96811.2	-999.9
Bamako	1986	8	22	234	21.2	29.2	22.0	-999.9	21.8	1.1	96743.6	-999.9
Bamako	1986	8	23	235	21.8	29.4	20.7	-999.9	16.6	0.8	96758.8	-999.9
Bamako	1986	8	24	236	22.6	30.0	20.5	-999.9	0.0	1.0	96788.9	-999.9
Bamako	1986	8	25	237	22.7	30.1	21.2	-999.9	0.0	1.4	96864.3	-999.9
Bamako	1986	8	26	238	23.1	30.5	19.6	-999.9	41.9	1.1	96889.5	-999.9
Bamako	1986	8	27	239	22.5	29.9	20.7	-999.9	0.0	1.5	96788.0	-999.9
Bamako	1986	8	28	240	22.6	29.0	14.7	-999.9	0.0	1.5	96780.2	-999.9
Bamako	1986	8	29	241	21.9	28.2	17.5	-999.9	0.0	1.8	96869.5	-999.9
Bamako	1986	8	30	242	21.7	28.3	16.0	-999.9	0.0	1.7	96988.4	-999.9
Bamako	1986	8	31	243	21.7	29.5	22.2	-999.9	24.4	1.4	96804.6	-999.9
Bamako	1986	9	1	244	22.7	26.7	9.0	-999.9	18.0	1.2	96735.6	-999.9
Bamako	1986	9	2	245	22.1	27.0	11.1	-999.9	6.0	1.2	96833.7	-999.9
Bamako	1986	9	3	246	21.7	23.5	7.3	-999.9	18.0	2.1	96839.2	-999.9
Bamako	1986	9	4	247	21.4	29.1	20.1	-999.9	0.0	1.7	96874.5	-999.9
Bamako	1986	9	5	248	21.5	29.6	24.0	-999.9	0.0	2.5	96853.9	-999.9
Bamako	1986	9	6	249	22.5	28.8	17.5	-999.9	8.3	2.3	96806.0	-999.9
Bamako	1986	9	7	250	22.0	26.4	11.7	-999.9	8.3	1.2	96858.6	-999.9
Bamako	1986	9	8	251	21.7	28.4	17.7	-999.9	8.3	1.5	96908.5	-999.9
Bamako	1986	9	9	252	22.3	27.1	15.0	-999.9	8.3	1.0	96995.2	-999.9
Bamako	1986	9	10	253	22.0	27.5	15.5	-999.9	0.0	1.4	97052.9	-999.9
Bamako	1986	9	11	254	21.7	29.3	21.4	-999.9	3.3	1.2	97067.5	-999.9
Bamako	1986	9	12	255	22.5	27.2	13.4	-999.9	13.2	1.2	97034.2	-999.9
Bamako	1986	9	13	256	21.1	29.3	18.4	-999.9	0.0	1.2	97019.4	-999.9
Bamako	1986	9	14	257	20.9	30.2	22.8	-999.9	0.0	0.7	96941.2	-999.9
Bamako	1986	9	15	258	22.2	29.9	21.9	-999.9	3.3	0.9	96830.4	-999.9
Bamako	1986	9	16	259	21.9	29.9	21.3	-999.9	3.8	0.9	96862.8	-999.9
Bamako	1986	9	17	260	22.3	29.9	20.5	-999.9	7.6	1.1	96909.6	-999.9
Bamako	1986	9	18	261	22.3	30.4	23.5	-999.9	3.8	1.4	96923.8	-999.9
Bamako	1986	9	19	262	22.4	30.1	22.7	-999.9	3.8	1.2	97014.7	-999.9
Bamako	1986	9	20	263	22.9	29.9	21.5	-999.9	0.0	1.3	97014.4	-999.9
Bamako	1986	9	21	264	22.8	30.6	22.4	-999.9	0.0	1.8	96834.0	-999.9
Bamako	1986	9	22	265	22.2	30.3	17.2	-999.9	13.0	1.5	96675.1	-999.9
Bamako	1986	9	23	266	21.2	29.5	20.3	-999.9	6.5	0.8	96705.9	-999.9
Bamako	1986	9	24	267	22.3	26.6	15.3	-999.9	3.3	1.1	96925.9	-999.9
Bamako	1986	9	25	268	21.8	28.4	17.6	-999.9	0.0	1.0	97039.6	-999.9
Bamako	1986	9	26	269	21.3	28.9	19.9	-999.9	0.0	0.9	96892.8	-999.9
Bamako	1986	9	27	270	22.4	28.0	16.4	-999.9	5.7	1.3	96905.6	-999.9
Bamako	1986	9	28	271	22.0	29.7	21.1	-999.9	0.0	0.9	97061.1	-999.9
Bamako	1986	9	29	272	22.6	29.3	17.4	-999.9	5.7	1.5	97168.9	-999.9
Bamako	1986	9	30	273	22.2	29.8	17.7	-999.9	11.4	1.8	96977.7	-999.9
Bamako	1986	10	1	274	22.2	31.0	21.2	-999.9	0.0	1.5	96831.8	-999.9
Bamako	1986	10	2	275	23.0	30.1	20.1	-999.9	0.0	1.1	96911.5	-999.9
Bamako	1986	10	3	276	22.8	31.2	21.7	-999.9	6.0	1.1	96908.0	-999.9
Bamako	1986	10	4	277	23.3	31.0	20.5	-999.9	3.0	1.4	96929.3	-999.9
Bamako	1986	10	5	278	22.7	30.5	21.5	-999.9	0.0	1.6	96896.3	-999.9
Bamako	1986	10	6	279	21.6	30.2	19.0	-999.9	1.7	0.9	96881.3	-999.9
Bamako	1986	10	7	280	22.4	30.2	20.6	-999.9	0.0	1.1	96873.6	-999.9
Bamako	1986	10	8	281	22.6	31.1	22.9	-999.9	1.7	0.8	96852.1	-999.9
Bamako	1986	10	9	282	23.2	30.6	21.2	-999.9	1.7	1.2	96734.1	-999.9
Bamako	1986	10	10	283	23.3	29.8	19.1	-999.9	3.3	1.1	96663.9	-999.9
Bamako	1986	10	11	284	22.8	30.3	20.4	-999.9	10.3	1.0	96774.2	-999.9
Bamako	1986	10	12	285	23.3	30.2	20.8	-999.9	0.0	1.1	96799.7	-999.9
Bamako	1986	10	13	286	23.4	31.4	21.3	-999.9	0.0	1.1	96774.8	-999.9
Bamako	1986	10	14	287	22.5	31.2	21.0	-999.9	0.0	1.2	96761.1	-999.9
Bamako	1986	10	15	288	22.0	31.8	21.6	-999.9	0.0	1.3	96768.6	-999.9
Bamako	1986	10	16	289	21.5	32.0	21.8	-999.9	0.0	1.1	96817.8	-999.9
Bamako	1986	10	17	290	21.4	32.9	21.5	-999.9	0.0	1.3	96871.4	-999.9
Bamako	1986	10	18	291	22.1	32.9	22.1	-999.9	0.0	1.5	96811.2	-999.9
Bamako	1986	10	19	292	22.7	30.7	21.3	-999.9	0.0	1.7	96807.2	-999.9
Bamako	1986	10	20	293	22.0	29.6	19.1	-999.9	10.5	1.1	96959.8	-999.9
Bamako	1986	10	21	294	23.0	29.9	18.9	-999.9	5.5	1.4	97007.6	-999.9
Bamako	1986	10	22	295	23.0	32.2	19.7	-999.9	0.0	1.6	96951.9	-999.9
Bamako	1986	10	23	296	21.7	31.9	21.8	-999.9	0.0	1.1	96892.4	-999.9
Bamako	1986	10	24	297	22.9	31.0	21.9	-999.9	0.0	1.7	96816.4	-999.9
Bamako	1986	10	25	298	22.2	28.1	18.3	-999.9	0.0	1.6	96926.3	-999.9
Bamako	1986	10	26	299	20.7	30.1	20.0	-999.9	0.0	1.1	97092.7	-999.9
Bamako	1986	10	27	300	21.2	31.8	19.7	-999.9	0.0	1.1	96977.5	-999.9
Bamako	1986	10	28	301	21.0	32.2	20.0	-999.9	0.0	1.7	96773.2	-999.9
Bamako	1986	10	29	302	20.3	31.8	21.8	-999.9	0.0	1.2	96809.6	-999.9
Bamako	1986	10	30	303	20.9	31.1	20.1	-999.9	0.0	1.6	96910.1	-999.9
Bamako	1986	10	31	304	21.5	31.6	22.5	-999.9	0.0	1.5	96912.9	-999.9
Bamako	1986	11	1	305	19.8	31.5	22.4	-999.9	0.0	1.2	96882.3	-999.9
Bamako	1986	11	2	306	19.9	31.4	21.1	-999.9	0.0	1.1	96859.2	-999.9
Bamako	1986	11	3	307	22.6	32.2	20.8	-999.9	0.0	1.1	96797.4	-999.9
Bamako	1986	11	4	308	21.9	33.1	20.7	-999.9	0.0	1.2	96738.9	-999.9
Bamako	1986	11	5	309	20.2	32.6	17.9	-999.9	0.0	1.5	96722.9	-999.9
Bamako	1986	11	6	310	22.7	31.3	18.8	-999.9	0.0	2.6	96935.9	-999.9
Bamako	1986	11	7	311	23.2	33.4	20.9	-999.9	0.0	2.2	96967.3	-999.9
Bamako	1986	11	8	312	21.0	33.0	21.8	-999.9	0.0	2.3	96824.4	-999.9
Bamako	1986	11	9	313	20.9	33.0	21.8	-999.9	0.0	2.1	96726.9	-999.9
Bamako	1986	11	10	314	19.7	33.0	21.4	-999.9	0.0	1.8	96883.8	-999.9
Bamako	1986	11	11	315	20.3	33.0	20.8	-999.9	0.0	1.4	96979.9	-999.9
Bamako	1986	11	12	316	22.4	34.5	20.2	-999.9	0.0	1.5	96915.5	-999.9
Bamako	1986	11	13	317	20.5	34.1	21.5	-999.9	0.0	1.8	96837.2	-999.9
Bamako	1986	11	14	318	21.0	33.9	21.6	-999.9	0.0	1.8	96816.1	-999.9
Bamako	1986	11	15	319	19.3	33.5	21.6	-999.9	0.0	2.1	96840.3	-999.9
Bamako	1986	11	16	320	20.5	33.7	21.5	-999.9	0.0	1.4	96875.2	-999.9
Bamako	1986	11	17	321	17.8	33.4	21.6	-999.9	0.0	1.4	96827.8	-999.9
Bamako	1986	11	18	322	18.9	33.3	21.1	-999.9	0.0	1.6	96728.9	-999.9
Bamako	1986	11	19	323	20.9	33.3	19.9	-999.9	0.0	1.6	96709.3	-999.9
Bamako	1986	11	20	324	22.1	32.7	20.0	-999.9	0.0	2.4	96731.0	-999.9
Bamako	1986	11	21	325	19.8	30.2	20.8	-999.9	0.0	2.4	96791.4	-999.9
Bamako	1986	11	22	326	18.3	28.4	20.5	-999.9	0.0	2.7	96915.1	-999.9
Bamako	1986	11	23	327	16.2	27.2	21.0	-999.9	0.0	2.5	96968.8	-999.9
Bamako	1986	11	24	328	16.8	29.0	20.6	-999.9	0.0	2.2	96864.0	-999.9
Bamako	1986	11	25	329	16.8	30.1	20.0	-999.9	0.0	2.1	96786.8	-999.9
Bamako	1986	11	26	330	18.6	30.8	20.2	-999.9	0.0	2.0	96763.9	-999.9
Bamako	1986	11	27	331	18.9	31.0	19.6	-999.9	0.0	1.8	96790.4	-999.9
Bamako	1986	11	28	332	20.3	29.6	14.5	-999.9	0.0	1.6	96803.2	-999.9
Bamako	1986	11	29	333	19.5	32.9	20.0	-999.9	0.0	1.9	96801.0	-999.9
Bamako	1986	11	30	334	21.3	33.6	20.2	-999.9	0.0	2.2	96723.8	-999.9
Bamako	1986	12	1	335	20.9	32.7	20.3	-999.9	0.0	2.5	96748.9	-999.9
Bamako	1986	12	2	336	20.6	32.6	20.2	-999.9	0.0	2.5	96843.6	-999.9
Bamako	1986	12	3	337	19.1	32.6	20.4	-999.9	0.0	2.2	96908.2	-999.9
Bamako	1986	12	4	338	19.2	32.2	20.4	-999.9	0.0	2.2	96963.5	-999.9
Bamako	1986	12	5	339	19.1	32.4	20.2	-999.9	0.0	2.2	97011.9	-999.9
Bamako	1986	12	6	340	19.3	31.8	20.5	-999.9	0.0	2.3	97047.2	-999.9
Bamako	1986	12	7	341	16.5	31.3	20.4	-999.9	0.0	2.1	97050.4	-999.9
Bamako	1986	12	8	342	17.0	31.2	20.5	-999.9	0.0	2.1	97084.6	-999.9
Bamako	1986	12	9	343	17.3	30.5	20.4	-999.9	0.0	2.3	97061.8	-999.9
Bamako	1986	12	10	344	17.5	30.6	20.4	-999.9	0.0	2.3	97043.8	-999.9
Bamako	1986	12	11	345	18.0	31.3	20.3	-999.9	0.0	2.3	96988.7	-999.9
Bamako	1986	12	12	346	17.7	30.5	20.2	-999.9	0.0	2.4	96918.7	-999.9
Bamako	1986	12	13	347	16.7	30.0	20.1	-999.9	0.0	2.2	96935.0	-999.9
Bamako	1986	12	14	348	17.4	30.4	18.7	-999.9	0.0	2.2	97011.6	-999.9
Bamako	1986	12	15	349	18.1	28.9	15.6	-999.9	0.0	2.2	97012.3	-999.9
Bamako	1986	12	16	350	17.7	30.1	19.6	-999.9	0.0	2.6	97026.6	-999.9
Bamako	1986	12	17	351	17.3	29.0	20.1	-999.9	0.0	2.8	97068.3	-999.9
Bamako	1986	12	18	352	16.6	29.0	20.0	-999.9	0.0	2.7	97178.0	-999.9
Bamako	1986	12	19	353	17.3	29.0	19.7	-999.9	0.0	2.9	97221.9	-999.9
Bamako	1986	12	20	354	17.2	28.3	19.9	-999.9	0.0	2.7	97226.9	-999.9
Bamako	1986	12	21	355	15.7	28.5	19.7	-999.9	0.0	2.3	97185.7	-999.9
Bamako	1986	12	22	356	15.8	29.3	20.2	-999.9	0.0	2.0	97071.0	-999.9
Bamako	1986	12	23	357	14.1	30.3	20.3	-999.9	0.0	1.6	96931.7	-999.9
Bamako	1986	12	24	358	15.6	30.9	20.1	-999.9	0.0	2.0	96845.4	-999.9
Bamako	1986	12	25	359	16.1	30.6	20.1	-999.9	0.0	2.4	96912.4	-999.9
Bamako	1986	12	26	360	15.4	26.4	20.0	-999.9	0.0	3.1	97150.0	-999.9
Bamako	1986	12	27	361	13.3	24.7	19.7	-999.9	0.0	2.4	97214.3	-999.9
Bamako	1986	12	28	362	13.6	26.9	20.1	-999.9	0.0	2.2	97083.2	-999.9
Bamako	1986	12	29	363	15.0	29.2	20.1	-999.9	0.0	2.2	97055.8	-999.9
Bamako	1986	12	30	364	15.6	30.1	20.1	-999.9	0.0	2.1	96946.1	-999.9
Bamako	1986	12	31	365	16.7	30.7	20.0	-999.9	0.0	2.0	96951.8	-999.9
