Bamako	1988	1	1	1	15.0	27.8	18.6	-999.9	0.0	2.2	97009.8	-999.9
Bamako	1988	1	2	2	15.8	28.8	18.7	-999.9	0.0	2.2	97030.3	-999.9
Bamako	1988	1	3	3	16.3	27.5	19.9	-999.9	0.0	2.9	97098.6	-999.9
Bamako	1988	1	4	4	13.9	27.0	20.7	-999.9	0.0	2.3	97044.5	-999.9
Bamako	1988	1	5	5	14.0	28.6	20.5	-999.9	0.0	1.9	97002.6	-999.9
Bamako	1988	1	6	6	15.2	30.2	20.5	-999.9	0.0	1.9	97006.3	-999.9
Bamako	1988	1	7	7	16.1	30.6	18.9	-999.9	0.0	2.1	96999.5	-999.9
Bamako	1988	1	8	8	18.1	30.2	20.2	-999.9	0.0	2.6	97084.4	-999.9
Bamako	1988	1	9	9	16.6	29.1	20.2	-999.9	0.0	2.6	97059.8	-999.9
Bamako	1988	1	10	10	15.5	29.3	20.7	-999.9	0.0	2.4	96983.9	-999.9
Bamako	1988	1	11	11	15.3	30.8	20.8	-999.9	0.0	2.2	96936.7	-999.9
Bamako	1988	1	12	12	16.4	31.4	20.7	-999.9	0.0	2.1	96941.9	-999.9
Bamako	1988	1	13	13	17.2	31.3	20.3	-999.9	0.0	2.2	96981.9	-999.9
Bamako	1988	1	14	14	16.3	31.4	20.6	-999.9	0.0	1.8	96912.0	-999.9
Bamako	1988	1	15	15	15.9	32.0	20.5	-999.9	0.0	1.9	96849.0	-999.9
Bamako	1988	1	16	16	17.1	33.4	20.6	-999.9	0.0	1.4	96831.7	-999.9
Bamako	1988	1	17	17	17.8	31.8	20.1	-999.9	0.0	2.5	96965.2	-999.9
Bamako	1988	1	18	18	18.0	30.3	19.9	-999.9	0.0	2.6	97030.2	-999.9
Bamako	1988	1	19	19	16.2	28.9	19.9	-999.9	0.0	2.4	97021.7	-999.9
Bamako	1988	1	20	20	15.6	29.0	20.6	-999.9	0.0	2.2	96985.5	-999.9
Bamako	1988	1	21	21	15.4	29.4	20.6	-999.9	0.0	2.3	96939.7	-999.9
Bamako	1988	1	22	22	15.9	30.9	21.1	-999.9	0.0	2.4	96903.5	-999.9
Bamako	1988	1	23	23	17.1	31.1	21.2	-999.9	0.0	2.6	96873.6	-999.9
Bamako	1988	1	24	24	16.4	31.1	21.2	-999.9	0.0	2.3	96785.8	-999.9
Bamako	1988	1	25	25	16.9	32.8	21.2	-999.9	0.0	2.0	96779.1	-999.9
Bamako	1988	1	26	26	19.2	34.2	21.2	-999.9	0.0	2.3	96740.2	-999.9
Bamako	1988	1	27	27	19.8	35.2	21.1	-999.9	0.0	2.3	96738.8	-999.9
Bamako	1988	1	28	28	18.8	36.0	21.2	-999.9	0.0	1.5	96628.0	-999.9
Bamako	1988	1	29	29	20.8	33.6	21.2	-999.9	0.0	2.9	96729.9	-999.9
Bamako	1988	1	30	30	17.0	29.4	21.4	-999.9	0.0	2.3	96879.8	-999.9
Bamako	1988	1	31	31	15.8	30.3	21.8	-999.9	0.0	1.8	96884.5	-999.9
Bamako	1988	2	1	32	17.1	32.0	21.3	-999.9	0.0	1.9	96869.1	-999.9
Bamako	1988	2	2	33	18.4	32.7	21.3	-999.9	0.0	2.2	96711.5	-999.9
Bamako	1988	2	3	34	19.7	32.9	20.4	-999.9	0.0	2.5	96710.2	-999.9
Bamako	1988	2	4	35	19.7	33.0	19.2	-999.9	0.0	2.1	96717.9	-999.9
Bamako	1988	2	5	36	20.4	34.6	21.2	-999.9	0.0	2.2	96726.4	-999.9
Bamako	1988	2	6	37	20.1	36.0	21.8	-999.9	0.0	2.0	96691.4	-999.9
Bamako	1988	2	7	38	20.5	35.8	22.0	-999.9	0.0	2.3	96671.8	-999.9
Bamako	1988	2	8	39	19.7	32.9	22.0	-999.9	0.0	2.7	96696.9	-999.9
Bamako	1988	2	9	40	18.0	28.1	22.2	-999.9	0.0	3.2	96854.5	-999.9
Bamako	1988	2	10	41	15.6	27.5	21.4	-999.9	0.0	2.7	96929.9	-999.9
Bamako	1988	2	11	42	15.0	29.0	22.6	-999.9	0.0	2.6	96923.5	-999.9
Bamako	1988	2	12	43	16.0	31.1	22.5	-999.9	0.0	2.4	96859.7	-999.9
Bamako	1988	2	13	44	18.1	32.7	21.8	-999.9	0.0	2.1	96810.9	-999.9
Bamako	1988	2	14	45	18.4	33.5	22.7	-999.9	0.0	2.1	96777.2	-999.9
Bamako	1988	2	15	46	19.9	34.5	22.5	-999.9	0.0	2.4	96695.1	-999.9
Bamako	1988	2	16	47	21.8	35.3	21.6	-999.9	0.0	2.5	96596.2	-999.9
Bamako	1988	2	17	48	22.8	36.3	22.5	-999.9	0.0	2.7	96607.4	-999.9
Bamako	1988	2	18	49	21.5	37.3	22.6	-999.9	0.0	2.7	96640.2	-999.9
Bamako	1988	2	19	50	23.3	37.3	22.6	-999.9	0.0	3.1	96744.9	-999.9
Bamako	1988	2	20	51	23.5	36.6	22.8	-999.9	0.0	2.9	96676.5	-999.9
Bamako	1988	2	21	52	21.1	36.2	22.9	-999.9	0.0	2.3	96573.8	-999.9
Bamako	1988	2	22	53	21.4	36.8	22.8	-999.9	0.0	2.4	96566.6	-999.9
Bamako	1988	2	23	54	21.4	37.5	23.0	-999.9	0.0	2.3	96475.6	-999.9
Bamako	1988	2	24	55	23.0	36.9	22.4	-999.9	0.2	1.8	96315.3	-999.9
Bamako	1988	2	25	56	23.4	37.2	22.5	-999.9	0.0	2.2	96278.8	-999.9
Bamako	1988	2	26	57	21.4	39.1	23.5	-999.9	0.0	1.9	96218.9	-999.9
Bamako	1988	2	27	58	23.0	36.1	23.0	-999.9	0.0	3.3	96362.8	-999.9
Bamako	1988	2	28	59	24.1	36.2	21.6	-999.9	0.0	2.3	96353.9	-999.9
Bamako	1988	2	29	60	23.8	37.5	23.1	-999.9	0.0	1.7	96266.3	-999.9
Bamako	1988	3	1	61	24.8	37.3	22.7	-999.9	0.0	2.4	96291.7	-999.9
Bamako	1988	3	2	62	27.0	35.2	19.9	-999.9	0.0	1.9	96629.6	-999.9
Bamako	1988	3	3	63	25.0	33.5	19.6	-999.9	0.0	1.7	96753.7	-999.9
Bamako	1988	3	4	64	25.4	36.3	23.1	-999.9	0.0	1.6	96656.1	-999.9
Bamako	1988	3	5	65	24.0	35.8	23.5	-999.9	0.0	2.0	96637.1	-999.9
Bamako	1988	3	6	66	24.2	36.9	23.6	-999.9	0.0	2.3	96685.4	-999.9
Bamako	1988	3	7	67	24.1	36.8	23.8	-999.9	0.0	2.4	96682.9	-999.9
Bamako	1988	3	8	68	24.1	36.1	19.8	-999.9	0.0	2.3	96649.1	-999.9
Bamako	1988	3	9	69	22.3	37.4	24.1	-999.9	0.0	2.0	96719.0	-999.9
Bamako	1988	3	10	70	24.6	38.4	24.5	-999.9	0.0	2.9	96763.8	-999.9
Bamako	1988	3	11	71	24.2	37.9	24.9	-999.9	0.0	2.9	96792.4	-999.9
Bamako	1988	3	12	72	22.7	36.4	25.1	-999.9	0.0	2.8	96682.4	-999.9
Bamako	1988	3	13	73	20.9	36.6	25.0	-999.9	0.0	2.4	96565.7	-999.9
Bamako	1988	3	14	74	21.3	37.4	25.0	-999.9	0.0	2.0	96524.4	-999.9
Bamako	1988	3	15	75	21.5	38.8	24.4	-999.9	0.0	2.1	96562.0	-999.9
Bamako	1988	3	16	76	25.8	38.3	22.8	-999.9	0.0	1.8	96611.9	-999.9
Bamako	1988	3	17	77	23.3	39.0	24.6	-999.9	0.0	1.8	96610.7	-999.9
Bamako	1988	3	18	78	24.8	39.7	25.1	-999.9	0.0	2.6	96616.9	-999.9
Bamako	1988	3	19	79	22.4	38.9	25.3	-999.9	0.0	1.8	96634.2	-999.9
Bamako	1988	3	20	80	21.6	39.0	25.1	-999.9	0.0	1.5	96538.4	-999.9
Bamako	1988	3	21	81	22.2	37.1	23.6	-999.9	0.0	1.7	96596.2	-999.9
Bamako	1988	3	22	82	23.7	37.3	22.0	-999.9	0.0	1.8	96693.0	-999.9
Bamako	1988	3	23	83	26.5	38.9	23.4	-999.9	0.0	1.6	96621.2	-999.9
Bamako	1988	3	24	84	21.9	38.8	24.8	-999.9	0.0	2.2	96575.6	-999.9
Bamako	1988	3	25	85	24.7	37.2	25.7	-999.9	0.0	3.2	96622.4	-999.9
Bamako	1988	3	26	86	21.8	36.0	25.9	-999.9	0.0	2.1	96722.7	-999.9
Bamako	1988	3	27	87	21.5	36.9	25.1	-999.9	0.0	1.9	96686.6	-999.9
Bamako	1988	3	28	88	23.3	37.9	24.5	-999.9	2.0	1.5	96562.3	-999.9
Bamako	1988	3	29	89	26.0	39.5	23.4	-999.9	0.0	1.9	96426.0	-999.9
Bamako	1988	3	30	90	26.8	40.4	25.8	-999.9	0.0	2.8	96314.2	-999.9
Bamako	1988	3	31	91	22.9	39.7	24.9	-999.9	0.0	2.1	96389.5	-999.9
Bamako	1988	4	1	92	25.4	40.2	26.2	-999.9	0.0	2.4	96346.1	-999.9
Bamako	1988	4	2	93	22.3	40.4	25.9	-999.9	0.0	1.5	96277.0	-999.9
Bamako	1988	4	3	94	22.9	39.9	24.5	-999.9	0.0	1.6	96207.1	-999.9
Bamako	1988	4	4	95	25.2	40.3	25.4	-999.9	0.0	2.7	96371.2	-999.9
Bamako	1988	4	5	96	23.7	39.5	25.3	-999.9	0.0	1.9	96427.4	-999.9
Bamako	1988	4	6	97	25.4	39.8	24.2	-999.9	0.0	1.5	96388.9	-999.9
Bamako	1988	4	7	98	24.6	40.6	25.8	-999.9	0.0	1.6	96304.2	-999.9
Bamako	1988	4	8	99	25.8	41.0	26.0	-999.9	0.0	2.4	96290.4	-999.9
Bamako	1988	4	9	100	24.1	39.1	24.7	-999.9	0.0	1.8	96319.7	-999.9
Bamako	1988	4	10	101	27.3	37.9	22.8	-999.9	0.0	1.9	96455.8	-999.9
Bamako	1988	4	11	102	26.6	37.2	20.7	-999.9	0.0	2.0	96526.7	-999.9
Bamako	1988	4	12	103	25.4	39.3	21.1	-999.9	1.7	2.8	96509.7	-999.9
Bamako	1988	4	13	104	27.5	40.6	23.4	-999.9	1.7	3.0	96528.1	-999.9
Bamako	1988	4	14	105	25.4	40.8	25.9	-999.9	0.0	2.2	96490.0	-999.9
Bamako	1988	4	15	106	24.5	41.0	26.3	-999.9	0.0	2.1	96371.9	-999.9
Bamako	1988	4	16	107	23.6	40.9	26.2	-999.9	0.0	1.6	96279.8	-999.9
Bamako	1988	4	17	108	22.7	40.1	25.7	-999.9	0.0	1.8	96324.1	-999.9
Bamako	1988	4	18	109	24.5	40.4	25.9	-999.9	0.0	1.3	96433.3	-999.9
Bamako	1988	4	19	110	23.6	40.4	25.7	-999.9	0.0	1.6	96326.6	-999.9
Bamako	1988	4	20	111	24.0	40.7	26.2	-999.9	0.0	1.5	96217.1	-999.9
Bamako	1988	4	21	112	26.8	39.9	24.4	-999.9	0.0	2.1	96328.4	-999.9
Bamako	1988	4	22	113	27.1	38.5	20.2	-999.9	0.0	1.7	96502.5	-999.9
Bamako	1988	4	23	114	28.0	38.4	19.4	-999.9	0.0	2.2	96575.6	-999.9
Bamako	1988	4	24	115	28.5	38.7	22.1	-999.9	0.0	2.1	96381.9	-999.9
Bamako	1988	4	25	116	28.5	39.4	24.7	-999.9	0.0	2.3	96224.8	-999.9
Bamako	1988	4	26	117	25.3	37.4	23.8	-999.9	0.0	2.3	96420.3	-999.9
Bamako	1988	4	27	118	26.2	36.7	21.6	-999.9	0.0	1.8	96668.5	-999.9
Bamako	1988	4	28	119	25.6	35.0	20.2	-999.9	4.6	1.4	96794.4	-999.9
Bamako	1988	4	29	120	24.9	34.2	20.5	-999.9	0.0	1.7	96783.1	-999.9
Bamako	1988	4	30	121	26.2	36.6	23.8	-999.9	0.0	1.6	96676.3	-999.9
Bamako	1988	5	1	122	26.5	37.5	21.3	-999.9	0.0	2.2	96578.2	-999.9
Bamako	1988	5	2	123	23.0	39.2	24.0	-999.9	0.0	1.8	96494.0	-999.9
Bamako	1988	5	3	124	24.1	40.2	25.7	-999.9	0.0	1.6	96562.3	-999.9
Bamako	1988	5	4	125	26.2	40.6	24.0	-999.9	0.0	2.4	96512.3	-999.9
Bamako	1988	5	5	126	28.0	39.3	22.6	-999.9	0.0	2.1	96566.2	-999.9
Bamako	1988	5	6	127	27.6	40.7	24.5	-999.9	0.0	1.9	96529.6	-999.9
Bamako	1988	5	7	128	28.6	39.5	20.9	-999.9	0.0	1.7	96467.0	-999.9
Bamako	1988	5	8	129	27.8	40.4	23.4	-999.9	0.0	1.7	96411.1	-999.9
Bamako	1988	5	9	130	28.8	38.3	22.3	-999.9	0.0	2.3	96486.4	-999.9
Bamako	1988	5	10	131	28.4	39.4	22.7	-999.9	0.0	1.8	96453.9	-999.9
Bamako	1988	5	11	132	29.2	37.2	20.9	-999.9	0.0	1.9	96455.7	-999.9
Bamako	1988	5	12	133	27.8	39.1	21.2	-999.9	0.0	2.2	96451.8	-999.9
Bamako	1988	5	13	134	27.6	40.4	24.6	-999.9	0.0	1.7	96521.3	-999.9
Bamako	1988	5	14	135	25.0	40.0	24.7	-999.9	0.0	1.6	96556.4	-999.9
Bamako	1988	5	15	136	25.0	38.5	23.4	-999.9	0.0	1.2	96671.6	-999.9
Bamako	1988	5	16	137	26.0	39.7	24.9	-999.9	0.0	1.9	96667.6	-999.9
Bamako	1988	5	17	138	25.9	40.0	24.7	-999.9	0.0	2.1	96561.7	-999.9
Bamako	1988	5	18	139	28.3	38.4	20.4	-999.9	0.0	2.2	96568.7	-999.9
Bamako	1988	5	19	140	27.3	40.1	22.9	-999.9	0.0	2.0	96569.6	-999.9
Bamako	1988	5	20	141	28.7	40.0	23.5	-999.9	0.0	2.0	96612.2	-999.9
Bamako	1988	5	21	142	25.5	41.3	26.3	-999.9	0.0	1.8	96509.8	-999.9
Bamako	1988	5	22	143	24.9	39.0	23.5	-999.9	0.0	2.1	96566.5	-999.9
Bamako	1988	5	23	144	28.0	39.3	21.1	-999.9	0.0	1.6	96505.8	-999.9
Bamako	1988	5	24	145	29.0	40.0	22.7	-999.9	0.0	2.1	96403.6	-999.9
Bamako	1988	5	25	146	28.6	37.9	23.6	-999.9	0.0	2.5	96576.4	-999.9
Bamako	1988	5	26	147	27.3	37.6	21.4	-999.9	0.0	1.5	96652.2	-999.9
Bamako	1988	5	27	148	25.6	37.3	23.7	-999.9	9.0	1.7	96622.7	-999.9
Bamako	1988	5	28	149	25.7	35.6	23.2	-999.9	0.0	1.8	96619.1	-999.9
Bamako	1988	5	29	150	26.5	37.8	22.8	-999.9	0.0	1.8	96555.3	-999.9
Bamako	1988	5	30	151	27.5	40.7	23.9	-999.9	0.0	2.0	96405.3	-999.9
Bamako	1988	5	31	152	26.9	40.2	24.4	-999.9	7.8	2.2	96549.1	-999.9
Bamako	1988	6	1	153	28.1	40.1	23.5	-999.9	0.0	2.4	96578.3	-999.9
Bamako	1988	6	2	154	26.6	36.9	18.9	-999.9	6.2	2.2	96621.0	-999.9
Bamako	1988	6	3	155	25.0	32.0	17.7	-999.9	0.0	2.8	96861.5	-999.9
Bamako	1988	6	4	156	23.8	35.6	22.3	-999.9	0.0	1.8	96992.5	-999.9
Bamako	1988	6	5	157	25.7	36.8	22.0	-999.9	10.8	1.8	96948.8	-999.9
Bamako	1988	6	6	158	26.1	38.7	23.5	-999.9	0.0	2.5	96819.7	-999.9
Bamako	1988	6	7	159	25.2	39.8	24.7	-999.9	0.0	2.5	96599.0	-999.9
Bamako	1988	6	8	160	26.7	38.1	23.0	-999.9	11.5	2.1	96609.8	-999.9
Bamako	1988	6	9	161	24.1	34.3	23.8	-999.9	0.0	1.9	96773.5	-999.9
Bamako	1988	6	10	162	24.1	31.9	21.8	-999.9	0.0	1.5	96800.7	-999.9
Bamako	1988	6	11	163	22.8	30.2	16.0	-999.9	0.0	1.0	96844.1	-999.9
Bamako	1988	6	12	164	24.8	33.1	22.6	-999.9	0.0	1.4	96763.7	-999.9
Bamako	1988	6	13	165	24.4	34.0	23.7	-999.9	0.0	2.1	96717.6	-999.9
Bamako	1988	6	14	166	25.3	32.8	23.5	-999.9	5.5	2.1	96726.1	-999.9
Bamako	1988	6	15	167	25.7	33.1	21.4	-999.9	13.6	1.2	96688.7	-999.9
Bamako	1988	6	16	168	24.8	32.3	21.6	-999.9	0.0	1.6	96688.5	-999.9
Bamako	1988	6	17	169	24.7	32.5	22.4	-999.9	0.0	1.8	96698.0	-999.9
Bamako	1988	6	18	170	24.0	33.6	22.5	-999.9	5.8	1.4	96726.5	-999.9
Bamako	1988	6	19	171	23.6	29.8	15.4	-999.9	5.8	1.4	96911.4	-999.9
Bamako	1988	6	20	172	24.0	31.8	22.7	-999.9	11.6	1.3	96861.5	-999.9
Bamako	1988	6	21	173	24.8	33.7	22.9	-999.9	0.0	1.7	96653.0	-999.9
Bamako	1988	6	22	174	23.6	33.5	22.8	-999.9	16.0	1.8	96717.0	-999.9
Bamako	1988	6	23	175	23.0	31.5	20.2	-999.9	0.0	1.9	96792.1	-999.9
Bamako	1988	6	24	176	23.7	30.5	17.0	-999.9	18.3	1.1	96850.4	-999.9
Bamako	1988	6	25	177	23.2	30.7	20.7	-999.9	8.0	1.6	96891.6	-999.9
Bamako	1988	6	26	178	23.4	31.0	22.2	-999.9	0.0	1.4	96837.9	-999.9
Bamako	1988	6	27	179	24.7	32.4	21.6	-999.9	0.0	1.7	96825.3	-999.9
Bamako	1988	6	28	180	25.0	33.1	22.1	-999.9	0.0	2.5	96660.2	-999.9
Bamako	1988	6	29	181	25.9	33.1	22.9	-999.9	0.0	3.1	96382.2	-999.9
Bamako	1988	6	30	182	24.0	31.7	21.3	-999.9	8.5	2.5	96486.6	-999.9
Bamako	1988	7	1	183	23.1	30.0	17.0	-999.9	21.4	1.3	96636.6	-999.9
Bamako	1988	7	2	184	23.0	30.1	18.0	-999.9	7.1	1.6	96727.2	-999.9
Bamako	1988	7	3	185	23.0	30.4	18.6	-999.9	0.0	1.6	96660.1	-999.9
Bamako	1988	7	4	186	23.3	27.3	13.6	-999.9	0.0	1.8	96688.3	-999.9
Bamako	1988	7	5	187	23.0	30.1	19.9	-999.9	0.0	1.8	96737.2	-999.9
Bamako	1988	7	6	188	23.7	29.9	19.2	-999.9	6.8	1.7	96745.6	-999.9
Bamako	1988	7	7	189	23.1	28.9	17.2	-999.9	0.0	1.7	96828.5	-999.9
Bamako	1988	7	8	190	23.4	31.1	21.5	-999.9	0.0	1.8	96812.6	-999.9
Bamako	1988	7	9	191	24.1	28.2	14.0	-999.9	20.4	2.1	96721.9	-999.9
Bamako	1988	7	10	192	22.4	28.9	16.2	-999.9	0.0	1.6	96785.3	-999.9
Bamako	1988	7	11	193	23.1	26.8	8.2	-999.9	15.1	1.2	96997.1	-999.9
Bamako	1988	7	12	194	22.6	29.5	18.9	-999.9	7.6	1.6	97059.1	-999.9
Bamako	1988	7	13	195	22.3	29.1	16.1	-999.9	15.1	1.9	96938.0	-999.9
Bamako	1988	7	14	196	22.5	28.6	17.1	-999.9	7.6	1.3	96999.5	-999.9
Bamako	1988	7	15	197	22.4	29.8	21.4	-999.9	0.0	1.5	97079.0	-999.9
Bamako	1988	7	16	198	22.5	30.5	19.4	-999.9	0.0	2.4	97125.8	-999.9
Bamako	1988	7	17	199	23.1	26.5	11.9	-999.9	23.9	2.8	97024.4	-999.9
Bamako	1988	7	18	200	22.0	28.7	14.7	-999.9	0.0	2.1	96904.3	-999.9
Bamako	1988	7	19	201	22.6	29.4	20.6	-999.9	20.9	1.2	96999.6	-999.9
Bamako	1988	7	20	202	22.4	29.9	20.5	-999.9	20.9	1.5	97032.4	-999.9
Bamako	1988	7	21	203	23.4	30.4	19.6	-999.9	4.1	1.4	96859.8	-999.9
Bamako	1988	7	22	204	22.8	29.0	18.1	-999.9	5.5	1.7	96925.3	-999.9
Bamako	1988	7	23	205	22.8	30.2	22.3	-999.9	0.0	1.5	96948.8	-999.9
Bamako	1988	7	24	206	23.3	28.1	16.6	-999.9	35.2	1.9	96902.9	-999.9
Bamako	1988	7	25	207	22.8	29.6	16.7	-999.9	0.0	1.4	96781.5	-999.9
Bamako	1988	7	26	208	23.2	27.7	12.5	-999.9	0.0	2.3	96897.6	-999.9
Bamako	1988	7	27	209	22.3	29.2	20.7	-999.9	0.0	2.1	96997.0	-999.9
Bamako	1988	7	28	210	22.1	27.4	11.4	-999.9	0.0	1.6	97006.2	-999.9
Bamako	1988	7	29	211	22.2	28.9	17.1	-999.9	8.1	1.6	96857.7	-999.9
Bamako	1988	7	30	212	22.6	28.3	15.7	-999.9	24.4	1.5	96807.9	-999.9
Bamako	1988	7	31	213	22.6	28.7	15.9	-999.9	8.1	1.4	96834.2	-999.9
Bamako	1988	8	1	214	22.2	29.1	20.1	-999.9	27.9	1.0	96915.1	-999.9
Bamako	1988	8	2	215	22.3	29.3	20.9	-999.9	18.6	1.0	96950.5	-999.9
Bamako	1988	8	3	216	23.1	29.5	21.0	-999.9	0.0	1.4	96981.0	-999.9
Bamako	1988	8	4	217	23.1	29.6	20.1	-999.9	0.0	1.8	96923.6	-999.9
Bamako	1988	8	5	218	22.4	29.4	18.8	-999.9	0.0	2.1	96869.7	-999.9
Bamako	1988	8	6	219	23.1	29.6	19.2	-999.9	0.0	1.6	96805.4	-999.9
Bamako	1988	8	7	220	22.7	29.6	18.8	-999.9	0.0	1.0	96863.6	-999.9
Bamako	1988	8	8	221	22.6	29.3	19.2	-999.9	12.1	1.3	96831.2	-999.9
Bamako	1988	8	9	222	22.3	29.5	20.6	-999.9	0.0	1.1	96772.9	-999.9
Bamako	1988	8	10	223	22.4	30.3	19.7	-999.9	0.0	1.6	96730.7	-999.9
Bamako	1988	8	11	224	23.4	30.2	19.8	-999.9	3.2	1.5	96706.6	-999.9
Bamako	1988	8	12	225	22.7	28.2	13.6	-999.9	7.9	1.2	96701.8	-999.9
Bamako	1988	8	13	226	22.6	27.5	16.0	-999.9	1.6	1.7	96859.3	-999.9
Bamako	1988	8	14	227	22.9	28.9	14.7	-999.9	10.6	1.5	96850.6	-999.9
Bamako	1988	8	15	228	22.4	27.7	13.1	-999.9	33.1	1.2	96691.3	-999.9
Bamako	1988	8	16	229	22.5	28.3	15.7	-999.9	26.0	1.6	96716.5	-999.9
Bamako	1988	8	17	230	22.3	26.2	12.4	-999.9	0.0	1.4	96905.9	-999.9
Bamako	1988	8	18	231	22.3	28.0	16.7	-999.9	34.7	1.7	96922.2	-999.9
Bamako	1988	8	19	232	22.2	29.2	18.1	-999.9	34.7	1.2	96704.4	-999.9
Bamako	1988	8	20	233	22.5	28.1	15.7	-999.9	0.0	1.7	96689.9	-999.9
Bamako	1988	8	21	234	22.6	25.7	10.1	-999.9	11.5	1.7	96789.9	-999.9
Bamako	1988	8	22	235	22.4	28.6	16.3	-999.9	0.0	2.0	96819.9	-999.9
Bamako	1988	8	23	236	22.6	25.7	7.4	-999.9	11.5	2.2	96726.9	-999.9
Bamako	1988	8	24	237	22.1	27.3	16.5	-999.9	22.9	1.1	96599.4	-999.9
Bamako	1988	8	25	238	22.2	28.4	16.7	-999.9	22.9	1.1	96563.4	-999.9
Bamako	1988	8	26	239	22.1	24.4	5.9	-999.9	23.3	1.3	96505.0	-999.9
Bamako	1988	8	27	240	21.7	27.3	16.0	-999.9	0.0	1.9	96644.5	-999.9
Bamako	1988	8	28	241	21.2	28.6	20.2	-999.9	20.4	1.5	96804.1	-999.9
Bamako	1988	8	29	242	22.0	28.8	18.4	-999.9	20.4	1.9	96604.8	-999.9
Bamako	1988	8	30	243	22.2	26.1	10.5	-999.9	13.6	1.6	96542.4	-999.9
Bamako	1988	8	31	244	22.5	28.4	16.7	-999.9	13.6	1.2	96819.1	-999.9
Bamako	1988	9	1	245	22.6	28.4	13.3	-999.9	11.6	1.2	96929.6	-999.9
Bamako	1988	9	2	246	22.0	29.1	19.4	-999.9	5.8	0.9	96816.8	-999.9
Bamako	1988	9	3	247	22.4	28.7	16.3	-999.9	11.6	1.2	96782.7	-999.9
Bamako	1988	9	4	248	22.2	28.2	16.9	-999.9	0.0	1.1	96820.5	-999.9
Bamako	1988	9	5	249	22.2	29.2	20.4	-999.9	0.0	1.5	96805.5	-999.9
Bamako	1988	9	6	250	22.3	27.9	15.1	-999.9	7.2	1.3	96858.8	-999.9
Bamako	1988	9	7	251	22.3	28.5	17.7	-999.9	0.0	2.0	96846.2	-999.9
Bamako	1988	9	8	252	21.7	29.8	23.6	-999.9	0.0	2.2	96754.9	-999.9
Bamako	1988	9	9	253	23.1	30.1	19.0	-999.9	19.0	2.3	96649.6	-999.9
Bamako	1988	9	10	254	22.5	28.6	13.7	-999.9	12.7	1.5	96603.1	-999.9
Bamako	1988	9	11	255	21.9	26.8	12.6	-999.9	9.4	1.5	96689.7	-999.9
Bamako	1988	9	12	256	22.1	27.8	14.0	-999.9	2.4	1.2	96714.4	-999.9
Bamako	1988	9	13	257	21.7	29.1	18.0	-999.9	3.5	1.1	96648.1	-999.9
Bamako	1988	9	14	258	21.2	30.2	22.7	-999.9	0.0	1.3	96719.3	-999.9
Bamako	1988	9	15	259	22.2	28.7	18.7	-999.9	0.2	1.2	96862.1	-999.9
Bamako	1988	9	16	260	22.5	29.5	20.2	-999.9	0.0	0.9	96850.2	-999.9
Bamako	1988	9	17	261	22.8	30.0	20.4	-999.9	23.7	1.0	96756.7	-999.9
Bamako	1988	9	18	262	22.5	29.0	19.5	-999.9	0.0	1.3	96748.0	-999.9
Bamako	1988	9	19	263	22.3	30.7	22.2	-999.9	0.0	1.2	96839.9	-999.9
Bamako	1988	9	20	264	23.2	31.1	22.6	-999.9	0.0	1.3	96917.5	-999.9
Bamako	1988	9	21	265	22.2	29.2	15.7	-999.9	20.6	1.7	96964.4	-999.9
Bamako	1988	9	22	266	23.1	30.5	21.7	-999.9	0.0	1.7	96778.3	-999.9
Bamako	1988	9	23	267	22.1	29.6	20.4	-999.9	6.9	1.6	96801.0	-999.9
Bamako	1988	9	24	268	22.5	31.3	21.5	-999.9	0.0	1.3	96808.1	-999.9
Bamako	1988	9	25	269	23.8	31.5	20.2	-999.9	6.9	1.8	96707.8	-999.9
Bamako	1988	9	26	270	22.5	29.1	16.8	-999.9	0.0	1.9	96859.9	-999.9
Bamako	1988	9	27	271	21.7	31.0	23.5	-999.9	0.0	0.9	96832.4	-999.9
Bamako	1988	9	28	272	23.7	31.2	21.5	-999.9	5.9	1.4	96698.3	-999.9
Bamako	1988	9	29	273	22.0	30.4	21.8	-999.9	11.9	1.4	96792.0	-999.9
Bamako	1988	9	30	274	22.6	29.9	18.9	-999.9	11.9	1.5	96832.0	-999.9
Bamako	1988	10	1	275	23.1	28.5	13.7	-999.9	0.0	1.4	96800.5	-999.9
Bamako	1988	10	2	276	22.4	29.7	18.9	-999.9	0.0	1.0	96757.9	-999.9
Bamako	1988	10	3	277	22.2	29.7	20.0	-999.9	10.9	1.2	96738.1	-999.9
Bamako	1988	10	4	278	22.8	27.9	13.6	-999.9	0.0	1.1	96764.4	-999.9
Bamako	1988	10	5	279	22.5	30.7	20.6	-999.9	0.0	1.0	96843.9	-999.9
Bamako	1988	10	6	280	22.3	32.2	22.8	-999.9	0.0	1.3	96843.0	-999.9
Bamako	1988	10	7	281	21.6	32.9	23.6	-999.9	0.0	1.1	96747.4	-999.9
Bamako	1988	10	8	282	21.6	32.4	22.8	-999.9	0.0	1.2	96686.2	-999.9
Bamako	1988	10	9	283	21.5	31.8	23.9	-999.9	0.0	1.2	96811.8	-999.9
Bamako	1988	10	10	284	21.3	31.9	23.2	-999.9	0.0	0.8	96887.1	-999.9
Bamako	1988	10	11	285	23.3	33.0	23.1	-999.9	0.0	1.3	96804.5	-999.9
Bamako	1988	10	12	286	22.8	31.3	21.9	-999.9	0.0	1.4	96736.1	-999.9
Bamako	1988	10	13	287	23.4	31.5	21.2	-999.9	0.0	1.1	96738.8	-999.9
Bamako	1988	10	14	288	23.0	31.7	21.2	-999.9	2.5	0.9	96665.9	-999.9
Bamako	1988	10	15	289	23.0	30.7	18.8	-999.9	0.3	1.0	96620.1	-999.9
Bamako	1988	10	16	290	23.5	32.0	22.1	-999.9	1.8	1.3	96668.1	-999.9
Bamako	1988	10	17	291	23.7	31.1	18.4	-999.9	3.3	1.4	96722.5	-999.9
Bamako	1988	10	18	292	23.2	28.7	15.5	-999.9	4.3	1.4	96706.9	-999.9
Bamako	1988	10	19	293	23.6	31.0	19.1	-999.9	1.4	1.6	96649.8	-999.9
Bamako	1988	10	20	294	22.6	30.0	19.7	-999.9	1.3	1.0	96803.9	-999.9
Bamako	1988	10	21	295	21.7	31.9	21.1	-999.9	0.0	1.2	96786.6	-999.9
Bamako	1988	10	22	296	21.1	32.7	23.4	-999.9	0.0	1.5	96685.0	-999.9
Bamako	1988	10	23	297	19.9	32.8	22.5	-999.9	0.0	1.0	96612.2	-999.9
Bamako	1988	10	24	298	19.7	32.5	22.8	-999.9	0.0	0.8	96596.0	-999.9
Bamako	1988	10	25	299	20.7	32.6	22.4	-999.9	0.0	1.0	96599.1	-999.9
Bamako	1988	10	26	300	20.7	32.9	22.5	-999.9	0.0	1.2	96516.3	-999.9
Bamako	1988	10	27	301	20.3	32.7	21.4	-999.9	0.0	1.3	96467.6	-999.9
Bamako	1988	10	28	302	22.4	32.0	21.7	-999.9	0.0	1.6	96688.2	-999.9
Bamako	1988	10	29	303	23.0	33.3	20.5	-999.9	0.0	1.2	96850.1	-999.9
Bamako	1988	10	30	304	20.5	34.0	22.7	-999.9	0.0	1.6	96830.0	-999.9
Bamako	1988	10	31	305	20.4	34.0	22.4	-999.9	0.0	1.6	96653.9	-999.9
Bamako	1988	11	1	306	19.8	33.3	21.2	-999.9	0.0	1.3	96712.8	-999.9
Bamako	1988	11	2	307	21.7	32.3	20.0	-999.9	0.0	1.2	96788.3	-999.9
Bamako	1988	11	3	308	22.5	30.9	18.7	-999.9	0.0	1.4	96821.2	-999.9
Bamako	1988	11	4	309	23.2	30.8	16.4	-999.9	0.0	1.1	96792.5	-999.9
Bamako	1988	11	5	310	22.8	31.1	17.9	-999.9	2.5	1.1	96857.9	-999.9
Bamako	1988	11	6	311	21.3	34.3	21.8	-999.9	0.0	1.1	96901.4	-999.9
Bamako	1988	11	7	312	20.2	34.8	21.9	-999.9	0.0	1.4	96878.6	-999.9
Bamako	1988	11	8	313	18.6	34.2	22.6	-999.9	0.0	2.1	96799.5	-999.9
Bamako	1988	11	9	314	20.2	33.6	22.0	-999.9	0.0	1.1	96772.5	-999.9
Bamako	1988	11	10	315	19.3	33.7	21.0	-999.9	0.0	1.0	96809.9	-999.9
Bamako	1988	11	11	316	20.7	33.7	20.5	-999.9	0.0	1.2	96761.2	-999.9
Bamako	1988	11	12	317	19.7	34.2	21.4	-999.9	0.0	1.2	96774.6	-999.9
Bamako	1988	11	13	318	19.6	34.7	21.9	-999.9	0.0	1.5	96783.2	-999.9
Bamako	1988	11	14	319	19.1	34.2	21.4	-999.9	0.0	2.1	96788.2	-999.9
Bamako	1988	11	15	320	19.3	33.9	21.6	-999.9	0.0	1.8	96706.0	-999.9
Bamako	1988	11	16	321	18.1	33.8	21.7	-999.9	0.0	1.8	96661.7	-999.9
Bamako	1988	11	17	322	17.7	33.4	21.7	-999.9	0.0	2.0	96661.0	-999.9
Bamako	1988	11	18	323	17.6	33.3	21.4	-999.9	0.0	1.9	96726.7	-999.9
Bamako	1988	11	19	324	20.0	32.6	21.1	-999.9	0.0	2.6	96811.7	-999.9
Bamako	1988	11	20	325	20.6	31.7	21.2	-999.9	0.0	2.7	96908.8	-999.9
Bamako	1988	11	21	326	18.1	30.3	21.1	-999.9	0.0	2.1	96963.2	-999.9
Bamako	1988	11	22	327	15.3	30.7	20.8	-999.9	0.0	1.6	96872.9	-999.9
Bamako	1988	11	23	328	18.0	32.1	20.1	-999.9	0.0	1.8	96845.7	-999.9
Bamako	1988	11	24	329	18.8	33.6	20.7	-999.9	0.0	1.8	96839.8	-999.9
Bamako	1988	11	25	330	19.9	34.1	20.7	-999.9	0.0	1.8	96806.1	-999.9
Bamako	1988	11	26	331	18.7	32.4	20.5	-999.9	0.0	1.2	96726.9	-999.9
Bamako	1988	11	27	332	18.7	32.5	20.6	-999.9	0.0	1.4	96675.3	-999.9
Bamako	1988	11	28	333	19.2	31.4	20.5	-999.9	0.0	1.7	96693.6	-999.9
Bamako	1988	11	29	334	18.5	31.1	20.4	-999.9	0.0	1.8	96713.4	-999.9
Bamako	1988	11	30	335	18.8	29.6	20.2	-999.9	0.0	2.3	96815.1	-999.9
Bamako	1988	12	1	336	18.4	30.1	20.0	-999.9	0.0	2.0	96762.6	-999.9
Bamako	1988	12	2	337	17.8	31.3	20.4	-999.9	0.0	1.9	96778.0	-999.9
Bamako	1988	12	3	338	19.1	31.7	19.0	-999.9	0.0	2.1	96916.8	-999.9
Bamako	1988	12	4	339	19.6	32.4	19.6	-999.9	0.0	2.2	96985.2	-999.9
Bamako	1988	12	5	340	19.8	33.7	20.3	-999.9	0.0	2.4	96827.5	-999.9
Bamako	1988	12	6	341	18.0	33.7	20.5	-999.9	0.0	1.9	96669.9	-999.9
Bamako	1988	12	7	342	17.1	34.2	20.6	-999.9	0.0	2.1	96528.8	-999.9
Bamako	1988	12	8	343	18.0	33.1	20.0	-999.9	0.0	2.0	96636.2	-999.9
Bamako	1988	12	9	344	19.4	33.0	20.2	-999.9	0.0	2.5	96782.4	-999.9
Bamako	1988	12	10	345	18.0	30.5	20.4	-999.9	0.0	2.5	96945.6	-999.9
Bamako	1988	12	11	346	15.2	26.5	20.3	-999.9	0.0	2.5	97057.4	-999.9
Bamako	1988	12	12	347	12.2	25.5	20.8	-999.9	0.0	2.3	97043.0	-999.9
Bamako	1988	12	13	348	12.9	27.0	20.3	-999.9	0.0	2.2	96948.0	-999.9
Bamako	1988	12	14	349	15.1	28.7	20.1	-999.9	0.0	2.3	96972.5	-999.9
Bamako	1988	12	15	350	15.8	27.6	17.9	-999.9	0.0	2.3	97002.1	-999.9
Bamako	1988	12	16	351	16.3	27.6	19.6	-999.9	0.0	2.1	96856.7	-999.9
Bamako	1988	12	17	352	16.3	27.9	18.5	-999.9	0.0	2.1	96884.8	-999.9
Bamako	1988	12	18	353	16.8	30.1	19.7	-999.9	0.0	2.2	96922.1	-999.9
Bamako	1988	12	19	354	17.8	31.1	20.0	-999.9	0.0	2.6	96824.0	-999.9
Bamako	1988	12	20	355	18.5	30.7	20.0	-999.9	0.0	2.9	96877.8	-999.9
Bamako	1988	12	21	356	17.4	30.3	20.0	-999.9	0.0	2.2	96899.5	-999.9
Bamako	1988	12	22	357	15.9	28.0	20.3	-999.9	0.0	2.7	96928.1	-999.9
Bamako	1988	12	23	358	15.0	26.0	20.3	-999.9	0.0	2.8	97018.8	-999.9
Bamako	1988	12	24	359	13.4	25.3	20.3	-999.9	0.0	2.4	97024.1	-999.9
Bamako	1988	12	25	360	13.5	27.0	20.3	-999.9	0.0	2.0	97046.6	-999.9
Bamako	1988	12	26	361	14.1	28.8	20.3	-999.9	0.0	1.9	96972.0	-999.9
Bamako	1988	12	27	362	15.2	30.1	20.2	-999.9	0.0	1.9	96873.5	-999.9
Bamako	1988	12	28	363	16.3	30.9	19.8	-999.9	0.0	1.9	96811.0	-999.9
Bamako	1988	12	29	364	17.4	31.6	19.9	-999.9	0.0	2.0	96835.2	-999.9
Bamako	1988	12	30	365	17.6	31.6	20.1	-999.9	0.0	2.1	96869.9	-999.9
Bamako	1988	12	31	366	18.0	30.6	20.1	-999.9	0.0	2.5	96994.6	-999.9
