Bobo-Dioulasso	2024	1	1	1	17.2	34.4	21.0	-999.9	0.0	2.1	96869.8	-999.9
Bobo-Dioulasso	2024	1	2	2	18.4	34.6	21.0	-999.9	0.0	2.0	96969.9	-999.9
Bobo-Dioulasso	2024	1	3	3	18.6	34.5	20.9	-999.9	0.0	2.1	96915.1	-999.9
Bobo-Dioulasso	2024	1	4	4	18.8	34.7	20.8	-999.9	0.0	2.1	96899.8	-999.9
Bobo-Dioulasso	2024	1	5	5	18.9	34.9	20.8	-999.9	0.0	2.0	96833.6	-999.9
Bobo-Dioulasso	2024	1	6	6	19.7	35.0	20.0	-999.9	0.0	2.1	96828.7	-999.9
Bobo-Dioulasso	2024	1	7	7	19.8	35.0	20.0	-999.9	0.0	1.9	96815.9	-999.9
Bobo-Dioulasso	2024	1	8	8	19.9	35.5	20.7	-999.9	0.0	2.1	96731.8	-999.9
Bobo-Dioulasso	2024	1	9	9	19.8	35.4	20.9	-999.9	0.0	1.8	96731.0	-999.9
Bobo-Dioulasso	2024	1	10	10	19.2	35.5	20.8	-999.9	0.0	1.7	96797.5	-999.9
Bobo-Dioulasso	2024	1	11	11	19.2	36.1	21.1	-999.9	0.0	2.1	96731.5	-999.9
Bobo-Dioulasso	2024	1	12	12	19.7	35.8	21.2	-999.9	0.0	2.6	96770.5	-999.9
Bobo-Dioulasso	2024	1	13	13	20.7	35.0	21.4	-999.9	0.0	2.8	96879.1	-999.9
Bobo-Dioulasso	2024	1	14	14	19.3	34.3	21.4	-999.9	0.0	2.2	96915.3	-999.9
Bobo-Dioulasso	2024	1	15	15	18.5	34.5	21.4	-999.9	0.0	2.3	97001.1	-999.9
Bobo-Dioulasso	2024	1	16	16	18.5	34.3	21.5	-999.9	0.0	2.0	97064.6	-999.9
Bobo-Dioulasso	2024	1	17	17	19.0	33.7	21.7	-999.9	0.0	2.3	97045.4	-999.9
Bobo-Dioulasso	2024	1	18	18	17.9	33.6	21.8	-999.9	0.0	1.8	96906.1	-999.9
Bobo-Dioulasso	2024	1	19	19	17.6	34.2	21.6	-999.9	0.0	1.6	96917.1	-999.9
Bobo-Dioulasso	2024	1	20	20	19.8	35.3	21.7	-999.9	0.0	1.7	96938.4	-999.9
Bobo-Dioulasso	2024	1	21	21	20.6	35.7	21.7	-999.9	0.0	2.3	96984.5	-999.9
Bobo-Dioulasso	2024	1	22	22	20.0	34.6	21.6	-999.9	0.0	2.3	96987.6	-999.9
Bobo-Dioulasso	2024	1	23	23	19.8	35.1	22.2	-999.9	0.0	2.3	96949.2	-999.9
Bobo-Dioulasso	2024	1	24	24	19.0	35.1	22.2	-999.9	0.0	2.5	96984.0	-999.9
Bobo-Dioulasso	2024	1	25	25	20.2	33.8	22.0	-999.9	0.0	2.9	97037.4	-999.9
Bobo-Dioulasso	2024	1	26	26	19.5	32.6	22.1	-999.9	0.0	2.7	97079.8	-999.9
Bobo-Dioulasso	2024	1	27	27	18.5	32.2	22.2	-999.9	0.0	2.6	97054.3	-999.9
Bobo-Dioulasso	2024	1	28	28	18.3	32.1	22.2	-999.9	0.0	2.2	97003.8	-999.9
Bobo-Dioulasso	2024	1	29	29	18.5	32.7	22.1	-999.9	0.0	2.1	96963.0	-999.9
Bobo-Dioulasso	2024	1	30	30	19.1	33.6	21.8	-999.9	0.0	2.3	96910.0	-999.9
Bobo-Dioulasso	2024	1	31	31	20.1	34.5	21.6	-999.9	0.0	2.3	96944.1	-999.9
Bobo-Dioulasso	2024	2	1	32	21.6	34.7	21.6	-999.9	0.0	2.7	97063.4	-999.9
Bobo-Dioulasso	2024	2	2	33	21.5	34.3	21.9	-999.9	0.0	2.9	96973.9	-999.9
Bobo-Dioulasso	2024	2	3	34	20.2	33.4	22.2	-999.9	0.0	2.4	96865.2	-999.9
Bobo-Dioulasso	2024	2	4	35	19.9	33.5	22.4	-999.9	0.0	2.6	96931.2	-999.9
Bobo-Dioulasso	2024	2	5	36	20.4	33.8	21.8	-999.9	0.0	2.7	97069.1	-999.9
Bobo-Dioulasso	2024	2	6	37	19.4	33.4	22.4	-999.9	0.0	2.7	97135.2	-999.9
Bobo-Dioulasso	2024	2	7	38	19.7	34.1	22.5	-999.9	0.0	2.6	97092.5	-999.9
Bobo-Dioulasso	2024	2	8	39	20.2	35.1	22.6	-999.9	0.0	2.5	96961.9	-999.9
Bobo-Dioulasso	2024	2	9	40	18.9	35.3	22.6	-999.9	0.0	2.0	96904.3	-999.9
Bobo-Dioulasso	2024	2	10	41	18.8	36.6	22.3	-999.9	0.0	2.0	96810.4	-999.9
Bobo-Dioulasso	2024	2	11	42	19.7	37.1	22.9	-999.9	0.0	2.0	96700.3	-999.9
Bobo-Dioulasso	2024	2	12	43	20.2	37.6	22.9	-999.9	0.0	2.2	96696.1	-999.9
Bobo-Dioulasso	2024	2	13	44	22.7	38.2	22.1	-999.9	0.0	2.3	96758.7	-999.9
Bobo-Dioulasso	2024	2	14	45	21.2	38.4	23.2	-999.9	0.0	2.2	96778.4	-999.9
Bobo-Dioulasso	2024	2	15	46	21.9	38.0	23.3	-999.9	0.0	2.5	96779.7	-999.9
Bobo-Dioulasso	2024	2	16	47	22.6	37.0	23.2	-999.9	0.0	2.4	96746.5	-999.9
Bobo-Dioulasso	2024	2	17	48	21.5	36.6	23.4	-999.9	0.0	2.2	96755.4	-999.9
Bobo-Dioulasso	2024	2	18	49	20.1	37.0	23.0	-999.9	0.0	2.0	96710.3	-999.9
Bobo-Dioulasso	2024	2	19	50	22.1	37.1	23.3	-999.9	0.0	2.4	96686.0	-999.9
Bobo-Dioulasso	2024	2	20	51	22.4	35.6	23.5	-999.9	0.0	2.5	96610.6	-999.9
Bobo-Dioulasso	2024	2	21	52	21.0	35.4	23.8	-999.9	0.0	2.3	96540.7	-999.9
Bobo-Dioulasso	2024	2	22	53	21.8	35.3	23.8	-999.9	0.0	2.7	96573.4	-999.9
Bobo-Dioulasso	2024	2	23	54	19.8	35.3	24.2	-999.9	0.0	2.4	96624.6	-999.9
Bobo-Dioulasso	2024	2	24	55	19.9	36.5	24.0	-999.9	0.0	2.2	96701.9	-999.9
Bobo-Dioulasso	2024	2	25	56	20.8	37.3	23.8	-999.9	0.0	1.9	96707.9	-999.9
Bobo-Dioulasso	2024	2	26	57	23.2	35.8	18.3	-999.9	0.0	2.0	96610.2	-999.9
Bobo-Dioulasso	2024	2	27	58	27.1	36.7	17.6	-999.9	0.0	1.8	96510.9	-999.9
Bobo-Dioulasso	2024	2	28	59	26.9	37.3	19.1	-999.9	1.3	2.0	96491.7	-999.9
Bobo-Dioulasso	2024	2	29	60	25.6	38.4	23.3	-999.9	0.0	2.2	96488.0	-999.9
Bobo-Dioulasso	2024	3	1	61	23.0	37.8	24.0	-999.9	0.0	1.9	96464.6	-999.9
Bobo-Dioulasso	2024	3	2	62	24.1	37.7	22.3	-999.9	0.0	1.3	96544.2	-999.9
Bobo-Dioulasso	2024	3	3	63	26.4	37.8	22.7	-999.9	0.0	2.2	96609.1	-999.9
Bobo-Dioulasso	2024	3	4	64	25.4	37.8	23.4	-999.9	0.0	1.8	96611.4	-999.9
Bobo-Dioulasso	2024	3	5	65	23.9	38.9	23.6	-999.9	0.0	2.4	96596.3	-999.9
Bobo-Dioulasso	2024	3	6	66	23.1	39.2	24.4	-999.9	0.0	2.1	96634.4	-999.9
Bobo-Dioulasso	2024	3	7	67	23.1	38.5	24.8	-999.9	0.0	1.8	96646.7	-999.9
Bobo-Dioulasso	2024	3	8	68	24.4	37.6	22.3	-999.9	0.0	2.0	96584.4	-999.9
Bobo-Dioulasso	2024	3	9	69	27.3	37.2	20.7	-999.9	0.0	1.7	96560.2	-999.9
Bobo-Dioulasso	2024	3	10	70	27.4	39.0	22.8	-999.9	0.0	1.9	96526.0	-999.9
Bobo-Dioulasso	2024	3	11	71	28.1	39.2	21.2	-999.9	0.9	1.9	96594.2	-999.9
Bobo-Dioulasso	2024	3	12	72	27.3	39.8	24.3	-999.9	0.0	2.1	96648.7	-999.9
Bobo-Dioulasso	2024	3	13	73	25.2	39.7	23.7	-999.9	0.0	1.6	96586.2	-999.9
Bobo-Dioulasso	2024	3	14	74	28.0	38.4	22.2	-999.9	0.0	2.2	96589.4	-999.9
Bobo-Dioulasso	2024	3	15	75	27.6	38.4	23.7	-999.9	0.0	1.8	96626.4	-999.9
Bobo-Dioulasso	2024	3	16	76	25.7	39.4	25.2	-999.9	0.0	2.1	96541.5	-999.9
Bobo-Dioulasso	2024	3	17	77	23.3	38.9	25.7	-999.9	0.0	2.1	96492.0	-999.9
Bobo-Dioulasso	2024	3	18	78	23.6	39.4	25.5	-999.9	0.0	1.8	96343.3	-999.9
Bobo-Dioulasso	2024	3	19	79	25.1	38.6	24.2	-999.9	0.0	2.1	96310.7	-999.9
Bobo-Dioulasso	2024	3	20	80	27.4	37.3	21.8	-999.9	0.0	2.1	96358.1	-999.9
Bobo-Dioulasso	2024	3	21	81	26.2	38.2	23.2	-999.9	0.0	1.2	96406.1	-999.9
Bobo-Dioulasso	2024	3	22	82	26.7	37.3	20.1	-999.9	0.7	2.1	96355.5	-999.9
Bobo-Dioulasso	2024	3	23	83	27.2	36.9	20.6	-999.9	0.0	2.5	96362.0	-999.9
Bobo-Dioulasso	2024	3	24	84	26.2	36.2	21.2	-999.9	1.3	2.3	96505.7	-999.9
Bobo-Dioulasso	2024	3	25	85	25.6	37.8	23.3	-999.9	0.7	2.0	96519.5	-999.9
Bobo-Dioulasso	2024	3	26	86	26.7	35.4	18.3	-999.9	0.0	2.3	96577.8	-999.9
Bobo-Dioulasso	2024	3	27	87	27.6	36.5	19.4	-999.9	0.0	1.5	96528.7	-999.9
Bobo-Dioulasso	2024	3	28	88	27.5	38.7	23.9	-999.9	0.0	1.4	96550.1	-999.9
Bobo-Dioulasso	2024	3	29	89	26.3	39.7	24.5	-999.9	0.0	2.0	96501.4	-999.9
Bobo-Dioulasso	2024	3	30	90	27.9	37.9	21.3	-999.9	0.0	2.3	96438.7	-999.9
Bobo-Dioulasso	2024	3	31	91	28.2	39.6	23.3	-999.9	3.4	2.2	96463.7	-999.9
Bobo-Dioulasso	2024	4	1	92	27.9	39.2	23.5	-999.9	0.0	2.6	96534.8	-999.9
Bobo-Dioulasso	2024	4	2	93	28.2	39.9	24.1	-999.9	0.0	2.2	96455.4	-999.9
Bobo-Dioulasso	2024	4	3	94	28.3	38.7	24.1	-999.9	0.0	2.7	96319.3	-999.9
Bobo-Dioulasso	2024	4	4	95	27.9	38.0	24.0	-999.9	0.0	2.7	96323.1	-999.9
Bobo-Dioulasso	2024	4	5	96	28.1	37.5	23.5	-999.9	6.3	2.7	96415.7	-999.9
Bobo-Dioulasso	2024	4	6	97	26.9	36.5	22.0	-999.9	16.2	2.0	96563.6	-999.9
Bobo-Dioulasso	2024	4	7	98	26.4	34.9	22.6	-999.9	5.4	1.9	96634.5	-999.9
Bobo-Dioulasso	2024	4	8	99	26.9	36.8	24.2	-999.9	5.4	2.3	96465.7	-999.9
Bobo-Dioulasso	2024	4	9	100	25.9	36.6	24.0	-999.9	0.0	2.4	96395.2	-999.9
Bobo-Dioulasso	2024	4	10	101	25.6	35.7	23.5	-999.9	5.4	2.0	96481.6	-999.9
Bobo-Dioulasso	2024	4	11	102	25.1	36.0	23.7	-999.9	0.1	1.8	96575.8	-999.9
Bobo-Dioulasso	2024	4	12	103	27.5	36.0	18.3	-999.9	0.7	2.2	96559.4	-999.9
Bobo-Dioulasso	2024	4	13	104	25.4	35.8	18.6	-999.9	0.0	2.3	96548.2	-999.9
Bobo-Dioulasso	2024	4	14	105	22.4	35.3	25.7	-999.9	0.0	1.6	96654.7	-999.9
Bobo-Dioulasso	2024	4	15	106	23.0	36.2	23.4	-999.9	0.0	2.3	96707.9	-999.9
Bobo-Dioulasso	2024	4	16	107	23.8	37.4	25.2	-999.9	0.0	2.3	96610.0	-999.9
Bobo-Dioulasso	2024	4	17	108	23.7	37.8	23.7	-999.9	0.0	1.8	96509.4	-999.9
Bobo-Dioulasso	2024	4	18	109	23.9	39.2	25.8	-999.9	0.0	2.0	96496.8	-999.9
Bobo-Dioulasso	2024	4	19	110	23.9	39.5	26.3	-999.9	0.0	1.8	96443.6	-999.9
Bobo-Dioulasso	2024	4	20	111	27.2	38.2	25.0	-999.9	0.0	2.6	96348.3	-999.9
Bobo-Dioulasso	2024	4	21	112	28.3	37.5	23.1	-999.9	1.7	3.3	96331.9	-999.9
Bobo-Dioulasso	2024	4	22	113	25.8	36.5	24.4	-999.9	0.0	2.7	96494.0	-999.9
Bobo-Dioulasso	2024	4	23	114	27.3	37.4	22.4	-999.9	0.0	2.1	96478.1	-999.9
Bobo-Dioulasso	2024	4	24	115	28.1	39.0	23.9	-999.9	3.4	2.4	96438.2	-999.9
Bobo-Dioulasso	2024	4	25	116	28.0	38.8	24.6	-999.9	0.0	2.6	96378.2	-999.9
Bobo-Dioulasso	2024	4	26	117	28.5	38.0	24.5	-999.9	0.0	2.5	96295.3	-999.9
Bobo-Dioulasso	2024	4	27	118	28.9	38.0	23.8	-999.9	2.1	2.3	96261.2	-999.9
Bobo-Dioulasso	2024	4	28	119	27.4	36.9	22.6	-999.9	2.1	2.5	96424.2	-999.9
Bobo-Dioulasso	2024	4	29	120	26.7	38.2	25.3	-999.9	0.0	1.6	96506.3	-999.9
Bobo-Dioulasso	2024	4	30	121	26.8	39.0	25.9	-999.9	0.0	2.9	96405.3	-999.9
Bobo-Dioulasso	2024	5	1	122	27.1	39.1	26.0	-999.9	0.0	2.5	96309.0	-999.9
Bobo-Dioulasso	2024	5	2	123	26.0	37.0	25.0	-999.9	0.0	2.3	96374.0	-999.9
Bobo-Dioulasso	2024	5	3	124	27.5	37.5	24.5	-999.9	0.0	2.3	96525.0	-999.9
Bobo-Dioulasso	2024	5	4	125	27.1	38.0	23.7	-999.9	0.0	2.3	96556.1	-999.9
Bobo-Dioulasso	2024	5	5	126	28.9	38.6	24.0	-999.9	3.3	2.5	96351.8	-999.9
Bobo-Dioulasso	2024	5	6	127	28.4	37.5	23.2	-999.9	1.8	3.0	96304.5	-999.9
Bobo-Dioulasso	2024	5	7	128	25.7	33.6	16.9	-999.9	0.0	1.7	96540.0	-999.9
Bobo-Dioulasso	2024	5	8	129	26.3	37.1	25.0	-999.9	0.0	1.6	96463.3	-999.9
Bobo-Dioulasso	2024	5	9	130	26.3	35.6	23.8	-999.9	1.8	2.4	96485.3	-999.9
Bobo-Dioulasso	2024	5	10	131	26.2	37.1	25.2	-999.9	0.0	2.3	96382.4	-999.9
Bobo-Dioulasso	2024	5	11	132	27.6	37.8	25.1	-999.9	0.0	2.8	96385.2	-999.9
Bobo-Dioulasso	2024	5	12	133	27.4	36.8	24.1	-999.9	0.0	3.1	96521.8	-999.9
Bobo-Dioulasso	2024	5	13	134	26.9	34.3	22.9	-999.9	0.0	2.3	96611.8	-999.9
Bobo-Dioulasso	2024	5	14	135	26.7	34.6	22.5	-999.9	0.0	2.4	96576.6	-999.9
Bobo-Dioulasso	2024	5	15	136	25.6	36.1	24.5	-999.9	0.0	1.9	96595.6	-999.9
Bobo-Dioulasso	2024	5	16	137	25.9	35.8	23.7	-999.9	4.0	1.6	96745.8	-999.9
Bobo-Dioulasso	2024	5	17	138	25.0	34.9	21.3	-999.9	3.7	1.7	96869.4	-999.9
Bobo-Dioulasso	2024	5	18	139	26.3	36.9	24.7	-999.9	0.0	2.0	96646.9	-999.9
Bobo-Dioulasso	2024	5	19	140	27.5	35.4	21.8	-999.9	0.0	2.6	96555.3	-999.9
Bobo-Dioulasso	2024	5	20	141	28.1	36.4	23.5	-999.9	0.0	2.5	96551.5	-999.9
Bobo-Dioulasso	2024	5	21	142	28.0	36.9	23.5	-999.9	0.0	2.3	96664.8	-999.9
Bobo-Dioulasso	2024	5	22	143	27.2	36.5	23.5	-999.9	2.6	1.7	96683.8	-999.9
Bobo-Dioulasso	2024	5	23	144	27.1	36.1	24.6	-999.9	0.0	2.5	96617.5	-999.9
Bobo-Dioulasso	2024	5	24	145	26.7	36.6	25.1	-999.9	0.0	2.1	96623.2	-999.9
Bobo-Dioulasso	2024	5	25	146	27.2	37.0	23.3	-999.9	7.7	2.6	96620.3	-999.9
Bobo-Dioulasso	2024	5	26	147	25.9	33.6	19.0	-999.9	0.0	2.4	96759.9	-999.9
Bobo-Dioulasso	2024	5	27	148	25.3	34.7	25.1	-999.9	0.0	1.7	96862.0	-999.9
Bobo-Dioulasso	2024	5	28	149	27.1	36.7	24.5	-999.9	0.0	2.0	96775.4	-999.9
Bobo-Dioulasso	2024	5	29	150	28.2	36.9	23.6	-999.9	5.0	2.5	96753.7	-999.9
Bobo-Dioulasso	2024	5	30	151	27.0	36.8	24.6	-999.9	0.0	2.9	96635.7	-999.9
Bobo-Dioulasso	2024	5	31	152	27.7	35.8	24.3	-999.9	5.0	3.3	96652.1	-999.9
Bobo-Dioulasso	2024	6	1	153	26.3	35.6	24.4	-999.9	0.0	2.6	96807.8	-999.9
Bobo-Dioulasso	2024	6	2	154	26.2	34.5	23.5	-999.9	0.0	2.5	96848.1	-999.9
Bobo-Dioulasso	2024	6	3	155	26.4	34.9	23.5	-999.9	6.4	2.1	96859.4	-999.9
Bobo-Dioulasso	2024	6	4	156	23.6	34.3	24.0	-999.9	9.6	1.9	96749.2	-999.9
Bobo-Dioulasso	2024	6	5	157	26.0	34.3	23.4	-999.9	3.2	2.1	96765.4	-999.9
Bobo-Dioulasso	2024	6	6	158	26.2	34.3	23.5	-999.9	0.0	2.5	96742.5	-999.9
Bobo-Dioulasso	2024	6	7	159	24.1	34.0	23.1	-999.9	0.0	2.4	96959.3	-999.9
Bobo-Dioulasso	2024	6	8	160	25.7	31.7	19.4	-999.9	10.3	2.3	96985.0	-999.9
Bobo-Dioulasso	2024	6	9	161	25.3	33.5	21.8	-999.9	20.6	1.7	96803.5	-999.9
Bobo-Dioulasso	2024	6	10	162	24.8	32.7	23.5	-999.9	20.6	1.9	96818.8	-999.9
Bobo-Dioulasso	2024	6	11	163	24.7	32.6	24.6	-999.9	0.0	2.5	96857.0	-999.9
Bobo-Dioulasso	2024	6	12	164	24.8	32.9	23.8	-999.9	0.0	2.0	96785.1	-999.9
Bobo-Dioulasso	2024	6	13	165	25.3	32.4	22.8	-999.9	1.0	1.9	96772.5	-999.9
Bobo-Dioulasso	2024	6	14	166	24.9	32.3	23.2	-999.9	0.2	2.5	96757.0	-999.9
Bobo-Dioulasso	2024	6	15	167	24.3	32.9	23.8	-999.9	1.4	2.1	96736.4	-999.9
Bobo-Dioulasso	2024	6	16	168	23.5	31.0	18.9	-999.9	4.3	2.1	96686.2	-999.9
Bobo-Dioulasso	2024	6	17	169	23.2	29.8	18.9	-999.9	0.0	2.0	96775.3	-999.9
Bobo-Dioulasso	2024	6	18	170	24.1	31.8	22.4	-999.9	0.0	1.6	96805.6	-999.9
Bobo-Dioulasso	2024	6	19	171	24.9	32.8	23.1	-999.9	0.0	2.3	96698.9	-999.9
Bobo-Dioulasso	2024	6	20	172	23.6	32.2	23.8	-999.9	8.7	2.0	96677.0	-999.9
Bobo-Dioulasso	2024	6	21	173	25.1	31.8	23.9	-999.9	10.3	2.5	96799.2	-999.9
Bobo-Dioulasso	2024	6	22	174	23.9	32.3	24.4	-999.9	0.0	2.0	96785.9	-999.9
Bobo-Dioulasso	2024	6	23	175	24.5	32.7	24.5	-999.9	0.0	2.0	96739.5	-999.9
Bobo-Dioulasso	2024	6	24	176	24.8	33.4	23.7	-999.9	10.3	2.1	96678.5	-999.9
Bobo-Dioulasso	2024	6	25	177	25.1	30.7	17.9	-999.9	0.0	2.3	96730.2	-999.9
Bobo-Dioulasso	2024	6	26	178	24.7	31.9	22.4	-999.9	0.0	2.2	96725.2	-999.9
Bobo-Dioulasso	2024	6	27	179	23.8	33.1	24.6	-999.9	0.0	2.0	96660.9	-999.9
Bobo-Dioulasso	2024	6	28	180	24.0	30.9	19.8	-999.9	14.7	2.4	96761.4	-999.9
Bobo-Dioulasso	2024	6	29	181	23.8	32.3	24.6	-999.9	0.0	2.2	96706.8	-999.9
Bobo-Dioulasso	2024	6	30	182	24.9	30.6	17.2	-999.9	19.6	2.5	96734.5	-999.9
Bobo-Dioulasso	2024	7	1	183	23.6	30.8	22.3	-999.9	0.0	2.1	96859.7	-999.9
Bobo-Dioulasso	2024	7	2	184	24.0	32.3	22.4	-999.9	0.0	2.9	96787.6	-999.9
Bobo-Dioulasso	2024	7	3	185	23.9	31.4	18.4	-999.9	22.7	2.8	96702.3	-999.9
Bobo-Dioulasso	2024	7	4	186	22.8	27.8	13.9	-999.9	11.4	2.8	96796.7	-999.9
Bobo-Dioulasso	2024	7	5	187	22.4	30.2	22.0	-999.9	0.0	1.5	96887.5	-999.9
Bobo-Dioulasso	2024	7	6	188	23.8	30.1	21.1	-999.9	12.9	1.6	96843.9	-999.9
Bobo-Dioulasso	2024	7	7	189	23.0	27.4	12.1	-999.9	0.0	2.5	96805.3	-999.9
Bobo-Dioulasso	2024	7	8	190	22.6	30.3	20.4	-999.9	0.0	2.2	96747.7	-999.9
Bobo-Dioulasso	2024	7	9	191	23.1	29.3	18.1	-999.9	19.4	1.8	96707.7	-999.9
Bobo-Dioulasso	2024	7	10	192	22.1	29.5	19.0	-999.9	0.0	2.0	96821.7	-999.9
Bobo-Dioulasso	2024	7	11	193	23.2	30.2	18.7	-999.9	7.0	2.0	96887.8	-999.9
Bobo-Dioulasso	2024	7	12	194	23.0	29.2	15.6	-999.9	0.0	1.9	96839.1	-999.9
Bobo-Dioulasso	2024	7	13	195	22.4	29.2	19.3	-999.9	0.0	2.5	96883.6	-999.9
Bobo-Dioulasso	2024	7	14	196	23.0	29.6	19.3	-999.9	0.0	2.1	96957.0	-999.9
Bobo-Dioulasso	2024	7	15	197	23.0	28.6	15.0	-999.9	14.0	2.1	97005.4	-999.9
Bobo-Dioulasso	2024	7	16	198	22.8	29.2	17.8	-999.9	9.5	1.7	96959.7	-999.9
Bobo-Dioulasso	2024	7	17	199	22.7	29.5	19.0	-999.9	19.0	1.6	96910.9	-999.9
Bobo-Dioulasso	2024	7	18	200	23.0	27.8	15.3	-999.9	9.5	2.5	96915.1	-999.9
Bobo-Dioulasso	2024	7	19	201	22.7	29.6	17.7	-999.9	0.0	2.4	96911.4	-999.9
Bobo-Dioulasso	2024	7	20	202	23.6	31.0	22.8	-999.9	0.0	2.1	96717.0	-999.9
Bobo-Dioulasso	2024	7	21	203	23.6	29.6	18.0	-999.9	0.0	2.5	96779.8	-999.9
Bobo-Dioulasso	2024	7	22	204	23.2	29.1	13.9	-999.9	19.5	2.0	96963.8	-999.9
Bobo-Dioulasso	2024	7	23	205	23.3	28.3	13.8	-999.9	9.8	1.7	97070.9	-999.9
Bobo-Dioulasso	2024	7	24	206	22.7	29.2	19.1	-999.9	0.0	2.4	97069.3	-999.9
Bobo-Dioulasso	2024	7	25	207	22.9	29.5	20.2	-999.9	0.0	2.2	96952.6	-999.9
Bobo-Dioulasso	2024	7	26	208	22.5	27.6	13.6	-999.9	18.0	2.3	96939.5	-999.9
Bobo-Dioulasso	2024	7	27	209	21.9	29.8	20.3	-999.9	0.0	2.1	96904.5	-999.9
Bobo-Dioulasso	2024	7	28	210	23.3	30.0	19.5	-999.9	18.0	2.2	96903.3	-999.9
Bobo-Dioulasso	2024	7	29	211	22.5	25.3	9.2	-999.9	36.0	1.8	96835.9	-999.9
Bobo-Dioulasso	2024	7	30	212	22.1	28.1	17.8	-999.9	0.0	2.8	96848.3	-999.9
Bobo-Dioulasso	2024	7	31	213	22.7	29.0	18.8	-999.9	0.0	2.3	96770.9	-999.9
Bobo-Dioulasso	2024	8	1	214	23.3	29.3	18.9	-999.9	15.7	2.4	96711.3	-999.9
Bobo-Dioulasso	2024	8	2	215	23.3	27.7	19.2	-999.9	0.0	2.9	96761.0	-999.9
Bobo-Dioulasso	2024	8	3	216	22.7	28.7	21.0	-999.9	0.0	2.5	96878.6	-999.9
Bobo-Dioulasso	2024	8	4	217	23.2	29.1	18.6	-999.9	15.7	2.1	97006.1	-999.9
Bobo-Dioulasso	2024	8	5	218	22.8	28.6	17.3	-999.9	0.0	2.0	96936.3	-999.9
Bobo-Dioulasso	2024	8	6	219	22.7	29.0	18.7	-999.9	0.0	2.3	96805.5	-999.9
Bobo-Dioulasso	2024	8	7	220	22.2	29.2	19.2	-999.9	17.9	2.4	96714.6	-999.9
Bobo-Dioulasso	2024	8	8	221	23.4	30.1	19.7	-999.9	0.0	2.1	96633.8	-999.9
Bobo-Dioulasso	2024	8	9	222	23.0	29.7	20.5	-999.9	0.0	2.1	96784.0	-999.9
Bobo-Dioulasso	2024	8	10	223	22.7	29.8	21.0	-999.9	0.0	1.8	96792.8	-999.9
Bobo-Dioulasso	2024	8	11	224	21.9	29.2	20.2	-999.9	15.9	2.4	96783.4	-999.9
Bobo-Dioulasso	2024	8	12	225	23.3	28.5	14.9	-999.9	63.4	2.2	96665.1	-999.9
Bobo-Dioulasso	2024	8	13	226	22.4	25.2	9.2	-999.9	15.9	2.9	96635.4	-999.9
Bobo-Dioulasso	2024	8	14	227	22.6	28.1	17.3	-999.9	0.0	3.4	96780.0	-999.9
Bobo-Dioulasso	2024	8	15	228	22.4	27.4	14.4	-999.9	0.0	2.5	96918.0	-999.9
Bobo-Dioulasso	2024	8	16	229	22.7	28.7	18.7	-999.9	7.3	2.5	96788.9	-999.9
Bobo-Dioulasso	2024	8	17	230	22.7	25.6	8.7	-999.9	7.3	2.7	96675.6	-999.9
Bobo-Dioulasso	2024	8	18	231	22.6	28.7	19.3	-999.9	0.0	2.6	96923.3	-999.9
Bobo-Dioulasso	2024	8	19	232	22.3	28.9	19.0	-999.9	7.3	2.0	96986.3	-999.9
Bobo-Dioulasso	2024	8	20	233	21.9	23.7	6.4	-999.9	29.2	1.2	96829.3	-999.9
Bobo-Dioulasso	2024	8	21	234	22.0	27.4	18.7	-999.9	19.1	2.6	96876.2	-999.9
Bobo-Dioulasso	2024	8	22	235	22.3	28.7	20.3	-999.9	0.3	2.3	96882.0	-999.9
Bobo-Dioulasso	2024	8	23	236	23.0	29.5	17.9	-999.9	0.6	2.0	96625.5	-999.9
Bobo-Dioulasso	2024	8	24	237	22.4	27.1	11.2	-999.9	7.9	2.3	96730.6	-999.9
Bobo-Dioulasso	2024	8	25	238	22.4	28.5	18.8	-999.9	0.8	2.1	96999.9	-999.9
Bobo-Dioulasso	2024	8	26	239	22.4	30.0	19.6	-999.9	0.0	2.5	96785.5	-999.9
Bobo-Dioulasso	2024	8	27	240	22.7	26.7	8.1	-999.9	18.7	2.9	96612.7	-999.9
Bobo-Dioulasso	2024	8	28	241	22.9	28.0	16.4	-999.9	16.9	2.7	96844.7	-999.9
Bobo-Dioulasso	2024	8	29	242	22.7	27.6	15.2	-999.9	4.8	2.3	96935.0	-999.9
Bobo-Dioulasso	2024	8	30	243	23.0	27.7	17.3	-999.9	7.4	2.5	96791.5	-999.9
Bobo-Dioulasso	2024	8	31	244	22.3	27.3	13.3	-999.9	3.6	2.0	96724.8	-999.9
Bobo-Dioulasso	2024	9	1	245	22.8	28.0	14.0	-999.9	0.0	2.8	96707.1	-999.9
Bobo-Dioulasso	2024	9	2	246	22.9	27.6	16.3	-999.9	0.0	2.8	96779.5	-999.9
Bobo-Dioulasso	2024	9	3	247	23.2	28.7	18.5	-999.9	0.0	2.5	96774.5	-999.9
Bobo-Dioulasso	2024	9	4	248	23.0	27.2	13.4	-999.9	0.0	2.7	96728.7	-999.9
Bobo-Dioulasso	2024	9	5	249	22.9	26.9	14.5	-999.9	15.0	3.3	96710.2	-999.9
Bobo-Dioulasso	2024	9	6	250	22.7	27.6	17.6	-999.9	0.0	2.9	96773.6	-999.9
Bobo-Dioulasso	2024	9	7	251	22.1	28.7	18.7	-999.9	11.2	1.6	96894.4	-999.9
Bobo-Dioulasso	2024	9	8	252	21.9	23.8	5.3	-999.9	44.6	2.0	96842.9	-999.9
Bobo-Dioulasso	2024	9	9	253	21.8	28.4	18.0	-999.9	0.0	1.5	96965.9	-999.9
Bobo-Dioulasso	2024	9	10	254	22.4	29.1	21.0	-999.9	0.0	1.8	96874.1	-999.9
Bobo-Dioulasso	2024	9	11	255	22.8	29.6	20.3	-999.9	2.8	1.6	96749.2	-999.9
Bobo-Dioulasso	2024	9	12	256	22.5	28.4	20.5	-999.9	3.5	2.1	96821.6	-999.9
Bobo-Dioulasso	2024	9	13	257	22.8	28.6	19.8	-999.9	0.8	1.9	96921.2	-999.9
Bobo-Dioulasso	2024	9	14	258	22.7	28.9	19.2	-999.9	3.2	0.9	96950.8	-999.9
Bobo-Dioulasso	2024	9	15	259	21.8	29.2	21.0	-999.9	23.4	1.0	96866.5	-999.9
Bobo-Dioulasso	2024	9	16	260	22.7	28.2	15.6	-999.9	8.4	1.6	96941.2	-999.9
Bobo-Dioulasso	2024	9	17	261	21.8	29.5	20.8	-999.9	0.0	1.5	96877.9	-999.9
Bobo-Dioulasso	2024	9	18	262	22.8	28.4	16.9	-999.9	8.4	1.4	96826.2	-999.9
Bobo-Dioulasso	2024	9	19	263	22.3	29.0	19.0	-999.9	4.2	1.1	96722.5	-999.9
Bobo-Dioulasso	2024	9	20	264	22.4	28.6	18.9	-999.9	4.2	1.7	96695.9	-999.9
Bobo-Dioulasso	2024	9	21	265	22.0	29.0	20.0	-999.9	0.0	1.3	96706.7	-999.9
Bobo-Dioulasso	2024	9	22	266	22.0	30.2	22.5	-999.9	0.0	1.0	96714.3	-999.9
Bobo-Dioulasso	2024	9	23	267	22.2	28.5	17.5	-999.9	23.6	1.1	96674.4	-999.9
Bobo-Dioulasso	2024	9	24	268	22.1	27.4	15.5	-999.9	11.8	2.0	96780.8	-999.9
Bobo-Dioulasso	2024	9	25	269	22.4	29.3	20.8	-999.9	23.6	0.9	96870.1	-999.9
Bobo-Dioulasso	2024	9	26	270	22.3	28.6	16.7	-999.9	17.8	1.4	96904.8	-999.9
Bobo-Dioulasso	2024	9	27	271	21.7	29.2	20.0	-999.9	11.8	1.4	96845.2	-999.9
Bobo-Dioulasso	2024	9	28	272	22.2	29.7	21.9	-999.9	0.0	1.5	96781.2	-999.9
Bobo-Dioulasso	2024	9	29	273	22.3	30.1	22.2	-999.9	5.9	1.5	96838.2	-999.9
Bobo-Dioulasso	2024	9	30	274	22.5	30.6	23.6	-999.9	0.0	1.1	96717.0	-999.9
Bobo-Dioulasso	2024	10	1	275	23.0	30.8	22.3	-999.9	1.3	1.5	96585.6	-999.9
Bobo-Dioulasso	2024	10	2	276	23.1	29.1	16.9	-999.9	4.9	1.8	96623.0	-999.9
Bobo-Dioulasso	2024	10	3	277	23.2	30.2	21.6	-999.9	0.0	1.5	96710.2	-999.9
Bobo-Dioulasso	2024	10	4	278	23.2	31.1	22.5	-999.9	0.0	2.0	96755.1	-999.9
Bobo-Dioulasso	2024	10	5	279	23.1	26.3	10.4	-999.9	22.2	1.6	96767.7	-999.9
Bobo-Dioulasso	2024	10	6	280	22.1	27.9	17.0	-999.9	15.3	1.3	96786.6	-999.9
Bobo-Dioulasso	2024	10	7	281	21.9	25.6	9.6	-999.9	30.6	2.2	96830.3	-999.9
Bobo-Dioulasso	2024	10	8	282	22.2	26.6	13.3	-999.9	30.6	1.9	96996.5	-999.9
Bobo-Dioulasso	2024	10	9	283	21.7	30.2	22.8	-999.9	0.0	1.1	96964.7	-999.9
Bobo-Dioulasso	2024	10	10	284	21.5	30.4	22.7	-999.9	15.3	1.4	96828.5	-999.9
Bobo-Dioulasso	2024	10	11	285	23.0	29.7	21.4	-999.9	14.0	1.5	96900.8	-999.9
Bobo-Dioulasso	2024	10	12	286	22.4	30.9	22.7	-999.9	0.0	1.7	96915.9	-999.9
Bobo-Dioulasso	2024	10	13	287	23.0	31.0	22.6	-999.9	0.0	1.8	96858.9	-999.9
Bobo-Dioulasso	2024	10	14	288	22.1	30.1	22.5	-999.9	7.0	1.6	96916.7	-999.9
Bobo-Dioulasso	2024	10	15	289	22.6	29.9	21.9	-999.9	0.0	1.6	96875.7	-999.9
Bobo-Dioulasso	2024	10	16	290	22.5	30.4	21.9	-999.9	0.0	1.7	96923.9	-999.9
Bobo-Dioulasso	2024	10	17	291	22.6	30.9	22.2	-999.9	0.0	1.8	96898.4	-999.9
Bobo-Dioulasso	2024	10	18	292	22.6	30.4	21.2	-999.9	6.1	1.6	96875.7	-999.9
Bobo-Dioulasso	2024	10	19	293	23.1	31.2	22.8	-999.9	0.0	1.6	96833.4	-999.9
Bobo-Dioulasso	2024	10	20	294	21.7	31.7	22.4	-999.9	12.3	1.4	96761.1	-999.9
Bobo-Dioulasso	2024	10	21	295	23.3	31.7	22.3	-999.9	0.0	1.4	96764.7	-999.9
Bobo-Dioulasso	2024	10	22	296	23.4	31.4	20.6	-999.9	0.0	1.2	96784.6	-999.9
Bobo-Dioulasso	2024	10	23	297	22.7	29.5	17.7	-999.9	0.0	1.6	96829.2	-999.9
Bobo-Dioulasso	2024	10	24	298	22.5	30.5	20.9	-999.9	24.8	1.1	96889.7	-999.9
Bobo-Dioulasso	2024	10	25	299	23.6	31.8	21.0	-999.9	12.4	1.3	96771.9	-999.9
Bobo-Dioulasso	2024	10	26	300	23.7	30.8	21.1	-999.9	0.0	1.5	96793.2	-999.9
Bobo-Dioulasso	2024	10	27	301	22.0	31.0	20.8	-999.9	0.0	1.7	96748.0	-999.9
Bobo-Dioulasso	2024	10	28	302	20.7	31.5	22.6	-999.9	0.0	1.6	96684.9	-999.9
Bobo-Dioulasso	2024	10	29	303	21.0	31.1	22.7	-999.9	0.0	1.6	96709.2	-999.9
Bobo-Dioulasso	2024	10	30	304	20.7	31.9	21.5	-999.9	0.0	2.0	96749.6	-999.9
Bobo-Dioulasso	2024	10	31	305	20.6	31.8	21.7	-999.9	0.0	1.6	96783.4	-999.9
Bobo-Dioulasso	2024	11	1	306	20.3	32.8	22.6	-999.9	0.0	1.4	96721.2	-999.9
Bobo-Dioulasso	2024	11	2	307	21.2	32.6	22.0	-999.9	0.0	1.3	96616.4	-999.9
Bobo-Dioulasso	2024	11	3	308	22.2	32.1	21.6	-999.9	0.0	1.9	96812.1	-999.9
Bobo-Dioulasso	2024	11	4	309	21.4	32.1	22.6	-999.9	0.0	1.9	96879.1	-999.9
Bobo-Dioulasso	2024	11	5	310	18.3	32.2	22.8	-999.9	0.0	2.3	96735.3	-999.9
Bobo-Dioulasso	2024	11	6	311	19.5	31.4	22.7	-999.9	0.0	1.9	96645.2	-999.9
Bobo-Dioulasso	2024	11	7	312	19.7	31.7	22.6	-999.9	0.0	1.8	96751.4	-999.9
Bobo-Dioulasso	2024	11	8	313	18.1	32.2	22.3	-999.9	0.0	2.0	96856.6	-999.9
Bobo-Dioulasso	2024	11	9	314	19.4	32.6	22.1	-999.9	0.0	2.0	96859.0	-999.9
Bobo-Dioulasso	2024	11	10	315	19.6	32.5	22.0	-999.9	0.0	1.9	96768.5	-999.9
Bobo-Dioulasso	2024	11	11	316	19.4	32.3	22.1	-999.9	0.0	2.1	96673.8	-999.9
Bobo-Dioulasso	2024	11	12	317	19.3	32.6	22.0	-999.9	0.0	1.7	96644.1	-999.9
Bobo-Dioulasso	2024	11	13	318	20.6	32.5	19.8	-999.9	0.0	1.8	96678.6	-999.9
Bobo-Dioulasso	2024	11	14	319	21.2	33.5	21.3	-999.9	0.0	1.9	96673.1	-999.9
Bobo-Dioulasso	2024	11	15	320	21.3	33.8	20.7	-999.9	0.0	1.7	96635.4	-999.9
Bobo-Dioulasso	2024	11	16	321	21.9	33.5	21.5	-999.9	0.0	2.0	96679.9	-999.9
Bobo-Dioulasso	2024	11	17	322	19.2	33.3	22.0	-999.9	0.0	2.1	96683.2	-999.9
Bobo-Dioulasso	2024	11	18	323	18.3	32.3	21.9	-999.9	0.0	2.1	96713.0	-999.9
Bobo-Dioulasso	2024	11	19	324	17.6	32.1	21.8	-999.9	0.0	2.0	96828.3	-999.9
Bobo-Dioulasso	2024	11	20	325	18.6	32.4	21.5	-999.9	0.0	2.3	96924.9	-999.9
Bobo-Dioulasso	2024	11	21	326	19.3	32.6	21.6	-999.9	0.0	2.3	96838.7	-999.9
Bobo-Dioulasso	2024	11	22	327	17.1	32.4	21.9	-999.9	0.0	2.1	96842.0	-999.9
Bobo-Dioulasso	2024	11	23	328	17.1	32.5	21.8	-999.9	0.0	2.1	96827.7	-999.9
Bobo-Dioulasso	2024	11	24	329	18.0	33.2	21.6	-999.9	0.0	2.4	96882.5	-999.9
Bobo-Dioulasso	2024	11	25	330	18.7	33.3	21.5	-999.9	0.0	2.3	96910.3	-999.9
Bobo-Dioulasso	2024	11	26	331	18.3	32.8	21.3	-999.9	0.0	2.3	96922.8	-999.9
Bobo-Dioulasso	2024	11	27	332	19.8	31.9	18.9	-999.9	0.0	2.2	96899.0	-999.9
Bobo-Dioulasso	2024	11	28	333	18.1	31.1	21.5	-999.9	0.0	2.3	96942.8	-999.9
Bobo-Dioulasso	2024	11	29	334	17.6	30.7	21.2	-999.9	0.0	2.1	97011.6	-999.9
Bobo-Dioulasso	2024	11	30	335	17.5	30.6	21.1	-999.9	0.0	2.0	97036.1	-999.9
Bobo-Dioulasso	2024	12	1	336	17.2	30.9	21.1	-999.9	0.0	2.0	96882.9	-999.9
Bobo-Dioulasso	2024	12	2	337	17.1	31.6	21.0	-999.9	0.0	1.9	96805.5	-999.9
Bobo-Dioulasso	2024	12	3	338	19.4	32.5	19.4	-999.9	0.0	2.0	96776.9	-999.9
Bobo-Dioulasso	2024	12	4	339	20.7	32.5	20.8	-999.9	0.0	2.5	96830.0	-999.9
Bobo-Dioulasso	2024	12	5	340	18.3	31.6	21.3	-999.9	0.0	2.6	96869.6	-999.9
Bobo-Dioulasso	2024	12	6	341	17.6	31.4	21.0	-999.9	0.0	2.2	96803.8	-999.9
Bobo-Dioulasso	2024	12	7	342	17.4	31.2	20.2	-999.9	0.0	2.2	96838.4	-999.9
Bobo-Dioulasso	2024	12	8	343	17.6	31.4	20.7	-999.9	0.0	2.2	96838.5	-999.9
Bobo-Dioulasso	2024	12	9	344	18.2	31.8	19.4	-999.9	0.0	2.0	96830.1	-999.9
Bobo-Dioulasso	2024	12	10	345	18.9	32.9	19.6	-999.9	0.0	1.9	96778.4	-999.9
Bobo-Dioulasso	2024	12	11	346	19.6	34.1	20.3	-999.9	0.0	2.1	96750.4	-999.9
Bobo-Dioulasso	2024	12	12	347	20.7	34.8	20.0	-999.9	0.0	2.2	96672.0	-999.9
Bobo-Dioulasso	2024	12	13	348	19.6	34.5	20.8	-999.9	0.0	2.7	96755.1	-999.9
Bobo-Dioulasso	2024	12	14	349	21.3	33.9	21.0	-999.9	0.0	2.9	96758.1	-999.9
Bobo-Dioulasso	2024	12	15	350	19.6	33.4	21.0	-999.9	0.0	2.5	96817.3	-999.9
Bobo-Dioulasso	2024	12	16	351	17.6	32.8	21.0	-999.9	0.0	2.3	96931.8	-999.9
Bobo-Dioulasso	2024	12	17	352	17.5	32.5	21.0	-999.9	0.0	2.3	96937.4	-999.9
Bobo-Dioulasso	2024	12	18	353	18.0	32.3	20.9	-999.9	0.0	2.6	96993.6	-999.9
Bobo-Dioulasso	2024	12	19	354	18.4	30.3	20.9	-999.9	0.0	2.8	97078.5	-999.9
Bobo-Dioulasso	2024	12	20	355	17.1	29.6	20.9	-999.9	0.0	2.5	97083.3	-999.9
Bobo-Dioulasso	2024	12	21	356	16.4	30.2	20.7	-999.9	0.0	2.2	96987.6	-999.9
Bobo-Dioulasso	2024	12	22	357	16.8	31.1	20.4	-999.9	0.0	2.0	96938.0	-999.9
Bobo-Dioulasso	2024	12	23	358	17.8	32.8	20.3	-999.9	0.0	2.0	96789.4	-999.9
Bobo-Dioulasso	2024	12	24	359	19.1	32.9	20.1	-999.9	0.0	2.0	96766.0	-999.9
Bobo-Dioulasso	2024	12	25	360	19.3	32.1	20.6	-999.9	0.0	2.5	96855.7	-999.9
Bobo-Dioulasso	2024	12	26	361	18.2	32.1	20.9	-999.9	0.0	2.4	96891.5	-999.9
Bobo-Dioulasso	2024	12	27	362	18.0	33.0	20.6	-999.9	0.0	2.3	96841.9	-999.9
Bobo-Dioulasso	2024	12	28	363	17.4	32.5	20.8	-999.9	0.0	2.3	96892.6	-999.9
Bobo-Dioulasso	2024	12	29	364	17.1	32.8	20.9	-999.9	0.0	2.3	96850.2	-999.9
Bobo-Dioulasso	2024	12	30	365	17.8	32.7	20.8	-999.9	0.0	2.3	96839.3	-999.9
Bobo-Dioulasso	2024	12	31	366	19.3	33.3	20.7	-999.9	0.0	2.5	96826.7	-999.9
