Bobo-Dioulasso	2001	1	1	1	17.2	33.2	21.0	-999.9	0.0	1.9	96733.6	-999.9
Bobo-Dioulasso	2001	1	2	2	17.1	33.0	21.0	-999.9	0.0	1.9	96719.1	-999.9
Bobo-Dioulasso	2001	1	3	3	18.1	32.6	20.9	-999.9	0.0	2.0	96823.8	-999.9
Bobo-Dioulasso	2001	1	4	4	17.3	32.0	21.2	-999.9	0.0	2.3	96832.7	-999.9
Bobo-Dioulasso	2001	1	5	5	16.9	31.5	21.1	-999.9	0.0	2.0	96831.6	-999.9
Bobo-Dioulasso	2001	1	6	6	16.0	31.8	21.1	-999.9	0.0	1.7	96808.8	-999.9
Bobo-Dioulasso	2001	1	7	7	16.8	32.5	20.7	-999.9	0.0	1.7	96738.4	-999.9
Bobo-Dioulasso	2001	1	8	8	16.9	32.9	21.0	-999.9	0.0	2.1	96707.7	-999.9
Bobo-Dioulasso	2001	1	9	9	17.6	31.8	20.8	-999.9	0.0	1.9	96695.0	-999.9
Bobo-Dioulasso	2001	1	10	10	17.6	32.3	21.3	-999.9	0.0	2.0	96677.0	-999.9
Bobo-Dioulasso	2001	1	11	11	17.4	32.6	21.4	-999.9	0.0	2.0	96704.1	-999.9
Bobo-Dioulasso	2001	1	12	12	17.1	33.0	21.5	-999.9	0.0	1.9	96689.0	-999.9
Bobo-Dioulasso	2001	1	13	13	17.1	33.1	21.5	-999.9	0.0	1.8	96661.4	-999.9
Bobo-Dioulasso	2001	1	14	14	16.8	32.9	21.7	-999.9	0.0	2.0	96622.0	-999.9
Bobo-Dioulasso	2001	1	15	15	16.2	33.1	21.8	-999.9	0.0	1.9	96613.0	-999.9
Bobo-Dioulasso	2001	1	16	16	17.1	33.8	21.7	-999.9	0.0	2.0	96702.5	-999.9
Bobo-Dioulasso	2001	1	17	17	18.2	33.7	21.7	-999.9	0.0	2.4	96764.0	-999.9
Bobo-Dioulasso	2001	1	18	18	19.1	33.6	21.9	-999.9	0.0	2.5	96749.9	-999.9
Bobo-Dioulasso	2001	1	19	19	18.3	33.5	22.0	-999.9	0.0	2.4	96806.4	-999.9
Bobo-Dioulasso	2001	1	20	20	18.5	32.6	22.1	-999.9	0.0	2.5	96903.7	-999.9
Bobo-Dioulasso	2001	1	21	21	17.6	32.5	22.2	-999.9	0.0	2.4	96877.0	-999.9
Bobo-Dioulasso	2001	1	22	22	17.3	32.4	22.2	-999.9	0.0	2.2	96849.6	-999.9
Bobo-Dioulasso	2001	1	23	23	17.5	32.3	22.2	-999.9	0.0	2.4	96895.4	-999.9
Bobo-Dioulasso	2001	1	24	24	17.2	32.0	22.3	-999.9	0.0	2.4	96968.6	-999.9
Bobo-Dioulasso	2001	1	25	25	17.4	32.2	22.1	-999.9	0.0	2.3	96977.0	-999.9
Bobo-Dioulasso	2001	1	26	26	17.9	32.3	22.1	-999.9	0.0	2.4	96936.6	-999.9
Bobo-Dioulasso	2001	1	27	27	17.3	31.6	22.0	-999.9	0.0	2.4	96896.2	-999.9
Bobo-Dioulasso	2001	1	28	28	17.3	31.7	22.2	-999.9	0.0	2.1	96793.6	-999.9
Bobo-Dioulasso	2001	1	29	29	16.9	32.6	22.3	-999.9	0.0	2.0	96657.3	-999.9
Bobo-Dioulasso	2001	1	30	30	17.0	34.1	22.3	-999.9	0.0	1.9	96622.2	-999.9
Bobo-Dioulasso	2001	1	31	31	17.5	35.0	22.2	-999.9	0.0	2.1	96593.1	-999.9
Bobo-Dioulasso	2001	2	1	32	20.2	35.0	22.1	-999.9	0.0	2.6	96571.4	-999.9
Bobo-Dioulasso	2001	2	2	33	19.9	34.6	22.5	-999.9	0.0	2.7	96547.2	-999.9
Bobo-Dioulasso	2001	2	3	34	19.8	34.9	22.6	-999.9	0.0	2.4	96598.8	-999.9
Bobo-Dioulasso	2001	2	4	35	19.3	35.4	22.6	-999.9	0.0	2.3	96622.1	-999.9
Bobo-Dioulasso	2001	2	5	36	20.0	35.0	22.6	-999.9	0.0	2.5	96699.8	-999.9
Bobo-Dioulasso	2001	2	6	37	20.1	34.3	22.7	-999.9	0.0	2.5	96767.0	-999.9
Bobo-Dioulasso	2001	2	7	38	18.4	33.5	23.1	-999.9	0.0	2.2	96768.8	-999.9
Bobo-Dioulasso	2001	2	8	39	18.2	33.8	23.1	-999.9	0.0	2.2	96687.0	-999.9
Bobo-Dioulasso	2001	2	9	40	19.3	33.7	23.1	-999.9	0.0	2.7	96645.3	-999.9
Bobo-Dioulasso	2001	2	10	41	19.1	33.4	23.0	-999.9	0.0	3.0	96770.3	-999.9
Bobo-Dioulasso	2001	2	11	42	18.9	32.8	23.3	-999.9	0.9	3.0	96819.0	-999.9
Bobo-Dioulasso	2001	2	12	43	19.3	32.0	22.7	-999.9	0.0	3.0	96884.1	-999.9
Bobo-Dioulasso	2001	2	13	44	17.6	31.0	23.8	-999.9	0.0	3.1	96918.0	-999.9
Bobo-Dioulasso	2001	2	14	45	16.5	29.7	23.8	-999.9	0.0	2.8	96845.1	-999.9
Bobo-Dioulasso	2001	2	15	46	16.1	30.4	23.4	-999.9	0.0	2.3	96791.0	-999.9
Bobo-Dioulasso	2001	2	16	47	16.5	32.2	23.6	-999.9	0.0	2.0	96788.5	-999.9
Bobo-Dioulasso	2001	2	17	48	18.0	33.9	23.0	-999.9	0.0	2.0	96776.2	-999.9
Bobo-Dioulasso	2001	2	18	49	19.6	35.0	23.0	-999.9	0.0	2.2	96721.6	-999.9
Bobo-Dioulasso	2001	2	19	50	21.1	35.4	23.3	-999.9	0.0	2.4	96736.9	-999.9
Bobo-Dioulasso	2001	2	20	51	21.0	36.0	23.5	-999.9	0.0	2.8	96711.2	-999.9
Bobo-Dioulasso	2001	2	21	52	20.9	36.8	23.6	-999.9	0.0	3.0	96733.9	-999.9
Bobo-Dioulasso	2001	2	22	53	22.1	36.2	22.8	-999.9	0.0	2.8	96665.4	-999.9
Bobo-Dioulasso	2001	2	23	54	21.1	35.9	23.8	-999.9	0.0	2.3	96501.3	-999.9
Bobo-Dioulasso	2001	2	24	55	20.6	35.8	24.1	-999.9	0.0	2.3	96413.1	-999.9
Bobo-Dioulasso	2001	2	25	56	19.5	36.2	24.2	-999.9	0.0	2.0	96385.9	-999.9
Bobo-Dioulasso	2001	2	26	57	20.6	36.8	23.9	-999.9	0.0	2.1	96419.1	-999.9
Bobo-Dioulasso	2001	2	27	58	22.4	37.8	24.1	-999.9	0.0	2.7	96405.6	-999.9
Bobo-Dioulasso	2001	2	28	59	22.5	36.5	24.1	-999.9	0.0	2.3	96461.1	-999.9
Bobo-Dioulasso	2001	3	1	60	20.7	36.0	24.3	-999.9	0.0	2.2	96564.9	-999.9
Bobo-Dioulasso	2001	3	2	61	21.7	37.0	24.4	-999.9	0.0	2.1	96677.7	-999.9
Bobo-Dioulasso	2001	3	3	62	22.8	38.3	24.6	-999.9	0.0	2.4	96647.7	-999.9
Bobo-Dioulasso	2001	3	4	63	22.2	38.3	24.6	-999.9	0.0	2.3	96546.7	-999.9
Bobo-Dioulasso	2001	3	5	64	22.2	37.5	22.8	-999.9	0.0	2.2	96584.6	-999.9
Bobo-Dioulasso	2001	3	6	65	22.8	38.1	24.4	-999.9	0.0	2.1	96733.3	-999.9
Bobo-Dioulasso	2001	3	7	66	22.5	36.9	25.4	-999.9	0.0	2.4	96677.3	-999.9
Bobo-Dioulasso	2001	3	8	67	19.4	36.2	25.8	-999.9	0.0	1.8	96591.7	-999.9
Bobo-Dioulasso	2001	3	9	68	18.8	36.8	25.8	-999.9	0.0	1.7	96531.7	-999.9
Bobo-Dioulasso	2001	3	10	69	19.5	36.5	25.5	-999.9	0.0	1.6	96552.4	-999.9
Bobo-Dioulasso	2001	3	11	70	20.6	36.5	24.7	-999.9	0.0	1.8	96578.4	-999.9
Bobo-Dioulasso	2001	3	12	71	21.8	35.9	22.5	-999.9	1.2	1.7	96529.0	-999.9
Bobo-Dioulasso	2001	3	13	72	24.3	36.4	20.2	-999.9	0.0	2.1	96375.5	-999.9
Bobo-Dioulasso	2001	3	14	73	25.7	36.0	20.8	-999.9	1.2	2.3	96409.8	-999.9
Bobo-Dioulasso	2001	3	15	74	25.6	35.9	20.3	-999.9	0.0	2.0	96464.7	-999.9
Bobo-Dioulasso	2001	3	16	75	25.6	36.0	21.1	-999.9	0.0	2.3	96542.4	-999.9
Bobo-Dioulasso	2001	3	17	76	24.7	38.0	24.4	-999.9	0.0	2.0	96340.7	-999.9
Bobo-Dioulasso	2001	3	18	77	24.5	36.2	21.5	-999.9	0.0	1.9	96355.2	-999.9
Bobo-Dioulasso	2001	3	19	78	24.7	37.5	24.5	-999.9	0.0	2.0	96463.1	-999.9
Bobo-Dioulasso	2001	3	20	79	22.9	37.5	25.2	-999.9	0.0	2.0	96585.7	-999.9
Bobo-Dioulasso	2001	3	21	80	22.0	38.3	25.8	-999.9	0.0	2.0	96437.2	-999.9
Bobo-Dioulasso	2001	3	22	81	22.7	38.0	25.7	-999.9	0.0	1.9	96299.8	-999.9
Bobo-Dioulasso	2001	3	23	82	24.8	37.0	23.0	-999.9	0.0	2.4	96417.9	-999.9
Bobo-Dioulasso	2001	3	24	83	26.9	36.9	22.9	-999.9	0.0	2.3	96482.4	-999.9
Bobo-Dioulasso	2001	3	25	84	26.1	36.8	22.5	-999.9	0.0	1.7	96462.9	-999.9
Bobo-Dioulasso	2001	3	26	85	25.8	37.6	24.2	-999.9	0.0	1.9	96378.1	-999.9
Bobo-Dioulasso	2001	3	27	86	25.6	38.2	25.2	-999.9	0.0	2.1	96309.4	-999.9
Bobo-Dioulasso	2001	3	28	87	25.2	38.0	23.9	-999.9	0.0	2.0	96315.5	-999.9
Bobo-Dioulasso	2001	3	29	88	27.3	37.0	21.6	-999.9	12.2	3.0	96434.6	-999.9
Bobo-Dioulasso	2001	3	30	89	27.0	36.1	21.1	-999.9	0.0	2.2	96403.5	-999.9
Bobo-Dioulasso	2001	3	31	90	26.2	36.5	22.4	-999.9	6.1	2.1	96291.0	-999.9
Bobo-Dioulasso	2001	4	1	91	25.8	38.6	25.3	-999.9	0.0	1.7	96362.2	-999.9
Bobo-Dioulasso	2001	4	2	92	25.6	38.0	25.4	-999.9	0.0	1.9	96432.2	-999.9
Bobo-Dioulasso	2001	4	3	93	23.3	37.2	25.2	-999.9	0.0	1.4	96400.6	-999.9
Bobo-Dioulasso	2001	4	4	94	25.8	36.5	22.5	-999.9	0.0	2.6	96426.1	-999.9
Bobo-Dioulasso	2001	4	5	95	26.2	37.1	22.7	-999.9	0.0	1.6	96486.9	-999.9
Bobo-Dioulasso	2001	4	6	96	26.0	35.9	20.6	-999.9	2.7	2.6	96612.6	-999.9
Bobo-Dioulasso	2001	4	7	97	25.8	36.6	21.4	-999.9	0.0	1.5	96619.2	-999.9
Bobo-Dioulasso	2001	4	8	98	24.6	38.7	26.0	-999.9	0.0	2.0	96538.4	-999.9
Bobo-Dioulasso	2001	4	9	99	23.2	38.7	25.5	-999.9	0.0	1.6	96406.6	-999.9
Bobo-Dioulasso	2001	4	10	100	26.2	39.1	25.4	-999.9	0.0	2.1	96310.6	-999.9
Bobo-Dioulasso	2001	4	11	101	27.5	39.1	25.3	-999.9	0.0	2.1	96291.1	-999.9
Bobo-Dioulasso	2001	4	12	102	28.3	37.8	23.5	-999.9	0.0	2.7	96356.6	-999.9
Bobo-Dioulasso	2001	4	13	103	25.3	37.0	22.6	-999.9	2.7	2.6	96406.0	-999.9
Bobo-Dioulasso	2001	4	14	104	25.0	36.3	23.4	-999.9	2.7	2.4	96402.9	-999.9
Bobo-Dioulasso	2001	4	15	105	26.4	37.3	24.4	-999.9	2.7	2.5	96416.2	-999.9
Bobo-Dioulasso	2001	4	16	106	25.6	36.9	24.2	-999.9	2.3	2.7	96536.2	-999.9
Bobo-Dioulasso	2001	4	17	107	25.8	37.1	24.0	-999.9	0.0	2.8	96539.0	-999.9
Bobo-Dioulasso	2001	4	18	108	25.9	37.1	24.1	-999.9	2.3	2.9	96466.4	-999.9
Bobo-Dioulasso	2001	4	19	109	24.0	36.3	23.8	-999.9	2.3	2.6	96553.9	-999.9
Bobo-Dioulasso	2001	4	20	110	26.2	36.7	24.6	-999.9	0.0	2.3	96599.7	-999.9
Bobo-Dioulasso	2001	4	21	111	25.2	36.9	23.5	-999.9	5.2	2.5	96516.9	-999.9
Bobo-Dioulasso	2001	4	22	112	25.6	36.1	23.6	-999.9	0.0	3.0	96403.0	-999.9
Bobo-Dioulasso	2001	4	23	113	25.1	36.4	23.3	-999.9	0.0	2.3	96350.9	-999.9
Bobo-Dioulasso	2001	4	24	114	26.4	37.5	24.3	-999.9	2.6	1.5	96446.2	-999.9
Bobo-Dioulasso	2001	4	25	115	25.4	36.8	23.2	-999.9	0.0	1.9	96540.4	-999.9
Bobo-Dioulasso	2001	4	26	116	26.6	37.9	23.0	-999.9	0.0	2.2	96550.4	-999.9
Bobo-Dioulasso	2001	4	27	117	26.2	38.6	23.4	-999.9	0.0	2.5	96478.4	-999.9
Bobo-Dioulasso	2001	4	28	118	27.7	38.2	24.3	-999.9	0.0	2.5	96407.0	-999.9
Bobo-Dioulasso	2001	4	29	119	26.3	37.7	24.2	-999.9	0.0	2.9	96365.2	-999.9
Bobo-Dioulasso	2001	4	30	120	24.8	34.8	22.4	-999.9	4.6	3.2	96478.6	-999.9
Bobo-Dioulasso	2001	5	1	121	25.3	35.4	23.9	-999.9	6.4	2.7	96663.5	-999.9
Bobo-Dioulasso	2001	5	2	122	26.2	35.5	22.9	-999.9	6.4	1.5	96718.0	-999.9
Bobo-Dioulasso	2001	5	3	123	25.6	36.0	22.7	-999.9	0.0	1.6	96512.4	-999.9
Bobo-Dioulasso	2001	5	4	124	25.3	36.4	21.7	-999.9	0.0	2.4	96414.0	-999.9
Bobo-Dioulasso	2001	5	5	125	25.1	35.2	22.9	-999.9	6.4	2.5	96537.4	-999.9
Bobo-Dioulasso	2001	5	6	126	25.6	35.6	23.5	-999.9	7.0	2.4	96580.2	-999.9
Bobo-Dioulasso	2001	5	7	127	24.9	35.3	22.2	-999.9	0.0	1.9	96566.6	-999.9
Bobo-Dioulasso	2001	5	8	128	25.7	36.9	24.4	-999.9	0.0	2.5	96490.7	-999.9
Bobo-Dioulasso	2001	5	9	129	25.9	37.2	22.9	-999.9	0.0	2.3	96492.2	-999.9
Bobo-Dioulasso	2001	5	10	130	26.2	37.5	24.3	-999.9	0.0	2.1	96384.9	-999.9
Bobo-Dioulasso	2001	5	11	131	27.2	37.1	22.4	-999.9	4.0	2.3	96467.8	-999.9
Bobo-Dioulasso	2001	5	12	132	25.7	36.5	23.3	-999.9	2.0	2.8	96575.9	-999.9
Bobo-Dioulasso	2001	5	13	133	26.1	35.5	22.8	-999.9	2.0	2.9	96626.9	-999.9
Bobo-Dioulasso	2001	5	14	134	25.9	36.9	24.0	-999.9	0.0	2.6	96460.4	-999.9
Bobo-Dioulasso	2001	5	15	135	25.1	36.0	24.2	-999.9	0.0	2.9	96488.3	-999.9
Bobo-Dioulasso	2001	5	16	136	24.3	33.2	23.4	-999.9	11.6	2.1	96652.6	-999.9
Bobo-Dioulasso	2001	5	17	137	25.6	34.0	24.9	-999.9	0.0	1.9	96662.7	-999.9
Bobo-Dioulasso	2001	5	18	138	25.4	35.1	23.4	-999.9	11.6	2.0	96612.8	-999.9
Bobo-Dioulasso	2001	5	19	139	23.2	31.2	20.5	-999.9	3.9	2.1	96660.9	-999.9
Bobo-Dioulasso	2001	5	20	140	24.1	32.8	23.6	-999.9	0.0	2.4	96665.0	-999.9
Bobo-Dioulasso	2001	5	21	141	23.9	33.6	23.8	-999.9	2.3	1.9	96681.4	-999.9
Bobo-Dioulasso	2001	5	22	142	24.7	34.1	24.4	-999.9	0.0	1.8	96649.4	-999.9
Bobo-Dioulasso	2001	5	23	143	23.3	34.1	23.4	-999.9	2.3	1.6	96757.5	-999.9
Bobo-Dioulasso	2001	5	24	144	23.4	33.9	24.6	-999.9	2.3	2.3	96761.1	-999.9
Bobo-Dioulasso	2001	5	25	145	25.1	33.8	21.7	-999.9	4.5	3.0	96656.5	-999.9
Bobo-Dioulasso	2001	5	26	146	25.0	35.2	24.2	-999.9	0.0	2.3	96547.5	-999.9
Bobo-Dioulasso	2001	5	27	147	24.6	35.5	24.6	-999.9	3.7	2.6	96645.0	-999.9
Bobo-Dioulasso	2001	5	28	148	24.6	35.1	24.5	-999.9	0.0	2.3	96806.1	-999.9
Bobo-Dioulasso	2001	5	29	149	24.5	34.9	23.4	-999.9	11.1	2.2	96757.3	-999.9
Bobo-Dioulasso	2001	5	30	150	23.4	32.5	20.5	-999.9	0.0	2.6	96656.8	-999.9
Bobo-Dioulasso	2001	5	31	151	23.1	31.6	22.3	-999.9	0.0	2.6	96637.0	-999.9
Bobo-Dioulasso	2001	6	1	152	23.1	33.4	23.8	-999.9	0.0	2.0	96675.1	-999.9
Bobo-Dioulasso	2001	6	2	153	24.5	33.9	23.7	-999.9	0.0	2.1	96695.3	-999.9
Bobo-Dioulasso	2001	6	3	154	23.8	34.5	23.2	-999.9	7.5	2.1	96657.7	-999.9
Bobo-Dioulasso	2001	6	4	155	23.5	34.3	24.1	-999.9	0.0	2.3	96717.1	-999.9
Bobo-Dioulasso	2001	6	5	156	24.2	33.8	23.0	-999.9	0.0	2.6	96707.0	-999.9
Bobo-Dioulasso	2001	6	6	157	23.5	31.2	18.7	-999.9	0.0	2.2	96783.5	-999.9
Bobo-Dioulasso	2001	6	7	158	23.2	32.3	22.1	-999.9	0.0	2.3	96765.9	-999.9
Bobo-Dioulasso	2001	6	8	159	22.5	34.1	23.8	-999.9	0.0	2.0	96790.8	-999.9
Bobo-Dioulasso	2001	6	9	160	22.8	31.5	22.3	-999.9	10.6	2.0	96804.9	-999.9
Bobo-Dioulasso	2001	6	10	161	22.5	31.4	22.7	-999.9	5.3	2.6	96777.0	-999.9
Bobo-Dioulasso	2001	6	11	162	23.2	31.7	23.3	-999.9	0.0	2.5	96680.1	-999.9
Bobo-Dioulasso	2001	6	12	163	23.5	32.0	23.4	-999.9	0.0	2.3	96705.4	-999.9
Bobo-Dioulasso	2001	6	13	164	23.8	32.3	23.7	-999.9	0.0	2.0	96735.2	-999.9
Bobo-Dioulasso	2001	6	14	165	24.0	33.5	23.2	-999.9	19.1	2.4	96659.6	-999.9
Bobo-Dioulasso	2001	6	15	166	23.1	30.1	15.9	-999.9	9.5	3.1	96648.2	-999.9
Bobo-Dioulasso	2001	6	16	167	23.3	31.2	21.1	-999.9	0.0	2.6	96710.3	-999.9
Bobo-Dioulasso	2001	6	17	168	23.9	31.5	21.1	-999.9	0.0	2.0	96691.7	-999.9
Bobo-Dioulasso	2001	6	18	169	22.3	31.0	23.0	-999.9	0.0	2.3	96665.2	-999.9
Bobo-Dioulasso	2001	6	19	170	23.4	32.3	23.7	-999.9	0.0	2.5	96687.7	-999.9
Bobo-Dioulasso	2001	6	20	171	23.7	32.6	23.3	-999.9	0.0	2.7	96731.2	-999.9
Bobo-Dioulasso	2001	6	21	172	23.7	33.2	23.3	-999.9	0.0	2.4	96775.1	-999.9
Bobo-Dioulasso	2001	6	22	173	23.1	29.2	15.5	-999.9	23.6	1.6	96916.5	-999.9
Bobo-Dioulasso	2001	6	23	174	22.3	30.0	18.7	-999.9	0.0	1.7	96914.5	-999.9
Bobo-Dioulasso	2001	6	24	175	21.9	28.3	14.4	-999.9	17.7	2.0	97017.9	-999.9
Bobo-Dioulasso	2001	6	25	176	21.9	30.1	16.8	-999.9	0.0	2.2	97060.0	-999.9
Bobo-Dioulasso	2001	6	26	177	22.5	31.8	23.6	-999.9	0.0	1.5	97035.5	-999.9
Bobo-Dioulasso	2001	6	27	178	24.0	31.9	22.0	-999.9	7.9	2.1	96928.7	-999.9
Bobo-Dioulasso	2001	6	28	179	22.4	30.4	18.7	-999.9	0.0	1.7	96929.2	-999.9
Bobo-Dioulasso	2001	6	29	180	21.8	31.4	23.1	-999.9	0.0	1.7	96903.9	-999.9
Bobo-Dioulasso	2001	6	30	181	22.7	31.5	23.4	-999.9	0.0	2.1	96782.9	-999.9
Bobo-Dioulasso	2001	7	1	182	23.3	31.8	22.6	-999.9	8.2	1.9	96782.2	-999.9
Bobo-Dioulasso	2001	7	2	183	22.7	32.2	22.9	-999.9	0.0	1.6	96904.8	-999.9
Bobo-Dioulasso	2001	7	3	184	22.3	30.8	19.0	-999.9	16.4	1.9	96911.1	-999.9
Bobo-Dioulasso	2001	7	4	185	22.7	30.8	19.8	-999.9	0.0	2.4	96874.2	-999.9
Bobo-Dioulasso	2001	7	5	186	22.5	30.3	17.5	-999.9	0.0	2.0	96883.6	-999.9
Bobo-Dioulasso	2001	7	6	187	22.7	30.5	19.4	-999.9	23.6	1.8	96891.0	-999.9
Bobo-Dioulasso	2001	7	7	188	22.6	30.8	21.0	-999.9	0.0	1.9	96875.2	-999.9
Bobo-Dioulasso	2001	7	8	189	23.5	32.0	23.6	-999.9	0.0	2.0	96894.9	-999.9
Bobo-Dioulasso	2001	7	9	190	23.7	31.5	20.8	-999.9	0.0	2.1	96772.4	-999.9
Bobo-Dioulasso	2001	7	10	191	23.9	32.1	20.6	-999.9	0.0	1.9	96715.2	-999.9
Bobo-Dioulasso	2001	7	11	192	22.8	31.1	17.6	-999.9	16.1	2.3	96794.0	-999.9
Bobo-Dioulasso	2001	7	12	193	22.5	30.1	17.9	-999.9	0.0	1.8	96894.3	-999.9
Bobo-Dioulasso	2001	7	13	194	22.6	32.0	21.2	-999.9	0.0	1.7	96779.2	-999.9
Bobo-Dioulasso	2001	7	14	195	24.0	34.1	23.5	-999.9	8.0	2.1	96582.7	-999.9
Bobo-Dioulasso	2001	7	15	196	22.9	29.9	19.1	-999.9	16.1	2.6	96677.3	-999.9
Bobo-Dioulasso	2001	7	16	197	22.2	29.0	17.1	-999.9	2.9	2.6	96858.3	-999.9
Bobo-Dioulasso	2001	7	17	198	22.1	26.1	10.8	-999.9	2.9	2.1	96970.8	-999.9
Bobo-Dioulasso	2001	7	18	199	20.8	28.8	21.8	-999.9	0.0	1.8	96930.5	-999.9
Bobo-Dioulasso	2001	7	19	200	22.5	29.0	20.3	-999.9	0.0	2.2	96826.2	-999.9
Bobo-Dioulasso	2001	7	20	201	21.3	29.4	21.4	-999.9	11.7	2.0	96752.5	-999.9
Bobo-Dioulasso	2001	7	21	202	22.8	28.1	15.4	-999.9	0.0	1.9	96697.6	-999.9
Bobo-Dioulasso	2001	7	22	203	22.0	27.9	17.9	-999.9	14.7	1.8	96696.5	-999.9
Bobo-Dioulasso	2001	7	23	204	21.3	27.4	15.0	-999.9	7.4	1.9	96682.0	-999.9
Bobo-Dioulasso	2001	7	24	205	21.3	28.4	17.1	-999.9	7.4	2.3	96741.7	-999.9
Bobo-Dioulasso	2001	7	25	206	22.0	28.2	18.7	-999.9	14.7	2.0	96797.2	-999.9
Bobo-Dioulasso	2001	7	26	207	21.3	24.8	8.4	-999.9	0.0	2.2	96864.7	-999.9
Bobo-Dioulasso	2001	7	27	208	21.7	28.1	18.1	-999.9	24.2	1.9	96911.6	-999.9
Bobo-Dioulasso	2001	7	28	209	21.9	28.9	19.4	-999.9	0.0	2.0	96884.3	-999.9
Bobo-Dioulasso	2001	7	29	210	22.7	28.6	17.6	-999.9	24.2	2.4	96746.6	-999.9
Bobo-Dioulasso	2001	7	30	211	21.4	27.3	15.1	-999.9	0.0	2.7	96782.3	-999.9
Bobo-Dioulasso	2001	7	31	212	21.3	26.7	16.2	-999.9	0.0	2.3	97106.0	-999.9
Bobo-Dioulasso	2001	8	1	213	21.0	28.4	20.6	-999.9	0.0	1.9	97149.9	-999.9
Bobo-Dioulasso	2001	8	2	214	21.4	25.3	11.0	-999.9	19.7	1.8	96947.7	-999.9
Bobo-Dioulasso	2001	8	3	215	21.4	28.0	16.8	-999.9	0.0	2.6	96818.9	-999.9
Bobo-Dioulasso	2001	8	4	216	22.1	28.4	20.2	-999.9	0.0	2.3	96913.8	-999.9
Bobo-Dioulasso	2001	8	5	217	21.1	27.3	15.7	-999.9	0.0	1.4	97043.2	-999.9
Bobo-Dioulasso	2001	8	6	218	21.1	29.1	22.1	-999.9	31.0	1.2	97021.5	-999.9
Bobo-Dioulasso	2001	8	7	219	22.1	28.2	16.9	-999.9	31.0	2.4	96939.4	-999.9
Bobo-Dioulasso	2001	8	8	220	21.9	27.7	16.4	-999.9	0.0	2.4	96899.7	-999.9
Bobo-Dioulasso	2001	8	9	221	21.1	26.0	12.6	-999.9	0.0	2.1	97042.9	-999.9
Bobo-Dioulasso	2001	8	10	222	20.9	28.8	21.7	-999.9	0.0	1.6	97029.1	-999.9
Bobo-Dioulasso	2001	8	11	223	21.8	29.0	18.4	-999.9	0.0	1.7	97042.1	-999.9
Bobo-Dioulasso	2001	8	12	224	22.7	29.8	22.3	-999.9	10.4	2.0	96873.5	-999.9
Bobo-Dioulasso	2001	8	13	225	21.9	25.4	11.5	-999.9	10.4	1.7	96860.9	-999.9
Bobo-Dioulasso	2001	8	14	226	21.5	27.5	15.8	-999.9	0.0	2.1	96939.9	-999.9
Bobo-Dioulasso	2001	8	15	227	21.1	28.2	17.0	-999.9	5.2	1.7	97090.4	-999.9
Bobo-Dioulasso	2001	8	16	228	22.0	28.5	18.0	-999.9	0.0	2.2	97105.6	-999.9
Bobo-Dioulasso	2001	8	17	229	22.0	28.0	14.3	-999.9	0.0	2.3	97081.6	-999.9
Bobo-Dioulasso	2001	8	18	230	23.0	30.2	21.2	-999.9	0.0	2.0	96914.4	-999.9
Bobo-Dioulasso	2001	8	19	231	23.0	28.5	17.5	-999.9	12.8	2.3	96820.7	-999.9
Bobo-Dioulasso	2001	8	20	232	22.5	25.4	9.3	-999.9	0.0	2.1	96940.0	-999.9
Bobo-Dioulasso	2001	8	21	233	22.4	28.5	15.8	-999.9	27.9	1.4	97000.6	-999.9
Bobo-Dioulasso	2001	8	22	234	22.2	24.9	9.1	-999.9	14.0	1.5	96973.8	-999.9
Bobo-Dioulasso	2001	8	23	235	21.5	28.1	16.5	-999.9	0.0	2.1	96946.5	-999.9
Bobo-Dioulasso	2001	8	24	236	22.5	29.1	20.9	-999.9	0.0	2.0	96829.3	-999.9
Bobo-Dioulasso	2001	8	25	237	22.2	28.7	20.5	-999.9	0.0	2.0	96867.3	-999.9
Bobo-Dioulasso	2001	8	26	238	21.6	28.3	19.8	-999.9	23.4	1.5	96981.0	-999.9
Bobo-Dioulasso	2001	8	27	239	22.6	29.6	22.6	-999.9	0.0	1.5	96843.3	-999.9
Bobo-Dioulasso	2001	8	28	240	21.7	24.8	8.4	-999.9	23.4	1.9	96703.7	-999.9
Bobo-Dioulasso	2001	8	29	241	21.7	27.9	16.9	-999.9	0.0	2.5	96874.5	-999.9
Bobo-Dioulasso	2001	8	30	242	21.7	28.7	20.5	-999.9	0.0	1.7	96946.9	-999.9
Bobo-Dioulasso	2001	8	31	243	21.8	28.6	20.9	-999.9	35.1	1.4	96874.9	-999.9
Bobo-Dioulasso	2001	9	1	244	22.4	28.3	20.1	-999.9	0.0	1.9	96774.8	-999.9
Bobo-Dioulasso	2001	9	2	245	21.9	28.7	21.9	-999.9	0.0	1.9	96739.1	-999.9
Bobo-Dioulasso	2001	9	3	246	22.3	28.0	19.3	-999.9	0.0	1.8	96754.4	-999.9
Bobo-Dioulasso	2001	9	4	247	21.3	27.8	17.6	-999.9	31.3	1.5	96835.8	-999.9
Bobo-Dioulasso	2001	9	5	248	21.3	28.7	20.5	-999.9	0.0	1.6	96778.2	-999.9
Bobo-Dioulasso	2001	9	6	249	22.1	27.8	18.3	-999.9	15.1	1.9	96703.6	-999.9
Bobo-Dioulasso	2001	9	7	250	21.4	26.6	14.5	-999.9	0.0	1.9	96736.9	-999.9
Bobo-Dioulasso	2001	9	8	251	20.8	29.1	18.8	-999.9	0.0	1.1	96800.5	-999.9
Bobo-Dioulasso	2001	9	9	252	22.0	28.2	14.5	-999.9	22.6	1.5	96789.5	-999.9
Bobo-Dioulasso	2001	9	10	253	21.4	27.4	14.0	-999.9	0.0	1.9	96821.8	-999.9
Bobo-Dioulasso	2001	9	11	254	20.5	29.9	22.8	-999.9	0.0	1.2	96816.6	-999.9
Bobo-Dioulasso	2001	9	12	255	22.2	30.1	23.3	-999.9	0.0	1.8	96698.3	-999.9
Bobo-Dioulasso	2001	9	13	256	22.4	29.4	21.5	-999.9	17.1	2.2	96752.6	-999.9
Bobo-Dioulasso	2001	9	14	257	21.8	28.3	21.3	-999.9	0.0	1.7	96683.1	-999.9
Bobo-Dioulasso	2001	9	15	258	20.3	28.0	17.9	-999.9	8.6	1.3	96663.1	-999.9
Bobo-Dioulasso	2001	9	16	259	21.4	28.3	20.6	-999.9	0.0	1.5	96848.1	-999.9
Bobo-Dioulasso	2001	9	17	260	21.4	29.8	23.2	-999.9	0.0	1.3	96723.8	-999.9
Bobo-Dioulasso	2001	9	18	261	21.7	29.0	19.7	-999.9	19.4	1.9	96681.0	-999.9
Bobo-Dioulasso	2001	9	19	262	21.6	27.6	16.7	-999.9	12.9	1.8	96778.0	-999.9
Bobo-Dioulasso	2001	9	20	263	20.9	27.7	19.2	-999.9	6.5	1.8	96903.6	-999.9
Bobo-Dioulasso	2001	9	21	264	21.9	28.9	22.5	-999.9	0.0	1.4	96865.3	-999.9
Bobo-Dioulasso	2001	9	22	265	22.4	29.8	22.3	-999.9	15.0	2.0	96666.9	-999.9
Bobo-Dioulasso	2001	9	23	266	21.7	27.9	18.2	-999.9	0.0	2.2	96803.4	-999.9
Bobo-Dioulasso	2001	9	24	267	20.8	28.7	18.0	-999.9	0.0	1.3	96927.8	-999.9
Bobo-Dioulasso	2001	9	25	268	22.3	29.8	22.7	-999.9	0.0	1.7	96796.2	-999.9
Bobo-Dioulasso	2001	9	26	269	22.9	27.8	14.9	-999.9	0.0	2.4	96855.2	-999.9
Bobo-Dioulasso	2001	9	27	270	21.5	29.6	23.8	-999.9	0.0	1.6	96834.8	-999.9
Bobo-Dioulasso	2001	9	28	271	21.7	29.7	21.4	-999.9	14.3	1.3	96791.1	-999.9
Bobo-Dioulasso	2001	9	29	272	22.8	28.9	18.2	-999.9	0.0	2.0	96845.4	-999.9
Bobo-Dioulasso	2001	9	30	273	21.6	30.5	23.8	-999.9	0.0	1.3	96875.3	-999.9
Bobo-Dioulasso	2001	10	1	274	22.7	30.5	23.1	-999.9	0.0	1.7	96874.8	-999.9
Bobo-Dioulasso	2001	10	2	275	23.1	30.1	21.9	-999.9	6.7	1.6	96875.0	-999.9
Bobo-Dioulasso	2001	10	3	276	22.4	29.2	20.0	-999.9	13.4	1.8	96892.5	-999.9
Bobo-Dioulasso	2001	10	4	277	22.2	29.9	22.1	-999.9	0.0	1.8	96868.4	-999.9
Bobo-Dioulasso	2001	10	5	278	21.7	29.7	21.8	-999.9	6.7	1.8	96964.0	-999.9
Bobo-Dioulasso	2001	10	6	279	21.7	30.8	23.1	-999.9	0.0	1.2	96919.1	-999.9
Bobo-Dioulasso	2001	10	7	280	22.4	31.6	23.3	-999.9	0.0	1.6	96725.5	-999.9
Bobo-Dioulasso	2001	10	8	281	23.2	30.3	19.6	-999.9	0.0	2.2	96681.2	-999.9
Bobo-Dioulasso	2001	10	9	282	23.0	31.0	22.4	-999.9	0.0	1.9	96670.1	-999.9
Bobo-Dioulasso	2001	10	10	283	22.8	31.4	22.8	-999.9	0.0	1.6	96679.2	-999.9
Bobo-Dioulasso	2001	10	11	284	22.4	31.1	21.8	-999.9	14.6	1.4	96790.8	-999.9
Bobo-Dioulasso	2001	10	12	285	22.3	31.5	22.1	-999.9	0.0	1.5	96732.5	-999.9
Bobo-Dioulasso	2001	10	13	286	23.0	31.3	21.7	-999.9	0.0	1.7	96681.1	-999.9
Bobo-Dioulasso	2001	10	14	287	22.1	31.1	21.1	-999.9	0.0	1.6	96667.0	-999.9
Bobo-Dioulasso	2001	10	15	288	22.6	31.4	21.5	-999.9	4.9	1.6	96663.0	-999.9
Bobo-Dioulasso	2001	10	16	289	22.2	30.8	21.3	-999.9	0.0	1.8	96781.8	-999.9
Bobo-Dioulasso	2001	10	17	290	21.0	31.8	21.4	-999.9	0.0	1.9	96790.1	-999.9
Bobo-Dioulasso	2001	10	18	291	22.7	32.6	22.8	-999.9	0.0	2.0	96714.9	-999.9
Bobo-Dioulasso	2001	10	19	292	23.4	32.8	22.2	-999.9	0.0	1.7	96583.5	-999.9
Bobo-Dioulasso	2001	10	20	293	23.3	33.5	21.8	-999.9	0.0	1.9	96543.0	-999.9
Bobo-Dioulasso	2001	10	21	294	22.9	32.8	21.9	-999.9	0.0	1.6	96576.9	-999.9
Bobo-Dioulasso	2001	10	22	295	22.5	33.0	21.0	-999.9	0.0	1.7	96581.7	-999.9
Bobo-Dioulasso	2001	10	23	296	22.5	33.0	22.1	-999.9	0.0	1.7	96698.5	-999.9
Bobo-Dioulasso	2001	10	24	297	21.3	33.2	22.0	-999.9	0.0	1.8	96734.6	-999.9
Bobo-Dioulasso	2001	10	25	298	23.2	32.3	20.8	-999.9	0.0	1.8	96642.6	-999.9
Bobo-Dioulasso	2001	10	26	299	23.2	31.2	20.6	-999.9	0.0	1.7	96643.4	-999.9
Bobo-Dioulasso	2001	10	27	300	22.9	31.8	21.0	-999.9	0.0	1.4	96735.4	-999.9
Bobo-Dioulasso	2001	10	28	301	21.4	32.3	22.4	-999.9	0.0	1.2	96843.2	-999.9
Bobo-Dioulasso	2001	10	29	302	20.1	33.0	23.1	-999.9	0.0	1.9	96798.2	-999.9
Bobo-Dioulasso	2001	10	30	303	20.1	31.8	21.9	-999.9	0.0	1.7	96781.7	-999.9
Bobo-Dioulasso	2001	10	31	304	22.8	30.8	19.7	-999.9	0.0	2.3	96753.3	-999.9
Bobo-Dioulasso	2001	11	1	305	23.2	31.7	20.9	-999.9	0.0	2.3	96772.1	-999.9
Bobo-Dioulasso	2001	11	2	306	20.3	32.5	22.9	-999.9	0.0	2.3	96796.5	-999.9
Bobo-Dioulasso	2001	11	3	307	19.3	32.9	22.8	-999.9	0.0	2.3	96735.0	-999.9
Bobo-Dioulasso	2001	11	4	308	19.5	32.8	22.6	-999.9	0.0	1.3	96663.7	-999.9
Bobo-Dioulasso	2001	11	5	309	19.3	32.9	22.5	-999.9	0.0	1.3	96684.9	-999.9
Bobo-Dioulasso	2001	11	6	310	21.4	33.5	22.3	-999.9	0.0	1.7	96759.6	-999.9
Bobo-Dioulasso	2001	11	7	311	19.8	34.0	22.3	-999.9	0.0	2.0	96833.3	-999.9
Bobo-Dioulasso	2001	11	8	312	19.9	33.7	22.3	-999.9	0.0	1.7	96817.7	-999.9
Bobo-Dioulasso	2001	11	9	313	19.4	33.0	22.3	-999.9	0.0	1.2	96686.8	-999.9
Bobo-Dioulasso	2001	11	10	314	18.9	33.3	22.1	-999.9	0.0	1.9	96646.9	-999.9
Bobo-Dioulasso	2001	11	11	315	21.1	32.5	20.3	-999.9	0.0	1.9	96777.2	-999.9
Bobo-Dioulasso	2001	11	12	316	23.5	31.2	16.4	-999.9	7.7	1.9	96925.2	-999.9
Bobo-Dioulasso	2001	11	13	317	22.9	32.3	19.8	-999.9	0.0	2.0	96754.7	-999.9
Bobo-Dioulasso	2001	11	14	318	19.7	33.0	21.8	-999.9	0.0	1.2	96558.6	-999.9
Bobo-Dioulasso	2001	11	15	319	22.5	32.7	19.4	-999.9	0.0	2.0	96665.4	-999.9
Bobo-Dioulasso	2001	11	16	320	22.2	33.0	20.1	-999.9	0.0	1.9	96800.5	-999.9
Bobo-Dioulasso	2001	11	17	321	20.6	33.5	22.1	-999.9	0.0	2.1	96781.7	-999.9
Bobo-Dioulasso	2001	11	18	322	17.8	33.0	22.1	-999.9	0.0	1.3	96769.8	-999.9
Bobo-Dioulasso	2001	11	19	323	18.8	33.3	21.9	-999.9	0.0	1.9	96716.8	-999.9
Bobo-Dioulasso	2001	11	20	324	17.7	32.6	21.7	-999.9	0.0	1.7	96702.4	-999.9
Bobo-Dioulasso	2001	11	21	325	19.5	32.6	18.9	-999.9	0.0	1.8	96718.2	-999.9
Bobo-Dioulasso	2001	11	22	326	22.8	31.6	18.2	-999.9	0.0	1.5	96743.7	-999.9
Bobo-Dioulasso	2001	11	23	327	21.2	32.7	20.7	-999.9	0.0	1.7	96562.2	-999.9
Bobo-Dioulasso	2001	11	24	328	23.4	32.1	18.1	-999.9	0.0	1.6	96568.2	-999.9
Bobo-Dioulasso	2001	11	25	329	21.1	33.5	20.7	-999.9	0.0	1.5	96509.6	-999.9
Bobo-Dioulasso	2001	11	26	330	20.8	33.5	19.8	-999.9	0.0	1.4	96443.4	-999.9
Bobo-Dioulasso	2001	11	27	331	22.3	33.8	20.0	-999.9	0.0	1.5	96450.4	-999.9
Bobo-Dioulasso	2001	11	28	332	25.2	33.2	18.6	-999.9	0.0	1.9	96528.7	-999.9
Bobo-Dioulasso	2001	11	29	333	22.3	33.8	20.1	-999.9	0.0	1.7	96575.8	-999.9
Bobo-Dioulasso	2001	11	30	334	20.4	32.9	21.1	-999.9	0.0	1.8	96624.1	-999.9
Bobo-Dioulasso	2001	12	1	335	20.8	32.7	20.9	-999.9	0.0	2.4	96624.1	-999.9
Bobo-Dioulasso	2001	12	2	336	21.3	32.8	20.5	-999.9	0.0	2.4	96583.5	-999.9
Bobo-Dioulasso	2001	12	3	337	20.3	32.8	19.3	-999.9	0.0	2.3	96590.7	-999.9
Bobo-Dioulasso	2001	12	4	338	18.7	32.5	20.7	-999.9	0.0	2.0	96565.3	-999.9
Bobo-Dioulasso	2001	12	5	339	19.8	32.9	20.7	-999.9	0.0	2.3	96656.2	-999.9
Bobo-Dioulasso	2001	12	6	340	19.7	32.8	21.0	-999.9	0.0	2.4	96765.2	-999.9
Bobo-Dioulasso	2001	12	7	341	18.9	32.5	21.0	-999.9	0.0	2.3	96653.0	-999.9
Bobo-Dioulasso	2001	12	8	342	18.5	31.8	19.9	-999.9	0.0	2.1	96539.1	-999.9
Bobo-Dioulasso	2001	12	9	343	18.2	31.3	20.9	-999.9	0.0	2.1	96577.2	-999.9
Bobo-Dioulasso	2001	12	10	344	17.2	32.1	20.7	-999.9	0.0	2.1	96775.0	-999.9
Bobo-Dioulasso	2001	12	11	345	19.9	32.4	20.0	-999.9	0.2	2.3	96795.2	-999.9
Bobo-Dioulasso	2001	12	12	346	19.9	33.0	20.3	-999.9	0.2	2.5	96661.3	-999.9
Bobo-Dioulasso	2001	12	13	347	18.8	32.2	20.4	-999.9	0.0	2.5	96616.1	-999.9
Bobo-Dioulasso	2001	12	14	348	19.6	33.5	20.4	-999.9	0.0	2.2	96634.1	-999.9
Bobo-Dioulasso	2001	12	15	349	19.8	34.0	20.3	-999.9	0.0	2.0	96680.6	-999.9
Bobo-Dioulasso	2001	12	16	350	20.7	34.8	20.4	-999.9	0.0	2.1	96633.0	-999.9
Bobo-Dioulasso	2001	12	17	351	20.8	34.4	20.3	-999.9	0.0	2.1	96622.3	-999.9
Bobo-Dioulasso	2001	12	18	352	21.0	34.6	19.3	-999.9	0.0	2.2	96585.2	-999.9
Bobo-Dioulasso	2001	12	19	353	20.1	34.6	20.3	-999.9	0.0	2.1	96607.3	-999.9
Bobo-Dioulasso	2001	12	20	354	20.9	34.6	20.0	-999.9	0.0	1.7	96628.3	-999.9
Bobo-Dioulasso	2001	12	21	355	22.2	34.4	18.8	-999.9	0.0	1.6	96659.5	-999.9
Bobo-Dioulasso	2001	12	22	356	21.6	34.9	20.3	-999.9	0.0	2.5	96683.2	-999.9
Bobo-Dioulasso	2001	12	23	357	20.1	34.4	20.5	-999.9	0.0	2.4	96740.1	-999.9
Bobo-Dioulasso	2001	12	24	358	20.9	34.2	20.3	-999.9	0.0	2.3	96780.1	-999.9
Bobo-Dioulasso	2001	12	25	359	20.2	34.1	20.6	-999.9	0.0	2.1	96768.3	-999.9
Bobo-Dioulasso	2001	12	26	360	18.4	33.9	20.8	-999.9	0.0	2.0	96681.4	-999.9
Bobo-Dioulasso	2001	12	27	361	18.8	34.1	20.8	-999.9	0.0	2.1	96708.5	-999.9
Bobo-Dioulasso	2001	12	28	362	18.6	34.8	21.0	-999.9	0.0	2.2	96798.3	-999.9
Bobo-Dioulasso	2001	12	29	363	19.3	34.3	20.7	-999.9	0.0	2.4	96777.0	-999.9
Bobo-Dioulasso	2001	12	30	364	19.5	33.8	20.3	-999.9	0.0	2.2	96656.2	-999.9
Bobo-Dioulasso	2001	12	31	365	18.2	34.8	20.8	-999.9	0.0	2.2	96562.4	-999.9
