Bobo-Dioulasso	1993	1	1	1	21.4	34.1	20.3	-999.9	0.0	2.7	96762.0	-999.9
Bobo-Dioulasso	1993	1	2	2	21.3	34.1	20.4	-999.9	0.0	2.7	96706.8	-999.9
Bobo-Dioulasso	1993	1	3	3	20.6	34.0	20.4	-999.9	0.0	2.5	96655.9	-999.9
Bobo-Dioulasso	1993	1	4	4	21.9	33.7	20.1	-999.9	0.0	3.4	96683.5	-999.9
Bobo-Dioulasso	1993	1	5	5	21.4	30.5	20.4	-999.9	0.6	3.5	96796.2	-999.9
Bobo-Dioulasso	1993	1	6	6	18.0	27.1	19.7	-999.9	0.0	3.1	96929.0	-999.9
Bobo-Dioulasso	1993	1	7	7	16.4	26.1	20.5	-999.9	0.0	3.1	96979.7	-999.9
Bobo-Dioulasso	1993	1	8	8	15.3	26.3	20.7	-999.9	0.0	3.1	97005.3	-999.9
Bobo-Dioulasso	1993	1	9	9	15.6	26.7	20.8	-999.9	0.0	3.0	97097.1	-999.9
Bobo-Dioulasso	1993	1	10	10	15.0	26.8	20.9	-999.9	0.0	2.8	97226.6	-999.9
Bobo-Dioulasso	1993	1	11	11	14.8	27.8	21.3	-999.9	0.0	2.4	97190.6	-999.9
Bobo-Dioulasso	1993	1	12	12	15.1	28.8	21.2	-999.9	0.0	2.2	96966.2	-999.9
Bobo-Dioulasso	1993	1	13	13	16.0	30.5	21.1	-999.9	0.0	2.1	96895.1	-999.9
Bobo-Dioulasso	1993	1	14	14	17.5	30.6	21.0	-999.9	0.0	2.4	96936.5	-999.9
Bobo-Dioulasso	1993	1	15	15	17.3	30.4	21.1	-999.9	0.0	2.4	96965.8	-999.9
Bobo-Dioulasso	1993	1	16	16	17.2	30.8	21.2	-999.9	0.0	2.4	97036.5	-999.9
Bobo-Dioulasso	1993	1	17	17	16.9	31.2	21.4	-999.9	0.0	2.4	97031.5	-999.9
Bobo-Dioulasso	1993	1	18	18	17.4	31.5	21.4	-999.9	0.0	2.3	96950.7	-999.9
Bobo-Dioulasso	1993	1	19	19	18.1	32.5	21.4	-999.9	0.0	2.5	96977.9	-999.9
Bobo-Dioulasso	1993	1	20	20	18.8	32.5	21.5	-999.9	0.0	2.7	96959.4	-999.9
Bobo-Dioulasso	1993	1	21	21	18.3	32.0	21.6	-999.9	0.0	2.4	96932.6	-999.9
Bobo-Dioulasso	1993	1	22	22	18.0	31.6	22.0	-999.9	0.0	2.6	96948.1	-999.9
Bobo-Dioulasso	1993	1	23	23	16.9	31.5	22.0	-999.9	0.0	2.2	96872.6	-999.9
Bobo-Dioulasso	1993	1	24	24	17.0	32.1	22.0	-999.9	0.0	2.2	96904.5	-999.9
Bobo-Dioulasso	1993	1	25	25	18.1	32.5	21.9	-999.9	0.0	2.5	96880.5	-999.9
Bobo-Dioulasso	1993	1	26	26	17.7	31.9	22.3	-999.9	0.0	2.5	96871.2	-999.9
Bobo-Dioulasso	1993	1	27	27	17.9	31.0	22.3	-999.9	0.0	2.9	96956.3	-999.9
Bobo-Dioulasso	1993	1	28	28	17.6	30.5	22.1	-999.9	0.0	2.7	96909.8	-999.9
Bobo-Dioulasso	1993	1	29	29	16.9	30.9	22.1	-999.9	0.0	2.2	96863.4	-999.9
Bobo-Dioulasso	1993	1	30	30	16.7	33.5	22.0	-999.9	0.0	1.6	96721.3	-999.9
Bobo-Dioulasso	1993	1	31	31	18.3	34.5	21.9	-999.9	0.0	1.9	96676.4	-999.9
Bobo-Dioulasso	1993	2	1	32	19.5	35.6	21.5	-999.9	0.0	2.3	96637.7	-999.9
Bobo-Dioulasso	1993	2	2	33	22.2	34.1	19.4	-999.9	0.0	2.1	96699.3	-999.9
Bobo-Dioulasso	1993	2	3	34	21.9	32.1	21.5	-999.9	0.0	3.1	96809.4	-999.9
Bobo-Dioulasso	1993	2	4	35	19.9	34.9	22.1	-999.9	0.9	2.1	96820.3	-999.9
Bobo-Dioulasso	1993	2	5	36	19.8	35.0	22.3	-999.9	0.0	2.1	96809.0	-999.9
Bobo-Dioulasso	1993	2	6	37	20.1	35.2	21.4	-999.9	1.1	2.4	96763.0	-999.9
Bobo-Dioulasso	1993	2	7	38	22.0	35.2	22.1	-999.9	0.0	2.5	96769.2	-999.9
Bobo-Dioulasso	1993	2	8	39	20.8	33.9	22.1	-999.9	0.0	2.6	96888.8	-999.9
Bobo-Dioulasso	1993	2	9	40	19.2	34.0	23.0	-999.9	0.0	2.6	96928.8	-999.9
Bobo-Dioulasso	1993	2	10	41	19.2	34.5	23.1	-999.9	0.0	2.3	96788.6	-999.9
Bobo-Dioulasso	1993	2	11	42	18.7	34.7	23.0	-999.9	0.0	2.3	96611.4	-999.9
Bobo-Dioulasso	1993	2	12	43	19.6	35.3	22.9	-999.9	0.0	2.2	96501.9	-999.9
Bobo-Dioulasso	1993	2	13	44	19.9	35.6	22.9	-999.9	0.0	2.2	96504.3	-999.9
Bobo-Dioulasso	1993	2	14	45	20.9	34.4	22.8	-999.9	0.0	2.0	96506.7	-999.9
Bobo-Dioulasso	1993	2	15	46	19.5	34.5	22.6	-999.9	0.0	2.1	96635.9	-999.9
Bobo-Dioulasso	1993	2	16	47	20.9	35.2	23.0	-999.9	0.0	2.4	96549.7	-999.9
Bobo-Dioulasso	1993	2	17	48	19.9	35.1	23.4	-999.9	0.0	2.4	96449.9	-999.9
Bobo-Dioulasso	1993	2	18	49	20.4	35.4	23.4	-999.9	0.0	2.4	96444.5	-999.9
Bobo-Dioulasso	1993	2	19	50	21.2	36.1	23.3	-999.9	0.0	2.6	96598.9	-999.9
Bobo-Dioulasso	1993	2	20	51	22.2	35.4	23.5	-999.9	0.0	2.8	96739.2	-999.9
Bobo-Dioulasso	1993	2	21	52	21.1	34.5	22.7	-999.9	0.0	2.2	96779.6	-999.9
Bobo-Dioulasso	1993	2	22	53	20.7	35.4	23.2	-999.9	0.0	2.2	96599.8	-999.9
Bobo-Dioulasso	1993	2	23	54	25.2	34.3	19.2	-999.9	0.0	1.8	96540.9	-999.9
Bobo-Dioulasso	1993	2	24	55	24.2	33.3	18.6	-999.9	0.0	1.5	96629.9	-999.9
Bobo-Dioulasso	1993	2	25	56	23.8	34.7	20.5	-999.9	0.0	1.5	96764.5	-999.9
Bobo-Dioulasso	1993	2	26	57	23.0	35.3	21.7	-999.9	0.0	1.8	96749.9	-999.9
Bobo-Dioulasso	1993	2	27	58	23.7	36.4	23.4	-999.9	0.0	2.0	96523.8	-999.9
Bobo-Dioulasso	1993	2	28	59	23.5	36.3	23.6	-999.9	0.0	1.6	96348.2	-999.9
Bobo-Dioulasso	1993	3	1	60	24.7	35.0	20.3	-999.9	0.0	1.7	96435.4	-999.9
Bobo-Dioulasso	1993	3	2	61	23.8	35.4	20.9	-999.9	1.5	2.0	96570.7	-999.9
Bobo-Dioulasso	1993	3	3	62	22.9	31.5	17.3	-999.9	3.0	2.0	96780.8	-999.9
Bobo-Dioulasso	1993	3	4	63	22.5	35.4	23.9	-999.9	0.0	2.3	96545.2	-999.9
Bobo-Dioulasso	1993	3	5	64	20.7	37.8	23.9	-999.9	0.0	1.4	96335.1	-999.9
Bobo-Dioulasso	1993	3	6	65	23.4	37.3	22.4	-999.9	0.0	2.5	96440.1	-999.9
Bobo-Dioulasso	1993	3	7	66	24.6	36.4	23.2	-999.9	1.2	2.2	96517.9	-999.9
Bobo-Dioulasso	1993	3	8	67	23.9	36.7	23.0	-999.9	0.0	1.9	96458.6	-999.9
Bobo-Dioulasso	1993	3	9	68	24.9	35.7	22.0	-999.9	0.0	2.1	96645.1	-999.9
Bobo-Dioulasso	1993	3	10	69	24.2	36.2	21.7	-999.9	1.2	1.9	96754.6	-999.9
Bobo-Dioulasso	1993	3	11	70	23.3	34.4	22.1	-999.9	2.1	2.3	96807.6	-999.9
Bobo-Dioulasso	1993	3	12	71	23.9	36.2	20.5	-999.9	0.0	1.7	96719.0	-999.9
Bobo-Dioulasso	1993	3	13	72	24.0	37.5	23.6	-999.9	0.0	1.8	96606.6	-999.9
Bobo-Dioulasso	1993	3	14	73	23.2	37.9	24.9	-999.9	0.0	2.3	96559.2	-999.9
Bobo-Dioulasso	1993	3	15	74	24.1	37.1	23.8	-999.9	0.0	2.1	96508.1	-999.9
Bobo-Dioulasso	1993	3	16	75	24.4	36.4	19.5	-999.9	0.0	2.0	96653.6	-999.9
Bobo-Dioulasso	1993	3	17	76	25.5	38.2	21.7	-999.9	0.0	1.9	96502.5	-999.9
Bobo-Dioulasso	1993	3	18	77	26.7	37.3	21.1	-999.9	1.8	2.3	96398.4	-999.9
Bobo-Dioulasso	1993	3	19	78	25.9	36.0	21.7	-999.9	0.0	2.0	96582.4	-999.9
Bobo-Dioulasso	1993	3	20	79	20.8	35.3	26.3	-999.9	0.0	2.8	96809.0	-999.9
Bobo-Dioulasso	1993	3	21	80	21.6	34.0	26.2	-999.9	0.0	2.5	96923.5	-999.9
Bobo-Dioulasso	1993	3	22	81	19.0	34.2	26.4	-999.9	0.0	2.4	96895.2	-999.9
Bobo-Dioulasso	1993	3	23	82	18.9	34.8	26.3	-999.9	0.0	2.2	96792.7	-999.9
Bobo-Dioulasso	1993	3	24	83	20.0	35.6	26.4	-999.9	0.0	2.1	96719.6	-999.9
Bobo-Dioulasso	1993	3	25	84	18.5	36.3	26.2	-999.9	0.0	1.2	96641.5	-999.9
Bobo-Dioulasso	1993	3	26	85	19.6	36.5	25.4	-999.9	0.0	1.4	96568.4	-999.9
Bobo-Dioulasso	1993	3	27	86	22.3	36.6	24.6	-999.9	0.0	1.5	96473.2	-999.9
Bobo-Dioulasso	1993	3	28	87	24.7	35.9	22.2	-999.9	0.0	2.3	96489.9	-999.9
Bobo-Dioulasso	1993	3	29	88	25.2	37.2	23.4	-999.9	0.0	2.0	96459.9	-999.9
Bobo-Dioulasso	1993	3	30	89	25.4	36.6	22.2	-999.9	0.0	2.3	96500.2	-999.9
Bobo-Dioulasso	1993	3	31	90	24.8	37.3	24.2	-999.9	0.0	1.7	96481.0	-999.9
Bobo-Dioulasso	1993	4	1	91	25.9	37.4	23.9	-999.9	0.0	2.5	96452.9	-999.9
Bobo-Dioulasso	1993	4	2	92	25.8	37.5	23.2	-999.9	0.0	2.3	96393.8	-999.9
Bobo-Dioulasso	1993	4	3	93	26.4	35.7	20.9	-999.9	1.2	2.3	96367.5	-999.9
Bobo-Dioulasso	1993	4	4	94	25.2	35.8	19.9	-999.9	3.6	1.9	96428.7	-999.9
Bobo-Dioulasso	1993	4	5	95	26.7	38.2	19.5	-999.9	0.0	1.5	96472.5	-999.9
Bobo-Dioulasso	1993	4	6	96	22.5	38.6	25.7	-999.9	0.0	2.1	96480.7	-999.9
Bobo-Dioulasso	1993	4	7	97	24.9	38.1	25.1	-999.9	0.0	2.1	96445.6	-999.9
Bobo-Dioulasso	1993	4	8	98	26.5	36.4	22.3	-999.9	0.0	2.7	96409.0	-999.9
Bobo-Dioulasso	1993	4	9	99	25.9	35.8	20.9	-999.9	3.2	2.5	96540.1	-999.9
Bobo-Dioulasso	1993	4	10	100	25.6	35.8	19.8	-999.9	0.0	2.0	96649.4	-999.9
Bobo-Dioulasso	1993	4	11	101	24.8	38.0	24.7	-999.9	1.3	2.0	96543.2	-999.9
Bobo-Dioulasso	1993	4	12	102	26.8	38.4	24.3	-999.9	1.3	2.4	96414.9	-999.9
Bobo-Dioulasso	1993	4	13	103	26.6	37.1	22.9	-999.9	1.3	2.5	96422.8	-999.9
Bobo-Dioulasso	1993	4	14	104	25.7	36.4	23.1	-999.9	1.3	1.9	96526.1	-999.9
Bobo-Dioulasso	1993	4	15	105	24.3	32.4	20.9	-999.9	1.3	2.1	96718.4	-999.9
Bobo-Dioulasso	1993	4	16	106	25.2	34.9	19.5	-999.9	0.0	2.1	96679.5	-999.9
Bobo-Dioulasso	1993	4	17	107	24.5	37.2	24.7	-999.9	0.0	1.6	96406.2	-999.9
Bobo-Dioulasso	1993	4	18	108	25.9	37.2	24.8	-999.9	0.0	1.8	96307.7	-999.9
Bobo-Dioulasso	1993	4	19	109	26.1	36.5	23.2	-999.9	0.7	2.1	96380.3	-999.9
Bobo-Dioulasso	1993	4	20	110	26.7	36.8	23.6	-999.9	0.0	2.4	96390.5	-999.9
Bobo-Dioulasso	1993	4	21	111	26.7	36.2	20.3	-999.9	0.0	2.3	96463.8	-999.9
Bobo-Dioulasso	1993	4	22	112	26.2	36.7	22.8	-999.9	0.0	2.4	96514.0	-999.9
Bobo-Dioulasso	1993	4	23	113	25.1	36.1	22.9	-999.9	0.0	2.2	96499.6	-999.9
Bobo-Dioulasso	1993	4	24	114	26.5	36.4	23.5	-999.9	0.0	2.5	96448.1	-999.9
Bobo-Dioulasso	1993	4	25	115	26.7	37.1	23.6	-999.9	0.0	2.7	96380.4	-999.9
Bobo-Dioulasso	1993	4	26	116	25.3	34.7	22.6	-999.9	5.1	2.7	96462.4	-999.9
Bobo-Dioulasso	1993	4	27	117	25.0	34.1	19.6	-999.9	3.4	1.8	96544.9	-999.9
Bobo-Dioulasso	1993	4	28	118	25.0	33.6	20.8	-999.9	0.0	2.0	96535.8	-999.9
Bobo-Dioulasso	1993	4	29	119	25.5	33.8	22.2	-999.9	1.7	2.3	96517.6	-999.9
Bobo-Dioulasso	1993	4	30	120	26.3	34.3	22.9	-999.9	0.0	2.0	96527.1	-999.9
Bobo-Dioulasso	1993	5	1	121	25.3	35.3	22.8	-999.9	17.2	2.3	96481.0	-999.9
Bobo-Dioulasso	1993	5	2	122	25.1	34.6	22.3	-999.9	0.0	2.1	96517.0	-999.9
Bobo-Dioulasso	1993	5	3	123	26.1	36.1	22.9	-999.9	0.0	2.6	96516.8	-999.9
Bobo-Dioulasso	1993	5	4	124	24.5	35.7	23.3	-999.9	19.7	2.4	96582.9	-999.9
Bobo-Dioulasso	1993	5	5	125	24.2	35.2	23.5	-999.9	0.0	1.9	96581.7	-999.9
Bobo-Dioulasso	1993	5	6	126	25.6	35.9	23.0	-999.9	1.5	2.1	96473.2	-999.9
Bobo-Dioulasso	1993	5	7	127	25.3	34.9	23.4	-999.9	0.0	2.1	96500.9	-999.9
Bobo-Dioulasso	1993	5	8	128	25.1	35.4	23.1	-999.9	0.0	2.3	96443.6	-999.9
Bobo-Dioulasso	1993	5	9	129	25.5	37.4	23.9	-999.9	0.0	2.5	96344.2	-999.9
Bobo-Dioulasso	1993	5	10	130	26.4	37.2	23.9	-999.9	0.0	2.7	96393.9	-999.9
Bobo-Dioulasso	1993	5	11	131	26.4	37.5	24.5	-999.9	0.0	2.2	96419.5	-999.9
Bobo-Dioulasso	1993	5	12	132	27.2	37.7	24.2	-999.9	0.0	2.5	96392.0	-999.9
Bobo-Dioulasso	1993	5	13	133	27.2	36.1	22.5	-999.9	1.6	2.6	96390.5	-999.9
Bobo-Dioulasso	1993	5	14	134	26.1	36.5	23.6	-999.9	3.2	2.1	96466.9	-999.9
Bobo-Dioulasso	1993	5	15	135	26.4	35.0	23.7	-999.9	1.6	2.0	96648.8	-999.9
Bobo-Dioulasso	1993	5	16	136	26.3	36.2	24.2	-999.9	0.0	2.4	96607.6	-999.9
Bobo-Dioulasso	1993	5	17	137	25.1	35.6	23.8	-999.9	7.6	2.6	96634.6	-999.9
Bobo-Dioulasso	1993	5	18	138	24.7	36.8	23.6	-999.9	2.5	3.0	96529.8	-999.9
Bobo-Dioulasso	1993	5	19	139	24.8	35.2	23.5	-999.9	2.5	3.1	96427.2	-999.9
Bobo-Dioulasso	1993	5	20	140	25.3	33.9	22.5	-999.9	0.0	2.6	96604.8	-999.9
Bobo-Dioulasso	1993	5	21	141	25.4	34.8	24.1	-999.9	0.0	2.2	96629.0	-999.9
Bobo-Dioulasso	1993	5	22	142	25.5	34.6	23.6	-999.9	3.8	2.3	96619.7	-999.9
Bobo-Dioulasso	1993	5	23	143	24.1	33.7	22.2	-999.9	0.0	2.2	96582.6	-999.9
Bobo-Dioulasso	1993	5	24	144	25.1	35.3	23.2	-999.9	0.0	2.6	96555.0	-999.9
Bobo-Dioulasso	1993	5	25	145	24.9	35.3	23.6	-999.9	1.3	2.6	96552.6	-999.9
Bobo-Dioulasso	1993	5	26	146	25.3	36.1	24.6	-999.9	0.0	2.3	96503.5	-999.9
Bobo-Dioulasso	1993	5	27	147	25.6	36.0	23.8	-999.9	0.0	2.5	96573.1	-999.9
Bobo-Dioulasso	1993	5	28	148	26.5	36.2	24.3	-999.9	0.0	2.9	96654.0	-999.9
Bobo-Dioulasso	1993	5	29	149	26.4	35.6	23.4	-999.9	0.0	2.7	96658.3	-999.9
Bobo-Dioulasso	1993	5	30	150	25.5	35.4	22.0	-999.9	3.2	2.6	96654.9	-999.9
Bobo-Dioulasso	1993	5	31	151	25.4	32.1	19.3	-999.9	6.3	2.8	96723.4	-999.9
Bobo-Dioulasso	1993	6	1	152	22.7	33.9	22.8	-999.9	0.0	2.8	96854.5	-999.9
Bobo-Dioulasso	1993	6	2	153	22.7	32.7	23.6	-999.9	4.6	1.9	96920.3	-999.9
Bobo-Dioulasso	1993	6	3	154	23.3	31.5	22.9	-999.9	4.6	2.3	96904.6	-999.9
Bobo-Dioulasso	1993	6	4	155	23.6	31.4	23.2	-999.9	4.6	2.2	96824.4	-999.9
Bobo-Dioulasso	1993	6	5	156	24.1	32.8	23.9	-999.9	0.0	2.2	96846.2	-999.9
Bobo-Dioulasso	1993	6	6	157	24.6	31.9	20.9	-999.9	3.7	1.6	96895.3	-999.9
Bobo-Dioulasso	1993	6	7	158	23.7	30.7	21.3	-999.9	0.0	1.6	96860.1	-999.9
Bobo-Dioulasso	1993	6	8	159	23.5	31.9	23.1	-999.9	11.1	1.7	96787.3	-999.9
Bobo-Dioulasso	1993	6	9	160	24.7	32.7	21.9	-999.9	0.0	1.8	96745.4	-999.9
Bobo-Dioulasso	1993	6	10	161	23.6	32.7	20.7	-999.9	3.7	2.0	96848.1	-999.9
Bobo-Dioulasso	1993	6	11	162	23.3	33.8	23.9	-999.9	0.0	2.3	96826.3	-999.9
Bobo-Dioulasso	1993	6	12	163	25.5	35.6	24.2	-999.9	8.2	2.3	96605.9	-999.9
Bobo-Dioulasso	1993	6	13	164	25.7	34.8	23.1	-999.9	16.3	2.8	96548.9	-999.9
Bobo-Dioulasso	1993	6	14	165	23.7	31.0	19.4	-999.9	8.2	2.5	96680.4	-999.9
Bobo-Dioulasso	1993	6	15	166	22.0	31.5	22.2	-999.9	0.0	2.1	96879.1	-999.9
Bobo-Dioulasso	1993	6	16	167	23.5	31.6	20.1	-999.9	0.0	2.1	96918.8	-999.9
Bobo-Dioulasso	1993	6	17	168	23.4	32.8	24.0	-999.9	0.0	2.5	96875.1	-999.9
Bobo-Dioulasso	1993	6	18	169	24.2	34.1	24.1	-999.9	0.0	2.2	96876.4	-999.9
Bobo-Dioulasso	1993	6	19	170	25.4	33.7	23.1	-999.9	3.9	1.8	96883.6	-999.9
Bobo-Dioulasso	1993	6	20	171	24.8	35.7	24.4	-999.9	3.9	2.1	96769.8	-999.9
Bobo-Dioulasso	1993	6	21	172	24.3	34.6	22.2	-999.9	0.0	3.1	96724.3	-999.9
Bobo-Dioulasso	1993	6	22	173	24.1	31.8	17.5	-999.9	9.8	3.2	96812.5	-999.9
Bobo-Dioulasso	1993	6	23	174	23.9	33.7	24.0	-999.9	0.0	2.5	96931.3	-999.9
Bobo-Dioulasso	1993	6	24	175	24.5	34.7	23.3	-999.9	9.8	1.7	96906.4	-999.9
Bobo-Dioulasso	1993	6	25	176	24.0	34.2	24.0	-999.9	0.0	1.7	96771.0	-999.9
Bobo-Dioulasso	1993	6	26	177	24.2	31.2	19.7	-999.9	0.0	1.9	96781.4	-999.9
Bobo-Dioulasso	1993	6	27	178	23.8	32.0	21.7	-999.9	0.0	2.0	96764.2	-999.9
Bobo-Dioulasso	1993	6	28	179	23.2	31.1	21.3	-999.9	0.0	1.7	96848.6	-999.9
Bobo-Dioulasso	1993	6	29	180	23.3	32.8	22.6	-999.9	0.0	1.5	96848.1	-999.9
Bobo-Dioulasso	1993	6	30	181	24.1	32.6	22.5	-999.9	8.2	1.7	96832.4	-999.9
Bobo-Dioulasso	1993	7	1	182	23.9	30.9	21.6	-999.9	0.0	2.2	96809.8	-999.9
Bobo-Dioulasso	1993	7	2	183	23.3	32.7	23.4	-999.9	0.0	2.2	96724.3	-999.9
Bobo-Dioulasso	1993	7	3	184	23.3	32.5	22.5	-999.9	16.0	1.8	96750.8	-999.9
Bobo-Dioulasso	1993	7	4	185	23.1	29.1	18.2	-999.9	0.0	1.8	96816.9	-999.9
Bobo-Dioulasso	1993	7	5	186	22.3	30.5	20.3	-999.9	0.0	2.4	96882.9	-999.9
Bobo-Dioulasso	1993	7	6	187	22.9	31.7	23.8	-999.9	0.0	2.0	96718.9	-999.9
Bobo-Dioulasso	1993	7	7	188	23.4	30.9	20.7	-999.9	25.8	2.4	96738.7	-999.9
Bobo-Dioulasso	1993	7	8	189	23.6	31.4	20.5	-999.9	0.0	2.3	96802.7	-999.9
Bobo-Dioulasso	1993	7	9	190	23.2	31.3	20.4	-999.9	6.5	2.1	96840.1	-999.9
Bobo-Dioulasso	1993	7	10	191	22.1	27.8	15.3	-999.9	19.4	2.0	96861.9	-999.9
Bobo-Dioulasso	1993	7	11	192	21.7	29.0	20.8	-999.9	8.0	2.0	96834.4	-999.9
Bobo-Dioulasso	1993	7	12	193	22.2	29.2	20.1	-999.9	0.0	2.0	96909.8	-999.9
Bobo-Dioulasso	1993	7	13	194	23.0	29.0	18.6	-999.9	8.0	2.0	96921.3	-999.9
Bobo-Dioulasso	1993	7	14	195	22.8	27.9	15.7	-999.9	8.0	2.6	96791.7	-999.9
Bobo-Dioulasso	1993	7	15	196	22.5	28.4	16.6	-999.9	8.0	2.1	96764.5	-999.9
Bobo-Dioulasso	1993	7	16	197	21.8	28.9	19.0	-999.9	11.3	1.9	96909.7	-999.9
Bobo-Dioulasso	1993	7	17	198	21.9	29.3	21.4	-999.9	0.0	1.4	96958.1	-999.9
Bobo-Dioulasso	1993	7	18	199	22.6	30.0	22.8	-999.9	0.0	1.8	96949.2	-999.9
Bobo-Dioulasso	1993	7	19	200	23.2	29.2	19.1	-999.9	11.3	2.1	96829.5	-999.9
Bobo-Dioulasso	1993	7	20	201	22.8	28.9	19.6	-999.9	0.0	2.3	96751.1	-999.9
Bobo-Dioulasso	1993	7	21	202	23.1	29.1	20.6	-999.9	0.0	2.3	96860.5	-999.9
Bobo-Dioulasso	1993	7	22	203	22.4	27.5	15.0	-999.9	0.0	1.9	96976.0	-999.9
Bobo-Dioulasso	1993	7	23	204	22.5	29.2	21.5	-999.9	0.0	1.9	97058.8	-999.9
Bobo-Dioulasso	1993	7	24	205	21.9	29.1	21.1	-999.9	29.3	1.6	97039.6	-999.9
Bobo-Dioulasso	1993	7	25	206	22.7	29.1	19.3	-999.9	12.7	1.5	96869.6	-999.9
Bobo-Dioulasso	1993	7	26	207	22.2	27.6	16.3	-999.9	47.6	1.7	96823.0	-999.9
Bobo-Dioulasso	1993	7	27	208	21.7	27.4	17.9	-999.9	0.0	2.4	96894.9	-999.9
Bobo-Dioulasso	1993	7	28	209	21.0	28.8	20.8	-999.9	0.0	1.6	96969.2	-999.9
Bobo-Dioulasso	1993	7	29	210	22.2	28.7	19.0	-999.9	0.0	1.6	96960.3	-999.9
Bobo-Dioulasso	1993	7	30	211	21.4	29.1	20.8	-999.9	0.0	1.8	96982.7	-999.9
Bobo-Dioulasso	1993	7	31	212	21.8	28.5	18.1	-999.9	7.7	1.9	96953.8	-999.9
Bobo-Dioulasso	1993	8	1	213	22.2	29.0	20.8	-999.9	11.0	1.9	96931.9	-999.9
Bobo-Dioulasso	1993	8	2	214	22.2	29.9	22.1	-999.9	0.0	1.9	96974.8	-999.9
Bobo-Dioulasso	1993	8	3	215	22.5	29.1	17.8	-999.9	11.0	1.7	97039.7	-999.9
Bobo-Dioulasso	1993	8	4	216	22.0	29.3	19.5	-999.9	0.0	2.0	96999.2	-999.9
Bobo-Dioulasso	1993	8	5	217	22.2	29.8	21.4	-999.9	11.0	1.7	96967.0	-999.9
Bobo-Dioulasso	1993	8	6	218	22.1	26.8	10.8	-999.9	0.0	1.8	96906.0	-999.9
Bobo-Dioulasso	1993	8	7	219	20.9	28.6	17.7	-999.9	0.0	2.1	96875.4	-999.9
Bobo-Dioulasso	1993	8	8	220	21.8	29.0	20.0	-999.9	0.0	2.0	96806.4	-999.9
Bobo-Dioulasso	1993	8	9	221	22.0	29.5	20.1	-999.9	0.0	1.9	96766.2	-999.9
Bobo-Dioulasso	1993	8	10	222	22.3	27.8	11.9	-999.9	0.0	1.7	96878.9	-999.9
Bobo-Dioulasso	1993	8	11	223	21.8	28.9	19.9	-999.9	10.4	1.5	96979.2	-999.9
Bobo-Dioulasso	1993	8	12	224	21.7	30.2	22.7	-999.9	0.0	1.2	96937.5	-999.9
Bobo-Dioulasso	1993	8	13	225	23.9	30.6	21.2	-999.9	0.0	2.3	96790.8	-999.9
Bobo-Dioulasso	1993	8	14	226	21.8	27.7	13.3	-999.9	29.2	2.0	96798.4	-999.9
Bobo-Dioulasso	1993	8	15	227	21.4	29.3	20.9	-999.9	9.0	1.9	96880.3	-999.9
Bobo-Dioulasso	1993	8	16	228	21.2	29.2	21.3	-999.9	0.0	1.4	96929.7	-999.9
Bobo-Dioulasso	1993	8	17	229	21.8	26.3	12.1	-999.9	27.6	1.7	96986.9	-999.9
Bobo-Dioulasso	1993	8	18	230	21.3	28.5	19.5	-999.9	0.0	1.8	96906.5	-999.9
Bobo-Dioulasso	1993	8	19	231	21.2	23.6	6.4	-999.9	12.1	1.6	96955.3	-999.9
Bobo-Dioulasso	1993	8	20	232	21.1	28.1	18.1	-999.9	12.1	1.3	97021.0	-999.9
Bobo-Dioulasso	1993	8	21	233	21.6	29.4	20.5	-999.9	0.0	1.6	96916.7	-999.9
Bobo-Dioulasso	1993	8	22	234	22.5	29.5	21.3	-999.9	9.4	2.0	96874.8	-999.9
Bobo-Dioulasso	1993	8	23	235	22.4	28.0	16.4	-999.9	9.4	2.3	96880.2	-999.9
Bobo-Dioulasso	1993	8	24	236	21.5	27.2	15.7	-999.9	0.0	2.1	97019.8	-999.9
Bobo-Dioulasso	1993	8	25	237	21.4	29.0	20.4	-999.9	21.4	1.6	97053.5	-999.9
Bobo-Dioulasso	1993	8	26	238	21.6	28.0	18.0	-999.9	0.0	1.1	96957.8	-999.9
Bobo-Dioulasso	1993	8	27	239	21.1	29.3	22.0	-999.9	0.0	1.4	96842.4	-999.9
Bobo-Dioulasso	1993	8	28	240	22.3	29.2	21.5	-999.9	14.8	2.1	96739.2	-999.9
Bobo-Dioulasso	1993	8	29	241	21.9	28.6	19.4	-999.9	14.8	2.3	96701.4	-999.9
Bobo-Dioulasso	1993	8	30	242	21.3	28.5	20.3	-999.9	0.0	1.8	96704.5	-999.9
Bobo-Dioulasso	1993	8	31	243	21.5	28.1	17.3	-999.9	0.0	1.7	96800.9	-999.9
Bobo-Dioulasso	1993	9	1	244	21.5	25.8	12.2	-999.9	17.3	1.5	96907.9	-999.9
Bobo-Dioulasso	1993	9	2	245	21.3	24.0	7.3	-999.9	8.7	1.8	97047.4	-999.9
Bobo-Dioulasso	1993	9	3	246	21.4	28.1	19.1	-999.9	0.0	1.8	97090.5	-999.9
Bobo-Dioulasso	1993	9	4	247	21.1	29.5	22.9	-999.9	0.0	2.0	96901.2	-999.9
Bobo-Dioulasso	1993	9	5	248	22.4	29.6	18.6	-999.9	17.3	1.8	96727.2	-999.9
Bobo-Dioulasso	1993	9	6	249	21.5	25.6	10.7	-999.9	0.0	1.6	96820.7	-999.9
Bobo-Dioulasso	1993	9	7	250	21.6	28.6	17.8	-999.9	3.5	1.6	97012.0	-999.9
Bobo-Dioulasso	1993	9	8	251	21.6	29.3	21.5	-999.9	3.1	1.5	96854.7	-999.9
Bobo-Dioulasso	1993	9	9	252	22.3	29.3	21.3	-999.9	0.0	1.4	96764.2	-999.9
Bobo-Dioulasso	1993	9	10	253	22.2	29.2	19.5	-999.9	9.3	1.4	96777.9	-999.9
Bobo-Dioulasso	1993	9	11	254	22.1	29.7	21.5	-999.9	0.0	2.2	96822.0	-999.9
Bobo-Dioulasso	1993	9	12	255	21.5	29.2	20.3	-999.9	15.4	2.1	96854.9	-999.9
Bobo-Dioulasso	1993	9	13	256	22.4	30.0	23.8	-999.9	7.7	2.0	96849.2	-999.9
Bobo-Dioulasso	1993	9	14	257	22.7	29.0	20.9	-999.9	15.4	1.8	96902.5	-999.9
Bobo-Dioulasso	1993	9	15	258	21.9	29.2	21.4	-999.9	15.4	1.3	96951.1	-999.9
Bobo-Dioulasso	1993	9	16	259	22.1	28.8	19.3	-999.9	13.7	1.1	96893.1	-999.9
Bobo-Dioulasso	1993	9	17	260	21.8	30.0	20.4	-999.9	0.0	1.6	96721.6	-999.9
Bobo-Dioulasso	1993	9	18	261	21.9	29.3	21.0	-999.9	0.0	1.7	96677.1	-999.9
Bobo-Dioulasso	1993	9	19	262	21.3	28.4	17.0	-999.9	0.0	1.6	96649.4	-999.9
Bobo-Dioulasso	1993	9	20	263	21.7	24.3	10.4	-999.9	13.7	1.8	96708.0	-999.9
Bobo-Dioulasso	1993	9	21	264	20.5	28.5	20.4	-999.9	0.0	1.4	96795.2	-999.9
Bobo-Dioulasso	1993	9	22	265	21.8	29.4	22.1	-999.9	0.0	1.6	96769.3	-999.9
Bobo-Dioulasso	1993	9	23	266	22.2	29.7	21.5	-999.9	0.0	1.6	96753.8	-999.9
Bobo-Dioulasso	1993	9	24	267	22.9	29.7	20.1	-999.9	11.8	1.6	96656.2	-999.9
Bobo-Dioulasso	1993	9	25	268	22.1	26.6	14.4	-999.9	0.0	2.0	96802.0	-999.9
Bobo-Dioulasso	1993	9	26	269	21.5	29.2	18.7	-999.9	8.5	1.6	96954.3	-999.9
Bobo-Dioulasso	1993	9	27	270	22.2	29.4	20.0	-999.9	8.5	1.7	96835.6	-999.9
Bobo-Dioulasso	1993	9	28	271	22.1	29.6	21.5	-999.9	0.0	1.8	96821.8	-999.9
Bobo-Dioulasso	1993	9	29	272	22.3	29.9	22.5	-999.9	0.0	1.9	96735.1	-999.9
Bobo-Dioulasso	1993	9	30	273	22.6	29.0	20.6	-999.9	0.0	1.4	96687.2	-999.9
Bobo-Dioulasso	1993	10	1	274	22.6	30.1	22.1	-999.9	0.0	1.7	96719.1	-999.9
Bobo-Dioulasso	1993	10	2	275	22.9	30.1	22.9	-999.9	2.5	2.0	96779.0	-999.9
Bobo-Dioulasso	1993	10	3	276	22.7	31.1	23.3	-999.9	5.7	1.5	96710.7	-999.9
Bobo-Dioulasso	1993	10	4	277	23.4	30.3	21.8	-999.9	0.0	1.8	96734.8	-999.9
Bobo-Dioulasso	1993	10	5	278	22.3	28.6	16.6	-999.9	0.0	2.2	96913.8	-999.9
Bobo-Dioulasso	1993	10	6	279	22.1	30.7	22.8	-999.9	0.0	1.8	96842.8	-999.9
Bobo-Dioulasso	1993	10	7	280	23.2	30.8	22.2	-999.9	8.9	1.4	96805.9	-999.9
Bobo-Dioulasso	1993	10	8	281	22.9	30.6	22.0	-999.9	0.0	1.6	96791.3	-999.9
Bobo-Dioulasso	1993	10	9	282	22.3	29.9	20.1	-999.9	8.9	1.9	96897.9	-999.9
Bobo-Dioulasso	1993	10	10	283	22.2	29.1	17.7	-999.9	0.0	2.0	96977.8	-999.9
Bobo-Dioulasso	1993	10	11	284	22.0	29.3	18.7	-999.9	0.0	1.5	96900.5	-999.9
Bobo-Dioulasso	1993	10	12	285	22.6	31.0	22.2	-999.9	0.0	1.6	96733.3	-999.9
Bobo-Dioulasso	1993	10	13	286	22.6	30.7	21.1	-999.9	0.0	1.4	96746.4	-999.9
Bobo-Dioulasso	1993	10	14	287	23.2	30.8	22.3	-999.9	0.0	1.6	96773.4	-999.9
Bobo-Dioulasso	1993	10	15	288	22.3	31.6	22.5	-999.9	0.0	1.4	96649.4	-999.9
Bobo-Dioulasso	1993	10	16	289	23.6	31.8	21.8	-999.9	0.0	1.5	96535.6	-999.9
Bobo-Dioulasso	1993	10	17	290	23.6	32.1	21.9	-999.9	16.8	1.5	96583.9	-999.9
Bobo-Dioulasso	1993	10	18	291	23.3	31.8	22.4	-999.9	0.0	1.7	96674.6	-999.9
Bobo-Dioulasso	1993	10	19	292	23.2	31.5	21.4	-999.9	0.0	1.6	96683.9	-999.9
Bobo-Dioulasso	1993	10	20	293	22.6	31.5	21.6	-999.9	0.0	1.5	96660.2	-999.9
Bobo-Dioulasso	1993	10	21	294	23.1	32.8	22.0	-999.9	0.0	1.7	96584.1	-999.9
Bobo-Dioulasso	1993	10	22	295	23.4	31.6	21.2	-999.9	6.7	1.8	96640.4	-999.9
Bobo-Dioulasso	1993	10	23	296	22.5	31.8	20.9	-999.9	0.0	1.8	96709.2	-999.9
Bobo-Dioulasso	1993	10	24	297	22.7	30.7	19.7	-999.9	0.0	1.8	96741.0	-999.9
Bobo-Dioulasso	1993	10	25	298	23.1	31.9	21.0	-999.9	0.0	1.5	96742.1	-999.9
Bobo-Dioulasso	1993	10	26	299	23.2	32.7	21.1	-999.9	3.4	1.2	96643.8	-999.9
Bobo-Dioulasso	1993	10	27	300	23.8	33.3	20.5	-999.9	0.0	1.8	96588.1	-999.9
Bobo-Dioulasso	1993	10	28	301	23.7	33.0	21.0	-999.9	0.0	1.7	96625.3	-999.9
Bobo-Dioulasso	1993	10	29	302	24.8	33.8	20.6	-999.9	0.0	1.9	96667.1	-999.9
Bobo-Dioulasso	1993	10	30	303	23.8	33.0	20.7	-999.9	3.4	1.6	96728.6	-999.9
Bobo-Dioulasso	1993	10	31	304	24.3	32.9	20.0	-999.9	0.0	1.8	96752.6	-999.9
Bobo-Dioulasso	1993	11	1	305	23.6	33.5	19.4	-999.9	4.7	1.5	96797.3	-999.9
Bobo-Dioulasso	1993	11	2	306	22.6	33.3	20.8	-999.9	0.0	1.7	96831.6	-999.9
Bobo-Dioulasso	1993	11	3	307	23.9	32.6	19.6	-999.9	0.0	1.8	96908.6	-999.9
Bobo-Dioulasso	1993	11	4	308	23.6	33.3	20.0	-999.9	0.0	1.7	96802.3	-999.9
Bobo-Dioulasso	1993	11	5	309	23.8	33.0	19.6	-999.9	0.0	1.8	96648.2	-999.9
Bobo-Dioulasso	1993	11	6	310	24.4	34.5	21.1	-999.9	0.0	1.4	96527.0	-999.9
Bobo-Dioulasso	1993	11	7	311	24.2	34.1	20.3	-999.9	0.0	1.6	96574.5	-999.9
Bobo-Dioulasso	1993	11	8	312	22.6	34.2	20.8	-999.9	0.0	1.9	96579.2	-999.9
Bobo-Dioulasso	1993	11	9	313	23.2	34.4	20.5	-999.9	0.0	2.2	96579.5	-999.9
Bobo-Dioulasso	1993	11	10	314	23.9	33.4	20.0	-999.9	0.0	2.0	96599.2	-999.9
Bobo-Dioulasso	1993	11	11	315	25.0	33.3	18.7	-999.9	0.0	1.8	96564.7	-999.9
Bobo-Dioulasso	1993	11	12	316	24.4	34.1	20.3	-999.9	0.0	1.7	96473.4	-999.9
Bobo-Dioulasso	1993	11	13	317	22.8	34.0	21.2	-999.9	0.0	1.5	96489.4	-999.9
Bobo-Dioulasso	1993	11	14	318	22.0	33.8	20.8	-999.9	0.0	1.5	96518.9	-999.9
Bobo-Dioulasso	1993	11	15	319	23.8	33.6	18.6	-999.9	0.0	1.7	96514.9	-999.9
Bobo-Dioulasso	1993	11	16	320	24.8	33.1	18.8	-999.9	0.0	1.8	96484.0	-999.9
Bobo-Dioulasso	1993	11	17	321	24.4	33.8	20.8	-999.9	0.0	1.7	96422.0	-999.9
Bobo-Dioulasso	1993	11	18	322	23.2	33.3	20.2	-999.9	0.0	1.3	96375.3	-999.9
Bobo-Dioulasso	1993	11	19	323	23.7	32.8	18.8	-999.9	0.0	1.4	96381.7	-999.9
Bobo-Dioulasso	1993	11	20	324	23.7	34.0	20.6	-999.9	0.0	1.6	96368.0	-999.9
Bobo-Dioulasso	1993	11	21	325	24.2	32.2	16.1	-999.9	0.0	2.1	96543.4	-999.9
Bobo-Dioulasso	1993	11	22	326	24.2	33.2	18.5	-999.9	0.0	1.6	96659.0	-999.9
Bobo-Dioulasso	1993	11	23	327	23.3	34.3	19.8	-999.9	0.0	1.6	96571.7	-999.9
Bobo-Dioulasso	1993	11	24	328	22.2	34.2	19.7	-999.9	0.0	1.5	96462.6	-999.9
Bobo-Dioulasso	1993	11	25	329	24.9	33.9	19.6	-999.9	0.0	1.4	96511.6	-999.9
Bobo-Dioulasso	1993	11	26	330	24.3	32.8	18.0	-999.9	0.0	1.7	96650.7	-999.9
Bobo-Dioulasso	1993	11	27	331	23.4	33.9	20.3	-999.9	0.0	2.4	96653.9	-999.9
Bobo-Dioulasso	1993	11	28	332	22.8	33.9	20.0	-999.9	0.0	2.7	96704.9	-999.9
Bobo-Dioulasso	1993	11	29	333	22.2	33.2	20.7	-999.9	0.0	2.3	96730.1	-999.9
Bobo-Dioulasso	1993	11	30	334	21.1	31.8	19.7	-999.9	0.0	2.2	96686.3	-999.9
Bobo-Dioulasso	1993	12	1	335	20.0	31.7	20.5	-999.9	0.0	1.8	96624.3	-999.9
Bobo-Dioulasso	1993	12	2	336	19.5	32.5	20.3	-999.9	0.0	1.6	96618.5	-999.9
Bobo-Dioulasso	1993	12	3	337	22.6	33.5	19.8	-999.9	0.0	2.2	96595.0	-999.9
Bobo-Dioulasso	1993	12	4	338	21.4	33.8	19.8	-999.9	0.0	1.9	96567.8	-999.9
Bobo-Dioulasso	1993	12	5	339	22.2	32.9	16.0	-999.9	0.0	1.7	96737.4	-999.9
Bobo-Dioulasso	1993	12	6	340	21.3	33.6	20.0	-999.9	0.0	2.2	96771.1	-999.9
Bobo-Dioulasso	1993	12	7	341	20.5	33.7	20.4	-999.9	0.0	2.0	96709.3	-999.9
Bobo-Dioulasso	1993	12	8	342	20.3	33.3	19.9	-999.9	0.0	2.0	96724.1	-999.9
Bobo-Dioulasso	1993	12	9	343	19.7	33.7	20.5	-999.9	0.0	2.4	96775.6	-999.9
Bobo-Dioulasso	1993	12	10	344	20.9	33.3	20.8	-999.9	0.0	2.4	96824.7	-999.9
Bobo-Dioulasso	1993	12	11	345	18.7	32.6	20.7	-999.9	0.0	2.2	96736.6	-999.9
Bobo-Dioulasso	1993	12	12	346	19.1	32.9	20.6	-999.9	0.0	2.3	96620.9	-999.9
Bobo-Dioulasso	1993	12	13	347	19.4	32.0	20.6	-999.9	0.0	2.2	96666.7	-999.9
Bobo-Dioulasso	1993	12	14	348	17.9	31.4	20.6	-999.9	0.0	2.0	96680.7	-999.9
Bobo-Dioulasso	1993	12	15	349	16.8	31.8	20.3	-999.9	0.0	1.8	96668.2	-999.9
Bobo-Dioulasso	1993	12	16	350	17.4	32.8	20.5	-999.9	0.0	2.0	96667.4	-999.9
Bobo-Dioulasso	1993	12	17	351	18.4	32.8	20.3	-999.9	0.0	2.1	96725.6	-999.9
Bobo-Dioulasso	1993	12	18	352	19.4	32.6	20.1	-999.9	0.0	2.1	96780.5	-999.9
Bobo-Dioulasso	1993	12	19	353	20.3	33.1	20.2	-999.9	0.0	2.0	96756.0	-999.9
Bobo-Dioulasso	1993	12	20	354	19.4	33.2	20.2	-999.9	0.0	2.1	96655.7	-999.9
Bobo-Dioulasso	1993	12	21	355	20.2	32.7	20.2	-999.9	0.5	2.0	96688.6	-999.9
Bobo-Dioulasso	1993	12	22	356	19.2	31.9	19.7	-999.9	0.0	2.1	96785.6	-999.9
Bobo-Dioulasso	1993	12	23	357	19.6	31.4	20.2	-999.9	0.0	2.5	96887.1	-999.9
Bobo-Dioulasso	1993	12	24	358	18.3	31.9	20.2	-999.9	0.0	2.2	96838.0	-999.9
Bobo-Dioulasso	1993	12	25	359	19.2	31.5	20.2	-999.9	0.0	2.4	96823.9	-999.9
Bobo-Dioulasso	1993	12	26	360	18.7	32.0	20.3	-999.9	0.0	2.2	96815.0	-999.9
Bobo-Dioulasso	1993	12	27	361	18.7	32.3	20.4	-999.9	0.0	2.0	96788.3	-999.9
Bobo-Dioulasso	1993	12	28	362	18.6	32.3	20.5	-999.9	0.0	2.2	96705.2	-999.9
Bobo-Dioulasso	1993	12	29	363	18.4	30.9	20.5	-999.9	0.0	2.8	96753.3	-999.9
Bobo-Dioulasso	1993	12	30	364	17.8	29.4	20.8	-999.9	0.0	3.0	96854.5	-999.9
Bobo-Dioulasso	1993	12	31	365	15.9	29.5	20.9	-999.9	0.0	2.7	96959.8	-999.9
