Bobo-Dioulasso	1982	1	1	1	18.5	33.7	21.0	-999.9	0.0	1.9	96606.2	-999.9
Bobo-Dioulasso	1982	1	2	2	18.7	33.7	20.9	-999.9	0.0	2.2	96511.8	-999.9
Bobo-Dioulasso	1982	1	3	3	18.8	33.3	21.1	-999.9	0.0	2.1	96540.6	-999.9
Bobo-Dioulasso	1982	1	4	4	18.9	33.1	20.8	-999.9	0.0	2.6	96641.4	-999.9
Bobo-Dioulasso	1982	1	5	5	19.3	31.9	21.4	-999.9	0.0	3.0	96726.4	-999.9
Bobo-Dioulasso	1982	1	6	6	16.7	30.2	21.5	-999.9	0.0	2.6	96771.7	-999.9
Bobo-Dioulasso	1982	1	7	7	16.1	30.1	21.5	-999.9	0.0	2.5	96838.6	-999.9
Bobo-Dioulasso	1982	1	8	8	16.5	30.5	21.6	-999.9	0.0	2.8	96919.9	-999.9
Bobo-Dioulasso	1982	1	9	9	16.7	30.8	21.7	-999.9	0.0	2.7	97022.7	-999.9
Bobo-Dioulasso	1982	1	10	10	16.1	30.8	21.7	-999.9	0.0	2.5	96972.9	-999.9
Bobo-Dioulasso	1982	1	11	11	15.1	31.3	21.6	-999.9	0.0	2.0	96764.6	-999.9
Bobo-Dioulasso	1982	1	12	12	16.4	33.0	21.2	-999.9	0.0	1.8	96651.6	-999.9
Bobo-Dioulasso	1982	1	13	13	20.1	34.1	19.7	-999.9	0.0	1.6	96669.6	-999.9
Bobo-Dioulasso	1982	1	14	14	20.4	34.1	19.8	-999.9	0.0	2.1	96627.6	-999.9
Bobo-Dioulasso	1982	1	15	15	21.5	33.6	18.6	-999.9	0.0	2.8	96606.1	-999.9
Bobo-Dioulasso	1982	1	16	16	19.9	32.9	20.4	-999.9	0.0	2.6	96634.9	-999.9
Bobo-Dioulasso	1982	1	17	17	20.0	33.1	20.7	-999.9	0.0	2.2	96631.6	-999.9
Bobo-Dioulasso	1982	1	18	18	19.3	32.8	20.8	-999.9	0.0	2.2	96672.9	-999.9
Bobo-Dioulasso	1982	1	19	19	18.8	32.8	21.1	-999.9	0.0	2.5	96741.6	-999.9
Bobo-Dioulasso	1982	1	20	20	18.6	31.5	21.1	-999.9	0.0	2.7	96764.0	-999.9
Bobo-Dioulasso	1982	1	21	21	17.5	29.4	21.4	-999.9	0.0	2.9	96887.6	-999.9
Bobo-Dioulasso	1982	1	22	22	16.3	28.2	21.4	-999.9	0.0	2.9	96924.4	-999.9
Bobo-Dioulasso	1982	1	23	23	15.7	28.4	21.9	-999.9	0.0	3.0	96897.8	-999.9
Bobo-Dioulasso	1982	1	24	24	16.1	28.8	21.9	-999.9	0.0	3.1	96929.7	-999.9
Bobo-Dioulasso	1982	1	25	25	15.5	28.9	22.2	-999.9	0.0	2.9	96911.6	-999.9
Bobo-Dioulasso	1982	1	26	26	15.9	30.4	22.2	-999.9	0.0	2.8	96925.5	-999.9
Bobo-Dioulasso	1982	1	27	27	16.8	30.8	21.7	-999.9	0.0	2.8	96979.1	-999.9
Bobo-Dioulasso	1982	1	28	28	16.7	31.8	22.3	-999.9	0.0	2.5	96954.2	-999.9
Bobo-Dioulasso	1982	1	29	29	16.5	32.7	22.4	-999.9	0.0	2.2	96942.1	-999.9
Bobo-Dioulasso	1982	1	30	30	18.0	32.9	22.4	-999.9	0.0	2.7	96961.7	-999.9
Bobo-Dioulasso	1982	1	31	31	18.0	32.7	22.4	-999.9	0.0	2.6	96926.7	-999.9
Bobo-Dioulasso	1982	2	1	32	18.6	33.5	22.4	-999.9	0.0	2.4	96810.8	-999.9
Bobo-Dioulasso	1982	2	2	33	18.4	34.1	22.4	-999.9	0.0	2.0	96604.0	-999.9
Bobo-Dioulasso	1982	2	3	34	18.8	34.7	22.2	-999.9	0.0	2.1	96468.3	-999.9
Bobo-Dioulasso	1982	2	4	35	21.0	35.3	22.2	-999.9	0.0	2.8	96588.4	-999.9
Bobo-Dioulasso	1982	2	5	36	20.7	35.8	22.6	-999.9	0.0	2.9	96672.2	-999.9
Bobo-Dioulasso	1982	2	6	37	20.9	35.6	22.6	-999.9	0.0	2.9	96669.3	-999.9
Bobo-Dioulasso	1982	2	7	38	20.3	33.7	22.7	-999.9	0.0	2.7	96639.2	-999.9
Bobo-Dioulasso	1982	2	8	39	19.2	33.1	22.9	-999.9	0.9	2.6	96658.5	-999.9
Bobo-Dioulasso	1982	2	9	40	18.9	33.1	22.7	-999.9	0.0	2.4	96667.4	-999.9
Bobo-Dioulasso	1982	2	10	41	20.0	34.0	22.6	-999.9	0.0	2.1	96694.9	-999.9
Bobo-Dioulasso	1982	2	11	42	20.1	34.6	22.6	-999.9	0.0	1.9	96730.9	-999.9
Bobo-Dioulasso	1982	2	12	43	19.6	35.1	22.4	-999.9	0.0	1.8	96688.5	-999.9
Bobo-Dioulasso	1982	2	13	44	19.6	35.5	22.8	-999.9	0.0	1.7	96652.1	-999.9
Bobo-Dioulasso	1982	2	14	45	20.4	35.5	22.9	-999.9	0.0	1.8	96607.0	-999.9
Bobo-Dioulasso	1982	2	15	46	23.3	35.9	22.1	-999.9	0.0	1.8	96440.6	-999.9
Bobo-Dioulasso	1982	2	16	47	22.8	35.3	21.1	-999.9	0.0	2.1	96373.0	-999.9
Bobo-Dioulasso	1982	2	17	48	23.8	33.1	19.7	-999.9	0.2	2.0	96423.0	-999.9
Bobo-Dioulasso	1982	2	18	49	22.5	31.5	17.2	-999.9	0.7	1.8	96477.9	-999.9
Bobo-Dioulasso	1982	2	19	50	22.8	29.2	15.6	-999.9	0.7	1.5	96496.9	-999.9
Bobo-Dioulasso	1982	2	20	51	22.6	33.4	21.6	-999.9	0.0	1.7	96535.1	-999.9
Bobo-Dioulasso	1982	2	21	52	22.1	33.5	23.1	-999.9	0.0	2.6	96666.8	-999.9
Bobo-Dioulasso	1982	2	22	53	20.0	32.5	19.9	-999.9	1.2	2.1	96632.4	-999.9
Bobo-Dioulasso	1982	2	23	54	20.8	34.1	21.4	-999.9	0.0	1.6	96543.1	-999.9
Bobo-Dioulasso	1982	2	24	55	22.2	35.0	21.4	-999.9	0.0	1.9	96553.0	-999.9
Bobo-Dioulasso	1982	2	25	56	22.9	34.4	20.3	-999.9	1.2	2.2	96684.8	-999.9
Bobo-Dioulasso	1982	2	26	57	21.5	35.5	23.7	-999.9	0.0	2.4	96692.4	-999.9
Bobo-Dioulasso	1982	2	27	58	21.6	35.3	23.8	-999.9	0.0	1.7	96647.6	-999.9
Bobo-Dioulasso	1982	2	28	59	22.2	35.7	23.7	-999.9	0.0	2.1	96649.8	-999.9
Bobo-Dioulasso	1982	3	1	60	24.5	34.2	21.6	-999.9	0.0	2.9	96865.5	-999.9
Bobo-Dioulasso	1982	3	2	61	22.4	34.5	24.2	-999.9	0.0	2.7	96922.4	-999.9
Bobo-Dioulasso	1982	3	3	62	21.4	34.5	24.5	-999.9	0.0	2.9	96778.3	-999.9
Bobo-Dioulasso	1982	3	4	63	20.9	34.1	24.8	-999.9	0.0	2.7	96773.0	-999.9
Bobo-Dioulasso	1982	3	5	64	19.9	34.3	25.0	-999.9	0.0	2.5	96755.9	-999.9
Bobo-Dioulasso	1982	3	6	65	19.6	34.6	25.0	-999.9	0.0	2.3	96704.8	-999.9
Bobo-Dioulasso	1982	3	7	66	19.3	35.4	25.0	-999.9	0.0	2.2	96678.8	-999.9
Bobo-Dioulasso	1982	3	8	67	20.2	36.2	24.8	-999.9	0.0	2.2	96561.5	-999.9
Bobo-Dioulasso	1982	3	9	68	21.0	36.6	24.9	-999.9	0.0	2.1	96344.7	-999.9
Bobo-Dioulasso	1982	3	10	69	23.1	36.6	21.5	-999.9	0.0	3.2	96213.9	-999.9
Bobo-Dioulasso	1982	3	11	70	23.5	33.8	20.0	-999.9	13.1	2.4	96375.5	-999.9
Bobo-Dioulasso	1982	3	12	71	22.5	30.6	17.1	-999.9	11.5	2.0	96655.3	-999.9
Bobo-Dioulasso	1982	3	13	72	23.3	32.0	19.0	-999.9	0.0	1.3	96691.2	-999.9
Bobo-Dioulasso	1982	3	14	73	24.2	35.1	20.9	-999.9	0.0	1.4	96502.2	-999.9
Bobo-Dioulasso	1982	3	15	74	24.7	37.1	24.1	-999.9	0.0	1.8	96360.7	-999.9
Bobo-Dioulasso	1982	3	16	75	25.2	36.6	21.7	-999.9	0.0	2.0	96334.2	-999.9
Bobo-Dioulasso	1982	3	17	76	25.1	36.6	22.3	-999.9	0.0	2.4	96386.6	-999.9
Bobo-Dioulasso	1982	3	18	77	24.1	31.0	16.3	-999.9	1.4	1.9	96556.1	-999.9
Bobo-Dioulasso	1982	3	19	78	24.7	35.0	19.4	-999.9	0.0	1.5	96541.3	-999.9
Bobo-Dioulasso	1982	3	20	79	24.2	35.3	22.1	-999.9	2.7	1.8	96527.3	-999.9
Bobo-Dioulasso	1982	3	21	80	24.5	34.1	19.9	-999.9	0.0	1.7	96487.1	-999.9
Bobo-Dioulasso	1982	3	22	81	23.9	32.0	18.2	-999.9	0.0	1.3	96543.6	-999.9
Bobo-Dioulasso	1982	3	23	82	22.5	36.1	24.4	-999.9	0.0	1.4	96422.2	-999.9
Bobo-Dioulasso	1982	3	24	83	24.6	36.5	24.5	-999.9	0.0	1.8	96458.3	-999.9
Bobo-Dioulasso	1982	3	25	84	22.7	36.9	23.2	-999.9	0.0	2.1	96515.7	-999.9
Bobo-Dioulasso	1982	3	26	85	24.0	36.5	16.9	-999.9	0.5	1.5	96554.6	-999.9
Bobo-Dioulasso	1982	3	27	86	24.5	39.0	25.5	-999.9	0.5	2.2	96436.1	-999.9
Bobo-Dioulasso	1982	3	28	87	26.5	38.3	23.6	-999.9	0.5	2.8	96402.6	-999.9
Bobo-Dioulasso	1982	3	29	88	25.8	35.3	18.0	-999.9	0.5	2.4	96582.9	-999.9
Bobo-Dioulasso	1982	3	30	89	23.2	34.5	17.0	-999.9	0.5	1.9	96663.1	-999.9
Bobo-Dioulasso	1982	3	31	90	25.9	37.2	22.4	-999.9	0.5	2.0	96515.8	-999.9
Bobo-Dioulasso	1982	4	1	91	25.6	36.8	23.2	-999.9	0.0	2.1	96479.0	-999.9
Bobo-Dioulasso	1982	4	2	92	25.3	36.6	21.9	-999.9	0.0	2.3	96514.4	-999.9
Bobo-Dioulasso	1982	4	3	93	27.0	37.6	23.5	-999.9	0.0	2.3	96519.5	-999.9
Bobo-Dioulasso	1982	4	4	94	27.2	37.9	23.0	-999.9	5.7	2.6	96493.5	-999.9
Bobo-Dioulasso	1982	4	5	95	26.2	37.2	21.7	-999.9	0.0	2.5	96436.9	-999.9
Bobo-Dioulasso	1982	4	6	96	25.9	36.8	21.0	-999.9	0.0	2.5	96459.2	-999.9
Bobo-Dioulasso	1982	4	7	97	25.9	34.7	20.7	-999.9	2.8	2.3	96509.0	-999.9
Bobo-Dioulasso	1982	4	8	98	26.0	37.2	22.8	-999.9	0.0	1.7	96432.3	-999.9
Bobo-Dioulasso	1982	4	9	99	24.0	38.2	25.7	-999.9	0.0	1.3	96369.0	-999.9
Bobo-Dioulasso	1982	4	10	100	25.9	37.5	23.5	-999.9	0.0	2.3	96408.6	-999.9
Bobo-Dioulasso	1982	4	11	101	26.8	36.5	22.3	-999.9	0.0	1.9	96486.8	-999.9
Bobo-Dioulasso	1982	4	12	102	26.9	37.9	22.3	-999.9	0.0	2.2	96411.5	-999.9
Bobo-Dioulasso	1982	4	13	103	24.0	35.0	19.1	-999.9	0.0	2.9	96381.0	-999.9
Bobo-Dioulasso	1982	4	14	104	25.5	34.5	21.5	-999.9	7.4	2.2	96332.6	-999.9
Bobo-Dioulasso	1982	4	15	105	24.2	30.9	17.7	-999.9	17.3	1.5	96555.6	-999.9
Bobo-Dioulasso	1982	4	16	106	24.1	32.9	18.4	-999.9	0.0	1.5	96584.9	-999.9
Bobo-Dioulasso	1982	4	17	107	23.8	34.3	20.9	-999.9	8.3	2.3	96544.6	-999.9
Bobo-Dioulasso	1982	4	18	108	23.7	34.3	19.8	-999.9	14.5	2.1	96465.6	-999.9
Bobo-Dioulasso	1982	4	19	109	25.2	33.4	19.8	-999.9	0.0	2.3	96327.6	-999.9
Bobo-Dioulasso	1982	4	20	110	25.4	33.5	20.1	-999.9	8.3	2.8	96457.0	-999.9
Bobo-Dioulasso	1982	4	21	111	23.3	32.1	19.8	-999.9	11.8	2.0	96640.6	-999.9
Bobo-Dioulasso	1982	4	22	112	22.8	32.2	18.9	-999.9	13.4	2.5	96675.6	-999.9
Bobo-Dioulasso	1982	4	23	113	23.1	34.5	24.5	-999.9	0.0	2.1	96698.1	-999.9
Bobo-Dioulasso	1982	4	24	114	24.1	31.7	18.3	-999.9	0.0	1.7	96716.1	-999.9
Bobo-Dioulasso	1982	4	25	115	24.9	30.7	18.0	-999.9	5.9	2.3	96726.4	-999.9
Bobo-Dioulasso	1982	4	26	116	24.2	32.1	21.4	-999.9	0.0	2.8	96728.7	-999.9
Bobo-Dioulasso	1982	4	27	117	23.4	31.2	20.9	-999.9	0.0	2.2	96763.4	-999.9
Bobo-Dioulasso	1982	4	28	118	24.5	32.2	21.9	-999.9	0.0	2.1	96577.9	-999.9
Bobo-Dioulasso	1982	4	29	119	25.1	32.7	22.3	-999.9	0.0	2.1	96468.6	-999.9
Bobo-Dioulasso	1982	4	30	120	24.3	33.6	24.1	-999.9	0.0	2.2	96516.3	-999.9
Bobo-Dioulasso	1982	5	1	121	24.5	33.6	21.7	-999.9	0.0	2.8	96659.6	-999.9
Bobo-Dioulasso	1982	5	2	122	24.7	33.3	21.0	-999.9	3.7	2.0	96766.5	-999.9
Bobo-Dioulasso	1982	5	3	123	23.7	32.9	22.4	-999.9	7.4	1.9	96819.2	-999.9
Bobo-Dioulasso	1982	5	4	124	24.0	32.1	23.2	-999.9	0.0	2.4	96810.5	-999.9
Bobo-Dioulasso	1982	5	5	125	24.4	33.0	22.9	-999.9	0.0	2.1	96711.8	-999.9
Bobo-Dioulasso	1982	5	6	126	25.3	33.7	22.5	-999.9	0.0	2.4	96589.0	-999.9
Bobo-Dioulasso	1982	5	7	127	25.1	34.0	22.4	-999.9	0.0	3.0	96597.7	-999.9
Bobo-Dioulasso	1982	5	8	128	24.1	32.4	19.9	-999.9	0.0	2.8	96685.5	-999.9
Bobo-Dioulasso	1982	5	9	129	23.9	32.6	23.0	-999.9	2.4	2.3	96663.0	-999.9
Bobo-Dioulasso	1982	5	10	130	23.3	31.9	21.2	-999.9	4.8	1.5	96704.5	-999.9
Bobo-Dioulasso	1982	5	11	131	24.0	32.3	23.4	-999.9	4.5	1.5	96648.7	-999.9
Bobo-Dioulasso	1982	5	12	132	24.0	34.8	24.4	-999.9	0.0	1.6	96530.9	-999.9
Bobo-Dioulasso	1982	5	13	133	23.9	34.6	24.7	-999.9	0.0	2.7	96493.2	-999.9
Bobo-Dioulasso	1982	5	14	134	24.4	33.8	23.5	-999.9	0.0	2.7	96615.7	-999.9
Bobo-Dioulasso	1982	5	15	135	24.9	34.5	23.9	-999.9	0.0	3.2	96597.4	-999.9
Bobo-Dioulasso	1982	5	16	136	24.6	35.7	23.1	-999.9	0.0	1.9	96552.2	-999.9
Bobo-Dioulasso	1982	5	17	137	25.0	35.0	22.9	-999.9	0.0	1.8	96547.0	-999.9
Bobo-Dioulasso	1982	5	18	138	24.5	33.7	21.8	-999.9	5.2	1.7	96471.9	-999.9
Bobo-Dioulasso	1982	5	19	139	24.7	33.0	20.6	-999.9	2.6	2.4	96533.7	-999.9
Bobo-Dioulasso	1982	5	20	140	24.2	34.4	23.5	-999.9	0.0	2.3	96656.7	-999.9
Bobo-Dioulasso	1982	5	21	141	24.8	36.5	24.1	-999.9	2.4	1.9	96663.3	-999.9
Bobo-Dioulasso	1982	5	22	142	25.1	35.4	22.0	-999.9	0.0	2.7	96553.8	-999.9
Bobo-Dioulasso	1982	5	23	143	24.3	35.0	18.9	-999.9	0.0	2.6	96488.3	-999.9
Bobo-Dioulasso	1982	5	24	144	24.0	33.9	22.2	-999.9	4.7	2.5	96485.4	-999.9
Bobo-Dioulasso	1982	5	25	145	24.9	33.7	21.3	-999.9	7.1	1.8	96578.2	-999.9
Bobo-Dioulasso	1982	5	26	146	24.2	34.5	22.6	-999.9	0.0	2.3	96704.1	-999.9
Bobo-Dioulasso	1982	5	27	147	23.5	32.4	18.0	-999.9	8.5	1.7	96715.1	-999.9
Bobo-Dioulasso	1982	5	28	148	23.4	32.2	21.7	-999.9	0.0	1.7	96691.4	-999.9
Bobo-Dioulasso	1982	5	29	149	23.6	31.7	20.0	-999.9	4.8	2.2	96718.9	-999.9
Bobo-Dioulasso	1982	5	30	150	23.8	31.5	21.8	-999.9	8.5	1.7	96864.4	-999.9
Bobo-Dioulasso	1982	5	31	151	23.8	30.6	18.3	-999.9	0.0	1.9	96964.4	-999.9
Bobo-Dioulasso	1982	6	1	152	24.3	32.4	23.0	-999.9	25.2	3.0	96911.1	-999.9
Bobo-Dioulasso	1982	6	2	153	23.8	31.7	20.6	-999.9	12.6	2.7	96884.2	-999.9
Bobo-Dioulasso	1982	6	3	154	23.6	31.6	20.4	-999.9	0.0	2.2	96940.8	-999.9
Bobo-Dioulasso	1982	6	4	155	23.5	31.7	19.7	-999.9	25.2	1.5	96936.6	-999.9
Bobo-Dioulasso	1982	6	5	156	22.9	32.2	23.1	-999.9	12.6	1.6	96997.2	-999.9
Bobo-Dioulasso	1982	6	6	157	24.3	32.6	23.1	-999.9	17.3	1.9	96856.4	-999.9
Bobo-Dioulasso	1982	6	7	158	23.5	31.8	20.5	-999.9	0.0	2.0	96785.9	-999.9
Bobo-Dioulasso	1982	6	8	159	24.0	33.2	23.3	-999.9	0.0	2.3	96727.6	-999.9
Bobo-Dioulasso	1982	6	9	160	23.2	28.2	11.2	-999.9	26.0	1.6	96877.0	-999.9
Bobo-Dioulasso	1982	6	10	161	22.7	31.4	20.0	-999.9	0.0	2.0	96895.3	-999.9
Bobo-Dioulasso	1982	6	11	162	22.8	32.9	23.7	-999.9	0.0	2.1	96829.9	-999.9
Bobo-Dioulasso	1982	6	12	163	24.1	32.4	22.6	-999.9	0.0	2.0	96884.0	-999.9
Bobo-Dioulasso	1982	6	13	164	23.1	31.8	20.3	-999.9	8.4	1.7	96946.2	-999.9
Bobo-Dioulasso	1982	6	14	165	23.3	32.2	23.8	-999.9	0.0	2.1	96876.2	-999.9
Bobo-Dioulasso	1982	6	15	166	23.5	34.0	23.3	-999.9	8.4	2.3	96789.9	-999.9
Bobo-Dioulasso	1982	6	16	167	22.9	31.0	18.2	-999.9	0.0	3.1	96832.9	-999.9
Bobo-Dioulasso	1982	6	17	168	23.4	32.6	22.9	-999.9	0.0	2.3	96913.4	-999.9
Bobo-Dioulasso	1982	6	18	169	22.7	30.0	18.7	-999.9	0.0	2.1	96911.2	-999.9
Bobo-Dioulasso	1982	6	19	170	23.1	31.3	22.3	-999.9	0.0	1.9	96828.0	-999.9
Bobo-Dioulasso	1982	6	20	171	24.1	31.5	22.6	-999.9	0.0	2.2	96784.5	-999.9
Bobo-Dioulasso	1982	6	21	172	23.9	31.6	20.1	-999.9	21.3	2.3	96916.1	-999.9
Bobo-Dioulasso	1982	6	22	173	22.8	32.0	22.5	-999.9	0.0	1.9	96992.7	-999.9
Bobo-Dioulasso	1982	6	23	174	23.3	30.7	21.2	-999.9	0.0	2.1	96882.0	-999.9
Bobo-Dioulasso	1982	6	24	175	22.4	30.3	20.0	-999.9	0.0	1.7	96878.2	-999.9
Bobo-Dioulasso	1982	6	25	176	22.3	31.1	21.2	-999.9	0.0	1.3	96890.5	-999.9
Bobo-Dioulasso	1982	6	26	177	23.5	31.6	22.1	-999.9	0.0	2.0	96905.3	-999.9
Bobo-Dioulasso	1982	6	27	178	23.4	31.2	20.8	-999.9	0.0	2.3	96855.9	-999.9
Bobo-Dioulasso	1982	6	28	179	23.1	31.4	17.7	-999.9	0.0	1.7	96738.8	-999.9
Bobo-Dioulasso	1982	6	29	180	23.3	30.1	17.7	-999.9	0.0	2.1	96843.0	-999.9
Bobo-Dioulasso	1982	6	30	181	22.4	30.8	20.5	-999.9	0.0	1.5	97081.0	-999.9
Bobo-Dioulasso	1982	7	1	182	22.0	32.5	23.6	-999.9	0.0	1.3	97141.7	-999.9
Bobo-Dioulasso	1982	7	2	183	22.7	30.7	21.6	-999.9	6.6	2.5	96926.1	-999.9
Bobo-Dioulasso	1982	7	3	184	22.9	29.6	16.2	-999.9	6.6	2.9	96823.2	-999.9
Bobo-Dioulasso	1982	7	4	185	22.4	30.2	19.7	-999.9	0.0	2.0	96828.7	-999.9
Bobo-Dioulasso	1982	7	5	186	22.8	31.1	21.8	-999.9	6.6	1.6	96899.8	-999.9
Bobo-Dioulasso	1982	7	6	187	23.5	30.0	18.2	-999.9	12.6	2.1	96889.3	-999.9
Bobo-Dioulasso	1982	7	7	188	23.2	31.4	20.3	-999.9	0.0	2.5	96804.9	-999.9
Bobo-Dioulasso	1982	7	8	189	23.1	32.8	22.9	-999.9	0.0	1.8	96684.8	-999.9
Bobo-Dioulasso	1982	7	9	190	23.9	32.0	20.1	-999.9	6.3	1.9	96751.2	-999.9
Bobo-Dioulasso	1982	7	10	191	22.4	28.0	13.9	-999.9	0.0	1.5	96812.8	-999.9
Bobo-Dioulasso	1982	7	11	192	22.2	28.5	18.6	-999.9	0.0	1.5	96846.1	-999.9
Bobo-Dioulasso	1982	7	12	193	22.4	28.6	17.9	-999.9	39.7	1.7	96868.6	-999.9
Bobo-Dioulasso	1982	7	13	194	21.8	28.1	16.2	-999.9	0.0	1.1	96905.4	-999.9
Bobo-Dioulasso	1982	7	14	195	21.9	29.6	22.5	-999.9	9.9	1.4	96926.3	-999.9
Bobo-Dioulasso	1982	7	15	196	22.7	29.7	21.5	-999.9	0.0	1.6	96889.7	-999.9
Bobo-Dioulasso	1982	7	16	197	22.6	29.4	19.1	-999.9	0.0	2.7	96886.2	-999.9
Bobo-Dioulasso	1982	7	17	198	21.5	28.8	13.5	-999.9	27.6	2.6	96864.6	-999.9
Bobo-Dioulasso	1982	7	18	199	21.3	28.9	15.9	-999.9	0.0	1.9	96865.1	-999.9
Bobo-Dioulasso	1982	7	19	200	21.9	29.7	22.2	-999.9	0.0	1.7	96777.5	-999.9
Bobo-Dioulasso	1982	7	20	201	21.7	30.3	22.6	-999.9	0.0	1.6	96826.6	-999.9
Bobo-Dioulasso	1982	7	21	202	22.0	30.6	22.8	-999.9	0.0	1.8	96849.5	-999.9
Bobo-Dioulasso	1982	7	22	203	23.0	29.9	15.6	-999.9	28.9	2.5	96795.9	-999.9
Bobo-Dioulasso	1982	7	23	204	22.4	28.7	17.4	-999.9	0.0	2.6	96893.3	-999.9
Bobo-Dioulasso	1982	7	24	205	21.8	27.3	11.4	-999.9	0.0	2.0	96974.3	-999.9
Bobo-Dioulasso	1982	7	25	206	20.9	29.1	18.7	-999.9	0.0	2.0	96871.2	-999.9
Bobo-Dioulasso	1982	7	26	207	21.2	28.6	18.3	-999.9	0.0	2.0	96917.7	-999.9
Bobo-Dioulasso	1982	7	27	208	22.1	29.2	20.3	-999.9	0.0	1.7	96919.8	-999.9
Bobo-Dioulasso	1982	7	28	209	21.8	29.6	21.0	-999.9	5.6	1.8	96910.2	-999.9
Bobo-Dioulasso	1982	7	29	210	21.9	29.8	22.0	-999.9	0.0	1.9	96953.6	-999.9
Bobo-Dioulasso	1982	7	30	211	22.4	30.6	21.6	-999.9	0.0	1.8	96953.2	-999.9
Bobo-Dioulasso	1982	7	31	212	21.9	28.1	13.7	-999.9	27.9	2.1	96951.2	-999.9
Bobo-Dioulasso	1982	8	1	213	21.6	28.5	15.1	-999.9	0.0	2.2	96843.2	-999.9
Bobo-Dioulasso	1982	8	2	214	21.4	28.7	19.6	-999.9	0.0	2.4	96776.7	-999.9
Bobo-Dioulasso	1982	8	3	215	22.1	27.9	17.0	-999.9	0.0	2.2	96723.0	-999.9
Bobo-Dioulasso	1982	8	4	216	21.4	25.6	10.7	-999.9	0.0	1.8	96744.1	-999.9
Bobo-Dioulasso	1982	8	5	217	21.9	28.5	18.6	-999.9	8.4	2.4	96751.9	-999.9
Bobo-Dioulasso	1982	8	6	218	21.4	24.3	9.7	-999.9	0.0	2.0	96829.0	-999.9
Bobo-Dioulasso	1982	8	7	219	20.6	28.2	19.4	-999.9	0.0	1.8	96824.6	-999.9
Bobo-Dioulasso	1982	8	8	220	21.5	27.8	15.5	-999.9	19.6	1.6	96876.8	-999.9
Bobo-Dioulasso	1982	8	9	221	21.1	27.7	18.9	-999.9	0.0	2.1	96861.0	-999.9
Bobo-Dioulasso	1982	8	10	222	21.5	27.6	16.8	-999.9	9.8	2.4	96929.2	-999.9
Bobo-Dioulasso	1982	8	11	223	21.5	25.7	11.6	-999.9	0.0	2.0	97022.4	-999.9
Bobo-Dioulasso	1982	8	12	224	21.3	29.2	21.9	-999.9	0.0	1.8	97039.7	-999.9
Bobo-Dioulasso	1982	8	13	225	21.6	28.2	16.1	-999.9	32.3	1.7	96877.0	-999.9
Bobo-Dioulasso	1982	8	14	226	21.3	27.8	18.8	-999.9	0.0	2.3	96910.9	-999.9
Bobo-Dioulasso	1982	8	15	227	21.4	27.6	18.9	-999.9	0.0	2.4	97041.6	-999.9
Bobo-Dioulasso	1982	8	16	228	20.9	29.4	20.8	-999.9	0.0	1.6	96964.6	-999.9
Bobo-Dioulasso	1982	8	17	229	21.4	29.5	22.2	-999.9	0.0	1.8	96852.0	-999.9
Bobo-Dioulasso	1982	8	18	230	22.8	29.1	18.1	-999.9	10.8	2.9	96714.7	-999.9
Bobo-Dioulasso	1982	8	19	231	21.9	28.0	16.7	-999.9	0.0	2.5	96922.1	-999.9
Bobo-Dioulasso	1982	8	20	232	21.5	28.1	16.9	-999.9	0.0	1.9	96943.6	-999.9
Bobo-Dioulasso	1982	8	21	233	21.5	28.2	18.0	-999.9	13.3	1.9	96914.2	-999.9
Bobo-Dioulasso	1982	8	22	234	21.4	24.6	8.7	-999.9	13.3	2.4	96962.8	-999.9
Bobo-Dioulasso	1982	8	23	235	21.3	28.4	17.0	-999.9	0.0	1.7	97032.3	-999.9
Bobo-Dioulasso	1982	8	24	236	22.2	27.8	15.5	-999.9	53.1	1.4	96881.7	-999.9
Bobo-Dioulasso	1982	8	25	237	21.4	27.5	17.5	-999.9	0.0	2.2	96847.5	-999.9
Bobo-Dioulasso	1982	8	26	238	21.3	28.8	20.8	-999.9	0.0	1.7	96843.0	-999.9
Bobo-Dioulasso	1982	8	27	239	21.4	28.4	19.1	-999.9	35.0	1.5	96861.8	-999.9
Bobo-Dioulasso	1982	8	28	240	21.7	26.7	16.3	-999.9	0.0	1.6	96842.5	-999.9
Bobo-Dioulasso	1982	8	29	241	20.5	28.1	19.9	-999.9	0.0	1.1	96842.0	-999.9
Bobo-Dioulasso	1982	8	30	242	21.1	28.5	20.4	-999.9	0.0	1.4	96784.6	-999.9
Bobo-Dioulasso	1982	8	31	243	21.9	28.4	20.7	-999.9	0.0	2.0	96831.1	-999.9
Bobo-Dioulasso	1982	9	1	244	22.0	28.8	19.1	-999.9	0.0	1.6	96818.7	-999.9
Bobo-Dioulasso	1982	9	2	245	21.9	28.8	19.1	-999.9	19.9	1.7	96861.6	-999.9
Bobo-Dioulasso	1982	9	3	246	22.0	29.1	20.5	-999.9	0.0	1.3	96838.9	-999.9
Bobo-Dioulasso	1982	9	4	247	21.7	28.2	16.3	-999.9	0.0	1.6	96765.6	-999.9
Bobo-Dioulasso	1982	9	5	248	21.9	28.7	18.7	-999.9	34.8	1.3	96806.0	-999.9
Bobo-Dioulasso	1982	9	6	249	21.1	29.0	20.5	-999.9	4.1	1.3	96923.7	-999.9
Bobo-Dioulasso	1982	9	7	250	21.6	28.4	19.7	-999.9	8.2	1.3	96929.6	-999.9
Bobo-Dioulasso	1982	9	8	251	21.6	28.0	17.4	-999.9	0.0	1.5	96896.6	-999.9
Bobo-Dioulasso	1982	9	9	252	21.4	27.8	16.8	-999.9	0.0	1.7	96911.3	-999.9
Bobo-Dioulasso	1982	9	10	253	21.6	28.1	17.2	-999.9	4.1	1.5	96905.3	-999.9
Bobo-Dioulasso	1982	9	11	254	21.8	27.5	15.6	-999.9	4.2	1.6	96936.6	-999.9
Bobo-Dioulasso	1982	9	12	255	21.0	28.5	16.8	-999.9	0.0	1.4	96965.8	-999.9
Bobo-Dioulasso	1982	9	13	256	21.4	28.8	20.1	-999.9	0.0	1.3	96865.0	-999.9
Bobo-Dioulasso	1982	9	14	257	21.9	29.6	20.4	-999.9	14.2	1.8	96725.8	-999.9
Bobo-Dioulasso	1982	9	15	258	21.8	28.0	15.8	-999.9	0.0	1.6	96813.3	-999.9
Bobo-Dioulasso	1982	9	16	259	21.4	28.3	18.3	-999.9	0.0	1.6	96962.3	-999.9
Bobo-Dioulasso	1982	9	17	260	21.4	29.7	20.7	-999.9	0.0	1.4	96905.4	-999.9
Bobo-Dioulasso	1982	9	18	261	22.6	29.6	20.9	-999.9	0.0	2.3	96750.3	-999.9
Bobo-Dioulasso	1982	9	19	262	22.3	29.1	19.6	-999.9	13.2	2.2	96825.7	-999.9
Bobo-Dioulasso	1982	9	20	263	21.3	29.2	20.0	-999.9	0.0	1.5	96952.6	-999.9
Bobo-Dioulasso	1982	9	21	264	21.0	28.9	21.1	-999.9	0.0	1.2	96957.0	-999.9
Bobo-Dioulasso	1982	9	22	265	22.4	29.7	18.3	-999.9	0.0	1.3	96905.9	-999.9
Bobo-Dioulasso	1982	9	23	266	22.6	30.3	22.0	-999.9	0.0	1.9	96769.0	-999.9
Bobo-Dioulasso	1982	9	24	267	22.5	28.3	16.1	-999.9	0.0	2.0	96737.0	-999.9
Bobo-Dioulasso	1982	9	25	268	21.8	28.4	19.1	-999.9	0.0	1.7	96851.4	-999.9
Bobo-Dioulasso	1982	9	26	269	21.1	29.5	21.7	-999.9	0.0	1.3	96894.2	-999.9
Bobo-Dioulasso	1982	9	27	270	22.6	31.2	22.4	-999.9	0.0	1.5	96780.4	-999.9
Bobo-Dioulasso	1982	9	28	271	23.4	31.0	22.0	-999.9	7.2	1.9	96642.5	-999.9
Bobo-Dioulasso	1982	9	29	272	22.2	30.1	21.1	-999.9	14.5	2.0	96795.1	-999.9
Bobo-Dioulasso	1982	9	30	273	21.4	29.8	22.0	-999.9	0.0	1.5	96856.2	-999.9
Bobo-Dioulasso	1982	10	1	274	21.4	29.6	22.0	-999.9	0.0	1.4	96776.3	-999.9
Bobo-Dioulasso	1982	10	2	275	21.4	29.5	20.8	-999.9	0.0	1.6	96725.6	-999.9
Bobo-Dioulasso	1982	10	3	276	21.8	28.7	18.3	-999.9	6.1	1.5	96803.0	-999.9
Bobo-Dioulasso	1982	10	4	277	21.5	29.2	20.7	-999.9	6.1	1.3	96821.1	-999.9
Bobo-Dioulasso	1982	10	5	278	22.4	30.0	20.8	-999.9	12.3	1.6	96804.7	-999.9
Bobo-Dioulasso	1982	10	6	279	22.2	31.1	22.9	-999.9	0.0	1.7	96758.5	-999.9
Bobo-Dioulasso	1982	10	7	280	22.6	30.9	21.8	-999.9	0.0	1.6	96788.3	-999.9
Bobo-Dioulasso	1982	10	8	281	22.3	30.0	19.7	-999.9	14.2	1.5	96765.6	-999.9
Bobo-Dioulasso	1982	10	9	282	22.6	29.8	19.9	-999.9	0.0	1.7	96711.0	-999.9
Bobo-Dioulasso	1982	10	10	283	21.5	31.0	22.0	-999.9	6.2	1.9	96653.4	-999.9
Bobo-Dioulasso	1982	10	11	284	22.3	27.8	15.5	-999.9	0.0	1.8	96677.3	-999.9
Bobo-Dioulasso	1982	10	12	285	21.5	28.8	20.1	-999.9	0.0	1.4	96764.1	-999.9
Bobo-Dioulasso	1982	10	13	286	22.2	29.2	20.1	-999.9	8.5	1.4	96710.2	-999.9
Bobo-Dioulasso	1982	10	14	287	22.0	30.1	21.0	-999.9	0.0	1.6	96701.6	-999.9
Bobo-Dioulasso	1982	10	15	288	22.5	30.1	20.9	-999.9	0.0	1.7	96766.8	-999.9
Bobo-Dioulasso	1982	10	16	289	22.6	30.2	20.2	-999.9	0.0	1.3	96773.4	-999.9
Bobo-Dioulasso	1982	10	17	290	21.7	30.5	21.4	-999.9	0.0	1.4	96725.3	-999.9
Bobo-Dioulasso	1982	10	18	291	22.4	30.4	20.5	-999.9	3.0	1.5	96684.8	-999.9
Bobo-Dioulasso	1982	10	19	292	23.0	29.8	19.7	-999.9	3.4	1.6	96727.4	-999.9
Bobo-Dioulasso	1982	10	20	293	22.8	29.8	19.6	-999.9	10.1	1.6	96791.8	-999.9
Bobo-Dioulasso	1982	10	21	294	21.9	28.9	16.5	-999.9	9.0	1.6	96690.4	-999.9
Bobo-Dioulasso	1982	10	22	295	22.4	30.0	20.7	-999.9	0.0	1.7	96511.4	-999.9
Bobo-Dioulasso	1982	10	23	296	22.6	29.7	20.3	-999.9	2.3	1.5	96666.1	-999.9
Bobo-Dioulasso	1982	10	24	297	22.5	30.3	20.8	-999.9	0.0	1.4	96820.5	-999.9
Bobo-Dioulasso	1982	10	25	298	22.0	30.6	21.0	-999.9	0.0	1.6	96810.8	-999.9
Bobo-Dioulasso	1982	10	26	299	22.2	31.1	20.8	-999.9	0.0	1.9	96704.9	-999.9
Bobo-Dioulasso	1982	10	27	300	22.6	30.8	20.4	-999.9	5.0	2.1	96647.2	-999.9
Bobo-Dioulasso	1982	10	28	301	22.1	29.1	18.9	-999.9	5.0	1.7	96710.5	-999.9
Bobo-Dioulasso	1982	10	29	302	21.8	29.5	19.7	-999.9	0.0	1.6	96794.4	-999.9
Bobo-Dioulasso	1982	10	30	303	22.3	28.0	16.8	-999.9	2.5	1.9	96823.2	-999.9
Bobo-Dioulasso	1982	10	31	304	20.7	28.6	17.9	-999.9	0.0	1.5	96738.3	-999.9
Bobo-Dioulasso	1982	11	1	305	20.9	29.6	19.5	-999.9	0.0	1.1	96592.4	-999.9
Bobo-Dioulasso	1982	11	2	306	21.5	29.5	18.6	-999.9	3.0	1.0	96586.4	-999.9
Bobo-Dioulasso	1982	11	3	307	20.9	30.9	20.6	-999.9	3.0	1.2	96739.3	-999.9
Bobo-Dioulasso	1982	11	4	308	22.1	31.6	19.6	-999.9	0.0	1.6	96793.0	-999.9
Bobo-Dioulasso	1982	11	5	309	20.5	32.6	21.1	-999.9	0.0	1.4	96681.2	-999.9
Bobo-Dioulasso	1982	11	6	310	21.5	32.5	19.4	-999.9	0.0	1.4	96530.2	-999.9
Bobo-Dioulasso	1982	11	7	311	22.1	32.8	20.5	-999.9	0.0	1.8	96571.9	-999.9
Bobo-Dioulasso	1982	11	8	312	22.6	32.1	19.3	-999.9	0.0	1.7	96835.8	-999.9
Bobo-Dioulasso	1982	11	9	313	22.2	33.6	20.4	-999.9	0.0	1.4	96832.2	-999.9
Bobo-Dioulasso	1982	11	10	314	20.7	34.4	21.8	-999.9	0.0	1.7	96676.0	-999.9
Bobo-Dioulasso	1982	11	11	315	20.6	33.2	21.2	-999.9	0.0	1.5	96652.9	-999.9
Bobo-Dioulasso	1982	11	12	316	20.3	33.4	21.0	-999.9	0.0	1.5	96632.2	-999.9
Bobo-Dioulasso	1982	11	13	317	19.6	33.6	21.6	-999.9	0.0	1.3	96735.1	-999.9
Bobo-Dioulasso	1982	11	14	318	19.2	33.6	21.7	-999.9	0.0	1.7	96750.3	-999.9
Bobo-Dioulasso	1982	11	15	319	19.4	33.8	21.5	-999.9	0.0	2.1	96732.9	-999.9
Bobo-Dioulasso	1982	11	16	320	20.2	33.9	21.0	-999.9	0.0	1.8	96684.8	-999.9
Bobo-Dioulasso	1982	11	17	321	19.9	33.8	21.2	-999.9	0.0	1.3	96670.4	-999.9
Bobo-Dioulasso	1982	11	18	322	19.8	33.8	21.5	-999.9	0.0	2.0	96657.9	-999.9
Bobo-Dioulasso	1982	11	19	323	19.0	33.2	21.5	-999.9	0.0	1.7	96722.5	-999.9
Bobo-Dioulasso	1982	11	20	324	18.4	33.7	21.4	-999.9	0.0	2.1	96753.9	-999.9
Bobo-Dioulasso	1982	11	21	325	19.4	33.0	21.3	-999.9	0.0	2.5	96758.7	-999.9
Bobo-Dioulasso	1982	11	22	326	18.7	32.0	21.1	-999.9	1.0	2.1	96739.8	-999.9
Bobo-Dioulasso	1982	11	23	327	17.4	32.2	20.7	-999.9	0.0	1.9	96793.5	-999.9
Bobo-Dioulasso	1982	11	24	328	19.2	32.7	20.9	-999.9	0.0	2.3	96819.3	-999.9
Bobo-Dioulasso	1982	11	25	329	19.0	32.0	20.8	-999.9	0.0	2.1	96841.5	-999.9
Bobo-Dioulasso	1982	11	26	330	17.7	31.3	21.1	-999.9	0.0	1.8	96808.4	-999.9
Bobo-Dioulasso	1982	11	27	331	16.2	31.1	21.2	-999.9	0.0	1.8	96750.6	-999.9
Bobo-Dioulasso	1982	11	28	332	16.7	31.0	21.1	-999.9	0.0	1.9	96807.6	-999.9
Bobo-Dioulasso	1982	11	29	333	16.3	30.8	21.1	-999.9	0.0	1.7	96936.7	-999.9
Bobo-Dioulasso	1982	11	30	334	16.4	31.8	21.1	-999.9	0.0	1.9	96990.9	-999.9
Bobo-Dioulasso	1982	12	1	335	17.4	32.3	20.9	-999.9	0.0	2.0	96989.1	-999.9
Bobo-Dioulasso	1982	12	2	336	17.4	32.8	21.0	-999.9	0.0	2.4	96933.5	-999.9
Bobo-Dioulasso	1982	12	3	337	18.3	32.9	21.1	-999.9	0.0	2.4	96848.2	-999.9
Bobo-Dioulasso	1982	12	4	338	17.4	33.4	21.1	-999.9	0.0	2.4	96715.5	-999.9
Bobo-Dioulasso	1982	12	5	339	19.9	30.5	19.6	-999.9	0.0	3.1	96716.1	-999.9
Bobo-Dioulasso	1982	12	6	340	17.2	26.7	20.0	-999.9	0.0	2.7	96850.3	-999.9
Bobo-Dioulasso	1982	12	7	341	15.2	26.8	20.4	-999.9	0.0	2.5	96942.6	-999.9
Bobo-Dioulasso	1982	12	8	342	16.3	27.9	19.1	-999.9	0.0	2.6	97086.1	-999.9
Bobo-Dioulasso	1982	12	9	343	18.5	29.0	17.2	-999.9	0.0	3.0	97132.0	-999.9
Bobo-Dioulasso	1982	12	10	344	20.6	31.4	19.0	-999.9	1.1	3.0	97044.0	-999.9
Bobo-Dioulasso	1982	12	11	345	19.8	32.2	19.9	-999.9	0.0	2.7	96836.9	-999.9
Bobo-Dioulasso	1982	12	12	346	19.8	32.9	19.9	-999.9	0.0	2.1	96719.8	-999.9
Bobo-Dioulasso	1982	12	13	347	19.6	33.3	20.0	-999.9	0.0	2.1	96719.6	-999.9
Bobo-Dioulasso	1982	12	14	348	18.1	32.5	20.2	-999.9	0.0	1.8	96778.6	-999.9
Bobo-Dioulasso	1982	12	15	349	18.7	33.1	19.5	-999.9	0.0	1.6	96765.4	-999.9
Bobo-Dioulasso	1982	12	16	350	19.1	33.6	19.8	-999.9	0.0	1.5	96735.4	-999.9
Bobo-Dioulasso	1982	12	17	351	20.2	31.8	19.7	-999.9	0.0	2.5	96726.1	-999.9
Bobo-Dioulasso	1982	12	18	352	18.3	30.9	19.5	-999.9	0.0	2.3	96738.9	-999.9
Bobo-Dioulasso	1982	12	19	353	17.9	32.4	20.1	-999.9	0.0	2.1	96826.7	-999.9
Bobo-Dioulasso	1982	12	20	354	18.5	32.6	20.2	-999.9	0.0	2.2	96925.0	-999.9
Bobo-Dioulasso	1982	12	21	355	19.6	33.9	20.3	-999.9	0.0	2.2	96805.7	-999.9
Bobo-Dioulasso	1982	12	22	356	18.2	33.8	20.3	-999.9	0.0	1.8	96648.5	-999.9
Bobo-Dioulasso	1982	12	23	357	19.1	33.6	20.1	-999.9	0.0	2.1	96660.2	-999.9
Bobo-Dioulasso	1982	12	24	358	20.5	33.2	19.7	-999.9	0.0	2.5	96671.4	-999.9
Bobo-Dioulasso	1982	12	25	359	21.2	32.0	19.2	-999.9	0.0	3.0	96859.8	-999.9
Bobo-Dioulasso	1982	12	26	360	19.5	31.7	20.1	-999.9	0.0	3.2	96970.8	-999.9
Bobo-Dioulasso	1982	12	27	361	18.2	30.6	20.2	-999.9	0.0	2.7	96880.8	-999.9
Bobo-Dioulasso	1982	12	28	362	17.6	30.9	20.3	-999.9	0.0	2.1	96728.8	-999.9
Bobo-Dioulasso	1982	12	29	363	17.4	32.1	20.3	-999.9	0.0	2.0	96686.4	-999.9
Bobo-Dioulasso	1982	12	30	364	18.4	33.0	20.3	-999.9	0.0	2.4	96663.4	-999.9
Bobo-Dioulasso	1982	12	31	365	19.5	33.1	20.1	-999.9	0.0	2.3	96750.5	-999.9
