Bobo-Dioulasso	1992	1	1	1	16.9	31.1	20.6	-999.9	0.0	2.2	96862.7	-999.9
Bobo-Dioulasso	1992	1	2	2	17.6	31.6	20.4	-999.9	0.0	2.5	96919.3	-999.9
Bobo-Dioulasso	1992	1	3	3	18.3	30.7	20.5	-999.9	0.0	2.6	97096.8	-999.9
Bobo-Dioulasso	1992	1	4	4	18.1	30.2	20.7	-999.9	0.0	3.0	97181.6	-999.9
Bobo-Dioulasso	1992	1	5	5	17.0	29.8	20.9	-999.9	0.0	2.8	97099.7	-999.9
Bobo-Dioulasso	1992	1	6	6	16.0	28.7	20.8	-999.9	0.0	3.0	97030.3	-999.9
Bobo-Dioulasso	1992	1	7	7	16.3	29.2	20.9	-999.9	0.0	2.6	96954.8	-999.9
Bobo-Dioulasso	1992	1	8	8	16.6	30.9	20.7	-999.9	0.0	2.2	96883.4	-999.9
Bobo-Dioulasso	1992	1	9	9	17.3	30.8	20.5	-999.9	0.0	2.3	96841.7	-999.9
Bobo-Dioulasso	1992	1	10	10	16.6	30.7	19.9	-999.9	0.5	2.2	96882.6	-999.9
Bobo-Dioulasso	1992	1	11	11	17.2	30.8	19.9	-999.9	0.0	2.1	96857.9	-999.9
Bobo-Dioulasso	1992	1	12	12	16.7	31.6	21.0	-999.9	0.0	2.1	96774.7	-999.9
Bobo-Dioulasso	1992	1	13	13	17.9	31.5	19.8	-999.9	0.0	2.2	96745.6	-999.9
Bobo-Dioulasso	1992	1	14	14	17.4	30.8	21.1	-999.9	0.0	2.7	96770.1	-999.9
Bobo-Dioulasso	1992	1	15	15	16.8	31.1	21.4	-999.9	0.0	2.7	96745.4	-999.9
Bobo-Dioulasso	1992	1	16	16	17.7	31.4	20.5	-999.9	0.0	2.0	96764.0	-999.9
Bobo-Dioulasso	1992	1	17	17	17.8	32.3	20.1	-999.9	0.0	1.9	96799.3	-999.9
Bobo-Dioulasso	1992	1	18	18	20.2	32.6	18.0	-999.9	0.5	2.4	96923.5	-999.9
Bobo-Dioulasso	1992	1	19	19	22.6	32.9	19.3	-999.9	0.0	2.3	96878.8	-999.9
Bobo-Dioulasso	1992	1	20	20	21.3	34.0	20.5	-999.9	0.0	2.3	96696.1	-999.9
Bobo-Dioulasso	1992	1	21	21	21.3	33.5	19.4	-999.9	0.0	1.9	96575.9	-999.9
Bobo-Dioulasso	1992	1	22	22	21.4	28.6	17.2	-999.9	0.0	3.0	96791.7	-999.9
Bobo-Dioulasso	1992	1	23	23	19.0	30.0	17.3	-999.9	0.0	3.1	96921.9	-999.9
Bobo-Dioulasso	1992	1	24	24	19.0	27.4	18.4	-999.9	0.0	3.9	97062.4	-999.9
Bobo-Dioulasso	1992	1	25	25	19.1	31.6	20.7	-999.9	0.0	3.1	96934.8	-999.9
Bobo-Dioulasso	1992	1	26	26	20.0	31.8	20.8	-999.9	0.0	2.8	96802.8	-999.9
Bobo-Dioulasso	1992	1	27	27	20.3	30.9	18.4	-999.9	0.0	2.4	96646.2	-999.9
Bobo-Dioulasso	1992	1	28	28	19.0	32.0	20.9	-999.9	0.0	2.1	96548.9	-999.9
Bobo-Dioulasso	1992	1	29	29	20.1	32.7	21.0	-999.9	0.0	2.3	96628.4	-999.9
Bobo-Dioulasso	1992	1	30	30	21.1	33.8	21.0	-999.9	0.0	2.3	96731.1	-999.9
Bobo-Dioulasso	1992	1	31	31	21.8	33.5	19.9	-999.9	0.0	2.6	96760.3	-999.9
Bobo-Dioulasso	1992	2	1	32	21.7	34.0	21.2	-999.9	0.0	2.6	96749.3	-999.9
Bobo-Dioulasso	1992	2	2	33	21.5	34.4	21.4	-999.9	0.0	2.3	96760.6	-999.9
Bobo-Dioulasso	1992	2	3	34	21.9	34.6	21.6	-999.9	0.0	2.8	96827.8	-999.9
Bobo-Dioulasso	1992	2	4	35	22.5	33.8	21.7	-999.9	0.0	2.5	96768.9	-999.9
Bobo-Dioulasso	1992	2	5	36	21.2	33.8	21.6	-999.9	0.0	2.4	96681.4	-999.9
Bobo-Dioulasso	1992	2	6	37	21.4	34.4	21.0	-999.9	0.0	1.9	96635.7	-999.9
Bobo-Dioulasso	1992	2	7	38	22.2	34.6	20.6	-999.9	0.0	1.6	96736.9	-999.9
Bobo-Dioulasso	1992	2	8	39	23.2	34.4	19.2	-999.9	0.0	1.3	96733.6	-999.9
Bobo-Dioulasso	1992	2	9	40	23.0	35.0	18.7	-999.9	0.0	1.9	96625.8	-999.9
Bobo-Dioulasso	1992	2	10	41	22.3	34.7	21.0	-999.9	0.0	1.4	96612.1	-999.9
Bobo-Dioulasso	1992	2	11	42	23.4	35.2	19.6	-999.9	0.0	1.7	96692.2	-999.9
Bobo-Dioulasso	1992	2	12	43	20.9	34.6	21.3	-999.9	0.0	2.2	96744.6	-999.9
Bobo-Dioulasso	1992	2	13	44	22.1	34.5	22.6	-999.9	0.0	2.7	96758.7	-999.9
Bobo-Dioulasso	1992	2	14	45	21.7	34.5	22.8	-999.9	0.0	3.4	96808.2	-999.9
Bobo-Dioulasso	1992	2	15	46	21.8	34.2	22.5	-999.9	0.0	2.9	96912.9	-999.9
Bobo-Dioulasso	1992	2	16	47	21.5	34.6	22.8	-999.9	0.0	2.6	96849.6	-999.9
Bobo-Dioulasso	1992	2	17	48	20.7	34.8	23.1	-999.9	0.0	2.5	96719.8	-999.9
Bobo-Dioulasso	1992	2	18	49	20.5	35.3	23.2	-999.9	0.0	2.4	96658.3	-999.9
Bobo-Dioulasso	1992	2	19	50	20.2	35.2	23.4	-999.9	0.0	2.1	96581.9	-999.9
Bobo-Dioulasso	1992	2	20	51	19.5	36.0	23.6	-999.9	0.0	2.1	96480.8	-999.9
Bobo-Dioulasso	1992	2	21	52	18.8	36.5	23.7	-999.9	0.0	1.9	96456.6	-999.9
Bobo-Dioulasso	1992	2	22	53	19.6	37.2	23.3	-999.9	0.0	2.2	96505.0	-999.9
Bobo-Dioulasso	1992	2	23	54	19.9	36.9	23.6	-999.9	0.0	2.6	96633.3	-999.9
Bobo-Dioulasso	1992	2	24	55	21.8	38.2	23.9	-999.9	0.0	2.6	96744.3	-999.9
Bobo-Dioulasso	1992	2	25	56	22.8	37.1	23.9	-999.9	0.0	2.7	96832.4	-999.9
Bobo-Dioulasso	1992	2	26	57	21.1	35.6	24.1	-999.9	0.0	2.4	96846.6	-999.9
Bobo-Dioulasso	1992	2	27	58	19.7	35.6	24.2	-999.9	0.0	1.7	96825.1	-999.9
Bobo-Dioulasso	1992	2	28	59	18.8	36.2	24.2	-999.9	0.0	1.5	96630.3	-999.9
Bobo-Dioulasso	1992	2	29	60	20.4	36.6	23.9	-999.9	0.0	2.0	96515.8	-999.9
Bobo-Dioulasso	1992	3	1	61	24.0	34.4	18.6	-999.9	2.2	2.1	96607.8	-999.9
Bobo-Dioulasso	1992	3	2	62	23.9	35.2	17.5	-999.9	0.0	2.0	96756.4	-999.9
Bobo-Dioulasso	1992	3	3	63	23.9	34.0	19.9	-999.9	0.0	1.9	96860.0	-999.9
Bobo-Dioulasso	1992	3	4	64	23.5	35.5	20.9	-999.9	0.0	1.5	96678.3	-999.9
Bobo-Dioulasso	1992	3	5	65	25.6	35.5	20.2	-999.9	0.0	1.5	96573.5	-999.9
Bobo-Dioulasso	1992	3	6	66	24.0	36.8	22.9	-999.9	0.0	1.9	96526.0	-999.9
Bobo-Dioulasso	1992	3	7	67	23.2	36.9	23.6	-999.9	0.0	2.4	96478.5	-999.9
Bobo-Dioulasso	1992	3	8	68	22.6	36.6	24.3	-999.9	0.0	2.4	96489.8	-999.9
Bobo-Dioulasso	1992	3	9	69	21.6	35.9	24.4	-999.9	0.0	2.2	96495.7	-999.9
Bobo-Dioulasso	1992	3	10	70	23.1	36.0	24.3	-999.9	0.0	2.5	96467.9	-999.9
Bobo-Dioulasso	1992	3	11	71	23.3	35.7	24.3	-999.9	0.0	2.5	96471.7	-999.9
Bobo-Dioulasso	1992	3	12	72	23.3	35.3	24.4	-999.9	0.0	2.3	96457.7	-999.9
Bobo-Dioulasso	1992	3	13	73	23.4	35.5	24.2	-999.9	0.0	2.4	96500.1	-999.9
Bobo-Dioulasso	1992	3	14	74	23.8	35.1	22.4	-999.9	0.0	2.5	96569.1	-999.9
Bobo-Dioulasso	1992	3	15	75	23.6	36.1	23.5	-999.9	0.0	2.7	96577.3	-999.9
Bobo-Dioulasso	1992	3	16	76	23.2	35.6	24.6	-999.9	0.0	2.2	96594.7	-999.9
Bobo-Dioulasso	1992	3	17	77	22.4	36.0	24.8	-999.9	0.0	2.1	96561.4	-999.9
Bobo-Dioulasso	1992	3	18	78	22.4	35.6	24.7	-999.9	0.0	1.9	96449.4	-999.9
Bobo-Dioulasso	1992	3	19	79	22.3	35.5	24.4	-999.9	2.6	1.9	96356.6	-999.9
Bobo-Dioulasso	1992	3	20	80	23.0	35.6	23.5	-999.9	1.3	1.6	96421.9	-999.9
Bobo-Dioulasso	1992	3	21	81	23.5	34.8	22.6	-999.9	0.0	1.5	96531.4	-999.9
Bobo-Dioulasso	1992	3	22	82	25.6	34.9	21.8	-999.9	0.0	2.9	96670.4	-999.9
Bobo-Dioulasso	1992	3	23	83	23.0	34.8	23.2	-999.9	0.0	2.9	96690.3	-999.9
Bobo-Dioulasso	1992	3	24	84	23.4	35.5	23.5	-999.9	0.0	2.1	96511.8	-999.9
Bobo-Dioulasso	1992	3	25	85	26.1	32.7	12.3	-999.9	0.0	1.6	96470.3	-999.9
Bobo-Dioulasso	1992	3	26	86	24.8	36.3	21.0	-999.9	0.0	2.5	96625.4	-999.9
Bobo-Dioulasso	1992	3	27	87	28.0	37.1	22.1	-999.9	0.0	2.8	96632.2	-999.9
Bobo-Dioulasso	1992	3	28	88	27.3	37.1	23.0	-999.9	0.0	2.8	96603.6	-999.9
Bobo-Dioulasso	1992	3	29	89	23.5	37.9	25.1	-999.9	0.0	2.4	96628.5	-999.9
Bobo-Dioulasso	1992	3	30	90	24.2	37.2	20.8	-999.9	0.0	2.3	96572.1	-999.9
Bobo-Dioulasso	1992	3	31	91	24.6	38.1	24.0	-999.9	0.0	1.9	96471.6	-999.9
Bobo-Dioulasso	1992	4	1	92	27.0	38.8	23.1	-999.9	0.0	2.2	96381.7	-999.9
Bobo-Dioulasso	1992	4	2	93	27.1	37.9	23.5	-999.9	0.0	2.2	96400.0	-999.9
Bobo-Dioulasso	1992	4	3	94	27.8	38.6	24.7	-999.9	0.0	2.7	96549.5	-999.9
Bobo-Dioulasso	1992	4	4	95	26.1	38.7	24.7	-999.9	0.0	1.7	96609.4	-999.9
Bobo-Dioulasso	1992	4	5	96	27.0	38.4	23.3	-999.9	0.0	2.2	96550.1	-999.9
Bobo-Dioulasso	1992	4	6	97	27.0	36.7	22.5	-999.9	2.0	2.5	96654.4	-999.9
Bobo-Dioulasso	1992	4	7	98	27.5	36.3	22.4	-999.9	0.0	1.9	96678.4	-999.9
Bobo-Dioulasso	1992	4	8	99	26.2	34.9	16.6	-999.9	0.0	1.9	96627.7	-999.9
Bobo-Dioulasso	1992	4	9	100	26.4	36.6	23.2	-999.9	0.0	2.6	96476.1	-999.9
Bobo-Dioulasso	1992	4	10	101	24.5	35.2	21.4	-999.9	2.0	2.5	96466.3	-999.9
Bobo-Dioulasso	1992	4	11	102	24.8	33.5	20.4	-999.9	2.9	2.3	96533.7	-999.9
Bobo-Dioulasso	1992	4	12	103	24.7	32.3	19.2	-999.9	0.0	1.8	96550.2	-999.9
Bobo-Dioulasso	1992	4	13	104	23.6	35.8	24.2	-999.9	0.0	2.4	96586.1	-999.9
Bobo-Dioulasso	1992	4	14	105	23.6	36.6	25.8	-999.9	0.0	2.6	96542.0	-999.9
Bobo-Dioulasso	1992	4	15	106	22.5	36.5	24.9	-999.9	0.0	1.8	96520.7	-999.9
Bobo-Dioulasso	1992	4	16	107	21.9	37.3	25.8	-999.9	0.0	2.0	96508.5	-999.9
Bobo-Dioulasso	1992	4	17	108	24.2	37.9	25.6	-999.9	0.0	2.0	96486.9	-999.9
Bobo-Dioulasso	1992	4	18	109	25.6	37.9	24.9	-999.9	0.0	2.1	96448.1	-999.9
Bobo-Dioulasso	1992	4	19	110	26.3	37.3	23.8	-999.9	1.4	2.5	96374.2	-999.9
Bobo-Dioulasso	1992	4	20	111	25.0	35.7	22.9	-999.9	2.8	2.2	96415.4	-999.9
Bobo-Dioulasso	1992	4	21	112	26.2	36.0	23.6	-999.9	0.0	2.5	96557.9	-999.9
Bobo-Dioulasso	1992	4	22	113	25.6	35.4	22.3	-999.9	6.5	1.8	96632.8	-999.9
Bobo-Dioulasso	1992	4	23	114	24.2	31.8	19.9	-999.9	6.5	1.7	96569.2	-999.9
Bobo-Dioulasso	1992	4	24	115	25.3	33.2	22.7	-999.9	0.0	1.6	96366.7	-999.9
Bobo-Dioulasso	1992	4	25	116	25.1	34.9	24.4	-999.9	0.0	1.9	96454.0	-999.9
Bobo-Dioulasso	1992	4	26	117	26.0	34.9	23.1	-999.9	0.0	2.1	96608.9	-999.9
Bobo-Dioulasso	1992	4	27	118	26.2	35.9	22.8	-999.9	3.9	1.8	96447.7	-999.9
Bobo-Dioulasso	1992	4	28	119	25.8	36.1	23.8	-999.9	0.0	2.3	96331.1	-999.9
Bobo-Dioulasso	1992	4	29	120	26.0	35.9	22.5	-999.9	0.0	2.2	96395.9	-999.9
Bobo-Dioulasso	1992	4	30	121	26.5	36.6	22.9	-999.9	0.0	2.7	96454.2	-999.9
Bobo-Dioulasso	1992	5	1	122	25.1	34.8	19.9	-999.9	3.7	2.9	96577.7	-999.9
Bobo-Dioulasso	1992	5	2	123	24.4	33.3	22.2	-999.9	0.0	2.6	96554.2	-999.9
Bobo-Dioulasso	1992	5	3	124	24.9	34.8	23.2	-999.9	7.4	2.4	96391.3	-999.9
Bobo-Dioulasso	1992	5	4	125	23.7	32.6	21.6	-999.9	3.7	2.6	96416.1	-999.9
Bobo-Dioulasso	1992	5	5	126	24.5	34.8	21.4	-999.9	8.4	2.1	96496.9	-999.9
Bobo-Dioulasso	1992	5	6	127	24.5	32.7	19.5	-999.9	0.0	1.7	96654.4	-999.9
Bobo-Dioulasso	1992	5	7	128	24.4	34.8	23.0	-999.9	0.0	1.7	96615.1	-999.9
Bobo-Dioulasso	1992	5	8	129	25.1	36.2	23.8	-999.9	0.0	2.5	96524.8	-999.9
Bobo-Dioulasso	1992	5	9	130	25.8	36.5	24.1	-999.9	6.1	2.5	96472.3	-999.9
Bobo-Dioulasso	1992	5	10	131	25.8	34.3	21.6	-999.9	0.0	2.8	96625.9	-999.9
Bobo-Dioulasso	1992	5	11	132	25.7	35.5	22.4	-999.9	2.4	2.4	96651.6	-999.9
Bobo-Dioulasso	1992	5	12	133	24.8	33.7	22.7	-999.9	0.0	2.4	96552.3	-999.9
Bobo-Dioulasso	1992	5	13	134	24.5	35.6	22.8	-999.9	2.4	2.7	96530.9	-999.9
Bobo-Dioulasso	1992	5	14	135	24.2	34.9	23.1	-999.9	0.0	2.4	96532.6	-999.9
Bobo-Dioulasso	1992	5	15	136	25.5	33.9	22.4	-999.9	4.8	2.2	96552.3	-999.9
Bobo-Dioulasso	1992	5	16	137	24.1	33.4	23.1	-999.9	9.2	2.0	96619.3	-999.9
Bobo-Dioulasso	1992	5	17	138	23.9	32.8	21.5	-999.9	4.6	1.3	96667.9	-999.9
Bobo-Dioulasso	1992	5	18	139	25.3	33.7	21.7	-999.9	4.6	2.2	96584.7	-999.9
Bobo-Dioulasso	1992	5	19	140	24.2	34.2	22.6	-999.9	10.5	2.7	96514.1	-999.9
Bobo-Dioulasso	1992	5	20	141	24.7	35.0	24.5	-999.9	0.0	2.4	96480.2	-999.9
Bobo-Dioulasso	1992	5	21	142	24.9	33.0	21.3	-999.9	0.0	3.0	96640.7	-999.9
Bobo-Dioulasso	1992	5	22	143	24.6	33.8	23.1	-999.9	0.0	2.1	96740.6	-999.9
Bobo-Dioulasso	1992	5	23	144	24.1	34.1	23.4	-999.9	3.3	1.9	96742.0	-999.9
Bobo-Dioulasso	1992	5	24	145	24.2	32.3	21.4	-999.9	0.0	1.9	96758.5	-999.9
Bobo-Dioulasso	1992	5	25	146	24.1	33.7	23.8	-999.9	3.3	1.9	96759.4	-999.9
Bobo-Dioulasso	1992	5	26	147	22.9	31.7	21.0	-999.9	0.0	1.6	96679.1	-999.9
Bobo-Dioulasso	1992	5	27	148	22.6	31.9	23.7	-999.9	13.3	2.3	96684.4	-999.9
Bobo-Dioulasso	1992	5	28	149	23.7	33.2	24.3	-999.9	0.0	2.0	96590.5	-999.9
Bobo-Dioulasso	1992	5	29	150	24.8	32.4	21.6	-999.9	20.0	1.7	96680.4	-999.9
Bobo-Dioulasso	1992	5	30	151	23.1	33.0	21.9	-999.9	0.0	2.1	96716.7	-999.9
Bobo-Dioulasso	1992	5	31	152	23.9	32.2	22.7	-999.9	6.7	2.6	96637.7	-999.9
Bobo-Dioulasso	1992	6	1	153	22.8	32.5	20.7	-999.9	11.7	2.8	96584.9	-999.9
Bobo-Dioulasso	1992	6	2	154	22.9	31.7	17.6	-999.9	5.9	2.9	96680.7	-999.9
Bobo-Dioulasso	1992	6	3	155	23.1	30.6	19.1	-999.9	0.0	2.4	96814.2	-999.9
Bobo-Dioulasso	1992	6	4	156	23.4	31.0	21.8	-999.9	0.0	2.2	96712.6	-999.9
Bobo-Dioulasso	1992	6	5	157	23.7	31.8	22.7	-999.9	11.7	2.0	96694.7	-999.9
Bobo-Dioulasso	1992	6	6	158	23.2	31.5	22.8	-999.9	0.0	1.8	96675.7	-999.9
Bobo-Dioulasso	1992	6	7	159	23.5	32.1	23.5	-999.9	8.7	2.0	96762.5	-999.9
Bobo-Dioulasso	1992	6	8	160	22.7	31.3	21.8	-999.9	8.7	2.2	96803.9	-999.9
Bobo-Dioulasso	1992	6	9	161	23.7	32.3	23.3	-999.9	0.0	2.3	96752.4	-999.9
Bobo-Dioulasso	1992	6	10	162	22.7	32.3	22.8	-999.9	0.0	2.7	96705.1	-999.9
Bobo-Dioulasso	1992	6	11	163	22.5	32.9	24.0	-999.9	0.0	2.3	96814.5	-999.9
Bobo-Dioulasso	1992	6	12	164	24.4	33.2	23.6	-999.9	11.6	2.5	96802.9	-999.9
Bobo-Dioulasso	1992	6	13	165	23.0	30.9	20.2	-999.9	13.2	1.8	96728.3	-999.9
Bobo-Dioulasso	1992	6	14	166	22.7	30.7	21.6	-999.9	0.0	1.9	96777.6	-999.9
Bobo-Dioulasso	1992	6	15	167	23.3	29.8	18.5	-999.9	23.2	1.9	96872.5	-999.9
Bobo-Dioulasso	1992	6	16	168	22.4	30.1	18.5	-999.9	0.0	2.1	96956.1	-999.9
Bobo-Dioulasso	1992	6	17	169	23.6	32.3	24.0	-999.9	8.4	2.3	96851.2	-999.9
Bobo-Dioulasso	1992	6	18	170	23.3	30.7	19.1	-999.9	0.0	2.5	96771.2	-999.9
Bobo-Dioulasso	1992	6	19	171	23.6	31.8	22.5	-999.9	0.0	2.1	96839.2	-999.9
Bobo-Dioulasso	1992	6	20	172	23.3	30.2	18.4	-999.9	0.0	2.0	97012.5	-999.9
Bobo-Dioulasso	1992	6	21	173	23.4	31.8	22.9	-999.9	0.0	2.0	96967.8	-999.9
Bobo-Dioulasso	1992	6	22	174	23.1	32.1	22.1	-999.9	0.0	2.4	96806.4	-999.9
Bobo-Dioulasso	1992	6	23	175	24.3	31.8	18.7	-999.9	0.0	2.6	96762.7	-999.9
Bobo-Dioulasso	1992	6	24	176	24.3	31.8	20.2	-999.9	41.9	2.5	96707.8	-999.9
Bobo-Dioulasso	1992	6	25	177	22.2	30.6	17.6	-999.9	0.0	2.7	96807.3	-999.9
Bobo-Dioulasso	1992	6	26	178	23.2	30.9	20.9	-999.9	10.8	2.3	96786.4	-999.9
Bobo-Dioulasso	1992	6	27	179	22.8	31.0	20.8	-999.9	0.0	2.1	96808.0	-999.9
Bobo-Dioulasso	1992	6	28	180	23.1	31.5	22.7	-999.9	0.0	2.1	96896.0	-999.9
Bobo-Dioulasso	1992	6	29	181	22.6	31.1	22.4	-999.9	0.0	1.9	96968.0	-999.9
Bobo-Dioulasso	1992	6	30	182	22.9	32.5	24.1	-999.9	21.5	2.1	96934.7	-999.9
Bobo-Dioulasso	1992	7	1	183	23.1	31.3	23.1	-999.9	0.0	2.0	96871.9	-999.9
Bobo-Dioulasso	1992	7	2	184	23.3	31.8	23.5	-999.9	13.4	1.9	96896.9	-999.9
Bobo-Dioulasso	1992	7	3	185	23.0	27.3	9.8	-999.9	40.1	2.2	96918.5	-999.9
Bobo-Dioulasso	1992	7	4	186	21.8	29.4	17.9	-999.9	0.0	2.6	96947.4	-999.9
Bobo-Dioulasso	1992	7	5	187	22.5	30.9	18.9	-999.9	0.0	2.3	96789.0	-999.9
Bobo-Dioulasso	1992	7	6	188	22.4	28.7	17.8	-999.9	3.7	3.1	96820.1	-999.9
Bobo-Dioulasso	1992	7	7	189	22.1	29.0	18.2	-999.9	0.0	2.5	96942.7	-999.9
Bobo-Dioulasso	1992	7	8	190	22.1	28.5	18.1	-999.9	11.1	1.5	96884.9	-999.9
Bobo-Dioulasso	1992	7	9	191	21.6	28.1	17.9	-999.9	3.7	1.5	96892.5	-999.9
Bobo-Dioulasso	1992	7	10	192	22.3	27.7	16.5	-999.9	0.0	2.1	96848.0	-999.9
Bobo-Dioulasso	1992	7	11	193	22.0	29.1	18.2	-999.9	0.0	2.1	96856.6	-999.9
Bobo-Dioulasso	1992	7	12	194	22.0	29.7	21.2	-999.9	0.0	2.1	96748.9	-999.9
Bobo-Dioulasso	1992	7	13	195	21.8	28.6	16.0	-999.9	0.0	2.3	96847.5	-999.9
Bobo-Dioulasso	1992	7	14	196	22.1	28.3	15.4	-999.9	8.4	1.9	96895.4	-999.9
Bobo-Dioulasso	1992	7	15	197	21.2	28.7	20.6	-999.9	26.0	1.7	96931.6	-999.9
Bobo-Dioulasso	1992	7	16	198	21.2	24.2	9.2	-999.9	12.2	1.8	97000.7	-999.9
Bobo-Dioulasso	1992	7	17	199	20.4	29.8	21.4	-999.9	0.0	2.0	97001.2	-999.9
Bobo-Dioulasso	1992	7	18	200	21.8	30.4	23.4	-999.9	0.0	2.1	96952.2	-999.9
Bobo-Dioulasso	1992	7	19	201	22.2	26.6	13.0	-999.9	0.0	1.8	96960.3	-999.9
Bobo-Dioulasso	1992	7	20	202	21.2	28.7	20.8	-999.9	0.0	1.9	96942.8	-999.9
Bobo-Dioulasso	1992	7	21	203	21.8	29.0	21.6	-999.9	0.0	1.9	96960.9	-999.9
Bobo-Dioulasso	1992	7	22	204	22.4	28.8	20.8	-999.9	0.0	1.9	96999.1	-999.9
Bobo-Dioulasso	1992	7	23	205	21.5	27.6	14.2	-999.9	33.6	2.0	97020.5	-999.9
Bobo-Dioulasso	1992	7	24	206	21.2	27.5	18.6	-999.9	0.0	2.6	97027.6	-999.9
Bobo-Dioulasso	1992	7	25	207	21.8	28.3	20.5	-999.9	0.0	2.1	96979.4	-999.9
Bobo-Dioulasso	1992	7	26	208	21.7	27.1	13.7	-999.9	8.7	1.5	97045.2	-999.9
Bobo-Dioulasso	1992	7	27	209	21.4	28.5	18.2	-999.9	0.0	1.9	97049.1	-999.9
Bobo-Dioulasso	1992	7	28	210	21.5	28.6	20.2	-999.9	0.0	1.9	96976.2	-999.9
Bobo-Dioulasso	1992	7	29	211	21.3	29.0	21.2	-999.9	0.0	1.7	96965.2	-999.9
Bobo-Dioulasso	1992	7	30	212	21.5	28.4	19.9	-999.9	8.7	1.8	96902.3	-999.9
Bobo-Dioulasso	1992	7	31	213	21.7	28.1	17.2	-999.9	8.7	2.3	96898.6	-999.9
Bobo-Dioulasso	1992	8	1	214	21.7	28.5	20.6	-999.9	9.6	2.0	96939.5	-999.9
Bobo-Dioulasso	1992	8	2	215	21.9	28.8	21.4	-999.9	0.0	1.9	96922.8	-999.9
Bobo-Dioulasso	1992	8	3	216	22.2	29.2	20.6	-999.9	9.6	1.9	96833.2	-999.9
Bobo-Dioulasso	1992	8	4	217	21.8	28.3	18.9	-999.9	0.0	2.5	96817.0	-999.9
Bobo-Dioulasso	1992	8	5	218	21.7	27.7	16.9	-999.9	0.0	2.5	96951.8	-999.9
Bobo-Dioulasso	1992	8	6	219	22.0	28.1	17.3	-999.9	0.0	2.1	97010.6	-999.9
Bobo-Dioulasso	1992	8	7	220	21.3	27.3	14.7	-999.9	7.6	1.8	96958.3	-999.9
Bobo-Dioulasso	1992	8	8	221	20.9	28.8	19.5	-999.9	0.0	1.6	96953.6	-999.9
Bobo-Dioulasso	1992	8	9	222	22.0	28.9	19.7	-999.9	7.6	1.9	96909.0	-999.9
Bobo-Dioulasso	1992	8	10	223	21.8	29.5	21.9	-999.9	15.2	1.5	96897.6	-999.9
Bobo-Dioulasso	1992	8	11	224	21.8	27.4	13.6	-999.9	0.0	1.4	96912.1	-999.9
Bobo-Dioulasso	1992	8	12	225	21.5	28.2	18.6	-999.9	0.0	1.6	97035.5	-999.9
Bobo-Dioulasso	1992	8	13	226	21.6	27.6	16.9	-999.9	37.9	1.4	97033.1	-999.9
Bobo-Dioulasso	1992	8	14	227	22.1	26.8	11.8	-999.9	0.0	2.1	96919.1	-999.9
Bobo-Dioulasso	1992	8	15	228	21.3	28.2	19.9	-999.9	0.0	2.1	96851.6	-999.9
Bobo-Dioulasso	1992	8	16	229	21.3	28.7	17.8	-999.9	10.3	1.3	96954.9	-999.9
Bobo-Dioulasso	1992	8	17	230	21.4	28.7	19.5	-999.9	0.0	1.8	96998.7	-999.9
Bobo-Dioulasso	1992	8	18	231	22.1	27.6	17.5	-999.9	10.3	2.1	97042.3	-999.9
Bobo-Dioulasso	1992	8	19	232	21.6	28.2	19.7	-999.9	0.0	1.5	97063.0	-999.9
Bobo-Dioulasso	1992	8	20	233	21.4	29.8	23.3	-999.9	0.0	1.9	96966.0	-999.9
Bobo-Dioulasso	1992	8	21	234	22.9	30.1	20.8	-999.9	14.7	2.3	96821.9	-999.9
Bobo-Dioulasso	1992	8	22	235	22.4	27.2	13.7	-999.9	0.0	2.6	96793.7	-999.9
Bobo-Dioulasso	1992	8	23	236	22.0	27.1	15.0	-999.9	0.0	1.8	96812.3	-999.9
Bobo-Dioulasso	1992	8	24	237	21.4	26.0	11.6	-999.9	0.0	2.2	96880.7	-999.9
Bobo-Dioulasso	1992	8	25	238	20.7	28.7	20.6	-999.9	7.3	1.4	96961.7	-999.9
Bobo-Dioulasso	1992	8	26	239	21.4	25.8	13.2	-999.9	13.5	1.4	96983.5	-999.9
Bobo-Dioulasso	1992	8	27	240	21.3	26.5	14.1	-999.9	67.6	2.0	96911.4	-999.9
Bobo-Dioulasso	1992	8	28	241	21.4	27.9	18.3	-999.9	0.0	2.6	96985.0	-999.9
Bobo-Dioulasso	1992	8	29	242	21.5	26.9	14.2	-999.9	0.0	1.7	97076.7	-999.9
Bobo-Dioulasso	1992	8	30	243	21.5	24.9	8.7	-999.9	0.0	1.6	97046.3	-999.9
Bobo-Dioulasso	1992	8	31	244	20.8	25.9	10.3	-999.9	40.6	2.2	96800.5	-999.9
Bobo-Dioulasso	1992	9	1	245	21.0	26.6	17.6	-999.9	0.0	2.8	96832.7	-999.9
Bobo-Dioulasso	1992	9	2	246	20.5	28.7	21.8	-999.9	0.0	1.8	96885.0	-999.9
Bobo-Dioulasso	1992	9	3	247	21.8	28.0	15.7	-999.9	11.0	1.6	96756.3	-999.9
Bobo-Dioulasso	1992	9	4	248	21.3	27.4	18.8	-999.9	0.0	2.1	96758.1	-999.9
Bobo-Dioulasso	1992	9	5	249	20.5	28.8	20.0	-999.9	0.0	1.5	96751.5	-999.9
Bobo-Dioulasso	1992	9	6	250	22.0	29.0	18.5	-999.9	6.5	1.6	96639.4	-999.9
Bobo-Dioulasso	1992	9	7	251	21.2	26.2	16.7	-999.9	13.0	2.4	96762.8	-999.9
Bobo-Dioulasso	1992	9	8	252	20.7	27.5	16.2	-999.9	0.0	1.6	96926.1	-999.9
Bobo-Dioulasso	1992	9	9	253	21.4	29.1	20.2	-999.9	6.5	1.7	96821.7	-999.9
Bobo-Dioulasso	1992	9	10	254	21.3	27.6	16.4	-999.9	0.0	1.6	96765.5	-999.9
Bobo-Dioulasso	1992	9	11	255	22.3	28.1	18.7	-999.9	10.8	2.1	96857.0	-999.9
Bobo-Dioulasso	1992	9	12	256	21.6	28.6	20.5	-999.9	5.4	1.6	96839.4	-999.9
Bobo-Dioulasso	1992	9	13	257	22.0	29.7	21.9	-999.9	10.8	1.6	96589.8	-999.9
Bobo-Dioulasso	1992	9	14	258	21.7	28.9	18.7	-999.9	0.0	1.4	96506.2	-999.9
Bobo-Dioulasso	1992	9	15	259	21.5	27.6	14.6	-999.9	16.2	1.7	96638.7	-999.9
Bobo-Dioulasso	1992	9	16	260	21.3	25.1	9.4	-999.9	49.6	1.7	96802.7	-999.9
Bobo-Dioulasso	1992	9	17	261	20.1	28.8	22.0	-999.9	16.5	1.0	96747.3	-999.9
Bobo-Dioulasso	1992	9	18	262	21.7	29.0	19.9	-999.9	0.0	1.4	96726.6	-999.9
Bobo-Dioulasso	1992	9	19	263	21.4	29.5	22.5	-999.9	0.0	1.3	96716.1	-999.9
Bobo-Dioulasso	1992	9	20	264	21.8	27.7	18.6	-999.9	0.0	1.6	96813.9	-999.9
Bobo-Dioulasso	1992	9	21	265	20.8	27.4	19.0	-999.9	13.5	1.9	96868.2	-999.9
Bobo-Dioulasso	1992	9	22	266	21.3	28.1	21.7	-999.9	0.0	1.5	96824.4	-999.9
Bobo-Dioulasso	1992	9	23	267	21.5	28.3	19.2	-999.9	0.0	2.1	96843.6	-999.9
Bobo-Dioulasso	1992	9	24	268	20.6	30.0	23.5	-999.9	0.0	1.4	96844.7	-999.9
Bobo-Dioulasso	1992	9	25	269	22.6	29.9	22.5	-999.9	0.0	1.7	96805.2	-999.9
Bobo-Dioulasso	1992	9	26	270	21.6	29.8	22.3	-999.9	0.0	1.7	96789.5	-999.9
Bobo-Dioulasso	1992	9	27	271	22.2	30.0	21.9	-999.9	0.0	1.5	96805.3	-999.9
Bobo-Dioulasso	1992	9	28	272	22.5	30.8	22.7	-999.9	0.0	1.5	96783.4	-999.9
Bobo-Dioulasso	1992	9	29	273	21.9	30.4	22.6	-999.9	0.0	1.7	96736.3	-999.9
Bobo-Dioulasso	1992	9	30	274	21.9	27.9	18.9	-999.9	15.4	1.8	96755.5	-999.9
Bobo-Dioulasso	1992	10	1	275	21.5	27.2	14.5	-999.9	4.7	1.9	96778.7	-999.9
Bobo-Dioulasso	1992	10	2	276	21.4	28.5	20.0	-999.9	0.0	1.9	96816.1	-999.9
Bobo-Dioulasso	1992	10	3	277	21.4	29.4	22.3	-999.9	4.7	1.3	96820.9	-999.9
Bobo-Dioulasso	1992	10	4	278	21.9	29.3	21.9	-999.9	0.0	1.5	96762.8	-999.9
Bobo-Dioulasso	1992	10	5	279	22.5	29.6	22.3	-999.9	4.7	1.6	96711.2	-999.9
Bobo-Dioulasso	1992	10	6	280	22.4	30.4	23.2	-999.9	0.0	1.4	96712.4	-999.9
Bobo-Dioulasso	1992	10	7	281	22.4	30.4	22.5	-999.9	8.3	1.5	96730.5	-999.9
Bobo-Dioulasso	1992	10	8	282	23.0	29.7	21.2	-999.9	0.0	2.1	96752.9	-999.9
Bobo-Dioulasso	1992	10	9	283	23.0	30.0	20.5	-999.9	0.0	2.0	96804.1	-999.9
Bobo-Dioulasso	1992	10	10	284	23.4	30.0	21.1	-999.9	0.0	2.0	96840.8	-999.9
Bobo-Dioulasso	1992	10	11	285	22.7	29.1	19.7	-999.9	3.2	1.6	96769.6	-999.9
Bobo-Dioulasso	1992	10	12	286	22.4	28.1	14.5	-999.9	0.0	1.8	96699.6	-999.9
Bobo-Dioulasso	1992	10	13	287	22.0	30.1	22.3	-999.9	3.2	1.8	96801.2	-999.9
Bobo-Dioulasso	1992	10	14	288	22.5	30.1	21.7	-999.9	0.0	1.6	96874.3	-999.9
Bobo-Dioulasso	1992	10	15	289	22.4	29.9	20.7	-999.9	3.2	1.7	96851.5	-999.9
Bobo-Dioulasso	1992	10	16	290	23.1	29.7	20.8	-999.9	5.8	1.9	96705.0	-999.9
Bobo-Dioulasso	1992	10	17	291	22.9	29.5	19.8	-999.9	0.0	1.7	96697.3	-999.9
Bobo-Dioulasso	1992	10	18	292	22.0	29.1	20.7	-999.9	5.8	1.7	96770.2	-999.9
Bobo-Dioulasso	1992	10	19	293	22.7	30.1	21.5	-999.9	0.0	1.6	96770.7	-999.9
Bobo-Dioulasso	1992	10	20	294	22.7	32.0	22.4	-999.9	0.0	1.7	96679.5	-999.9
Bobo-Dioulasso	1992	10	21	295	23.1	30.4	21.6	-999.9	7.0	1.8	96796.5	-999.9
Bobo-Dioulasso	1992	10	22	296	22.7	30.7	20.9	-999.9	7.0	1.8	96909.8	-999.9
Bobo-Dioulasso	1992	10	23	297	22.9	30.3	20.5	-999.9	0.0	2.0	96801.0	-999.9
Bobo-Dioulasso	1992	10	24	298	23.1	30.2	21.3	-999.9	14.0	1.4	96776.9	-999.9
Bobo-Dioulasso	1992	10	25	299	22.6	29.5	19.6	-999.9	0.0	1.3	96834.1	-999.9
Bobo-Dioulasso	1992	10	26	300	21.6	30.1	20.2	-999.9	0.0	1.2	96793.8	-999.9
Bobo-Dioulasso	1992	10	27	301	21.0	30.9	20.0	-999.9	0.0	1.4	96713.9	-999.9
Bobo-Dioulasso	1992	10	28	302	21.1	32.0	21.2	-999.9	0.0	1.7	96707.7	-999.9
Bobo-Dioulasso	1992	10	29	303	22.0	32.6	21.7	-999.9	0.0	1.7	96674.2	-999.9
Bobo-Dioulasso	1992	10	30	304	22.3	32.1	20.8	-999.9	0.0	1.8	96695.4	-999.9
Bobo-Dioulasso	1992	10	31	305	22.7	31.8	20.1	-999.9	0.0	1.6	96711.2	-999.9
Bobo-Dioulasso	1992	11	1	306	22.2	32.1	20.1	-999.9	0.0	1.6	96692.8	-999.9
Bobo-Dioulasso	1992	11	2	307	21.7	33.2	21.8	-999.9	0.0	1.7	96641.7	-999.9
Bobo-Dioulasso	1992	11	3	308	20.3	32.9	21.9	-999.9	0.0	1.6	96530.2	-999.9
Bobo-Dioulasso	1992	11	4	309	21.3	32.4	21.2	-999.9	0.0	1.9	96434.2	-999.9
Bobo-Dioulasso	1992	11	5	310	22.0	31.4	19.1	-999.9	0.0	1.5	96445.3	-999.9
Bobo-Dioulasso	1992	11	6	311	23.5	31.4	19.7	-999.9	0.0	1.6	96588.6	-999.9
Bobo-Dioulasso	1992	11	7	312	22.7	30.9	18.4	-999.9	0.0	1.5	96672.8	-999.9
Bobo-Dioulasso	1992	11	8	313	20.2	25.9	11.6	-999.9	7.6	1.6	96746.7	-999.9
Bobo-Dioulasso	1992	11	9	314	19.5	23.7	11.8	-999.9	0.0	2.1	96846.9	-999.9
Bobo-Dioulasso	1992	11	10	315	18.4	29.4	21.1	-999.9	0.0	1.5	96776.5	-999.9
Bobo-Dioulasso	1992	11	11	316	20.4	29.8	18.7	-999.9	0.0	1.4	96829.1	-999.9
Bobo-Dioulasso	1992	11	12	317	20.7	30.8	20.8	-999.9	2.1	1.6	96786.2	-999.9
Bobo-Dioulasso	1992	11	13	318	20.8	30.8	20.7	-999.9	0.0	1.9	96765.1	-999.9
Bobo-Dioulasso	1992	11	14	319	17.6	31.7	21.6	-999.9	0.0	2.0	96720.9	-999.9
Bobo-Dioulasso	1992	11	15	320	19.3	31.5	20.9	-999.9	0.0	1.8	96783.6	-999.9
Bobo-Dioulasso	1992	11	16	321	19.4	31.3	21.6	-999.9	0.0	1.5	96708.3	-999.9
Bobo-Dioulasso	1992	11	17	322	18.7	31.8	21.3	-999.9	0.0	2.0	96673.6	-999.9
Bobo-Dioulasso	1992	11	18	323	17.8	32.0	21.6	-999.9	0.0	2.3	96712.8	-999.9
Bobo-Dioulasso	1992	11	19	324	18.7	31.3	21.5	-999.9	0.0	2.3	96827.7	-999.9
Bobo-Dioulasso	1992	11	20	325	18.7	32.0	21.3	-999.9	0.0	2.0	96768.3	-999.9
Bobo-Dioulasso	1992	11	21	326	18.7	33.2	21.2	-999.9	0.0	2.2	96672.0	-999.9
Bobo-Dioulasso	1992	11	22	327	19.6	32.6	21.5	-999.9	0.0	2.6	96688.8	-999.9
Bobo-Dioulasso	1992	11	23	328	19.7	31.2	21.3	-999.9	0.0	2.5	96740.5	-999.9
Bobo-Dioulasso	1992	11	24	329	17.8	30.8	21.3	-999.9	0.0	2.4	96842.2	-999.9
Bobo-Dioulasso	1992	11	25	330	18.8	31.7	20.7	-999.9	0.0	2.5	96929.8	-999.9
Bobo-Dioulasso	1992	11	26	331	19.8	31.7	21.1	-999.9	0.0	2.6	96915.6	-999.9
Bobo-Dioulasso	1992	11	27	332	19.0	30.7	21.3	-999.9	0.0	2.6	96814.9	-999.9
Bobo-Dioulasso	1992	11	28	333	17.8	30.5	21.2	-999.9	0.0	2.3	96801.9	-999.9
Bobo-Dioulasso	1992	11	29	334	17.8	30.8	21.0	-999.9	0.0	2.2	96843.5	-999.9
Bobo-Dioulasso	1992	11	30	335	17.8	30.6	20.9	-999.9	0.0	2.2	96890.4	-999.9
Bobo-Dioulasso	1992	12	1	336	17.4	30.6	20.9	-999.9	0.0	2.0	96816.9	-999.9
Bobo-Dioulasso	1992	12	2	337	17.3	31.5	20.8	-999.9	0.0	1.8	96848.8	-999.9
Bobo-Dioulasso	1992	12	3	338	17.6	31.6	20.5	-999.9	0.0	1.6	96804.4	-999.9
Bobo-Dioulasso	1992	12	4	339	18.4	32.1	20.3	-999.9	0.0	1.8	96784.3	-999.9
Bobo-Dioulasso	1992	12	5	340	19.1	32.2	20.4	-999.9	0.0	2.2	96827.2	-999.9
Bobo-Dioulasso	1992	12	6	341	19.5	31.9	20.2	-999.9	0.0	2.4	96826.1	-999.9
Bobo-Dioulasso	1992	12	7	342	20.0	30.6	19.1	-999.9	0.0	2.4	96818.1	-999.9
Bobo-Dioulasso	1992	12	8	343	18.1	31.3	20.3	-999.9	0.0	2.1	96741.0	-999.9
Bobo-Dioulasso	1992	12	9	344	17.2	32.4	20.5	-999.9	0.0	1.9	96604.1	-999.9
Bobo-Dioulasso	1992	12	10	345	17.5	32.7	20.4	-999.9	0.0	1.8	96607.3	-999.9
Bobo-Dioulasso	1992	12	11	346	18.4	33.1	19.0	-999.9	0.0	1.8	96656.5	-999.9
Bobo-Dioulasso	1992	12	12	347	19.5	33.3	19.6	-999.9	0.0	1.9	96679.1	-999.9
Bobo-Dioulasso	1992	12	13	348	18.6	33.8	20.4	-999.9	0.0	2.3	96662.3	-999.9
Bobo-Dioulasso	1992	12	14	349	19.7	33.9	20.4	-999.9	0.0	2.4	96702.7	-999.9
Bobo-Dioulasso	1992	12	15	350	18.7	33.2	20.6	-999.9	0.0	2.1	96800.9	-999.9
Bobo-Dioulasso	1992	12	16	351	17.8	31.9	20.6	-999.9	0.0	2.1	96776.7	-999.9
Bobo-Dioulasso	1992	12	17	352	16.8	32.3	20.7	-999.9	0.0	2.1	96780.2	-999.9
Bobo-Dioulasso	1992	12	18	353	18.3	32.6	20.2	-999.9	0.0	2.3	96797.8	-999.9
Bobo-Dioulasso	1992	12	19	354	19.7	32.3	19.2	-999.9	0.0	2.4	96776.3	-999.9
Bobo-Dioulasso	1992	12	20	355	19.7	32.8	20.3	-999.9	0.0	2.5	96713.2	-999.9
Bobo-Dioulasso	1992	12	21	356	19.4	32.4	19.9	-999.9	0.0	2.4	96717.1	-999.9
Bobo-Dioulasso	1992	12	22	357	18.8	32.1	20.5	-999.9	0.0	2.3	96797.4	-999.9
Bobo-Dioulasso	1992	12	23	358	17.7	32.1	20.8	-999.9	0.0	2.1	96800.8	-999.9
Bobo-Dioulasso	1992	12	24	359	17.3	32.1	20.8	-999.9	0.0	1.9	96761.0	-999.9
Bobo-Dioulasso	1992	12	25	360	16.7	32.0	20.6	-999.9	0.0	1.9	96764.1	-999.9
Bobo-Dioulasso	1992	12	26	361	16.8	32.0	20.7	-999.9	0.0	1.9	96706.5	-999.9
Bobo-Dioulasso	1992	12	27	362	15.7	32.1	20.9	-999.9	0.0	1.8	96644.6	-999.9
Bobo-Dioulasso	1992	12	28	363	16.5	32.5	20.7	-999.9	0.5	1.9	96548.2	-999.9
Bobo-Dioulasso	1992	12	29	364	16.8	32.9	20.4	-999.9	0.0	1.9	96571.4	-999.9
Bobo-Dioulasso	1992	12	30	365	18.8	33.5	20.4	-999.9	0.0	1.8	96609.3	-999.9
Bobo-Dioulasso	1992	12	31	366	19.2	33.6	19.8	-999.9	0.0	2.7	96681.7	-999.9
