Bobo-Dioulasso	2012	1	1	1	16.7	31.6	20.8	-999.9	0.0	2.3	96971.4	-999.9
Bobo-Dioulasso	2012	1	2	2	18.6	33.3	20.6	-999.9	0.0	2.7	96957.8	-999.9
Bobo-Dioulasso	2012	1	3	3	19.1	33.0	20.8	-999.9	0.0	2.7	96927.5	-999.9
Bobo-Dioulasso	2012	1	4	4	18.9	32.9	20.8	-999.9	0.0	2.8	96899.6	-999.9
Bobo-Dioulasso	2012	1	5	5	18.8	32.4	20.8	-999.9	0.0	2.6	96944.1	-999.9
Bobo-Dioulasso	2012	1	6	6	18.7	32.0	20.9	-999.9	0.0	2.6	96937.3	-999.9
Bobo-Dioulasso	2012	1	7	7	18.1	31.7	21.0	-999.9	0.0	2.4	96914.2	-999.9
Bobo-Dioulasso	2012	1	8	8	16.6	31.8	21.3	-999.9	0.0	2.1	96831.5	-999.9
Bobo-Dioulasso	2012	1	9	9	16.8	32.7	21.4	-999.9	0.0	2.0	96799.1	-999.9
Bobo-Dioulasso	2012	1	10	10	18.0	33.5	21.3	-999.9	0.0	2.4	96819.3	-999.9
Bobo-Dioulasso	2012	1	11	11	18.1	33.7	21.2	-999.9	0.0	2.6	96845.4	-999.9
Bobo-Dioulasso	2012	1	12	12	19.3	32.2	21.4	-999.9	0.0	2.8	96947.3	-999.9
Bobo-Dioulasso	2012	1	13	13	18.0	31.5	21.5	-999.9	0.0	2.7	97031.6	-999.9
Bobo-Dioulasso	2012	1	14	14	17.0	30.6	21.7	-999.9	0.0	2.9	97006.1	-999.9
Bobo-Dioulasso	2012	1	15	15	16.3	30.3	21.8	-999.9	0.0	2.7	96970.0	-999.9
Bobo-Dioulasso	2012	1	16	16	15.7	30.7	21.9	-999.9	0.0	2.5	96860.7	-999.9
Bobo-Dioulasso	2012	1	17	17	15.5	32.0	21.7	-999.9	0.0	2.1	96696.9	-999.9
Bobo-Dioulasso	2012	1	18	18	16.4	32.7	21.6	-999.9	0.0	1.9	96666.9	-999.9
Bobo-Dioulasso	2012	1	19	19	18.1	32.6	21.3	-999.9	0.0	2.0	96642.9	-999.9
Bobo-Dioulasso	2012	1	20	20	18.3	31.2	21.2	-999.9	0.0	2.5	96694.9	-999.9
Bobo-Dioulasso	2012	1	21	21	18.4	29.1	19.6	-999.9	0.0	2.7	96853.7	-999.9
Bobo-Dioulasso	2012	1	22	22	19.0	30.6	20.3	-999.9	0.0	2.5	96838.6	-999.9
Bobo-Dioulasso	2012	1	23	23	19.4	32.0	21.0	-999.9	0.0	2.7	96831.4	-999.9
Bobo-Dioulasso	2012	1	24	24	20.0	32.7	21.2	-999.9	0.0	2.7	96803.4	-999.9
Bobo-Dioulasso	2012	1	25	25	19.8	33.8	21.3	-999.9	0.0	2.5	96687.9	-999.9
Bobo-Dioulasso	2012	1	26	26	20.0	34.3	21.4	-999.9	0.0	2.2	96582.9	-999.9
Bobo-Dioulasso	2012	1	27	27	20.5	33.9	21.7	-999.9	0.0	2.6	96642.1	-999.9
Bobo-Dioulasso	2012	1	28	28	19.5	34.5	21.7	-999.9	0.0	2.3	96619.9	-999.9
Bobo-Dioulasso	2012	1	29	29	20.6	35.3	21.8	-999.9	0.0	2.4	96530.8	-999.9
Bobo-Dioulasso	2012	1	30	30	21.0	35.2	21.4	-999.9	0.0	2.3	96549.0	-999.9
Bobo-Dioulasso	2012	1	31	31	21.3	34.9	21.8	-999.9	0.0	2.7	96628.3	-999.9
Bobo-Dioulasso	2012	2	1	32	20.4	34.6	22.0	-999.9	0.0	2.5	96668.0	-999.9
Bobo-Dioulasso	2012	2	2	33	20.2	34.5	22.2	-999.9	0.0	2.3	96690.3	-999.9
Bobo-Dioulasso	2012	2	3	34	20.0	35.2	22.1	-999.9	0.0	2.5	96695.4	-999.9
Bobo-Dioulasso	2012	2	4	35	20.3	35.8	22.2	-999.9	0.0	2.4	96591.0	-999.9
Bobo-Dioulasso	2012	2	5	36	21.2	35.3	22.0	-999.9	0.6	2.9	96651.2	-999.9
Bobo-Dioulasso	2012	2	6	37	20.7	29.4	17.1	-999.9	1.2	3.8	96810.0	-999.9
Bobo-Dioulasso	2012	2	7	38	15.8	28.6	21.7	-999.9	0.0	2.6	96766.3	-999.9
Bobo-Dioulasso	2012	2	8	39	17.7	31.5	22.3	-999.9	0.0	2.2	96676.6	-999.9
Bobo-Dioulasso	2012	2	9	40	18.1	33.1	22.5	-999.9	0.0	2.1	96646.6	-999.9
Bobo-Dioulasso	2012	2	10	41	19.2	33.6	20.7	-999.9	0.0	2.1	96588.3	-999.9
Bobo-Dioulasso	2012	2	11	42	20.4	34.2	20.6	-999.9	0.0	2.6	96606.3	-999.9
Bobo-Dioulasso	2012	2	12	43	21.8	35.0	21.5	-999.9	0.0	2.7	96579.3	-999.9
Bobo-Dioulasso	2012	2	13	44	21.1	35.2	22.6	-999.9	0.0	2.9	96621.5	-999.9
Bobo-Dioulasso	2012	2	14	45	20.9	35.1	22.3	-999.9	0.0	2.5	96604.8	-999.9
Bobo-Dioulasso	2012	2	15	46	22.0	35.8	22.8	-999.9	0.0	2.5	96588.1	-999.9
Bobo-Dioulasso	2012	2	16	47	22.4	36.4	23.0	-999.9	0.0	3.0	96533.7	-999.9
Bobo-Dioulasso	2012	2	17	48	22.4	36.7	23.1	-999.9	0.0	2.7	96492.8	-999.9
Bobo-Dioulasso	2012	2	18	49	21.0	36.7	23.0	-999.9	0.0	2.0	96412.4	-999.9
Bobo-Dioulasso	2012	2	19	50	25.1	36.8	21.5	-999.9	0.0	2.8	96356.6	-999.9
Bobo-Dioulasso	2012	2	20	51	24.5	35.7	21.1	-999.9	0.0	2.4	96473.3	-999.9
Bobo-Dioulasso	2012	2	21	52	24.7	33.9	19.7	-999.9	0.0	1.4	96620.3	-999.9
Bobo-Dioulasso	2012	2	22	53	24.3	33.4	21.6	-999.9	0.0	2.6	96568.0	-999.9
Bobo-Dioulasso	2012	2	23	54	22.0	34.0	21.5	-999.9	0.0	1.6	96509.5	-999.9
Bobo-Dioulasso	2012	2	24	55	22.4	35.6	22.9	-999.9	0.0	2.2	96580.2	-999.9
Bobo-Dioulasso	2012	2	25	56	22.8	37.1	23.8	-999.9	0.0	3.0	96518.7	-999.9
Bobo-Dioulasso	2012	2	26	57	23.7	37.6	24.0	-999.9	0.0	2.7	96404.8	-999.9
Bobo-Dioulasso	2012	2	27	58	22.7	37.5	24.0	-999.9	0.0	2.2	96423.6	-999.9
Bobo-Dioulasso	2012	2	28	59	22.8	37.2	22.8	-999.9	0.0	1.7	96455.2	-999.9
Bobo-Dioulasso	2012	2	29	60	23.4	37.8	23.0	-999.9	0.0	1.8	96455.9	-999.9
Bobo-Dioulasso	2012	3	1	61	22.9	36.6	23.1	-999.9	0.0	1.8	96527.0	-999.9
Bobo-Dioulasso	2012	3	2	62	24.2	36.5	24.0	-999.9	0.0	2.4	96578.9	-999.9
Bobo-Dioulasso	2012	3	3	63	21.3	36.5	24.4	-999.9	0.0	2.4	96606.2	-999.9
Bobo-Dioulasso	2012	3	4	64	21.0	37.2	24.5	-999.9	0.0	2.2	96489.0	-999.9
Bobo-Dioulasso	2012	3	5	65	24.5	35.4	20.9	-999.9	0.0	2.2	96506.3	-999.9
Bobo-Dioulasso	2012	3	6	66	23.7	33.9	17.4	-999.9	2.8	1.9	96597.7	-999.9
Bobo-Dioulasso	2012	3	7	67	23.6	35.6	21.9	-999.9	0.0	1.8	96566.4	-999.9
Bobo-Dioulasso	2012	3	8	68	24.9	36.3	21.9	-999.9	0.0	1.6	96483.4	-999.9
Bobo-Dioulasso	2012	3	9	69	24.0	36.1	24.4	-999.9	0.0	3.0	96602.2	-999.9
Bobo-Dioulasso	2012	3	10	70	22.1	34.5	23.5	-999.9	1.4	2.7	96826.6	-999.9
Bobo-Dioulasso	2012	3	11	71	21.7	33.7	24.9	-999.9	0.0	3.0	96819.6	-999.9
Bobo-Dioulasso	2012	3	12	72	20.2	33.9	25.2	-999.9	0.0	2.5	96747.5	-999.9
Bobo-Dioulasso	2012	3	13	73	20.3	35.0	25.2	-999.9	0.0	2.4	96762.4	-999.9
Bobo-Dioulasso	2012	3	14	74	22.0	36.4	25.2	-999.9	0.0	2.6	96723.4	-999.9
Bobo-Dioulasso	2012	3	15	75	23.1	38.1	24.4	-999.9	0.0	2.5	96671.2	-999.9
Bobo-Dioulasso	2012	3	16	76	23.4	38.4	25.5	-999.9	0.0	2.6	96618.2	-999.9
Bobo-Dioulasso	2012	3	17	77	22.8	38.3	25.4	-999.9	0.0	2.4	96535.7	-999.9
Bobo-Dioulasso	2012	3	18	78	23.9	38.3	25.3	-999.9	0.0	2.4	96490.2	-999.9
Bobo-Dioulasso	2012	3	19	79	22.6	37.8	25.4	-999.9	0.0	2.4	96493.6	-999.9
Bobo-Dioulasso	2012	3	20	80	22.9	37.9	25.0	-999.9	0.0	2.0	96470.1	-999.9
Bobo-Dioulasso	2012	3	21	81	23.3	38.3	25.7	-999.9	0.0	2.3	96407.3	-999.9
Bobo-Dioulasso	2012	3	22	82	22.9	38.4	25.9	-999.9	0.0	2.4	96346.7	-999.9
Bobo-Dioulasso	2012	3	23	83	22.2	38.0	25.9	-999.9	0.0	2.2	96369.4	-999.9
Bobo-Dioulasso	2012	3	24	84	21.3	37.9	25.5	-999.9	0.0	1.8	96347.9	-999.9
Bobo-Dioulasso	2012	3	25	85	23.7	38.0	24.4	-999.9	0.0	2.2	96336.8	-999.9
Bobo-Dioulasso	2012	3	26	86	26.5	37.9	23.5	-999.9	4.7	2.5	96375.4	-999.9
Bobo-Dioulasso	2012	3	27	87	26.4	37.1	22.2	-999.9	0.0	2.0	96424.4	-999.9
Bobo-Dioulasso	2012	3	28	88	25.7	37.6	23.7	-999.9	0.0	1.8	96422.2	-999.9
Bobo-Dioulasso	2012	3	29	89	27.4	37.5	24.9	-999.9	0.0	2.2	96536.3	-999.9
Bobo-Dioulasso	2012	3	30	90	25.7	39.2	25.3	-999.9	0.0	1.9	96504.4	-999.9
Bobo-Dioulasso	2012	3	31	91	28.0	38.2	24.4	-999.9	0.0	2.6	96489.7	-999.9
Bobo-Dioulasso	2012	4	1	92	26.4	37.6	23.2	-999.9	4.6	2.8	96461.0	-999.9
Bobo-Dioulasso	2012	4	2	93	25.9	36.8	21.1	-999.9	4.6	2.5	96518.7	-999.9
Bobo-Dioulasso	2012	4	3	94	25.0	35.7	22.2	-999.9	0.0	2.0	96519.7	-999.9
Bobo-Dioulasso	2012	4	4	95	24.8	34.8	20.0	-999.9	4.6	1.9	96532.7	-999.9
Bobo-Dioulasso	2012	4	5	96	25.1	34.8	19.4	-999.9	4.6	1.7	96551.9	-999.9
Bobo-Dioulasso	2012	4	6	97	25.0	37.2	24.3	-999.9	0.0	1.6	96438.9	-999.9
Bobo-Dioulasso	2012	4	7	98	24.4	39.5	25.7	-999.9	0.0	2.4	96280.8	-999.9
Bobo-Dioulasso	2012	4	8	99	26.6	36.8	23.9	-999.9	0.0	2.2	96283.7	-999.9
Bobo-Dioulasso	2012	4	9	100	24.0	34.4	19.6	-999.9	22.9	2.3	96339.4	-999.9
Bobo-Dioulasso	2012	4	10	101	25.1	36.9	24.7	-999.9	0.0	2.6	96316.3	-999.9
Bobo-Dioulasso	2012	4	11	102	26.3	37.3	24.5	-999.9	0.0	2.6	96421.5	-999.9
Bobo-Dioulasso	2012	4	12	103	25.2	37.3	24.2	-999.9	1.9	2.5	96430.3	-999.9
Bobo-Dioulasso	2012	4	13	104	23.7	29.5	13.8	-999.9	1.9	2.0	96721.2	-999.9
Bobo-Dioulasso	2012	4	14	105	24.3	35.2	25.2	-999.9	0.0	2.3	96581.3	-999.9
Bobo-Dioulasso	2012	4	15	106	22.6	36.0	25.9	-999.9	0.0	1.8	96426.9	-999.9
Bobo-Dioulasso	2012	4	16	107	20.8	36.3	25.1	-999.9	0.0	2.0	96404.3	-999.9
Bobo-Dioulasso	2012	4	17	108	25.2	36.6	24.8	-999.9	0.0	2.4	96532.3	-999.9
Bobo-Dioulasso	2012	4	18	109	25.3	36.1	23.3	-999.9	0.0	2.2	96585.7	-999.9
Bobo-Dioulasso	2012	4	19	110	24.2	34.2	22.5	-999.9	0.0	1.9	96569.8	-999.9
Bobo-Dioulasso	2012	4	20	111	25.0	34.4	21.9	-999.9	0.0	1.9	96708.4	-999.9
Bobo-Dioulasso	2012	4	21	112	24.6	36.9	24.1	-999.9	0.0	1.7	96679.5	-999.9
Bobo-Dioulasso	2012	4	22	113	24.5	39.2	25.9	-999.9	0.0	2.3	96571.8	-999.9
Bobo-Dioulasso	2012	4	23	114	26.4	38.3	24.7	-999.9	0.0	2.8	96526.7	-999.9
Bobo-Dioulasso	2012	4	24	115	26.8	38.2	24.4	-999.9	0.0	2.4	96444.7	-999.9
Bobo-Dioulasso	2012	4	25	116	25.1	36.3	22.3	-999.9	4.8	2.9	96559.2	-999.9
Bobo-Dioulasso	2012	4	26	117	25.3	36.3	23.8	-999.9	0.0	2.3	96645.7	-999.9
Bobo-Dioulasso	2012	4	27	118	26.5	37.4	24.4	-999.9	0.0	2.4	96485.7	-999.9
Bobo-Dioulasso	2012	4	28	119	26.5	36.9	24.1	-999.9	8.0	2.4	96449.1	-999.9
Bobo-Dioulasso	2012	4	29	120	26.8	36.8	23.9	-999.9	12.0	2.4	96458.9	-999.9
Bobo-Dioulasso	2012	4	30	121	25.1	36.2	23.0	-999.9	0.0	1.7	96501.8	-999.9
Bobo-Dioulasso	2012	5	1	122	25.2	36.7	24.6	-999.9	3.5	2.6	96503.5	-999.9
Bobo-Dioulasso	2012	5	2	123	24.1	35.5	23.6	-999.9	10.5	2.7	96589.1	-999.9
Bobo-Dioulasso	2012	5	3	124	25.5	35.8	24.2	-999.9	0.0	2.9	96549.8	-999.9
Bobo-Dioulasso	2012	5	4	125	25.7	35.9	24.4	-999.9	3.5	3.0	96584.1	-999.9
Bobo-Dioulasso	2012	5	5	126	25.2	35.6	24.7	-999.9	0.0	2.3	96591.8	-999.9
Bobo-Dioulasso	2012	5	6	127	25.9	36.8	24.6	-999.9	0.0	2.3	96526.1	-999.9
Bobo-Dioulasso	2012	5	7	128	26.2	37.0	24.5	-999.9	0.0	2.3	96535.9	-999.9
Bobo-Dioulasso	2012	5	8	129	26.3	37.4	25.1	-999.9	0.0	2.7	96425.2	-999.9
Bobo-Dioulasso	2012	5	9	130	25.9	37.0	25.2	-999.9	5.4	2.9	96406.8	-999.9
Bobo-Dioulasso	2012	5	10	131	25.7	35.8	24.8	-999.9	0.0	2.7	96534.5	-999.9
Bobo-Dioulasso	2012	5	11	132	24.3	34.8	24.5	-999.9	35.2	2.4	96669.1	-999.9
Bobo-Dioulasso	2012	5	12	133	23.9	34.2	23.3	-999.9	0.0	2.7	96638.6	-999.9
Bobo-Dioulasso	2012	5	13	134	24.2	35.5	24.5	-999.9	0.0	2.6	96493.8	-999.9
Bobo-Dioulasso	2012	5	14	135	23.3	30.9	19.8	-999.9	0.0	2.0	96659.4	-999.9
Bobo-Dioulasso	2012	5	15	136	22.2	30.3	20.5	-999.9	11.7	1.6	96781.9	-999.9
Bobo-Dioulasso	2012	5	16	137	23.2	30.2	20.8	-999.9	0.0	1.4	96805.8	-999.9
Bobo-Dioulasso	2012	5	17	138	24.8	32.0	22.5	-999.9	0.0	2.0	96712.9	-999.9
Bobo-Dioulasso	2012	5	18	139	24.5	34.1	24.0	-999.9	0.0	2.6	96544.3	-999.9
Bobo-Dioulasso	2012	5	19	140	25.0	32.9	19.9	-999.9	17.6	2.6	96573.6	-999.9
Bobo-Dioulasso	2012	5	20	141	23.4	32.7	23.4	-999.9	0.0	2.1	96665.1	-999.9
Bobo-Dioulasso	2012	5	21	142	23.6	33.6	24.7	-999.9	0.0	2.4	96745.6	-999.9
Bobo-Dioulasso	2012	5	22	143	23.7	34.1	24.5	-999.9	0.0	1.9	96711.0	-999.9
Bobo-Dioulasso	2012	5	23	144	23.7	33.8	23.8	-999.9	0.0	1.9	96707.4	-999.9
Bobo-Dioulasso	2012	5	24	145	22.9	34.3	23.1	-999.9	8.3	2.6	96708.0	-999.9
Bobo-Dioulasso	2012	5	25	146	24.1	33.0	22.6	-999.9	4.2	2.6	96787.7	-999.9
Bobo-Dioulasso	2012	5	26	147	23.8	33.2	24.0	-999.9	0.0	2.8	96778.2	-999.9
Bobo-Dioulasso	2012	5	27	148	23.7	34.4	25.2	-999.9	0.0	2.7	96709.9	-999.9
Bobo-Dioulasso	2012	5	28	149	24.6	34.2	23.9	-999.9	11.4	2.6	96699.4	-999.9
Bobo-Dioulasso	2012	5	29	150	23.1	30.8	19.0	-999.9	5.7	2.5	96793.0	-999.9
Bobo-Dioulasso	2012	5	30	151	24.1	32.9	22.8	-999.9	11.4	1.9	96812.4	-999.9
Bobo-Dioulasso	2012	5	31	152	22.9	28.6	13.7	-999.9	0.0	2.1	96943.5	-999.9
Bobo-Dioulasso	2012	6	1	153	22.4	31.4	22.6	-999.9	0.0	1.6	96930.1	-999.9
Bobo-Dioulasso	2012	6	2	154	23.7	33.4	23.9	-999.9	0.0	1.8	96824.6	-999.9
Bobo-Dioulasso	2012	6	3	155	24.3	30.7	19.8	-999.9	4.7	2.3	96866.4	-999.9
Bobo-Dioulasso	2012	6	4	156	23.9	34.1	24.8	-999.9	0.0	1.9	96898.0	-999.9
Bobo-Dioulasso	2012	6	5	157	24.6	35.6	24.7	-999.9	9.3	2.4	96840.5	-999.9
Bobo-Dioulasso	2012	6	6	158	24.2	32.7	21.3	-999.9	5.7	2.8	96806.0	-999.9
Bobo-Dioulasso	2012	6	7	159	22.9	32.9	24.1	-999.9	0.0	2.3	96867.4	-999.9
Bobo-Dioulasso	2012	6	8	160	23.0	33.2	23.4	-999.9	8.5	1.7	96857.8	-999.9
Bobo-Dioulasso	2012	6	9	161	24.2	33.8	24.0	-999.9	0.0	1.5	96797.8	-999.9
Bobo-Dioulasso	2012	6	10	162	25.3	35.0	24.0	-999.9	5.7	2.1	96578.5	-999.9
Bobo-Dioulasso	2012	6	11	163	23.9	33.0	22.2	-999.9	0.0	2.7	96599.7	-999.9
Bobo-Dioulasso	2012	6	12	164	23.7	30.4	17.8	-999.9	21.5	2.2	96714.1	-999.9
Bobo-Dioulasso	2012	6	13	165	23.0	30.4	19.9	-999.9	0.0	2.1	96772.3	-999.9
Bobo-Dioulasso	2012	6	14	166	23.3	31.1	23.0	-999.9	7.2	1.8	96731.2	-999.9
Bobo-Dioulasso	2012	6	15	167	24.2	33.2	23.7	-999.9	0.0	1.8	96698.5	-999.9
Bobo-Dioulasso	2012	6	16	168	23.2	31.1	19.5	-999.9	7.7	3.0	96700.0	-999.9
Bobo-Dioulasso	2012	6	17	169	23.2	31.0	18.8	-999.9	0.0	2.3	96812.8	-999.9
Bobo-Dioulasso	2012	6	18	170	22.4	30.0	21.2	-999.9	0.0	1.9	96906.7	-999.9
Bobo-Dioulasso	2012	6	19	171	22.5	30.4	22.3	-999.9	0.0	1.8	96929.5	-999.9
Bobo-Dioulasso	2012	6	20	172	23.0	31.7	24.0	-999.9	0.0	2.2	96847.4	-999.9
Bobo-Dioulasso	2012	6	21	173	23.8	31.5	23.3	-999.9	11.9	2.5	96702.5	-999.9
Bobo-Dioulasso	2012	6	22	174	22.7	31.3	21.1	-999.9	6.0	2.8	96742.9	-999.9
Bobo-Dioulasso	2012	6	23	175	22.7	30.0	16.0	-999.9	0.0	2.7	96997.8	-999.9
Bobo-Dioulasso	2012	6	24	176	22.9	31.3	22.3	-999.9	6.0	2.1	96939.1	-999.9
Bobo-Dioulasso	2012	6	25	177	22.8	30.0	18.7	-999.9	6.0	1.7	96788.2	-999.9
Bobo-Dioulasso	2012	6	26	178	22.4	30.7	23.0	-999.9	0.0	2.0	96915.9	-999.9
Bobo-Dioulasso	2012	6	27	179	23.4	32.0	22.4	-999.9	0.0	2.0	96947.9	-999.9
Bobo-Dioulasso	2012	6	28	180	23.0	30.9	16.8	-999.9	13.6	1.9	96818.6	-999.9
Bobo-Dioulasso	2012	6	29	181	22.5	28.0	14.5	-999.9	0.0	2.3	96806.2	-999.9
Bobo-Dioulasso	2012	6	30	182	21.6	30.9	21.6	-999.9	0.0	2.3	96781.9	-999.9
Bobo-Dioulasso	2012	7	1	183	22.9	31.0	21.9	-999.9	0.0	1.9	96706.8	-999.9
Bobo-Dioulasso	2012	7	2	184	22.3	31.0	21.2	-999.9	22.3	1.5	96680.4	-999.9
Bobo-Dioulasso	2012	7	3	185	22.3	29.2	18.5	-999.9	22.3	1.9	96770.2	-999.9
Bobo-Dioulasso	2012	7	4	186	21.8	28.4	17.1	-999.9	11.1	1.6	96663.9	-999.9
Bobo-Dioulasso	2012	7	5	187	21.8	27.6	15.0	-999.9	11.1	1.9	96676.2	-999.9
Bobo-Dioulasso	2012	7	6	188	21.7	28.4	17.8	-999.9	0.0	2.5	96802.5	-999.9
Bobo-Dioulasso	2012	7	7	189	22.1	29.7	22.6	-999.9	0.0	1.8	96853.0	-999.9
Bobo-Dioulasso	2012	7	8	190	22.4	29.8	21.3	-999.9	0.0	1.6	96773.8	-999.9
Bobo-Dioulasso	2012	7	9	191	21.9	28.9	17.1	-999.9	15.2	2.3	96673.5	-999.9
Bobo-Dioulasso	2012	7	10	192	22.4	30.4	21.6	-999.9	0.0	2.1	96671.2	-999.9
Bobo-Dioulasso	2012	7	11	193	22.5	30.0	21.0	-999.9	0.0	1.7	96767.8	-999.9
Bobo-Dioulasso	2012	7	12	194	22.6	29.0	17.2	-999.9	23.7	1.9	96805.6	-999.9
Bobo-Dioulasso	2012	7	13	195	22.3	29.5	20.3	-999.9	11.8	1.4	96812.5	-999.9
Bobo-Dioulasso	2012	7	14	196	22.8	31.3	23.1	-999.9	11.8	1.8	96708.0	-999.9
Bobo-Dioulasso	2012	7	15	197	22.3	29.2	17.3	-999.9	47.4	2.4	96700.2	-999.9
Bobo-Dioulasso	2012	7	16	198	21.2	28.1	14.9	-999.9	0.0	1.6	96825.0	-999.9
Bobo-Dioulasso	2012	7	17	199	21.5	28.5	17.5	-999.9	0.0	2.2	97034.4	-999.9
Bobo-Dioulasso	2012	7	18	200	23.3	29.4	19.6	-999.9	0.0	1.9	96954.8	-999.9
Bobo-Dioulasso	2012	7	19	201	22.4	27.1	11.9	-999.9	46.5	1.9	96815.6	-999.9
Bobo-Dioulasso	2012	7	20	202	22.0	28.4	19.3	-999.9	0.0	2.3	96937.6	-999.9
Bobo-Dioulasso	2012	7	21	203	21.8	28.4	18.9	-999.9	0.0	1.7	97109.1	-999.9
Bobo-Dioulasso	2012	7	22	204	22.1	26.1	9.7	-999.9	34.5	1.4	97036.6	-999.9
Bobo-Dioulasso	2012	7	23	205	21.6	29.0	20.7	-999.9	0.0	2.0	96902.8	-999.9
Bobo-Dioulasso	2012	7	24	206	22.2	28.8	19.5	-999.9	0.0	2.3	96878.9	-999.9
Bobo-Dioulasso	2012	7	25	207	22.1	27.3	14.3	-999.9	46.1	1.6	96896.1	-999.9
Bobo-Dioulasso	2012	7	26	208	22.2	29.1	21.5	-999.9	0.0	1.4	96928.8	-999.9
Bobo-Dioulasso	2012	7	27	209	21.6	29.0	19.2	-999.9	28.2	1.3	96859.0	-999.9
Bobo-Dioulasso	2012	7	28	210	22.1	28.7	18.5	-999.9	0.0	1.9	96736.5	-999.9
Bobo-Dioulasso	2012	7	29	211	22.2	28.8	19.9	-999.9	18.8	1.5	96722.5	-999.9
Bobo-Dioulasso	2012	7	30	212	21.8	28.8	21.5	-999.9	0.0	1.6	96839.5	-999.9
Bobo-Dioulasso	2012	7	31	213	22.5	29.8	22.6	-999.9	9.4	1.6	96853.9	-999.9
Bobo-Dioulasso	2012	8	1	214	22.6	28.7	17.0	-999.9	0.0	1.9	96767.0	-999.9
Bobo-Dioulasso	2012	8	2	215	21.6	28.5	19.7	-999.9	0.0	1.9	96836.0	-999.9
Bobo-Dioulasso	2012	8	3	216	22.2	29.3	21.4	-999.9	0.0	1.7	96876.8	-999.9
Bobo-Dioulasso	2012	8	4	217	22.2	28.5	15.5	-999.9	38.5	1.4	96832.2	-999.9
Bobo-Dioulasso	2012	8	5	218	22.2	28.5	19.0	-999.9	0.0	2.0	96913.4	-999.9
Bobo-Dioulasso	2012	8	6	219	21.9	28.7	18.3	-999.9	0.0	2.3	96968.5	-999.9
Bobo-Dioulasso	2012	8	7	220	22.3	27.9	13.8	-999.9	27.0	1.8	96806.2	-999.9
Bobo-Dioulasso	2012	8	8	221	21.7	24.4	9.4	-999.9	40.6	2.6	96704.5	-999.9
Bobo-Dioulasso	2012	8	9	222	21.8	27.5	16.1	-999.9	0.0	2.2	96852.2	-999.9
Bobo-Dioulasso	2012	8	10	223	20.9	28.7	22.0	-999.9	0.0	1.5	96920.8	-999.9
Bobo-Dioulasso	2012	8	11	224	21.3	28.1	16.7	-999.9	10.1	1.9	96883.1	-999.9
Bobo-Dioulasso	2012	8	12	225	21.4	27.3	13.9	-999.9	10.1	2.1	96925.9	-999.9
Bobo-Dioulasso	2012	8	13	226	21.4	27.1	17.6	-999.9	0.0	2.4	96968.6	-999.9
Bobo-Dioulasso	2012	8	14	227	21.5	28.8	21.0	-999.9	10.1	2.0	96853.5	-999.9
Bobo-Dioulasso	2012	8	15	228	21.9	25.0	8.9	-999.9	30.3	1.9	96836.4	-999.9
Bobo-Dioulasso	2012	8	16	229	21.5	27.0	16.3	-999.9	0.0	2.3	96988.3	-999.9
Bobo-Dioulasso	2012	8	17	230	21.1	28.6	21.2	-999.9	0.0	1.7	96860.7	-999.9
Bobo-Dioulasso	2012	8	18	231	22.2	29.5	22.2	-999.9	0.0	2.2	96640.7	-999.9
Bobo-Dioulasso	2012	8	19	232	21.7	26.2	11.7	-999.9	21.2	2.4	96762.8	-999.9
Bobo-Dioulasso	2012	8	20	233	21.4	27.6	18.9	-999.9	0.0	2.2	96951.1	-999.9
Bobo-Dioulasso	2012	8	21	234	21.2	29.3	22.0	-999.9	5.5	1.6	96925.1	-999.9
Bobo-Dioulasso	2012	8	22	235	21.6	26.5	14.5	-999.9	5.5	1.5	96863.3	-999.9
Bobo-Dioulasso	2012	8	23	236	21.3	28.6	20.5	-999.9	0.0	1.7	96770.9	-999.9
Bobo-Dioulasso	2012	8	24	237	21.3	27.7	18.4	-999.9	0.0	2.1	96864.3	-999.9
Bobo-Dioulasso	2012	8	25	238	21.5	27.6	16.8	-999.9	11.1	1.7	97024.0	-999.9
Bobo-Dioulasso	2012	8	26	239	21.7	28.5	19.4	-999.9	0.0	1.5	97019.7	-999.9
Bobo-Dioulasso	2012	8	27	240	21.2	30.3	22.9	-999.9	6.2	1.8	96952.2	-999.9
Bobo-Dioulasso	2012	8	28	241	22.3	30.4	23.5	-999.9	0.0	1.7	96839.0	-999.9
Bobo-Dioulasso	2012	8	29	242	21.8	28.8	17.0	-999.9	0.0	1.5	96852.4	-999.9
Bobo-Dioulasso	2012	8	30	243	22.3	27.9	19.2	-999.9	0.0	2.2	96893.2	-999.9
Bobo-Dioulasso	2012	8	31	244	22.3	28.3	19.8	-999.9	6.2	1.9	96937.3	-999.9
Bobo-Dioulasso	2012	9	1	245	21.6	28.1	20.0	-999.9	0.0	2.1	96980.0	-999.9
Bobo-Dioulasso	2012	9	2	246	21.5	28.4	20.5	-999.9	7.7	1.9	97014.8	-999.9
Bobo-Dioulasso	2012	9	3	247	21.7	27.5	16.1	-999.9	0.0	1.2	96987.3	-999.9
Bobo-Dioulasso	2012	9	4	248	21.2	28.6	20.2	-999.9	7.7	1.2	96937.3	-999.9
Bobo-Dioulasso	2012	9	5	249	21.8	28.2	18.3	-999.9	15.3	1.8	96889.8	-999.9
Bobo-Dioulasso	2012	9	6	250	21.8	24.5	8.5	-999.9	0.0	2.1	96968.1	-999.9
Bobo-Dioulasso	2012	9	7	251	21.1	28.2	17.7	-999.9	0.0	1.7	97050.0	-999.9
Bobo-Dioulasso	2012	9	8	252	21.8	29.9	23.7	-999.9	9.2	1.7	96924.7	-999.9
Bobo-Dioulasso	2012	9	9	253	21.6	28.6	20.2	-999.9	9.2	1.8	96907.9	-999.9
Bobo-Dioulasso	2012	9	10	254	21.8	29.9	23.0	-999.9	9.2	1.3	96919.4	-999.9
Bobo-Dioulasso	2012	9	11	255	21.6	29.8	22.7	-999.9	0.0	1.0	96862.8	-999.9
Bobo-Dioulasso	2012	9	12	256	22.4	29.0	18.0	-999.9	7.8	1.8	96890.6	-999.9
Bobo-Dioulasso	2012	9	13	257	22.2	27.9	14.0	-999.9	0.0	2.2	96909.1	-999.9
Bobo-Dioulasso	2012	9	14	258	20.9	29.7	23.5	-999.9	0.0	1.4	96872.0	-999.9
Bobo-Dioulasso	2012	9	15	259	22.0	29.9	21.7	-999.9	3.9	1.4	96786.0	-999.9
Bobo-Dioulasso	2012	9	16	260	21.6	27.3	17.3	-999.9	21.6	1.7	96790.6	-999.9
Bobo-Dioulasso	2012	9	17	261	22.1	28.4	19.4	-999.9	7.2	1.9	96847.2	-999.9
Bobo-Dioulasso	2012	9	18	262	21.7	27.3	16.3	-999.9	0.0	1.5	96898.9	-999.9
Bobo-Dioulasso	2012	9	19	263	21.6	27.7	19.0	-999.9	7.2	1.8	96818.5	-999.9
Bobo-Dioulasso	2012	9	20	264	21.5	27.9	17.8	-999.9	0.0	1.0	96748.5	-999.9
Bobo-Dioulasso	2012	9	21	265	21.5	27.6	18.3	-999.9	11.7	1.7	96854.0	-999.9
Bobo-Dioulasso	2012	9	22	266	21.8	28.6	20.5	-999.9	0.0	1.4	96887.0	-999.9
Bobo-Dioulasso	2012	9	23	267	21.6	27.8	14.2	-999.9	0.0	1.2	96958.1	-999.9
Bobo-Dioulasso	2012	9	24	268	21.4	29.3	21.3	-999.9	11.7	1.0	96874.0	-999.9
Bobo-Dioulasso	2012	9	25	269	21.6	29.9	22.5	-999.9	0.0	1.2	96753.8	-999.9
Bobo-Dioulasso	2012	9	26	270	22.3	30.6	23.8	-999.9	5.2	1.4	96752.5	-999.9
Bobo-Dioulasso	2012	9	27	271	22.0	29.3	21.9	-999.9	0.0	2.0	96861.6	-999.9
Bobo-Dioulasso	2012	9	28	272	21.8	28.9	20.4	-999.9	0.0	1.7	97036.5	-999.9
Bobo-Dioulasso	2012	9	29	273	21.2	30.3	23.8	-999.9	0.0	1.6	96955.7	-999.9
Bobo-Dioulasso	2012	9	30	274	22.4	30.9	23.2	-999.9	0.0	1.9	96728.5	-999.9
Bobo-Dioulasso	2012	10	1	275	22.7	29.8	21.1	-999.9	2.7	1.7	96759.8	-999.9
Bobo-Dioulasso	2012	10	2	276	22.2	28.7	18.7	-999.9	2.7	1.7	96907.8	-999.9
Bobo-Dioulasso	2012	10	3	277	22.3	29.6	21.0	-999.9	0.0	1.1	96914.0	-999.9
Bobo-Dioulasso	2012	10	4	278	22.2	30.5	22.1	-999.9	2.7	1.6	96790.9	-999.9
Bobo-Dioulasso	2012	10	5	279	22.9	30.5	21.8	-999.9	5.5	1.7	96678.9	-999.9
Bobo-Dioulasso	2012	10	6	280	23.4	31.3	22.6	-999.9	0.0	1.3	96679.8	-999.9
Bobo-Dioulasso	2012	10	7	281	22.5	29.4	17.7	-999.9	3.3	2.0	96702.5	-999.9
Bobo-Dioulasso	2012	10	8	282	23.0	28.9	18.5	-999.9	1.7	1.7	96760.1	-999.9
Bobo-Dioulasso	2012	10	9	283	21.5	28.6	19.5	-999.9	0.0	1.5	96829.1	-999.9
Bobo-Dioulasso	2012	10	10	284	21.8	30.3	22.4	-999.9	0.0	1.2	96756.0	-999.9
Bobo-Dioulasso	2012	10	11	285	22.6	31.5	23.0	-999.9	0.0	1.8	96699.1	-999.9
Bobo-Dioulasso	2012	10	12	286	23.6	30.4	21.3	-999.9	0.0	2.5	96745.6	-999.9
Bobo-Dioulasso	2012	10	13	287	23.3	30.8	22.3	-999.9	2.7	1.9	96705.2	-999.9
Bobo-Dioulasso	2012	10	14	288	22.7	31.0	22.1	-999.9	0.0	1.7	96629.4	-999.9
Bobo-Dioulasso	2012	10	15	289	22.3	31.0	21.7	-999.9	1.4	1.3	96608.2	-999.9
Bobo-Dioulasso	2012	10	16	290	22.8	30.8	21.2	-999.9	0.0	1.9	96693.1	-999.9
Bobo-Dioulasso	2012	10	17	291	22.3	28.6	15.9	-999.9	4.8	1.6	96835.3	-999.9
Bobo-Dioulasso	2012	10	18	292	22.6	30.8	21.8	-999.9	0.0	1.2	96652.6	-999.9
Bobo-Dioulasso	2012	10	19	293	23.4	31.9	21.5	-999.9	4.8	1.8	96554.7	-999.9
Bobo-Dioulasso	2012	10	20	294	22.5	31.2	20.9	-999.9	0.0	1.8	96560.4	-999.9
Bobo-Dioulasso	2012	10	21	295	22.7	32.2	21.7	-999.9	1.9	1.3	96501.8	-999.9
Bobo-Dioulasso	2012	10	22	296	23.4	31.3	20.9	-999.9	1.9	1.7	96622.9	-999.9
Bobo-Dioulasso	2012	10	23	297	22.6	31.5	21.2	-999.9	1.9	1.6	96741.1	-999.9
Bobo-Dioulasso	2012	10	24	298	23.0	31.8	20.5	-999.9	1.9	1.5	96697.2	-999.9
Bobo-Dioulasso	2012	10	25	299	22.6	31.4	20.5	-999.9	0.0	1.6	96639.0	-999.9
Bobo-Dioulasso	2012	10	26	300	22.8	31.6	19.8	-999.9	3.9	1.4	96667.1	-999.9
Bobo-Dioulasso	2012	10	27	301	22.4	30.0	17.6	-999.9	3.9	1.2	96705.8	-999.9
Bobo-Dioulasso	2012	10	28	302	22.0	29.9	19.4	-999.9	3.9	1.3	96796.2	-999.9
Bobo-Dioulasso	2012	10	29	303	22.8	30.1	19.2	-999.9	3.9	1.6	96840.4	-999.9
Bobo-Dioulasso	2012	10	30	304	23.2	31.3	20.1	-999.9	0.0	1.3	96705.5	-999.9
Bobo-Dioulasso	2012	10	31	305	23.9	31.9	21.6	-999.9	3.9	1.6	96666.5	-999.9
Bobo-Dioulasso	2012	11	1	306	22.6	32.9	21.3	-999.9	0.0	1.6	96679.6	-999.9
Bobo-Dioulasso	2012	11	2	307	20.6	33.8	22.7	-999.9	0.0	2.0	96585.9	-999.9
Bobo-Dioulasso	2012	11	3	308	21.5	31.7	20.3	-999.9	0.0	1.9	96638.4	-999.9
Bobo-Dioulasso	2012	11	4	309	23.5	32.1	20.0	-999.9	0.0	1.7	96683.4	-999.9
Bobo-Dioulasso	2012	11	5	310	23.3	32.2	20.2	-999.9	0.0	1.5	96645.0	-999.9
Bobo-Dioulasso	2012	11	6	311	23.3	32.2	19.9	-999.9	0.0	1.6	96672.3	-999.9
Bobo-Dioulasso	2012	11	7	312	23.5	30.5	18.4	-999.9	10.8	1.2	96735.3	-999.9
Bobo-Dioulasso	2012	11	8	313	22.8	31.2	19.1	-999.9	0.0	1.2	96650.1	-999.9
Bobo-Dioulasso	2012	11	9	314	22.1	31.5	20.1	-999.9	0.0	1.6	96578.4	-999.9
Bobo-Dioulasso	2012	11	10	315	21.5	31.8	19.2	-999.9	0.0	1.7	96565.9	-999.9
Bobo-Dioulasso	2012	11	11	316	21.9	32.3	19.7	-999.9	0.0	1.7	96634.5	-999.9
Bobo-Dioulasso	2012	11	12	317	20.8	32.3	21.0	-999.9	0.0	1.3	96640.9	-999.9
Bobo-Dioulasso	2012	11	13	318	21.6	32.8	19.8	-999.9	0.0	1.4	96690.2	-999.9
Bobo-Dioulasso	2012	11	14	319	23.5	32.0	18.0	-999.9	0.0	1.5	96630.9	-999.9
Bobo-Dioulasso	2012	11	15	320	23.8	32.5	19.2	-999.9	0.0	1.5	96621.4	-999.9
Bobo-Dioulasso	2012	11	16	321	23.7	33.9	18.4	-999.9	0.0	1.6	96588.6	-999.9
Bobo-Dioulasso	2012	11	17	322	23.1	34.6	20.4	-999.9	0.0	1.6	96604.2	-999.9
Bobo-Dioulasso	2012	11	18	323	21.7	33.4	20.9	-999.9	0.0	1.5	96638.8	-999.9
Bobo-Dioulasso	2012	11	19	324	22.9	33.5	20.1	-999.9	0.0	1.8	96667.3	-999.9
Bobo-Dioulasso	2012	11	20	325	21.8	34.2	20.7	-999.9	0.0	1.8	96678.1	-999.9
Bobo-Dioulasso	2012	11	21	326	22.2	34.2	20.6	-999.9	0.0	1.9	96644.4	-999.9
Bobo-Dioulasso	2012	11	22	327	21.2	33.8	20.4	-999.9	0.0	1.5	96555.7	-999.9
Bobo-Dioulasso	2012	11	23	328	21.5	33.8	19.8	-999.9	0.0	1.5	96528.0	-999.9
Bobo-Dioulasso	2012	11	24	329	21.7	34.2	20.7	-999.9	0.0	1.9	96610.0	-999.9
Bobo-Dioulasso	2012	11	25	330	21.3	33.5	20.2	-999.9	0.0	1.9	96676.1	-999.9
Bobo-Dioulasso	2012	11	26	331	21.3	32.9	20.4	-999.9	0.0	1.8	96784.4	-999.9
Bobo-Dioulasso	2012	11	27	332	20.7	33.2	20.8	-999.9	0.0	2.0	96755.5	-999.9
Bobo-Dioulasso	2012	11	28	333	20.2	34.1	20.8	-999.9	0.0	2.2	96658.4	-999.9
Bobo-Dioulasso	2012	11	29	334	21.1	34.2	20.7	-999.9	0.0	1.6	96546.2	-999.9
Bobo-Dioulasso	2012	11	30	335	21.1	33.8	20.5	-999.9	0.0	1.5	96386.5	-999.9
Bobo-Dioulasso	2012	12	1	336	24.5	32.1	17.7	-999.9	0.0	2.1	96474.0	-999.9
Bobo-Dioulasso	2012	12	2	337	23.0	31.8	16.4	-999.9	0.8	2.0	96698.3	-999.9
Bobo-Dioulasso	2012	12	3	338	23.2	32.1	18.1	-999.9	0.0	2.3	96838.3	-999.9
Bobo-Dioulasso	2012	12	4	339	21.8	30.5	18.5	-999.9	0.0	2.8	96829.3	-999.9
Bobo-Dioulasso	2012	12	5	340	19.5	31.2	20.5	-999.9	0.0	2.3	96685.6	-999.9
Bobo-Dioulasso	2012	12	6	341	19.2	31.5	20.7	-999.9	0.0	2.3	96749.4	-999.9
Bobo-Dioulasso	2012	12	7	342	18.1	32.1	21.0	-999.9	0.0	2.2	96803.1	-999.9
Bobo-Dioulasso	2012	12	8	343	19.2	33.3	20.5	-999.9	0.0	2.1	96817.3	-999.9
Bobo-Dioulasso	2012	12	9	344	19.3	33.2	20.4	-999.9	0.0	2.2	96759.4	-999.9
Bobo-Dioulasso	2012	12	10	345	20.0	33.8	20.6	-999.9	0.0	2.1	96645.0	-999.9
Bobo-Dioulasso	2012	12	11	346	19.4	33.7	20.6	-999.9	0.0	2.0	96579.2	-999.9
Bobo-Dioulasso	2012	12	12	347	19.2	33.4	20.4	-999.9	0.0	1.9	96536.6	-999.9
Bobo-Dioulasso	2012	12	13	348	20.8	33.4	19.9	-999.9	0.0	2.0	96565.2	-999.9
Bobo-Dioulasso	2012	12	14	349	22.0	33.1	19.9	-999.9	0.0	2.3	96621.3	-999.9
Bobo-Dioulasso	2012	12	15	350	21.2	33.3	19.3	-999.9	0.0	3.0	96723.4	-999.9
Bobo-Dioulasso	2012	12	16	351	20.1	32.3	20.0	-999.9	0.0	2.8	96713.4	-999.9
Bobo-Dioulasso	2012	12	17	352	19.0	32.7	20.2	-999.9	0.0	2.4	96633.7	-999.9
Bobo-Dioulasso	2012	12	18	353	19.0	32.5	19.8	-999.9	0.0	2.4	96678.9	-999.9
Bobo-Dioulasso	2012	12	19	354	19.3	31.0	18.2	-999.9	0.1	2.5	96778.3	-999.9
Bobo-Dioulasso	2012	12	20	355	18.0	30.7	20.2	-999.9	0.1	2.4	96753.9	-999.9
Bobo-Dioulasso	2012	12	21	356	18.4	31.4	20.5	-999.9	0.0	2.0	96706.1	-999.9
Bobo-Dioulasso	2012	12	22	357	17.6	32.6	20.3	-999.9	0.0	2.1	96774.1	-999.9
Bobo-Dioulasso	2012	12	23	358	19.2	32.9	20.6	-999.9	0.0	2.3	96783.9	-999.9
Bobo-Dioulasso	2012	12	24	359	18.5	32.9	20.7	-999.9	0.0	2.1	96752.9	-999.9
Bobo-Dioulasso	2012	12	25	360	18.3	33.0	20.7	-999.9	0.0	1.9	96770.8	-999.9
Bobo-Dioulasso	2012	12	26	361	18.1	33.1	20.7	-999.9	0.0	2.0	96831.3	-999.9
Bobo-Dioulasso	2012	12	27	362	18.7	32.5	20.8	-999.9	0.0	2.2	96814.2	-999.9
Bobo-Dioulasso	2012	12	28	363	18.1	31.9	20.7	-999.9	0.0	2.3	96801.3	-999.9
Bobo-Dioulasso	2012	12	29	364	17.2	31.2	20.9	-999.9	0.0	2.3	96804.7	-999.9
Bobo-Dioulasso	2012	12	30	365	17.5	30.0	20.9	-999.9	0.0	2.7	96890.0	-999.9
Bobo-Dioulasso	2012	12	31	366	17.2	30.1	21.0	-999.9	0.0	2.9	96869.2	-999.9
