Bobo-Dioulasso	2000	1	1	1	19.9	31.0	16.2	-999.9	0.0	1.6	96395.1	-999.9
Bobo-Dioulasso	2000	1	2	2	22.3	29.3	14.5	-999.9	0.0	2.3	96487.7	-999.9
Bobo-Dioulasso	2000	1	3	3	20.8	28.0	15.9	-999.9	0.0	2.6	96570.5	-999.9
Bobo-Dioulasso	2000	1	4	4	19.9	30.3	18.0	-999.9	0.0	2.5	96515.3	-999.9
Bobo-Dioulasso	2000	1	5	5	20.0	31.0	20.2	-999.9	0.0	2.5	96501.0	-999.9
Bobo-Dioulasso	2000	1	6	6	18.7	31.4	20.0	-999.9	0.0	1.9	96493.3	-999.9
Bobo-Dioulasso	2000	1	7	7	19.3	32.3	20.4	-999.9	0.0	1.9	96512.3	-999.9
Bobo-Dioulasso	2000	1	8	8	18.9	33.0	20.4	-999.9	0.0	1.8	96503.1	-999.9
Bobo-Dioulasso	2000	1	9	9	19.4	32.7	20.6	-999.9	0.0	2.1	96475.7	-999.9
Bobo-Dioulasso	2000	1	10	10	19.3	32.4	19.9	-999.9	0.0	1.6	96415.9	-999.9
Bobo-Dioulasso	2000	1	11	11	20.8	31.8	18.9	-999.9	0.0	1.3	96472.8	-999.9
Bobo-Dioulasso	2000	1	12	12	21.8	32.8	19.5	-999.9	0.0	1.3	96466.6	-999.9
Bobo-Dioulasso	2000	1	13	13	20.7	32.4	20.5	-999.9	0.0	1.9	96475.0	-999.9
Bobo-Dioulasso	2000	1	14	14	20.2	31.5	20.7	-999.9	0.0	2.0	96422.0	-999.9
Bobo-Dioulasso	2000	1	15	15	19.8	32.2	19.0	-999.9	0.0	1.9	96447.1	-999.9
Bobo-Dioulasso	2000	1	16	16	21.3	34.3	21.0	-999.9	0.0	2.6	96555.8	-999.9
Bobo-Dioulasso	2000	1	17	17	22.1	34.4	20.9	-999.9	0.0	2.6	96604.1	-999.9
Bobo-Dioulasso	2000	1	18	18	20.7	34.2	21.1	-999.9	0.0	2.2	96572.5	-999.9
Bobo-Dioulasso	2000	1	19	19	19.8	34.5	21.3	-999.9	0.0	1.9	96468.7	-999.9
Bobo-Dioulasso	2000	1	20	20	19.4	33.7	19.8	-999.9	0.0	1.4	96534.9	-999.9
Bobo-Dioulasso	2000	1	21	21	23.2	30.1	11.2	-999.9	0.0	1.7	96667.2	-999.9
Bobo-Dioulasso	2000	1	22	22	23.8	34.2	19.2	-999.9	0.0	2.1	96586.9	-999.9
Bobo-Dioulasso	2000	1	23	23	20.7	34.7	20.3	-999.9	0.0	2.0	96490.0	-999.9
Bobo-Dioulasso	2000	1	24	24	21.6	34.9	20.9	-999.9	0.0	2.0	96491.3	-999.9
Bobo-Dioulasso	2000	1	25	25	20.7	34.1	19.9	-999.9	0.0	1.5	96591.9	-999.9
Bobo-Dioulasso	2000	1	26	26	22.4	35.3	20.3	-999.9	0.0	1.9	96632.3	-999.9
Bobo-Dioulasso	2000	1	27	27	21.2	36.0	21.7	-999.9	0.0	2.2	96619.1	-999.9
Bobo-Dioulasso	2000	1	28	28	20.3	35.6	22.2	-999.9	0.0	2.5	96590.1	-999.9
Bobo-Dioulasso	2000	1	29	29	20.5	35.0	22.1	-999.9	0.0	2.8	96738.6	-999.9
Bobo-Dioulasso	2000	1	30	30	21.9	34.2	22.2	-999.9	0.0	3.2	96893.6	-999.9
Bobo-Dioulasso	2000	1	31	31	20.2	32.8	21.9	-999.9	0.0	2.7	96975.7	-999.9
Bobo-Dioulasso	2000	2	1	32	20.3	31.0	22.2	-999.9	0.0	3.3	97032.4	-999.9
Bobo-Dioulasso	2000	2	2	33	18.3	29.9	22.4	-999.9	0.0	3.0	97079.6	-999.9
Bobo-Dioulasso	2000	2	3	34	16.9	29.6	22.6	-999.9	0.0	2.6	97012.9	-999.9
Bobo-Dioulasso	2000	2	4	35	16.4	30.2	22.9	-999.9	0.0	2.4	96992.3	-999.9
Bobo-Dioulasso	2000	2	5	36	16.6	31.1	22.8	-999.9	0.0	2.3	96957.1	-999.9
Bobo-Dioulasso	2000	2	6	37	17.1	31.4	22.8	-999.9	0.0	2.5	96915.3	-999.9
Bobo-Dioulasso	2000	2	7	38	17.4	30.9	23.1	-999.9	0.0	2.8	96964.9	-999.9
Bobo-Dioulasso	2000	2	8	39	17.4	30.4	23.1	-999.9	0.0	2.9	97046.0	-999.9
Bobo-Dioulasso	2000	2	9	40	16.9	29.8	23.0	-999.9	0.0	2.7	97018.1	-999.9
Bobo-Dioulasso	2000	2	10	41	16.1	30.5	23.2	-999.9	0.0	2.4	96883.6	-999.9
Bobo-Dioulasso	2000	2	11	42	17.0	31.1	23.2	-999.9	0.0	2.6	96826.1	-999.9
Bobo-Dioulasso	2000	2	12	43	17.2	31.7	23.2	-999.9	0.0	2.5	96799.4	-999.9
Bobo-Dioulasso	2000	2	13	44	17.5	32.4	23.3	-999.9	0.0	2.6	96789.1	-999.9
Bobo-Dioulasso	2000	2	14	45	17.9	31.9	23.3	-999.9	0.0	2.6	96795.8	-999.9
Bobo-Dioulasso	2000	2	15	46	17.4	32.3	23.4	-999.9	0.0	2.5	96771.3	-999.9
Bobo-Dioulasso	2000	2	16	47	17.9	32.8	23.5	-999.9	0.0	2.4	96780.9	-999.9
Bobo-Dioulasso	2000	2	17	48	18.3	32.5	23.4	-999.9	0.0	2.5	96756.3	-999.9
Bobo-Dioulasso	2000	2	18	49	18.2	33.1	23.6	-999.9	0.0	2.4	96707.6	-999.9
Bobo-Dioulasso	2000	2	19	50	18.9	34.1	23.6	-999.9	0.0	2.3	96686.8	-999.9
Bobo-Dioulasso	2000	2	20	51	18.9	34.9	23.6	-999.9	0.0	2.1	96607.5	-999.9
Bobo-Dioulasso	2000	2	21	52	19.3	35.3	23.7	-999.9	0.0	2.3	96632.5	-999.9
Bobo-Dioulasso	2000	2	22	53	19.6	36.2	23.7	-999.9	0.0	2.1	96638.7	-999.9
Bobo-Dioulasso	2000	2	23	54	19.6	37.1	23.9	-999.9	0.0	2.3	96496.9	-999.9
Bobo-Dioulasso	2000	2	24	55	21.8	36.9	23.9	-999.9	0.0	2.5	96458.5	-999.9
Bobo-Dioulasso	2000	2	25	56	21.7	36.7	24.3	-999.9	0.0	2.4	96537.5	-999.9
Bobo-Dioulasso	2000	2	26	57	22.0	36.1	24.4	-999.9	0.0	2.7	96624.5	-999.9
Bobo-Dioulasso	2000	2	27	58	21.7	34.6	24.4	-999.9	0.0	2.7	96624.3	-999.9
Bobo-Dioulasso	2000	2	28	59	20.3	34.4	24.5	-999.9	0.0	2.2	96606.2	-999.9
Bobo-Dioulasso	2000	2	29	60	20.2	35.4	24.5	-999.9	0.0	2.1	96686.0	-999.9
Bobo-Dioulasso	2000	3	1	61	20.9	35.5	24.5	-999.9	0.0	2.4	96737.6	-999.9
Bobo-Dioulasso	2000	3	2	62	21.0	36.1	24.5	-999.9	0.0	2.3	96647.6	-999.9
Bobo-Dioulasso	2000	3	3	63	21.3	36.3	24.8	-999.9	0.0	2.4	96593.5	-999.9
Bobo-Dioulasso	2000	3	4	64	20.7	36.7	24.8	-999.9	0.0	2.3	96590.3	-999.9
Bobo-Dioulasso	2000	3	5	65	20.9	37.3	25.0	-999.9	0.0	2.4	96574.1	-999.9
Bobo-Dioulasso	2000	3	6	66	21.4	37.3	25.5	-999.9	0.0	2.8	96615.2	-999.9
Bobo-Dioulasso	2000	3	7	67	21.0	37.0	25.4	-999.9	0.0	2.9	96611.8	-999.9
Bobo-Dioulasso	2000	3	8	68	21.8	36.8	25.4	-999.9	0.0	3.1	96650.8	-999.9
Bobo-Dioulasso	2000	3	9	69	21.8	36.1	25.8	-999.9	0.0	3.0	96733.0	-999.9
Bobo-Dioulasso	2000	3	10	70	21.1	35.5	25.8	-999.9	0.0	2.8	96645.2	-999.9
Bobo-Dioulasso	2000	3	11	71	20.7	35.6	25.9	-999.9	0.0	2.4	96595.7	-999.9
Bobo-Dioulasso	2000	3	12	72	20.2	35.6	25.9	-999.9	0.0	2.4	96553.3	-999.9
Bobo-Dioulasso	2000	3	13	73	20.7	35.7	25.7	-999.9	0.0	2.6	96590.9	-999.9
Bobo-Dioulasso	2000	3	14	74	21.1	36.1	25.6	-999.9	0.0	2.4	96563.8	-999.9
Bobo-Dioulasso	2000	3	15	75	20.4	36.7	25.7	-999.9	0.0	1.9	96422.9	-999.9
Bobo-Dioulasso	2000	3	16	76	21.3	37.2	25.7	-999.9	0.0	1.8	96369.9	-999.9
Bobo-Dioulasso	2000	3	17	77	21.6	37.5	25.7	-999.9	0.0	1.9	96276.5	-999.9
Bobo-Dioulasso	2000	3	18	78	21.6	37.2	25.5	-999.9	0.0	1.3	96254.1	-999.9
Bobo-Dioulasso	2000	3	19	79	24.6	36.4	24.3	-999.9	0.0	1.8	96266.7	-999.9
Bobo-Dioulasso	2000	3	20	80	22.9	36.3	25.4	-999.9	0.0	1.4	96375.4	-999.9
Bobo-Dioulasso	2000	3	21	81	20.5	36.1	25.8	-999.9	0.0	1.9	96380.1	-999.9
Bobo-Dioulasso	2000	3	22	82	20.7	36.6	26.0	-999.9	0.0	1.8	96430.3	-999.9
Bobo-Dioulasso	2000	3	23	83	22.1	37.6	25.7	-999.9	0.0	1.8	96385.4	-999.9
Bobo-Dioulasso	2000	3	24	84	22.9	37.7	24.6	-999.9	0.0	2.0	96368.5	-999.9
Bobo-Dioulasso	2000	3	25	85	22.2	39.1	26.2	-999.9	0.0	2.5	96296.3	-999.9
Bobo-Dioulasso	2000	3	26	86	23.4	37.2	24.0	-999.9	0.0	2.7	96282.6	-999.9
Bobo-Dioulasso	2000	3	27	87	24.4	36.3	22.8	-999.9	2.8	2.4	96365.8	-999.9
Bobo-Dioulasso	2000	3	28	88	24.7	36.2	22.6	-999.9	0.0	1.4	96330.1	-999.9
Bobo-Dioulasso	2000	3	29	89	25.3	36.6	23.3	-999.9	0.0	1.8	96283.3	-999.9
Bobo-Dioulasso	2000	3	30	90	26.8	37.2	23.0	-999.9	2.8	2.4	96304.6	-999.9
Bobo-Dioulasso	2000	3	31	91	25.2	37.3	24.1	-999.9	5.7	2.1	96251.0	-999.9
Bobo-Dioulasso	2000	4	1	92	27.0	37.8	24.3	-999.9	0.0	2.3	96143.0	-999.9
Bobo-Dioulasso	2000	4	2	93	26.9	36.7	23.1	-999.9	0.0	3.1	96242.7	-999.9
Bobo-Dioulasso	2000	4	3	94	27.4	36.3	23.6	-999.9	0.0	2.5	96431.4	-999.9
Bobo-Dioulasso	2000	4	4	95	24.8	34.7	21.5	-999.9	0.0	1.7	96575.5	-999.9
Bobo-Dioulasso	2000	4	5	96	24.9	36.1	22.9	-999.9	4.3	1.9	96508.9	-999.9
Bobo-Dioulasso	2000	4	6	97	25.7	36.5	22.1	-999.9	0.0	1.9	96345.2	-999.9
Bobo-Dioulasso	2000	4	7	98	26.4	37.1	23.4	-999.9	0.0	2.6	96326.9	-999.9
Bobo-Dioulasso	2000	4	8	99	27.5	37.3	23.8	-999.9	1.2	2.6	96304.4	-999.9
Bobo-Dioulasso	2000	4	9	100	27.9	38.5	24.0	-999.9	0.0	2.8	96245.8	-999.9
Bobo-Dioulasso	2000	4	10	101	26.2	38.1	24.3	-999.9	6.2	2.5	96243.3	-999.9
Bobo-Dioulasso	2000	4	11	102	24.6	37.4	24.0	-999.9	2.8	2.7	96341.6	-999.9
Bobo-Dioulasso	2000	4	12	103	25.5	37.3	23.9	-999.9	0.0	2.4	96342.3	-999.9
Bobo-Dioulasso	2000	4	13	104	25.0	37.7	24.3	-999.9	0.9	2.4	96304.1	-999.9
Bobo-Dioulasso	2000	4	14	105	26.7	37.3	23.9	-999.9	1.9	2.2	96354.3	-999.9
Bobo-Dioulasso	2000	4	15	106	27.1	37.1	23.4	-999.9	0.9	2.2	96283.9	-999.9
Bobo-Dioulasso	2000	4	16	107	25.9	37.1	24.0	-999.9	3.9	2.5	96372.8	-999.9
Bobo-Dioulasso	2000	4	17	108	26.0	36.8	24.2	-999.9	3.9	2.3	96396.2	-999.9
Bobo-Dioulasso	2000	4	18	109	26.2	36.8	24.0	-999.9	0.0	2.4	96426.2	-999.9
Bobo-Dioulasso	2000	4	19	110	25.2	36.3	22.4	-999.9	0.0	2.2	96479.9	-999.9
Bobo-Dioulasso	2000	4	20	111	23.3	38.2	25.9	-999.9	0.0	1.7	96348.4	-999.9
Bobo-Dioulasso	2000	4	21	112	21.5	36.2	26.2	-999.9	0.0	1.7	96441.7	-999.9
Bobo-Dioulasso	2000	4	22	113	26.3	35.5	23.8	-999.9	0.0	2.3	96582.8	-999.9
Bobo-Dioulasso	2000	4	23	114	25.5	33.6	21.6	-999.9	0.0	1.9	96592.2	-999.9
Bobo-Dioulasso	2000	4	24	115	24.9	36.1	22.3	-999.9	1.3	1.6	96460.5	-999.9
Bobo-Dioulasso	2000	4	25	116	26.1	36.4	24.5	-999.9	0.0	1.9	96394.0	-999.9
Bobo-Dioulasso	2000	4	26	117	25.7	35.7	24.2	-999.9	0.0	2.2	96400.9	-999.9
Bobo-Dioulasso	2000	4	27	118	26.7	36.8	24.5	-999.9	0.0	2.4	96411.9	-999.9
Bobo-Dioulasso	2000	4	28	119	26.9	37.1	23.2	-999.9	1.1	2.7	96394.1	-999.9
Bobo-Dioulasso	2000	4	29	120	24.6	34.9	20.9	-999.9	3.3	2.5	96493.7	-999.9
Bobo-Dioulasso	2000	4	30	121	24.5	34.4	23.2	-999.9	0.0	2.2	96591.2	-999.9
Bobo-Dioulasso	2000	5	1	122	24.7	34.8	22.7	-999.9	7.9	2.1	96505.0	-999.9
Bobo-Dioulasso	2000	5	2	123	24.3	34.5	23.9	-999.9	0.0	2.2	96517.2	-999.9
Bobo-Dioulasso	2000	5	3	124	25.3	34.5	23.3	-999.9	7.9	1.9	96580.4	-999.9
Bobo-Dioulasso	2000	5	4	125	24.8	34.2	22.8	-999.9	0.0	1.5	96592.5	-999.9
Bobo-Dioulasso	2000	5	5	126	25.7	36.7	24.4	-999.9	0.0	2.4	96352.7	-999.9
Bobo-Dioulasso	2000	5	6	127	25.1	36.9	23.9	-999.9	3.7	2.5	96334.2	-999.9
Bobo-Dioulasso	2000	5	7	128	25.1	35.1	23.3	-999.9	3.7	2.2	96405.0	-999.9
Bobo-Dioulasso	2000	5	8	129	25.3	35.2	23.7	-999.9	1.9	2.2	96504.3	-999.9
Bobo-Dioulasso	2000	5	9	130	26.2	35.0	23.8	-999.9	0.0	2.1	96466.2	-999.9
Bobo-Dioulasso	2000	5	10	131	24.8	35.4	24.5	-999.9	3.7	2.5	96484.6	-999.9
Bobo-Dioulasso	2000	5	11	132	24.3	34.1	22.1	-999.9	4.7	1.8	96569.7	-999.9
Bobo-Dioulasso	2000	5	12	133	24.7	34.2	24.5	-999.9	4.7	2.3	96566.3	-999.9
Bobo-Dioulasso	2000	5	13	134	25.8	35.3	24.4	-999.9	0.0	2.3	96518.2	-999.9
Bobo-Dioulasso	2000	5	14	135	24.0	33.4	23.2	-999.9	0.0	2.4	96551.6	-999.9
Bobo-Dioulasso	2000	5	15	136	24.9	33.5	24.0	-999.9	0.0	2.4	96613.2	-999.9
Bobo-Dioulasso	2000	5	16	137	23.6	33.6	24.0	-999.9	0.0	1.9	96725.2	-999.9
Bobo-Dioulasso	2000	5	17	138	24.4	34.6	24.5	-999.9	1.6	2.1	96636.6	-999.9
Bobo-Dioulasso	2000	5	18	139	26.1	36.0	24.3	-999.9	0.0	2.6	96484.1	-999.9
Bobo-Dioulasso	2000	5	19	140	26.3	36.3	24.7	-999.9	0.0	3.0	96448.9	-999.9
Bobo-Dioulasso	2000	5	20	141	24.5	35.1	24.4	-999.9	0.0	2.6	96538.0	-999.9
Bobo-Dioulasso	2000	5	21	142	25.0	32.5	20.0	-999.9	9.3	1.6	96663.9	-999.9
Bobo-Dioulasso	2000	5	22	143	24.3	30.3	18.8	-999.9	3.1	1.9	96840.6	-999.9
Bobo-Dioulasso	2000	5	23	144	24.1	33.3	22.7	-999.9	3.1	2.0	96843.0	-999.9
Bobo-Dioulasso	2000	5	24	145	23.3	31.1	19.8	-999.9	9.3	3.2	96850.8	-999.9
Bobo-Dioulasso	2000	5	25	146	23.3	32.9	24.2	-999.9	0.0	1.7	96808.4	-999.9
Bobo-Dioulasso	2000	5	26	147	23.8	34.0	24.8	-999.9	5.8	1.9	96715.1	-999.9
Bobo-Dioulasso	2000	5	27	148	23.1	31.4	22.2	-999.9	5.8	2.6	96692.1	-999.9
Bobo-Dioulasso	2000	5	28	149	23.5	31.9	22.1	-999.9	0.0	2.1	96671.8	-999.9
Bobo-Dioulasso	2000	5	29	150	24.5	32.4	23.9	-999.9	11.5	1.9	96603.7	-999.9
Bobo-Dioulasso	2000	5	30	151	24.8	32.3	23.1	-999.9	0.0	2.0	96531.1	-999.9
Bobo-Dioulasso	2000	5	31	152	23.6	32.1	21.4	-999.9	11.5	2.6	96617.8	-999.9
Bobo-Dioulasso	2000	6	1	153	22.8	32.0	23.3	-999.9	0.0	2.2	96713.8	-999.9
Bobo-Dioulasso	2000	6	2	154	24.1	32.0	23.1	-999.9	0.0	2.5	96705.7	-999.9
Bobo-Dioulasso	2000	6	3	155	24.4	33.9	24.2	-999.9	0.0	2.6	96555.7	-999.9
Bobo-Dioulasso	2000	6	4	156	24.0	33.0	23.8	-999.9	40.7	2.9	96605.6	-999.9
Bobo-Dioulasso	2000	6	5	157	23.1	31.5	22.8	-999.9	20.3	2.3	96761.8	-999.9
Bobo-Dioulasso	2000	6	6	158	22.5	30.0	20.8	-999.9	4.7	2.1	96879.9	-999.9
Bobo-Dioulasso	2000	6	7	159	23.1	29.5	20.5	-999.9	0.0	2.1	96872.5	-999.9
Bobo-Dioulasso	2000	6	8	160	22.4	30.8	23.0	-999.9	0.0	1.9	96871.2	-999.9
Bobo-Dioulasso	2000	6	9	161	22.7	32.5	24.8	-999.9	4.7	1.3	96910.6	-999.9
Bobo-Dioulasso	2000	6	10	162	24.5	32.6	23.3	-999.9	4.7	1.9	96798.2	-999.9
Bobo-Dioulasso	2000	6	11	163	23.8	31.0	20.1	-999.9	3.8	2.3	96850.4	-999.9
Bobo-Dioulasso	2000	6	12	164	23.4	32.7	24.0	-999.9	0.0	2.3	96824.6	-999.9
Bobo-Dioulasso	2000	6	13	165	24.4	33.6	24.8	-999.9	3.8	1.9	96765.0	-999.9
Bobo-Dioulasso	2000	6	14	166	24.5	33.3	23.8	-999.9	3.8	2.0	96691.5	-999.9
Bobo-Dioulasso	2000	6	15	167	25.0	32.7	21.7	-999.9	1.9	2.6	96585.4	-999.9
Bobo-Dioulasso	2000	6	16	168	24.3	33.3	23.7	-999.9	0.0	2.4	96555.2	-999.9
Bobo-Dioulasso	2000	6	17	169	22.7	29.5	16.7	-999.9	16.9	2.3	96733.5	-999.9
Bobo-Dioulasso	2000	6	18	170	23.5	30.2	16.9	-999.9	0.0	1.7	96818.9	-999.9
Bobo-Dioulasso	2000	6	19	171	23.5	32.0	23.9	-999.9	8.5	1.5	96711.2	-999.9
Bobo-Dioulasso	2000	6	20	172	22.7	30.1	22.5	-999.9	8.5	1.6	96735.5	-999.9
Bobo-Dioulasso	2000	6	21	173	22.1	29.9	22.0	-999.9	6.2	1.8	96796.6	-999.9
Bobo-Dioulasso	2000	6	22	174	22.3	29.7	19.7	-999.9	0.0	1.9	96892.8	-999.9
Bobo-Dioulasso	2000	6	23	175	23.1	29.7	20.0	-999.9	0.0	1.9	96979.1	-999.9
Bobo-Dioulasso	2000	6	24	176	22.6	30.5	22.9	-999.9	0.0	1.8	96850.9	-999.9
Bobo-Dioulasso	2000	6	25	177	22.5	30.8	23.3	-999.9	6.2	1.8	96805.8	-999.9
Bobo-Dioulasso	2000	6	26	178	22.4	29.0	18.8	-999.9	8.0	1.6	96881.3	-999.9
Bobo-Dioulasso	2000	6	27	179	21.9	30.6	23.2	-999.9	0.0	1.8	96882.1	-999.9
Bobo-Dioulasso	2000	6	28	180	22.9	31.3	24.1	-999.9	8.0	1.6	96826.1	-999.9
Bobo-Dioulasso	2000	6	29	181	23.7	31.2	22.3	-999.9	0.0	2.4	96723.9	-999.9
Bobo-Dioulasso	2000	6	30	182	23.8	30.2	20.3	-999.9	24.0	2.5	96624.8	-999.9
Bobo-Dioulasso	2000	7	1	183	22.6	30.0	19.5	-999.9	0.0	2.5	96639.3	-999.9
Bobo-Dioulasso	2000	7	2	184	22.4	31.1	23.0	-999.9	0.0	2.2	96712.1	-999.9
Bobo-Dioulasso	2000	7	3	185	23.2	31.4	23.4	-999.9	0.0	2.3	96620.6	-999.9
Bobo-Dioulasso	2000	7	4	186	23.4	30.1	21.6	-999.9	11.2	2.3	96595.6	-999.9
Bobo-Dioulasso	2000	7	5	187	22.7	30.2	21.8	-999.9	0.0	2.0	96673.3	-999.9
Bobo-Dioulasso	2000	7	6	188	22.1	30.3	22.3	-999.9	0.0	1.6	96845.4	-999.9
Bobo-Dioulasso	2000	7	7	189	23.1	28.2	16.6	-999.9	16.7	1.7	96924.0	-999.9
Bobo-Dioulasso	2000	7	8	190	22.1	31.9	24.8	-999.9	0.0	2.3	96793.1	-999.9
Bobo-Dioulasso	2000	7	9	191	22.9	31.5	21.1	-999.9	16.7	2.2	96795.0	-999.9
Bobo-Dioulasso	2000	7	10	192	23.4	31.6	21.5	-999.9	0.0	2.1	96718.0	-999.9
Bobo-Dioulasso	2000	7	11	193	23.2	30.6	21.4	-999.9	9.0	2.0	96729.2	-999.9
Bobo-Dioulasso	2000	7	12	194	22.8	29.1	19.8	-999.9	9.0	1.5	96829.7	-999.9
Bobo-Dioulasso	2000	7	13	195	22.5	30.9	23.4	-999.9	0.0	1.4	96795.4	-999.9
Bobo-Dioulasso	2000	7	14	196	22.7	29.8	17.9	-999.9	9.0	2.6	96754.8	-999.9
Bobo-Dioulasso	2000	7	15	197	22.6	28.9	17.7	-999.9	0.0	2.8	96692.7	-999.9
Bobo-Dioulasso	2000	7	16	198	23.2	29.0	18.9	-999.9	0.0	2.3	96765.5	-999.9
Bobo-Dioulasso	2000	7	17	199	22.6	29.3	19.8	-999.9	0.0	1.7	96865.0	-999.9
Bobo-Dioulasso	2000	7	18	200	22.2	25.2	11.5	-999.9	11.8	1.8	96920.5	-999.9
Bobo-Dioulasso	2000	7	19	201	21.6	28.3	18.7	-999.9	0.0	2.5	96762.6	-999.9
Bobo-Dioulasso	2000	7	20	202	21.4	28.5	20.5	-999.9	0.0	2.2	96714.8	-999.9
Bobo-Dioulasso	2000	7	21	203	21.7	28.9	20.6	-999.9	11.2	2.0	96726.6	-999.9
Bobo-Dioulasso	2000	7	22	204	21.2	24.9	9.5	-999.9	22.3	1.6	96776.4	-999.9
Bobo-Dioulasso	2000	7	23	205	20.8	27.9	18.0	-999.9	0.0	2.0	96732.0	-999.9
Bobo-Dioulasso	2000	7	24	206	21.9	28.5	21.2	-999.9	0.0	2.3	96748.1	-999.9
Bobo-Dioulasso	2000	7	25	207	21.5	24.8	9.7	-999.9	11.2	1.9	96769.3	-999.9
Bobo-Dioulasso	2000	7	26	208	20.9	28.3	20.5	-999.9	0.0	1.6	96856.1	-999.9
Bobo-Dioulasso	2000	7	27	209	21.0	28.5	21.9	-999.9	0.0	1.7	96790.7	-999.9
Bobo-Dioulasso	2000	7	28	210	22.1	29.1	20.6	-999.9	19.6	1.9	96656.4	-999.9
Bobo-Dioulasso	2000	7	29	211	21.4	28.2	16.3	-999.9	58.7	2.6	96581.4	-999.9
Bobo-Dioulasso	2000	7	30	212	21.5	26.2	11.5	-999.9	0.0	2.4	96744.5	-999.9
Bobo-Dioulasso	2000	7	31	213	21.3	27.6	19.9	-999.9	0.0	2.0	96859.1	-999.9
Bobo-Dioulasso	2000	8	1	214	21.8	29.0	20.1	-999.9	7.7	2.1	96724.1	-999.9
Bobo-Dioulasso	2000	8	2	215	21.7	25.5	10.6	-999.9	38.5	2.4	96765.6	-999.9
Bobo-Dioulasso	2000	8	3	216	21.0	27.3	14.7	-999.9	7.7	2.0	97009.2	-999.9
Bobo-Dioulasso	2000	8	4	217	20.7	28.1	20.2	-999.9	0.0	1.4	97039.2	-999.9
Bobo-Dioulasso	2000	8	5	218	20.6	29.0	21.7	-999.9	15.4	1.5	96915.4	-999.9
Bobo-Dioulasso	2000	8	6	219	20.7	29.3	22.4	-999.9	16.1	1.7	96814.0	-999.9
Bobo-Dioulasso	2000	8	7	220	21.6	28.2	19.9	-999.9	24.1	1.8	96869.2	-999.9
Bobo-Dioulasso	2000	8	8	221	21.3	28.9	22.2	-999.9	0.0	1.6	96882.7	-999.9
Bobo-Dioulasso	2000	8	9	222	21.8	28.3	17.6	-999.9	16.1	2.0	96925.9	-999.9
Bobo-Dioulasso	2000	8	10	223	21.6	26.7	14.5	-999.9	0.0	1.6	97002.5	-999.9
Bobo-Dioulasso	2000	8	11	224	21.1	28.3	21.7	-999.9	9.5	1.6	96980.7	-999.9
Bobo-Dioulasso	2000	8	12	225	21.4	29.0	19.7	-999.9	0.0	1.8	96819.4	-999.9
Bobo-Dioulasso	2000	8	13	226	21.9	30.0	23.8	-999.9	19.0	1.8	96832.5	-999.9
Bobo-Dioulasso	2000	8	14	227	22.0	27.7	14.4	-999.9	19.0	1.7	96917.5	-999.9
Bobo-Dioulasso	2000	8	15	228	21.6	26.3	16.0	-999.9	9.5	2.3	96964.2	-999.9
Bobo-Dioulasso	2000	8	16	229	21.4	27.9	17.3	-999.9	0.0	2.2	96926.4	-999.9
Bobo-Dioulasso	2000	8	17	230	21.0	28.8	21.9	-999.9	16.8	1.6	96849.0	-999.9
Bobo-Dioulasso	2000	8	18	231	21.2	28.4	20.2	-999.9	0.0	2.0	96860.8	-999.9
Bobo-Dioulasso	2000	8	19	232	21.5	25.0	9.0	-999.9	25.2	1.8	97018.7	-999.9
Bobo-Dioulasso	2000	8	20	233	20.6	28.5	22.4	-999.9	0.0	1.4	97049.1	-999.9
Bobo-Dioulasso	2000	8	21	234	21.2	25.7	12.8	-999.9	23.9	1.4	96957.0	-999.9
Bobo-Dioulasso	2000	8	22	235	21.2	29.2	22.7	-999.9	0.0	1.9	96832.4	-999.9
Bobo-Dioulasso	2000	8	23	236	21.4	28.6	19.6	-999.9	12.0	1.8	96897.6	-999.9
Bobo-Dioulasso	2000	8	24	237	22.2	28.6	21.3	-999.9	12.0	1.7	97005.5	-999.9
Bobo-Dioulasso	2000	8	25	238	21.0	28.9	22.5	-999.9	12.0	1.2	96856.3	-999.9
Bobo-Dioulasso	2000	8	26	239	21.8	28.7	20.8	-999.9	19.6	1.5	96736.3	-999.9
Bobo-Dioulasso	2000	8	27	240	22.2	28.4	18.5	-999.9	0.0	1.7	96725.5	-999.9
Bobo-Dioulasso	2000	8	28	241	21.9	30.2	23.3	-999.9	0.0	1.6	96703.4	-999.9
Bobo-Dioulasso	2000	8	29	242	22.7	29.8	22.4	-999.9	0.0	1.6	96751.9	-999.9
Bobo-Dioulasso	2000	8	30	243	21.9	29.7	23.1	-999.9	0.0	1.7	96697.6	-999.9
Bobo-Dioulasso	2000	8	31	244	22.1	28.0	18.3	-999.9	19.6	1.6	96706.4	-999.9
Bobo-Dioulasso	2000	9	1	245	22.1	26.3	12.7	-999.9	0.0	1.5	96726.8	-999.9
Bobo-Dioulasso	2000	9	2	246	20.7	29.3	21.3	-999.9	0.0	1.0	96787.6	-999.9
Bobo-Dioulasso	2000	9	3	247	22.1	30.3	23.7	-999.9	0.0	1.6	96663.9	-999.9
Bobo-Dioulasso	2000	9	4	248	23.3	30.6	21.9	-999.9	35.0	2.1	96567.0	-999.9
Bobo-Dioulasso	2000	9	5	249	23.5	29.5	19.5	-999.9	0.0	2.3	96644.5	-999.9
Bobo-Dioulasso	2000	9	6	250	23.0	29.2	22.9	-999.9	8.0	1.9	96696.2	-999.9
Bobo-Dioulasso	2000	9	7	251	22.0	30.1	22.8	-999.9	0.0	1.4	96647.8	-999.9
Bobo-Dioulasso	2000	9	8	252	21.9	29.8	21.2	-999.9	16.0	1.6	96531.7	-999.9
Bobo-Dioulasso	2000	9	9	253	21.4	27.4	19.6	-999.9	0.0	2.1	96657.5	-999.9
Bobo-Dioulasso	2000	9	10	254	21.1	29.6	23.1	-999.9	0.0	1.5	96769.2	-999.9
Bobo-Dioulasso	2000	9	11	255	22.7	29.3	20.8	-999.9	25.6	2.0	96567.9	-999.9
Bobo-Dioulasso	2000	9	12	256	21.5	27.3	15.2	-999.9	12.8	1.8	96572.9	-999.9
Bobo-Dioulasso	2000	9	13	257	21.0	27.4	15.2	-999.9	0.0	2.1	96823.5	-999.9
Bobo-Dioulasso	2000	9	14	258	21.0	29.6	22.5	-999.9	12.8	1.5	96870.9	-999.9
Bobo-Dioulasso	2000	9	15	259	21.5	28.4	17.4	-999.9	0.0	1.6	96825.2	-999.9
Bobo-Dioulasso	2000	9	16	260	21.3	27.8	18.5	-999.9	0.0	2.0	96843.5	-999.9
Bobo-Dioulasso	2000	9	17	261	21.5	28.6	20.9	-999.9	0.0	1.3	96874.3	-999.9
Bobo-Dioulasso	2000	9	18	262	21.4	27.0	13.0	-999.9	11.3	1.2	96836.7	-999.9
Bobo-Dioulasso	2000	9	19	263	21.7	27.9	19.3	-999.9	0.0	1.8	96806.4	-999.9
Bobo-Dioulasso	2000	9	20	264	20.8	28.5	21.0	-999.9	0.0	1.6	96800.2	-999.9
Bobo-Dioulasso	2000	9	21	265	21.1	28.3	19.0	-999.9	0.0	1.3	96878.7	-999.9
Bobo-Dioulasso	2000	9	22	266	22.2	30.1	22.9	-999.9	0.0	1.7	96771.7	-999.9
Bobo-Dioulasso	2000	9	23	267	21.2	29.8	22.7	-999.9	0.0	2.2	96669.6	-999.9
Bobo-Dioulasso	2000	9	24	268	21.6	28.8	18.6	-999.9	16.6	1.6	96693.7	-999.9
Bobo-Dioulasso	2000	9	25	269	22.0	28.5	20.1	-999.9	16.6	1.6	96800.4	-999.9
Bobo-Dioulasso	2000	9	26	270	21.5	29.0	22.5	-999.9	0.0	1.1	96856.0	-999.9
Bobo-Dioulasso	2000	9	27	271	22.2	29.9	21.6	-999.9	10.9	2.2	96723.5	-999.9
Bobo-Dioulasso	2000	9	28	272	21.8	26.6	10.2	-999.9	10.9	1.6	96747.6	-999.9
Bobo-Dioulasso	2000	9	29	273	20.9	27.9	19.1	-999.9	5.4	1.7	96735.0	-999.9
Bobo-Dioulasso	2000	9	30	274	20.7	28.1	16.8	-999.9	0.0	1.8	96819.9	-999.9
Bobo-Dioulasso	2000	10	1	275	21.8	28.9	21.5	-999.9	0.0	1.6	96941.1	-999.9
Bobo-Dioulasso	2000	10	2	276	21.5	29.1	20.8	-999.9	0.0	1.1	96933.4	-999.9
Bobo-Dioulasso	2000	10	3	277	21.5	29.3	21.4	-999.9	0.0	1.6	96746.1	-999.9
Bobo-Dioulasso	2000	10	4	278	22.8	30.2	22.0	-999.9	0.0	1.9	96616.0	-999.9
Bobo-Dioulasso	2000	10	5	279	22.5	29.7	22.3	-999.9	0.0	2.0	96685.0	-999.9
Bobo-Dioulasso	2000	10	6	280	22.0	30.6	22.4	-999.9	0.0	1.8	96711.1	-999.9
Bobo-Dioulasso	2000	10	7	281	21.8	31.3	23.8	-999.9	0.0	1.6	96686.3	-999.9
Bobo-Dioulasso	2000	10	8	282	22.8	29.8	20.8	-999.9	0.0	1.9	96764.4	-999.9
Bobo-Dioulasso	2000	10	9	283	22.2	29.5	20.5	-999.9	7.4	2.1	96746.7	-999.9
Bobo-Dioulasso	2000	10	10	284	22.0	28.9	18.4	-999.9	22.3	1.7	96644.7	-999.9
Bobo-Dioulasso	2000	10	11	285	21.5	25.5	9.3	-999.9	6.7	2.1	96754.9	-999.9
Bobo-Dioulasso	2000	10	12	286	21.3	29.7	21.3	-999.9	0.0	1.5	96821.8	-999.9
Bobo-Dioulasso	2000	10	13	287	21.7	29.3	20.2	-999.9	0.0	1.3	96847.4	-999.9
Bobo-Dioulasso	2000	10	14	288	22.7	29.8	20.5	-999.9	0.0	1.4	96746.5	-999.9
Bobo-Dioulasso	2000	10	15	289	22.1	29.5	21.0	-999.9	0.0	1.6	96740.6	-999.9
Bobo-Dioulasso	2000	10	16	290	20.6	30.5	22.6	-999.9	0.0	1.4	96846.7	-999.9
Bobo-Dioulasso	2000	10	17	291	20.8	30.9	22.4	-999.9	0.0	1.5	96927.4	-999.9
Bobo-Dioulasso	2000	10	18	292	22.4	30.6	21.6	-999.9	0.0	1.6	96893.0	-999.9
Bobo-Dioulasso	2000	10	19	293	22.7	30.3	21.5	-999.9	0.0	1.8	96754.5	-999.9
Bobo-Dioulasso	2000	10	20	294	22.7	30.1	19.9	-999.9	0.0	1.4	96686.2	-999.9
Bobo-Dioulasso	2000	10	21	295	22.5	30.5	20.3	-999.9	4.7	1.3	96711.1	-999.9
Bobo-Dioulasso	2000	10	22	296	22.7	30.0	19.8	-999.9	4.7	1.6	96727.9	-999.9
Bobo-Dioulasso	2000	10	23	297	22.7	30.6	20.7	-999.9	0.0	1.6	96756.9	-999.9
Bobo-Dioulasso	2000	10	24	298	22.5	30.2	20.2	-999.9	0.0	1.6	96645.1	-999.9
Bobo-Dioulasso	2000	10	25	299	22.3	30.7	19.1	-999.9	0.0	1.1	96665.5	-999.9
Bobo-Dioulasso	2000	10	26	300	21.6	32.6	21.3	-999.9	0.0	2.1	96670.5	-999.9
Bobo-Dioulasso	2000	10	27	301	20.5	33.3	22.0	-999.9	0.0	1.8	96712.5	-999.9
Bobo-Dioulasso	2000	10	28	302	22.0	32.3	21.2	-999.9	0.0	1.7	96732.3	-999.9
Bobo-Dioulasso	2000	10	29	303	22.8	32.0	20.7	-999.9	0.0	1.9	96752.9	-999.9
Bobo-Dioulasso	2000	10	30	304	22.8	31.3	19.1	-999.9	0.0	1.4	96702.6	-999.9
Bobo-Dioulasso	2000	10	31	305	23.2	32.0	20.2	-999.9	4.6	1.5	96702.6	-999.9
Bobo-Dioulasso	2000	11	1	306	22.9	31.2	17.9	-999.9	2.7	1.3	96638.8	-999.9
Bobo-Dioulasso	2000	11	2	307	19.8	32.2	22.2	-999.9	0.0	1.3	96537.2	-999.9
Bobo-Dioulasso	2000	11	3	308	21.8	32.3	20.7	-999.9	0.0	1.5	96490.6	-999.9
Bobo-Dioulasso	2000	11	4	309	23.1	33.5	20.8	-999.9	0.0	1.6	96534.9	-999.9
Bobo-Dioulasso	2000	11	5	310	20.9	33.5	21.8	-999.9	0.0	1.5	96552.2	-999.9
Bobo-Dioulasso	2000	11	6	311	20.2	32.6	21.9	-999.9	0.0	1.6	96537.8	-999.9
Bobo-Dioulasso	2000	11	7	312	21.0	32.9	21.9	-999.9	0.0	1.3	96395.5	-999.9
Bobo-Dioulasso	2000	11	8	313	20.4	33.0	22.2	-999.9	0.0	1.6	96254.1	-999.9
Bobo-Dioulasso	2000	11	9	314	21.1	32.5	20.0	-999.9	0.0	1.8	96378.6	-999.9
Bobo-Dioulasso	2000	11	10	315	22.3	32.7	19.7	-999.9	0.0	1.5	96418.3	-999.9
Bobo-Dioulasso	2000	11	11	316	22.7	32.7	18.8	-999.9	0.0	1.7	96441.8	-999.9
Bobo-Dioulasso	2000	11	12	317	21.1	31.4	19.4	-999.9	0.0	1.4	96524.6	-999.9
Bobo-Dioulasso	2000	11	13	318	20.8	32.5	20.7	-999.9	0.0	1.7	96460.0	-999.9
Bobo-Dioulasso	2000	11	14	319	20.4	32.6	21.4	-999.9	0.0	1.2	96449.6	-999.9
Bobo-Dioulasso	2000	11	15	320	21.7	32.4	20.2	-999.9	0.0	1.5	96577.2	-999.9
Bobo-Dioulasso	2000	11	16	321	22.1	33.7	21.6	-999.9	0.0	1.9	96624.5	-999.9
Bobo-Dioulasso	2000	11	17	322	19.7	33.8	22.0	-999.9	0.0	1.9	96627.2	-999.9
Bobo-Dioulasso	2000	11	18	323	18.7	32.6	21.9	-999.9	0.0	1.4	96593.8	-999.9
Bobo-Dioulasso	2000	11	19	324	18.8	31.7	20.3	-999.9	0.0	1.6	96612.7	-999.9
Bobo-Dioulasso	2000	11	20	325	20.0	32.4	21.1	-999.9	0.0	1.6	96722.1	-999.9
Bobo-Dioulasso	2000	11	21	326	19.9	32.9	21.4	-999.9	0.0	1.5	96748.1	-999.9
Bobo-Dioulasso	2000	11	22	327	18.6	32.3	21.2	-999.9	0.0	1.6	96742.2	-999.9
Bobo-Dioulasso	2000	11	23	328	19.4	32.8	21.2	-999.9	0.0	1.7	96779.3	-999.9
Bobo-Dioulasso	2000	11	24	329	18.9	33.0	21.6	-999.9	0.0	2.0	96752.7	-999.9
Bobo-Dioulasso	2000	11	25	330	18.0	32.3	21.7	-999.9	0.0	1.9	96769.0	-999.9
Bobo-Dioulasso	2000	11	26	331	18.5	32.8	21.4	-999.9	0.0	2.0	96841.5	-999.9
Bobo-Dioulasso	2000	11	27	332	18.0	34.0	21.4	-999.9	0.0	1.9	96890.5	-999.9
Bobo-Dioulasso	2000	11	28	333	18.5	34.0	21.3	-999.9	0.0	2.2	96840.0	-999.9
Bobo-Dioulasso	2000	11	29	334	18.7	33.5	21.3	-999.9	0.0	2.4	96830.7	-999.9
Bobo-Dioulasso	2000	11	30	335	18.0	32.4	21.3	-999.9	0.0	2.0	96826.8	-999.9
Bobo-Dioulasso	2000	12	1	336	18.0	32.3	20.4	-999.9	0.0	2.2	96854.2	-999.9
Bobo-Dioulasso	2000	12	2	337	18.6	32.2	20.8	-999.9	0.0	2.1	96917.1	-999.9
Bobo-Dioulasso	2000	12	3	338	17.4	31.9	21.2	-999.9	0.0	2.1	96898.1	-999.9
Bobo-Dioulasso	2000	12	4	339	17.4	32.1	21.0	-999.9	0.0	2.0	96797.7	-999.9
Bobo-Dioulasso	2000	12	5	340	17.6	32.2	20.8	-999.9	0.5	2.0	96785.0	-999.9
Bobo-Dioulasso	2000	12	6	341	19.3	31.3	19.0	-999.9	0.3	2.1	96844.5	-999.9
Bobo-Dioulasso	2000	12	7	342	18.2	30.8	19.4	-999.9	0.0	2.0	96901.4	-999.9
Bobo-Dioulasso	2000	12	8	343	18.0	31.1	19.3	-999.9	0.3	2.0	96850.6	-999.9
Bobo-Dioulasso	2000	12	9	344	20.2	30.8	18.8	-999.9	0.0	1.9	96807.7	-999.9
Bobo-Dioulasso	2000	12	10	345	17.5	31.2	20.7	-999.9	0.0	2.0	96789.1	-999.9
Bobo-Dioulasso	2000	12	11	346	17.4	30.9	20.7	-999.9	0.0	2.1	96901.6	-999.9
Bobo-Dioulasso	2000	12	12	347	18.8	30.8	20.4	-999.9	0.1	2.1	96878.2	-999.9
Bobo-Dioulasso	2000	12	13	348	18.1	30.9	20.4	-999.9	0.1	2.2	96757.1	-999.9
Bobo-Dioulasso	2000	12	14	349	17.6	30.3	20.0	-999.9	0.0	2.3	96730.3	-999.9
Bobo-Dioulasso	2000	12	15	350	17.9	30.4	20.5	-999.9	0.0	2.1	96635.4	-999.9
Bobo-Dioulasso	2000	12	16	351	16.7	31.0	20.4	-999.9	0.0	1.9	96631.8	-999.9
Bobo-Dioulasso	2000	12	17	352	16.8	32.0	20.3	-999.9	0.0	1.8	96643.0	-999.9
Bobo-Dioulasso	2000	12	18	353	17.6	32.3	20.4	-999.9	0.0	1.7	96661.8	-999.9
Bobo-Dioulasso	2000	12	19	354	18.1	32.5	20.5	-999.9	0.0	1.9	96735.7	-999.9
Bobo-Dioulasso	2000	12	20	355	16.7	32.3	20.7	-999.9	0.0	1.8	96638.2	-999.9
Bobo-Dioulasso	2000	12	21	356	17.0	32.1	20.1	-999.9	0.0	1.7	96717.0	-999.9
Bobo-Dioulasso	2000	12	22	357	16.9	32.7	20.6	-999.9	0.0	1.9	96783.0	-999.9
Bobo-Dioulasso	2000	12	23	358	17.0	32.6	20.7	-999.9	0.0	2.0	96819.5	-999.9
Bobo-Dioulasso	2000	12	24	359	16.5	33.0	20.8	-999.9	0.0	2.0	96841.5	-999.9
Bobo-Dioulasso	2000	12	25	360	16.6	33.1	20.6	-999.9	0.0	2.1	96783.0	-999.9
Bobo-Dioulasso	2000	12	26	361	18.1	33.5	20.5	-999.9	0.0	1.8	96782.3	-999.9
Bobo-Dioulasso	2000	12	27	362	18.1	33.8	20.7	-999.9	0.0	1.9	96791.5	-999.9
Bobo-Dioulasso	2000	12	28	363	18.4	34.0	20.8	-999.9	0.0	2.2	96791.0	-999.9
Bobo-Dioulasso	2000	12	29	364	18.4	33.3	20.7	-999.9	0.0	1.9	96753.3	-999.9
Bobo-Dioulasso	2000	12	30	365	17.3	33.3	20.9	-999.9	0.0	1.9	96688.2	-999.9
Bobo-Dioulasso	2000	12	31	366	17.0	33.2	21.0	-999.9	0.0	1.8	96678.6	-999.9
