Bobo-Dioulasso	2023	1	1	1	18.3	30.7	20.9	-999.9	0.0	2.5	96910.3	-999.9
Bobo-Dioulasso	2023	1	2	2	17.6	30.8	20.9	-999.9	0.0	2.5	96905.9	-999.9
Bobo-Dioulasso	2023	1	3	3	17.0	30.1	21.0	-999.9	0.0	2.4	96937.4	-999.9
Bobo-Dioulasso	2023	1	4	4	16.6	30.9	20.9	-999.9	0.0	2.1	96947.8	-999.9
Bobo-Dioulasso	2023	1	5	5	17.5	31.9	20.5	-999.9	0.0	2.0	96876.4	-999.9
Bobo-Dioulasso	2023	1	6	6	18.7	33.2	20.5	-999.9	0.0	2.1	96912.2	-999.9
Bobo-Dioulasso	2023	1	7	7	19.4	33.8	20.6	-999.9	0.0	2.3	96911.3	-999.9
Bobo-Dioulasso	2023	1	8	8	20.4	34.1	20.8	-999.9	0.0	2.5	96911.1	-999.9
Bobo-Dioulasso	2023	1	9	9	20.4	33.7	21.0	-999.9	0.0	2.9	96961.5	-999.9
Bobo-Dioulasso	2023	1	10	10	20.4	33.8	21.1	-999.9	0.0	2.7	97041.3	-999.9
Bobo-Dioulasso	2023	1	11	11	19.5	32.7	21.0	-999.9	0.0	2.2	97015.7	-999.9
Bobo-Dioulasso	2023	1	12	12	18.3	32.6	21.1	-999.9	0.0	2.0	96841.6	-999.9
Bobo-Dioulasso	2023	1	13	13	18.4	32.7	21.3	-999.9	0.0	2.2	96806.2	-999.9
Bobo-Dioulasso	2023	1	14	14	18.1	31.8	21.3	-999.9	0.0	2.1	96808.5	-999.9
Bobo-Dioulasso	2023	1	15	15	17.7	32.3	20.8	-999.9	0.0	2.1	96796.0	-999.9
Bobo-Dioulasso	2023	1	16	16	17.9	33.1	21.5	-999.9	0.0	2.2	96790.6	-999.9
Bobo-Dioulasso	2023	1	17	17	19.1	33.2	21.5	-999.9	0.0	2.0	96810.5	-999.9
Bobo-Dioulasso	2023	1	18	18	18.1	32.7	21.6	-999.9	0.0	2.0	96802.2	-999.9
Bobo-Dioulasso	2023	1	19	19	18.2	33.2	21.6	-999.9	0.0	2.0	96786.5	-999.9
Bobo-Dioulasso	2023	1	20	20	18.3	33.5	21.6	-999.9	0.0	1.9	96740.6	-999.9
Bobo-Dioulasso	2023	1	21	21	17.8	34.2	21.6	-999.9	0.0	1.6	96669.1	-999.9
Bobo-Dioulasso	2023	1	22	22	19.6	35.2	21.7	-999.9	0.0	1.4	96540.2	-999.9
Bobo-Dioulasso	2023	1	23	23	19.9	34.8	21.3	-999.9	0.0	1.7	96532.8	-999.9
Bobo-Dioulasso	2023	1	24	24	22.1	34.7	20.1	-999.9	0.0	1.9	96543.2	-999.9
Bobo-Dioulasso	2023	1	25	25	21.6	35.5	21.3	-999.9	0.0	1.8	96532.6	-999.9
Bobo-Dioulasso	2023	1	26	26	20.9	35.9	21.7	-999.9	0.0	1.8	96506.0	-999.9
Bobo-Dioulasso	2023	1	27	27	20.2	35.6	21.9	-999.9	0.0	2.4	96568.1	-999.9
Bobo-Dioulasso	2023	1	28	28	21.1	33.9	21.9	-999.9	0.0	2.7	96631.7	-999.9
Bobo-Dioulasso	2023	1	29	29	18.8	32.0	22.0	-999.9	0.0	2.2	96704.8	-999.9
Bobo-Dioulasso	2023	1	30	30	18.1	32.6	21.7	-999.9	0.0	2.3	96761.2	-999.9
Bobo-Dioulasso	2023	1	31	31	18.9	34.0	22.0	-999.9	0.0	2.3	96791.6	-999.9
Bobo-Dioulasso	2023	2	1	32	19.9	34.5	22.0	-999.9	0.0	2.3	96770.1	-999.9
Bobo-Dioulasso	2023	2	2	33	20.2	35.6	22.1	-999.9	0.0	2.1	96722.5	-999.9
Bobo-Dioulasso	2023	2	3	34	19.8	34.8	22.3	-999.9	0.0	2.3	96792.7	-999.9
Bobo-Dioulasso	2023	2	4	35	20.1	34.9	22.3	-999.9	0.0	2.3	96790.6	-999.9
Bobo-Dioulasso	2023	2	5	36	20.8	35.5	22.2	-999.9	0.0	2.2	96738.1	-999.9
Bobo-Dioulasso	2023	2	6	37	20.3	36.3	21.9	-999.9	0.0	2.1	96615.7	-999.9
Bobo-Dioulasso	2023	2	7	38	21.1	35.7	21.3	-999.9	0.0	1.4	96543.0	-999.9
Bobo-Dioulasso	2023	2	8	39	23.0	36.3	22.1	-999.9	0.0	2.1	96576.1	-999.9
Bobo-Dioulasso	2023	2	9	40	21.3	36.4	22.6	-999.9	0.0	2.4	96617.5	-999.9
Bobo-Dioulasso	2023	2	10	41	20.2	35.9	22.5	-999.9	0.0	1.8	96631.1	-999.9
Bobo-Dioulasso	2023	2	11	42	21.5	36.2	22.7	-999.9	0.0	1.7	96590.1	-999.9
Bobo-Dioulasso	2023	2	12	43	20.5	37.1	23.1	-999.9	0.0	2.5	96576.7	-999.9
Bobo-Dioulasso	2023	2	13	44	20.8	36.2	23.0	-999.9	0.0	2.5	96651.4	-999.9
Bobo-Dioulasso	2023	2	14	45	20.8	36.0	23.1	-999.9	0.0	2.6	96676.8	-999.9
Bobo-Dioulasso	2023	2	15	46	21.4	34.7	21.5	-999.9	0.0	2.9	96584.4	-999.9
Bobo-Dioulasso	2023	2	16	47	21.7	33.7	23.2	-999.9	0.0	2.8	96597.6	-999.9
Bobo-Dioulasso	2023	2	17	48	21.5	34.3	23.3	-999.9	0.0	2.7	96592.6	-999.9
Bobo-Dioulasso	2023	2	18	49	21.7	34.7	23.2	-999.9	0.0	2.4	96676.2	-999.9
Bobo-Dioulasso	2023	2	19	50	20.4	34.7	23.4	-999.9	0.0	2.2	96645.7	-999.9
Bobo-Dioulasso	2023	2	20	51	20.9	35.5	23.4	-999.9	0.0	2.3	96657.5	-999.9
Bobo-Dioulasso	2023	2	21	52	21.3	36.4	23.5	-999.9	0.0	2.4	96620.5	-999.9
Bobo-Dioulasso	2023	2	22	53	21.3	36.5	23.6	-999.9	0.0	2.1	96651.9	-999.9
Bobo-Dioulasso	2023	2	23	54	21.0	37.0	23.7	-999.9	0.0	2.0	96584.5	-999.9
Bobo-Dioulasso	2023	2	24	55	20.9	37.5	23.8	-999.9	0.0	1.9	96534.9	-999.9
Bobo-Dioulasso	2023	2	25	56	22.0	36.9	21.0	-999.9	0.0	1.5	96523.5	-999.9
Bobo-Dioulasso	2023	2	26	57	23.6	36.9	23.5	-999.9	0.0	1.9	96637.9	-999.9
Bobo-Dioulasso	2023	2	27	58	22.8	37.1	23.8	-999.9	0.0	2.2	96715.8	-999.9
Bobo-Dioulasso	2023	2	28	59	22.2	36.0	22.8	-999.9	0.0	1.4	96862.2	-999.9
Bobo-Dioulasso	2023	3	1	60	23.3	37.5	23.2	-999.9	0.0	2.1	96758.6	-999.9
Bobo-Dioulasso	2023	3	2	61	22.9	37.8	24.1	-999.9	0.0	2.4	96626.4	-999.9
Bobo-Dioulasso	2023	3	3	62	23.0	37.6	24.4	-999.9	0.0	1.9	96564.1	-999.9
Bobo-Dioulasso	2023	3	4	63	22.2	37.1	23.6	-999.9	0.0	2.0	96570.3	-999.9
Bobo-Dioulasso	2023	3	5	64	24.8	37.2	22.4	-999.9	0.0	1.9	96563.7	-999.9
Bobo-Dioulasso	2023	3	6	65	24.6	39.0	24.2	-999.9	0.0	2.2	96472.1	-999.9
Bobo-Dioulasso	2023	3	7	66	26.2	38.4	21.8	-999.9	2.0	2.5	96442.3	-999.9
Bobo-Dioulasso	2023	3	8	67	24.6	37.8	23.2	-999.9	2.0	2.6	96429.2	-999.9
Bobo-Dioulasso	2023	3	9	68	22.8	37.4	24.7	-999.9	0.0	1.6	96502.5	-999.9
Bobo-Dioulasso	2023	3	10	69	22.1	37.7	24.0	-999.9	0.0	1.8	96514.2	-999.9
Bobo-Dioulasso	2023	3	11	70	24.9	38.4	22.2	-999.9	0.0	1.7	96423.3	-999.9
Bobo-Dioulasso	2023	3	12	71	27.6	35.7	19.3	-999.9	3.3	2.6	96497.9	-999.9
Bobo-Dioulasso	2023	3	13	72	25.5	37.8	21.8	-999.9	1.7	1.8	96498.6	-999.9
Bobo-Dioulasso	2023	3	14	73	23.4	37.8	23.8	-999.9	0.0	1.8	96384.3	-999.9
Bobo-Dioulasso	2023	3	15	74	23.2	36.6	22.4	-999.9	0.0	2.0	96346.9	-999.9
Bobo-Dioulasso	2023	3	16	75	23.2	37.3	22.4	-999.9	0.0	1.7	96295.5	-999.9
Bobo-Dioulasso	2023	3	17	76	24.6	36.8	21.4	-999.9	0.0	1.6	96347.8	-999.9
Bobo-Dioulasso	2023	3	18	77	24.9	36.8	23.1	-999.9	0.0	2.6	96459.2	-999.9
Bobo-Dioulasso	2023	3	19	78	23.9	36.0	24.1	-999.9	0.0	1.9	96527.9	-999.9
Bobo-Dioulasso	2023	3	20	79	23.7	36.8	24.0	-999.9	0.0	2.1	96457.4	-999.9
Bobo-Dioulasso	2023	3	21	80	25.1	36.0	22.0	-999.9	0.0	2.4	96465.5	-999.9
Bobo-Dioulasso	2023	3	22	81	24.7	34.4	20.2	-999.9	5.3	2.4	96595.5	-999.9
Bobo-Dioulasso	2023	3	23	82	24.4	33.7	20.1	-999.9	0.0	2.2	96657.9	-999.9
Bobo-Dioulasso	2023	3	24	83	23.9	35.8	22.3	-999.9	0.0	1.6	96569.3	-999.9
Bobo-Dioulasso	2023	3	25	84	23.1	36.1	25.0	-999.9	0.0	1.6	96578.5	-999.9
Bobo-Dioulasso	2023	3	26	85	25.0	36.5	23.4	-999.9	0.0	1.7	96565.0	-999.9
Bobo-Dioulasso	2023	3	27	86	27.0	36.3	23.3	-999.9	0.0	2.5	96515.8	-999.9
Bobo-Dioulasso	2023	3	28	87	26.2	36.8	22.2	-999.9	0.0	2.3	96522.1	-999.9
Bobo-Dioulasso	2023	3	29	88	25.4	36.0	21.8	-999.9	6.4	2.1	96654.5	-999.9
Bobo-Dioulasso	2023	3	30	89	25.2	36.6	23.5	-999.9	0.0	2.2	96690.8	-999.9
Bobo-Dioulasso	2023	3	31	90	21.0	36.7	24.6	-999.9	0.0	1.7	96597.1	-999.9
Bobo-Dioulasso	2023	4	1	91	21.7	37.1	24.8	-999.9	0.0	1.9	96559.0	-999.9
Bobo-Dioulasso	2023	4	2	92	22.3	36.7	24.8	-999.9	0.0	1.6	96488.7	-999.9
Bobo-Dioulasso	2023	4	3	93	25.8	36.6	23.8	-999.9	0.0	1.8	96379.7	-999.9
Bobo-Dioulasso	2023	4	4	94	25.6	36.0	22.3	-999.9	0.0	2.1	96312.3	-999.9
Bobo-Dioulasso	2023	4	5	95	26.0	36.7	23.6	-999.9	0.0	2.4	96359.9	-999.9
Bobo-Dioulasso	2023	4	6	96	23.8	31.1	17.7	-999.9	8.3	1.9	96552.4	-999.9
Bobo-Dioulasso	2023	4	7	97	25.1	35.1	23.2	-999.9	5.5	1.6	96463.8	-999.9
Bobo-Dioulasso	2023	4	8	98	24.8	32.6	20.8	-999.9	0.0	1.4	96561.2	-999.9
Bobo-Dioulasso	2023	4	9	99	23.8	36.5	25.5	-999.9	0.0	1.6	96530.1	-999.9
Bobo-Dioulasso	2023	4	10	100	23.0	35.9	24.6	-999.9	0.0	1.7	96563.7	-999.9
Bobo-Dioulasso	2023	4	11	101	24.2	36.9	24.6	-999.9	0.0	2.5	96552.2	-999.9
Bobo-Dioulasso	2023	4	12	102	25.4	37.1	26.2	-999.9	0.0	2.5	96488.0	-999.9
Bobo-Dioulasso	2023	4	13	103	23.3	38.0	25.9	-999.9	0.0	1.8	96445.5	-999.9
Bobo-Dioulasso	2023	4	14	104	23.9	36.7	24.5	-999.9	2.6	1.8	96483.2	-999.9
Bobo-Dioulasso	2023	4	15	105	26.6	37.7	24.4	-999.9	0.0	1.9	96522.3	-999.9
Bobo-Dioulasso	2023	4	16	106	25.9	38.2	24.8	-999.9	0.0	1.6	96370.8	-999.9
Bobo-Dioulasso	2023	4	17	107	24.1	37.4	25.4	-999.9	0.0	1.8	96277.8	-999.9
Bobo-Dioulasso	2023	4	18	108	24.8	38.2	24.9	-999.9	0.0	2.3	96296.8	-999.9
Bobo-Dioulasso	2023	4	19	109	25.9	37.1	22.4	-999.9	0.0	2.2	96484.8	-999.9
Bobo-Dioulasso	2023	4	20	110	26.9	38.3	23.9	-999.9	0.0	2.4	96375.3	-999.9
Bobo-Dioulasso	2023	4	21	111	28.6	38.1	23.3	-999.9	7.0	2.7	96262.8	-999.9
Bobo-Dioulasso	2023	4	22	112	26.5	38.2	24.3	-999.9	3.5	1.7	96178.3	-999.9
Bobo-Dioulasso	2023	4	23	113	24.5	38.5	26.4	-999.9	0.0	2.1	96303.7	-999.9
Bobo-Dioulasso	2023	4	24	114	26.0	37.0	24.1	-999.9	0.0	2.4	96482.2	-999.9
Bobo-Dioulasso	2023	4	25	115	27.8	37.5	23.1	-999.9	3.5	2.0	96474.9	-999.9
Bobo-Dioulasso	2023	4	26	116	26.8	36.6	22.4	-999.9	0.0	2.4	96492.2	-999.9
Bobo-Dioulasso	2023	4	27	117	26.3	37.5	24.7	-999.9	0.0	2.5	96444.8	-999.9
Bobo-Dioulasso	2023	4	28	118	25.9	36.8	24.1	-999.9	0.0	3.0	96604.2	-999.9
Bobo-Dioulasso	2023	4	29	119	26.8	36.8	22.2	-999.9	0.0	2.5	96666.1	-999.9
Bobo-Dioulasso	2023	4	30	120	23.5	33.8	18.4	-999.9	0.0	2.7	96667.3	-999.9
Bobo-Dioulasso	2023	5	1	121	25.5	36.3	24.3	-999.9	0.0	2.5	96562.0	-999.9
Bobo-Dioulasso	2023	5	2	122	25.8	36.9	25.5	-999.9	0.0	2.1	96599.2	-999.9
Bobo-Dioulasso	2023	5	3	123	26.7	37.2	24.9	-999.9	0.0	1.9	96689.0	-999.9
Bobo-Dioulasso	2023	5	4	124	27.7	36.4	23.7	-999.9	3.8	2.0	96781.4	-999.9
Bobo-Dioulasso	2023	5	5	125	24.5	35.7	24.3	-999.9	11.5	2.5	96757.3	-999.9
Bobo-Dioulasso	2023	5	6	126	25.3	36.4	25.2	-999.9	0.0	2.3	96617.7	-999.9
Bobo-Dioulasso	2023	5	7	127	25.5	36.2	23.8	-999.9	0.0	2.3	96600.5	-999.9
Bobo-Dioulasso	2023	5	8	128	24.9	33.2	18.5	-999.9	4.5	2.2	96806.2	-999.9
Bobo-Dioulasso	2023	5	9	129	23.7	35.1	23.3	-999.9	0.0	1.5	96683.9	-999.9
Bobo-Dioulasso	2023	5	10	130	26.4	37.9	24.4	-999.9	0.0	2.3	96415.3	-999.9
Bobo-Dioulasso	2023	5	11	131	26.6	37.2	24.6	-999.9	0.0	3.1	96395.3	-999.9
Bobo-Dioulasso	2023	5	12	132	27.2	35.5	23.9	-999.9	0.0	2.7	96592.1	-999.9
Bobo-Dioulasso	2023	5	13	133	27.0	35.8	23.8	-999.9	0.0	2.1	96740.4	-999.9
Bobo-Dioulasso	2023	5	14	134	27.0	33.9	20.7	-999.9	8.4	2.1	96901.7	-999.9
Bobo-Dioulasso	2023	5	15	135	25.4	34.2	21.2	-999.9	2.8	1.8	96874.5	-999.9
Bobo-Dioulasso	2023	5	16	136	25.9	35.0	23.7	-999.9	0.0	2.2	96672.2	-999.9
Bobo-Dioulasso	2023	5	17	137	26.1	36.0	24.7	-999.9	2.9	2.2	96624.8	-999.9
Bobo-Dioulasso	2023	5	18	138	26.0	33.6	21.7	-999.9	8.6	2.2	96740.1	-999.9
Bobo-Dioulasso	2023	5	19	139	25.6	35.2	22.6	-999.9	0.0	1.6	96699.4	-999.9
Bobo-Dioulasso	2023	5	20	140	26.0	35.2	22.8	-999.9	0.0	2.3	96654.0	-999.9
Bobo-Dioulasso	2023	5	21	141	25.8	34.2	22.0	-999.9	4.6	2.4	96710.6	-999.9
Bobo-Dioulasso	2023	5	22	142	25.0	33.1	19.2	-999.9	6.9	1.7	96680.9	-999.9
Bobo-Dioulasso	2023	5	23	143	25.4	34.2	23.5	-999.9	0.0	2.1	96650.9	-999.9
Bobo-Dioulasso	2023	5	24	144	26.5	36.1	24.1	-999.9	0.0	1.9	96578.1	-999.9
Bobo-Dioulasso	2023	5	25	145	25.6	32.9	21.3	-999.9	6.9	1.9	96672.9	-999.9
Bobo-Dioulasso	2023	5	26	146	24.6	36.2	25.4	-999.9	0.0	2.0	96624.3	-999.9
Bobo-Dioulasso	2023	5	27	147	25.7	37.9	25.1	-999.9	0.0	2.8	96524.0	-999.9
Bobo-Dioulasso	2023	5	28	148	26.1	36.5	24.7	-999.9	0.0	2.5	96573.6	-999.9
Bobo-Dioulasso	2023	5	29	149	26.4	36.2	24.9	-999.9	0.0	2.6	96580.7	-999.9
Bobo-Dioulasso	2023	5	30	150	26.9	35.6	24.2	-999.9	6.5	2.3	96708.0	-999.9
Bobo-Dioulasso	2023	5	31	151	26.9	35.4	23.7	-999.9	6.5	2.5	96718.4	-999.9
Bobo-Dioulasso	2023	6	1	152	25.3	35.6	23.5	-999.9	8.3	2.6	96650.4	-999.9
Bobo-Dioulasso	2023	6	2	153	25.6	34.8	22.3	-999.9	0.0	2.6	96611.0	-999.9
Bobo-Dioulasso	2023	6	3	154	24.6	33.0	22.2	-999.9	0.0	2.8	96753.4	-999.9
Bobo-Dioulasso	2023	6	4	155	25.2	34.2	23.6	-999.9	4.1	2.2	96826.7	-999.9
Bobo-Dioulasso	2023	6	5	156	24.6	33.9	23.7	-999.9	8.3	2.0	96784.9	-999.9
Bobo-Dioulasso	2023	6	6	157	25.3	35.0	24.4	-999.9	0.0	2.1	96697.9	-999.9
Bobo-Dioulasso	2023	6	7	158	24.7	34.3	24.6	-999.9	0.0	2.8	96781.4	-999.9
Bobo-Dioulasso	2023	6	8	159	24.6	34.3	24.5	-999.9	0.0	3.2	96818.5	-999.9
Bobo-Dioulasso	2023	6	9	160	25.6	35.0	24.7	-999.9	0.0	2.9	96732.8	-999.9
Bobo-Dioulasso	2023	6	10	161	25.1	33.4	19.7	-999.9	10.5	2.4	96720.7	-999.9
Bobo-Dioulasso	2023	6	11	162	24.7	31.3	18.7	-999.9	0.0	2.7	96797.2	-999.9
Bobo-Dioulasso	2023	6	12	163	23.7	32.2	21.5	-999.9	0.0	2.6	96911.2	-999.9
Bobo-Dioulasso	2023	6	13	164	23.5	31.1	17.3	-999.9	6.3	2.2	96878.0	-999.9
Bobo-Dioulasso	2023	6	14	165	23.8	31.0	22.0	-999.9	0.0	2.1	96830.1	-999.9
Bobo-Dioulasso	2023	6	15	166	23.4	30.5	21.2	-999.9	18.8	1.6	96834.1	-999.9
Bobo-Dioulasso	2023	6	16	167	23.5	31.1	21.5	-999.9	0.0	1.7	96841.0	-999.9
Bobo-Dioulasso	2023	6	17	168	23.7	31.3	22.7	-999.9	0.0	1.5	96836.5	-999.9
Bobo-Dioulasso	2023	6	18	169	24.5	32.9	24.0	-999.9	10.5	2.1	96814.4	-999.9
Bobo-Dioulasso	2023	6	19	170	24.5	33.7	24.6	-999.9	10.5	2.6	96780.0	-999.9
Bobo-Dioulasso	2023	6	20	171	23.5	32.2	20.4	-999.9	21.0	2.0	96756.7	-999.9
Bobo-Dioulasso	2023	6	21	172	23.9	31.7	21.4	-999.9	0.0	2.3	96786.0	-999.9
Bobo-Dioulasso	2023	6	22	173	23.4	32.0	21.0	-999.9	0.0	2.4	96878.7	-999.9
Bobo-Dioulasso	2023	6	23	174	23.7	33.4	24.3	-999.9	0.0	2.2	96755.6	-999.9
Bobo-Dioulasso	2023	6	24	175	24.3	33.2	24.2	-999.9	6.5	2.5	96668.0	-999.9
Bobo-Dioulasso	2023	6	25	176	23.0	29.8	17.3	-999.9	6.5	2.1	96817.1	-999.9
Bobo-Dioulasso	2023	6	26	177	22.5	30.4	21.3	-999.9	0.0	2.1	96852.5	-999.9
Bobo-Dioulasso	2023	6	27	178	22.8	30.0	21.0	-999.9	0.0	1.9	96853.8	-999.9
Bobo-Dioulasso	2023	6	28	179	23.3	30.8	21.8	-999.9	27.6	1.8	96855.2	-999.9
Bobo-Dioulasso	2023	6	29	180	23.8	30.2	20.8	-999.9	13.8	1.7	96948.6	-999.9
Bobo-Dioulasso	2023	6	30	181	22.4	29.0	17.2	-999.9	0.0	1.6	97028.4	-999.9
Bobo-Dioulasso	2023	7	1	182	23.5	30.2	21.8	-999.9	0.0	1.3	96929.6	-999.9
Bobo-Dioulasso	2023	7	2	183	23.2	30.3	21.9	-999.9	0.0	1.2	96901.9	-999.9
Bobo-Dioulasso	2023	7	3	184	23.1	30.6	21.6	-999.9	9.3	2.2	97004.3	-999.9
Bobo-Dioulasso	2023	7	4	185	23.1	31.2	23.3	-999.9	0.0	1.6	96999.1	-999.9
Bobo-Dioulasso	2023	7	5	186	24.1	30.7	21.9	-999.9	9.3	1.8	96958.7	-999.9
Bobo-Dioulasso	2023	7	6	187	23.7	31.0	22.6	-999.9	0.0	1.9	96765.2	-999.9
Bobo-Dioulasso	2023	7	7	188	23.8	32.1	24.6	-999.9	10.4	2.1	96862.1	-999.9
Bobo-Dioulasso	2023	7	8	189	23.3	30.9	18.1	-999.9	15.7	1.6	96884.7	-999.9
Bobo-Dioulasso	2023	7	9	190	23.0	31.6	23.3	-999.9	0.0	1.9	96906.2	-999.9
Bobo-Dioulasso	2023	7	10	191	23.8	31.0	22.7	-999.9	5.2	2.0	96919.9	-999.9
Bobo-Dioulasso	2023	7	11	192	23.0	30.3	20.4	-999.9	0.0	1.5	96815.8	-999.9
Bobo-Dioulasso	2023	7	12	193	23.8	31.7	22.6	-999.9	19.3	1.7	96689.0	-999.9
Bobo-Dioulasso	2023	7	13	194	23.2	30.2	20.5	-999.9	0.0	2.0	96747.3	-999.9
Bobo-Dioulasso	2023	7	14	195	23.4	30.6	21.9	-999.9	0.0	2.3	96850.4	-999.9
Bobo-Dioulasso	2023	7	15	196	23.6	30.5	18.8	-999.9	0.0	1.8	96923.2	-999.9
Bobo-Dioulasso	2023	7	16	197	22.9	28.7	17.2	-999.9	0.0	1.3	96866.6	-999.9
Bobo-Dioulasso	2023	7	17	198	23.0	30.2	21.9	-999.9	0.0	1.3	96941.7	-999.9
Bobo-Dioulasso	2023	7	18	199	22.7	30.6	23.1	-999.9	0.0	1.4	97034.8	-999.9
Bobo-Dioulasso	2023	7	19	200	24.2	30.6	22.7	-999.9	23.1	2.2	96994.0	-999.9
Bobo-Dioulasso	2023	7	20	201	24.2	31.4	23.2	-999.9	0.0	2.7	96890.9	-999.9
Bobo-Dioulasso	2023	7	21	202	23.9	30.8	21.7	-999.9	0.0	2.4	96868.5	-999.9
Bobo-Dioulasso	2023	7	22	203	23.1	29.9	16.5	-999.9	11.6	2.0	96948.6	-999.9
Bobo-Dioulasso	2023	7	23	204	22.4	29.1	18.9	-999.9	0.0	1.8	97086.2	-999.9
Bobo-Dioulasso	2023	7	24	205	22.8	29.2	18.2	-999.9	5.8	1.3	97058.8	-999.9
Bobo-Dioulasso	2023	7	25	206	22.6	29.4	20.5	-999.9	0.0	1.6	96933.2	-999.9
Bobo-Dioulasso	2023	7	26	207	22.7	30.3	22.1	-999.9	0.0	1.6	96864.5	-999.9
Bobo-Dioulasso	2023	7	27	208	24.0	30.7	22.6	-999.9	0.0	1.9	96878.0	-999.9
Bobo-Dioulasso	2023	7	28	209	24.1	29.6	17.7	-999.9	4.7	2.4	96887.3	-999.9
Bobo-Dioulasso	2023	7	29	210	22.8	28.4	16.5	-999.9	0.0	2.0	97008.4	-999.9
Bobo-Dioulasso	2023	7	30	211	22.7	29.4	20.3	-999.9	0.0	1.7	97116.5	-999.9
Bobo-Dioulasso	2023	7	31	212	22.5	28.7	13.0	-999.9	14.1	2.1	97075.2	-999.9
Bobo-Dioulasso	2023	8	1	213	23.0	29.9	20.1	-999.9	15.5	2.0	96931.9	-999.9
Bobo-Dioulasso	2023	8	2	214	22.8	28.6	15.4	-999.9	0.0	2.4	96959.7	-999.9
Bobo-Dioulasso	2023	8	3	215	22.3	28.8	14.0	-999.9	0.0	2.2	97002.8	-999.9
Bobo-Dioulasso	2023	8	4	216	23.1	30.3	19.7	-999.9	7.8	1.6	96927.3	-999.9
Bobo-Dioulasso	2023	8	5	217	23.7	30.1	21.9	-999.9	23.3	2.1	97025.8	-999.9
Bobo-Dioulasso	2023	8	6	218	23.8	28.1	14.0	-999.9	33.4	2.5	97119.4	-999.9
Bobo-Dioulasso	2023	8	7	219	23.0	28.5	17.3	-999.9	8.4	1.9	97029.2	-999.9
Bobo-Dioulasso	2023	8	8	220	23.1	29.2	18.7	-999.9	0.0	1.6	96850.3	-999.9
Bobo-Dioulasso	2023	8	9	221	22.7	29.3	19.6	-999.9	25.1	2.4	96724.9	-999.9
Bobo-Dioulasso	2023	8	10	222	22.7	24.1	5.4	-999.9	0.0	1.9	96750.8	-999.9
Bobo-Dioulasso	2023	8	11	223	21.9	28.2	18.1	-999.9	0.0	1.8	96843.1	-999.9
Bobo-Dioulasso	2023	8	12	224	22.2	28.7	19.6	-999.9	5.2	1.7	96748.1	-999.9
Bobo-Dioulasso	2023	8	13	225	22.4	27.3	12.4	-999.9	20.9	2.0	96686.0	-999.9
Bobo-Dioulasso	2023	8	14	226	22.5	27.0	12.2	-999.9	15.7	1.8	96681.5	-999.9
Bobo-Dioulasso	2023	8	15	227	22.3	28.6	19.0	-999.9	0.0	2.6	96831.6	-999.9
Bobo-Dioulasso	2023	8	16	228	22.1	29.0	19.3	-999.9	0.0	1.6	96954.6	-999.9
Bobo-Dioulasso	2023	8	17	229	22.4	28.8	17.7	-999.9	16.5	1.5	96821.7	-999.9
Bobo-Dioulasso	2023	8	18	230	21.8	29.2	20.9	-999.9	0.0	1.9	96683.8	-999.9
Bobo-Dioulasso	2023	8	19	231	22.5	28.0	14.6	-999.9	0.0	2.1	96831.4	-999.9
Bobo-Dioulasso	2023	8	20	232	21.6	30.5	23.8	-999.9	11.0	1.7	96763.5	-999.9
Bobo-Dioulasso	2023	8	21	233	22.7	29.5	17.1	-999.9	0.0	1.2	96724.7	-999.9
Bobo-Dioulasso	2023	8	22	234	22.2	28.6	15.6	-999.9	0.0	1.5	96680.5	-999.9
Bobo-Dioulasso	2023	8	23	235	22.4	29.5	21.3	-999.9	24.0	1.4	96683.8	-999.9
Bobo-Dioulasso	2023	8	24	236	23.1	30.3	19.5	-999.9	0.0	1.5	96683.5	-999.9
Bobo-Dioulasso	2023	8	25	237	22.5	30.1	22.9	-999.9	0.0	1.3	96642.5	-999.9
Bobo-Dioulasso	2023	8	26	238	23.4	29.2	17.2	-999.9	47.9	1.8	96615.6	-999.9
Bobo-Dioulasso	2023	8	27	239	23.0	28.9	18.6	-999.9	0.0	2.6	96764.3	-999.9
Bobo-Dioulasso	2023	8	28	240	23.0	29.8	20.0	-999.9	24.0	1.6	96975.0	-999.9
Bobo-Dioulasso	2023	8	29	241	22.5	27.5	17.1	-999.9	12.0	1.9	96987.5	-999.9
Bobo-Dioulasso	2023	8	30	242	21.2	30.1	21.3	-999.9	12.0	2.3	96935.0	-999.9
Bobo-Dioulasso	2023	8	31	243	23.2	30.5	20.6	-999.9	12.0	1.2	96840.5	-999.9
Bobo-Dioulasso	2023	9	1	244	23.0	29.9	21.3	-999.9	0.0	1.7	96845.8	-999.9
Bobo-Dioulasso	2023	9	2	245	23.4	30.1	21.8	-999.9	21.9	2.3	96758.4	-999.9
Bobo-Dioulasso	2023	9	3	246	22.3	26.9	13.3	-999.9	11.0	1.7	96728.8	-999.9
Bobo-Dioulasso	2023	9	4	247	21.8	28.2	16.1	-999.9	0.0	2.3	96888.6	-999.9
Bobo-Dioulasso	2023	9	5	248	21.9	28.5	17.6	-999.9	0.0	1.4	96872.7	-999.9
Bobo-Dioulasso	2023	9	6	249	22.4	26.7	14.3	-999.9	24.5	1.5	96902.4	-999.9
Bobo-Dioulasso	2023	9	7	250	21.0	29.8	23.0	-999.9	0.0	1.5	96905.8	-999.9
Bobo-Dioulasso	2023	9	8	251	21.6	30.9	24.7	-999.9	0.0	1.4	96852.8	-999.9
Bobo-Dioulasso	2023	9	9	252	23.3	29.3	19.3	-999.9	0.0	1.5	96902.5	-999.9
Bobo-Dioulasso	2023	9	10	253	22.0	29.1	21.9	-999.9	12.2	1.6	97005.9	-999.9
Bobo-Dioulasso	2023	9	11	254	22.0	30.8	24.8	-999.9	0.0	1.7	96871.0	-999.9
Bobo-Dioulasso	2023	9	12	255	23.9	31.3	23.1	-999.9	6.8	2.0	96674.2	-999.9
Bobo-Dioulasso	2023	9	13	256	23.5	29.5	17.4	-999.9	20.4	2.3	96670.6	-999.9
Bobo-Dioulasso	2023	9	14	257	23.0	29.1	19.9	-999.9	0.0	1.6	96734.6	-999.9
Bobo-Dioulasso	2023	9	15	258	22.7	28.9	18.2	-999.9	13.6	1.0	96804.8	-999.9
Bobo-Dioulasso	2023	9	16	259	22.6	29.4	20.4	-999.9	22.0	1.6	96786.5	-999.9
Bobo-Dioulasso	2023	9	17	260	22.3	29.0	17.3	-999.9	43.9	1.6	96786.5	-999.9
Bobo-Dioulasso	2023	9	18	261	22.7	28.1	15.6	-999.9	0.0	2.0	96724.4	-999.9
Bobo-Dioulasso	2023	9	19	262	22.7	29.2	19.0	-999.9	0.0	1.7	96748.8	-999.9
Bobo-Dioulasso	2023	9	20	263	22.0	29.4	20.9	-999.9	0.0	1.6	96795.1	-999.9
Bobo-Dioulasso	2023	9	21	264	22.4	30.2	22.2	-999.9	11.0	1.2	96769.1	-999.9
Bobo-Dioulasso	2023	9	22	265	22.9	29.8	21.4	-999.9	0.0	1.7	96758.1	-999.9
Bobo-Dioulasso	2023	9	23	266	22.6	30.9	24.1	-999.9	5.5	1.8	96779.6	-999.9
Bobo-Dioulasso	2023	9	24	267	22.3	30.0	22.8	-999.9	5.5	1.6	96892.1	-999.9
Bobo-Dioulasso	2023	9	25	268	23.2	30.7	22.5	-999.9	5.5	1.6	96888.0	-999.9
Bobo-Dioulasso	2023	9	26	269	22.6	29.3	21.2	-999.9	0.0	1.7	96837.5	-999.9
Bobo-Dioulasso	2023	9	27	270	22.5	31.4	23.7	-999.9	0.0	1.6	96697.0	-999.9
Bobo-Dioulasso	2023	9	28	271	23.8	31.2	23.3	-999.9	5.2	1.9	96597.5	-999.9
Bobo-Dioulasso	2023	9	29	272	23.7	31.9	24.1	-999.9	15.6	1.8	96753.1	-999.9
Bobo-Dioulasso	2023	9	30	273	23.0	31.7	23.0	-999.9	0.0	1.2	96755.1	-999.9
Bobo-Dioulasso	2023	10	1	274	23.7	32.1	23.1	-999.9	0.0	1.7	96669.7	-999.9
Bobo-Dioulasso	2023	10	2	275	24.5	31.2	21.7	-999.9	8.0	1.6	96678.1	-999.9
Bobo-Dioulasso	2023	10	3	276	23.0	30.8	20.5	-999.9	16.0	1.4	96683.7	-999.9
Bobo-Dioulasso	2023	10	4	277	23.3	29.5	17.4	-999.9	8.0	1.6	96763.3	-999.9
Bobo-Dioulasso	2023	10	5	278	23.3	29.6	14.4	-999.9	0.0	1.4	96769.8	-999.9
Bobo-Dioulasso	2023	10	6	279	22.7	31.3	22.5	-999.9	0.0	1.4	96761.9	-999.9
Bobo-Dioulasso	2023	10	7	280	23.7	31.3	21.8	-999.9	0.0	1.5	96745.3	-999.9
Bobo-Dioulasso	2023	10	8	281	24.0	30.9	22.1	-999.9	0.0	1.9	96842.8	-999.9
Bobo-Dioulasso	2023	10	9	282	23.0	30.9	21.4	-999.9	0.0	1.9	96952.3	-999.9
Bobo-Dioulasso	2023	10	10	283	23.0	30.4	14.6	-999.9	20.7	1.4	96902.6	-999.9
Bobo-Dioulasso	2023	10	11	284	23.6	31.2	21.4	-999.9	0.0	1.7	96834.6	-999.9
Bobo-Dioulasso	2023	10	12	285	22.7	30.2	19.4	-999.9	9.9	1.4	96875.4	-999.9
Bobo-Dioulasso	2023	10	13	286	22.5	29.8	20.0	-999.9	0.0	1.3	96907.3	-999.9
Bobo-Dioulasso	2023	10	14	287	23.3	32.1	22.8	-999.9	0.0	1.3	96862.6	-999.9
Bobo-Dioulasso	2023	10	15	288	23.2	32.3	22.5	-999.9	4.9	1.4	96738.9	-999.9
Bobo-Dioulasso	2023	10	16	289	24.0	31.5	21.8	-999.9	0.0	2.0	96692.0	-999.9
Bobo-Dioulasso	2023	10	17	290	22.7	30.5	19.7	-999.9	4.1	1.6	96867.3	-999.9
Bobo-Dioulasso	2023	10	18	291	22.4	31.9	21.8	-999.9	2.1	1.3	96914.7	-999.9
Bobo-Dioulasso	2023	10	19	292	23.8	33.0	22.0	-999.9	0.0	1.4	96842.7	-999.9
Bobo-Dioulasso	2023	10	20	293	24.2	32.6	22.0	-999.9	2.1	1.8	96806.0	-999.9
Bobo-Dioulasso	2023	10	21	294	23.9	31.9	20.2	-999.9	0.0	1.7	96799.4	-999.9
Bobo-Dioulasso	2023	10	22	295	22.4	32.6	21.0	-999.9	0.0	1.2	96731.5	-999.9
Bobo-Dioulasso	2023	10	23	296	22.8	33.0	21.3	-999.9	0.0	1.2	96668.8	-999.9
Bobo-Dioulasso	2023	10	24	297	23.3	33.5	21.8	-999.9	0.0	1.4	96645.5	-999.9
Bobo-Dioulasso	2023	10	25	298	24.0	33.2	20.7	-999.9	0.0	1.7	96649.8	-999.9
Bobo-Dioulasso	2023	10	26	299	23.8	33.4	20.5	-999.9	0.0	1.7	96671.0	-999.9
Bobo-Dioulasso	2023	10	27	300	24.4	32.4	18.3	-999.9	4.1	2.0	96672.8	-999.9
Bobo-Dioulasso	2023	10	28	301	23.8	32.2	20.3	-999.9	0.0	1.8	96606.8	-999.9
Bobo-Dioulasso	2023	10	29	302	22.0	32.6	19.4	-999.9	0.0	1.4	96525.7	-999.9
Bobo-Dioulasso	2023	10	30	303	23.0	34.0	20.1	-999.9	0.0	1.6	96467.3	-999.9
Bobo-Dioulasso	2023	10	31	304	22.7	34.8	20.6	-999.9	0.0	1.9	96490.7	-999.9
Bobo-Dioulasso	2023	11	1	305	24.4	33.2	21.1	-999.9	3.7	1.8	96700.1	-999.9
Bobo-Dioulasso	2023	11	2	306	24.0	33.7	20.5	-999.9	0.0	1.5	96721.3	-999.9
Bobo-Dioulasso	2023	11	3	307	23.7	34.2	21.5	-999.9	0.0	1.6	96591.9	-999.9
Bobo-Dioulasso	2023	11	4	308	24.4	33.4	19.7	-999.9	0.0	2.0	96580.2	-999.9
Bobo-Dioulasso	2023	11	5	309	23.9	32.9	19.6	-999.9	0.0	1.7	96672.9	-999.9
Bobo-Dioulasso	2023	11	6	310	23.7	33.6	20.2	-999.9	0.0	1.6	96733.5	-999.9
Bobo-Dioulasso	2023	11	7	311	23.8	33.7	20.2	-999.9	0.0	1.8	96634.8	-999.9
Bobo-Dioulasso	2023	11	8	312	24.5	32.6	19.2	-999.9	0.0	1.9	96612.8	-999.9
Bobo-Dioulasso	2023	11	9	313	24.5	32.5	18.1	-999.9	0.0	1.8	96669.0	-999.9
Bobo-Dioulasso	2023	11	10	314	24.2	33.3	20.4	-999.9	4.2	1.6	96708.3	-999.9
Bobo-Dioulasso	2023	11	11	315	23.9	33.6	19.7	-999.9	0.0	1.3	96728.9	-999.9
Bobo-Dioulasso	2023	11	12	316	23.6	34.0	21.3	-999.9	0.0	1.8	96727.4	-999.9
Bobo-Dioulasso	2023	11	13	317	19.8	34.2	22.0	-999.9	0.0	1.5	96772.9	-999.9
Bobo-Dioulasso	2023	11	14	318	19.9	34.2	22.1	-999.9	0.0	2.1	96737.4	-999.9
Bobo-Dioulasso	2023	11	15	319	18.9	34.2	22.0	-999.9	0.0	1.9	96671.6	-999.9
Bobo-Dioulasso	2023	11	16	320	20.2	34.4	21.5	-999.9	0.0	1.7	96644.4	-999.9
Bobo-Dioulasso	2023	11	17	321	23.7	33.6	18.7	-999.9	0.0	1.9	96678.5	-999.9
Bobo-Dioulasso	2023	11	18	322	25.0	34.3	19.9	-999.9	0.0	1.8	96767.1	-999.9
Bobo-Dioulasso	2023	11	19	323	22.2	34.1	20.0	-999.9	0.0	2.1	96798.8	-999.9
Bobo-Dioulasso	2023	11	20	324	21.1	34.3	21.3	-999.9	0.0	2.3	96757.1	-999.9
Bobo-Dioulasso	2023	11	21	325	20.0	34.1	21.5	-999.9	0.0	2.0	96724.2	-999.9
Bobo-Dioulasso	2023	11	22	326	19.6	34.1	21.3	-999.9	0.0	1.6	96620.5	-999.9
Bobo-Dioulasso	2023	11	23	327	20.5	33.6	19.5	-999.9	0.0	1.8	96624.9	-999.9
Bobo-Dioulasso	2023	11	24	328	20.6	33.1	20.9	-999.9	0.0	1.8	96575.7	-999.9
Bobo-Dioulasso	2023	11	25	329	20.4	32.9	20.4	-999.9	0.0	1.6	96536.6	-999.9
Bobo-Dioulasso	2023	11	26	330	23.7	32.3	18.5	-999.9	0.0	1.9	96728.8	-999.9
Bobo-Dioulasso	2023	11	27	331	23.4	32.2	17.6	-999.9	0.0	1.6	96868.8	-999.9
Bobo-Dioulasso	2023	11	28	332	24.8	33.2	16.9	-999.9	0.0	1.4	96713.9	-999.9
Bobo-Dioulasso	2023	11	29	333	24.2	33.7	19.5	-999.9	0.0	1.7	96654.3	-999.9
Bobo-Dioulasso	2023	11	30	334	22.3	33.9	20.0	-999.9	0.0	1.3	96736.1	-999.9
Bobo-Dioulasso	2023	12	1	335	23.2	34.5	19.2	-999.9	0.0	1.8	96770.9	-999.9
Bobo-Dioulasso	2023	12	2	336	21.8	35.0	20.7	-999.9	0.0	1.6	96773.9	-999.9
Bobo-Dioulasso	2023	12	3	337	21.1	34.4	20.8	-999.9	0.0	1.7	96768.7	-999.9
Bobo-Dioulasso	2023	12	4	338	20.7	34.1	20.9	-999.9	0.0	2.3	96802.4	-999.9
Bobo-Dioulasso	2023	12	5	339	19.3	33.7	20.9	-999.9	0.0	2.2	96801.8	-999.9
Bobo-Dioulasso	2023	12	6	340	18.8	34.0	21.0	-999.9	0.0	1.9	96794.4	-999.9
Bobo-Dioulasso	2023	12	7	341	19.2	33.7	20.7	-999.9	0.0	1.6	96853.4	-999.9
Bobo-Dioulasso	2023	12	8	342	19.4	33.3	19.9	-999.9	0.0	2.0	96911.1	-999.9
Bobo-Dioulasso	2023	12	9	343	20.0	33.2	20.6	-999.9	0.0	2.3	96762.3	-999.9
Bobo-Dioulasso	2023	12	10	344	19.4	33.2	20.9	-999.9	0.0	2.2	96758.4	-999.9
Bobo-Dioulasso	2023	12	11	345	18.4	33.3	21.0	-999.9	0.0	2.3	96762.8	-999.9
Bobo-Dioulasso	2023	12	12	346	18.1	32.4	20.9	-999.9	0.0	2.3	96871.3	-999.9
Bobo-Dioulasso	2023	12	13	347	18.0	31.0	21.0	-999.9	0.0	2.1	96844.4	-999.9
Bobo-Dioulasso	2023	12	14	348	16.2	31.4	20.9	-999.9	0.0	1.9	96779.8	-999.9
Bobo-Dioulasso	2023	12	15	349	18.3	32.1	20.4	-999.9	0.0	2.2	96752.6	-999.9
Bobo-Dioulasso	2023	12	16	350	18.7	32.1	20.0	-999.9	0.0	2.1	96699.7	-999.9
Bobo-Dioulasso	2023	12	17	351	19.9	32.1	18.6	-999.9	0.0	2.3	96723.7	-999.9
Bobo-Dioulasso	2023	12	18	352	19.3	30.8	18.8	-999.9	0.0	2.8	96835.7	-999.9
Bobo-Dioulasso	2023	12	19	353	16.7	29.7	20.9	-999.9	0.0	2.8	96967.5	-999.9
Bobo-Dioulasso	2023	12	20	354	16.5	28.8	20.6	-999.9	0.0	2.7	97104.3	-999.9
Bobo-Dioulasso	2023	12	21	355	16.1	29.2	20.7	-999.9	0.0	2.3	96975.5	-999.9
Bobo-Dioulasso	2023	12	22	356	16.2	31.3	20.6	-999.9	0.0	2.0	96943.1	-999.9
Bobo-Dioulasso	2023	12	23	357	17.8	33.8	20.4	-999.9	0.0	2.0	96906.1	-999.9
Bobo-Dioulasso	2023	12	24	358	20.3	34.4	20.2	-999.9	0.0	2.3	96944.2	-999.9
Bobo-Dioulasso	2023	12	25	359	18.9	33.0	20.9	-999.9	0.0	2.1	96904.4	-999.9
Bobo-Dioulasso	2023	12	26	360	17.4	32.6	21.0	-999.9	0.0	2.1	96864.6	-999.9
Bobo-Dioulasso	2023	12	27	361	16.7	32.4	21.0	-999.9	0.0	2.0	96869.9	-999.9
Bobo-Dioulasso	2023	12	28	362	16.7	32.8	21.1	-999.9	0.0	1.9	96979.2	-999.9
Bobo-Dioulasso	2023	12	29	363	16.9	32.2	21.1	-999.9	0.0	2.1	96915.4	-999.9
Bobo-Dioulasso	2023	12	30	364	16.5	33.2	21.0	-999.9	0.0	2.0	96843.8	-999.9
Bobo-Dioulasso	2023	12	31	365	17.1	33.7	20.9	-999.9	0.0	2.0	96838.8	-999.9
