Bobo-Dioulasso	1995	1	1	1	17.3	31.8	20.8	-999.9	0.0	2.0	96897.2	-999.9
Bobo-Dioulasso	1995	1	2	2	17.6	32.4	20.8	-999.9	0.0	2.0	96896.1	-999.9
Bobo-Dioulasso	1995	1	3	3	17.8	32.6	20.9	-999.9	0.0	2.2	96824.9	-999.9
Bobo-Dioulasso	1995	1	4	4	17.4	32.0	21.0	-999.9	0.0	2.3	96684.8	-999.9
Bobo-Dioulasso	1995	1	5	5	16.5	32.9	21.1	-999.9	0.0	2.3	96728.1	-999.9
Bobo-Dioulasso	1995	1	6	6	18.1	31.4	21.2	-999.9	0.0	2.9	96931.1	-999.9
Bobo-Dioulasso	1995	1	7	7	16.5	30.1	21.3	-999.9	0.0	2.4	96905.1	-999.9
Bobo-Dioulasso	1995	1	8	8	15.4	30.1	21.0	-999.9	0.0	2.3	96907.9	-999.9
Bobo-Dioulasso	1995	1	9	9	17.0	30.2	21.2	-999.9	0.0	3.1	96871.3	-999.9
Bobo-Dioulasso	1995	1	10	10	16.0	28.3	21.3	-999.9	0.0	3.2	96979.4	-999.9
Bobo-Dioulasso	1995	1	11	11	14.1	27.1	21.4	-999.9	0.0	2.8	97017.6	-999.9
Bobo-Dioulasso	1995	1	12	12	13.7	28.1	21.5	-999.9	0.0	2.1	96971.0	-999.9
Bobo-Dioulasso	1995	1	13	13	14.7	29.9	21.5	-999.9	0.0	2.1	96930.2	-999.9
Bobo-Dioulasso	1995	1	14	14	15.8	31.2	21.5	-999.9	0.0	2.4	96923.9	-999.9
Bobo-Dioulasso	1995	1	15	15	16.1	32.2	21.4	-999.9	0.0	2.2	96929.3	-999.9
Bobo-Dioulasso	1995	1	16	16	17.6	32.0	21.2	-999.9	0.0	2.4	96956.8	-999.9
Bobo-Dioulasso	1995	1	17	17	17.9	31.6	21.6	-999.9	0.0	2.8	96980.4	-999.9
Bobo-Dioulasso	1995	1	18	18	17.1	31.2	21.7	-999.9	0.0	2.8	97045.2	-999.9
Bobo-Dioulasso	1995	1	19	19	16.8	31.6	21.7	-999.9	0.0	2.7	97099.6	-999.9
Bobo-Dioulasso	1995	1	20	20	17.3	32.1	21.5	-999.9	0.0	2.5	97063.3	-999.9
Bobo-Dioulasso	1995	1	21	21	17.4	32.6	21.6	-999.9	0.0	2.5	96945.8	-999.9
Bobo-Dioulasso	1995	1	22	22	18.2	33.2	21.4	-999.9	0.0	2.5	96880.6	-999.9
Bobo-Dioulasso	1995	1	23	23	18.8	33.9	21.7	-999.9	0.0	2.7	96887.2	-999.9
Bobo-Dioulasso	1995	1	24	24	18.5	33.1	21.8	-999.9	0.0	2.8	96955.8	-999.9
Bobo-Dioulasso	1995	1	25	25	17.8	31.8	21.8	-999.9	0.0	2.6	96963.3	-999.9
Bobo-Dioulasso	1995	1	26	26	17.0	31.3	22.1	-999.9	0.0	2.5	96909.5	-999.9
Bobo-Dioulasso	1995	1	27	27	16.9	31.8	21.9	-999.9	0.0	2.2	96844.8	-999.9
Bobo-Dioulasso	1995	1	28	28	18.0	32.9	21.9	-999.9	0.0	2.2	96841.5	-999.9
Bobo-Dioulasso	1995	1	29	29	19.0	33.6	21.7	-999.9	0.9	2.4	96799.5	-999.9
Bobo-Dioulasso	1995	1	30	30	18.9	32.5	21.2	-999.9	0.0	2.5	96818.5	-999.9
Bobo-Dioulasso	1995	1	31	31	19.2	32.7	21.9	-999.9	0.0	2.6	96710.4	-999.9
Bobo-Dioulasso	1995	2	1	32	18.2	32.6	22.2	-999.9	0.0	2.8	96732.4	-999.9
Bobo-Dioulasso	1995	2	2	33	18.9	32.6	22.4	-999.9	0.0	2.7	96806.2	-999.9
Bobo-Dioulasso	1995	2	3	34	18.6	33.4	21.6	-999.9	0.0	2.4	96836.0	-999.9
Bobo-Dioulasso	1995	2	4	35	21.6	29.3	13.7	-999.9	1.0	2.5	96943.4	-999.9
Bobo-Dioulasso	1995	2	5	36	20.8	30.9	18.4	-999.9	0.0	2.4	96998.6	-999.9
Bobo-Dioulasso	1995	2	6	37	19.3	33.1	22.3	-999.9	0.0	2.6	97005.3	-999.9
Bobo-Dioulasso	1995	2	7	38	18.6	33.2	22.5	-999.9	0.0	2.5	97098.5	-999.9
Bobo-Dioulasso	1995	2	8	39	18.3	33.0	22.7	-999.9	0.0	2.3	97098.3	-999.9
Bobo-Dioulasso	1995	2	9	40	17.9	33.9	22.7	-999.9	0.0	1.9	96936.5	-999.9
Bobo-Dioulasso	1995	2	10	41	18.2	34.5	22.7	-999.9	0.0	2.1	96826.7	-999.9
Bobo-Dioulasso	1995	2	11	42	19.5	33.0	23.0	-999.9	1.0	2.7	96849.3	-999.9
Bobo-Dioulasso	1995	2	12	43	18.5	31.6	22.6	-999.9	0.0	3.0	96975.1	-999.9
Bobo-Dioulasso	1995	2	13	44	18.2	32.5	23.1	-999.9	0.0	2.8	97038.1	-999.9
Bobo-Dioulasso	1995	2	14	45	17.9	32.4	23.3	-999.9	0.0	2.6	96999.3	-999.9
Bobo-Dioulasso	1995	2	15	46	18.4	33.8	23.5	-999.9	0.0	2.5	96861.0	-999.9
Bobo-Dioulasso	1995	2	16	47	18.8	34.7	23.4	-999.9	0.0	2.4	96748.8	-999.9
Bobo-Dioulasso	1995	2	17	48	19.3	35.1	23.6	-999.9	0.0	2.2	96719.8	-999.9
Bobo-Dioulasso	1995	2	18	49	19.5	35.1	23.7	-999.9	0.0	2.2	96647.3	-999.9
Bobo-Dioulasso	1995	2	19	50	20.1	35.4	23.7	-999.9	0.0	2.4	96559.8	-999.9
Bobo-Dioulasso	1995	2	20	51	20.4	35.3	23.8	-999.9	0.0	2.4	96564.5	-999.9
Bobo-Dioulasso	1995	2	21	52	20.5	35.8	24.1	-999.9	0.0	2.5	96590.1	-999.9
Bobo-Dioulasso	1995	2	22	53	20.5	36.0	24.0	-999.9	0.0	2.8	96577.2	-999.9
Bobo-Dioulasso	1995	2	23	54	20.9	35.7	24.0	-999.9	0.0	2.9	96593.2	-999.9
Bobo-Dioulasso	1995	2	24	55	20.5	35.9	24.1	-999.9	0.0	2.5	96669.2	-999.9
Bobo-Dioulasso	1995	2	25	56	21.0	35.7	24.1	-999.9	0.0	2.4	96692.3	-999.9
Bobo-Dioulasso	1995	2	26	57	19.8	36.2	24.2	-999.9	0.0	1.9	96615.6	-999.9
Bobo-Dioulasso	1995	2	27	58	19.6	36.4	24.1	-999.9	0.0	1.8	96530.0	-999.9
Bobo-Dioulasso	1995	2	28	59	21.2	35.5	20.9	-999.9	0.0	2.1	96569.9	-999.9
Bobo-Dioulasso	1995	3	1	60	25.4	33.1	15.2	-999.9	0.0	2.2	96773.3	-999.9
Bobo-Dioulasso	1995	3	2	61	23.8	35.8	20.1	-999.9	0.0	2.4	96736.1	-999.9
Bobo-Dioulasso	1995	3	3	62	23.3	36.1	24.1	-999.9	0.0	3.2	96705.2	-999.9
Bobo-Dioulasso	1995	3	4	63	23.3	36.2	23.9	-999.9	0.0	2.9	96746.0	-999.9
Bobo-Dioulasso	1995	3	5	64	23.8	36.9	24.2	-999.9	0.0	2.9	96642.7	-999.9
Bobo-Dioulasso	1995	3	6	65	23.9	37.1	24.4	-999.9	0.0	2.7	96479.2	-999.9
Bobo-Dioulasso	1995	3	7	66	22.0	36.8	24.6	-999.9	0.0	1.9	96386.1	-999.9
Bobo-Dioulasso	1995	3	8	67	23.5	37.6	24.6	-999.9	0.0	2.3	96422.8	-999.9
Bobo-Dioulasso	1995	3	9	68	22.2	37.3	23.5	-999.9	0.0	2.2	96476.8	-999.9
Bobo-Dioulasso	1995	3	10	69	23.6	37.6	23.2	-999.9	0.0	2.1	96453.8	-999.9
Bobo-Dioulasso	1995	3	11	70	26.5	36.6	20.3	-999.9	0.0	2.6	96416.5	-999.9
Bobo-Dioulasso	1995	3	12	71	26.1	33.5	19.6	-999.9	5.4	2.3	96412.6	-999.9
Bobo-Dioulasso	1995	3	13	72	24.9	34.5	17.8	-999.9	0.0	1.8	96427.1	-999.9
Bobo-Dioulasso	1995	3	14	73	25.0	36.4	21.0	-999.9	0.0	1.7	96351.7	-999.9
Bobo-Dioulasso	1995	3	15	74	24.6	37.2	24.1	-999.9	0.0	2.4	96328.8	-999.9
Bobo-Dioulasso	1995	3	16	75	24.3	37.8	23.0	-999.9	0.0	2.1	96298.2	-999.9
Bobo-Dioulasso	1995	3	17	76	26.4	36.7	20.4	-999.9	6.3	2.0	96446.7	-999.9
Bobo-Dioulasso	1995	3	18	77	26.2	37.8	22.0	-999.9	0.0	2.1	96582.1	-999.9
Bobo-Dioulasso	1995	3	19	78	25.5	36.3	21.6	-999.9	0.0	1.8	96675.0	-999.9
Bobo-Dioulasso	1995	3	20	79	25.4	38.5	24.5	-999.9	0.0	1.6	96574.3	-999.9
Bobo-Dioulasso	1995	3	21	80	24.2	37.9	23.5	-999.9	0.0	1.9	96471.0	-999.9
Bobo-Dioulasso	1995	3	22	81	26.3	35.7	18.3	-999.9	0.0	3.0	96411.2	-999.9
Bobo-Dioulasso	1995	3	23	82	25.5	31.7	17.9	-999.9	0.0	1.9	96532.2	-999.9
Bobo-Dioulasso	1995	3	24	83	24.8	35.1	22.4	-999.9	0.0	1.7	96507.3	-999.9
Bobo-Dioulasso	1995	3	25	84	25.0	36.2	21.8	-999.9	0.0	2.0	96512.2	-999.9
Bobo-Dioulasso	1995	3	26	85	25.0	36.2	18.5	-999.9	0.0	2.1	96521.2	-999.9
Bobo-Dioulasso	1995	3	27	86	26.4	34.1	18.7	-999.9	0.0	1.6	96566.3	-999.9
Bobo-Dioulasso	1995	3	28	87	24.6	37.5	24.5	-999.9	0.0	1.5	96471.4	-999.9
Bobo-Dioulasso	1995	3	29	88	22.8	38.1	24.9	-999.9	0.0	1.8	96457.2	-999.9
Bobo-Dioulasso	1995	3	30	89	26.7	37.9	23.7	-999.9	0.0	2.2	96339.4	-999.9
Bobo-Dioulasso	1995	3	31	90	26.7	38.4	22.0	-999.9	5.4	2.3	96342.0	-999.9
Bobo-Dioulasso	1995	4	1	91	25.2	33.5	13.8	-999.9	5.9	2.6	96564.7	-999.9
Bobo-Dioulasso	1995	4	2	92	25.3	38.6	22.5	-999.9	0.0	2.0	96352.6	-999.9
Bobo-Dioulasso	1995	4	3	93	26.0	37.6	22.1	-999.9	0.0	2.9	96342.1	-999.9
Bobo-Dioulasso	1995	4	4	94	25.9	37.0	21.5	-999.9	0.0	2.8	96425.3	-999.9
Bobo-Dioulasso	1995	4	5	95	24.0	34.3	21.8	-999.9	3.0	1.6	96571.9	-999.9
Bobo-Dioulasso	1995	4	6	96	25.0	36.2	23.3	-999.9	0.0	1.8	96472.0	-999.9
Bobo-Dioulasso	1995	4	7	97	26.1	36.6	22.4	-999.9	0.0	1.5	96375.7	-999.9
Bobo-Dioulasso	1995	4	8	98	26.4	35.2	18.3	-999.9	3.5	2.6	96307.8	-999.9
Bobo-Dioulasso	1995	4	9	99	25.6	36.6	22.6	-999.9	3.5	2.4	96258.6	-999.9
Bobo-Dioulasso	1995	4	10	100	24.3	35.3	20.4	-999.9	0.0	1.6	96346.2	-999.9
Bobo-Dioulasso	1995	4	11	101	24.3	34.5	23.3	-999.9	5.2	1.4	96488.6	-999.9
Bobo-Dioulasso	1995	4	12	102	26.0	35.8	23.3	-999.9	0.0	1.7	96404.9	-999.9
Bobo-Dioulasso	1995	4	13	103	24.9	37.3	23.3	-999.9	5.2	1.8	96277.8	-999.9
Bobo-Dioulasso	1995	4	14	104	26.0	36.8	23.0	-999.9	0.0	2.9	96329.5	-999.9
Bobo-Dioulasso	1995	4	15	105	26.4	35.9	23.3	-999.9	0.0	2.5	96293.5	-999.9
Bobo-Dioulasso	1995	4	16	106	24.7	32.0	19.2	-999.9	3.8	1.7	96396.9	-999.9
Bobo-Dioulasso	1995	4	17	107	23.8	31.2	17.2	-999.9	3.8	2.2	96541.9	-999.9
Bobo-Dioulasso	1995	4	18	108	24.2	32.1	18.0	-999.9	0.0	1.2	96527.4	-999.9
Bobo-Dioulasso	1995	4	19	109	24.6	35.7	22.8	-999.9	0.0	1.8	96362.6	-999.9
Bobo-Dioulasso	1995	4	20	110	24.9	37.7	22.8	-999.9	0.0	2.1	96225.8	-999.9
Bobo-Dioulasso	1995	4	21	111	25.1	34.5	20.9	-999.9	5.6	2.7	96278.1	-999.9
Bobo-Dioulasso	1995	4	22	112	25.6	34.1	18.2	-999.9	3.2	2.4	96430.7	-999.9
Bobo-Dioulasso	1995	4	23	113	23.7	34.1	22.1	-999.9	11.3	2.0	96495.6	-999.9
Bobo-Dioulasso	1995	4	24	114	24.1	31.8	20.1	-999.9	0.0	2.2	96577.9	-999.9
Bobo-Dioulasso	1995	4	25	115	24.3	35.3	24.7	-999.9	0.0	2.1	96466.7	-999.9
Bobo-Dioulasso	1995	4	26	116	25.6	36.3	24.1	-999.9	8.0	1.8	96432.3	-999.9
Bobo-Dioulasso	1995	4	27	117	23.6	30.3	13.4	-999.9	16.0	1.7	96613.1	-999.9
Bobo-Dioulasso	1995	4	28	118	24.5	36.3	24.0	-999.9	4.0	2.1	96520.8	-999.9
Bobo-Dioulasso	1995	4	29	119	24.8	38.6	24.8	-999.9	0.0	2.0	96396.9	-999.9
Bobo-Dioulasso	1995	4	30	120	25.7	36.3	23.6	-999.9	0.0	2.8	96395.7	-999.9
Bobo-Dioulasso	1995	5	1	121	25.2	35.8	22.6	-999.9	6.6	2.8	96319.9	-999.9
Bobo-Dioulasso	1995	5	2	122	24.3	34.8	21.9	-999.9	0.0	2.7	96428.7	-999.9
Bobo-Dioulasso	1995	5	3	123	23.3	31.2	16.1	-999.9	13.2	1.9	96635.5	-999.9
Bobo-Dioulasso	1995	5	4	124	24.8	35.1	24.7	-999.9	0.0	2.2	96626.0	-999.9
Bobo-Dioulasso	1995	5	5	125	25.7	34.1	24.4	-999.9	6.6	2.6	96560.0	-999.9
Bobo-Dioulasso	1995	5	6	126	25.0	34.5	22.8	-999.9	0.0	2.0	96349.7	-999.9
Bobo-Dioulasso	1995	5	7	127	25.5	34.2	23.6	-999.9	0.0	2.1	96478.2	-999.9
Bobo-Dioulasso	1995	5	8	128	25.2	35.9	24.2	-999.9	0.0	2.3	96656.1	-999.9
Bobo-Dioulasso	1995	5	9	129	25.1	33.3	17.7	-999.9	0.0	2.3	96762.0	-999.9
Bobo-Dioulasso	1995	5	10	130	24.4	34.5	22.9	-999.9	0.0	1.7	96695.2	-999.9
Bobo-Dioulasso	1995	5	11	131	23.2	28.7	13.4	-999.9	6.2	1.3	96759.4	-999.9
Bobo-Dioulasso	1995	5	12	132	23.8	32.5	22.6	-999.9	12.4	1.2	96650.2	-999.9
Bobo-Dioulasso	1995	5	13	133	23.4	31.8	22.7	-999.9	12.4	1.9	96692.4	-999.9
Bobo-Dioulasso	1995	5	14	134	23.7	32.0	18.2	-999.9	12.4	2.3	96663.7	-999.9
Bobo-Dioulasso	1995	5	15	135	24.5	34.1	24.6	-999.9	0.0	2.3	96603.4	-999.9
Bobo-Dioulasso	1995	5	16	136	25.5	34.3	22.4	-999.9	3.9	2.0	96522.3	-999.9
Bobo-Dioulasso	1995	5	17	137	24.4	34.4	22.7	-999.9	7.8	2.2	96562.0	-999.9
Bobo-Dioulasso	1995	5	18	138	25.2	34.3	23.4	-999.9	0.0	2.2	96535.8	-999.9
Bobo-Dioulasso	1995	5	19	139	24.4	33.8	21.9	-999.9	0.0	1.7	96606.9	-999.9
Bobo-Dioulasso	1995	5	20	140	25.8	36.0	24.1	-999.9	0.0	1.9	96563.7	-999.9
Bobo-Dioulasso	1995	5	21	141	26.4	36.6	23.8	-999.9	5.2	2.1	96422.6	-999.9
Bobo-Dioulasso	1995	5	22	142	24.9	35.4	23.5	-999.9	9.1	2.2	96346.7	-999.9
Bobo-Dioulasso	1995	5	23	143	23.6	32.6	22.7	-999.9	0.0	2.4	96482.7	-999.9
Bobo-Dioulasso	1995	5	24	144	24.4	33.1	23.6	-999.9	0.0	2.5	96578.5	-999.9
Bobo-Dioulasso	1995	5	25	145	24.4	31.0	17.6	-999.9	10.4	2.3	96775.6	-999.9
Bobo-Dioulasso	1995	5	26	146	23.9	34.6	23.2	-999.9	0.0	1.7	96689.5	-999.9
Bobo-Dioulasso	1995	5	27	147	23.3	33.2	23.7	-999.9	3.1	1.8	96677.4	-999.9
Bobo-Dioulasso	1995	5	28	148	24.9	31.7	20.8	-999.9	0.0	2.3	96703.5	-999.9
Bobo-Dioulasso	1995	5	29	149	22.8	32.7	23.8	-999.9	3.1	2.2	96733.9	-999.9
Bobo-Dioulasso	1995	5	30	150	24.1	32.6	23.9	-999.9	0.0	2.1	96750.2	-999.9
Bobo-Dioulasso	1995	5	31	151	22.6	31.2	23.1	-999.9	0.0	2.1	96763.3	-999.9
Bobo-Dioulasso	1995	6	1	152	24.4	32.8	23.9	-999.9	0.0	2.0	96746.2	-999.9
Bobo-Dioulasso	1995	6	2	153	24.3	33.1	22.9	-999.9	0.0	1.5	96705.8	-999.9
Bobo-Dioulasso	1995	6	3	154	23.6	33.7	23.8	-999.9	0.0	2.0	96685.7	-999.9
Bobo-Dioulasso	1995	6	4	155	23.6	32.2	17.6	-999.9	0.0	2.8	96716.1	-999.9
Bobo-Dioulasso	1995	6	5	156	24.6	34.3	23.8	-999.9	5.5	2.2	96653.8	-999.9
Bobo-Dioulasso	1995	6	6	157	23.6	31.4	21.2	-999.9	30.0	2.2	96661.1	-999.9
Bobo-Dioulasso	1995	6	7	158	23.5	32.1	21.7	-999.9	0.0	1.9	96780.1	-999.9
Bobo-Dioulasso	1995	6	8	159	23.7	31.0	19.2	-999.9	11.4	1.8	96904.1	-999.9
Bobo-Dioulasso	1995	6	9	160	23.4	31.5	21.6	-999.9	0.0	2.2	96885.7	-999.9
Bobo-Dioulasso	1995	6	10	161	23.2	33.3	24.5	-999.9	0.0	2.4	96792.9	-999.9
Bobo-Dioulasso	1995	6	11	162	24.4	34.7	24.0	-999.9	0.0	1.9	96656.7	-999.9
Bobo-Dioulasso	1995	6	12	163	25.6	35.0	23.9	-999.9	12.8	2.2	96610.1	-999.9
Bobo-Dioulasso	1995	6	13	164	24.9	34.0	23.4	-999.9	8.5	2.2	96805.3	-999.9
Bobo-Dioulasso	1995	6	14	165	23.8	33.1	23.3	-999.9	0.0	2.5	96849.5	-999.9
Bobo-Dioulasso	1995	6	15	166	24.9	34.6	23.0	-999.9	0.0	2.2	96778.0	-999.9
Bobo-Dioulasso	1995	6	16	167	23.4	33.4	22.7	-999.9	0.0	2.4	96651.2	-999.9
Bobo-Dioulasso	1995	6	17	168	24.7	33.0	22.1	-999.9	28.8	2.4	96678.8	-999.9
Bobo-Dioulasso	1995	6	18	169	23.9	32.9	23.5	-999.9	0.0	2.6	96738.1	-999.9
Bobo-Dioulasso	1995	6	19	170	24.7	34.0	23.7	-999.9	0.0	2.7	96683.4	-999.9
Bobo-Dioulasso	1995	6	20	171	23.2	31.6	16.7	-999.9	0.0	3.1	96656.4	-999.9
Bobo-Dioulasso	1995	6	21	172	23.5	31.4	20.9	-999.9	10.0	2.8	96795.9	-999.9
Bobo-Dioulasso	1995	6	22	173	22.9	32.3	22.2	-999.9	0.0	1.7	96880.5	-999.9
Bobo-Dioulasso	1995	6	23	174	23.4	32.1	17.9	-999.9	20.1	1.8	96699.6	-999.9
Bobo-Dioulasso	1995	6	24	175	23.3	31.4	22.2	-999.9	0.0	2.5	96635.8	-999.9
Bobo-Dioulasso	1995	6	25	176	22.9	29.9	15.7	-999.9	40.2	2.8	96669.3	-999.9
Bobo-Dioulasso	1995	6	26	177	22.6	28.2	17.8	-999.9	7.3	2.9	96841.3	-999.9
Bobo-Dioulasso	1995	6	27	178	21.9	28.8	15.9	-999.9	0.0	2.4	97041.6	-999.9
Bobo-Dioulasso	1995	6	28	179	22.6	31.6	23.1	-999.9	0.0	2.1	96861.9	-999.9
Bobo-Dioulasso	1995	6	29	180	22.7	32.6	23.6	-999.9	0.0	3.0	96584.0	-999.9
Bobo-Dioulasso	1995	6	30	181	24.0	31.5	20.3	-999.9	7.3	3.4	96651.0	-999.9
Bobo-Dioulasso	1995	7	1	182	22.4	28.8	15.1	-999.9	0.0	2.0	96890.1	-999.9
Bobo-Dioulasso	1995	7	2	183	22.2	29.8	18.9	-999.9	13.3	1.9	96910.9	-999.9
Bobo-Dioulasso	1995	7	3	184	22.4	31.0	20.4	-999.9	0.0	2.5	96815.9	-999.9
Bobo-Dioulasso	1995	7	4	185	23.2	28.3	13.6	-999.9	19.9	2.9	96671.6	-999.9
Bobo-Dioulasso	1995	7	5	186	22.1	28.4	19.0	-999.9	0.0	2.9	96815.3	-999.9
Bobo-Dioulasso	1995	7	6	187	21.6	29.2	18.3	-999.9	0.0	2.3	96882.9	-999.9
Bobo-Dioulasso	1995	7	7	188	22.6	29.3	18.8	-999.9	0.0	2.5	96700.8	-999.9
Bobo-Dioulasso	1995	7	8	189	22.7	28.9	15.2	-999.9	0.0	3.1	96657.2	-999.9
Bobo-Dioulasso	1995	7	9	190	22.5	28.6	14.9	-999.9	0.0	2.5	96845.7	-999.9
Bobo-Dioulasso	1995	7	10	191	21.9	29.1	18.5	-999.9	49.4	1.8	96914.9	-999.9
Bobo-Dioulasso	1995	7	11	192	21.4	30.1	23.4	-999.9	0.0	1.8	96769.9	-999.9
Bobo-Dioulasso	1995	7	12	193	23.1	30.9	21.6	-999.9	0.0	1.7	96750.2	-999.9
Bobo-Dioulasso	1995	7	13	194	22.4	30.2	17.8	-999.9	43.5	1.7	96709.6	-999.9
Bobo-Dioulasso	1995	7	14	195	21.7	29.6	17.4	-999.9	0.0	2.3	96705.9	-999.9
Bobo-Dioulasso	1995	7	15	196	22.1	30.3	19.6	-999.9	0.0	2.4	96748.7	-999.9
Bobo-Dioulasso	1995	7	16	197	23.0	31.0	21.3	-999.9	0.0	2.7	96575.3	-999.9
Bobo-Dioulasso	1995	7	17	198	23.4	28.1	15.1	-999.9	0.0	3.2	96545.4	-999.9
Bobo-Dioulasso	1995	7	18	199	22.6	29.4	19.0	-999.9	0.0	2.3	96751.3	-999.9
Bobo-Dioulasso	1995	7	19	200	23.2	30.9	21.4	-999.9	0.0	1.8	96811.0	-999.9
Bobo-Dioulasso	1995	7	20	201	23.5	30.0	14.1	-999.9	19.1	1.8	96699.2	-999.9
Bobo-Dioulasso	1995	7	21	202	22.8	29.4	19.0	-999.9	15.9	2.1	96712.1	-999.9
Bobo-Dioulasso	1995	7	22	203	23.1	28.9	17.5	-999.9	0.0	2.1	96805.5	-999.9
Bobo-Dioulasso	1995	7	23	204	22.1	30.3	19.7	-999.9	0.0	1.8	96753.3	-999.9
Bobo-Dioulasso	1995	7	24	205	21.9	29.1	18.2	-999.9	0.0	1.9	96780.8	-999.9
Bobo-Dioulasso	1995	7	25	206	22.3	30.0	22.3	-999.9	0.0	2.2	96649.4	-999.9
Bobo-Dioulasso	1995	7	26	207	22.7	29.0	19.0	-999.9	6.3	2.6	96596.4	-999.9
Bobo-Dioulasso	1995	7	27	208	21.8	28.7	17.6	-999.9	6.3	2.1	96668.5	-999.9
Bobo-Dioulasso	1995	7	28	209	21.4	29.5	20.5	-999.9	0.0	2.0	96732.2	-999.9
Bobo-Dioulasso	1995	7	29	210	22.3	29.6	19.5	-999.9	12.7	1.5	96674.3	-999.9
Bobo-Dioulasso	1995	7	30	211	21.7	28.1	15.7	-999.9	12.7	1.1	96502.7	-999.9
Bobo-Dioulasso	1995	7	31	212	21.7	28.6	18.7	-999.9	0.0	2.0	96438.5	-999.9
Bobo-Dioulasso	1995	8	1	213	22.2	29.4	21.2	-999.9	19.2	2.1	96566.8	-999.9
Bobo-Dioulasso	1995	8	2	214	22.1	28.4	16.5	-999.9	6.4	1.7	96741.8	-999.9
Bobo-Dioulasso	1995	8	3	215	21.7	25.9	9.5	-999.9	6.4	1.6	96769.6	-999.9
Bobo-Dioulasso	1995	8	4	216	21.3	29.2	20.8	-999.9	12.8	1.8	96598.8	-999.9
Bobo-Dioulasso	1995	8	5	217	22.1	28.3	16.9	-999.9	0.0	2.1	96677.0	-999.9
Bobo-Dioulasso	1995	8	6	218	21.9	27.9	14.2	-999.9	23.6	1.5	96842.3	-999.9
Bobo-Dioulasso	1995	8	7	219	21.9	30.3	22.2	-999.9	11.8	1.4	96714.0	-999.9
Bobo-Dioulasso	1995	8	8	220	22.0	29.1	16.1	-999.9	27.0	2.7	96569.4	-999.9
Bobo-Dioulasso	1995	8	9	221	22.3	26.8	11.9	-999.9	0.0	2.8	96578.0	-999.9
Bobo-Dioulasso	1995	8	10	222	21.3	29.3	20.1	-999.9	0.0	1.9	96778.8	-999.9
Bobo-Dioulasso	1995	8	11	223	22.0	28.7	19.0	-999.9	0.0	1.4	96812.1	-999.9
Bobo-Dioulasso	1995	8	12	224	22.1	26.9	14.2	-999.9	0.0	1.3	96717.4	-999.9
Bobo-Dioulasso	1995	8	13	225	21.9	28.2	18.8	-999.9	0.0	2.1	96597.7	-999.9
Bobo-Dioulasso	1995	8	14	226	21.8	28.5	18.0	-999.9	22.1	2.1	96597.2	-999.9
Bobo-Dioulasso	1995	8	15	227	22.1	27.9	16.5	-999.9	0.0	2.0	96735.4	-999.9
Bobo-Dioulasso	1995	8	16	228	21.5	26.9	15.2	-999.9	19.0	1.8	96961.0	-999.9
Bobo-Dioulasso	1995	8	17	229	21.5	29.3	22.7	-999.9	19.0	2.0	96834.3	-999.9
Bobo-Dioulasso	1995	8	18	230	22.1	28.6	17.6	-999.9	0.0	1.2	96717.1	-999.9
Bobo-Dioulasso	1995	8	19	231	21.6	29.5	21.4	-999.9	9.5	1.6	96809.9	-999.9
Bobo-Dioulasso	1995	8	20	232	21.7	28.0	16.7	-999.9	0.0	1.6	96926.3	-999.9
Bobo-Dioulasso	1995	8	21	233	21.8	29.0	20.1	-999.9	27.5	1.4	96894.4	-999.9
Bobo-Dioulasso	1995	8	22	234	21.7	28.5	18.2	-999.9	0.0	1.8	96778.6	-999.9
Bobo-Dioulasso	1995	8	23	235	22.1	28.4	19.2	-999.9	27.5	1.7	96812.1	-999.9
Bobo-Dioulasso	1995	8	24	236	22.1	25.8	11.7	-999.9	0.0	1.8	96861.2	-999.9
Bobo-Dioulasso	1995	8	25	237	21.6	27.7	15.6	-999.9	13.8	1.1	96907.5	-999.9
Bobo-Dioulasso	1995	8	26	238	21.7	28.9	16.6	-999.9	0.0	1.3	96878.4	-999.9
Bobo-Dioulasso	1995	8	27	239	21.5	27.8	17.5	-999.9	0.0	1.8	96908.9	-999.9
Bobo-Dioulasso	1995	8	28	240	21.1	29.2	22.3	-999.9	0.0	1.6	96902.9	-999.9
Bobo-Dioulasso	1995	8	29	241	21.9	29.1	20.2	-999.9	0.0	2.0	96928.9	-999.9
Bobo-Dioulasso	1995	8	30	242	22.3	27.7	15.6	-999.9	6.8	1.7	96904.1	-999.9
Bobo-Dioulasso	1995	8	31	243	22.4	27.1	16.1	-999.9	0.0	1.8	96870.1	-999.9
Bobo-Dioulasso	1995	9	1	244	21.5	28.5	20.2	-999.9	0.0	1.7	96882.4	-999.9
Bobo-Dioulasso	1995	9	2	245	21.5	29.3	22.3	-999.9	0.0	1.4	96927.8	-999.9
Bobo-Dioulasso	1995	9	3	246	21.9	28.0	16.6	-999.9	0.0	2.1	97032.7	-999.9
Bobo-Dioulasso	1995	9	4	247	21.8	28.1	15.2	-999.9	0.0	2.0	97009.3	-999.9
Bobo-Dioulasso	1995	9	5	248	21.3	30.1	22.8	-999.9	5.1	1.4	96877.2	-999.9
Bobo-Dioulasso	1995	9	6	249	22.5	28.9	18.5	-999.9	26.7	1.8	96774.7	-999.9
Bobo-Dioulasso	1995	9	7	250	22.4	29.4	19.9	-999.9	8.9	1.8	96720.4	-999.9
Bobo-Dioulasso	1995	9	8	251	22.1	29.4	17.9	-999.9	0.0	1.9	96760.5	-999.9
Bobo-Dioulasso	1995	9	9	252	21.6	28.0	13.6	-999.9	0.0	1.6	96860.5	-999.9
Bobo-Dioulasso	1995	9	10	253	21.2	29.6	22.3	-999.9	0.0	1.4	96785.1	-999.9
Bobo-Dioulasso	1995	9	11	254	22.5	29.4	21.9	-999.9	23.6	1.5	96723.8	-999.9
Bobo-Dioulasso	1995	9	12	255	22.2	30.1	22.3	-999.9	7.9	1.3	96692.6	-999.9
Bobo-Dioulasso	1995	9	13	256	21.9	28.2	16.4	-999.9	0.0	2.1	96756.6	-999.9
Bobo-Dioulasso	1995	9	14	257	21.2	29.2	21.6	-999.9	7.9	1.3	96905.7	-999.9
Bobo-Dioulasso	1995	9	15	258	21.1	29.5	22.3	-999.9	0.0	1.0	96801.5	-999.9
Bobo-Dioulasso	1995	9	16	259	22.2	28.5	18.1	-999.9	0.0	1.7	96728.6	-999.9
Bobo-Dioulasso	1995	9	17	260	21.6	24.5	8.1	-999.9	11.4	2.5	96932.7	-999.9
Bobo-Dioulasso	1995	9	18	261	21.3	28.2	18.9	-999.9	5.7	1.9	97109.1	-999.9
Bobo-Dioulasso	1995	9	19	262	21.2	29.3	22.8	-999.9	0.0	1.2	96992.0	-999.9
Bobo-Dioulasso	1995	9	20	263	22.7	29.3	19.5	-999.9	5.7	1.8	96805.2	-999.9
Bobo-Dioulasso	1995	9	21	264	22.2	28.5	14.5	-999.9	11.1	1.6	96831.9	-999.9
Bobo-Dioulasso	1995	9	22	265	22.3	27.2	12.4	-999.9	22.1	1.8	96931.9	-999.9
Bobo-Dioulasso	1995	9	23	266	22.0	28.9	17.6	-999.9	0.0	1.7	96903.5	-999.9
Bobo-Dioulasso	1995	9	24	267	22.3	27.8	14.6	-999.9	11.1	1.7	96820.9	-999.9
Bobo-Dioulasso	1995	9	25	268	21.9	25.4	8.6	-999.9	11.1	1.5	96781.5	-999.9
Bobo-Dioulasso	1995	9	26	269	21.5	28.5	19.8	-999.9	0.0	1.7	96857.2	-999.9
Bobo-Dioulasso	1995	9	27	270	21.6	29.3	21.3	-999.9	0.0	1.2	96842.1	-999.9
Bobo-Dioulasso	1995	9	28	271	22.3	28.8	18.0	-999.9	0.0	2.4	96780.3	-999.9
Bobo-Dioulasso	1995	9	29	272	23.3	30.7	20.3	-999.9	12.2	2.4	96697.7	-999.9
Bobo-Dioulasso	1995	9	30	273	22.6	29.3	20.1	-999.9	12.2	1.6	96689.6	-999.9
Bobo-Dioulasso	1995	10	1	274	22.5	29.1	20.8	-999.9	4.0	1.5	96707.2	-999.9
Bobo-Dioulasso	1995	10	2	275	22.8	29.5	21.9	-999.9	8.1	1.8	96816.0	-999.9
Bobo-Dioulasso	1995	10	3	276	21.9	27.5	13.5	-999.9	8.1	1.6	96935.9	-999.9
Bobo-Dioulasso	1995	10	4	277	21.2	30.2	22.4	-999.9	0.0	1.4	96844.1	-999.9
Bobo-Dioulasso	1995	10	5	278	22.6	29.5	21.2	-999.9	8.1	1.5	96625.3	-999.9
Bobo-Dioulasso	1995	10	6	279	22.2	30.1	22.8	-999.9	0.0	1.4	96623.5	-999.9
Bobo-Dioulasso	1995	10	7	280	22.0	29.9	22.2	-999.9	7.3	1.3	96690.9	-999.9
Bobo-Dioulasso	1995	10	8	281	22.9	29.8	20.8	-999.9	0.0	1.6	96624.7	-999.9
Bobo-Dioulasso	1995	10	9	282	21.8	25.1	8.7	-999.9	11.0	2.0	96682.4	-999.9
Bobo-Dioulasso	1995	10	10	283	20.4	29.6	21.9	-999.9	0.0	1.3	96689.2	-999.9
Bobo-Dioulasso	1995	10	11	284	21.1	29.8	20.5	-999.9	2.2	1.1	96624.3	-999.9
Bobo-Dioulasso	1995	10	12	285	23.3	29.8	20.4	-999.9	0.0	1.5	96657.6	-999.9
Bobo-Dioulasso	1995	10	13	286	22.8	30.3	22.4	-999.9	0.0	1.5	96748.0	-999.9
Bobo-Dioulasso	1995	10	14	287	22.8	30.3	21.6	-999.9	0.0	1.4	96811.9	-999.9
Bobo-Dioulasso	1995	10	15	288	22.3	31.5	22.4	-999.9	0.0	1.4	96704.7	-999.9
Bobo-Dioulasso	1995	10	16	289	23.1	30.4	20.4	-999.9	0.0	1.7	96602.8	-999.9
Bobo-Dioulasso	1995	10	17	290	22.6	30.6	22.3	-999.9	0.0	1.9	96626.4	-999.9
Bobo-Dioulasso	1995	10	18	291	22.0	30.8	21.9	-999.9	0.0	1.4	96782.7	-999.9
Bobo-Dioulasso	1995	10	19	292	22.4	29.5	19.7	-999.9	0.0	1.3	96744.6	-999.9
Bobo-Dioulasso	1995	10	20	293	22.1	29.6	20.0	-999.9	3.3	1.7	96751.4	-999.9
Bobo-Dioulasso	1995	10	21	294	22.6	30.6	21.2	-999.9	3.3	1.5	96709.2	-999.9
Bobo-Dioulasso	1995	10	22	295	23.2	30.1	20.5	-999.9	0.0	1.5	96728.1	-999.9
Bobo-Dioulasso	1995	10	23	296	22.9	30.4	20.9	-999.9	3.3	1.7	96805.4	-999.9
Bobo-Dioulasso	1995	10	24	297	22.7	32.3	22.9	-999.9	0.0	1.8	96671.7	-999.9
Bobo-Dioulasso	1995	10	25	298	22.7	32.5	22.6	-999.9	0.0	1.9	96552.8	-999.9
Bobo-Dioulasso	1995	10	26	299	23.3	31.4	20.3	-999.9	0.0	2.0	96571.6	-999.9
Bobo-Dioulasso	1995	10	27	300	22.5	30.9	20.4	-999.9	0.0	2.1	96647.7	-999.9
Bobo-Dioulasso	1995	10	28	301	22.2	32.0	20.1	-999.9	0.0	1.7	96675.2	-999.9
Bobo-Dioulasso	1995	10	29	302	22.2	33.7	22.0	-999.9	0.0	1.9	96582.9	-999.9
Bobo-Dioulasso	1995	10	30	303	19.9	32.5	22.4	-999.9	0.0	1.5	96645.4	-999.9
Bobo-Dioulasso	1995	10	31	304	22.4	33.2	20.9	-999.9	0.0	1.5	96761.5	-999.9
Bobo-Dioulasso	1995	11	1	305	22.1	34.4	21.5	-999.9	0.0	1.8	96752.8	-999.9
Bobo-Dioulasso	1995	11	2	306	22.7	32.7	19.4	-999.9	0.0	1.8	96700.5	-999.9
Bobo-Dioulasso	1995	11	3	307	22.5	33.2	21.0	-999.9	0.0	1.4	96637.2	-999.9
Bobo-Dioulasso	1995	11	4	308	22.4	32.7	20.0	-999.9	0.0	1.8	96676.0	-999.9
Bobo-Dioulasso	1995	11	5	309	22.9	31.7	19.1	-999.9	0.0	1.7	96838.1	-999.9
Bobo-Dioulasso	1995	11	6	310	22.5	32.0	18.6	-999.9	12.8	1.4	96866.5	-999.9
Bobo-Dioulasso	1995	11	7	311	22.9	34.4	21.3	-999.9	4.3	1.5	96731.2	-999.9
Bobo-Dioulasso	1995	11	8	312	20.9	33.7	21.3	-999.9	0.0	1.4	96593.9	-999.9
Bobo-Dioulasso	1995	11	9	313	22.3	33.3	20.4	-999.9	0.0	1.6	96542.2	-999.9
Bobo-Dioulasso	1995	11	10	314	21.9	32.4	19.7	-999.9	0.0	1.6	96640.5	-999.9
Bobo-Dioulasso	1995	11	11	315	23.2	33.2	19.7	-999.9	2.1	1.7	96768.7	-999.9
Bobo-Dioulasso	1995	11	12	316	19.9	34.8	22.4	-999.9	0.0	1.7	96802.2	-999.9
Bobo-Dioulasso	1995	11	13	317	18.6	33.8	22.4	-999.9	0.0	1.9	96786.8	-999.9
Bobo-Dioulasso	1995	11	14	318	18.3	33.1	22.4	-999.9	0.0	1.9	96743.3	-999.9
Bobo-Dioulasso	1995	11	15	319	18.1	33.2	22.3	-999.9	0.0	1.8	96703.7	-999.9
Bobo-Dioulasso	1995	11	16	320	18.3	33.4	22.1	-999.9	0.0	1.7	96668.4	-999.9
Bobo-Dioulasso	1995	11	17	321	17.7	33.5	22.2	-999.9	0.0	2.2	96717.8	-999.9
Bobo-Dioulasso	1995	11	18	322	17.6	33.5	22.1	-999.9	0.0	2.4	96816.7	-999.9
Bobo-Dioulasso	1995	11	19	323	17.3	33.3	22.1	-999.9	0.0	2.3	96793.1	-999.9
Bobo-Dioulasso	1995	11	20	324	17.5	32.5	22.2	-999.9	0.0	2.2	96717.0	-999.9
Bobo-Dioulasso	1995	11	21	325	16.9	32.3	22.2	-999.9	0.0	2.3	96742.7	-999.9
Bobo-Dioulasso	1995	11	22	326	16.2	32.6	21.9	-999.9	0.0	2.2	96769.3	-999.9
Bobo-Dioulasso	1995	11	23	327	17.0	32.5	21.8	-999.9	0.0	2.0	96769.2	-999.9
Bobo-Dioulasso	1995	11	24	328	17.5	32.5	21.5	-999.9	0.0	1.6	96724.1	-999.9
Bobo-Dioulasso	1995	11	25	329	17.8	33.0	21.0	-999.9	0.0	1.9	96635.9	-999.9
Bobo-Dioulasso	1995	11	26	330	18.5	32.9	21.1	-999.9	0.0	1.8	96565.2	-999.9
Bobo-Dioulasso	1995	11	27	331	19.3	33.2	21.0	-999.9	0.0	1.7	96609.3	-999.9
Bobo-Dioulasso	1995	11	28	332	19.3	33.4	21.0	-999.9	0.0	1.7	96625.3	-999.9
Bobo-Dioulasso	1995	11	29	333	20.3	33.6	20.1	-999.9	0.0	1.6	96662.2	-999.9
Bobo-Dioulasso	1995	11	30	334	19.3	34.2	21.1	-999.9	0.0	2.3	96645.6	-999.9
Bobo-Dioulasso	1995	12	1	335	18.7	32.7	21.1	-999.9	0.0	1.8	96658.4	-999.9
Bobo-Dioulasso	1995	12	2	336	18.9	31.8	21.0	-999.9	0.0	2.0	96762.5	-999.9
Bobo-Dioulasso	1995	12	3	337	19.7	32.6	20.0	-999.9	0.9	2.0	96806.1	-999.9
Bobo-Dioulasso	1995	12	4	338	21.9	31.9	20.2	-999.9	0.0	2.6	96767.1	-999.9
Bobo-Dioulasso	1995	12	5	339	19.2	32.0	20.6	-999.9	0.0	1.8	96652.9	-999.9
Bobo-Dioulasso	1995	12	6	340	19.3	32.3	20.4	-999.9	0.0	2.0	96682.1	-999.9
Bobo-Dioulasso	1995	12	7	341	18.7	32.6	20.2	-999.9	0.0	1.9	96700.1	-999.9
Bobo-Dioulasso	1995	12	8	342	19.6	32.9	17.3	-999.9	0.5	2.2	96709.0	-999.9
Bobo-Dioulasso	1995	12	9	343	19.3	33.6	19.8	-999.9	0.0	1.9	96575.2	-999.9
Bobo-Dioulasso	1995	12	10	344	20.4	32.1	20.1	-999.9	0.0	3.0	96611.1	-999.9
Bobo-Dioulasso	1995	12	11	345	21.1	32.0	19.5	-999.9	0.0	2.6	96669.0	-999.9
Bobo-Dioulasso	1995	12	12	346	19.6	33.7	20.3	-999.9	0.0	2.0	96598.1	-999.9
Bobo-Dioulasso	1995	12	13	347	19.3	33.4	20.1	-999.9	0.0	1.5	96586.9	-999.9
Bobo-Dioulasso	1995	12	14	348	20.7	33.0	19.5	-999.9	0.0	1.6	96564.6	-999.9
Bobo-Dioulasso	1995	12	15	349	22.2	32.1	18.0	-999.9	0.4	1.8	96631.7	-999.9
Bobo-Dioulasso	1995	12	16	350	23.1	33.0	18.5	-999.9	0.0	3.9	96920.7	-999.9
Bobo-Dioulasso	1995	12	17	351	22.4	34.5	20.3	-999.9	0.0	3.0	96869.1	-999.9
Bobo-Dioulasso	1995	12	18	352	20.7	33.8	20.4	-999.9	0.0	2.5	96856.3	-999.9
Bobo-Dioulasso	1995	12	19	353	20.2	33.7	20.4	-999.9	0.0	2.2	96817.0	-999.9
Bobo-Dioulasso	1995	12	20	354	21.3	33.6	20.2	-999.9	0.0	2.6	96752.4	-999.9
Bobo-Dioulasso	1995	12	21	355	20.9	32.3	20.3	-999.9	0.0	2.1	96775.2	-999.9
Bobo-Dioulasso	1995	12	22	356	19.8	32.3	20.3	-999.9	0.0	2.0	96752.9	-999.9
Bobo-Dioulasso	1995	12	23	357	19.2	32.4	20.3	-999.9	0.0	2.2	96810.1	-999.9
Bobo-Dioulasso	1995	12	24	358	19.3	32.2	20.2	-999.9	0.0	1.9	96922.5	-999.9
Bobo-Dioulasso	1995	12	25	359	23.0	32.5	19.4	-999.9	0.0	2.8	96997.1	-999.9
Bobo-Dioulasso	1995	12	26	360	19.8	30.7	20.4	-999.9	0.0	3.0	97061.5	-999.9
Bobo-Dioulasso	1995	12	27	361	16.8	30.0	21.3	-999.9	0.0	2.4	97008.7	-999.9
Bobo-Dioulasso	1995	12	28	362	17.4	30.9	20.2	-999.9	0.0	2.3	97009.2	-999.9
Bobo-Dioulasso	1995	12	29	363	18.6	31.4	19.4	-999.9	0.0	2.2	96996.8	-999.9
Bobo-Dioulasso	1995	12	30	364	17.3	31.8	20.6	-999.9	0.0	2.2	96954.5	-999.9
Bobo-Dioulasso	1995	12	31	365	17.3	32.6	20.9	-999.9	0.0	2.2	96862.1	-999.9
