Bobo-Dioulasso	2021	1	1	1	18.3	34.6	20.7	-999.9	0.0	1.9	96667.0	-999.9
Bobo-Dioulasso	2021	1	2	2	20.3	34.6	20.6	-999.9	0.0	1.4	96591.3	-999.9
Bobo-Dioulasso	2021	1	3	3	19.0	34.4	20.6	-999.9	0.0	1.6	96591.6	-999.9
Bobo-Dioulasso	2021	1	4	4	19.8	34.8	20.5	-999.9	0.0	1.5	96589.2	-999.9
Bobo-Dioulasso	2021	1	5	5	21.3	35.2	20.8	-999.9	0.0	2.6	96596.2	-999.9
Bobo-Dioulasso	2021	1	6	6	20.7	35.0	21.0	-999.9	0.0	2.7	96655.6	-999.9
Bobo-Dioulasso	2021	1	7	7	21.4	35.4	20.6	-999.9	0.0	2.3	96687.7	-999.9
Bobo-Dioulasso	2021	1	8	8	19.5	35.4	20.9	-999.9	0.0	1.9	96670.0	-999.9
Bobo-Dioulasso	2021	1	9	9	20.8	35.5	20.8	-999.9	0.0	1.9	96626.4	-999.9
Bobo-Dioulasso	2021	1	10	10	20.7	36.2	21.0	-999.9	0.0	2.1	96518.2	-999.9
Bobo-Dioulasso	2021	1	11	11	19.4	34.8	21.1	-999.9	0.0	1.7	96554.8	-999.9
Bobo-Dioulasso	2021	1	12	12	20.4	34.4	21.2	-999.9	0.0	2.3	96702.5	-999.9
Bobo-Dioulasso	2021	1	13	13	19.9	34.4	21.4	-999.9	0.0	2.4	96792.7	-999.9
Bobo-Dioulasso	2021	1	14	14	18.7	33.9	21.6	-999.9	0.0	2.3	96774.8	-999.9
Bobo-Dioulasso	2021	1	15	15	17.7	33.5	21.6	-999.9	0.0	2.2	96686.4	-999.9
Bobo-Dioulasso	2021	1	16	16	18.4	33.2	21.6	-999.9	0.0	2.4	96611.6	-999.9
Bobo-Dioulasso	2021	1	17	17	19.2	33.1	20.9	-999.9	0.0	2.5	96669.1	-999.9
Bobo-Dioulasso	2021	1	18	18	19.4	34.2	21.4	-999.9	0.0	2.6	96721.5	-999.9
Bobo-Dioulasso	2021	1	19	19	19.3	34.4	21.6	-999.9	0.0	2.4	96768.2	-999.9
Bobo-Dioulasso	2021	1	20	20	18.9	34.1	21.8	-999.9	0.0	2.5	96771.5	-999.9
Bobo-Dioulasso	2021	1	21	21	19.7	33.1	22.0	-999.9	0.0	2.6	96815.1	-999.9
Bobo-Dioulasso	2021	1	22	22	18.6	32.8	22.0	-999.9	0.0	2.4	96871.7	-999.9
Bobo-Dioulasso	2021	1	23	23	17.9	32.6	22.0	-999.9	0.0	2.3	96835.2	-999.9
Bobo-Dioulasso	2021	1	24	24	17.1	32.8	22.1	-999.9	0.0	2.2	96744.6	-999.9
Bobo-Dioulasso	2021	1	25	25	17.7	33.8	22.1	-999.9	0.0	2.2	96724.5	-999.9
Bobo-Dioulasso	2021	1	26	26	19.1	34.7	22.0	-999.9	0.0	2.4	96719.3	-999.9
Bobo-Dioulasso	2021	1	27	27	19.1	34.7	22.2	-999.9	0.0	2.4	96713.0	-999.9
Bobo-Dioulasso	2021	1	28	28	19.4	35.0	22.1	-999.9	0.0	2.2	96683.5	-999.9
Bobo-Dioulasso	2021	1	29	29	20.4	35.1	22.1	-999.9	0.0	2.3	96753.2	-999.9
Bobo-Dioulasso	2021	1	30	30	20.4	34.9	22.0	-999.9	0.0	2.4	96763.4	-999.9
Bobo-Dioulasso	2021	1	31	31	20.3	34.3	22.2	-999.9	0.0	2.3	96734.5	-999.9
Bobo-Dioulasso	2021	2	1	32	18.8	34.0	22.4	-999.9	0.0	2.2	96748.3	-999.9
Bobo-Dioulasso	2021	2	2	33	18.7	34.3	22.5	-999.9	0.0	2.1	96783.5	-999.9
Bobo-Dioulasso	2021	2	3	34	19.0	35.2	22.4	-999.9	0.0	2.1	96779.4	-999.9
Bobo-Dioulasso	2021	2	4	35	18.8	35.9	22.2	-999.9	0.0	2.1	96663.6	-999.9
Bobo-Dioulasso	2021	2	5	36	20.1	35.9	22.2	-999.9	0.0	2.3	96678.3	-999.9
Bobo-Dioulasso	2021	2	6	37	21.4	36.0	22.1	-999.9	0.0	2.0	96670.4	-999.9
Bobo-Dioulasso	2021	2	7	38	22.0	36.0	22.1	-999.9	0.0	1.5	96587.0	-999.9
Bobo-Dioulasso	2021	2	8	39	21.3	35.9	22.4	-999.9	0.0	2.5	96618.4	-999.9
Bobo-Dioulasso	2021	2	9	40	21.2	35.9	22.6	-999.9	0.0	2.3	96617.4	-999.9
Bobo-Dioulasso	2021	2	10	41	20.8	36.6	22.8	-999.9	0.0	2.3	96616.8	-999.9
Bobo-Dioulasso	2021	2	11	42	20.7	36.8	22.8	-999.9	0.0	2.2	96589.5	-999.9
Bobo-Dioulasso	2021	2	12	43	20.7	37.3	22.8	-999.9	0.0	2.0	96519.9	-999.9
Bobo-Dioulasso	2021	2	13	44	20.3	37.3	22.8	-999.9	0.0	2.0	96419.2	-999.9
Bobo-Dioulasso	2021	2	14	45	21.3	36.6	22.0	-999.9	0.0	2.0	96368.1	-999.9
Bobo-Dioulasso	2021	2	15	46	22.8	36.7	21.8	-999.9	0.0	2.3	96398.0	-999.9
Bobo-Dioulasso	2021	2	16	47	25.0	36.8	20.6	-999.9	0.0	2.2	96398.5	-999.9
Bobo-Dioulasso	2021	2	17	48	26.1	35.8	21.0	-999.9	0.0	2.5	96527.1	-999.9
Bobo-Dioulasso	2021	2	18	49	25.8	33.6	18.4	-999.9	2.2	1.4	96739.8	-999.9
Bobo-Dioulasso	2021	2	19	50	22.1	34.6	21.7	-999.9	0.0	2.3	96868.9	-999.9
Bobo-Dioulasso	2021	2	20	51	21.8	34.4	21.9	-999.9	0.0	2.3	96929.0	-999.9
Bobo-Dioulasso	2021	2	21	52	21.8	35.1	23.2	-999.9	0.0	2.5	96793.9	-999.9
Bobo-Dioulasso	2021	2	22	53	21.5	34.7	23.9	-999.9	0.0	2.8	96746.7	-999.9
Bobo-Dioulasso	2021	2	23	54	20.9	34.8	24.2	-999.9	0.0	2.5	96778.3	-999.9
Bobo-Dioulasso	2021	2	24	55	20.3	35.3	24.1	-999.9	0.0	2.4	96772.6	-999.9
Bobo-Dioulasso	2021	2	25	56	20.8	35.2	24.1	-999.9	0.0	2.7	96717.2	-999.9
Bobo-Dioulasso	2021	2	26	57	20.7	34.6	24.1	-999.9	0.0	2.3	96656.6	-999.9
Bobo-Dioulasso	2021	2	27	58	19.8	35.3	23.9	-999.9	0.0	2.1	96512.1	-999.9
Bobo-Dioulasso	2021	2	28	59	20.1	36.4	23.9	-999.9	0.0	1.9	96403.4	-999.9
Bobo-Dioulasso	2021	3	1	60	21.1	37.4	23.5	-999.9	0.0	2.2	96394.1	-999.9
Bobo-Dioulasso	2021	3	2	61	24.7	37.7	24.0	-999.9	0.0	2.9	96463.6	-999.9
Bobo-Dioulasso	2021	3	3	62	22.8	38.5	24.2	-999.9	0.0	2.2	96456.2	-999.9
Bobo-Dioulasso	2021	3	4	63	23.4	38.4	24.2	-999.9	0.0	2.4	96392.1	-999.9
Bobo-Dioulasso	2021	3	5	64	23.8	36.9	24.1	-999.9	0.0	1.8	96398.3	-999.9
Bobo-Dioulasso	2021	3	6	65	25.4	36.5	21.5	-999.9	2.5	2.2	96557.1	-999.9
Bobo-Dioulasso	2021	3	7	66	27.1	37.6	21.7	-999.9	0.0	1.9	96567.1	-999.9
Bobo-Dioulasso	2021	3	8	67	27.3	36.6	21.4	-999.9	0.0	2.1	96435.9	-999.9
Bobo-Dioulasso	2021	3	9	68	26.8	37.5	22.0	-999.9	0.0	1.7	96307.7	-999.9
Bobo-Dioulasso	2021	3	10	69	25.7	37.8	24.3	-999.9	0.0	2.4	96364.0	-999.9
Bobo-Dioulasso	2021	3	11	70	22.9	37.1	24.8	-999.9	0.0	1.9	96408.5	-999.9
Bobo-Dioulasso	2021	3	12	71	22.9	35.3	24.9	-999.9	0.0	2.2	96492.0	-999.9
Bobo-Dioulasso	2021	3	13	72	22.7	35.1	24.5	-999.9	0.0	2.4	96610.4	-999.9
Bobo-Dioulasso	2021	3	14	73	22.5	36.2	24.8	-999.9	0.0	1.8	96635.6	-999.9
Bobo-Dioulasso	2021	3	15	74	22.6	36.9	24.0	-999.9	0.0	1.6	96499.8	-999.9
Bobo-Dioulasso	2021	3	16	75	23.6	37.2	24.6	-999.9	0.0	1.6	96381.8	-999.9
Bobo-Dioulasso	2021	3	17	76	25.2	37.2	23.3	-999.9	0.0	1.7	96377.1	-999.9
Bobo-Dioulasso	2021	3	18	77	25.0	36.8	21.9	-999.9	0.0	1.9	96475.4	-999.9
Bobo-Dioulasso	2021	3	19	78	25.9	36.5	22.1	-999.9	0.0	2.0	96442.4	-999.9
Bobo-Dioulasso	2021	3	20	79	26.8	36.5	22.4	-999.9	0.0	2.4	96470.9	-999.9
Bobo-Dioulasso	2021	3	21	80	23.9	35.6	21.4	-999.9	4.7	2.3	96500.2	-999.9
Bobo-Dioulasso	2021	3	22	81	23.5	35.3	19.0	-999.9	3.1	2.5	96470.9	-999.9
Bobo-Dioulasso	2021	3	23	82	24.5	37.2	23.2	-999.9	0.0	1.5	96590.0	-999.9
Bobo-Dioulasso	2021	3	24	83	21.9	37.0	24.9	-999.9	1.6	1.4	96702.0	-999.9
Bobo-Dioulasso	2021	3	25	84	21.9	38.3	25.4	-999.9	0.0	1.7	96609.3	-999.9
Bobo-Dioulasso	2021	3	26	85	21.9	38.4	25.9	-999.9	0.0	2.1	96554.7	-999.9
Bobo-Dioulasso	2021	3	27	86	23.1	37.1	25.4	-999.9	0.0	2.2	96485.5	-999.9
Bobo-Dioulasso	2021	3	28	87	24.3	36.4	23.4	-999.9	0.0	1.9	96619.6	-999.9
Bobo-Dioulasso	2021	3	29	88	23.5	37.0	24.8	-999.9	0.0	2.1	96634.1	-999.9
Bobo-Dioulasso	2021	3	30	89	21.5	37.3	26.4	-999.9	0.0	2.0	96588.1	-999.9
Bobo-Dioulasso	2021	3	31	90	22.7	38.1	26.3	-999.9	0.0	2.0	96469.5	-999.9
Bobo-Dioulasso	2021	4	1	91	22.8	38.3	26.3	-999.9	0.0	2.6	96529.3	-999.9
Bobo-Dioulasso	2021	4	2	92	23.8	38.7	26.7	-999.9	0.0	2.7	96592.2	-999.9
Bobo-Dioulasso	2021	4	3	93	21.5	37.8	26.6	-999.9	0.0	2.2	96538.0	-999.9
Bobo-Dioulasso	2021	4	4	94	21.9	37.7	25.8	-999.9	0.0	1.4	96489.2	-999.9
Bobo-Dioulasso	2021	4	5	95	24.4	38.2	24.9	-999.9	0.0	2.0	96458.8	-999.9
Bobo-Dioulasso	2021	4	6	96	26.8	37.7	22.1	-999.9	0.0	1.9	96444.6	-999.9
Bobo-Dioulasso	2021	4	7	97	26.7	39.0	23.7	-999.9	0.0	2.0	96495.7	-999.9
Bobo-Dioulasso	2021	4	8	98	25.3	40.2	26.4	-999.9	0.0	2.1	96487.8	-999.9
Bobo-Dioulasso	2021	4	9	99	22.7	39.4	25.8	-999.9	0.0	2.0	96390.8	-999.9
Bobo-Dioulasso	2021	4	10	100	25.3	39.4	25.5	-999.9	0.0	1.9	96299.2	-999.9
Bobo-Dioulasso	2021	4	11	101	26.1	38.5	24.4	-999.9	0.0	2.3	96342.0	-999.9
Bobo-Dioulasso	2021	4	12	102	27.1	38.9	25.0	-999.9	0.0	2.5	96465.4	-999.9
Bobo-Dioulasso	2021	4	13	103	28.0	38.1	22.8	-999.9	0.0	2.7	96549.9	-999.9
Bobo-Dioulasso	2021	4	14	104	26.5	37.2	23.3	-999.9	2.0	2.8	96572.0	-999.9
Bobo-Dioulasso	2021	4	15	105	26.2	38.0	25.2	-999.9	0.0	2.2	96461.7	-999.9
Bobo-Dioulasso	2021	4	16	106	27.5	37.9	23.2	-999.9	1.1	2.6	96287.2	-999.9
Bobo-Dioulasso	2021	4	17	107	25.9	34.9	20.1	-999.9	2.2	3.0	96488.9	-999.9
Bobo-Dioulasso	2021	4	18	108	25.8	37.4	24.1	-999.9	0.0	1.8	96540.4	-999.9
Bobo-Dioulasso	2021	4	19	109	25.8	38.0	23.7	-999.9	0.0	2.4	96526.5	-999.9
Bobo-Dioulasso	2021	4	20	110	27.5	38.1	23.8	-999.9	0.0	2.3	96399.2	-999.9
Bobo-Dioulasso	2021	4	21	111	27.3	37.4	23.6	-999.9	0.0	2.6	96453.2	-999.9
Bobo-Dioulasso	2021	4	22	112	26.4	36.9	22.0	-999.9	4.0	2.5	96547.5	-999.9
Bobo-Dioulasso	2021	4	23	113	25.4	36.7	21.4	-999.9	1.3	1.7	96509.5	-999.9
Bobo-Dioulasso	2021	4	24	114	26.0	37.2	24.4	-999.9	0.0	2.3	96388.9	-999.9
Bobo-Dioulasso	2021	4	25	115	24.7	36.6	24.9	-999.9	0.0	2.8	96452.9	-999.9
Bobo-Dioulasso	2021	4	26	116	26.5	37.2	24.1	-999.9	0.0	2.2	96457.8	-999.9
Bobo-Dioulasso	2021	4	27	117	27.5	37.0	23.9	-999.9	7.7	2.4	96344.7	-999.9
Bobo-Dioulasso	2021	4	28	118	26.3	36.6	21.4	-999.9	3.9	2.3	96383.7	-999.9
Bobo-Dioulasso	2021	4	29	119	26.2	36.7	25.1	-999.9	3.9	2.6	96449.8	-999.9
Bobo-Dioulasso	2021	4	30	120	26.6	36.3	23.7	-999.9	0.0	2.5	96421.8	-999.9
Bobo-Dioulasso	2021	5	1	121	26.8	35.5	21.6	-999.9	1.3	1.9	96461.4	-999.9
Bobo-Dioulasso	2021	5	2	122	26.4	36.9	23.1	-999.9	0.0	2.4	96387.8	-999.9
Bobo-Dioulasso	2021	5	3	123	24.6	35.1	21.9	-999.9	5.1	2.2	96422.0	-999.9
Bobo-Dioulasso	2021	5	4	124	25.0	34.9	24.1	-999.9	1.3	2.9	96519.3	-999.9
Bobo-Dioulasso	2021	5	5	125	25.9	36.1	24.0	-999.9	0.0	2.2	96510.6	-999.9
Bobo-Dioulasso	2021	5	6	126	25.6	35.9	24.4	-999.9	15.4	2.7	96614.0	-999.9
Bobo-Dioulasso	2021	5	7	127	25.5	34.0	18.9	-999.9	15.4	2.7	96815.5	-999.9
Bobo-Dioulasso	2021	5	8	128	24.0	35.5	25.6	-999.9	0.0	2.5	96736.7	-999.9
Bobo-Dioulasso	2021	5	9	129	24.4	34.2	23.1	-999.9	0.0	2.6	96744.7	-999.9
Bobo-Dioulasso	2021	5	10	130	25.5	35.2	23.8	-999.9	0.0	2.3	96693.7	-999.9
Bobo-Dioulasso	2021	5	11	131	26.1	36.1	25.0	-999.9	5.1	2.0	96729.4	-999.9
Bobo-Dioulasso	2021	5	12	132	25.3	35.4	22.5	-999.9	10.2	2.5	96746.9	-999.9
Bobo-Dioulasso	2021	5	13	133	25.8	37.2	25.0	-999.9	0.0	2.4	96531.2	-999.9
Bobo-Dioulasso	2021	5	14	134	26.7	37.3	25.3	-999.9	0.0	2.4	96449.2	-999.9
Bobo-Dioulasso	2021	5	15	135	26.8	36.7	24.7	-999.9	5.1	2.4	96544.8	-999.9
Bobo-Dioulasso	2021	5	16	136	26.2	36.0	24.6	-999.9	0.0	2.1	96605.9	-999.9
Bobo-Dioulasso	2021	5	17	137	27.0	37.4	24.9	-999.9	0.0	2.3	96555.3	-999.9
Bobo-Dioulasso	2021	5	18	138	26.9	37.4	25.4	-999.9	0.0	2.9	96602.2	-999.9
Bobo-Dioulasso	2021	5	19	139	26.6	36.1	24.2	-999.9	0.0	2.3	96694.3	-999.9
Bobo-Dioulasso	2021	5	20	140	26.6	36.1	24.2	-999.9	0.0	2.1	96730.5	-999.9
Bobo-Dioulasso	2021	5	21	141	26.8	36.1	24.2	-999.9	0.0	1.9	96698.7	-999.9
Bobo-Dioulasso	2021	5	22	142	26.0	36.4	25.1	-999.9	0.0	2.1	96750.3	-999.9
Bobo-Dioulasso	2021	5	23	143	27.0	36.6	23.9	-999.9	4.4	1.8	96749.0	-999.9
Bobo-Dioulasso	2021	5	24	144	26.2	37.0	23.7	-999.9	0.0	1.3	96703.8	-999.9
Bobo-Dioulasso	2021	5	25	145	26.8	35.4	20.2	-999.9	17.7	2.2	96716.5	-999.9
Bobo-Dioulasso	2021	5	26	146	26.1	36.3	24.8	-999.9	0.0	2.0	96649.8	-999.9
Bobo-Dioulasso	2021	5	27	147	27.0	36.4	24.5	-999.9	0.0	2.5	96571.2	-999.9
Bobo-Dioulasso	2021	5	28	148	25.8	34.9	23.6	-999.9	13.7	2.3	96582.2	-999.9
Bobo-Dioulasso	2021	5	29	149	25.6	35.2	24.4	-999.9	0.0	1.8	96605.1	-999.9
Bobo-Dioulasso	2021	5	30	150	27.2	35.4	23.7	-999.9	0.0	2.2	96541.2	-999.9
Bobo-Dioulasso	2021	5	31	151	25.3	33.7	19.0	-999.9	0.0	2.5	96634.6	-999.9
Bobo-Dioulasso	2021	6	1	152	24.4	34.4	23.8	-999.9	13.4	2.7	96612.6	-999.9
Bobo-Dioulasso	2021	6	2	153	24.0	35.3	24.7	-999.9	0.0	2.0	96619.3	-999.9
Bobo-Dioulasso	2021	6	3	154	26.1	34.8	23.9	-999.9	13.4	2.0	96714.8	-999.9
Bobo-Dioulasso	2021	6	4	155	24.7	35.2	24.8	-999.9	0.0	2.1	96712.4	-999.9
Bobo-Dioulasso	2021	6	5	156	24.4	35.2	24.5	-999.9	0.0	2.5	96661.7	-999.9
Bobo-Dioulasso	2021	6	6	157	25.8	34.6	24.0	-999.9	13.5	2.3	96547.6	-999.9
Bobo-Dioulasso	2021	6	7	158	25.3	31.7	19.5	-999.9	0.0	2.0	96670.3	-999.9
Bobo-Dioulasso	2021	6	8	159	24.8	34.3	24.5	-999.9	0.0	1.9	96683.6	-999.9
Bobo-Dioulasso	2021	6	9	160	24.7	34.4	23.9	-999.9	6.8	1.5	96644.6	-999.9
Bobo-Dioulasso	2021	6	10	161	23.5	34.2	23.5	-999.9	13.5	2.1	96679.4	-999.9
Bobo-Dioulasso	2021	6	11	162	23.5	33.3	24.5	-999.9	3.2	2.0	96695.5	-999.9
Bobo-Dioulasso	2021	6	12	163	24.4	33.8	23.3	-999.9	0.0	1.9	96794.4	-999.9
Bobo-Dioulasso	2021	6	13	164	25.3	33.3	21.4	-999.9	0.0	1.8	96785.8	-999.9
Bobo-Dioulasso	2021	6	14	165	24.6	34.2	23.8	-999.9	0.0	2.3	96811.6	-999.9
Bobo-Dioulasso	2021	6	15	166	25.5	33.1	22.9	-999.9	0.0	2.4	96800.5	-999.9
Bobo-Dioulasso	2021	6	16	167	24.0	33.6	21.4	-999.9	5.5	2.3	96837.4	-999.9
Bobo-Dioulasso	2021	6	17	168	24.2	34.4	24.0	-999.9	0.0	2.3	96875.2	-999.9
Bobo-Dioulasso	2021	6	18	169	24.7	34.1	24.0	-999.9	0.0	2.0	96842.7	-999.9
Bobo-Dioulasso	2021	6	19	170	24.2	33.3	24.2	-999.9	5.5	1.7	96839.5	-999.9
Bobo-Dioulasso	2021	6	20	171	24.8	33.2	23.3	-999.9	10.9	1.9	96879.1	-999.9
Bobo-Dioulasso	2021	6	21	172	23.7	31.8	22.6	-999.9	0.0	2.2	96913.6	-999.9
Bobo-Dioulasso	2021	6	22	173	22.7	29.6	16.3	-999.9	38.9	2.0	96868.4	-999.9
Bobo-Dioulasso	2021	6	23	174	21.9	31.2	24.0	-999.9	9.7	1.8	96709.5	-999.9
Bobo-Dioulasso	2021	6	24	175	22.4	29.7	16.9	-999.9	0.0	2.0	96832.0	-999.9
Bobo-Dioulasso	2021	6	25	176	22.8	30.4	20.8	-999.9	9.7	1.7	96890.8	-999.9
Bobo-Dioulasso	2021	6	26	177	22.1	30.3	23.1	-999.9	6.7	1.5	96820.0	-999.9
Bobo-Dioulasso	2021	6	27	178	22.5	32.0	23.1	-999.9	0.0	1.5	96774.2	-999.9
Bobo-Dioulasso	2021	6	28	179	23.7	32.7	24.9	-999.9	0.0	2.5	96803.6	-999.9
Bobo-Dioulasso	2021	6	29	180	23.7	33.3	25.0	-999.9	0.0	2.5	96887.9	-999.9
Bobo-Dioulasso	2021	6	30	181	24.1	31.4	20.5	-999.9	6.7	1.8	96942.1	-999.9
Bobo-Dioulasso	2021	7	1	182	23.9	32.1	23.3	-999.9	0.0	2.0	96961.0	-999.9
Bobo-Dioulasso	2021	7	2	183	24.3	31.7	22.0	-999.9	11.0	2.0	96896.5	-999.9
Bobo-Dioulasso	2021	7	3	184	24.1	32.8	22.0	-999.9	11.0	2.1	96878.5	-999.9
Bobo-Dioulasso	2021	7	4	185	23.2	32.1	23.1	-999.9	5.5	2.1	96949.1	-999.9
Bobo-Dioulasso	2021	7	5	186	22.5	28.5	14.1	-999.9	11.0	1.4	97065.0	-999.9
Bobo-Dioulasso	2021	7	6	187	22.6	31.9	22.9	-999.9	0.0	1.4	96927.5	-999.9
Bobo-Dioulasso	2021	7	7	188	23.6	32.9	24.8	-999.9	0.0	2.6	96719.2	-999.9
Bobo-Dioulasso	2021	7	8	189	24.7	32.2	22.2	-999.9	0.0	3.4	96739.2	-999.9
Bobo-Dioulasso	2021	7	9	190	23.4	30.1	16.1	-999.9	15.2	3.0	96791.8	-999.9
Bobo-Dioulasso	2021	7	10	191	22.4	29.0	16.6	-999.9	0.0	2.4	96896.5	-999.9
Bobo-Dioulasso	2021	7	11	192	22.4	28.9	19.4	-999.9	9.2	1.5	96972.9	-999.9
Bobo-Dioulasso	2021	7	12	193	22.1	30.2	21.2	-999.9	0.0	1.8	97004.0	-999.9
Bobo-Dioulasso	2021	7	13	194	23.0	30.7	21.6	-999.9	0.0	2.0	96879.7	-999.9
Bobo-Dioulasso	2021	7	14	195	22.7	28.2	16.4	-999.9	0.0	2.2	96837.7	-999.9
Bobo-Dioulasso	2021	7	15	196	22.3	30.3	21.5	-999.9	0.0	1.5	96799.9	-999.9
Bobo-Dioulasso	2021	7	16	197	23.3	29.3	19.7	-999.9	12.9	1.8	96804.4	-999.9
Bobo-Dioulasso	2021	7	17	198	23.4	29.7	19.9	-999.9	6.4	2.1	96906.2	-999.9
Bobo-Dioulasso	2021	7	18	199	22.5	30.3	17.3	-999.9	0.0	2.7	96945.0	-999.9
Bobo-Dioulasso	2021	7	19	200	23.3	31.2	20.3	-999.9	0.0	2.4	96829.9	-999.9
Bobo-Dioulasso	2021	7	20	201	23.7	31.1	18.9	-999.9	0.0	2.7	96905.8	-999.9
Bobo-Dioulasso	2021	7	21	202	23.3	30.7	20.3	-999.9	12.4	2.6	97053.7	-999.9
Bobo-Dioulasso	2021	7	22	203	23.1	26.6	12.2	-999.9	0.0	2.6	97079.7	-999.9
Bobo-Dioulasso	2021	7	23	204	22.6	27.5	17.3	-999.9	12.4	3.3	96969.2	-999.9
Bobo-Dioulasso	2021	7	24	205	22.3	27.9	11.7	-999.9	12.4	2.6	96926.1	-999.9
Bobo-Dioulasso	2021	7	25	206	22.5	29.7	21.4	-999.9	0.0	2.3	96895.9	-999.9
Bobo-Dioulasso	2021	7	26	207	22.3	29.8	21.7	-999.9	0.0	2.4	96816.3	-999.9
Bobo-Dioulasso	2021	7	27	208	22.9	28.5	14.9	-999.9	13.5	2.5	96808.6	-999.9
Bobo-Dioulasso	2021	7	28	209	22.7	27.6	13.6	-999.9	26.9	2.1	96777.7	-999.9
Bobo-Dioulasso	2021	7	29	210	22.2	27.7	16.7	-999.9	0.0	2.8	96857.7	-999.9
Bobo-Dioulasso	2021	7	30	211	22.7	29.3	20.6	-999.9	0.0	2.3	96871.9	-999.9
Bobo-Dioulasso	2021	7	31	212	22.3	27.9	15.2	-999.9	40.4	1.9	96921.9	-999.9
Bobo-Dioulasso	2021	8	1	213	22.2	27.4	11.7	-999.9	0.0	2.7	97097.6	-999.9
Bobo-Dioulasso	2021	8	2	214	20.8	29.3	20.3	-999.9	0.0	2.0	97081.6	-999.9
Bobo-Dioulasso	2021	8	3	215	23.3	29.2	17.5	-999.9	0.0	2.0	96981.7	-999.9
Bobo-Dioulasso	2021	8	4	216	22.4	27.3	11.7	-999.9	59.0	1.7	96978.5	-999.9
Bobo-Dioulasso	2021	8	5	217	22.1	28.7	17.5	-999.9	0.0	2.0	97073.1	-999.9
Bobo-Dioulasso	2021	8	6	218	22.2	26.3	11.5	-999.9	17.6	2.0	97160.8	-999.9
Bobo-Dioulasso	2021	8	7	219	22.4	27.4	15.7	-999.9	0.0	2.3	97065.0	-999.9
Bobo-Dioulasso	2021	8	8	220	22.0	29.2	21.3	-999.9	35.2	1.9	96900.9	-999.9
Bobo-Dioulasso	2021	8	9	221	21.8	29.9	21.2	-999.9	0.0	2.2	96965.2	-999.9
Bobo-Dioulasso	2021	8	10	222	22.3	27.5	15.9	-999.9	17.6	1.8	96970.9	-999.9
Bobo-Dioulasso	2021	8	11	223	22.1	28.5	16.7	-999.9	15.2	1.4	96814.8	-999.9
Bobo-Dioulasso	2021	8	12	224	22.1	28.9	17.7	-999.9	0.0	1.6	96744.5	-999.9
Bobo-Dioulasso	2021	8	13	225	22.2	27.5	15.8	-999.9	30.4	2.6	96916.7	-999.9
Bobo-Dioulasso	2021	8	14	226	21.9	28.0	16.2	-999.9	15.2	2.2	96849.0	-999.9
Bobo-Dioulasso	2021	8	15	227	22.3	27.0	12.7	-999.9	0.0	2.2	96681.9	-999.9
Bobo-Dioulasso	2021	8	16	228	22.0	28.5	21.2	-999.9	0.0	1.8	96784.3	-999.9
Bobo-Dioulasso	2021	8	17	229	22.5	26.4	12.2	-999.9	20.1	2.0	96909.0	-999.9
Bobo-Dioulasso	2021	8	18	230	21.6	27.3	15.0	-999.9	20.1	2.1	96965.4	-999.9
Bobo-Dioulasso	2021	8	19	231	22.0	29.0	19.6	-999.9	0.0	1.3	96894.7	-999.9
Bobo-Dioulasso	2021	8	20	232	21.8	29.6	21.3	-999.9	0.0	1.5	96739.2	-999.9
Bobo-Dioulasso	2021	8	21	233	22.0	30.2	22.1	-999.9	18.1	1.5	96679.3	-999.9
Bobo-Dioulasso	2021	8	22	234	22.0	28.2	19.4	-999.9	0.0	2.0	96718.1	-999.9
Bobo-Dioulasso	2021	8	23	235	21.8	28.8	20.6	-999.9	0.0	1.5	96719.5	-999.9
Bobo-Dioulasso	2021	8	24	236	22.4	30.1	22.0	-999.9	18.1	1.5	96589.4	-999.9
Bobo-Dioulasso	2021	8	25	237	23.0	29.2	18.4	-999.9	9.1	2.1	96570.5	-999.9
Bobo-Dioulasso	2021	8	26	238	22.9	28.2	17.3	-999.9	9.2	1.9	96793.0	-999.9
Bobo-Dioulasso	2021	8	27	239	22.4	28.7	17.8	-999.9	18.4	1.5	96905.4	-999.9
Bobo-Dioulasso	2021	8	28	240	22.2	28.7	19.1	-999.9	18.4	1.7	96829.0	-999.9
Bobo-Dioulasso	2021	8	29	241	22.1	29.0	19.9	-999.9	0.0	1.9	96665.0	-999.9
Bobo-Dioulasso	2021	8	30	242	22.1	29.2	21.5	-999.9	9.2	1.7	96639.1	-999.9
Bobo-Dioulasso	2021	8	31	243	22.3	27.8	15.4	-999.9	0.0	1.2	96771.0	-999.9
Bobo-Dioulasso	2021	9	1	244	21.0	29.9	23.2	-999.9	0.0	1.9	96811.4	-999.9
Bobo-Dioulasso	2021	9	2	245	23.5	29.0	18.2	-999.9	11.7	2.2	96706.1	-999.9
Bobo-Dioulasso	2021	9	3	246	22.0	28.4	14.8	-999.9	0.0	2.5	96781.5	-999.9
Bobo-Dioulasso	2021	9	4	247	21.7	29.1	17.7	-999.9	0.0	1.7	96804.8	-999.9
Bobo-Dioulasso	2021	9	5	248	22.3	30.2	22.7	-999.9	5.9	1.8	96844.2	-999.9
Bobo-Dioulasso	2021	9	6	249	22.0	29.2	22.1	-999.9	0.0	1.4	96813.4	-999.9
Bobo-Dioulasso	2021	9	7	250	22.1	30.7	24.5	-999.9	0.0	1.7	96828.2	-999.9
Bobo-Dioulasso	2021	9	8	251	23.3	30.8	23.0	-999.9	9.4	1.6	96705.1	-999.9
Bobo-Dioulasso	2021	9	9	252	22.4	26.4	11.9	-999.9	18.8	1.8	96686.2	-999.9
Bobo-Dioulasso	2021	9	10	253	22.1	28.7	20.2	-999.9	9.4	2.0	96950.4	-999.9
Bobo-Dioulasso	2021	9	11	254	22.0	29.2	20.4	-999.9	32.4	1.6	97079.6	-999.9
Bobo-Dioulasso	2021	9	12	255	21.1	29.0	19.7	-999.9	16.2	1.4	96882.9	-999.9
Bobo-Dioulasso	2021	9	13	256	21.8	29.9	24.6	-999.9	0.0	2.2	96771.7	-999.9
Bobo-Dioulasso	2021	9	14	257	22.3	30.4	23.1	-999.9	16.2	1.4	96690.5	-999.9
Bobo-Dioulasso	2021	9	15	258	23.2	27.9	16.3	-999.9	0.0	2.1	96799.4	-999.9
Bobo-Dioulasso	2021	9	16	259	22.7	28.5	16.4	-999.9	0.0	1.5	96998.2	-999.9
Bobo-Dioulasso	2021	9	17	260	22.0	29.4	21.1	-999.9	4.0	1.0	96912.6	-999.9
Bobo-Dioulasso	2021	9	18	261	22.3	30.5	22.2	-999.9	0.0	1.3	96778.9	-999.9
Bobo-Dioulasso	2021	9	19	262	22.5	30.0	23.9	-999.9	0.0	1.8	96783.0	-999.9
Bobo-Dioulasso	2021	9	20	263	22.3	30.5	23.6	-999.9	0.0	1.2	96806.4	-999.9
Bobo-Dioulasso	2021	9	21	264	22.8	30.7	23.2	-999.9	0.0	1.8	96722.0	-999.9
Bobo-Dioulasso	2021	9	22	265	23.1	30.1	23.3	-999.9	10.8	1.9	96787.3	-999.9
Bobo-Dioulasso	2021	9	23	266	23.7	30.4	21.5	-999.9	10.8	1.7	96810.2	-999.9
Bobo-Dioulasso	2021	9	24	267	22.7	30.8	23.3	-999.9	21.5	1.3	96855.3	-999.9
Bobo-Dioulasso	2021	9	25	268	22.2	29.9	21.5	-999.9	0.0	1.6	96819.6	-999.9
Bobo-Dioulasso	2021	9	26	269	21.5	30.4	24.5	-999.9	0.0	1.7	96872.4	-999.9
Bobo-Dioulasso	2021	9	27	270	22.3	30.4	23.3	-999.9	0.0	1.5	96813.2	-999.9
Bobo-Dioulasso	2021	9	28	271	22.9	31.2	22.6	-999.9	0.0	1.3	96647.0	-999.9
Bobo-Dioulasso	2021	9	29	272	22.6	31.7	23.6	-999.9	0.0	1.6	96656.5	-999.9
Bobo-Dioulasso	2021	9	30	273	23.1	27.3	12.9	-999.9	5.4	1.5	96780.2	-999.9
Bobo-Dioulasso	2021	10	1	274	22.1	29.3	18.4	-999.9	0.0	1.6	96845.4	-999.9
Bobo-Dioulasso	2021	10	2	275	21.8	29.6	20.3	-999.9	23.6	1.6	96767.2	-999.9
Bobo-Dioulasso	2021	10	3	276	22.1	31.6	23.0	-999.9	0.0	1.4	96736.8	-999.9
Bobo-Dioulasso	2021	10	4	277	22.9	31.7	22.0	-999.9	0.0	1.5	96658.1	-999.9
Bobo-Dioulasso	2021	10	5	278	23.3	31.7	22.8	-999.9	0.0	1.7	96715.3	-999.9
Bobo-Dioulasso	2021	10	6	279	23.4	32.3	22.6	-999.9	2.4	1.5	96706.6	-999.9
Bobo-Dioulasso	2021	10	7	280	23.8	32.2	22.9	-999.9	2.4	1.7	96634.3	-999.9
Bobo-Dioulasso	2021	10	8	281	24.0	33.3	22.4	-999.9	2.4	1.7	96558.7	-999.9
Bobo-Dioulasso	2021	10	9	282	23.1	32.1	20.7	-999.9	0.0	1.2	96630.9	-999.9
Bobo-Dioulasso	2021	10	10	283	24.4	32.1	21.1	-999.9	0.0	1.7	96663.2	-999.9
Bobo-Dioulasso	2021	10	11	284	23.4	31.7	21.0	-999.9	0.0	1.9	96816.7	-999.9
Bobo-Dioulasso	2021	10	12	285	23.5	33.0	21.9	-999.9	4.3	1.5	96768.4	-999.9
Bobo-Dioulasso	2021	10	13	286	24.4	33.5	19.1	-999.9	0.0	1.8	96632.4	-999.9
Bobo-Dioulasso	2021	10	14	287	24.0	32.7	21.7	-999.9	0.0	1.7	96609.5	-999.9
Bobo-Dioulasso	2021	10	15	288	23.8	32.8	21.1	-999.9	0.0	1.6	96658.3	-999.9
Bobo-Dioulasso	2021	10	16	289	23.7	32.8	21.4	-999.9	0.0	1.6	96666.4	-999.9
Bobo-Dioulasso	2021	10	17	290	22.6	33.1	21.1	-999.9	0.0	1.6	96587.6	-999.9
Bobo-Dioulasso	2021	10	18	291	23.7	33.3	20.9	-999.9	4.7	2.1	96580.8	-999.9
Bobo-Dioulasso	2021	10	19	292	23.7	28.4	12.8	-999.9	14.2	1.9	96728.1	-999.9
Bobo-Dioulasso	2021	10	20	293	22.5	29.9	20.0	-999.9	0.0	1.5	96817.3	-999.9
Bobo-Dioulasso	2021	10	21	294	22.9	30.1	19.3	-999.9	0.0	1.2	96755.1	-999.9
Bobo-Dioulasso	2021	10	22	295	23.2	31.3	21.4	-999.9	13.4	1.3	96709.8	-999.9
Bobo-Dioulasso	2021	10	23	296	23.2	30.8	20.9	-999.9	0.0	1.7	96823.4	-999.9
Bobo-Dioulasso	2021	10	24	297	23.3	31.1	18.1	-999.9	0.0	1.6	96917.2	-999.9
Bobo-Dioulasso	2021	10	25	298	23.3	32.2	20.2	-999.9	0.0	1.5	96891.8	-999.9
Bobo-Dioulasso	2021	10	26	299	23.9	32.8	21.6	-999.9	10.8	1.8	96818.9	-999.9
Bobo-Dioulasso	2021	10	27	300	22.8	32.4	21.8	-999.9	10.8	1.3	96705.8	-999.9
Bobo-Dioulasso	2021	10	28	301	24.1	32.3	21.1	-999.9	0.0	1.7	96754.2	-999.9
Bobo-Dioulasso	2021	10	29	302	23.3	32.3	19.3	-999.9	0.0	1.5	96697.7	-999.9
Bobo-Dioulasso	2021	10	30	303	23.4	32.2	20.4	-999.9	0.0	1.5	96771.9	-999.9
Bobo-Dioulasso	2021	10	31	304	22.8	33.3	19.8	-999.9	0.0	1.7	96822.0	-999.9
Bobo-Dioulasso	2021	11	1	305	22.1	32.4	18.6	-999.9	0.0	2.0	96843.5	-999.9
Bobo-Dioulasso	2021	11	2	306	23.2	32.1	19.6	-999.9	0.0	1.6	96831.9	-999.9
Bobo-Dioulasso	2021	11	3	307	21.8	32.6	20.0	-999.9	0.0	1.3	96772.3	-999.9
Bobo-Dioulasso	2021	11	4	308	21.4	33.8	21.4	-999.9	0.0	1.3	96692.5	-999.9
Bobo-Dioulasso	2021	11	5	309	22.9	34.1	21.5	-999.9	0.0	1.4	96671.8	-999.9
Bobo-Dioulasso	2021	11	6	310	23.8	34.4	20.1	-999.9	0.0	1.7	96591.3	-999.9
Bobo-Dioulasso	2021	11	7	311	24.5	33.6	19.5	-999.9	0.0	1.5	96564.7	-999.9
Bobo-Dioulasso	2021	11	8	312	22.7	33.9	20.7	-999.9	0.0	1.5	96491.7	-999.9
Bobo-Dioulasso	2021	11	9	313	23.4	33.6	18.8	-999.9	0.0	1.5	96525.5	-999.9
Bobo-Dioulasso	2021	11	10	314	24.3	32.9	19.3	-999.9	0.0	1.7	96649.1	-999.9
Bobo-Dioulasso	2021	11	11	315	23.9	32.8	19.2	-999.9	13.1	1.4	96707.4	-999.9
Bobo-Dioulasso	2021	11	12	316	22.2	32.3	18.5	-999.9	6.6	1.6	96613.2	-999.9
Bobo-Dioulasso	2021	11	13	317	21.5	32.5	21.7	-999.9	0.0	2.3	96607.9	-999.9
Bobo-Dioulasso	2021	11	14	318	19.7	32.7	21.9	-999.9	0.0	1.9	96686.7	-999.9
Bobo-Dioulasso	2021	11	15	319	19.5	33.3	21.6	-999.9	0.0	1.6	96735.3	-999.9
Bobo-Dioulasso	2021	11	16	320	19.5	33.5	21.8	-999.9	0.0	2.1	96597.8	-999.9
Bobo-Dioulasso	2021	11	17	321	20.0	33.3	21.6	-999.9	0.0	1.7	96572.0	-999.9
Bobo-Dioulasso	2021	11	18	322	20.9	34.0	21.7	-999.9	0.0	2.2	96663.4	-999.9
Bobo-Dioulasso	2021	11	19	323	19.4	34.1	21.7	-999.9	0.0	2.1	96719.0	-999.9
Bobo-Dioulasso	2021	11	20	324	19.5	34.8	21.6	-999.9	0.0	2.0	96643.0	-999.9
Bobo-Dioulasso	2021	11	21	325	19.4	34.7	21.8	-999.9	0.0	2.4	96558.2	-999.9
Bobo-Dioulasso	2021	11	22	326	19.0	33.4	21.5	-999.9	0.0	1.8	96672.0	-999.9
Bobo-Dioulasso	2021	11	23	327	18.8	34.1	21.6	-999.9	0.0	2.1	96775.3	-999.9
Bobo-Dioulasso	2021	11	24	328	19.6	34.3	21.4	-999.9	0.0	2.2	96737.6	-999.9
Bobo-Dioulasso	2021	11	25	329	19.6	34.7	21.3	-999.9	0.0	1.9	96634.0	-999.9
Bobo-Dioulasso	2021	11	26	330	19.6	35.0	21.2	-999.9	0.0	1.7	96620.9	-999.9
Bobo-Dioulasso	2021	11	27	331	21.0	34.4	20.8	-999.9	0.0	1.5	96671.4	-999.9
Bobo-Dioulasso	2021	11	28	332	22.3	34.3	20.8	-999.9	0.0	1.4	96633.6	-999.9
Bobo-Dioulasso	2021	11	29	333	19.8	34.3	21.2	-999.9	0.0	1.9	96627.0	-999.9
Bobo-Dioulasso	2021	11	30	334	20.0	33.1	20.6	-999.9	0.0	1.6	96681.0	-999.9
Bobo-Dioulasso	2021	12	1	335	20.2	34.0	20.9	-999.9	0.0	1.7	96656.2	-999.9
Bobo-Dioulasso	2021	12	2	336	19.7	34.5	20.9	-999.9	0.0	1.7	96541.4	-999.9
Bobo-Dioulasso	2021	12	3	337	20.0	34.5	20.8	-999.9	0.0	1.8	96566.2	-999.9
Bobo-Dioulasso	2021	12	4	338	20.7	34.1	20.6	-999.9	0.0	1.9	96676.4	-999.9
Bobo-Dioulasso	2021	12	5	339	19.8	33.8	20.8	-999.9	0.0	2.2	96745.2	-999.9
Bobo-Dioulasso	2021	12	6	340	19.7	33.3	20.8	-999.9	0.0	2.3	96750.5	-999.9
Bobo-Dioulasso	2021	12	7	341	20.0	33.7	20.8	-999.9	0.0	2.2	96777.6	-999.9
Bobo-Dioulasso	2021	12	8	342	18.5	34.2	20.8	-999.9	0.0	2.1	96801.4	-999.9
Bobo-Dioulasso	2021	12	9	343	18.8	33.5	20.9	-999.9	0.0	2.3	96660.3	-999.9
Bobo-Dioulasso	2021	12	10	344	19.0	32.4	20.7	-999.9	0.0	2.1	96607.0	-999.9
Bobo-Dioulasso	2021	12	11	345	18.0	33.0	20.7	-999.9	0.0	1.9	96537.0	-999.9
Bobo-Dioulasso	2021	12	12	346	19.3	33.7	20.5	-999.9	0.0	2.1	96601.1	-999.9
Bobo-Dioulasso	2021	12	13	347	19.3	34.4	20.4	-999.9	0.0	2.0	96593.5	-999.9
Bobo-Dioulasso	2021	12	14	348	20.0	34.3	20.3	-999.9	0.0	2.3	96522.1	-999.9
Bobo-Dioulasso	2021	12	15	349	21.3	33.3	19.5	-999.9	0.0	1.6	96570.3	-999.9
Bobo-Dioulasso	2021	12	16	350	20.9	32.7	19.8	-999.9	0.0	2.4	96727.9	-999.9
Bobo-Dioulasso	2021	12	17	351	20.3	33.0	20.2	-999.9	0.0	2.6	96789.3	-999.9
Bobo-Dioulasso	2021	12	18	352	21.1	32.9	20.3	-999.9	0.0	2.9	96796.4	-999.9
Bobo-Dioulasso	2021	12	19	353	20.3	31.7	20.4	-999.9	0.0	2.6	96774.3	-999.9
Bobo-Dioulasso	2021	12	20	354	19.2	30.8	20.4	-999.9	0.0	2.5	96819.4	-999.9
Bobo-Dioulasso	2021	12	21	355	18.5	31.4	20.5	-999.9	0.0	2.3	96852.5	-999.9
Bobo-Dioulasso	2021	12	22	356	19.4	32.3	20.5	-999.9	0.0	2.6	96905.7	-999.9
Bobo-Dioulasso	2021	12	23	357	19.0	32.3	20.6	-999.9	0.0	2.5	96765.4	-999.9
Bobo-Dioulasso	2021	12	24	358	18.9	33.0	20.5	-999.9	0.0	2.2	96693.0	-999.9
Bobo-Dioulasso	2021	12	25	359	19.5	33.5	20.2	-999.9	0.0	2.1	96736.4	-999.9
Bobo-Dioulasso	2021	12	26	360	20.1	33.7	19.6	-999.9	0.0	2.1	96740.0	-999.9
Bobo-Dioulasso	2021	12	27	361	20.8	33.1	19.2	-999.9	0.0	2.5	96823.5	-999.9
Bobo-Dioulasso	2021	12	28	362	20.7	32.3	19.3	-999.9	0.0	2.5	96877.4	-999.9
Bobo-Dioulasso	2021	12	29	363	18.5	32.9	20.5	-999.9	0.0	2.1	96860.7	-999.9
Bobo-Dioulasso	2021	12	30	364	19.0	33.0	20.6	-999.9	0.0	2.1	96788.6	-999.9
Bobo-Dioulasso	2021	12	31	365	20.6	33.1	20.7	-999.9	0.0	2.2	96816.0	-999.9
