Bobo-Dioulasso	1983	1	1	1	19.3	33.2	20.2	-999.9	0.0	2.4	96823.8	-999.9
Bobo-Dioulasso	1983	1	2	2	19.5	33.1	20.5	-999.9	0.0	2.7	96876.0	-999.9
Bobo-Dioulasso	1983	1	3	3	19.1	32.4	20.5	-999.9	0.0	2.9	96938.9	-999.9
Bobo-Dioulasso	1983	1	4	4	19.0	31.8	20.4	-999.9	0.0	3.3	97030.4	-999.9
Bobo-Dioulasso	1983	1	5	5	18.6	28.9	20.5	-999.9	0.0	3.3	97136.2	-999.9
Bobo-Dioulasso	1983	1	6	6	16.4	27.8	20.7	-999.9	0.0	3.1	97179.1	-999.9
Bobo-Dioulasso	1983	1	7	7	15.6	27.7	20.8	-999.9	0.0	2.7	97090.9	-999.9
Bobo-Dioulasso	1983	1	8	8	15.7	29.0	20.8	-999.9	0.0	2.6	96974.1	-999.9
Bobo-Dioulasso	1983	1	9	9	16.4	30.1	20.7	-999.9	0.0	2.4	96896.5	-999.9
Bobo-Dioulasso	1983	1	10	10	17.6	30.6	20.8	-999.9	0.0	2.8	96844.5	-999.9
Bobo-Dioulasso	1983	1	11	11	17.6	30.9	20.8	-999.9	0.0	2.7	96817.7	-999.9
Bobo-Dioulasso	1983	1	12	12	17.7	30.8	20.8	-999.9	0.0	3.0	96889.1	-999.9
Bobo-Dioulasso	1983	1	13	13	18.1	30.9	20.9	-999.9	0.0	3.0	96884.1	-999.9
Bobo-Dioulasso	1983	1	14	14	17.6	31.1	21.0	-999.9	0.0	2.5	96820.2	-999.9
Bobo-Dioulasso	1983	1	15	15	18.2	32.7	20.9	-999.9	0.0	2.4	96858.2	-999.9
Bobo-Dioulasso	1983	1	16	16	18.9	32.9	20.9	-999.9	0.0	2.7	96895.1	-999.9
Bobo-Dioulasso	1983	1	17	17	18.8	32.6	20.5	-999.9	0.0	2.8	96925.9	-999.9
Bobo-Dioulasso	1983	1	18	18	18.5	33.0	21.5	-999.9	0.0	2.8	96876.3	-999.9
Bobo-Dioulasso	1983	1	19	19	18.5	33.0	21.6	-999.9	0.0	2.7	96813.1	-999.9
Bobo-Dioulasso	1983	1	20	20	18.1	32.7	21.5	-999.9	0.0	2.4	96783.2	-999.9
Bobo-Dioulasso	1983	1	21	21	17.4	32.7	21.5	-999.9	0.0	2.3	96896.9	-999.9
Bobo-Dioulasso	1983	1	22	22	17.8	32.6	21.6	-999.9	0.0	2.3	97002.3	-999.9
Bobo-Dioulasso	1983	1	23	23	18.5	32.7	21.7	-999.9	0.0	2.8	97114.4	-999.9
Bobo-Dioulasso	1983	1	24	24	17.9	31.2	21.8	-999.9	0.0	2.9	97135.1	-999.9
Bobo-Dioulasso	1983	1	25	25	17.5	31.2	21.8	-999.9	0.0	3.0	97097.4	-999.9
Bobo-Dioulasso	1983	1	26	26	16.8	29.8	22.1	-999.9	0.0	3.2	97126.0	-999.9
Bobo-Dioulasso	1983	1	27	27	16.1	28.7	22.0	-999.9	0.0	3.1	97175.3	-999.9
Bobo-Dioulasso	1983	1	28	28	16.3	28.5	21.9	-999.9	0.0	3.1	97169.8	-999.9
Bobo-Dioulasso	1983	1	29	29	16.0	28.3	21.8	-999.9	0.0	3.1	97081.3	-999.9
Bobo-Dioulasso	1983	1	30	30	15.4	28.4	22.3	-999.9	0.0	2.8	97066.9	-999.9
Bobo-Dioulasso	1983	1	31	31	15.4	29.1	22.3	-999.9	0.0	2.7	97042.4	-999.9
Bobo-Dioulasso	1983	2	1	32	15.6	30.1	22.4	-999.9	0.0	2.4	96953.6	-999.9
Bobo-Dioulasso	1983	2	2	33	16.3	31.5	22.2	-999.9	0.0	2.1	96798.7	-999.9
Bobo-Dioulasso	1983	2	3	34	17.4	32.7	22.1	-999.9	0.0	2.2	96771.9	-999.9
Bobo-Dioulasso	1983	2	4	35	18.0	33.4	22.2	-999.9	0.0	2.1	96769.5	-999.9
Bobo-Dioulasso	1983	2	5	36	18.7	34.4	22.2	-999.9	0.0	2.1	96715.9	-999.9
Bobo-Dioulasso	1983	2	6	37	19.1	35.2	22.1	-999.9	0.0	2.2	96608.3	-999.9
Bobo-Dioulasso	1983	2	7	38	20.2	35.6	21.6	-999.9	0.0	2.3	96461.4	-999.9
Bobo-Dioulasso	1983	2	8	39	22.5	35.8	20.3	-999.9	0.0	2.0	96396.2	-999.9
Bobo-Dioulasso	1983	2	9	40	24.5	32.7	15.5	-999.9	0.0	2.9	96559.3	-999.9
Bobo-Dioulasso	1983	2	10	41	24.6	35.0	18.5	-999.9	0.0	2.5	96616.5	-999.9
Bobo-Dioulasso	1983	2	11	42	22.5	36.8	21.8	-999.9	0.0	2.0	96432.2	-999.9
Bobo-Dioulasso	1983	2	12	43	25.5	35.4	20.7	-999.9	0.0	2.1	96523.7	-999.9
Bobo-Dioulasso	1983	2	13	44	23.2	34.6	20.4	-999.9	0.0	1.7	96623.5	-999.9
Bobo-Dioulasso	1983	2	14	45	24.1	31.5	17.2	-999.9	0.0	2.3	96750.8	-999.9
Bobo-Dioulasso	1983	2	15	46	22.5	34.3	21.3	-999.9	0.0	2.0	96826.0	-999.9
Bobo-Dioulasso	1983	2	16	47	23.3	35.9	22.5	-999.9	0.0	2.8	96740.2	-999.9
Bobo-Dioulasso	1983	2	17	48	20.9	37.5	23.0	-999.9	1.8	2.0	96663.2	-999.9
Bobo-Dioulasso	1983	2	18	49	20.8	37.2	22.6	-999.9	0.0	2.5	96699.3	-999.9
Bobo-Dioulasso	1983	2	19	50	22.2	37.5	22.8	-999.9	0.0	2.5	96721.6	-999.9
Bobo-Dioulasso	1983	2	20	51	21.5	36.7	20.9	-999.9	0.0	2.0	96790.5	-999.9
Bobo-Dioulasso	1983	2	21	52	23.3	37.1	22.8	-999.9	0.0	3.0	96748.5	-999.9
Bobo-Dioulasso	1983	2	22	53	22.0	36.2	23.2	-999.9	0.0	2.7	96722.2	-999.9
Bobo-Dioulasso	1983	2	23	54	20.0	35.9	24.2	-999.9	0.0	2.1	96706.9	-999.9
Bobo-Dioulasso	1983	2	24	55	19.3	37.0	23.8	-999.9	0.0	2.3	96660.7	-999.9
Bobo-Dioulasso	1983	2	25	56	23.0	37.8	23.5	-999.9	0.0	2.9	96656.5	-999.9
Bobo-Dioulasso	1983	2	26	57	23.6	36.7	24.0	-999.9	0.0	3.3	96789.8	-999.9
Bobo-Dioulasso	1983	2	27	58	23.1	34.7	22.9	-999.9	0.0	2.8	96860.4	-999.9
Bobo-Dioulasso	1983	2	28	59	20.8	35.3	23.9	-999.9	0.0	2.4	96790.0	-999.9
Bobo-Dioulasso	1983	3	1	60	23.0	35.8	23.2	-999.9	2.6	2.1	96734.1	-999.9
Bobo-Dioulasso	1983	3	2	61	23.9	32.8	20.9	-999.9	5.3	3.2	97021.2	-999.9
Bobo-Dioulasso	1983	3	3	62	20.5	31.0	17.7	-999.9	0.0	2.2	97080.0	-999.9
Bobo-Dioulasso	1983	3	4	63	21.8	34.9	21.6	-999.9	0.0	2.7	96906.5	-999.9
Bobo-Dioulasso	1983	3	5	64	24.6	35.4	20.5	-999.9	0.0	3.1	96827.2	-999.9
Bobo-Dioulasso	1983	3	6	65	24.8	34.8	21.5	-999.9	0.0	3.4	96774.6	-999.9
Bobo-Dioulasso	1983	3	7	66	22.9	36.4	23.4	-999.9	0.0	2.7	96728.3	-999.9
Bobo-Dioulasso	1983	3	8	67	24.6	37.1	23.8	-999.9	0.0	3.0	96732.7	-999.9
Bobo-Dioulasso	1983	3	9	68	24.1	37.1	23.9	-999.9	0.0	3.0	96759.6	-999.9
Bobo-Dioulasso	1983	3	10	69	24.1	36.9	24.6	-999.9	0.0	3.2	96798.2	-999.9
Bobo-Dioulasso	1983	3	11	70	23.2	36.5	24.9	-999.9	0.0	3.0	96785.9	-999.9
Bobo-Dioulasso	1983	3	12	71	22.4	36.1	24.6	-999.9	0.0	2.6	96754.6	-999.9
Bobo-Dioulasso	1983	3	13	72	22.3	36.1	24.9	-999.9	0.0	2.5	96682.1	-999.9
Bobo-Dioulasso	1983	3	14	73	21.7	36.8	25.0	-999.9	0.0	2.1	96642.9	-999.9
Bobo-Dioulasso	1983	3	15	74	22.5	37.8	25.2	-999.9	0.0	2.5	96590.8	-999.9
Bobo-Dioulasso	1983	3	16	75	22.8	37.9	25.2	-999.9	0.0	2.3	96519.9	-999.9
Bobo-Dioulasso	1983	3	17	76	22.9	37.4	25.4	-999.9	0.0	2.5	96643.3	-999.9
Bobo-Dioulasso	1983	3	18	77	22.7	37.4	25.4	-999.9	0.0	2.2	96680.5	-999.9
Bobo-Dioulasso	1983	3	19	78	22.4	38.2	25.6	-999.9	0.0	2.3	96579.9	-999.9
Bobo-Dioulasso	1983	3	20	79	22.5	38.3	24.2	-999.9	0.0	2.4	96507.9	-999.9
Bobo-Dioulasso	1983	3	21	80	22.7	38.3	24.8	-999.9	0.0	2.5	96468.2	-999.9
Bobo-Dioulasso	1983	3	22	81	24.8	38.1	25.6	-999.9	0.0	2.6	96510.9	-999.9
Bobo-Dioulasso	1983	3	23	82	22.1	37.8	26.0	-999.9	0.0	2.2	96406.3	-999.9
Bobo-Dioulasso	1983	3	24	83	21.3	38.4	25.3	-999.9	0.0	1.8	96446.5	-999.9
Bobo-Dioulasso	1983	3	25	84	22.6	39.7	25.3	-999.9	0.0	2.0	96440.5	-999.9
Bobo-Dioulasso	1983	3	26	85	25.0	39.9	25.7	-999.9	0.0	2.2	96290.3	-999.9
Bobo-Dioulasso	1983	3	27	86	24.0	38.8	24.2	-999.9	0.0	1.9	96189.0	-999.9
Bobo-Dioulasso	1983	3	28	87	28.5	38.7	22.5	-999.9	0.0	2.7	96188.2	-999.9
Bobo-Dioulasso	1983	3	29	88	29.0	38.1	22.0	-999.9	0.0	2.6	96171.7	-999.9
Bobo-Dioulasso	1983	3	30	89	24.7	37.9	25.0	-999.9	0.0	1.7	96305.2	-999.9
Bobo-Dioulasso	1983	3	31	90	23.9	37.5	25.5	-999.9	0.0	1.7	96343.8	-999.9
Bobo-Dioulasso	1983	4	1	91	25.0	37.6	23.8	-999.9	0.0	2.0	96390.6	-999.9
Bobo-Dioulasso	1983	4	2	92	25.0	34.0	19.7	-999.9	5.7	2.1	96518.1	-999.9
Bobo-Dioulasso	1983	4	3	93	24.1	33.4	21.5	-999.9	2.9	2.3	96603.9	-999.9
Bobo-Dioulasso	1983	4	4	94	24.8	32.8	17.8	-999.9	2.9	1.2	96681.5	-999.9
Bobo-Dioulasso	1983	4	5	95	25.2	36.4	21.4	-999.9	0.0	2.1	96515.5	-999.9
Bobo-Dioulasso	1983	4	6	96	23.8	38.9	23.0	-999.9	0.3	1.8	96364.5	-999.9
Bobo-Dioulasso	1983	4	7	97	24.8	38.9	25.5	-999.9	0.3	2.1	96349.6	-999.9
Bobo-Dioulasso	1983	4	8	98	23.5	39.4	25.4	-999.9	0.3	1.7	96331.2	-999.9
Bobo-Dioulasso	1983	4	9	99	24.1	39.7	25.7	-999.9	0.3	1.7	96331.3	-999.9
Bobo-Dioulasso	1983	4	10	100	24.0	39.9	25.5	-999.9	0.3	1.5	96276.0	-999.9
Bobo-Dioulasso	1983	4	11	101	26.7	38.3	23.7	-999.9	0.0	2.4	96350.5	-999.9
Bobo-Dioulasso	1983	4	12	102	25.2	37.8	23.3	-999.9	0.0	2.3	96479.7	-999.9
Bobo-Dioulasso	1983	4	13	103	24.8	36.1	22.1	-999.9	0.0	2.3	96603.1	-999.9
Bobo-Dioulasso	1983	4	14	104	25.8	35.9	21.0	-999.9	4.8	1.7	96548.1	-999.9
Bobo-Dioulasso	1983	4	15	105	25.0	35.7	20.3	-999.9	0.0	1.7	96539.9	-999.9
Bobo-Dioulasso	1983	4	16	106	26.5	36.9	22.3	-999.9	0.0	2.3	96521.0	-999.9
Bobo-Dioulasso	1983	4	17	107	25.3	37.4	22.6	-999.9	0.0	2.3	96429.3	-999.9
Bobo-Dioulasso	1983	4	18	108	24.3	36.7	23.2	-999.9	11.3	2.0	96392.9	-999.9
Bobo-Dioulasso	1983	4	19	109	25.9	35.8	22.6	-999.9	0.0	2.1	96461.9	-999.9
Bobo-Dioulasso	1983	4	20	110	24.6	35.3	22.2	-999.9	2.8	2.0	96620.0	-999.9
Bobo-Dioulasso	1983	4	21	111	26.7	37.6	24.0	-999.9	0.0	1.8	96526.1	-999.9
Bobo-Dioulasso	1983	4	22	112	27.3	37.6	22.5	-999.9	2.1	2.1	96436.2	-999.9
Bobo-Dioulasso	1983	4	23	113	26.3	37.3	21.7	-999.9	2.1	2.4	96403.3	-999.9
Bobo-Dioulasso	1983	4	24	114	26.2	36.1	18.7	-999.9	2.1	3.0	96435.6	-999.9
Bobo-Dioulasso	1983	4	25	115	26.1	36.7	23.4	-999.9	0.0	2.4	96448.1	-999.9
Bobo-Dioulasso	1983	4	26	116	24.9	35.4	21.3	-999.9	0.0	1.7	96510.0	-999.9
Bobo-Dioulasso	1983	4	27	117	24.1	32.8	19.0	-999.9	4.0	2.6	96580.5	-999.9
Bobo-Dioulasso	1983	4	28	118	25.2	34.8	24.3	-999.9	0.0	2.0	96510.5	-999.9
Bobo-Dioulasso	1983	4	29	119	25.8	36.6	24.5	-999.9	0.0	2.1	96462.1	-999.9
Bobo-Dioulasso	1983	4	30	120	26.1	37.8	23.9	-999.9	0.0	2.4	96449.9	-999.9
Bobo-Dioulasso	1983	5	1	121	26.6	36.2	22.1	-999.9	4.5	2.4	96424.3	-999.9
Bobo-Dioulasso	1983	5	2	122	24.2	33.5	19.8	-999.9	13.4	2.4	96495.1	-999.9
Bobo-Dioulasso	1983	5	3	123	25.6	34.2	22.9	-999.9	0.0	2.5	96473.2	-999.9
Bobo-Dioulasso	1983	5	4	124	26.3	34.0	23.0	-999.9	0.0	2.3	96552.6	-999.9
Bobo-Dioulasso	1983	5	5	125	24.5	35.6	23.3	-999.9	4.5	2.5	96623.5	-999.9
Bobo-Dioulasso	1983	5	6	126	26.0	35.6	23.1	-999.9	0.0	2.5	96568.5	-999.9
Bobo-Dioulasso	1983	5	7	127	26.0	35.4	22.9	-999.9	3.4	2.4	96507.7	-999.9
Bobo-Dioulasso	1983	5	8	128	25.9	36.3	23.3	-999.9	3.4	2.5	96540.5	-999.9
Bobo-Dioulasso	1983	5	9	129	26.0	37.2	24.0	-999.9	3.4	2.3	96591.5	-999.9
Bobo-Dioulasso	1983	5	10	130	26.8	36.2	23.0	-999.9	0.0	3.0	96562.8	-999.9
Bobo-Dioulasso	1983	5	11	131	26.4	36.1	23.7	-999.9	3.0	2.9	96426.9	-999.9
Bobo-Dioulasso	1983	5	12	132	25.8	34.8	20.5	-999.9	3.1	2.4	96493.8	-999.9
Bobo-Dioulasso	1983	5	13	133	26.4	35.1	22.9	-999.9	0.0	1.7	96594.6	-999.9
Bobo-Dioulasso	1983	5	14	134	26.9	33.9	19.3	-999.9	0.0	2.2	96530.1	-999.9
Bobo-Dioulasso	1983	5	15	135	24.6	33.2	20.3	-999.9	6.1	2.4	96549.0	-999.9
Bobo-Dioulasso	1983	5	16	136	24.9	34.5	23.0	-999.9	0.0	2.3	96490.2	-999.9
Bobo-Dioulasso	1983	5	17	137	25.2	35.9	24.2	-999.9	0.0	2.4	96490.6	-999.9
Bobo-Dioulasso	1983	5	18	138	25.9	34.0	21.6	-999.9	14.1	2.4	96551.8	-999.9
Bobo-Dioulasso	1983	5	19	139	24.6	34.2	21.4	-999.9	0.0	2.4	96562.7	-999.9
Bobo-Dioulasso	1983	5	20	140	24.7	35.9	24.3	-999.9	0.0	2.0	96500.8	-999.9
Bobo-Dioulasso	1983	5	21	141	24.0	35.0	21.4	-999.9	12.3	1.9	96514.7	-999.9
Bobo-Dioulasso	1983	5	22	142	25.0	34.3	22.4	-999.9	0.0	2.3	96614.3	-999.9
Bobo-Dioulasso	1983	5	23	143	24.7	35.9	24.5	-999.9	0.0	2.1	96571.3	-999.9
Bobo-Dioulasso	1983	5	24	144	26.3	32.5	18.7	-999.9	0.0	2.7	96581.7	-999.9
Bobo-Dioulasso	1983	5	25	145	25.0	33.9	23.2	-999.9	0.0	2.0	96536.5	-999.9
Bobo-Dioulasso	1983	5	26	146	25.0	33.6	22.4	-999.9	0.0	2.1	96588.5	-999.9
Bobo-Dioulasso	1983	5	27	147	23.8	32.9	22.3	-999.9	0.0	1.2	96703.9	-999.9
Bobo-Dioulasso	1983	5	28	148	23.9	30.8	18.3	-999.9	0.0	2.0	96652.6	-999.9
Bobo-Dioulasso	1983	5	29	149	24.4	33.5	23.6	-999.9	0.0	2.4	96511.1	-999.9
Bobo-Dioulasso	1983	5	30	150	25.1	33.3	21.9	-999.9	8.2	2.2	96463.4	-999.9
Bobo-Dioulasso	1983	5	31	151	23.2	33.4	22.0	-999.9	24.6	1.9	96513.4	-999.9
Bobo-Dioulasso	1983	6	1	152	23.9	32.4	19.6	-999.9	10.0	1.8	96601.4	-999.9
Bobo-Dioulasso	1983	6	2	153	24.0	30.6	19.6	-999.9	0.0	1.8	96704.9	-999.9
Bobo-Dioulasso	1983	6	3	154	23.6	30.3	17.4	-999.9	0.0	1.7	96649.8	-999.9
Bobo-Dioulasso	1983	6	4	155	24.7	32.1	22.9	-999.9	0.0	2.2	96662.2	-999.9
Bobo-Dioulasso	1983	6	5	156	24.2	33.3	24.4	-999.9	0.0	2.0	96682.1	-999.9
Bobo-Dioulasso	1983	6	6	157	23.7	32.7	20.7	-999.9	11.7	1.8	96563.7	-999.9
Bobo-Dioulasso	1983	6	7	158	23.6	32.4	21.2	-999.9	3.9	1.8	96541.7	-999.9
Bobo-Dioulasso	1983	6	8	159	24.4	33.6	23.5	-999.9	0.0	1.9	96626.1	-999.9
Bobo-Dioulasso	1983	6	9	160	23.2	34.0	23.4	-999.9	0.0	2.2	96638.2	-999.9
Bobo-Dioulasso	1983	6	10	161	25.1	33.4	23.0	-999.9	0.0	2.2	96699.6	-999.9
Bobo-Dioulasso	1983	6	11	162	23.7	32.8	20.6	-999.9	12.2	2.1	96756.7	-999.9
Bobo-Dioulasso	1983	6	12	163	23.3	31.0	19.0	-999.9	0.0	1.5	96835.7	-999.9
Bobo-Dioulasso	1983	6	13	164	23.4	31.6	21.7	-999.9	0.0	2.0	96844.6	-999.9
Bobo-Dioulasso	1983	6	14	165	24.3	32.4	19.6	-999.9	0.0	3.0	96761.3	-999.9
Bobo-Dioulasso	1983	6	15	166	24.2	32.9	22.6	-999.9	12.2	2.8	96853.7	-999.9
Bobo-Dioulasso	1983	6	16	167	22.9	30.4	19.2	-999.9	19.5	2.4	96932.0	-999.9
Bobo-Dioulasso	1983	6	17	168	22.5	28.3	16.4	-999.9	0.0	2.0	96980.7	-999.9
Bobo-Dioulasso	1983	6	18	169	22.6	30.3	20.6	-999.9	0.0	1.6	97019.5	-999.9
Bobo-Dioulasso	1983	6	19	170	22.4	30.3	21.6	-999.9	25.6	1.4	96979.4	-999.9
Bobo-Dioulasso	1983	6	20	171	22.4	29.1	16.6	-999.9	0.0	1.7	97044.0	-999.9
Bobo-Dioulasso	1983	6	21	172	22.6	28.5	15.4	-999.9	0.0	2.1	97118.3	-999.9
Bobo-Dioulasso	1983	6	22	173	22.4	30.8	20.2	-999.9	3.4	1.7	96945.7	-999.9
Bobo-Dioulasso	1983	6	23	174	23.4	30.4	20.8	-999.9	0.0	2.0	96759.7	-999.9
Bobo-Dioulasso	1983	6	24	175	23.2	29.0	14.5	-999.9	0.0	2.6	96783.5	-999.9
Bobo-Dioulasso	1983	6	25	176	22.8	28.4	16.9	-999.9	3.4	2.2	96954.2	-999.9
Bobo-Dioulasso	1983	6	26	177	22.1	29.8	20.7	-999.9	0.0	1.8	97044.2	-999.9
Bobo-Dioulasso	1983	6	27	178	23.0	30.5	20.8	-999.9	0.0	2.0	96936.6	-999.9
Bobo-Dioulasso	1983	6	28	179	23.6	31.5	19.7	-999.9	0.0	2.4	96761.6	-999.9
Bobo-Dioulasso	1983	6	29	180	23.4	30.6	16.8	-999.9	0.0	2.6	96748.4	-999.9
Bobo-Dioulasso	1983	6	30	181	23.4	31.5	21.4	-999.9	0.0	2.7	96765.3	-999.9
Bobo-Dioulasso	1983	7	1	182	23.3	31.9	23.3	-999.9	0.0	2.1	96823.6	-999.9
Bobo-Dioulasso	1983	7	2	183	23.4	31.5	20.4	-999.9	0.0	2.3	96771.1	-999.9
Bobo-Dioulasso	1983	7	3	184	23.6	32.2	22.3	-999.9	8.2	2.2	96746.4	-999.9
Bobo-Dioulasso	1983	7	4	185	22.4	30.2	18.5	-999.9	0.0	2.2	96780.4	-999.9
Bobo-Dioulasso	1983	7	5	186	22.2	30.6	20.2	-999.9	4.1	1.7	96794.1	-999.9
Bobo-Dioulasso	1983	7	6	187	22.2	30.6	21.2	-999.9	0.0	1.9	96855.6	-999.9
Bobo-Dioulasso	1983	7	7	188	23.1	30.2	22.3	-999.9	0.0	1.9	96788.6	-999.9
Bobo-Dioulasso	1983	7	8	189	22.1	28.2	14.0	-999.9	35.2	1.7	96827.2	-999.9
Bobo-Dioulasso	1983	7	9	190	22.1	29.5	22.5	-999.9	0.0	1.6	96812.9	-999.9
Bobo-Dioulasso	1983	7	10	191	22.8	30.4	22.6	-999.9	0.0	1.5	96755.9	-999.9
Bobo-Dioulasso	1983	7	11	192	23.0	30.1	19.9	-999.9	3.8	2.2	96680.8	-999.9
Bobo-Dioulasso	1983	7	12	193	22.7	28.3	15.4	-999.9	7.5	2.1	96844.1	-999.9
Bobo-Dioulasso	1983	7	13	194	21.9	29.6	21.4	-999.9	0.0	1.5	96938.5	-999.9
Bobo-Dioulasso	1983	7	14	195	22.3	30.3	22.8	-999.9	3.8	1.8	96875.4	-999.9
Bobo-Dioulasso	1983	7	15	196	22.7	29.3	20.0	-999.9	0.0	2.2	96810.9	-999.9
Bobo-Dioulasso	1983	7	16	197	22.7	30.1	21.5	-999.9	0.0	2.2	96770.0	-999.9
Bobo-Dioulasso	1983	7	17	198	22.3	28.1	12.0	-999.9	21.8	1.9	96754.6	-999.9
Bobo-Dioulasso	1983	7	18	199	22.1	25.3	11.1	-999.9	0.0	2.5	96913.5	-999.9
Bobo-Dioulasso	1983	7	19	200	20.7	28.4	16.8	-999.9	0.0	2.0	97030.7	-999.9
Bobo-Dioulasso	1983	7	20	201	22.3	29.7	22.4	-999.9	0.0	1.7	96870.9	-999.9
Bobo-Dioulasso	1983	7	21	202	22.3	30.3	22.3	-999.9	7.5	1.9	96853.2	-999.9
Bobo-Dioulasso	1983	7	22	203	22.1	29.9	21.5	-999.9	0.0	1.7	96958.6	-999.9
Bobo-Dioulasso	1983	7	23	204	22.8	30.6	22.3	-999.9	0.0	2.0	96887.4	-999.9
Bobo-Dioulasso	1983	7	24	205	23.7	30.5	21.0	-999.9	0.0	2.3	96765.9	-999.9
Bobo-Dioulasso	1983	7	25	206	23.0	30.2	21.6	-999.9	3.7	2.2	96760.7	-999.9
Bobo-Dioulasso	1983	7	26	207	22.7	29.8	18.6	-999.9	0.0	2.4	96785.1	-999.9
Bobo-Dioulasso	1983	7	27	208	22.4	28.8	17.1	-999.9	0.0	1.9	96808.5	-999.9
Bobo-Dioulasso	1983	7	28	209	21.8	29.5	19.9	-999.9	10.1	2.0	96849.0	-999.9
Bobo-Dioulasso	1983	7	29	210	22.7	29.1	18.9	-999.9	20.2	2.2	96826.8	-999.9
Bobo-Dioulasso	1983	7	30	211	22.8	29.5	19.9	-999.9	10.1	2.5	96832.5	-999.9
Bobo-Dioulasso	1983	7	31	212	22.5	28.3	16.5	-999.9	11.5	2.3	96878.7	-999.9
Bobo-Dioulasso	1983	8	1	213	22.0	28.2	18.7	-999.9	0.0	2.0	97006.4	-999.9
Bobo-Dioulasso	1983	8	2	214	22.0	30.0	21.0	-999.9	0.0	1.2	96894.2	-999.9
Bobo-Dioulasso	1983	8	3	215	22.0	29.8	20.1	-999.9	0.0	2.5	96871.7	-999.9
Bobo-Dioulasso	1983	8	4	216	22.3	28.0	15.5	-999.9	0.0	2.2	96966.3	-999.9
Bobo-Dioulasso	1983	8	5	217	22.4	28.3	18.7	-999.9	0.0	1.9	96963.9	-999.9
Bobo-Dioulasso	1983	8	6	218	22.7	29.2	19.9	-999.9	20.9	1.8	96926.8	-999.9
Bobo-Dioulasso	1983	8	7	219	22.0	26.6	13.2	-999.9	10.4	1.8	96878.7	-999.9
Bobo-Dioulasso	1983	8	8	220	22.2	29.0	18.7	-999.9	10.4	2.0	96927.8	-999.9
Bobo-Dioulasso	1983	8	9	221	21.9	28.4	17.4	-999.9	20.9	1.5	97136.3	-999.9
Bobo-Dioulasso	1983	8	10	222	21.7	29.6	19.0	-999.9	0.0	1.7	97048.5	-999.9
Bobo-Dioulasso	1983	8	11	223	22.9	29.5	18.6	-999.9	0.0	2.6	96850.1	-999.9
Bobo-Dioulasso	1983	8	12	224	22.2	26.7	12.2	-999.9	38.9	2.4	96834.8	-999.9
Bobo-Dioulasso	1983	8	13	225	21.8	27.5	18.0	-999.9	0.0	2.4	97076.7	-999.9
Bobo-Dioulasso	1983	8	14	226	21.0	28.3	15.2	-999.9	9.7	2.1	97100.2	-999.9
Bobo-Dioulasso	1983	8	15	227	21.5	28.6	20.1	-999.9	0.0	1.8	97035.2	-999.9
Bobo-Dioulasso	1983	8	16	228	21.5	29.5	22.3	-999.9	0.0	1.8	96931.1	-999.9
Bobo-Dioulasso	1983	8	17	229	22.3	28.7	18.8	-999.9	0.0	2.7	96871.8	-999.9
Bobo-Dioulasso	1983	8	18	230	22.0	27.7	18.3	-999.9	0.0	2.4	96916.4	-999.9
Bobo-Dioulasso	1983	8	19	231	21.7	28.0	17.7	-999.9	0.0	1.9	97005.3	-999.9
Bobo-Dioulasso	1983	8	20	232	21.9	28.5	17.2	-999.9	21.4	1.4	96977.0	-999.9
Bobo-Dioulasso	1983	8	21	233	21.3	28.2	18.9	-999.9	0.0	2.0	96876.9	-999.9
Bobo-Dioulasso	1983	8	22	234	21.2	28.6	21.6	-999.9	7.9	2.1	96883.4	-999.9
Bobo-Dioulasso	1983	8	23	235	21.2	28.9	21.2	-999.9	0.0	2.3	96926.9	-999.9
Bobo-Dioulasso	1983	8	24	236	21.5	29.2	22.0	-999.9	0.0	1.4	96945.3	-999.9
Bobo-Dioulasso	1983	8	25	237	22.3	29.9	22.2	-999.9	0.0	1.7	96850.9	-999.9
Bobo-Dioulasso	1983	8	26	238	22.7	28.6	16.5	-999.9	17.3	2.2	96910.7	-999.9
Bobo-Dioulasso	1983	8	27	239	22.6	28.0	15.8	-999.9	0.0	2.2	96968.2	-999.9
Bobo-Dioulasso	1983	8	28	240	22.0	29.3	21.4	-999.9	0.0	1.4	96962.0	-999.9
Bobo-Dioulasso	1983	8	29	241	21.8	29.9	23.2	-999.9	8.7	1.4	96808.9	-999.9
Bobo-Dioulasso	1983	8	30	242	22.1	28.6	19.1	-999.9	17.3	1.5	96903.8	-999.9
Bobo-Dioulasso	1983	8	31	243	22.4	29.3	20.5	-999.9	0.0	1.4	96900.5	-999.9
Bobo-Dioulasso	1983	9	1	244	22.2	30.7	22.8	-999.9	0.0	1.7	96783.5	-999.9
Bobo-Dioulasso	1983	9	2	245	22.5	29.6	19.7	-999.9	10.7	2.2	96800.5	-999.9
Bobo-Dioulasso	1983	9	3	246	22.3	29.2	21.0	-999.9	0.0	1.9	96929.6	-999.9
Bobo-Dioulasso	1983	9	4	247	22.2	29.8	22.3	-999.9	0.0	1.5	96868.3	-999.9
Bobo-Dioulasso	1983	9	5	248	22.5	30.7	23.0	-999.9	0.0	1.9	96717.9	-999.9
Bobo-Dioulasso	1983	9	6	249	22.2	27.1	13.4	-999.9	18.9	2.2	96663.1	-999.9
Bobo-Dioulasso	1983	9	7	250	21.5	28.1	16.7	-999.9	0.0	2.3	96796.3	-999.9
Bobo-Dioulasso	1983	9	8	251	22.2	29.3	20.8	-999.9	18.9	1.5	96807.3	-999.9
Bobo-Dioulasso	1983	9	9	252	21.9	29.6	22.0	-999.9	18.9	1.0	96788.8	-999.9
Bobo-Dioulasso	1983	9	10	253	22.2	28.1	16.2	-999.9	18.9	1.3	96824.8	-999.9
Bobo-Dioulasso	1983	9	11	254	22.2	29.4	21.4	-999.9	15.1	1.5	96865.2	-999.9
Bobo-Dioulasso	1983	9	12	255	22.2	29.0	16.1	-999.9	0.0	1.5	96830.3	-999.9
Bobo-Dioulasso	1983	9	13	256	22.0	29.5	22.4	-999.9	17.2	1.6	96853.7	-999.9
Bobo-Dioulasso	1983	9	14	257	22.1	28.1	16.5	-999.9	0.0	2.2	96960.2	-999.9
Bobo-Dioulasso	1983	9	15	258	21.9	29.0	19.5	-999.9	7.5	1.5	96979.0	-999.9
Bobo-Dioulasso	1983	9	16	259	21.5	28.9	17.7	-999.9	0.0	1.5	96835.6	-999.9
Bobo-Dioulasso	1983	9	17	260	21.7	28.8	19.7	-999.9	12.5	1.3	96806.0	-999.9
Bobo-Dioulasso	1983	9	18	261	21.8	26.5	12.4	-999.9	0.0	1.9	96791.6	-999.9
Bobo-Dioulasso	1983	9	19	262	20.8	28.7	21.4	-999.9	0.0	1.5	96830.4	-999.9
Bobo-Dioulasso	1983	9	20	263	21.4	29.6	21.6	-999.9	0.0	1.4	96867.5	-999.9
Bobo-Dioulasso	1983	9	21	264	21.8	30.5	22.4	-999.9	0.0	1.6	96806.7	-999.9
Bobo-Dioulasso	1983	9	22	265	22.0	30.1	23.1	-999.9	12.7	1.6	96792.0	-999.9
Bobo-Dioulasso	1983	9	23	266	21.1	27.5	17.0	-999.9	0.0	1.3	96835.9	-999.9
Bobo-Dioulasso	1983	9	24	267	21.4	30.2	23.7	-999.9	0.0	1.4	96830.9	-999.9
Bobo-Dioulasso	1983	9	25	268	22.1	30.4	23.2	-999.9	0.0	1.5	96787.7	-999.9
Bobo-Dioulasso	1983	9	26	269	23.1	28.9	20.8	-999.9	0.0	2.4	96766.2	-999.9
Bobo-Dioulasso	1983	9	27	270	22.0	29.0	20.1	-999.9	0.0	1.5	96845.2	-999.9
Bobo-Dioulasso	1983	9	28	271	22.0	28.7	20.2	-999.9	12.3	1.7	96860.2	-999.9
Bobo-Dioulasso	1983	9	29	272	21.8	29.4	20.8	-999.9	24.6	1.2	96915.0	-999.9
Bobo-Dioulasso	1983	9	30	273	22.5	30.5	21.6	-999.9	0.0	1.3	96912.3	-999.9
Bobo-Dioulasso	1983	10	1	274	23.2	30.3	20.6	-999.9	0.0	1.6	96899.7	-999.9
Bobo-Dioulasso	1983	10	2	275	23.1	30.1	21.6	-999.9	0.0	1.9	96899.8	-999.9
Bobo-Dioulasso	1983	10	3	276	22.9	29.7	22.0	-999.9	5.1	1.9	96881.7	-999.9
Bobo-Dioulasso	1983	10	4	277	22.7	30.7	22.7	-999.9	0.0	1.6	96875.2	-999.9
Bobo-Dioulasso	1983	10	5	278	22.6	30.5	21.7	-999.9	0.0	1.3	97002.7	-999.9
Bobo-Dioulasso	1983	10	6	279	23.2	31.9	21.7	-999.9	0.0	1.7	96952.3	-999.9
Bobo-Dioulasso	1983	10	7	280	21.5	32.9	21.7	-999.9	0.0	1.7	96724.0	-999.9
Bobo-Dioulasso	1983	10	8	281	22.5	32.5	21.9	-999.9	0.0	2.0	96638.8	-999.9
Bobo-Dioulasso	1983	10	9	282	21.9	32.5	21.4	-999.9	0.0	1.7	96596.1	-999.9
Bobo-Dioulasso	1983	10	10	283	22.7	32.4	20.4	-999.9	0.0	2.0	96689.9	-999.9
Bobo-Dioulasso	1983	10	11	284	22.1	34.0	22.2	-999.9	0.0	1.7	96743.6	-999.9
Bobo-Dioulasso	1983	10	12	285	22.5	33.3	21.8	-999.9	0.0	1.6	96707.8	-999.9
Bobo-Dioulasso	1983	10	13	286	22.9	32.6	21.5	-999.9	0.0	1.7	96666.9	-999.9
Bobo-Dioulasso	1983	10	14	287	23.5	32.8	20.7	-999.9	0.0	1.8	96631.9	-999.9
Bobo-Dioulasso	1983	10	15	288	23.7	32.9	20.4	-999.9	0.0	2.0	96668.0	-999.9
Bobo-Dioulasso	1983	10	16	289	22.6	32.7	19.3	-999.9	0.0	1.5	96649.3	-999.9
Bobo-Dioulasso	1983	10	17	290	23.3	32.9	19.4	-999.9	0.0	1.5	96643.6	-999.9
Bobo-Dioulasso	1983	10	18	291	21.6	33.0	20.9	-999.9	0.0	1.2	96584.5	-999.9
Bobo-Dioulasso	1983	10	19	292	23.0	32.4	19.7	-999.9	0.0	1.5	96652.0	-999.9
Bobo-Dioulasso	1983	10	20	293	23.3	31.8	19.2	-999.9	0.0	1.4	96693.2	-999.9
Bobo-Dioulasso	1983	10	21	294	23.4	32.1	19.1	-999.9	0.0	1.9	96648.3	-999.9
Bobo-Dioulasso	1983	10	22	295	23.8	32.1	19.0	-999.9	0.0	1.7	96702.0	-999.9
Bobo-Dioulasso	1983	10	23	296	23.0	32.3	18.9	-999.9	13.2	1.9	96773.5	-999.9
Bobo-Dioulasso	1983	10	24	297	22.5	31.1	19.8	-999.9	0.0	1.5	96737.3	-999.9
Bobo-Dioulasso	1983	10	25	298	21.3	32.9	22.0	-999.9	0.0	1.7	96702.5	-999.9
Bobo-Dioulasso	1983	10	26	299	20.9	33.2	20.9	-999.9	0.0	1.3	96831.4	-999.9
Bobo-Dioulasso	1983	10	27	300	21.2	34.0	21.6	-999.9	0.0	1.3	96824.7	-999.9
Bobo-Dioulasso	1983	10	28	301	20.4	34.6	22.6	-999.9	0.0	1.3	96709.1	-999.9
Bobo-Dioulasso	1983	10	29	302	21.4	31.9	18.6	-999.9	0.0	1.7	96663.2	-999.9
Bobo-Dioulasso	1983	10	30	303	23.8	32.0	18.7	-999.9	0.0	2.0	96779.0	-999.9
Bobo-Dioulasso	1983	10	31	304	23.8	34.1	20.6	-999.9	0.0	1.8	96857.7	-999.9
Bobo-Dioulasso	1983	11	1	305	21.2	34.5	22.9	-999.9	0.0	1.4	96845.0	-999.9
Bobo-Dioulasso	1983	11	2	306	20.0	34.0	22.9	-999.9	0.0	1.3	96762.6	-999.9
Bobo-Dioulasso	1983	11	3	307	19.0	34.1	22.6	-999.9	0.0	1.2	96751.4	-999.9
Bobo-Dioulasso	1983	11	4	308	22.6	32.8	19.2	-999.9	0.0	1.8	96844.8	-999.9
Bobo-Dioulasso	1983	11	5	309	24.2	32.2	18.2	-999.9	4.1	1.6	96883.2	-999.9
Bobo-Dioulasso	1983	11	6	310	23.5	33.1	19.1	-999.9	0.0	1.4	96795.3	-999.9
Bobo-Dioulasso	1983	11	7	311	22.7	34.6	21.3	-999.9	0.0	1.2	96715.4	-999.9
Bobo-Dioulasso	1983	11	8	312	20.1	34.2	21.3	-999.9	0.0	1.5	96659.1	-999.9
Bobo-Dioulasso	1983	11	9	313	24.0	33.5	19.5	-999.9	0.0	1.9	96736.3	-999.9
Bobo-Dioulasso	1983	11	10	314	22.3	34.9	21.2	-999.9	0.0	2.0	96804.1	-999.9
Bobo-Dioulasso	1983	11	11	315	21.4	35.1	22.4	-999.9	0.0	1.6	96767.0	-999.9
Bobo-Dioulasso	1983	11	12	316	18.6	33.5	21.2	-999.9	0.0	1.4	96697.6	-999.9
Bobo-Dioulasso	1983	11	13	317	19.6	33.6	21.7	-999.9	0.0	1.7	96771.1	-999.9
Bobo-Dioulasso	1983	11	14	318	19.6	33.9	22.1	-999.9	0.0	1.8	96866.8	-999.9
Bobo-Dioulasso	1983	11	15	319	18.6	33.5	21.9	-999.9	0.0	1.3	96894.1	-999.9
Bobo-Dioulasso	1983	11	16	320	18.3	33.3	21.6	-999.9	0.0	1.5	96859.8	-999.9
Bobo-Dioulasso	1983	11	17	321	21.3	34.2	21.0	-999.9	0.0	1.5	96811.6	-999.9
Bobo-Dioulasso	1983	11	18	322	21.6	34.5	21.3	-999.9	0.0	1.7	96770.0	-999.9
Bobo-Dioulasso	1983	11	19	323	21.0	33.0	19.5	-999.9	0.0	1.5	96788.4	-999.9
Bobo-Dioulasso	1983	11	20	324	19.6	33.2	20.5	-999.9	0.0	1.6	96862.1	-999.9
Bobo-Dioulasso	1983	11	21	325	20.4	33.4	21.6	-999.9	0.0	1.5	96823.4	-999.9
Bobo-Dioulasso	1983	11	22	326	18.6	32.4	19.3	-999.9	0.0	1.6	96683.9	-999.9
Bobo-Dioulasso	1983	11	23	327	20.2	31.3	17.3	-999.9	0.0	1.7	96752.1	-999.9
Bobo-Dioulasso	1983	11	24	328	21.7	33.1	20.2	-999.9	0.0	2.0	96872.2	-999.9
Bobo-Dioulasso	1983	11	25	329	19.8	33.7	20.9	-999.9	0.0	1.9	96881.0	-999.9
Bobo-Dioulasso	1983	11	26	330	19.3	33.1	20.2	-999.9	0.0	1.8	96804.8	-999.9
Bobo-Dioulasso	1983	11	27	331	20.6	33.0	20.7	-999.9	0.0	1.5	96766.8	-999.9
Bobo-Dioulasso	1983	11	28	332	20.1	32.6	20.9	-999.9	0.0	2.0	96747.1	-999.9
Bobo-Dioulasso	1983	11	29	333	19.2	31.7	20.4	-999.9	0.0	1.8	96797.1	-999.9
Bobo-Dioulasso	1983	11	30	334	19.0	31.5	20.4	-999.9	0.0	1.9	96820.3	-999.9
Bobo-Dioulasso	1983	12	1	335	17.9	31.9	20.9	-999.9	0.0	1.7	96774.3	-999.9
Bobo-Dioulasso	1983	12	2	336	18.3	32.4	20.5	-999.9	0.0	1.8	96725.9	-999.9
Bobo-Dioulasso	1983	12	3	337	19.8	31.8	19.3	-999.9	0.0	1.2	96761.1	-999.9
Bobo-Dioulasso	1983	12	4	338	21.8	32.0	17.4	-999.9	0.0	1.3	96775.7	-999.9
Bobo-Dioulasso	1983	12	5	339	22.2	32.2	17.1	-999.9	0.0	1.9	96738.3	-999.9
Bobo-Dioulasso	1983	12	6	340	20.1	33.7	20.4	-999.9	1.0	2.1	96683.7	-999.9
Bobo-Dioulasso	1983	12	7	341	19.3	33.4	20.6	-999.9	0.0	2.2	96727.9	-999.9
Bobo-Dioulasso	1983	12	8	342	20.7	33.4	20.4	-999.9	0.0	2.3	96744.2	-999.9
Bobo-Dioulasso	1983	12	9	343	21.4	33.0	20.5	-999.9	0.0	2.3	96709.6	-999.9
Bobo-Dioulasso	1983	12	10	344	20.0	32.2	20.5	-999.9	0.0	2.1	96705.9	-999.9
Bobo-Dioulasso	1983	12	11	345	18.3	32.0	20.4	-999.9	0.0	1.9	96755.4	-999.9
Bobo-Dioulasso	1983	12	12	346	19.0	32.4	20.2	-999.9	0.0	2.1	96834.5	-999.9
Bobo-Dioulasso	1983	12	13	347	19.2	32.8	20.1	-999.9	0.0	2.3	96750.0	-999.9
Bobo-Dioulasso	1983	12	14	348	20.5	32.9	20.2	-999.9	0.0	2.1	96693.2	-999.9
Bobo-Dioulasso	1983	12	15	349	19.2	32.5	20.4	-999.9	0.0	1.8	96745.9	-999.9
Bobo-Dioulasso	1983	12	16	350	19.4	33.7	20.2	-999.9	0.0	2.0	96712.0	-999.9
Bobo-Dioulasso	1983	12	17	351	19.5	33.2	20.5	-999.9	0.0	1.7	96739.3	-999.9
Bobo-Dioulasso	1983	12	18	352	18.6	33.9	20.3	-999.9	0.0	2.0	96746.6	-999.9
Bobo-Dioulasso	1983	12	19	353	20.0	33.4	20.3	-999.9	0.0	2.1	96759.4	-999.9
Bobo-Dioulasso	1983	12	20	354	20.2	33.4	20.3	-999.9	0.0	2.0	96785.2	-999.9
Bobo-Dioulasso	1983	12	21	355	19.6	33.7	20.2	-999.9	0.0	1.7	96783.1	-999.9
Bobo-Dioulasso	1983	12	22	356	19.1	34.4	20.3	-999.9	0.0	1.9	96740.7	-999.9
Bobo-Dioulasso	1983	12	23	357	20.5	33.8	20.1	-999.9	0.0	2.0	96820.5	-999.9
Bobo-Dioulasso	1983	12	24	358	19.7	33.1	20.6	-999.9	0.0	2.1	96923.5	-999.9
Bobo-Dioulasso	1983	12	25	359	18.3	32.1	20.9	-999.9	0.0	2.2	96931.4	-999.9
Bobo-Dioulasso	1983	12	26	360	17.5	32.2	20.9	-999.9	0.0	2.2	96975.5	-999.9
Bobo-Dioulasso	1983	12	27	361	18.5	32.2	20.7	-999.9	0.0	2.5	96989.0	-999.9
Bobo-Dioulasso	1983	12	28	362	18.0	31.5	20.6	-999.9	0.0	2.0	96903.7	-999.9
Bobo-Dioulasso	1983	12	29	363	17.7	32.3	20.5	-999.9	0.0	1.8	96899.2	-999.9
Bobo-Dioulasso	1983	12	30	364	19.0	31.9	20.2	-999.9	0.0	2.2	96915.3	-999.9
Bobo-Dioulasso	1983	12	31	365	18.0	31.1	20.5	-999.9	0.0	2.2	96830.1	-999.9
