Bobo-Dioulasso	2003	1	1	1	16.8	31.2	21.4	-999.9	0.0	2.5	96976.4	-999.9
Bobo-Dioulasso	2003	1	2	2	16.5	31.4	21.4	-999.9	0.0	2.4	97013.5	-999.9
Bobo-Dioulasso	2003	1	3	3	16.5	32.1	21.2	-999.9	0.0	2.1	97022.7	-999.9
Bobo-Dioulasso	2003	1	4	4	16.6	32.6	21.0	-999.9	0.0	2.1	96928.0	-999.9
Bobo-Dioulasso	2003	1	5	5	17.2	33.1	20.9	-999.9	0.0	1.9	96781.1	-999.9
Bobo-Dioulasso	2003	1	6	6	16.8	33.8	21.0	-999.9	0.0	1.9	96821.0	-999.9
Bobo-Dioulasso	2003	1	7	7	17.9	34.5	20.9	-999.9	0.0	1.9	96846.0	-999.9
Bobo-Dioulasso	2003	1	8	8	17.7	34.6	21.0	-999.9	0.0	2.1	96858.3	-999.9
Bobo-Dioulasso	2003	1	9	9	18.6	34.6	20.8	-999.9	0.0	2.0	96846.8	-999.9
Bobo-Dioulasso	2003	1	10	10	18.2	33.9	20.7	-999.9	0.0	1.7	96692.1	-999.9
Bobo-Dioulasso	2003	1	11	11	17.9	33.6	20.8	-999.9	0.0	1.7	96658.9	-999.9
Bobo-Dioulasso	2003	1	12	12	21.4	34.3	19.4	-999.9	0.0	1.7	96682.1	-999.9
Bobo-Dioulasso	2003	1	13	13	21.7	30.5	11.3	-999.9	0.0	1.9	96863.3	-999.9
Bobo-Dioulasso	2003	1	14	14	21.2	33.3	20.8	-999.9	0.0	2.9	96893.8	-999.9
Bobo-Dioulasso	2003	1	15	15	21.4	34.1	20.7	-999.9	0.0	2.9	96892.0	-999.9
Bobo-Dioulasso	2003	1	16	16	23.5	34.3	19.7	-999.9	0.0	3.0	96868.2	-999.9
Bobo-Dioulasso	2003	1	17	17	21.9	31.8	12.9	-999.9	0.0	2.2	96797.0	-999.9
Bobo-Dioulasso	2003	1	18	18	23.0	30.1	9.3	-999.9	0.0	2.1	96879.5	-999.9
Bobo-Dioulasso	2003	1	19	19	23.0	31.4	13.8	-999.9	0.0	2.0	96877.7	-999.9
Bobo-Dioulasso	2003	1	20	20	22.4	34.7	20.1	-999.9	0.0	2.4	96752.9	-999.9
Bobo-Dioulasso	2003	1	21	21	22.0	34.8	20.6	-999.9	0.0	2.4	96654.4	-999.9
Bobo-Dioulasso	2003	1	22	22	21.6	34.6	21.4	-999.9	0.0	2.4	96684.5	-999.9
Bobo-Dioulasso	2003	1	23	23	21.1	34.0	20.5	-999.9	0.0	2.4	96793.4	-999.9
Bobo-Dioulasso	2003	1	24	24	21.8	34.8	21.4	-999.9	0.0	2.5	96702.7	-999.9
Bobo-Dioulasso	2003	1	25	25	22.7	34.7	21.3	-999.9	0.0	3.4	96736.1	-999.9
Bobo-Dioulasso	2003	1	26	26	21.8	31.2	17.7	-999.9	0.0	3.1	96905.6	-999.9
Bobo-Dioulasso	2003	1	27	27	17.9	30.0	22.0	-999.9	0.0	3.0	96991.1	-999.9
Bobo-Dioulasso	2003	1	28	28	17.1	30.4	22.2	-999.9	0.0	2.8	97003.0	-999.9
Bobo-Dioulasso	2003	1	29	29	16.6	31.0	22.3	-999.9	0.0	2.1	96880.6	-999.9
Bobo-Dioulasso	2003	1	30	30	16.7	32.8	22.3	-999.9	0.0	1.9	96778.3	-999.9
Bobo-Dioulasso	2003	1	31	31	17.9	34.8	22.3	-999.9	0.0	2.0	96618.6	-999.9
Bobo-Dioulasso	2003	2	1	32	19.6	35.8	22.2	-999.9	0.0	2.1	96692.1	-999.9
Bobo-Dioulasso	2003	2	2	33	21.1	36.1	22.2	-999.9	0.0	2.4	96754.9	-999.9
Bobo-Dioulasso	2003	2	3	34	22.0	36.7	22.5	-999.9	0.0	2.7	96741.0	-999.9
Bobo-Dioulasso	2003	2	4	35	22.2	36.5	22.6	-999.9	0.0	2.9	96707.8	-999.9
Bobo-Dioulasso	2003	2	5	36	21.4	35.1	22.7	-999.9	0.0	2.2	96663.6	-999.9
Bobo-Dioulasso	2003	2	6	37	19.3	35.5	22.9	-999.9	0.0	1.9	96593.0	-999.9
Bobo-Dioulasso	2003	2	7	38	18.8	36.1	22.9	-999.9	0.0	1.9	96537.5	-999.9
Bobo-Dioulasso	2003	2	8	39	20.7	36.3	22.8	-999.9	0.0	2.0	96410.2	-999.9
Bobo-Dioulasso	2003	2	9	40	19.6	36.3	22.2	-999.9	0.0	1.7	96341.3	-999.9
Bobo-Dioulasso	2003	2	10	41	23.0	37.1	22.2	-999.9	0.0	2.1	96336.0	-999.9
Bobo-Dioulasso	2003	2	11	42	23.9	36.6	21.7	-999.9	0.0	2.4	96430.5	-999.9
Bobo-Dioulasso	2003	2	12	43	25.6	35.0	18.3	-999.9	0.0	2.0	96513.9	-999.9
Bobo-Dioulasso	2003	2	13	44	27.0	34.6	18.2	-999.9	0.0	1.9	96545.1	-999.9
Bobo-Dioulasso	2003	2	14	45	24.8	35.8	20.5	-999.9	0.0	1.6	96502.4	-999.9
Bobo-Dioulasso	2003	2	15	46	25.3	36.4	21.0	-999.9	0.0	1.9	96435.1	-999.9
Bobo-Dioulasso	2003	2	16	47	23.9	35.7	21.6	-999.9	0.0	2.3	96455.8	-999.9
Bobo-Dioulasso	2003	2	17	48	22.2	33.9	21.9	-999.9	1.1	2.4	96726.8	-999.9
Bobo-Dioulasso	2003	2	18	49	22.3	34.2	22.4	-999.9	0.0	2.6	96774.8	-999.9
Bobo-Dioulasso	2003	2	19	50	21.8	35.1	22.9	-999.9	0.0	2.2	96692.4	-999.9
Bobo-Dioulasso	2003	2	20	51	22.0	35.5	22.2	-999.9	0.0	2.1	96513.0	-999.9
Bobo-Dioulasso	2003	2	21	52	22.3	36.5	23.3	-999.9	0.0	1.7	96485.8	-999.9
Bobo-Dioulasso	2003	2	22	53	21.9	37.1	23.4	-999.9	0.0	2.0	96612.7	-999.9
Bobo-Dioulasso	2003	2	23	54	22.5	37.6	22.8	-999.9	0.0	1.9	96676.7	-999.9
Bobo-Dioulasso	2003	2	24	55	23.7	37.1	22.2	-999.9	0.0	1.9	96544.5	-999.9
Bobo-Dioulasso	2003	2	25	56	26.0	36.3	19.5	-999.9	0.0	2.6	96536.5	-999.9
Bobo-Dioulasso	2003	2	26	57	26.8	34.5	16.3	-999.9	0.0	2.3	96645.7	-999.9
Bobo-Dioulasso	2003	2	27	58	24.7	35.9	21.9	-999.9	0.0	1.7	96693.1	-999.9
Bobo-Dioulasso	2003	2	28	59	23.8	36.8	23.2	-999.9	0.0	1.8	96658.8	-999.9
Bobo-Dioulasso	2003	3	1	60	22.8	36.3	24.1	-999.9	0.0	2.4	96588.9	-999.9
Bobo-Dioulasso	2003	3	2	61	22.2	36.1	23.9	-999.9	0.0	2.4	96584.8	-999.9
Bobo-Dioulasso	2003	3	3	62	22.0	36.7	24.4	-999.9	0.0	2.3	96565.5	-999.9
Bobo-Dioulasso	2003	3	4	63	22.3	36.4	24.4	-999.9	0.0	2.2	96556.2	-999.9
Bobo-Dioulasso	2003	3	5	64	23.4	36.9	24.4	-999.9	0.0	2.2	96400.9	-999.9
Bobo-Dioulasso	2003	3	6	65	22.2	36.7	24.6	-999.9	0.0	1.8	96369.0	-999.9
Bobo-Dioulasso	2003	3	7	66	23.3	37.3	23.9	-999.9	0.0	2.3	96481.2	-999.9
Bobo-Dioulasso	2003	3	8	67	22.3	37.6	24.7	-999.9	0.0	2.0	96546.2	-999.9
Bobo-Dioulasso	2003	3	9	68	22.8	38.0	24.9	-999.9	0.0	2.3	96533.4	-999.9
Bobo-Dioulasso	2003	3	10	69	21.6	37.2	25.1	-999.9	0.0	1.5	96442.5	-999.9
Bobo-Dioulasso	2003	3	11	70	24.4	36.3	21.3	-999.9	0.0	2.1	96496.6	-999.9
Bobo-Dioulasso	2003	3	12	71	25.9	35.2	20.3	-999.9	1.6	2.3	96550.7	-999.9
Bobo-Dioulasso	2003	3	13	72	23.3	36.8	24.4	-999.9	0.0	2.4	96626.3	-999.9
Bobo-Dioulasso	2003	3	14	73	26.0	35.2	19.5	-999.9	0.0	3.0	96687.0	-999.9
Bobo-Dioulasso	2003	3	15	74	22.1	36.4	25.7	-999.9	0.0	2.8	96653.9	-999.9
Bobo-Dioulasso	2003	3	16	75	21.5	36.9	25.9	-999.9	0.0	2.4	96510.9	-999.9
Bobo-Dioulasso	2003	3	17	76	20.8	37.5	25.9	-999.9	0.0	1.9	96438.8	-999.9
Bobo-Dioulasso	2003	3	18	77	20.8	37.7	25.4	-999.9	0.0	1.7	96443.9	-999.9
Bobo-Dioulasso	2003	3	19	78	21.9	38.8	25.3	-999.9	0.0	2.0	96415.1	-999.9
Bobo-Dioulasso	2003	3	20	79	23.3	38.1	23.9	-999.9	0.0	1.7	96289.7	-999.9
Bobo-Dioulasso	2003	3	21	80	27.5	37.4	22.3	-999.9	4.0	3.2	96274.5	-999.9
Bobo-Dioulasso	2003	3	22	81	23.9	33.9	22.5	-999.9	8.0	2.3	96487.8	-999.9
Bobo-Dioulasso	2003	3	23	82	24.4	30.8	11.2	-999.9	0.0	1.9	96755.4	-999.9
Bobo-Dioulasso	2003	3	24	83	22.6	34.7	22.8	-999.9	0.0	1.8	96662.5	-999.9
Bobo-Dioulasso	2003	3	25	84	22.4	36.2	24.9	-999.9	0.0	2.0	96520.9	-999.9
Bobo-Dioulasso	2003	3	26	85	22.1	36.8	25.2	-999.9	0.0	1.9	96456.7	-999.9
Bobo-Dioulasso	2003	3	27	86	22.2	37.0	24.8	-999.9	0.0	2.0	96655.2	-999.9
Bobo-Dioulasso	2003	3	28	87	21.8	37.8	26.0	-999.9	0.0	1.8	96662.5	-999.9
Bobo-Dioulasso	2003	3	29	88	21.9	38.1	25.5	-999.9	0.0	1.8	96510.0	-999.9
Bobo-Dioulasso	2003	3	30	89	24.5	37.1	23.0	-999.9	0.0	2.4	96443.7	-999.9
Bobo-Dioulasso	2003	3	31	90	26.5	38.8	24.9	-999.9	0.0	2.3	96404.5	-999.9
Bobo-Dioulasso	2003	4	1	91	22.9	38.7	26.5	-999.9	0.0	2.3	96416.2	-999.9
Bobo-Dioulasso	2003	4	2	92	22.7	38.0	25.9	-999.9	0.0	1.9	96355.2	-999.9
Bobo-Dioulasso	2003	4	3	93	26.1	37.5	24.2	-999.9	0.0	2.7	96257.7	-999.9
Bobo-Dioulasso	2003	4	4	94	27.6	36.7	23.3	-999.9	0.0	3.0	96367.2	-999.9
Bobo-Dioulasso	2003	4	5	95	27.3	37.2	23.2	-999.9	0.0	2.3	96432.6	-999.9
Bobo-Dioulasso	2003	4	6	96	25.2	36.8	22.6	-999.9	0.0	1.9	96439.4	-999.9
Bobo-Dioulasso	2003	4	7	97	23.8	30.1	16.1	-999.9	18.7	2.3	96475.0	-999.9
Bobo-Dioulasso	2003	4	8	98	24.7	34.9	24.0	-999.9	0.0	2.0	96543.0	-999.9
Bobo-Dioulasso	2003	4	9	99	25.6	36.2	24.2	-999.9	0.0	1.7	96454.4	-999.9
Bobo-Dioulasso	2003	4	10	100	25.4	37.4	21.3	-999.9	6.2	2.1	96428.1	-999.9
Bobo-Dioulasso	2003	4	11	101	26.2	39.1	24.6	-999.9	0.0	2.6	96444.4	-999.9
Bobo-Dioulasso	2003	4	12	102	27.0	34.8	19.9	-999.9	3.9	2.2	96674.4	-999.9
Bobo-Dioulasso	2003	4	13	103	26.0	39.1	23.4	-999.9	0.0	2.6	96610.5	-999.9
Bobo-Dioulasso	2003	4	14	104	26.7	38.3	23.6	-999.9	0.0	3.0	96342.3	-999.9
Bobo-Dioulasso	2003	4	15	105	26.1	36.7	23.9	-999.9	3.9	3.2	96325.4	-999.9
Bobo-Dioulasso	2003	4	16	106	25.6	34.2	22.3	-999.9	0.0	2.1	96502.6	-999.9
Bobo-Dioulasso	2003	4	17	107	25.8	36.6	22.6	-999.9	0.0	2.6	96634.9	-999.9
Bobo-Dioulasso	2003	4	18	108	23.9	35.2	21.5	-999.9	7.7	2.1	96671.0	-999.9
Bobo-Dioulasso	2003	4	19	109	23.6	35.0	23.0	-999.9	3.8	2.6	96589.6	-999.9
Bobo-Dioulasso	2003	4	20	110	24.1	33.1	20.8	-999.9	7.7	2.7	96675.3	-999.9
Bobo-Dioulasso	2003	4	21	111	25.6	34.8	24.2	-999.9	2.7	2.1	96636.8	-999.9
Bobo-Dioulasso	2003	4	22	112	25.7	37.7	24.6	-999.9	0.0	2.3	96461.8	-999.9
Bobo-Dioulasso	2003	4	23	113	26.5	36.9	23.7	-999.9	5.4	2.6	96385.9	-999.9
Bobo-Dioulasso	2003	4	24	114	26.2	35.9	22.0	-999.9	5.4	2.0	96448.4	-999.9
Bobo-Dioulasso	2003	4	25	115	26.4	37.8	24.8	-999.9	2.7	2.1	96451.7	-999.9
Bobo-Dioulasso	2003	4	26	116	25.6	37.2	24.2	-999.9	2.3	2.4	96547.5	-999.9
Bobo-Dioulasso	2003	4	27	117	26.9	36.9	21.4	-999.9	0.0	2.8	96538.6	-999.9
Bobo-Dioulasso	2003	4	28	118	25.9	36.5	24.5	-999.9	0.0	2.7	96450.1	-999.9
Bobo-Dioulasso	2003	4	29	119	25.9	35.0	22.5	-999.9	0.0	2.1	96619.4	-999.9
Bobo-Dioulasso	2003	4	30	120	24.6	35.7	23.5	-999.9	0.0	2.3	96695.1	-999.9
Bobo-Dioulasso	2003	5	1	121	25.9	36.1	24.5	-999.9	0.0	2.4	96696.6	-999.9
Bobo-Dioulasso	2003	5	2	122	25.4	37.4	24.4	-999.9	0.0	2.2	96540.9	-999.9
Bobo-Dioulasso	2003	5	3	123	26.6	37.6	24.5	-999.9	0.0	2.8	96505.3	-999.9
Bobo-Dioulasso	2003	5	4	124	26.8	37.7	24.8	-999.9	0.0	2.8	96584.3	-999.9
Bobo-Dioulasso	2003	5	5	125	26.9	37.6	24.9	-999.9	0.0	2.4	96553.0	-999.9
Bobo-Dioulasso	2003	5	6	126	26.6	36.9	24.6	-999.9	0.0	2.5	96471.4	-999.9
Bobo-Dioulasso	2003	5	7	127	27.1	36.2	23.5	-999.9	0.0	2.7	96499.8	-999.9
Bobo-Dioulasso	2003	5	8	128	27.2	35.7	22.7	-999.9	0.0	2.3	96565.7	-999.9
Bobo-Dioulasso	2003	5	9	129	26.4	36.0	23.8	-999.9	0.0	1.9	96553.8	-999.9
Bobo-Dioulasso	2003	5	10	130	25.0	35.2	22.1	-999.9	9.8	2.3	96589.0	-999.9
Bobo-Dioulasso	2003	5	11	131	24.4	34.6	23.8	-999.9	5.3	2.4	96633.8	-999.9
Bobo-Dioulasso	2003	5	12	132	25.1	34.4	23.9	-999.9	5.3	3.1	96652.4	-999.9
Bobo-Dioulasso	2003	5	13	133	24.8	34.4	23.6	-999.9	0.0	2.7	96666.4	-999.9
Bobo-Dioulasso	2003	5	14	134	25.4	36.0	25.0	-999.9	0.0	2.6	96647.3	-999.9
Bobo-Dioulasso	2003	5	15	135	26.4	36.2	24.2	-999.9	2.6	2.3	96614.5	-999.9
Bobo-Dioulasso	2003	5	16	136	24.7	34.4	22.2	-999.9	8.7	2.3	96598.0	-999.9
Bobo-Dioulasso	2003	5	17	137	23.7	32.7	22.6	-999.9	2.2	1.8	96646.9	-999.9
Bobo-Dioulasso	2003	5	18	138	25.0	34.6	24.8	-999.9	2.2	2.0	96588.0	-999.9
Bobo-Dioulasso	2003	5	19	139	25.4	36.2	24.5	-999.9	2.2	2.4	96435.3	-999.9
Bobo-Dioulasso	2003	5	20	140	24.6	35.0	22.9	-999.9	4.3	2.9	96490.3	-999.9
Bobo-Dioulasso	2003	5	21	141	25.4	36.5	25.0	-999.9	2.1	2.4	96554.7	-999.9
Bobo-Dioulasso	2003	5	22	142	24.9	34.7	24.0	-999.9	4.3	2.0	96682.8	-999.9
Bobo-Dioulasso	2003	5	23	143	25.7	35.5	25.0	-999.9	0.0	2.2	96626.0	-999.9
Bobo-Dioulasso	2003	5	24	144	25.3	36.6	24.5	-999.9	6.4	2.4	96471.4	-999.9
Bobo-Dioulasso	2003	5	25	145	24.4	32.5	22.5	-999.9	4.3	2.5	96632.1	-999.9
Bobo-Dioulasso	2003	5	26	146	24.7	32.8	23.5	-999.9	0.0	2.2	96662.3	-999.9
Bobo-Dioulasso	2003	5	27	147	24.8	34.5	22.5	-999.9	14.5	2.4	96610.1	-999.9
Bobo-Dioulasso	2003	5	28	148	23.8	29.8	17.1	-999.9	9.7	1.2	96683.6	-999.9
Bobo-Dioulasso	2003	5	29	149	23.9	30.6	22.3	-999.9	0.0	1.7	96721.1	-999.9
Bobo-Dioulasso	2003	5	30	150	23.3	30.5	21.4	-999.9	14.5	2.1	96723.0	-999.9
Bobo-Dioulasso	2003	5	31	151	24.0	30.9	22.9	-999.9	4.8	2.1	96797.9	-999.9
Bobo-Dioulasso	2003	6	1	152	23.9	31.9	24.0	-999.9	5.0	2.5	96760.0	-999.9
Bobo-Dioulasso	2003	6	2	153	23.1	30.1	16.6	-999.9	15.1	1.9	96767.5	-999.9
Bobo-Dioulasso	2003	6	3	154	23.0	29.5	19.9	-999.9	0.0	1.5	96756.0	-999.9
Bobo-Dioulasso	2003	6	4	155	23.2	31.4	24.1	-999.9	0.0	1.4	96657.4	-999.9
Bobo-Dioulasso	2003	6	5	156	22.4	30.0	19.7	-999.9	5.0	1.6	96681.8	-999.9
Bobo-Dioulasso	2003	6	6	157	22.8	31.3	22.8	-999.9	11.2	1.9	96675.7	-999.9
Bobo-Dioulasso	2003	6	7	158	22.8	30.7	23.2	-999.9	0.0	1.7	96717.9	-999.9
Bobo-Dioulasso	2003	6	8	159	23.9	31.4	23.9	-999.9	11.2	2.3	96723.3	-999.9
Bobo-Dioulasso	2003	6	9	160	23.7	31.5	24.1	-999.9	0.0	1.8	96811.2	-999.9
Bobo-Dioulasso	2003	6	10	161	23.6	32.7	24.1	-999.9	5.6	1.9	96711.6	-999.9
Bobo-Dioulasso	2003	6	11	162	24.1	31.8	23.2	-999.9	0.0	2.2	96666.2	-999.9
Bobo-Dioulasso	2003	6	12	163	22.6	30.4	20.6	-999.9	0.0	1.8	96733.5	-999.9
Bobo-Dioulasso	2003	6	13	164	22.0	29.5	19.5	-999.9	7.7	1.9	96842.7	-999.9
Bobo-Dioulasso	2003	6	14	165	23.2	30.8	22.2	-999.9	0.0	1.3	96868.8	-999.9
Bobo-Dioulasso	2003	6	15	166	22.9	31.8	24.9	-999.9	0.0	1.8	96775.8	-999.9
Bobo-Dioulasso	2003	6	16	167	24.2	32.5	24.3	-999.9	0.0	2.3	96608.3	-999.9
Bobo-Dioulasso	2003	6	17	168	24.7	32.9	24.4	-999.9	3.1	2.7	96591.7	-999.9
Bobo-Dioulasso	2003	6	18	169	25.0	31.5	19.3	-999.9	3.1	2.3	96714.0	-999.9
Bobo-Dioulasso	2003	6	19	170	23.5	32.9	24.5	-999.9	0.0	1.7	96747.8	-999.9
Bobo-Dioulasso	2003	6	20	171	24.1	32.4	21.1	-999.9	9.3	2.4	96626.6	-999.9
Bobo-Dioulasso	2003	6	21	172	22.8	31.5	23.2	-999.9	0.0	2.4	96676.6	-999.9
Bobo-Dioulasso	2003	6	22	173	23.1	31.6	21.2	-999.9	7.8	2.1	96692.0	-999.9
Bobo-Dioulasso	2003	6	23	174	23.4	30.5	21.6	-999.9	0.0	1.8	96814.0	-999.9
Bobo-Dioulasso	2003	6	24	175	22.6	30.4	22.6	-999.9	0.0	1.7	96901.1	-999.9
Bobo-Dioulasso	2003	6	25	176	22.6	31.2	23.2	-999.9	7.8	2.1	96751.1	-999.9
Bobo-Dioulasso	2003	6	26	177	22.3	28.7	16.1	-999.9	18.2	1.8	96787.9	-999.9
Bobo-Dioulasso	2003	6	27	178	22.0	29.0	20.5	-999.9	0.0	2.1	96888.4	-999.9
Bobo-Dioulasso	2003	6	28	179	21.9	29.7	21.7	-999.9	0.0	2.0	96904.9	-999.9
Bobo-Dioulasso	2003	6	29	180	22.8	29.7	21.2	-999.9	9.1	1.7	96887.9	-999.9
Bobo-Dioulasso	2003	6	30	181	22.2	29.2	19.3	-999.9	0.0	2.0	96865.6	-999.9
Bobo-Dioulasso	2003	7	1	182	22.2	30.1	19.7	-999.9	0.0	2.2	96827.8	-999.9
Bobo-Dioulasso	2003	7	2	183	23.3	30.0	20.7	-999.9	18.2	2.4	96880.5	-999.9
Bobo-Dioulasso	2003	7	3	184	22.3	30.9	23.7	-999.9	0.0	1.7	96861.3	-999.9
Bobo-Dioulasso	2003	7	4	185	22.6	31.7	21.9	-999.9	18.2	1.6	96792.5	-999.9
Bobo-Dioulasso	2003	7	5	186	23.0	29.9	19.0	-999.9	0.0	2.1	96714.5	-999.9
Bobo-Dioulasso	2003	7	6	187	22.9	30.2	22.2	-999.9	0.0	1.6	96742.5	-999.9
Bobo-Dioulasso	2003	7	7	188	22.2	30.8	22.4	-999.9	0.0	1.9	96792.1	-999.9
Bobo-Dioulasso	2003	7	8	189	22.1	28.9	18.0	-999.9	8.7	2.1	96748.6	-999.9
Bobo-Dioulasso	2003	7	9	190	22.0	27.6	17.7	-999.9	0.0	2.6	96780.5	-999.9
Bobo-Dioulasso	2003	7	10	191	21.3	28.5	20.0	-999.9	4.3	2.0	96851.5	-999.9
Bobo-Dioulasso	2003	7	11	192	22.0	27.9	16.7	-999.9	0.0	1.6	96850.3	-999.9
Bobo-Dioulasso	2003	7	12	193	21.7	29.8	23.4	-999.9	4.7	1.9	96819.1	-999.9
Bobo-Dioulasso	2003	7	13	194	22.8	29.6	22.5	-999.9	0.0	2.1	96842.9	-999.9
Bobo-Dioulasso	2003	7	14	195	22.1	28.4	16.5	-999.9	19.0	1.9	96809.2	-999.9
Bobo-Dioulasso	2003	7	15	196	22.0	27.4	14.0	-999.9	9.5	1.9	96906.0	-999.9
Bobo-Dioulasso	2003	7	16	197	21.4	29.3	21.2	-999.9	0.0	1.9	96936.6	-999.9
Bobo-Dioulasso	2003	7	17	198	23.0	29.6	18.4	-999.9	25.9	1.7	96916.4	-999.9
Bobo-Dioulasso	2003	7	18	199	21.9	28.8	20.2	-999.9	0.0	2.1	96991.6	-999.9
Bobo-Dioulasso	2003	7	19	200	21.9	28.8	19.9	-999.9	0.0	2.5	97078.7	-999.9
Bobo-Dioulasso	2003	7	20	201	21.9	27.4	11.9	-999.9	38.8	1.8	96950.8	-999.9
Bobo-Dioulasso	2003	7	21	202	21.3	29.0	21.1	-999.9	0.0	2.2	96967.7	-999.9
Bobo-Dioulasso	2003	7	22	203	21.8	29.0	19.6	-999.9	6.2	2.0	97012.1	-999.9
Bobo-Dioulasso	2003	7	23	204	22.0	28.7	18.0	-999.9	0.0	2.2	96944.4	-999.9
Bobo-Dioulasso	2003	7	24	205	22.8	29.4	22.2	-999.9	0.0	2.2	96931.1	-999.9
Bobo-Dioulasso	2003	7	25	206	22.8	28.8	18.5	-999.9	0.0	1.6	96976.5	-999.9
Bobo-Dioulasso	2003	7	26	207	22.1	29.5	21.6	-999.9	15.7	1.4	96979.7	-999.9
Bobo-Dioulasso	2003	7	27	208	22.8	30.0	20.3	-999.9	31.4	1.8	96880.3	-999.9
Bobo-Dioulasso	2003	7	28	209	22.6	29.4	20.7	-999.9	15.7	2.0	96855.8	-999.9
Bobo-Dioulasso	2003	7	29	210	22.9	30.4	23.4	-999.9	15.7	1.8	96872.9	-999.9
Bobo-Dioulasso	2003	7	30	211	22.7	29.2	19.3	-999.9	0.0	2.0	96845.5	-999.9
Bobo-Dioulasso	2003	7	31	212	22.3	29.1	18.8	-999.9	0.0	1.9	96875.3	-999.9
Bobo-Dioulasso	2003	8	1	213	22.4	29.7	19.9	-999.9	0.0	1.6	96821.1	-999.9
Bobo-Dioulasso	2003	8	2	214	21.8	29.6	21.3	-999.9	0.0	1.9	96850.9	-999.9
Bobo-Dioulasso	2003	8	3	215	22.7	29.7	21.2	-999.9	0.0	2.1	96792.3	-999.9
Bobo-Dioulasso	2003	8	4	216	22.0	28.9	19.4	-999.9	25.0	1.5	96738.1	-999.9
Bobo-Dioulasso	2003	8	5	217	22.1	29.2	20.5	-999.9	0.0	1.7	96697.1	-999.9
Bobo-Dioulasso	2003	8	6	218	22.6	28.7	19.0	-999.9	0.0	2.2	96699.9	-999.9
Bobo-Dioulasso	2003	8	7	219	22.0	27.4	13.4	-999.9	0.0	2.7	96730.7	-999.9
Bobo-Dioulasso	2003	8	8	220	22.0	28.3	18.2	-999.9	0.0	2.3	96863.3	-999.9
Bobo-Dioulasso	2003	8	9	221	21.1	28.9	21.0	-999.9	0.0	1.4	96911.5	-999.9
Bobo-Dioulasso	2003	8	10	222	22.2	29.3	21.6	-999.9	0.0	1.9	96843.1	-999.9
Bobo-Dioulasso	2003	8	11	223	21.9	28.7	19.0	-999.9	33.4	1.3	96861.8	-999.9
Bobo-Dioulasso	2003	8	12	224	21.4	25.4	10.4	-999.9	0.0	1.8	96863.6	-999.9
Bobo-Dioulasso	2003	8	13	225	20.8	27.7	15.7	-999.9	11.1	1.8	96894.0	-999.9
Bobo-Dioulasso	2003	8	14	226	21.3	26.6	13.9	-999.9	0.0	1.5	96973.0	-999.9
Bobo-Dioulasso	2003	8	15	227	21.3	29.0	20.0	-999.9	22.2	1.6	96945.0	-999.9
Bobo-Dioulasso	2003	8	16	228	22.0	28.6	15.9	-999.9	21.8	1.5	96849.1	-999.9
Bobo-Dioulasso	2003	8	17	229	21.9	25.9	9.6	-999.9	54.6	1.8	96925.8	-999.9
Bobo-Dioulasso	2003	8	18	230	20.7	28.4	16.8	-999.9	21.8	1.8	97048.0	-999.9
Bobo-Dioulasso	2003	8	19	231	21.6	28.9	19.9	-999.9	0.0	1.9	96958.7	-999.9
Bobo-Dioulasso	2003	8	20	232	22.0	26.0	10.6	-999.9	43.7	2.1	96716.9	-999.9
Bobo-Dioulasso	2003	8	21	233	20.5	25.9	15.0	-999.9	0.0	2.6	96743.9	-999.9
Bobo-Dioulasso	2003	8	22	234	21.3	28.1	15.4	-999.9	0.0	2.2	96848.4	-999.9
Bobo-Dioulasso	2003	8	23	235	21.9	29.0	17.5	-999.9	36.9	1.6	96862.2	-999.9
Bobo-Dioulasso	2003	8	24	236	21.7	26.0	10.6	-999.9	36.9	2.3	96851.0	-999.9
Bobo-Dioulasso	2003	8	25	237	21.2	27.7	15.6	-999.9	0.0	2.1	96898.9	-999.9
Bobo-Dioulasso	2003	8	26	238	21.4	29.3	21.0	-999.9	0.0	1.5	96860.8	-999.9
Bobo-Dioulasso	2003	8	27	239	22.1	29.5	22.7	-999.9	29.2	1.7	96839.1	-999.9
Bobo-Dioulasso	2003	8	28	240	22.2	28.3	16.2	-999.9	29.2	1.6	96814.8	-999.9
Bobo-Dioulasso	2003	8	29	241	22.0	28.8	18.5	-999.9	0.0	1.5	96908.4	-999.9
Bobo-Dioulasso	2003	8	30	242	22.3	27.1	13.5	-999.9	38.9	1.2	96901.9	-999.9
Bobo-Dioulasso	2003	8	31	243	21.6	28.3	16.6	-999.9	19.4	1.3	96829.1	-999.9
Bobo-Dioulasso	2003	9	1	244	21.5	26.6	12.8	-999.9	30.3	1.8	96765.0	-999.9
Bobo-Dioulasso	2003	9	2	245	21.3	26.2	11.2	-999.9	0.0	2.1	96836.9	-999.9
Bobo-Dioulasso	2003	9	3	246	21.5	28.6	20.1	-999.9	15.2	1.8	96945.3	-999.9
Bobo-Dioulasso	2003	9	4	247	21.5	28.5	19.9	-999.9	0.0	1.4	96938.5	-999.9
Bobo-Dioulasso	2003	9	5	248	21.9	29.0	19.6	-999.9	0.0	1.4	96845.1	-999.9
Bobo-Dioulasso	2003	9	6	249	21.1	28.2	18.3	-999.9	7.6	1.3	96812.6	-999.9
Bobo-Dioulasso	2003	9	7	250	21.7	26.8	13.0	-999.9	7.6	1.4	96770.4	-999.9
Bobo-Dioulasso	2003	9	8	251	21.0	27.7	18.2	-999.9	0.0	1.6	96904.5	-999.9
Bobo-Dioulasso	2003	9	9	252	21.2	29.2	21.2	-999.9	0.0	1.1	96901.9	-999.9
Bobo-Dioulasso	2003	9	10	253	21.4	29.0	21.1	-999.9	0.0	1.4	96858.1	-999.9
Bobo-Dioulasso	2003	9	11	254	22.4	28.8	21.0	-999.9	0.0	1.6	96847.6	-999.9
Bobo-Dioulasso	2003	9	12	255	21.9	29.2	22.7	-999.9	0.0	1.9	96879.3	-999.9
Bobo-Dioulasso	2003	9	13	256	22.1	28.9	19.0	-999.9	0.0	1.4	96897.4	-999.9
Bobo-Dioulasso	2003	9	14	257	21.5	24.9	8.1	-999.9	5.2	1.7	96837.4	-999.9
Bobo-Dioulasso	2003	9	15	258	21.8	26.9	16.8	-999.9	0.0	2.1	96829.3	-999.9
Bobo-Dioulasso	2003	9	16	259	21.5	28.3	20.1	-999.9	5.9	1.7	96900.3	-999.9
Bobo-Dioulasso	2003	9	17	260	20.8	29.2	21.3	-999.9	5.9	1.2	96804.3	-999.9
Bobo-Dioulasso	2003	9	18	261	21.3	29.9	22.6	-999.9	0.0	1.4	96752.1	-999.9
Bobo-Dioulasso	2003	9	19	262	22.9	29.7	21.2	-999.9	17.6	1.3	96659.5	-999.9
Bobo-Dioulasso	2003	9	20	263	22.3	27.5	15.4	-999.9	0.0	1.6	96822.0	-999.9
Bobo-Dioulasso	2003	9	21	264	22.1	28.2	18.8	-999.9	0.0	1.7	96955.8	-999.9
Bobo-Dioulasso	2003	9	22	265	21.5	29.2	21.9	-999.9	0.0	1.3	96869.1	-999.9
Bobo-Dioulasso	2003	9	23	266	22.2	30.6	19.9	-999.9	13.6	1.2	96708.1	-999.9
Bobo-Dioulasso	2003	9	24	267	22.7	30.1	21.8	-999.9	4.5	1.4	96759.8	-999.9
Bobo-Dioulasso	2003	9	25	268	21.5	29.3	19.7	-999.9	9.1	1.4	96816.4	-999.9
Bobo-Dioulasso	2003	9	26	269	22.7	30.3	23.0	-999.9	0.0	1.3	96699.6	-999.9
Bobo-Dioulasso	2003	9	27	270	23.9	30.6	22.9	-999.9	3.6	1.9	96614.8	-999.9
Bobo-Dioulasso	2003	9	28	271	22.8	30.1	22.4	-999.9	3.6	1.7	96765.3	-999.9
Bobo-Dioulasso	2003	9	29	272	21.9	29.4	21.8	-999.9	0.0	1.2	96815.5	-999.9
Bobo-Dioulasso	2003	9	30	273	22.2	29.4	21.0	-999.9	0.0	1.4	96811.4	-999.9
Bobo-Dioulasso	2003	10	1	274	22.0	30.2	21.1	-999.9	0.0	1.4	96713.5	-999.9
Bobo-Dioulasso	2003	10	2	275	23.0	30.9	23.4	-999.9	10.3	1.2	96658.9	-999.9
Bobo-Dioulasso	2003	10	3	276	23.6	29.4	19.1	-999.9	0.0	1.7	96638.3	-999.9
Bobo-Dioulasso	2003	10	4	277	22.8	30.1	22.2	-999.9	0.0	2.2	96672.5	-999.9
Bobo-Dioulasso	2003	10	5	278	22.4	30.4	23.0	-999.9	0.0	1.7	96661.1	-999.9
Bobo-Dioulasso	2003	10	6	279	23.0	30.5	22.2	-999.9	0.0	1.4	96689.1	-999.9
Bobo-Dioulasso	2003	10	7	280	23.1	30.7	20.8	-999.9	5.7	1.6	96725.8	-999.9
Bobo-Dioulasso	2003	10	8	281	22.6	31.0	22.2	-999.9	0.0	1.6	96706.5	-999.9
Bobo-Dioulasso	2003	10	9	282	23.5	32.1	22.8	-999.9	5.7	1.4	96554.6	-999.9
Bobo-Dioulasso	2003	10	10	283	23.8	32.0	22.8	-999.9	0.0	1.9	96537.3	-999.9
Bobo-Dioulasso	2003	10	11	284	23.8	31.6	22.5	-999.9	0.0	1.6	96614.3	-999.9
Bobo-Dioulasso	2003	10	12	285	23.4	31.8	22.3	-999.9	0.0	1.8	96584.5	-999.9
Bobo-Dioulasso	2003	10	13	286	24.0	31.6	21.7	-999.9	0.0	2.1	96475.5	-999.9
Bobo-Dioulasso	2003	10	14	287	23.1	31.1	21.2	-999.9	4.9	2.1	96542.0	-999.9
Bobo-Dioulasso	2003	10	15	288	23.4	30.5	20.4	-999.9	4.9	1.6	96703.4	-999.9
Bobo-Dioulasso	2003	10	16	289	22.0	29.9	19.4	-999.9	11.1	1.3	96765.1	-999.9
Bobo-Dioulasso	2003	10	17	290	22.0	28.1	17.0	-999.9	0.0	1.3	96749.8	-999.9
Bobo-Dioulasso	2003	10	18	291	22.3	30.3	21.0	-999.9	0.0	2.0	96751.4	-999.9
Bobo-Dioulasso	2003	10	19	292	22.1	31.4	22.7	-999.9	0.0	1.7	96799.5	-999.9
Bobo-Dioulasso	2003	10	20	293	23.1	31.3	21.4	-999.9	0.0	1.5	96698.5	-999.9
Bobo-Dioulasso	2003	10	21	294	23.4	31.4	21.4	-999.9	0.0	1.8	96754.2	-999.9
Bobo-Dioulasso	2003	10	22	295	22.8	31.5	20.6	-999.9	0.0	1.2	96743.7	-999.9
Bobo-Dioulasso	2003	10	23	296	23.5	32.9	20.9	-999.9	1.9	1.2	96734.7	-999.9
Bobo-Dioulasso	2003	10	24	297	23.9	32.4	21.3	-999.9	0.0	2.0	96634.0	-999.9
Bobo-Dioulasso	2003	10	25	298	24.3	32.1	21.1	-999.9	1.9	2.1	96598.8	-999.9
Bobo-Dioulasso	2003	10	26	299	23.8	31.9	19.8	-999.9	5.6	1.7	96591.0	-999.9
Bobo-Dioulasso	2003	10	27	300	23.0	31.6	20.6	-999.9	0.0	1.5	96606.3	-999.9
Bobo-Dioulasso	2003	10	28	301	22.9	30.1	19.1	-999.9	5.6	1.0	96732.7	-999.9
Bobo-Dioulasso	2003	10	29	302	22.7	32.3	22.1	-999.9	0.0	1.2	96705.1	-999.9
Bobo-Dioulasso	2003	10	30	303	22.3	32.5	21.0	-999.9	0.0	1.7	96530.8	-999.9
Bobo-Dioulasso	2003	10	31	304	23.7	31.5	20.8	-999.9	0.0	2.2	96527.1	-999.9
Bobo-Dioulasso	2003	11	1	305	23.1	31.5	20.8	-999.9	0.0	1.4	96524.2	-999.9
Bobo-Dioulasso	2003	11	2	306	23.3	31.7	19.9	-999.9	0.0	1.3	96568.4	-999.9
Bobo-Dioulasso	2003	11	3	307	22.4	32.1	20.5	-999.9	5.0	1.6	96639.1	-999.9
Bobo-Dioulasso	2003	11	4	308	22.9	32.6	20.5	-999.9	0.0	1.8	96601.8	-999.9
Bobo-Dioulasso	2003	11	5	309	22.5	32.9	19.9	-999.9	0.0	1.7	96512.2	-999.9
Bobo-Dioulasso	2003	11	6	310	23.0	31.7	17.8	-999.9	1.5	1.9	96528.1	-999.9
Bobo-Dioulasso	2003	11	7	311	23.0	31.8	16.8	-999.9	0.0	1.8	96643.5	-999.9
Bobo-Dioulasso	2003	11	8	312	23.3	31.6	18.7	-999.9	0.0	1.6	96770.1	-999.9
Bobo-Dioulasso	2003	11	9	313	24.0	32.3	18.7	-999.9	1.5	1.7	96736.7	-999.9
Bobo-Dioulasso	2003	11	10	314	23.2	32.5	19.6	-999.9	0.0	1.8	96636.7	-999.9
Bobo-Dioulasso	2003	11	11	315	23.0	33.2	20.6	-999.9	0.0	1.8	96572.0	-999.9
Bobo-Dioulasso	2003	11	12	316	21.9	33.1	20.5	-999.9	0.0	1.7	96662.2	-999.9
Bobo-Dioulasso	2003	11	13	317	22.0	32.8	20.1	-999.9	0.0	1.7	96836.4	-999.9
Bobo-Dioulasso	2003	11	14	318	19.0	32.8	22.0	-999.9	0.0	1.6	96864.1	-999.9
Bobo-Dioulasso	2003	11	15	319	19.9	33.4	21.4	-999.9	0.0	1.8	96786.6	-999.9
Bobo-Dioulasso	2003	11	16	320	21.0	34.5	21.6	-999.9	0.0	1.8	96570.7	-999.9
Bobo-Dioulasso	2003	11	17	321	23.2	33.5	19.7	-999.9	0.0	1.6	96496.1	-999.9
Bobo-Dioulasso	2003	11	18	322	24.2	33.0	18.6	-999.9	0.0	1.6	96550.6	-999.9
Bobo-Dioulasso	2003	11	19	323	23.0	34.3	21.0	-999.9	0.0	1.8	96524.7	-999.9
Bobo-Dioulasso	2003	11	20	324	21.8	34.4	21.0	-999.9	0.0	1.5	96586.4	-999.9
Bobo-Dioulasso	2003	11	21	325	20.7	34.0	20.7	-999.9	0.0	1.6	96635.0	-999.9
Bobo-Dioulasso	2003	11	22	326	21.3	33.6	21.0	-999.9	0.0	1.6	96616.5	-999.9
Bobo-Dioulasso	2003	11	23	327	21.5	34.0	21.5	-999.9	0.0	2.2	96661.2	-999.9
Bobo-Dioulasso	2003	11	24	328	19.7	33.1	20.8	-999.9	0.0	1.2	96703.9	-999.9
Bobo-Dioulasso	2003	11	25	329	20.4	33.5	19.1	-999.9	0.0	1.8	96666.7	-999.9
Bobo-Dioulasso	2003	11	26	330	20.2	34.0	19.7	-999.9	0.0	1.7	96641.8	-999.9
Bobo-Dioulasso	2003	11	27	331	20.2	33.5	20.7	-999.9	0.0	1.5	96608.4	-999.9
Bobo-Dioulasso	2003	11	28	332	19.8	33.6	20.9	-999.9	0.0	1.8	96556.1	-999.9
Bobo-Dioulasso	2003	11	29	333	19.9	33.9	21.3	-999.9	0.0	2.0	96591.4	-999.9
Bobo-Dioulasso	2003	11	30	334	19.5	33.4	21.1	-999.9	0.0	2.5	96578.0	-999.9
Bobo-Dioulasso	2003	12	1	335	19.5	33.0	20.9	-999.9	0.0	2.1	96592.0	-999.9
Bobo-Dioulasso	2003	12	2	336	18.5	32.9	20.3	-999.9	0.5	1.6	96616.6	-999.9
Bobo-Dioulasso	2003	12	3	337	20.3	33.4	19.8	-999.9	0.5	1.4	96576.1	-999.9
Bobo-Dioulasso	2003	12	4	338	19.6	33.3	18.9	-999.9	0.0	1.6	96547.9	-999.9
Bobo-Dioulasso	2003	12	5	339	19.8	34.3	19.9	-999.9	0.0	1.7	96584.8	-999.9
Bobo-Dioulasso	2003	12	6	340	20.2	33.9	20.1	-999.9	0.0	1.9	96696.4	-999.9
Bobo-Dioulasso	2003	12	7	341	18.5	33.8	20.9	-999.9	0.0	2.1	96751.7	-999.9
Bobo-Dioulasso	2003	12	8	342	18.9	34.1	20.9	-999.9	0.0	2.7	96804.1	-999.9
Bobo-Dioulasso	2003	12	9	343	19.4	33.6	20.8	-999.9	0.0	2.6	96855.4	-999.9
Bobo-Dioulasso	2003	12	10	344	19.0	32.9	20.4	-999.9	0.0	1.5	96760.4	-999.9
Bobo-Dioulasso	2003	12	11	345	18.1	33.0	20.5	-999.9	0.0	1.8	96731.4	-999.9
Bobo-Dioulasso	2003	12	12	346	19.1	33.0	20.5	-999.9	0.0	1.7	96670.0	-999.9
Bobo-Dioulasso	2003	12	13	347	19.0	32.7	20.4	-999.9	0.0	2.0	96705.5	-999.9
Bobo-Dioulasso	2003	12	14	348	20.4	32.6	20.1	-999.9	0.0	2.0	96809.4	-999.9
Bobo-Dioulasso	2003	12	15	349	20.5	32.9	20.0	-999.9	0.0	2.0	96715.8	-999.9
Bobo-Dioulasso	2003	12	16	350	18.2	32.5	20.2	-999.9	0.0	1.8	96727.8	-999.9
Bobo-Dioulasso	2003	12	17	351	17.7	32.9	20.5	-999.9	0.0	1.8	96773.5	-999.9
Bobo-Dioulasso	2003	12	18	352	19.3	33.2	20.4	-999.9	0.0	2.2	96842.8	-999.9
Bobo-Dioulasso	2003	12	19	353	19.2	32.8	20.5	-999.9	0.0	2.4	96871.3	-999.9
Bobo-Dioulasso	2003	12	20	354	19.1	32.5	20.6	-999.9	0.0	2.2	96889.1	-999.9
Bobo-Dioulasso	2003	12	21	355	19.0	32.9	20.3	-999.9	0.0	2.2	96862.9	-999.9
Bobo-Dioulasso	2003	12	22	356	19.1	33.0	20.4	-999.9	0.0	2.1	96865.1	-999.9
Bobo-Dioulasso	2003	12	23	357	18.9	33.3	20.4	-999.9	0.0	1.9	96837.4	-999.9
Bobo-Dioulasso	2003	12	24	358	18.0	33.1	20.3	-999.9	0.0	1.8	96801.3	-999.9
Bobo-Dioulasso	2003	12	25	359	18.7	32.4	20.4	-999.9	0.0	2.4	96832.6	-999.9
Bobo-Dioulasso	2003	12	26	360	18.4	31.4	20.5	-999.9	0.0	2.6	96815.7	-999.9
Bobo-Dioulasso	2003	12	27	361	18.3	31.7	20.4	-999.9	0.0	2.6	96708.2	-999.9
Bobo-Dioulasso	2003	12	28	362	17.9	30.6	20.7	-999.9	0.0	2.6	96664.6	-999.9
Bobo-Dioulasso	2003	12	29	363	16.4	30.0	20.7	-999.9	0.0	2.5	96682.6	-999.9
Bobo-Dioulasso	2003	12	30	364	16.4	31.8	20.3	-999.9	0.0	2.0	96786.3	-999.9
Bobo-Dioulasso	2003	12	31	365	17.9	33.1	20.0	-999.9	0.0	2.0	96934.4	-999.9
