Bobo-Dioulasso	1984	1	1	1	17.8	32.3	20.5	-999.9	0.0	2.1	96769.5	-999.9
Bobo-Dioulasso	1984	1	2	2	18.9	32.8	20.5	-999.9	0.0	2.4	96787.5	-999.9
Bobo-Dioulasso	1984	1	3	3	20.8	33.1	20.3	-999.9	0.0	2.4	96882.6	-999.9
Bobo-Dioulasso	1984	1	4	4	19.1	32.7	20.6	-999.9	0.0	2.0	96851.4	-999.9
Bobo-Dioulasso	1984	1	5	5	17.9	32.5	20.6	-999.9	0.0	2.0	96808.5	-999.9
Bobo-Dioulasso	1984	1	6	6	17.8	32.1	20.6	-999.9	0.0	2.1	96780.3	-999.9
Bobo-Dioulasso	1984	1	7	7	18.6	30.1	20.6	-999.9	0.0	3.0	96951.5	-999.9
Bobo-Dioulasso	1984	1	8	8	17.2	29.3	20.6	-999.9	0.0	2.6	96949.6	-999.9
Bobo-Dioulasso	1984	1	9	9	16.2	31.0	20.8	-999.9	0.0	1.7	96761.9	-999.9
Bobo-Dioulasso	1984	1	10	10	18.0	32.9	20.8	-999.9	0.0	2.0	96707.5	-999.9
Bobo-Dioulasso	1984	1	11	11	18.4	33.7	20.7	-999.9	0.5	2.2	96681.6	-999.9
Bobo-Dioulasso	1984	1	12	12	20.7	33.8	20.9	-999.9	0.0	2.3	96720.5	-999.9
Bobo-Dioulasso	1984	1	13	13	20.8	34.0	21.1	-999.9	0.0	2.8	96761.9	-999.9
Bobo-Dioulasso	1984	1	14	14	20.0	33.6	21.2	-999.9	0.0	3.0	96748.3	-999.9
Bobo-Dioulasso	1984	1	15	15	20.2	34.2	21.2	-999.9	0.0	2.5	96650.6	-999.9
Bobo-Dioulasso	1984	1	16	16	19.7	33.2	21.2	-999.9	0.0	2.3	96726.2	-999.9
Bobo-Dioulasso	1984	1	17	17	19.1	32.3	21.3	-999.9	0.0	2.3	96786.8	-999.9
Bobo-Dioulasso	1984	1	18	18	18.3	32.1	21.4	-999.9	0.0	1.8	96704.0	-999.9
Bobo-Dioulasso	1984	1	19	19	18.4	32.6	21.4	-999.9	0.0	1.7	96613.5	-999.9
Bobo-Dioulasso	1984	1	20	20	18.8	32.9	21.4	-999.9	0.0	2.0	96577.8	-999.9
Bobo-Dioulasso	1984	1	21	21	18.9	33.2	21.5	-999.9	0.0	2.2	96659.0	-999.9
Bobo-Dioulasso	1984	1	22	22	19.2	33.6	21.6	-999.9	0.0	2.4	96708.1	-999.9
Bobo-Dioulasso	1984	1	23	23	19.9	33.6	21.8	-999.9	0.0	2.9	96674.5	-999.9
Bobo-Dioulasso	1984	1	24	24	18.7	32.7	22.0	-999.9	0.0	2.5	96639.5	-999.9
Bobo-Dioulasso	1984	1	25	25	17.8	33.4	22.1	-999.9	0.0	2.3	96607.2	-999.9
Bobo-Dioulasso	1984	1	26	26	18.1	34.4	22.0	-999.9	0.0	1.9	96558.6	-999.9
Bobo-Dioulasso	1984	1	27	27	19.0	34.6	22.0	-999.9	0.0	2.0	96532.4	-999.9
Bobo-Dioulasso	1984	1	28	28	18.0	34.8	22.1	-999.9	0.0	2.0	96504.6	-999.9
Bobo-Dioulasso	1984	1	29	29	18.5	35.7	22.1	-999.9	0.0	2.0	96488.9	-999.9
Bobo-Dioulasso	1984	1	30	30	18.7	34.8	22.2	-999.9	0.0	1.7	96480.6	-999.9
Bobo-Dioulasso	1984	1	31	31	19.9	33.6	22.1	-999.9	0.0	2.9	96592.8	-999.9
Bobo-Dioulasso	1984	2	1	32	19.2	32.3	22.1	-999.9	0.0	2.9	96633.3	-999.9
Bobo-Dioulasso	1984	2	2	33	18.3	32.1	22.2	-999.9	0.0	2.4	96629.7	-999.9
Bobo-Dioulasso	1984	2	3	34	18.7	32.6	22.2	-999.9	0.0	2.6	96608.9	-999.9
Bobo-Dioulasso	1984	2	4	35	19.1	31.6	22.3	-999.9	0.0	3.3	96721.0	-999.9
Bobo-Dioulasso	1984	2	5	36	17.1	29.5	23.2	-999.9	0.0	3.2	96776.4	-999.9
Bobo-Dioulasso	1984	2	6	37	15.1	30.2	23.3	-999.9	0.0	2.8	96765.5	-999.9
Bobo-Dioulasso	1984	2	7	38	16.0	30.2	23.2	-999.9	0.0	2.8	96831.7	-999.9
Bobo-Dioulasso	1984	2	8	39	16.0	30.8	23.3	-999.9	0.0	2.7	96815.6	-999.9
Bobo-Dioulasso	1984	2	9	40	16.3	31.4	23.1	-999.9	0.0	2.2	96708.5	-999.9
Bobo-Dioulasso	1984	2	10	41	17.1	32.4	23.0	-999.9	0.0	2.1	96668.3	-999.9
Bobo-Dioulasso	1984	2	11	42	17.9	33.7	23.0	-999.9	0.0	2.1	96655.2	-999.9
Bobo-Dioulasso	1984	2	12	43	18.3	33.9	23.0	-999.9	0.0	2.2	96672.1	-999.9
Bobo-Dioulasso	1984	2	13	44	19.1	34.2	23.1	-999.9	0.0	2.3	96647.7	-999.9
Bobo-Dioulasso	1984	2	14	45	19.4	34.5	23.1	-999.9	0.0	2.3	96588.1	-999.9
Bobo-Dioulasso	1984	2	15	46	20.1	35.7	23.1	-999.9	0.0	2.4	96543.2	-999.9
Bobo-Dioulasso	1984	2	16	47	21.2	36.3	23.1	-999.9	0.0	2.5	96479.0	-999.9
Bobo-Dioulasso	1984	2	17	48	21.2	36.1	23.3	-999.9	0.0	2.7	96423.3	-999.9
Bobo-Dioulasso	1984	2	18	49	22.1	36.2	23.5	-999.9	0.0	2.9	96469.2	-999.9
Bobo-Dioulasso	1984	2	19	50	21.2	35.8	23.7	-999.9	0.0	2.5	96503.3	-999.9
Bobo-Dioulasso	1984	2	20	51	20.7	36.4	23.7	-999.9	0.0	2.3	96502.7	-999.9
Bobo-Dioulasso	1984	2	21	52	21.1	36.4	23.7	-999.9	0.0	2.4	96512.1	-999.9
Bobo-Dioulasso	1984	2	22	53	22.3	36.6	23.4	-999.9	0.0	2.7	96506.8	-999.9
Bobo-Dioulasso	1984	2	23	54	23.0	36.7	23.5	-999.9	0.0	2.7	96502.2	-999.9
Bobo-Dioulasso	1984	2	24	55	22.5	35.9	23.8	-999.9	0.0	2.3	96435.6	-999.9
Bobo-Dioulasso	1984	2	25	56	21.6	37.0	23.8	-999.9	0.0	2.5	96330.2	-999.9
Bobo-Dioulasso	1984	2	26	57	22.6	37.0	24.0	-999.9	0.0	2.4	96303.0	-999.9
Bobo-Dioulasso	1984	2	27	58	21.8	38.0	23.7	-999.9	0.0	1.8	96316.3	-999.9
Bobo-Dioulasso	1984	2	28	59	25.6	37.6	22.0	-999.9	0.0	1.9	96394.0	-999.9
Bobo-Dioulasso	1984	2	29	60	25.2	38.1	23.4	-999.9	0.0	2.3	96368.0	-999.9
Bobo-Dioulasso	1984	3	1	61	21.6	37.5	24.3	-999.9	0.0	2.1	96368.1	-999.9
Bobo-Dioulasso	1984	3	2	62	22.9	37.1	23.1	-999.9	0.0	1.8	96488.1	-999.9
Bobo-Dioulasso	1984	3	3	63	24.8	37.9	23.1	-999.9	0.0	2.0	96445.4	-999.9
Bobo-Dioulasso	1984	3	4	64	22.1	37.9	24.4	-999.9	0.0	1.5	96368.1	-999.9
Bobo-Dioulasso	1984	3	5	65	26.0	38.1	23.3	-999.9	0.0	2.6	96391.8	-999.9
Bobo-Dioulasso	1984	3	6	66	26.7	37.4	21.5	-999.9	0.0	2.3	96369.1	-999.9
Bobo-Dioulasso	1984	3	7	67	25.2	37.1	20.6	-999.9	0.0	2.7	96237.6	-999.9
Bobo-Dioulasso	1984	3	8	68	25.2	38.8	23.9	-999.9	0.0	2.0	96150.2	-999.9
Bobo-Dioulasso	1984	3	9	69	25.9	36.5	21.9	-999.9	0.0	2.4	96255.4	-999.9
Bobo-Dioulasso	1984	3	10	70	24.4	36.5	20.2	-999.9	0.0	2.2	96350.0	-999.9
Bobo-Dioulasso	1984	3	11	71	23.4	33.8	19.4	-999.9	0.0	1.7	96564.8	-999.9
Bobo-Dioulasso	1984	3	12	72	23.5	30.2	14.5	-999.9	13.3	1.8	96733.9	-999.9
Bobo-Dioulasso	1984	3	13	73	22.9	34.9	22.9	-999.9	0.0	1.5	96555.7	-999.9
Bobo-Dioulasso	1984	3	14	74	25.5	35.7	20.3	-999.9	0.0	1.9	96388.9	-999.9
Bobo-Dioulasso	1984	3	15	75	25.6	36.9	22.6	-999.9	0.0	1.8	96289.9	-999.9
Bobo-Dioulasso	1984	3	16	76	24.1	37.2	23.9	-999.9	0.0	1.9	96292.2	-999.9
Bobo-Dioulasso	1984	3	17	77	23.4	38.1	24.2	-999.9	0.0	1.9	96242.5	-999.9
Bobo-Dioulasso	1984	3	18	78	24.8	39.2	24.6	-999.9	0.0	1.9	96271.6	-999.9
Bobo-Dioulasso	1984	3	19	79	25.8	39.3	24.4	-999.9	0.0	1.7	96194.4	-999.9
Bobo-Dioulasso	1984	3	20	80	28.2	39.0	23.5	-999.9	0.0	2.6	96139.6	-999.9
Bobo-Dioulasso	1984	3	21	81	26.5	35.5	20.3	-999.9	0.0	3.0	96321.2	-999.9
Bobo-Dioulasso	1984	3	22	82	26.1	37.3	23.2	-999.9	0.0	2.4	96316.2	-999.9
Bobo-Dioulasso	1984	3	23	83	25.8	33.2	17.6	-999.9	0.0	2.1	96614.5	-999.9
Bobo-Dioulasso	1984	3	24	84	24.1	36.5	25.0	-999.9	0.0	2.8	96625.0	-999.9
Bobo-Dioulasso	1984	3	25	85	24.3	37.3	25.3	-999.9	0.0	2.4	96535.4	-999.9
Bobo-Dioulasso	1984	3	26	86	22.7	37.9	26.0	-999.9	0.0	2.0	96450.0	-999.9
Bobo-Dioulasso	1984	3	27	87	21.6	37.9	25.3	-999.9	0.0	2.0	96382.2	-999.9
Bobo-Dioulasso	1984	3	28	88	21.5	38.0	25.2	-999.9	0.0	2.1	96426.8	-999.9
Bobo-Dioulasso	1984	3	29	89	22.6	38.4	25.2	-999.9	0.0	1.9	96516.1	-999.9
Bobo-Dioulasso	1984	3	30	90	22.6	38.8	26.1	-999.9	0.0	2.6	96455.3	-999.9
Bobo-Dioulasso	1984	3	31	91	22.5	38.4	26.3	-999.9	0.0	2.4	96359.2	-999.9
Bobo-Dioulasso	1984	4	1	92	23.5	38.2	25.4	-999.9	0.0	1.3	96323.4	-999.9
Bobo-Dioulasso	1984	4	2	93	24.3	38.3	24.8	-999.9	0.0	1.5	96274.3	-999.9
Bobo-Dioulasso	1984	4	3	94	27.0	36.2	18.8	-999.9	0.0	2.1	96348.6	-999.9
Bobo-Dioulasso	1984	4	4	95	26.8	37.1	20.1	-999.9	0.0	2.4	96380.5	-999.9
Bobo-Dioulasso	1984	4	5	96	25.7	37.9	19.0	-999.9	0.0	1.9	96355.2	-999.9
Bobo-Dioulasso	1984	4	6	97	26.4	38.3	23.2	-999.9	0.0	2.2	96405.0	-999.9
Bobo-Dioulasso	1984	4	7	98	26.1	39.1	25.2	-999.9	0.0	2.4	96270.1	-999.9
Bobo-Dioulasso	1984	4	8	99	27.2	38.3	23.6	-999.9	0.0	2.9	96272.0	-999.9
Bobo-Dioulasso	1984	4	9	100	27.5	37.7	21.9	-999.9	2.2	2.9	96369.0	-999.9
Bobo-Dioulasso	1984	4	10	101	26.0	35.3	20.0	-999.9	0.0	2.4	96502.2	-999.9
Bobo-Dioulasso	1984	4	11	102	25.8	36.7	20.4	-999.9	0.0	1.8	96532.8	-999.9
Bobo-Dioulasso	1984	4	12	103	27.2	37.7	21.2	-999.9	0.0	2.3	96442.9	-999.9
Bobo-Dioulasso	1984	4	13	104	25.9	38.2	23.8	-999.9	0.0	2.6	96402.6	-999.9
Bobo-Dioulasso	1984	4	14	105	24.9	36.8	22.7	-999.9	2.6	2.6	96499.5	-999.9
Bobo-Dioulasso	1984	4	15	106	25.9	37.3	23.6	-999.9	2.6	2.0	96460.1	-999.9
Bobo-Dioulasso	1984	4	16	107	24.4	35.4	22.3	-999.9	3.9	1.3	96432.4	-999.9
Bobo-Dioulasso	1984	4	17	108	26.0	37.1	22.4	-999.9	0.0	1.7	96330.5	-999.9
Bobo-Dioulasso	1984	4	18	109	26.5	36.6	23.1	-999.9	0.0	2.2	96355.8	-999.9
Bobo-Dioulasso	1984	4	19	110	26.0	37.4	23.9	-999.9	0.0	2.0	96333.6	-999.9
Bobo-Dioulasso	1984	4	20	111	25.9	38.2	25.0	-999.9	0.0	2.6	96291.4	-999.9
Bobo-Dioulasso	1984	4	21	112	26.9	38.7	24.0	-999.9	0.0	2.8	96266.4	-999.9
Bobo-Dioulasso	1984	4	22	113	25.9	38.8	25.3	-999.9	2.2	2.9	96346.9	-999.9
Bobo-Dioulasso	1984	4	23	114	26.1	37.2	22.7	-999.9	1.1	2.5	96499.9	-999.9
Bobo-Dioulasso	1984	4	24	115	27.1	37.5	22.9	-999.9	0.0	2.3	96550.3	-999.9
Bobo-Dioulasso	1984	4	25	116	25.6	36.1	22.9	-999.9	2.2	2.6	96525.3	-999.9
Bobo-Dioulasso	1984	4	26	117	24.1	36.0	20.1	-999.9	0.0	2.0	96489.2	-999.9
Bobo-Dioulasso	1984	4	27	118	23.8	33.7	20.2	-999.9	0.0	1.4	96570.1	-999.9
Bobo-Dioulasso	1984	4	28	119	23.6	35.2	20.9	-999.9	0.0	1.8	96489.5	-999.9
Bobo-Dioulasso	1984	4	29	120	25.9	36.5	19.6	-999.9	1.5	3.0	96370.3	-999.9
Bobo-Dioulasso	1984	4	30	121	25.7	34.6	17.9	-999.9	1.5	3.0	96549.1	-999.9
Bobo-Dioulasso	1984	5	1	122	25.1	36.5	21.2	-999.9	1.7	1.8	96535.7	-999.9
Bobo-Dioulasso	1984	5	2	123	25.5	31.0	16.5	-999.9	1.7	2.1	96675.7	-999.9
Bobo-Dioulasso	1984	5	3	124	24.8	37.5	23.6	-999.9	1.7	2.4	96471.4	-999.9
Bobo-Dioulasso	1984	5	4	125	24.7	38.8	25.2	-999.9	1.7	3.2	96310.1	-999.9
Bobo-Dioulasso	1984	5	5	126	27.1	36.3	23.3	-999.9	1.7	2.4	96440.4	-999.9
Bobo-Dioulasso	1984	5	6	127	25.7	36.5	23.0	-999.9	0.0	1.9	96519.6	-999.9
Bobo-Dioulasso	1984	5	7	128	25.8	37.3	22.5	-999.9	2.7	2.1	96393.4	-999.9
Bobo-Dioulasso	1984	5	8	129	25.8	35.0	23.5	-999.9	2.7	2.9	96395.6	-999.9
Bobo-Dioulasso	1984	5	9	130	25.3	34.6	19.9	-999.9	8.2	2.0	96462.1	-999.9
Bobo-Dioulasso	1984	5	10	131	25.2	31.9	20.1	-999.9	0.0	1.8	96400.2	-999.9
Bobo-Dioulasso	1984	5	11	132	23.6	31.8	18.5	-999.9	12.2	1.5	96465.1	-999.9
Bobo-Dioulasso	1984	5	12	133	24.5	35.7	24.9	-999.9	0.0	1.9	96432.9	-999.9
Bobo-Dioulasso	1984	5	13	134	25.2	36.9	24.8	-999.9	0.0	2.4	96393.9	-999.9
Bobo-Dioulasso	1984	5	14	135	25.3	37.1	25.0	-999.9	0.0	2.7	96310.5	-999.9
Bobo-Dioulasso	1984	5	15	136	25.9	36.9	22.9	-999.9	0.0	2.3	96216.0	-999.9
Bobo-Dioulasso	1984	5	16	137	25.2	35.4	21.3	-999.9	23.5	2.4	96390.2	-999.9
Bobo-Dioulasso	1984	5	17	138	24.5	33.7	21.7	-999.9	5.9	2.2	96621.8	-999.9
Bobo-Dioulasso	1984	5	18	139	24.5	35.7	24.0	-999.9	0.0	1.9	96599.7	-999.9
Bobo-Dioulasso	1984	5	19	140	24.6	35.3	23.0	-999.9	5.9	2.4	96490.5	-999.9
Bobo-Dioulasso	1984	5	20	141	24.2	36.3	24.3	-999.9	0.0	2.1	96418.7	-999.9
Bobo-Dioulasso	1984	5	21	142	24.8	33.9	21.5	-999.9	0.0	2.5	96539.5	-999.9
Bobo-Dioulasso	1984	5	22	143	23.9	33.5	20.8	-999.9	18.1	2.2	96627.2	-999.9
Bobo-Dioulasso	1984	5	23	144	23.5	34.6	23.5	-999.9	0.0	1.9	96603.9	-999.9
Bobo-Dioulasso	1984	5	24	145	24.2	31.7	19.6	-999.9	0.0	1.6	96512.7	-999.9
Bobo-Dioulasso	1984	5	25	146	24.7	33.5	23.7	-999.9	0.0	1.9	96364.8	-999.9
Bobo-Dioulasso	1984	5	26	147	24.6	34.5	23.7	-999.9	11.4	2.0	96449.4	-999.9
Bobo-Dioulasso	1984	5	27	148	24.5	33.9	22.8	-999.9	5.7	2.1	96653.7	-999.9
Bobo-Dioulasso	1984	5	28	149	24.7	35.5	24.4	-999.9	0.0	1.9	96691.6	-999.9
Bobo-Dioulasso	1984	5	29	150	24.5	35.4	21.5	-999.9	5.7	2.4	96433.8	-999.9
Bobo-Dioulasso	1984	5	30	151	25.4	34.7	23.2	-999.9	0.0	2.6	96450.5	-999.9
Bobo-Dioulasso	1984	5	31	152	23.2	31.9	21.5	-999.9	0.0	2.1	96756.5	-999.9
Bobo-Dioulasso	1984	6	1	153	22.3	25.0	9.5	-999.9	19.0	1.3	96984.9	-999.9
Bobo-Dioulasso	1984	6	2	154	21.5	30.4	23.1	-999.9	0.0	1.2	96946.2	-999.9
Bobo-Dioulasso	1984	6	3	155	23.3	32.1	23.1	-999.9	0.0	1.6	96747.5	-999.9
Bobo-Dioulasso	1984	6	4	156	24.2	33.7	24.6	-999.9	0.0	2.4	96587.3	-999.9
Bobo-Dioulasso	1984	6	5	157	23.5	33.7	24.3	-999.9	0.0	2.3	96681.1	-999.9
Bobo-Dioulasso	1984	6	6	158	23.9	32.3	20.9	-999.9	0.0	2.1	96731.4	-999.9
Bobo-Dioulasso	1984	6	7	159	22.9	32.2	23.1	-999.9	11.1	1.9	96732.5	-999.9
Bobo-Dioulasso	1984	6	8	160	23.6	33.2	23.8	-999.9	11.1	1.5	96605.6	-999.9
Bobo-Dioulasso	1984	6	9	161	22.9	32.1	23.0	-999.9	0.0	2.0	96573.8	-999.9
Bobo-Dioulasso	1984	6	10	162	24.0	32.4	23.8	-999.9	0.0	2.0	96639.9	-999.9
Bobo-Dioulasso	1984	6	11	163	24.5	32.7	23.2	-999.9	0.0	2.4	96589.0	-999.9
Bobo-Dioulasso	1984	6	12	164	24.9	33.4	23.5	-999.9	0.0	3.2	96360.3	-999.9
Bobo-Dioulasso	1984	6	13	165	22.9	30.1	16.5	-999.9	0.0	2.8	96601.5	-999.9
Bobo-Dioulasso	1984	6	14	166	22.9	30.6	20.0	-999.9	0.0	2.2	96887.2	-999.9
Bobo-Dioulasso	1984	6	15	167	23.1	33.2	23.2	-999.9	0.0	1.4	96838.3	-999.9
Bobo-Dioulasso	1984	6	16	168	24.7	32.9	19.3	-999.9	9.0	2.1	96606.5	-999.9
Bobo-Dioulasso	1984	6	17	169	24.0	32.2	21.4	-999.9	4.5	3.0	96545.6	-999.9
Bobo-Dioulasso	1984	6	18	170	22.7	31.7	23.0	-999.9	0.0	1.6	96754.4	-999.9
Bobo-Dioulasso	1984	6	19	171	23.5	29.3	14.2	-999.9	4.5	1.6	96860.8	-999.9
Bobo-Dioulasso	1984	6	20	172	22.8	31.7	21.5	-999.9	4.5	2.2	96726.6	-999.9
Bobo-Dioulasso	1984	6	21	173	22.7	29.4	17.5	-999.9	0.0	2.5	96721.7	-999.9
Bobo-Dioulasso	1984	6	22	174	22.9	30.3	19.0	-999.9	0.0	2.1	96752.8	-999.9
Bobo-Dioulasso	1984	6	23	175	23.1	32.5	23.5	-999.9	0.0	1.8	96746.2	-999.9
Bobo-Dioulasso	1984	6	24	176	23.7	30.0	19.0	-999.9	17.5	1.7	96767.9	-999.9
Bobo-Dioulasso	1984	6	25	177	22.3	31.2	23.0	-999.9	0.0	1.7	96763.7	-999.9
Bobo-Dioulasso	1984	6	26	178	22.4	30.2	19.9	-999.9	6.4	1.5	96740.8	-999.9
Bobo-Dioulasso	1984	6	27	179	21.7	30.1	21.1	-999.9	0.0	1.6	96821.3	-999.9
Bobo-Dioulasso	1984	6	28	180	22.6	30.3	20.5	-999.9	0.0	1.7	96891.9	-999.9
Bobo-Dioulasso	1984	6	29	181	23.1	32.4	24.4	-999.9	0.0	1.9	96756.5	-999.9
Bobo-Dioulasso	1984	6	30	182	23.3	31.7	20.7	-999.9	0.0	2.7	96610.3	-999.9
Bobo-Dioulasso	1984	7	1	183	22.6	31.3	21.0	-999.9	10.4	2.7	96708.9	-999.9
Bobo-Dioulasso	1984	7	2	184	22.3	30.4	21.0	-999.9	0.0	2.1	96877.7	-999.9
Bobo-Dioulasso	1984	7	3	185	22.5	30.5	20.8	-999.9	0.0	1.7	96779.1	-999.9
Bobo-Dioulasso	1984	7	4	186	22.2	30.8	23.1	-999.9	5.2	1.3	96582.9	-999.9
Bobo-Dioulasso	1984	7	5	187	22.2	29.8	20.1	-999.9	5.2	2.3	96566.9	-999.9
Bobo-Dioulasso	1984	7	6	188	22.0	31.0	21.4	-999.9	14.1	2.4	96510.5	-999.9
Bobo-Dioulasso	1984	7	7	189	22.0	29.1	18.1	-999.9	42.2	1.8	96642.4	-999.9
Bobo-Dioulasso	1984	7	8	190	22.4	28.7	18.4	-999.9	7.0	1.6	96744.6	-999.9
Bobo-Dioulasso	1984	7	9	191	23.0	29.7	21.8	-999.9	0.0	1.7	96633.1	-999.9
Bobo-Dioulasso	1984	7	10	192	22.3	30.1	19.8	-999.9	0.0	2.2	96455.5	-999.9
Bobo-Dioulasso	1984	7	11	193	22.6	30.2	22.7	-999.9	4.0	2.6	96493.1	-999.9
Bobo-Dioulasso	1984	7	12	194	22.0	29.2	22.6	-999.9	3.5	2.0	96791.4	-999.9
Bobo-Dioulasso	1984	7	13	195	22.8	29.0	18.4	-999.9	0.0	2.0	96920.6	-999.9
Bobo-Dioulasso	1984	7	14	196	22.7	30.9	22.3	-999.9	3.5	2.4	96822.6	-999.9
Bobo-Dioulasso	1984	7	15	197	21.8	26.3	14.4	-999.9	10.6	2.6	96793.1	-999.9
Bobo-Dioulasso	1984	7	16	198	22.0	26.5	15.0	-999.9	5.1	1.9	96749.7	-999.9
Bobo-Dioulasso	1984	7	17	199	21.4	28.5	20.8	-999.9	0.0	2.4	96724.2	-999.9
Bobo-Dioulasso	1984	7	18	200	21.5	28.6	20.7	-999.9	0.0	2.1	96841.7	-999.9
Bobo-Dioulasso	1984	7	19	201	21.7	28.8	19.2	-999.9	5.1	1.4	96926.7	-999.9
Bobo-Dioulasso	1984	7	20	202	21.3	29.6	23.0	-999.9	5.1	1.5	96795.5	-999.9
Bobo-Dioulasso	1984	7	21	203	22.4	29.0	21.6	-999.9	0.0	2.0	96692.4	-999.9
Bobo-Dioulasso	1984	7	22	204	21.3	29.9	23.6	-999.9	0.0	1.8	96655.7	-999.9
Bobo-Dioulasso	1984	7	23	205	22.4	30.8	24.0	-999.9	0.0	1.8	96602.1	-999.9
Bobo-Dioulasso	1984	7	24	206	21.9	29.4	21.0	-999.9	0.0	2.1	96605.0	-999.9
Bobo-Dioulasso	1984	7	25	207	21.5	29.8	23.0	-999.9	0.0	1.4	96682.8	-999.9
Bobo-Dioulasso	1984	7	26	208	22.0	29.4	22.0	-999.9	2.8	1.2	96732.3	-999.9
Bobo-Dioulasso	1984	7	27	209	22.3	28.2	18.4	-999.9	16.3	1.9	96744.3	-999.9
Bobo-Dioulasso	1984	7	28	210	21.3	28.6	17.0	-999.9	0.9	2.1	96836.4	-999.9
Bobo-Dioulasso	1984	7	29	211	21.9	29.4	19.9	-999.9	0.0	2.1	96806.0	-999.9
Bobo-Dioulasso	1984	7	30	212	21.5	28.9	19.0	-999.9	10.5	1.8	96809.5	-999.9
Bobo-Dioulasso	1984	7	31	213	21.3	29.9	22.2	-999.9	2.7	1.2	96839.5	-999.9
Bobo-Dioulasso	1984	8	1	214	21.9	27.8	16.4	-999.9	0.0	1.4	96959.3	-999.9
Bobo-Dioulasso	1984	8	2	215	21.2	28.3	19.5	-999.9	0.0	1.7	96959.9	-999.9
Bobo-Dioulasso	1984	8	3	216	21.6	29.1	21.9	-999.9	0.0	1.7	96943.2	-999.9
Bobo-Dioulasso	1984	8	4	217	22.1	28.9	21.5	-999.9	8.9	1.9	96893.5	-999.9
Bobo-Dioulasso	1984	8	5	218	22.0	30.3	24.2	-999.9	5.9	1.6	96871.9	-999.9
Bobo-Dioulasso	1984	8	6	219	22.9	28.6	19.8	-999.9	0.0	1.7	96773.4	-999.9
Bobo-Dioulasso	1984	8	7	220	22.2	28.5	17.9	-999.9	22.5	1.7	96755.5	-999.9
Bobo-Dioulasso	1984	8	8	221	21.4	28.4	19.3	-999.9	9.9	2.0	96793.7	-999.9
Bobo-Dioulasso	1984	8	9	222	21.6	29.8	21.4	-999.9	2.0	1.7	96774.7	-999.9
Bobo-Dioulasso	1984	8	10	223	21.9	29.1	20.5	-999.9	0.0	1.8	96764.6	-999.9
Bobo-Dioulasso	1984	8	11	224	22.4	28.9	21.5	-999.9	47.2	2.0	96817.5	-999.9
Bobo-Dioulasso	1984	8	12	225	22.1	29.0	20.2	-999.9	0.0	1.4	96782.1	-999.9
Bobo-Dioulasso	1984	8	13	226	22.1	29.4	22.1	-999.9	0.0	1.4	96784.3	-999.9
Bobo-Dioulasso	1984	8	14	227	21.8	29.3	20.7	-999.9	0.0	1.8	96776.5	-999.9
Bobo-Dioulasso	1984	8	15	228	22.1	29.8	23.1	-999.9	0.0	1.5	96814.2	-999.9
Bobo-Dioulasso	1984	8	16	229	22.4	30.5	23.4	-999.9	0.0	1.5	96763.1	-999.9
Bobo-Dioulasso	1984	8	17	230	22.3	30.3	22.4	-999.9	0.0	1.7	96796.2	-999.9
Bobo-Dioulasso	1984	8	18	231	22.4	28.4	15.7	-999.9	0.0	1.7	96823.4	-999.9
Bobo-Dioulasso	1984	8	19	232	21.2	27.5	15.4	-999.9	33.8	2.1	96803.0	-999.9
Bobo-Dioulasso	1984	8	20	233	21.3	29.3	18.2	-999.9	16.9	1.8	96807.5	-999.9
Bobo-Dioulasso	1984	8	21	234	21.9	29.4	22.0	-999.9	0.0	1.5	96836.1	-999.9
Bobo-Dioulasso	1984	8	22	235	22.2	30.4	22.7	-999.9	0.0	1.3	96675.4	-999.9
Bobo-Dioulasso	1984	8	23	236	22.0	30.3	22.6	-999.9	0.0	1.8	96656.0	-999.9
Bobo-Dioulasso	1984	8	24	237	22.4	30.1	21.9	-999.9	0.0	1.8	96735.0	-999.9
Bobo-Dioulasso	1984	8	25	238	22.7	30.3	19.8	-999.9	22.4	1.6	96777.9	-999.9
Bobo-Dioulasso	1984	8	26	239	22.9	30.2	21.4	-999.9	6.2	1.5	96745.9	-999.9
Bobo-Dioulasso	1984	8	27	240	22.0	30.3	22.5	-999.9	0.0	1.7	96800.7	-999.9
Bobo-Dioulasso	1984	8	28	241	21.8	29.8	23.2	-999.9	34.0	0.9	96841.1	-999.9
Bobo-Dioulasso	1984	8	29	242	22.4	30.3	19.7	-999.9	10.3	1.7	96755.1	-999.9
Bobo-Dioulasso	1984	8	30	243	22.9	31.6	23.0	-999.9	0.0	2.2	96641.4	-999.9
Bobo-Dioulasso	1984	8	31	244	22.8	29.0	18.5	-999.9	0.0	1.9	96792.6	-999.9
Bobo-Dioulasso	1984	9	1	245	22.1	28.2	17.7	-999.9	2.4	2.2	96865.1	-999.9
Bobo-Dioulasso	1984	9	2	246	21.7	28.1	16.8	-999.9	12.8	2.3	96958.9	-999.9
Bobo-Dioulasso	1984	9	3	247	21.5	29.6	19.6	-999.9	0.0	2.1	97014.2	-999.9
Bobo-Dioulasso	1984	9	4	248	21.4	28.5	18.7	-999.9	0.0	2.3	96931.8	-999.9
Bobo-Dioulasso	1984	9	5	249	21.4	27.9	15.6	-999.9	6.5	2.0	96794.5	-999.9
Bobo-Dioulasso	1984	9	6	250	21.9	28.5	19.9	-999.9	8.0	1.7	96826.9	-999.9
Bobo-Dioulasso	1984	9	7	251	21.6	27.8	18.2	-999.9	0.0	1.4	96914.9	-999.9
Bobo-Dioulasso	1984	9	8	252	21.3	28.8	21.7	-999.9	0.0	0.9	96879.9	-999.9
Bobo-Dioulasso	1984	9	9	253	21.8	29.4	21.6	-999.9	0.0	2.0	96652.6	-999.9
Bobo-Dioulasso	1984	9	10	254	22.1	29.8	22.1	-999.9	11.5	2.1	96563.0	-999.9
Bobo-Dioulasso	1984	9	11	255	21.9	29.3	21.9	-999.9	39.2	1.5	96644.2	-999.9
Bobo-Dioulasso	1984	9	12	256	21.4	27.9	16.4	-999.9	0.0	1.5	96697.7	-999.9
Bobo-Dioulasso	1984	9	13	257	21.4	27.1	13.8	-999.9	23.5	1.6	96744.8	-999.9
Bobo-Dioulasso	1984	9	14	258	21.0	29.4	22.4	-999.9	15.7	1.6	96655.2	-999.9
Bobo-Dioulasso	1984	9	15	259	21.4	26.6	14.8	-999.9	7.8	1.5	96684.0	-999.9
Bobo-Dioulasso	1984	9	16	260	21.1	29.2	22.0	-999.9	0.0	1.8	96666.3	-999.9
Bobo-Dioulasso	1984	9	17	261	21.6	30.3	21.9	-999.9	0.0	2.0	96642.4	-999.9
Bobo-Dioulasso	1984	9	18	262	21.8	27.4	15.1	-999.9	13.0	2.0	96739.5	-999.9
Bobo-Dioulasso	1984	9	19	263	21.5	27.9	18.3	-999.9	0.0	1.2	96613.4	-999.9
Bobo-Dioulasso	1984	9	20	264	20.9	30.0	22.7	-999.9	0.0	1.7	96507.9	-999.9
Bobo-Dioulasso	1984	9	21	265	21.6	29.5	20.6	-999.9	12.7	1.7	96619.4	-999.9
Bobo-Dioulasso	1984	9	22	266	21.8	27.9	17.3	-999.9	0.0	1.9	96783.2	-999.9
Bobo-Dioulasso	1984	9	23	267	20.4	29.8	23.1	-999.9	0.0	1.4	96702.0	-999.9
Bobo-Dioulasso	1984	9	24	268	22.1	30.6	23.6	-999.9	0.0	1.7	96533.0	-999.9
Bobo-Dioulasso	1984	9	25	269	21.6	30.6	23.2	-999.9	0.0	1.9	96571.7	-999.9
Bobo-Dioulasso	1984	9	26	270	22.8	31.0	23.9	-999.9	0.0	2.1	96634.2	-999.9
Bobo-Dioulasso	1984	9	27	271	21.5	28.6	18.0	-999.9	29.6	2.2	96712.0	-999.9
Bobo-Dioulasso	1984	9	28	272	21.1	27.2	16.2	-999.9	0.0	1.2	96748.9	-999.9
Bobo-Dioulasso	1984	9	29	273	20.9	26.3	14.9	-999.9	14.8	1.9	96860.9	-999.9
Bobo-Dioulasso	1984	9	30	274	21.7	27.6	17.0	-999.9	7.4	1.9	96922.2	-999.9
Bobo-Dioulasso	1984	10	1	275	21.4	28.0	18.2	-999.9	0.0	1.6	96856.9	-999.9
Bobo-Dioulasso	1984	10	2	276	21.4	27.9	20.2	-999.9	1.3	1.2	96758.6	-999.9
Bobo-Dioulasso	1984	10	3	277	21.2	27.7	17.7	-999.9	14.0	1.2	96806.8	-999.9
Bobo-Dioulasso	1984	10	4	278	21.2	28.1	18.9	-999.9	0.2	1.4	96824.4	-999.9
Bobo-Dioulasso	1984	10	5	279	21.6	29.8	22.0	-999.9	0.5	1.3	96760.6	-999.9
Bobo-Dioulasso	1984	10	6	280	23.2	29.7	21.9	-999.9	4.0	1.9	96750.6	-999.9
Bobo-Dioulasso	1984	10	7	281	22.6	29.7	20.8	-999.9	2.0	2.0	96800.5	-999.9
Bobo-Dioulasso	1984	10	8	282	22.5	29.4	21.5	-999.9	2.0	2.1	96812.3	-999.9
Bobo-Dioulasso	1984	10	9	283	22.1	29.4	21.5	-999.9	2.0	1.6	96862.1	-999.9
Bobo-Dioulasso	1984	10	10	284	21.7	27.9	16.2	-999.9	0.0	1.1	96976.6	-999.9
Bobo-Dioulasso	1984	10	11	285	21.8	30.0	20.7	-999.9	0.0	1.3	96942.9	-999.9
Bobo-Dioulasso	1984	10	12	286	21.9	28.9	18.7	-999.9	3.6	1.5	96785.0	-999.9
Bobo-Dioulasso	1984	10	13	287	21.4	28.9	19.0	-999.9	0.0	1.7	96722.4	-999.9
Bobo-Dioulasso	1984	10	14	288	21.6	30.4	22.5	-999.9	0.0	1.5	96709.8	-999.9
Bobo-Dioulasso	1984	10	15	289	22.1	30.4	21.1	-999.9	3.6	1.3	96757.3	-999.9
Bobo-Dioulasso	1984	10	16	290	22.6	30.5	20.9	-999.9	1.8	1.6	96701.9	-999.9
Bobo-Dioulasso	1984	10	17	291	23.0	28.7	17.6	-999.9	0.0	2.0	96772.6	-999.9
Bobo-Dioulasso	1984	10	18	292	23.0	30.1	20.2	-999.9	1.6	1.6	96699.1	-999.9
Bobo-Dioulasso	1984	10	19	293	22.8	29.8	19.9	-999.9	0.0	1.4	96714.9	-999.9
Bobo-Dioulasso	1984	10	20	294	22.0	30.8	21.3	-999.9	0.0	1.2	96744.2	-999.9
Bobo-Dioulasso	1984	10	21	295	22.9	31.9	21.4	-999.9	0.0	1.5	96631.7	-999.9
Bobo-Dioulasso	1984	10	22	296	23.0	31.0	21.4	-999.9	0.0	1.8	96674.1	-999.9
Bobo-Dioulasso	1984	10	23	297	22.4	31.3	20.8	-999.9	0.0	1.4	96621.7	-999.9
Bobo-Dioulasso	1984	10	24	298	22.5	32.1	21.1	-999.9	0.0	1.5	96569.3	-999.9
Bobo-Dioulasso	1984	10	25	299	22.7	32.4	21.0	-999.9	0.0	1.5	96572.8	-999.9
Bobo-Dioulasso	1984	10	26	300	22.2	33.5	20.3	-999.9	0.0	1.4	96487.0	-999.9
Bobo-Dioulasso	1984	10	27	301	21.2	34.5	22.1	-999.9	0.0	1.3	96398.6	-999.9
Bobo-Dioulasso	1984	10	28	302	21.7	33.6	20.7	-999.9	0.0	1.5	96414.2	-999.9
Bobo-Dioulasso	1984	10	29	303	21.4	32.6	19.1	-999.9	0.0	1.6	96325.2	-999.9
Bobo-Dioulasso	1984	10	30	304	23.3	33.6	21.2	-999.9	0.0	2.0	96333.9	-999.9
Bobo-Dioulasso	1984	10	31	305	23.2	33.2	19.8	-999.9	0.0	1.3	96501.0	-999.9
Bobo-Dioulasso	1984	11	1	306	22.5	35.0	21.7	-999.9	0.8	1.3	96505.7	-999.9
Bobo-Dioulasso	1984	11	2	307	23.7	34.7	20.7	-999.9	0.0	1.6	96574.8	-999.9
Bobo-Dioulasso	1984	11	3	308	22.3	34.4	20.4	-999.9	0.0	1.5	96578.8	-999.9
Bobo-Dioulasso	1984	11	4	309	21.3	33.8	21.4	-999.9	0.0	1.7	96580.1	-999.9
Bobo-Dioulasso	1984	11	5	310	19.6	33.7	22.4	-999.9	0.0	1.7	96467.8	-999.9
Bobo-Dioulasso	1984	11	6	311	20.2	33.2	21.4	-999.9	0.0	1.4	96488.0	-999.9
Bobo-Dioulasso	1984	11	7	312	22.6	32.3	19.1	-999.9	0.0	1.3	96619.0	-999.9
Bobo-Dioulasso	1984	11	8	313	23.8	33.3	17.9	-999.9	0.0	1.6	96566.9	-999.9
Bobo-Dioulasso	1984	11	9	314	23.7	33.0	19.1	-999.9	0.8	1.7	96434.5	-999.9
Bobo-Dioulasso	1984	11	10	315	23.5	33.5	19.4	-999.9	1.7	2.0	96367.0	-999.9
Bobo-Dioulasso	1984	11	11	316	23.6	32.3	18.2	-999.9	0.0	1.8	96516.7	-999.9
Bobo-Dioulasso	1984	11	12	317	22.4	31.2	18.2	-999.9	2.1	1.5	96692.1	-999.9
Bobo-Dioulasso	1984	11	13	318	22.0	31.5	18.8	-999.9	0.0	1.7	96774.8	-999.9
Bobo-Dioulasso	1984	11	14	319	22.2	31.4	20.3	-999.9	4.1	1.2	96740.3	-999.9
Bobo-Dioulasso	1984	11	15	320	21.7	30.1	18.2	-999.9	0.0	1.5	96707.6	-999.9
Bobo-Dioulasso	1984	11	16	321	21.8	32.0	19.9	-999.9	2.4	1.9	96741.8	-999.9
Bobo-Dioulasso	1984	11	17	322	21.5	33.2	20.8	-999.9	0.0	2.3	96769.5	-999.9
Bobo-Dioulasso	1984	11	18	323	22.1	33.9	21.2	-999.9	0.0	2.3	96732.4	-999.9
Bobo-Dioulasso	1984	11	19	324	20.0	34.3	21.4	-999.9	0.0	2.4	96726.8	-999.9
Bobo-Dioulasso	1984	11	20	325	21.2	33.3	20.4	-999.9	0.0	1.5	96821.3	-999.9
Bobo-Dioulasso	1984	11	21	326	22.9	34.0	19.7	-999.9	0.0	1.3	96780.0	-999.9
Bobo-Dioulasso	1984	11	22	327	20.1	34.1	20.6	-999.9	0.0	2.0	96745.3	-999.9
Bobo-Dioulasso	1984	11	23	328	20.5	34.7	21.1	-999.9	0.0	2.5	96789.1	-999.9
Bobo-Dioulasso	1984	11	24	329	19.4	35.0	21.6	-999.9	0.0	2.5	96771.6	-999.9
Bobo-Dioulasso	1984	11	25	330	19.3	34.6	21.5	-999.9	0.0	2.5	96798.2	-999.9
Bobo-Dioulasso	1984	11	26	331	18.6	33.6	21.5	-999.9	0.0	2.2	96784.9	-999.9
Bobo-Dioulasso	1984	11	27	332	18.2	33.0	21.5	-999.9	0.0	1.8	96830.4	-999.9
Bobo-Dioulasso	1984	11	28	333	18.0	33.0	21.2	-999.9	0.0	1.5	96752.9	-999.9
Bobo-Dioulasso	1984	11	29	334	19.5	33.1	20.5	-999.9	0.0	1.0	96648.3	-999.9
Bobo-Dioulasso	1984	11	30	335	19.5	32.9	19.9	-999.9	0.0	0.9	96669.2	-999.9
Bobo-Dioulasso	1984	12	1	336	20.1	33.1	19.8	-999.9	0.0	1.7	96745.7	-999.9
Bobo-Dioulasso	1984	12	2	337	20.5	33.5	20.9	-999.9	0.0	2.3	96709.5	-999.9
Bobo-Dioulasso	1984	12	3	338	19.9	33.2	20.9	-999.9	0.0	2.1	96664.9	-999.9
Bobo-Dioulasso	1984	12	4	339	18.3	33.2	21.0	-999.9	0.0	2.1	96734.3	-999.9
Bobo-Dioulasso	1984	12	5	340	18.0	32.9	20.9	-999.9	0.7	2.0	96736.1	-999.9
Bobo-Dioulasso	1984	12	6	341	18.4	32.7	20.8	-999.9	0.0	2.0	96680.1	-999.9
Bobo-Dioulasso	1984	12	7	342	19.5	33.0	20.5	-999.9	0.0	1.8	96697.8	-999.9
Bobo-Dioulasso	1984	12	8	343	19.7	33.0	19.6	-999.9	0.0	2.2	96764.4	-999.9
Bobo-Dioulasso	1984	12	9	344	20.4	33.4	20.2	-999.9	0.0	2.3	96738.4	-999.9
Bobo-Dioulasso	1984	12	10	345	20.1	32.3	20.7	-999.9	0.0	2.4	96713.5	-999.9
Bobo-Dioulasso	1984	12	11	346	19.5	32.1	20.3	-999.9	0.0	2.4	96718.2	-999.9
Bobo-Dioulasso	1984	12	12	347	18.3	31.3	20.7	-999.9	0.0	2.3	96761.2	-999.9
Bobo-Dioulasso	1984	12	13	348	17.8	30.4	20.5	-999.9	0.0	2.2	96708.8	-999.9
Bobo-Dioulasso	1984	12	14	349	17.5	31.3	20.5	-999.9	0.0	1.9	96671.5	-999.9
Bobo-Dioulasso	1984	12	15	350	17.6	31.7	20.5	-999.9	0.0	2.0	96696.4	-999.9
Bobo-Dioulasso	1984	12	16	351	17.3	31.8	20.6	-999.9	0.0	2.0	96680.5	-999.9
Bobo-Dioulasso	1984	12	17	352	17.0	31.7	20.5	-999.9	0.0	2.0	96636.5	-999.9
Bobo-Dioulasso	1984	12	18	353	17.1	31.6	20.6	-999.9	0.0	2.2	96593.4	-999.9
Bobo-Dioulasso	1984	12	19	354	17.2	31.4	20.8	-999.9	0.0	2.2	96581.9	-999.9
Bobo-Dioulasso	1984	12	20	355	17.0	30.9	20.4	-999.9	0.0	2.3	96626.7	-999.9
Bobo-Dioulasso	1984	12	21	356	17.4	30.1	20.8	-999.9	0.0	2.3	96536.1	-999.9
Bobo-Dioulasso	1984	12	22	357	15.8	29.2	20.8	-999.9	0.0	2.0	96392.6	-999.9
Bobo-Dioulasso	1984	12	23	358	15.7	29.4	20.6	-999.9	0.0	1.9	96392.6	-999.9
Bobo-Dioulasso	1984	12	24	359	16.1	30.9	20.4	-999.9	0.0	1.8	96473.6	-999.9
Bobo-Dioulasso	1984	12	25	360	17.7	31.3	20.4	-999.9	0.0	2.0	96582.5	-999.9
Bobo-Dioulasso	1984	12	26	361	17.4	32.1	20.4	-999.9	0.0	2.1	96666.2	-999.9
Bobo-Dioulasso	1984	12	27	362	19.8	33.1	20.1	-999.9	0.0	2.4	96697.7	-999.9
Bobo-Dioulasso	1984	12	28	363	21.1	32.9	19.9	-999.9	0.0	2.5	96740.8	-999.9
Bobo-Dioulasso	1984	12	29	364	20.6	31.9	19.1	-999.9	0.1	2.7	96716.7	-999.9
Bobo-Dioulasso	1984	12	30	365	19.5	29.4	16.5	-999.9	0.3	2.9	96763.5	-999.9
Bobo-Dioulasso	1984	12	31	366	17.0	30.4	20.7	-999.9	0.0	2.7	96730.4	-999.9
