Bobo-Dioulasso	2004	1	1	1	18.6	33.7	20.4	-999.9	0.0	2.0	96807.2	-999.9
Bobo-Dioulasso	2004	1	2	2	18.4	33.9	20.4	-999.9	0.0	1.5	96701.9	-999.9
Bobo-Dioulasso	2004	1	3	3	18.3	33.9	20.6	-999.9	0.0	1.7	96577.5	-999.9
Bobo-Dioulasso	2004	1	4	4	18.5	34.4	20.7	-999.9	0.0	1.7	96486.3	-999.9
Bobo-Dioulasso	2004	1	5	5	18.2	34.4	20.6	-999.9	0.0	2.0	96556.8	-999.9
Bobo-Dioulasso	2004	1	6	6	19.2	35.0	20.7	-999.9	0.0	2.3	96585.1	-999.9
Bobo-Dioulasso	2004	1	7	7	20.0	33.1	20.1	-999.9	0.0	2.6	96552.5	-999.9
Bobo-Dioulasso	2004	1	8	8	18.8	33.1	20.8	-999.9	0.0	2.7	96563.7	-999.9
Bobo-Dioulasso	2004	1	9	9	20.6	32.2	20.6	-999.9	0.0	3.3	96742.9	-999.9
Bobo-Dioulasso	2004	1	10	10	18.5	31.8	20.8	-999.9	0.0	2.7	96741.5	-999.9
Bobo-Dioulasso	2004	1	11	11	18.3	32.5	20.8	-999.9	0.0	2.0	96677.4	-999.9
Bobo-Dioulasso	2004	1	12	12	18.7	33.5	20.9	-999.9	0.0	2.1	96765.7	-999.9
Bobo-Dioulasso	2004	1	13	13	18.2	33.8	20.9	-999.9	0.0	2.0	96766.4	-999.9
Bobo-Dioulasso	2004	1	14	14	19.8	34.2	20.8	-999.9	0.0	2.0	96653.1	-999.9
Bobo-Dioulasso	2004	1	15	15	19.4	34.1	21.1	-999.9	0.0	2.0	96523.3	-999.9
Bobo-Dioulasso	2004	1	16	16	20.5	30.5	11.1	-999.9	0.0	1.6	96571.4	-999.9
Bobo-Dioulasso	2004	1	17	17	20.0	33.9	20.6	-999.9	0.0	1.6	96534.5	-999.9
Bobo-Dioulasso	2004	1	18	18	21.1	35.1	20.7	-999.9	0.0	1.5	96403.3	-999.9
Bobo-Dioulasso	2004	1	19	19	20.3	34.8	21.0	-999.9	0.0	1.9	96383.2	-999.9
Bobo-Dioulasso	2004	1	20	20	21.7	34.6	20.0	-999.9	0.5	2.0	96460.9	-999.9
Bobo-Dioulasso	2004	1	21	21	21.5	33.4	21.0	-999.9	0.0	2.7	96705.0	-999.9
Bobo-Dioulasso	2004	1	22	22	20.0	32.5	21.1	-999.9	0.0	2.5	96800.6	-999.9
Bobo-Dioulasso	2004	1	23	23	19.8	31.3	15.7	-999.9	0.0	1.8	96757.3	-999.9
Bobo-Dioulasso	2004	1	24	24	18.9	33.7	20.7	-999.9	0.0	2.3	96580.2	-999.9
Bobo-Dioulasso	2004	1	25	25	21.3	33.7	20.8	-999.9	0.0	2.3	96551.2	-999.9
Bobo-Dioulasso	2004	1	26	26	21.4	34.4	20.6	-999.9	0.0	2.1	96628.8	-999.9
Bobo-Dioulasso	2004	1	27	27	22.3	34.3	21.3	-999.9	0.0	2.9	96831.1	-999.9
Bobo-Dioulasso	2004	1	28	28	21.5	34.1	21.6	-999.9	0.0	2.3	96837.3	-999.9
Bobo-Dioulasso	2004	1	29	29	20.4	33.9	21.7	-999.9	0.0	2.2	96735.8	-999.9
Bobo-Dioulasso	2004	1	30	30	19.3	34.5	21.8	-999.9	0.0	1.8	96690.1	-999.9
Bobo-Dioulasso	2004	1	31	31	19.0	34.1	21.9	-999.9	0.0	2.4	96792.4	-999.9
Bobo-Dioulasso	2004	2	1	32	20.0	34.9	22.1	-999.9	0.0	2.4	96772.9	-999.9
Bobo-Dioulasso	2004	2	2	33	20.9	35.5	22.1	-999.9	0.0	2.4	96701.1	-999.9
Bobo-Dioulasso	2004	2	3	34	22.2	34.5	22.2	-999.9	0.0	3.2	96821.1	-999.9
Bobo-Dioulasso	2004	2	4	35	20.5	31.8	22.5	-999.9	0.0	3.1	96908.8	-999.9
Bobo-Dioulasso	2004	2	5	36	18.4	31.3	22.4	-999.9	0.0	2.8	96832.0	-999.9
Bobo-Dioulasso	2004	2	6	37	18.0	32.1	22.6	-999.9	0.0	2.6	96801.7	-999.9
Bobo-Dioulasso	2004	2	7	38	18.6	33.1	22.5	-999.9	0.0	2.5	96824.0	-999.9
Bobo-Dioulasso	2004	2	8	39	19.7	33.6	22.5	-999.9	0.0	2.7	96779.6	-999.9
Bobo-Dioulasso	2004	2	9	40	19.6	34.6	22.6	-999.9	0.0	2.0	96659.4	-999.9
Bobo-Dioulasso	2004	2	10	41	19.4	35.9	22.4	-999.9	0.0	1.6	96617.8	-999.9
Bobo-Dioulasso	2004	2	11	42	20.1	36.5	22.7	-999.9	0.0	2.0	96638.8	-999.9
Bobo-Dioulasso	2004	2	12	43	20.8	37.4	22.7	-999.9	0.0	2.5	96637.4	-999.9
Bobo-Dioulasso	2004	2	13	44	22.1	37.5	23.2	-999.9	0.0	2.6	96698.7	-999.9
Bobo-Dioulasso	2004	2	14	45	21.1	36.8	23.0	-999.9	0.0	2.1	96725.2	-999.9
Bobo-Dioulasso	2004	2	15	46	21.1	36.2	21.0	-999.9	0.0	2.2	96677.0	-999.9
Bobo-Dioulasso	2004	2	16	47	22.1	36.9	23.0	-999.9	0.0	2.1	96603.0	-999.9
Bobo-Dioulasso	2004	2	17	48	22.3	36.3	22.1	-999.9	0.0	2.2	96678.9	-999.9
Bobo-Dioulasso	2004	2	18	49	21.8	36.6	23.2	-999.9	0.0	2.4	96562.6	-999.9
Bobo-Dioulasso	2004	2	19	50	21.0	35.5	20.2	-999.9	0.0	1.7	96413.0	-999.9
Bobo-Dioulasso	2004	2	20	51	22.4	36.0	20.7	-999.9	0.0	1.7	96396.2	-999.9
Bobo-Dioulasso	2004	2	21	52	23.1	37.4	22.7	-999.9	0.0	1.8	96592.2	-999.9
Bobo-Dioulasso	2004	2	22	53	21.8	37.9	23.3	-999.9	0.0	1.8	96552.6	-999.9
Bobo-Dioulasso	2004	2	23	54	21.2	37.2	23.8	-999.9	0.0	2.1	96489.3	-999.9
Bobo-Dioulasso	2004	2	24	55	20.4	36.3	24.6	-999.9	0.0	2.0	96489.1	-999.9
Bobo-Dioulasso	2004	2	25	56	19.5	36.3	23.9	-999.9	0.0	1.7	96555.5	-999.9
Bobo-Dioulasso	2004	2	26	57	23.1	36.6	22.6	-999.9	0.0	2.3	96635.1	-999.9
Bobo-Dioulasso	2004	2	27	58	26.8	36.1	20.6	-999.9	0.0	2.3	96572.3	-999.9
Bobo-Dioulasso	2004	2	28	59	25.3	36.0	21.0	-999.9	1.4	2.4	96531.7	-999.9
Bobo-Dioulasso	2004	2	29	60	25.2	34.2	16.2	-999.9	1.4	1.8	96565.1	-999.9
Bobo-Dioulasso	2004	3	1	61	25.2	34.4	19.3	-999.9	0.0	1.7	96503.6	-999.9
Bobo-Dioulasso	2004	3	2	62	23.9	32.6	17.7	-999.9	0.0	1.5	96559.6	-999.9
Bobo-Dioulasso	2004	3	3	63	23.7	34.9	21.2	-999.9	0.0	2.3	96557.5	-999.9
Bobo-Dioulasso	2004	3	4	64	21.8	31.2	23.1	-999.9	0.0	3.3	96942.5	-999.9
Bobo-Dioulasso	2004	3	5	65	17.3	30.4	25.0	-999.9	0.0	2.8	97050.9	-999.9
Bobo-Dioulasso	2004	3	6	66	17.4	32.2	25.2	-999.9	0.0	2.7	96904.9	-999.9
Bobo-Dioulasso	2004	3	7	67	18.5	33.3	25.1	-999.9	0.0	2.3	96872.0	-999.9
Bobo-Dioulasso	2004	3	8	68	20.0	34.5	24.8	-999.9	0.0	2.3	96894.2	-999.9
Bobo-Dioulasso	2004	3	9	69	21.6	35.4	23.4	-999.9	0.0	1.5	96845.3	-999.9
Bobo-Dioulasso	2004	3	10	70	22.3	36.6	21.8	-999.9	0.0	1.8	96707.1	-999.9
Bobo-Dioulasso	2004	3	11	71	21.4	36.7	24.7	-999.9	0.0	1.9	96628.0	-999.9
Bobo-Dioulasso	2004	3	12	72	22.3	37.3	24.0	-999.9	0.0	2.1	96630.1	-999.9
Bobo-Dioulasso	2004	3	13	73	21.9	37.4	24.8	-999.9	0.0	2.2	96620.7	-999.9
Bobo-Dioulasso	2004	3	14	74	21.4	38.2	25.4	-999.9	0.0	2.6	96540.7	-999.9
Bobo-Dioulasso	2004	3	15	75	21.0	37.8	25.5	-999.9	0.0	2.0	96515.6	-999.9
Bobo-Dioulasso	2004	3	16	76	20.5	37.5	25.3	-999.9	0.0	2.1	96531.5	-999.9
Bobo-Dioulasso	2004	3	17	77	23.4	34.9	17.3	-999.9	3.2	1.9	96480.0	-999.9
Bobo-Dioulasso	2004	3	18	78	21.5	37.8	25.7	-999.9	0.0	2.4	96474.2	-999.9
Bobo-Dioulasso	2004	3	19	79	21.7	37.6	25.6	-999.9	0.0	2.1	96444.2	-999.9
Bobo-Dioulasso	2004	3	20	80	21.6	37.5	25.5	-999.9	0.0	1.8	96350.3	-999.9
Bobo-Dioulasso	2004	3	21	81	25.4	37.0	23.6	-999.9	0.0	1.9	96345.7	-999.9
Bobo-Dioulasso	2004	3	22	82	26.2	36.5	21.0	-999.9	0.0	1.7	96338.9	-999.9
Bobo-Dioulasso	2004	3	23	83	25.7	37.2	21.7	-999.9	0.0	1.9	96430.3	-999.9
Bobo-Dioulasso	2004	3	24	84	26.6	37.4	21.1	-999.9	0.0	1.5	96415.0	-999.9
Bobo-Dioulasso	2004	3	25	85	25.6	38.2	23.9	-999.9	0.0	1.7	96377.5	-999.9
Bobo-Dioulasso	2004	3	26	86	26.4	38.4	23.8	-999.9	0.0	2.1	96201.4	-999.9
Bobo-Dioulasso	2004	3	27	87	28.1	39.0	23.9	-999.9	0.0	2.6	96082.5	-999.9
Bobo-Dioulasso	2004	3	28	88	28.5	38.3	23.2	-999.9	2.7	2.5	96160.7	-999.9
Bobo-Dioulasso	2004	3	29	89	27.3	36.2	20.9	-999.9	0.0	2.0	96306.8	-999.9
Bobo-Dioulasso	2004	3	30	90	26.5	35.7	20.3	-999.9	2.7	1.7	96441.7	-999.9
Bobo-Dioulasso	2004	3	31	91	26.4	36.9	21.5	-999.9	5.4	1.8	96523.4	-999.9
Bobo-Dioulasso	2004	4	1	92	25.7	34.6	20.0	-999.9	2.2	2.0	96573.8	-999.9
Bobo-Dioulasso	2004	4	2	93	24.6	35.5	22.2	-999.9	4.3	1.7	96660.8	-999.9
Bobo-Dioulasso	2004	4	3	94	23.9	38.3	24.8	-999.9	0.0	1.6	96630.5	-999.9
Bobo-Dioulasso	2004	4	4	95	24.3	38.1	25.9	-999.9	0.0	1.6	96690.6	-999.9
Bobo-Dioulasso	2004	4	5	96	22.5	37.4	25.6	-999.9	0.0	1.4	96637.3	-999.9
Bobo-Dioulasso	2004	4	6	97	23.5	37.5	24.9	-999.9	0.0	2.1	96490.4	-999.9
Bobo-Dioulasso	2004	4	7	98	26.2	36.7	23.0	-999.9	0.0	2.7	96553.5	-999.9
Bobo-Dioulasso	2004	4	8	99	26.4	36.6	22.5	-999.9	0.0	2.9	96622.1	-999.9
Bobo-Dioulasso	2004	4	9	100	25.5	36.3	21.8	-999.9	0.0	2.3	96582.6	-999.9
Bobo-Dioulasso	2004	4	10	101	26.5	35.4	21.7	-999.9	0.0	2.6	96433.4	-999.9
Bobo-Dioulasso	2004	4	11	102	24.1	35.2	23.1	-999.9	7.1	1.2	96483.1	-999.9
Bobo-Dioulasso	2004	4	12	103	24.1	35.3	22.9	-999.9	0.0	1.5	96490.8	-999.9
Bobo-Dioulasso	2004	4	13	104	26.8	37.8	24.3	-999.9	0.0	2.1	96239.2	-999.9
Bobo-Dioulasso	2004	4	14	105	26.2	35.9	22.1	-999.9	3.6	2.9	96197.3	-999.9
Bobo-Dioulasso	2004	4	15	106	24.9	32.2	17.1	-999.9	7.1	2.4	96466.1	-999.9
Bobo-Dioulasso	2004	4	16	107	25.2	33.8	22.7	-999.9	0.0	1.7	96655.6	-999.9
Bobo-Dioulasso	2004	4	17	108	25.3	34.8	22.5	-999.9	0.0	1.5	96609.8	-999.9
Bobo-Dioulasso	2004	4	18	109	24.9	35.8	23.5	-999.9	0.0	2.8	96579.2	-999.9
Bobo-Dioulasso	2004	4	19	110	25.3	35.9	22.9	-999.9	0.0	2.1	96541.4	-999.9
Bobo-Dioulasso	2004	4	20	111	26.1	36.9	23.6	-999.9	3.1	2.4	96493.5	-999.9
Bobo-Dioulasso	2004	4	21	112	26.2	35.8	23.1	-999.9	1.8	2.5	96567.1	-999.9
Bobo-Dioulasso	2004	4	22	113	26.5	36.9	24.0	-999.9	0.0	1.9	96454.3	-999.9
Bobo-Dioulasso	2004	4	23	114	25.1	36.7	23.4	-999.9	5.4	2.6	96300.7	-999.9
Bobo-Dioulasso	2004	4	24	115	26.3	36.9	24.2	-999.9	1.8	2.2	96270.5	-999.9
Bobo-Dioulasso	2004	4	25	116	24.8	35.0	20.5	-999.9	5.4	2.3	96366.7	-999.9
Bobo-Dioulasso	2004	4	26	117	24.3	34.2	22.3	-999.9	0.0	2.4	96391.3	-999.9
Bobo-Dioulasso	2004	4	27	118	23.7	29.5	12.2	-999.9	27.2	2.7	96598.8	-999.9
Bobo-Dioulasso	2004	4	28	119	24.5	32.9	23.7	-999.9	0.0	2.4	96639.4	-999.9
Bobo-Dioulasso	2004	4	29	120	24.2	33.3	24.0	-999.9	0.0	2.5	96660.3	-999.9
Bobo-Dioulasso	2004	4	30	121	24.3	33.9	23.0	-999.9	9.1	2.1	96665.4	-999.9
Bobo-Dioulasso	2004	5	1	122	24.9	34.5	23.6	-999.9	0.0	1.8	96612.1	-999.9
Bobo-Dioulasso	2004	5	2	123	25.7	35.5	24.9	-999.9	0.0	2.2	96538.9	-999.9
Bobo-Dioulasso	2004	5	3	124	26.0	36.6	25.0	-999.9	0.0	2.5	96452.9	-999.9
Bobo-Dioulasso	2004	5	4	125	26.2	35.8	23.1	-999.9	6.3	2.7	96489.5	-999.9
Bobo-Dioulasso	2004	5	5	126	26.3	33.2	19.8	-999.9	9.4	2.3	96594.4	-999.9
Bobo-Dioulasso	2004	5	6	127	24.7	34.2	23.7	-999.9	4.2	2.4	96709.9	-999.9
Bobo-Dioulasso	2004	5	7	128	25.3	34.7	24.2	-999.9	0.0	2.2	96744.0	-999.9
Bobo-Dioulasso	2004	5	8	129	25.9	35.4	24.6	-999.9	0.0	2.3	96652.7	-999.9
Bobo-Dioulasso	2004	5	9	130	26.6	37.1	25.2	-999.9	0.0	2.3	96534.6	-999.9
Bobo-Dioulasso	2004	5	10	131	26.8	36.9	25.0	-999.9	2.1	2.6	96541.4	-999.9
Bobo-Dioulasso	2004	5	11	132	26.9	36.2	23.8	-999.9	0.0	2.6	96618.5	-999.9
Bobo-Dioulasso	2004	5	12	133	26.8	36.8	24.1	-999.9	0.0	2.5	96573.1	-999.9
Bobo-Dioulasso	2004	5	13	134	26.2	35.8	24.2	-999.9	7.8	2.5	96516.6	-999.9
Bobo-Dioulasso	2004	5	14	135	25.8	35.2	23.7	-999.9	7.8	2.7	96511.6	-999.9
Bobo-Dioulasso	2004	5	15	136	26.0	35.1	24.4	-999.9	7.8	2.1	96672.8	-999.9
Bobo-Dioulasso	2004	5	16	137	25.3	34.2	24.4	-999.9	0.0	2.0	96559.8	-999.9
Bobo-Dioulasso	2004	5	17	138	25.9	34.8	23.5	-999.9	0.0	2.3	96446.5	-999.9
Bobo-Dioulasso	2004	5	18	139	26.4	35.3	23.8	-999.9	0.0	2.5	96574.6	-999.9
Bobo-Dioulasso	2004	5	19	140	26.0	35.3	23.1	-999.9	6.3	2.3	96723.3	-999.9
Bobo-Dioulasso	2004	5	20	141	25.2	34.1	21.5	-999.9	12.6	2.6	96742.2	-999.9
Bobo-Dioulasso	2004	5	21	142	25.1	34.1	24.3	-999.9	0.0	2.2	96727.6	-999.9
Bobo-Dioulasso	2004	5	22	143	25.6	34.7	24.6	-999.9	0.0	2.4	96682.7	-999.9
Bobo-Dioulasso	2004	5	23	144	25.9	34.0	23.2	-999.9	5.4	2.4	96763.3	-999.9
Bobo-Dioulasso	2004	5	24	145	24.4	31.9	17.7	-999.9	2.7	2.0	96843.6	-999.9
Bobo-Dioulasso	2004	5	25	146	24.3	34.1	23.8	-999.9	0.0	2.3	96813.0	-999.9
Bobo-Dioulasso	2004	5	26	147	24.7	35.0	22.4	-999.9	5.5	3.1	96749.0	-999.9
Bobo-Dioulasso	2004	5	27	148	23.4	32.3	24.0	-999.9	0.0	2.7	96868.4	-999.9
Bobo-Dioulasso	2004	5	28	149	23.2	32.9	24.8	-999.9	0.0	2.2	97041.1	-999.9
Bobo-Dioulasso	2004	5	29	150	23.2	33.5	23.4	-999.9	2.8	2.0	96914.8	-999.9
Bobo-Dioulasso	2004	5	30	151	23.3	31.9	23.7	-999.9	0.0	1.8	96765.7	-999.9
Bobo-Dioulasso	2004	5	31	152	24.0	32.4	24.4	-999.9	0.0	2.5	96608.4	-999.9
Bobo-Dioulasso	2004	6	1	153	23.2	31.7	22.0	-999.9	0.0	2.6	96742.5	-999.9
Bobo-Dioulasso	2004	6	2	154	23.4	31.9	23.3	-999.9	0.0	1.9	96982.8	-999.9
Bobo-Dioulasso	2004	6	3	155	23.6	31.4	19.9	-999.9	0.0	1.5	97051.1	-999.9
Bobo-Dioulasso	2004	6	4	156	24.1	33.5	24.1	-999.9	0.0	2.2	96889.2	-999.9
Bobo-Dioulasso	2004	6	5	157	24.0	33.7	24.7	-999.9	0.0	2.5	96817.6	-999.9
Bobo-Dioulasso	2004	6	6	158	23.7	33.2	24.8	-999.9	0.0	2.6	96858.7	-999.9
Bobo-Dioulasso	2004	6	7	159	23.9	33.2	24.5	-999.9	3.4	1.8	96994.2	-999.9
Bobo-Dioulasso	2004	6	8	160	22.9	32.0	21.1	-999.9	3.4	1.8	96980.5	-999.9
Bobo-Dioulasso	2004	6	9	161	24.1	33.4	24.5	-999.9	10.2	1.9	96941.0	-999.9
Bobo-Dioulasso	2004	6	10	162	24.8	33.4	24.3	-999.9	0.0	2.2	96858.0	-999.9
Bobo-Dioulasso	2004	6	11	163	24.7	33.5	24.6	-999.9	0.0	2.2	96843.0	-999.9
Bobo-Dioulasso	2004	6	12	164	24.5	33.5	24.3	-999.9	15.7	2.0	96945.9	-999.9
Bobo-Dioulasso	2004	6	13	165	24.6	33.1	24.0	-999.9	0.0	1.7	97047.7	-999.9
Bobo-Dioulasso	2004	6	14	166	24.4	33.3	24.3	-999.9	0.0	1.8	97021.0	-999.9
Bobo-Dioulasso	2004	6	15	167	23.7	33.4	24.7	-999.9	15.7	2.0	96879.9	-999.9
Bobo-Dioulasso	2004	6	16	168	23.4	31.8	20.7	-999.9	0.0	2.6	96857.7	-999.9
Bobo-Dioulasso	2004	6	17	169	24.2	32.9	23.9	-999.9	0.0	2.3	96923.4	-999.9
Bobo-Dioulasso	2004	6	18	170	24.3	33.1	24.1	-999.9	0.0	2.2	96938.3	-999.9
Bobo-Dioulasso	2004	6	19	171	24.3	33.1	23.8	-999.9	0.0	2.4	96945.3	-999.9
Bobo-Dioulasso	2004	6	20	172	24.6	34.4	24.5	-999.9	0.0	2.5	96807.1	-999.9
Bobo-Dioulasso	2004	6	21	173	24.0	31.8	21.7	-999.9	15.5	2.4	96868.2	-999.9
Bobo-Dioulasso	2004	6	22	174	22.9	31.8	23.6	-999.9	7.8	2.1	96994.2	-999.9
Bobo-Dioulasso	2004	6	23	175	23.0	32.2	23.7	-999.9	0.0	2.7	97000.2	-999.9
Bobo-Dioulasso	2004	6	24	176	24.0	32.3	22.5	-999.9	0.0	2.5	96885.4	-999.9
Bobo-Dioulasso	2004	6	25	177	23.0	32.2	23.4	-999.9	7.8	2.8	96844.9	-999.9
Bobo-Dioulasso	2004	6	26	178	22.7	32.2	24.2	-999.9	0.0	1.7	96919.6	-999.9
Bobo-Dioulasso	2004	6	27	179	23.3	32.7	24.2	-999.9	5.6	1.7	96829.8	-999.9
Bobo-Dioulasso	2004	6	28	180	23.9	32.6	23.1	-999.9	11.3	2.1	96846.6	-999.9
Bobo-Dioulasso	2004	6	29	181	23.9	31.4	21.8	-999.9	0.0	1.9	96870.8	-999.9
Bobo-Dioulasso	2004	6	30	182	22.7	31.7	22.1	-999.9	5.6	2.1	96891.7	-999.9
Bobo-Dioulasso	2004	7	1	183	23.6	31.4	20.2	-999.9	0.0	1.9	96867.4	-999.9
Bobo-Dioulasso	2004	7	2	184	23.2	31.0	23.0	-999.9	0.0	2.1	96818.6	-999.9
Bobo-Dioulasso	2004	7	3	185	22.8	29.5	18.4	-999.9	13.3	1.4	96791.1	-999.9
Bobo-Dioulasso	2004	7	4	186	22.1	30.1	20.4	-999.9	0.0	1.6	96832.7	-999.9
Bobo-Dioulasso	2004	7	5	187	22.5	31.4	24.4	-999.9	0.0	1.3	96838.3	-999.9
Bobo-Dioulasso	2004	7	6	188	23.3	31.4	23.0	-999.9	0.0	1.8	96720.4	-999.9
Bobo-Dioulasso	2004	7	7	189	22.5	29.1	16.9	-999.9	21.8	1.8	96678.6	-999.9
Bobo-Dioulasso	2004	7	8	190	22.7	29.4	19.5	-999.9	5.5	1.8	96729.1	-999.9
Bobo-Dioulasso	2004	7	9	191	21.9	30.3	22.2	-999.9	0.0	1.8	96648.5	-999.9
Bobo-Dioulasso	2004	7	10	192	22.9	30.2	21.2	-999.9	0.0	1.7	96639.0	-999.9
Bobo-Dioulasso	2004	7	11	193	22.2	27.9	14.9	-999.9	7.6	2.1	96796.9	-999.9
Bobo-Dioulasso	2004	7	12	194	21.6	26.4	11.2	-999.9	0.0	1.9	96916.3	-999.9
Bobo-Dioulasso	2004	7	13	195	20.5	30.6	21.6	-999.9	0.0	1.7	96894.1	-999.9
Bobo-Dioulasso	2004	7	14	196	22.9	30.9	20.8	-999.9	22.8	2.1	96746.7	-999.9
Bobo-Dioulasso	2004	7	15	197	22.1	29.8	19.5	-999.9	0.0	2.3	96778.1	-999.9
Bobo-Dioulasso	2004	7	16	198	22.1	29.5	18.8	-999.9	0.0	2.0	96808.3	-999.9
Bobo-Dioulasso	2004	7	17	199	22.5	30.6	22.2	-999.9	9.7	1.7	96785.6	-999.9
Bobo-Dioulasso	2004	7	18	200	22.1	29.5	21.0	-999.9	0.0	1.5	96791.9	-999.9
Bobo-Dioulasso	2004	7	19	201	22.8	29.2	20.7	-999.9	9.7	2.0	96778.6	-999.9
Bobo-Dioulasso	2004	7	20	202	21.7	28.5	20.2	-999.9	9.7	2.0	96694.5	-999.9
Bobo-Dioulasso	2004	7	21	203	21.5	28.9	19.7	-999.9	0.0	1.9	96680.9	-999.9
Bobo-Dioulasso	2004	7	22	204	21.8	28.2	15.5	-999.9	0.0	1.5	96843.9	-999.9
Bobo-Dioulasso	2004	7	23	205	21.7	29.2	21.5	-999.9	0.0	1.7	96889.9	-999.9
Bobo-Dioulasso	2004	7	24	206	21.8	28.1	17.0	-999.9	0.0	2.1	96944.3	-999.9
Bobo-Dioulasso	2004	7	25	207	21.6	25.8	12.4	-999.9	0.0	2.5	96981.3	-999.9
Bobo-Dioulasso	2004	7	26	208	21.1	28.2	18.9	-999.9	0.0	1.9	96932.5	-999.9
Bobo-Dioulasso	2004	7	27	209	21.2	28.2	19.1	-999.9	18.6	1.5	97007.2	-999.9
Bobo-Dioulasso	2004	7	28	210	21.2	28.2	20.7	-999.9	0.0	1.5	96962.3	-999.9
Bobo-Dioulasso	2004	7	29	211	21.5	27.0	14.9	-999.9	18.6	1.2	96907.6	-999.9
Bobo-Dioulasso	2004	7	30	212	21.2	28.1	19.5	-999.9	0.0	1.8	96949.1	-999.9
Bobo-Dioulasso	2004	7	31	213	21.9	27.9	17.3	-999.9	12.4	1.5	97005.2	-999.9
Bobo-Dioulasso	2004	8	1	214	21.8	29.3	20.0	-999.9	7.1	1.9	96939.8	-999.9
Bobo-Dioulasso	2004	8	2	215	22.7	29.6	23.1	-999.9	7.1	1.5	96910.5	-999.9
Bobo-Dioulasso	2004	8	3	216	21.5	29.4	21.5	-999.9	0.0	1.7	96853.3	-999.9
Bobo-Dioulasso	2004	8	4	217	22.5	28.4	18.0	-999.9	14.2	2.3	96876.8	-999.9
Bobo-Dioulasso	2004	8	5	218	22.5	28.8	16.7	-999.9	0.0	2.3	96841.5	-999.9
Bobo-Dioulasso	2004	8	6	219	22.5	28.1	16.5	-999.9	0.0	2.1	96927.3	-999.9
Bobo-Dioulasso	2004	8	7	220	21.9	29.7	20.1	-999.9	0.0	1.6	96981.5	-999.9
Bobo-Dioulasso	2004	8	8	221	22.1	29.6	22.1	-999.9	21.8	1.6	97020.2	-999.9
Bobo-Dioulasso	2004	8	9	222	22.5	29.9	21.0	-999.9	0.0	2.0	96874.3	-999.9
Bobo-Dioulasso	2004	8	10	223	23.3	30.2	22.7	-999.9	10.9	2.5	96764.3	-999.9
Bobo-Dioulasso	2004	8	11	224	22.8	28.3	15.8	-999.9	0.0	2.6	96855.4	-999.9
Bobo-Dioulasso	2004	8	12	225	21.8	26.2	11.3	-999.9	0.0	2.5	97023.1	-999.9
Bobo-Dioulasso	2004	8	13	226	21.3	28.3	19.3	-999.9	0.0	2.2	97044.3	-999.9
Bobo-Dioulasso	2004	8	14	227	22.7	29.1	18.3	-999.9	26.0	1.8	97016.4	-999.9
Bobo-Dioulasso	2004	8	15	228	22.0	28.6	17.0	-999.9	0.0	2.5	96988.9	-999.9
Bobo-Dioulasso	2004	8	16	229	22.7	28.9	19.3	-999.9	11.4	2.3	96876.2	-999.9
Bobo-Dioulasso	2004	8	17	230	22.2	28.2	15.6	-999.9	0.0	2.1	96808.8	-999.9
Bobo-Dioulasso	2004	8	18	231	22.4	28.7	20.0	-999.9	0.0	1.8	96980.5	-999.9
Bobo-Dioulasso	2004	8	19	232	21.7	29.4	23.0	-999.9	5.7	1.3	97038.6	-999.9
Bobo-Dioulasso	2004	8	20	233	22.2	27.4	13.5	-999.9	5.7	1.9	96848.1	-999.9
Bobo-Dioulasso	2004	8	21	234	21.9	28.5	15.3	-999.9	0.0	2.0	96728.3	-999.9
Bobo-Dioulasso	2004	8	22	235	22.4	30.1	19.7	-999.9	0.0	1.8	96689.3	-999.9
Bobo-Dioulasso	2004	8	23	236	22.0	28.8	16.6	-999.9	22.3	1.6	96735.5	-999.9
Bobo-Dioulasso	2004	8	24	237	22.1	26.4	13.1	-999.9	0.0	2.5	96813.8	-999.9
Bobo-Dioulasso	2004	8	25	238	21.7	28.5	18.9	-999.9	0.0	1.9	96929.7	-999.9
Bobo-Dioulasso	2004	8	26	239	21.9	28.3	16.3	-999.9	16.7	1.3	96857.6	-999.9
Bobo-Dioulasso	2004	8	27	240	22.3	27.1	14.2	-999.9	5.6	1.9	96768.8	-999.9
Bobo-Dioulasso	2004	8	28	241	21.3	27.7	17.1	-999.9	11.1	1.6	96817.5	-999.9
Bobo-Dioulasso	2004	8	29	242	21.7	28.9	20.0	-999.9	0.0	1.7	96816.4	-999.9
Bobo-Dioulasso	2004	8	30	243	21.5	29.4	21.8	-999.9	0.0	1.5	96931.6	-999.9
Bobo-Dioulasso	2004	8	31	244	21.7	29.2	21.6	-999.9	11.1	1.8	96929.4	-999.9
Bobo-Dioulasso	2004	9	1	245	21.8	28.2	19.5	-999.9	0.0	1.7	96890.2	-999.9
Bobo-Dioulasso	2004	9	2	246	21.6	29.4	22.6	-999.9	14.9	1.6	96804.8	-999.9
Bobo-Dioulasso	2004	9	3	247	21.8	28.3	18.9	-999.9	0.0	1.6	96797.6	-999.9
Bobo-Dioulasso	2004	9	4	248	21.7	30.0	24.0	-999.9	14.9	1.4	96789.8	-999.9
Bobo-Dioulasso	2004	9	5	249	22.2	29.2	20.6	-999.9	0.0	1.7	96688.8	-999.9
Bobo-Dioulasso	2004	9	6	250	22.2	29.5	22.6	-999.9	0.0	2.0	96593.6	-999.9
Bobo-Dioulasso	2004	9	7	251	21.3	29.7	23.1	-999.9	14.2	1.4	96550.2	-999.9
Bobo-Dioulasso	2004	9	8	252	21.3	27.8	17.6	-999.9	14.2	1.3	96630.4	-999.9
Bobo-Dioulasso	2004	9	9	253	21.7	29.1	21.6	-999.9	14.2	1.2	96760.9	-999.9
Bobo-Dioulasso	2004	9	10	254	22.3	28.7	18.9	-999.9	0.0	1.3	96756.8	-999.9
Bobo-Dioulasso	2004	9	11	255	22.5	30.5	23.6	-999.9	17.7	1.4	96781.6	-999.9
Bobo-Dioulasso	2004	9	12	256	22.4	26.8	13.9	-999.9	0.0	1.6	96874.1	-999.9
Bobo-Dioulasso	2004	9	13	257	21.9	29.6	22.0	-999.9	8.8	1.7	96948.0	-999.9
Bobo-Dioulasso	2004	9	14	258	22.6	29.9	22.2	-999.9	0.0	1.6	96856.3	-999.9
Bobo-Dioulasso	2004	9	15	259	21.5	28.5	19.2	-999.9	0.0	1.9	96886.5	-999.9
Bobo-Dioulasso	2004	9	16	260	21.7	30.3	22.4	-999.9	0.0	1.6	96838.9	-999.9
Bobo-Dioulasso	2004	9	17	261	22.9	30.6	23.0	-999.9	0.0	1.4	96819.4	-999.9
Bobo-Dioulasso	2004	9	18	262	22.2	31.0	24.3	-999.9	0.0	2.1	96765.2	-999.9
Bobo-Dioulasso	2004	9	19	263	22.9	31.2	24.1	-999.9	0.0	1.9	96673.3	-999.9
Bobo-Dioulasso	2004	9	20	264	22.0	28.9	19.4	-999.9	0.0	1.7	96805.4	-999.9
Bobo-Dioulasso	2004	9	21	265	22.1	30.0	22.1	-999.9	0.0	1.6	96943.2	-999.9
Bobo-Dioulasso	2004	9	22	266	21.5	30.5	23.4	-999.9	0.0	1.6	96929.0	-999.9
Bobo-Dioulasso	2004	9	23	267	22.4	29.2	21.3	-999.9	10.6	2.2	96874.7	-999.9
Bobo-Dioulasso	2004	9	24	268	22.4	29.0	20.2	-999.9	10.6	1.9	96851.8	-999.9
Bobo-Dioulasso	2004	9	25	269	21.9	29.0	20.2	-999.9	0.0	1.7	96935.1	-999.9
Bobo-Dioulasso	2004	9	26	270	21.7	30.5	23.2	-999.9	0.0	1.2	96889.8	-999.9
Bobo-Dioulasso	2004	9	27	271	22.7	30.0	21.1	-999.9	0.0	1.6	96829.6	-999.9
Bobo-Dioulasso	2004	9	28	272	22.8	31.1	23.7	-999.9	0.0	1.9	96673.4	-999.9
Bobo-Dioulasso	2004	9	29	273	23.6	32.1	23.3	-999.9	0.0	2.1	96570.7	-999.9
Bobo-Dioulasso	2004	9	30	274	23.4	31.9	22.9	-999.9	6.5	2.4	96561.6	-999.9
Bobo-Dioulasso	2004	10	1	275	21.7	29.8	19.8	-999.9	0.0	2.2	96744.3	-999.9
Bobo-Dioulasso	2004	10	2	276	21.4	31.1	23.5	-999.9	0.0	1.8	96762.7	-999.9
Bobo-Dioulasso	2004	10	3	277	22.9	32.0	23.1	-999.9	0.0	1.6	96649.2	-999.9
Bobo-Dioulasso	2004	10	4	278	24.2	32.2	22.1	-999.9	9.1	2.0	96590.8	-999.9
Bobo-Dioulasso	2004	10	5	279	23.7	30.9	20.1	-999.9	4.5	2.5	96742.2	-999.9
Bobo-Dioulasso	2004	10	6	280	22.5	31.8	23.6	-999.9	0.0	1.8	96879.7	-999.9
Bobo-Dioulasso	2004	10	7	281	22.9	32.1	21.8	-999.9	3.3	1.3	96802.3	-999.9
Bobo-Dioulasso	2004	10	8	282	23.5	32.9	21.7	-999.9	0.0	1.7	96698.8	-999.9
Bobo-Dioulasso	2004	10	9	283	23.4	32.9	23.3	-999.9	0.0	2.1	96696.9	-999.9
Bobo-Dioulasso	2004	10	10	284	24.2	33.5	23.2	-999.9	0.0	1.9	96690.1	-999.9
Bobo-Dioulasso	2004	10	11	285	24.0	32.9	21.9	-999.9	0.0	2.2	96709.7	-999.9
Bobo-Dioulasso	2004	10	12	286	23.8	32.9	22.6	-999.9	0.0	2.0	96733.3	-999.9
Bobo-Dioulasso	2004	10	13	287	23.2	34.2	23.6	-999.9	0.0	1.8	96672.6	-999.9
Bobo-Dioulasso	2004	10	14	288	23.7	33.5	21.7	-999.9	5.9	2.1	96663.3	-999.9
Bobo-Dioulasso	2004	10	15	289	22.9	32.3	20.9	-999.9	0.0	2.2	96745.2	-999.9
Bobo-Dioulasso	2004	10	16	290	23.1	33.2	22.4	-999.9	0.0	1.7	96746.8	-999.9
Bobo-Dioulasso	2004	10	17	291	23.2	32.5	21.3	-999.9	0.0	1.7	96716.7	-999.9
Bobo-Dioulasso	2004	10	18	292	22.9	33.0	21.4	-999.9	2.0	1.6	96717.2	-999.9
Bobo-Dioulasso	2004	10	19	293	23.0	34.3	22.5	-999.9	0.0	1.6	96717.6	-999.9
Bobo-Dioulasso	2004	10	20	294	21.7	34.6	23.5	-999.9	0.0	1.6	96557.9	-999.9
Bobo-Dioulasso	2004	10	21	295	23.6	32.7	21.1	-999.9	0.0	2.5	96601.9	-999.9
Bobo-Dioulasso	2004	10	22	296	23.5	33.1	21.1	-999.9	0.0	1.9	96658.7	-999.9
Bobo-Dioulasso	2004	10	23	297	23.4	33.3	21.1	-999.9	10.7	1.8	96601.2	-999.9
Bobo-Dioulasso	2004	10	24	298	23.0	33.1	22.2	-999.9	0.0	1.6	96626.3	-999.9
Bobo-Dioulasso	2004	10	25	299	23.8	33.3	19.7	-999.9	0.0	1.9	96642.7	-999.9
Bobo-Dioulasso	2004	10	26	300	23.6	33.1	19.9	-999.9	4.1	1.8	96643.6	-999.9
Bobo-Dioulasso	2004	10	27	301	23.8	33.3	20.4	-999.9	0.0	2.0	96643.0	-999.9
Bobo-Dioulasso	2004	10	28	302	23.9	33.3	19.5	-999.9	0.0	1.7	96761.3	-999.9
Bobo-Dioulasso	2004	10	29	303	23.9	34.5	20.7	-999.9	0.0	1.7	96650.4	-999.9
Bobo-Dioulasso	2004	10	30	304	23.4	33.7	20.0	-999.9	0.0	2.1	96601.8	-999.9
Bobo-Dioulasso	2004	10	31	305	23.9	33.2	20.9	-999.9	0.0	2.4	96683.5	-999.9
Bobo-Dioulasso	2004	11	1	306	23.7	33.5	20.3	-999.9	0.0	2.0	96669.1	-999.9
Bobo-Dioulasso	2004	11	2	307	23.0	31.1	19.5	-999.9	9.1	1.6	96648.0	-999.9
Bobo-Dioulasso	2004	11	3	308	23.5	32.0	20.1	-999.9	0.0	1.6	96624.3	-999.9
Bobo-Dioulasso	2004	11	4	309	23.2	31.9	20.1	-999.9	0.0	1.7	96610.6	-999.9
Bobo-Dioulasso	2004	11	5	310	23.6	32.0	19.5	-999.9	0.0	1.8	96600.5	-999.9
Bobo-Dioulasso	2004	11	6	311	23.5	33.1	19.8	-999.9	0.0	1.6	96597.8	-999.9
Bobo-Dioulasso	2004	11	7	312	23.9	34.1	21.0	-999.9	0.0	1.8	96578.7	-999.9
Bobo-Dioulasso	2004	11	8	313	22.4	33.2	20.4	-999.9	0.0	1.8	96590.9	-999.9
Bobo-Dioulasso	2004	11	9	314	23.9	32.6	19.2	-999.9	0.0	1.5	96595.3	-999.9
Bobo-Dioulasso	2004	11	10	315	20.1	33.9	22.3	-999.9	0.0	1.3	96543.9	-999.9
Bobo-Dioulasso	2004	11	11	316	19.7	33.4	22.1	-999.9	0.0	1.4	96454.5	-999.9
Bobo-Dioulasso	2004	11	12	317	19.7	33.5	21.8	-999.9	0.0	1.5	96465.9	-999.9
Bobo-Dioulasso	2004	11	13	318	23.9	33.4	19.6	-999.9	0.0	1.9	96623.4	-999.9
Bobo-Dioulasso	2004	11	14	319	23.6	33.2	18.7	-999.9	0.0	2.0	96609.3	-999.9
Bobo-Dioulasso	2004	11	15	320	23.5	33.6	20.8	-999.9	0.0	2.3	96644.8	-999.9
Bobo-Dioulasso	2004	11	16	321	20.8	33.9	21.7	-999.9	0.0	2.1	96691.0	-999.9
Bobo-Dioulasso	2004	11	17	322	21.6	34.5	21.6	-999.9	0.0	2.1	96727.6	-999.9
Bobo-Dioulasso	2004	11	18	323	20.1	34.0	21.7	-999.9	0.0	1.8	96720.3	-999.9
Bobo-Dioulasso	2004	11	19	324	19.5	33.1	21.2	-999.9	0.0	1.3	96718.1	-999.9
Bobo-Dioulasso	2004	11	20	325	22.8	34.0	20.2	-999.9	0.0	1.9	96778.3	-999.9
Bobo-Dioulasso	2004	11	21	326	23.8	33.8	20.2	-999.9	0.0	1.7	96820.1	-999.9
Bobo-Dioulasso	2004	11	22	327	20.2	34.5	21.3	-999.9	0.0	1.9	96751.4	-999.9
Bobo-Dioulasso	2004	11	23	328	19.5	34.4	21.6	-999.9	0.0	1.9	96668.4	-999.9
Bobo-Dioulasso	2004	11	24	329	19.6	33.4	21.5	-999.9	0.0	2.0	96638.4	-999.9
Bobo-Dioulasso	2004	11	25	330	20.0	32.9	21.3	-999.9	0.0	1.6	96669.1	-999.9
Bobo-Dioulasso	2004	11	26	331	18.4	32.8	21.4	-999.9	0.0	1.9	96707.9	-999.9
Bobo-Dioulasso	2004	11	27	332	19.6	33.3	21.0	-999.9	0.0	1.8	96683.7	-999.9
Bobo-Dioulasso	2004	11	28	333	19.9	33.5	20.9	-999.9	0.0	1.9	96693.5	-999.9
Bobo-Dioulasso	2004	11	29	334	21.3	33.3	21.0	-999.9	0.0	1.8	96756.4	-999.9
Bobo-Dioulasso	2004	11	30	335	19.7	33.6	20.9	-999.9	0.0	2.0	96693.8	-999.9
Bobo-Dioulasso	2004	12	1	336	19.8	33.9	20.7	-999.9	0.0	2.0	96564.7	-999.9
Bobo-Dioulasso	2004	12	2	337	20.1	34.0	20.8	-999.9	0.0	2.0	96537.6	-999.9
Bobo-Dioulasso	2004	12	3	338	20.1	33.8	21.0	-999.9	0.0	1.5	96632.8	-999.9
Bobo-Dioulasso	2004	12	4	339	18.1	33.6	21.1	-999.9	0.0	1.8	96717.8	-999.9
Bobo-Dioulasso	2004	12	5	340	18.9	33.8	21.2	-999.9	0.0	1.5	96709.9	-999.9
Bobo-Dioulasso	2004	12	6	341	19.2	33.6	20.5	-999.9	0.0	1.6	96675.4	-999.9
Bobo-Dioulasso	2004	12	7	342	21.0	34.4	20.4	-999.9	0.0	1.8	96704.7	-999.9
Bobo-Dioulasso	2004	12	8	343	20.2	34.3	20.6	-999.9	0.0	1.9	96677.6	-999.9
Bobo-Dioulasso	2004	12	9	344	20.2	33.5	20.0	-999.9	0.0	1.3	96634.5	-999.9
Bobo-Dioulasso	2004	12	10	345	21.8	33.7	20.1	-999.9	0.0	1.3	96546.4	-999.9
Bobo-Dioulasso	2004	12	11	346	20.4	33.9	20.4	-999.9	0.0	1.3	96546.1	-999.9
Bobo-Dioulasso	2004	12	12	347	21.7	33.8	19.3	-999.9	0.0	1.3	96659.0	-999.9
Bobo-Dioulasso	2004	12	13	348	21.6	34.3	19.6	-999.9	0.4	1.7	96697.0	-999.9
Bobo-Dioulasso	2004	12	14	349	21.7	34.6	20.1	-999.9	0.0	1.7	96609.2	-999.9
Bobo-Dioulasso	2004	12	15	350	23.4	34.3	19.1	-999.9	0.0	2.1	96515.5	-999.9
Bobo-Dioulasso	2004	12	16	351	24.6	34.2	19.0	-999.9	0.0	1.7	96467.7	-999.9
Bobo-Dioulasso	2004	12	17	352	23.1	33.6	19.7	-999.9	0.6	1.6	96592.0	-999.9
Bobo-Dioulasso	2004	12	18	353	21.0	34.1	20.1	-999.9	0.0	2.0	96674.9	-999.9
Bobo-Dioulasso	2004	12	19	354	19.7	33.8	20.4	-999.9	0.0	1.8	96714.8	-999.9
Bobo-Dioulasso	2004	12	20	355	19.5	33.9	20.3	-999.9	0.0	1.7	96609.6	-999.9
Bobo-Dioulasso	2004	12	21	356	20.4	33.9	20.1	-999.9	0.0	1.9	96523.9	-999.9
Bobo-Dioulasso	2004	12	22	357	23.0	33.6	19.1	-999.9	0.0	1.5	96511.8	-999.9
Bobo-Dioulasso	2004	12	23	358	22.1	34.1	18.6	-999.9	0.0	1.4	96452.0	-999.9
Bobo-Dioulasso	2004	12	24	359	22.0	34.7	19.5	-999.9	0.0	1.9	96363.3	-999.9
Bobo-Dioulasso	2004	12	25	360	22.5	35.0	19.7	-999.9	0.0	1.8	96398.1	-999.9
Bobo-Dioulasso	2004	12	26	361	23.1	33.7	19.2	-999.9	0.0	1.5	96498.9	-999.9
Bobo-Dioulasso	2004	12	27	362	25.0	34.1	18.5	-999.9	0.0	1.8	96613.5	-999.9
Bobo-Dioulasso	2004	12	28	363	23.9	34.8	19.6	-999.9	0.0	2.1	96716.1	-999.9
Bobo-Dioulasso	2004	12	29	364	24.0	35.2	20.3	-999.9	0.0	3.0	96700.4	-999.9
Bobo-Dioulasso	2004	12	30	365	21.9	33.7	20.5	-999.9	0.0	2.2	96651.0	-999.9
Bobo-Dioulasso	2004	12	31	366	19.8	32.2	20.6	-999.9	0.0	2.2	96759.7	-999.9
