Bobo-Dioulasso	2011	1	1	1	17.6	29.6	18.4	-999.9	0.0	2.3	96584.1	-999.9
Bobo-Dioulasso	2011	1	2	2	17.3	30.6	20.6	-999.9	0.0	2.0	96500.4	-999.9
Bobo-Dioulasso	2011	1	3	3	17.0	31.3	20.8	-999.9	0.0	2.1	96504.4	-999.9
Bobo-Dioulasso	2011	1	4	4	18.5	32.1	20.8	-999.9	0.0	2.3	96565.9	-999.9
Bobo-Dioulasso	2011	1	5	5	18.2	32.2	20.7	-999.9	0.0	2.1	96590.6	-999.9
Bobo-Dioulasso	2011	1	6	6	18.6	32.8	20.7	-999.9	0.0	2.3	96575.6	-999.9
Bobo-Dioulasso	2011	1	7	7	19.0	32.6	20.8	-999.9	0.0	2.4	96671.9	-999.9
Bobo-Dioulasso	2011	1	8	8	18.9	32.4	20.9	-999.9	0.0	2.7	96670.2	-999.9
Bobo-Dioulasso	2011	1	9	9	18.3	31.1	21.1	-999.9	0.0	2.5	96699.8	-999.9
Bobo-Dioulasso	2011	1	10	10	16.7	30.5	21.3	-999.9	0.0	2.2	96794.7	-999.9
Bobo-Dioulasso	2011	1	11	11	16.6	30.8	21.2	-999.9	0.0	2.3	96857.8	-999.9
Bobo-Dioulasso	2011	1	12	12	17.0	30.9	21.2	-999.9	0.0	2.3	96831.9	-999.9
Bobo-Dioulasso	2011	1	13	13	16.5	31.1	21.3	-999.9	0.0	2.1	96683.6	-999.9
Bobo-Dioulasso	2011	1	14	14	16.9	32.2	21.1	-999.9	0.0	2.2	96611.6	-999.9
Bobo-Dioulasso	2011	1	15	15	18.8	32.6	21.2	-999.9	0.0	2.6	96648.5	-999.9
Bobo-Dioulasso	2011	1	16	16	18.4	31.6	21.2	-999.9	0.0	2.4	96765.7	-999.9
Bobo-Dioulasso	2011	1	17	17	18.5	31.0	20.9	-999.9	0.0	2.4	96754.0	-999.9
Bobo-Dioulasso	2011	1	18	18	16.6	30.4	21.0	-999.9	0.5	2.2	96648.1	-999.9
Bobo-Dioulasso	2011	1	19	19	15.7	30.8	21.6	-999.9	0.0	1.9	96535.0	-999.9
Bobo-Dioulasso	2011	1	20	20	16.7	32.3	21.5	-999.9	0.0	2.0	96400.8	-999.9
Bobo-Dioulasso	2011	1	21	21	17.8	33.3	21.5	-999.9	0.0	2.1	96368.3	-999.9
Bobo-Dioulasso	2011	1	22	22	18.0	34.0	21.6	-999.9	0.0	1.9	96357.7	-999.9
Bobo-Dioulasso	2011	1	23	23	19.1	34.5	21.5	-999.9	0.0	2.1	96341.0	-999.9
Bobo-Dioulasso	2011	1	24	24	19.0	35.2	21.4	-999.9	0.0	2.3	96389.7	-999.9
Bobo-Dioulasso	2011	1	25	25	20.0	35.0	21.3	-999.9	0.0	2.2	96469.7	-999.9
Bobo-Dioulasso	2011	1	26	26	19.5	35.4	21.7	-999.9	0.0	2.1	96452.4	-999.9
Bobo-Dioulasso	2011	1	27	27	19.9	36.0	21.3	-999.9	0.0	1.9	96501.1	-999.9
Bobo-Dioulasso	2011	1	28	28	20.5	36.5	22.0	-999.9	0.0	2.5	96589.1	-999.9
Bobo-Dioulasso	2011	1	29	29	20.8	36.4	22.0	-999.9	0.0	2.6	96619.5	-999.9
Bobo-Dioulasso	2011	1	30	30	18.9	35.2	22.0	-999.9	0.0	1.7	96563.0	-999.9
Bobo-Dioulasso	2011	1	31	31	20.2	35.3	20.8	-999.9	0.0	1.7	96524.9	-999.9
Bobo-Dioulasso	2011	2	1	32	21.9	35.9	20.4	-999.9	0.0	2.0	96494.3	-999.9
Bobo-Dioulasso	2011	2	2	33	25.5	35.4	19.6	-999.9	0.0	2.2	96494.6	-999.9
Bobo-Dioulasso	2011	2	3	34	24.0	33.3	20.4	-999.9	0.0	2.9	96655.7	-999.9
Bobo-Dioulasso	2011	2	4	35	20.4	30.1	21.3	-999.9	0.0	3.6	96843.8	-999.9
Bobo-Dioulasso	2011	2	5	36	18.6	29.9	22.0	-999.9	0.0	3.0	96851.5	-999.9
Bobo-Dioulasso	2011	2	6	37	18.2	31.5	22.1	-999.9	0.0	2.4	96813.8	-999.9
Bobo-Dioulasso	2011	2	7	38	21.5	33.0	21.5	-999.9	0.0	2.6	96759.2	-999.9
Bobo-Dioulasso	2011	2	8	39	21.6	33.3	21.1	-999.9	0.0	2.3	96652.3	-999.9
Bobo-Dioulasso	2011	2	9	40	20.3	34.3	22.3	-999.9	0.0	2.1	96523.8	-999.9
Bobo-Dioulasso	2011	2	10	41	21.0	35.5	22.4	-999.9	0.0	2.0	96496.5	-999.9
Bobo-Dioulasso	2011	2	11	42	20.7	35.5	21.5	-999.9	0.0	1.8	96567.1	-999.9
Bobo-Dioulasso	2011	2	12	43	22.2	35.8	21.6	-999.9	0.0	2.1	96542.6	-999.9
Bobo-Dioulasso	2011	2	13	44	22.4	34.2	22.3	-999.9	0.0	2.5	96681.9	-999.9
Bobo-Dioulasso	2011	2	14	45	22.1	32.9	22.0	-999.9	0.0	2.8	96762.5	-999.9
Bobo-Dioulasso	2011	2	15	46	21.8	33.4	21.2	-999.9	0.0	2.5	96643.2	-999.9
Bobo-Dioulasso	2011	2	16	47	20.3	34.4	22.3	-999.9	0.0	2.2	96497.6	-999.9
Bobo-Dioulasso	2011	2	17	48	21.8	35.0	23.0	-999.9	0.0	2.5	96491.4	-999.9
Bobo-Dioulasso	2011	2	18	49	22.2	35.2	21.3	-999.9	1.1	2.1	96521.5	-999.9
Bobo-Dioulasso	2011	2	19	50	22.8	36.9	22.0	-999.9	0.0	2.5	96540.0	-999.9
Bobo-Dioulasso	2011	2	20	51	24.5	37.7	23.0	-999.9	0.0	2.7	96543.2	-999.9
Bobo-Dioulasso	2011	2	21	52	24.6	37.5	23.5	-999.9	0.0	2.5	96554.1	-999.9
Bobo-Dioulasso	2011	2	22	53	22.0	37.0	23.5	-999.9	0.0	1.9	96474.8	-999.9
Bobo-Dioulasso	2011	2	23	54	21.3	36.6	23.7	-999.9	0.0	2.1	96461.2	-999.9
Bobo-Dioulasso	2011	2	24	55	20.9	34.8	22.6	-999.9	0.0	1.4	96526.5	-999.9
Bobo-Dioulasso	2011	2	25	56	23.3	36.6	23.0	-999.9	0.0	1.9	96334.7	-999.9
Bobo-Dioulasso	2011	2	26	57	21.6	33.5	21.9	-999.9	0.0	1.8	96343.7	-999.9
Bobo-Dioulasso	2011	2	27	58	20.7	33.6	22.2	-999.9	0.0	2.1	96449.5	-999.9
Bobo-Dioulasso	2011	2	28	59	20.9	34.4	23.3	-999.9	0.0	2.3	96545.5	-999.9
Bobo-Dioulasso	2011	3	1	60	22.3	34.6	21.7	-999.9	0.0	1.7	96526.6	-999.9
Bobo-Dioulasso	2011	3	2	61	21.8	35.6	21.8	-999.9	0.0	2.1	96471.8	-999.9
Bobo-Dioulasso	2011	3	3	62	22.7	36.5	23.5	-999.9	0.0	1.5	96423.2	-999.9
Bobo-Dioulasso	2011	3	4	63	24.2	35.5	21.8	-999.9	0.0	1.7	96494.0	-999.9
Bobo-Dioulasso	2011	3	5	64	25.4	36.8	22.7	-999.9	0.0	1.6	96433.9	-999.9
Bobo-Dioulasso	2011	3	6	65	25.0	36.1	21.4	-999.9	3.0	1.5	96345.8	-999.9
Bobo-Dioulasso	2011	3	7	66	26.6	37.6	22.2	-999.9	0.0	2.2	96324.6	-999.9
Bobo-Dioulasso	2011	3	8	67	26.9	37.9	22.0	-999.9	0.0	2.0	96270.8	-999.9
Bobo-Dioulasso	2011	3	9	68	27.2	38.0	23.1	-999.9	0.0	2.4	96210.5	-999.9
Bobo-Dioulasso	2011	3	10	69	27.5	36.9	22.8	-999.9	1.0	2.5	96377.0	-999.9
Bobo-Dioulasso	2011	3	11	70	26.7	36.2	21.8	-999.9	0.0	1.8	96387.4	-999.9
Bobo-Dioulasso	2011	3	12	71	26.5	36.3	21.8	-999.9	0.0	1.4	96316.5	-999.9
Bobo-Dioulasso	2011	3	13	72	26.6	36.5	21.3	-999.9	0.0	2.1	96210.7	-999.9
Bobo-Dioulasso	2011	3	14	73	25.6	37.0	22.5	-999.9	5.4	2.2	96332.9	-999.9
Bobo-Dioulasso	2011	3	15	74	26.6	36.7	21.4	-999.9	5.4	1.9	96495.4	-999.9
Bobo-Dioulasso	2011	3	16	75	26.1	37.4	23.2	-999.9	0.0	1.9	96404.7	-999.9
Bobo-Dioulasso	2011	3	17	76	27.0	37.2	22.9	-999.9	0.0	2.2	96332.7	-999.9
Bobo-Dioulasso	2011	3	18	77	26.6	36.1	21.8	-999.9	0.0	2.2	96427.6	-999.9
Bobo-Dioulasso	2011	3	19	78	25.1	37.9	24.6	-999.9	0.0	2.3	96348.4	-999.9
Bobo-Dioulasso	2011	3	20	79	24.5	36.3	22.1	-999.9	0.0	2.1	96335.8	-999.9
Bobo-Dioulasso	2011	3	21	80	25.7	36.5	22.1	-999.9	0.0	2.1	96330.8	-999.9
Bobo-Dioulasso	2011	3	22	81	22.5	37.5	25.0	-999.9	0.0	2.1	96435.1	-999.9
Bobo-Dioulasso	2011	3	23	82	24.4	37.5	25.4	-999.9	0.0	1.9	96522.5	-999.9
Bobo-Dioulasso	2011	3	24	83	23.4	37.8	25.4	-999.9	0.0	2.0	96529.6	-999.9
Bobo-Dioulasso	2011	3	25	84	22.2	38.4	25.5	-999.9	0.0	1.9	96448.0	-999.9
Bobo-Dioulasso	2011	3	26	85	23.8	37.7	24.3	-999.9	0.0	2.2	96414.1	-999.9
Bobo-Dioulasso	2011	3	27	86	27.3	37.5	22.4	-999.9	1.9	2.3	96546.2	-999.9
Bobo-Dioulasso	2011	3	28	87	26.0	36.1	19.9	-999.9	0.0	1.9	96584.4	-999.9
Bobo-Dioulasso	2011	3	29	88	26.3	37.6	23.1	-999.9	0.0	2.3	96524.8	-999.9
Bobo-Dioulasso	2011	3	30	89	24.0	38.2	24.8	-999.9	1.9	2.3	96496.5	-999.9
Bobo-Dioulasso	2011	3	31	90	24.6	38.0	24.4	-999.9	0.0	2.2	96483.0	-999.9
Bobo-Dioulasso	2011	4	1	91	23.9	38.3	25.4	-999.9	0.0	2.2	96481.2	-999.9
Bobo-Dioulasso	2011	4	2	92	22.6	36.9	26.3	-999.9	0.0	1.5	96509.5	-999.9
Bobo-Dioulasso	2011	4	3	93	23.1	37.1	25.4	-999.9	0.0	2.1	96358.6	-999.9
Bobo-Dioulasso	2011	4	4	94	25.3	34.1	21.7	-999.9	0.0	2.9	96485.8	-999.9
Bobo-Dioulasso	2011	4	5	95	23.6	32.2	18.6	-999.9	3.0	2.4	96715.2	-999.9
Bobo-Dioulasso	2011	4	6	96	25.6	34.9	21.9	-999.9	3.3	1.8	96689.5	-999.9
Bobo-Dioulasso	2011	4	7	97	25.4	37.8	22.8	-999.9	0.0	2.5	96509.8	-999.9
Bobo-Dioulasso	2011	4	8	98	22.9	38.4	27.0	-999.9	0.0	2.3	96484.4	-999.9
Bobo-Dioulasso	2011	4	9	99	21.0	37.5	25.9	-999.9	0.0	2.0	96505.1	-999.9
Bobo-Dioulasso	2011	4	10	100	25.7	36.3	22.1	-999.9	1.1	2.6	96555.5	-999.9
Bobo-Dioulasso	2011	4	11	101	24.3	35.0	19.9	-999.9	0.0	1.9	96507.5	-999.9
Bobo-Dioulasso	2011	4	12	102	24.6	37.3	23.9	-999.9	0.0	1.8	96373.6	-999.9
Bobo-Dioulasso	2011	4	13	103	25.1	35.4	20.0	-999.9	0.0	2.5	96506.0	-999.9
Bobo-Dioulasso	2011	4	14	104	26.2	37.1	22.9	-999.9	0.0	1.6	96454.1	-999.9
Bobo-Dioulasso	2011	4	15	105	26.7	37.9	21.6	-999.9	0.0	1.9	96203.5	-999.9
Bobo-Dioulasso	2011	4	16	106	25.0	38.3	25.8	-999.9	0.0	2.1	96225.2	-999.9
Bobo-Dioulasso	2011	4	17	107	26.5	38.5	24.9	-999.9	0.0	2.1	96263.6	-999.9
Bobo-Dioulasso	2011	4	18	108	27.0	38.1	24.6	-999.9	0.0	2.7	96363.2	-999.9
Bobo-Dioulasso	2011	4	19	109	26.6	38.5	24.1	-999.9	0.0	2.5	96282.7	-999.9
Bobo-Dioulasso	2011	4	20	110	27.2	37.9	24.8	-999.9	7.4	2.5	96288.2	-999.9
Bobo-Dioulasso	2011	4	21	111	28.2	37.8	23.3	-999.9	0.0	2.1	96336.0	-999.9
Bobo-Dioulasso	2011	4	22	112	25.6	37.6	21.8	-999.9	3.9	2.6	96324.8	-999.9
Bobo-Dioulasso	2011	4	23	113	26.8	36.2	21.5	-999.9	11.6	2.6	96277.9	-999.9
Bobo-Dioulasso	2011	4	24	114	23.0	34.1	20.2	-999.9	7.7	2.2	96518.6	-999.9
Bobo-Dioulasso	2011	4	25	115	24.9	36.1	23.5	-999.9	0.0	1.7	96529.8	-999.9
Bobo-Dioulasso	2011	4	26	116	25.5	37.2	24.6	-999.9	0.0	2.1	96469.5	-999.9
Bobo-Dioulasso	2011	4	27	117	25.3	37.4	24.8	-999.9	0.0	2.3	96485.5	-999.9
Bobo-Dioulasso	2011	4	28	118	26.1	37.7	24.1	-999.9	0.0	2.5	96453.1	-999.9
Bobo-Dioulasso	2011	4	29	119	27.0	37.6	24.7	-999.9	5.1	3.2	96388.8	-999.9
Bobo-Dioulasso	2011	4	30	120	24.7	36.8	22.3	-999.9	5.1	2.8	96373.9	-999.9
Bobo-Dioulasso	2011	5	1	121	24.2	33.4	23.0	-999.9	3.6	1.8	96576.6	-999.9
Bobo-Dioulasso	2011	5	2	122	25.5	34.5	23.4	-999.9	0.0	2.0	96669.8	-999.9
Bobo-Dioulasso	2011	5	3	123	23.7	32.8	21.2	-999.9	2.4	2.1	96779.8	-999.9
Bobo-Dioulasso	2011	5	4	124	24.2	35.5	25.3	-999.9	0.0	1.8	96544.8	-999.9
Bobo-Dioulasso	2011	5	5	125	25.5	36.0	25.1	-999.9	0.0	2.1	96454.1	-999.9
Bobo-Dioulasso	2011	5	6	126	26.8	36.5	24.4	-999.9	1.8	2.2	96462.6	-999.9
Bobo-Dioulasso	2011	5	7	127	25.1	36.3	24.7	-999.9	3.6	2.3	96443.0	-999.9
Bobo-Dioulasso	2011	5	8	128	25.8	36.1	23.5	-999.9	5.3	2.4	96406.0	-999.9
Bobo-Dioulasso	2011	5	9	129	24.8	34.5	23.0	-999.9	0.0	2.6	96421.0	-999.9
Bobo-Dioulasso	2011	5	10	130	24.5	34.6	24.2	-999.9	0.0	2.5	96506.0	-999.9
Bobo-Dioulasso	2011	5	11	131	24.6	35.9	24.6	-999.9	0.0	2.3	96458.5	-999.9
Bobo-Dioulasso	2011	5	12	132	24.5	32.5	19.4	-999.9	7.5	1.9	96496.2	-999.9
Bobo-Dioulasso	2011	5	13	133	25.1	32.7	20.1	-999.9	3.8	1.4	96512.6	-999.9
Bobo-Dioulasso	2011	5	14	134	24.3	35.8	22.7	-999.9	7.5	2.0	96501.4	-999.9
Bobo-Dioulasso	2011	5	15	135	24.1	31.3	19.0	-999.9	7.5	1.8	96506.9	-999.9
Bobo-Dioulasso	2011	5	16	136	24.8	33.6	23.5	-999.9	0.0	1.6	96459.6	-999.9
Bobo-Dioulasso	2011	5	17	137	26.0	35.5	24.3	-999.9	2.3	2.0	96425.5	-999.9
Bobo-Dioulasso	2011	5	18	138	26.3	33.3	18.4	-999.9	2.3	2.3	96528.6	-999.9
Bobo-Dioulasso	2011	5	19	139	25.3	35.3	24.5	-999.9	0.0	2.2	96571.4	-999.9
Bobo-Dioulasso	2011	5	20	140	25.3	35.9	24.4	-999.9	2.3	2.3	96542.6	-999.9
Bobo-Dioulasso	2011	5	21	141	25.4	34.1	22.1	-999.9	5.1	2.3	96594.7	-999.9
Bobo-Dioulasso	2011	5	22	142	24.3	34.2	22.8	-999.9	0.0	2.8	96580.3	-999.9
Bobo-Dioulasso	2011	5	23	143	23.7	33.5	23.1	-999.9	5.1	2.7	96705.6	-999.9
Bobo-Dioulasso	2011	5	24	144	25.3	33.5	23.8	-999.9	0.0	2.0	96722.2	-999.9
Bobo-Dioulasso	2011	5	25	145	25.1	35.0	24.6	-999.9	2.5	2.5	96671.5	-999.9
Bobo-Dioulasso	2011	5	26	146	25.8	35.5	24.2	-999.9	0.0	2.6	96660.4	-999.9
Bobo-Dioulasso	2011	5	27	147	25.3	35.8	23.8	-999.9	0.0	2.9	96630.1	-999.9
Bobo-Dioulasso	2011	5	28	148	24.7	34.4	23.0	-999.9	8.6	2.6	96697.9	-999.9
Bobo-Dioulasso	2011	5	29	149	23.6	31.7	19.6	-999.9	0.0	2.0	96739.2	-999.9
Bobo-Dioulasso	2011	5	30	150	23.9	32.4	21.5	-999.9	0.0	2.1	96792.1	-999.9
Bobo-Dioulasso	2011	5	31	151	24.8	34.3	24.2	-999.9	0.0	1.8	96771.8	-999.9
Bobo-Dioulasso	2011	6	1	152	25.1	34.7	24.0	-999.9	4.5	1.8	96636.9	-999.9
Bobo-Dioulasso	2011	6	2	153	25.6	35.5	24.4	-999.9	0.0	2.1	96543.2	-999.9
Bobo-Dioulasso	2011	6	3	154	26.1	34.9	22.0	-999.9	13.6	2.1	96596.5	-999.9
Bobo-Dioulasso	2011	6	4	155	24.1	32.2	22.6	-999.9	4.5	2.1	96625.7	-999.9
Bobo-Dioulasso	2011	6	5	156	24.8	32.5	18.5	-999.9	9.1	2.3	96700.3	-999.9
Bobo-Dioulasso	2011	6	6	157	24.3	34.1	24.9	-999.9	0.0	2.0	96707.1	-999.9
Bobo-Dioulasso	2011	6	7	158	24.9	34.7	23.4	-999.9	0.0	1.8	96697.0	-999.9
Bobo-Dioulasso	2011	6	8	159	23.6	31.6	20.8	-999.9	7.8	2.3	96828.2	-999.9
Bobo-Dioulasso	2011	6	9	160	23.4	31.9	20.3	-999.9	0.0	2.3	96967.8	-999.9
Bobo-Dioulasso	2011	6	10	161	24.3	33.5	23.2	-999.9	0.0	2.7	96807.6	-999.9
Bobo-Dioulasso	2011	6	11	162	25.1	33.8	22.5	-999.9	31.4	3.3	96724.7	-999.9
Bobo-Dioulasso	2011	6	12	163	22.9	32.4	21.0	-999.9	0.0	2.8	96849.0	-999.9
Bobo-Dioulasso	2011	6	13	164	23.6	32.6	21.6	-999.9	0.0	2.3	96967.2	-999.9
Bobo-Dioulasso	2011	6	14	165	24.2	33.6	23.8	-999.9	0.0	1.7	96852.6	-999.9
Bobo-Dioulasso	2011	6	15	166	24.9	34.3	23.8	-999.9	0.0	1.8	96737.4	-999.9
Bobo-Dioulasso	2011	6	16	167	24.9	32.2	19.1	-999.9	20.0	2.3	96704.8	-999.9
Bobo-Dioulasso	2011	6	17	168	23.5	33.0	22.7	-999.9	0.0	2.4	96763.2	-999.9
Bobo-Dioulasso	2011	6	18	169	24.9	30.7	16.8	-999.9	0.0	2.5	96757.4	-999.9
Bobo-Dioulasso	2011	6	19	170	23.8	32.5	22.8	-999.9	5.0	1.8	96723.0	-999.9
Bobo-Dioulasso	2011	6	20	171	23.6	33.3	22.6	-999.9	10.0	1.9	96751.2	-999.9
Bobo-Dioulasso	2011	6	21	172	23.7	31.6	20.4	-999.9	0.0	2.0	96749.9	-999.9
Bobo-Dioulasso	2011	6	22	173	22.4	31.7	21.5	-999.9	0.0	2.4	96800.8	-999.9
Bobo-Dioulasso	2011	6	23	174	23.9	31.7	20.1	-999.9	11.6	2.0	96659.7	-999.9
Bobo-Dioulasso	2011	6	24	175	22.9	29.6	18.1	-999.9	0.0	2.3	96717.0	-999.9
Bobo-Dioulasso	2011	6	25	176	22.5	29.7	19.0	-999.9	0.0	1.7	96888.1	-999.9
Bobo-Dioulasso	2011	6	26	177	23.0	31.5	23.3	-999.9	0.0	1.4	96865.5	-999.9
Bobo-Dioulasso	2011	6	27	178	24.2	31.9	23.3	-999.9	4.9	2.1	96745.9	-999.9
Bobo-Dioulasso	2011	6	28	179	22.4	29.7	18.9	-999.9	0.0	2.4	96750.7	-999.9
Bobo-Dioulasso	2011	6	29	180	23.1	31.4	22.2	-999.9	0.0	2.1	96719.5	-999.9
Bobo-Dioulasso	2011	6	30	181	23.6	30.8	20.3	-999.9	14.8	1.8	96728.0	-999.9
Bobo-Dioulasso	2011	7	1	182	22.8	30.2	19.3	-999.9	8.3	2.1	96867.4	-999.9
Bobo-Dioulasso	2011	7	2	183	22.3	31.7	23.9	-999.9	0.0	1.6	96782.6	-999.9
Bobo-Dioulasso	2011	7	3	184	24.1	31.8	23.6	-999.9	16.7	2.3	96661.3	-999.9
Bobo-Dioulasso	2011	7	4	185	22.8	30.0	18.3	-999.9	0.0	2.5	96744.0	-999.9
Bobo-Dioulasso	2011	7	5	186	22.4	30.8	22.0	-999.9	0.0	1.9	97017.6	-999.9
Bobo-Dioulasso	2011	7	6	187	22.7	30.5	15.7	-999.9	13.7	1.6	96851.0	-999.9
Bobo-Dioulasso	2011	7	7	188	24.0	31.2	20.9	-999.9	0.0	2.1	96680.5	-999.9
Bobo-Dioulasso	2011	7	8	189	23.7	32.6	23.4	-999.9	0.0	2.4	96633.7	-999.9
Bobo-Dioulasso	2011	7	9	190	24.1	31.7	21.3	-999.9	13.7	2.3	96762.8	-999.9
Bobo-Dioulasso	2011	7	10	191	22.3	29.4	16.4	-999.9	0.0	1.9	96785.7	-999.9
Bobo-Dioulasso	2011	7	11	192	21.3	23.2	7.0	-999.9	7.9	1.7	96831.6	-999.9
Bobo-Dioulasso	2011	7	12	193	21.4	28.6	19.3	-999.9	0.0	1.7	96803.4	-999.9
Bobo-Dioulasso	2011	7	13	194	21.9	30.4	23.0	-999.9	7.9	1.8	96682.5	-999.9
Bobo-Dioulasso	2011	7	14	195	22.0	27.9	15.7	-999.9	3.9	2.1	96712.2	-999.9
Bobo-Dioulasso	2011	7	15	196	21.5	29.3	21.1	-999.9	3.9	1.8	96828.8	-999.9
Bobo-Dioulasso	2011	7	16	197	22.0	29.2	21.1	-999.9	9.0	1.2	96851.5	-999.9
Bobo-Dioulasso	2011	7	17	198	21.5	29.2	21.0	-999.9	0.0	2.0	96863.3	-999.9
Bobo-Dioulasso	2011	7	18	199	22.5	28.4	17.6	-999.9	26.9	1.6	96907.7	-999.9
Bobo-Dioulasso	2011	7	19	200	21.6	29.5	19.8	-999.9	0.0	1.8	96931.5	-999.9
Bobo-Dioulasso	2011	7	20	201	22.3	30.9	24.2	-999.9	9.0	1.7	96833.7	-999.9
Bobo-Dioulasso	2011	7	21	202	22.4	29.0	19.1	-999.9	0.0	2.3	96798.5	-999.9
Bobo-Dioulasso	2011	7	22	203	22.9	30.4	22.7	-999.9	7.9	2.8	96763.8	-999.9
Bobo-Dioulasso	2011	7	23	204	22.9	29.4	20.7	-999.9	0.0	2.5	96884.7	-999.9
Bobo-Dioulasso	2011	7	24	205	22.6	29.1	21.7	-999.9	0.0	2.3	96910.2	-999.9
Bobo-Dioulasso	2011	7	25	206	23.0	29.7	22.8	-999.9	0.0	2.2	96762.4	-999.9
Bobo-Dioulasso	2011	7	26	207	22.3	26.7	11.3	-999.9	17.9	2.4	96683.2	-999.9
Bobo-Dioulasso	2011	7	27	208	21.6	26.7	13.7	-999.9	0.0	2.2	96794.4	-999.9
Bobo-Dioulasso	2011	7	28	209	21.2	29.0	17.7	-999.9	0.0	1.6	96739.7	-999.9
Bobo-Dioulasso	2011	7	29	210	22.5	29.9	22.0	-999.9	8.9	1.9	96579.0	-999.9
Bobo-Dioulasso	2011	7	30	211	22.5	24.7	8.6	-999.9	8.9	1.9	96699.5	-999.9
Bobo-Dioulasso	2011	7	31	212	21.3	28.6	19.1	-999.9	0.0	1.9	96791.7	-999.9
Bobo-Dioulasso	2011	8	1	213	22.0	29.5	22.0	-999.9	15.3	1.5	96704.3	-999.9
Bobo-Dioulasso	2011	8	2	214	22.1	29.5	21.4	-999.9	0.0	1.7	96640.9	-999.9
Bobo-Dioulasso	2011	8	3	215	22.1	28.6	14.7	-999.9	0.0	1.9	96843.4	-999.9
Bobo-Dioulasso	2011	8	4	216	22.9	28.6	15.9	-999.9	0.0	2.1	96913.1	-999.9
Bobo-Dioulasso	2011	8	5	217	21.7	28.7	16.9	-999.9	0.0	2.4	96908.8	-999.9
Bobo-Dioulasso	2011	8	6	218	22.3	29.5	19.4	-999.9	21.9	1.9	96868.2	-999.9
Bobo-Dioulasso	2011	8	7	219	22.1	28.5	18.8	-999.9	0.0	2.0	96808.2	-999.9
Bobo-Dioulasso	2011	8	8	220	21.8	29.4	21.9	-999.9	21.9	1.4	96903.1	-999.9
Bobo-Dioulasso	2011	8	9	221	22.0	28.4	17.5	-999.9	0.0	1.6	96854.3	-999.9
Bobo-Dioulasso	2011	8	10	222	22.4	28.6	17.6	-999.9	0.0	2.2	96829.9	-999.9
Bobo-Dioulasso	2011	8	11	223	22.6	29.6	21.1	-999.9	0.0	2.1	96770.3	-999.9
Bobo-Dioulasso	2011	8	12	224	23.0	29.3	19.9	-999.9	7.3	2.0	96639.3	-999.9
Bobo-Dioulasso	2011	8	13	225	22.8	28.9	18.9	-999.9	0.0	2.4	96586.8	-999.9
Bobo-Dioulasso	2011	8	14	226	22.3	28.7	20.3	-999.9	2.4	1.9	96631.7	-999.9
Bobo-Dioulasso	2011	8	15	227	22.2	29.4	21.7	-999.9	2.4	1.6	96692.0	-999.9
Bobo-Dioulasso	2011	8	16	228	22.4	27.8	14.6	-999.9	21.5	1.2	96690.8	-999.9
Bobo-Dioulasso	2011	8	17	229	21.9	28.1	19.7	-999.9	0.0	2.5	96677.0	-999.9
Bobo-Dioulasso	2011	8	18	230	22.1	27.5	17.5	-999.9	10.8	2.3	96677.8	-999.9
Bobo-Dioulasso	2011	8	19	231	21.2	26.5	14.3	-999.9	10.8	2.1	96785.5	-999.9
Bobo-Dioulasso	2011	8	20	232	21.5	27.2	15.5	-999.9	10.8	1.7	96781.1	-999.9
Bobo-Dioulasso	2011	8	21	233	21.2	28.3	19.9	-999.9	0.0	2.2	96770.8	-999.9
Bobo-Dioulasso	2011	8	22	234	21.9	27.7	16.7	-999.9	0.0	1.2	96778.4	-999.9
Bobo-Dioulasso	2011	8	23	235	21.6	25.7	11.3	-999.9	6.9	1.7	96907.6	-999.9
Bobo-Dioulasso	2011	8	24	236	21.3	28.1	17.6	-999.9	13.8	1.5	97000.3	-999.9
Bobo-Dioulasso	2011	8	25	237	20.9	28.3	20.9	-999.9	6.9	1.6	97008.4	-999.9
Bobo-Dioulasso	2011	8	26	238	22.5	29.0	20.6	-999.9	11.9	1.5	96904.3	-999.9
Bobo-Dioulasso	2011	8	27	239	22.0	28.4	17.9	-999.9	0.0	2.0	96870.1	-999.9
Bobo-Dioulasso	2011	8	28	240	22.0	28.6	19.6	-999.9	0.0	1.7	96897.8	-999.9
Bobo-Dioulasso	2011	8	29	241	21.6	27.6	16.7	-999.9	5.9	1.8	96910.9	-999.9
Bobo-Dioulasso	2011	8	30	242	20.7	29.4	21.0	-999.9	5.9	1.2	96930.1	-999.9
Bobo-Dioulasso	2011	8	31	243	22.1	28.4	16.1	-999.9	5.9	1.9	96913.6	-999.9
Bobo-Dioulasso	2011	9	1	244	21.7	27.9	18.7	-999.9	0.0	1.7	97022.8	-999.9
Bobo-Dioulasso	2011	9	2	245	21.4	29.5	20.6	-999.9	0.0	1.6	96956.9	-999.9
Bobo-Dioulasso	2011	9	3	246	22.5	27.5	13.5	-999.9	0.0	1.9	96780.6	-999.9
Bobo-Dioulasso	2011	9	4	247	21.7	29.5	21.0	-999.9	0.0	1.8	96754.9	-999.9
Bobo-Dioulasso	2011	9	5	248	22.3	30.0	22.1	-999.9	0.0	1.7	96810.2	-999.9
Bobo-Dioulasso	2011	9	6	249	21.9	29.6	22.4	-999.9	6.0	1.4	96869.6	-999.9
Bobo-Dioulasso	2011	9	7	250	22.4	29.5	22.0	-999.9	11.9	1.5	96908.9	-999.9
Bobo-Dioulasso	2011	9	8	251	22.5	30.1	23.3	-999.9	6.0	2.0	96777.2	-999.9
Bobo-Dioulasso	2011	9	9	252	22.8	29.2	20.4	-999.9	6.0	2.0	96647.5	-999.9
Bobo-Dioulasso	2011	9	10	253	22.5	28.5	19.1	-999.9	11.9	1.4	96745.5	-999.9
Bobo-Dioulasso	2011	9	11	254	22.0	28.6	14.1	-999.9	0.0	1.3	96898.1	-999.9
Bobo-Dioulasso	2011	9	12	255	22.5	30.4	23.3	-999.9	0.0	1.8	96816.5	-999.9
Bobo-Dioulasso	2011	9	13	256	23.4	31.0	23.4	-999.9	0.0	1.9	96713.1	-999.9
Bobo-Dioulasso	2011	9	14	257	21.8	29.9	21.2	-999.9	0.0	2.5	96767.5	-999.9
Bobo-Dioulasso	2011	9	15	258	22.1	29.9	21.4	-999.9	0.0	1.7	96864.6	-999.9
Bobo-Dioulasso	2011	9	16	259	21.7	29.6	19.2	-999.9	21.5	1.8	96796.9	-999.9
Bobo-Dioulasso	2011	9	17	260	22.3	26.5	10.8	-999.9	14.3	1.7	96703.0	-999.9
Bobo-Dioulasso	2011	9	18	261	21.2	28.0	16.5	-999.9	0.0	2.3	96749.6	-999.9
Bobo-Dioulasso	2011	9	19	262	21.1	28.7	19.7	-999.9	0.0	1.6	96882.9	-999.9
Bobo-Dioulasso	2011	9	20	263	21.2	30.3	23.5	-999.9	14.3	1.2	96866.6	-999.9
Bobo-Dioulasso	2011	9	21	264	22.5	29.9	21.1	-999.9	5.3	1.7	96848.7	-999.9
Bobo-Dioulasso	2011	9	22	265	22.2	28.7	18.6	-999.9	5.3	2.0	96938.4	-999.9
Bobo-Dioulasso	2011	9	23	266	21.7	28.6	16.8	-999.9	0.0	1.6	96912.6	-999.9
Bobo-Dioulasso	2011	9	24	267	22.1	30.7	23.4	-999.9	0.0	1.4	96800.8	-999.9
Bobo-Dioulasso	2011	9	25	268	23.1	29.7	19.8	-999.9	0.0	1.9	96873.6	-999.9
Bobo-Dioulasso	2011	9	26	269	22.5	30.9	23.2	-999.9	0.0	1.5	96918.7	-999.9
Bobo-Dioulasso	2011	9	27	270	23.0	30.2	22.2	-999.9	15.6	1.6	96844.8	-999.9
Bobo-Dioulasso	2011	9	28	271	21.4	30.2	21.4	-999.9	0.0	1.9	96738.8	-999.9
Bobo-Dioulasso	2011	9	29	272	21.7	28.6	18.7	-999.9	15.6	1.7	96845.6	-999.9
Bobo-Dioulasso	2011	9	30	273	22.2	28.9	19.7	-999.9	15.6	1.9	96890.2	-999.9
Bobo-Dioulasso	2011	10	1	274	22.2	29.8	19.6	-999.9	6.3	1.5	96843.9	-999.9
Bobo-Dioulasso	2011	10	2	275	22.3	30.9	22.9	-999.9	0.0	1.7	96816.2	-999.9
Bobo-Dioulasso	2011	10	3	276	22.3	32.1	23.6	-999.9	6.3	1.6	96805.7	-999.9
Bobo-Dioulasso	2011	10	4	277	23.4	31.9	21.7	-999.9	18.9	1.5	96751.4	-999.9
Bobo-Dioulasso	2011	10	5	278	23.3	32.9	22.7	-999.9	0.0	1.6	96670.2	-999.9
Bobo-Dioulasso	2011	10	6	279	23.6	31.8	22.3	-999.9	0.0	1.5	96677.6	-999.9
Bobo-Dioulasso	2011	10	7	280	23.7	31.3	20.8	-999.9	4.8	1.7	96700.2	-999.9
Bobo-Dioulasso	2011	10	8	281	23.6	30.2	19.7	-999.9	4.8	1.2	96626.6	-999.9
Bobo-Dioulasso	2011	10	9	282	22.9	31.8	21.8	-999.9	4.8	1.8	96600.3	-999.9
Bobo-Dioulasso	2011	10	10	283	22.8	28.8	15.6	-999.9	4.8	1.7	96690.9	-999.9
Bobo-Dioulasso	2011	10	11	284	22.6	31.3	21.9	-999.9	0.0	1.7	96661.6	-999.9
Bobo-Dioulasso	2011	10	12	285	23.4	31.8	22.3	-999.9	2.3	1.7	96536.0	-999.9
Bobo-Dioulasso	2011	10	13	286	23.3	31.9	20.7	-999.9	4.6	1.9	96500.9	-999.9
Bobo-Dioulasso	2011	10	14	287	23.4	30.9	19.1	-999.9	6.8	1.8	96520.7	-999.9
Bobo-Dioulasso	2011	10	15	288	22.7	30.1	17.7	-999.9	9.1	1.5	96649.8	-999.9
Bobo-Dioulasso	2011	10	16	289	22.0	31.9	22.0	-999.9	0.0	1.6	96645.7	-999.9
Bobo-Dioulasso	2011	10	17	290	23.5	32.2	21.6	-999.9	0.0	1.5	96557.3	-999.9
Bobo-Dioulasso	2011	10	18	291	23.4	32.6	21.2	-999.9	0.0	1.6	96448.6	-999.9
Bobo-Dioulasso	2011	10	19	292	23.0	32.4	21.8	-999.9	0.0	1.5	96581.1	-999.9
Bobo-Dioulasso	2011	10	20	293	23.9	33.0	20.9	-999.9	0.0	1.4	96491.5	-999.9
Bobo-Dioulasso	2011	10	21	294	23.4	32.1	20.8	-999.9	3.8	1.8	96474.9	-999.9
Bobo-Dioulasso	2011	10	22	295	21.9	32.0	20.9	-999.9	7.7	1.5	96546.3	-999.9
Bobo-Dioulasso	2011	10	23	296	21.9	30.5	19.5	-999.9	3.8	1.8	96704.1	-999.9
Bobo-Dioulasso	2011	10	24	297	22.8	32.1	20.7	-999.9	0.0	1.4	96636.9	-999.9
Bobo-Dioulasso	2011	10	25	298	22.8	31.2	19.4	-999.9	7.7	1.9	96552.1	-999.9
Bobo-Dioulasso	2011	10	26	299	22.7	31.2	19.6	-999.9	4.1	1.8	96713.0	-999.9
Bobo-Dioulasso	2011	10	27	300	22.9	32.9	20.6	-999.9	8.3	1.4	96643.0	-999.9
Bobo-Dioulasso	2011	10	28	301	22.1	32.6	20.9	-999.9	0.0	1.8	96613.1	-999.9
Bobo-Dioulasso	2011	10	29	302	22.6	32.9	20.6	-999.9	0.0	1.8	96620.3	-999.9
Bobo-Dioulasso	2011	10	30	303	22.7	33.7	20.8	-999.9	0.0	1.9	96556.9	-999.9
Bobo-Dioulasso	2011	10	31	304	21.7	34.2	21.2	-999.9	0.0	1.8	96560.4	-999.9
Bobo-Dioulasso	2011	11	1	305	22.0	34.2	21.5	-999.9	0.0	1.9	96631.9	-999.9
Bobo-Dioulasso	2011	11	2	306	22.8	34.4	20.7	-999.9	0.0	1.9	96727.0	-999.9
Bobo-Dioulasso	2011	11	3	307	21.9	33.9	21.0	-999.9	0.0	1.5	96688.6	-999.9
Bobo-Dioulasso	2011	11	4	308	22.2	33.7	21.4	-999.9	0.0	1.6	96650.1	-999.9
Bobo-Dioulasso	2011	11	5	309	22.1	32.8	20.6	-999.9	0.0	1.6	96709.9	-999.9
Bobo-Dioulasso	2011	11	6	310	23.1	32.0	17.9	-999.9	0.0	1.4	96688.1	-999.9
Bobo-Dioulasso	2011	11	7	311	24.5	33.3	18.9	-999.9	0.0	1.7	96685.0	-999.9
Bobo-Dioulasso	2011	11	8	312	23.7	33.9	20.1	-999.9	0.0	1.8	96683.4	-999.9
Bobo-Dioulasso	2011	11	9	313	22.4	34.1	21.2	-999.9	0.0	1.8	96591.2	-999.9
Bobo-Dioulasso	2011	11	10	314	22.1	34.2	21.8	-999.9	0.0	1.7	96453.7	-999.9
Bobo-Dioulasso	2011	11	11	315	21.6	33.8	21.3	-999.9	0.0	1.8	96440.8	-999.9
Bobo-Dioulasso	2011	11	12	316	22.5	33.5	20.6	-999.9	0.0	2.0	96575.5	-999.9
Bobo-Dioulasso	2011	11	13	317	22.5	34.7	21.8	-999.9	0.0	1.8	96653.7	-999.9
Bobo-Dioulasso	2011	11	14	318	19.9	33.9	21.8	-999.9	0.0	1.7	96643.5	-999.9
Bobo-Dioulasso	2011	11	15	319	19.3	34.1	22.1	-999.9	0.0	1.9	96513.7	-999.9
Bobo-Dioulasso	2011	11	16	320	19.3	33.5	21.6	-999.9	0.0	1.8	96559.2	-999.9
Bobo-Dioulasso	2011	11	17	321	18.8	33.5	22.0	-999.9	0.0	2.0	96616.5	-999.9
Bobo-Dioulasso	2011	11	18	322	18.0	33.6	21.4	-999.9	0.0	1.9	96596.8	-999.9
Bobo-Dioulasso	2011	11	19	323	21.2	33.4	20.9	-999.9	0.0	1.7	96606.8	-999.9
Bobo-Dioulasso	2011	11	20	324	21.7	34.5	20.5	-999.9	0.0	1.8	96559.5	-999.9
Bobo-Dioulasso	2011	11	21	325	22.9	34.3	19.6	-999.9	0.0	1.7	96646.9	-999.9
Bobo-Dioulasso	2011	11	22	326	22.6	34.2	20.3	-999.9	0.0	1.4	96690.0	-999.9
Bobo-Dioulasso	2011	11	23	327	21.1	33.2	20.5	-999.9	0.0	1.2	96655.4	-999.9
Bobo-Dioulasso	2011	11	24	328	21.0	33.3	20.7	-999.9	0.0	1.7	96685.2	-999.9
Bobo-Dioulasso	2011	11	25	329	21.3	33.2	20.7	-999.9	0.0	1.9	96646.6	-999.9
Bobo-Dioulasso	2011	11	26	330	20.0	32.9	21.0	-999.9	0.0	1.6	96570.0	-999.9
Bobo-Dioulasso	2011	11	27	331	20.0	32.8	20.9	-999.9	0.0	1.6	96597.7	-999.9
Bobo-Dioulasso	2011	11	28	332	20.8	33.2	21.0	-999.9	0.0	1.6	96653.9	-999.9
Bobo-Dioulasso	2011	11	29	333	20.2	33.4	21.2	-999.9	0.0	2.3	96699.7	-999.9
Bobo-Dioulasso	2011	11	30	334	18.6	32.9	21.5	-999.9	0.0	2.3	96723.5	-999.9
Bobo-Dioulasso	2011	12	1	335	18.0	32.4	21.6	-999.9	0.0	2.3	96751.8	-999.9
Bobo-Dioulasso	2011	12	2	336	17.5	32.8	21.4	-999.9	0.0	2.4	96782.8	-999.9
Bobo-Dioulasso	2011	12	3	337	17.4	32.9	21.4	-999.9	0.0	2.4	96757.5	-999.9
Bobo-Dioulasso	2011	12	4	338	16.3	33.0	21.5	-999.9	0.0	2.0	96602.2	-999.9
Bobo-Dioulasso	2011	12	5	339	18.5	33.1	21.1	-999.9	0.0	1.9	96610.2	-999.9
Bobo-Dioulasso	2011	12	6	340	18.0	33.0	21.0	-999.9	0.0	2.3	96695.0	-999.9
Bobo-Dioulasso	2011	12	7	341	19.5	33.1	20.9	-999.9	0.0	2.4	96754.8	-999.9
Bobo-Dioulasso	2011	12	8	342	19.8	33.7	20.8	-999.9	0.0	2.6	96685.1	-999.9
Bobo-Dioulasso	2011	12	9	343	19.4	32.6	21.0	-999.9	0.0	2.5	96651.7	-999.9
Bobo-Dioulasso	2011	12	10	344	18.5	32.3	21.0	-999.9	0.0	2.1	96669.1	-999.9
Bobo-Dioulasso	2011	12	11	345	18.0	32.1	21.0	-999.9	0.0	2.2	96752.5	-999.9
Bobo-Dioulasso	2011	12	12	346	17.6	31.8	21.0	-999.9	0.0	2.4	96847.8	-999.9
Bobo-Dioulasso	2011	12	13	347	17.8	31.3	21.0	-999.9	0.0	2.5	96872.2	-999.9
Bobo-Dioulasso	2011	12	14	348	16.9	31.2	20.9	-999.9	0.0	2.1	96813.8	-999.9
Bobo-Dioulasso	2011	12	15	349	16.6	31.6	20.9	-999.9	0.0	2.2	96865.3	-999.9
Bobo-Dioulasso	2011	12	16	350	17.6	31.7	20.8	-999.9	0.0	2.5	96872.7	-999.9
Bobo-Dioulasso	2011	12	17	351	17.4	31.9	20.5	-999.9	0.0	2.0	96839.1	-999.9
Bobo-Dioulasso	2011	12	18	352	16.8	32.0	20.8	-999.9	0.0	1.9	96743.0	-999.9
Bobo-Dioulasso	2011	12	19	353	16.3	32.4	20.7	-999.9	0.0	1.7	96741.1	-999.9
Bobo-Dioulasso	2011	12	20	354	17.2	32.9	20.6	-999.9	0.0	1.9	96767.8	-999.9
Bobo-Dioulasso	2011	12	21	355	18.8	32.5	20.1	-999.9	0.0	2.6	96826.2	-999.9
Bobo-Dioulasso	2011	12	22	356	19.1	32.0	20.4	-999.9	0.0	2.6	96919.1	-999.9
Bobo-Dioulasso	2011	12	23	357	18.5	32.3	20.5	-999.9	0.0	2.5	96864.9	-999.9
Bobo-Dioulasso	2011	12	24	358	18.6	32.0	20.5	-999.9	0.0	2.5	96818.4	-999.9
Bobo-Dioulasso	2011	12	25	359	18.2	32.3	20.4	-999.9	0.0	2.2	96799.2	-999.9
Bobo-Dioulasso	2011	12	26	360	18.2	33.4	20.5	-999.9	0.0	2.1	96827.0	-999.9
Bobo-Dioulasso	2011	12	27	361	18.8	33.6	20.4	-999.9	0.0	2.3	96900.6	-999.9
Bobo-Dioulasso	2011	12	28	362	19.7	32.5	20.5	-999.9	0.0	2.7	96920.1	-999.9
Bobo-Dioulasso	2011	12	29	363	19.2	30.0	18.3	-999.9	0.0	2.7	97038.0	-999.9
Bobo-Dioulasso	2011	12	30	364	17.3	29.8	20.6	-999.9	0.0	2.7	97050.0	-999.9
Bobo-Dioulasso	2011	12	31	365	16.3	30.0	20.7	-999.9	0.0	2.4	97032.5	-999.9
