Bobo-Dioulasso	1998	1	1	1	19.9	32.2	18.1	-999.9	0.0	2.4	96751.4	-999.9
Bobo-Dioulasso	1998	1	2	2	21.5	31.5	20.0	-999.9	0.0	3.2	96857.1	-999.9
Bobo-Dioulasso	1998	1	3	3	20.3	32.5	20.6	-999.9	0.7	3.1	96917.3	-999.9
Bobo-Dioulasso	1998	1	4	4	20.3	32.9	20.4	-999.9	0.0	2.4	96829.0	-999.9
Bobo-Dioulasso	1998	1	5	5	19.7	33.2	20.9	-999.9	0.0	2.6	96785.7	-999.9
Bobo-Dioulasso	1998	1	6	6	18.9	32.0	21.0	-999.9	0.0	2.7	96706.2	-999.9
Bobo-Dioulasso	1998	1	7	7	17.3	30.1	21.6	-999.9	0.0	2.5	96705.4	-999.9
Bobo-Dioulasso	1998	1	8	8	16.3	30.4	21.4	-999.9	0.0	1.9	96811.0	-999.9
Bobo-Dioulasso	1998	1	9	9	17.3	32.8	20.8	-999.9	0.0	1.9	96841.6	-999.9
Bobo-Dioulasso	1998	1	10	10	19.8	33.5	20.8	-999.9	0.0	2.1	96755.7	-999.9
Bobo-Dioulasso	1998	1	11	11	19.8	33.5	21.1	-999.9	0.0	2.4	96755.2	-999.9
Bobo-Dioulasso	1998	1	12	12	18.7	32.6	21.2	-999.9	0.0	2.2	96903.0	-999.9
Bobo-Dioulasso	1998	1	13	13	18.1	32.0	21.2	-999.9	0.0	2.0	96913.6	-999.9
Bobo-Dioulasso	1998	1	14	14	17.8	32.3	21.4	-999.9	0.0	2.3	96852.5	-999.9
Bobo-Dioulasso	1998	1	15	15	17.9	31.4	21.7	-999.9	0.0	2.7	96890.0	-999.9
Bobo-Dioulasso	1998	1	16	16	17.1	30.8	22.0	-999.9	0.0	2.7	96882.6	-999.9
Bobo-Dioulasso	1998	1	17	17	16.2	31.1	22.1	-999.9	0.0	2.5	96804.7	-999.9
Bobo-Dioulasso	1998	1	18	18	16.1	31.6	22.0	-999.9	0.0	2.6	96826.2	-999.9
Bobo-Dioulasso	1998	1	19	19	16.6	31.4	22.0	-999.9	0.0	2.6	96954.4	-999.9
Bobo-Dioulasso	1998	1	20	20	16.5	31.0	22.1	-999.9	0.0	2.5	96896.0	-999.9
Bobo-Dioulasso	1998	1	21	21	16.5	31.4	22.2	-999.9	0.0	2.3	96759.1	-999.9
Bobo-Dioulasso	1998	1	22	22	16.3	32.5	22.0	-999.9	0.0	2.0	96721.4	-999.9
Bobo-Dioulasso	1998	1	23	23	17.2	34.2	21.9	-999.9	0.0	1.9	96687.0	-999.9
Bobo-Dioulasso	1998	1	24	24	17.9	35.3	21.9	-999.9	0.0	1.5	96592.7	-999.9
Bobo-Dioulasso	1998	1	25	25	17.9	35.9	22.0	-999.9	0.0	1.7	96484.4	-999.9
Bobo-Dioulasso	1998	1	26	26	19.3	36.1	22.0	-999.9	0.0	1.8	96490.6	-999.9
Bobo-Dioulasso	1998	1	27	27	20.0	35.9	21.2	-999.9	0.0	1.8	96558.5	-999.9
Bobo-Dioulasso	1998	1	28	28	20.0	36.6	20.7	-999.9	0.0	1.3	96589.2	-999.9
Bobo-Dioulasso	1998	1	29	29	23.2	37.4	21.6	-999.9	0.0	2.0	96680.2	-999.9
Bobo-Dioulasso	1998	1	30	30	19.9	36.1	21.2	-999.9	0.0	1.3	96802.5	-999.9
Bobo-Dioulasso	1998	1	31	31	20.9	37.0	21.4	-999.9	0.0	1.6	96809.4	-999.9
Bobo-Dioulasso	1998	2	1	32	21.8	37.3	21.7	-999.9	0.0	1.8	96804.1	-999.9
Bobo-Dioulasso	1998	2	2	33	22.1	37.7	21.5	-999.9	0.0	1.7	96738.6	-999.9
Bobo-Dioulasso	1998	2	3	34	23.6	38.5	21.2	-999.9	0.0	2.0	96636.0	-999.9
Bobo-Dioulasso	1998	2	4	35	23.1	39.3	22.3	-999.9	0.0	2.2	96577.9	-999.9
Bobo-Dioulasso	1998	2	5	36	24.0	39.3	22.6	-999.9	0.0	2.5	96548.3	-999.9
Bobo-Dioulasso	1998	2	6	37	22.3	39.1	22.6	-999.9	0.0	2.4	96626.1	-999.9
Bobo-Dioulasso	1998	2	7	38	23.3	38.7	22.1	-999.9	0.0	2.3	96694.8	-999.9
Bobo-Dioulasso	1998	2	8	39	23.4	38.4	21.7	-999.9	0.0	2.1	96618.8	-999.9
Bobo-Dioulasso	1998	2	9	40	22.6	37.2	21.8	-999.9	0.0	1.7	96608.4	-999.9
Bobo-Dioulasso	1998	2	10	41	22.7	37.2	22.5	-999.9	0.0	1.5	96608.9	-999.9
Bobo-Dioulasso	1998	2	11	42	21.9	37.0	21.7	-999.9	0.0	1.6	96629.4	-999.9
Bobo-Dioulasso	1998	2	12	43	25.5	34.5	17.2	-999.9	0.0	2.0	96890.5	-999.9
Bobo-Dioulasso	1998	2	13	44	23.6	36.2	22.4	-999.9	0.0	2.7	97026.1	-999.9
Bobo-Dioulasso	1998	2	14	45	23.1	35.2	22.9	-999.9	0.0	3.4	97167.8	-999.9
Bobo-Dioulasso	1998	2	15	46	20.6	33.7	23.2	-999.9	0.0	2.7	97138.2	-999.9
Bobo-Dioulasso	1998	2	16	47	19.7	33.7	23.3	-999.9	0.0	2.3	97030.9	-999.9
Bobo-Dioulasso	1998	2	17	48	20.9	34.6	23.3	-999.9	0.0	2.6	97043.8	-999.9
Bobo-Dioulasso	1998	2	18	49	21.1	35.1	23.5	-999.9	0.0	2.7	96973.8	-999.9
Bobo-Dioulasso	1998	2	19	50	20.8	35.0	23.7	-999.9	0.0	2.4	96841.8	-999.9
Bobo-Dioulasso	1998	2	20	51	20.2	35.4	24.0	-999.9	0.0	2.3	96741.5	-999.9
Bobo-Dioulasso	1998	2	21	52	20.6	36.1	23.9	-999.9	0.0	2.8	96759.3	-999.9
Bobo-Dioulasso	1998	2	22	53	22.0	34.6	24.1	-999.9	0.0	3.1	96878.0	-999.9
Bobo-Dioulasso	1998	2	23	54	20.0	33.7	24.3	-999.9	0.0	2.5	96837.0	-999.9
Bobo-Dioulasso	1998	2	24	55	19.6	34.6	24.3	-999.9	0.0	2.0	96713.9	-999.9
Bobo-Dioulasso	1998	2	25	56	20.3	35.4	24.3	-999.9	0.0	1.9	96709.2	-999.9
Bobo-Dioulasso	1998	2	26	57	20.6	36.1	24.4	-999.9	0.0	2.3	96754.7	-999.9
Bobo-Dioulasso	1998	2	27	58	21.6	36.5	24.4	-999.9	0.0	2.4	96719.3	-999.9
Bobo-Dioulasso	1998	2	28	59	21.9	36.8	24.6	-999.9	0.0	2.4	96673.1	-999.9
Bobo-Dioulasso	1998	3	1	60	22.2	37.2	24.6	-999.9	0.0	2.6	96639.9	-999.9
Bobo-Dioulasso	1998	3	2	61	21.9	36.9	24.6	-999.9	0.0	2.7	96686.5	-999.9
Bobo-Dioulasso	1998	3	3	62	21.8	36.3	25.0	-999.9	0.0	3.0	96727.2	-999.9
Bobo-Dioulasso	1998	3	4	63	21.5	35.4	25.1	-999.9	0.0	3.0	96757.4	-999.9
Bobo-Dioulasso	1998	3	5	64	21.2	35.0	25.0	-999.9	0.0	2.7	96743.1	-999.9
Bobo-Dioulasso	1998	3	6	65	21.8	35.0	24.7	-999.9	0.0	2.7	96765.8	-999.9
Bobo-Dioulasso	1998	3	7	66	21.4	35.5	24.8	-999.9	0.0	2.5	96713.8	-999.9
Bobo-Dioulasso	1998	3	8	67	21.8	35.8	24.8	-999.9	0.0	2.5	96651.7	-999.9
Bobo-Dioulasso	1998	3	9	68	21.9	35.5	22.5	-999.9	0.0	2.2	96540.6	-999.9
Bobo-Dioulasso	1998	3	10	69	21.7	36.7	25.2	-999.9	0.0	2.0	96473.3	-999.9
Bobo-Dioulasso	1998	3	11	70	21.7	37.1	25.2	-999.9	0.0	1.8	96509.2	-999.9
Bobo-Dioulasso	1998	3	12	71	21.2	36.9	24.5	-999.9	0.0	1.4	96524.3	-999.9
Bobo-Dioulasso	1998	3	13	72	23.8	37.7	25.1	-999.9	0.0	1.9	96456.4	-999.9
Bobo-Dioulasso	1998	3	14	73	23.6	37.3	24.1	-999.9	0.0	1.6	96557.7	-999.9
Bobo-Dioulasso	1998	3	15	74	24.7	36.5	23.6	-999.9	0.0	2.6	96619.5	-999.9
Bobo-Dioulasso	1998	3	16	75	23.1	35.2	25.2	-999.9	0.0	2.5	96601.2	-999.9
Bobo-Dioulasso	1998	3	17	76	21.6	35.3	25.1	-999.9	0.0	2.4	96636.2	-999.9
Bobo-Dioulasso	1998	3	18	77	22.4	36.9	25.0	-999.9	0.0	2.0	96621.6	-999.9
Bobo-Dioulasso	1998	3	19	78	24.4	38.2	25.4	-999.9	0.0	2.3	96650.3	-999.9
Bobo-Dioulasso	1998	3	20	79	23.7	37.8	25.7	-999.9	0.0	2.3	96629.2	-999.9
Bobo-Dioulasso	1998	3	21	80	22.9	38.4	25.8	-999.9	0.0	2.2	96499.4	-999.9
Bobo-Dioulasso	1998	3	22	81	23.5	38.5	25.9	-999.9	0.0	2.6	96433.7	-999.9
Bobo-Dioulasso	1998	3	23	82	23.6	39.0	25.9	-999.9	0.0	2.5	96466.6	-999.9
Bobo-Dioulasso	1998	3	24	83	25.2	39.7	25.6	-999.9	0.0	2.7	96442.9	-999.9
Bobo-Dioulasso	1998	3	25	84	24.1	38.3	26.3	-999.9	0.0	2.1	96467.1	-999.9
Bobo-Dioulasso	1998	3	26	85	22.3	38.1	26.2	-999.9	0.0	2.2	96474.9	-999.9
Bobo-Dioulasso	1998	3	27	86	22.5	38.6	26.6	-999.9	0.0	1.9	96474.4	-999.9
Bobo-Dioulasso	1998	3	28	87	22.0	38.7	25.8	-999.9	0.0	1.8	96429.4	-999.9
Bobo-Dioulasso	1998	3	29	88	22.4	39.2	26.1	-999.9	0.0	2.3	96351.9	-999.9
Bobo-Dioulasso	1998	3	30	89	25.7	37.8	22.7	-999.9	0.0	2.2	96446.2	-999.9
Bobo-Dioulasso	1998	3	31	90	28.0	37.6	21.7	-999.9	0.0	2.2	96538.6	-999.9
Bobo-Dioulasso	1998	4	1	91	26.2	39.8	24.6	-999.9	5.0	2.0	96537.3	-999.9
Bobo-Dioulasso	1998	4	2	92	23.5	39.7	25.9	-999.9	0.0	1.8	96507.1	-999.9
Bobo-Dioulasso	1998	4	3	93	23.9	38.9	24.5	-999.9	0.0	2.0	96457.8	-999.9
Bobo-Dioulasso	1998	4	4	94	28.3	38.1	21.8	-999.9	0.0	2.6	96473.2	-999.9
Bobo-Dioulasso	1998	4	5	95	27.3	37.4	18.5	-999.9	0.0	2.7	96557.8	-999.9
Bobo-Dioulasso	1998	4	6	96	27.9	38.5	19.8	-999.9	0.0	2.0	96547.3	-999.9
Bobo-Dioulasso	1998	4	7	97	28.2	40.0	24.9	-999.9	2.1	2.7	96525.8	-999.9
Bobo-Dioulasso	1998	4	8	98	28.5	37.8	22.9	-999.9	0.0	2.3	96505.9	-999.9
Bobo-Dioulasso	1998	4	9	99	28.1	38.0	21.9	-999.9	0.0	2.2	96361.6	-999.9
Bobo-Dioulasso	1998	4	10	100	26.5	37.7	22.2	-999.9	10.3	2.4	96341.3	-999.9
Bobo-Dioulasso	1998	4	11	101	27.8	35.1	20.3	-999.9	0.0	1.7	96403.1	-999.9
Bobo-Dioulasso	1998	4	12	102	26.1	38.3	22.0	-999.9	2.4	2.0	96400.6	-999.9
Bobo-Dioulasso	1998	4	13	103	26.8	39.6	23.9	-999.9	0.0	2.2	96357.1	-999.9
Bobo-Dioulasso	1998	4	14	104	27.1	38.7	22.5	-999.9	2.4	2.4	96343.3	-999.9
Bobo-Dioulasso	1998	4	15	105	27.5	36.7	21.7	-999.9	0.0	2.3	96454.7	-999.9
Bobo-Dioulasso	1998	4	16	106	26.8	38.5	24.2	-999.9	7.6	2.7	96552.1	-999.9
Bobo-Dioulasso	1998	4	17	107	27.3	38.4	22.9	-999.9	0.0	2.3	96453.2	-999.9
Bobo-Dioulasso	1998	4	18	108	28.6	38.9	23.9	-999.9	0.0	3.2	96309.0	-999.9
Bobo-Dioulasso	1998	4	19	109	26.7	37.9	22.8	-999.9	4.4	3.1	96383.8	-999.9
Bobo-Dioulasso	1998	4	20	110	25.8	35.5	21.9	-999.9	3.8	2.6	96528.1	-999.9
Bobo-Dioulasso	1998	4	21	111	27.3	34.8	23.0	-999.9	4.7	1.7	96554.4	-999.9
Bobo-Dioulasso	1998	4	22	112	24.4	31.7	19.3	-999.9	14.2	1.9	96667.7	-999.9
Bobo-Dioulasso	1998	4	23	113	25.5	33.7	19.3	-999.9	0.0	1.2	96555.6	-999.9
Bobo-Dioulasso	1998	4	24	114	25.2	34.4	22.5	-999.9	9.5	2.0	96540.1	-999.9
Bobo-Dioulasso	1998	4	25	115	26.0	35.3	24.0	-999.9	0.0	2.1	96510.7	-999.9
Bobo-Dioulasso	1998	4	26	116	26.1	36.7	24.4	-999.9	6.7	1.8	96390.7	-999.9
Bobo-Dioulasso	1998	4	27	117	26.1	36.5	23.9	-999.9	0.0	2.5	96258.2	-999.9
Bobo-Dioulasso	1998	4	28	118	27.0	37.0	24.3	-999.9	0.0	2.8	96290.2	-999.9
Bobo-Dioulasso	1998	4	29	119	25.6	37.1	22.8	-999.9	0.0	2.4	96341.9	-999.9
Bobo-Dioulasso	1998	4	30	120	24.8	31.6	14.6	-999.9	15.4	2.3	96546.4	-999.9
Bobo-Dioulasso	1998	5	1	121	24.6	33.5	23.1	-999.9	0.0	2.5	96464.2	-999.9
Bobo-Dioulasso	1998	5	2	122	25.7	34.8	24.0	-999.9	0.0	2.2	96458.6	-999.9
Bobo-Dioulasso	1998	5	3	123	26.2	34.3	23.0	-999.9	0.0	2.1	96522.8	-999.9
Bobo-Dioulasso	1998	5	4	124	25.9	34.9	23.4	-999.9	0.0	2.1	96575.9	-999.9
Bobo-Dioulasso	1998	5	5	125	24.2	32.2	19.7	-999.9	13.5	1.5	96615.1	-999.9
Bobo-Dioulasso	1998	5	6	126	24.0	33.0	21.4	-999.9	7.8	1.6	96539.6	-999.9
Bobo-Dioulasso	1998	5	7	127	24.9	34.7	21.8	-999.9	26.8	2.1	96504.5	-999.9
Bobo-Dioulasso	1998	5	8	128	25.1	35.1	24.1	-999.9	0.0	2.3	96707.1	-999.9
Bobo-Dioulasso	1998	5	9	129	25.2	35.2	22.4	-999.9	0.0	2.6	96799.7	-999.9
Bobo-Dioulasso	1998	5	10	130	26.3	37.7	24.6	-999.9	8.9	3.0	96656.7	-999.9
Bobo-Dioulasso	1998	5	11	131	25.1	36.9	23.6	-999.9	0.0	3.0	96621.7	-999.9
Bobo-Dioulasso	1998	5	12	132	25.9	35.2	23.2	-999.9	0.0	3.1	96717.8	-999.9
Bobo-Dioulasso	1998	5	13	133	25.8	35.4	23.8	-999.9	0.0	2.4	96841.0	-999.9
Bobo-Dioulasso	1998	5	14	134	25.6	35.6	24.4	-999.9	0.0	1.5	96740.5	-999.9
Bobo-Dioulasso	1998	5	15	135	26.7	36.0	23.1	-999.9	0.0	1.9	96566.0	-999.9
Bobo-Dioulasso	1998	5	16	136	25.1	33.8	23.0	-999.9	4.6	2.1	96553.2	-999.9
Bobo-Dioulasso	1998	5	17	137	24.8	31.5	18.4	-999.9	9.2	1.8	96698.0	-999.9
Bobo-Dioulasso	1998	5	18	138	23.7	31.0	17.9	-999.9	13.9	1.5	96913.0	-999.9
Bobo-Dioulasso	1998	5	19	139	24.6	32.9	20.4	-999.9	0.0	1.6	96866.4	-999.9
Bobo-Dioulasso	1998	5	20	140	25.9	34.8	24.6	-999.9	0.0	2.3	96707.8	-999.9
Bobo-Dioulasso	1998	5	21	141	25.9	33.8	21.7	-999.9	10.6	2.2	96745.7	-999.9
Bobo-Dioulasso	1998	5	22	142	25.5	33.6	22.0	-999.9	5.3	2.2	96847.2	-999.9
Bobo-Dioulasso	1998	5	23	143	25.5	34.2	22.9	-999.9	10.6	1.9	96893.3	-999.9
Bobo-Dioulasso	1998	5	24	144	24.9	34.9	22.4	-999.9	0.0	2.2	96828.5	-999.9
Bobo-Dioulasso	1998	5	25	145	24.6	33.6	23.3	-999.9	0.0	2.1	96801.8	-999.9
Bobo-Dioulasso	1998	5	26	146	26.0	34.8	24.7	-999.9	0.0	2.2	96645.8	-999.9
Bobo-Dioulasso	1998	5	27	147	25.8	35.4	23.2	-999.9	0.0	2.5	96642.7	-999.9
Bobo-Dioulasso	1998	5	28	148	25.9	35.4	21.6	-999.9	0.0	2.4	96733.8	-999.9
Bobo-Dioulasso	1998	5	29	149	24.7	33.6	22.3	-999.9	0.0	2.0	96718.1	-999.9
Bobo-Dioulasso	1998	5	30	150	26.1	35.3	23.7	-999.9	0.0	2.3	96628.0	-999.9
Bobo-Dioulasso	1998	5	31	151	26.1	35.4	23.2	-999.9	0.0	2.4	96588.1	-999.9
Bobo-Dioulasso	1998	6	1	152	25.2	34.1	21.1	-999.9	19.4	2.1	96782.3	-999.9
Bobo-Dioulasso	1998	6	2	153	23.8	30.8	18.3	-999.9	5.7	2.3	96864.5	-999.9
Bobo-Dioulasso	1998	6	3	154	22.5	30.1	19.6	-999.9	0.0	1.9	96885.1	-999.9
Bobo-Dioulasso	1998	6	4	155	23.0	30.0	23.0	-999.9	0.0	2.0	97016.2	-999.9
Bobo-Dioulasso	1998	6	5	156	23.7	31.5	24.1	-999.9	0.0	1.6	97060.8	-999.9
Bobo-Dioulasso	1998	6	6	157	24.7	32.2	23.4	-999.9	8.2	1.9	97024.4	-999.9
Bobo-Dioulasso	1998	6	7	158	24.2	30.1	17.8	-999.9	0.0	2.3	96872.3	-999.9
Bobo-Dioulasso	1998	6	8	159	22.8	30.6	21.2	-999.9	8.2	2.1	96873.2	-999.9
Bobo-Dioulasso	1998	6	9	160	22.8	30.8	21.8	-999.9	4.1	1.8	96926.2	-999.9
Bobo-Dioulasso	1998	6	10	161	23.8	30.9	21.7	-999.9	0.0	1.7	96948.3	-999.9
Bobo-Dioulasso	1998	6	11	162	24.5	32.1	23.6	-999.9	0.0	1.5	96905.7	-999.9
Bobo-Dioulasso	1998	6	12	163	24.3	33.3	24.1	-999.9	17.2	1.7	96910.1	-999.9
Bobo-Dioulasso	1998	6	13	164	23.8	31.0	19.1	-999.9	0.0	1.9	96885.8	-999.9
Bobo-Dioulasso	1998	6	14	165	24.4	32.7	23.8	-999.9	0.0	2.1	96797.0	-999.9
Bobo-Dioulasso	1998	6	15	166	22.9	29.6	17.5	-999.9	0.0	2.3	96773.8	-999.9
Bobo-Dioulasso	1998	6	16	167	23.4	31.7	23.9	-999.9	6.8	2.1	96894.4	-999.9
Bobo-Dioulasso	1998	6	17	168	23.7	32.4	23.2	-999.9	0.0	1.3	96882.5	-999.9
Bobo-Dioulasso	1998	6	18	169	24.6	34.0	24.2	-999.9	0.0	2.1	96713.5	-999.9
Bobo-Dioulasso	1998	6	19	170	23.8	34.0	22.4	-999.9	0.0	2.5	96562.9	-999.9
Bobo-Dioulasso	1998	6	20	171	23.7	29.9	16.4	-999.9	0.0	2.5	96779.7	-999.9
Bobo-Dioulasso	1998	6	21	172	22.9	30.8	21.5	-999.9	7.3	1.6	96980.5	-999.9
Bobo-Dioulasso	1998	6	22	173	22.9	30.3	19.1	-999.9	0.0	1.4	96936.4	-999.9
Bobo-Dioulasso	1998	6	23	174	23.6	32.0	24.1	-999.9	0.0	1.8	96848.5	-999.9
Bobo-Dioulasso	1998	6	24	175	24.1	32.7	24.7	-999.9	0.0	2.0	96779.1	-999.9
Bobo-Dioulasso	1998	6	25	176	24.7	33.0	24.1	-999.9	7.3	2.1	96828.3	-999.9
Bobo-Dioulasso	1998	6	26	177	24.9	33.2	23.0	-999.9	0.0	1.9	96823.1	-999.9
Bobo-Dioulasso	1998	6	27	178	24.0	33.0	21.4	-999.9	0.0	2.1	96880.5	-999.9
Bobo-Dioulasso	1998	6	28	179	24.8	32.9	20.7	-999.9	8.2	2.4	96903.4	-999.9
Bobo-Dioulasso	1998	6	29	180	23.8	32.9	24.0	-999.9	0.0	1.6	96853.1	-999.9
Bobo-Dioulasso	1998	6	30	181	23.4	32.1	23.4	-999.9	0.0	2.1	96910.7	-999.9
Bobo-Dioulasso	1998	7	1	182	23.7	33.3	24.3	-999.9	0.0	1.9	96916.4	-999.9
Bobo-Dioulasso	1998	7	2	183	24.3	31.1	19.2	-999.9	9.4	1.8	96929.3	-999.9
Bobo-Dioulasso	1998	7	3	184	23.4	32.4	23.3	-999.9	18.9	2.2	96819.3	-999.9
Bobo-Dioulasso	1998	7	4	185	23.4	32.7	24.1	-999.9	0.0	2.4	96777.7	-999.9
Bobo-Dioulasso	1998	7	5	186	24.2	33.5	24.3	-999.9	18.9	2.4	96718.0	-999.9
Bobo-Dioulasso	1998	7	6	187	23.3	31.4	22.1	-999.9	8.4	2.1	96724.2	-999.9
Bobo-Dioulasso	1998	7	7	188	23.2	30.6	21.0	-999.9	25.2	1.9	96826.5	-999.9
Bobo-Dioulasso	1998	7	8	189	23.5	31.5	22.1	-999.9	0.0	1.7	96893.9	-999.9
Bobo-Dioulasso	1998	7	9	190	23.2	31.1	19.1	-999.9	42.0	2.1	96903.0	-999.9
Bobo-Dioulasso	1998	7	10	191	24.1	32.7	22.5	-999.9	0.0	2.0	96830.0	-999.9
Bobo-Dioulasso	1998	7	11	192	23.5	32.7	20.3	-999.9	7.9	2.5	96783.8	-999.9
Bobo-Dioulasso	1998	7	12	193	24.0	31.4	20.4	-999.9	0.0	2.6	96656.8	-999.9
Bobo-Dioulasso	1998	7	13	194	23.0	30.1	18.6	-999.9	0.0	2.6	96796.4	-999.9
Bobo-Dioulasso	1998	7	14	195	22.3	28.8	17.6	-999.9	3.9	1.9	96873.2	-999.9
Bobo-Dioulasso	1998	7	15	196	22.4	29.3	20.4	-999.9	3.9	2.4	96897.5	-999.9
Bobo-Dioulasso	1998	7	16	197	22.9	29.9	18.6	-999.9	0.0	2.1	96906.4	-999.9
Bobo-Dioulasso	1998	7	17	198	21.8	29.7	20.9	-999.9	0.0	2.2	96879.2	-999.9
Bobo-Dioulasso	1998	7	18	199	22.5	30.4	22.4	-999.9	0.0	1.5	96855.2	-999.9
Bobo-Dioulasso	1998	7	19	200	22.0	28.5	15.8	-999.9	0.0	2.2	96841.9	-999.9
Bobo-Dioulasso	1998	7	20	201	22.1	30.9	23.7	-999.9	0.0	2.3	96747.7	-999.9
Bobo-Dioulasso	1998	7	21	202	22.7	28.6	14.8	-999.9	15.0	2.3	96707.1	-999.9
Bobo-Dioulasso	1998	7	22	203	21.8	24.6	8.5	-999.9	0.0	2.4	96757.3	-999.9
Bobo-Dioulasso	1998	7	23	204	21.7	28.4	18.0	-999.9	0.0	1.8	96837.2	-999.9
Bobo-Dioulasso	1998	7	24	205	22.3	27.9	15.1	-999.9	30.1	1.4	96808.5	-999.9
Bobo-Dioulasso	1998	7	25	206	22.1	29.3	19.2	-999.9	0.0	2.1	96712.0	-999.9
Bobo-Dioulasso	1998	7	26	207	22.9	29.3	18.6	-999.9	7.6	2.1	96762.4	-999.9
Bobo-Dioulasso	1998	7	27	208	22.3	28.9	18.3	-999.9	0.0	2.2	96900.3	-999.9
Bobo-Dioulasso	1998	7	28	209	22.1	29.4	16.5	-999.9	3.8	2.0	96995.8	-999.9
Bobo-Dioulasso	1998	7	29	210	21.6	29.2	20.8	-999.9	7.6	1.6	96869.5	-999.9
Bobo-Dioulasso	1998	7	30	211	22.2	29.7	21.3	-999.9	0.0	2.0	96845.6	-999.9
Bobo-Dioulasso	1998	7	31	212	22.1	29.4	17.0	-999.9	7.6	2.5	96805.2	-999.9
Bobo-Dioulasso	1998	8	1	213	22.7	29.0	18.5	-999.9	40.1	2.7	96673.1	-999.9
Bobo-Dioulasso	1998	8	2	214	22.2	24.2	6.9	-999.9	10.0	2.4	96784.9	-999.9
Bobo-Dioulasso	1998	8	3	215	21.8	26.0	14.7	-999.9	0.0	2.6	96938.3	-999.9
Bobo-Dioulasso	1998	8	4	216	22.1	26.9	15.2	-999.9	10.0	1.7	96926.1	-999.9
Bobo-Dioulasso	1998	8	5	217	22.0	28.5	18.3	-999.9	0.0	2.0	96891.4	-999.9
Bobo-Dioulasso	1998	8	6	218	21.9	28.3	18.0	-999.9	0.0	2.1	96873.4	-999.9
Bobo-Dioulasso	1998	8	7	219	21.8	28.7	18.9	-999.9	0.0	2.0	96892.8	-999.9
Bobo-Dioulasso	1998	8	8	220	22.3	28.4	18.5	-999.9	11.9	2.2	96780.1	-999.9
Bobo-Dioulasso	1998	8	9	221	22.0	28.2	20.1	-999.9	0.0	2.0	96805.1	-999.9
Bobo-Dioulasso	1998	8	10	222	22.3	29.3	21.6	-999.9	0.0	1.8	96853.7	-999.9
Bobo-Dioulasso	1998	8	11	223	22.6	29.0	16.0	-999.9	26.3	2.0	96786.6	-999.9
Bobo-Dioulasso	1998	8	12	224	22.4	27.0	11.2	-999.9	30.1	2.0	96844.8	-999.9
Bobo-Dioulasso	1998	8	13	225	21.9	27.3	17.0	-999.9	0.0	2.4	96906.4	-999.9
Bobo-Dioulasso	1998	8	14	226	22.1	27.3	14.5	-999.9	15.0	2.5	96767.2	-999.9
Bobo-Dioulasso	1998	8	15	227	22.2	26.6	10.1	-999.9	15.0	2.2	96694.8	-999.9
Bobo-Dioulasso	1998	8	16	228	21.8	25.9	12.6	-999.9	0.0	1.9	96838.7	-999.9
Bobo-Dioulasso	1998	8	17	229	21.1	27.9	16.2	-999.9	0.0	1.9	96803.6	-999.9
Bobo-Dioulasso	1998	8	18	230	23.3	30.2	20.5	-999.9	7.2	1.7	96552.5	-999.9
Bobo-Dioulasso	1998	8	19	231	21.9	27.3	13.9	-999.9	35.8	2.2	96636.6	-999.9
Bobo-Dioulasso	1998	8	20	232	21.3	28.8	21.2	-999.9	7.2	1.6	96885.4	-999.9
Bobo-Dioulasso	1998	8	21	233	21.6	28.4	18.9	-999.9	0.0	1.9	96880.8	-999.9
Bobo-Dioulasso	1998	8	22	234	21.7	29.1	17.8	-999.9	11.7	2.0	96819.7	-999.9
Bobo-Dioulasso	1998	8	23	235	22.7	30.0	21.5	-999.9	11.7	1.8	96637.4	-999.9
Bobo-Dioulasso	1998	8	24	236	22.2	27.2	11.1	-999.9	0.0	1.4	96636.2	-999.9
Bobo-Dioulasso	1998	8	25	237	22.0	27.7	17.2	-999.9	0.0	1.9	96698.6	-999.9
Bobo-Dioulasso	1998	8	26	238	21.8	24.9	7.9	-999.9	40.5	1.4	96776.9	-999.9
Bobo-Dioulasso	1998	8	27	239	21.4	28.8	21.8	-999.9	35.9	1.9	96860.8	-999.9
Bobo-Dioulasso	1998	8	28	240	22.1	31.0	23.2	-999.9	0.0	1.6	96699.5	-999.9
Bobo-Dioulasso	1998	8	29	241	22.5	28.9	17.1	-999.9	0.0	2.0	96698.0	-999.9
Bobo-Dioulasso	1998	8	30	242	22.6	28.1	14.6	-999.9	0.0	2.0	96804.5	-999.9
Bobo-Dioulasso	1998	8	31	243	22.3	27.5	14.7	-999.9	0.0	1.5	96788.9	-999.9
Bobo-Dioulasso	1998	9	1	244	21.9	28.6	18.6	-999.9	0.0	1.5	96766.4	-999.9
Bobo-Dioulasso	1998	9	2	245	22.3	29.3	19.6	-999.9	13.4	1.8	96810.8	-999.9
Bobo-Dioulasso	1998	9	3	246	22.3	29.0	18.8	-999.9	13.4	2.1	96791.1	-999.9
Bobo-Dioulasso	1998	9	4	247	21.8	28.9	20.3	-999.9	0.0	2.4	96744.6	-999.9
Bobo-Dioulasso	1998	9	5	248	22.4	28.6	18.2	-999.9	0.0	1.6	96775.8	-999.9
Bobo-Dioulasso	1998	9	6	249	22.3	28.5	18.0	-999.9	26.5	1.9	96723.7	-999.9
Bobo-Dioulasso	1998	9	7	250	22.1	25.8	9.6	-999.9	4.4	2.5	96690.0	-999.9
Bobo-Dioulasso	1998	9	8	251	21.4	27.4	18.5	-999.9	0.0	1.8	96802.6	-999.9
Bobo-Dioulasso	1998	9	9	252	21.4	28.9	19.6	-999.9	8.8	1.2	96769.1	-999.9
Bobo-Dioulasso	1998	9	10	253	21.6	28.2	18.1	-999.9	4.4	1.4	96739.6	-999.9
Bobo-Dioulasso	1998	9	11	254	22.2	28.9	20.9	-999.9	11.9	1.6	96764.9	-999.9
Bobo-Dioulasso	1998	9	12	255	22.0	28.3	18.0	-999.9	0.0	1.4	96688.5	-999.9
Bobo-Dioulasso	1998	9	13	256	22.0	29.6	19.4	-999.9	0.0	1.4	96653.1	-999.9
Bobo-Dioulasso	1998	9	14	257	22.3	29.9	22.3	-999.9	23.8	1.5	96680.5	-999.9
Bobo-Dioulasso	1998	9	15	258	22.0	26.3	10.8	-999.9	0.0	1.8	96849.9	-999.9
Bobo-Dioulasso	1998	9	16	259	21.9	28.0	16.7	-999.9	9.5	1.6	96917.2	-999.9
Bobo-Dioulasso	1998	9	17	260	21.4	29.1	21.3	-999.9	0.0	1.0	96776.1	-999.9
Bobo-Dioulasso	1998	9	18	261	23.3	29.2	20.0	-999.9	9.5	1.9	96683.9	-999.9
Bobo-Dioulasso	1998	9	19	262	21.8	28.3	17.5	-999.9	9.5	1.7	96773.2	-999.9
Bobo-Dioulasso	1998	9	20	263	21.2	27.6	17.3	-999.9	9.5	1.9	96855.9	-999.9
Bobo-Dioulasso	1998	9	21	264	22.0	29.2	20.6	-999.9	7.8	1.2	96796.6	-999.9
Bobo-Dioulasso	1998	9	22	265	22.4	28.8	17.8	-999.9	15.5	1.5	96753.2	-999.9
Bobo-Dioulasso	1998	9	23	266	21.6	26.5	12.8	-999.9	7.8	1.8	96808.6	-999.9
Bobo-Dioulasso	1998	9	24	267	22.0	26.6	15.0	-999.9	7.8	2.0	96937.5	-999.9
Bobo-Dioulasso	1998	9	25	268	21.6	28.3	19.5	-999.9	0.0	1.4	96981.8	-999.9
Bobo-Dioulasso	1998	9	26	269	21.3	30.3	23.1	-999.9	4.5	1.5	96827.3	-999.9
Bobo-Dioulasso	1998	9	27	270	22.2	29.8	20.7	-999.9	4.5	1.2	96745.0	-999.9
Bobo-Dioulasso	1998	9	28	271	22.6	28.0	18.9	-999.9	4.5	1.8	96803.4	-999.9
Bobo-Dioulasso	1998	9	29	272	21.4	29.8	23.5	-999.9	0.0	1.6	96824.5	-999.9
Bobo-Dioulasso	1998	9	30	273	22.3	30.9	23.0	-999.9	0.0	1.4	96714.7	-999.9
Bobo-Dioulasso	1998	10	1	274	23.3	29.4	21.0	-999.9	0.0	1.9	96809.3	-999.9
Bobo-Dioulasso	1998	10	2	275	22.5	29.5	21.1	-999.9	0.0	1.4	96921.3	-999.9
Bobo-Dioulasso	1998	10	3	276	22.5	30.6	23.3	-999.9	0.0	1.3	96847.6	-999.9
Bobo-Dioulasso	1998	10	4	277	23.3	30.4	22.3	-999.9	20.0	1.8	96642.6	-999.9
Bobo-Dioulasso	1998	10	5	278	23.3	29.7	21.5	-999.9	6.7	2.2	96668.6	-999.9
Bobo-Dioulasso	1998	10	6	279	22.2	31.3	23.5	-999.9	0.0	1.4	96679.7	-999.9
Bobo-Dioulasso	1998	10	7	280	23.1	31.3	22.2	-999.9	3.9	1.5	96662.6	-999.9
Bobo-Dioulasso	1998	10	8	281	23.7	29.2	17.5	-999.9	0.0	2.2	96610.8	-999.9
Bobo-Dioulasso	1998	10	9	282	23.2	28.4	15.7	-999.9	0.0	2.1	96674.6	-999.9
Bobo-Dioulasso	1998	10	10	283	22.2	28.1	14.5	-999.9	0.0	2.0	96763.5	-999.9
Bobo-Dioulasso	1998	10	11	284	21.9	30.2	21.0	-999.9	0.0	1.8	96786.9	-999.9
Bobo-Dioulasso	1998	10	12	285	23.4	30.6	20.8	-999.9	5.7	2.0	96649.9	-999.9
Bobo-Dioulasso	1998	10	13	286	23.2	30.1	20.2	-999.9	0.0	2.0	96686.6	-999.9
Bobo-Dioulasso	1998	10	14	287	22.8	30.6	21.3	-999.9	0.0	1.6	96756.2	-999.9
Bobo-Dioulasso	1998	10	15	288	22.9	30.7	21.6	-999.9	0.0	1.4	96738.7	-999.9
Bobo-Dioulasso	1998	10	16	289	22.7	31.2	20.8	-999.9	0.0	1.1	96672.1	-999.9
Bobo-Dioulasso	1998	10	17	290	23.4	31.8	22.3	-999.9	0.0	1.7	96654.7	-999.9
Bobo-Dioulasso	1998	10	18	291	23.3	31.0	20.7	-999.9	8.1	1.5	96768.8	-999.9
Bobo-Dioulasso	1998	10	19	292	22.5	29.9	17.6	-999.9	0.0	1.6	96800.6	-999.9
Bobo-Dioulasso	1998	10	20	293	22.4	31.5	22.4	-999.9	0.0	1.6	96771.4	-999.9
Bobo-Dioulasso	1998	10	21	294	24.0	31.7	21.6	-999.9	0.0	1.7	96787.1	-999.9
Bobo-Dioulasso	1998	10	22	295	23.1	31.3	21.0	-999.9	0.0	1.8	96864.5	-999.9
Bobo-Dioulasso	1998	10	23	296	23.6	31.1	20.0	-999.9	0.0	2.2	96826.5	-999.9
Bobo-Dioulasso	1998	10	24	297	22.3	27.2	13.5	-999.9	0.0	1.3	96843.5	-999.9
Bobo-Dioulasso	1998	10	25	298	21.7	29.9	20.9	-999.9	8.3	1.4	96913.8	-999.9
Bobo-Dioulasso	1998	10	26	299	22.0	31.3	21.6	-999.9	0.0	1.2	96902.4	-999.9
Bobo-Dioulasso	1998	10	27	300	23.0	31.1	21.3	-999.9	0.0	1.5	96886.2	-999.9
Bobo-Dioulasso	1998	10	28	301	23.9	30.6	19.6	-999.9	0.0	2.1	96783.0	-999.9
Bobo-Dioulasso	1998	10	29	302	23.3	30.1	19.2	-999.9	0.0	1.5	96755.8	-999.9
Bobo-Dioulasso	1998	10	30	303	22.5	30.6	20.0	-999.9	0.0	1.3	96830.7	-999.9
Bobo-Dioulasso	1998	10	31	304	21.4	32.0	20.4	-999.9	0.0	1.6	96801.0	-999.9
Bobo-Dioulasso	1998	11	1	305	21.6	33.3	22.6	-999.9	3.3	1.6	96721.5	-999.9
Bobo-Dioulasso	1998	11	2	306	19.4	32.7	22.7	-999.9	0.0	1.8	96672.4	-999.9
Bobo-Dioulasso	1998	11	3	307	19.9	32.5	22.7	-999.9	0.0	1.5	96644.5	-999.9
Bobo-Dioulasso	1998	11	4	308	21.2	32.8	22.5	-999.9	0.0	1.1	96624.2	-999.9
Bobo-Dioulasso	1998	11	5	309	19.8	33.3	21.7	-999.9	0.0	1.5	96683.2	-999.9
Bobo-Dioulasso	1998	11	6	310	21.2	33.6	20.3	-999.9	0.0	1.3	96703.2	-999.9
Bobo-Dioulasso	1998	11	7	311	20.9	33.8	21.3	-999.9	0.0	1.4	96614.3	-999.9
Bobo-Dioulasso	1998	11	8	312	19.8	33.6	22.1	-999.9	0.0	2.1	96660.4	-999.9
Bobo-Dioulasso	1998	11	9	313	18.3	32.5	22.2	-999.9	0.0	1.1	96690.7	-999.9
Bobo-Dioulasso	1998	11	10	314	21.6	31.5	18.1	-999.9	0.0	1.8	96791.3	-999.9
Bobo-Dioulasso	1998	11	11	315	21.5	32.0	20.4	-999.9	0.0	1.2	96750.1	-999.9
Bobo-Dioulasso	1998	11	12	316	19.3	32.0	21.1	-999.9	0.0	1.6	96741.6	-999.9
Bobo-Dioulasso	1998	11	13	317	20.1	32.6	22.0	-999.9	0.0	2.1	96738.7	-999.9
Bobo-Dioulasso	1998	11	14	318	19.1	32.4	20.5	-999.9	0.0	2.0	96643.0	-999.9
Bobo-Dioulasso	1998	11	15	319	19.8	33.7	21.2	-999.9	0.0	2.2	96626.0	-999.9
Bobo-Dioulasso	1998	11	16	320	20.3	33.6	21.6	-999.9	0.0	2.4	96673.8	-999.9
Bobo-Dioulasso	1998	11	17	321	20.5	33.6	21.4	-999.9	0.0	2.2	96656.7	-999.9
Bobo-Dioulasso	1998	11	18	322	19.9	33.8	21.7	-999.9	0.0	1.6	96502.1	-999.9
Bobo-Dioulasso	1998	11	19	323	20.4	33.2	21.0	-999.9	0.0	1.3	96473.6	-999.9
Bobo-Dioulasso	1998	11	20	324	22.3	33.0	19.4	-999.9	0.0	1.4	96512.7	-999.9
Bobo-Dioulasso	1998	11	21	325	23.9	33.3	19.5	-999.9	1.9	2.0	96551.8	-999.9
Bobo-Dioulasso	1998	11	22	326	22.8	31.7	18.4	-999.9	0.0	1.4	96666.6	-999.9
Bobo-Dioulasso	1998	11	23	327	22.6	33.8	20.7	-999.9	0.0	2.0	96607.0	-999.9
Bobo-Dioulasso	1998	11	24	328	20.7	33.6	21.2	-999.9	0.0	1.9	96600.5	-999.9
Bobo-Dioulasso	1998	11	25	329	20.5	33.5	19.7	-999.9	0.0	2.2	96606.5	-999.9
Bobo-Dioulasso	1998	11	26	330	20.2	33.1	20.9	-999.9	0.0	1.8	96538.3	-999.9
Bobo-Dioulasso	1998	11	27	331	18.9	33.3	21.3	-999.9	0.0	1.9	96585.1	-999.9
Bobo-Dioulasso	1998	11	28	332	19.3	33.4	21.3	-999.9	0.0	2.2	96613.9	-999.9
Bobo-Dioulasso	1998	11	29	333	20.0	33.7	21.1	-999.9	0.0	2.3	96523.6	-999.9
Bobo-Dioulasso	1998	11	30	334	19.6	33.0	20.8	-999.9	0.0	1.7	96456.4	-999.9
Bobo-Dioulasso	1998	12	1	335	20.4	32.7	18.9	-999.9	0.0	1.4	96533.6	-999.9
Bobo-Dioulasso	1998	12	2	336	20.2	34.0	20.2	-999.9	0.0	1.6	96555.5	-999.9
Bobo-Dioulasso	1998	12	3	337	20.4	33.5	19.8	-999.9	0.0	1.2	96545.2	-999.9
Bobo-Dioulasso	1998	12	4	338	21.4	33.0	19.6	-999.9	0.0	1.4	96649.3	-999.9
Bobo-Dioulasso	1998	12	5	339	23.9	32.8	17.2	-999.9	1.1	1.6	96713.3	-999.9
Bobo-Dioulasso	1998	12	6	340	23.3	35.1	19.8	-999.9	0.0	2.0	96668.8	-999.9
Bobo-Dioulasso	1998	12	7	341	21.9	33.0	19.0	-999.9	0.0	1.3	96634.7	-999.9
Bobo-Dioulasso	1998	12	8	342	22.6	32.8	20.0	-999.9	0.0	2.0	96635.8	-999.9
Bobo-Dioulasso	1998	12	9	343	19.2	30.0	18.1	-999.9	0.0	2.0	96801.8	-999.9
Bobo-Dioulasso	1998	12	10	344	19.0	31.5	20.0	-999.9	0.0	2.3	96854.5	-999.9
Bobo-Dioulasso	1998	12	11	345	19.9	32.3	20.1	-999.9	0.0	2.4	96834.2	-999.9
Bobo-Dioulasso	1998	12	12	346	19.8	33.1	20.3	-999.9	0.0	2.3	96822.8	-999.9
Bobo-Dioulasso	1998	12	13	347	20.4	33.1	18.9	-999.9	0.0	2.2	96800.0	-999.9
Bobo-Dioulasso	1998	12	14	348	20.6	32.8	20.4	-999.9	0.3	2.3	96898.3	-999.9
Bobo-Dioulasso	1998	12	15	349	19.8	31.8	20.6	-999.9	0.0	2.5	96930.7	-999.9
Bobo-Dioulasso	1998	12	16	350	19.1	31.4	20.4	-999.9	0.0	2.3	96898.0	-999.9
Bobo-Dioulasso	1998	12	17	351	18.2	31.3	20.5	-999.9	0.0	2.2	96883.7	-999.9
Bobo-Dioulasso	1998	12	18	352	18.0	32.1	20.6	-999.9	0.0	2.3	96786.4	-999.9
Bobo-Dioulasso	1998	12	19	353	19.3	31.8	20.5	-999.9	0.0	2.7	96812.2	-999.9
Bobo-Dioulasso	1998	12	20	354	18.2	30.5	20.6	-999.9	0.0	2.4	96774.3	-999.9
Bobo-Dioulasso	1998	12	21	355	16.6	30.8	20.7	-999.9	0.0	2.0	96652.8	-999.9
Bobo-Dioulasso	1998	12	22	356	17.7	32.0	20.4	-999.9	0.0	1.8	96648.7	-999.9
Bobo-Dioulasso	1998	12	23	357	18.1	32.6	20.5	-999.9	0.0	1.8	96631.6	-999.9
Bobo-Dioulasso	1998	12	24	358	17.9	33.2	20.5	-999.9	0.0	1.8	96686.5	-999.9
Bobo-Dioulasso	1998	12	25	359	19.0	33.7	20.5	-999.9	0.0	2.1	96692.8	-999.9
Bobo-Dioulasso	1998	12	26	360	18.2	33.5	20.7	-999.9	0.0	2.0	96691.2	-999.9
Bobo-Dioulasso	1998	12	27	361	17.8	32.5	20.7	-999.9	0.0	1.8	96601.5	-999.9
Bobo-Dioulasso	1998	12	28	362	19.1	32.7	20.5	-999.9	0.0	2.2	96605.1	-999.9
Bobo-Dioulasso	1998	12	29	363	17.8	32.5	20.7	-999.9	0.0	2.0	96725.3	-999.9
Bobo-Dioulasso	1998	12	30	364	17.5	31.9	20.5	-999.9	0.0	2.1	96795.5	-999.9
Bobo-Dioulasso	1998	12	31	365	18.8	31.6	19.9	-999.9	0.0	2.5	96806.2	-999.9
