Bobo-Dioulasso	1985	1	1	1	17.2	29.7	20.6	-999.9	0.0	2.7	96797.7	-999.9
Bobo-Dioulasso	1985	1	2	2	17.5	28.9	20.3	-999.9	0.0	2.4	96757.5	-999.9
Bobo-Dioulasso	1985	1	3	3	17.6	31.7	20.3	-999.9	0.0	1.9	96677.7	-999.9
Bobo-Dioulasso	1985	1	4	4	17.9	33.1	20.5	-999.9	0.0	1.9	96766.7	-999.9
Bobo-Dioulasso	1985	1	5	5	20.5	32.9	20.0	-999.9	0.0	2.4	96846.5	-999.9
Bobo-Dioulasso	1985	1	6	6	20.3	32.8	19.2	-999.9	0.0	2.3	96737.8	-999.9
Bobo-Dioulasso	1985	1	7	7	20.2	33.0	20.1	-999.9	0.0	2.4	96679.6	-999.9
Bobo-Dioulasso	1985	1	8	8	21.5	33.4	17.5	-999.9	0.0	1.9	96644.1	-999.9
Bobo-Dioulasso	1985	1	9	9	22.4	34.3	19.6	-999.9	0.0	2.4	96611.7	-999.9
Bobo-Dioulasso	1985	1	10	10	22.6	34.3	20.3	-999.9	0.0	2.1	96516.3	-999.9
Bobo-Dioulasso	1985	1	11	11	22.0	33.7	19.0	-999.9	0.6	2.1	96400.1	-999.9
Bobo-Dioulasso	1985	1	12	12	22.1	32.9	20.1	-999.9	0.0	2.5	96456.3	-999.9
Bobo-Dioulasso	1985	1	13	13	23.7	32.5	19.6	-999.9	0.0	2.5	96596.8	-999.9
Bobo-Dioulasso	1985	1	14	14	23.7	31.8	15.9	-999.9	0.0	2.0	96631.0	-999.9
Bobo-Dioulasso	1985	1	15	15	23.7	30.5	18.5	-999.9	0.0	2.8	96796.8	-999.9
Bobo-Dioulasso	1985	1	16	16	21.5	29.8	17.5	-999.9	0.0	3.0	96894.6	-999.9
Bobo-Dioulasso	1985	1	17	17	19.4	30.2	20.6	-999.9	0.0	2.9	96869.3	-999.9
Bobo-Dioulasso	1985	1	18	18	19.4	30.8	20.6	-999.9	0.0	2.7	96821.5	-999.9
Bobo-Dioulasso	1985	1	19	19	19.5	31.7	20.9	-999.9	0.0	2.6	96705.8	-999.9
Bobo-Dioulasso	1985	1	20	20	20.2	32.5	21.0	-999.9	0.0	2.2	96594.1	-999.9
Bobo-Dioulasso	1985	1	21	21	18.6	33.0	21.1	-999.9	0.0	1.9	96561.5	-999.9
Bobo-Dioulasso	1985	1	22	22	19.1	34.5	21.5	-999.9	0.0	2.1	96522.3	-999.9
Bobo-Dioulasso	1985	1	23	23	19.3	35.3	21.4	-999.9	0.0	2.0	96580.7	-999.9
Bobo-Dioulasso	1985	1	24	24	20.4	35.0	20.7	-999.9	0.0	1.8	96625.1	-999.9
Bobo-Dioulasso	1985	1	25	25	20.7	34.8	21.6	-999.9	0.0	2.1	96505.9	-999.9
Bobo-Dioulasso	1985	1	26	26	19.7	33.8	21.3	-999.9	0.0	1.8	96431.7	-999.9
Bobo-Dioulasso	1985	1	27	27	20.1	33.8	21.8	-999.9	0.0	1.6	96414.5	-999.9
Bobo-Dioulasso	1985	1	28	28	20.5	34.5	21.8	-999.9	0.0	1.8	96473.5	-999.9
Bobo-Dioulasso	1985	1	29	29	20.9	34.0	15.9	-999.9	0.0	1.8	96482.1	-999.9
Bobo-Dioulasso	1985	1	30	30	21.6	35.4	21.9	-999.9	0.0	2.2	96434.0	-999.9
Bobo-Dioulasso	1985	1	31	31	19.9	34.9	22.1	-999.9	0.0	2.5	96496.4	-999.9
Bobo-Dioulasso	1985	2	1	32	19.3	34.4	22.1	-999.9	0.0	2.8	96603.9	-999.9
Bobo-Dioulasso	1985	2	2	33	21.7	34.4	22.2	-999.9	0.0	3.1	96721.5	-999.9
Bobo-Dioulasso	1985	2	3	34	20.7	33.5	22.4	-999.9	0.0	3.0	96815.9	-999.9
Bobo-Dioulasso	1985	2	4	35	19.7	32.4	22.7	-999.9	0.0	2.9	96846.6	-999.9
Bobo-Dioulasso	1985	2	5	36	18.1	31.3	22.7	-999.9	0.0	2.6	96877.6	-999.9
Bobo-Dioulasso	1985	2	6	37	17.9	31.9	22.7	-999.9	0.0	2.6	96907.9	-999.9
Bobo-Dioulasso	1985	2	7	38	18.6	33.3	22.8	-999.9	0.0	2.6	96885.1	-999.9
Bobo-Dioulasso	1985	2	8	39	18.8	33.1	23.1	-999.9	0.0	2.7	96810.1	-999.9
Bobo-Dioulasso	1985	2	9	40	17.5	32.1	23.7	-999.9	0.0	2.9	96817.1	-999.9
Bobo-Dioulasso	1985	2	10	41	17.2	32.5	23.8	-999.9	0.0	2.8	96783.4	-999.9
Bobo-Dioulasso	1985	2	11	42	17.6	33.0	23.8	-999.9	0.0	2.6	96830.8	-999.9
Bobo-Dioulasso	1985	2	12	43	17.2	33.8	23.8	-999.9	0.0	2.5	96858.3	-999.9
Bobo-Dioulasso	1985	2	13	44	18.7	34.0	23.9	-999.9	0.0	2.6	96833.3	-999.9
Bobo-Dioulasso	1985	2	14	45	18.9	35.0	23.7	-999.9	0.0	2.6	96796.4	-999.9
Bobo-Dioulasso	1985	2	15	46	19.8	35.2	23.6	-999.9	0.0	2.7	96728.0	-999.9
Bobo-Dioulasso	1985	2	16	47	20.9	35.5	23.3	-999.9	0.0	2.6	96666.3	-999.9
Bobo-Dioulasso	1985	2	17	48	21.1	35.0	23.5	-999.9	0.0	2.4	96663.3	-999.9
Bobo-Dioulasso	1985	2	18	49	19.9	35.2	23.7	-999.9	0.0	2.1	96601.8	-999.9
Bobo-Dioulasso	1985	2	19	50	20.2	36.1	23.8	-999.9	0.0	1.8	96556.2	-999.9
Bobo-Dioulasso	1985	2	20	51	20.1	36.0	24.0	-999.9	0.0	1.9	96564.4	-999.9
Bobo-Dioulasso	1985	2	21	52	18.8	36.0	24.2	-999.9	0.0	1.9	96502.2	-999.9
Bobo-Dioulasso	1985	2	22	53	19.7	35.7	24.2	-999.9	0.0	1.7	96396.2	-999.9
Bobo-Dioulasso	1985	2	23	54	20.6	35.6	24.1	-999.9	0.0	2.2	96404.7	-999.9
Bobo-Dioulasso	1985	2	24	55	20.5	36.2	24.3	-999.9	0.0	2.0	96411.1	-999.9
Bobo-Dioulasso	1985	2	25	56	20.5	36.3	24.0	-999.9	0.0	2.0	96356.0	-999.9
Bobo-Dioulasso	1985	2	26	57	21.6	36.1	23.4	-999.9	0.5	2.3	96376.6	-999.9
Bobo-Dioulasso	1985	2	27	58	23.7	35.8	20.0	-999.9	0.5	1.9	96594.3	-999.9
Bobo-Dioulasso	1985	2	28	59	24.0	33.8	17.3	-999.9	0.5	2.9	96739.6	-999.9
Bobo-Dioulasso	1985	3	1	60	21.5	34.7	24.4	-999.9	0.0	2.5	96747.1	-999.9
Bobo-Dioulasso	1985	3	2	61	20.9	35.4	24.4	-999.9	0.0	2.0	96676.3	-999.9
Bobo-Dioulasso	1985	3	3	62	21.0	36.4	24.5	-999.9	0.0	1.9	96519.6	-999.9
Bobo-Dioulasso	1985	3	4	63	21.0	36.6	24.7	-999.9	0.0	1.6	96354.0	-999.9
Bobo-Dioulasso	1985	3	5	64	21.8	36.8	23.1	-999.9	0.0	1.6	96302.7	-999.9
Bobo-Dioulasso	1985	3	6	65	23.1	37.5	23.0	-999.9	1.4	2.4	96273.3	-999.9
Bobo-Dioulasso	1985	3	7	66	23.6	37.8	24.6	-999.9	0.0	2.2	96236.7	-999.9
Bobo-Dioulasso	1985	3	8	67	24.3	38.0	24.7	-999.9	0.0	2.4	96126.1	-999.9
Bobo-Dioulasso	1985	3	9	68	23.9	37.5	21.1	-999.9	0.0	1.9	96132.5	-999.9
Bobo-Dioulasso	1985	3	10	69	24.3	37.8	22.4	-999.9	0.0	2.0	96218.9	-999.9
Bobo-Dioulasso	1985	3	11	70	25.4	36.8	22.2	-999.9	0.0	1.6	96202.2	-999.9
Bobo-Dioulasso	1985	3	12	71	28.2	38.2	20.3	-999.9	0.0	2.3	96159.8	-999.9
Bobo-Dioulasso	1985	3	13	72	25.2	38.0	24.3	-999.9	2.6	2.8	96252.7	-999.9
Bobo-Dioulasso	1985	3	14	73	25.1	37.5	23.8	-999.9	0.0	2.0	96304.8	-999.9
Bobo-Dioulasso	1985	3	15	74	26.2	36.2	21.1	-999.9	0.0	1.5	96375.5	-999.9
Bobo-Dioulasso	1985	3	16	75	24.1	37.2	22.6	-999.9	0.0	1.5	96388.9	-999.9
Bobo-Dioulasso	1985	3	17	76	25.8	37.3	21.3	-999.9	0.0	1.9	96363.7	-999.9
Bobo-Dioulasso	1985	3	18	77	25.2	33.8	14.3	-999.9	8.9	2.4	96444.5	-999.9
Bobo-Dioulasso	1985	3	19	78	25.3	35.1	19.6	-999.9	0.0	1.5	96425.7	-999.9
Bobo-Dioulasso	1985	3	20	79	24.1	36.7	24.7	-999.9	0.0	2.0	96430.1	-999.9
Bobo-Dioulasso	1985	3	21	80	24.3	38.5	24.5	-999.9	0.0	2.4	96381.5	-999.9
Bobo-Dioulasso	1985	3	22	81	27.6	38.4	24.1	-999.9	0.0	1.9	96390.0	-999.9
Bobo-Dioulasso	1985	3	23	82	26.9	37.3	22.3	-999.9	0.0	1.7	96395.8	-999.9
Bobo-Dioulasso	1985	3	24	83	24.2	38.3	25.2	-999.9	0.0	2.2	96364.7	-999.9
Bobo-Dioulasso	1985	3	25	84	24.3	38.9	25.4	-999.9	0.0	2.3	96439.9	-999.9
Bobo-Dioulasso	1985	3	26	85	25.8	37.1	22.5	-999.9	0.0	2.0	96576.1	-999.9
Bobo-Dioulasso	1985	3	27	86	27.6	36.6	20.3	-999.9	2.6	2.1	96546.2	-999.9
Bobo-Dioulasso	1985	3	28	87	25.4	36.9	22.4	-999.9	2.6	2.7	96388.6	-999.9
Bobo-Dioulasso	1985	3	29	88	26.5	36.6	21.2	-999.9	0.0	2.2	96302.6	-999.9
Bobo-Dioulasso	1985	3	30	89	23.2	37.4	25.5	-999.9	0.0	1.7	96390.8	-999.9
Bobo-Dioulasso	1985	3	31	90	24.5	36.3	24.2	-999.9	0.0	1.9	96448.5	-999.9
Bobo-Dioulasso	1985	4	1	91	26.9	36.2	21.8	-999.9	0.2	1.5	96552.8	-999.9
Bobo-Dioulasso	1985	4	2	92	25.1	37.5	24.9	-999.9	0.2	1.8	96536.2	-999.9
Bobo-Dioulasso	1985	4	3	93	23.1	37.4	24.5	-999.9	0.2	1.9	96423.9	-999.9
Bobo-Dioulasso	1985	4	4	94	22.2	36.7	24.6	-999.9	0.2	1.4	96338.9	-999.9
Bobo-Dioulasso	1985	4	5	95	24.9	34.8	20.9	-999.9	0.2	1.8	96440.1	-999.9
Bobo-Dioulasso	1985	4	6	96	25.6	34.9	19.6	-999.9	0.0	2.3	96630.4	-999.9
Bobo-Dioulasso	1985	4	7	97	24.7	35.9	18.4	-999.9	0.0	1.7	96640.1	-999.9
Bobo-Dioulasso	1985	4	8	98	23.8	38.6	25.6	-999.9	0.0	2.0	96406.2	-999.9
Bobo-Dioulasso	1985	4	9	99	25.8	38.4	24.9	-999.9	0.0	2.4	96309.7	-999.9
Bobo-Dioulasso	1985	4	10	100	26.1	38.0	23.0	-999.9	2.3	2.5	96436.9	-999.9
Bobo-Dioulasso	1985	4	11	101	27.0	36.3	22.2	-999.9	0.0	2.2	96608.7	-999.9
Bobo-Dioulasso	1985	4	12	102	24.4	35.4	21.7	-999.9	0.4	2.3	96564.0	-999.9
Bobo-Dioulasso	1985	4	13	103	23.5	33.1	20.3	-999.9	1.6	2.0	96560.1	-999.9
Bobo-Dioulasso	1985	4	14	104	24.6	35.0	22.0	-999.9	2.8	1.6	96450.1	-999.9
Bobo-Dioulasso	1985	4	15	105	24.7	35.3	23.7	-999.9	0.0	1.4	96510.2	-999.9
Bobo-Dioulasso	1985	4	16	106	24.9	35.5	22.3	-999.9	0.6	1.6	96570.6	-999.9
Bobo-Dioulasso	1985	4	17	107	24.6	36.5	24.0	-999.9	0.0	1.4	96617.4	-999.9
Bobo-Dioulasso	1985	4	18	108	23.3	37.7	26.4	-999.9	0.0	1.3	96572.2	-999.9
Bobo-Dioulasso	1985	4	19	109	24.9	37.4	24.8	-999.9	0.0	2.1	96467.2	-999.9
Bobo-Dioulasso	1985	4	20	110	25.8	35.4	20.8	-999.9	0.6	2.4	96406.0	-999.9
Bobo-Dioulasso	1985	4	21	111	25.7	35.1	19.9	-999.9	0.0	2.5	96413.4	-999.9
Bobo-Dioulasso	1985	4	22	112	26.3	36.5	23.1	-999.9	2.1	2.6	96474.1	-999.9
Bobo-Dioulasso	1985	4	23	113	25.6	36.9	22.9	-999.9	1.9	2.0	96446.8	-999.9
Bobo-Dioulasso	1985	4	24	114	25.2	35.0	21.8	-999.9	1.9	1.7	96294.4	-999.9
Bobo-Dioulasso	1985	4	25	115	24.7	34.9	22.5	-999.9	6.4	2.0	96285.1	-999.9
Bobo-Dioulasso	1985	4	26	116	25.0	36.0	23.9	-999.9	0.0	2.0	96357.0	-999.9
Bobo-Dioulasso	1985	4	27	117	26.3	37.5	23.4	-999.9	0.0	1.8	96431.3	-999.9
Bobo-Dioulasso	1985	4	28	118	24.5	35.6	20.5	-999.9	0.0	1.9	96372.4	-999.9
Bobo-Dioulasso	1985	4	29	119	25.4	37.2	22.6	-999.9	0.0	2.2	96217.4	-999.9
Bobo-Dioulasso	1985	4	30	120	26.7	37.2	22.2	-999.9	6.4	2.5	96216.2	-999.9
Bobo-Dioulasso	1985	5	1	121	26.0	36.9	21.8	-999.9	11.6	2.7	96314.4	-999.9
Bobo-Dioulasso	1985	5	2	122	25.0	36.2	23.2	-999.9	0.0	3.0	96469.7	-999.9
Bobo-Dioulasso	1985	5	3	123	25.5	35.4	21.3	-999.9	0.0	2.8	96563.8	-999.9
Bobo-Dioulasso	1985	5	4	124	25.7	36.0	22.4	-999.9	0.0	2.3	96563.0	-999.9
Bobo-Dioulasso	1985	5	5	125	24.7	35.6	21.3	-999.9	23.3	2.1	96497.5	-999.9
Bobo-Dioulasso	1985	5	6	126	25.7	35.2	22.4	-999.9	0.0	2.4	96458.5	-999.9
Bobo-Dioulasso	1985	5	7	127	25.7	37.9	24.8	-999.9	0.0	2.3	96454.0	-999.9
Bobo-Dioulasso	1985	5	8	128	26.3	37.7	24.4	-999.9	2.9	2.8	96447.2	-999.9
Bobo-Dioulasso	1985	5	9	129	26.8	37.0	20.1	-999.9	2.9	2.4	96452.9	-999.9
Bobo-Dioulasso	1985	5	10	130	26.2	37.9	24.1	-999.9	0.0	2.9	96371.4	-999.9
Bobo-Dioulasso	1985	5	11	131	26.3	38.0	23.6	-999.9	0.0	2.6	96272.7	-999.9
Bobo-Dioulasso	1985	5	12	132	26.8	36.6	20.8	-999.9	7.3	3.0	96375.0	-999.9
Bobo-Dioulasso	1985	5	13	133	25.2	36.4	23.0	-999.9	4.2	2.2	96529.3	-999.9
Bobo-Dioulasso	1985	5	14	134	25.0	35.9	21.7	-999.9	7.3	2.0	96504.8	-999.9
Bobo-Dioulasso	1985	5	15	135	25.4	34.5	20.8	-999.9	0.0	2.2	96432.9	-999.9
Bobo-Dioulasso	1985	5	16	136	23.6	33.0	20.6	-999.9	4.9	2.7	96482.0	-999.9
Bobo-Dioulasso	1985	5	17	137	24.3	33.7	24.0	-999.9	0.0	2.3	96512.8	-999.9
Bobo-Dioulasso	1985	5	18	138	24.7	32.3	20.3	-999.9	0.0	1.6	96604.0	-999.9
Bobo-Dioulasso	1985	5	19	139	24.2	34.8	24.6	-999.9	0.6	1.8	96634.3	-999.9
Bobo-Dioulasso	1985	5	20	140	24.8	36.9	23.9	-999.9	0.0	2.1	96540.0	-999.9
Bobo-Dioulasso	1985	5	21	141	24.7	35.6	20.3	-999.9	5.7	2.3	96617.0	-999.9
Bobo-Dioulasso	1985	5	22	142	23.8	33.8	23.5	-999.9	7.0	2.5	96654.9	-999.9
Bobo-Dioulasso	1985	5	23	143	25.3	35.4	24.4	-999.9	0.0	2.3	96549.2	-999.9
Bobo-Dioulasso	1985	5	24	144	25.2	35.0	24.5	-999.9	0.0	3.0	96591.7	-999.9
Bobo-Dioulasso	1985	5	25	145	24.3	33.6	20.7	-999.9	0.0	2.5	96726.7	-999.9
Bobo-Dioulasso	1985	5	26	146	24.6	34.3	23.0	-999.9	0.0	1.9	96733.6	-999.9
Bobo-Dioulasso	1985	5	27	147	24.2	37.0	23.6	-999.9	7.0	2.5	96614.1	-999.9
Bobo-Dioulasso	1985	5	28	148	24.7	36.1	24.3	-999.9	0.0	2.9	96596.4	-999.9
Bobo-Dioulasso	1985	5	29	149	24.3	34.4	23.0	-999.9	0.0	2.2	96608.1	-999.9
Bobo-Dioulasso	1985	5	30	150	25.1	34.2	23.1	-999.9	14.0	2.1	96655.0	-999.9
Bobo-Dioulasso	1985	5	31	151	24.6	34.5	23.3	-999.9	0.0	2.0	96654.7	-999.9
Bobo-Dioulasso	1985	6	1	152	25.1	35.2	23.0	-999.9	4.5	2.9	96623.4	-999.9
Bobo-Dioulasso	1985	6	2	153	24.2	34.9	24.1	-999.9	0.0	2.9	96655.7	-999.9
Bobo-Dioulasso	1985	6	3	154	25.1	35.4	24.0	-999.9	0.0	2.2	96614.9	-999.9
Bobo-Dioulasso	1985	6	4	155	25.4	35.8	24.2	-999.9	5.1	2.3	96504.5	-999.9
Bobo-Dioulasso	1985	6	5	156	25.9	35.9	23.8	-999.9	0.0	2.4	96577.2	-999.9
Bobo-Dioulasso	1985	6	6	157	24.1	33.3	21.1	-999.9	18.4	2.7	96780.5	-999.9
Bobo-Dioulasso	1985	6	7	158	23.2	34.6	22.6	-999.9	6.1	2.4	96894.2	-999.9
Bobo-Dioulasso	1985	6	8	159	24.3	34.4	23.6	-999.9	7.0	2.3	96757.3	-999.9
Bobo-Dioulasso	1985	6	9	160	24.8	33.3	23.9	-999.9	0.0	2.2	96773.1	-999.9
Bobo-Dioulasso	1985	6	10	161	24.6	33.8	24.3	-999.9	0.0	2.4	96897.7	-999.9
Bobo-Dioulasso	1985	6	11	162	24.5	33.0	22.3	-999.9	6.6	2.7	96873.4	-999.9
Bobo-Dioulasso	1985	6	12	163	22.7	29.6	14.0	-999.9	26.5	2.2	96862.7	-999.9
Bobo-Dioulasso	1985	6	13	164	22.5	30.6	21.9	-999.9	6.6	2.4	96909.4	-999.9
Bobo-Dioulasso	1985	6	14	165	23.2	32.4	24.2	-999.9	6.6	2.4	96917.1	-999.9
Bobo-Dioulasso	1985	6	15	166	23.1	32.6	23.4	-999.9	0.0	2.7	96858.7	-999.9
Bobo-Dioulasso	1985	6	16	167	23.5	32.9	24.7	-999.9	20.3	3.2	96738.6	-999.9
Bobo-Dioulasso	1985	6	17	168	23.4	30.7	16.8	-999.9	0.0	2.9	96870.1	-999.9
Bobo-Dioulasso	1985	6	18	169	22.9	31.6	22.8	-999.9	0.0	2.5	96959.7	-999.9
Bobo-Dioulasso	1985	6	19	170	23.4	29.9	17.5	-999.9	0.0	2.1	96941.0	-999.9
Bobo-Dioulasso	1985	6	20	171	22.5	31.0	20.3	-999.9	30.5	2.1	96980.4	-999.9
Bobo-Dioulasso	1985	6	21	172	23.2	31.0	22.1	-999.9	10.9	2.0	96980.8	-999.9
Bobo-Dioulasso	1985	6	22	173	22.4	30.4	21.9	-999.9	10.9	2.1	96931.6	-999.9
Bobo-Dioulasso	1985	6	23	174	22.8	32.6	23.0	-999.9	0.0	2.1	96820.4	-999.9
Bobo-Dioulasso	1985	6	24	175	23.7	33.1	23.0	-999.9	0.0	2.2	96696.9	-999.9
Bobo-Dioulasso	1985	6	25	176	23.4	30.3	19.4	-999.9	10.9	2.2	96705.8	-999.9
Bobo-Dioulasso	1985	6	26	177	22.3	32.2	21.4	-999.9	0.0	2.3	96879.0	-999.9
Bobo-Dioulasso	1985	6	27	178	22.0	30.8	20.2	-999.9	13.4	1.9	96957.5	-999.9
Bobo-Dioulasso	1985	6	28	179	22.0	28.6	17.7	-999.9	15.3	1.7	96910.9	-999.9
Bobo-Dioulasso	1985	6	29	180	21.6	28.9	17.9	-999.9	0.0	2.0	96874.8	-999.9
Bobo-Dioulasso	1985	6	30	181	22.2	30.3	20.0	-999.9	0.0	2.0	96914.7	-999.9
Bobo-Dioulasso	1985	7	1	182	22.8	28.8	15.0	-999.9	14.2	1.8	96871.5	-999.9
Bobo-Dioulasso	1985	7	2	183	21.8	28.6	18.3	-999.9	0.0	2.2	96884.4	-999.9
Bobo-Dioulasso	1985	7	3	184	21.2	30.1	21.5	-999.9	24.8	1.7	96899.9	-999.9
Bobo-Dioulasso	1985	7	4	185	21.5	29.1	18.5	-999.9	0.0	1.5	96905.6	-999.9
Bobo-Dioulasso	1985	7	5	186	21.7	29.0	19.0	-999.9	0.0	1.9	96838.9	-999.9
Bobo-Dioulasso	1985	7	6	187	21.7	28.9	17.7	-999.9	0.0	2.4	96837.0	-999.9
Bobo-Dioulasso	1985	7	7	188	21.7	29.4	21.5	-999.9	23.3	1.7	96803.0	-999.9
Bobo-Dioulasso	1985	7	8	189	21.4	28.1	18.1	-999.9	7.8	2.1	96894.3	-999.9
Bobo-Dioulasso	1985	7	9	190	21.3	27.7	18.5	-999.9	0.0	2.0	97006.2	-999.9
Bobo-Dioulasso	1985	7	10	191	21.8	30.2	20.7	-999.9	0.0	2.4	96847.2	-999.9
Bobo-Dioulasso	1985	7	11	192	21.4	27.1	13.6	-999.9	21.4	2.4	96757.4	-999.9
Bobo-Dioulasso	1985	7	12	193	21.1	27.6	18.3	-999.9	0.0	2.5	96890.7	-999.9
Bobo-Dioulasso	1985	7	13	194	21.2	28.2	16.9	-999.9	0.0	1.8	96889.8	-999.9
Bobo-Dioulasso	1985	7	14	195	20.9	27.7	15.2	-999.9	21.4	1.8	96755.1	-999.9
Bobo-Dioulasso	1985	7	15	196	21.3	28.1	17.1	-999.9	0.0	1.8	96675.9	-999.9
Bobo-Dioulasso	1985	7	16	197	21.3	28.8	22.4	-999.9	1.0	2.4	96822.1	-999.9
Bobo-Dioulasso	1985	7	17	198	21.3	28.4	20.6	-999.9	3.2	2.1	96963.2	-999.9
Bobo-Dioulasso	1985	7	18	199	21.0	29.7	21.6	-999.9	1.4	1.5	96893.0	-999.9
Bobo-Dioulasso	1985	7	19	200	21.9	27.4	14.0	-999.9	9.1	2.2	96856.5	-999.9
Bobo-Dioulasso	1985	7	20	201	21.8	25.9	11.3	-999.9	14.2	2.3	96802.8	-999.9
Bobo-Dioulasso	1985	7	21	202	21.0	25.4	11.9	-999.9	17.4	1.7	96824.1	-999.9
Bobo-Dioulasso	1985	7	22	203	20.9	27.7	18.9	-999.9	0.0	1.9	96862.1	-999.9
Bobo-Dioulasso	1985	7	23	204	21.5	28.5	21.1	-999.9	0.0	1.7	96826.9	-999.9
Bobo-Dioulasso	1985	7	24	205	21.0	28.2	20.2	-999.9	0.0	1.4	96813.4	-999.9
Bobo-Dioulasso	1985	7	25	206	21.0	27.8	16.8	-999.9	34.8	1.9	96874.6	-999.9
Bobo-Dioulasso	1985	7	26	207	21.2	28.7	21.6	-999.9	13.5	1.8	96865.2	-999.9
Bobo-Dioulasso	1985	7	27	208	21.5	28.3	18.5	-999.9	9.6	1.5	96869.6	-999.9
Bobo-Dioulasso	1985	7	28	209	21.4	29.5	22.4	-999.9	1.2	1.4	96840.1	-999.9
Bobo-Dioulasso	1985	7	29	210	22.8	28.0	15.4	-999.9	9.6	2.0	96781.2	-999.9
Bobo-Dioulasso	1985	7	30	211	21.8	27.2	19.8	-999.9	13.5	2.2	96829.2	-999.9
Bobo-Dioulasso	1985	7	31	212	21.6	28.6	20.8	-999.9	7.0	1.6	96868.3	-999.9
Bobo-Dioulasso	1985	8	1	213	21.9	29.2	22.1	-999.9	7.8	1.5	96813.2	-999.9
Bobo-Dioulasso	1985	8	2	214	22.2	28.1	14.8	-999.9	8.5	1.6	96789.4	-999.9
Bobo-Dioulasso	1985	8	3	215	21.7	27.7	16.2	-999.9	18.4	1.8	96812.3	-999.9
Bobo-Dioulasso	1985	8	4	216	22.1	27.8	15.6	-999.9	4.7	1.3	96806.0	-999.9
Bobo-Dioulasso	1985	8	5	217	21.5	26.3	13.6	-999.9	8.8	1.8	96855.2	-999.9
Bobo-Dioulasso	1985	8	6	218	21.5	28.3	19.0	-999.9	0.0	1.9	96842.5	-999.9
Bobo-Dioulasso	1985	8	7	219	21.3	28.7	20.3	-999.9	4.8	1.4	96748.5	-999.9
Bobo-Dioulasso	1985	8	8	220	21.3	28.0	19.3	-999.9	12.4	1.5	96731.8	-999.9
Bobo-Dioulasso	1985	8	9	221	21.5	28.5	19.1	-999.9	3.4	1.6	96795.9	-999.9
Bobo-Dioulasso	1985	8	10	222	21.4	28.1	19.3	-999.9	2.6	1.7	96774.7	-999.9
Bobo-Dioulasso	1985	8	11	223	22.1	28.4	16.6	-999.9	0.0	2.0	96789.6	-999.9
Bobo-Dioulasso	1985	8	12	224	21.7	27.7	17.8	-999.9	35.6	1.8	96860.6	-999.9
Bobo-Dioulasso	1985	8	13	225	21.4	28.4	18.6	-999.9	20.3	1.4	96762.8	-999.9
Bobo-Dioulasso	1985	8	14	226	21.6	27.2	15.8	-999.9	53.4	1.8	96711.0	-999.9
Bobo-Dioulasso	1985	8	15	227	21.1	28.0	19.6	-999.9	17.8	2.0	96762.7	-999.9
Bobo-Dioulasso	1985	8	16	228	21.2	28.8	20.7	-999.9	0.0	1.8	96681.4	-999.9
Bobo-Dioulasso	1985	8	17	229	21.6	25.0	10.0	-999.9	41.5	1.6	96652.5	-999.9
Bobo-Dioulasso	1985	8	18	230	21.4	26.0	13.6	-999.9	0.0	2.4	96927.8	-999.9
Bobo-Dioulasso	1985	8	19	231	21.0	28.4	20.2	-999.9	0.0	1.2	96987.7	-999.9
Bobo-Dioulasso	1985	8	20	232	21.2	27.5	17.5	-999.9	0.0	1.4	96820.5	-999.9
Bobo-Dioulasso	1985	8	21	233	21.3	28.8	22.6	-999.9	9.7	1.5	96812.0	-999.9
Bobo-Dioulasso	1985	8	22	234	21.1	28.6	19.9	-999.9	9.7	1.5	96821.6	-999.9
Bobo-Dioulasso	1985	8	23	235	21.7	29.8	22.6	-999.9	9.7	1.4	96767.0	-999.9
Bobo-Dioulasso	1985	8	24	236	21.8	29.2	21.7	-999.9	0.0	1.9	96792.5	-999.9
Bobo-Dioulasso	1985	8	25	237	22.2	28.0	16.5	-999.9	19.4	1.9	96930.3	-999.9
Bobo-Dioulasso	1985	8	26	238	21.4	27.7	16.4	-999.9	14.6	1.7	96988.1	-999.9
Bobo-Dioulasso	1985	8	27	239	21.4	27.5	17.2	-999.9	0.0	0.9	97024.9	-999.9
Bobo-Dioulasso	1985	8	28	240	21.0	29.0	18.6	-999.9	0.0	1.5	96903.9	-999.9
Bobo-Dioulasso	1985	8	29	241	21.9	29.9	23.2	-999.9	0.0	1.8	96762.5	-999.9
Bobo-Dioulasso	1985	8	30	242	21.3	28.6	15.6	-999.9	14.6	1.9	96736.5	-999.9
Bobo-Dioulasso	1985	8	31	243	21.6	27.6	16.2	-999.9	0.0	2.3	96816.2	-999.9
Bobo-Dioulasso	1985	9	1	244	21.5	28.2	20.1	-999.9	7.3	1.8	96824.6	-999.9
Bobo-Dioulasso	1985	9	2	245	21.7	28.8	21.4	-999.9	5.9	1.4	96763.1	-999.9
Bobo-Dioulasso	1985	9	3	246	21.4	24.3	8.4	-999.9	7.6	1.8	96657.9	-999.9
Bobo-Dioulasso	1985	9	4	247	20.8	26.1	15.5	-999.9	33.9	2.4	96760.8	-999.9
Bobo-Dioulasso	1985	9	5	248	20.7	28.0	19.2	-999.9	3.3	1.7	96849.9	-999.9
Bobo-Dioulasso	1985	9	6	249	21.4	28.6	20.5	-999.9	9.2	1.9	96758.5	-999.9
Bobo-Dioulasso	1985	9	7	250	21.5	25.8	9.6	-999.9	27.6	2.0	96697.6	-999.9
Bobo-Dioulasso	1985	9	8	251	21.6	26.9	14.0	-999.9	0.0	1.8	96751.1	-999.9
Bobo-Dioulasso	1985	9	9	252	20.5	28.6	19.6	-999.9	0.0	1.6	96656.4	-999.9
Bobo-Dioulasso	1985	9	10	253	21.6	28.1	17.9	-999.9	9.2	1.7	96634.0	-999.9
Bobo-Dioulasso	1985	9	11	254	20.9	27.9	18.5	-999.9	1.8	1.6	96811.9	-999.9
Bobo-Dioulasso	1985	9	12	255	21.7	29.3	22.5	-999.9	0.0	1.4	96815.0	-999.9
Bobo-Dioulasso	1985	9	13	256	21.3	26.0	11.6	-999.9	3.0	1.8	96657.7	-999.9
Bobo-Dioulasso	1985	9	14	257	21.0	26.0	14.7	-999.9	1.4	2.1	96708.4	-999.9
Bobo-Dioulasso	1985	9	15	258	20.5	28.3	21.2	-999.9	0.9	1.6	96796.0	-999.9
Bobo-Dioulasso	1985	9	16	259	22.1	29.1	19.9	-999.9	0.0	1.8	96710.8	-999.9
Bobo-Dioulasso	1985	9	17	260	21.5	26.6	11.5	-999.9	2.0	1.9	96734.4	-999.9
Bobo-Dioulasso	1985	9	18	261	21.0	26.7	13.8	-999.9	33.0	1.4	96868.5	-999.9
Bobo-Dioulasso	1985	9	19	262	21.1	28.3	19.7	-999.9	2.6	1.4	96861.6	-999.9
Bobo-Dioulasso	1985	9	20	263	20.7	29.7	23.0	-999.9	0.0	1.4	96769.8	-999.9
Bobo-Dioulasso	1985	9	21	264	21.5	29.6	22.6	-999.9	3.4	1.7	96760.6	-999.9
Bobo-Dioulasso	1985	9	22	265	21.8	29.5	22.9	-999.9	0.0	1.6	96756.2	-999.9
Bobo-Dioulasso	1985	9	23	266	22.1	29.4	23.3	-999.9	0.0	1.9	96850.3	-999.9
Bobo-Dioulasso	1985	9	24	267	22.0	29.5	22.9	-999.9	1.1	1.4	96845.1	-999.9
Bobo-Dioulasso	1985	9	25	268	21.7	30.1	22.9	-999.9	0.0	1.5	96672.8	-999.9
Bobo-Dioulasso	1985	9	26	269	22.3	25.9	10.4	-999.9	7.4	1.4	96637.3	-999.9
Bobo-Dioulasso	1985	9	27	270	21.1	29.4	21.0	-999.9	16.6	1.9	96673.3	-999.9
Bobo-Dioulasso	1985	9	28	271	21.9	28.6	20.1	-999.9	11.0	1.5	96755.5	-999.9
Bobo-Dioulasso	1985	9	29	272	21.0	28.7	20.1	-999.9	0.0	1.7	96789.7	-999.9
Bobo-Dioulasso	1985	9	30	273	21.4	28.7	21.0	-999.9	4.6	1.3	96830.6	-999.9
Bobo-Dioulasso	1985	10	1	274	22.0	29.9	22.7	-999.9	0.0	1.4	96743.7	-999.9
Bobo-Dioulasso	1985	10	2	275	22.5	29.5	21.6	-999.9	4.7	1.7	96793.5	-999.9
Bobo-Dioulasso	1985	10	3	276	21.9	27.6	16.7	-999.9	14.0	1.7	96905.2	-999.9
Bobo-Dioulasso	1985	10	4	277	21.1	29.0	21.8	-999.9	5.3	1.2	96856.1	-999.9
Bobo-Dioulasso	1985	10	5	278	21.8	29.3	20.2	-999.9	0.0	1.6	96752.8	-999.9
Bobo-Dioulasso	1985	10	6	279	21.5	29.5	22.1	-999.9	0.0	1.6	96802.5	-999.9
Bobo-Dioulasso	1985	10	7	280	22.5	30.4	22.3	-999.9	0.0	1.4	96815.6	-999.9
Bobo-Dioulasso	1985	10	8	281	22.7	31.1	22.4	-999.9	0.0	1.6	96698.5	-999.9
Bobo-Dioulasso	1985	10	9	282	22.6	29.4	20.6	-999.9	0.5	2.2	96610.8	-999.9
Bobo-Dioulasso	1985	10	10	283	21.9	28.7	20.6	-999.9	2.0	1.7	96830.5	-999.9
Bobo-Dioulasso	1985	10	11	284	22.1	29.8	22.5	-999.9	0.0	1.3	96921.2	-999.9
Bobo-Dioulasso	1985	10	12	285	21.8	28.3	17.6	-999.9	25.1	1.6	96936.1	-999.9
Bobo-Dioulasso	1985	10	13	286	21.0	28.7	20.7	-999.9	0.0	1.1	96864.1	-999.9
Bobo-Dioulasso	1985	10	14	287	21.8	30.1	21.7	-999.9	0.0	1.3	96660.3	-999.9
Bobo-Dioulasso	1985	10	15	288	22.5	29.9	21.9	-999.9	0.0	1.5	96613.6	-999.9
Bobo-Dioulasso	1985	10	16	289	21.0	30.2	21.9	-999.9	0.0	1.4	96716.1	-999.9
Bobo-Dioulasso	1985	10	17	290	22.5	30.6	21.9	-999.9	1.5	1.5	96751.3	-999.9
Bobo-Dioulasso	1985	10	18	291	22.3	31.4	21.4	-999.9	0.0	1.3	96638.5	-999.9
Bobo-Dioulasso	1985	10	19	292	22.1	30.3	20.4	-999.9	0.0	1.5	96518.4	-999.9
Bobo-Dioulasso	1985	10	20	293	21.3	30.9	21.9	-999.9	0.0	1.5	96557.4	-999.9
Bobo-Dioulasso	1985	10	21	294	21.9	32.0	21.9	-999.9	0.0	1.5	96675.5	-999.9
Bobo-Dioulasso	1985	10	22	295	19.5	32.5	22.6	-999.9	0.0	1.5	96690.4	-999.9
Bobo-Dioulasso	1985	10	23	296	18.9	32.4	23.0	-999.9	0.0	1.5	96571.9	-999.9
Bobo-Dioulasso	1985	10	24	297	19.7	31.9	22.2	-999.9	0.0	1.7	96471.5	-999.9
Bobo-Dioulasso	1985	10	25	298	20.4	32.0	22.9	-999.9	0.0	1.6	96486.5	-999.9
Bobo-Dioulasso	1985	10	26	299	19.8	32.3	21.2	-999.9	0.0	1.6	96539.8	-999.9
Bobo-Dioulasso	1985	10	27	300	21.8	32.2	20.6	-999.9	0.0	1.6	96540.5	-999.9
Bobo-Dioulasso	1985	10	28	301	21.2	32.7	21.9	-999.9	0.0	1.6	96441.6	-999.9
Bobo-Dioulasso	1985	10	29	302	23.3	32.5	21.6	-999.9	0.0	1.6	96379.4	-999.9
Bobo-Dioulasso	1985	10	30	303	22.5	32.4	21.4	-999.9	0.0	1.8	96489.9	-999.9
Bobo-Dioulasso	1985	10	31	304	22.8	31.7	19.6	-999.9	0.0	1.4	96572.2	-999.9
Bobo-Dioulasso	1985	11	1	305	22.7	32.9	19.4	-999.9	3.9	1.9	96661.7	-999.9
Bobo-Dioulasso	1985	11	2	306	20.6	33.9	22.5	-999.9	0.0	2.5	96701.5	-999.9
Bobo-Dioulasso	1985	11	3	307	18.3	32.8	23.1	-999.9	0.0	2.2	96723.1	-999.9
Bobo-Dioulasso	1985	11	4	308	18.1	33.0	22.8	-999.9	0.0	1.6	96776.4	-999.9
Bobo-Dioulasso	1985	11	5	309	18.0	32.9	22.9	-999.9	0.0	1.8	96823.5	-999.9
Bobo-Dioulasso	1985	11	6	310	18.5	32.8	22.0	-999.9	0.0	1.4	96776.0	-999.9
Bobo-Dioulasso	1985	11	7	311	20.3	32.8	21.9	-999.9	0.0	1.6	96695.3	-999.9
Bobo-Dioulasso	1985	11	8	312	18.3	33.0	22.5	-999.9	0.0	1.4	96679.4	-999.9
Bobo-Dioulasso	1985	11	9	313	21.3	31.8	19.6	-999.9	0.0	2.2	96746.7	-999.9
Bobo-Dioulasso	1985	11	10	314	22.3	32.2	20.1	-999.9	0.0	1.7	96788.3	-999.9
Bobo-Dioulasso	1985	11	11	315	22.9	32.1	18.5	-999.9	0.0	1.5	96631.9	-999.9
Bobo-Dioulasso	1985	11	12	316	22.1	32.7	20.8	-999.9	0.8	1.9	96602.6	-999.9
Bobo-Dioulasso	1985	11	13	317	24.0	31.9	19.0	-999.9	0.0	1.9	96692.6	-999.9
Bobo-Dioulasso	1985	11	14	318	22.0	33.6	20.2	-999.9	0.0	1.7	96642.5	-999.9
Bobo-Dioulasso	1985	11	15	319	20.2	34.3	21.8	-999.9	0.0	2.1	96537.7	-999.9
Bobo-Dioulasso	1985	11	16	320	21.5	34.1	21.7	-999.9	0.0	1.4	96488.4	-999.9
Bobo-Dioulasso	1985	11	17	321	20.9	34.0	20.2	-999.9	0.0	1.7	96565.6	-999.9
Bobo-Dioulasso	1985	11	18	322	23.6	32.5	19.3	-999.9	0.0	2.2	96673.7	-999.9
Bobo-Dioulasso	1985	11	19	323	22.7	31.6	17.7	-999.9	1.6	1.6	96741.7	-999.9
Bobo-Dioulasso	1985	11	20	324	22.0	33.4	20.1	-999.9	1.4	1.5	96603.2	-999.9
Bobo-Dioulasso	1985	11	21	325	21.0	33.9	21.5	-999.9	0.0	1.8	96528.7	-999.9
Bobo-Dioulasso	1985	11	22	326	19.2	33.2	21.6	-999.9	0.0	1.4	96512.6	-999.9
Bobo-Dioulasso	1985	11	23	327	17.9	33.6	21.5	-999.9	0.0	1.5	96499.3	-999.9
Bobo-Dioulasso	1985	11	24	328	18.3	33.7	21.2	-999.9	0.0	1.3	96479.2	-999.9
Bobo-Dioulasso	1985	11	25	329	20.0	33.3	20.3	-999.9	0.0	1.6	96568.6	-999.9
Bobo-Dioulasso	1985	11	26	330	21.5	33.2	19.4	-999.9	0.0	1.7	96612.8	-999.9
Bobo-Dioulasso	1985	11	27	331	21.9	33.6	20.0	-999.9	0.0	1.5	96614.0	-999.9
Bobo-Dioulasso	1985	11	28	332	21.1	34.0	19.1	-999.9	0.0	1.8	96609.0	-999.9
Bobo-Dioulasso	1985	11	29	333	21.1	35.2	21.0	-999.9	0.0	2.4	96571.0	-999.9
Bobo-Dioulasso	1985	11	30	334	19.9	34.7	21.1	-999.9	0.0	2.4	96576.8	-999.9
Bobo-Dioulasso	1985	12	1	335	18.9	33.4	21.1	-999.9	0.0	2.2	96650.1	-999.9
Bobo-Dioulasso	1985	12	2	336	21.2	33.8	20.9	-999.9	0.0	2.4	96743.4	-999.9
Bobo-Dioulasso	1985	12	3	337	20.1	32.1	19.2	-999.9	0.0	2.4	96678.3	-999.9
Bobo-Dioulasso	1985	12	4	338	18.8	31.6	21.2	-999.9	0.0	2.5	96660.8	-999.9
Bobo-Dioulasso	1985	12	5	339	18.1	31.3	21.0	-999.9	0.0	2.4	96786.8	-999.9
Bobo-Dioulasso	1985	12	6	340	18.5	31.7	20.8	-999.9	0.0	2.6	96828.5	-999.9
Bobo-Dioulasso	1985	12	7	341	18.7	31.7	20.6	-999.9	0.0	2.3	96792.7	-999.9
Bobo-Dioulasso	1985	12	8	342	18.8	31.9	20.5	-999.9	0.0	2.0	96691.5	-999.9
Bobo-Dioulasso	1985	12	9	343	18.2	32.0	20.3	-999.9	0.0	1.9	96616.8	-999.9
Bobo-Dioulasso	1985	12	10	344	18.9	30.8	20.1	-999.9	0.0	2.1	96648.2	-999.9
Bobo-Dioulasso	1985	12	11	345	18.4	30.4	20.3	-999.9	0.0	2.4	96760.7	-999.9
Bobo-Dioulasso	1985	12	12	346	18.7	29.4	20.0	-999.9	0.0	2.6	96789.9	-999.9
Bobo-Dioulasso	1985	12	13	347	17.2	27.7	19.3	-999.9	0.0	2.4	96700.3	-999.9
Bobo-Dioulasso	1985	12	14	348	17.2	26.4	20.0	-999.9	0.0	2.6	96740.9	-999.9
Bobo-Dioulasso	1985	12	15	349	15.3	26.2	20.3	-999.9	0.0	2.9	96872.2	-999.9
Bobo-Dioulasso	1985	12	16	350	15.0	25.4	20.1	-999.9	0.0	2.7	97041.2	-999.9
Bobo-Dioulasso	1985	12	17	351	14.3	26.8	20.5	-999.9	0.0	2.0	96970.8	-999.9
Bobo-Dioulasso	1985	12	18	352	15.6	29.4	19.9	-999.9	0.0	1.9	96930.4	-999.9
Bobo-Dioulasso	1985	12	19	353	18.4	30.7	20.3	-999.9	0.0	2.3	96923.3	-999.9
Bobo-Dioulasso	1985	12	20	354	17.5	30.4	20.5	-999.9	0.0	2.7	96806.0	-999.9
Bobo-Dioulasso	1985	12	21	355	17.9	30.1	20.8	-999.9	0.0	2.6	96808.3	-999.9
Bobo-Dioulasso	1985	12	22	356	16.5	30.6	20.7	-999.9	0.0	2.3	96844.8	-999.9
Bobo-Dioulasso	1985	12	23	357	16.9	31.3	21.0	-999.9	0.0	2.6	96842.1	-999.9
Bobo-Dioulasso	1985	12	24	358	16.5	30.9	20.7	-999.9	0.0	2.5	96859.1	-999.9
Bobo-Dioulasso	1985	12	25	359	17.9	30.9	20.7	-999.9	0.0	2.7	96860.2	-999.9
Bobo-Dioulasso	1985	12	26	360	18.2	31.9	20.6	-999.9	0.0	2.4	96783.4	-999.9
Bobo-Dioulasso	1985	12	27	361	18.6	32.3	20.3	-999.9	0.0	2.1	96638.5	-999.9
Bobo-Dioulasso	1985	12	28	362	19.3	33.4	20.1	-999.9	0.0	1.5	96495.5	-999.9
Bobo-Dioulasso	1985	12	29	363	19.7	33.9	19.8	-999.9	0.0	1.3	96443.4	-999.9
Bobo-Dioulasso	1985	12	30	364	21.0	33.9	20.2	-999.9	0.0	1.9	96612.4	-999.9
Bobo-Dioulasso	1985	12	31	365	20.7	33.1	20.6	-999.9	0.0	2.9	96784.7	-999.9
