Bobo-Dioulasso	2015	1	1	1	15.9	29.6	20.9	-999.9	0.0	2.5	96998.6	-999.9
Bobo-Dioulasso	2015	1	2	2	18.0	30.9	20.0	-999.9	0.0	2.4	97004.0	-999.9
Bobo-Dioulasso	2015	1	3	3	18.2	31.9	20.5	-999.9	0.0	2.7	97090.0	-999.9
Bobo-Dioulasso	2015	1	4	4	18.1	31.2	20.7	-999.9	0.0	2.8	97187.0	-999.9
Bobo-Dioulasso	2015	1	5	5	17.5	30.8	20.9	-999.9	0.0	2.6	97136.2	-999.9
Bobo-Dioulasso	2015	1	6	6	15.5	30.1	21.3	-999.9	0.0	2.2	97025.6	-999.9
Bobo-Dioulasso	2015	1	7	7	15.9	30.8	21.3	-999.9	0.0	2.1	96970.9	-999.9
Bobo-Dioulasso	2015	1	8	8	16.5	31.7	21.2	-999.9	0.0	2.2	96994.5	-999.9
Bobo-Dioulasso	2015	1	9	9	18.0	32.4	21.0	-999.9	0.0	2.6	97066.4	-999.9
Bobo-Dioulasso	2015	1	10	10	18.9	31.7	21.4	-999.9	0.0	3.0	97166.3	-999.9
Bobo-Dioulasso	2015	1	11	11	16.8	31.1	21.6	-999.9	0.0	2.4	97145.4	-999.9
Bobo-Dioulasso	2015	1	12	12	16.8	31.1	21.6	-999.9	0.0	2.5	97061.1	-999.9
Bobo-Dioulasso	2015	1	13	13	17.0	30.4	21.4	-999.9	0.0	2.5	96970.4	-999.9
Bobo-Dioulasso	2015	1	14	14	15.4	30.9	21.7	-999.9	0.0	2.1	96891.0	-999.9
Bobo-Dioulasso	2015	1	15	15	16.3	31.9	21.4	-999.9	0.0	2.0	96943.7	-999.9
Bobo-Dioulasso	2015	1	16	16	16.9	33.0	21.2	-999.9	0.0	1.8	96934.2	-999.9
Bobo-Dioulasso	2015	1	17	17	18.7	33.9	21.2	-999.9	0.0	2.1	96932.7	-999.9
Bobo-Dioulasso	2015	1	18	18	19.2	33.8	21.4	-999.9	0.0	2.2	96936.1	-999.9
Bobo-Dioulasso	2015	1	19	19	18.7	33.9	21.5	-999.9	0.0	2.1	96789.0	-999.9
Bobo-Dioulasso	2015	1	20	20	18.1	34.6	21.4	-999.9	0.0	1.5	96581.3	-999.9
Bobo-Dioulasso	2015	1	21	21	18.0	33.8	21.3	-999.9	0.0	1.8	96703.7	-999.9
Bobo-Dioulasso	2015	1	22	22	20.3	34.0	19.6	-999.9	0.0	1.9	96878.5	-999.9
Bobo-Dioulasso	2015	1	23	23	20.5	35.4	21.5	-999.9	0.0	2.5	96823.0	-999.9
Bobo-Dioulasso	2015	1	24	24	20.7	35.4	21.6	-999.9	0.0	2.4	96664.6	-999.9
Bobo-Dioulasso	2015	1	25	25	19.6	35.0	21.5	-999.9	0.0	1.9	96597.9	-999.9
Bobo-Dioulasso	2015	1	26	26	19.9	34.1	21.7	-999.9	0.0	2.4	96794.0	-999.9
Bobo-Dioulasso	2015	1	27	27	19.3	33.7	21.9	-999.9	0.0	2.6	96857.9	-999.9
Bobo-Dioulasso	2015	1	28	28	20.0	33.0	22.1	-999.9	0.0	2.8	96825.3	-999.9
Bobo-Dioulasso	2015	1	29	29	18.7	33.3	22.3	-999.9	0.0	2.5	96789.0	-999.9
Bobo-Dioulasso	2015	1	30	30	18.3	34.2	22.2	-999.9	0.0	2.0	96766.9	-999.9
Bobo-Dioulasso	2015	1	31	31	18.3	34.7	22.2	-999.9	0.0	1.7	96762.6	-999.9
Bobo-Dioulasso	2015	2	1	32	18.9	35.7	22.1	-999.9	0.0	1.8	96688.7	-999.9
Bobo-Dioulasso	2015	2	2	33	19.0	36.1	22.2	-999.9	0.0	1.7	96630.6	-999.9
Bobo-Dioulasso	2015	2	3	34	19.8	37.2	22.4	-999.9	0.0	1.7	96576.1	-999.9
Bobo-Dioulasso	2015	2	4	35	20.3	36.7	22.3	-999.9	0.0	1.8	96593.4	-999.9
Bobo-Dioulasso	2015	2	5	36	22.0	37.7	22.2	-999.9	0.0	2.1	96543.5	-999.9
Bobo-Dioulasso	2015	2	6	37	22.7	37.0	22.6	-999.9	0.0	2.0	96544.7	-999.9
Bobo-Dioulasso	2015	2	7	38	19.7	37.1	22.2	-999.9	0.0	1.9	96591.1	-999.9
Bobo-Dioulasso	2015	2	8	39	20.9	37.7	22.5	-999.9	0.0	2.2	96535.0	-999.9
Bobo-Dioulasso	2015	2	9	40	21.7	37.2	21.9	-999.9	0.0	1.8	96462.8	-999.9
Bobo-Dioulasso	2015	2	10	41	25.7	37.2	20.4	-999.9	0.0	1.9	96431.2	-999.9
Bobo-Dioulasso	2015	2	11	42	26.3	36.7	18.0	-999.9	0.8	2.1	96543.9	-999.9
Bobo-Dioulasso	2015	2	12	43	25.2	36.8	20.4	-999.9	0.0	2.0	96719.0	-999.9
Bobo-Dioulasso	2015	2	13	44	25.6	35.6	16.7	-999.9	0.0	1.5	96746.7	-999.9
Bobo-Dioulasso	2015	2	14	45	23.5	37.1	20.9	-999.9	0.0	1.7	96668.2	-999.9
Bobo-Dioulasso	2015	2	15	46	23.5	36.7	21.8	-999.9	0.0	1.3	96637.4	-999.9
Bobo-Dioulasso	2015	2	16	47	23.7	36.0	21.1	-999.9	0.0	1.8	96690.4	-999.9
Bobo-Dioulasso	2015	2	17	48	22.2	35.3	22.6	-999.9	0.0	1.9	96621.3	-999.9
Bobo-Dioulasso	2015	2	18	49	21.5	36.2	23.3	-999.9	0.0	1.6	96412.5	-999.9
Bobo-Dioulasso	2015	2	19	50	21.4	36.1	22.8	-999.9	0.0	1.7	96383.4	-999.9
Bobo-Dioulasso	2015	2	20	51	22.9	31.2	18.3	-999.9	0.0	1.6	96502.2	-999.9
Bobo-Dioulasso	2015	2	21	52	22.8	29.1	14.2	-999.9	0.0	1.1	96646.2	-999.9
Bobo-Dioulasso	2015	2	22	53	22.5	33.6	21.2	-999.9	1.5	2.5	96749.9	-999.9
Bobo-Dioulasso	2015	2	23	54	22.6	33.7	23.2	-999.9	0.0	2.9	96874.4	-999.9
Bobo-Dioulasso	2015	2	24	55	21.2	34.5	23.6	-999.9	0.0	2.7	96856.1	-999.9
Bobo-Dioulasso	2015	2	25	56	22.5	35.2	22.6	-999.9	0.0	2.5	96658.4	-999.9
Bobo-Dioulasso	2015	2	26	57	21.0	34.3	24.2	-999.9	0.0	3.1	96588.4	-999.9
Bobo-Dioulasso	2015	2	27	58	20.8	33.9	24.3	-999.9	0.0	3.2	96727.1	-999.9
Bobo-Dioulasso	2015	2	28	59	19.8	34.4	24.5	-999.9	0.0	2.8	96832.3	-999.9
Bobo-Dioulasso	2015	3	1	60	20.9	34.3	24.5	-999.9	0.0	3.0	96835.1	-999.9
Bobo-Dioulasso	2015	3	2	61	20.3	34.6	24.6	-999.9	0.0	2.9	96769.4	-999.9
Bobo-Dioulasso	2015	3	3	62	20.5	35.4	24.7	-999.9	0.0	2.5	96682.0	-999.9
Bobo-Dioulasso	2015	3	4	63	20.7	36.5	24.4	-999.9	0.0	2.3	96653.9	-999.9
Bobo-Dioulasso	2015	3	5	64	21.7	36.8	24.6	-999.9	0.0	2.2	96632.5	-999.9
Bobo-Dioulasso	2015	3	6	65	22.3	37.4	24.6	-999.9	0.0	2.3	96610.3	-999.9
Bobo-Dioulasso	2015	3	7	66	22.7	37.8	24.9	-999.9	0.0	1.9	96571.5	-999.9
Bobo-Dioulasso	2015	3	8	67	21.5	36.9	25.1	-999.9	0.0	1.9	96529.8	-999.9
Bobo-Dioulasso	2015	3	9	68	20.6	37.4	25.0	-999.9	0.0	1.8	96538.8	-999.9
Bobo-Dioulasso	2015	3	10	69	21.6	37.5	24.2	-999.9	0.0	1.8	96541.2	-999.9
Bobo-Dioulasso	2015	3	11	70	24.8	38.0	21.9	-999.9	0.0	2.0	96556.3	-999.9
Bobo-Dioulasso	2015	3	12	71	24.9	37.8	24.0	-999.9	0.0	1.7	96421.8	-999.9
Bobo-Dioulasso	2015	3	13	72	23.4	38.0	24.8	-999.9	0.0	1.5	96357.2	-999.9
Bobo-Dioulasso	2015	3	14	73	25.7	37.1	22.8	-999.9	0.0	1.8	96351.0	-999.9
Bobo-Dioulasso	2015	3	15	74	25.5	38.0	22.7	-999.9	6.2	1.2	96356.9	-999.9
Bobo-Dioulasso	2015	3	16	75	27.1	37.9	22.3	-999.9	0.0	1.3	96436.1	-999.9
Bobo-Dioulasso	2015	3	17	76	26.3	36.7	19.6	-999.9	0.0	2.0	96479.4	-999.9
Bobo-Dioulasso	2015	3	18	77	26.4	34.0	18.8	-999.9	0.0	2.5	96513.3	-999.9
Bobo-Dioulasso	2015	3	19	78	26.3	37.0	20.1	-999.9	1.6	2.4	96419.4	-999.9
Bobo-Dioulasso	2015	3	20	79	25.8	37.0	24.3	-999.9	0.0	2.7	96366.6	-999.9
Bobo-Dioulasso	2015	3	21	80	26.4	37.5	23.9	-999.9	0.0	2.3	96408.6	-999.9
Bobo-Dioulasso	2015	3	22	81	27.6	37.2	21.8	-999.9	0.0	2.5	96462.5	-999.9
Bobo-Dioulasso	2015	3	23	82	25.6	36.0	19.2	-999.9	4.0	2.6	96510.0	-999.9
Bobo-Dioulasso	2015	3	24	83	25.9	37.4	23.7	-999.9	0.0	2.3	96425.8	-999.9
Bobo-Dioulasso	2015	3	25	84	25.0	36.8	24.4	-999.9	0.0	1.5	96487.1	-999.9
Bobo-Dioulasso	2015	3	26	85	26.1	36.9	24.3	-999.9	0.0	2.4	96677.1	-999.9
Bobo-Dioulasso	2015	3	27	86	25.4	36.1	21.6	-999.9	0.0	1.8	96879.4	-999.9
Bobo-Dioulasso	2015	3	28	87	25.4	37.2	25.2	-999.9	0.0	2.2	96817.4	-999.9
Bobo-Dioulasso	2015	3	29	88	23.0	35.8	26.2	-999.9	0.0	2.2	96685.0	-999.9
Bobo-Dioulasso	2015	3	30	89	22.4	36.0	26.6	-999.9	0.0	2.1	96617.6	-999.9
Bobo-Dioulasso	2015	3	31	90	19.8	36.6	26.7	-999.9	0.0	1.4	96634.0	-999.9
Bobo-Dioulasso	2015	4	1	91	20.9	36.7	25.5	-999.9	0.0	1.9	96606.9	-999.9
Bobo-Dioulasso	2015	4	2	92	26.8	36.3	22.2	-999.9	0.0	2.2	96686.7	-999.9
Bobo-Dioulasso	2015	4	3	93	26.5	37.9	25.2	-999.9	0.0	2.3	96544.9	-999.9
Bobo-Dioulasso	2015	4	4	94	23.1	37.7	25.7	-999.9	0.0	1.4	96431.4	-999.9
Bobo-Dioulasso	2015	4	5	95	26.4	37.5	24.2	-999.9	0.0	2.4	96397.0	-999.9
Bobo-Dioulasso	2015	4	6	96	26.4	36.4	21.8	-999.9	0.0	2.3	96485.1	-999.9
Bobo-Dioulasso	2015	4	7	97	28.0	37.5	21.4	-999.9	1.6	2.1	96547.5	-999.9
Bobo-Dioulasso	2015	4	8	98	26.6	37.3	21.4	-999.9	1.6	2.0	96572.8	-999.9
Bobo-Dioulasso	2015	4	9	99	26.0	39.7	25.5	-999.9	0.0	2.7	96508.6	-999.9
Bobo-Dioulasso	2015	4	10	100	23.8	39.0	26.2	-999.9	0.0	2.1	96543.5	-999.9
Bobo-Dioulasso	2015	4	11	101	23.5	38.5	26.0	-999.9	0.0	1.7	96511.5	-999.9
Bobo-Dioulasso	2015	4	12	102	27.1	36.3	22.4	-999.9	0.0	2.8	96703.1	-999.9
Bobo-Dioulasso	2015	4	13	103	26.2	37.3	25.0	-999.9	0.0	2.3	96800.3	-999.9
Bobo-Dioulasso	2015	4	14	104	22.8	37.7	26.8	-999.9	0.0	2.4	96706.3	-999.9
Bobo-Dioulasso	2015	4	15	105	21.1	37.0	27.1	-999.9	0.0	2.2	96580.7	-999.9
Bobo-Dioulasso	2015	4	16	106	21.4	36.8	26.4	-999.9	0.0	2.0	96638.2	-999.9
Bobo-Dioulasso	2015	4	17	107	21.3	37.2	26.8	-999.9	0.0	2.1	96687.8	-999.9
Bobo-Dioulasso	2015	4	18	108	21.0	37.0	26.3	-999.9	0.0	1.8	96638.6	-999.9
Bobo-Dioulasso	2015	4	19	109	24.0	38.0	25.1	-999.9	0.0	2.1	96513.7	-999.9
Bobo-Dioulasso	2015	4	20	110	26.6	38.4	24.9	-999.9	0.0	2.2	96490.3	-999.9
Bobo-Dioulasso	2015	4	21	111	26.6	38.6	24.4	-999.9	0.0	2.2	96473.4	-999.9
Bobo-Dioulasso	2015	4	22	112	27.6	38.6	24.5	-999.9	0.0	2.1	96526.8	-999.9
Bobo-Dioulasso	2015	4	23	113	27.1	39.0	25.9	-999.9	0.0	2.1	96534.4	-999.9
Bobo-Dioulasso	2015	4	24	114	28.0	38.9	24.7	-999.9	0.0	2.3	96541.1	-999.9
Bobo-Dioulasso	2015	4	25	115	27.5	38.2	23.7	-999.9	0.0	2.6	96627.8	-999.9
Bobo-Dioulasso	2015	4	26	116	27.8	37.7	23.7	-999.9	0.0	2.7	96611.4	-999.9
Bobo-Dioulasso	2015	4	27	117	26.7	36.0	21.9	-999.9	2.9	2.3	96672.0	-999.9
Bobo-Dioulasso	2015	4	28	118	27.1	37.6	22.6	-999.9	0.0	2.2	96562.9	-999.9
Bobo-Dioulasso	2015	4	29	119	26.8	38.1	24.4	-999.9	0.0	2.4	96514.2	-999.9
Bobo-Dioulasso	2015	4	30	120	27.8	38.9	24.6	-999.9	1.4	2.5	96417.5	-999.9
Bobo-Dioulasso	2015	5	1	121	28.2	38.7	24.4	-999.9	0.0	2.6	96374.1	-999.9
Bobo-Dioulasso	2015	5	2	122	28.3	38.8	23.6	-999.9	0.0	2.7	96375.4	-999.9
Bobo-Dioulasso	2015	5	3	123	27.7	36.8	16.6	-999.9	5.9	2.5	96447.9	-999.9
Bobo-Dioulasso	2015	5	4	124	25.9	34.4	19.1	-999.9	8.9	2.9	96567.9	-999.9
Bobo-Dioulasso	2015	5	5	125	27.1	37.3	22.4	-999.9	0.0	2.9	96556.0	-999.9
Bobo-Dioulasso	2015	5	6	126	26.1	37.5	23.2	-999.9	0.0	2.5	96652.2	-999.9
Bobo-Dioulasso	2015	5	7	127	27.4	38.2	22.6	-999.9	3.0	2.4	96550.5	-999.9
Bobo-Dioulasso	2015	5	8	128	27.7	37.8	23.9	-999.9	9.1	3.1	96635.0	-999.9
Bobo-Dioulasso	2015	5	9	129	27.3	36.6	23.3	-999.9	6.0	2.8	96683.9	-999.9
Bobo-Dioulasso	2015	5	10	130	25.8	36.1	23.6	-999.9	3.0	2.5	96642.2	-999.9
Bobo-Dioulasso	2015	5	11	131	25.9	33.5	22.8	-999.9	3.0	2.1	96630.0	-999.9
Bobo-Dioulasso	2015	5	12	132	25.7	35.9	23.6	-999.9	0.0	2.1	96668.8	-999.9
Bobo-Dioulasso	2015	5	13	133	26.1	36.3	23.0	-999.9	0.0	1.8	96647.5	-999.9
Bobo-Dioulasso	2015	5	14	134	26.2	37.1	23.5	-999.9	0.0	2.0	96498.9	-999.9
Bobo-Dioulasso	2015	5	15	135	26.8	36.7	23.8	-999.9	0.0	2.6	96573.7	-999.9
Bobo-Dioulasso	2015	5	16	136	26.9	35.9	22.9	-999.9	0.0	2.2	96731.8	-999.9
Bobo-Dioulasso	2015	5	17	137	26.9	37.4	23.0	-999.9	3.5	2.3	96660.2	-999.9
Bobo-Dioulasso	2015	5	18	138	27.1	36.0	23.1	-999.9	0.0	2.2	96667.0	-999.9
Bobo-Dioulasso	2015	5	19	139	24.4	33.3	17.6	-999.9	10.6	2.1	96728.0	-999.9
Bobo-Dioulasso	2015	5	20	140	24.9	34.4	24.3	-999.9	3.5	1.9	96705.3	-999.9
Bobo-Dioulasso	2015	5	21	141	24.5	35.0	24.2	-999.9	0.0	1.9	96768.3	-999.9
Bobo-Dioulasso	2015	5	22	142	25.7	35.1	23.2	-999.9	0.0	2.1	96782.6	-999.9
Bobo-Dioulasso	2015	5	23	143	24.8	34.6	22.8	-999.9	0.0	3.0	96736.8	-999.9
Bobo-Dioulasso	2015	5	24	144	24.9	34.9	23.5	-999.9	8.0	2.5	96792.4	-999.9
Bobo-Dioulasso	2015	5	25	145	25.0	36.3	24.4	-999.9	0.0	2.0	96690.2	-999.9
Bobo-Dioulasso	2015	5	26	146	25.5	36.4	23.4	-999.9	0.0	1.9	96585.3	-999.9
Bobo-Dioulasso	2015	5	27	147	25.8	36.8	23.2	-999.9	4.9	2.8	96568.9	-999.9
Bobo-Dioulasso	2015	5	28	148	25.7	36.3	24.5	-999.9	4.9	2.5	96583.5	-999.9
Bobo-Dioulasso	2015	5	29	149	26.1	36.7	24.5	-999.9	4.9	2.7	96555.0	-999.9
Bobo-Dioulasso	2015	5	30	150	26.5	36.2	24.9	-999.9	0.0	2.7	96570.5	-999.9
Bobo-Dioulasso	2015	5	31	151	26.8	36.9	24.5	-999.9	0.0	2.5	96574.5	-999.9
Bobo-Dioulasso	2015	6	1	152	27.1	35.5	23.5	-999.9	11.5	2.5	96559.3	-999.9
Bobo-Dioulasso	2015	6	2	153	26.1	33.9	20.7	-999.9	0.0	2.3	96601.2	-999.9
Bobo-Dioulasso	2015	6	3	154	25.8	32.9	22.0	-999.9	7.7	2.2	96774.5	-999.9
Bobo-Dioulasso	2015	6	4	155	24.5	34.1	23.5	-999.9	3.8	1.6	96804.3	-999.9
Bobo-Dioulasso	2015	6	5	156	23.6	33.1	23.1	-999.9	7.7	2.2	96764.3	-999.9
Bobo-Dioulasso	2015	6	6	157	24.3	34.2	24.3	-999.9	0.0	2.3	96658.3	-999.9
Bobo-Dioulasso	2015	6	7	158	24.6	35.2	24.4	-999.9	2.6	2.5	96659.9	-999.9
Bobo-Dioulasso	2015	6	8	159	24.6	33.4	23.9	-999.9	2.6	2.5	96648.2	-999.9
Bobo-Dioulasso	2015	6	9	160	25.2	33.4	22.9	-999.9	2.6	2.4	96703.3	-999.9
Bobo-Dioulasso	2015	6	10	161	23.6	32.2	22.9	-999.9	0.0	1.8	96872.6	-999.9
Bobo-Dioulasso	2015	6	11	162	24.0	33.4	21.8	-999.9	11.0	1.9	96854.4	-999.9
Bobo-Dioulasso	2015	6	12	163	25.2	34.2	24.3	-999.9	0.0	2.0	96760.5	-999.9
Bobo-Dioulasso	2015	6	13	164	25.3	34.3	23.8	-999.9	11.0	2.9	96697.5	-999.9
Bobo-Dioulasso	2015	6	14	165	24.7	31.9	17.9	-999.9	0.0	2.5	96748.2	-999.9
Bobo-Dioulasso	2015	6	15	166	24.3	33.7	24.5	-999.9	0.0	2.1	96826.7	-999.9
Bobo-Dioulasso	2015	6	16	167	24.9	33.0	23.6	-999.9	3.8	2.1	96794.3	-999.9
Bobo-Dioulasso	2015	6	17	168	25.7	33.5	24.3	-999.9	0.0	2.4	96712.2	-999.9
Bobo-Dioulasso	2015	6	18	169	26.1	33.9	23.1	-999.9	3.8	2.8	96627.7	-999.9
Bobo-Dioulasso	2015	6	19	170	24.4	31.7	18.3	-999.9	3.8	2.8	96747.4	-999.9
Bobo-Dioulasso	2015	6	20	171	24.1	33.4	24.3	-999.9	0.0	2.2	96858.4	-999.9
Bobo-Dioulasso	2015	6	21	172	23.2	33.2	24.1	-999.9	21.8	2.5	96931.1	-999.9
Bobo-Dioulasso	2015	6	22	173	24.7	33.6	23.4	-999.9	0.0	2.9	96950.4	-999.9
Bobo-Dioulasso	2015	6	23	174	24.7	32.0	20.0	-999.9	0.0	2.9	97033.1	-999.9
Bobo-Dioulasso	2015	6	24	175	24.7	33.3	23.7	-999.9	10.9	2.1	97088.0	-999.9
Bobo-Dioulasso	2015	6	25	176	23.9	32.0	21.8	-999.9	0.0	2.4	97167.4	-999.9
Bobo-Dioulasso	2015	6	26	177	24.1	30.6	21.1	-999.9	0.0	2.7	96994.0	-999.9
Bobo-Dioulasso	2015	6	27	178	24.2	31.3	21.9	-999.9	0.0	2.4	96887.4	-999.9
Bobo-Dioulasso	2015	6	28	179	22.8	30.8	21.8	-999.9	0.0	2.2	96968.3	-999.9
Bobo-Dioulasso	2015	6	29	180	23.2	31.4	23.7	-999.9	0.0	2.0	96990.1	-999.9
Bobo-Dioulasso	2015	6	30	181	23.9	31.1	23.6	-999.9	5.9	1.9	96942.4	-999.9
Bobo-Dioulasso	2015	7	1	182	23.0	32.0	24.4	-999.9	0.0	1.9	96914.1	-999.9
Bobo-Dioulasso	2015	7	2	183	23.0	31.8	23.7	-999.9	9.9	2.5	96832.9	-999.9
Bobo-Dioulasso	2015	7	3	184	24.1	31.9	21.7	-999.9	4.9	2.4	96789.0	-999.9
Bobo-Dioulasso	2015	7	4	185	23.9	31.6	23.1	-999.9	0.0	2.4	96843.4	-999.9
Bobo-Dioulasso	2015	7	5	186	23.8	32.3	23.1	-999.9	4.9	2.0	96765.7	-999.9
Bobo-Dioulasso	2015	7	6	187	23.5	30.8	19.8	-999.9	14.8	1.6	96757.7	-999.9
Bobo-Dioulasso	2015	7	7	188	23.7	32.0	21.8	-999.9	0.0	1.5	96807.2	-999.9
Bobo-Dioulasso	2015	7	8	189	23.7	31.7	22.0	-999.9	29.6	1.1	96832.7	-999.9
Bobo-Dioulasso	2015	7	9	190	23.2	29.3	18.1	-999.9	29.6	1.4	96940.2	-999.9
Bobo-Dioulasso	2015	7	10	191	22.4	30.4	20.9	-999.9	14.8	1.5	97021.2	-999.9
Bobo-Dioulasso	2015	7	11	192	22.1	30.7	23.4	-999.9	7.2	1.5	97036.0	-999.9
Bobo-Dioulasso	2015	7	12	193	22.8	30.7	21.4	-999.9	14.4	1.7	96981.5	-999.9
Bobo-Dioulasso	2015	7	13	194	23.3	30.2	19.8	-999.9	0.0	1.3	96859.6	-999.9
Bobo-Dioulasso	2015	7	14	195	23.2	31.9	23.9	-999.9	0.0	2.1	96745.0	-999.9
Bobo-Dioulasso	2015	7	15	196	24.0	31.0	21.6	-999.9	14.4	2.5	96737.2	-999.9
Bobo-Dioulasso	2015	7	16	197	22.8	29.2	17.2	-999.9	10.8	2.5	96859.8	-999.9
Bobo-Dioulasso	2015	7	17	198	22.7	29.8	19.0	-999.9	0.0	1.8	96952.1	-999.9
Bobo-Dioulasso	2015	7	18	199	23.5	30.3	19.3	-999.9	0.0	1.4	96894.0	-999.9
Bobo-Dioulasso	2015	7	19	200	23.0	31.2	22.4	-999.9	0.0	2.6	96783.7	-999.9
Bobo-Dioulasso	2015	7	20	201	23.6	30.1	16.7	-999.9	21.6	2.0	96802.3	-999.9
Bobo-Dioulasso	2015	7	21	202	22.6	28.9	17.5	-999.9	0.0	1.6	96841.3	-999.9
Bobo-Dioulasso	2015	7	22	203	22.3	28.3	15.6	-999.9	0.0	2.6	96937.8	-999.9
Bobo-Dioulasso	2015	7	23	204	22.0	27.9	16.5	-999.9	0.0	2.5	96925.5	-999.9
Bobo-Dioulasso	2015	7	24	205	22.8	29.1	18.7	-999.9	0.0	1.9	96892.5	-999.9
Bobo-Dioulasso	2015	7	25	206	22.1	29.2	21.3	-999.9	6.5	2.1	96888.9	-999.9
Bobo-Dioulasso	2015	7	26	207	22.5	29.3	21.9	-999.9	0.0	1.8	96934.1	-999.9
Bobo-Dioulasso	2015	7	27	208	22.9	29.3	21.7	-999.9	0.0	2.0	96850.9	-999.9
Bobo-Dioulasso	2015	7	28	209	22.2	26.0	8.9	-999.9	40.5	2.1	96862.5	-999.9
Bobo-Dioulasso	2015	7	29	210	21.4	28.5	19.4	-999.9	0.0	2.3	96983.9	-999.9
Bobo-Dioulasso	2015	7	30	211	22.2	29.4	21.0	-999.9	0.0	2.0	96964.6	-999.9
Bobo-Dioulasso	2015	7	31	212	22.5	29.3	18.9	-999.9	0.0	2.1	96899.7	-999.9
Bobo-Dioulasso	2015	8	1	213	22.2	29.2	21.1	-999.9	0.0	1.7	96848.6	-999.9
Bobo-Dioulasso	2015	8	2	214	22.5	28.4	15.0	-999.9	23.3	1.4	96879.3	-999.9
Bobo-Dioulasso	2015	8	3	215	22.3	28.5	17.8	-999.9	0.0	1.9	96899.3	-999.9
Bobo-Dioulasso	2015	8	4	216	22.2	29.1	20.3	-999.9	0.0	2.7	96855.8	-999.9
Bobo-Dioulasso	2015	8	5	217	23.0	28.8	17.9	-999.9	7.8	1.8	96848.8	-999.9
Bobo-Dioulasso	2015	8	6	218	22.5	27.2	15.4	-999.9	16.5	1.9	96749.5	-999.9
Bobo-Dioulasso	2015	8	7	219	21.7	26.9	14.4	-999.9	0.0	2.2	96646.9	-999.9
Bobo-Dioulasso	2015	8	8	220	21.9	27.8	15.6	-999.9	0.0	2.5	96762.4	-999.9
Bobo-Dioulasso	2015	8	9	221	21.8	29.0	21.5	-999.9	0.0	1.7	96852.3	-999.9
Bobo-Dioulasso	2015	8	10	222	22.2	28.9	16.9	-999.9	32.9	1.6	96767.0	-999.9
Bobo-Dioulasso	2015	8	11	223	22.3	25.5	8.9	-999.9	0.0	2.1	96726.1	-999.9
Bobo-Dioulasso	2015	8	12	224	22.1	28.5	18.8	-999.9	0.0	2.5	97018.2	-999.9
Bobo-Dioulasso	2015	8	13	225	22.3	26.4	11.1	-999.9	18.9	1.4	96989.0	-999.9
Bobo-Dioulasso	2015	8	14	226	21.4	30.0	21.5	-999.9	37.8	1.5	96833.6	-999.9
Bobo-Dioulasso	2015	8	15	227	22.7	28.5	18.7	-999.9	0.0	1.9	96821.2	-999.9
Bobo-Dioulasso	2015	8	16	228	22.5	28.8	19.6	-999.9	0.0	2.5	96963.4	-999.9
Bobo-Dioulasso	2015	8	17	229	22.4	29.7	22.9	-999.9	9.8	1.7	96912.3	-999.9
Bobo-Dioulasso	2015	8	18	230	22.1	24.1	6.9	-999.9	9.8	1.1	96797.2	-999.9
Bobo-Dioulasso	2015	8	19	231	21.5	28.8	17.0	-999.9	0.0	1.7	96753.4	-999.9
Bobo-Dioulasso	2015	8	20	232	22.2	28.6	19.3	-999.9	29.5	1.3	96783.0	-999.9
Bobo-Dioulasso	2015	8	21	233	21.5	29.2	21.4	-999.9	27.4	1.5	96784.4	-999.9
Bobo-Dioulasso	2015	8	22	234	21.7	25.9	11.5	-999.9	0.0	2.0	96843.7	-999.9
Bobo-Dioulasso	2015	8	23	235	20.8	29.2	17.4	-999.9	0.0	1.3	96826.2	-999.9
Bobo-Dioulasso	2015	8	24	236	22.6	29.9	23.1	-999.9	0.0	1.8	96743.9	-999.9
Bobo-Dioulasso	2015	8	25	237	22.6	28.1	14.3	-999.9	41.1	2.5	96843.0	-999.9
Bobo-Dioulasso	2015	8	26	238	22.1	28.9	20.1	-999.9	0.0	1.8	96885.2	-999.9
Bobo-Dioulasso	2015	8	27	239	22.0	26.0	10.2	-999.9	15.8	1.6	96720.7	-999.9
Bobo-Dioulasso	2015	8	28	240	21.3	28.2	19.3	-999.9	0.0	1.9	96705.5	-999.9
Bobo-Dioulasso	2015	8	29	241	22.2	28.7	20.3	-999.9	0.0	2.2	96914.2	-999.9
Bobo-Dioulasso	2015	8	30	242	21.9	28.3	18.0	-999.9	23.7	1.8	96998.3	-999.9
Bobo-Dioulasso	2015	8	31	243	22.5	28.7	17.2	-999.9	0.0	1.9	96991.9	-999.9
Bobo-Dioulasso	2015	9	1	244	21.8	28.6	19.0	-999.9	37.7	1.9	96896.1	-999.9
Bobo-Dioulasso	2015	9	2	245	22.2	27.5	15.5	-999.9	18.9	2.0	96902.7	-999.9
Bobo-Dioulasso	2015	9	3	246	21.5	28.9	17.1	-999.9	0.0	1.9	96913.5	-999.9
Bobo-Dioulasso	2015	9	4	247	22.6	29.0	19.5	-999.9	37.7	1.2	96859.2	-999.9
Bobo-Dioulasso	2015	9	5	248	22.3	29.3	20.5	-999.9	18.9	1.6	96936.7	-999.9
Bobo-Dioulasso	2015	9	6	249	21.9	28.3	16.8	-999.9	22.7	1.6	96974.4	-999.9
Bobo-Dioulasso	2015	9	7	250	22.0	28.2	12.5	-999.9	0.0	1.9	96954.2	-999.9
Bobo-Dioulasso	2015	9	8	251	22.1	29.3	20.0	-999.9	11.4	1.2	96771.3	-999.9
Bobo-Dioulasso	2015	9	9	252	22.6	28.9	20.5	-999.9	0.0	1.7	96684.8	-999.9
Bobo-Dioulasso	2015	9	10	253	22.3	28.6	20.3	-999.9	0.0	1.9	96800.5	-999.9
Bobo-Dioulasso	2015	9	11	254	22.2	30.0	22.8	-999.9	0.0	1.3	96838.6	-999.9
Bobo-Dioulasso	2015	9	12	255	22.6	29.9	20.9	-999.9	12.0	1.4	96745.5	-999.9
Bobo-Dioulasso	2015	9	13	256	23.0	29.6	21.5	-999.9	0.0	1.7	96776.3	-999.9
Bobo-Dioulasso	2015	9	14	257	23.4	29.0	19.8	-999.9	48.2	1.7	96902.8	-999.9
Bobo-Dioulasso	2015	9	15	258	22.7	29.7	20.5	-999.9	0.0	1.5	96914.9	-999.9
Bobo-Dioulasso	2015	9	16	259	22.2	29.0	18.7	-999.9	29.0	1.7	96850.2	-999.9
Bobo-Dioulasso	2015	9	17	260	22.4	29.6	21.2	-999.9	0.0	1.6	96759.0	-999.9
Bobo-Dioulasso	2015	9	18	261	22.1	28.8	18.4	-999.9	0.0	1.3	96718.5	-999.9
Bobo-Dioulasso	2015	9	19	262	22.0	29.0	21.2	-999.9	0.0	1.3	96864.8	-999.9
Bobo-Dioulasso	2015	9	20	263	22.3	28.9	19.7	-999.9	29.0	1.5	96935.9	-999.9
Bobo-Dioulasso	2015	9	21	264	22.3	28.0	16.4	-999.9	32.8	1.4	96942.0	-999.9
Bobo-Dioulasso	2015	9	22	265	22.1	29.3	21.4	-999.9	0.0	1.3	96890.3	-999.9
Bobo-Dioulasso	2015	9	23	266	22.6	29.4	20.7	-999.9	10.9	1.2	96891.6	-999.9
Bobo-Dioulasso	2015	9	24	267	22.5	30.5	22.9	-999.9	10.9	1.4	96874.2	-999.9
Bobo-Dioulasso	2015	9	25	268	22.5	28.3	15.2	-999.9	21.9	1.4	96874.2	-999.9
Bobo-Dioulasso	2015	9	26	269	22.0	29.0	19.3	-999.9	15.2	1.6	96768.8	-999.9
Bobo-Dioulasso	2015	9	27	270	22.2	29.9	21.1	-999.9	0.0	1.1	96701.5	-999.9
Bobo-Dioulasso	2015	9	28	271	22.2	30.2	21.6	-999.9	15.2	1.2	96686.9	-999.9
Bobo-Dioulasso	2015	9	29	272	22.8	29.0	18.1	-999.9	0.0	1.6	96733.1	-999.9
Bobo-Dioulasso	2015	9	30	273	22.7	30.0	22.2	-999.9	10.1	1.7	96725.0	-999.9
Bobo-Dioulasso	2015	10	1	274	21.8	29.1	18.4	-999.9	2.1	1.7	96734.6	-999.9
Bobo-Dioulasso	2015	10	2	275	23.2	31.6	22.8	-999.9	0.0	1.4	96635.1	-999.9
Bobo-Dioulasso	2015	10	3	276	23.0	28.7	15.1	-999.9	4.2	1.8	96756.9	-999.9
Bobo-Dioulasso	2015	10	4	277	22.1	29.9	21.7	-999.9	0.0	1.4	96921.8	-999.9
Bobo-Dioulasso	2015	10	5	278	22.3	28.4	15.9	-999.9	0.0	1.7	96946.5	-999.9
Bobo-Dioulasso	2015	10	6	279	21.8	29.5	21.6	-999.9	0.0	1.5	96920.4	-999.9
Bobo-Dioulasso	2015	10	7	280	22.3	30.0	21.9	-999.9	2.9	2.1	96882.0	-999.9
Bobo-Dioulasso	2015	10	8	281	22.8	30.8	22.9	-999.9	0.0	1.8	96780.8	-999.9
Bobo-Dioulasso	2015	10	9	282	23.3	29.6	20.1	-999.9	0.0	1.6	96773.4	-999.9
Bobo-Dioulasso	2015	10	10	283	22.1	28.7	17.8	-999.9	2.9	1.7	96868.4	-999.9
Bobo-Dioulasso	2015	10	11	284	22.9	29.0	20.3	-999.9	6.3	1.6	96891.1	-999.9
Bobo-Dioulasso	2015	10	12	285	22.5	29.7	20.5	-999.9	0.0	1.4	96930.8	-999.9
Bobo-Dioulasso	2015	10	13	286	22.5	30.3	21.0	-999.9	6.3	1.1	96876.6	-999.9
Bobo-Dioulasso	2015	10	14	287	23.8	30.4	21.2	-999.9	6.3	1.9	96739.4	-999.9
Bobo-Dioulasso	2015	10	15	288	23.5	30.7	20.8	-999.9	0.0	1.4	96721.1	-999.9
Bobo-Dioulasso	2015	10	16	289	23.7	31.4	22.2	-999.9	4.0	1.3	96731.2	-999.9
Bobo-Dioulasso	2015	10	17	290	24.2	30.7	21.6	-999.9	0.0	1.6	96763.7	-999.9
Bobo-Dioulasso	2015	10	18	291	23.7	31.2	21.1	-999.9	8.0	1.7	96869.4	-999.9
Bobo-Dioulasso	2015	10	19	292	22.2	30.9	21.7	-999.9	0.0	1.2	96863.9	-999.9
Bobo-Dioulasso	2015	10	20	293	23.5	30.8	21.0	-999.9	8.0	1.5	96827.7	-999.9
Bobo-Dioulasso	2015	10	21	294	23.5	30.7	20.4	-999.9	0.0	1.4	96785.2	-999.9
Bobo-Dioulasso	2015	10	22	295	24.2	30.8	19.5	-999.9	11.0	1.7	96776.7	-999.9
Bobo-Dioulasso	2015	10	23	296	23.3	30.0	18.8	-999.9	0.0	1.9	96850.4	-999.9
Bobo-Dioulasso	2015	10	24	297	23.1	31.7	22.1	-999.9	0.0	1.7	96777.7	-999.9
Bobo-Dioulasso	2015	10	25	298	23.5	31.4	21.5	-999.9	3.7	1.7	96788.7	-999.9
Bobo-Dioulasso	2015	10	26	299	22.9	30.5	20.3	-999.9	6.0	1.7	96818.8	-999.9
Bobo-Dioulasso	2015	10	27	300	23.4	31.0	20.4	-999.9	3.0	1.5	96807.3	-999.9
Bobo-Dioulasso	2015	10	28	301	22.5	30.4	20.7	-999.9	0.0	1.6	96768.0	-999.9
Bobo-Dioulasso	2015	10	29	302	22.6	30.5	20.5	-999.9	0.0	1.3	96691.1	-999.9
Bobo-Dioulasso	2015	10	30	303	23.2	30.3	20.3	-999.9	6.0	1.6	96636.4	-999.9
Bobo-Dioulasso	2015	10	31	304	21.9	30.4	19.2	-999.9	0.0	1.4	96690.5	-999.9
Bobo-Dioulasso	2015	11	1	305	22.7	28.8	18.0	-999.9	5.2	1.6	96797.4	-999.9
Bobo-Dioulasso	2015	11	2	306	22.7	30.3	20.3	-999.9	5.2	1.4	96828.6	-999.9
Bobo-Dioulasso	2015	11	3	307	21.9	31.9	20.7	-999.9	0.0	1.4	96767.9	-999.9
Bobo-Dioulasso	2015	11	4	308	20.4	32.0	21.4	-999.9	0.0	1.6	96738.7	-999.9
Bobo-Dioulasso	2015	11	5	309	19.3	31.9	22.3	-999.9	0.0	1.2	96752.0	-999.9
Bobo-Dioulasso	2015	11	6	310	21.1	31.4	20.9	-999.9	0.0	1.4	96779.7	-999.9
Bobo-Dioulasso	2015	11	7	311	20.2	32.6	22.3	-999.9	0.0	1.4	96734.7	-999.9
Bobo-Dioulasso	2015	11	8	312	19.6	30.9	18.1	-999.9	0.0	1.6	96855.0	-999.9
Bobo-Dioulasso	2015	11	9	313	19.2	31.6	19.8	-999.9	0.0	1.4	96939.4	-999.9
Bobo-Dioulasso	2015	11	10	314	21.9	31.6	19.3	-999.9	0.0	1.3	96839.9	-999.9
Bobo-Dioulasso	2015	11	11	315	23.5	32.7	20.3	-999.9	0.0	1.6	96709.2	-999.9
Bobo-Dioulasso	2015	11	12	316	22.0	33.8	21.2	-999.9	0.0	1.9	96700.1	-999.9
Bobo-Dioulasso	2015	11	13	317	21.8	34.3	21.9	-999.9	0.0	2.5	96888.2	-999.9
Bobo-Dioulasso	2015	11	14	318	20.5	33.6	22.1	-999.9	0.0	2.3	96912.8	-999.9
Bobo-Dioulasso	2015	11	15	319	20.8	32.7	22.1	-999.9	0.0	2.2	96850.3	-999.9
Bobo-Dioulasso	2015	11	16	320	18.7	32.7	22.0	-999.9	0.0	1.8	96693.4	-999.9
Bobo-Dioulasso	2015	11	17	321	18.8	32.6	21.5	-999.9	0.0	2.2	96647.4	-999.9
Bobo-Dioulasso	2015	11	18	322	19.7	32.7	21.3	-999.9	0.0	2.1	96633.0	-999.9
Bobo-Dioulasso	2015	11	19	323	20.0	33.2	21.7	-999.9	0.0	2.4	96682.9	-999.9
Bobo-Dioulasso	2015	11	20	324	20.5	33.1	21.5	-999.9	0.0	2.4	96744.6	-999.9
Bobo-Dioulasso	2015	11	21	325	21.3	32.6	20.1	-999.9	0.0	2.3	96625.9	-999.9
Bobo-Dioulasso	2015	11	22	326	19.4	32.6	21.3	-999.9	0.0	1.7	96572.0	-999.9
Bobo-Dioulasso	2015	11	23	327	19.9	33.0	21.1	-999.9	0.0	1.5	96589.9	-999.9
Bobo-Dioulasso	2015	11	24	328	20.2	33.9	21.0	-999.9	0.0	2.0	96736.6	-999.9
Bobo-Dioulasso	2015	11	25	329	22.2	33.8	20.9	-999.9	0.0	2.3	96743.4	-999.9
Bobo-Dioulasso	2015	11	26	330	22.0	34.3	20.9	-999.9	0.0	2.2	96616.7	-999.9
Bobo-Dioulasso	2015	11	27	331	20.6	33.4	21.0	-999.9	0.0	1.9	96642.4	-999.9
Bobo-Dioulasso	2015	11	28	332	20.2	33.6	21.1	-999.9	0.0	1.8	96746.0	-999.9
Bobo-Dioulasso	2015	11	29	333	19.3	33.8	21.4	-999.9	0.0	2.2	96895.5	-999.9
Bobo-Dioulasso	2015	11	30	334	18.9	33.8	21.3	-999.9	0.0	2.2	96972.2	-999.9
Bobo-Dioulasso	2015	12	1	335	18.7	33.8	21.5	-999.9	0.0	2.4	96859.6	-999.9
Bobo-Dioulasso	2015	12	2	336	20.3	32.6	21.1	-999.9	0.0	2.3	96902.1	-999.9
Bobo-Dioulasso	2015	12	3	337	20.2	32.3	20.9	-999.9	0.0	2.4	96936.5	-999.9
Bobo-Dioulasso	2015	12	4	338	19.9	31.8	20.9	-999.9	0.0	2.5	97020.1	-999.9
Bobo-Dioulasso	2015	12	5	339	18.7	31.1	21.0	-999.9	0.0	2.5	97016.4	-999.9
Bobo-Dioulasso	2015	12	6	340	17.8	31.0	20.9	-999.9	0.0	2.1	97028.2	-999.9
Bobo-Dioulasso	2015	12	7	341	18.8	31.6	20.0	-999.9	0.0	2.2	97059.8	-999.9
Bobo-Dioulasso	2015	12	8	342	18.9	31.3	20.6	-999.9	0.0	2.3	96998.7	-999.9
Bobo-Dioulasso	2015	12	9	343	18.6	30.9	20.6	-999.9	0.0	2.2	97017.4	-999.9
Bobo-Dioulasso	2015	12	10	344	18.0	31.2	20.7	-999.9	0.0	2.1	97023.2	-999.9
Bobo-Dioulasso	2015	12	11	345	17.6	31.7	20.6	-999.9	0.0	2.0	97099.0	-999.9
Bobo-Dioulasso	2015	12	12	346	18.1	31.8	20.6	-999.9	0.0	2.0	96995.5	-999.9
Bobo-Dioulasso	2015	12	13	347	18.2	31.4	20.7	-999.9	0.0	2.2	96910.3	-999.9
Bobo-Dioulasso	2015	12	14	348	17.6	30.5	20.5	-999.9	0.4	2.1	96912.4	-999.9
Bobo-Dioulasso	2015	12	15	349	17.9	31.5	20.2	-999.9	0.0	2.4	97045.7	-999.9
Bobo-Dioulasso	2015	12	16	350	18.0	31.6	20.7	-999.9	0.0	2.7	97057.8	-999.9
Bobo-Dioulasso	2015	12	17	351	16.3	31.4	21.0	-999.9	0.0	2.5	97009.6	-999.9
Bobo-Dioulasso	2015	12	18	352	18.1	30.4	21.0	-999.9	0.0	2.5	97117.2	-999.9
Bobo-Dioulasso	2015	12	19	353	16.4	29.9	21.0	-999.9	0.0	2.2	97109.3	-999.9
Bobo-Dioulasso	2015	12	20	354	16.8	30.3	20.5	-999.9	0.0	2.3	97062.3	-999.9
Bobo-Dioulasso	2015	12	21	355	18.1	30.8	19.5	-999.9	0.0	2.2	97026.0	-999.9
Bobo-Dioulasso	2015	12	22	356	18.3	31.8	19.3	-999.9	0.3	2.3	97023.1	-999.9
Bobo-Dioulasso	2015	12	23	357	18.7	31.1	18.4	-999.9	0.0	2.3	96991.7	-999.9
Bobo-Dioulasso	2015	12	24	358	18.3	31.4	20.4	-999.9	0.0	2.7	97065.9	-999.9
Bobo-Dioulasso	2015	12	25	359	17.7	30.9	20.8	-999.9	0.0	2.7	97097.7	-999.9
Bobo-Dioulasso	2015	12	26	360	17.5	31.2	20.7	-999.9	0.0	2.5	97042.9	-999.9
Bobo-Dioulasso	2015	12	27	361	17.6	31.3	20.9	-999.9	0.1	2.6	96968.4	-999.9
Bobo-Dioulasso	2015	12	28	362	17.0	30.3	18.9	-999.9	0.2	2.6	97091.6	-999.9
Bobo-Dioulasso	2015	12	29	363	18.0	31.4	20.1	-999.9	0.0	2.6	97110.3	-999.9
Bobo-Dioulasso	2015	12	30	364	18.3	32.4	20.4	-999.9	0.0	2.4	97075.5	-999.9
Bobo-Dioulasso	2015	12	31	365	18.7	32.1	19.8	-999.9	0.0	2.4	96987.8	-999.9
