Bobo-Dioulasso	2016	1	1	1	17.6	31.7	20.7	-999.9	0.0	2.4	96989.5	-999.9
Bobo-Dioulasso	2016	1	2	2	18.2	31.5	20.2	-999.9	0.1	2.4	96984.6	-999.9
Bobo-Dioulasso	2016	1	3	3	18.5	31.6	19.9	-999.9	0.0	2.5	96975.3	-999.9
Bobo-Dioulasso	2016	1	4	4	17.9	31.5	20.7	-999.9	0.1	2.4	96933.9	-999.9
Bobo-Dioulasso	2016	1	5	5	19.5	30.2	16.9	-999.9	0.3	2.6	96978.2	-999.9
Bobo-Dioulasso	2016	1	6	6	19.7	27.5	16.7	-999.9	0.2	3.2	97208.2	-999.9
Bobo-Dioulasso	2016	1	7	7	18.9	28.6	15.0	-999.9	0.1	2.1	97188.6	-999.9
Bobo-Dioulasso	2016	1	8	8	21.6	31.5	15.5	-999.9	0.0	2.1	96997.3	-999.9
Bobo-Dioulasso	2016	1	9	9	20.4	34.9	20.4	-999.9	0.0	2.4	96976.1	-999.9
Bobo-Dioulasso	2016	1	10	10	21.0	35.3	20.8	-999.9	0.1	2.5	96853.9	-999.9
Bobo-Dioulasso	2016	1	11	11	20.7	35.7	21.1	-999.9	0.0	2.5	96733.0	-999.9
Bobo-Dioulasso	2016	1	12	12	21.0	35.6	21.2	-999.9	0.0	2.6	96666.3	-999.9
Bobo-Dioulasso	2016	1	13	13	19.8	34.4	21.4	-999.9	0.0	2.4	96741.1	-999.9
Bobo-Dioulasso	2016	1	14	14	18.5	33.3	21.5	-999.9	0.0	2.0	96733.8	-999.9
Bobo-Dioulasso	2016	1	15	15	18.4	34.1	21.3	-999.9	0.0	2.0	96765.6	-999.9
Bobo-Dioulasso	2016	1	16	16	18.9	33.9	21.2	-999.9	0.0	2.1	96754.2	-999.9
Bobo-Dioulasso	2016	1	17	17	19.4	34.2	21.4	-999.9	0.0	2.3	96726.8	-999.9
Bobo-Dioulasso	2016	1	18	18	19.6	34.5	21.5	-999.9	0.0	2.1	96716.8	-999.9
Bobo-Dioulasso	2016	1	19	19	19.6	34.8	21.3	-999.9	0.0	2.1	96693.8	-999.9
Bobo-Dioulasso	2016	1	20	20	19.8	34.5	21.5	-999.9	0.0	2.4	96707.4	-999.9
Bobo-Dioulasso	2016	1	21	21	20.4	34.0	21.3	-999.9	0.1	2.7	96819.1	-999.9
Bobo-Dioulasso	2016	1	22	22	20.5	33.8	21.0	-999.9	0.1	2.9	96947.7	-999.9
Bobo-Dioulasso	2016	1	23	23	20.1	32.7	20.7	-999.9	0.0	3.0	97103.4	-999.9
Bobo-Dioulasso	2016	1	24	24	22.1	33.3	21.4	-999.9	0.0	3.4	97133.1	-999.9
Bobo-Dioulasso	2016	1	25	25	19.6	32.7	21.6	-999.9	0.0	2.7	97165.5	-999.9
Bobo-Dioulasso	2016	1	26	26	19.7	32.7	21.6	-999.9	0.0	2.7	97179.6	-999.9
Bobo-Dioulasso	2016	1	27	27	21.5	32.2	19.6	-999.9	0.0	2.8	97093.3	-999.9
Bobo-Dioulasso	2016	1	28	28	19.5	32.0	21.9	-999.9	0.0	3.0	97053.9	-999.9
Bobo-Dioulasso	2016	1	29	29	18.7	30.5	22.2	-999.9	0.0	3.3	97052.4	-999.9
Bobo-Dioulasso	2016	1	30	30	17.9	32.0	22.1	-999.9	0.0	2.5	97013.4	-999.9
Bobo-Dioulasso	2016	1	31	31	18.4	32.5	22.1	-999.9	0.0	2.4	97025.9	-999.9
Bobo-Dioulasso	2016	2	1	32	18.5	32.0	22.5	-999.9	0.0	2.8	96946.6	-999.9
Bobo-Dioulasso	2016	2	2	33	17.7	30.3	22.4	-999.9	0.0	2.6	96911.7	-999.9
Bobo-Dioulasso	2016	2	3	34	16.9	32.1	22.6	-999.9	0.0	2.2	96851.6	-999.9
Bobo-Dioulasso	2016	2	4	35	18.2	33.9	22.5	-999.9	0.0	2.3	96905.6	-999.9
Bobo-Dioulasso	2016	2	5	36	19.5	34.5	22.4	-999.9	0.0	2.3	96898.5	-999.9
Bobo-Dioulasso	2016	2	6	37	20.2	35.5	22.5	-999.9	0.0	2.6	96937.0	-999.9
Bobo-Dioulasso	2016	2	7	38	20.7	33.9	23.0	-999.9	0.0	3.2	97040.8	-999.9
Bobo-Dioulasso	2016	2	8	39	19.3	33.6	23.0	-999.9	0.0	2.7	97102.2	-999.9
Bobo-Dioulasso	2016	2	9	40	19.3	33.7	23.0	-999.9	0.0	2.6	97106.8	-999.9
Bobo-Dioulasso	2016	2	10	41	18.7	33.3	23.2	-999.9	0.0	2.6	96938.8	-999.9
Bobo-Dioulasso	2016	2	11	42	18.7	33.6	23.2	-999.9	0.0	2.3	96838.3	-999.9
Bobo-Dioulasso	2016	2	12	43	18.6	33.8	23.2	-999.9	0.0	2.3	96841.3	-999.9
Bobo-Dioulasso	2016	2	13	44	18.5	34.1	23.5	-999.9	0.0	2.3	96825.1	-999.9
Bobo-Dioulasso	2016	2	14	45	18.6	34.4	22.5	-999.9	0.0	2.0	96779.1	-999.9
Bobo-Dioulasso	2016	2	15	46	19.1	34.9	22.7	-999.9	0.0	1.9	96620.9	-999.9
Bobo-Dioulasso	2016	2	16	47	21.1	31.6	13.7	-999.9	0.0	1.6	96700.5	-999.9
Bobo-Dioulasso	2016	2	17	48	20.4	35.8	20.4	-999.9	0.0	2.5	96786.1	-999.9
Bobo-Dioulasso	2016	2	18	49	22.1	35.6	23.0	-999.9	0.0	2.5	96756.5	-999.9
Bobo-Dioulasso	2016	2	19	50	20.4	36.7	23.4	-999.9	0.0	1.7	96563.7	-999.9
Bobo-Dioulasso	2016	2	20	51	21.4	38.1	23.4	-999.9	0.0	2.8	96499.8	-999.9
Bobo-Dioulasso	2016	2	21	52	23.1	38.0	23.8	-999.9	0.0	3.0	96551.0	-999.9
Bobo-Dioulasso	2016	2	22	53	22.5	37.8	23.6	-999.9	0.0	2.4	96597.5	-999.9
Bobo-Dioulasso	2016	2	23	54	23.5	38.1	23.2	-999.9	0.0	2.5	96578.3	-999.9
Bobo-Dioulasso	2016	2	24	55	22.5	37.7	24.0	-999.9	0.0	2.2	96544.1	-999.9
Bobo-Dioulasso	2016	2	25	56	21.5	37.1	24.4	-999.9	0.0	2.0	96604.1	-999.9
Bobo-Dioulasso	2016	2	26	57	20.5	37.6	24.6	-999.9	0.0	1.8	96580.0	-999.9
Bobo-Dioulasso	2016	2	27	58	20.6	38.0	24.5	-999.9	0.0	1.8	96438.8	-999.9
Bobo-Dioulasso	2016	2	28	59	20.5	37.7	24.2	-999.9	0.0	1.5	96418.4	-999.9
Bobo-Dioulasso	2016	2	29	60	21.9	37.3	23.7	-999.9	0.0	1.7	96591.0	-999.9
Bobo-Dioulasso	2016	3	1	61	23.2	36.8	21.9	-999.9	0.0	1.3	96867.8	-999.9
Bobo-Dioulasso	2016	3	2	62	25.6	38.7	24.0	-999.9	0.0	2.6	96712.1	-999.9
Bobo-Dioulasso	2016	3	3	63	23.5	37.4	24.4	-999.9	0.0	2.4	96488.1	-999.9
Bobo-Dioulasso	2016	3	4	64	22.6	37.4	24.6	-999.9	0.0	2.0	96481.7	-999.9
Bobo-Dioulasso	2016	3	5	65	21.7	37.9	25.1	-999.9	0.0	2.3	96612.1	-999.9
Bobo-Dioulasso	2016	3	6	66	22.3	38.0	24.9	-999.9	0.0	1.9	96574.2	-999.9
Bobo-Dioulasso	2016	3	7	67	23.1	37.8	24.8	-999.9	0.0	2.3	96529.0	-999.9
Bobo-Dioulasso	2016	3	8	68	25.1	38.1	23.8	-999.9	0.0	2.3	96518.3	-999.9
Bobo-Dioulasso	2016	3	9	69	24.6	37.0	20.8	-999.9	1.8	2.0	96541.1	-999.9
Bobo-Dioulasso	2016	3	10	70	25.8	38.3	23.3	-999.9	0.0	2.1	96469.3	-999.9
Bobo-Dioulasso	2016	3	11	71	25.8	38.0	22.3	-999.9	0.0	2.7	96443.5	-999.9
Bobo-Dioulasso	2016	3	12	72	26.0	36.9	20.6	-999.9	0.0	2.6	96539.5	-999.9
Bobo-Dioulasso	2016	3	13	73	26.8	37.7	22.6	-999.9	0.0	2.6	96521.7	-999.9
Bobo-Dioulasso	2016	3	14	74	26.7	37.3	22.7	-999.9	0.0	2.7	96689.2	-999.9
Bobo-Dioulasso	2016	3	15	75	26.5	36.6	21.9	-999.9	0.0	1.8	96755.7	-999.9
Bobo-Dioulasso	2016	3	16	76	26.5	37.2	23.8	-999.9	0.0	1.6	96730.1	-999.9
Bobo-Dioulasso	2016	3	17	77	26.5	36.8	23.1	-999.9	0.0	1.3	96742.0	-999.9
Bobo-Dioulasso	2016	3	18	78	23.9	37.5	24.5	-999.9	0.0	1.6	96678.6	-999.9
Bobo-Dioulasso	2016	3	19	79	23.2	36.6	21.2	-999.9	0.0	1.9	96609.2	-999.9
Bobo-Dioulasso	2016	3	20	80	28.1	37.1	21.9	-999.9	0.0	2.0	96653.7	-999.9
Bobo-Dioulasso	2016	3	21	81	27.2	37.2	21.6	-999.9	0.0	2.1	96711.8	-999.9
Bobo-Dioulasso	2016	3	22	82	26.5	38.6	23.3	-999.9	3.2	1.9	96663.6	-999.9
Bobo-Dioulasso	2016	3	23	83	26.5	38.6	25.3	-999.9	0.0	2.6	96540.7	-999.9
Bobo-Dioulasso	2016	3	24	84	23.7	37.7	25.3	-999.9	0.0	1.6	96531.5	-999.9
Bobo-Dioulasso	2016	3	25	85	25.3	36.5	24.1	-999.9	0.0	2.7	96779.9	-999.9
Bobo-Dioulasso	2016	3	26	86	22.9	35.8	25.5	-999.9	0.0	2.0	96845.4	-999.9
Bobo-Dioulasso	2016	3	27	87	22.6	37.1	25.6	-999.9	0.0	1.9	96707.6	-999.9
Bobo-Dioulasso	2016	3	28	88	24.7	38.1	25.3	-999.9	0.0	1.6	96558.9	-999.9
Bobo-Dioulasso	2016	3	29	89	23.1	38.5	25.0	-999.9	0.0	1.3	96472.8	-999.9
Bobo-Dioulasso	2016	3	30	90	25.5	39.0	25.2	-999.9	0.0	2.0	96495.3	-999.9
Bobo-Dioulasso	2016	3	31	91	27.9	37.6	22.8	-999.9	0.0	3.2	96563.7	-999.9
Bobo-Dioulasso	2016	4	1	92	27.4	39.1	25.0	-999.9	0.0	2.5	96507.4	-999.9
Bobo-Dioulasso	2016	4	2	93	26.3	37.1	24.0	-999.9	0.0	1.9	96493.1	-999.9
Bobo-Dioulasso	2016	4	3	94	28.1	37.6	23.1	-999.9	0.0	2.0	96505.4	-999.9
Bobo-Dioulasso	2016	4	4	95	27.7	37.9	23.7	-999.9	0.0	2.0	96559.4	-999.9
Bobo-Dioulasso	2016	4	5	96	27.5	36.9	18.4	-999.9	0.0	3.2	96554.4	-999.9
Bobo-Dioulasso	2016	4	6	97	26.8	36.9	22.7	-999.9	0.0	1.9	96374.6	-999.9
Bobo-Dioulasso	2016	4	7	98	27.7	36.6	21.8	-999.9	0.0	2.6	96374.7	-999.9
Bobo-Dioulasso	2016	4	8	99	25.2	34.6	21.9	-999.9	3.9	2.3	96592.7	-999.9
Bobo-Dioulasso	2016	4	9	100	24.7	34.3	21.0	-999.9	11.6	1.7	96709.6	-999.9
Bobo-Dioulasso	2016	4	10	101	24.9	33.4	18.9	-999.9	0.0	1.7	96628.0	-999.9
Bobo-Dioulasso	2016	4	11	102	25.0	34.8	20.2	-999.9	8.4	2.0	96632.8	-999.9
Bobo-Dioulasso	2016	4	12	103	25.2	37.5	23.6	-999.9	8.4	2.3	96588.4	-999.9
Bobo-Dioulasso	2016	4	13	104	25.0	38.9	25.8	-999.9	0.0	2.2	96412.7	-999.9
Bobo-Dioulasso	2016	4	14	105	25.8	38.2	25.1	-999.9	0.0	1.8	96374.0	-999.9
Bobo-Dioulasso	2016	4	15	106	27.7	38.5	24.7	-999.9	0.0	2.4	96436.2	-999.9
Bobo-Dioulasso	2016	4	16	107	27.6	38.2	24.1	-999.9	0.0	2.3	96582.5	-999.9
Bobo-Dioulasso	2016	4	17	108	25.9	39.2	24.6	-999.9	0.0	1.9	96633.4	-999.9
Bobo-Dioulasso	2016	4	18	109	27.2	37.6	23.1	-999.9	0.0	2.2	96705.5	-999.9
Bobo-Dioulasso	2016	4	19	110	26.8	38.2	24.2	-999.9	0.0	1.7	96627.0	-999.9
Bobo-Dioulasso	2016	4	20	111	27.5	38.8	23.2	-999.9	0.0	2.0	96526.2	-999.9
Bobo-Dioulasso	2016	4	21	112	27.9	38.4	23.4	-999.9	4.0	2.6	96557.9	-999.9
Bobo-Dioulasso	2016	4	22	113	27.1	39.2	24.6	-999.9	4.0	2.6	96490.1	-999.9
Bobo-Dioulasso	2016	4	23	114	28.8	38.5	24.8	-999.9	0.0	2.7	96432.0	-999.9
Bobo-Dioulasso	2016	4	24	115	28.5	37.2	22.4	-999.9	4.0	2.7	96351.8	-999.9
Bobo-Dioulasso	2016	4	25	116	26.9	38.0	23.0	-999.9	4.0	2.3	96321.6	-999.9
Bobo-Dioulasso	2016	4	26	117	27.8	37.4	23.0	-999.9	5.7	2.5	96346.2	-999.9
Bobo-Dioulasso	2016	4	27	118	27.3	35.0	19.0	-999.9	5.7	2.5	96494.8	-999.9
Bobo-Dioulasso	2016	4	28	119	25.9	36.4	24.4	-999.9	2.9	2.0	96508.8	-999.9
Bobo-Dioulasso	2016	4	29	120	25.1	37.2	24.3	-999.9	0.0	2.2	96513.0	-999.9
Bobo-Dioulasso	2016	4	30	121	27.5	37.7	24.3	-999.9	0.0	2.4	96467.5	-999.9
Bobo-Dioulasso	2016	5	1	122	28.1	38.3	24.6	-999.9	2.9	2.4	96370.9	-999.9
Bobo-Dioulasso	2016	5	2	123	28.0	36.9	23.2	-999.9	2.9	2.7	96405.2	-999.9
Bobo-Dioulasso	2016	5	3	124	28.0	37.5	22.4	-999.9	0.0	2.3	96495.7	-999.9
Bobo-Dioulasso	2016	5	4	125	26.4	37.3	23.5	-999.9	0.0	2.8	96556.2	-999.9
Bobo-Dioulasso	2016	5	5	126	27.8	37.1	23.5	-999.9	0.0	2.4	96597.7	-999.9
Bobo-Dioulasso	2016	5	6	127	25.4	36.6	23.0	-999.9	2.7	2.6	96655.1	-999.9
Bobo-Dioulasso	2016	5	7	128	24.6	33.6	20.5	-999.9	5.4	1.8	96711.8	-999.9
Bobo-Dioulasso	2016	5	8	129	25.6	34.8	23.9	-999.9	0.0	2.0	96651.9	-999.9
Bobo-Dioulasso	2016	5	9	130	26.8	35.7	23.7	-999.9	5.4	2.3	96716.0	-999.9
Bobo-Dioulasso	2016	5	10	131	25.9	36.8	23.5	-999.9	2.7	2.4	96691.8	-999.9
Bobo-Dioulasso	2016	5	11	132	26.4	37.3	24.4	-999.9	0.0	1.9	96648.7	-999.9
Bobo-Dioulasso	2016	5	12	133	26.8	36.5	25.2	-999.9	4.0	2.4	96577.3	-999.9
Bobo-Dioulasso	2016	5	13	134	25.2	35.0	21.0	-999.9	16.1	3.0	96596.0	-999.9
Bobo-Dioulasso	2016	5	14	135	24.7	30.9	12.8	-999.9	8.0	2.5	96759.4	-999.9
Bobo-Dioulasso	2016	5	15	136	25.1	33.7	24.1	-999.9	0.0	2.1	96771.7	-999.9
Bobo-Dioulasso	2016	5	16	137	25.6	34.4	24.8	-999.9	0.0	2.2	96843.7	-999.9
Bobo-Dioulasso	2016	5	17	138	25.7	35.0	24.2	-999.9	4.7	2.5	96728.2	-999.9
Bobo-Dioulasso	2016	5	18	139	24.8	33.4	22.9	-999.9	0.0	2.9	96797.5	-999.9
Bobo-Dioulasso	2016	5	19	140	25.3	34.3	24.3	-999.9	0.0	2.4	96817.9	-999.9
Bobo-Dioulasso	2016	5	20	141	25.7	35.3	23.6	-999.9	14.1	1.7	96743.9	-999.9
Bobo-Dioulasso	2016	5	21	142	25.2	35.3	24.2	-999.9	0.0	1.8	96671.8	-999.9
Bobo-Dioulasso	2016	5	22	143	26.6	37.2	25.2	-999.9	0.0	2.8	96661.4	-999.9
Bobo-Dioulasso	2016	5	23	144	26.0	36.6	24.6	-999.9	4.4	2.8	96775.5	-999.9
Bobo-Dioulasso	2016	5	24	145	25.1	33.8	19.3	-999.9	13.2	2.7	96863.2	-999.9
Bobo-Dioulasso	2016	5	25	146	23.9	28.5	11.8	-999.9	0.0	2.5	96941.2	-999.9
Bobo-Dioulasso	2016	5	26	147	23.7	33.9	23.8	-999.9	0.0	1.6	96824.9	-999.9
Bobo-Dioulasso	2016	5	27	148	26.1	35.5	24.1	-999.9	0.0	2.4	96823.0	-999.9
Bobo-Dioulasso	2016	5	28	149	26.1	34.2	21.2	-999.9	13.4	2.8	96921.1	-999.9
Bobo-Dioulasso	2016	5	29	150	25.5	34.8	18.7	-999.9	13.4	2.5	96744.0	-999.9
Bobo-Dioulasso	2016	5	30	151	25.4	34.0	24.3	-999.9	0.0	2.3	96689.1	-999.9
Bobo-Dioulasso	2016	5	31	152	25.0	34.3	24.5	-999.9	0.0	2.2	96736.6	-999.9
Bobo-Dioulasso	2016	6	1	153	25.4	35.1	24.7	-999.9	0.0	2.5	96777.8	-999.9
Bobo-Dioulasso	2016	6	2	154	25.7	35.3	24.3	-999.9	0.0	2.6	96762.2	-999.9
Bobo-Dioulasso	2016	6	3	155	25.6	34.8	24.6	-999.9	0.0	3.1	96814.3	-999.9
Bobo-Dioulasso	2016	6	4	156	25.6	35.5	23.6	-999.9	0.0	2.2	96814.2	-999.9
Bobo-Dioulasso	2016	6	5	157	25.6	33.9	22.1	-999.9	0.0	2.1	96802.9	-999.9
Bobo-Dioulasso	2016	6	6	158	25.2	34.2	21.2	-999.9	0.0	2.1	96724.9	-999.9
Bobo-Dioulasso	2016	6	7	159	25.8	34.9	24.3	-999.9	0.0	2.2	96767.6	-999.9
Bobo-Dioulasso	2016	6	8	160	25.5	35.7	24.1	-999.9	0.0	2.2	96744.2	-999.9
Bobo-Dioulasso	2016	6	9	161	26.3	36.0	24.7	-999.9	14.5	2.7	96705.4	-999.9
Bobo-Dioulasso	2016	6	10	162	24.3	33.1	19.5	-999.9	21.7	2.3	96782.4	-999.9
Bobo-Dioulasso	2016	6	11	163	23.1	31.6	23.4	-999.9	0.0	2.2	96934.9	-999.9
Bobo-Dioulasso	2016	6	12	164	24.0	32.0	22.6	-999.9	0.0	2.3	97052.3	-999.9
Bobo-Dioulasso	2016	6	13	165	24.2	32.2	21.3	-999.9	26.0	2.7	96984.3	-999.9
Bobo-Dioulasso	2016	6	14	166	23.7	33.0	23.9	-999.9	0.0	3.0	97020.6	-999.9
Bobo-Dioulasso	2016	6	15	167	24.4	32.2	21.5	-999.9	17.3	2.7	97037.9	-999.9
Bobo-Dioulasso	2016	6	16	168	24.0	31.5	21.4	-999.9	14.3	2.4	96915.7	-999.9
Bobo-Dioulasso	2016	6	17	169	22.3	26.3	10.6	-999.9	0.0	1.5	96967.6	-999.9
Bobo-Dioulasso	2016	6	18	170	22.8	30.2	18.9	-999.9	0.0	1.7	97021.0	-999.9
Bobo-Dioulasso	2016	6	19	171	23.8	33.1	23.9	-999.9	0.0	3.1	96785.9	-999.9
Bobo-Dioulasso	2016	6	20	172	24.5	31.4	18.7	-999.9	0.0	4.2	96620.5	-999.9
Bobo-Dioulasso	2016	6	21	173	23.6	30.6	17.0	-999.9	0.0	3.6	96769.0	-999.9
Bobo-Dioulasso	2016	6	22	174	23.2	30.0	19.1	-999.9	0.0	2.5	96901.5	-999.9
Bobo-Dioulasso	2016	6	23	175	22.5	29.9	19.5	-999.9	0.0	1.9	96930.1	-999.9
Bobo-Dioulasso	2016	6	24	176	23.0	30.3	20.8	-999.9	24.6	1.7	96850.0	-999.9
Bobo-Dioulasso	2016	6	25	177	22.8	30.0	17.1	-999.9	12.3	1.8	96844.5	-999.9
Bobo-Dioulasso	2016	6	26	178	23.0	31.1	22.8	-999.9	0.0	1.8	96913.4	-999.9
Bobo-Dioulasso	2016	6	27	179	23.1	29.6	17.2	-999.9	16.4	1.7	96937.2	-999.9
Bobo-Dioulasso	2016	6	28	180	22.6	30.2	20.0	-999.9	0.0	1.9	96999.8	-999.9
Bobo-Dioulasso	2016	6	29	181	22.9	30.7	20.6	-999.9	8.2	2.1	96978.7	-999.9
Bobo-Dioulasso	2016	6	30	182	24.1	31.4	22.9	-999.9	0.0	1.9	96907.1	-999.9
Bobo-Dioulasso	2016	7	1	183	23.5	30.7	21.4	-999.9	0.0	2.1	96989.6	-999.9
Bobo-Dioulasso	2016	7	2	184	23.5	31.2	22.0	-999.9	0.0	1.9	96988.0	-999.9
Bobo-Dioulasso	2016	7	3	185	23.8	32.0	23.2	-999.9	0.0	1.6	97009.1	-999.9
Bobo-Dioulasso	2016	7	4	186	23.7	31.0	19.5	-999.9	17.0	2.0	96977.9	-999.9
Bobo-Dioulasso	2016	7	5	187	23.9	32.2	20.7	-999.9	0.0	2.3	96963.6	-999.9
Bobo-Dioulasso	2016	7	6	188	24.3	32.4	21.6	-999.9	17.3	1.9	96874.4	-999.9
Bobo-Dioulasso	2016	7	7	189	23.9	32.6	22.6	-999.9	0.0	1.9	96852.9	-999.9
Bobo-Dioulasso	2016	7	8	190	24.5	33.3	23.1	-999.9	17.3	2.1	96914.6	-999.9
Bobo-Dioulasso	2016	7	9	191	25.1	32.8	19.2	-999.9	34.6	2.9	96798.4	-999.9
Bobo-Dioulasso	2016	7	10	192	24.1	31.6	17.7	-999.9	0.0	3.2	96740.9	-999.9
Bobo-Dioulasso	2016	7	11	193	22.2	30.1	17.8	-999.9	7.2	2.5	96790.7	-999.9
Bobo-Dioulasso	2016	7	12	194	22.5	28.5	16.4	-999.9	7.2	2.3	96863.7	-999.9
Bobo-Dioulasso	2016	7	13	195	22.3	29.7	20.9	-999.9	0.0	2.0	96834.6	-999.9
Bobo-Dioulasso	2016	7	14	196	23.0	29.6	18.4	-999.9	21.5	1.9	96748.7	-999.9
Bobo-Dioulasso	2016	7	15	197	21.9	29.0	16.8	-999.9	0.0	2.1	96697.4	-999.9
Bobo-Dioulasso	2016	7	16	198	22.3	31.2	22.4	-999.9	0.0	2.4	96667.6	-999.9
Bobo-Dioulasso	2016	7	17	199	23.1	29.3	18.9	-999.9	0.0	2.3	96669.4	-999.9
Bobo-Dioulasso	2016	7	18	200	23.2	29.4	18.1	-999.9	0.0	2.2	96847.5	-999.9
Bobo-Dioulasso	2016	7	19	201	23.1	29.3	17.6	-999.9	9.1	1.9	96881.5	-999.9
Bobo-Dioulasso	2016	7	20	202	22.1	27.5	10.6	-999.9	18.3	2.4	96797.2	-999.9
Bobo-Dioulasso	2016	7	21	203	22.3	27.9	16.0	-999.9	0.0	2.8	96784.4	-999.9
Bobo-Dioulasso	2016	7	22	204	22.2	29.3	21.1	-999.9	0.0	2.5	96807.3	-999.9
Bobo-Dioulasso	2016	7	23	205	22.5	29.4	19.5	-999.9	0.0	2.1	96823.3	-999.9
Bobo-Dioulasso	2016	7	24	206	22.0	28.6	16.4	-999.9	28.0	1.8	96834.1	-999.9
Bobo-Dioulasso	2016	7	25	207	21.4	28.0	18.4	-999.9	14.0	1.4	96790.8	-999.9
Bobo-Dioulasso	2016	7	26	208	22.7	28.9	17.3	-999.9	0.0	1.6	96773.9	-999.9
Bobo-Dioulasso	2016	7	27	209	22.2	29.1	19.6	-999.9	0.0	2.4	96740.8	-999.9
Bobo-Dioulasso	2016	7	28	210	22.7	28.8	19.9	-999.9	5.1	2.2	96829.3	-999.9
Bobo-Dioulasso	2016	7	29	211	22.1	29.3	19.7	-999.9	0.0	1.4	96841.1	-999.9
Bobo-Dioulasso	2016	7	30	212	22.1	29.3	19.7	-999.9	10.2	1.9	96846.0	-999.9
Bobo-Dioulasso	2016	7	31	213	23.1	29.0	20.2	-999.9	10.2	2.0	96811.0	-999.9
Bobo-Dioulasso	2016	8	1	214	22.0	29.3	20.3	-999.9	0.0	1.9	96916.7	-999.9
Bobo-Dioulasso	2016	8	2	215	22.4	30.4	23.0	-999.9	0.0	1.9	96927.4	-999.9
Bobo-Dioulasso	2016	8	3	216	22.5	29.5	18.2	-999.9	35.9	2.0	96802.7	-999.9
Bobo-Dioulasso	2016	8	4	217	22.6	27.9	14.9	-999.9	0.0	1.7	96815.5	-999.9
Bobo-Dioulasso	2016	8	5	218	22.4	29.8	21.9	-999.9	0.0	1.9	96895.1	-999.9
Bobo-Dioulasso	2016	8	6	219	22.2	29.9	19.9	-999.9	34.4	2.2	96932.9	-999.9
Bobo-Dioulasso	2016	8	7	220	22.8	28.2	16.8	-999.9	0.0	2.2	96829.7	-999.9
Bobo-Dioulasso	2016	8	8	221	22.2	30.2	22.4	-999.9	0.0	1.9	96813.8	-999.9
Bobo-Dioulasso	2016	8	9	222	22.5	29.1	17.8	-999.9	0.0	1.8	96837.7	-999.9
Bobo-Dioulasso	2016	8	10	223	22.3	28.2	16.5	-999.9	17.2	2.0	96845.6	-999.9
Bobo-Dioulasso	2016	8	11	224	22.3	28.9	20.1	-999.9	0.0	1.4	96895.2	-999.9
Bobo-Dioulasso	2016	8	12	225	21.9	28.7	17.1	-999.9	36.1	1.1	96945.8	-999.9
Bobo-Dioulasso	2016	8	13	226	21.9	27.5	14.5	-999.9	0.0	1.4	96847.1	-999.9
Bobo-Dioulasso	2016	8	14	227	21.8	28.7	20.3	-999.9	0.0	2.5	96809.1	-999.9
Bobo-Dioulasso	2016	8	15	228	22.4	28.8	20.1	-999.9	18.1	1.6	96881.2	-999.9
Bobo-Dioulasso	2016	8	16	229	21.9	29.6	21.4	-999.9	16.4	1.5	96866.2	-999.9
Bobo-Dioulasso	2016	8	17	230	22.4	28.3	16.6	-999.9	0.0	1.8	96839.5	-999.9
Bobo-Dioulasso	2016	8	18	231	21.8	27.1	14.8	-999.9	32.9	2.3	96880.3	-999.9
Bobo-Dioulasso	2016	8	19	232	22.2	28.7	18.5	-999.9	0.0	1.9	96832.1	-999.9
Bobo-Dioulasso	2016	8	20	233	21.8	29.5	22.0	-999.9	0.0	1.7	96842.9	-999.9
Bobo-Dioulasso	2016	8	21	234	22.2	29.6	20.6	-999.9	13.8	1.7	96875.1	-999.9
Bobo-Dioulasso	2016	8	22	235	22.5	30.0	20.4	-999.9	13.8	2.3	96842.4	-999.9
Bobo-Dioulasso	2016	8	23	236	22.9	30.1	22.4	-999.9	13.8	1.6	96846.8	-999.9
Bobo-Dioulasso	2016	8	24	237	23.1	27.7	16.1	-999.9	6.9	1.5	96777.2	-999.9
Bobo-Dioulasso	2016	8	25	238	22.2	29.0	19.9	-999.9	20.7	1.9	96745.8	-999.9
Bobo-Dioulasso	2016	8	26	239	22.3	29.6	21.5	-999.9	0.0	1.6	96725.4	-999.9
Bobo-Dioulasso	2016	8	27	240	22.4	29.4	19.2	-999.9	16.3	1.7	96651.1	-999.9
Bobo-Dioulasso	2016	8	28	241	22.6	25.0	9.2	-999.9	16.3	1.2	96712.5	-999.9
Bobo-Dioulasso	2016	8	29	242	21.6	28.2	17.7	-999.9	0.0	2.6	96899.2	-999.9
Bobo-Dioulasso	2016	8	30	243	21.8	28.8	19.3	-999.9	16.3	1.6	97018.2	-999.9
Bobo-Dioulasso	2016	8	31	244	21.8	29.3	20.5	-999.9	16.3	1.7	96913.0	-999.9
Bobo-Dioulasso	2016	9	1	245	21.9	28.9	20.7	-999.9	0.0	1.3	96972.8	-999.9
Bobo-Dioulasso	2016	9	2	246	22.4	29.9	23.0	-999.9	28.5	1.6	96858.7	-999.9
Bobo-Dioulasso	2016	9	3	247	22.0	29.2	17.8	-999.9	0.0	1.1	96769.9	-999.9
Bobo-Dioulasso	2016	9	4	248	22.1	29.9	21.9	-999.9	14.2	1.4	96781.5	-999.9
Bobo-Dioulasso	2016	9	5	249	22.7	28.1	19.4	-999.9	0.0	2.0	96887.3	-999.9
Bobo-Dioulasso	2016	9	6	250	22.1	28.9	18.2	-999.9	6.6	1.8	96971.7	-999.9
Bobo-Dioulasso	2016	9	7	251	23.2	29.8	21.8	-999.9	0.0	1.4	96976.7	-999.9
Bobo-Dioulasso	2016	9	8	252	22.2	29.9	22.5	-999.9	6.6	1.5	96916.1	-999.9
Bobo-Dioulasso	2016	9	9	253	23.1	29.3	20.1	-999.9	0.0	1.6	96932.5	-999.9
Bobo-Dioulasso	2016	9	10	254	22.8	29.3	19.2	-999.9	13.3	1.4	97006.1	-999.9
Bobo-Dioulasso	2016	9	11	255	22.1	28.6	18.8	-999.9	0.0	1.2	96895.6	-999.9
Bobo-Dioulasso	2016	9	12	256	22.1	29.0	18.0	-999.9	0.0	1.8	96848.7	-999.9
Bobo-Dioulasso	2016	9	13	257	22.8	29.4	18.8	-999.9	27.5	1.9	96816.6	-999.9
Bobo-Dioulasso	2016	9	14	258	21.7	29.1	21.1	-999.9	0.0	1.1	96775.6	-999.9
Bobo-Dioulasso	2016	9	15	259	21.9	28.3	16.7	-999.9	41.2	1.7	96807.2	-999.9
Bobo-Dioulasso	2016	9	16	260	22.0	28.0	18.0	-999.9	0.0	2.0	96925.9	-999.9
Bobo-Dioulasso	2016	9	17	261	21.7	29.7	21.3	-999.9	4.1	1.1	96891.1	-999.9
Bobo-Dioulasso	2016	9	18	262	21.8	29.7	21.5	-999.9	4.1	1.6	96882.6	-999.9
Bobo-Dioulasso	2016	9	19	263	21.7	29.2	22.0	-999.9	0.0	1.4	96897.1	-999.9
Bobo-Dioulasso	2016	9	20	264	22.3	30.1	23.2	-999.9	12.4	1.3	96799.9	-999.9
Bobo-Dioulasso	2016	9	21	265	22.3	29.9	21.9	-999.9	0.0	1.2	96744.6	-999.9
Bobo-Dioulasso	2016	9	22	266	23.1	29.8	21.8	-999.9	0.0	1.4	96847.8	-999.9
Bobo-Dioulasso	2016	9	23	267	22.8	29.6	20.8	-999.9	0.0	1.4	96969.2	-999.9
Bobo-Dioulasso	2016	9	24	268	22.1	29.3	22.1	-999.9	0.0	1.2	96853.6	-999.9
Bobo-Dioulasso	2016	9	25	269	22.9	29.7	18.8	-999.9	26.6	1.6	96670.4	-999.9
Bobo-Dioulasso	2016	9	26	270	22.4	28.1	15.0	-999.9	6.8	2.3	96776.3	-999.9
Bobo-Dioulasso	2016	9	27	271	22.4	29.1	20.5	-999.9	0.0	1.1	96875.4	-999.9
Bobo-Dioulasso	2016	9	28	272	21.9	29.6	21.0	-999.9	0.0	1.4	96809.8	-999.9
Bobo-Dioulasso	2016	9	29	273	22.7	30.5	22.9	-999.9	0.0	1.7	96806.8	-999.9
Bobo-Dioulasso	2016	9	30	274	22.8	31.0	22.7	-999.9	6.8	1.2	96825.2	-999.9
Bobo-Dioulasso	2016	10	1	275	22.7	30.9	21.6	-999.9	0.0	1.4	96750.9	-999.9
Bobo-Dioulasso	2016	10	2	276	22.8	31.2	22.2	-999.9	0.0	1.6	96679.9	-999.9
Bobo-Dioulasso	2016	10	3	277	23.0	31.2	22.9	-999.9	0.0	1.4	96723.7	-999.9
Bobo-Dioulasso	2016	10	4	278	23.3	31.6	23.0	-999.9	0.0	1.5	96735.4	-999.9
Bobo-Dioulasso	2016	10	5	279	23.1	32.0	23.3	-999.9	0.0	1.4	96578.0	-999.9
Bobo-Dioulasso	2016	10	6	280	23.9	32.0	22.0	-999.9	0.0	1.4	96505.4	-999.9
Bobo-Dioulasso	2016	10	7	281	23.1	33.1	22.8	-999.9	0.0	1.4	96563.7	-999.9
Bobo-Dioulasso	2016	10	8	282	24.1	31.8	21.1	-999.9	0.0	2.0	96665.9	-999.9
Bobo-Dioulasso	2016	10	9	283	22.6	31.0	20.9	-999.9	0.0	2.5	96795.4	-999.9
Bobo-Dioulasso	2016	10	10	284	22.7	31.7	22.9	-999.9	0.0	1.8	96773.0	-999.9
Bobo-Dioulasso	2016	10	11	285	23.7	32.8	21.2	-999.9	0.0	1.3	96710.1	-999.9
Bobo-Dioulasso	2016	10	12	286	24.3	33.2	22.3	-999.9	0.0	2.0	96679.9	-999.9
Bobo-Dioulasso	2016	10	13	287	24.0	32.6	21.5	-999.9	0.0	1.8	96739.0	-999.9
Bobo-Dioulasso	2016	10	14	288	23.8	32.4	20.8	-999.9	8.9	1.7	96709.8	-999.9
Bobo-Dioulasso	2016	10	15	289	22.8	31.5	20.4	-999.9	0.0	1.3	96701.3	-999.9
Bobo-Dioulasso	2016	10	16	290	23.2	31.3	22.3	-999.9	0.0	1.3	96722.2	-999.9
Bobo-Dioulasso	2016	10	17	291	24.0	32.7	22.3	-999.9	0.0	1.7	96684.2	-999.9
Bobo-Dioulasso	2016	10	18	292	24.1	32.1	22.1	-999.9	13.6	1.8	96695.3	-999.9
Bobo-Dioulasso	2016	10	19	293	23.2	32.1	21.9	-999.9	0.0	1.7	96710.4	-999.9
Bobo-Dioulasso	2016	10	20	294	22.4	32.6	22.3	-999.9	0.0	1.1	96684.9	-999.9
Bobo-Dioulasso	2016	10	21	295	22.9	33.2	21.9	-999.9	0.0	1.2	96711.3	-999.9
Bobo-Dioulasso	2016	10	22	296	23.7	32.2	20.9	-999.9	0.0	1.7	96826.2	-999.9
Bobo-Dioulasso	2016	10	23	297	23.9	34.0	20.5	-999.9	0.0	2.0	96755.1	-999.9
Bobo-Dioulasso	2016	10	24	298	22.5	33.5	20.3	-999.9	0.0	1.6	96589.9	-999.9
Bobo-Dioulasso	2016	10	25	299	22.0	33.3	20.6	-999.9	0.0	1.4	96503.2	-999.9
Bobo-Dioulasso	2016	10	26	300	22.9	33.7	21.6	-999.9	0.0	1.5	96434.6	-999.9
Bobo-Dioulasso	2016	10	27	301	23.6	33.4	20.7	-999.9	0.0	1.6	96528.5	-999.9
Bobo-Dioulasso	2016	10	28	302	21.6	34.7	22.9	-999.9	0.0	1.8	96610.7	-999.9
Bobo-Dioulasso	2016	10	29	303	23.1	32.6	18.8	-999.9	0.0	1.5	96673.1	-999.9
Bobo-Dioulasso	2016	10	30	304	23.6	31.9	18.8	-999.9	0.0	1.6	96607.6	-999.9
Bobo-Dioulasso	2016	10	31	305	23.6	32.4	19.0	-999.9	0.0	1.6	96738.8	-999.9
Bobo-Dioulasso	2016	11	1	306	22.3	32.7	19.9	-999.9	0.0	1.7	96838.8	-999.9
Bobo-Dioulasso	2016	11	2	307	22.9	33.2	19.4	-999.9	0.0	1.8	96806.7	-999.9
Bobo-Dioulasso	2016	11	3	308	23.5	33.4	19.0	-999.9	0.0	1.3	96755.3	-999.9
Bobo-Dioulasso	2016	11	4	309	24.2	33.3	19.5	-999.9	5.6	2.0	96909.8	-999.9
Bobo-Dioulasso	2016	11	5	310	22.5	34.6	21.3	-999.9	0.0	2.2	96902.0	-999.9
Bobo-Dioulasso	2016	11	6	311	20.5	33.7	22.5	-999.9	0.0	1.5	96810.2	-999.9
Bobo-Dioulasso	2016	11	7	312	21.5	34.3	21.3	-999.9	0.0	1.8	96739.3	-999.9
Bobo-Dioulasso	2016	11	8	313	21.3	34.2	22.3	-999.9	0.0	1.7	96784.2	-999.9
Bobo-Dioulasso	2016	11	9	314	20.1	34.5	22.7	-999.9	0.0	2.0	96852.9	-999.9
Bobo-Dioulasso	2016	11	10	315	19.3	34.0	22.3	-999.9	0.0	2.0	96762.2	-999.9
Bobo-Dioulasso	2016	11	11	316	18.1	33.3	22.5	-999.9	0.0	1.6	96613.2	-999.9
Bobo-Dioulasso	2016	11	12	317	18.7	32.5	21.3	-999.9	0.0	1.4	96530.9	-999.9
Bobo-Dioulasso	2016	11	13	318	19.1	32.7	21.3	-999.9	0.0	1.5	96511.9	-999.9
Bobo-Dioulasso	2016	11	14	319	21.0	34.0	19.5	-999.9	0.0	1.5	96469.1	-999.9
Bobo-Dioulasso	2016	11	15	320	22.6	34.2	21.3	-999.9	0.0	2.1	96510.4	-999.9
Bobo-Dioulasso	2016	11	16	321	20.7	34.3	21.7	-999.9	0.0	1.6	96568.9	-999.9
Bobo-Dioulasso	2016	11	17	322	20.4	34.6	21.8	-999.9	0.0	1.5	96510.0	-999.9
Bobo-Dioulasso	2016	11	18	323	20.6	34.7	21.6	-999.9	0.0	1.9	96478.5	-999.9
Bobo-Dioulasso	2016	11	19	324	21.9	35.0	21.3	-999.9	0.0	1.2	96534.3	-999.9
Bobo-Dioulasso	2016	11	20	325	22.5	35.0	21.3	-999.9	0.0	2.0	96530.7	-999.9
Bobo-Dioulasso	2016	11	21	326	23.0	34.3	20.9	-999.9	0.0	1.9	96567.9	-999.9
Bobo-Dioulasso	2016	11	22	327	20.5	34.1	21.3	-999.9	0.0	1.6	96581.3	-999.9
Bobo-Dioulasso	2016	11	23	328	21.6	34.6	20.9	-999.9	0.0	1.5	96692.1	-999.9
Bobo-Dioulasso	2016	11	24	329	23.0	35.1	19.7	-999.9	0.0	1.8	96750.7	-999.9
Bobo-Dioulasso	2016	11	25	330	22.4	35.8	20.3	-999.9	0.0	1.9	96617.5	-999.9
Bobo-Dioulasso	2016	11	26	331	22.2	35.8	19.9	-999.9	0.0	2.0	96464.5	-999.9
Bobo-Dioulasso	2016	11	27	332	22.3	34.9	20.2	-999.9	0.0	1.4	96476.3	-999.9
Bobo-Dioulasso	2016	11	28	333	24.2	34.1	18.2	-999.9	0.0	1.6	96498.7	-999.9
Bobo-Dioulasso	2016	11	29	334	25.1	33.1	18.0	-999.9	2.4	1.8	96603.9	-999.9
Bobo-Dioulasso	2016	11	30	335	24.5	35.3	17.9	-999.9	0.0	2.0	96751.0	-999.9
Bobo-Dioulasso	2016	12	1	336	22.4	36.3	20.9	-999.9	0.0	2.7	96746.5	-999.9
Bobo-Dioulasso	2016	12	2	337	22.0	36.2	20.9	-999.9	0.0	2.4	96727.3	-999.9
Bobo-Dioulasso	2016	12	3	338	22.7	35.1	20.8	-999.9	0.0	2.5	96705.7	-999.9
Bobo-Dioulasso	2016	12	4	339	21.6	33.8	20.9	-999.9	0.0	2.1	96714.2	-999.9
Bobo-Dioulasso	2016	12	5	340	19.8	34.1	20.7	-999.9	0.0	1.5	96762.8	-999.9
Bobo-Dioulasso	2016	12	6	341	20.1	34.2	20.3	-999.9	0.0	1.8	96751.4	-999.9
Bobo-Dioulasso	2016	12	7	342	21.5	34.5	20.6	-999.9	0.0	1.9	96685.6	-999.9
Bobo-Dioulasso	2016	12	8	343	20.4	34.9	20.4	-999.9	0.0	2.1	96746.9	-999.9
Bobo-Dioulasso	2016	12	9	344	22.0	34.8	20.5	-999.9	0.0	2.6	96766.5	-999.9
Bobo-Dioulasso	2016	12	10	345	22.3	33.3	19.1	-999.9	0.0	2.7	96731.5	-999.9
Bobo-Dioulasso	2016	12	11	346	21.0	33.1	20.3	-999.9	0.0	2.3	96690.8	-999.9
Bobo-Dioulasso	2016	12	12	347	20.5	33.4	18.0	-999.9	0.0	2.0	96656.6	-999.9
Bobo-Dioulasso	2016	12	13	348	23.1	33.4	16.8	-999.9	0.9	2.3	96704.9	-999.9
Bobo-Dioulasso	2016	12	14	349	22.1	33.6	19.7	-999.9	0.0	2.8	96738.4	-999.9
Bobo-Dioulasso	2016	12	15	350	22.2	33.1	20.2	-999.9	0.0	2.5	96817.0	-999.9
Bobo-Dioulasso	2016	12	16	351	19.8	33.1	20.1	-999.9	0.0	2.5	96819.1	-999.9
Bobo-Dioulasso	2016	12	17	352	19.1	33.6	20.2	-999.9	0.0	1.9	96624.8	-999.9
Bobo-Dioulasso	2016	12	18	353	20.3	34.1	19.3	-999.9	0.3	1.6	96655.1	-999.9
Bobo-Dioulasso	2016	12	19	354	22.0	34.4	20.0	-999.9	0.0	2.5	96644.5	-999.9
Bobo-Dioulasso	2016	12	20	355	21.0	34.0	20.4	-999.9	0.0	2.5	96619.0	-999.9
Bobo-Dioulasso	2016	12	21	356	20.1	34.7	20.8	-999.9	0.0	2.3	96473.5	-999.9
Bobo-Dioulasso	2016	12	22	357	19.4	34.4	20.8	-999.9	0.0	2.1	96581.1	-999.9
Bobo-Dioulasso	2016	12	23	358	20.6	34.3	21.0	-999.9	0.0	2.5	96627.0	-999.9
Bobo-Dioulasso	2016	12	24	359	19.5	33.9	20.8	-999.9	0.0	2.4	96594.3	-999.9
Bobo-Dioulasso	2016	12	25	360	19.8	33.9	20.5	-999.9	0.0	2.3	96629.8	-999.9
Bobo-Dioulasso	2016	12	26	361	20.2	33.1	20.6	-999.9	0.0	2.6	96726.2	-999.9
Bobo-Dioulasso	2016	12	27	362	19.4	32.5	20.6	-999.9	0.0	2.5	96865.4	-999.9
Bobo-Dioulasso	2016	12	28	363	18.5	32.2	20.6	-999.9	0.0	2.2	96862.5	-999.9
Bobo-Dioulasso	2016	12	29	364	19.5	32.9	20.3	-999.9	0.0	2.3	96844.9	-999.9
Bobo-Dioulasso	2016	12	30	365	19.8	32.9	20.4	-999.9	0.0	2.4	96867.8	-999.9
Bobo-Dioulasso	2016	12	31	366	20.0	32.9	20.5	-999.9	0.0	2.5	96834.2	-999.9
