Bobo-Dioulasso	2013	1	1	1	16.1	29.2	21.1	-999.9	0.0	2.5	96863.1	-999.9
Bobo-Dioulasso	2013	1	2	2	15.3	30.5	21.0	-999.9	0.0	2.3	96910.3	-999.9
Bobo-Dioulasso	2013	1	3	3	17.3	31.3	20.9	-999.9	0.0	2.5	97046.0	-999.9
Bobo-Dioulasso	2013	1	4	4	17.7	30.4	20.9	-999.9	0.0	2.9	97174.3	-999.9
Bobo-Dioulasso	2013	1	5	5	15.9	29.1	21.3	-999.9	0.0	2.7	97092.7	-999.9
Bobo-Dioulasso	2013	1	6	6	14.8	29.2	21.0	-999.9	0.0	2.1	97002.1	-999.9
Bobo-Dioulasso	2013	1	7	7	14.5	31.5	21.1	-999.9	0.0	1.9	96983.5	-999.9
Bobo-Dioulasso	2013	1	8	8	17.7	32.9	21.0	-999.9	0.0	2.4	96962.3	-999.9
Bobo-Dioulasso	2013	1	9	9	18.6	33.3	20.9	-999.9	0.0	2.4	96925.2	-999.9
Bobo-Dioulasso	2013	1	10	10	19.2	33.2	20.9	-999.9	0.0	2.4	96888.8	-999.9
Bobo-Dioulasso	2013	1	11	11	18.6	32.9	20.9	-999.9	0.0	2.4	96769.0	-999.9
Bobo-Dioulasso	2013	1	12	12	18.1	32.3	21.4	-999.9	0.0	2.6	96744.4	-999.9
Bobo-Dioulasso	2013	1	13	13	18.0	33.3	21.1	-999.9	0.0	2.5	96657.7	-999.9
Bobo-Dioulasso	2013	1	14	14	17.2	33.1	21.5	-999.9	0.0	2.2	96587.7	-999.9
Bobo-Dioulasso	2013	1	15	15	18.5	33.2	21.5	-999.9	0.0	2.5	96656.4	-999.9
Bobo-Dioulasso	2013	1	16	16	20.1	33.0	20.7	-999.9	0.0	3.0	96754.6	-999.9
Bobo-Dioulasso	2013	1	17	17	19.0	33.1	21.3	-999.9	0.0	2.6	96856.4	-999.9
Bobo-Dioulasso	2013	1	18	18	18.7	33.6	21.5	-999.9	0.0	2.3	96783.5	-999.9
Bobo-Dioulasso	2013	1	19	19	17.9	34.1	21.4	-999.9	0.0	1.8	96681.0	-999.9
Bobo-Dioulasso	2013	1	20	20	18.1	34.3	21.5	-999.9	0.0	2.2	96642.9	-999.9
Bobo-Dioulasso	2013	1	21	21	18.6	34.9	21.6	-999.9	0.0	2.0	96642.9	-999.9
Bobo-Dioulasso	2013	1	22	22	18.3	35.5	21.4	-999.9	0.0	1.9	96684.4	-999.9
Bobo-Dioulasso	2013	1	23	23	19.5	35.6	21.4	-999.9	0.0	1.9	96715.9	-999.9
Bobo-Dioulasso	2013	1	24	24	21.9	35.5	19.3	-999.9	0.0	2.1	96702.0	-999.9
Bobo-Dioulasso	2013	1	25	25	21.2	35.2	21.3	-999.9	0.0	1.9	96733.3	-999.9
Bobo-Dioulasso	2013	1	26	26	21.4	33.0	19.0	-999.9	0.0	2.7	96843.9	-999.9
Bobo-Dioulasso	2013	1	27	27	21.1	32.3	21.0	-999.9	0.0	3.6	96989.0	-999.9
Bobo-Dioulasso	2013	1	28	28	22.1	32.5	19.8	-999.9	0.0	2.7	97083.8	-999.9
Bobo-Dioulasso	2013	1	29	29	22.3	33.8	20.3	-999.9	0.0	2.4	96941.6	-999.9
Bobo-Dioulasso	2013	1	30	30	21.9	34.5	21.7	-999.9	0.0	3.1	96834.1	-999.9
Bobo-Dioulasso	2013	1	31	31	22.5	33.6	21.8	-999.9	0.0	3.4	96926.7	-999.9
Bobo-Dioulasso	2013	2	1	32	19.7	31.0	22.3	-999.9	0.0	2.9	97010.8	-999.9
Bobo-Dioulasso	2013	2	2	33	17.7	31.1	22.9	-999.9	0.0	2.3	96851.4	-999.9
Bobo-Dioulasso	2013	2	3	34	16.6	32.1	22.9	-999.9	0.0	2.1	96664.2	-999.9
Bobo-Dioulasso	2013	2	4	35	19.0	33.5	22.4	-999.9	0.0	2.6	96699.5	-999.9
Bobo-Dioulasso	2013	2	5	36	19.7	33.9	22.5	-999.9	0.0	2.9	96754.3	-999.9
Bobo-Dioulasso	2013	2	6	37	19.8	34.5	22.5	-999.9	0.0	2.4	96755.4	-999.9
Bobo-Dioulasso	2013	2	7	38	20.2	35.3	22.5	-999.9	0.0	2.3	96658.6	-999.9
Bobo-Dioulasso	2013	2	8	39	20.4	35.5	22.5	-999.9	0.0	2.2	96570.8	-999.9
Bobo-Dioulasso	2013	2	9	40	21.4	35.7	22.4	-999.9	0.0	2.4	96523.3	-999.9
Bobo-Dioulasso	2013	2	10	41	21.0	36.1	22.8	-999.9	0.0	2.6	96567.5	-999.9
Bobo-Dioulasso	2013	2	11	42	21.8	36.5	22.8	-999.9	0.0	2.7	96559.9	-999.9
Bobo-Dioulasso	2013	2	12	43	22.5	36.4	22.6	-999.9	0.0	2.7	96541.4	-999.9
Bobo-Dioulasso	2013	2	13	44	21.9	36.3	22.9	-999.9	0.0	2.8	96570.7	-999.9
Bobo-Dioulasso	2013	2	14	45	21.1	35.9	23.2	-999.9	0.0	2.6	96550.7	-999.9
Bobo-Dioulasso	2013	2	15	46	20.2	36.1	23.3	-999.9	0.0	2.3	96548.7	-999.9
Bobo-Dioulasso	2013	2	16	47	20.0	36.9	23.3	-999.9	0.0	2.0	96547.6	-999.9
Bobo-Dioulasso	2013	2	17	48	20.4	37.3	23.3	-999.9	1.0	2.1	96504.3	-999.9
Bobo-Dioulasso	2013	2	18	49	20.1	36.5	23.5	-999.9	0.0	1.8	96468.2	-999.9
Bobo-Dioulasso	2013	2	19	50	20.6	37.0	23.3	-999.9	0.0	1.3	96475.4	-999.9
Bobo-Dioulasso	2013	2	20	51	23.3	36.7	22.9	-999.9	0.0	1.6	96550.5	-999.9
Bobo-Dioulasso	2013	2	21	52	23.1	36.0	23.3	-999.9	1.0	2.2	96631.9	-999.9
Bobo-Dioulasso	2013	2	22	53	23.5	35.9	21.8	-999.9	0.0	2.1	96556.5	-999.9
Bobo-Dioulasso	2013	2	23	54	24.2	37.7	22.7	-999.9	0.5	2.2	96462.5	-999.9
Bobo-Dioulasso	2013	2	24	55	24.3	38.1	23.3	-999.9	0.0	2.1	96402.9	-999.9
Bobo-Dioulasso	2013	2	25	56	22.5	38.3	23.9	-999.9	0.0	2.1	96454.3	-999.9
Bobo-Dioulasso	2013	2	26	57	22.1	38.5	23.5	-999.9	0.0	1.7	96500.2	-999.9
Bobo-Dioulasso	2013	2	27	58	26.6	37.9	22.2	-999.9	0.0	1.9	96535.5	-999.9
Bobo-Dioulasso	2013	2	28	59	27.1	38.0	20.9	-999.9	0.0	2.0	96505.7	-999.9
Bobo-Dioulasso	2013	3	1	60	26.6	37.3	19.9	-999.9	0.0	2.2	96470.5	-999.9
Bobo-Dioulasso	2013	3	2	61	26.3	37.5	20.1	-999.9	0.0	1.7	96491.8	-999.9
Bobo-Dioulasso	2013	3	3	62	22.8	38.1	23.0	-999.9	0.0	1.7	96517.5	-999.9
Bobo-Dioulasso	2013	3	4	63	25.0	38.0	22.5	-999.9	0.0	2.3	96496.0	-999.9
Bobo-Dioulasso	2013	3	5	64	26.7	37.5	21.2	-999.9	0.0	2.1	96616.3	-999.9
Bobo-Dioulasso	2013	3	6	65	27.4	38.4	20.5	-999.9	0.0	2.0	96513.2	-999.9
Bobo-Dioulasso	2013	3	7	66	26.9	39.6	23.7	-999.9	0.0	2.3	96494.1	-999.9
Bobo-Dioulasso	2013	3	8	67	25.1	39.2	24.0	-999.9	0.0	2.1	96515.8	-999.9
Bobo-Dioulasso	2013	3	9	68	24.3	39.2	24.1	-999.9	0.0	1.8	96467.4	-999.9
Bobo-Dioulasso	2013	3	10	69	28.2	37.8	21.6	-999.9	0.0	2.6	96500.4	-999.9
Bobo-Dioulasso	2013	3	11	70	27.9	37.9	20.3	-999.9	2.8	2.1	96445.4	-999.9
Bobo-Dioulasso	2013	3	12	71	26.5	36.8	21.6	-999.9	0.0	2.4	96444.7	-999.9
Bobo-Dioulasso	2013	3	13	72	26.6	36.8	20.9	-999.9	0.0	2.1	96424.9	-999.9
Bobo-Dioulasso	2013	3	14	73	25.8	37.1	23.2	-999.9	0.0	2.0	96409.1	-999.9
Bobo-Dioulasso	2013	3	15	74	26.0	37.7	21.9	-999.9	0.0	1.9	96424.5	-999.9
Bobo-Dioulasso	2013	3	16	75	23.6	38.1	22.9	-999.9	0.0	1.7	96482.9	-999.9
Bobo-Dioulasso	2013	3	17	76	24.5	38.7	24.7	-999.9	0.0	1.9	96425.4	-999.9
Bobo-Dioulasso	2013	3	18	77	27.7	37.4	20.7	-999.9	0.0	2.5	96476.8	-999.9
Bobo-Dioulasso	2013	3	19	78	26.1	35.4	18.6	-999.9	7.5	2.3	96425.8	-999.9
Bobo-Dioulasso	2013	3	20	79	27.5	38.1	18.5	-999.9	0.0	2.0	96315.0	-999.9
Bobo-Dioulasso	2013	3	21	80	25.3	39.3	23.6	-999.9	0.0	2.0	96304.5	-999.9
Bobo-Dioulasso	2013	3	22	81	26.6	37.8	23.1	-999.9	3.2	2.5	96353.6	-999.9
Bobo-Dioulasso	2013	3	23	82	26.7	38.2	23.9	-999.9	0.0	2.3	96297.8	-999.9
Bobo-Dioulasso	2013	3	24	83	26.7	37.9	23.5	-999.9	0.0	2.2	96327.4	-999.9
Bobo-Dioulasso	2013	3	25	84	27.8	37.4	20.9	-999.9	0.0	2.4	96432.7	-999.9
Bobo-Dioulasso	2013	3	26	85	26.2	36.3	18.3	-999.9	3.4	2.7	96538.0	-999.9
Bobo-Dioulasso	2013	3	27	86	26.1	37.3	21.4	-999.9	0.0	2.5	96494.7	-999.9
Bobo-Dioulasso	2013	3	28	87	27.0	35.4	20.5	-999.9	5.1	2.7	96689.2	-999.9
Bobo-Dioulasso	2013	3	29	88	25.2	37.3	23.8	-999.9	0.0	1.8	96711.1	-999.9
Bobo-Dioulasso	2013	3	30	89	24.9	38.5	24.5	-999.9	0.0	1.9	96631.5	-999.9
Bobo-Dioulasso	2013	3	31	90	23.5	38.4	26.0	-999.9	0.0	1.2	96568.1	-999.9
Bobo-Dioulasso	2013	4	1	91	26.2	38.0	24.7	-999.9	0.0	2.0	96598.2	-999.9
Bobo-Dioulasso	2013	4	2	92	27.1	37.6	22.2	-999.9	0.0	2.4	96594.8	-999.9
Bobo-Dioulasso	2013	4	3	93	26.7	37.6	19.3	-999.9	4.1	2.4	96526.5	-999.9
Bobo-Dioulasso	2013	4	4	94	26.0	34.6	18.5	-999.9	4.1	1.9	96612.8	-999.9
Bobo-Dioulasso	2013	4	5	95	26.2	37.1	21.1	-999.9	4.1	2.0	96678.1	-999.9
Bobo-Dioulasso	2013	4	6	96	25.8	36.5	21.7	-999.9	1.4	2.0	96690.5	-999.9
Bobo-Dioulasso	2013	4	7	97	24.9	38.1	23.4	-999.9	0.0	1.4	96538.9	-999.9
Bobo-Dioulasso	2013	4	8	98	24.7	37.7	25.2	-999.9	0.0	2.2	96491.7	-999.9
Bobo-Dioulasso	2013	4	9	99	26.4	38.3	23.6	-999.9	0.0	2.8	96539.1	-999.9
Bobo-Dioulasso	2013	4	10	100	26.3	36.2	20.1	-999.9	2.7	2.9	96623.9	-999.9
Bobo-Dioulasso	2013	4	11	101	26.3	38.0	24.0	-999.9	0.0	2.2	96489.0	-999.9
Bobo-Dioulasso	2013	4	12	102	26.5	38.3	22.8	-999.9	1.9	2.5	96371.1	-999.9
Bobo-Dioulasso	2013	4	13	103	24.2	32.9	18.9	-999.9	3.7	2.6	96594.9	-999.9
Bobo-Dioulasso	2013	4	14	104	25.0	36.9	23.9	-999.9	0.0	1.7	96612.1	-999.9
Bobo-Dioulasso	2013	4	15	105	26.6	38.2	23.0	-999.9	1.9	2.4	96538.5	-999.9
Bobo-Dioulasso	2013	4	16	106	25.4	37.4	23.6	-999.9	3.5	2.9	96374.7	-999.9
Bobo-Dioulasso	2013	4	17	107	26.2	35.0	23.1	-999.9	0.0	3.3	96476.7	-999.9
Bobo-Dioulasso	2013	4	18	108	25.2	35.3	23.3	-999.9	0.0	2.3	96413.7	-999.9
Bobo-Dioulasso	2013	4	19	109	25.1	33.0	23.3	-999.9	5.3	2.6	96412.4	-999.9
Bobo-Dioulasso	2013	4	20	110	25.6	34.8	23.0	-999.9	1.8	2.4	96449.5	-999.9
Bobo-Dioulasso	2013	4	21	111	26.0	35.6	23.6	-999.9	2.8	2.0	96464.1	-999.9
Bobo-Dioulasso	2013	4	22	112	24.9	34.2	22.1	-999.9	8.4	2.2	96459.8	-999.9
Bobo-Dioulasso	2013	4	23	113	24.8	34.2	23.2	-999.9	0.0	2.9	96372.7	-999.9
Bobo-Dioulasso	2013	4	24	114	25.3	34.3	22.8	-999.9	0.0	2.5	96477.0	-999.9
Bobo-Dioulasso	2013	4	25	115	26.3	35.2	23.6	-999.9	5.6	2.2	96669.8	-999.9
Bobo-Dioulasso	2013	4	26	116	25.4	36.3	23.5	-999.9	4.8	2.6	96686.7	-999.9
Bobo-Dioulasso	2013	4	27	117	25.3	36.3	24.2	-999.9	0.0	2.2	96512.6	-999.9
Bobo-Dioulasso	2013	4	28	118	25.8	36.8	24.8	-999.9	0.0	1.9	96433.9	-999.9
Bobo-Dioulasso	2013	4	29	119	25.4	37.3	25.6	-999.9	0.0	2.6	96429.2	-999.9
Bobo-Dioulasso	2013	4	30	120	26.3	37.6	24.7	-999.9	0.0	2.9	96492.6	-999.9
Bobo-Dioulasso	2013	5	1	121	26.8	37.0	23.1	-999.9	0.0	3.0	96649.4	-999.9
Bobo-Dioulasso	2013	5	2	122	25.3	34.8	20.9	-999.9	0.0	2.1	96585.8	-999.9
Bobo-Dioulasso	2013	5	3	123	26.1	37.0	23.8	-999.9	0.0	2.2	96453.4	-999.9
Bobo-Dioulasso	2013	5	4	124	26.9	38.1	24.6	-999.9	6.8	2.5	96452.4	-999.9
Bobo-Dioulasso	2013	5	5	125	26.5	37.7	22.7	-999.9	0.0	2.6	96550.9	-999.9
Bobo-Dioulasso	2013	5	6	126	27.0	36.7	24.0	-999.9	0.0	2.4	96679.2	-999.9
Bobo-Dioulasso	2013	5	7	127	26.3	38.0	23.4	-999.9	0.0	2.6	96694.2	-999.9
Bobo-Dioulasso	2013	5	8	128	26.4	35.9	22.3	-999.9	7.8	2.6	96729.7	-999.9
Bobo-Dioulasso	2013	5	9	129	25.0	36.6	24.4	-999.9	7.8	2.6	96669.4	-999.9
Bobo-Dioulasso	2013	5	10	130	26.4	36.6	23.9	-999.9	0.0	3.0	96657.8	-999.9
Bobo-Dioulasso	2013	5	11	131	25.7	35.0	23.4	-999.9	0.0	3.0	96700.5	-999.9
Bobo-Dioulasso	2013	5	12	132	24.3	34.4	24.5	-999.9	0.0	2.3	96704.9	-999.9
Bobo-Dioulasso	2013	5	13	133	25.6	35.6	24.8	-999.9	0.0	2.2	96725.0	-999.9
Bobo-Dioulasso	2013	5	14	134	26.3	34.8	23.5	-999.9	0.0	2.4	96713.3	-999.9
Bobo-Dioulasso	2013	5	15	135	26.2	35.6	23.2	-999.9	6.1	2.3	96551.5	-999.9
Bobo-Dioulasso	2013	5	16	136	25.9	35.3	23.9	-999.9	3.1	2.2	96550.6	-999.9
Bobo-Dioulasso	2013	5	17	137	25.8	35.1	22.8	-999.9	3.1	1.9	96620.2	-999.9
Bobo-Dioulasso	2013	5	18	138	25.1	35.3	22.4	-999.9	9.3	2.2	96743.1	-999.9
Bobo-Dioulasso	2013	5	19	139	25.9	36.9	23.0	-999.9	0.0	2.0	96660.6	-999.9
Bobo-Dioulasso	2013	5	20	140	26.1	36.5	24.4	-999.9	0.0	2.2	96606.6	-999.9
Bobo-Dioulasso	2013	5	21	141	26.1	36.1	23.3	-999.9	2.4	2.5	96587.6	-999.9
Bobo-Dioulasso	2013	5	22	142	25.1	34.5	23.7	-999.9	2.4	2.3	96677.6	-999.9
Bobo-Dioulasso	2013	5	23	143	23.6	35.0	23.6	-999.9	7.2	1.8	96732.2	-999.9
Bobo-Dioulasso	2013	5	24	144	25.7	36.6	25.2	-999.9	0.0	1.9	96629.2	-999.9
Bobo-Dioulasso	2013	5	25	145	25.8	36.1	24.5	-999.9	0.0	2.6	96574.9	-999.9
Bobo-Dioulasso	2013	5	26	146	24.4	34.3	22.8	-999.9	0.0	2.7	96597.5	-999.9
Bobo-Dioulasso	2013	5	27	147	23.9	32.3	21.1	-999.9	31.3	2.5	96712.9	-999.9
Bobo-Dioulasso	2013	5	28	148	23.1	31.7	20.4	-999.9	0.0	2.0	96712.9	-999.9
Bobo-Dioulasso	2013	5	29	149	24.4	34.6	24.8	-999.9	0.0	2.4	96637.8	-999.9
Bobo-Dioulasso	2013	5	30	150	24.9	32.9	22.9	-999.9	0.0	2.6	96697.1	-999.9
Bobo-Dioulasso	2013	5	31	151	23.2	34.2	25.0	-999.9	0.0	1.7	96702.2	-999.9
Bobo-Dioulasso	2013	6	1	152	24.6	34.2	23.3	-999.9	6.0	2.3	96652.7	-999.9
Bobo-Dioulasso	2013	6	2	153	24.1	34.7	21.8	-999.9	18.0	2.6	96647.4	-999.9
Bobo-Dioulasso	2013	6	3	154	24.6	34.2	24.2	-999.9	0.0	2.5	96741.0	-999.9
Bobo-Dioulasso	2013	6	4	155	24.6	34.4	24.2	-999.9	0.0	2.7	96778.5	-999.9
Bobo-Dioulasso	2013	6	5	156	23.5	32.7	23.1	-999.9	18.0	2.2	96806.8	-999.9
Bobo-Dioulasso	2013	6	6	157	24.2	33.8	24.3	-999.9	0.0	1.9	96831.4	-999.9
Bobo-Dioulasso	2013	6	7	158	24.4	34.1	24.6	-999.9	0.0	2.2	96860.2	-999.9
Bobo-Dioulasso	2013	6	8	159	24.9	34.5	24.8	-999.9	0.0	1.9	96806.2	-999.9
Bobo-Dioulasso	2013	6	9	160	24.2	34.0	24.4	-999.9	27.2	2.2	96717.1	-999.9
Bobo-Dioulasso	2013	6	10	161	23.8	32.0	22.3	-999.9	0.0	2.4	96786.5	-999.9
Bobo-Dioulasso	2013	6	11	162	24.3	33.4	23.6	-999.9	0.0	2.3	96858.7	-999.9
Bobo-Dioulasso	2013	6	12	163	24.9	34.6	24.9	-999.9	0.0	2.3	96804.1	-999.9
Bobo-Dioulasso	2013	6	13	164	25.2	35.3	24.8	-999.9	0.0	2.6	96662.7	-999.9
Bobo-Dioulasso	2013	6	14	165	25.2	34.2	24.8	-999.9	0.0	2.5	96660.1	-999.9
Bobo-Dioulasso	2013	6	15	166	24.6	33.3	23.7	-999.9	9.5	1.7	96710.3	-999.9
Bobo-Dioulasso	2013	6	16	167	24.3	34.2	24.0	-999.9	4.5	1.9	96705.1	-999.9
Bobo-Dioulasso	2013	6	17	168	25.2	33.6	23.0	-999.9	4.5	2.4	96727.6	-999.9
Bobo-Dioulasso	2013	6	18	169	23.9	33.5	23.3	-999.9	9.0	2.0	96674.9	-999.9
Bobo-Dioulasso	2013	6	19	170	23.6	33.4	24.2	-999.9	4.5	2.2	96635.5	-999.9
Bobo-Dioulasso	2013	6	20	171	24.8	33.3	21.9	-999.9	0.0	2.9	96650.1	-999.9
Bobo-Dioulasso	2013	6	21	172	25.1	32.8	20.8	-999.9	0.0	2.7	96683.2	-999.9
Bobo-Dioulasso	2013	6	22	173	24.8	34.1	24.1	-999.9	0.0	2.0	96687.7	-999.9
Bobo-Dioulasso	2013	6	23	174	25.1	34.6	24.1	-999.9	0.0	2.2	96633.9	-999.9
Bobo-Dioulasso	2013	6	24	175	24.0	34.7	21.7	-999.9	20.4	2.8	96588.9	-999.9
Bobo-Dioulasso	2013	6	25	176	24.4	31.8	17.9	-999.9	6.8	2.5	96734.1	-999.9
Bobo-Dioulasso	2013	6	26	177	23.9	31.5	17.2	-999.9	7.0	2.2	96828.1	-999.9
Bobo-Dioulasso	2013	6	27	178	23.8	32.1	21.5	-999.9	14.0	1.6	96839.6	-999.9
Bobo-Dioulasso	2013	6	28	179	22.9	30.2	17.5	-999.9	0.0	1.6	96728.5	-999.9
Bobo-Dioulasso	2013	6	29	180	22.4	30.0	21.9	-999.9	0.0	2.0	96784.9	-999.9
Bobo-Dioulasso	2013	6	30	181	22.2	28.4	16.5	-999.9	7.0	1.8	96798.4	-999.9
Bobo-Dioulasso	2013	7	1	182	22.7	29.2	17.7	-999.9	0.0	2.5	96909.3	-999.9
Bobo-Dioulasso	2013	7	2	183	22.0	31.0	23.6	-999.9	6.3	1.4	96897.6	-999.9
Bobo-Dioulasso	2013	7	3	184	23.1	32.1	23.0	-999.9	0.0	1.7	96781.0	-999.9
Bobo-Dioulasso	2013	7	4	185	23.4	32.3	24.4	-999.9	0.0	2.2	96664.4	-999.9
Bobo-Dioulasso	2013	7	5	186	23.2	29.6	19.3	-999.9	12.6	2.0	96721.6	-999.9
Bobo-Dioulasso	2013	7	6	187	22.0	28.9	19.1	-999.9	7.1	1.4	96818.5	-999.9
Bobo-Dioulasso	2013	7	7	188	22.1	29.8	17.9	-999.9	0.0	2.1	96811.6	-999.9
Bobo-Dioulasso	2013	7	8	189	22.0	29.1	16.1	-999.9	42.8	2.6	96886.3	-999.9
Bobo-Dioulasso	2013	7	9	190	21.6	28.0	16.9	-999.9	14.3	2.4	96998.2	-999.9
Bobo-Dioulasso	2013	7	10	191	21.5	29.0	18.5	-999.9	0.0	1.7	96895.5	-999.9
Bobo-Dioulasso	2013	7	11	192	22.1	28.5	18.2	-999.9	8.0	1.2	96756.8	-999.9
Bobo-Dioulasso	2013	7	12	193	21.8	29.2	20.5	-999.9	4.0	2.0	96903.3	-999.9
Bobo-Dioulasso	2013	7	13	194	22.0	30.3	23.7	-999.9	4.0	1.4	96952.1	-999.9
Bobo-Dioulasso	2013	7	14	195	23.0	31.8	23.2	-999.9	4.0	1.7	96830.4	-999.9
Bobo-Dioulasso	2013	7	15	196	22.9	29.2	18.8	-999.9	0.0	2.0	96871.4	-999.9
Bobo-Dioulasso	2013	7	16	197	22.4	29.2	17.8	-999.9	0.0	2.3	97005.0	-999.9
Bobo-Dioulasso	2013	7	17	198	22.8	30.7	21.7	-999.9	0.0	2.0	96970.7	-999.9
Bobo-Dioulasso	2013	7	18	199	22.2	31.0	22.3	-999.9	14.5	1.9	96795.8	-999.9
Bobo-Dioulasso	2013	7	19	200	22.7	30.9	22.4	-999.9	7.3	2.0	96822.7	-999.9
Bobo-Dioulasso	2013	7	20	201	22.5	28.8	17.4	-999.9	0.0	1.8	96841.8	-999.9
Bobo-Dioulasso	2013	7	21	202	22.3	29.8	17.8	-999.9	9.7	1.6	96831.1	-999.9
Bobo-Dioulasso	2013	7	22	203	22.4	29.9	21.2	-999.9	9.7	1.4	96786.9	-999.9
Bobo-Dioulasso	2013	7	23	204	22.5	31.1	22.6	-999.9	0.0	1.7	96730.8	-999.9
Bobo-Dioulasso	2013	7	24	205	23.3	31.6	19.5	-999.9	9.7	2.0	96835.6	-999.9
Bobo-Dioulasso	2013	7	25	206	22.3	30.3	21.2	-999.9	0.0	2.3	96981.0	-999.9
Bobo-Dioulasso	2013	7	26	207	22.3	30.0	20.2	-999.9	0.0	2.1	97063.9	-999.9
Bobo-Dioulasso	2013	7	27	208	22.4	31.4	23.1	-999.9	0.0	2.1	96868.0	-999.9
Bobo-Dioulasso	2013	7	28	209	22.5	30.1	20.6	-999.9	0.0	2.4	96782.6	-999.9
Bobo-Dioulasso	2013	7	29	210	23.0	28.0	14.0	-999.9	31.0	3.0	96896.9	-999.9
Bobo-Dioulasso	2013	7	30	211	22.3	28.4	16.7	-999.9	7.8	2.0	97076.4	-999.9
Bobo-Dioulasso	2013	7	31	212	21.6	29.3	20.6	-999.9	0.0	2.0	96956.9	-999.9
Bobo-Dioulasso	2013	8	1	213	22.1	29.1	19.8	-999.9	0.0	2.0	96869.0	-999.9
Bobo-Dioulasso	2013	8	2	214	21.9	28.9	19.0	-999.9	15.4	1.8	96972.2	-999.9
Bobo-Dioulasso	2013	8	3	215	21.5	29.5	20.7	-999.9	0.0	1.6	96895.6	-999.9
Bobo-Dioulasso	2013	8	4	216	21.7	28.0	17.2	-999.9	0.0	1.9	96860.6	-999.9
Bobo-Dioulasso	2013	8	5	217	22.3	28.6	19.6	-999.9	0.0	2.1	96773.2	-999.9
Bobo-Dioulasso	2013	8	6	218	22.6	29.2	18.1	-999.9	10.0	2.2	96739.2	-999.9
Bobo-Dioulasso	2013	8	7	219	22.1	28.5	16.0	-999.9	30.0	1.9	96561.2	-999.9
Bobo-Dioulasso	2013	8	8	220	22.1	27.5	13.0	-999.9	30.0	2.0	96527.9	-999.9
Bobo-Dioulasso	2013	8	9	221	21.7	28.4	18.7	-999.9	0.0	2.6	96677.1	-999.9
Bobo-Dioulasso	2013	8	10	222	21.8	28.2	17.7	-999.9	0.0	2.0	96818.5	-999.9
Bobo-Dioulasso	2013	8	11	223	21.5	28.3	19.2	-999.9	0.0	1.5	96791.5	-999.9
Bobo-Dioulasso	2013	8	12	224	21.9	28.7	18.3	-999.9	28.0	2.2	96819.4	-999.9
Bobo-Dioulasso	2013	8	13	225	22.1	25.3	9.6	-999.9	0.0	2.5	96891.9	-999.9
Bobo-Dioulasso	2013	8	14	226	21.4	28.8	20.3	-999.9	0.0	1.9	96892.4	-999.9
Bobo-Dioulasso	2013	8	15	227	21.9	29.0	18.9	-999.9	0.0	2.1	96765.9	-999.9
Bobo-Dioulasso	2013	8	16	228	21.8	25.4	8.9	-999.9	0.0	1.4	96663.1	-999.9
Bobo-Dioulasso	2013	8	17	229	22.2	27.2	14.6	-999.9	0.0	2.7	96767.0	-999.9
Bobo-Dioulasso	2013	8	18	230	21.7	27.6	17.3	-999.9	17.8	1.8	96836.3	-999.9
Bobo-Dioulasso	2013	8	19	231	21.8	28.4	18.4	-999.9	27.7	1.6	96861.2	-999.9
Bobo-Dioulasso	2013	8	20	232	22.3	28.7	16.7	-999.9	5.5	1.4	96770.6	-999.9
Bobo-Dioulasso	2013	8	21	233	22.1	28.3	18.7	-999.9	0.0	1.9	96754.0	-999.9
Bobo-Dioulasso	2013	8	22	234	21.5	28.2	18.0	-999.9	0.0	2.2	96765.1	-999.9
Bobo-Dioulasso	2013	8	23	235	22.5	29.1	16.7	-999.9	30.2	1.5	96718.2	-999.9
Bobo-Dioulasso	2013	8	24	236	21.7	29.6	20.4	-999.9	0.0	1.6	96727.0	-999.9
Bobo-Dioulasso	2013	8	25	237	22.0	28.5	19.0	-999.9	15.1	1.6	96730.0	-999.9
Bobo-Dioulasso	2013	8	26	238	22.2	26.4	12.8	-999.9	9.4	1.2	96758.8	-999.9
Bobo-Dioulasso	2013	8	27	239	21.5	28.4	19.3	-999.9	9.4	1.4	96771.3	-999.9
Bobo-Dioulasso	2013	8	28	240	22.0	28.2	17.2	-999.9	18.8	2.1	96862.9	-999.9
Bobo-Dioulasso	2013	8	29	241	21.9	28.6	19.3	-999.9	9.4	1.8	96973.2	-999.9
Bobo-Dioulasso	2013	8	30	242	21.5	27.3	14.0	-999.9	18.8	2.0	96921.0	-999.9
Bobo-Dioulasso	2013	8	31	243	21.3	27.8	18.7	-999.9	18.8	1.4	96788.3	-999.9
Bobo-Dioulasso	2013	9	1	244	20.6	29.1	21.5	-999.9	0.0	1.6	96670.5	-999.9
Bobo-Dioulasso	2013	9	2	245	22.0	28.2	20.5	-999.9	0.0	2.2	96709.5	-999.9
Bobo-Dioulasso	2013	9	3	246	21.4	28.3	20.0	-999.9	0.0	1.6	96964.5	-999.9
Bobo-Dioulasso	2013	9	4	247	21.8	28.7	19.3	-999.9	7.8	0.8	96941.1	-999.9
Bobo-Dioulasso	2013	9	5	248	21.7	26.5	14.9	-999.9	15.7	1.7	96858.0	-999.9
Bobo-Dioulasso	2013	9	6	249	21.4	27.6	16.9	-999.9	0.0	1.4	96819.8	-999.9
Bobo-Dioulasso	2013	9	7	250	21.2	27.8	18.5	-999.9	0.0	1.1	96881.3	-999.9
Bobo-Dioulasso	2013	9	8	251	21.1	28.9	20.9	-999.9	0.0	1.2	96926.2	-999.9
Bobo-Dioulasso	2013	9	9	252	22.2	29.6	22.7	-999.9	31.6	1.4	96879.8	-999.9
Bobo-Dioulasso	2013	9	10	253	21.4	28.8	21.5	-999.9	0.0	1.9	96785.8	-999.9
Bobo-Dioulasso	2013	9	11	254	21.8	29.4	22.5	-999.9	12.4	1.6	96672.4	-999.9
Bobo-Dioulasso	2013	9	12	255	21.7	26.7	14.0	-999.9	12.4	1.6	96658.7	-999.9
Bobo-Dioulasso	2013	9	13	256	21.6	26.4	15.7	-999.9	12.4	2.4	96893.9	-999.9
Bobo-Dioulasso	2013	9	14	257	20.5	28.7	20.9	-999.9	12.4	1.0	97044.6	-999.9
Bobo-Dioulasso	2013	9	15	258	22.2	28.3	17.1	-999.9	0.0	1.3	96976.4	-999.9
Bobo-Dioulasso	2013	9	16	259	22.0	29.2	20.8	-999.9	0.0	1.7	96909.3	-999.9
Bobo-Dioulasso	2013	9	17	260	21.9	29.7	22.6	-999.9	0.0	1.3	96911.2	-999.9
Bobo-Dioulasso	2013	9	18	261	21.7	31.0	24.3	-999.9	0.0	1.3	96829.0	-999.9
Bobo-Dioulasso	2013	9	19	262	23.4	31.5	23.4	-999.9	0.0	1.6	96679.1	-999.9
Bobo-Dioulasso	2013	9	20	263	23.4	30.9	23.6	-999.9	0.0	1.8	96592.4	-999.9
Bobo-Dioulasso	2013	9	21	264	22.4	29.7	22.5	-999.9	0.0	1.7	96762.8	-999.9
Bobo-Dioulasso	2013	9	22	265	22.3	30.9	23.5	-999.9	0.0	1.5	96799.3	-999.9
Bobo-Dioulasso	2013	9	23	266	23.7	31.6	23.2	-999.9	13.0	2.5	96691.7	-999.9
Bobo-Dioulasso	2013	9	24	267	22.9	27.9	14.5	-999.9	0.0	2.1	96750.4	-999.9
Bobo-Dioulasso	2013	9	25	268	21.7	27.5	16.1	-999.9	0.0	2.3	96881.2	-999.9
Bobo-Dioulasso	2013	9	26	269	21.4	28.1	17.6	-999.9	0.0	1.6	96987.5	-999.9
Bobo-Dioulasso	2013	9	27	270	22.2	30.7	23.0	-999.9	15.6	1.5	96896.8	-999.9
Bobo-Dioulasso	2013	9	28	271	22.2	30.5	22.4	-999.9	0.0	1.6	96855.7	-999.9
Bobo-Dioulasso	2013	9	29	272	22.4	31.1	23.1	-999.9	0.0	1.8	96890.6	-999.9
Bobo-Dioulasso	2013	9	30	273	23.2	32.0	23.2	-999.9	17.8	1.6	96767.1	-999.9
Bobo-Dioulasso	2013	10	1	274	22.4	31.0	21.4	-999.9	11.8	1.7	96688.9	-999.9
Bobo-Dioulasso	2013	10	2	275	22.9	30.8	21.8	-999.9	0.0	1.4	96733.8	-999.9
Bobo-Dioulasso	2013	10	3	276	23.1	30.2	21.3	-999.9	8.8	1.7	96701.4	-999.9
Bobo-Dioulasso	2013	10	4	277	22.4	29.5	19.3	-999.9	17.7	1.6	96822.3	-999.9
Bobo-Dioulasso	2013	10	5	278	22.0	30.3	22.8	-999.9	0.0	1.7	96848.1	-999.9
Bobo-Dioulasso	2013	10	6	279	22.6	31.5	23.4	-999.9	0.0	1.4	96790.0	-999.9
Bobo-Dioulasso	2013	10	7	280	23.3	31.6	23.1	-999.9	0.0	1.6	96837.7	-999.9
Bobo-Dioulasso	2013	10	8	281	22.6	31.8	22.1	-999.9	12.9	1.5	96807.6	-999.9
Bobo-Dioulasso	2013	10	9	282	21.9	29.9	21.4	-999.9	0.0	1.5	96746.3	-999.9
Bobo-Dioulasso	2013	10	10	283	21.5	28.8	18.7	-999.9	0.0	2.0	96838.5	-999.9
Bobo-Dioulasso	2013	10	11	284	21.7	30.0	21.2	-999.9	0.0	1.1	96900.1	-999.9
Bobo-Dioulasso	2013	10	12	285	22.3	31.8	21.5	-999.9	0.0	1.5	96884.4	-999.9
Bobo-Dioulasso	2013	10	13	286	22.6	32.5	21.6	-999.9	0.0	1.6	96754.6	-999.9
Bobo-Dioulasso	2013	10	14	287	22.0	33.2	22.6	-999.9	0.0	1.6	96614.0	-999.9
Bobo-Dioulasso	2013	10	15	288	23.4	31.8	21.1	-999.9	0.0	2.0	96731.2	-999.9
Bobo-Dioulasso	2013	10	16	289	23.2	30.6	20.1	-999.9	0.0	2.3	96861.5	-999.9
Bobo-Dioulasso	2013	10	17	290	22.7	32.6	22.2	-999.9	0.0	1.5	96822.9	-999.9
Bobo-Dioulasso	2013	10	18	291	22.9	33.7	22.7	-999.9	0.0	1.3	96705.9	-999.9
Bobo-Dioulasso	2013	10	19	292	24.2	32.6	21.2	-999.9	3.2	1.9	96699.3	-999.9
Bobo-Dioulasso	2013	10	20	293	23.9	32.4	20.1	-999.9	3.2	1.3	96707.6	-999.9
Bobo-Dioulasso	2013	10	21	294	23.2	32.6	21.3	-999.9	0.0	1.5	96710.6	-999.9
Bobo-Dioulasso	2013	10	22	295	22.4	32.9	20.9	-999.9	0.0	1.6	96679.9	-999.9
Bobo-Dioulasso	2013	10	23	296	23.0	32.8	21.1	-999.9	0.0	1.6	96754.7	-999.9
Bobo-Dioulasso	2013	10	24	297	23.4	33.3	20.1	-999.9	0.0	1.5	96740.4	-999.9
Bobo-Dioulasso	2013	10	25	298	23.3	32.6	19.4	-999.9	0.0	1.9	96720.4	-999.9
Bobo-Dioulasso	2013	10	26	299	24.4	32.7	20.3	-999.9	0.0	1.6	96736.6	-999.9
Bobo-Dioulasso	2013	10	27	300	23.5	32.7	19.8	-999.9	0.0	1.4	96781.7	-999.9
Bobo-Dioulasso	2013	10	28	301	23.6	33.0	21.8	-999.9	0.0	1.5	96838.9	-999.9
Bobo-Dioulasso	2013	10	29	302	22.3	34.8	23.0	-999.9	0.0	1.5	96657.3	-999.9
Bobo-Dioulasso	2013	10	30	303	23.4	33.2	20.3	-999.9	0.0	1.9	96608.0	-999.9
Bobo-Dioulasso	2013	10	31	304	23.6	31.8	16.9	-999.9	0.0	1.8	96611.0	-999.9
Bobo-Dioulasso	2013	11	1	305	24.2	33.8	19.8	-999.9	0.0	1.9	96514.7	-999.9
Bobo-Dioulasso	2013	11	2	306	23.8	34.2	20.8	-999.9	0.0	1.8	96525.5	-999.9
Bobo-Dioulasso	2013	11	3	307	21.5	34.9	22.6	-999.9	0.0	1.9	96550.8	-999.9
Bobo-Dioulasso	2013	11	4	308	20.9	34.3	22.7	-999.9	0.0	2.1	96695.4	-999.9
Bobo-Dioulasso	2013	11	5	309	20.7	34.1	22.9	-999.9	0.0	2.1	96807.5	-999.9
Bobo-Dioulasso	2013	11	6	310	18.8	33.2	22.9	-999.9	0.0	1.8	96800.8	-999.9
Bobo-Dioulasso	2013	11	7	311	18.8	33.5	22.8	-999.9	0.0	1.4	96763.6	-999.9
Bobo-Dioulasso	2013	11	8	312	19.7	34.0	22.0	-999.9	0.0	1.4	96690.1	-999.9
Bobo-Dioulasso	2013	11	9	313	22.5	34.5	20.4	-999.9	0.0	1.6	96640.1	-999.9
Bobo-Dioulasso	2013	11	10	314	24.3	34.8	20.2	-999.9	0.0	2.1	96635.0	-999.9
Bobo-Dioulasso	2013	11	11	315	22.0	35.1	21.8	-999.9	0.0	1.8	96534.1	-999.9
Bobo-Dioulasso	2013	11	12	316	22.8	34.1	20.7	-999.9	0.0	1.8	96528.4	-999.9
Bobo-Dioulasso	2013	11	13	317	23.2	33.7	20.0	-999.9	0.0	1.9	96599.8	-999.9
Bobo-Dioulasso	2013	11	14	318	20.0	34.3	22.0	-999.9	0.0	1.6	96574.6	-999.9
Bobo-Dioulasso	2013	11	15	319	21.3	33.1	19.8	-999.9	0.0	1.4	96583.9	-999.9
Bobo-Dioulasso	2013	11	16	320	22.9	34.0	20.6	-999.9	0.0	1.5	96614.8	-999.9
Bobo-Dioulasso	2013	11	17	321	24.7	32.6	17.7	-999.9	0.0	1.7	96588.0	-999.9
Bobo-Dioulasso	2013	11	18	322	24.7	34.2	18.3	-999.9	0.0	1.7	96480.6	-999.9
Bobo-Dioulasso	2013	11	19	323	24.4	33.1	17.6	-999.9	0.0	1.9	96485.1	-999.9
Bobo-Dioulasso	2013	11	20	324	23.5	33.9	19.9	-999.9	4.0	1.3	96561.6	-999.9
Bobo-Dioulasso	2013	11	21	325	21.8	34.2	20.9	-999.9	0.0	1.5	96517.6	-999.9
Bobo-Dioulasso	2013	11	22	326	22.0	33.6	20.9	-999.9	0.0	1.9	96468.4	-999.9
Bobo-Dioulasso	2013	11	23	327	20.8	33.7	20.8	-999.9	0.0	1.5	96568.3	-999.9
Bobo-Dioulasso	2013	11	24	328	22.3	34.2	20.6	-999.9	0.0	1.9	96602.8	-999.9
Bobo-Dioulasso	2013	11	25	329	20.4	34.3	21.2	-999.9	0.0	1.4	96462.6	-999.9
Bobo-Dioulasso	2013	11	26	330	22.3	33.9	20.6	-999.9	0.0	1.8	96397.9	-999.9
Bobo-Dioulasso	2013	11	27	331	24.5	32.7	18.3	-999.9	0.0	2.1	96514.0	-999.9
Bobo-Dioulasso	2013	11	28	332	24.1	34.4	18.1	-999.9	0.0	2.0	96643.5	-999.9
Bobo-Dioulasso	2013	11	29	333	22.2	36.2	20.9	-999.9	0.0	2.3	96595.1	-999.9
Bobo-Dioulasso	2013	11	30	334	22.8	35.2	20.9	-999.9	0.0	2.3	96537.9	-999.9
Bobo-Dioulasso	2013	12	1	335	20.6	33.8	20.9	-999.9	0.0	1.6	96525.4	-999.9
Bobo-Dioulasso	2013	12	2	336	20.4	34.0	20.8	-999.9	0.0	1.8	96680.4	-999.9
Bobo-Dioulasso	2013	12	3	337	22.4	34.9	20.5	-999.9	0.0	2.5	96804.8	-999.9
Bobo-Dioulasso	2013	12	4	338	23.2	34.2	20.5	-999.9	0.0	3.3	96912.3	-999.9
Bobo-Dioulasso	2013	12	5	339	21.6	33.1	20.9	-999.9	0.0	2.9	96867.0	-999.9
Bobo-Dioulasso	2013	12	6	340	20.5	31.9	20.9	-999.9	0.0	3.2	96829.8	-999.9
Bobo-Dioulasso	2013	12	7	341	18.3	30.0	21.1	-999.9	0.0	2.4	96873.0	-999.9
Bobo-Dioulasso	2013	12	8	342	17.2	29.9	21.0	-999.9	0.0	2.4	96895.7	-999.9
Bobo-Dioulasso	2013	12	9	343	16.7	30.9	20.8	-999.9	0.0	2.3	96865.1	-999.9
Bobo-Dioulasso	2013	12	10	344	18.2	30.6	20.4	-999.9	0.0	2.2	96915.1	-999.9
Bobo-Dioulasso	2013	12	11	345	18.0	31.9	20.3	-999.9	0.0	2.0	96896.1	-999.9
Bobo-Dioulasso	2013	12	12	346	19.1	33.1	20.4	-999.9	0.0	1.9	96871.3	-999.9
Bobo-Dioulasso	2013	12	13	347	19.2	33.7	20.3	-999.9	0.0	1.7	96742.8	-999.9
Bobo-Dioulasso	2013	12	14	348	19.4	33.8	20.1	-999.9	0.0	2.5	96701.6	-999.9
Bobo-Dioulasso	2013	12	15	349	23.1	31.9	17.2	-999.9	1.2	2.4	96837.3	-999.9
Bobo-Dioulasso	2013	12	16	350	19.9	30.8	18.7	-999.9	0.0	2.3	96849.6	-999.9
Bobo-Dioulasso	2013	12	17	351	19.3	31.1	20.4	-999.9	0.0	2.6	96838.0	-999.9
Bobo-Dioulasso	2013	12	18	352	17.9	30.6	20.8	-999.9	0.0	2.6	96798.8	-999.9
Bobo-Dioulasso	2013	12	19	353	16.7	30.2	20.8	-999.9	0.0	2.4	96735.6	-999.9
Bobo-Dioulasso	2013	12	20	354	16.5	30.9	20.6	-999.9	0.0	2.2	96680.0	-999.9
Bobo-Dioulasso	2013	12	21	355	18.2	31.2	20.6	-999.9	0.0	2.3	96752.6	-999.9
Bobo-Dioulasso	2013	12	22	356	18.0	31.3	19.7	-999.9	0.0	2.8	96833.8	-999.9
Bobo-Dioulasso	2013	12	23	357	18.1	31.0	20.3	-999.9	0.0	2.8	96823.1	-999.9
Bobo-Dioulasso	2013	12	24	358	17.9	31.8	20.4	-999.9	0.0	2.4	96848.4	-999.9
Bobo-Dioulasso	2013	12	25	359	19.0	33.3	20.4	-999.9	0.0	2.5	96874.6	-999.9
Bobo-Dioulasso	2013	12	26	360	20.0	34.7	20.5	-999.9	0.0	2.6	96809.4	-999.9
Bobo-Dioulasso	2013	12	27	361	19.7	34.6	20.5	-999.9	0.0	2.1	96807.4	-999.9
Bobo-Dioulasso	2013	12	28	362	18.8	34.7	20.6	-999.9	0.0	1.9	96785.7	-999.9
Bobo-Dioulasso	2013	12	29	363	18.4	35.0	20.6	-999.9	0.0	1.9	96691.0	-999.9
Bobo-Dioulasso	2013	12	30	364	19.4	35.1	20.6	-999.9	0.0	1.5	96662.6	-999.9
Bobo-Dioulasso	2013	12	31	365	19.9	34.2	19.1	-999.9	0.0	1.8	96625.1	-999.9
