Bobo-Dioulasso	1996	1	1	1	17.2	33.2	21.2	-999.9	0.0	2.2	96765.9	-999.9
Bobo-Dioulasso	1996	1	2	2	16.4	33.6	20.3	-999.9	0.0	2.1	96754.5	-999.9
Bobo-Dioulasso	1996	1	3	3	16.7	34.2	21.2	-999.9	0.0	2.3	96780.4	-999.9
Bobo-Dioulasso	1996	1	4	4	17.2	33.7	21.1	-999.9	0.0	1.9	96731.3	-999.9
Bobo-Dioulasso	1996	1	5	5	18.0	33.9	21.0	-999.9	0.0	2.1	96600.7	-999.9
Bobo-Dioulasso	1996	1	6	6	17.8	34.1	20.9	-999.9	0.0	2.2	96569.5	-999.9
Bobo-Dioulasso	1996	1	7	7	18.1	33.3	20.6	-999.9	0.0	2.2	96690.2	-999.9
Bobo-Dioulasso	1996	1	8	8	18.3	33.5	21.3	-999.9	0.0	2.4	96833.6	-999.9
Bobo-Dioulasso	1996	1	9	9	18.2	33.4	21.4	-999.9	0.0	2.3	96868.9	-999.9
Bobo-Dioulasso	1996	1	10	10	17.1	33.2	21.5	-999.9	0.0	2.3	96794.6	-999.9
Bobo-Dioulasso	1996	1	11	11	16.9	32.9	21.6	-999.9	0.0	2.2	96656.3	-999.9
Bobo-Dioulasso	1996	1	12	12	18.1	32.8	21.5	-999.9	0.0	2.2	96590.2	-999.9
Bobo-Dioulasso	1996	1	13	13	16.9	32.6	21.5	-999.9	0.0	1.9	96564.1	-999.9
Bobo-Dioulasso	1996	1	14	14	16.5	32.6	21.4	-999.9	0.0	1.9	96591.2	-999.9
Bobo-Dioulasso	1996	1	15	15	18.0	33.0	21.1	-999.9	0.0	2.3	96491.6	-999.9
Bobo-Dioulasso	1996	1	16	16	20.6	33.0	18.6	-999.9	0.0	1.8	96399.0	-999.9
Bobo-Dioulasso	1996	1	17	17	23.6	32.0	15.6	-999.9	0.0	1.5	96451.6	-999.9
Bobo-Dioulasso	1996	1	18	18	22.5	33.1	18.1	-999.9	0.0	1.8	96449.7	-999.9
Bobo-Dioulasso	1996	1	19	19	21.9	33.5	20.5	-999.9	0.0	2.3	96563.7	-999.9
Bobo-Dioulasso	1996	1	20	20	20.7	33.6	20.9	-999.9	0.0	2.2	96458.3	-999.9
Bobo-Dioulasso	1996	1	21	21	21.9	34.1	21.0	-999.9	0.0	2.3	96398.0	-999.9
Bobo-Dioulasso	1996	1	22	22	21.0	34.7	21.1	-999.9	0.0	2.2	96467.4	-999.9
Bobo-Dioulasso	1996	1	23	23	21.6	35.5	21.3	-999.9	0.0	2.5	96567.8	-999.9
Bobo-Dioulasso	1996	1	24	24	22.9	35.2	21.3	-999.9	0.0	2.2	96585.4	-999.9
Bobo-Dioulasso	1996	1	25	25	20.7	35.3	21.4	-999.9	0.0	2.0	96505.8	-999.9
Bobo-Dioulasso	1996	1	26	26	21.1	34.3	21.5	-999.9	0.0	1.9	96461.1	-999.9
Bobo-Dioulasso	1996	1	27	27	20.5	35.4	21.7	-999.9	0.0	2.4	96398.7	-999.9
Bobo-Dioulasso	1996	1	28	28	20.5	36.7	21.7	-999.9	0.0	2.5	96412.8	-999.9
Bobo-Dioulasso	1996	1	29	29	22.5	36.8	21.7	-999.9	0.0	2.6	96448.5	-999.9
Bobo-Dioulasso	1996	1	30	30	21.7	36.3	21.9	-999.9	0.0	2.4	96464.2	-999.9
Bobo-Dioulasso	1996	1	31	31	22.9	36.2	21.8	-999.9	0.0	2.9	96434.9	-999.9
Bobo-Dioulasso	1996	2	1	32	23.9	35.2	21.8	-999.9	0.0	3.0	96461.3	-999.9
Bobo-Dioulasso	1996	2	2	33	22.5	34.9	22.0	-999.9	0.0	2.1	96503.7	-999.9
Bobo-Dioulasso	1996	2	3	34	21.0	35.3	21.5	-999.9	0.0	1.5	96467.4	-999.9
Bobo-Dioulasso	1996	2	4	35	22.2	36.1	21.6	-999.9	0.0	1.7	96363.4	-999.9
Bobo-Dioulasso	1996	2	5	36	24.5	35.1	20.2	-999.9	0.0	2.2	96426.0	-999.9
Bobo-Dioulasso	1996	2	6	37	22.9	36.8	22.5	-999.9	0.0	2.4	96491.5	-999.9
Bobo-Dioulasso	1996	2	7	38	21.7	35.4	22.5	-999.9	0.0	2.0	96502.3	-999.9
Bobo-Dioulasso	1996	2	8	39	20.6	34.9	22.7	-999.9	0.0	1.6	96546.1	-999.9
Bobo-Dioulasso	1996	2	9	40	19.7	35.1	22.9	-999.9	0.0	1.9	96560.6	-999.9
Bobo-Dioulasso	1996	2	10	41	20.5	35.6	22.2	-999.9	0.0	1.6	96529.7	-999.9
Bobo-Dioulasso	1996	2	11	42	21.9	35.9	21.5	-999.9	0.0	1.6	96512.6	-999.9
Bobo-Dioulasso	1996	2	12	43	23.6	35.8	21.3	-999.9	0.0	1.0	96463.1	-999.9
Bobo-Dioulasso	1996	2	13	44	24.0	35.2	20.1	-999.9	0.0	1.6	96449.7	-999.9
Bobo-Dioulasso	1996	2	14	45	23.8	34.6	20.6	-999.9	0.0	1.3	96425.3	-999.9
Bobo-Dioulasso	1996	2	15	46	24.2	34.7	19.1	-999.9	1.5	2.0	96536.8	-999.9
Bobo-Dioulasso	1996	2	16	47	24.5	35.5	19.8	-999.9	0.0	1.8	96493.4	-999.9
Bobo-Dioulasso	1996	2	17	48	22.3	37.2	22.7	-999.9	0.0	2.2	96369.4	-999.9
Bobo-Dioulasso	1996	2	18	49	23.6	36.6	23.2	-999.9	0.0	2.6	96469.8	-999.9
Bobo-Dioulasso	1996	2	19	50	21.5	35.0	23.7	-999.9	0.0	2.6	96608.3	-999.9
Bobo-Dioulasso	1996	2	20	51	21.1	35.1	23.9	-999.9	0.0	2.5	96617.5	-999.9
Bobo-Dioulasso	1996	2	21	52	20.3	35.2	23.9	-999.9	0.0	2.3	96607.8	-999.9
Bobo-Dioulasso	1996	2	22	53	20.7	35.6	24.1	-999.9	0.0	2.1	96628.3	-999.9
Bobo-Dioulasso	1996	2	23	54	20.6	36.4	24.2	-999.9	0.0	2.6	96560.4	-999.9
Bobo-Dioulasso	1996	2	24	55	20.9	36.9	24.2	-999.9	0.0	2.1	96514.2	-999.9
Bobo-Dioulasso	1996	2	25	56	21.2	36.9	23.5	-999.9	0.0	2.0	96467.4	-999.9
Bobo-Dioulasso	1996	2	26	57	24.8	37.3	22.5	-999.9	0.0	1.8	96368.0	-999.9
Bobo-Dioulasso	1996	2	27	58	25.3	36.7	22.7	-999.9	0.0	2.2	96265.5	-999.9
Bobo-Dioulasso	1996	2	28	59	22.5	35.8	23.9	-999.9	0.0	2.0	96369.6	-999.9
Bobo-Dioulasso	1996	2	29	60	20.8	35.1	23.7	-999.9	0.0	2.3	96553.9	-999.9
Bobo-Dioulasso	1996	3	1	61	24.5	35.2	20.8	-999.9	1.5	2.3	96580.5	-999.9
Bobo-Dioulasso	1996	3	2	62	22.7	36.4	22.2	-999.9	0.0	1.7	96492.7	-999.9
Bobo-Dioulasso	1996	3	3	63	22.1	36.4	22.1	-999.9	0.0	1.5	96406.3	-999.9
Bobo-Dioulasso	1996	3	4	64	24.5	37.6	23.2	-999.9	0.0	1.9	96352.2	-999.9
Bobo-Dioulasso	1996	3	5	65	27.1	37.5	22.2	-999.9	0.0	2.2	96442.9	-999.9
Bobo-Dioulasso	1996	3	6	66	26.4	37.2	20.5	-999.9	4.1	1.9	96409.2	-999.9
Bobo-Dioulasso	1996	3	7	67	26.1	37.2	22.0	-999.9	0.0	2.4	96334.8	-999.9
Bobo-Dioulasso	1996	3	8	68	25.2	36.8	20.5	-999.9	4.1	2.1	96368.6	-999.9
Bobo-Dioulasso	1996	3	9	69	25.9	35.2	18.5	-999.9	4.1	2.9	96588.2	-999.9
Bobo-Dioulasso	1996	3	10	70	26.2	34.8	22.3	-999.9	0.0	3.2	96582.5	-999.9
Bobo-Dioulasso	1996	3	11	71	24.7	36.5	21.4	-999.9	0.0	1.8	96325.5	-999.9
Bobo-Dioulasso	1996	3	12	72	26.0	36.3	23.5	-999.9	0.0	2.2	96342.9	-999.9
Bobo-Dioulasso	1996	3	13	73	26.2	36.2	22.7	-999.9	0.0	2.1	96457.8	-999.9
Bobo-Dioulasso	1996	3	14	74	25.8	35.8	22.0	-999.9	0.0	2.1	96543.4	-999.9
Bobo-Dioulasso	1996	3	15	75	25.9	33.9	18.1	-999.9	0.0	2.3	96526.7	-999.9
Bobo-Dioulasso	1996	3	16	76	23.3	36.7	23.7	-999.9	0.0	1.8	96518.5	-999.9
Bobo-Dioulasso	1996	3	17	77	26.4	36.9	22.4	-999.9	0.0	1.5	96471.0	-999.9
Bobo-Dioulasso	1996	3	18	78	26.6	37.7	25.2	-999.9	0.0	1.7	96349.5	-999.9
Bobo-Dioulasso	1996	3	19	79	23.0	37.7	25.7	-999.9	0.0	2.0	96345.9	-999.9
Bobo-Dioulasso	1996	3	20	80	22.7	37.8	25.6	-999.9	0.0	1.7	96288.1	-999.9
Bobo-Dioulasso	1996	3	21	81	23.3	37.8	25.2	-999.9	0.0	1.9	96319.0	-999.9
Bobo-Dioulasso	1996	3	22	82	22.0	37.9	26.2	-999.9	0.0	1.9	96395.2	-999.9
Bobo-Dioulasso	1996	3	23	83	23.6	37.5	24.7	-999.9	0.0	1.8	96417.1	-999.9
Bobo-Dioulasso	1996	3	24	84	27.0	37.2	21.7	-999.9	0.0	2.3	96512.1	-999.9
Bobo-Dioulasso	1996	3	25	85	26.0	33.6	18.2	-999.9	0.0	2.3	96610.7	-999.9
Bobo-Dioulasso	1996	3	26	86	25.8	36.4	23.5	-999.9	0.0	2.0	96535.1	-999.9
Bobo-Dioulasso	1996	3	27	87	24.8	37.0	24.6	-999.9	0.0	1.4	96490.6	-999.9
Bobo-Dioulasso	1996	3	28	88	26.9	37.8	24.1	-999.9	0.0	1.6	96479.9	-999.9
Bobo-Dioulasso	1996	3	29	89	24.3	38.8	25.8	-999.9	0.0	1.9	96446.3	-999.9
Bobo-Dioulasso	1996	3	30	90	24.1	38.2	25.4	-999.9	0.0	2.1	96444.3	-999.9
Bobo-Dioulasso	1996	3	31	91	24.4	37.1	22.7	-999.9	0.0	2.0	96481.2	-999.9
Bobo-Dioulasso	1996	4	1	92	26.1	37.2	22.2	-999.9	0.0	2.3	96480.4	-999.9
Bobo-Dioulasso	1996	4	2	93	27.7	37.6	22.6	-999.9	0.0	2.5	96373.5	-999.9
Bobo-Dioulasso	1996	4	3	94	25.7	35.8	19.8	-999.9	0.0	2.4	96429.3	-999.9
Bobo-Dioulasso	1996	4	4	95	26.1	37.0	22.0	-999.9	4.3	2.2	96486.4	-999.9
Bobo-Dioulasso	1996	4	5	96	24.2	36.7	23.4	-999.9	4.3	2.1	96430.7	-999.9
Bobo-Dioulasso	1996	4	6	97	25.4	36.8	19.4	-999.9	4.5	1.9	96295.7	-999.9
Bobo-Dioulasso	1996	4	7	98	26.4	38.4	24.3	-999.9	9.0	1.8	96322.8	-999.9
Bobo-Dioulasso	1996	4	8	99	26.1	37.9	24.9	-999.9	0.0	2.3	96412.1	-999.9
Bobo-Dioulasso	1996	4	9	100	26.8	37.8	24.5	-999.9	4.5	2.1	96438.9	-999.9
Bobo-Dioulasso	1996	4	10	101	26.4	37.2	23.4	-999.9	0.0	2.1	96430.0	-999.9
Bobo-Dioulasso	1996	4	11	102	21.4	36.8	27.0	-999.9	0.0	1.8	96350.7	-999.9
Bobo-Dioulasso	1996	4	12	103	22.0	37.4	26.6	-999.9	0.0	1.8	96251.2	-999.9
Bobo-Dioulasso	1996	4	13	104	26.9	36.7	21.9	-999.9	0.0	2.8	96291.4	-999.9
Bobo-Dioulasso	1996	4	14	105	25.5	35.6	16.3	-999.9	0.0	2.2	96419.0	-999.9
Bobo-Dioulasso	1996	4	15	106	23.2	30.9	14.3	-999.9	17.8	2.2	96639.6	-999.9
Bobo-Dioulasso	1996	4	16	107	23.7	34.3	20.1	-999.9	0.0	2.1	96524.2	-999.9
Bobo-Dioulasso	1996	4	17	108	25.4	34.9	22.2	-999.9	2.3	2.3	96453.3	-999.9
Bobo-Dioulasso	1996	4	18	109	24.6	35.8	24.1	-999.9	0.0	2.4	96458.3	-999.9
Bobo-Dioulasso	1996	4	19	110	24.8	35.7	24.7	-999.9	4.6	1.9	96463.2	-999.9
Bobo-Dioulasso	1996	4	20	111	25.4	34.9	23.8	-999.9	0.0	2.2	96384.4	-999.9
Bobo-Dioulasso	1996	4	21	112	25.8	35.2	22.6	-999.9	0.0	2.1	96411.1	-999.9
Bobo-Dioulasso	1996	4	22	113	23.4	35.2	21.5	-999.9	3.4	1.5	96572.9	-999.9
Bobo-Dioulasso	1996	4	23	114	24.2	35.7	23.9	-999.9	0.0	1.6	96615.7	-999.9
Bobo-Dioulasso	1996	4	24	115	25.5	36.1	22.1	-999.9	0.0	1.7	96574.0	-999.9
Bobo-Dioulasso	1996	4	25	116	25.7	37.2	23.9	-999.9	0.0	2.0	96469.1	-999.9
Bobo-Dioulasso	1996	4	26	117	26.6	36.3	22.5	-999.9	0.0	2.4	96454.6	-999.9
Bobo-Dioulasso	1996	4	27	118	25.5	36.2	22.1	-999.9	2.2	2.5	96491.1	-999.9
Bobo-Dioulasso	1996	4	28	119	25.2	33.4	18.8	-999.9	3.8	2.3	96612.0	-999.9
Bobo-Dioulasso	1996	4	29	120	25.6	36.7	23.2	-999.9	0.0	2.0	96492.0	-999.9
Bobo-Dioulasso	1996	4	30	121	26.0	36.9	24.1	-999.9	0.0	2.5	96464.6	-999.9
Bobo-Dioulasso	1996	5	1	122	26.6	36.9	23.9	-999.9	0.0	2.0	96513.0	-999.9
Bobo-Dioulasso	1996	5	2	123	26.6	38.8	25.6	-999.9	0.0	1.9	96451.0	-999.9
Bobo-Dioulasso	1996	5	3	124	26.2	37.8	25.1	-999.9	0.0	1.9	96418.9	-999.9
Bobo-Dioulasso	1996	5	4	125	27.0	38.2	25.3	-999.9	0.0	2.0	96457.6	-999.9
Bobo-Dioulasso	1996	5	5	126	25.5	39.0	26.3	-999.9	0.0	1.9	96416.4	-999.9
Bobo-Dioulasso	1996	5	6	127	26.3	38.5	25.2	-999.9	0.0	2.5	96379.5	-999.9
Bobo-Dioulasso	1996	5	7	128	27.5	37.3	23.8	-999.9	0.0	3.1	96436.8	-999.9
Bobo-Dioulasso	1996	5	8	129	25.9	37.4	22.5	-999.9	11.3	2.6	96551.4	-999.9
Bobo-Dioulasso	1996	5	9	130	24.8	35.2	20.9	-999.9	3.8	2.5	96629.8	-999.9
Bobo-Dioulasso	1996	5	10	131	25.3	35.8	21.6	-999.9	3.8	2.1	96639.5	-999.9
Bobo-Dioulasso	1996	5	11	132	25.1	35.6	23.1	-999.9	21.3	2.0	96631.7	-999.9
Bobo-Dioulasso	1996	5	12	133	25.4	35.6	25.2	-999.9	0.0	1.6	96682.0	-999.9
Bobo-Dioulasso	1996	5	13	134	26.4	36.2	23.3	-999.9	0.0	2.4	96606.6	-999.9
Bobo-Dioulasso	1996	5	14	135	25.4	34.8	19.2	-999.9	0.0	2.4	96496.8	-999.9
Bobo-Dioulasso	1996	5	15	136	26.0	36.6	24.0	-999.9	0.0	2.4	96422.4	-999.9
Bobo-Dioulasso	1996	5	16	137	25.7	34.8	23.7	-999.9	4.5	2.0	96478.7	-999.9
Bobo-Dioulasso	1996	5	17	138	24.7	35.0	24.3	-999.9	0.0	2.0	96591.3	-999.9
Bobo-Dioulasso	1996	5	18	139	26.0	35.2	23.1	-999.9	0.0	2.6	96638.8	-999.9
Bobo-Dioulasso	1996	5	19	140	24.4	35.4	22.0	-999.9	4.5	2.1	96544.0	-999.9
Bobo-Dioulasso	1996	5	20	141	23.8	34.3	21.0	-999.9	6.7	3.0	96546.6	-999.9
Bobo-Dioulasso	1996	5	21	142	24.2	34.1	24.7	-999.9	0.0	2.8	96598.8	-999.9
Bobo-Dioulasso	1996	5	22	143	24.0	33.5	23.3	-999.9	0.0	2.5	96642.0	-999.9
Bobo-Dioulasso	1996	5	23	144	24.7	34.8	24.7	-999.9	3.7	2.4	96558.5	-999.9
Bobo-Dioulasso	1996	5	24	145	25.7	33.5	22.0	-999.9	0.0	1.8	96574.2	-999.9
Bobo-Dioulasso	1996	5	25	146	24.2	33.4	22.5	-999.9	3.7	1.9	96725.0	-999.9
Bobo-Dioulasso	1996	5	26	147	24.3	33.4	22.6	-999.9	0.0	1.6	96774.1	-999.9
Bobo-Dioulasso	1996	5	27	148	23.6	30.6	17.5	-999.9	16.7	1.2	96798.7	-999.9
Bobo-Dioulasso	1996	5	28	149	24.1	32.9	23.3	-999.9	0.0	1.9	96728.1	-999.9
Bobo-Dioulasso	1996	5	29	150	23.5	31.2	18.6	-999.9	0.0	2.2	96683.8	-999.9
Bobo-Dioulasso	1996	5	30	151	24.0	33.8	24.2	-999.9	6.3	2.6	96578.9	-999.9
Bobo-Dioulasso	1996	5	31	152	24.1	33.8	23.0	-999.9	11.1	2.0	96698.3	-999.9
Bobo-Dioulasso	1996	6	1	153	23.9	33.0	23.5	-999.9	0.0	3.0	96726.5	-999.9
Bobo-Dioulasso	1996	6	2	154	24.2	34.3	24.5	-999.9	0.0	2.8	96696.6	-999.9
Bobo-Dioulasso	1996	6	3	155	24.5	34.4	22.9	-999.9	0.0	2.2	96569.4	-999.9
Bobo-Dioulasso	1996	6	4	156	23.8	33.7	23.2	-999.9	5.3	2.1	96670.7	-999.9
Bobo-Dioulasso	1996	6	5	157	23.6	30.4	18.6	-999.9	0.0	2.3	96834.3	-999.9
Bobo-Dioulasso	1996	6	6	158	22.8	31.3	21.5	-999.9	8.3	2.3	96886.8	-999.9
Bobo-Dioulasso	1996	6	7	159	23.1	31.5	22.3	-999.9	0.0	2.1	96944.1	-999.9
Bobo-Dioulasso	1996	6	8	160	22.6	30.4	19.8	-999.9	0.0	2.1	96958.7	-999.9
Bobo-Dioulasso	1996	6	9	161	23.2	32.8	24.1	-999.9	0.0	2.1	96797.4	-999.9
Bobo-Dioulasso	1996	6	10	162	22.9	31.4	19.8	-999.9	24.9	2.7	96737.7	-999.9
Bobo-Dioulasso	1996	6	11	163	22.4	31.0	19.9	-999.9	0.0	2.6	96800.8	-999.9
Bobo-Dioulasso	1996	6	12	164	22.4	31.3	21.5	-999.9	0.0	1.8	96833.9	-999.9
Bobo-Dioulasso	1996	6	13	165	23.4	32.0	21.5	-999.9	0.0	2.3	96827.5	-999.9
Bobo-Dioulasso	1996	6	14	166	23.6	33.1	24.1	-999.9	0.0	2.7	96781.5	-999.9
Bobo-Dioulasso	1996	6	15	167	24.1	33.9	22.2	-999.9	0.0	2.3	96715.2	-999.9
Bobo-Dioulasso	1996	6	16	168	22.8	33.6	23.4	-999.9	0.0	2.3	96668.7	-999.9
Bobo-Dioulasso	1996	6	17	169	24.0	33.7	23.6	-999.9	0.0	2.7	96717.0	-999.9
Bobo-Dioulasso	1996	6	18	170	24.2	34.2	23.9	-999.9	0.0	1.8	96758.1	-999.9
Bobo-Dioulasso	1996	6	19	171	25.1	34.4	23.5	-999.9	2.6	2.0	96688.4	-999.9
Bobo-Dioulasso	1996	6	20	172	25.7	36.0	24.4	-999.9	0.0	2.1	96593.9	-999.9
Bobo-Dioulasso	1996	6	21	173	25.6	35.1	24.5	-999.9	3.9	2.9	96645.5	-999.9
Bobo-Dioulasso	1996	6	22	174	23.3	31.7	18.9	-999.9	0.0	3.0	96856.4	-999.9
Bobo-Dioulasso	1996	6	23	175	23.6	34.8	24.8	-999.9	3.9	2.0	96874.6	-999.9
Bobo-Dioulasso	1996	6	24	176	23.5	32.2	18.4	-999.9	0.0	2.6	96822.4	-999.9
Bobo-Dioulasso	1996	6	25	177	23.7	33.1	23.3	-999.9	7.8	2.1	96710.8	-999.9
Bobo-Dioulasso	1996	6	26	178	24.2	32.6	21.5	-999.9	0.0	2.3	96594.0	-999.9
Bobo-Dioulasso	1996	6	27	179	23.6	30.5	20.0	-999.9	17.5	2.2	96610.2	-999.9
Bobo-Dioulasso	1996	6	28	180	22.4	30.2	18.2	-999.9	0.0	2.4	96734.9	-999.9
Bobo-Dioulasso	1996	6	29	181	22.6	32.0	22.2	-999.9	0.0	2.2	96861.2	-999.9
Bobo-Dioulasso	1996	6	30	182	23.8	33.4	24.0	-999.9	17.5	1.9	96867.9	-999.9
Bobo-Dioulasso	1996	7	1	183	22.9	31.6	19.7	-999.9	14.9	2.6	96842.1	-999.9
Bobo-Dioulasso	1996	7	2	184	22.3	28.2	17.7	-999.9	0.0	2.4	96874.8	-999.9
Bobo-Dioulasso	1996	7	3	185	21.5	32.3	23.8	-999.9	0.0	1.7	96878.4	-999.9
Bobo-Dioulasso	1996	7	4	186	24.0	31.1	16.2	-999.9	7.5	1.6	96911.8	-999.9
Bobo-Dioulasso	1996	7	5	187	22.5	32.8	24.4	-999.9	0.0	2.6	96878.6	-999.9
Bobo-Dioulasso	1996	7	6	188	23.5	30.8	21.1	-999.9	9.5	2.3	96852.5	-999.9
Bobo-Dioulasso	1996	7	7	189	22.5	29.3	18.0	-999.9	4.8	1.6	96766.3	-999.9
Bobo-Dioulasso	1996	7	8	190	22.4	30.7	21.5	-999.9	0.0	1.8	96725.8	-999.9
Bobo-Dioulasso	1996	7	9	191	22.6	32.5	23.9	-999.9	0.0	1.8	96851.4	-999.9
Bobo-Dioulasso	1996	7	10	192	22.9	31.5	22.3	-999.9	19.0	3.0	96840.5	-999.9
Bobo-Dioulasso	1996	7	11	193	22.9	31.3	22.5	-999.9	0.0	2.9	96838.1	-999.9
Bobo-Dioulasso	1996	7	12	194	22.5	31.4	22.2	-999.9	0.0	2.1	96924.1	-999.9
Bobo-Dioulasso	1996	7	13	195	22.4	30.3	20.4	-999.9	25.4	1.6	96913.2	-999.9
Bobo-Dioulasso	1996	7	14	196	22.1	29.0	17.5	-999.9	12.7	2.3	96932.6	-999.9
Bobo-Dioulasso	1996	7	15	197	21.9	29.7	20.9	-999.9	0.0	2.0	96930.8	-999.9
Bobo-Dioulasso	1996	7	16	198	22.2	30.0	19.5	-999.9	0.0	1.6	96973.2	-999.9
Bobo-Dioulasso	1996	7	17	199	22.7	31.4	22.6	-999.9	8.3	1.8	96903.9	-999.9
Bobo-Dioulasso	1996	7	18	200	23.7	31.3	21.6	-999.9	8.3	2.6	96917.8	-999.9
Bobo-Dioulasso	1996	7	19	201	22.8	31.8	21.8	-999.9	0.0	2.3	96973.8	-999.9
Bobo-Dioulasso	1996	7	20	202	23.3	30.8	19.6	-999.9	8.3	3.1	96887.1	-999.9
Bobo-Dioulasso	1996	7	21	203	23.3	30.2	20.7	-999.9	0.0	2.5	96838.1	-999.9
Bobo-Dioulasso	1996	7	22	204	23.0	31.8	21.4	-999.9	17.5	1.9	96889.0	-999.9
Bobo-Dioulasso	1996	7	23	205	22.6	30.1	19.2	-999.9	8.8	1.6	96907.2	-999.9
Bobo-Dioulasso	1996	7	24	206	21.8	29.4	18.9	-999.9	8.8	1.8	96882.0	-999.9
Bobo-Dioulasso	1996	7	25	207	22.0	29.4	20.3	-999.9	0.0	2.3	96909.3	-999.9
Bobo-Dioulasso	1996	7	26	208	22.5	28.9	17.8	-999.9	10.8	2.4	96947.4	-999.9
Bobo-Dioulasso	1996	7	27	209	22.5	29.5	20.5	-999.9	10.8	2.2	96873.6	-999.9
Bobo-Dioulasso	1996	7	28	210	21.7	24.9	10.0	-999.9	10.8	2.1	96950.2	-999.9
Bobo-Dioulasso	1996	7	29	211	21.8	28.3	18.3	-999.9	0.0	1.9	96976.9	-999.9
Bobo-Dioulasso	1996	7	30	212	21.6	27.0	15.9	-999.9	0.0	2.1	97001.0	-999.9
Bobo-Dioulasso	1996	7	31	213	21.2	28.4	20.4	-999.9	0.0	2.2	96944.8	-999.9
Bobo-Dioulasso	1996	8	1	214	21.6	28.7	19.3	-999.9	0.0	2.2	96973.4	-999.9
Bobo-Dioulasso	1996	8	2	215	21.5	28.9	20.0	-999.9	27.4	2.1	97073.9	-999.9
Bobo-Dioulasso	1996	8	3	216	22.6	29.1	19.6	-999.9	36.5	1.5	97052.6	-999.9
Bobo-Dioulasso	1996	8	4	217	22.2	27.0	14.9	-999.9	27.4	1.8	96991.6	-999.9
Bobo-Dioulasso	1996	8	5	218	21.4	26.3	12.3	-999.9	9.1	2.2	97054.9	-999.9
Bobo-Dioulasso	1996	8	6	219	22.4	30.3	21.5	-999.9	0.0	1.7	97016.1	-999.9
Bobo-Dioulasso	1996	8	7	220	22.1	28.6	14.8	-999.9	19.7	2.1	96895.3	-999.9
Bobo-Dioulasso	1996	8	8	221	21.8	29.5	22.6	-999.9	0.0	2.0	96788.1	-999.9
Bobo-Dioulasso	1996	8	9	222	22.9	29.3	21.8	-999.9	0.0	2.5	96798.6	-999.9
Bobo-Dioulasso	1996	8	10	223	22.8	29.0	20.8	-999.9	0.0	2.1	96813.6	-999.9
Bobo-Dioulasso	1996	8	11	224	21.9	28.1	18.8	-999.9	21.7	2.1	96916.2	-999.9
Bobo-Dioulasso	1996	8	12	225	21.8	29.1	21.2	-999.9	0.0	1.9	96915.9	-999.9
Bobo-Dioulasso	1996	8	13	226	22.9	29.0	20.1	-999.9	14.5	1.8	96778.0	-999.9
Bobo-Dioulasso	1996	8	14	227	21.8	25.7	11.1	-999.9	14.5	1.7	96736.2	-999.9
Bobo-Dioulasso	1996	8	15	228	21.7	27.7	19.5	-999.9	0.0	2.4	96823.7	-999.9
Bobo-Dioulasso	1996	8	16	229	21.6	28.8	20.6	-999.9	0.0	2.0	96882.0	-999.9
Bobo-Dioulasso	1996	8	17	230	22.0	26.1	13.1	-999.9	14.5	2.1	96804.1	-999.9
Bobo-Dioulasso	1996	8	18	231	21.4	26.7	13.8	-999.9	0.0	1.6	96731.2	-999.9
Bobo-Dioulasso	1996	8	19	232	21.2	27.9	20.5	-999.9	0.0	1.9	96775.3	-999.9
Bobo-Dioulasso	1996	8	20	233	22.2	28.3	20.8	-999.9	0.0	1.8	96773.5	-999.9
Bobo-Dioulasso	1996	8	21	234	21.4	28.8	20.0	-999.9	9.6	1.4	96748.6	-999.9
Bobo-Dioulasso	1996	8	22	235	21.1	27.2	17.6	-999.9	9.6	2.0	96895.0	-999.9
Bobo-Dioulasso	1996	8	23	236	21.3	28.5	19.3	-999.9	0.0	1.4	96918.1	-999.9
Bobo-Dioulasso	1996	8	24	237	21.3	29.6	20.2	-999.9	0.0	1.9	96708.9	-999.9
Bobo-Dioulasso	1996	8	25	238	22.6	28.1	18.1	-999.9	19.2	2.0	96660.6	-999.9
Bobo-Dioulasso	1996	8	26	239	21.4	26.9	14.7	-999.9	0.0	2.1	96764.9	-999.9
Bobo-Dioulasso	1996	8	27	240	21.1	28.4	16.9	-999.9	8.7	1.3	96910.3	-999.9
Bobo-Dioulasso	1996	8	28	241	21.8	28.8	19.5	-999.9	0.0	1.5	96797.0	-999.9
Bobo-Dioulasso	1996	8	29	242	21.6	27.9	16.2	-999.9	0.0	2.5	96744.3	-999.9
Bobo-Dioulasso	1996	8	30	243	21.7	28.4	15.2	-999.9	17.3	1.7	96771.0	-999.9
Bobo-Dioulasso	1996	8	31	244	21.5	27.0	15.7	-999.9	17.3	1.3	96672.2	-999.9
Bobo-Dioulasso	1996	9	1	245	21.5	24.6	12.2	-999.9	0.0	2.1	96766.3	-999.9
Bobo-Dioulasso	1996	9	2	246	21.5	27.5	16.0	-999.9	0.0	1.9	96833.1	-999.9
Bobo-Dioulasso	1996	9	3	247	22.0	29.3	20.5	-999.9	6.5	1.3	96664.7	-999.9
Bobo-Dioulasso	1996	9	4	248	21.0	28.9	20.2	-999.9	6.5	1.4	96565.8	-999.9
Bobo-Dioulasso	1996	9	5	249	21.7	29.2	18.8	-999.9	6.5	1.5	96456.4	-999.9
Bobo-Dioulasso	1996	9	6	250	21.3	23.3	5.6	-999.9	25.1	3.4	96454.5	-999.9
Bobo-Dioulasso	1996	9	7	251	19.9	28.7	18.1	-999.9	0.0	1.4	96717.1	-999.9
Bobo-Dioulasso	1996	9	8	252	22.3	29.6	20.8	-999.9	16.8	2.1	96610.8	-999.9
Bobo-Dioulasso	1996	9	9	253	21.9	27.7	16.8	-999.9	0.0	2.1	96604.8	-999.9
Bobo-Dioulasso	1996	9	10	254	21.6	28.7	20.8	-999.9	0.0	2.1	96740.6	-999.9
Bobo-Dioulasso	1996	9	11	255	21.9	28.6	20.2	-999.9	0.0	1.5	96802.6	-999.9
Bobo-Dioulasso	1996	9	12	256	21.7	25.5	9.9	-999.9	0.0	1.4	96799.0	-999.9
Bobo-Dioulasso	1996	9	13	257	21.5	27.9	19.8	-999.9	0.0	2.1	96780.5	-999.9
Bobo-Dioulasso	1996	9	14	258	21.4	29.4	20.6	-999.9	0.0	1.5	96748.3	-999.9
Bobo-Dioulasso	1996	9	15	259	21.8	28.4	20.5	-999.9	0.0	1.7	96806.6	-999.9
Bobo-Dioulasso	1996	9	16	260	22.0	29.1	20.3	-999.9	14.6	1.3	97018.7	-999.9
Bobo-Dioulasso	1996	9	17	261	21.5	29.1	22.6	-999.9	14.6	1.3	97033.2	-999.9
Bobo-Dioulasso	1996	9	18	262	21.8	29.5	20.6	-999.9	0.0	2.1	96875.5	-999.9
Bobo-Dioulasso	1996	9	19	263	22.4	29.2	21.2	-999.9	14.6	1.8	96868.9	-999.9
Bobo-Dioulasso	1996	9	20	264	21.7	29.0	20.0	-999.9	0.0	1.2	96910.7	-999.9
Bobo-Dioulasso	1996	9	21	265	21.4	29.6	22.2	-999.9	8.1	1.1	96833.3	-999.9
Bobo-Dioulasso	1996	9	22	266	22.5	28.8	19.5	-999.9	8.1	1.8	96840.5	-999.9
Bobo-Dioulasso	1996	9	23	267	22.4	27.0	12.7	-999.9	0.0	2.0	96872.9	-999.9
Bobo-Dioulasso	1996	9	24	268	21.7	29.6	22.9	-999.9	0.0	1.3	96827.1	-999.9
Bobo-Dioulasso	1996	9	25	269	22.1	30.1	21.7	-999.9	0.0	1.3	96751.8	-999.9
Bobo-Dioulasso	1996	9	26	270	23.0	28.5	18.7	-999.9	10.5	1.8	96769.3	-999.9
Bobo-Dioulasso	1996	9	27	271	23.0	28.6	15.9	-999.9	0.0	1.7	96779.9	-999.9
Bobo-Dioulasso	1996	9	28	272	21.8	31.0	23.9	-999.9	0.0	1.3	96714.9	-999.9
Bobo-Dioulasso	1996	9	29	273	22.3	27.8	16.5	-999.9	42.0	1.7	96845.8	-999.9
Bobo-Dioulasso	1996	9	30	274	22.4	27.3	13.5	-999.9	0.0	1.5	96892.2	-999.9
Bobo-Dioulasso	1996	10	1	275	21.8	28.9	20.3	-999.9	0.0	1.3	96869.7	-999.9
Bobo-Dioulasso	1996	10	2	276	21.0	30.3	22.9	-999.9	0.0	1.5	96837.7	-999.9
Bobo-Dioulasso	1996	10	3	277	22.2	31.3	22.2	-999.9	0.0	2.0	96783.1	-999.9
Bobo-Dioulasso	1996	10	4	278	22.2	30.3	22.9	-999.9	0.0	2.0	96819.8	-999.9
Bobo-Dioulasso	1996	10	5	279	23.0	31.3	22.7	-999.9	10.8	2.1	96621.8	-999.9
Bobo-Dioulasso	1996	10	6	280	23.3	29.3	18.4	-999.9	0.0	1.7	96527.6	-999.9
Bobo-Dioulasso	1996	10	7	281	22.5	29.2	19.6	-999.9	0.0	2.0	96757.1	-999.9
Bobo-Dioulasso	1996	10	8	282	22.7	30.3	21.8	-999.9	0.0	1.2	96843.3	-999.9
Bobo-Dioulasso	1996	10	9	283	22.6	29.6	20.3	-999.9	0.0	1.6	96768.8	-999.9
Bobo-Dioulasso	1996	10	10	284	22.6	29.7	20.4	-999.9	0.0	1.7	96688.1	-999.9
Bobo-Dioulasso	1996	10	11	285	22.5	30.7	22.6	-999.9	0.0	1.5	96584.1	-999.9
Bobo-Dioulasso	1996	10	12	286	23.3	30.6	22.8	-999.9	17.7	1.8	96539.7	-999.9
Bobo-Dioulasso	1996	10	13	287	22.2	27.4	13.9	-999.9	0.0	2.0	96687.0	-999.9
Bobo-Dioulasso	1996	10	14	288	21.5	27.2	15.0	-999.9	0.0	1.7	96890.5	-999.9
Bobo-Dioulasso	1996	10	15	289	20.7	29.6	21.1	-999.9	0.0	1.1	96799.0	-999.9
Bobo-Dioulasso	1996	10	16	290	22.6	30.7	22.2	-999.9	0.0	1.2	96687.4	-999.9
Bobo-Dioulasso	1996	10	17	291	23.0	30.2	21.7	-999.9	0.0	1.5	96688.9	-999.9
Bobo-Dioulasso	1996	10	18	292	22.3	30.5	22.6	-999.9	0.0	1.3	96736.2	-999.9
Bobo-Dioulasso	1996	10	19	293	22.5	30.4	22.3	-999.9	0.0	1.4	96761.9	-999.9
Bobo-Dioulasso	1996	10	20	294	23.3	30.4	21.3	-999.9	0.0	1.5	96785.5	-999.9
Bobo-Dioulasso	1996	10	21	295	22.7	29.6	18.6	-999.9	7.3	1.5	96791.4	-999.9
Bobo-Dioulasso	1996	10	22	296	22.4	30.4	21.8	-999.9	7.3	1.4	96761.9	-999.9
Bobo-Dioulasso	1996	10	23	297	22.4	30.9	21.8	-999.9	3.7	1.2	96741.8	-999.9
Bobo-Dioulasso	1996	10	24	298	22.5	31.2	21.8	-999.9	0.0	1.5	96761.0	-999.9
Bobo-Dioulasso	1996	10	25	299	22.0	31.6	21.5	-999.9	0.0	1.6	96840.7	-999.9
Bobo-Dioulasso	1996	10	26	300	20.6	32.1	21.5	-999.9	0.0	1.5	96864.3	-999.9
Bobo-Dioulasso	1996	10	27	301	21.9	31.0	19.4	-999.9	0.0	1.5	96765.8	-999.9
Bobo-Dioulasso	1996	10	28	302	22.4	32.4	21.2	-999.9	0.0	1.7	96647.0	-999.9
Bobo-Dioulasso	1996	10	29	303	22.6	31.0	20.7	-999.9	6.6	1.5	96712.1	-999.9
Bobo-Dioulasso	1996	10	30	304	20.6	31.5	20.5	-999.9	0.0	1.8	96714.6	-999.9
Bobo-Dioulasso	1996	10	31	305	17.0	31.5	23.3	-999.9	0.0	1.8	96703.2	-999.9
Bobo-Dioulasso	1996	11	1	306	18.6	31.7	22.7	-999.9	0.0	1.4	96722.3	-999.9
Bobo-Dioulasso	1996	11	2	307	18.6	32.3	22.9	-999.9	0.0	2.0	96690.9	-999.9
Bobo-Dioulasso	1996	11	3	308	17.1	31.3	23.2	-999.9	0.0	1.9	96744.1	-999.9
Bobo-Dioulasso	1996	11	4	309	17.0	31.6	23.0	-999.9	0.0	1.4	96777.2	-999.9
Bobo-Dioulasso	1996	11	5	310	19.2	31.8	22.5	-999.9	0.0	1.5	96723.9	-999.9
Bobo-Dioulasso	1996	11	6	311	20.1	31.9	22.4	-999.9	0.0	2.0	96695.3	-999.9
Bobo-Dioulasso	1996	11	7	312	17.3	31.4	22.7	-999.9	0.0	1.9	96717.7	-999.9
Bobo-Dioulasso	1996	11	8	313	16.8	31.7	22.6	-999.9	0.0	1.7	96720.6	-999.9
Bobo-Dioulasso	1996	11	9	314	17.5	31.9	22.4	-999.9	4.3	1.9	96775.2	-999.9
Bobo-Dioulasso	1996	11	10	315	17.3	31.3	22.6	-999.9	0.0	2.0	96716.3	-999.9
Bobo-Dioulasso	1996	11	11	316	16.6	30.9	22.6	-999.9	0.0	1.4	96700.2	-999.9
Bobo-Dioulasso	1996	11	12	317	16.1	31.0	22.4	-999.9	0.0	1.4	96663.9	-999.9
Bobo-Dioulasso	1996	11	13	318	17.8	31.7	21.8	-999.9	0.0	1.5	96634.2	-999.9
Bobo-Dioulasso	1996	11	14	319	19.5	32.7	21.9	-999.9	0.0	1.7	96525.7	-999.9
Bobo-Dioulasso	1996	11	15	320	19.4	33.2	21.9	-999.9	0.0	1.9	96521.9	-999.9
Bobo-Dioulasso	1996	11	16	321	17.6	32.1	22.2	-999.9	0.0	1.8	96639.3	-999.9
Bobo-Dioulasso	1996	11	17	322	18.1	31.9	21.9	-999.9	0.0	1.6	96550.9	-999.9
Bobo-Dioulasso	1996	11	18	323	19.7	31.9	21.7	-999.9	0.0	1.5	96546.7	-999.9
Bobo-Dioulasso	1996	11	19	324	18.0	32.1	21.8	-999.9	0.0	1.5	96634.0	-999.9
Bobo-Dioulasso	1996	11	20	325	17.8	32.3	21.9	-999.9	0.0	2.2	96760.2	-999.9
Bobo-Dioulasso	1996	11	21	326	16.5	32.1	21.9	-999.9	0.0	2.0	96780.4	-999.9
Bobo-Dioulasso	1996	11	22	327	16.1	32.5	21.8	-999.9	0.0	2.1	96710.5	-999.9
Bobo-Dioulasso	1996	11	23	328	16.8	32.8	21.9	-999.9	0.0	2.2	96631.0	-999.9
Bobo-Dioulasso	1996	11	24	329	17.1	33.2	21.7	-999.9	0.0	2.0	96644.7	-999.9
Bobo-Dioulasso	1996	11	25	330	17.9	33.0	21.5	-999.9	0.0	2.0	96645.3	-999.9
Bobo-Dioulasso	1996	11	26	331	18.3	32.7	21.4	-999.9	0.0	1.5	96649.6	-999.9
Bobo-Dioulasso	1996	11	27	332	17.8	32.4	21.3	-999.9	0.0	1.4	96734.5	-999.9
Bobo-Dioulasso	1996	11	28	333	18.7	31.7	20.3	-999.9	0.0	1.0	96724.7	-999.9
Bobo-Dioulasso	1996	11	29	334	19.4	32.4	20.1	-999.9	0.0	1.5	96629.3	-999.9
Bobo-Dioulasso	1996	11	30	335	18.1	32.3	20.6	-999.9	0.0	1.8	96581.5	-999.9
Bobo-Dioulasso	1996	12	1	336	19.6	32.2	20.5	-999.9	0.0	1.7	96592.3	-999.9
Bobo-Dioulasso	1996	12	2	337	19.4	31.6	19.0	-999.9	0.0	1.1	96660.1	-999.9
Bobo-Dioulasso	1996	12	3	338	20.1	31.1	16.6	-999.9	0.0	1.3	96606.7	-999.9
Bobo-Dioulasso	1996	12	4	339	18.0	32.4	20.8	-999.9	0.0	1.4	96588.2	-999.9
Bobo-Dioulasso	1996	12	5	340	17.5	31.6	20.4	-999.9	0.0	1.3	96602.9	-999.9
Bobo-Dioulasso	1996	12	6	341	20.3	31.9	20.4	-999.9	0.0	1.5	96566.2	-999.9
Bobo-Dioulasso	1996	12	7	342	19.7	31.3	19.9	-999.9	0.8	2.2	96684.6	-999.9
Bobo-Dioulasso	1996	12	8	343	17.3	31.7	20.8	-999.9	0.0	2.0	96714.9	-999.9
Bobo-Dioulasso	1996	12	9	344	17.9	30.8	20.1	-999.9	0.0	2.1	96816.2	-999.9
Bobo-Dioulasso	1996	12	10	345	19.1	31.8	20.1	-999.9	0.0	2.2	96794.2	-999.9
Bobo-Dioulasso	1996	12	11	346	18.9	32.8	20.6	-999.9	0.0	2.2	96734.1	-999.9
Bobo-Dioulasso	1996	12	12	347	18.2	32.8	20.3	-999.9	0.0	2.2	96858.8	-999.9
Bobo-Dioulasso	1996	12	13	348	18.6	33.7	21.0	-999.9	0.0	2.4	96901.4	-999.9
Bobo-Dioulasso	1996	12	14	349	20.4	33.9	20.7	-999.9	0.0	2.6	96835.7	-999.9
Bobo-Dioulasso	1996	12	15	350	19.0	33.3	20.6	-999.9	0.0	1.8	96720.4	-999.9
Bobo-Dioulasso	1996	12	16	351	18.2	32.7	20.5	-999.9	0.0	1.4	96706.0	-999.9
Bobo-Dioulasso	1996	12	17	352	18.9	33.0	20.6	-999.9	0.0	2.1	96741.2	-999.9
Bobo-Dioulasso	1996	12	18	353	17.8	32.5	20.8	-999.9	0.0	2.2	96739.9	-999.9
Bobo-Dioulasso	1996	12	19	354	17.6	32.0	20.8	-999.9	0.0	2.1	96778.1	-999.9
Bobo-Dioulasso	1996	12	20	355	16.1	31.7	20.9	-999.9	0.0	1.5	96756.6	-999.9
Bobo-Dioulasso	1996	12	21	356	16.2	32.4	20.7	-999.9	0.0	1.8	96746.8	-999.9
Bobo-Dioulasso	1996	12	22	357	17.4	32.6	20.6	-999.9	0.0	1.7	96814.1	-999.9
Bobo-Dioulasso	1996	12	23	358	17.4	32.7	20.4	-999.9	0.0	1.8	96859.4	-999.9
Bobo-Dioulasso	1996	12	24	359	16.9	33.1	20.9	-999.9	0.0	2.0	96818.1	-999.9
Bobo-Dioulasso	1996	12	25	360	16.9	32.1	18.5	-999.9	0.4	2.0	96740.3	-999.9
Bobo-Dioulasso	1996	12	26	361	17.1	32.3	19.8	-999.9	0.0	2.0	96719.0	-999.9
Bobo-Dioulasso	1996	12	27	362	16.3	32.7	20.9	-999.9	0.0	2.1	96714.1	-999.9
Bobo-Dioulasso	1996	12	28	363	16.2	32.4	21.1	-999.9	0.0	1.8	96631.7	-999.9
Bobo-Dioulasso	1996	12	29	364	16.9	32.8	20.6	-999.9	0.0	1.8	96570.2	-999.9
Bobo-Dioulasso	1996	12	30	365	18.0	32.9	19.7	-999.9	0.0	2.1	96511.6	-999.9
Bobo-Dioulasso	1996	12	31	366	18.8	33.3	20.5	-999.9	0.0	2.0	96533.1	-999.9
