Bobo-Dioulasso	1991	1	1	1	16.9	28.9	21.4	-999.9	0.0	2.6	96843.9	-999.9
Bobo-Dioulasso	1991	1	2	2	16.6	29.3	21.2	-999.9	0.0	2.4	96832.9	-999.9
Bobo-Dioulasso	1991	1	3	3	16.1	29.4	21.2	-999.9	0.0	2.2	96831.9	-999.9
Bobo-Dioulasso	1991	1	4	4	15.4	30.3	21.0	-999.9	0.0	2.0	96857.2	-999.9
Bobo-Dioulasso	1991	1	5	5	18.2	31.3	19.8	-999.9	0.0	2.1	96867.6	-999.9
Bobo-Dioulasso	1991	1	6	6	19.5	30.9	19.5	-999.9	0.0	2.4	96848.3	-999.9
Bobo-Dioulasso	1991	1	7	7	18.2	31.0	20.6	-999.9	0.0	2.3	96883.0	-999.9
Bobo-Dioulasso	1991	1	8	8	18.9	31.3	20.3	-999.9	0.0	2.4	96837.8	-999.9
Bobo-Dioulasso	1991	1	9	9	19.6	32.8	20.6	-999.9	0.0	2.1	96809.4	-999.9
Bobo-Dioulasso	1991	1	10	10	20.0	33.6	20.8	-999.9	0.0	2.4	96843.9	-999.9
Bobo-Dioulasso	1991	1	11	11	19.9	33.4	20.8	-999.9	0.0	2.5	96837.4	-999.9
Bobo-Dioulasso	1991	1	12	12	20.0	33.3	21.0	-999.9	0.0	2.5	96759.1	-999.9
Bobo-Dioulasso	1991	1	13	13	19.7	32.6	21.0	-999.9	0.0	2.3	96655.6	-999.9
Bobo-Dioulasso	1991	1	14	14	19.1	32.8	20.1	-999.9	0.0	2.0	96529.8	-999.9
Bobo-Dioulasso	1991	1	15	15	19.2	33.7	20.9	-999.9	0.0	1.7	96517.5	-999.9
Bobo-Dioulasso	1991	1	16	16	20.0	34.2	20.0	-999.9	0.0	1.7	96645.9	-999.9
Bobo-Dioulasso	1991	1	17	17	21.7	34.3	20.4	-999.9	0.0	2.5	96814.8	-999.9
Bobo-Dioulasso	1991	1	18	18	21.3	33.8	21.0	-999.9	0.0	2.3	96776.2	-999.9
Bobo-Dioulasso	1991	1	19	19	21.0	34.3	21.1	-999.9	0.0	2.0	96663.7	-999.9
Bobo-Dioulasso	1991	1	20	20	21.6	34.6	21.1	-999.9	0.0	2.2	96623.0	-999.9
Bobo-Dioulasso	1991	1	21	21	21.8	34.6	21.3	-999.9	0.0	2.5	96681.3	-999.9
Bobo-Dioulasso	1991	1	22	22	24.5	34.0	19.7	-999.9	0.0	2.3	96727.5	-999.9
Bobo-Dioulasso	1991	1	23	23	21.5	34.4	21.3	-999.9	0.0	2.2	96765.6	-999.9
Bobo-Dioulasso	1991	1	24	24	19.7	34.3	21.6	-999.9	0.0	2.0	96762.4	-999.9
Bobo-Dioulasso	1991	1	25	25	20.2	34.6	20.7	-999.9	0.0	2.1	96765.8	-999.9
Bobo-Dioulasso	1991	1	26	26	21.0	35.1	21.6	-999.9	0.0	2.2	96804.6	-999.9
Bobo-Dioulasso	1991	1	27	27	20.5	35.5	21.7	-999.9	0.0	2.3	96833.9	-999.9
Bobo-Dioulasso	1991	1	28	28	21.5	35.4	21.9	-999.9	0.0	2.1	96777.9	-999.9
Bobo-Dioulasso	1991	1	29	29	20.3	34.6	21.2	-999.9	1.0	2.2	96728.4	-999.9
Bobo-Dioulasso	1991	1	30	30	20.7	35.9	22.1	-999.9	0.0	2.6	96615.4	-999.9
Bobo-Dioulasso	1991	1	31	31	21.0	36.1	22.1	-999.9	0.0	2.5	96613.1	-999.9
Bobo-Dioulasso	1991	2	1	32	21.7	34.7	22.2	-999.9	0.0	3.2	96640.8	-999.9
Bobo-Dioulasso	1991	2	2	33	21.0	34.9	22.3	-999.9	0.0	2.5	96602.0	-999.9
Bobo-Dioulasso	1991	2	3	34	20.6	34.8	22.2	-999.9	0.0	2.4	96588.6	-999.9
Bobo-Dioulasso	1991	2	4	35	20.7	33.2	21.9	-999.9	0.0	2.8	96690.1	-999.9
Bobo-Dioulasso	1991	2	5	36	20.1	32.2	20.9	-999.9	0.0	2.3	96826.9	-999.9
Bobo-Dioulasso	1991	2	6	37	20.3	33.5	22.2	-999.9	0.0	2.3	96872.2	-999.9
Bobo-Dioulasso	1991	2	7	38	20.5	34.5	22.2	-999.9	0.0	2.2	96825.6	-999.9
Bobo-Dioulasso	1991	2	8	39	19.9	35.1	22.5	-999.9	0.0	2.2	96687.2	-999.9
Bobo-Dioulasso	1991	2	9	40	20.7	35.8	22.6	-999.9	0.0	1.9	96589.2	-999.9
Bobo-Dioulasso	1991	2	10	41	20.4	35.7	22.0	-999.9	0.0	1.4	96618.4	-999.9
Bobo-Dioulasso	1991	2	11	42	23.9	35.5	19.5	-999.9	0.0	1.6	96626.3	-999.9
Bobo-Dioulasso	1991	2	12	43	23.4	35.5	22.0	-999.9	0.0	1.9	96540.6	-999.9
Bobo-Dioulasso	1991	2	13	44	24.3	35.5	19.0	-999.9	0.0	1.8	96493.4	-999.9
Bobo-Dioulasso	1991	2	14	45	24.5	35.9	20.7	-999.9	0.0	2.3	96548.6	-999.9
Bobo-Dioulasso	1991	2	15	46	23.7	34.0	20.4	-999.9	0.0	2.3	96811.0	-999.9
Bobo-Dioulasso	1991	2	16	47	23.8	34.3	21.2	-999.9	0.0	2.5	96752.5	-999.9
Bobo-Dioulasso	1991	2	17	48	23.8	35.0	22.3	-999.9	0.0	2.2	96599.5	-999.9
Bobo-Dioulasso	1991	2	18	49	22.9	35.5	21.6	-999.9	0.0	1.9	96495.0	-999.9
Bobo-Dioulasso	1991	2	19	50	25.4	36.8	22.6	-999.9	0.0	1.8	96538.6	-999.9
Bobo-Dioulasso	1991	2	20	51	23.3	37.0	21.7	-999.9	0.0	2.4	96524.9	-999.9
Bobo-Dioulasso	1991	2	21	52	23.4	36.0	23.2	-999.9	2.0	2.3	96560.4	-999.9
Bobo-Dioulasso	1991	2	22	53	22.4	36.7	23.4	-999.9	0.0	2.0	96695.1	-999.9
Bobo-Dioulasso	1991	2	23	54	23.2	38.1	23.6	-999.9	0.0	2.0	96760.0	-999.9
Bobo-Dioulasso	1991	2	24	55	21.7	37.7	23.9	-999.9	0.0	1.8	96713.2	-999.9
Bobo-Dioulasso	1991	2	25	56	21.7	36.6	23.8	-999.9	0.0	1.7	96634.1	-999.9
Bobo-Dioulasso	1991	2	26	57	22.0	35.9	23.7	-999.9	0.0	1.6	96618.5	-999.9
Bobo-Dioulasso	1991	2	27	58	22.2	36.3	23.2	-999.9	0.0	1.4	96644.4	-999.9
Bobo-Dioulasso	1991	2	28	59	24.1	36.0	20.6	-999.9	0.0	1.7	96645.1	-999.9
Bobo-Dioulasso	1991	3	1	60	25.0	35.4	19.7	-999.9	0.0	1.9	96532.2	-999.9
Bobo-Dioulasso	1991	3	2	61	24.6	33.6	15.5	-999.9	0.0	2.0	96549.2	-999.9
Bobo-Dioulasso	1991	3	3	62	24.6	36.4	21.5	-999.9	0.0	2.1	96599.4	-999.9
Bobo-Dioulasso	1991	3	4	63	25.3	37.5	23.7	-999.9	0.0	2.2	96610.8	-999.9
Bobo-Dioulasso	1991	3	5	64	24.4	37.5	24.2	-999.9	0.0	1.4	96547.0	-999.9
Bobo-Dioulasso	1991	3	6	65	26.8	37.3	21.9	-999.9	0.0	2.0	96420.3	-999.9
Bobo-Dioulasso	1991	3	7	66	25.8	35.4	18.4	-999.9	0.0	2.3	96365.5	-999.9
Bobo-Dioulasso	1991	3	8	67	24.1	35.8	20.4	-999.9	3.6	2.1	96511.9	-999.9
Bobo-Dioulasso	1991	3	9	68	24.5	36.6	22.0	-999.9	1.8	1.3	96491.9	-999.9
Bobo-Dioulasso	1991	3	10	69	24.7	38.2	23.3	-999.9	0.0	1.6	96416.4	-999.9
Bobo-Dioulasso	1991	3	11	70	24.5	38.5	23.4	-999.9	0.0	1.9	96357.0	-999.9
Bobo-Dioulasso	1991	3	12	71	26.3	37.9	22.5	-999.9	0.0	2.9	96336.5	-999.9
Bobo-Dioulasso	1991	3	13	72	25.0	36.4	22.3	-999.9	5.5	2.7	96367.4	-999.9
Bobo-Dioulasso	1991	3	14	73	24.8	35.4	21.0	-999.9	2.8	2.6	96397.0	-999.9
Bobo-Dioulasso	1991	3	15	74	24.7	33.4	21.9	-999.9	0.0	1.7	96553.8	-999.9
Bobo-Dioulasso	1991	3	16	75	23.8	34.6	22.4	-999.9	0.0	2.0	96576.0	-999.9
Bobo-Dioulasso	1991	3	17	76	22.3	35.8	25.2	-999.9	0.0	2.1	96556.8	-999.9
Bobo-Dioulasso	1991	3	18	77	20.7	36.6	24.6	-999.9	0.0	2.0	96592.2	-999.9
Bobo-Dioulasso	1991	3	19	78	21.2	37.0	25.3	-999.9	0.0	2.2	96610.8	-999.9
Bobo-Dioulasso	1991	3	20	79	23.7	37.5	24.3	-999.9	0.0	1.9	96532.1	-999.9
Bobo-Dioulasso	1991	3	21	80	23.6	36.8	22.2	-999.9	0.0	1.9	96517.1	-999.9
Bobo-Dioulasso	1991	3	22	81	24.6	37.9	24.4	-999.9	0.0	2.3	96420.1	-999.9
Bobo-Dioulasso	1991	3	23	82	25.6	37.4	22.4	-999.9	0.0	1.7	96424.1	-999.9
Bobo-Dioulasso	1991	3	24	83	26.1	36.5	22.0	-999.9	0.0	1.7	96395.2	-999.9
Bobo-Dioulasso	1991	3	25	84	25.8	36.8	23.3	-999.9	0.0	1.6	96370.6	-999.9
Bobo-Dioulasso	1991	3	26	85	26.3	37.1	22.3	-999.9	0.0	2.1	96387.0	-999.9
Bobo-Dioulasso	1991	3	27	86	26.7	36.0	17.6	-999.9	0.0	2.0	96361.5	-999.9
Bobo-Dioulasso	1991	3	28	87	25.1	38.2	22.2	-999.9	0.0	1.6	96346.1	-999.9
Bobo-Dioulasso	1991	3	29	88	24.8	39.2	25.0	-999.9	0.0	1.8	96279.8	-999.9
Bobo-Dioulasso	1991	3	30	89	28.2	37.2	21.4	-999.9	0.0	2.2	96412.5	-999.9
Bobo-Dioulasso	1991	3	31	90	25.3	37.4	21.5	-999.9	10.9	2.0	96505.8	-999.9
Bobo-Dioulasso	1991	4	1	91	26.3	37.1	23.1	-999.9	0.0	2.0	96397.9	-999.9
Bobo-Dioulasso	1991	4	2	92	26.5	36.2	20.7	-999.9	0.0	2.3	96502.4	-999.9
Bobo-Dioulasso	1991	4	3	93	26.5	36.0	19.9	-999.9	0.0	2.0	96641.0	-999.9
Bobo-Dioulasso	1991	4	4	94	24.3	38.4	25.7	-999.9	0.0	1.7	96652.3	-999.9
Bobo-Dioulasso	1991	4	5	95	23.9	37.3	25.8	-999.9	0.0	1.4	96628.3	-999.9
Bobo-Dioulasso	1991	4	6	96	26.6	37.4	24.6	-999.9	0.0	1.8	96563.4	-999.9
Bobo-Dioulasso	1991	4	7	97	27.4	37.5	24.5	-999.9	0.0	1.7	96522.0	-999.9
Bobo-Dioulasso	1991	4	8	98	27.2	37.5	23.7	-999.9	0.0	2.4	96507.6	-999.9
Bobo-Dioulasso	1991	4	9	99	26.9	37.7	23.3	-999.9	0.0	2.3	96389.2	-999.9
Bobo-Dioulasso	1991	4	10	100	26.2	37.4	22.7	-999.9	0.0	3.1	96374.3	-999.9
Bobo-Dioulasso	1991	4	11	101	25.1	35.5	21.6	-999.9	0.0	2.3	96405.9	-999.9
Bobo-Dioulasso	1991	4	12	102	25.4	36.1	21.7	-999.9	0.0	1.6	96370.5	-999.9
Bobo-Dioulasso	1991	4	13	103	26.0	35.1	23.3	-999.9	2.2	1.9	96357.0	-999.9
Bobo-Dioulasso	1991	4	14	104	24.5	35.1	22.4	-999.9	2.2	2.2	96473.3	-999.9
Bobo-Dioulasso	1991	4	15	105	23.4	31.8	21.3	-999.9	6.6	2.6	96673.9	-999.9
Bobo-Dioulasso	1991	4	16	106	24.4	34.1	23.6	-999.9	0.0	2.4	96567.8	-999.9
Bobo-Dioulasso	1991	4	17	107	25.2	34.8	23.9	-999.9	2.7	1.6	96378.1	-999.9
Bobo-Dioulasso	1991	4	18	108	25.0	34.2	21.5	-999.9	2.7	1.4	96476.1	-999.9
Bobo-Dioulasso	1991	4	19	109	25.5	33.3	21.1	-999.9	2.7	1.9	96572.7	-999.9
Bobo-Dioulasso	1991	4	20	110	25.7	36.7	24.4	-999.9	2.7	3.1	96541.9	-999.9
Bobo-Dioulasso	1991	4	21	111	25.2	35.4	22.7	-999.9	0.0	2.5	96540.7	-999.9
Bobo-Dioulasso	1991	4	22	112	25.4	36.9	24.5	-999.9	0.0	2.1	96511.4	-999.9
Bobo-Dioulasso	1991	4	23	113	26.5	39.1	25.0	-999.9	5.6	2.2	96497.9	-999.9
Bobo-Dioulasso	1991	4	24	114	25.7	35.8	20.4	-999.9	8.4	2.8	96565.2	-999.9
Bobo-Dioulasso	1991	4	25	115	27.0	38.0	23.3	-999.9	0.0	3.0	96442.2	-999.9
Bobo-Dioulasso	1991	4	26	116	26.3	37.3	24.7	-999.9	0.0	2.7	96315.8	-999.9
Bobo-Dioulasso	1991	4	27	117	26.5	34.8	21.7	-999.9	2.1	3.0	96329.0	-999.9
Bobo-Dioulasso	1991	4	28	118	24.9	34.4	21.7	-999.9	6.3	2.6	96445.4	-999.9
Bobo-Dioulasso	1991	4	29	119	24.7	34.6	23.3	-999.9	0.0	2.3	96510.0	-999.9
Bobo-Dioulasso	1991	4	30	120	24.5	32.3	19.3	-999.9	0.0	1.3	96655.6	-999.9
Bobo-Dioulasso	1991	5	1	121	24.7	35.3	22.7	-999.9	0.0	1.7	96512.2	-999.9
Bobo-Dioulasso	1991	5	2	122	26.3	36.3	24.3	-999.9	0.0	2.1	96398.6	-999.9
Bobo-Dioulasso	1991	5	3	123	25.6	36.7	24.6	-999.9	0.0	2.0	96431.5	-999.9
Bobo-Dioulasso	1991	5	4	124	26.9	36.0	23.3	-999.9	0.0	2.5	96513.5	-999.9
Bobo-Dioulasso	1991	5	5	125	24.7	32.6	20.5	-999.9	10.3	2.6	96650.2	-999.9
Bobo-Dioulasso	1991	5	6	126	24.2	34.7	23.1	-999.9	0.0	2.4	96615.1	-999.9
Bobo-Dioulasso	1991	5	7	127	25.3	35.9	24.5	-999.9	0.0	2.1	96526.8	-999.9
Bobo-Dioulasso	1991	5	8	128	26.6	37.1	24.5	-999.9	0.0	2.1	96533.2	-999.9
Bobo-Dioulasso	1991	5	9	129	25.7	35.5	21.7	-999.9	15.9	1.6	96590.3	-999.9
Bobo-Dioulasso	1991	5	10	130	27.2	36.8	23.5	-999.9	0.0	2.1	96552.5	-999.9
Bobo-Dioulasso	1991	5	11	131	26.7	35.7	19.6	-999.9	7.3	2.1	96544.3	-999.9
Bobo-Dioulasso	1991	5	12	132	25.0	35.4	23.8	-999.9	0.0	2.0	96460.0	-999.9
Bobo-Dioulasso	1991	5	13	133	26.1	36.2	23.6	-999.9	3.6	2.4	96450.4	-999.9
Bobo-Dioulasso	1991	5	14	134	25.4	34.3	20.8	-999.9	0.0	2.2	96468.9	-999.9
Bobo-Dioulasso	1991	5	15	135	26.2	34.0	22.7	-999.9	7.3	2.1	96495.5	-999.9
Bobo-Dioulasso	1991	5	16	136	25.5	33.8	22.7	-999.9	27.2	2.1	96612.1	-999.9
Bobo-Dioulasso	1991	5	17	137	24.9	33.0	21.3	-999.9	0.0	1.8	96715.8	-999.9
Bobo-Dioulasso	1991	5	18	138	25.0	33.8	21.7	-999.9	10.4	2.0	96628.0	-999.9
Bobo-Dioulasso	1991	5	19	139	25.0	31.1	18.6	-999.9	0.0	2.1	96514.1	-999.9
Bobo-Dioulasso	1991	5	20	140	24.4	31.9	22.0	-999.9	0.0	2.3	96547.0	-999.9
Bobo-Dioulasso	1991	5	21	141	23.7	31.0	20.6	-999.9	6.7	2.3	96805.6	-999.9
Bobo-Dioulasso	1991	5	22	142	22.9	31.3	17.4	-999.9	3.4	1.5	96877.4	-999.9
Bobo-Dioulasso	1991	5	23	143	24.1	31.9	21.2	-999.9	0.0	2.1	96654.1	-999.9
Bobo-Dioulasso	1991	5	24	144	23.2	30.5	16.1	-999.9	0.0	2.6	96413.5	-999.9
Bobo-Dioulasso	1991	5	25	145	22.7	29.2	14.0	-999.9	6.7	2.3	96490.4	-999.9
Bobo-Dioulasso	1991	5	26	146	23.1	29.1	16.6	-999.9	0.0	2.4	96614.3	-999.9
Bobo-Dioulasso	1991	5	27	147	23.1	30.7	22.1	-999.9	16.7	2.0	96668.2	-999.9
Bobo-Dioulasso	1991	5	28	148	23.3	30.5	20.8	-999.9	7.3	1.9	96553.3	-999.9
Bobo-Dioulasso	1991	5	29	149	22.7	25.1	7.8	-999.9	21.9	1.7	96590.4	-999.9
Bobo-Dioulasso	1991	5	30	150	22.2	28.7	16.2	-999.9	0.0	2.4	96744.9	-999.9
Bobo-Dioulasso	1991	5	31	151	21.8	30.3	23.5	-999.9	0.0	1.5	96736.2	-999.9
Bobo-Dioulasso	1991	6	1	152	23.0	32.0	23.6	-999.9	16.7	1.4	96626.1	-999.9
Bobo-Dioulasso	1991	6	2	153	23.2	29.8	18.0	-999.9	0.0	1.3	96729.0	-999.9
Bobo-Dioulasso	1991	6	3	154	22.8	31.7	24.2	-999.9	0.0	1.3	96755.2	-999.9
Bobo-Dioulasso	1991	6	4	155	24.0	29.6	16.4	-999.9	0.0	1.7	96689.7	-999.9
Bobo-Dioulasso	1991	6	5	156	23.8	33.9	24.4	-999.9	0.0	2.3	96563.9	-999.9
Bobo-Dioulasso	1991	6	6	157	23.8	32.3	22.4	-999.9	0.0	2.5	96736.9	-999.9
Bobo-Dioulasso	1991	6	7	158	24.3	32.9	24.3	-999.9	4.5	2.2	96811.5	-999.9
Bobo-Dioulasso	1991	6	8	159	24.3	32.9	23.8	-999.9	0.0	1.8	96761.4	-999.9
Bobo-Dioulasso	1991	6	9	160	24.2	33.6	23.7	-999.9	0.0	2.1	96759.4	-999.9
Bobo-Dioulasso	1991	6	10	161	25.2	34.7	24.0	-999.9	0.0	2.4	96765.6	-999.9
Bobo-Dioulasso	1991	6	11	162	26.0	34.3	22.2	-999.9	5.0	2.5	96724.8	-999.9
Bobo-Dioulasso	1991	6	12	163	24.6	32.3	20.5	-999.9	10.0	2.3	96691.0	-999.9
Bobo-Dioulasso	1991	6	13	164	23.8	30.8	19.8	-999.9	0.0	2.2	96758.9	-999.9
Bobo-Dioulasso	1991	6	14	165	23.8	31.6	21.8	-999.9	0.0	2.3	96768.9	-999.9
Bobo-Dioulasso	1991	6	15	166	24.4	33.2	24.1	-999.9	5.0	2.2	96766.2	-999.9
Bobo-Dioulasso	1991	6	16	167	23.7	30.7	17.1	-999.9	9.3	2.3	96773.2	-999.9
Bobo-Dioulasso	1991	6	17	168	23.4	32.5	23.0	-999.9	0.0	1.9	96855.2	-999.9
Bobo-Dioulasso	1991	6	18	169	24.1	33.7	24.7	-999.9	0.0	1.9	96788.4	-999.9
Bobo-Dioulasso	1991	6	19	170	25.0	34.2	24.1	-999.9	0.0	2.6	96740.9	-999.9
Bobo-Dioulasso	1991	6	20	171	24.6	33.4	23.7	-999.9	0.0	3.0	96750.0	-999.9
Bobo-Dioulasso	1991	6	21	172	24.4	32.8	22.4	-999.9	8.7	2.0	96823.6	-999.9
Bobo-Dioulasso	1991	6	22	173	23.6	31.1	22.1	-999.9	17.3	1.7	96887.1	-999.9
Bobo-Dioulasso	1991	6	23	174	23.3	30.3	20.0	-999.9	17.3	1.7	97024.5	-999.9
Bobo-Dioulasso	1991	6	24	175	23.8	30.9	19.9	-999.9	0.0	1.8	96873.7	-999.9
Bobo-Dioulasso	1991	6	25	176	24.3	32.2	23.5	-999.9	8.7	1.9	96695.9	-999.9
Bobo-Dioulasso	1991	6	26	177	24.0	31.1	19.9	-999.9	0.0	2.5	96774.9	-999.9
Bobo-Dioulasso	1991	6	27	178	23.8	31.4	21.6	-999.9	11.1	2.2	96885.8	-999.9
Bobo-Dioulasso	1991	6	28	179	23.3	30.6	21.9	-999.9	0.0	2.0	96861.4	-999.9
Bobo-Dioulasso	1991	6	29	180	23.1	31.7	23.6	-999.9	0.0	2.1	96830.6	-999.9
Bobo-Dioulasso	1991	6	30	181	23.5	33.0	24.1	-999.9	11.1	1.8	96856.6	-999.9
Bobo-Dioulasso	1991	7	1	182	23.9	31.8	20.1	-999.9	0.0	1.9	96846.1	-999.9
Bobo-Dioulasso	1991	7	2	183	23.2	31.3	20.2	-999.9	16.0	1.9	96843.2	-999.9
Bobo-Dioulasso	1991	7	3	184	22.4	27.8	13.5	-999.9	48.0	2.7	96887.2	-999.9
Bobo-Dioulasso	1991	7	4	185	22.5	29.0	16.4	-999.9	0.0	2.4	97019.4	-999.9
Bobo-Dioulasso	1991	7	5	186	22.5	30.2	19.7	-999.9	16.0	1.8	96931.4	-999.9
Bobo-Dioulasso	1991	7	6	187	22.2	30.0	21.2	-999.9	0.0	2.4	96826.6	-999.9
Bobo-Dioulasso	1991	7	7	188	23.3	30.0	20.0	-999.9	0.0	2.5	96781.8	-999.9
Bobo-Dioulasso	1991	7	8	189	22.9	30.1	21.2	-999.9	16.0	2.0	96851.5	-999.9
Bobo-Dioulasso	1991	7	9	190	22.6	28.6	16.7	-999.9	0.0	1.9	96839.4	-999.9
Bobo-Dioulasso	1991	7	10	191	21.9	26.9	13.1	-999.9	8.0	2.0	96820.0	-999.9
Bobo-Dioulasso	1991	7	11	192	21.3	28.9	19.0	-999.9	0.0	2.0	96887.8	-999.9
Bobo-Dioulasso	1991	7	12	193	21.4	29.9	22.5	-999.9	0.0	1.5	96858.1	-999.9
Bobo-Dioulasso	1991	7	13	194	23.3	30.6	22.2	-999.9	0.0	2.3	96738.7	-999.9
Bobo-Dioulasso	1991	7	14	195	23.2	29.6	18.4	-999.9	0.0	2.7	96697.3	-999.9
Bobo-Dioulasso	1991	7	15	196	22.3	28.5	15.2	-999.9	9.9	2.8	96782.5	-999.9
Bobo-Dioulasso	1991	7	16	197	22.7	27.9	19.5	-999.9	0.0	2.6	96956.9	-999.9
Bobo-Dioulasso	1991	7	17	198	21.9	29.3	20.3	-999.9	0.0	1.7	97067.4	-999.9
Bobo-Dioulasso	1991	7	18	199	23.2	29.4	17.5	-999.9	28.4	2.2	96887.8	-999.9
Bobo-Dioulasso	1991	7	19	200	22.9	28.9	18.0	-999.9	0.0	2.5	96753.7	-999.9
Bobo-Dioulasso	1991	7	20	201	22.3	28.9	19.2	-999.9	18.9	2.4	96844.3	-999.9
Bobo-Dioulasso	1991	7	21	202	22.6	28.0	18.0	-999.9	0.0	2.3	96918.7	-999.9
Bobo-Dioulasso	1991	7	22	203	21.9	28.6	18.1	-999.9	0.0	2.2	96954.1	-999.9
Bobo-Dioulasso	1991	7	23	204	21.9	27.2	16.2	-999.9	0.0	2.3	96984.9	-999.9
Bobo-Dioulasso	1991	7	24	205	21.1	28.8	20.5	-999.9	0.0	2.3	96871.3	-999.9
Bobo-Dioulasso	1991	7	25	206	22.3	29.3	21.9	-999.9	0.0	2.3	96914.6	-999.9
Bobo-Dioulasso	1991	7	26	207	22.0	27.2	14.0	-999.9	30.6	2.3	96988.1	-999.9
Bobo-Dioulasso	1991	7	27	208	19.9	27.1	18.7	-999.9	0.0	2.1	97117.5	-999.9
Bobo-Dioulasso	1991	7	28	209	20.8	28.2	22.1	-999.9	0.0	1.6	97006.2	-999.9
Bobo-Dioulasso	1991	7	29	210	21.8	28.6	20.2	-999.9	0.0	2.0	96915.1	-999.9
Bobo-Dioulasso	1991	7	30	211	22.2	29.2	20.5	-999.9	18.4	2.2	96941.2	-999.9
Bobo-Dioulasso	1991	7	31	212	21.8	28.9	19.5	-999.9	0.0	1.9	96928.6	-999.9
Bobo-Dioulasso	1991	8	1	213	21.5	27.9	16.7	-999.9	0.0	1.5	96873.9	-999.9
Bobo-Dioulasso	1991	8	2	214	21.9	29.5	19.3	-999.9	0.0	1.8	96771.3	-999.9
Bobo-Dioulasso	1991	8	3	215	22.7	29.1	20.2	-999.9	0.0	2.4	96820.6	-999.9
Bobo-Dioulasso	1991	8	4	216	22.4	28.5	16.7	-999.9	29.3	2.3	96805.7	-999.9
Bobo-Dioulasso	1991	8	5	217	21.9	27.8	15.4	-999.9	0.0	1.6	96792.1	-999.9
Bobo-Dioulasso	1991	8	6	218	21.6	28.3	20.2	-999.9	0.0	1.8	96812.5	-999.9
Bobo-Dioulasso	1991	8	7	219	21.6	26.9	12.5	-999.9	10.3	1.1	96779.5	-999.9
Bobo-Dioulasso	1991	8	8	220	21.8	28.0	17.2	-999.9	0.0	2.1	96757.1	-999.9
Bobo-Dioulasso	1991	8	9	221	22.1	28.0	16.9	-999.9	20.5	2.1	96749.6	-999.9
Bobo-Dioulasso	1991	8	10	222	21.8	28.8	21.5	-999.9	10.3	1.9	96767.1	-999.9
Bobo-Dioulasso	1991	8	11	223	21.8	28.7	17.2	-999.9	27.5	1.8	96745.0	-999.9
Bobo-Dioulasso	1991	8	12	224	21.6	25.8	10.5	-999.9	0.0	2.0	96929.9	-999.9
Bobo-Dioulasso	1991	8	13	225	21.0	28.7	18.5	-999.9	0.0	2.0	97029.0	-999.9
Bobo-Dioulasso	1991	8	14	226	21.3	29.5	22.2	-999.9	20.6	1.6	96914.1	-999.9
Bobo-Dioulasso	1991	8	15	227	22.1	26.9	14.3	-999.9	0.0	1.9	96994.7	-999.9
Bobo-Dioulasso	1991	8	16	228	21.8	28.1	17.6	-999.9	0.0	2.2	97013.3	-999.9
Bobo-Dioulasso	1991	8	17	229	21.7	27.9	16.6	-999.9	10.6	1.7	96935.6	-999.9
Bobo-Dioulasso	1991	8	18	230	21.6	24.2	7.1	-999.9	10.6	2.5	96836.8	-999.9
Bobo-Dioulasso	1991	8	19	231	21.6	26.7	13.0	-999.9	10.6	2.4	96938.9	-999.9
Bobo-Dioulasso	1991	8	20	232	21.4	28.5	18.3	-999.9	10.6	1.6	97017.7	-999.9
Bobo-Dioulasso	1991	8	21	233	21.4	28.1	17.6	-999.9	0.0	1.5	96976.1	-999.9
Bobo-Dioulasso	1991	8	22	234	21.2	26.9	17.7	-999.9	21.9	2.0	96971.9	-999.9
Bobo-Dioulasso	1991	8	23	235	21.3	28.9	21.5	-999.9	21.9	1.7	97066.2	-999.9
Bobo-Dioulasso	1991	8	24	236	21.2	28.0	17.4	-999.9	21.9	1.3	97095.5	-999.9
Bobo-Dioulasso	1991	8	25	237	22.2	28.9	21.0	-999.9	0.0	1.7	96922.8	-999.9
Bobo-Dioulasso	1991	8	26	238	21.9	29.1	22.4	-999.9	19.0	2.1	96838.8	-999.9
Bobo-Dioulasso	1991	8	27	239	21.6	28.6	18.1	-999.9	0.0	2.0	96977.9	-999.9
Bobo-Dioulasso	1991	8	28	240	21.3	28.1	17.2	-999.9	19.0	1.7	97027.3	-999.9
Bobo-Dioulasso	1991	8	29	241	21.5	28.2	18.8	-999.9	47.5	2.0	96941.9	-999.9
Bobo-Dioulasso	1991	8	30	242	21.8	27.9	18.5	-999.9	9.5	1.9	96919.7	-999.9
Bobo-Dioulasso	1991	8	31	243	21.4	24.7	9.3	-999.9	19.0	1.7	96920.4	-999.9
Bobo-Dioulasso	1991	9	1	244	20.9	28.0	18.3	-999.9	0.0	1.9	96975.7	-999.9
Bobo-Dioulasso	1991	9	2	245	21.7	27.9	17.4	-999.9	25.6	1.4	97063.7	-999.9
Bobo-Dioulasso	1991	9	3	246	21.3	28.6	20.1	-999.9	0.0	1.2	97031.6	-999.9
Bobo-Dioulasso	1991	9	4	247	21.5	28.5	20.3	-999.9	8.5	1.4	96947.6	-999.9
Bobo-Dioulasso	1991	9	5	248	21.3	28.5	19.4	-999.9	8.5	1.7	96975.4	-999.9
Bobo-Dioulasso	1991	9	6	249	21.6	29.7	22.6	-999.9	0.0	1.4	97037.3	-999.9
Bobo-Dioulasso	1991	9	7	250	22.4	27.0	16.3	-999.9	3.8	1.8	97148.6	-999.9
Bobo-Dioulasso	1991	9	8	251	21.2	28.5	18.9	-999.9	0.0	1.6	97094.8	-999.9
Bobo-Dioulasso	1991	9	9	252	21.5	29.8	22.5	-999.9	0.0	1.1	97015.8	-999.9
Bobo-Dioulasso	1991	9	10	253	22.6	29.8	21.7	-999.9	7.6	1.7	96994.8	-999.9
Bobo-Dioulasso	1991	9	11	254	22.4	29.3	18.6	-999.9	0.0	1.7	96987.0	-999.9
Bobo-Dioulasso	1991	9	12	255	22.4	29.9	22.2	-999.9	7.9	1.6	96900.8	-999.9
Bobo-Dioulasso	1991	9	13	256	22.3	28.9	19.9	-999.9	0.0	1.8	96867.2	-999.9
Bobo-Dioulasso	1991	9	14	257	21.5	30.1	23.5	-999.9	0.0	1.2	96860.1	-999.9
Bobo-Dioulasso	1991	9	15	258	23.1	29.6	19.4	-999.9	0.0	1.7	96712.6	-999.9
Bobo-Dioulasso	1991	9	16	259	23.0	30.0	21.7	-999.9	3.5	1.9	96687.4	-999.9
Bobo-Dioulasso	1991	9	17	260	21.5	29.6	20.4	-999.9	3.5	1.7	96735.8	-999.9
Bobo-Dioulasso	1991	9	18	261	21.8	29.1	21.2	-999.9	3.5	1.6	96774.6	-999.9
Bobo-Dioulasso	1991	9	19	262	22.3	28.1	16.7	-999.9	0.0	1.8	96774.8	-999.9
Bobo-Dioulasso	1991	9	20	263	21.9	29.2	21.5	-999.9	3.5	1.3	96857.8	-999.9
Bobo-Dioulasso	1991	9	21	264	22.3	29.8	19.8	-999.9	6.1	1.5	96798.4	-999.9
Bobo-Dioulasso	1991	9	22	265	21.8	30.8	21.8	-999.9	0.0	1.6	96693.1	-999.9
Bobo-Dioulasso	1991	9	23	266	23.4	29.3	18.5	-999.9	6.1	2.4	96735.2	-999.9
Bobo-Dioulasso	1991	9	24	267	22.4	29.4	21.2	-999.9	12.2	1.7	96759.1	-999.9
Bobo-Dioulasso	1991	9	25	268	22.0	28.9	17.5	-999.9	0.0	1.2	96724.1	-999.9
Bobo-Dioulasso	1991	9	26	269	21.9	29.5	20.5	-999.9	5.8	1.6	96733.7	-999.9
Bobo-Dioulasso	1991	9	27	270	21.7	31.1	23.5	-999.9	0.0	1.5	96789.1	-999.9
Bobo-Dioulasso	1991	9	28	271	22.3	30.1	22.1	-999.9	0.0	1.6	96853.9	-999.9
Bobo-Dioulasso	1991	9	29	272	23.7	31.0	22.7	-999.9	5.8	2.1	96663.6	-999.9
Bobo-Dioulasso	1991	9	30	273	22.9	30.0	19.4	-999.9	5.8	2.0	96620.3	-999.9
Bobo-Dioulasso	1991	10	1	274	22.3	29.6	20.3	-999.9	0.0	1.5	96642.5	-999.9
Bobo-Dioulasso	1991	10	2	275	22.3	29.9	20.3	-999.9	0.0	1.7	96575.5	-999.9
Bobo-Dioulasso	1991	10	3	276	21.7	28.7	19.9	-999.9	4.9	1.6	96577.2	-999.9
Bobo-Dioulasso	1991	10	4	277	22.1	27.2	14.1	-999.9	4.9	1.9	96517.1	-999.9
Bobo-Dioulasso	1991	10	5	278	21.7	27.8	15.4	-999.9	4.9	1.7	96626.8	-999.9
Bobo-Dioulasso	1991	10	6	279	21.6	27.8	16.4	-999.9	0.0	1.5	96743.9	-999.9
Bobo-Dioulasso	1991	10	7	280	21.4	27.0	14.8	-999.9	15.7	1.3	96792.8	-999.9
Bobo-Dioulasso	1991	10	8	281	21.8	29.1	20.1	-999.9	5.2	1.6	96846.9	-999.9
Bobo-Dioulasso	1991	10	9	282	22.2	30.0	22.3	-999.9	0.0	1.8	96841.3	-999.9
Bobo-Dioulasso	1991	10	10	283	21.3	29.5	20.5	-999.9	0.0	1.5	96927.4	-999.9
Bobo-Dioulasso	1991	10	11	284	21.6	28.5	19.0	-999.9	3.9	1.2	96985.6	-999.9
Bobo-Dioulasso	1991	10	12	285	22.1	28.8	17.4	-999.9	0.0	2.1	96846.8	-999.9
Bobo-Dioulasso	1991	10	13	286	22.1	29.0	18.7	-999.9	0.0	1.9	96822.7	-999.9
Bobo-Dioulasso	1991	10	14	287	21.2	28.2	18.7	-999.9	3.9	1.7	96838.7	-999.9
Bobo-Dioulasso	1991	10	15	288	21.4	28.2	17.8	-999.9	0.0	1.7	96862.7	-999.9
Bobo-Dioulasso	1991	10	16	289	20.6	28.8	20.5	-999.9	0.0	1.7	96840.1	-999.9
Bobo-Dioulasso	1991	10	17	290	22.0	28.9	21.5	-999.9	0.0	1.8	96794.3	-999.9
Bobo-Dioulasso	1991	10	18	291	21.8	28.7	19.6	-999.9	24.0	1.6	96872.7	-999.9
Bobo-Dioulasso	1991	10	19	292	20.7	27.1	15.0	-999.9	0.0	1.3	96920.5	-999.9
Bobo-Dioulasso	1991	10	20	293	21.6	30.8	22.9	-999.9	0.0	1.8	96689.1	-999.9
Bobo-Dioulasso	1991	10	21	294	20.6	29.7	21.1	-999.9	0.0	1.7	96660.8	-999.9
Bobo-Dioulasso	1991	10	22	295	22.2	29.9	21.7	-999.9	0.0	1.9	96778.9	-999.9
Bobo-Dioulasso	1991	10	23	296	21.6	29.6	21.5	-999.9	0.0	1.3	96890.2	-999.9
Bobo-Dioulasso	1991	10	24	297	21.8	29.8	21.3	-999.9	0.0	1.4	96839.9	-999.9
Bobo-Dioulasso	1991	10	25	298	22.0	29.5	20.6	-999.9	0.0	1.7	96763.4	-999.9
Bobo-Dioulasso	1991	10	26	299	22.1	30.4	21.2	-999.9	4.1	1.5	96668.4	-999.9
Bobo-Dioulasso	1991	10	27	300	22.3	29.9	19.9	-999.9	0.0	1.5	96703.0	-999.9
Bobo-Dioulasso	1991	10	28	301	21.4	30.7	20.5	-999.9	0.0	1.2	96741.6	-999.9
Bobo-Dioulasso	1991	10	29	302	22.4	30.4	20.7	-999.9	0.0	1.7	96767.3	-999.9
Bobo-Dioulasso	1991	10	30	303	21.9	32.0	21.3	-999.9	0.0	1.6	96693.2	-999.9
Bobo-Dioulasso	1991	10	31	304	22.3	30.7	19.9	-999.9	0.0	2.0	96702.7	-999.9
Bobo-Dioulasso	1991	11	1	305	22.4	30.6	19.9	-999.9	2.7	1.5	96765.7	-999.9
Bobo-Dioulasso	1991	11	2	306	22.2	31.2	18.8	-999.9	0.0	1.4	96782.4	-999.9
Bobo-Dioulasso	1991	11	3	307	23.2	31.6	19.7	-999.9	0.0	1.7	96732.9	-999.9
Bobo-Dioulasso	1991	11	4	308	23.0	32.2	19.3	-999.9	0.0	1.6	96646.9	-999.9
Bobo-Dioulasso	1991	11	5	309	23.2	31.7	19.2	-999.9	2.7	1.8	96647.0	-999.9
Bobo-Dioulasso	1991	11	6	310	21.5	32.5	20.5	-999.9	0.0	1.8	96766.8	-999.9
Bobo-Dioulasso	1991	11	7	311	20.4	33.5	21.9	-999.9	0.0	2.1	96840.0	-999.9
Bobo-Dioulasso	1991	11	8	312	20.0	33.7	22.3	-999.9	0.0	1.8	96739.0	-999.9
Bobo-Dioulasso	1991	11	9	313	17.2	32.8	22.1	-999.9	0.0	1.5	96600.7	-999.9
Bobo-Dioulasso	1991	11	10	314	18.2	32.2	21.8	-999.9	0.0	1.7	96571.8	-999.9
Bobo-Dioulasso	1991	11	11	315	19.2	32.4	20.8	-999.9	0.0	1.7	96630.7	-999.9
Bobo-Dioulasso	1991	11	12	316	20.9	32.6	21.0	-999.9	0.0	1.8	96709.1	-999.9
Bobo-Dioulasso	1991	11	13	317	18.6	33.0	21.7	-999.9	0.0	1.7	96711.0	-999.9
Bobo-Dioulasso	1991	11	14	318	18.9	33.2	21.3	-999.9	0.0	1.8	96690.9	-999.9
Bobo-Dioulasso	1991	11	15	319	18.4	32.6	21.0	-999.9	0.0	2.0	96642.0	-999.9
Bobo-Dioulasso	1991	11	16	320	17.9	31.8	20.8	-999.9	0.0	1.8	96603.9	-999.9
Bobo-Dioulasso	1991	11	17	321	17.9	31.7	20.2	-999.9	0.0	1.8	96723.9	-999.9
Bobo-Dioulasso	1991	11	18	322	18.6	32.7	20.6	-999.9	0.0	1.8	96827.2	-999.9
Bobo-Dioulasso	1991	11	19	323	19.8	32.9	19.3	-999.9	0.0	1.9	96767.8	-999.9
Bobo-Dioulasso	1991	11	20	324	18.8	31.7	19.3	-999.9	0.0	2.0	96794.5	-999.9
Bobo-Dioulasso	1991	11	21	325	21.1	31.9	18.3	-999.9	0.0	1.4	96738.2	-999.9
Bobo-Dioulasso	1991	11	22	326	22.3	32.8	18.9	-999.9	0.0	1.3	96658.9	-999.9
Bobo-Dioulasso	1991	11	23	327	21.4	33.7	20.7	-999.9	0.0	1.4	96672.5	-999.9
Bobo-Dioulasso	1991	11	24	328	19.7	32.9	21.0	-999.9	0.0	2.0	96709.6	-999.9
Bobo-Dioulasso	1991	11	25	329	18.2	32.9	21.1	-999.9	0.0	2.2	96699.9	-999.9
Bobo-Dioulasso	1991	11	26	330	17.7	33.4	21.0	-999.9	0.0	2.3	96709.5	-999.9
Bobo-Dioulasso	1991	11	27	331	17.6	32.4	20.8	-999.9	0.0	1.9	96765.4	-999.9
Bobo-Dioulasso	1991	11	28	332	18.1	32.0	20.3	-999.9	0.0	1.3	96775.1	-999.9
Bobo-Dioulasso	1991	11	29	333	20.5	33.0	20.2	-999.9	0.7	1.7	96764.9	-999.9
Bobo-Dioulasso	1991	11	30	334	19.5	33.5	20.6	-999.9	0.7	1.8	96737.4	-999.9
Bobo-Dioulasso	1991	12	1	335	18.5	32.8	20.7	-999.9	0.0	1.9	96721.1	-999.9
Bobo-Dioulasso	1991	12	2	336	18.3	32.6	20.6	-999.9	0.0	1.5	96705.9	-999.9
Bobo-Dioulasso	1991	12	3	337	17.1	32.4	20.8	-999.9	0.0	1.8	96688.8	-999.9
Bobo-Dioulasso	1991	12	4	338	17.7	32.1	20.2	-999.9	0.0	1.2	96704.9	-999.9
Bobo-Dioulasso	1991	12	5	339	21.7	32.3	17.2	-999.9	0.0	1.3	96679.3	-999.9
Bobo-Dioulasso	1991	12	6	340	20.8	33.2	18.7	-999.9	0.8	1.6	96589.8	-999.9
Bobo-Dioulasso	1991	12	7	341	19.2	32.3	18.3	-999.9	0.0	1.9	96626.8	-999.9
Bobo-Dioulasso	1991	12	8	342	19.4	33.3	18.3	-999.9	0.0	1.7	96572.1	-999.9
Bobo-Dioulasso	1991	12	9	343	18.8	33.6	20.3	-999.9	0.0	2.0	96531.5	-999.9
Bobo-Dioulasso	1991	12	10	344	18.1	32.3	20.3	-999.9	0.0	1.7	96593.0	-999.9
Bobo-Dioulasso	1991	12	11	345	18.6	32.5	20.0	-999.9	0.0	2.2	96657.0	-999.9
Bobo-Dioulasso	1991	12	12	346	18.8	32.5	20.2	-999.9	0.0	2.5	96691.5	-999.9
Bobo-Dioulasso	1991	12	13	347	20.1	32.7	20.1	-999.9	0.0	2.6	96752.2	-999.9
Bobo-Dioulasso	1991	12	14	348	20.2	32.4	20.1	-999.9	0.0	2.7	96794.8	-999.9
Bobo-Dioulasso	1991	12	15	349	19.3	31.4	20.2	-999.9	0.0	2.8	96814.6	-999.9
Bobo-Dioulasso	1991	12	16	350	18.3	30.2	20.2	-999.9	0.0	2.6	96837.0	-999.9
Bobo-Dioulasso	1991	12	17	351	16.8	29.7	20.3	-999.9	0.0	2.2	96756.4	-999.9
Bobo-Dioulasso	1991	12	18	352	16.2	30.3	20.2	-999.9	0.0	1.9	96790.3	-999.9
Bobo-Dioulasso	1991	12	19	353	18.0	30.7	17.9	-999.9	0.0	2.0	96880.3	-999.9
Bobo-Dioulasso	1991	12	20	354	19.2	31.6	19.9	-999.9	0.0	2.2	96928.9	-999.9
Bobo-Dioulasso	1991	12	21	355	19.6	31.4	20.0	-999.9	0.0	2.4	96910.7	-999.9
Bobo-Dioulasso	1991	12	22	356	19.6	31.1	19.9	-999.9	0.0	2.4	96902.2	-999.9
Bobo-Dioulasso	1991	12	23	357	19.1	30.2	20.1	-999.9	0.0	2.5	96913.1	-999.9
Bobo-Dioulasso	1991	12	24	358	16.8	29.1	20.6	-999.9	0.0	2.3	97006.7	-999.9
Bobo-Dioulasso	1991	12	25	359	16.1	30.1	20.4	-999.9	0.3	2.0	96989.2	-999.9
Bobo-Dioulasso	1991	12	26	360	16.7	31.5	20.2	-999.9	0.0	2.0	96916.6	-999.9
Bobo-Dioulasso	1991	12	27	361	18.6	31.7	20.1	-999.9	0.0	2.2	96840.0	-999.9
Bobo-Dioulasso	1991	12	28	362	18.4	32.1	19.9	-999.9	0.0	2.1	96789.5	-999.9
Bobo-Dioulasso	1991	12	29	363	18.7	32.0	20.0	-999.9	0.0	2.3	96855.9	-999.9
Bobo-Dioulasso	1991	12	30	364	18.4	30.9	20.3	-999.9	0.0	2.5	96985.9	-999.9
Bobo-Dioulasso	1991	12	31	365	16.8	30.5	20.6	-999.9	0.0	2.3	96935.6	-999.9
