Bobo-Dioulasso	1999	1	1	1	18.5	30.4	18.4	-999.9	0.5	2.3	96763.5	-999.9
Bobo-Dioulasso	1999	1	2	2	18.6	32.2	20.0	-999.9	0.0	2.8	96739.6	-999.9
Bobo-Dioulasso	1999	1	3	3	19.3	33.3	20.4	-999.9	0.0	2.6	96613.3	-999.9
Bobo-Dioulasso	1999	1	4	4	19.5	33.3	20.8	-999.9	0.0	2.5	96487.5	-999.9
Bobo-Dioulasso	1999	1	5	5	18.9	32.6	20.8	-999.9	0.0	2.3	96480.5	-999.9
Bobo-Dioulasso	1999	1	6	6	19.4	32.4	20.3	-999.9	0.0	2.3	96504.9	-999.9
Bobo-Dioulasso	1999	1	7	7	18.5	31.8	20.9	-999.9	0.0	2.3	96589.6	-999.9
Bobo-Dioulasso	1999	1	8	8	18.9	31.7	20.8	-999.9	0.0	2.1	96633.2	-999.9
Bobo-Dioulasso	1999	1	9	9	18.5	31.8	20.9	-999.9	0.0	2.1	96572.6	-999.9
Bobo-Dioulasso	1999	1	10	10	17.3	32.7	20.9	-999.9	0.0	1.7	96486.7	-999.9
Bobo-Dioulasso	1999	1	11	11	18.7	33.5	20.8	-999.9	0.0	1.9	96442.5	-999.9
Bobo-Dioulasso	1999	1	12	12	19.3	33.4	20.6	-999.9	0.0	2.2	96396.6	-999.9
Bobo-Dioulasso	1999	1	13	13	23.1	33.1	17.3	-999.9	0.0	1.8	96562.8	-999.9
Bobo-Dioulasso	1999	1	14	14	23.4	32.8	18.0	-999.9	0.0	1.6	96633.7	-999.9
Bobo-Dioulasso	1999	1	15	15	24.4	33.4	18.6	-999.9	0.5	2.1	96596.7	-999.9
Bobo-Dioulasso	1999	1	16	16	22.9	34.7	20.5	-999.9	0.0	2.6	96690.5	-999.9
Bobo-Dioulasso	1999	1	17	17	23.0	33.8	20.8	-999.9	0.0	3.0	96736.9	-999.9
Bobo-Dioulasso	1999	1	18	18	21.2	33.2	21.1	-999.9	0.0	2.6	96687.0	-999.9
Bobo-Dioulasso	1999	1	19	19	19.4	32.8	21.4	-999.9	0.0	2.1	96645.9	-999.9
Bobo-Dioulasso	1999	1	20	20	18.6	32.5	21.5	-999.9	0.0	2.1	96730.4	-999.9
Bobo-Dioulasso	1999	1	21	21	18.5	32.4	21.5	-999.9	0.0	2.2	96810.6	-999.9
Bobo-Dioulasso	1999	1	22	22	18.5	32.3	21.7	-999.9	0.0	2.2	96796.0	-999.9
Bobo-Dioulasso	1999	1	23	23	18.4	32.8	21.4	-999.9	0.0	2.2	96769.4	-999.9
Bobo-Dioulasso	1999	1	24	24	19.5	33.1	21.7	-999.9	0.0	2.9	96676.9	-999.9
Bobo-Dioulasso	1999	1	25	25	19.8	33.9	21.5	-999.9	0.0	3.0	96630.0	-999.9
Bobo-Dioulasso	1999	1	26	26	19.7	32.5	21.8	-999.9	0.0	3.1	96670.1	-999.9
Bobo-Dioulasso	1999	1	27	27	19.0	31.9	21.8	-999.9	0.0	2.8	96659.7	-999.9
Bobo-Dioulasso	1999	1	28	28	18.8	32.6	21.5	-999.9	0.0	2.6	96571.7	-999.9
Bobo-Dioulasso	1999	1	29	29	19.3	33.6	22.0	-999.9	0.0	2.3	96596.2	-999.9
Bobo-Dioulasso	1999	1	30	30	19.7	33.9	21.9	-999.9	0.0	2.1	96610.0	-999.9
Bobo-Dioulasso	1999	1	31	31	20.2	34.3	22.0	-999.9	0.0	1.9	96511.6	-999.9
Bobo-Dioulasso	1999	2	1	32	18.9	33.7	22.1	-999.9	0.0	1.6	96412.1	-999.9
Bobo-Dioulasso	1999	2	2	33	19.6	34.1	22.0	-999.9	1.6	1.6	96406.5	-999.9
Bobo-Dioulasso	1999	2	3	34	19.5	32.6	16.7	-999.9	0.0	1.8	96514.3	-999.9
Bobo-Dioulasso	1999	2	4	35	22.0	33.2	21.7	-999.9	0.0	3.5	96649.9	-999.9
Bobo-Dioulasso	1999	2	5	36	19.8	31.2	21.6	-999.9	0.0	3.5	96883.7	-999.9
Bobo-Dioulasso	1999	2	6	37	18.2	29.0	22.1	-999.9	0.0	3.4	97013.2	-999.9
Bobo-Dioulasso	1999	2	7	38	16.1	29.0	22.5	-999.9	0.0	2.4	96987.3	-999.9
Bobo-Dioulasso	1999	2	8	39	16.8	31.8	22.6	-999.9	0.0	1.8	96861.0	-999.9
Bobo-Dioulasso	1999	2	9	40	17.7	33.7	22.7	-999.9	0.0	1.8	96851.1	-999.9
Bobo-Dioulasso	1999	2	10	41	18.9	34.8	22.8	-999.9	0.0	2.1	96748.3	-999.9
Bobo-Dioulasso	1999	2	11	42	21.3	35.3	22.8	-999.9	0.0	2.2	96626.3	-999.9
Bobo-Dioulasso	1999	2	12	43	22.8	35.5	22.6	-999.9	0.0	2.1	96538.7	-999.9
Bobo-Dioulasso	1999	2	13	44	20.0	35.9	22.9	-999.9	0.0	1.5	96523.1	-999.9
Bobo-Dioulasso	1999	2	14	45	19.4	36.2	23.1	-999.9	0.0	1.7	96404.9	-999.9
Bobo-Dioulasso	1999	2	15	46	21.6	35.5	20.2	-999.9	0.0	1.5	96304.5	-999.9
Bobo-Dioulasso	1999	2	16	47	25.3	31.5	11.2	-999.9	0.0	1.6	96450.2	-999.9
Bobo-Dioulasso	1999	2	17	48	23.0	33.3	17.4	-999.9	0.0	1.4	96446.1	-999.9
Bobo-Dioulasso	1999	2	18	49	23.4	32.7	18.9	-999.9	0.0	1.8	96664.8	-999.9
Bobo-Dioulasso	1999	2	19	50	22.3	32.4	21.7	-999.9	0.0	2.9	96823.9	-999.9
Bobo-Dioulasso	1999	2	20	51	20.2	32.0	23.1	-999.9	0.0	2.7	96853.9	-999.9
Bobo-Dioulasso	1999	2	21	52	20.1	32.5	23.2	-999.9	0.0	2.8	96795.2	-999.9
Bobo-Dioulasso	1999	2	22	53	20.1	33.7	23.1	-999.9	0.0	2.7	96686.9	-999.9
Bobo-Dioulasso	1999	2	23	54	20.8	34.9	23.6	-999.9	0.0	2.5	96672.2	-999.9
Bobo-Dioulasso	1999	2	24	55	21.5	35.6	23.7	-999.9	0.0	2.6	96656.1	-999.9
Bobo-Dioulasso	1999	2	25	56	22.1	36.3	23.7	-999.9	0.0	2.2	96563.9	-999.9
Bobo-Dioulasso	1999	2	26	57	22.2	37.3	23.7	-999.9	0.0	2.0	96462.5	-999.9
Bobo-Dioulasso	1999	2	27	58	21.9	37.0	23.4	-999.9	0.0	1.8	96388.8	-999.9
Bobo-Dioulasso	1999	2	28	59	22.3	36.6	24.3	-999.9	0.0	2.0	96368.4	-999.9
Bobo-Dioulasso	1999	3	1	60	22.5	35.2	20.1	-999.9	0.0	1.8	96494.5	-999.9
Bobo-Dioulasso	1999	3	2	61	22.2	35.8	22.5	-999.9	0.0	1.8	96418.8	-999.9
Bobo-Dioulasso	1999	3	3	62	24.2	36.6	23.0	-999.9	0.0	2.1	96269.6	-999.9
Bobo-Dioulasso	1999	3	4	63	23.4	36.3	24.1	-999.9	0.0	2.1	96266.4	-999.9
Bobo-Dioulasso	1999	3	5	64	23.8	37.0	23.9	-999.9	0.0	1.8	96212.9	-999.9
Bobo-Dioulasso	1999	3	6	65	22.7	37.6	24.1	-999.9	0.0	2.0	96153.0	-999.9
Bobo-Dioulasso	1999	3	7	66	22.4	37.1	24.5	-999.9	0.0	2.0	96190.2	-999.9
Bobo-Dioulasso	1999	3	8	67	21.8	37.3	24.6	-999.9	0.0	1.9	96225.1	-999.9
Bobo-Dioulasso	1999	3	9	68	21.6	37.5	24.7	-999.9	0.0	1.7	96253.6	-999.9
Bobo-Dioulasso	1999	3	10	69	21.9	37.4	24.6	-999.9	0.0	2.0	96390.2	-999.9
Bobo-Dioulasso	1999	3	11	70	21.4	36.4	24.6	-999.9	0.0	2.0	96470.9	-999.9
Bobo-Dioulasso	1999	3	12	71	22.8	36.3	24.7	-999.9	0.0	2.2	96417.3	-999.9
Bobo-Dioulasso	1999	3	13	72	22.0	36.9	24.5	-999.9	0.0	2.3	96330.7	-999.9
Bobo-Dioulasso	1999	3	14	73	25.3	36.3	22.5	-999.9	0.0	2.5	96375.2	-999.9
Bobo-Dioulasso	1999	3	15	74	24.3	35.9	20.0	-999.9	5.3	1.6	96482.9	-999.9
Bobo-Dioulasso	1999	3	16	75	23.8	31.9	13.4	-999.9	6.1	2.1	96566.0	-999.9
Bobo-Dioulasso	1999	3	17	76	24.7	35.9	24.4	-999.9	0.0	2.7	96344.5	-999.9
Bobo-Dioulasso	1999	3	18	77	23.1	37.3	24.6	-999.9	0.0	2.5	96265.3	-999.9
Bobo-Dioulasso	1999	3	19	78	21.9	37.9	25.4	-999.9	0.0	2.5	96320.7	-999.9
Bobo-Dioulasso	1999	3	20	79	22.6	38.4	25.3	-999.9	0.0	2.6	96386.6	-999.9
Bobo-Dioulasso	1999	3	21	80	22.9	38.5	25.7	-999.9	0.0	3.0	96469.5	-999.9
Bobo-Dioulasso	1999	3	22	81	24.6	38.1	25.7	-999.9	0.0	2.2	96460.0	-999.9
Bobo-Dioulasso	1999	3	23	82	22.1	37.9	25.9	-999.9	0.0	1.4	96379.2	-999.9
Bobo-Dioulasso	1999	3	24	83	25.6	38.2	23.9	-999.9	0.0	2.2	96310.3	-999.9
Bobo-Dioulasso	1999	3	25	84	25.9	37.7	21.7	-999.9	0.0	2.4	96422.8	-999.9
Bobo-Dioulasso	1999	3	26	85	24.9	38.3	24.3	-999.9	0.0	2.4	96454.4	-999.9
Bobo-Dioulasso	1999	3	27	86	27.7	36.5	21.0	-999.9	4.2	2.3	96473.9	-999.9
Bobo-Dioulasso	1999	3	28	87	25.4	35.4	19.7	-999.9	4.2	2.6	96479.6	-999.9
Bobo-Dioulasso	1999	3	29	88	25.9	36.9	22.3	-999.9	0.0	2.4	96380.4	-999.9
Bobo-Dioulasso	1999	3	30	89	25.6	37.6	23.8	-999.9	0.0	2.2	96338.0	-999.9
Bobo-Dioulasso	1999	3	31	90	27.5	37.9	23.1	-999.9	0.0	1.9	96321.6	-999.9
Bobo-Dioulasso	1999	4	1	91	27.4	38.4	24.1	-999.9	4.8	2.1	96338.3	-999.9
Bobo-Dioulasso	1999	4	2	92	25.8	38.2	24.8	-999.9	4.8	2.0	96478.7	-999.9
Bobo-Dioulasso	1999	4	3	93	25.0	38.8	26.0	-999.9	0.0	2.4	96467.3	-999.9
Bobo-Dioulasso	1999	4	4	94	22.9	38.2	26.5	-999.9	0.0	2.1	96391.9	-999.9
Bobo-Dioulasso	1999	4	5	95	22.7	38.1	26.4	-999.9	0.0	1.6	96421.7	-999.9
Bobo-Dioulasso	1999	4	6	96	24.1	37.8	25.1	-999.9	0.0	2.0	96514.6	-999.9
Bobo-Dioulasso	1999	4	7	97	24.3	34.2	20.6	-999.9	0.0	2.6	96725.6	-999.9
Bobo-Dioulasso	1999	4	8	98	24.5	35.2	18.9	-999.9	0.0	1.4	96595.4	-999.9
Bobo-Dioulasso	1999	4	9	99	26.2	37.0	24.8	-999.9	0.0	2.4	96524.6	-999.9
Bobo-Dioulasso	1999	4	10	100	24.0	38.9	26.2	-999.9	0.0	2.5	96532.8	-999.9
Bobo-Dioulasso	1999	4	11	101	24.3	39.3	25.5	-999.9	0.0	1.9	96586.6	-999.9
Bobo-Dioulasso	1999	4	12	102	26.3	39.7	25.8	-999.9	0.0	2.5	96531.6	-999.9
Bobo-Dioulasso	1999	4	13	103	27.5	38.9	25.0	-999.9	0.0	2.4	96486.5	-999.9
Bobo-Dioulasso	1999	4	14	104	26.5	38.4	23.2	-999.9	10.1	2.7	96399.6	-999.9
Bobo-Dioulasso	1999	4	15	105	23.3	33.8	20.3	-999.9	8.9	2.7	96573.8	-999.9
Bobo-Dioulasso	1999	4	16	106	24.3	33.9	24.3	-999.9	0.0	1.9	96641.5	-999.9
Bobo-Dioulasso	1999	4	17	107	25.8	35.9	22.5	-999.9	0.0	2.4	96648.4	-999.9
Bobo-Dioulasso	1999	4	18	108	24.9	37.0	24.2	-999.9	19.2	2.4	96632.7	-999.9
Bobo-Dioulasso	1999	4	19	109	24.0	37.1	25.2	-999.9	0.0	1.9	96491.1	-999.9
Bobo-Dioulasso	1999	4	20	110	26.4	36.8	21.6	-999.9	0.0	2.7	96375.8	-999.9
Bobo-Dioulasso	1999	4	21	111	25.5	34.5	21.3	-999.9	10.0	2.3	96555.0	-999.9
Bobo-Dioulasso	1999	4	22	112	25.6	35.7	23.5	-999.9	0.0	2.0	96626.1	-999.9
Bobo-Dioulasso	1999	4	23	113	25.5	36.5	23.4	-999.9	6.7	2.7	96459.1	-999.9
Bobo-Dioulasso	1999	4	24	114	25.4	37.0	24.4	-999.9	10.0	2.8	96301.9	-999.9
Bobo-Dioulasso	1999	4	25	115	25.4	35.3	22.4	-999.9	0.0	2.1	96377.6	-999.9
Bobo-Dioulasso	1999	4	26	116	24.9	36.1	24.7	-999.9	0.0	1.7	96389.3	-999.9
Bobo-Dioulasso	1999	4	27	117	25.0	35.5	21.8	-999.9	0.0	2.0	96380.3	-999.9
Bobo-Dioulasso	1999	4	28	118	24.6	35.4	23.8	-999.9	7.3	2.2	96432.5	-999.9
Bobo-Dioulasso	1999	4	29	119	24.1	32.9	20.7	-999.9	0.0	1.5	96567.4	-999.9
Bobo-Dioulasso	1999	4	30	120	24.6	35.6	22.1	-999.9	0.0	1.7	96583.0	-999.9
Bobo-Dioulasso	1999	5	1	121	24.6	36.4	23.3	-999.9	0.0	2.5	96559.0	-999.9
Bobo-Dioulasso	1999	5	2	122	25.6	38.1	24.5	-999.9	0.0	2.6	96480.6	-999.9
Bobo-Dioulasso	1999	5	3	123	27.0	35.5	24.1	-999.9	10.0	2.8	96548.0	-999.9
Bobo-Dioulasso	1999	5	4	124	25.9	34.6	23.0	-999.9	0.0	1.7	96647.3	-999.9
Bobo-Dioulasso	1999	5	5	125	26.1	35.6	23.4	-999.9	17.5	1.9	96598.5	-999.9
Bobo-Dioulasso	1999	5	6	126	26.2	36.4	23.9	-999.9	0.0	1.9	96485.2	-999.9
Bobo-Dioulasso	1999	5	7	127	26.9	35.0	23.3	-999.9	0.0	2.4	96456.6	-999.9
Bobo-Dioulasso	1999	5	8	128	26.7	35.6	22.8	-999.9	5.3	2.2	96443.2	-999.9
Bobo-Dioulasso	1999	5	9	129	24.6	36.0	24.7	-999.9	5.3	2.4	96483.1	-999.9
Bobo-Dioulasso	1999	5	10	130	25.6	37.1	24.1	-999.9	0.0	2.2	96461.9	-999.9
Bobo-Dioulasso	1999	5	11	131	24.6	36.0	23.5	-999.9	0.0	2.4	96523.9	-999.9
Bobo-Dioulasso	1999	5	12	132	23.8	34.9	19.9	-999.9	0.0	2.8	96634.4	-999.9
Bobo-Dioulasso	1999	5	13	133	25.4	36.0	24.7	-999.9	4.1	2.5	96575.5	-999.9
Bobo-Dioulasso	1999	5	14	134	25.9	35.5	23.9	-999.9	4.1	2.7	96522.2	-999.9
Bobo-Dioulasso	1999	5	15	135	23.6	31.3	19.9	-999.9	4.1	2.0	96611.0	-999.9
Bobo-Dioulasso	1999	5	16	136	23.8	31.7	23.1	-999.9	0.0	2.3	96542.1	-999.9
Bobo-Dioulasso	1999	5	17	137	23.4	32.1	20.5	-999.9	0.0	2.4	96579.7	-999.9
Bobo-Dioulasso	1999	5	18	138	23.7	33.3	24.0	-999.9	17.0	1.3	96631.1	-999.9
Bobo-Dioulasso	1999	5	19	139	25.4	35.6	24.4	-999.9	0.0	2.1	96620.8	-999.9
Bobo-Dioulasso	1999	5	20	140	24.1	34.6	23.9	-999.9	0.0	2.6	96606.3	-999.9
Bobo-Dioulasso	1999	5	21	141	24.7	35.2	24.3	-999.9	0.0	2.6	96648.1	-999.9
Bobo-Dioulasso	1999	5	22	142	25.5	36.1	25.3	-999.9	0.0	2.3	96621.1	-999.9
Bobo-Dioulasso	1999	5	23	143	26.4	36.4	24.1	-999.9	3.5	2.8	96561.3	-999.9
Bobo-Dioulasso	1999	5	24	144	24.0	34.4	22.4	-999.9	0.0	2.6	96762.1	-999.9
Bobo-Dioulasso	1999	5	25	145	25.1	33.3	23.6	-999.9	3.5	2.5	96779.3	-999.9
Bobo-Dioulasso	1999	5	26	146	24.5	34.1	23.1	-999.9	0.0	1.8	96694.1	-999.9
Bobo-Dioulasso	1999	5	27	147	24.8	34.6	24.6	-999.9	5.9	1.9	96616.3	-999.9
Bobo-Dioulasso	1999	5	28	148	25.4	33.4	23.4	-999.9	0.0	2.4	96696.1	-999.9
Bobo-Dioulasso	1999	5	29	149	23.8	34.7	24.8	-999.9	0.0	2.0	96738.6	-999.9
Bobo-Dioulasso	1999	5	30	150	25.3	36.2	24.7	-999.9	5.9	2.1	96468.5	-999.9
Bobo-Dioulasso	1999	5	31	151	24.5	34.1	22.4	-999.9	0.0	2.3	96630.9	-999.9
Bobo-Dioulasso	1999	6	1	152	24.7	34.8	23.8	-999.9	0.0	1.7	96661.8	-999.9
Bobo-Dioulasso	1999	6	2	153	26.1	36.1	24.8	-999.9	0.0	2.1	96557.4	-999.9
Bobo-Dioulasso	1999	6	3	154	24.2	34.3	23.6	-999.9	3.5	2.7	96670.5	-999.9
Bobo-Dioulasso	1999	6	4	155	23.4	33.6	24.0	-999.9	0.0	2.4	96746.7	-999.9
Bobo-Dioulasso	1999	6	5	156	23.5	33.8	24.3	-999.9	0.0	2.5	96765.5	-999.9
Bobo-Dioulasso	1999	6	6	157	24.3	34.1	22.6	-999.9	0.0	2.1	96688.4	-999.9
Bobo-Dioulasso	1999	6	7	158	24.6	34.9	24.4	-999.9	0.0	2.1	96697.9	-999.9
Bobo-Dioulasso	1999	6	8	159	24.4	34.8	24.3	-999.9	6.9	2.0	96721.0	-999.9
Bobo-Dioulasso	1999	6	9	160	24.0	32.6	20.3	-999.9	13.8	2.2	96734.3	-999.9
Bobo-Dioulasso	1999	6	10	161	23.0	32.8	23.2	-999.9	0.0	2.3	96735.9	-999.9
Bobo-Dioulasso	1999	6	11	162	25.0	35.3	24.4	-999.9	10.1	2.0	96637.4	-999.9
Bobo-Dioulasso	1999	6	12	163	24.5	32.6	21.7	-999.9	0.0	2.1	96721.5	-999.9
Bobo-Dioulasso	1999	6	13	164	23.6	33.1	24.5	-999.9	0.0	2.0	96796.7	-999.9
Bobo-Dioulasso	1999	6	14	165	24.3	33.9	23.3	-999.9	15.1	1.9	96667.0	-999.9
Bobo-Dioulasso	1999	6	15	166	24.2	34.8	23.8	-999.9	5.0	2.0	96576.4	-999.9
Bobo-Dioulasso	1999	6	16	167	23.3	32.5	22.7	-999.9	7.2	2.4	96647.3	-999.9
Bobo-Dioulasso	1999	6	17	168	23.8	33.8	24.5	-999.9	0.0	2.4	96711.5	-999.9
Bobo-Dioulasso	1999	6	18	169	22.8	33.3	21.3	-999.9	14.5	2.6	96672.2	-999.9
Bobo-Dioulasso	1999	6	19	170	23.0	31.4	22.0	-999.9	0.0	2.0	96705.7	-999.9
Bobo-Dioulasso	1999	6	20	171	23.3	32.3	23.3	-999.9	0.0	2.7	96808.2	-999.9
Bobo-Dioulasso	1999	6	21	172	23.4	33.6	25.0	-999.9	0.0	2.5	96760.5	-999.9
Bobo-Dioulasso	1999	6	22	173	24.7	34.7	24.3	-999.9	3.9	2.2	96584.7	-999.9
Bobo-Dioulasso	1999	6	23	174	23.9	31.3	19.3	-999.9	0.0	2.7	96641.8	-999.9
Bobo-Dioulasso	1999	6	24	175	23.3	32.7	23.0	-999.9	0.0	2.3	96691.8	-999.9
Bobo-Dioulasso	1999	6	25	176	23.1	29.6	18.0	-999.9	0.0	2.2	96773.5	-999.9
Bobo-Dioulasso	1999	6	26	177	22.6	33.1	24.2	-999.9	0.0	1.7	96655.9	-999.9
Bobo-Dioulasso	1999	6	27	178	24.4	34.4	24.0	-999.9	8.4	2.2	96481.2	-999.9
Bobo-Dioulasso	1999	6	28	179	22.4	28.6	15.8	-999.9	25.3	2.4	96658.1	-999.9
Bobo-Dioulasso	1999	6	29	180	21.8	31.3	23.5	-999.9	0.0	1.7	96834.1	-999.9
Bobo-Dioulasso	1999	6	30	181	22.6	31.5	21.9	-999.9	8.4	1.4	96771.2	-999.9
Bobo-Dioulasso	1999	7	1	182	22.2	30.6	22.3	-999.9	7.4	2.1	96674.6	-999.9
Bobo-Dioulasso	1999	7	2	183	23.1	29.3	18.5	-999.9	25.2	2.0	96677.3	-999.9
Bobo-Dioulasso	1999	7	3	184	22.3	29.7	21.2	-999.9	14.7	1.8	96789.1	-999.9
Bobo-Dioulasso	1999	7	4	185	22.5	30.5	22.9	-999.9	0.0	1.8	96840.0	-999.9
Bobo-Dioulasso	1999	7	5	186	22.6	29.4	19.3	-999.9	0.0	1.4	96879.6	-999.9
Bobo-Dioulasso	1999	7	6	187	22.2	30.3	22.2	-999.9	0.0	1.5	96832.3	-999.9
Bobo-Dioulasso	1999	7	7	188	22.3	29.8	20.4	-999.9	14.2	2.4	96801.4	-999.9
Bobo-Dioulasso	1999	7	8	189	21.8	29.5	20.7	-999.9	7.1	2.2	96864.5	-999.9
Bobo-Dioulasso	1999	7	9	190	22.3	29.2	20.9	-999.9	0.0	1.9	96764.4	-999.9
Bobo-Dioulasso	1999	7	10	191	22.8	29.9	20.3	-999.9	7.1	2.1	96733.1	-999.9
Bobo-Dioulasso	1999	7	11	192	22.8	29.0	19.6	-999.9	0.0	2.3	96756.7	-999.9
Bobo-Dioulasso	1999	7	12	193	21.6	29.9	20.9	-999.9	7.3	2.0	96868.9	-999.9
Bobo-Dioulasso	1999	7	13	194	22.8	27.6	14.6	-999.9	0.0	2.2	96907.4	-999.9
Bobo-Dioulasso	1999	7	14	195	21.8	28.6	15.0	-999.9	7.3	2.4	96926.2	-999.9
Bobo-Dioulasso	1999	7	15	196	21.7	29.3	20.3	-999.9	7.3	2.3	96934.7	-999.9
Bobo-Dioulasso	1999	7	16	197	22.4	32.0	24.7	-999.9	0.0	2.0	96801.7	-999.9
Bobo-Dioulasso	1999	7	17	198	23.2	29.9	16.7	-999.9	18.7	2.5	96803.0	-999.9
Bobo-Dioulasso	1999	7	18	199	21.7	26.4	11.5	-999.9	0.0	2.2	96911.5	-999.9
Bobo-Dioulasso	1999	7	19	200	22.0	28.7	21.4	-999.9	0.0	1.7	96902.0	-999.9
Bobo-Dioulasso	1999	7	20	201	22.0	27.9	15.1	-999.9	18.7	1.5	96895.5	-999.9
Bobo-Dioulasso	1999	7	21	202	22.2	29.0	18.8	-999.9	13.1	2.4	96906.0	-999.9
Bobo-Dioulasso	1999	7	22	203	22.2	28.5	16.7	-999.9	14.9	2.3	96943.6	-999.9
Bobo-Dioulasso	1999	7	23	204	21.2	28.6	20.5	-999.9	6.5	2.5	96879.9	-999.9
Bobo-Dioulasso	1999	7	24	205	22.6	28.6	17.9	-999.9	19.6	2.6	96748.1	-999.9
Bobo-Dioulasso	1999	7	25	206	22.3	27.4	14.6	-999.9	0.0	2.2	96739.9	-999.9
Bobo-Dioulasso	1999	7	26	207	21.9	26.8	14.4	-999.9	9.9	2.6	96838.5	-999.9
Bobo-Dioulasso	1999	7	27	208	21.6	28.3	18.6	-999.9	0.0	1.9	96920.5	-999.9
Bobo-Dioulasso	1999	7	28	209	21.6	28.3	20.5	-999.9	0.0	2.1	96843.6	-999.9
Bobo-Dioulasso	1999	7	29	210	21.8	26.4	12.2	-999.9	11.3	2.7	96801.5	-999.9
Bobo-Dioulasso	1999	7	30	211	21.8	28.3	18.2	-999.9	0.0	2.3	96723.1	-999.9
Bobo-Dioulasso	1999	7	31	212	21.8	27.9	18.3	-999.9	19.8	2.0	96681.3	-999.9
Bobo-Dioulasso	1999	8	1	213	21.6	26.4	13.1	-999.9	39.8	1.8	96779.2	-999.9
Bobo-Dioulasso	1999	8	2	214	21.5	27.6	17.6	-999.9	8.0	2.3	96832.4	-999.9
Bobo-Dioulasso	1999	8	3	215	22.1	27.9	17.9	-999.9	0.0	2.6	96751.9	-999.9
Bobo-Dioulasso	1999	8	4	216	21.3	27.8	18.7	-999.9	0.0	2.2	96762.2	-999.9
Bobo-Dioulasso	1999	8	5	217	21.7	26.8	15.9	-999.9	15.9	2.1	96762.0	-999.9
Bobo-Dioulasso	1999	8	6	218	21.5	27.9	19.1	-999.9	8.4	2.7	96809.6	-999.9
Bobo-Dioulasso	1999	8	7	219	21.8	28.6	18.8	-999.9	16.7	2.2	96786.4	-999.9
Bobo-Dioulasso	1999	8	8	220	21.3	25.8	10.4	-999.9	0.0	2.6	96753.3	-999.9
Bobo-Dioulasso	1999	8	9	221	21.5	27.4	20.0	-999.9	8.4	2.7	96821.9	-999.9
Bobo-Dioulasso	1999	8	10	222	21.3	28.2	19.5	-999.9	8.4	1.8	96853.9	-999.9
Bobo-Dioulasso	1999	8	11	223	22.4	24.1	9.4	-999.9	16.6	2.5	96728.3	-999.9
Bobo-Dioulasso	1999	8	12	224	21.5	27.5	17.5	-999.9	0.0	1.9	96667.7	-999.9
Bobo-Dioulasso	1999	8	13	225	21.8	28.4	20.3	-999.9	0.0	1.8	96645.0	-999.9
Bobo-Dioulasso	1999	8	14	226	21.7	27.7	17.0	-999.9	16.6	2.0	96692.9	-999.9
Bobo-Dioulasso	1999	8	15	227	21.5	27.7	17.7	-999.9	8.3	1.8	96818.8	-999.9
Bobo-Dioulasso	1999	8	16	228	21.3	28.5	20.8	-999.9	0.0	1.5	96886.2	-999.9
Bobo-Dioulasso	1999	8	17	229	21.8	25.9	10.6	-999.9	16.6	1.9	96761.0	-999.9
Bobo-Dioulasso	1999	8	18	230	22.0	28.1	16.2	-999.9	16.6	1.4	96669.4	-999.9
Bobo-Dioulasso	1999	8	19	231	21.5	27.6	17.7	-999.9	0.0	1.7	96752.1	-999.9
Bobo-Dioulasso	1999	8	20	232	21.6	28.1	16.7	-999.9	16.6	1.4	96801.5	-999.9
Bobo-Dioulasso	1999	8	21	233	21.4	27.2	15.6	-999.9	0.0	1.7	96698.2	-999.9
Bobo-Dioulasso	1999	8	22	234	21.5	27.7	17.2	-999.9	24.3	2.5	96771.9	-999.9
Bobo-Dioulasso	1999	8	23	235	21.9	26.1	11.3	-999.9	0.0	2.4	96929.0	-999.9
Bobo-Dioulasso	1999	8	24	236	21.6	27.6	17.1	-999.9	16.2	2.0	97035.2	-999.9
Bobo-Dioulasso	1999	8	25	237	21.3	28.6	18.0	-999.9	16.2	1.4	96968.4	-999.9
Bobo-Dioulasso	1999	8	26	238	21.4	27.7	17.3	-999.9	0.0	1.8	96852.2	-999.9
Bobo-Dioulasso	1999	8	27	239	21.1	23.9	7.3	-999.9	9.2	1.5	96825.4	-999.9
Bobo-Dioulasso	1999	8	28	240	21.1	26.2	13.7	-999.9	0.0	2.5	96948.9	-999.9
Bobo-Dioulasso	1999	8	29	241	21.5	28.4	19.9	-999.9	0.0	1.9	97031.8	-999.9
Bobo-Dioulasso	1999	8	30	242	22.1	29.3	21.0	-999.9	9.2	1.5	96950.2	-999.9
Bobo-Dioulasso	1999	8	31	243	21.3	27.4	13.9	-999.9	18.3	1.5	96824.9	-999.9
Bobo-Dioulasso	1999	9	1	244	21.1	28.0	19.3	-999.9	32.8	1.6	96796.1	-999.9
Bobo-Dioulasso	1999	9	2	245	21.1	28.7	21.5	-999.9	21.9	1.2	96808.2	-999.9
Bobo-Dioulasso	1999	9	3	246	22.1	28.4	21.4	-999.9	0.0	1.5	96796.0	-999.9
Bobo-Dioulasso	1999	9	4	247	21.2	29.8	22.2	-999.9	21.9	1.1	96761.1	-999.9
Bobo-Dioulasso	1999	9	5	248	21.8	27.9	17.6	-999.9	0.0	1.4	96801.2	-999.9
Bobo-Dioulasso	1999	9	6	249	22.1	29.4	21.8	-999.9	0.0	1.7	96803.8	-999.9
Bobo-Dioulasso	1999	9	7	250	22.7	27.5	14.6	-999.9	21.1	2.0	96656.4	-999.9
Bobo-Dioulasso	1999	9	8	251	21.3	25.3	9.3	-999.9	10.6	1.6	96489.0	-999.9
Bobo-Dioulasso	1999	9	9	252	21.2	26.8	17.3	-999.9	10.6	2.3	96619.3	-999.9
Bobo-Dioulasso	1999	9	10	253	20.7	27.9	19.2	-999.9	10.6	1.8	96767.3	-999.9
Bobo-Dioulasso	1999	9	11	254	20.8	27.2	18.4	-999.9	0.0	1.2	96783.7	-999.9
Bobo-Dioulasso	1999	9	12	255	20.7	27.9	18.8	-999.9	0.0	1.1	96679.5	-999.9
Bobo-Dioulasso	1999	9	13	256	20.8	28.6	21.9	-999.9	0.0	1.6	96524.8	-999.9
Bobo-Dioulasso	1999	9	14	257	22.3	28.6	18.8	-999.9	0.0	1.5	96614.9	-999.9
Bobo-Dioulasso	1999	9	15	258	21.7	27.8	17.4	-999.9	0.0	1.6	96793.5	-999.9
Bobo-Dioulasso	1999	9	16	259	21.4	27.9	18.9	-999.9	4.0	1.5	96865.7	-999.9
Bobo-Dioulasso	1999	9	17	260	21.9	28.3	17.6	-999.9	8.0	1.9	96845.0	-999.9
Bobo-Dioulasso	1999	9	18	261	21.7	29.5	22.6	-999.9	0.0	1.2	96814.6	-999.9
Bobo-Dioulasso	1999	9	19	262	21.6	29.0	21.3	-999.9	0.0	1.5	96783.2	-999.9
Bobo-Dioulasso	1999	9	20	263	21.9	29.3	21.9	-999.9	0.0	1.2	96818.6	-999.9
Bobo-Dioulasso	1999	9	21	264	22.0	27.6	14.7	-999.9	35.2	1.3	96853.8	-999.9
Bobo-Dioulasso	1999	9	22	265	21.8	28.8	19.4	-999.9	11.7	1.4	96773.7	-999.9
Bobo-Dioulasso	1999	9	23	266	21.4	28.5	20.4	-999.9	0.0	1.4	96824.4	-999.9
Bobo-Dioulasso	1999	9	24	267	20.6	30.1	22.1	-999.9	0.0	1.3	96824.7	-999.9
Bobo-Dioulasso	1999	9	25	268	23.0	30.3	23.0	-999.9	0.0	2.0	96621.5	-999.9
Bobo-Dioulasso	1999	9	26	269	22.0	28.6	18.6	-999.9	23.3	2.2	96563.0	-999.9
Bobo-Dioulasso	1999	9	27	270	21.5	24.5	7.5	-999.9	0.0	1.4	96673.0	-999.9
Bobo-Dioulasso	1999	9	28	271	20.6	28.3	19.3	-999.9	0.0	1.3	96741.1	-999.9
Bobo-Dioulasso	1999	9	29	272	20.6	29.1	21.1	-999.9	0.0	1.0	96817.3	-999.9
Bobo-Dioulasso	1999	9	30	273	21.6	28.5	20.0	-999.9	0.0	1.5	96760.7	-999.9
Bobo-Dioulasso	1999	10	1	274	22.4	29.9	21.8	-999.9	0.0	1.9	96594.2	-999.9
Bobo-Dioulasso	1999	10	2	275	22.4	29.7	22.1	-999.9	6.1	1.7	96581.6	-999.9
Bobo-Dioulasso	1999	10	3	276	21.3	28.6	20.6	-999.9	6.1	1.9	96730.7	-999.9
Bobo-Dioulasso	1999	10	4	277	21.5	27.6	17.6	-999.9	6.1	1.7	96807.2	-999.9
Bobo-Dioulasso	1999	10	5	278	21.2	29.4	22.0	-999.9	0.0	1.7	96745.8	-999.9
Bobo-Dioulasso	1999	10	6	279	21.7	29.8	22.1	-999.9	0.0	1.5	96672.5	-999.9
Bobo-Dioulasso	1999	10	7	280	21.8	26.7	14.0	-999.9	39.1	2.0	96811.2	-999.9
Bobo-Dioulasso	1999	10	8	281	21.3	28.0	16.5	-999.9	0.0	1.5	96882.7	-999.9
Bobo-Dioulasso	1999	10	9	282	20.4	29.6	22.6	-999.9	0.0	1.5	96877.0	-999.9
Bobo-Dioulasso	1999	10	10	283	21.9	29.5	21.4	-999.9	0.0	1.5	96880.1	-999.9
Bobo-Dioulasso	1999	10	11	284	22.5	29.4	20.7	-999.9	0.0	1.7	96878.4	-999.9
Bobo-Dioulasso	1999	10	12	285	21.8	30.2	22.2	-999.9	0.0	1.3	96789.6	-999.9
Bobo-Dioulasso	1999	10	13	286	21.6	29.8	22.3	-999.9	0.0	1.3	96723.4	-999.9
Bobo-Dioulasso	1999	10	14	287	22.6	30.3	22.1	-999.9	0.0	1.6	96762.8	-999.9
Bobo-Dioulasso	1999	10	15	288	21.7	28.7	19.5	-999.9	11.2	1.3	96744.1	-999.9
Bobo-Dioulasso	1999	10	16	289	21.1	25.4	11.1	-999.9	9.3	1.8	96736.1	-999.9
Bobo-Dioulasso	1999	10	17	290	20.4	28.6	21.1	-999.9	0.0	1.3	96769.0	-999.9
Bobo-Dioulasso	1999	10	18	291	21.3	29.5	21.3	-999.9	0.0	1.1	96798.2	-999.9
Bobo-Dioulasso	1999	10	19	292	22.0	29.8	21.5	-999.9	0.0	1.5	96885.8	-999.9
Bobo-Dioulasso	1999	10	20	293	22.7	29.5	21.5	-999.9	0.0	1.5	96889.6	-999.9
Bobo-Dioulasso	1999	10	21	294	21.9	30.0	21.3	-999.9	0.0	1.4	96818.5	-999.9
Bobo-Dioulasso	1999	10	22	295	21.8	31.2	21.5	-999.9	0.0	1.2	96782.9	-999.9
Bobo-Dioulasso	1999	10	23	296	22.2	30.8	22.8	-999.9	0.0	1.8	96820.3	-999.9
Bobo-Dioulasso	1999	10	24	297	23.0	30.3	21.4	-999.9	0.0	1.9	96744.4	-999.9
Bobo-Dioulasso	1999	10	25	298	22.8	30.5	21.0	-999.9	0.0	1.8	96655.1	-999.9
Bobo-Dioulasso	1999	10	26	299	22.4	29.3	19.4	-999.9	0.0	2.0	96743.2	-999.9
Bobo-Dioulasso	1999	10	27	300	22.5	30.0	19.8	-999.9	0.0	1.4	96821.5	-999.9
Bobo-Dioulasso	1999	10	28	301	23.1	31.8	21.6	-999.9	0.0	1.9	96639.7	-999.9
Bobo-Dioulasso	1999	10	29	302	21.8	31.4	21.3	-999.9	0.0	1.7	96528.4	-999.9
Bobo-Dioulasso	1999	10	30	303	23.2	29.9	17.2	-999.9	0.0	1.5	96679.7	-999.9
Bobo-Dioulasso	1999	10	31	304	21.6	30.1	19.8	-999.9	0.0	1.3	96734.2	-999.9
Bobo-Dioulasso	1999	11	1	305	21.1	30.2	20.2	-999.9	0.0	1.3	96731.8	-999.9
Bobo-Dioulasso	1999	11	2	306	20.6	31.8	21.6	-999.9	0.0	1.3	96733.0	-999.9
Bobo-Dioulasso	1999	11	3	307	20.5	31.5	21.2	-999.9	0.0	1.4	96773.4	-999.9
Bobo-Dioulasso	1999	11	4	308	22.7	31.0	20.3	-999.9	0.0	1.6	96771.4	-999.9
Bobo-Dioulasso	1999	11	5	309	22.4	31.9	20.2	-999.9	0.0	1.4	96699.4	-999.9
Bobo-Dioulasso	1999	11	6	310	22.3	32.1	19.5	-999.9	0.0	1.7	96743.4	-999.9
Bobo-Dioulasso	1999	11	7	311	18.9	32.5	22.5	-999.9	0.0	2.0	96690.9	-999.9
Bobo-Dioulasso	1999	11	8	312	19.1	32.6	22.4	-999.9	0.0	1.9	96651.4	-999.9
Bobo-Dioulasso	1999	11	9	313	18.8	32.2	22.3	-999.9	0.0	1.7	96630.0	-999.9
Bobo-Dioulasso	1999	11	10	314	20.8	30.6	19.0	-999.9	0.0	0.9	96705.2	-999.9
Bobo-Dioulasso	1999	11	11	315	21.1	31.3	19.4	-999.9	0.0	1.5	96794.6	-999.9
Bobo-Dioulasso	1999	11	12	316	21.9	32.6	20.8	-999.9	0.0	1.3	96794.0	-999.9
Bobo-Dioulasso	1999	11	13	317	21.1	32.9	21.2	-999.9	0.0	1.8	96717.4	-999.9
Bobo-Dioulasso	1999	11	14	318	21.3	32.6	20.7	-999.9	0.0	1.3	96592.9	-999.9
Bobo-Dioulasso	1999	11	15	319	21.6	32.3	19.0	-999.9	0.0	1.3	96564.3	-999.9
Bobo-Dioulasso	1999	11	16	320	21.2	31.9	20.0	-999.9	0.0	2.1	96637.0	-999.9
Bobo-Dioulasso	1999	11	17	321	21.7	32.2	20.4	-999.9	0.0	2.0	96764.5	-999.9
Bobo-Dioulasso	1999	11	18	322	23.2	31.9	17.7	-999.9	3.9	1.6	96731.3	-999.9
Bobo-Dioulasso	1999	11	19	323	23.2	31.8	19.3	-999.9	0.0	1.8	96634.3	-999.9
Bobo-Dioulasso	1999	11	20	324	23.2	32.3	20.7	-999.9	0.0	1.7	96534.5	-999.9
Bobo-Dioulasso	1999	11	21	325	22.7	33.0	20.6	-999.9	0.0	1.8	96536.8	-999.9
Bobo-Dioulasso	1999	11	22	326	22.5	32.7	19.9	-999.9	0.0	1.9	96583.9	-999.9
Bobo-Dioulasso	1999	11	23	327	19.1	32.6	21.8	-999.9	0.0	2.3	96514.3	-999.9
Bobo-Dioulasso	1999	11	24	328	17.6	32.9	21.7	-999.9	0.0	1.9	96512.5	-999.9
Bobo-Dioulasso	1999	11	25	329	18.1	32.6	21.2	-999.9	0.0	1.3	96552.1	-999.9
Bobo-Dioulasso	1999	11	26	330	19.9	33.0	20.2	-999.9	0.0	1.5	96574.3	-999.9
Bobo-Dioulasso	1999	11	27	331	20.4	32.9	21.0	-999.9	0.0	1.3	96587.4	-999.9
Bobo-Dioulasso	1999	11	28	332	21.8	32.0	18.9	-999.9	0.0	1.8	96759.1	-999.9
Bobo-Dioulasso	1999	11	29	333	22.6	32.4	19.1	-999.9	0.0	1.8	96791.2	-999.9
Bobo-Dioulasso	1999	11	30	334	19.4	32.9	21.1	-999.9	0.0	2.1	96698.1	-999.9
Bobo-Dioulasso	1999	12	1	335	18.7	32.5	21.0	-999.9	0.0	2.1	96679.6	-999.9
Bobo-Dioulasso	1999	12	2	336	18.7	32.7	21.0	-999.9	0.0	2.3	96693.5	-999.9
Bobo-Dioulasso	1999	12	3	337	19.4	33.1	21.1	-999.9	0.0	2.3	96699.7	-999.9
Bobo-Dioulasso	1999	12	4	338	18.1	31.9	21.1	-999.9	0.0	1.8	96736.8	-999.9
Bobo-Dioulasso	1999	12	5	339	17.0	32.1	20.9	-999.9	0.0	2.0	96776.0	-999.9
Bobo-Dioulasso	1999	12	6	340	17.2	31.9	21.1	-999.9	0.0	2.0	96764.7	-999.9
Bobo-Dioulasso	1999	12	7	341	17.5	32.2	20.9	-999.9	0.0	2.0	96802.0	-999.9
Bobo-Dioulasso	1999	12	8	342	18.0	32.5	20.9	-999.9	0.0	2.1	96886.6	-999.9
Bobo-Dioulasso	1999	12	9	343	17.8	32.1	21.0	-999.9	0.0	2.1	96857.9	-999.9
Bobo-Dioulasso	1999	12	10	344	17.8	32.0	20.8	-999.9	0.0	2.0	96780.7	-999.9
Bobo-Dioulasso	1999	12	11	345	17.3	32.0	20.9	-999.9	0.0	2.3	96833.5	-999.9
Bobo-Dioulasso	1999	12	12	346	18.6	32.0	20.9	-999.9	0.0	2.5	96869.7	-999.9
Bobo-Dioulasso	1999	12	13	347	17.9	31.6	21.1	-999.9	0.0	2.6	96922.8	-999.9
Bobo-Dioulasso	1999	12	14	348	17.5	31.8	21.0	-999.9	0.0	2.4	96844.0	-999.9
Bobo-Dioulasso	1999	12	15	349	16.7	31.0	20.9	-999.9	0.0	2.1	96720.5	-999.9
Bobo-Dioulasso	1999	12	16	350	16.6	31.3	20.7	-999.9	0.0	1.8	96590.3	-999.9
Bobo-Dioulasso	1999	12	17	351	17.1	31.9	20.6	-999.9	0.0	1.7	96608.1	-999.9
Bobo-Dioulasso	1999	12	18	352	17.8	32.2	20.5	-999.9	0.0	2.3	96663.9	-999.9
Bobo-Dioulasso	1999	12	19	353	17.5	29.8	20.6	-999.9	0.0	2.9	96728.5	-999.9
Bobo-Dioulasso	1999	12	20	354	16.5	29.0	20.6	-999.9	0.0	2.6	96709.8	-999.9
Bobo-Dioulasso	1999	12	21	355	16.5	29.7	20.6	-999.9	0.0	2.4	96699.3	-999.9
Bobo-Dioulasso	1999	12	22	356	16.8	31.6	20.7	-999.9	0.0	2.1	96705.0	-999.9
Bobo-Dioulasso	1999	12	23	357	17.2	32.3	20.1	-999.9	0.0	2.1	96636.4	-999.9
Bobo-Dioulasso	1999	12	24	358	17.8	32.7	20.6	-999.9	0.0	1.9	96630.0	-999.9
Bobo-Dioulasso	1999	12	25	359	17.2	32.2	20.7	-999.9	0.0	2.3	96702.7	-999.9
Bobo-Dioulasso	1999	12	26	360	19.1	31.6	19.3	-999.9	0.0	2.7	96818.8	-999.9
Bobo-Dioulasso	1999	12	27	361	19.4	31.4	19.3	-999.9	0.0	2.5	96910.2	-999.9
Bobo-Dioulasso	1999	12	28	362	17.9	31.4	20.6	-999.9	0.0	2.0	96831.1	-999.9
Bobo-Dioulasso	1999	12	29	363	17.2	31.4	20.7	-999.9	0.0	1.8	96690.7	-999.9
Bobo-Dioulasso	1999	12	30	364	16.0	31.9	20.6	-999.9	0.0	1.7	96491.4	-999.9
Bobo-Dioulasso	1999	12	31	365	16.8	32.6	20.6	-999.9	0.0	1.9	96342.9	-999.9
