Bobo-Dioulasso	2009	1	1	1	19.1	33.2	20.9	-999.9	0.0	2.5	96752.7	-999.9
Bobo-Dioulasso	2009	1	2	2	18.3	32.9	20.8	-999.9	0.3	2.2	96771.6	-999.9
Bobo-Dioulasso	2009	1	3	3	19.0	32.5	20.8	-999.9	0.0	2.4	96821.4	-999.9
Bobo-Dioulasso	2009	1	4	4	18.3	32.6	20.6	-999.9	0.0	2.0	96757.9	-999.9
Bobo-Dioulasso	2009	1	5	5	20.6	32.9	19.5	-999.9	0.0	2.0	96737.6	-999.9
Bobo-Dioulasso	2009	1	6	6	18.9	33.4	20.6	-999.9	0.0	1.9	96598.0	-999.9
Bobo-Dioulasso	2009	1	7	7	19.9	33.1	20.1	-999.9	0.0	2.3	96498.9	-999.9
Bobo-Dioulasso	2009	1	8	8	19.1	32.6	20.7	-999.9	0.0	2.2	96571.5	-999.9
Bobo-Dioulasso	2009	1	9	9	19.0	32.7	20.8	-999.9	0.0	2.4	96784.9	-999.9
Bobo-Dioulasso	2009	1	10	10	18.3	32.9	20.5	-999.9	0.0	1.8	96862.7	-999.9
Bobo-Dioulasso	2009	1	11	11	19.9	32.9	20.1	-999.9	0.0	2.2	96722.7	-999.9
Bobo-Dioulasso	2009	1	12	12	20.3	31.8	20.3	-999.9	0.0	2.4	96706.2	-999.9
Bobo-Dioulasso	2009	1	13	13	19.5	30.6	20.0	-999.9	0.0	2.7	96812.1	-999.9
Bobo-Dioulasso	2009	1	14	14	18.1	31.4	20.9	-999.9	0.0	2.6	96814.0	-999.9
Bobo-Dioulasso	2009	1	15	15	19.1	32.8	20.6	-999.9	0.0	2.3	96749.3	-999.9
Bobo-Dioulasso	2009	1	16	16	19.2	33.9	20.5	-999.9	0.3	2.1	96611.4	-999.9
Bobo-Dioulasso	2009	1	17	17	20.1	32.7	20.7	-999.9	0.0	2.7	96707.4	-999.9
Bobo-Dioulasso	2009	1	18	18	18.6	30.7	20.7	-999.9	0.0	3.0	96864.8	-999.9
Bobo-Dioulasso	2009	1	19	19	18.0	29.0	20.8	-999.9	0.0	2.9	96972.6	-999.9
Bobo-Dioulasso	2009	1	20	20	16.8	26.8	20.5	-999.9	0.0	2.5	96935.1	-999.9
Bobo-Dioulasso	2009	1	21	21	15.9	28.3	20.9	-999.9	0.3	2.5	96905.2	-999.9
Bobo-Dioulasso	2009	1	22	22	15.9	28.7	21.6	-999.9	0.0	3.4	96993.6	-999.9
Bobo-Dioulasso	2009	1	23	23	15.3	27.9	21.7	-999.9	0.0	3.0	97066.0	-999.9
Bobo-Dioulasso	2009	1	24	24	15.3	28.8	21.6	-999.9	0.0	2.4	96955.0	-999.9
Bobo-Dioulasso	2009	1	25	25	16.6	31.0	21.5	-999.9	0.0	1.9	96801.5	-999.9
Bobo-Dioulasso	2009	1	26	26	18.4	32.3	20.8	-999.9	0.0	2.0	96791.6	-999.9
Bobo-Dioulasso	2009	1	27	27	18.1	33.6	21.7	-999.9	0.0	2.1	96773.9	-999.9
Bobo-Dioulasso	2009	1	28	28	19.6	33.9	21.9	-999.9	0.0	2.3	96707.1	-999.9
Bobo-Dioulasso	2009	1	29	29	18.7	34.8	21.9	-999.9	0.0	2.1	96676.5	-999.9
Bobo-Dioulasso	2009	1	30	30	20.2	35.4	22.1	-999.9	0.0	2.4	96649.2	-999.9
Bobo-Dioulasso	2009	1	31	31	19.9	35.5	22.1	-999.9	0.0	2.1	96562.8	-999.9
Bobo-Dioulasso	2009	2	1	32	19.2	36.0	22.2	-999.9	0.0	2.1	96501.6	-999.9
Bobo-Dioulasso	2009	2	2	33	19.4	35.5	21.3	-999.9	0.0	1.3	96565.5	-999.9
Bobo-Dioulasso	2009	2	3	34	23.6	35.7	20.4	-999.9	0.0	1.8	96627.3	-999.9
Bobo-Dioulasso	2009	2	4	35	24.1	35.6	18.4	-999.9	0.0	1.6	96579.5	-999.9
Bobo-Dioulasso	2009	2	5	36	23.5	36.5	21.5	-999.9	0.0	1.7	96614.7	-999.9
Bobo-Dioulasso	2009	2	6	37	23.6	36.7	20.9	-999.9	0.0	1.6	96594.9	-999.9
Bobo-Dioulasso	2009	2	7	38	23.3	36.9	21.6	-999.9	0.0	2.2	96532.9	-999.9
Bobo-Dioulasso	2009	2	8	39	21.1	34.3	22.5	-999.9	0.0	2.6	96690.0	-999.9
Bobo-Dioulasso	2009	2	9	40	21.5	35.1	22.6	-999.9	0.0	2.7	96750.6	-999.9
Bobo-Dioulasso	2009	2	10	41	20.6	35.7	23.0	-999.9	0.0	2.2	96732.1	-999.9
Bobo-Dioulasso	2009	2	11	42	20.4	36.4	22.9	-999.9	0.0	2.1	96589.9	-999.9
Bobo-Dioulasso	2009	2	12	43	20.4	36.3	22.8	-999.9	0.0	1.8	96424.6	-999.9
Bobo-Dioulasso	2009	2	13	44	20.6	36.5	22.9	-999.9	0.0	1.7	96308.2	-999.9
Bobo-Dioulasso	2009	2	14	45	20.8	36.3	23.0	-999.9	0.0	1.5	96326.7	-999.9
Bobo-Dioulasso	2009	2	15	46	21.3	36.3	22.8	-999.9	0.0	1.4	96286.8	-999.9
Bobo-Dioulasso	2009	2	16	47	22.1	35.5	19.6	-999.9	0.0	2.4	96277.8	-999.9
Bobo-Dioulasso	2009	2	17	48	25.3	31.3	12.7	-999.9	0.0	2.1	96514.6	-999.9
Bobo-Dioulasso	2009	2	18	49	24.5	32.1	13.5	-999.9	0.0	1.8	96507.8	-999.9
Bobo-Dioulasso	2009	2	19	50	23.2	32.0	14.1	-999.9	2.7	2.0	96563.9	-999.9
Bobo-Dioulasso	2009	2	20	51	22.3	35.3	22.8	-999.9	0.0	3.1	96579.8	-999.9
Bobo-Dioulasso	2009	2	21	52	24.2	37.1	23.1	-999.9	0.0	2.9	96503.7	-999.9
Bobo-Dioulasso	2009	2	22	53	23.6	37.7	23.4	-999.9	0.0	2.6	96478.8	-999.9
Bobo-Dioulasso	2009	2	23	54	24.2	37.1	23.7	-999.9	0.0	2.8	96301.2	-999.9
Bobo-Dioulasso	2009	2	24	55	23.3	36.7	23.8	-999.9	0.0	2.2	96269.5	-999.9
Bobo-Dioulasso	2009	2	25	56	22.1	36.9	22.9	-999.9	0.0	2.0	96324.8	-999.9
Bobo-Dioulasso	2009	2	26	57	23.9	36.9	22.2	-999.9	0.0	2.1	96377.8	-999.9
Bobo-Dioulasso	2009	2	27	58	25.9	37.3	22.2	-999.9	0.0	2.1	96367.4	-999.9
Bobo-Dioulasso	2009	2	28	59	26.7	36.9	21.3	-999.9	0.0	2.2	96455.7	-999.9
Bobo-Dioulasso	2009	3	1	60	25.3	37.7	21.9	-999.9	2.4	1.5	96524.1	-999.9
Bobo-Dioulasso	2009	3	2	61	23.7	37.6	23.7	-999.9	0.0	1.9	96570.4	-999.9
Bobo-Dioulasso	2009	3	3	62	24.5	38.0	23.5	-999.9	0.0	1.8	96469.3	-999.9
Bobo-Dioulasso	2009	3	4	63	24.9	37.7	21.7	-999.9	0.0	1.6	96452.6	-999.9
Bobo-Dioulasso	2009	3	5	64	24.4	37.9	24.5	-999.9	0.0	2.2	96442.5	-999.9
Bobo-Dioulasso	2009	3	6	65	22.1	37.7	24.8	-999.9	0.0	1.8	96446.8	-999.9
Bobo-Dioulasso	2009	3	7	66	22.1	37.2	25.0	-999.9	0.0	2.0	96433.6	-999.9
Bobo-Dioulasso	2009	3	8	67	21.4	36.8	24.9	-999.9	0.0	1.7	96443.6	-999.9
Bobo-Dioulasso	2009	3	9	68	21.1	37.9	24.7	-999.9	0.0	1.8	96371.5	-999.9
Bobo-Dioulasso	2009	3	10	69	23.5	37.1	22.5	-999.9	0.0	2.5	96330.8	-999.9
Bobo-Dioulasso	2009	3	11	70	25.5	37.0	22.1	-999.9	3.4	2.2	96386.8	-999.9
Bobo-Dioulasso	2009	3	12	71	24.5	36.3	20.8	-999.9	0.0	1.9	96395.5	-999.9
Bobo-Dioulasso	2009	3	13	72	24.4	35.4	22.4	-999.9	0.0	1.7	96459.9	-999.9
Bobo-Dioulasso	2009	3	14	73	24.5	36.7	23.7	-999.9	0.0	1.8	96519.7	-999.9
Bobo-Dioulasso	2009	3	15	74	24.4	38.2	24.0	-999.9	0.0	1.6	96497.5	-999.9
Bobo-Dioulasso	2009	3	16	75	26.4	37.2	22.2	-999.9	0.0	2.6	96375.2	-999.9
Bobo-Dioulasso	2009	3	17	76	26.2	37.0	21.7	-999.9	5.9	2.0	96354.7	-999.9
Bobo-Dioulasso	2009	3	18	77	25.1	34.5	19.7	-999.9	0.0	2.8	96473.4	-999.9
Bobo-Dioulasso	2009	3	19	78	24.7	34.6	22.4	-999.9	0.0	1.9	96516.9	-999.9
Bobo-Dioulasso	2009	3	20	79	23.1	34.2	21.7	-999.9	0.0	2.1	96717.7	-999.9
Bobo-Dioulasso	2009	3	21	80	23.5	35.6	21.9	-999.9	0.0	1.5	96562.1	-999.9
Bobo-Dioulasso	2009	3	22	81	23.2	38.5	25.3	-999.9	0.0	1.9	96379.6	-999.9
Bobo-Dioulasso	2009	3	23	82	25.2	36.9	23.4	-999.9	0.0	2.5	96361.9	-999.9
Bobo-Dioulasso	2009	3	24	83	26.0	38.4	24.4	-999.9	0.0	2.3	96229.0	-999.9
Bobo-Dioulasso	2009	3	25	84	27.1	38.4	22.9	-999.9	0.0	2.0	96176.2	-999.9
Bobo-Dioulasso	2009	3	26	85	26.3	37.7	21.4	-999.9	6.4	2.5	96289.5	-999.9
Bobo-Dioulasso	2009	3	27	86	26.5	37.4	21.2	-999.9	0.0	1.8	96288.5	-999.9
Bobo-Dioulasso	2009	3	28	87	26.0	37.9	24.0	-999.9	0.0	2.3	96194.6	-999.9
Bobo-Dioulasso	2009	3	29	88	26.3	38.2	24.9	-999.9	0.0	2.6	96268.7	-999.9
Bobo-Dioulasso	2009	3	30	89	27.1	36.9	20.2	-999.9	0.0	2.4	96329.3	-999.9
Bobo-Dioulasso	2009	3	31	90	28.0	38.4	22.9	-999.9	0.0	2.0	96227.5	-999.9
Bobo-Dioulasso	2009	4	1	91	27.2	37.3	22.3	-999.9	0.0	2.6	96307.6	-999.9
Bobo-Dioulasso	2009	4	2	92	25.2	36.4	22.5	-999.9	4.3	1.8	96435.1	-999.9
Bobo-Dioulasso	2009	4	3	93	26.3	37.8	24.8	-999.9	0.0	1.7	96398.5	-999.9
Bobo-Dioulasso	2009	4	4	94	23.8	37.9	25.2	-999.9	0.0	1.9	96422.5	-999.9
Bobo-Dioulasso	2009	4	5	95	24.9	37.3	24.3	-999.9	0.0	1.7	96506.2	-999.9
Bobo-Dioulasso	2009	4	6	96	26.1	37.9	24.5	-999.9	0.0	1.6	96510.8	-999.9
Bobo-Dioulasso	2009	4	7	97	25.4	38.3	25.6	-999.9	0.0	1.8	96524.9	-999.9
Bobo-Dioulasso	2009	4	8	98	25.9	37.9	25.4	-999.9	0.0	2.1	96560.9	-999.9
Bobo-Dioulasso	2009	4	9	99	26.2	37.9	24.8	-999.9	0.0	1.8	96444.3	-999.9
Bobo-Dioulasso	2009	4	10	100	27.3	37.7	22.0	-999.9	0.0	2.5	96378.9	-999.9
Bobo-Dioulasso	2009	4	11	101	28.6	34.5	20.2	-999.9	2.7	2.9	96443.4	-999.9
Bobo-Dioulasso	2009	4	12	102	27.2	37.4	23.1	-999.9	0.0	1.7	96438.1	-999.9
Bobo-Dioulasso	2009	4	13	103	25.8	37.6	23.9	-999.9	0.0	2.6	96527.7	-999.9
Bobo-Dioulasso	2009	4	14	104	24.5	34.9	19.2	-999.9	2.7	2.5	96711.8	-999.9
Bobo-Dioulasso	2009	4	15	105	25.6	37.0	22.5	-999.9	0.0	2.2	96723.5	-999.9
Bobo-Dioulasso	2009	4	16	106	24.1	35.3	22.4	-999.9	3.9	1.4	96792.7	-999.9
Bobo-Dioulasso	2009	4	17	107	25.5	36.8	23.3	-999.9	0.0	2.0	96629.4	-999.9
Bobo-Dioulasso	2009	4	18	108	26.2	37.6	24.9	-999.9	0.0	2.0	96468.8	-999.9
Bobo-Dioulasso	2009	4	19	109	25.6	37.2	25.0	-999.9	0.0	2.3	96534.9	-999.9
Bobo-Dioulasso	2009	4	20	110	27.4	37.9	24.0	-999.9	0.0	2.1	96613.5	-999.9
Bobo-Dioulasso	2009	4	21	111	27.2	35.3	18.6	-999.9	0.0	2.2	96580.1	-999.9
Bobo-Dioulasso	2009	4	22	112	26.6	37.2	22.8	-999.9	0.0	1.6	96366.1	-999.9
Bobo-Dioulasso	2009	4	23	113	25.9	39.0	26.0	-999.9	0.0	2.3	96298.1	-999.9
Bobo-Dioulasso	2009	4	24	114	23.2	38.7	26.6	-999.9	0.0	2.2	96435.5	-999.9
Bobo-Dioulasso	2009	4	25	115	24.9	37.4	25.2	-999.9	0.0	2.0	96483.5	-999.9
Bobo-Dioulasso	2009	4	26	116	25.2	37.9	25.7	-999.9	0.0	1.9	96497.3	-999.9
Bobo-Dioulasso	2009	4	27	117	28.0	37.4	22.3	-999.9	0.9	2.6	96528.7	-999.9
Bobo-Dioulasso	2009	4	28	118	26.4	37.1	23.5	-999.9	0.0	2.4	96566.5	-999.9
Bobo-Dioulasso	2009	4	29	119	27.9	37.3	23.0	-999.9	0.9	2.4	96631.7	-999.9
Bobo-Dioulasso	2009	4	30	120	26.3	36.2	22.7	-999.9	0.9	2.0	96594.4	-999.9
Bobo-Dioulasso	2009	5	1	121	24.9	38.4	24.1	-999.9	0.0	2.6	96394.9	-999.9
Bobo-Dioulasso	2009	5	2	122	26.2	38.1	24.8	-999.9	0.0	2.4	96292.5	-999.9
Bobo-Dioulasso	2009	5	3	123	27.3	37.4	23.6	-999.9	2.0	2.8	96384.9	-999.9
Bobo-Dioulasso	2009	5	4	124	26.3	37.0	24.2	-999.9	2.0	2.4	96455.4	-999.9
Bobo-Dioulasso	2009	5	5	125	26.1	35.1	22.6	-999.9	0.0	2.6	96557.3	-999.9
Bobo-Dioulasso	2009	5	6	126	26.2	34.9	23.1	-999.9	0.0	2.5	96564.8	-999.9
Bobo-Dioulasso	2009	5	7	127	25.3	35.1	24.0	-999.9	2.8	2.3	96560.8	-999.9
Bobo-Dioulasso	2009	5	8	128	24.4	32.1	18.7	-999.9	0.0	2.1	96611.8	-999.9
Bobo-Dioulasso	2009	5	9	129	25.3	35.0	24.1	-999.9	0.0	2.2	96531.7	-999.9
Bobo-Dioulasso	2009	5	10	130	24.4	33.4	22.4	-999.9	8.5	2.1	96589.3	-999.9
Bobo-Dioulasso	2009	5	11	131	23.2	32.2	19.0	-999.9	6.1	2.3	96632.9	-999.9
Bobo-Dioulasso	2009	5	12	132	24.2	33.4	24.0	-999.9	0.0	2.0	96663.1	-999.9
Bobo-Dioulasso	2009	5	13	133	24.9	34.4	24.0	-999.9	9.2	1.3	96640.9	-999.9
Bobo-Dioulasso	2009	5	14	134	24.1	33.5	23.5	-999.9	0.0	1.2	96644.5	-999.9
Bobo-Dioulasso	2009	5	15	135	25.2	34.5	23.6	-999.9	3.1	2.2	96500.6	-999.9
Bobo-Dioulasso	2009	5	16	136	25.0	33.5	22.1	-999.9	2.7	2.0	96534.3	-999.9
Bobo-Dioulasso	2009	5	17	137	25.3	34.7	24.0	-999.9	5.4	1.5	96588.1	-999.9
Bobo-Dioulasso	2009	5	18	138	24.7	33.9	21.8	-999.9	2.7	1.9	96588.7	-999.9
Bobo-Dioulasso	2009	5	19	139	26.0	35.7	24.4	-999.9	0.0	2.3	96580.7	-999.9
Bobo-Dioulasso	2009	5	20	140	24.4	35.8	24.2	-999.9	5.4	2.4	96625.3	-999.9
Bobo-Dioulasso	2009	5	21	141	25.4	37.3	25.1	-999.9	2.1	2.1	96526.5	-999.9
Bobo-Dioulasso	2009	5	22	142	26.5	37.4	25.1	-999.9	4.2	2.8	96529.8	-999.9
Bobo-Dioulasso	2009	5	23	143	26.5	36.0	24.5	-999.9	0.0	2.4	96692.0	-999.9
Bobo-Dioulasso	2009	5	24	144	23.4	33.2	18.1	-999.9	2.1	1.8	96695.1	-999.9
Bobo-Dioulasso	2009	5	25	145	24.7	36.0	23.8	-999.9	0.0	2.1	96553.6	-999.9
Bobo-Dioulasso	2009	5	26	146	24.7	35.0	21.7	-999.9	2.5	2.3	96563.0	-999.9
Bobo-Dioulasso	2009	5	27	147	25.7	35.6	23.5	-999.9	0.0	2.3	96510.0	-999.9
Bobo-Dioulasso	2009	5	28	148	23.5	34.4	22.0	-999.9	2.5	2.4	96577.3	-999.9
Bobo-Dioulasso	2009	5	29	149	24.6	35.1	25.4	-999.9	0.0	2.1	96543.2	-999.9
Bobo-Dioulasso	2009	5	30	150	25.1	35.9	24.4	-999.9	0.0	2.5	96557.2	-999.9
Bobo-Dioulasso	2009	5	31	151	24.4	35.7	24.5	-999.9	0.0	2.4	96684.3	-999.9
Bobo-Dioulasso	2009	6	1	152	25.8	36.6	24.7	-999.9	0.0	2.1	96655.0	-999.9
Bobo-Dioulasso	2009	6	2	153	26.9	37.2	24.4	-999.9	0.0	2.7	96587.1	-999.9
Bobo-Dioulasso	2009	6	3	154	27.3	37.8	25.0	-999.9	3.0	2.9	96597.6	-999.9
Bobo-Dioulasso	2009	6	4	155	25.8	35.0	23.0	-999.9	11.9	2.7	96745.7	-999.9
Bobo-Dioulasso	2009	6	5	156	25.5	35.0	24.4	-999.9	0.0	2.5	96807.2	-999.9
Bobo-Dioulasso	2009	6	6	157	24.4	33.6	22.9	-999.9	0.0	1.6	96811.1	-999.9
Bobo-Dioulasso	2009	6	7	158	24.1	33.1	24.5	-999.9	0.0	1.6	96797.4	-999.9
Bobo-Dioulasso	2009	6	8	159	24.7	33.0	19.2	-999.9	20.4	1.3	96683.9	-999.9
Bobo-Dioulasso	2009	6	9	160	25.6	34.9	24.3	-999.9	0.0	2.7	96553.3	-999.9
Bobo-Dioulasso	2009	6	10	161	25.5	34.7	23.5	-999.9	10.2	3.2	96537.0	-999.9
Bobo-Dioulasso	2009	6	11	162	24.3	32.3	21.2	-999.9	14.4	2.2	96699.5	-999.9
Bobo-Dioulasso	2009	6	12	163	22.5	31.1	22.0	-999.9	0.0	1.9	96821.9	-999.9
Bobo-Dioulasso	2009	6	13	164	23.1	29.8	20.7	-999.9	0.0	1.5	96888.3	-999.9
Bobo-Dioulasso	2009	6	14	165	22.5	31.3	22.3	-999.9	4.8	1.4	96934.6	-999.9
Bobo-Dioulasso	2009	6	15	166	24.2	32.0	22.7	-999.9	0.0	1.8	96766.2	-999.9
Bobo-Dioulasso	2009	6	16	167	23.6	31.4	22.7	-999.9	10.7	2.5	96751.0	-999.9
Bobo-Dioulasso	2009	6	17	168	23.0	31.0	22.4	-999.9	5.4	1.9	96792.0	-999.9
Bobo-Dioulasso	2009	6	18	169	23.2	32.5	24.5	-999.9	0.0	1.3	96781.9	-999.9
Bobo-Dioulasso	2009	6	19	170	23.4	32.5	22.3	-999.9	0.0	2.5	96672.0	-999.9
Bobo-Dioulasso	2009	6	20	171	24.2	29.7	15.7	-999.9	5.4	2.8	96724.0	-999.9
Bobo-Dioulasso	2009	6	21	172	23.1	31.4	22.6	-999.9	18.3	2.0	96879.5	-999.9
Bobo-Dioulasso	2009	6	22	173	22.5	29.0	19.9	-999.9	0.0	1.4	96923.2	-999.9
Bobo-Dioulasso	2009	6	23	174	22.5	31.9	23.2	-999.9	0.0	1.1	96854.8	-999.9
Bobo-Dioulasso	2009	6	24	175	24.6	32.4	23.5	-999.9	0.0	2.0	96697.7	-999.9
Bobo-Dioulasso	2009	6	25	176	24.0	30.9	14.9	-999.9	0.0	2.6	96817.8	-999.9
Bobo-Dioulasso	2009	6	26	177	24.4	33.3	23.7	-999.9	23.7	2.2	96863.6	-999.9
Bobo-Dioulasso	2009	6	27	178	23.3	29.8	14.3	-999.9	0.0	2.3	96919.5	-999.9
Bobo-Dioulasso	2009	6	28	179	22.5	31.7	22.1	-999.9	0.0	2.2	96920.6	-999.9
Bobo-Dioulasso	2009	6	29	180	22.5	30.5	21.4	-999.9	35.6	2.3	96850.5	-999.9
Bobo-Dioulasso	2009	6	30	181	22.8	30.2	21.4	-999.9	11.9	2.1	96853.3	-999.9
Bobo-Dioulasso	2009	7	1	182	22.6	30.3	21.5	-999.9	7.2	1.3	96957.1	-999.9
Bobo-Dioulasso	2009	7	2	183	22.2	29.8	22.6	-999.9	0.0	1.5	96955.9	-999.9
Bobo-Dioulasso	2009	7	3	184	22.4	31.1	24.4	-999.9	0.0	1.4	96901.7	-999.9
Bobo-Dioulasso	2009	7	4	185	24.0	32.2	23.9	-999.9	14.3	2.1	96821.7	-999.9
Bobo-Dioulasso	2009	7	5	186	23.1	32.4	21.9	-999.9	7.2	2.4	96723.2	-999.9
Bobo-Dioulasso	2009	7	6	187	23.6	32.3	23.0	-999.9	7.0	1.9	96649.0	-999.9
Bobo-Dioulasso	2009	7	7	188	23.7	32.7	23.8	-999.9	0.0	2.2	96661.6	-999.9
Bobo-Dioulasso	2009	7	8	189	23.2	31.0	20.5	-999.9	7.0	2.0	96779.5	-999.9
Bobo-Dioulasso	2009	7	9	190	23.1	31.0	20.0	-999.9	7.0	2.0	96835.0	-999.9
Bobo-Dioulasso	2009	7	10	191	23.0	28.5	11.8	-999.9	14.0	2.0	96757.3	-999.9
Bobo-Dioulasso	2009	7	11	192	22.3	29.3	17.4	-999.9	0.0	2.7	96859.4	-999.9
Bobo-Dioulasso	2009	7	12	193	22.0	29.0	18.9	-999.9	0.0	2.6	97017.4	-999.9
Bobo-Dioulasso	2009	7	13	194	21.1	30.3	18.7	-999.9	0.0	1.6	97005.9	-999.9
Bobo-Dioulasso	2009	7	14	195	22.7	29.4	16.7	-999.9	21.1	1.8	96886.2	-999.9
Bobo-Dioulasso	2009	7	15	196	22.0	28.7	19.3	-999.9	0.0	2.2	97025.3	-999.9
Bobo-Dioulasso	2009	7	16	197	22.0	30.0	19.3	-999.9	0.0	1.7	97089.4	-999.9
Bobo-Dioulasso	2009	7	17	198	23.2	30.8	21.1	-999.9	12.1	2.3	96846.0	-999.9
Bobo-Dioulasso	2009	7	18	199	22.8	28.2	15.1	-999.9	12.1	2.8	96816.2	-999.9
Bobo-Dioulasso	2009	7	19	200	22.5	29.6	21.0	-999.9	0.0	2.2	96920.9	-999.9
Bobo-Dioulasso	2009	7	20	201	21.9	30.4	23.1	-999.9	0.0	1.4	97005.1	-999.9
Bobo-Dioulasso	2009	7	21	202	22.6	31.5	22.9	-999.9	15.1	1.6	96877.4	-999.9
Bobo-Dioulasso	2009	7	22	203	23.1	30.3	19.7	-999.9	0.0	1.7	96754.4	-999.9
Bobo-Dioulasso	2009	7	23	204	22.4	30.0	21.7	-999.9	0.0	2.3	96762.0	-999.9
Bobo-Dioulasso	2009	7	24	205	23.1	31.5	23.1	-999.9	7.6	2.0	96766.9	-999.9
Bobo-Dioulasso	2009	7	25	206	22.8	30.7	20.9	-999.9	30.2	1.7	96790.9	-999.9
Bobo-Dioulasso	2009	7	26	207	22.2	29.8	19.9	-999.9	0.0	2.0	96849.2	-999.9
Bobo-Dioulasso	2009	7	27	208	23.0	30.3	21.3	-999.9	10.1	2.0	96811.5	-999.9
Bobo-Dioulasso	2009	7	28	209	22.2	28.8	17.6	-999.9	15.1	1.7	96819.1	-999.9
Bobo-Dioulasso	2009	7	29	210	22.1	27.2	14.6	-999.9	15.1	2.0	96934.6	-999.9
Bobo-Dioulasso	2009	7	30	211	21.2	29.4	18.7	-999.9	0.0	1.6	96896.0	-999.9
Bobo-Dioulasso	2009	7	31	212	22.1	28.4	15.2	-999.9	20.1	1.8	96877.2	-999.9
Bobo-Dioulasso	2009	8	1	213	22.0	26.6	12.8	-999.9	0.0	1.8	96876.1	-999.9
Bobo-Dioulasso	2009	8	2	214	21.8	29.0	20.3	-999.9	0.0	2.2	96903.8	-999.9
Bobo-Dioulasso	2009	8	3	215	22.2	29.7	20.8	-999.9	23.4	1.6	96864.9	-999.9
Bobo-Dioulasso	2009	8	4	216	22.7	29.3	20.3	-999.9	23.4	1.6	96880.0	-999.9
Bobo-Dioulasso	2009	8	5	217	22.4	28.8	20.4	-999.9	0.0	1.5	96862.8	-999.9
Bobo-Dioulasso	2009	8	6	218	23.1	29.1	18.2	-999.9	9.5	1.9	96864.7	-999.9
Bobo-Dioulasso	2009	8	7	219	21.9	27.0	15.2	-999.9	0.0	2.1	96939.1	-999.9
Bobo-Dioulasso	2009	8	8	220	21.6	29.0	18.9	-999.9	0.0	1.8	96900.7	-999.9
Bobo-Dioulasso	2009	8	9	221	22.8	29.7	21.6	-999.9	19.0	1.5	96761.2	-999.9
Bobo-Dioulasso	2009	8	10	222	22.5	29.6	20.7	-999.9	9.5	1.4	96821.4	-999.9
Bobo-Dioulasso	2009	8	11	223	23.0	29.2	21.0	-999.9	0.0	1.4	96882.2	-999.9
Bobo-Dioulasso	2009	8	12	224	22.5	29.5	21.0	-999.9	13.6	1.8	96860.4	-999.9
Bobo-Dioulasso	2009	8	13	225	22.4	28.4	17.3	-999.9	0.0	2.0	96729.2	-999.9
Bobo-Dioulasso	2009	8	14	226	21.6	27.3	16.2	-999.9	40.9	1.4	96760.5	-999.9
Bobo-Dioulasso	2009	8	15	227	21.5	28.8	21.4	-999.9	0.0	1.8	96793.7	-999.9
Bobo-Dioulasso	2009	8	16	228	22.1	29.1	21.6	-999.9	5.4	1.8	96847.7	-999.9
Bobo-Dioulasso	2009	8	17	229	22.6	28.6	15.7	-999.9	0.0	1.7	96735.7	-999.9
Bobo-Dioulasso	2009	8	18	230	22.4	28.0	15.6	-999.9	10.9	1.7	96694.3	-999.9
Bobo-Dioulasso	2009	8	19	231	21.3	27.6	16.0	-999.9	0.0	2.4	96755.6	-999.9
Bobo-Dioulasso	2009	8	20	232	21.3	28.8	17.6	-999.9	0.0	1.8	96752.7	-999.9
Bobo-Dioulasso	2009	8	21	233	22.1	28.2	19.8	-999.9	8.7	1.7	96717.8	-999.9
Bobo-Dioulasso	2009	8	22	234	22.1	28.8	20.3	-999.9	0.0	1.9	96731.6	-999.9
Bobo-Dioulasso	2009	8	23	235	22.0	25.8	10.3	-999.9	8.7	1.1	96770.5	-999.9
Bobo-Dioulasso	2009	8	24	236	21.1	28.5	18.3	-999.9	0.0	2.1	96757.1	-999.9
Bobo-Dioulasso	2009	8	25	237	21.7	29.4	23.0	-999.9	0.0	1.8	96792.7	-999.9
Bobo-Dioulasso	2009	8	26	238	21.8	27.5	13.1	-999.9	24.6	1.2	96776.4	-999.9
Bobo-Dioulasso	2009	8	27	239	22.4	28.1	14.3	-999.9	0.0	1.4	96875.4	-999.9
Bobo-Dioulasso	2009	8	28	240	22.2	29.7	21.9	-999.9	0.0	1.9	96758.7	-999.9
Bobo-Dioulasso	2009	8	29	241	22.2	27.6	13.6	-999.9	16.4	2.0	96651.0	-999.9
Bobo-Dioulasso	2009	8	30	242	21.7	26.9	17.1	-999.9	0.0	2.4	96759.2	-999.9
Bobo-Dioulasso	2009	8	31	243	21.5	28.1	15.7	-999.9	0.0	2.3	96938.4	-999.9
Bobo-Dioulasso	2009	9	1	244	21.8	27.8	14.2	-999.9	11.3	2.2	96845.8	-999.9
Bobo-Dioulasso	2009	9	2	245	21.8	27.3	16.5	-999.9	0.0	2.7	96794.7	-999.9
Bobo-Dioulasso	2009	9	3	246	21.4	28.1	19.2	-999.9	0.0	2.0	96909.8	-999.9
Bobo-Dioulasso	2009	9	4	247	21.9	26.0	12.3	-999.9	11.3	1.2	96976.6	-999.9
Bobo-Dioulasso	2009	9	5	248	21.5	28.9	20.2	-999.9	0.0	1.6	96941.8	-999.9
Bobo-Dioulasso	2009	9	6	249	21.8	26.2	11.9	-999.9	31.1	1.4	96938.0	-999.9
Bobo-Dioulasso	2009	9	7	250	21.9	28.9	19.8	-999.9	0.0	1.9	96930.0	-999.9
Bobo-Dioulasso	2009	9	8	251	21.1	29.2	21.0	-999.9	31.1	1.2	96879.1	-999.9
Bobo-Dioulasso	2009	9	9	252	21.8	29.8	23.0	-999.9	0.0	1.3	96802.1	-999.9
Bobo-Dioulasso	2009	9	10	253	23.1	29.2	20.5	-999.9	0.0	1.6	96839.0	-999.9
Bobo-Dioulasso	2009	9	11	254	22.0	27.5	14.7	-999.9	6.9	1.5	96874.1	-999.9
Bobo-Dioulasso	2009	9	12	255	21.5	29.5	22.4	-999.9	0.0	1.2	96868.9	-999.9
Bobo-Dioulasso	2009	9	13	256	22.1	29.7	22.7	-999.9	13.9	1.2	97007.2	-999.9
Bobo-Dioulasso	2009	9	14	257	22.4	30.0	21.9	-999.9	0.0	1.1	96971.0	-999.9
Bobo-Dioulasso	2009	9	15	258	22.0	29.3	21.8	-999.9	6.9	1.4	96931.1	-999.9
Bobo-Dioulasso	2009	9	16	259	22.1	28.2	18.5	-999.9	0.0	1.4	96871.7	-999.9
Bobo-Dioulasso	2009	9	17	260	21.3	28.2	16.4	-999.9	0.0	1.4	96884.3	-999.9
Bobo-Dioulasso	2009	9	18	261	21.5	30.4	22.5	-999.9	0.0	1.4	96875.4	-999.9
Bobo-Dioulasso	2009	9	19	262	22.8	30.5	22.0	-999.9	0.0	1.5	96835.4	-999.9
Bobo-Dioulasso	2009	9	20	263	22.0	28.9	14.9	-999.9	35.0	2.3	96822.1	-999.9
Bobo-Dioulasso	2009	9	21	264	21.4	27.3	13.7	-999.9	0.0	1.4	96792.7	-999.9
Bobo-Dioulasso	2009	9	22	265	20.9	28.8	21.0	-999.9	0.0	1.3	96769.1	-999.9
Bobo-Dioulasso	2009	9	23	266	21.6	30.6	23.6	-999.9	0.0	1.2	96763.9	-999.9
Bobo-Dioulasso	2009	9	24	267	22.5	29.8	20.7	-999.9	8.4	1.6	96753.9	-999.9
Bobo-Dioulasso	2009	9	25	268	22.9	29.9	20.5	-999.9	0.0	1.5	96848.8	-999.9
Bobo-Dioulasso	2009	9	26	269	22.9	29.5	20.6	-999.9	0.0	1.7	96849.6	-999.9
Bobo-Dioulasso	2009	9	27	270	22.0	31.1	23.6	-999.9	5.1	1.8	96812.2	-999.9
Bobo-Dioulasso	2009	9	28	271	21.9	30.7	23.2	-999.9	0.0	1.4	96824.5	-999.9
Bobo-Dioulasso	2009	9	29	272	22.0	29.7	21.9	-999.9	15.2	1.7	96864.9	-999.9
Bobo-Dioulasso	2009	9	30	273	22.6	29.8	22.5	-999.9	0.0	1.4	96856.5	-999.9
Bobo-Dioulasso	2009	10	1	274	23.0	30.7	23.3	-999.9	0.0	1.5	96886.6	-999.9
Bobo-Dioulasso	2009	10	2	275	23.2	31.2	23.1	-999.9	4.4	1.3	96872.0	-999.9
Bobo-Dioulasso	2009	10	3	276	23.3	30.8	22.6	-999.9	0.0	1.5	96821.8	-999.9
Bobo-Dioulasso	2009	10	4	277	23.4	32.1	23.8	-999.9	2.2	1.3	96734.0	-999.9
Bobo-Dioulasso	2009	10	5	278	24.1	31.2	22.6	-999.9	4.4	1.6	96715.0	-999.9
Bobo-Dioulasso	2009	10	6	279	23.9	30.8	21.0	-999.9	0.0	1.9	96818.7	-999.9
Bobo-Dioulasso	2009	10	7	280	23.2	31.4	23.2	-999.9	0.0	1.8	96871.5	-999.9
Bobo-Dioulasso	2009	10	8	281	23.8	32.1	22.6	-999.9	0.0	2.0	96784.6	-999.9
Bobo-Dioulasso	2009	10	9	282	23.7	31.9	21.3	-999.9	0.0	1.8	96694.2	-999.9
Bobo-Dioulasso	2009	10	10	283	23.9	31.7	22.1	-999.9	0.0	1.5	96675.8	-999.9
Bobo-Dioulasso	2009	10	11	284	23.5	32.2	23.0	-999.9	7.2	1.6	96612.7	-999.9
Bobo-Dioulasso	2009	10	12	285	23.1	31.2	21.7	-999.9	3.6	1.4	96580.5	-999.9
Bobo-Dioulasso	2009	10	13	286	23.0	30.8	22.0	-999.9	7.2	1.7	96621.2	-999.9
Bobo-Dioulasso	2009	10	14	287	23.2	30.9	21.7	-999.9	3.6	1.3	96612.8	-999.9
Bobo-Dioulasso	2009	10	15	288	22.5	29.0	16.0	-999.9	3.6	1.9	96627.6	-999.9
Bobo-Dioulasso	2009	10	16	289	22.8	31.2	22.4	-999.9	0.0	1.9	96691.9	-999.9
Bobo-Dioulasso	2009	10	17	290	23.3	31.3	21.5	-999.9	9.5	1.5	96670.0	-999.9
Bobo-Dioulasso	2009	10	18	291	23.0	31.0	21.4	-999.9	4.7	1.8	96566.5	-999.9
Bobo-Dioulasso	2009	10	19	292	23.5	32.2	21.8	-999.9	0.0	2.1	96511.3	-999.9
Bobo-Dioulasso	2009	10	20	293	23.8	32.1	22.3	-999.9	0.0	2.3	96516.3	-999.9
Bobo-Dioulasso	2009	10	21	294	22.8	31.3	20.7	-999.9	16.4	2.0	96675.7	-999.9
Bobo-Dioulasso	2009	10	22	295	22.3	29.3	17.5	-999.9	5.5	1.3	96737.4	-999.9
Bobo-Dioulasso	2009	10	23	296	22.1	28.8	19.6	-999.9	5.5	1.7	96795.8	-999.9
Bobo-Dioulasso	2009	10	24	297	21.8	28.1	14.5	-999.9	10.9	1.8	96839.2	-999.9
Bobo-Dioulasso	2009	10	25	298	21.2	29.6	20.8	-999.9	0.0	1.3	96683.5	-999.9
Bobo-Dioulasso	2009	10	26	299	22.3	31.3	21.3	-999.9	0.0	1.4	96558.2	-999.9
Bobo-Dioulasso	2009	10	27	300	23.2	31.6	21.6	-999.9	0.0	1.6	96609.0	-999.9
Bobo-Dioulasso	2009	10	28	301	23.1	30.4	20.8	-999.9	0.0	2.1	96661.9	-999.9
Bobo-Dioulasso	2009	10	29	302	22.8	31.1	21.1	-999.9	8.2	1.7	96568.7	-999.9
Bobo-Dioulasso	2009	10	30	303	22.4	30.0	18.3	-999.9	16.5	1.7	96550.9	-999.9
Bobo-Dioulasso	2009	10	31	304	23.0	29.1	15.2	-999.9	16.5	1.5	96660.1	-999.9
Bobo-Dioulasso	2009	11	1	305	22.0	29.0	16.4	-999.9	5.0	2.8	96704.5	-999.9
Bobo-Dioulasso	2009	11	2	306	21.3	31.3	20.9	-999.9	0.0	1.9	96631.8	-999.9
Bobo-Dioulasso	2009	11	3	307	21.0	31.8	19.6	-999.9	2.5	1.5	96661.0	-999.9
Bobo-Dioulasso	2009	11	4	308	19.9	32.2	20.4	-999.9	0.0	1.4	96713.1	-999.9
Bobo-Dioulasso	2009	11	5	309	19.5	32.0	20.0	-999.9	0.0	1.6	96771.5	-999.9
Bobo-Dioulasso	2009	11	6	310	20.2	33.5	22.1	-999.9	0.0	2.0	96589.1	-999.9
Bobo-Dioulasso	2009	11	7	311	20.9	33.7	21.9	-999.9	0.0	1.8	96532.1	-999.9
Bobo-Dioulasso	2009	11	8	312	20.3	32.7	21.1	-999.9	0.0	1.5	96579.7	-999.9
Bobo-Dioulasso	2009	11	9	313	23.0	32.3	19.4	-999.9	0.0	1.7	96708.3	-999.9
Bobo-Dioulasso	2009	11	10	314	23.2	32.1	19.6	-999.9	0.0	1.6	96682.6	-999.9
Bobo-Dioulasso	2009	11	11	315	23.4	33.5	21.0	-999.9	0.0	1.4	96545.6	-999.9
Bobo-Dioulasso	2009	11	12	316	22.0	33.4	21.6	-999.9	0.0	1.9	96537.6	-999.9
Bobo-Dioulasso	2009	11	13	317	20.9	33.0	22.0	-999.9	0.0	2.1	96617.7	-999.9
Bobo-Dioulasso	2009	11	14	318	18.8	31.9	22.2	-999.9	0.0	1.6	96686.7	-999.9
Bobo-Dioulasso	2009	11	15	319	19.5	32.7	21.3	-999.9	0.0	1.4	96643.9	-999.9
Bobo-Dioulasso	2009	11	16	320	20.3	32.8	19.7	-999.9	0.0	1.8	96638.9	-999.9
Bobo-Dioulasso	2009	11	17	321	20.6	33.6	21.7	-999.9	0.0	2.2	96695.1	-999.9
Bobo-Dioulasso	2009	11	18	322	19.1	31.7	21.8	-999.9	0.0	1.9	96848.6	-999.9
Bobo-Dioulasso	2009	11	19	323	18.7	31.2	21.8	-999.9	0.0	2.1	96844.2	-999.9
Bobo-Dioulasso	2009	11	20	324	18.1	31.6	21.7	-999.9	0.0	2.0	96930.9	-999.9
Bobo-Dioulasso	2009	11	21	325	18.6	32.2	21.6	-999.9	0.0	2.3	96948.0	-999.9
Bobo-Dioulasso	2009	11	22	326	18.0	32.2	20.8	-999.9	0.0	2.2	96915.5	-999.9
Bobo-Dioulasso	2009	11	23	327	17.7	32.0	21.1	-999.9	0.0	2.0	96791.6	-999.9
Bobo-Dioulasso	2009	11	24	328	18.2	32.9	21.2	-999.9	0.0	2.1	96749.5	-999.9
Bobo-Dioulasso	2009	11	25	329	19.9	33.5	21.0	-999.9	0.0	2.3	96784.3	-999.9
Bobo-Dioulasso	2009	11	26	330	20.7	32.9	21.0	-999.9	0.0	2.4	96858.3	-999.9
Bobo-Dioulasso	2009	11	27	331	19.5	32.8	21.1	-999.9	0.0	2.0	96757.3	-999.9
Bobo-Dioulasso	2009	11	28	332	20.3	32.5	20.8	-999.9	0.0	2.3	96779.6	-999.9
Bobo-Dioulasso	2009	11	29	333	19.1	32.6	19.9	-999.9	0.0	2.1	96732.1	-999.9
Bobo-Dioulasso	2009	11	30	334	18.8	32.4	20.8	-999.9	0.0	2.0	96726.3	-999.9
Bobo-Dioulasso	2009	12	1	335	18.9	32.7	20.9	-999.9	0.0	2.1	96773.6	-999.9
Bobo-Dioulasso	2009	12	2	336	19.2	32.9	20.9	-999.9	0.0	2.2	96759.2	-999.9
Bobo-Dioulasso	2009	12	3	337	17.5	32.8	21.2	-999.9	0.0	2.3	96762.3	-999.9
Bobo-Dioulasso	2009	12	4	338	17.8	32.5	20.9	-999.9	0.0	2.1	96781.7	-999.9
Bobo-Dioulasso	2009	12	5	339	17.6	32.8	21.0	-999.9	0.0	2.1	96761.1	-999.9
Bobo-Dioulasso	2009	12	6	340	18.1	33.4	20.9	-999.9	0.0	2.2	96721.2	-999.9
Bobo-Dioulasso	2009	12	7	341	18.8	33.2	20.9	-999.9	0.0	2.3	96656.4	-999.9
Bobo-Dioulasso	2009	12	8	342	19.4	33.6	20.6	-999.9	0.0	2.5	96734.5	-999.9
Bobo-Dioulasso	2009	12	9	343	20.5	32.5	20.6	-999.9	0.0	2.6	96783.9	-999.9
Bobo-Dioulasso	2009	12	10	344	19.4	32.4	20.1	-999.9	0.0	2.2	96754.9	-999.9
Bobo-Dioulasso	2009	12	11	345	19.2	32.9	19.8	-999.9	0.0	1.9	96664.0	-999.9
Bobo-Dioulasso	2009	12	12	346	19.4	33.2	20.3	-999.9	0.0	1.6	96593.8	-999.9
Bobo-Dioulasso	2009	12	13	347	19.8	32.0	18.9	-999.9	0.0	1.6	96636.7	-999.9
Bobo-Dioulasso	2009	12	14	348	21.1	32.4	18.9	-999.9	0.0	1.5	96709.2	-999.9
Bobo-Dioulasso	2009	12	15	349	20.4	33.3	19.7	-999.9	0.0	2.0	96751.2	-999.9
Bobo-Dioulasso	2009	12	16	350	22.4	33.3	16.5	-999.9	0.0	2.7	96739.7	-999.9
Bobo-Dioulasso	2009	12	17	351	20.7	34.4	20.4	-999.9	0.0	2.4	96765.6	-999.9
Bobo-Dioulasso	2009	12	18	352	21.6	35.0	20.3	-999.9	0.0	2.4	96698.8	-999.9
Bobo-Dioulasso	2009	12	19	353	20.1	34.6	20.3	-999.9	0.0	2.1	96653.6	-999.9
Bobo-Dioulasso	2009	12	20	354	19.2	34.4	20.5	-999.9	0.0	2.0	96679.1	-999.9
Bobo-Dioulasso	2009	12	21	355	18.7	34.4	20.7	-999.9	0.0	1.9	96794.6	-999.9
Bobo-Dioulasso	2009	12	22	356	19.1	34.5	20.6	-999.9	0.0	2.2	96918.4	-999.9
Bobo-Dioulasso	2009	12	23	357	18.7	34.4	20.7	-999.9	0.0	2.0	96808.6	-999.9
Bobo-Dioulasso	2009	12	24	358	18.3	34.2	20.8	-999.9	0.0	2.1	96795.2	-999.9
Bobo-Dioulasso	2009	12	25	359	17.6	33.5	20.9	-999.9	0.0	2.1	96830.7	-999.9
Bobo-Dioulasso	2009	12	26	360	18.4	33.9	20.9	-999.9	0.0	2.3	96825.7	-999.9
Bobo-Dioulasso	2009	12	27	361	17.5	33.5	21.1	-999.9	0.0	2.3	96764.9	-999.9
Bobo-Dioulasso	2009	12	28	362	17.4	33.3	21.0	-999.9	0.0	2.1	96702.5	-999.9
Bobo-Dioulasso	2009	12	29	363	17.8	33.8	20.9	-999.9	0.0	2.2	96667.6	-999.9
Bobo-Dioulasso	2009	12	30	364	17.7	33.1	21.0	-999.9	0.0	2.2	96669.8	-999.9
Bobo-Dioulasso	2009	12	31	365	18.1	33.1	21.1	-999.9	0.0	2.1	96752.0	-999.9
