Bobo-Dioulasso	2002	1	1	1	19.5	33.7	20.4	-999.9	0.0	2.0	96655.5	-999.9
Bobo-Dioulasso	2002	1	2	2	20.2	33.1	20.6	-999.9	0.0	2.4	96748.9	-999.9
Bobo-Dioulasso	2002	1	3	3	18.5	32.0	20.8	-999.9	0.0	2.0	96760.6	-999.9
Bobo-Dioulasso	2002	1	4	4	18.3	32.5	20.9	-999.9	0.0	2.0	96707.3	-999.9
Bobo-Dioulasso	2002	1	5	5	18.3	32.6	20.8	-999.9	0.0	1.8	96580.7	-999.9
Bobo-Dioulasso	2002	1	6	6	18.1	32.9	20.1	-999.9	0.0	1.6	96510.8	-999.9
Bobo-Dioulasso	2002	1	7	7	19.8	32.0	18.2	-999.9	0.0	2.0	96397.2	-999.9
Bobo-Dioulasso	2002	1	8	8	22.2	32.4	18.3	-999.9	0.0	1.5	96566.7	-999.9
Bobo-Dioulasso	2002	1	9	9	22.7	33.5	17.6	-999.9	0.0	2.2	96795.4	-999.9
Bobo-Dioulasso	2002	1	10	10	20.4	33.1	20.7	-999.9	0.0	2.6	96878.7	-999.9
Bobo-Dioulasso	2002	1	11	11	20.3	30.9	17.5	-999.9	0.0	2.8	97026.8	-999.9
Bobo-Dioulasso	2002	1	12	12	18.7	30.9	20.9	-999.9	0.0	2.7	97014.2	-999.9
Bobo-Dioulasso	2002	1	13	13	18.6	30.5	20.8	-999.9	0.0	2.4	96920.4	-999.9
Bobo-Dioulasso	2002	1	14	14	18.3	30.8	20.9	-999.9	0.0	2.2	96871.3	-999.9
Bobo-Dioulasso	2002	1	15	15	17.8	30.8	21.1	-999.9	0.0	2.2	96772.5	-999.9
Bobo-Dioulasso	2002	1	16	16	18.0	31.5	21.1	-999.9	0.0	2.2	96711.1	-999.9
Bobo-Dioulasso	2002	1	17	17	18.3	32.5	21.2	-999.9	0.0	2.0	96665.3	-999.9
Bobo-Dioulasso	2002	1	18	18	19.1	32.9	21.3	-999.9	0.0	2.5	96633.9	-999.9
Bobo-Dioulasso	2002	1	19	19	19.2	33.4	21.3	-999.9	0.0	2.8	96680.3	-999.9
Bobo-Dioulasso	2002	1	20	20	20.1	33.5	21.4	-999.9	0.0	3.5	96856.6	-999.9
Bobo-Dioulasso	2002	1	21	21	20.2	33.2	21.6	-999.9	0.0	3.2	96920.8	-999.9
Bobo-Dioulasso	2002	1	22	22	20.0	33.5	21.6	-999.9	0.0	2.8	96925.6	-999.9
Bobo-Dioulasso	2002	1	23	23	19.9	33.9	21.7	-999.9	0.0	2.6	96873.6	-999.9
Bobo-Dioulasso	2002	1	24	24	20.1	33.9	21.7	-999.9	0.0	2.3	96899.2	-999.9
Bobo-Dioulasso	2002	1	25	25	19.5	33.4	21.8	-999.9	0.0	2.5	96929.4	-999.9
Bobo-Dioulasso	2002	1	26	26	19.2	32.9	21.9	-999.9	0.0	2.8	96916.7	-999.9
Bobo-Dioulasso	2002	1	27	27	19.3	32.9	22.0	-999.9	0.0	2.9	96875.0	-999.9
Bobo-Dioulasso	2002	1	28	28	18.9	32.7	22.2	-999.9	0.0	2.8	96858.1	-999.9
Bobo-Dioulasso	2002	1	29	29	19.4	32.8	20.2	-999.9	0.0	2.7	96876.7	-999.9
Bobo-Dioulasso	2002	1	30	30	19.4	33.5	22.3	-999.9	0.0	2.7	96915.1	-999.9
Bobo-Dioulasso	2002	1	31	31	20.5	33.4	22.1	-999.9	0.9	3.0	96885.4	-999.9
Bobo-Dioulasso	2002	2	1	32	19.4	32.7	22.1	-999.9	0.0	2.7	96817.7	-999.9
Bobo-Dioulasso	2002	2	2	33	19.0	33.1	22.3	-999.9	0.0	2.3	96853.7	-999.9
Bobo-Dioulasso	2002	2	3	34	19.2	34.3	22.2	-999.9	0.0	2.2	96835.3	-999.9
Bobo-Dioulasso	2002	2	4	35	20.2	34.6	22.4	-999.9	0.0	2.3	96754.6	-999.9
Bobo-Dioulasso	2002	2	5	36	20.4	33.9	22.5	-999.9	0.0	2.7	96748.3	-999.9
Bobo-Dioulasso	2002	2	6	37	19.7	32.8	22.2	-999.9	0.0	2.6	96746.9	-999.9
Bobo-Dioulasso	2002	2	7	38	18.4	33.7	22.8	-999.9	0.0	2.2	96710.7	-999.9
Bobo-Dioulasso	2002	2	8	39	19.1	33.8	22.5	-999.9	0.0	2.4	96729.8	-999.9
Bobo-Dioulasso	2002	2	9	40	19.2	32.6	22.9	-999.9	0.0	2.8	96703.2	-999.9
Bobo-Dioulasso	2002	2	10	41	18.6	32.4	22.4	-999.9	0.0	2.5	96740.7	-999.9
Bobo-Dioulasso	2002	2	11	42	18.6	33.0	22.2	-999.9	0.0	2.3	96790.9	-999.9
Bobo-Dioulasso	2002	2	12	43	19.0	33.7	22.9	-999.9	0.0	2.3	96835.8	-999.9
Bobo-Dioulasso	2002	2	13	44	18.8	33.7	22.9	-999.9	0.0	2.2	96803.3	-999.9
Bobo-Dioulasso	2002	2	14	45	18.7	34.2	23.1	-999.9	0.0	1.9	96753.9	-999.9
Bobo-Dioulasso	2002	2	15	46	19.3	34.7	23.1	-999.9	0.0	2.1	96740.3	-999.9
Bobo-Dioulasso	2002	2	16	47	20.3	35.2	23.1	-999.9	0.0	2.2	96686.6	-999.9
Bobo-Dioulasso	2002	2	17	48	20.2	35.3	21.8	-999.9	0.0	1.6	96667.7	-999.9
Bobo-Dioulasso	2002	2	18	49	22.6	36.0	21.2	-999.9	0.0	1.9	96626.9	-999.9
Bobo-Dioulasso	2002	2	19	50	22.3	36.8	22.1	-999.9	0.0	2.4	96636.8	-999.9
Bobo-Dioulasso	2002	2	20	51	21.6	36.8	23.5	-999.9	0.0	2.3	96636.0	-999.9
Bobo-Dioulasso	2002	2	21	52	19.7	36.2	23.7	-999.9	0.0	2.0	96470.1	-999.9
Bobo-Dioulasso	2002	2	22	53	19.9	36.6	23.5	-999.9	0.0	1.8	96348.2	-999.9
Bobo-Dioulasso	2002	2	23	54	21.8	36.7	23.0	-999.9	0.0	2.3	96526.7	-999.9
Bobo-Dioulasso	2002	2	24	55	23.8	37.2	23.1	-999.9	0.0	2.3	96601.1	-999.9
Bobo-Dioulasso	2002	2	25	56	24.0	37.0	23.6	-999.9	0.0	3.2	96596.8	-999.9
Bobo-Dioulasso	2002	2	26	57	22.3	35.2	24.1	-999.9	0.0	2.5	96640.0	-999.9
Bobo-Dioulasso	2002	2	27	58	20.2	34.7	24.3	-999.9	0.0	1.7	96636.3	-999.9
Bobo-Dioulasso	2002	2	28	59	20.4	35.7	23.7	-999.9	1.9	1.5	96458.7	-999.9
Bobo-Dioulasso	2002	3	1	60	21.5	36.2	23.2	-999.9	0.0	1.6	96425.5	-999.9
Bobo-Dioulasso	2002	3	2	61	26.6	35.3	19.7	-999.9	0.0	2.1	96490.6	-999.9
Bobo-Dioulasso	2002	3	3	62	24.7	35.4	18.6	-999.9	3.8	2.1	96532.2	-999.9
Bobo-Dioulasso	2002	3	4	63	23.2	37.8	23.9	-999.9	0.0	2.0	96391.3	-999.9
Bobo-Dioulasso	2002	3	5	64	21.8	37.7	24.5	-999.9	0.0	2.0	96321.3	-999.9
Bobo-Dioulasso	2002	3	6	65	23.3	37.1	23.9	-999.9	0.0	2.1	96360.0	-999.9
Bobo-Dioulasso	2002	3	7	66	24.8	37.2	23.5	-999.9	0.0	2.0	96446.6	-999.9
Bobo-Dioulasso	2002	3	8	67	23.7	37.1	24.0	-999.9	0.0	1.5	96476.1	-999.9
Bobo-Dioulasso	2002	3	9	68	23.3	36.7	23.7	-999.9	0.0	2.0	96449.8	-999.9
Bobo-Dioulasso	2002	3	10	69	22.6	37.0	24.6	-999.9	0.0	1.4	96592.6	-999.9
Bobo-Dioulasso	2002	3	11	70	23.3	37.0	24.2	-999.9	0.0	1.3	96594.9	-999.9
Bobo-Dioulasso	2002	3	12	71	26.8	35.5	19.8	-999.9	3.3	1.6	96579.9	-999.9
Bobo-Dioulasso	2002	3	13	72	25.7	37.9	23.0	-999.9	0.0	1.6	96485.0	-999.9
Bobo-Dioulasso	2002	3	14	73	26.3	37.8	22.9	-999.9	0.0	2.1	96440.9	-999.9
Bobo-Dioulasso	2002	3	15	74	28.1	38.3	22.3	-999.9	0.0	2.3	96423.3	-999.9
Bobo-Dioulasso	2002	3	16	75	26.8	37.9	23.3	-999.9	0.0	1.6	96394.8	-999.9
Bobo-Dioulasso	2002	3	17	76	26.8	38.2	23.0	-999.9	0.0	2.2	96359.2	-999.9
Bobo-Dioulasso	2002	3	18	77	25.3	36.7	23.2	-999.9	2.6	2.0	96449.1	-999.9
Bobo-Dioulasso	2002	3	19	78	22.7	37.1	25.2	-999.9	0.0	1.6	96497.0	-999.9
Bobo-Dioulasso	2002	3	20	79	22.3	38.1	25.2	-999.9	0.0	1.9	96537.0	-999.9
Bobo-Dioulasso	2002	3	21	80	23.5	38.0	25.1	-999.9	0.0	1.7	96479.5	-999.9
Bobo-Dioulasso	2002	3	22	81	24.1	38.2	25.4	-999.9	0.0	2.0	96401.6	-999.9
Bobo-Dioulasso	2002	3	23	82	25.1	37.2	24.7	-999.9	0.0	1.9	96443.2	-999.9
Bobo-Dioulasso	2002	3	24	83	27.7	37.2	23.5	-999.9	0.0	2.1	96428.0	-999.9
Bobo-Dioulasso	2002	3	25	84	26.6	37.9	24.3	-999.9	0.0	1.9	96427.4	-999.9
Bobo-Dioulasso	2002	3	26	85	26.7	37.7	23.9	-999.9	0.0	1.8	96395.2	-999.9
Bobo-Dioulasso	2002	3	27	86	26.2	38.3	24.4	-999.9	2.6	1.7	96413.9	-999.9
Bobo-Dioulasso	2002	3	28	87	27.7	37.5	23.5	-999.9	0.0	2.4	96382.9	-999.9
Bobo-Dioulasso	2002	3	29	88	28.2	37.3	22.9	-999.9	0.0	2.4	96417.7	-999.9
Bobo-Dioulasso	2002	3	30	89	26.4	37.5	22.8	-999.9	0.0	2.4	96460.1	-999.9
Bobo-Dioulasso	2002	3	31	90	26.6	38.9	24.8	-999.9	0.0	1.9	96377.5	-999.9
Bobo-Dioulasso	2002	4	1	91	27.7	39.0	24.4	-999.9	0.0	2.0	96328.9	-999.9
Bobo-Dioulasso	2002	4	2	92	28.1	39.0	23.1	-999.9	0.0	2.4	96386.0	-999.9
Bobo-Dioulasso	2002	4	3	93	28.3	37.2	21.2	-999.9	4.2	2.4	96500.4	-999.9
Bobo-Dioulasso	2002	4	4	94	28.3	37.9	22.5	-999.9	0.0	2.4	96334.0	-999.9
Bobo-Dioulasso	2002	4	5	95	26.2	36.8	22.4	-999.9	2.1	2.3	96209.7	-999.9
Bobo-Dioulasso	2002	4	6	96	24.9	35.5	23.5	-999.9	7.2	2.1	96234.6	-999.9
Bobo-Dioulasso	2002	4	7	97	26.5	32.2	18.9	-999.9	0.0	1.6	96320.2	-999.9
Bobo-Dioulasso	2002	4	8	98	23.1	30.6	13.8	-999.9	3.6	2.3	96456.1	-999.9
Bobo-Dioulasso	2002	4	9	99	24.1	33.9	22.9	-999.9	0.0	2.3	96394.1	-999.9
Bobo-Dioulasso	2002	4	10	100	25.0	36.8	25.5	-999.9	0.0	2.1	96191.0	-999.9
Bobo-Dioulasso	2002	4	11	101	25.4	37.3	25.0	-999.9	0.0	3.1	96148.2	-999.9
Bobo-Dioulasso	2002	4	12	102	25.7	35.7	23.7	-999.9	0.0	2.2	96301.3	-999.9
Bobo-Dioulasso	2002	4	13	103	25.4	35.6	21.9	-999.9	7.7	1.7	96388.3	-999.9
Bobo-Dioulasso	2002	4	14	104	25.8	35.7	22.1	-999.9	0.0	2.0	96376.9	-999.9
Bobo-Dioulasso	2002	4	15	105	25.6	34.8	21.0	-999.9	2.6	1.9	96412.5	-999.9
Bobo-Dioulasso	2002	4	16	106	24.8	36.2	22.6	-999.9	2.8	2.0	96419.8	-999.9
Bobo-Dioulasso	2002	4	17	107	25.1	37.9	25.2	-999.9	0.0	1.9	96469.2	-999.9
Bobo-Dioulasso	2002	4	18	108	24.2	38.4	25.8	-999.9	0.0	2.2	96430.3	-999.9
Bobo-Dioulasso	2002	4	19	109	25.1	36.3	23.0	-999.9	0.0	2.6	96421.9	-999.9
Bobo-Dioulasso	2002	4	20	110	26.0	36.9	23.3	-999.9	0.0	2.2	96466.5	-999.9
Bobo-Dioulasso	2002	4	21	111	26.3	37.2	24.6	-999.9	5.2	2.2	96450.3	-999.9
Bobo-Dioulasso	2002	4	22	112	27.2	36.5	22.6	-999.9	0.0	2.3	96434.2	-999.9
Bobo-Dioulasso	2002	4	23	113	25.6	38.1	24.6	-999.9	0.0	1.9	96294.2	-999.9
Bobo-Dioulasso	2002	4	24	114	23.5	37.7	26.2	-999.9	0.0	1.6	96258.0	-999.9
Bobo-Dioulasso	2002	4	25	115	24.0	37.7	25.2	-999.9	0.0	1.8	96251.1	-999.9
Bobo-Dioulasso	2002	4	26	116	24.6	38.1	24.2	-999.9	0.0	1.9	96239.7	-999.9
Bobo-Dioulasso	2002	4	27	117	26.1	39.1	25.6	-999.9	0.0	2.5	96207.0	-999.9
Bobo-Dioulasso	2002	4	28	118	26.9	38.1	24.2	-999.9	0.0	3.0	96299.4	-999.9
Bobo-Dioulasso	2002	4	29	119	27.9	36.9	21.4	-999.9	6.3	3.2	96495.9	-999.9
Bobo-Dioulasso	2002	4	30	120	27.0	36.5	22.3	-999.9	0.0	2.4	96516.0	-999.9
Bobo-Dioulasso	2002	5	1	121	27.8	37.7	23.7	-999.9	3.8	2.5	96380.6	-999.9
Bobo-Dioulasso	2002	5	2	122	25.4	35.2	23.2	-999.9	11.3	2.8	96364.4	-999.9
Bobo-Dioulasso	2002	5	3	123	25.4	35.7	22.7	-999.9	0.0	2.1	96401.1	-999.9
Bobo-Dioulasso	2002	5	4	124	25.8	35.3	23.5	-999.9	0.0	2.3	96575.5	-999.9
Bobo-Dioulasso	2002	5	5	125	25.2	34.8	23.7	-999.9	7.5	1.9	96627.8	-999.9
Bobo-Dioulasso	2002	5	6	126	24.8	35.2	23.0	-999.9	0.0	2.5	96583.2	-999.9
Bobo-Dioulasso	2002	5	7	127	26.1	35.3	22.7	-999.9	0.0	2.3	96547.8	-999.9
Bobo-Dioulasso	2002	5	8	128	25.4	34.9	22.4	-999.9	6.2	1.5	96705.7	-999.9
Bobo-Dioulasso	2002	5	9	129	23.7	32.3	19.5	-999.9	9.2	1.8	96899.0	-999.9
Bobo-Dioulasso	2002	5	10	130	24.8	35.7	22.8	-999.9	0.0	2.0	96754.8	-999.9
Bobo-Dioulasso	2002	5	11	131	24.5	37.1	25.5	-999.9	0.0	1.9	96605.3	-999.9
Bobo-Dioulasso	2002	5	12	132	25.7	36.6	24.7	-999.9	1.6	1.8	96564.6	-999.9
Bobo-Dioulasso	2002	5	13	133	25.7	37.8	25.0	-999.9	0.0	2.1	96527.2	-999.9
Bobo-Dioulasso	2002	5	14	134	26.7	35.7	23.6	-999.9	0.0	2.8	96687.6	-999.9
Bobo-Dioulasso	2002	5	15	135	25.5	35.3	24.3	-999.9	0.0	2.0	96761.0	-999.9
Bobo-Dioulasso	2002	5	16	136	27.0	37.7	24.8	-999.9	0.0	2.3	96557.0	-999.9
Bobo-Dioulasso	2002	5	17	137	27.4	37.5	25.0	-999.9	3.4	2.9	96425.4	-999.9
Bobo-Dioulasso	2002	5	18	138	26.7	37.4	24.6	-999.9	0.0	2.3	96521.3	-999.9
Bobo-Dioulasso	2002	5	19	139	25.1	34.9	22.3	-999.9	0.0	1.7	96607.5	-999.9
Bobo-Dioulasso	2002	5	20	140	25.9	36.1	23.7	-999.9	1.7	2.1	96522.0	-999.9
Bobo-Dioulasso	2002	5	21	141	26.7	33.4	23.4	-999.9	0.0	1.5	96590.7	-999.9
Bobo-Dioulasso	2002	5	22	142	24.9	34.8	20.4	-999.9	0.0	1.9	96573.4	-999.9
Bobo-Dioulasso	2002	5	23	143	25.5	32.6	19.6	-999.9	4.2	2.3	96611.8	-999.9
Bobo-Dioulasso	2002	5	24	144	25.5	32.4	18.6	-999.9	2.1	1.6	96629.6	-999.9
Bobo-Dioulasso	2002	5	25	145	24.6	35.8	22.8	-999.9	2.1	1.8	96518.7	-999.9
Bobo-Dioulasso	2002	5	26	146	26.5	37.1	24.2	-999.9	4.5	2.7	96425.7	-999.9
Bobo-Dioulasso	2002	5	27	147	26.5	36.9	24.3	-999.9	0.0	3.0	96429.4	-999.9
Bobo-Dioulasso	2002	5	28	148	26.4	37.1	23.7	-999.9	0.0	2.7	96465.8	-999.9
Bobo-Dioulasso	2002	5	29	149	25.5	34.6	23.9	-999.9	0.0	2.0	96610.4	-999.9
Bobo-Dioulasso	2002	5	30	150	24.5	33.8	23.4	-999.9	0.0	2.3	96712.0	-999.9
Bobo-Dioulasso	2002	5	31	151	25.8	37.5	24.7	-999.9	9.0	2.3	96577.6	-999.9
Bobo-Dioulasso	2002	6	1	152	24.8	35.7	24.7	-999.9	4.1	2.7	96539.0	-999.9
Bobo-Dioulasso	2002	6	2	153	25.5	34.7	23.6	-999.9	0.0	2.4	96513.2	-999.9
Bobo-Dioulasso	2002	6	3	154	23.9	33.3	21.3	-999.9	12.4	2.7	96590.7	-999.9
Bobo-Dioulasso	2002	6	4	155	23.3	31.1	19.7	-999.9	8.3	2.2	96802.1	-999.9
Bobo-Dioulasso	2002	6	5	156	23.2	31.5	20.8	-999.9	0.0	1.6	96829.7	-999.9
Bobo-Dioulasso	2002	6	6	157	23.5	33.5	19.4	-999.9	6.0	2.5	96711.3	-999.9
Bobo-Dioulasso	2002	6	7	158	23.4	33.4	21.6	-999.9	6.0	2.4	96671.9	-999.9
Bobo-Dioulasso	2002	6	8	159	23.5	34.0	24.5	-999.9	0.0	2.4	96677.1	-999.9
Bobo-Dioulasso	2002	6	9	160	24.7	36.0	24.7	-999.9	0.0	2.1	96509.1	-999.9
Bobo-Dioulasso	2002	6	10	161	23.8	31.3	17.3	-999.9	9.0	2.3	96685.7	-999.9
Bobo-Dioulasso	2002	6	11	162	23.1	32.1	19.1	-999.9	0.0	2.4	96832.2	-999.9
Bobo-Dioulasso	2002	6	12	163	23.1	34.6	24.5	-999.9	5.2	2.1	96808.7	-999.9
Bobo-Dioulasso	2002	6	13	164	25.1	35.9	24.7	-999.9	0.0	2.9	96666.4	-999.9
Bobo-Dioulasso	2002	6	14	165	24.6	33.5	19.9	-999.9	11.9	3.3	96700.5	-999.9
Bobo-Dioulasso	2002	6	15	166	23.1	29.9	15.9	-999.9	0.0	2.3	96809.0	-999.9
Bobo-Dioulasso	2002	6	16	167	22.7	31.4	20.2	-999.9	3.7	2.3	96834.4	-999.9
Bobo-Dioulasso	2002	6	17	168	22.9	32.5	23.9	-999.9	0.0	1.9	96828.5	-999.9
Bobo-Dioulasso	2002	6	18	169	23.3	32.8	22.3	-999.9	0.0	2.0	96808.5	-999.9
Bobo-Dioulasso	2002	6	19	170	24.0	32.4	23.3	-999.9	14.9	2.6	96700.1	-999.9
Bobo-Dioulasso	2002	6	20	171	23.0	31.4	22.0	-999.9	7.5	1.8	96805.1	-999.9
Bobo-Dioulasso	2002	6	21	172	23.3	30.5	20.1	-999.9	0.0	2.0	96921.9	-999.9
Bobo-Dioulasso	2002	6	22	173	24.0	31.5	21.6	-999.9	0.0	2.5	96881.0	-999.9
Bobo-Dioulasso	2002	6	23	174	23.7	32.6	22.5	-999.9	0.0	2.6	96850.6	-999.9
Bobo-Dioulasso	2002	6	24	175	24.5	31.7	21.5	-999.9	2.4	2.7	96958.8	-999.9
Bobo-Dioulasso	2002	6	25	176	23.6	29.8	18.7	-999.9	4.9	2.1	97036.9	-999.9
Bobo-Dioulasso	2002	6	26	177	23.1	32.0	23.2	-999.9	3.6	1.4	97013.9	-999.9
Bobo-Dioulasso	2002	6	27	178	23.4	30.2	19.9	-999.9	0.0	1.9	96917.5	-999.9
Bobo-Dioulasso	2002	6	28	179	23.1	31.1	23.1	-999.9	0.0	2.3	96880.1	-999.9
Bobo-Dioulasso	2002	6	29	180	23.9	32.3	24.4	-999.9	7.1	1.9	96947.1	-999.9
Bobo-Dioulasso	2002	6	30	181	24.0	31.9	23.3	-999.9	0.0	1.8	96946.6	-999.9
Bobo-Dioulasso	2002	7	1	182	24.2	31.9	23.4	-999.9	0.0	2.5	96885.2	-999.9
Bobo-Dioulasso	2002	7	2	183	23.7	31.5	21.2	-999.9	4.9	2.3	96879.3	-999.9
Bobo-Dioulasso	2002	7	3	184	22.4	30.6	21.2	-999.9	4.3	1.6	96896.0	-999.9
Bobo-Dioulasso	2002	7	4	185	22.6	29.5	18.4	-999.9	4.3	2.0	96901.7	-999.9
Bobo-Dioulasso	2002	7	5	186	23.1	30.2	20.5	-999.9	0.0	1.9	96899.9	-999.9
Bobo-Dioulasso	2002	7	6	187	23.3	32.0	23.6	-999.9	0.0	1.8	96816.8	-999.9
Bobo-Dioulasso	2002	7	7	188	23.6	30.9	18.8	-999.9	14.3	1.8	96845.1	-999.9
Bobo-Dioulasso	2002	7	8	189	22.9	31.9	21.9	-999.9	7.1	1.8	96893.9	-999.9
Bobo-Dioulasso	2002	7	9	190	24.6	31.9	21.8	-999.9	14.3	2.4	96877.6	-999.9
Bobo-Dioulasso	2002	7	10	191	23.8	29.1	17.1	-999.9	0.0	2.8	96898.3	-999.9
Bobo-Dioulasso	2002	7	11	192	23.3	30.2	19.5	-999.9	0.0	1.9	96881.9	-999.9
Bobo-Dioulasso	2002	7	12	193	22.6	31.0	21.6	-999.9	9.8	1.7	96854.0	-999.9
Bobo-Dioulasso	2002	7	13	194	23.5	31.9	23.1	-999.9	0.0	1.7	96828.1	-999.9
Bobo-Dioulasso	2002	7	14	195	23.8	33.1	24.4	-999.9	0.0	1.9	96771.2	-999.9
Bobo-Dioulasso	2002	7	15	196	24.5	32.6	22.5	-999.9	0.0	2.6	96765.7	-999.9
Bobo-Dioulasso	2002	7	16	197	23.9	28.6	15.9	-999.9	10.9	2.1	96867.2	-999.9
Bobo-Dioulasso	2002	7	17	198	22.9	29.6	20.0	-999.9	5.5	1.8	96872.3	-999.9
Bobo-Dioulasso	2002	7	18	199	23.2	30.4	21.5	-999.9	0.0	1.8	96753.8	-999.9
Bobo-Dioulasso	2002	7	19	200	22.2	30.4	21.2	-999.9	0.0	2.1	96742.1	-999.9
Bobo-Dioulasso	2002	7	20	201	22.6	30.7	21.6	-999.9	0.0	1.6	96817.9	-999.9
Bobo-Dioulasso	2002	7	21	202	21.8	29.3	17.9	-999.9	0.0	1.0	96801.8	-999.9
Bobo-Dioulasso	2002	7	22	203	23.4	29.6	19.4	-999.9	22.1	1.9	96787.6	-999.9
Bobo-Dioulasso	2002	7	23	204	22.7	29.4	20.1	-999.9	0.0	2.3	96892.8	-999.9
Bobo-Dioulasso	2002	7	24	205	21.7	27.9	14.2	-999.9	22.1	2.1	97083.3	-999.9
Bobo-Dioulasso	2002	7	25	206	22.1	31.0	20.9	-999.9	0.0	2.4	96914.9	-999.9
Bobo-Dioulasso	2002	7	26	207	23.3	30.9	21.9	-999.9	0.0	3.1	96787.4	-999.9
Bobo-Dioulasso	2002	7	27	208	23.1	30.0	20.5	-999.9	0.0	2.8	96803.7	-999.9
Bobo-Dioulasso	2002	7	28	209	22.2	29.9	19.8	-999.9	32.9	2.1	96945.6	-999.9
Bobo-Dioulasso	2002	7	29	210	22.2	27.1	13.3	-999.9	32.9	1.4	97041.1	-999.9
Bobo-Dioulasso	2002	7	30	211	21.8	29.2	20.0	-999.9	0.0	1.4	96914.2	-999.9
Bobo-Dioulasso	2002	7	31	212	21.6	29.1	17.6	-999.9	0.0	2.1	96700.6	-999.9
Bobo-Dioulasso	2002	8	1	213	22.1	28.0	14.6	-999.9	8.3	2.3	96652.4	-999.9
Bobo-Dioulasso	2002	8	2	214	21.4	27.5	15.8	-999.9	0.0	2.0	96790.9	-999.9
Bobo-Dioulasso	2002	8	3	215	22.2	28.8	18.9	-999.9	0.0	2.1	96907.5	-999.9
Bobo-Dioulasso	2002	8	4	216	21.6	29.4	21.8	-999.9	8.3	2.1	96783.3	-999.9
Bobo-Dioulasso	2002	8	5	217	23.5	30.2	21.9	-999.9	8.3	2.6	96620.0	-999.9
Bobo-Dioulasso	2002	8	6	218	22.4	27.2	12.8	-999.9	45.7	1.9	96721.6	-999.9
Bobo-Dioulasso	2002	8	7	219	21.5	27.7	17.4	-999.9	0.0	2.2	96859.4	-999.9
Bobo-Dioulasso	2002	8	8	220	21.8	28.0	16.7	-999.9	0.0	2.1	96915.8	-999.9
Bobo-Dioulasso	2002	8	9	221	21.8	29.5	21.9	-999.9	11.4	1.7	96864.2	-999.9
Bobo-Dioulasso	2002	8	10	222	22.3	27.9	14.4	-999.9	22.8	1.6	96790.3	-999.9
Bobo-Dioulasso	2002	8	11	223	22.1	28.9	18.9	-999.9	0.0	1.8	96878.8	-999.9
Bobo-Dioulasso	2002	8	12	224	21.8	29.4	20.7	-999.9	8.6	1.7	96918.7	-999.9
Bobo-Dioulasso	2002	8	13	225	22.2	29.4	21.9	-999.9	0.0	1.6	96946.6	-999.9
Bobo-Dioulasso	2002	8	14	226	22.8	30.2	22.0	-999.9	17.1	1.7	96973.5	-999.9
Bobo-Dioulasso	2002	8	15	227	22.2	27.1	16.1	-999.9	0.0	2.6	96994.4	-999.9
Bobo-Dioulasso	2002	8	16	228	21.9	28.3	17.5	-999.9	0.0	2.4	96993.0	-999.9
Bobo-Dioulasso	2002	8	17	229	22.5	29.3	20.3	-999.9	11.2	1.7	96851.9	-999.9
Bobo-Dioulasso	2002	8	18	230	22.0	27.1	14.2	-999.9	0.0	2.0	96749.7	-999.9
Bobo-Dioulasso	2002	8	19	231	21.9	29.0	20.5	-999.9	0.0	2.0	96841.8	-999.9
Bobo-Dioulasso	2002	8	20	232	22.5	29.2	20.0	-999.9	0.0	1.6	96887.1	-999.9
Bobo-Dioulasso	2002	8	21	233	22.2	28.2	14.5	-999.9	9.7	1.8	96869.0	-999.9
Bobo-Dioulasso	2002	8	22	234	22.2	28.3	17.5	-999.9	0.0	2.2	96901.0	-999.9
Bobo-Dioulasso	2002	8	23	235	21.5	29.9	19.4	-999.9	0.0	1.6	96862.7	-999.9
Bobo-Dioulasso	2002	8	24	236	22.3	30.2	21.6	-999.9	9.7	1.5	96796.0	-999.9
Bobo-Dioulasso	2002	8	25	237	23.1	30.2	22.2	-999.9	4.9	1.4	96787.0	-999.9
Bobo-Dioulasso	2002	8	26	238	22.7	29.4	20.9	-999.9	20.8	1.6	96734.9	-999.9
Bobo-Dioulasso	2002	8	27	239	22.0	24.3	7.7	-999.9	20.8	1.8	96682.2	-999.9
Bobo-Dioulasso	2002	8	28	240	21.9	28.6	19.1	-999.9	0.0	2.1	96762.4	-999.9
Bobo-Dioulasso	2002	8	29	241	21.5	29.3	20.8	-999.9	10.4	1.8	96797.2	-999.9
Bobo-Dioulasso	2002	8	30	242	21.9	26.9	12.2	-999.9	0.0	1.8	96814.6	-999.9
Bobo-Dioulasso	2002	8	31	243	22.4	28.3	19.3	-999.9	0.0	2.0	96890.8	-999.9
Bobo-Dioulasso	2002	9	1	244	21.5	29.6	22.8	-999.9	0.0	1.5	96754.3	-999.9
Bobo-Dioulasso	2002	9	2	245	22.7	30.2	23.0	-999.9	0.0	1.6	96735.0	-999.9
Bobo-Dioulasso	2002	9	3	246	22.7	30.5	22.3	-999.9	0.0	1.2	96801.8	-999.9
Bobo-Dioulasso	2002	9	4	247	22.6	31.2	19.8	-999.9	20.6	2.3	96584.0	-999.9
Bobo-Dioulasso	2002	9	5	248	22.3	27.0	15.2	-999.9	0.0	2.8	96780.4	-999.9
Bobo-Dioulasso	2002	9	6	249	20.8	28.2	16.3	-999.9	20.4	2.1	96869.8	-999.9
Bobo-Dioulasso	2002	9	7	250	22.5	27.5	15.6	-999.9	0.0	1.7	96767.3	-999.9
Bobo-Dioulasso	2002	9	8	251	21.6	27.7	17.5	-999.9	0.0	2.1	96868.9	-999.9
Bobo-Dioulasso	2002	9	9	252	21.2	29.2	21.2	-999.9	0.0	1.3	96943.6	-999.9
Bobo-Dioulasso	2002	9	10	253	22.3	29.1	19.2	-999.9	0.0	1.9	96809.7	-999.9
Bobo-Dioulasso	2002	9	11	254	21.9	29.4	20.8	-999.9	0.0	2.2	96721.7	-999.9
Bobo-Dioulasso	2002	9	12	255	21.9	29.7	22.5	-999.9	0.0	1.9	96795.4	-999.9
Bobo-Dioulasso	2002	9	13	256	22.3	29.2	22.5	-999.9	8.0	1.6	96884.0	-999.9
Bobo-Dioulasso	2002	9	14	257	22.0	28.0	15.6	-999.9	0.0	1.2	96945.2	-999.9
Bobo-Dioulasso	2002	9	15	258	21.6	29.6	21.5	-999.9	8.0	1.2	96933.1	-999.9
Bobo-Dioulasso	2002	9	16	259	22.4	29.7	21.8	-999.9	0.0	1.5	96942.8	-999.9
Bobo-Dioulasso	2002	9	17	260	22.9	30.0	21.7	-999.9	21.7	1.9	96830.2	-999.9
Bobo-Dioulasso	2002	9	18	261	22.8	29.7	21.3	-999.9	10.8	1.5	96634.2	-999.9
Bobo-Dioulasso	2002	9	19	262	22.1	26.2	12.7	-999.9	24.7	1.9	96725.4	-999.9
Bobo-Dioulasso	2002	9	20	263	21.8	28.4	19.9	-999.9	0.0	1.5	96898.3	-999.9
Bobo-Dioulasso	2002	9	21	264	21.6	29.8	22.3	-999.9	0.0	1.2	96833.4	-999.9
Bobo-Dioulasso	2002	9	22	265	23.7	31.6	21.8	-999.9	0.0	1.8	96712.0	-999.9
Bobo-Dioulasso	2002	9	23	266	22.4	29.6	20.3	-999.9	0.0	2.0	96810.8	-999.9
Bobo-Dioulasso	2002	9	24	267	22.4	30.9	23.7	-999.9	4.6	1.8	96815.9	-999.9
Bobo-Dioulasso	2002	9	25	268	22.1	29.6	20.6	-999.9	4.0	1.7	96803.9	-999.9
Bobo-Dioulasso	2002	9	26	269	22.3	30.6	23.7	-999.9	0.0	1.5	96805.3	-999.9
Bobo-Dioulasso	2002	9	27	270	23.5	31.0	22.9	-999.9	0.0	1.7	96713.3	-999.9
Bobo-Dioulasso	2002	9	28	271	22.9	29.8	17.3	-999.9	0.0	2.9	96669.5	-999.9
Bobo-Dioulasso	2002	9	29	272	23.3	29.5	17.8	-999.9	7.1	2.5	96690.7	-999.9
Bobo-Dioulasso	2002	9	30	273	22.8	29.7	19.5	-999.9	21.4	2.5	96704.5	-999.9
Bobo-Dioulasso	2002	10	1	274	22.4	30.4	20.7	-999.9	0.0	2.5	96636.1	-999.9
Bobo-Dioulasso	2002	10	2	275	22.1	31.3	23.1	-999.9	0.0	2.2	96533.8	-999.9
Bobo-Dioulasso	2002	10	3	276	22.2	29.7	21.2	-999.9	4.8	2.4	96633.3	-999.9
Bobo-Dioulasso	2002	10	4	277	22.5	29.1	18.3	-999.9	4.8	2.5	96725.7	-999.9
Bobo-Dioulasso	2002	10	5	278	21.6	28.2	17.9	-999.9	0.0	1.6	96827.7	-999.9
Bobo-Dioulasso	2002	10	6	279	21.6	28.1	18.1	-999.9	0.0	1.6	96746.2	-999.9
Bobo-Dioulasso	2002	10	7	280	21.4	27.9	16.9	-999.9	0.0	1.8	96773.5	-999.9
Bobo-Dioulasso	2002	10	8	281	21.3	27.5	15.2	-999.9	9.6	1.3	96783.9	-999.9
Bobo-Dioulasso	2002	10	9	282	21.6	29.2	18.6	-999.9	0.0	1.3	96706.7	-999.9
Bobo-Dioulasso	2002	10	10	283	22.5	28.8	18.5	-999.9	0.0	1.6	96819.8	-999.9
Bobo-Dioulasso	2002	10	11	284	22.4	30.3	22.2	-999.9	0.0	1.3	96943.7	-999.9
Bobo-Dioulasso	2002	10	12	285	22.8	31.4	22.0	-999.9	0.0	1.6	96765.6	-999.9
Bobo-Dioulasso	2002	10	13	286	23.2	31.0	21.5	-999.9	0.0	1.9	96634.3	-999.9
Bobo-Dioulasso	2002	10	14	287	23.1	29.9	20.7	-999.9	0.0	2.1	96727.5	-999.9
Bobo-Dioulasso	2002	10	15	288	23.0	30.8	21.8	-999.9	5.7	1.5	96728.9	-999.9
Bobo-Dioulasso	2002	10	16	289	22.2	30.4	22.1	-999.9	0.0	1.2	96695.0	-999.9
Bobo-Dioulasso	2002	10	17	290	22.2	30.9	22.1	-999.9	0.0	1.8	96728.9	-999.9
Bobo-Dioulasso	2002	10	18	291	23.1	31.5	22.3	-999.9	5.7	1.6	96675.8	-999.9
Bobo-Dioulasso	2002	10	19	292	23.0	31.6	21.4	-999.9	0.0	1.7	96650.9	-999.9
Bobo-Dioulasso	2002	10	20	293	22.8	32.0	21.8	-999.9	0.0	1.8	96690.8	-999.9
Bobo-Dioulasso	2002	10	21	294	22.7	32.5	21.8	-999.9	0.0	1.6	96607.1	-999.9
Bobo-Dioulasso	2002	10	22	295	23.2	31.2	19.9	-999.9	0.0	1.8	96641.8	-999.9
Bobo-Dioulasso	2002	10	23	296	21.9	31.5	20.9	-999.9	0.0	1.8	96672.3	-999.9
Bobo-Dioulasso	2002	10	24	297	21.9	32.3	20.6	-999.9	0.0	2.1	96647.5	-999.9
Bobo-Dioulasso	2002	10	25	298	22.2	31.2	20.5	-999.9	0.0	1.8	96625.3	-999.9
Bobo-Dioulasso	2002	10	26	299	22.6	32.0	20.8	-999.9	0.0	1.7	96623.7	-999.9
Bobo-Dioulasso	2002	10	27	300	22.2	32.6	20.5	-999.9	0.0	1.7	96613.0	-999.9
Bobo-Dioulasso	2002	10	28	301	23.2	33.6	22.2	-999.9	0.0	1.5	96560.7	-999.9
Bobo-Dioulasso	2002	10	29	302	23.5	32.8	20.5	-999.9	0.0	1.7	96577.9	-999.9
Bobo-Dioulasso	2002	10	30	303	23.9	32.4	20.0	-999.9	0.0	1.9	96607.2	-999.9
Bobo-Dioulasso	2002	10	31	304	23.1	31.6	19.2	-999.9	0.0	1.4	96713.4	-999.9
Bobo-Dioulasso	2002	11	1	305	20.8	32.5	22.2	-999.9	0.0	1.2	96631.8	-999.9
Bobo-Dioulasso	2002	11	2	306	20.0	32.7	22.4	-999.9	0.0	1.1	96579.0	-999.9
Bobo-Dioulasso	2002	11	3	307	21.8	32.4	20.2	-999.9	0.0	1.6	96551.7	-999.9
Bobo-Dioulasso	2002	11	4	308	22.8	30.5	18.2	-999.9	0.0	1.6	96663.0	-999.9
Bobo-Dioulasso	2002	11	5	309	23.4	31.4	19.2	-999.9	0.0	1.7	96735.3	-999.9
Bobo-Dioulasso	2002	11	6	310	22.9	31.4	18.9	-999.9	0.0	1.7	96858.6	-999.9
Bobo-Dioulasso	2002	11	7	311	22.5	31.6	17.6	-999.9	0.0	1.5	96840.2	-999.9
Bobo-Dioulasso	2002	11	8	312	22.5	33.5	21.8	-999.9	0.0	1.7	96823.2	-999.9
Bobo-Dioulasso	2002	11	9	313	20.6	33.2	21.8	-999.9	0.0	1.6	96855.0	-999.9
Bobo-Dioulasso	2002	11	10	314	21.0	33.2	20.8	-999.9	0.0	2.0	96767.8	-999.9
Bobo-Dioulasso	2002	11	11	315	20.3	33.8	21.8	-999.9	0.0	2.1	96708.0	-999.9
Bobo-Dioulasso	2002	11	12	316	22.9	33.7	21.0	-999.9	0.0	1.7	96832.3	-999.9
Bobo-Dioulasso	2002	11	13	317	21.8	34.1	21.4	-999.9	0.0	1.8	96819.3	-999.9
Bobo-Dioulasso	2002	11	14	318	22.7	34.0	21.0	-999.9	0.0	1.9	96729.6	-999.9
Bobo-Dioulasso	2002	11	15	319	23.7	33.7	20.0	-999.9	0.0	1.6	96703.4	-999.9
Bobo-Dioulasso	2002	11	16	320	22.9	34.1	20.3	-999.9	0.0	1.7	96647.7	-999.9
Bobo-Dioulasso	2002	11	17	321	23.4	34.5	21.0	-999.9	0.0	2.0	96705.1	-999.9
Bobo-Dioulasso	2002	11	18	322	23.1	34.6	21.3	-999.9	0.0	2.0	96657.3	-999.9
Bobo-Dioulasso	2002	11	19	323	21.3	34.2	21.5	-999.9	0.0	1.5	96604.2	-999.9
Bobo-Dioulasso	2002	11	20	324	23.1	33.7	20.6	-999.9	0.0	1.7	96664.0	-999.9
Bobo-Dioulasso	2002	11	21	325	20.6	33.9	21.5	-999.9	0.0	1.8	96658.6	-999.9
Bobo-Dioulasso	2002	11	22	326	19.1	33.1	21.1	-999.9	0.0	1.8	96705.1	-999.9
Bobo-Dioulasso	2002	11	23	327	21.5	33.8	21.5	-999.9	0.0	1.9	96774.9	-999.9
Bobo-Dioulasso	2002	11	24	328	19.9	33.7	21.6	-999.9	0.0	1.8	96810.8	-999.9
Bobo-Dioulasso	2002	11	25	329	18.8	33.4	21.2	-999.9	0.0	1.8	96774.2	-999.9
Bobo-Dioulasso	2002	11	26	330	19.5	33.3	20.8	-999.9	0.0	1.8	96743.9	-999.9
Bobo-Dioulasso	2002	11	27	331	18.1	33.3	21.4	-999.9	0.0	1.8	96713.2	-999.9
Bobo-Dioulasso	2002	11	28	332	19.1	33.8	21.5	-999.9	0.0	2.0	96701.5	-999.9
Bobo-Dioulasso	2002	11	29	333	18.1	32.9	21.3	-999.9	0.0	1.5	96727.4	-999.9
Bobo-Dioulasso	2002	11	30	334	18.5	34.2	21.2	-999.9	0.0	2.0	96743.4	-999.9
Bobo-Dioulasso	2002	12	1	335	18.6	33.7	21.0	-999.9	0.0	2.2	96707.2	-999.9
Bobo-Dioulasso	2002	12	2	336	18.6	33.1	20.7	-999.9	0.0	1.7	96623.2	-999.9
Bobo-Dioulasso	2002	12	3	337	18.5	33.1	20.7	-999.9	0.0	1.6	96664.4	-999.9
Bobo-Dioulasso	2002	12	4	338	21.0	32.5	19.3	-999.9	0.5	1.5	96695.0	-999.9
Bobo-Dioulasso	2002	12	5	339	18.8	32.8	20.5	-999.9	0.0	1.6	96571.9	-999.9
Bobo-Dioulasso	2002	12	6	340	20.0	32.7	19.8	-999.9	0.5	1.3	96461.5	-999.9
Bobo-Dioulasso	2002	12	7	341	19.0	33.1	20.5	-999.9	0.0	1.4	96494.8	-999.9
Bobo-Dioulasso	2002	12	8	342	19.8	33.7	20.0	-999.9	0.0	1.7	96619.6	-999.9
Bobo-Dioulasso	2002	12	9	343	19.7	33.6	19.8	-999.9	0.0	2.1	96768.1	-999.9
Bobo-Dioulasso	2002	12	10	344	21.6	33.0	19.1	-999.9	0.0	3.1	96929.8	-999.9
Bobo-Dioulasso	2002	12	11	345	22.1	31.5	19.2	-999.9	0.0	3.8	97081.8	-999.9
Bobo-Dioulasso	2002	12	12	346	23.5	32.5	19.5	-999.9	0.0	3.6	97098.4	-999.9
Bobo-Dioulasso	2002	12	13	347	21.0	34.3	20.1	-999.9	0.0	2.9	97082.3	-999.9
Bobo-Dioulasso	2002	12	14	348	22.7	34.7	20.3	-999.9	0.0	2.6	96985.1	-999.9
Bobo-Dioulasso	2002	12	15	349	21.3	34.9	20.5	-999.9	0.0	2.5	96825.3	-999.9
Bobo-Dioulasso	2002	12	16	350	20.8	34.3	20.3	-999.9	0.0	2.5	96758.1	-999.9
Bobo-Dioulasso	2002	12	17	351	21.4	33.5	20.7	-999.9	0.0	2.8	96850.6	-999.9
Bobo-Dioulasso	2002	12	18	352	19.6	31.1	17.5	-999.9	0.1	2.2	96880.8	-999.9
Bobo-Dioulasso	2002	12	19	353	16.9	32.4	20.7	-999.9	0.0	2.0	96889.1	-999.9
Bobo-Dioulasso	2002	12	20	354	18.3	33.0	20.6	-999.9	0.0	2.2	96874.3	-999.9
Bobo-Dioulasso	2002	12	21	355	18.2	32.9	20.7	-999.9	0.0	2.3	96839.3	-999.9
Bobo-Dioulasso	2002	12	22	356	18.2	32.3	21.0	-999.9	0.0	2.5	96905.3	-999.9
Bobo-Dioulasso	2002	12	23	357	17.9	31.8	21.1	-999.9	0.0	2.7	96982.4	-999.9
Bobo-Dioulasso	2002	12	24	358	18.4	31.3	21.1	-999.9	0.0	2.6	97054.2	-999.9
Bobo-Dioulasso	2002	12	25	359	17.9	31.0	21.0	-999.9	0.0	2.6	97162.2	-999.9
Bobo-Dioulasso	2002	12	26	360	17.3	30.4	21.3	-999.9	0.0	2.5	97111.7	-999.9
Bobo-Dioulasso	2002	12	27	361	15.5	30.0	20.7	-999.9	0.0	2.3	97013.6	-999.9
Bobo-Dioulasso	2002	12	28	362	15.2	30.6	21.1	-999.9	0.0	2.1	96978.4	-999.9
Bobo-Dioulasso	2002	12	29	363	16.0	31.8	21.0	-999.9	0.0	2.2	96994.2	-999.9
Bobo-Dioulasso	2002	12	30	364	17.5	32.1	20.7	-999.9	0.0	2.3	97035.6	-999.9
Bobo-Dioulasso	2002	12	31	365	18.0	31.6	20.9	-999.9	0.0	2.5	97025.3	-999.9
