Bobo-Dioulasso	1990	1	1	1	20.8	29.3	17.4	-999.9	0.0	2.5	96889.6	-999.9
Bobo-Dioulasso	1990	1	2	2	17.9	29.4	20.5	-999.9	0.0	2.3	96871.5	-999.9
Bobo-Dioulasso	1990	1	3	3	17.9	30.9	20.4	-999.9	0.0	2.1	96824.0	-999.9
Bobo-Dioulasso	1990	1	4	4	17.3	31.9	20.5	-999.9	0.0	1.9	96795.5	-999.9
Bobo-Dioulasso	1990	1	5	5	17.6	32.2	20.7	-999.9	0.0	2.1	96706.8	-999.9
Bobo-Dioulasso	1990	1	6	6	17.7	32.0	20.8	-999.9	0.0	2.1	96770.7	-999.9
Bobo-Dioulasso	1990	1	7	7	17.8	33.1	20.9	-999.9	0.0	2.1	96738.4	-999.9
Bobo-Dioulasso	1990	1	8	8	18.6	34.1	20.7	-999.9	0.0	1.9	96698.3	-999.9
Bobo-Dioulasso	1990	1	9	9	21.8	33.8	20.5	-999.9	0.0	2.1	96722.9	-999.9
Bobo-Dioulasso	1990	1	10	10	19.6	34.3	20.7	-999.9	0.0	1.8	96617.3	-999.9
Bobo-Dioulasso	1990	1	11	11	22.2	33.4	17.9	-999.9	0.0	1.3	96550.7	-999.9
Bobo-Dioulasso	1990	1	12	12	20.6	33.1	19.4	-999.9	0.0	1.5	96601.2	-999.9
Bobo-Dioulasso	1990	1	13	13	21.4	33.6	20.1	-999.9	0.0	2.4	96665.5	-999.9
Bobo-Dioulasso	1990	1	14	14	20.9	32.2	16.5	-999.9	0.0	2.4	96720.1	-999.9
Bobo-Dioulasso	1990	1	15	15	19.0	33.2	21.3	-999.9	0.0	2.4	96657.2	-999.9
Bobo-Dioulasso	1990	1	16	16	18.9	33.1	21.3	-999.9	0.0	2.5	96684.2	-999.9
Bobo-Dioulasso	1990	1	17	17	19.6	34.6	21.1	-999.9	0.0	2.3	96653.4	-999.9
Bobo-Dioulasso	1990	1	18	18	20.5	35.3	21.1	-999.9	0.0	2.2	96493.5	-999.9
Bobo-Dioulasso	1990	1	19	19	19.6	35.3	21.3	-999.9	0.0	1.5	96406.4	-999.9
Bobo-Dioulasso	1990	1	20	20	20.2	33.4	19.0	-999.9	0.0	2.5	96526.0	-999.9
Bobo-Dioulasso	1990	1	21	21	20.1	31.1	21.2	-999.9	0.0	3.3	96700.6	-999.9
Bobo-Dioulasso	1990	1	22	22	17.6	28.7	21.3	-999.9	0.0	3.3	96878.6	-999.9
Bobo-Dioulasso	1990	1	23	23	16.9	28.1	21.4	-999.9	0.0	3.2	96949.2	-999.9
Bobo-Dioulasso	1990	1	24	24	16.7	28.3	21.4	-999.9	0.0	2.8	96910.9	-999.9
Bobo-Dioulasso	1990	1	25	25	17.4	30.4	21.3	-999.9	0.0	2.6	96846.0	-999.9
Bobo-Dioulasso	1990	1	26	26	19.6	32.3	21.4	-999.9	0.0	2.4	96726.1	-999.9
Bobo-Dioulasso	1990	1	27	27	20.2	33.5	20.9	-999.9	0.0	2.1	96622.0	-999.9
Bobo-Dioulasso	1990	1	28	28	21.9	34.3	20.1	-999.9	0.0	2.0	96550.3	-999.9
Bobo-Dioulasso	1990	1	29	29	21.3	34.4	21.6	-999.9	0.0	2.4	96600.4	-999.9
Bobo-Dioulasso	1990	1	30	30	20.9	34.5	22.0	-999.9	0.0	2.4	96664.1	-999.9
Bobo-Dioulasso	1990	1	31	31	20.3	34.7	22.3	-999.9	0.0	2.2	96672.1	-999.9
Bobo-Dioulasso	1990	2	1	32	19.8	35.2	22.4	-999.9	0.0	2.2	96572.7	-999.9
Bobo-Dioulasso	1990	2	2	33	20.5	35.8	22.4	-999.9	0.0	2.2	96511.0	-999.9
Bobo-Dioulasso	1990	2	3	34	20.3	35.2	22.3	-999.9	0.0	2.1	96566.3	-999.9
Bobo-Dioulasso	1990	2	4	35	19.8	35.3	22.2	-999.9	0.0	2.3	96617.8	-999.9
Bobo-Dioulasso	1990	2	5	36	21.9	35.7	22.4	-999.9	0.0	2.7	96657.8	-999.9
Bobo-Dioulasso	1990	2	6	37	20.5	34.4	22.8	-999.9	0.0	2.8	96736.8	-999.9
Bobo-Dioulasso	1990	2	7	38	20.1	32.7	21.9	-999.9	0.0	2.8	96820.3	-999.9
Bobo-Dioulasso	1990	2	8	39	18.1	32.2	22.5	-999.9	0.0	2.6	96868.8	-999.9
Bobo-Dioulasso	1990	2	9	40	19.3	32.8	22.8	-999.9	0.0	2.3	96781.2	-999.9
Bobo-Dioulasso	1990	2	10	41	18.9	32.6	22.9	-999.9	0.0	2.5	96760.8	-999.9
Bobo-Dioulasso	1990	2	11	42	19.5	33.1	23.0	-999.9	0.0	2.9	96806.0	-999.9
Bobo-Dioulasso	1990	2	12	43	19.2	32.6	23.0	-999.9	0.0	2.8	96957.9	-999.9
Bobo-Dioulasso	1990	2	13	44	18.3	32.3	23.3	-999.9	0.0	2.3	96876.4	-999.9
Bobo-Dioulasso	1990	2	14	45	18.1	33.7	23.3	-999.9	0.0	2.1	96742.5	-999.9
Bobo-Dioulasso	1990	2	15	46	19.0	34.9	23.1	-999.9	0.0	2.0	96649.1	-999.9
Bobo-Dioulasso	1990	2	16	47	20.0	36.1	23.2	-999.9	0.0	2.0	96555.4	-999.9
Bobo-Dioulasso	1990	2	17	48	19.7	36.7	23.3	-999.9	0.0	1.7	96491.1	-999.9
Bobo-Dioulasso	1990	2	18	49	19.8	36.5	23.3	-999.9	0.0	1.5	96558.8	-999.9
Bobo-Dioulasso	1990	2	19	50	21.2	36.6	23.1	-999.9	0.0	1.5	96655.1	-999.9
Bobo-Dioulasso	1990	2	20	51	22.1	36.3	22.5	-999.9	0.0	1.7	96584.7	-999.9
Bobo-Dioulasso	1990	2	21	52	22.3	36.0	22.3	-999.9	0.3	2.0	96559.4	-999.9
Bobo-Dioulasso	1990	2	22	53	21.7	36.1	22.9	-999.9	0.3	1.9	96539.5	-999.9
Bobo-Dioulasso	1990	2	23	54	24.2	35.0	20.3	-999.9	0.3	2.0	96599.0	-999.9
Bobo-Dioulasso	1990	2	24	55	22.7	34.4	23.8	-999.9	0.3	2.4	96754.3	-999.9
Bobo-Dioulasso	1990	2	25	56	21.3	32.1	19.8	-999.9	0.3	2.6	96833.4	-999.9
Bobo-Dioulasso	1990	2	26	57	21.4	33.5	23.2	-999.9	0.0	2.9	96800.1	-999.9
Bobo-Dioulasso	1990	2	27	58	22.7	33.8	21.6	-999.9	0.0	2.7	96810.1	-999.9
Bobo-Dioulasso	1990	2	28	59	22.6	35.2	23.9	-999.9	0.0	2.7	96712.5	-999.9
Bobo-Dioulasso	1990	3	1	60	22.2	35.9	24.1	-999.9	0.0	2.0	96674.8	-999.9
Bobo-Dioulasso	1990	3	2	61	21.7	35.9	24.2	-999.9	0.0	2.1	96667.5	-999.9
Bobo-Dioulasso	1990	3	3	62	22.2	36.5	23.3	-999.9	0.0	2.1	96732.5	-999.9
Bobo-Dioulasso	1990	3	4	63	22.5	37.4	23.7	-999.9	0.0	2.2	96693.1	-999.9
Bobo-Dioulasso	1990	3	5	64	22.1	37.9	24.4	-999.9	0.0	2.5	96688.3	-999.9
Bobo-Dioulasso	1990	3	6	65	22.8	38.1	24.8	-999.9	0.0	2.6	96635.5	-999.9
Bobo-Dioulasso	1990	3	7	66	22.7	38.5	24.9	-999.9	0.0	3.0	96645.2	-999.9
Bobo-Dioulasso	1990	3	8	67	21.1	37.3	25.4	-999.9	0.0	2.7	96691.6	-999.9
Bobo-Dioulasso	1990	3	9	68	21.8	37.1	25.4	-999.9	0.0	2.5	96765.9	-999.9
Bobo-Dioulasso	1990	3	10	69	23.0	36.5	24.8	-999.9	0.0	2.7	96891.7	-999.9
Bobo-Dioulasso	1990	3	11	70	23.6	36.7	25.2	-999.9	0.0	3.0	96956.5	-999.9
Bobo-Dioulasso	1990	3	12	71	21.7	35.0	25.7	-999.9	0.0	2.7	96880.7	-999.9
Bobo-Dioulasso	1990	3	13	72	20.4	35.8	25.8	-999.9	0.0	2.5	96770.4	-999.9
Bobo-Dioulasso	1990	3	14	73	20.7	35.7	25.0	-999.9	0.0	2.4	96714.5	-999.9
Bobo-Dioulasso	1990	3	15	74	20.2	36.3	25.8	-999.9	0.0	2.0	96621.1	-999.9
Bobo-Dioulasso	1990	3	16	75	21.6	37.0	25.8	-999.9	0.0	2.3	96505.7	-999.9
Bobo-Dioulasso	1990	3	17	76	22.0	37.9	25.8	-999.9	0.0	2.3	96456.3	-999.9
Bobo-Dioulasso	1990	3	18	77	22.8	38.4	25.8	-999.9	0.0	2.2	96526.3	-999.9
Bobo-Dioulasso	1990	3	19	78	23.4	38.0	25.8	-999.9	0.0	2.7	96580.2	-999.9
Bobo-Dioulasso	1990	3	20	79	21.7	37.4	25.9	-999.9	0.0	2.5	96667.7	-999.9
Bobo-Dioulasso	1990	3	21	80	22.4	36.9	25.9	-999.9	0.0	2.6	96662.5	-999.9
Bobo-Dioulasso	1990	3	22	81	23.0	36.4	25.9	-999.9	0.0	2.4	96587.0	-999.9
Bobo-Dioulasso	1990	3	23	82	22.3	36.8	26.0	-999.9	0.0	2.4	96606.3	-999.9
Bobo-Dioulasso	1990	3	24	83	22.3	37.1	25.9	-999.9	0.0	2.6	96637.0	-999.9
Bobo-Dioulasso	1990	3	25	84	22.2	36.5	25.9	-999.9	0.0	2.4	96653.2	-999.9
Bobo-Dioulasso	1990	3	26	85	21.3	36.9	25.3	-999.9	0.0	2.3	96466.6	-999.9
Bobo-Dioulasso	1990	3	27	86	21.1	37.7	26.3	-999.9	0.0	2.3	96424.1	-999.9
Bobo-Dioulasso	1990	3	28	87	21.3	38.6	26.4	-999.9	0.0	1.8	96373.8	-999.9
Bobo-Dioulasso	1990	3	29	88	22.6	39.0	26.2	-999.9	0.0	2.0	96283.7	-999.9
Bobo-Dioulasso	1990	3	30	89	24.4	38.0	23.7	-999.9	0.0	1.7	96275.3	-999.9
Bobo-Dioulasso	1990	3	31	90	27.3	38.6	22.2	-999.9	0.0	2.5	96394.4	-999.9
Bobo-Dioulasso	1990	4	1	91	27.3	39.2	23.9	-999.9	0.0	2.7	96503.0	-999.9
Bobo-Dioulasso	1990	4	2	92	25.5	39.1	24.9	-999.9	0.0	2.3	96480.0	-999.9
Bobo-Dioulasso	1990	4	3	93	27.2	38.2	24.0	-999.9	0.0	2.2	96421.3	-999.9
Bobo-Dioulasso	1990	4	4	94	27.4	38.6	23.3	-999.9	0.0	2.3	96402.8	-999.9
Bobo-Dioulasso	1990	4	5	95	28.4	38.3	22.9	-999.9	0.0	2.3	96481.7	-999.9
Bobo-Dioulasso	1990	4	6	96	26.0	35.7	20.8	-999.9	0.0	2.7	96488.6	-999.9
Bobo-Dioulasso	1990	4	7	97	24.9	35.0	21.3	-999.9	1.9	2.5	96593.3	-999.9
Bobo-Dioulasso	1990	4	8	98	25.5	38.1	24.0	-999.9	0.0	2.4	96626.0	-999.9
Bobo-Dioulasso	1990	4	9	99	27.3	37.3	23.7	-999.9	0.0	2.4	96570.3	-999.9
Bobo-Dioulasso	1990	4	10	100	26.1	35.5	16.9	-999.9	0.0	2.2	96544.3	-999.9
Bobo-Dioulasso	1990	4	11	101	26.3	37.6	24.3	-999.9	0.0	2.1	96487.8	-999.9
Bobo-Dioulasso	1990	4	12	102	27.5	36.9	22.7	-999.9	0.0	2.5	96603.4	-999.9
Bobo-Dioulasso	1990	4	13	103	25.7	38.2	24.8	-999.9	0.0	2.1	96497.3	-999.9
Bobo-Dioulasso	1990	4	14	104	26.8	37.1	22.4	-999.9	2.2	2.8	96414.6	-999.9
Bobo-Dioulasso	1990	4	15	105	26.4	35.1	22.3	-999.9	0.0	1.9	96442.8	-999.9
Bobo-Dioulasso	1990	4	16	106	25.9	32.3	19.1	-999.9	3.7	2.0	96507.7	-999.9
Bobo-Dioulasso	1990	4	17	107	24.5	31.8	20.3	-999.9	0.0	1.9	96489.8	-999.9
Bobo-Dioulasso	1990	4	18	108	24.6	34.4	24.0	-999.9	0.0	1.7	96475.7	-999.9
Bobo-Dioulasso	1990	4	19	109	24.9	35.7	25.0	-999.9	0.0	1.9	96409.7	-999.9
Bobo-Dioulasso	1990	4	20	110	25.6	36.3	25.0	-999.9	3.7	2.6	96372.6	-999.9
Bobo-Dioulasso	1990	4	21	111	26.0	37.1	24.1	-999.9	0.0	2.1	96321.6	-999.9
Bobo-Dioulasso	1990	4	22	112	27.0	37.4	23.3	-999.9	0.0	1.8	96314.0	-999.9
Bobo-Dioulasso	1990	4	23	113	27.4	37.9	23.4	-999.9	1.5	2.6	96271.9	-999.9
Bobo-Dioulasso	1990	4	24	114	26.1	37.1	21.6	-999.9	1.3	2.7	96317.0	-999.9
Bobo-Dioulasso	1990	4	25	115	27.2	38.9	22.7	-999.9	0.0	2.7	96231.3	-999.9
Bobo-Dioulasso	1990	4	26	116	26.5	35.2	18.4	-999.9	0.0	2.6	96261.3	-999.9
Bobo-Dioulasso	1990	4	27	117	26.6	35.8	23.2	-999.9	0.0	2.3	96337.5	-999.9
Bobo-Dioulasso	1990	4	28	118	25.4	37.4	23.8	-999.9	2.8	1.6	96368.1	-999.9
Bobo-Dioulasso	1990	4	29	119	25.2	36.5	22.7	-999.9	1.4	2.5	96347.6	-999.9
Bobo-Dioulasso	1990	4	30	120	24.7	34.4	19.7	-999.9	0.0	2.0	96323.2	-999.9
Bobo-Dioulasso	1990	5	1	121	24.3	34.1	18.7	-999.9	7.4	1.8	96391.5	-999.9
Bobo-Dioulasso	1990	5	2	122	25.3	36.5	23.3	-999.9	0.0	1.8	96351.4	-999.9
Bobo-Dioulasso	1990	5	3	123	25.8	37.5	24.1	-999.9	0.0	2.3	96265.2	-999.9
Bobo-Dioulasso	1990	5	4	124	26.6	38.3	24.0	-999.9	0.0	2.7	96221.7	-999.9
Bobo-Dioulasso	1990	5	5	125	25.0	36.0	23.7	-999.9	11.0	2.9	96367.6	-999.9
Bobo-Dioulasso	1990	5	6	126	26.1	37.5	23.5	-999.9	4.6	2.6	96447.2	-999.9
Bobo-Dioulasso	1990	5	7	127	24.0	34.8	22.5	-999.9	4.0	1.8	96611.9	-999.9
Bobo-Dioulasso	1990	5	8	128	25.4	34.9	21.6	-999.9	8.0	2.4	96551.1	-999.9
Bobo-Dioulasso	1990	5	9	129	25.3	34.7	22.9	-999.9	9.1	2.5	96543.1	-999.9
Bobo-Dioulasso	1990	5	10	130	24.5	35.2	23.5	-999.9	0.0	2.2	96529.8	-999.9
Bobo-Dioulasso	1990	5	11	131	25.5	35.8	23.0	-999.9	14.7	1.7	96462.1	-999.9
Bobo-Dioulasso	1990	5	12	132	25.7	35.1	22.1	-999.9	8.4	1.9	96494.3	-999.9
Bobo-Dioulasso	1990	5	13	133	25.1	35.4	22.9	-999.9	0.0	1.9	96566.5	-999.9
Bobo-Dioulasso	1990	5	14	134	25.3	35.2	23.5	-999.9	0.0	2.4	96593.2	-999.9
Bobo-Dioulasso	1990	5	15	135	26.2	36.6	24.3	-999.9	0.0	2.5	96637.1	-999.9
Bobo-Dioulasso	1990	5	16	136	25.7	36.7	24.1	-999.9	8.4	2.5	96670.1	-999.9
Bobo-Dioulasso	1990	5	17	137	26.2	36.3	24.0	-999.9	0.0	2.2	96647.2	-999.9
Bobo-Dioulasso	1990	5	18	138	26.2	36.8	23.9	-999.9	0.0	2.0	96692.9	-999.9
Bobo-Dioulasso	1990	5	19	139	26.6	36.5	24.1	-999.9	0.0	1.8	96764.8	-999.9
Bobo-Dioulasso	1990	5	20	140	25.1	36.8	23.7	-999.9	12.7	2.4	96729.5	-999.9
Bobo-Dioulasso	1990	5	21	141	25.3	35.9	21.9	-999.9	2.7	2.8	96736.4	-999.9
Bobo-Dioulasso	1990	5	22	142	25.8	35.3	24.1	-999.9	0.0	2.2	96715.3	-999.9
Bobo-Dioulasso	1990	5	23	143	25.4	34.4	23.4	-999.9	2.7	2.2	96733.9	-999.9
Bobo-Dioulasso	1990	5	24	144	25.4	34.7	23.3	-999.9	0.0	2.0	96762.0	-999.9
Bobo-Dioulasso	1990	5	25	145	24.1	34.6	23.9	-999.9	5.4	2.3	96762.2	-999.9
Bobo-Dioulasso	1990	5	26	146	24.2	34.4	23.0	-999.9	0.0	2.3	96759.8	-999.9
Bobo-Dioulasso	1990	5	27	147	25.8	36.1	23.1	-999.9	0.0	2.8	96703.4	-999.9
Bobo-Dioulasso	1990	5	28	148	25.9	35.0	23.2	-999.9	6.1	3.0	96720.9	-999.9
Bobo-Dioulasso	1990	5	29	149	25.1	33.3	19.0	-999.9	6.1	2.4	96827.0	-999.9
Bobo-Dioulasso	1990	5	30	150	24.0	33.3	22.6	-999.9	0.0	2.3	96823.2	-999.9
Bobo-Dioulasso	1990	5	31	151	23.5	31.4	22.5	-999.9	24.4	1.8	96812.9	-999.9
Bobo-Dioulasso	1990	6	1	152	23.6	32.2	22.5	-999.9	10.5	1.7	96882.9	-999.9
Bobo-Dioulasso	1990	6	2	153	24.2	33.9	23.7	-999.9	10.5	1.6	96836.3	-999.9
Bobo-Dioulasso	1990	6	3	154	25.2	34.8	23.9	-999.9	10.5	2.4	96740.6	-999.9
Bobo-Dioulasso	1990	6	4	155	24.3	34.3	25.1	-999.9	0.0	2.1	96802.0	-999.9
Bobo-Dioulasso	1990	6	5	156	25.2	36.0	24.1	-999.9	5.2	1.8	96766.8	-999.9
Bobo-Dioulasso	1990	6	6	157	25.1	33.5	21.8	-999.9	0.0	2.3	96766.9	-999.9
Bobo-Dioulasso	1990	6	7	158	25.0	33.4	22.5	-999.9	0.0	2.6	96773.9	-999.9
Bobo-Dioulasso	1990	6	8	159	25.3	33.2	22.8	-999.9	25.5	2.2	96768.9	-999.9
Bobo-Dioulasso	1990	6	9	160	23.9	32.8	23.5	-999.9	0.0	1.7	96845.2	-999.9
Bobo-Dioulasso	1990	6	10	161	24.1	34.6	23.7	-999.9	0.0	1.7	96767.1	-999.9
Bobo-Dioulasso	1990	6	11	162	25.3	35.2	24.4	-999.9	0.0	2.2	96708.7	-999.9
Bobo-Dioulasso	1990	6	12	163	24.1	33.4	21.3	-999.9	8.8	2.4	96736.1	-999.9
Bobo-Dioulasso	1990	6	13	164	23.7	31.9	19.9	-999.9	4.4	2.1	96708.3	-999.9
Bobo-Dioulasso	1990	6	14	165	22.9	30.4	19.7	-999.9	4.4	2.0	96764.0	-999.9
Bobo-Dioulasso	1990	6	15	166	23.4	31.6	24.5	-999.9	0.0	1.8	96852.8	-999.9
Bobo-Dioulasso	1990	6	16	167	24.6	31.4	21.2	-999.9	7.0	2.0	96865.8	-999.9
Bobo-Dioulasso	1990	6	17	168	23.8	30.0	17.9	-999.9	0.0	2.4	96913.2	-999.9
Bobo-Dioulasso	1990	6	18	169	23.8	31.3	21.7	-999.9	13.9	2.2	96974.0	-999.9
Bobo-Dioulasso	1990	6	19	170	23.2	32.6	24.0	-999.9	0.0	1.7	96974.0	-999.9
Bobo-Dioulasso	1990	6	20	171	23.5	31.6	20.7	-999.9	0.0	2.3	96990.8	-999.9
Bobo-Dioulasso	1990	6	21	172	23.3	31.9	23.2	-999.9	6.8	2.7	96978.1	-999.9
Bobo-Dioulasso	1990	6	22	173	23.7	33.4	24.7	-999.9	0.0	2.2	96779.5	-999.9
Bobo-Dioulasso	1990	6	23	174	23.3	32.8	23.8	-999.9	0.0	2.6	96684.5	-999.9
Bobo-Dioulasso	1990	6	24	175	23.9	31.6	20.7	-999.9	20.3	2.4	96668.6	-999.9
Bobo-Dioulasso	1990	6	25	176	22.6	30.7	18.9	-999.9	0.0	2.6	96782.8	-999.9
Bobo-Dioulasso	1990	6	26	177	22.9	30.4	18.8	-999.9	0.0	2.6	96847.5	-999.9
Bobo-Dioulasso	1990	6	27	178	23.0	29.8	16.9	-999.9	4.7	2.7	96768.7	-999.9
Bobo-Dioulasso	1990	6	28	179	22.1	29.3	17.9	-999.9	0.0	2.7	96792.4	-999.9
Bobo-Dioulasso	1990	6	29	180	22.3	29.9	21.5	-999.9	0.0	1.9	96914.2	-999.9
Bobo-Dioulasso	1990	6	30	181	23.1	31.2	21.6	-999.9	0.0	1.7	96904.2	-999.9
Bobo-Dioulasso	1990	7	1	182	23.3	31.7	22.1	-999.9	4.7	1.8	96733.9	-999.9
Bobo-Dioulasso	1990	7	2	183	23.4	29.2	14.4	-999.9	0.0	2.7	96692.3	-999.9
Bobo-Dioulasso	1990	7	3	184	22.5	29.1	16.7	-999.9	0.0	2.7	96846.7	-999.9
Bobo-Dioulasso	1990	7	4	185	22.8	31.2	22.6	-999.9	0.0	2.4	96915.2	-999.9
Bobo-Dioulasso	1990	7	5	186	22.4	30.7	20.1	-999.9	9.4	1.6	96903.0	-999.9
Bobo-Dioulasso	1990	7	6	187	22.4	29.5	18.0	-999.9	21.2	1.7	96809.4	-999.9
Bobo-Dioulasso	1990	7	7	188	22.7	30.5	22.2	-999.9	14.2	2.1	96847.2	-999.9
Bobo-Dioulasso	1990	7	8	189	22.6	32.1	22.1	-999.9	14.2	2.4	96782.5	-999.9
Bobo-Dioulasso	1990	7	9	190	22.6	29.7	18.4	-999.9	0.0	2.3	96777.3	-999.9
Bobo-Dioulasso	1990	7	10	191	22.5	29.6	19.3	-999.9	7.1	1.9	96819.6	-999.9
Bobo-Dioulasso	1990	7	11	192	22.7	29.8	18.8	-999.9	13.0	1.8	96859.8	-999.9
Bobo-Dioulasso	1990	7	12	193	22.2	29.4	19.7	-999.9	0.0	1.9	96942.6	-999.9
Bobo-Dioulasso	1990	7	13	194	22.2	27.8	15.0	-999.9	14.9	2.1	96847.1	-999.9
Bobo-Dioulasso	1990	7	14	195	21.7	27.5	16.4	-999.9	13.0	2.3	96852.5	-999.9
Bobo-Dioulasso	1990	7	15	196	21.9	28.7	21.3	-999.9	0.0	1.6	96924.8	-999.9
Bobo-Dioulasso	1990	7	16	197	21.7	28.7	19.5	-999.9	15.4	2.1	96880.0	-999.9
Bobo-Dioulasso	1990	7	17	198	21.6	29.1	20.2	-999.9	0.0	1.9	96750.6	-999.9
Bobo-Dioulasso	1990	7	18	199	21.9	28.7	19.7	-999.9	38.5	2.1	96779.8	-999.9
Bobo-Dioulasso	1990	7	19	200	22.2	28.1	16.6	-999.9	15.4	2.0	96762.1	-999.9
Bobo-Dioulasso	1990	7	20	201	21.7	28.9	21.3	-999.9	7.7	1.8	96758.1	-999.9
Bobo-Dioulasso	1990	7	21	202	21.8	28.6	16.2	-999.9	7.8	1.9	96755.7	-999.9
Bobo-Dioulasso	1990	7	22	203	21.5	27.9	16.3	-999.9	15.6	2.3	96667.6	-999.9
Bobo-Dioulasso	1990	7	23	204	21.9	27.7	16.0	-999.9	0.0	2.5	96740.2	-999.9
Bobo-Dioulasso	1990	7	24	205	21.3	28.1	21.1	-999.9	0.0	1.5	96976.9	-999.9
Bobo-Dioulasso	1990	7	25	206	21.5	29.4	22.7	-999.9	15.6	1.3	97035.3	-999.9
Bobo-Dioulasso	1990	7	26	207	22.7	29.8	20.5	-999.9	0.0	1.8	96875.4	-999.9
Bobo-Dioulasso	1990	7	27	208	22.0	29.7	20.6	-999.9	24.1	2.1	96848.6	-999.9
Bobo-Dioulasso	1990	7	28	209	22.0	28.9	18.6	-999.9	0.0	2.0	96915.3	-999.9
Bobo-Dioulasso	1990	7	29	210	21.3	25.9	12.2	-999.9	12.0	2.0	97055.9	-999.9
Bobo-Dioulasso	1990	7	30	211	22.2	28.4	18.1	-999.9	0.0	2.4	97033.7	-999.9
Bobo-Dioulasso	1990	7	31	212	21.9	28.2	20.5	-999.9	0.0	2.0	97078.6	-999.9
Bobo-Dioulasso	1990	8	1	213	21.9	28.6	19.5	-999.9	12.8	1.8	97004.5	-999.9
Bobo-Dioulasso	1990	8	2	214	21.2	26.4	14.1	-999.9	51.2	1.8	96921.0	-999.9
Bobo-Dioulasso	1990	8	3	215	21.4	27.8	16.9	-999.9	12.8	1.9	96900.0	-999.9
Bobo-Dioulasso	1990	8	4	216	21.6	26.9	16.9	-999.9	0.0	2.0	96945.6	-999.9
Bobo-Dioulasso	1990	8	5	217	21.6	28.4	19.9	-999.9	0.0	1.7	96950.0	-999.9
Bobo-Dioulasso	1990	8	6	218	21.3	28.5	21.0	-999.9	0.0	1.8	96912.6	-999.9
Bobo-Dioulasso	1990	8	7	219	21.8	28.3	20.0	-999.9	16.9	2.1	96912.3	-999.9
Bobo-Dioulasso	1990	8	8	220	21.6	28.5	19.6	-999.9	0.0	1.8	97023.6	-999.9
Bobo-Dioulasso	1990	8	9	221	22.0	28.4	15.4	-999.9	29.5	1.7	96926.3	-999.9
Bobo-Dioulasso	1990	8	10	222	22.1	27.2	18.4	-999.9	0.0	2.1	96948.1	-999.9
Bobo-Dioulasso	1990	8	11	223	21.1	27.8	19.2	-999.9	0.0	1.9	97092.6	-999.9
Bobo-Dioulasso	1990	8	12	224	21.6	30.0	22.7	-999.9	0.0	2.0	97033.8	-999.9
Bobo-Dioulasso	1990	8	13	225	22.2	26.9	12.8	-999.9	17.9	2.6	96898.1	-999.9
Bobo-Dioulasso	1990	8	14	226	22.0	27.7	15.9	-999.9	30.7	2.3	96895.4	-999.9
Bobo-Dioulasso	1990	8	15	227	21.4	26.2	14.2	-999.9	0.0	1.8	97003.9	-999.9
Bobo-Dioulasso	1990	8	16	228	21.5	28.0	19.2	-999.9	0.0	1.9	97042.6	-999.9
Bobo-Dioulasso	1990	8	17	229	21.2	29.6	23.1	-999.9	0.0	1.6	97024.4	-999.9
Bobo-Dioulasso	1990	8	18	230	22.1	29.7	22.0	-999.9	9.1	1.6	96919.5	-999.9
Bobo-Dioulasso	1990	8	19	231	22.3	29.1	22.4	-999.9	9.1	1.8	96883.2	-999.9
Bobo-Dioulasso	1990	8	20	232	21.9	29.1	21.6	-999.9	0.0	1.4	96877.3	-999.9
Bobo-Dioulasso	1990	8	21	233	22.0	29.1	20.4	-999.9	4.5	1.5	96941.8	-999.9
Bobo-Dioulasso	1990	8	22	234	21.9	30.0	23.2	-999.9	0.0	1.4	96912.6	-999.9
Bobo-Dioulasso	1990	8	23	235	22.5	30.4	23.0	-999.9	4.5	1.6	96837.3	-999.9
Bobo-Dioulasso	1990	8	24	236	22.8	30.5	23.2	-999.9	0.0	2.3	96878.5	-999.9
Bobo-Dioulasso	1990	8	25	237	23.0	30.0	23.0	-999.9	0.0	1.5	96946.0	-999.9
Bobo-Dioulasso	1990	8	26	238	22.2	29.9	22.4	-999.9	0.0	1.5	96819.4	-999.9
Bobo-Dioulasso	1990	8	27	239	22.9	29.9	21.9	-999.9	12.0	1.7	96725.4	-999.9
Bobo-Dioulasso	1990	8	28	240	23.0	29.8	18.6	-999.9	48.1	1.5	96788.9	-999.9
Bobo-Dioulasso	1990	8	29	241	22.1	26.5	13.0	-999.9	0.0	2.0	96952.2	-999.9
Bobo-Dioulasso	1990	8	30	242	21.8	28.3	19.5	-999.9	0.0	1.6	96953.7	-999.9
Bobo-Dioulasso	1990	8	31	243	21.1	29.4	23.0	-999.9	24.1	1.3	96782.0	-999.9
Bobo-Dioulasso	1990	9	1	244	21.6	28.1	16.4	-999.9	0.0	1.6	96748.9	-999.9
Bobo-Dioulasso	1990	9	2	245	21.6	28.3	18.2	-999.9	0.0	1.9	96848.3	-999.9
Bobo-Dioulasso	1990	9	3	246	21.2	29.1	22.2	-999.9	0.0	1.7	96957.8	-999.9
Bobo-Dioulasso	1990	9	4	247	21.9	28.3	18.4	-999.9	0.0	1.5	96919.9	-999.9
Bobo-Dioulasso	1990	9	5	248	22.0	29.4	19.9	-999.9	18.0	1.2	96810.7	-999.9
Bobo-Dioulasso	1990	9	6	249	21.4	28.8	20.2	-999.9	0.0	1.4	96851.5	-999.9
Bobo-Dioulasso	1990	9	7	250	21.2	28.9	21.1	-999.9	0.0	1.6	96867.1	-999.9
Bobo-Dioulasso	1990	9	8	251	22.4	27.8	17.5	-999.9	0.0	1.8	96779.1	-999.9
Bobo-Dioulasso	1990	9	9	252	21.4	29.2	22.7	-999.9	0.0	1.4	96767.8	-999.9
Bobo-Dioulasso	1990	9	10	253	22.0	29.7	21.4	-999.9	0.0	1.4	96736.6	-999.9
Bobo-Dioulasso	1990	9	11	254	23.3	29.3	20.4	-999.9	21.9	1.8	96719.7	-999.9
Bobo-Dioulasso	1990	9	12	255	22.2	25.5	11.7	-999.9	0.0	1.7	96737.4	-999.9
Bobo-Dioulasso	1990	9	13	256	21.9	27.9	16.2	-999.9	0.0	1.5	96781.7	-999.9
Bobo-Dioulasso	1990	9	14	257	21.9	27.6	16.7	-999.9	0.0	1.6	96921.6	-999.9
Bobo-Dioulasso	1990	9	15	258	21.6	28.5	17.3	-999.9	0.0	1.2	96956.0	-999.9
Bobo-Dioulasso	1990	9	16	259	21.9	29.1	22.8	-999.9	9.6	1.4	96950.8	-999.9
Bobo-Dioulasso	1990	9	17	260	22.6	28.7	18.3	-999.9	0.0	1.8	96941.2	-999.9
Bobo-Dioulasso	1990	9	18	261	22.0	28.9	20.5	-999.9	0.0	1.6	96932.1	-999.9
Bobo-Dioulasso	1990	9	19	262	22.5	29.3	22.0	-999.9	0.0	1.3	96870.5	-999.9
Bobo-Dioulasso	1990	9	20	263	22.1	29.1	18.3	-999.9	9.6	1.3	96834.2	-999.9
Bobo-Dioulasso	1990	9	21	264	21.5	28.6	17.9	-999.9	0.0	1.2	96816.9	-999.9
Bobo-Dioulasso	1990	9	22	265	21.1	30.3	23.6	-999.9	0.0	1.3	96756.2	-999.9
Bobo-Dioulasso	1990	9	23	266	22.5	29.5	22.9	-999.9	0.0	1.5	96799.3	-999.9
Bobo-Dioulasso	1990	9	24	267	23.0	29.7	21.1	-999.9	15.7	1.5	96747.3	-999.9
Bobo-Dioulasso	1990	9	25	268	22.5	29.4	20.6	-999.9	10.5	1.5	96753.8	-999.9
Bobo-Dioulasso	1990	9	26	269	21.6	29.1	20.9	-999.9	0.0	1.5	96810.0	-999.9
Bobo-Dioulasso	1990	9	27	270	22.3	29.5	21.4	-999.9	0.0	1.1	96888.8	-999.9
Bobo-Dioulasso	1990	9	28	271	22.0	29.2	21.2	-999.9	0.0	1.7	96877.0	-999.9
Bobo-Dioulasso	1990	9	29	272	21.6	29.3	22.5	-999.9	0.0	1.9	96921.0	-999.9
Bobo-Dioulasso	1990	9	30	273	22.6	29.9	23.3	-999.9	12.1	1.9	96878.5	-999.9
Bobo-Dioulasso	1990	10	1	274	22.7	29.7	22.6	-999.9	0.0	1.5	96861.4	-999.9
Bobo-Dioulasso	1990	10	2	275	22.8	29.9	21.8	-999.9	0.0	1.2	96833.4	-999.9
Bobo-Dioulasso	1990	10	3	276	22.9	29.6	21.8	-999.9	5.4	1.6	96753.0	-999.9
Bobo-Dioulasso	1990	10	4	277	22.0	27.4	12.8	-999.9	10.8	1.3	96802.7	-999.9
Bobo-Dioulasso	1990	10	5	278	21.5	29.7	21.8	-999.9	0.0	1.3	96691.9	-999.9
Bobo-Dioulasso	1990	10	6	279	23.0	29.5	19.9	-999.9	5.2	1.8	96700.4	-999.9
Bobo-Dioulasso	1990	10	7	280	22.7	30.0	20.6	-999.9	0.0	1.6	96704.5	-999.9
Bobo-Dioulasso	1990	10	8	281	22.9	29.8	19.5	-999.9	0.0	1.7	96718.4	-999.9
Bobo-Dioulasso	1990	10	9	282	22.8	30.8	22.6	-999.9	5.2	1.6	96766.6	-999.9
Bobo-Dioulasso	1990	10	10	283	23.2	31.7	22.9	-999.9	0.0	1.5	96746.3	-999.9
Bobo-Dioulasso	1990	10	11	284	23.6	32.4	23.3	-999.9	3.3	1.8	96618.6	-999.9
Bobo-Dioulasso	1990	10	12	285	24.0	31.0	20.5	-999.9	3.3	1.8	96741.0	-999.9
Bobo-Dioulasso	1990	10	13	286	23.4	31.3	21.2	-999.9	0.0	1.8	96788.9	-999.9
Bobo-Dioulasso	1990	10	14	287	23.8	33.2	23.0	-999.9	3.3	2.0	96574.8	-999.9
Bobo-Dioulasso	1990	10	15	288	24.0	30.4	18.2	-999.9	0.0	2.0	96637.5	-999.9
Bobo-Dioulasso	1990	10	16	289	22.2	30.3	20.9	-999.9	0.0	1.6	96695.5	-999.9
Bobo-Dioulasso	1990	10	17	290	22.4	31.5	22.3	-999.9	0.0	1.6	96725.0	-999.9
Bobo-Dioulasso	1990	10	18	291	23.1	31.6	21.3	-999.9	0.0	1.8	96786.1	-999.9
Bobo-Dioulasso	1990	10	19	292	22.1	31.4	21.8	-999.9	0.0	1.4	96802.7	-999.9
Bobo-Dioulasso	1990	10	20	293	23.1	32.9	21.9	-999.9	0.0	1.5	96656.5	-999.9
Bobo-Dioulasso	1990	10	21	294	23.8	32.9	21.4	-999.9	0.0	2.1	96571.7	-999.9
Bobo-Dioulasso	1990	10	22	295	23.4	32.5	21.9	-999.9	0.0	1.8	96691.1	-999.9
Bobo-Dioulasso	1990	10	23	296	23.3	32.5	21.1	-999.9	0.0	1.6	96752.2	-999.9
Bobo-Dioulasso	1990	10	24	297	23.7	32.5	21.1	-999.9	2.9	1.4	96762.8	-999.9
Bobo-Dioulasso	1990	10	25	298	24.4	32.8	21.0	-999.9	0.0	1.7	96716.1	-999.9
Bobo-Dioulasso	1990	10	26	299	23.2	31.9	19.4	-999.9	0.0	1.9	96760.0	-999.9
Bobo-Dioulasso	1990	10	27	300	23.7	33.2	20.5	-999.9	0.0	1.7	96781.7	-999.9
Bobo-Dioulasso	1990	10	28	301	23.7	34.3	21.8	-999.9	0.0	1.6	96787.6	-999.9
Bobo-Dioulasso	1990	10	29	302	23.7	34.5	21.8	-999.9	0.0	1.6	96739.3	-999.9
Bobo-Dioulasso	1990	10	30	303	23.5	34.0	21.2	-999.9	0.0	1.9	96742.4	-999.9
Bobo-Dioulasso	1990	10	31	304	23.8	33.5	20.2	-999.9	0.0	1.7	96725.0	-999.9
Bobo-Dioulasso	1990	11	1	305	24.4	32.6	20.2	-999.9	4.5	2.0	96762.8	-999.9
Bobo-Dioulasso	1990	11	2	306	24.6	32.5	18.8	-999.9	4.5	1.7	96758.4	-999.9
Bobo-Dioulasso	1990	11	3	307	22.9	32.7	19.6	-999.9	4.5	1.2	96705.4	-999.9
Bobo-Dioulasso	1990	11	4	308	22.5	33.1	20.8	-999.9	0.0	1.7	96629.9	-999.9
Bobo-Dioulasso	1990	11	5	309	23.3	33.7	20.7	-999.9	0.0	2.0	96601.5	-999.9
Bobo-Dioulasso	1990	11	6	310	23.0	34.0	20.7	-999.9	0.0	1.8	96631.0	-999.9
Bobo-Dioulasso	1990	11	7	311	21.5	35.0	22.4	-999.9	0.0	1.5	96625.5	-999.9
Bobo-Dioulasso	1990	11	8	312	20.2	34.1	21.3	-999.9	0.0	1.4	96595.2	-999.9
Bobo-Dioulasso	1990	11	9	313	22.2	33.8	21.6	-999.9	0.0	1.5	96700.6	-999.9
Bobo-Dioulasso	1990	11	10	314	23.3	33.8	21.5	-999.9	0.0	1.7	96689.0	-999.9
Bobo-Dioulasso	1990	11	11	315	23.9	33.0	18.7	-999.9	0.0	2.4	96697.0	-999.9
Bobo-Dioulasso	1990	11	12	316	23.6	28.1	9.9	-999.9	2.1	2.4	96812.0	-999.9
Bobo-Dioulasso	1990	11	13	317	23.3	31.8	18.4	-999.9	0.0	1.7	96772.6	-999.9
Bobo-Dioulasso	1990	11	14	318	21.6	32.6	20.6	-999.9	0.0	1.4	96719.8	-999.9
Bobo-Dioulasso	1990	11	15	319	19.6	32.2	21.1	-999.9	0.0	1.1	96692.1	-999.9
Bobo-Dioulasso	1990	11	16	320	19.8	33.3	21.6	-999.9	1.2	1.7	96648.0	-999.9
Bobo-Dioulasso	1990	11	17	321	20.9	34.2	20.8	-999.9	0.0	1.9	96613.5	-999.9
Bobo-Dioulasso	1990	11	18	322	21.0	32.7	18.8	-999.9	0.0	2.0	96741.1	-999.9
Bobo-Dioulasso	1990	11	19	323	20.5	32.6	21.7	-999.9	0.0	2.0	96607.5	-999.9
Bobo-Dioulasso	1990	11	20	324	19.1	33.2	21.4	-999.9	0.0	1.8	96463.6	-999.9
Bobo-Dioulasso	1990	11	21	325	20.3	33.5	20.8	-999.9	0.0	1.7	96503.6	-999.9
Bobo-Dioulasso	1990	11	22	326	20.6	33.8	19.9	-999.9	0.0	1.5	96651.3	-999.9
Bobo-Dioulasso	1990	11	23	327	23.2	32.8	16.3	-999.9	0.0	2.0	96734.3	-999.9
Bobo-Dioulasso	1990	11	24	328	21.4	34.6	19.3	-999.9	0.0	1.5	96725.5	-999.9
Bobo-Dioulasso	1990	11	25	329	22.0	34.9	21.2	-999.9	0.0	1.5	96600.9	-999.9
Bobo-Dioulasso	1990	11	26	330	20.7	33.8	20.4	-999.9	0.0	1.6	96585.6	-999.9
Bobo-Dioulasso	1990	11	27	331	22.4	33.9	19.7	-999.9	0.0	1.7	96590.1	-999.9
Bobo-Dioulasso	1990	11	28	332	22.6	34.3	20.2	-999.9	0.0	1.3	96563.0	-999.9
Bobo-Dioulasso	1990	11	29	333	21.6	34.6	20.7	-999.9	0.0	1.5	96535.5	-999.9
Bobo-Dioulasso	1990	11	30	334	23.4	33.8	19.5	-999.9	0.0	1.6	96526.6	-999.9
Bobo-Dioulasso	1990	12	1	335	24.8	33.3	18.2	-999.9	0.0	1.6	96559.8	-999.9
Bobo-Dioulasso	1990	12	2	336	21.6	33.3	20.7	-999.9	0.0	1.6	96592.8	-999.9
Bobo-Dioulasso	1990	12	3	337	18.0	34.3	21.4	-999.9	0.0	1.9	96660.1	-999.9
Bobo-Dioulasso	1990	12	4	338	18.8	34.1	20.9	-999.9	0.0	2.3	96736.9	-999.9
Bobo-Dioulasso	1990	12	5	339	19.7	33.5	21.0	-999.9	0.0	2.3	96664.1	-999.9
Bobo-Dioulasso	1990	12	6	340	20.2	33.0	20.9	-999.9	0.0	2.5	96668.2	-999.9
Bobo-Dioulasso	1990	12	7	341	20.0	32.9	20.4	-999.9	0.0	2.0	96741.9	-999.9
Bobo-Dioulasso	1990	12	8	342	19.9	33.3	20.4	-999.9	0.0	1.4	96756.3	-999.9
Bobo-Dioulasso	1990	12	9	343	19.9	33.2	20.5	-999.9	0.0	1.5	96721.7	-999.9
Bobo-Dioulasso	1990	12	10	344	19.6	33.1	20.3	-999.9	0.0	1.3	96708.3	-999.9
Bobo-Dioulasso	1990	12	11	345	22.7	33.8	19.8	-999.9	0.0	1.8	96645.2	-999.9
Bobo-Dioulasso	1990	12	12	346	21.5	32.7	19.4	-999.9	0.0	1.6	96670.2	-999.9
Bobo-Dioulasso	1990	12	13	347	20.1	33.0	20.2	-999.9	0.0	1.8	96645.4	-999.9
Bobo-Dioulasso	1990	12	14	348	19.5	33.2	19.9	-999.9	0.0	1.6	96618.7	-999.9
Bobo-Dioulasso	1990	12	15	349	21.9	33.7	19.3	-999.9	0.0	1.6	96699.0	-999.9
Bobo-Dioulasso	1990	12	16	350	22.3	34.0	19.8	-999.9	0.0	1.3	96786.5	-999.9
Bobo-Dioulasso	1990	12	17	351	20.9	34.4	19.8	-999.9	0.0	2.0	96670.4	-999.9
Bobo-Dioulasso	1990	12	18	352	22.1	34.5	19.3	-999.9	0.0	1.4	96641.2	-999.9
Bobo-Dioulasso	1990	12	19	353	21.2	34.0	19.7	-999.9	0.0	1.2	96573.5	-999.9
Bobo-Dioulasso	1990	12	20	354	24.1	33.6	18.5	-999.9	0.0	2.3	96506.3	-999.9
Bobo-Dioulasso	1990	12	21	355	23.7	33.2	18.0	-999.9	0.0	1.8	96444.8	-999.9
Bobo-Dioulasso	1990	12	22	356	22.0	30.8	18.3	-999.9	0.0	2.0	96593.1	-999.9
Bobo-Dioulasso	1990	12	23	357	21.1	30.6	19.3	-999.9	0.0	3.0	96765.9	-999.9
Bobo-Dioulasso	1990	12	24	358	21.2	30.6	19.5	-999.9	0.0	2.5	96829.7	-999.9
Bobo-Dioulasso	1990	12	25	359	20.8	31.6	19.6	-999.9	0.0	3.0	96771.1	-999.9
Bobo-Dioulasso	1990	12	26	360	20.6	31.3	19.9	-999.9	0.0	3.0	96792.5	-999.9
Bobo-Dioulasso	1990	12	27	361	19.0	30.4	20.4	-999.9	0.0	2.7	96784.6	-999.9
Bobo-Dioulasso	1990	12	28	362	18.7	29.4	18.1	-999.9	0.0	2.1	96810.8	-999.9
Bobo-Dioulasso	1990	12	29	363	18.7	30.7	19.5	-999.9	0.0	2.2	96763.8	-999.9
Bobo-Dioulasso	1990	12	30	364	20.0	32.8	20.4	-999.9	0.0	2.5	96799.8	-999.9
Bobo-Dioulasso	1990	12	31	365	20.9	31.6	20.6	-999.9	0.0	3.1	96822.4	-999.9
