Bobo-Dioulasso	2010	1	1	1	18.5	32.8	20.7	-999.9	0.0	2.0	96760.2	-999.9
Bobo-Dioulasso	2010	1	2	2	18.2	33.1	20.8	-999.9	0.0	2.2	96812.7	-999.9
Bobo-Dioulasso	2010	1	3	3	18.5	32.6	21.0	-999.9	0.0	2.2	96834.6	-999.9
Bobo-Dioulasso	2010	1	4	4	17.4	32.3	21.2	-999.9	0.0	2.0	96778.3	-999.9
Bobo-Dioulasso	2010	1	5	5	16.7	32.4	21.2	-999.9	0.0	1.6	96710.1	-999.9
Bobo-Dioulasso	2010	1	6	6	16.7	33.1	21.1	-999.9	0.0	1.7	96663.6	-999.9
Bobo-Dioulasso	2010	1	7	7	17.5	33.5	21.0	-999.9	0.0	1.8	96689.9	-999.9
Bobo-Dioulasso	2010	1	8	8	17.7	33.8	21.0	-999.9	0.0	2.0	96674.7	-999.9
Bobo-Dioulasso	2010	1	9	9	17.5	33.4	20.8	-999.9	0.0	2.2	96641.5	-999.9
Bobo-Dioulasso	2010	1	10	10	17.4	33.1	21.4	-999.9	0.0	2.2	96668.9	-999.9
Bobo-Dioulasso	2010	1	11	11	18.6	33.3	21.0	-999.9	0.5	2.2	96771.7	-999.9
Bobo-Dioulasso	2010	1	12	12	18.9	33.4	21.1	-999.9	0.0	2.5	96792.2	-999.9
Bobo-Dioulasso	2010	1	13	13	19.5	33.7	20.9	-999.9	0.0	2.3	96776.2	-999.9
Bobo-Dioulasso	2010	1	14	14	18.5	34.0	21.4	-999.9	0.0	2.1	96803.7	-999.9
Bobo-Dioulasso	2010	1	15	15	18.4	34.7	21.5	-999.9	0.0	2.3	96868.6	-999.9
Bobo-Dioulasso	2010	1	16	16	18.8	34.5	21.8	-999.9	0.0	2.3	96935.5	-999.9
Bobo-Dioulasso	2010	1	17	17	18.0	33.8	21.8	-999.9	0.0	2.4	96980.6	-999.9
Bobo-Dioulasso	2010	1	18	18	18.5	33.7	21.8	-999.9	0.0	2.4	96936.5	-999.9
Bobo-Dioulasso	2010	1	19	19	18.7	32.9	21.9	-999.9	0.0	2.7	96963.8	-999.9
Bobo-Dioulasso	2010	1	20	20	18.0	32.1	22.2	-999.9	0.0	2.5	96882.2	-999.9
Bobo-Dioulasso	2010	1	21	21	17.0	33.0	22.0	-999.9	0.0	2.2	96886.6	-999.9
Bobo-Dioulasso	2010	1	22	22	18.2	33.5	21.5	-999.9	0.0	2.2	96830.1	-999.9
Bobo-Dioulasso	2010	1	23	23	18.2	33.7	21.7	-999.9	0.0	2.1	96690.1	-999.9
Bobo-Dioulasso	2010	1	24	24	20.2	34.2	21.2	-999.9	0.0	2.1	96588.9	-999.9
Bobo-Dioulasso	2010	1	25	25	19.4	34.7	21.2	-999.9	0.0	1.9	96529.3	-999.9
Bobo-Dioulasso	2010	1	26	26	20.0	35.2	21.4	-999.9	0.0	1.8	96494.5	-999.9
Bobo-Dioulasso	2010	1	27	27	19.5	35.0	21.6	-999.9	0.0	1.8	96559.7	-999.9
Bobo-Dioulasso	2010	1	28	28	19.5	34.1	19.1	-999.9	0.0	1.7	96634.4	-999.9
Bobo-Dioulasso	2010	1	29	29	20.4	35.7	21.7	-999.9	0.0	2.6	96637.0	-999.9
Bobo-Dioulasso	2010	1	30	30	19.7	35.6	22.1	-999.9	0.0	2.6	96654.0	-999.9
Bobo-Dioulasso	2010	1	31	31	20.9	35.8	22.0	-999.9	0.0	2.9	96701.2	-999.9
Bobo-Dioulasso	2010	2	1	32	20.8	34.2	22.5	-999.9	0.0	3.0	96858.4	-999.9
Bobo-Dioulasso	2010	2	2	33	20.4	35.5	22.5	-999.9	0.0	2.7	96883.6	-999.9
Bobo-Dioulasso	2010	2	3	34	20.2	36.4	22.6	-999.9	0.0	2.3	96702.9	-999.9
Bobo-Dioulasso	2010	2	4	35	21.0	36.6	22.5	-999.9	0.0	2.3	96718.5	-999.9
Bobo-Dioulasso	2010	2	5	36	21.7	36.7	22.5	-999.9	0.0	2.9	96758.6	-999.9
Bobo-Dioulasso	2010	2	6	37	22.2	34.5	22.8	-999.9	0.0	3.2	96697.7	-999.9
Bobo-Dioulasso	2010	2	7	38	20.3	33.8	22.3	-999.9	0.0	2.4	96638.0	-999.9
Bobo-Dioulasso	2010	2	8	39	19.3	34.0	22.9	-999.9	0.0	2.2	96583.4	-999.9
Bobo-Dioulasso	2010	2	9	40	19.1	34.9	22.9	-999.9	0.0	1.6	96491.4	-999.9
Bobo-Dioulasso	2010	2	10	41	19.8	35.1	22.9	-999.9	0.0	1.6	96476.3	-999.9
Bobo-Dioulasso	2010	2	11	42	19.4	35.4	21.7	-999.9	0.0	2.0	96400.6	-999.9
Bobo-Dioulasso	2010	2	12	43	19.4	35.1	22.3	-999.9	0.0	1.7	96414.7	-999.9
Bobo-Dioulasso	2010	2	13	44	25.0	34.0	18.0	-999.9	0.0	2.2	96629.0	-999.9
Bobo-Dioulasso	2010	2	14	45	23.5	34.5	19.2	-999.9	0.0	1.3	96557.2	-999.9
Bobo-Dioulasso	2010	2	15	46	25.2	35.2	19.9	-999.9	0.0	1.9	96556.9	-999.9
Bobo-Dioulasso	2010	2	16	47	24.7	36.4	21.5	-999.9	0.0	1.6	96534.8	-999.9
Bobo-Dioulasso	2010	2	17	48	22.5	36.8	22.5	-999.9	0.0	1.7	96572.7	-999.9
Bobo-Dioulasso	2010	2	18	49	24.9	36.1	21.1	-999.9	0.0	1.6	96672.1	-999.9
Bobo-Dioulasso	2010	2	19	50	26.6	37.4	20.4	-999.9	1.1	1.9	96651.4	-999.9
Bobo-Dioulasso	2010	2	20	51	26.2	38.6	22.8	-999.9	0.0	1.4	96536.0	-999.9
Bobo-Dioulasso	2010	2	21	52	24.5	38.3	23.3	-999.9	0.0	1.9	96470.8	-999.9
Bobo-Dioulasso	2010	2	22	53	22.8	38.7	23.3	-999.9	0.0	1.9	96403.4	-999.9
Bobo-Dioulasso	2010	2	23	54	23.6	37.8	22.7	-999.9	0.0	2.2	96508.5	-999.9
Bobo-Dioulasso	2010	2	24	55	23.3	38.6	22.2	-999.9	0.0	2.0	96500.6	-999.9
Bobo-Dioulasso	2010	2	25	56	23.0	38.5	24.0	-999.9	0.0	2.1	96396.5	-999.9
Bobo-Dioulasso	2010	2	26	57	22.0	37.3	22.9	-999.9	0.0	1.9	96412.0	-999.9
Bobo-Dioulasso	2010	2	27	58	26.4	38.1	21.6	-999.9	0.0	2.2	96497.4	-999.9
Bobo-Dioulasso	2010	2	28	59	26.0	38.5	23.2	-999.9	0.0	2.0	96538.7	-999.9
Bobo-Dioulasso	2010	3	1	60	24.5	37.7	23.0	-999.9	0.0	1.9	96593.7	-999.9
Bobo-Dioulasso	2010	3	2	61	26.7	37.4	21.4	-999.9	0.0	1.9	96662.6	-999.9
Bobo-Dioulasso	2010	3	3	62	24.5	38.3	23.9	-999.9	0.0	2.0	96610.6	-999.9
Bobo-Dioulasso	2010	3	4	63	22.9	37.9	24.2	-999.9	0.0	2.1	96537.7	-999.9
Bobo-Dioulasso	2010	3	5	64	22.9	37.5	23.5	-999.9	0.0	1.7	96471.1	-999.9
Bobo-Dioulasso	2010	3	6	65	26.8	37.7	22.3	-999.9	0.0	2.0	96421.0	-999.9
Bobo-Dioulasso	2010	3	7	66	27.4	36.9	20.9	-999.9	0.0	2.0	96489.7	-999.9
Bobo-Dioulasso	2010	3	8	67	27.9	37.1	21.1	-999.9	0.0	2.1	96479.2	-999.9
Bobo-Dioulasso	2010	3	9	68	28.0	37.1	21.8	-999.9	2.9	2.0	96455.3	-999.9
Bobo-Dioulasso	2010	3	10	69	25.8	37.0	22.5	-999.9	0.0	1.6	96473.9	-999.9
Bobo-Dioulasso	2010	3	11	70	26.9	37.4	23.1	-999.9	0.0	1.1	96545.4	-999.9
Bobo-Dioulasso	2010	3	12	71	26.9	37.4	20.5	-999.9	0.0	1.6	96594.1	-999.9
Bobo-Dioulasso	2010	3	13	72	25.6	38.8	24.0	-999.9	0.0	1.7	96543.6	-999.9
Bobo-Dioulasso	2010	3	14	73	23.8	38.3	24.8	-999.9	0.0	1.9	96437.7	-999.9
Bobo-Dioulasso	2010	3	15	74	26.9	38.2	23.4	-999.9	0.0	2.2	96428.5	-999.9
Bobo-Dioulasso	2010	3	16	75	26.0	38.1	24.5	-999.9	0.0	1.3	96507.5	-999.9
Bobo-Dioulasso	2010	3	17	76	25.7	37.0	22.4	-999.9	1.3	1.9	96661.5	-999.9
Bobo-Dioulasso	2010	3	18	77	24.4	37.4	24.1	-999.9	1.3	1.4	96710.1	-999.9
Bobo-Dioulasso	2010	3	19	78	23.8	39.1	25.0	-999.9	0.0	2.0	96599.5	-999.9
Bobo-Dioulasso	2010	3	20	79	27.5	37.9	23.0	-999.9	0.0	2.3	96626.3	-999.9
Bobo-Dioulasso	2010	3	21	80	23.2	37.1	25.7	-999.9	0.0	1.9	96705.0	-999.9
Bobo-Dioulasso	2010	3	22	81	22.9	36.6	25.8	-999.9	0.0	2.2	96608.6	-999.9
Bobo-Dioulasso	2010	3	23	82	22.5	37.0	26.1	-999.9	0.0	2.1	96455.1	-999.9
Bobo-Dioulasso	2010	3	24	83	21.9	36.8	26.1	-999.9	0.0	2.2	96332.3	-999.9
Bobo-Dioulasso	2010	3	25	84	21.2	36.4	25.6	-999.9	0.0	1.8	96444.6	-999.9
Bobo-Dioulasso	2010	3	26	85	21.8	36.9	25.8	-999.9	0.0	1.7	96644.1	-999.9
Bobo-Dioulasso	2010	3	27	86	22.4	37.9	26.5	-999.9	0.0	2.1	96626.3	-999.9
Bobo-Dioulasso	2010	3	28	87	21.6	37.5	26.3	-999.9	0.0	2.0	96622.3	-999.9
Bobo-Dioulasso	2010	3	29	88	22.0	37.3	26.3	-999.9	0.0	2.0	96573.9	-999.9
Bobo-Dioulasso	2010	3	30	89	21.6	37.6	26.4	-999.9	0.0	1.9	96564.1	-999.9
Bobo-Dioulasso	2010	3	31	90	20.8	37.3	25.9	-999.9	0.0	1.8	96495.8	-999.9
Bobo-Dioulasso	2010	4	1	91	22.8	37.9	26.1	-999.9	0.0	1.8	96396.8	-999.9
Bobo-Dioulasso	2010	4	2	92	23.3	38.2	25.5	-999.9	0.0	1.7	96311.4	-999.9
Bobo-Dioulasso	2010	4	3	93	22.6	38.0	25.1	-999.9	0.0	1.9	96300.0	-999.9
Bobo-Dioulasso	2010	4	4	94	26.2	37.8	24.8	-999.9	0.0	2.2	96326.4	-999.9
Bobo-Dioulasso	2010	4	5	95	26.9	36.9	20.1	-999.9	2.5	2.3	96427.0	-999.9
Bobo-Dioulasso	2010	4	6	96	25.5	36.3	23.8	-999.9	5.5	2.3	96447.7	-999.9
Bobo-Dioulasso	2010	4	7	97	25.4	37.5	25.0	-999.9	0.0	2.1	96283.1	-999.9
Bobo-Dioulasso	2010	4	8	98	26.4	37.4	22.9	-999.9	0.0	2.1	96331.1	-999.9
Bobo-Dioulasso	2010	4	9	99	28.3	37.4	22.3	-999.9	5.5	2.3	96407.3	-999.9
Bobo-Dioulasso	2010	4	10	100	27.8	36.8	24.1	-999.9	0.0	2.4	96448.9	-999.9
Bobo-Dioulasso	2010	4	11	101	26.3	37.3	24.1	-999.9	0.0	2.0	96304.2	-999.9
Bobo-Dioulasso	2010	4	12	102	28.0	37.8	23.6	-999.9	0.0	2.2	96254.5	-999.9
Bobo-Dioulasso	2010	4	13	103	28.1	38.3	22.1	-999.9	1.6	2.3	96337.5	-999.9
Bobo-Dioulasso	2010	4	14	104	24.8	34.9	19.5	-999.9	6.4	2.1	96499.8	-999.9
Bobo-Dioulasso	2010	4	15	105	26.5	37.7	23.6	-999.9	0.0	2.2	96426.2	-999.9
Bobo-Dioulasso	2010	4	16	106	25.5	36.7	20.5	-999.9	0.0	2.3	96533.7	-999.9
Bobo-Dioulasso	2010	4	17	107	26.4	35.6	24.1	-999.9	0.0	1.9	96587.7	-999.9
Bobo-Dioulasso	2010	4	18	108	25.6	36.7	23.2	-999.9	0.0	2.0	96542.7	-999.9
Bobo-Dioulasso	2010	4	19	109	27.2	37.3	23.7	-999.9	2.8	2.3	96481.0	-999.9
Bobo-Dioulasso	2010	4	20	110	25.5	36.4	24.2	-999.9	2.8	2.7	96500.5	-999.9
Bobo-Dioulasso	2010	4	21	111	26.3	37.5	24.1	-999.9	2.6	2.7	96469.1	-999.9
Bobo-Dioulasso	2010	4	22	112	27.1	37.1	24.3	-999.9	0.0	2.6	96486.2	-999.9
Bobo-Dioulasso	2010	4	23	113	26.5	34.6	19.8	-999.9	5.3	2.6	96661.7	-999.9
Bobo-Dioulasso	2010	4	24	114	26.7	35.2	21.6	-999.9	0.0	2.1	96661.5	-999.9
Bobo-Dioulasso	2010	4	25	115	24.7	34.8	24.5	-999.9	0.0	2.3	96594.2	-999.9
Bobo-Dioulasso	2010	4	26	116	26.5	36.8	24.0	-999.9	5.2	2.3	96442.7	-999.9
Bobo-Dioulasso	2010	4	27	117	25.8	33.0	18.4	-999.9	7.9	2.3	96598.6	-999.9
Bobo-Dioulasso	2010	4	28	118	25.4	35.0	22.6	-999.9	0.0	2.4	96595.6	-999.9
Bobo-Dioulasso	2010	4	29	119	25.9	36.7	23.7	-999.9	0.0	2.2	96556.8	-999.9
Bobo-Dioulasso	2010	4	30	120	24.9	33.0	19.2	-999.9	5.2	2.0	96583.9	-999.9
Bobo-Dioulasso	2010	5	1	121	25.4	34.9	23.9	-999.9	0.0	2.1	96612.9	-999.9
Bobo-Dioulasso	2010	5	2	122	23.7	32.7	17.5	-999.9	27.9	3.0	96678.1	-999.9
Bobo-Dioulasso	2010	5	3	123	24.9	33.3	21.1	-999.9	0.0	2.3	96673.5	-999.9
Bobo-Dioulasso	2010	5	4	124	25.4	34.4	24.5	-999.9	0.0	2.4	96501.4	-999.9
Bobo-Dioulasso	2010	5	5	125	26.3	34.9	23.9	-999.9	0.0	2.5	96416.7	-999.9
Bobo-Dioulasso	2010	5	6	126	24.9	33.6	22.5	-999.9	10.7	2.7	96544.1	-999.9
Bobo-Dioulasso	2010	5	7	127	25.2	34.4	24.3	-999.9	10.7	2.3	96604.6	-999.9
Bobo-Dioulasso	2010	5	8	128	24.9	32.9	22.2	-999.9	0.0	1.7	96631.9	-999.9
Bobo-Dioulasso	2010	5	9	129	25.1	34.7	23.8	-999.9	0.0	1.7	96600.2	-999.9
Bobo-Dioulasso	2010	5	10	130	26.3	35.0	24.1	-999.9	10.7	2.3	96537.7	-999.9
Bobo-Dioulasso	2010	5	11	131	25.2	35.4	24.7	-999.9	16.4	2.2	96534.8	-999.9
Bobo-Dioulasso	2010	5	12	132	26.2	35.4	23.1	-999.9	8.2	1.8	96582.6	-999.9
Bobo-Dioulasso	2010	5	13	133	24.8	34.9	24.7	-999.9	0.0	2.3	96604.3	-999.9
Bobo-Dioulasso	2010	5	14	134	26.5	35.3	24.4	-999.9	8.2	2.2	96656.6	-999.9
Bobo-Dioulasso	2010	5	15	135	25.0	34.6	21.3	-999.9	8.2	2.0	96621.1	-999.9
Bobo-Dioulasso	2010	5	16	136	26.1	34.0	23.2	-999.9	0.0	2.2	96631.2	-999.9
Bobo-Dioulasso	2010	5	17	137	26.3	34.9	23.4	-999.9	4.3	2.3	96619.6	-999.9
Bobo-Dioulasso	2010	5	18	138	25.5	34.1	24.0	-999.9	4.3	2.4	96529.8	-999.9
Bobo-Dioulasso	2010	5	19	139	25.8	34.6	24.4	-999.9	0.0	2.5	96409.1	-999.9
Bobo-Dioulasso	2010	5	20	140	24.0	32.2	20.9	-999.9	8.6	2.4	96558.5	-999.9
Bobo-Dioulasso	2010	5	21	141	24.8	31.5	22.1	-999.9	0.0	1.7	96715.4	-999.9
Bobo-Dioulasso	2010	5	22	142	24.7	31.8	23.2	-999.9	0.0	1.7	96684.8	-999.9
Bobo-Dioulasso	2010	5	23	143	25.3	33.2	23.3	-999.9	0.0	1.7	96572.4	-999.9
Bobo-Dioulasso	2010	5	24	144	26.3	33.1	20.4	-999.9	23.9	2.0	96597.5	-999.9
Bobo-Dioulasso	2010	5	25	145	24.3	33.8	23.4	-999.9	0.0	1.9	96591.2	-999.9
Bobo-Dioulasso	2010	5	26	146	26.2	35.2	23.6	-999.9	0.0	2.6	96504.4	-999.9
Bobo-Dioulasso	2010	5	27	147	26.3	34.7	21.7	-999.9	0.0	2.6	96497.5	-999.9
Bobo-Dioulasso	2010	5	28	148	26.4	34.6	24.4	-999.9	4.7	2.2	96623.8	-999.9
Bobo-Dioulasso	2010	5	29	149	24.5	34.2	23.8	-999.9	9.4	2.1	96732.2	-999.9
Bobo-Dioulasso	2010	5	30	150	23.4	32.7	22.3	-999.9	0.0	1.8	96745.7	-999.9
Bobo-Dioulasso	2010	5	31	151	25.6	34.2	23.4	-999.9	0.0	2.4	96716.5	-999.9
Bobo-Dioulasso	2010	6	1	152	24.2	32.4	16.9	-999.9	4.9	1.9	96825.6	-999.9
Bobo-Dioulasso	2010	6	2	153	24.4	31.5	21.1	-999.9	0.0	2.0	96845.9	-999.9
Bobo-Dioulasso	2010	6	3	154	24.4	33.1	24.6	-999.9	0.0	2.0	96868.3	-999.9
Bobo-Dioulasso	2010	6	4	155	24.1	31.6	19.1	-999.9	9.8	1.8	96897.4	-999.9
Bobo-Dioulasso	2010	6	5	156	23.5	31.0	20.6	-999.9	0.0	2.0	97004.0	-999.9
Bobo-Dioulasso	2010	6	6	157	23.2	32.8	24.3	-999.9	0.0	1.5	96957.4	-999.9
Bobo-Dioulasso	2010	6	7	158	24.3	33.9	23.9	-999.9	7.0	2.5	96796.5	-999.9
Bobo-Dioulasso	2010	6	8	159	24.9	31.9	22.3	-999.9	7.0	2.4	96764.4	-999.9
Bobo-Dioulasso	2010	6	9	160	23.9	32.0	20.7	-999.9	0.0	3.0	96799.2	-999.9
Bobo-Dioulasso	2010	6	10	161	23.7	30.6	13.8	-999.9	14.1	1.8	96921.8	-999.9
Bobo-Dioulasso	2010	6	11	162	23.0	31.5	20.1	-999.9	0.0	1.6	97018.6	-999.9
Bobo-Dioulasso	2010	6	12	163	24.0	33.8	23.9	-999.9	0.0	1.7	96845.3	-999.9
Bobo-Dioulasso	2010	6	13	164	24.4	35.5	23.0	-999.9	16.8	2.3	96662.4	-999.9
Bobo-Dioulasso	2010	6	14	165	25.1	31.8	18.7	-999.9	8.4	2.9	96772.2	-999.9
Bobo-Dioulasso	2010	6	15	166	22.5	30.4	15.7	-999.9	0.0	2.4	96930.2	-999.9
Bobo-Dioulasso	2010	6	16	167	22.9	32.3	22.8	-999.9	3.1	2.2	96889.8	-999.9
Bobo-Dioulasso	2010	6	17	168	23.7	31.8	18.3	-999.9	3.1	2.0	96847.6	-999.9
Bobo-Dioulasso	2010	6	18	169	23.7	32.3	23.4	-999.9	0.0	1.8	96722.1	-999.9
Bobo-Dioulasso	2010	6	19	170	23.8	32.2	22.6	-999.9	0.0	1.9	96642.4	-999.9
Bobo-Dioulasso	2010	6	20	171	24.5	33.2	24.0	-999.9	0.0	2.2	96632.1	-999.9
Bobo-Dioulasso	2010	6	21	172	24.0	32.8	23.3	-999.9	4.2	2.0	96715.4	-999.9
Bobo-Dioulasso	2010	6	22	173	23.3	31.0	21.1	-999.9	4.2	1.2	96736.8	-999.9
Bobo-Dioulasso	2010	6	23	174	24.1	31.2	21.7	-999.9	0.0	1.8	96679.8	-999.9
Bobo-Dioulasso	2010	6	24	175	23.4	31.8	21.7	-999.9	0.0	3.1	96682.0	-999.9
Bobo-Dioulasso	2010	6	25	176	23.0	30.5	18.8	-999.9	8.5	3.1	96697.0	-999.9
Bobo-Dioulasso	2010	6	26	177	23.1	29.4	18.2	-999.9	0.0	2.0	96726.6	-999.9
Bobo-Dioulasso	2010	6	27	178	22.6	28.6	15.3	-999.9	0.0	1.7	96793.3	-999.9
Bobo-Dioulasso	2010	6	28	179	22.5	29.9	20.3	-999.9	0.0	1.7	96864.9	-999.9
Bobo-Dioulasso	2010	6	29	180	23.3	31.8	21.8	-999.9	0.0	1.8	96813.2	-999.9
Bobo-Dioulasso	2010	6	30	181	24.1	32.4	23.6	-999.9	9.1	1.9	96689.0	-999.9
Bobo-Dioulasso	2010	7	1	182	24.3	31.5	23.1	-999.9	0.0	2.4	96731.0	-999.9
Bobo-Dioulasso	2010	7	2	183	23.3	30.5	19.0	-999.9	0.0	2.4	96809.7	-999.9
Bobo-Dioulasso	2010	7	3	184	22.9	30.9	21.5	-999.9	0.0	1.5	96790.5	-999.9
Bobo-Dioulasso	2010	7	4	185	22.9	31.7	24.4	-999.9	0.0	1.6	96803.5	-999.9
Bobo-Dioulasso	2010	7	5	186	24.1	32.0	22.6	-999.9	31.3	2.3	96716.5	-999.9
Bobo-Dioulasso	2010	7	6	187	23.4	31.2	17.9	-999.9	6.1	2.8	96576.8	-999.9
Bobo-Dioulasso	2010	7	7	188	22.7	29.9	18.8	-999.9	0.0	2.1	96729.4	-999.9
Bobo-Dioulasso	2010	7	8	189	23.0	30.9	22.4	-999.9	6.1	1.5	96825.9	-999.9
Bobo-Dioulasso	2010	7	9	190	24.1	30.9	20.7	-999.9	6.1	1.8	96708.7	-999.9
Bobo-Dioulasso	2010	7	10	191	22.7	30.3	19.7	-999.9	12.1	2.1	96707.7	-999.9
Bobo-Dioulasso	2010	7	11	192	22.8	29.3	16.7	-999.9	6.3	2.2	96785.0	-999.9
Bobo-Dioulasso	2010	7	12	193	22.2	27.4	14.4	-999.9	0.0	1.7	96820.8	-999.9
Bobo-Dioulasso	2010	7	13	194	21.8	29.4	18.4	-999.9	0.0	1.5	96795.0	-999.9
Bobo-Dioulasso	2010	7	14	195	23.0	30.7	22.7	-999.9	12.6	2.0	96751.9	-999.9
Bobo-Dioulasso	2010	7	15	196	22.9	30.1	17.5	-999.9	0.0	2.9	96654.6	-999.9
Bobo-Dioulasso	2010	7	16	197	22.3	28.4	13.0	-999.9	9.0	3.2	96567.1	-999.9
Bobo-Dioulasso	2010	7	17	198	22.2	26.1	11.4	-999.9	0.0	2.4	96747.9	-999.9
Bobo-Dioulasso	2010	7	18	199	22.1	28.6	20.6	-999.9	0.0	1.8	96985.4	-999.9
Bobo-Dioulasso	2010	7	19	200	23.0	29.3	22.1	-999.9	0.0	2.0	96939.1	-999.9
Bobo-Dioulasso	2010	7	20	201	22.9	28.7	15.5	-999.9	9.0	3.0	96839.6	-999.9
Bobo-Dioulasso	2010	7	21	202	22.4	28.6	18.1	-999.9	18.3	3.0	96972.7	-999.9
Bobo-Dioulasso	2010	7	22	203	22.7	28.6	18.8	-999.9	18.3	2.7	96936.3	-999.9
Bobo-Dioulasso	2010	7	23	204	21.7	23.1	5.9	-999.9	0.0	2.8	96822.1	-999.9
Bobo-Dioulasso	2010	7	24	205	21.6	25.1	9.1	-999.9	0.0	2.5	96967.1	-999.9
Bobo-Dioulasso	2010	7	25	206	21.6	27.1	15.8	-999.9	0.0	2.2	96934.6	-999.9
Bobo-Dioulasso	2010	7	26	207	22.0	30.2	23.4	-999.9	0.0	2.1	96682.2	-999.9
Bobo-Dioulasso	2010	7	27	208	21.8	28.8	18.3	-999.9	0.0	2.2	96727.5	-999.9
Bobo-Dioulasso	2010	7	28	209	22.8	28.9	19.7	-999.9	9.4	2.1	96959.3	-999.9
Bobo-Dioulasso	2010	7	29	210	21.9	28.1	19.0	-999.9	9.4	1.7	96915.6	-999.9
Bobo-Dioulasso	2010	7	30	211	21.9	28.5	17.9	-999.9	0.0	2.0	96653.1	-999.9
Bobo-Dioulasso	2010	7	31	212	22.0	28.9	18.6	-999.9	0.0	2.2	96580.2	-999.9
Bobo-Dioulasso	2010	8	1	213	22.1	28.8	20.1	-999.9	0.0	2.1	96720.5	-999.9
Bobo-Dioulasso	2010	8	2	214	22.5	28.8	19.0	-999.9	0.0	1.4	96797.5	-999.9
Bobo-Dioulasso	2010	8	3	215	22.1	29.9	22.1	-999.9	21.7	1.5	96748.4	-999.9
Bobo-Dioulasso	2010	8	4	216	23.0	28.5	18.4	-999.9	0.0	2.5	96726.5	-999.9
Bobo-Dioulasso	2010	8	5	217	22.6	29.0	20.0	-999.9	0.0	2.3	96720.0	-999.9
Bobo-Dioulasso	2010	8	6	218	22.7	27.4	16.2	-999.9	5.7	1.8	96770.7	-999.9
Bobo-Dioulasso	2010	8	7	219	21.9	28.5	18.5	-999.9	11.4	1.7	96853.0	-999.9
Bobo-Dioulasso	2010	8	8	220	22.2	27.9	15.0	-999.9	17.1	2.3	96859.3	-999.9
Bobo-Dioulasso	2010	8	9	221	22.4	28.2	18.3	-999.9	0.0	2.6	96922.7	-999.9
Bobo-Dioulasso	2010	8	10	222	21.9	28.9	21.1	-999.9	0.0	2.3	96807.0	-999.9
Bobo-Dioulasso	2010	8	11	223	22.2	27.4	11.0	-999.9	54.8	1.9	96714.6	-999.9
Bobo-Dioulasso	2010	8	12	224	21.9	26.3	11.4	-999.9	11.0	2.5	96721.6	-999.9
Bobo-Dioulasso	2010	8	13	225	22.2	27.5	16.2	-999.9	0.0	2.2	96833.2	-999.9
Bobo-Dioulasso	2010	8	14	226	22.1	26.1	12.2	-999.9	54.8	1.6	96811.2	-999.9
Bobo-Dioulasso	2010	8	15	227	22.0	28.4	18.0	-999.9	0.0	1.3	96836.1	-999.9
Bobo-Dioulasso	2010	8	16	228	22.5	29.5	21.1	-999.9	0.0	1.2	96880.1	-999.9
Bobo-Dioulasso	2010	8	17	229	22.0	29.1	20.1	-999.9	38.3	1.8	96860.7	-999.9
Bobo-Dioulasso	2010	8	18	230	22.7	28.1	17.3	-999.9	0.0	2.4	96739.7	-999.9
Bobo-Dioulasso	2010	8	19	231	22.1	28.2	20.2	-999.9	0.0	2.3	96760.5	-999.9
Bobo-Dioulasso	2010	8	20	232	22.6	29.2	22.1	-999.9	0.0	1.7	96907.9	-999.9
Bobo-Dioulasso	2010	8	21	233	22.2	27.0	12.4	-999.9	40.3	1.4	96943.2	-999.9
Bobo-Dioulasso	2010	8	22	234	21.8	27.2	15.7	-999.9	0.0	2.1	96905.9	-999.9
Bobo-Dioulasso	2010	8	23	235	22.2	28.2	17.1	-999.9	8.1	1.7	96891.2	-999.9
Bobo-Dioulasso	2010	8	24	236	22.1	28.9	20.8	-999.9	8.1	1.6	96886.5	-999.9
Bobo-Dioulasso	2010	8	25	237	21.6	28.9	19.8	-999.9	0.0	1.5	96918.9	-999.9
Bobo-Dioulasso	2010	8	26	238	21.0	29.8	22.6	-999.9	9.5	1.3	96884.3	-999.9
Bobo-Dioulasso	2010	8	27	239	22.5	29.6	20.8	-999.9	9.5	1.9	96654.8	-999.9
Bobo-Dioulasso	2010	8	28	240	22.1	29.5	20.7	-999.9	0.0	1.5	96618.0	-999.9
Bobo-Dioulasso	2010	8	29	241	22.1	27.9	17.7	-999.9	28.4	1.9	96646.2	-999.9
Bobo-Dioulasso	2010	8	30	242	22.1	28.9	20.2	-999.9	9.5	1.9	96711.4	-999.9
Bobo-Dioulasso	2010	8	31	243	22.2	27.2	13.6	-999.9	18.9	2.0	96630.9	-999.9
Bobo-Dioulasso	2010	9	1	244	21.9	24.9	9.2	-999.9	17.6	2.5	96603.4	-999.9
Bobo-Dioulasso	2010	9	2	245	21.8	28.1	16.8	-999.9	17.6	2.5	96800.3	-999.9
Bobo-Dioulasso	2010	9	3	246	22.0	27.4	16.1	-999.9	17.6	1.6	96902.9	-999.9
Bobo-Dioulasso	2010	9	4	247	22.5	27.9	15.5	-999.9	0.0	1.7	96765.2	-999.9
Bobo-Dioulasso	2010	9	5	248	21.9	28.6	19.0	-999.9	35.3	1.5	96778.2	-999.9
Bobo-Dioulasso	2010	9	6	249	21.7	24.0	7.2	-999.9	33.0	1.9	96848.2	-999.9
Bobo-Dioulasso	2010	9	7	250	21.1	27.7	16.5	-999.9	0.0	1.9	96860.8	-999.9
Bobo-Dioulasso	2010	9	8	251	22.0	27.4	15.1	-999.9	49.5	1.8	96845.4	-999.9
Bobo-Dioulasso	2010	9	9	252	21.6	24.7	7.9	-999.9	33.0	1.0	96856.1	-999.9
Bobo-Dioulasso	2010	9	10	253	21.9	28.3	18.4	-999.9	0.0	2.2	96793.6	-999.9
Bobo-Dioulasso	2010	9	11	254	21.1	28.5	19.3	-999.9	7.1	1.7	96777.2	-999.9
Bobo-Dioulasso	2010	9	12	255	22.0	29.0	21.2	-999.9	7.1	1.5	96776.5	-999.9
Bobo-Dioulasso	2010	9	13	256	22.1	26.8	11.5	-999.9	14.1	1.2	96780.1	-999.9
Bobo-Dioulasso	2010	9	14	257	21.2	27.5	14.0	-999.9	7.1	1.4	96751.8	-999.9
Bobo-Dioulasso	2010	9	15	258	21.5	28.4	20.8	-999.9	0.0	1.6	96711.9	-999.9
Bobo-Dioulasso	2010	9	16	259	21.8	29.2	21.2	-999.9	0.0	1.3	96686.9	-999.9
Bobo-Dioulasso	2010	9	17	260	21.5	27.8	17.1	-999.9	4.5	1.1	96739.7	-999.9
Bobo-Dioulasso	2010	9	18	261	22.1	27.6	16.6	-999.9	22.3	1.6	96767.8	-999.9
Bobo-Dioulasso	2010	9	19	262	21.5	28.0	17.8	-999.9	0.0	1.8	96835.6	-999.9
Bobo-Dioulasso	2010	9	20	263	21.4	29.0	20.8	-999.9	8.9	1.6	96782.7	-999.9
Bobo-Dioulasso	2010	9	21	264	21.3	28.6	18.3	-999.9	0.0	1.4	96615.1	-999.9
Bobo-Dioulasso	2010	9	22	265	22.0	29.2	22.0	-999.9	0.0	1.4	96660.3	-999.9
Bobo-Dioulasso	2010	9	23	266	22.3	28.9	20.2	-999.9	4.7	1.2	96762.9	-999.9
Bobo-Dioulasso	2010	9	24	267	22.3	30.0	23.0	-999.9	0.0	1.3	96743.4	-999.9
Bobo-Dioulasso	2010	9	25	268	22.1	29.8	23.2	-999.9	0.0	1.7	96728.9	-999.9
Bobo-Dioulasso	2010	9	26	269	21.6	29.8	23.1	-999.9	0.0	1.5	96699.7	-999.9
Bobo-Dioulasso	2010	9	27	270	21.7	30.4	23.7	-999.9	0.0	1.3	96667.7	-999.9
Bobo-Dioulasso	2010	9	28	271	22.1	27.7	15.0	-999.9	32.2	1.8	96678.5	-999.9
Bobo-Dioulasso	2010	9	29	272	22.4	28.6	20.7	-999.9	0.0	1.5	96669.3	-999.9
Bobo-Dioulasso	2010	9	30	273	20.8	30.2	23.6	-999.9	0.0	1.4	96700.9	-999.9
Bobo-Dioulasso	2010	10	1	274	22.6	30.3	21.1	-999.9	5.9	1.8	96516.0	-999.9
Bobo-Dioulasso	2010	10	2	275	23.0	29.4	14.8	-999.9	0.0	1.6	96559.1	-999.9
Bobo-Dioulasso	2010	10	3	276	22.1	30.4	21.1	-999.9	5.9	1.2	96656.0	-999.9
Bobo-Dioulasso	2010	10	4	277	22.5	29.7	19.5	-999.9	0.0	1.5	96626.3	-999.9
Bobo-Dioulasso	2010	10	5	278	22.2	28.6	18.2	-999.9	5.9	1.9	96737.7	-999.9
Bobo-Dioulasso	2010	10	6	279	22.3	28.7	19.7	-999.9	9.6	1.9	96798.8	-999.9
Bobo-Dioulasso	2010	10	7	280	21.6	28.3	17.9	-999.9	0.0	1.2	96890.7	-999.9
Bobo-Dioulasso	2010	10	8	281	22.1	28.1	16.9	-999.9	0.0	1.4	96920.5	-999.9
Bobo-Dioulasso	2010	10	9	282	21.6	29.3	20.1	-999.9	0.0	1.5	96911.9	-999.9
Bobo-Dioulasso	2010	10	10	283	22.3	30.7	22.6	-999.9	0.0	1.3	96710.5	-999.9
Bobo-Dioulasso	2010	10	11	284	22.0	29.1	18.3	-999.9	3.5	1.9	96661.6	-999.9
Bobo-Dioulasso	2010	10	12	285	22.4	29.6	20.9	-999.9	10.5	1.5	96755.0	-999.9
Bobo-Dioulasso	2010	10	13	286	22.4	27.5	14.8	-999.9	10.5	1.3	96799.1	-999.9
Bobo-Dioulasso	2010	10	14	287	22.0	28.9	19.3	-999.9	3.5	1.5	96840.0	-999.9
Bobo-Dioulasso	2010	10	15	288	22.1	29.1	19.3	-999.9	7.0	1.3	96782.1	-999.9
Bobo-Dioulasso	2010	10	16	289	22.2	30.7	21.5	-999.9	0.0	1.2	96671.7	-999.9
Bobo-Dioulasso	2010	10	17	290	23.4	31.3	22.3	-999.9	0.0	1.8	96597.9	-999.9
Bobo-Dioulasso	2010	10	18	291	23.8	29.7	19.2	-999.9	0.0	2.1	96592.4	-999.9
Bobo-Dioulasso	2010	10	19	292	22.9	29.1	20.4	-999.9	0.0	2.1	96667.8	-999.9
Bobo-Dioulasso	2010	10	20	293	22.6	29.7	21.4	-999.9	13.4	1.4	96743.8	-999.9
Bobo-Dioulasso	2010	10	21	294	22.3	29.4	20.2	-999.9	9.5	1.5	96754.9	-999.9
Bobo-Dioulasso	2010	10	22	295	22.6	30.2	20.3	-999.9	0.0	1.5	96653.2	-999.9
Bobo-Dioulasso	2010	10	23	296	22.7	30.2	20.5	-999.9	0.0	1.5	96583.4	-999.9
Bobo-Dioulasso	2010	10	24	297	23.7	30.3	20.6	-999.9	0.0	1.7	96536.1	-999.9
Bobo-Dioulasso	2010	10	25	298	22.8	30.0	20.7	-999.9	0.0	1.7	96552.7	-999.9
Bobo-Dioulasso	2010	10	26	299	22.3	29.7	19.3	-999.9	3.8	1.6	96631.9	-999.9
Bobo-Dioulasso	2010	10	27	300	21.8	29.4	20.8	-999.9	0.0	1.8	96660.2	-999.9
Bobo-Dioulasso	2010	10	28	301	22.7	29.4	18.7	-999.9	0.0	1.4	96696.3	-999.9
Bobo-Dioulasso	2010	10	29	302	22.2	30.1	20.8	-999.9	3.8	1.4	96647.2	-999.9
Bobo-Dioulasso	2010	10	30	303	21.8	30.9	21.0	-999.9	0.0	1.4	96659.7	-999.9
Bobo-Dioulasso	2010	10	31	304	22.6	31.0	21.1	-999.9	0.0	1.6	96701.8	-999.9
Bobo-Dioulasso	2010	11	1	305	22.8	30.7	21.0	-999.9	0.0	1.6	96674.7	-999.9
Bobo-Dioulasso	2010	11	2	306	23.1	30.4	20.5	-999.9	0.0	1.6	96615.5	-999.9
Bobo-Dioulasso	2010	11	3	307	23.0	31.8	21.0	-999.9	0.0	1.3	96533.7	-999.9
Bobo-Dioulasso	2010	11	4	308	21.8	32.4	21.5	-999.9	0.0	1.4	96576.8	-999.9
Bobo-Dioulasso	2010	11	5	309	21.1	31.1	20.6	-999.9	0.0	1.8	96633.3	-999.9
Bobo-Dioulasso	2010	11	6	310	21.6	31.5	20.7	-999.9	0.0	1.6	96740.3	-999.9
Bobo-Dioulasso	2010	11	7	311	21.0	30.4	15.8	-999.9	0.0	1.4	96665.5	-999.9
Bobo-Dioulasso	2010	11	8	312	23.3	30.9	18.6	-999.9	0.0	1.4	96641.4	-999.9
Bobo-Dioulasso	2010	11	9	313	22.2	32.1	19.9	-999.9	0.0	1.6	96553.4	-999.9
Bobo-Dioulasso	2010	11	10	314	21.1	32.8	21.2	-999.9	0.0	1.5	96634.8	-999.9
Bobo-Dioulasso	2010	11	11	315	23.0	32.9	21.8	-999.9	0.0	2.2	96825.3	-999.9
Bobo-Dioulasso	2010	11	12	316	21.7	33.3	22.1	-999.9	0.0	2.5	96662.7	-999.9
Bobo-Dioulasso	2010	11	13	317	20.0	32.6	22.0	-999.9	0.0	1.9	96363.1	-999.9
Bobo-Dioulasso	2010	11	14	318	20.6	31.7	19.9	-999.9	0.0	1.9	96465.1	-999.9
Bobo-Dioulasso	2010	11	15	319	23.6	31.5	19.2	-999.9	0.0	2.0	96696.9	-999.9
Bobo-Dioulasso	2010	11	16	320	22.4	32.3	19.1	-999.9	0.0	1.5	96803.2	-999.9
Bobo-Dioulasso	2010	11	17	321	21.8	33.5	20.0	-999.9	0.0	1.3	96587.7	-999.9
Bobo-Dioulasso	2010	11	18	322	20.9	32.4	20.1	-999.9	0.0	1.2	96487.2	-999.9
Bobo-Dioulasso	2010	11	19	323	20.9	32.6	19.6	-999.9	0.0	1.3	96555.8	-999.9
Bobo-Dioulasso	2010	11	20	324	20.5	32.9	20.4	-999.9	0.0	1.8	96609.8	-999.9
Bobo-Dioulasso	2010	11	21	325	19.9	32.9	20.5	-999.9	0.0	1.6	96463.3	-999.9
Bobo-Dioulasso	2010	11	22	326	20.7	32.7	19.6	-999.9	0.0	1.6	96376.5	-999.9
Bobo-Dioulasso	2010	11	23	327	21.6	32.3	20.3	-999.9	0.0	2.0	96447.7	-999.9
Bobo-Dioulasso	2010	11	24	328	18.9	33.5	21.4	-999.9	0.0	2.3	96491.0	-999.9
Bobo-Dioulasso	2010	11	25	329	18.0	32.7	21.4	-999.9	0.0	2.1	96565.9	-999.9
Bobo-Dioulasso	2010	11	26	330	18.0	32.5	21.4	-999.9	0.0	2.1	96547.0	-999.9
Bobo-Dioulasso	2010	11	27	331	18.9	32.5	21.3	-999.9	0.0	1.8	96561.9	-999.9
Bobo-Dioulasso	2010	11	28	332	18.7	32.6	21.1	-999.9	0.0	2.0	96656.5	-999.9
Bobo-Dioulasso	2010	11	29	333	18.7	33.2	21.2	-999.9	0.0	2.3	96623.4	-999.9
Bobo-Dioulasso	2010	11	30	334	18.4	33.1	21.3	-999.9	0.0	2.0	96613.6	-999.9
Bobo-Dioulasso	2010	12	1	335	18.3	32.5	21.3	-999.9	0.0	1.9	96526.7	-999.9
Bobo-Dioulasso	2010	12	2	336	16.8	32.6	21.4	-999.9	0.0	1.8	96472.2	-999.9
Bobo-Dioulasso	2010	12	3	337	17.3	32.3	21.0	-999.9	0.0	1.6	96578.0	-999.9
Bobo-Dioulasso	2010	12	4	338	17.8	32.6	20.9	-999.9	0.0	1.7	96599.3	-999.9
Bobo-Dioulasso	2010	12	5	339	18.6	33.2	20.6	-999.9	0.0	2.1	96666.3	-999.9
Bobo-Dioulasso	2010	12	6	340	18.3	32.4	20.8	-999.9	0.0	1.9	96627.5	-999.9
Bobo-Dioulasso	2010	12	7	341	17.8	31.9	20.9	-999.9	0.0	1.9	96601.3	-999.9
Bobo-Dioulasso	2010	12	8	342	17.1	31.8	20.8	-999.9	0.0	2.2	96616.5	-999.9
Bobo-Dioulasso	2010	12	9	343	19.3	31.1	20.9	-999.9	0.0	2.1	96703.5	-999.9
Bobo-Dioulasso	2010	12	10	344	17.5	31.4	21.2	-999.9	0.0	2.4	96749.8	-999.9
Bobo-Dioulasso	2010	12	11	345	16.7	30.5	21.1	-999.9	0.0	2.2	96626.6	-999.9
Bobo-Dioulasso	2010	12	12	346	14.5	30.3	21.3	-999.9	0.0	1.9	96427.0	-999.9
Bobo-Dioulasso	2010	12	13	347	15.3	31.5	20.9	-999.9	0.0	2.0	96321.8	-999.9
Bobo-Dioulasso	2010	12	14	348	17.3	31.7	20.3	-999.9	0.0	2.3	96529.3	-999.9
Bobo-Dioulasso	2010	12	15	349	18.7	32.3	20.3	-999.9	0.0	2.3	96639.2	-999.9
Bobo-Dioulasso	2010	12	16	350	18.5	32.5	20.2	-999.9	0.0	2.1	96523.9	-999.9
Bobo-Dioulasso	2010	12	17	351	18.5	33.5	20.5	-999.9	0.0	2.0	96423.9	-999.9
Bobo-Dioulasso	2010	12	18	352	19.2	33.4	20.3	-999.9	0.0	2.1	96404.7	-999.9
Bobo-Dioulasso	2010	12	19	353	19.9	33.6	20.2	-999.9	0.0	1.8	96601.6	-999.9
Bobo-Dioulasso	2010	12	20	354	19.0	33.9	20.2	-999.9	0.0	2.2	96718.9	-999.9
Bobo-Dioulasso	2010	12	21	355	19.6	33.2	20.6	-999.9	0.0	2.1	96643.8	-999.9
Bobo-Dioulasso	2010	12	22	356	16.9	32.8	20.7	-999.9	0.0	1.8	96551.6	-999.9
Bobo-Dioulasso	2010	12	23	357	17.3	32.8	20.4	-999.9	0.0	1.8	96505.8	-999.9
Bobo-Dioulasso	2010	12	24	358	18.6	33.5	20.6	-999.9	0.0	2.0	96508.7	-999.9
Bobo-Dioulasso	2010	12	25	359	18.1	33.0	20.9	-999.9	0.0	1.8	96597.5	-999.9
Bobo-Dioulasso	2010	12	26	360	17.4	32.4	19.6	-999.9	0.0	1.7	96610.8	-999.9
Bobo-Dioulasso	2010	12	27	361	17.3	32.6	20.5	-999.9	0.0	1.9	96540.8	-999.9
Bobo-Dioulasso	2010	12	28	362	19.0	32.6	20.6	-999.9	0.0	2.4	96499.8	-999.9
Bobo-Dioulasso	2010	12	29	363	19.0	32.3	20.3	-999.9	0.0	2.5	96535.2	-999.9
Bobo-Dioulasso	2010	12	30	364	19.4	31.5	20.0	-999.9	0.0	2.3	96622.7	-999.9
Bobo-Dioulasso	2010	12	31	365	18.4	30.5	20.5	-999.9	0.3	2.5	96648.0	-999.9
