Bobo-Dioulasso	1981	1	1	1	19.6	31.7	20.5	-999.9	0.0	3.2	96898.0	-999.9
Bobo-Dioulasso	1981	1	2	2	18.1	30.5	20.8	-999.9	0.0	3.0	96913.9	-999.9
Bobo-Dioulasso	1981	1	3	3	17.0	30.2	20.8	-999.9	0.0	2.7	96917.5	-999.9
Bobo-Dioulasso	1981	1	4	4	17.2	30.9	20.8	-999.9	0.0	2.4	96940.0	-999.9
Bobo-Dioulasso	1981	1	5	5	17.8	31.0	20.8	-999.9	0.0	2.5	96902.9	-999.9
Bobo-Dioulasso	1981	1	6	6	17.4	30.9	20.8	-999.9	0.0	2.4	96863.5	-999.9
Bobo-Dioulasso	1981	1	7	7	16.6	30.8	21.0	-999.9	0.0	2.2	96835.4	-999.9
Bobo-Dioulasso	1981	1	8	8	17.1	31.7	21.2	-999.9	0.0	2.2	96806.1	-999.9
Bobo-Dioulasso	1981	1	9	9	17.1	31.7	21.3	-999.9	0.0	2.3	96848.4	-999.9
Bobo-Dioulasso	1981	1	10	10	16.9	31.8	21.3	-999.9	0.0	2.1	96832.5	-999.9
Bobo-Dioulasso	1981	1	11	11	17.1	33.3	21.4	-999.9	0.0	2.0	96685.8	-999.9
Bobo-Dioulasso	1981	1	12	12	18.0	33.4	20.3	-999.9	0.0	1.9	96711.9	-999.9
Bobo-Dioulasso	1981	1	13	13	18.6	33.8	18.8	-999.9	0.0	1.8	96692.0	-999.9
Bobo-Dioulasso	1981	1	14	14	20.0	34.2	18.9	-999.9	0.0	2.7	96738.5	-999.9
Bobo-Dioulasso	1981	1	15	15	20.1	32.4	20.2	-999.9	0.0	3.3	96880.9	-999.9
Bobo-Dioulasso	1981	1	16	16	18.6	31.8	21.2	-999.9	0.0	3.0	96843.1	-999.9
Bobo-Dioulasso	1981	1	17	17	18.3	32.6	21.6	-999.9	0.0	2.6	96827.2	-999.9
Bobo-Dioulasso	1981	1	18	18	17.9	31.7	21.6	-999.9	0.0	2.5	96790.0	-999.9
Bobo-Dioulasso	1981	1	19	19	18.1	32.6	21.4	-999.9	0.0	2.5	96687.0	-999.9
Bobo-Dioulasso	1981	1	20	20	18.5	33.2	21.9	-999.9	0.0	2.7	96697.5	-999.9
Bobo-Dioulasso	1981	1	21	21	19.5	33.0	21.5	-999.9	0.0	2.6	96812.7	-999.9
Bobo-Dioulasso	1981	1	22	22	19.2	33.0	21.8	-999.9	0.0	2.5	96813.3	-999.9
Bobo-Dioulasso	1981	1	23	23	18.3	32.2	21.9	-999.9	0.0	2.4	96746.3	-999.9
Bobo-Dioulasso	1981	1	24	24	18.3	30.9	21.8	-999.9	0.0	2.9	96707.4	-999.9
Bobo-Dioulasso	1981	1	25	25	17.5	30.7	21.8	-999.9	0.0	2.7	96743.7	-999.9
Bobo-Dioulasso	1981	1	26	26	17.7	32.7	21.5	-999.9	0.0	2.4	96874.0	-999.9
Bobo-Dioulasso	1981	1	27	27	19.1	32.4	21.8	-999.9	0.0	2.9	97046.7	-999.9
Bobo-Dioulasso	1981	1	28	28	21.0	28.7	13.7	-999.9	0.0	2.7	97178.1	-999.9
Bobo-Dioulasso	1981	1	29	29	19.3	32.1	21.8	-999.9	0.0	2.6	97041.8	-999.9
Bobo-Dioulasso	1981	1	30	30	19.2	32.9	21.0	-999.9	0.0	2.4	96853.1	-999.9
Bobo-Dioulasso	1981	1	31	31	19.8	33.4	21.5	-999.9	0.0	2.0	96811.0	-999.9
Bobo-Dioulasso	1981	2	1	32	20.8	34.2	21.6	-999.9	0.0	2.3	96804.4	-999.9
Bobo-Dioulasso	1981	2	2	33	20.3	33.8	21.8	-999.9	0.0	2.5	96772.5	-999.9
Bobo-Dioulasso	1981	2	3	34	20.8	35.0	21.6	-999.9	0.0	2.5	96693.0	-999.9
Bobo-Dioulasso	1981	2	4	35	20.9	35.0	21.8	-999.9	0.0	2.3	96551.0	-999.9
Bobo-Dioulasso	1981	2	5	36	21.0	35.5	22.2	-999.9	0.0	2.5	96577.9	-999.9
Bobo-Dioulasso	1981	2	6	37	21.5	35.6	21.6	-999.9	0.0	2.2	96668.1	-999.9
Bobo-Dioulasso	1981	2	7	38	21.5	36.4	22.6	-999.9	0.0	2.6	96691.6	-999.9
Bobo-Dioulasso	1981	2	8	39	21.6	35.8	22.6	-999.9	0.0	2.6	96733.0	-999.9
Bobo-Dioulasso	1981	2	9	40	21.6	35.6	22.6	-999.9	0.0	2.7	96719.5	-999.9
Bobo-Dioulasso	1981	2	10	41	21.7	34.2	22.8	-999.9	0.0	2.8	96713.8	-999.9
Bobo-Dioulasso	1981	2	11	42	20.2	34.2	23.0	-999.9	0.0	2.3	96667.2	-999.9
Bobo-Dioulasso	1981	2	12	43	19.3	34.6	23.0	-999.9	0.0	2.0	96471.8	-999.9
Bobo-Dioulasso	1981	2	13	44	21.2	34.5	20.5	-999.9	0.0	2.4	96397.9	-999.9
Bobo-Dioulasso	1981	2	14	45	22.2	34.5	18.9	-999.9	0.0	1.6	96556.6	-999.9
Bobo-Dioulasso	1981	2	15	46	24.7	36.5	22.0	-999.9	0.0	1.7	96506.4	-999.9
Bobo-Dioulasso	1981	2	16	47	24.3	36.9	22.7	-999.9	0.0	1.5	96505.2	-999.9
Bobo-Dioulasso	1981	2	17	48	23.8	36.9	22.9	-999.9	0.0	2.6	96458.1	-999.9
Bobo-Dioulasso	1981	2	18	49	23.6	36.4	23.0	-999.9	0.0	2.6	96462.1	-999.9
Bobo-Dioulasso	1981	2	19	50	22.6	35.6	23.2	-999.9	0.0	2.2	96437.9	-999.9
Bobo-Dioulasso	1981	2	20	51	21.0	36.2	23.4	-999.9	0.0	1.3	96429.0	-999.9
Bobo-Dioulasso	1981	2	21	52	21.6	36.4	23.3	-999.9	0.0	1.9	96468.7	-999.9
Bobo-Dioulasso	1981	2	22	53	22.8	35.1	23.6	-999.9	0.0	2.9	96525.1	-999.9
Bobo-Dioulasso	1981	2	23	54	21.2	35.0	23.8	-999.9	0.0	2.3	96467.9	-999.9
Bobo-Dioulasso	1981	2	24	55	20.6	35.7	24.0	-999.9	0.0	1.8	96561.7	-999.9
Bobo-Dioulasso	1981	2	25	56	20.4	37.1	24.1	-999.9	0.0	2.0	96607.6	-999.9
Bobo-Dioulasso	1981	2	26	57	22.4	37.3	24.2	-999.9	0.0	2.4	96624.6	-999.9
Bobo-Dioulasso	1981	2	27	58	22.3	37.2	24.3	-999.9	0.0	2.5	96548.2	-999.9
Bobo-Dioulasso	1981	2	28	59	22.1	37.1	23.9	-999.9	0.0	2.0	96536.6	-999.9
Bobo-Dioulasso	1981	3	1	60	22.7	37.3	22.5	-999.9	0.0	2.1	96504.9	-999.9
Bobo-Dioulasso	1981	3	2	61	23.7	37.9	22.1	-999.9	0.0	1.7	96446.5	-999.9
Bobo-Dioulasso	1981	3	3	62	24.6	37.4	21.6	-999.9	0.0	1.6	96446.5	-999.9
Bobo-Dioulasso	1981	3	4	63	24.4	36.5	21.5	-999.9	0.0	1.9	96436.6	-999.9
Bobo-Dioulasso	1981	3	5	64	25.6	36.7	20.6	-999.9	0.0	2.5	96443.2	-999.9
Bobo-Dioulasso	1981	3	6	65	23.9	33.4	20.6	-999.9	0.0	1.7	96654.0	-999.9
Bobo-Dioulasso	1981	3	7	66	23.3	34.3	22.1	-999.9	0.0	1.4	96644.6	-999.9
Bobo-Dioulasso	1981	3	8	67	21.3	36.2	23.6	-999.9	0.0	1.7	96587.6	-999.9
Bobo-Dioulasso	1981	3	9	68	20.4	36.3	23.7	-999.9	0.0	1.7	96555.7	-999.9
Bobo-Dioulasso	1981	3	10	69	21.9	36.0	22.8	-999.9	0.0	1.9	96558.5	-999.9
Bobo-Dioulasso	1981	3	11	70	24.5	35.7	20.7	-999.9	0.0	1.9	96591.2	-999.9
Bobo-Dioulasso	1981	3	12	71	24.0	34.9	20.1	-999.9	4.0	2.4	96642.6	-999.9
Bobo-Dioulasso	1981	3	13	72	21.6	34.7	23.7	-999.9	0.0	2.0	96610.6	-999.9
Bobo-Dioulasso	1981	3	14	73	20.8	34.3	22.9	-999.9	0.0	2.0	96589.1	-999.9
Bobo-Dioulasso	1981	3	15	74	23.0	35.5	23.0	-999.9	0.0	1.9	96649.3	-999.9
Bobo-Dioulasso	1981	3	16	75	25.0	33.2	17.4	-999.9	0.0	2.6	96846.1	-999.9
Bobo-Dioulasso	1981	3	17	76	25.5	37.1	23.2	-999.9	0.0	2.2	96628.8	-999.9
Bobo-Dioulasso	1981	3	18	77	25.2	38.3	24.7	-999.9	0.0	2.5	96385.0	-999.9
Bobo-Dioulasso	1981	3	19	78	26.2	37.3	22.4	-999.9	0.0	2.2	96358.2	-999.9
Bobo-Dioulasso	1981	3	20	79	25.8	36.4	22.6	-999.9	0.0	2.5	96528.5	-999.9
Bobo-Dioulasso	1981	3	21	80	25.1	36.2	22.4	-999.9	7.7	3.4	96678.1	-999.9
Bobo-Dioulasso	1981	3	22	81	25.8	37.4	24.3	-999.9	0.0	3.3	96509.9	-999.9
Bobo-Dioulasso	1981	3	23	82	25.3	38.2	25.2	-999.9	0.0	2.5	96393.5	-999.9
Bobo-Dioulasso	1981	3	24	83	24.4	36.6	21.4	-999.9	0.0	1.9	96396.1	-999.9
Bobo-Dioulasso	1981	3	25	84	25.6	37.4	23.8	-999.9	0.0	1.9	96478.1	-999.9
Bobo-Dioulasso	1981	3	26	85	26.4	38.1	23.3	-999.9	0.0	2.2	96509.8	-999.9
Bobo-Dioulasso	1981	3	27	86	26.4	36.6	22.3	-999.9	0.0	2.8	96420.0	-999.9
Bobo-Dioulasso	1981	3	28	87	25.1	35.9	23.0	-999.9	4.0	2.0	96492.1	-999.9
Bobo-Dioulasso	1981	3	29	88	23.4	35.9	21.9	-999.9	0.0	2.3	96566.3	-999.9
Bobo-Dioulasso	1981	3	30	89	25.7	36.0	22.9	-999.9	1.3	2.3	96676.6	-999.9
Bobo-Dioulasso	1981	3	31	90	25.8	35.8	21.7	-999.9	0.0	2.3	96708.1	-999.9
Bobo-Dioulasso	1981	4	1	91	24.3	35.9	23.1	-999.9	0.0	1.8	96667.9	-999.9
Bobo-Dioulasso	1981	4	2	92	24.6	36.3	23.9	-999.9	0.0	2.1	96548.3	-999.9
Bobo-Dioulasso	1981	4	3	93	26.3	36.2	19.3	-999.9	0.0	2.0	96623.8	-999.9
Bobo-Dioulasso	1981	4	4	94	26.5	35.8	20.6	-999.9	0.0	2.2	96616.3	-999.9
Bobo-Dioulasso	1981	4	5	95	26.1	37.4	23.1	-999.9	0.0	2.1	96571.6	-999.9
Bobo-Dioulasso	1981	4	6	96	27.6	37.3	21.4	-999.9	0.0	2.2	96415.6	-999.9
Bobo-Dioulasso	1981	4	7	97	26.0	37.2	22.8	-999.9	0.0	2.1	96403.1	-999.9
Bobo-Dioulasso	1981	4	8	98	26.9	38.8	24.0	-999.9	1.2	2.5	96366.8	-999.9
Bobo-Dioulasso	1981	4	9	99	27.8	38.5	23.1	-999.9	0.0	2.3	96429.9	-999.9
Bobo-Dioulasso	1981	4	10	100	27.7	39.1	24.2	-999.9	0.0	1.9	96387.8	-999.9
Bobo-Dioulasso	1981	4	11	101	27.0	38.8	23.6	-999.9	0.0	2.0	96297.1	-999.9
Bobo-Dioulasso	1981	4	12	102	28.0	38.3	23.9	-999.9	0.0	2.1	96364.6	-999.9
Bobo-Dioulasso	1981	4	13	103	26.9	38.5	24.3	-999.9	0.0	2.0	96402.0	-999.9
Bobo-Dioulasso	1981	4	14	104	28.3	38.9	22.9	-999.9	0.0	2.0	96385.7	-999.9
Bobo-Dioulasso	1981	4	15	105	27.4	36.6	23.0	-999.9	0.0	2.5	96473.3	-999.9
Bobo-Dioulasso	1981	4	16	106	27.9	37.6	23.7	-999.9	0.0	2.5	96379.6	-999.9
Bobo-Dioulasso	1981	4	17	107	25.3	36.2	21.1	-999.9	0.0	2.7	96287.6	-999.9
Bobo-Dioulasso	1981	4	18	108	25.3	34.6	20.9	-999.9	3.4	1.8	96414.4	-999.9
Bobo-Dioulasso	1981	4	19	109	25.5	33.3	21.1	-999.9	0.0	1.9	96621.0	-999.9
Bobo-Dioulasso	1981	4	20	110	25.5	35.9	23.5	-999.9	0.0	1.7	96689.0	-999.9
Bobo-Dioulasso	1981	4	21	111	27.2	38.5	23.8	-999.9	9.0	3.0	96505.0	-999.9
Bobo-Dioulasso	1981	4	22	112	25.8	35.5	22.4	-999.9	4.5	2.7	96424.0	-999.9
Bobo-Dioulasso	1981	4	23	113	24.7	35.3	22.2	-999.9	5.1	2.1	96462.6	-999.9
Bobo-Dioulasso	1981	4	24	114	23.7	30.4	16.9	-999.9	17.9	1.4	96677.7	-999.9
Bobo-Dioulasso	1981	4	25	115	23.1	33.3	24.3	-999.9	0.0	1.4	96605.4	-999.9
Bobo-Dioulasso	1981	4	26	116	22.9	35.6	25.7	-999.9	0.0	1.7	96383.4	-999.9
Bobo-Dioulasso	1981	4	27	117	25.0	35.9	25.2	-999.9	0.0	2.9	96218.7	-999.9
Bobo-Dioulasso	1981	4	28	118	25.9	35.7	24.4	-999.9	2.4	3.0	96312.0	-999.9
Bobo-Dioulasso	1981	4	29	119	24.5	32.5	19.3	-999.9	2.4	2.2	96497.0	-999.9
Bobo-Dioulasso	1981	4	30	120	23.5	30.7	20.7	-999.9	2.4	2.0	96513.1	-999.9
Bobo-Dioulasso	1981	5	1	121	24.6	30.9	20.0	-999.9	0.0	1.8	96450.9	-999.9
Bobo-Dioulasso	1981	5	2	122	22.9	30.3	19.7	-999.9	5.3	1.9	96609.0	-999.9
Bobo-Dioulasso	1981	5	3	123	23.3	29.9	18.8	-999.9	2.3	1.7	96727.2	-999.9
Bobo-Dioulasso	1981	5	4	124	23.9	32.5	22.7	-999.9	2.3	2.0	96631.7	-999.9
Bobo-Dioulasso	1981	5	5	125	23.1	31.2	20.9	-999.9	4.7	2.7	96598.0	-999.9
Bobo-Dioulasso	1981	5	6	126	24.4	32.5	18.7	-999.9	0.0	1.9	96631.9	-999.9
Bobo-Dioulasso	1981	5	7	127	24.1	33.8	24.7	-999.9	5.9	1.9	96529.2	-999.9
Bobo-Dioulasso	1981	5	8	128	23.4	32.5	20.7	-999.9	3.0	2.6	96465.8	-999.9
Bobo-Dioulasso	1981	5	9	129	24.0	33.1	22.8	-999.9	5.9	2.3	96413.2	-999.9
Bobo-Dioulasso	1981	5	10	130	24.3	33.3	23.6	-999.9	0.0	2.4	96495.1	-999.9
Bobo-Dioulasso	1981	5	11	131	24.2	31.6	22.0	-999.9	0.9	2.6	96757.6	-999.9
Bobo-Dioulasso	1981	5	12	132	23.3	33.8	24.3	-999.9	12.3	2.1	96714.2	-999.9
Bobo-Dioulasso	1981	5	13	133	24.8	32.8	22.0	-999.9	0.0	2.1	96586.9	-999.9
Bobo-Dioulasso	1981	5	14	134	25.3	32.4	20.2	-999.9	0.0	2.3	96649.5	-999.9
Bobo-Dioulasso	1981	5	15	135	24.4	35.2	24.6	-999.9	0.0	2.2	96708.3	-999.9
Bobo-Dioulasso	1981	5	16	136	24.3	33.8	23.5	-999.9	3.6	1.9	96714.7	-999.9
Bobo-Dioulasso	1981	5	17	137	24.9	35.0	24.4	-999.9	4.1	2.3	96565.2	-999.9
Bobo-Dioulasso	1981	5	18	138	24.5	32.9	21.9	-999.9	3.6	2.8	96661.8	-999.9
Bobo-Dioulasso	1981	5	19	139	24.8	34.1	22.8	-999.9	10.8	2.1	96786.7	-999.9
Bobo-Dioulasso	1981	5	20	140	24.3	32.9	22.5	-999.9	3.6	1.9	96777.3	-999.9
Bobo-Dioulasso	1981	5	21	141	25.2	32.4	19.6	-999.9	1.6	2.5	96677.8	-999.9
Bobo-Dioulasso	1981	5	22	142	23.7	33.4	20.0	-999.9	3.2	2.6	96755.3	-999.9
Bobo-Dioulasso	1981	5	23	143	23.9	34.9	24.1	-999.9	1.9	2.0	96768.4	-999.9
Bobo-Dioulasso	1981	5	24	144	24.6	33.9	22.3	-999.9	1.6	2.0	96733.6	-999.9
Bobo-Dioulasso	1981	5	25	145	25.7	34.0	21.7	-999.9	4.9	2.2	96658.2	-999.9
Bobo-Dioulasso	1981	5	26	146	25.0	32.2	19.9	-999.9	10.2	2.9	96666.3	-999.9
Bobo-Dioulasso	1981	5	27	147	23.8	32.1	19.8	-999.9	11.7	2.4	96789.0	-999.9
Bobo-Dioulasso	1981	5	28	148	23.9	32.1	18.8	-999.9	10.2	2.0	96812.5	-999.9
Bobo-Dioulasso	1981	5	29	149	23.0	34.7	24.1	-999.9	0.0	1.8	96725.8	-999.9
Bobo-Dioulasso	1981	5	30	150	25.0	33.3	20.6	-999.9	5.8	1.7	96685.8	-999.9
Bobo-Dioulasso	1981	5	31	151	23.4	30.1	15.9	-999.9	10.2	1.7	96757.4	-999.9
Bobo-Dioulasso	1981	6	1	152	23.4	32.5	24.0	-999.9	0.0	1.8	96799.8	-999.9
Bobo-Dioulasso	1981	6	2	153	24.2	32.9	23.9	-999.9	0.0	2.0	96812.5	-999.9
Bobo-Dioulasso	1981	6	3	154	25.0	32.8	23.7	-999.9	0.0	2.1	96827.7	-999.9
Bobo-Dioulasso	1981	6	4	155	24.8	33.8	24.0	-999.9	0.0	2.5	96839.2	-999.9
Bobo-Dioulasso	1981	6	5	156	24.5	34.3	24.1	-999.9	0.0	1.8	96805.9	-999.9
Bobo-Dioulasso	1981	6	6	157	23.7	35.1	23.3	-999.9	0.0	1.9	96705.7	-999.9
Bobo-Dioulasso	1981	6	7	158	24.4	33.1	21.9	-999.9	0.0	2.6	96731.1	-999.9
Bobo-Dioulasso	1981	6	8	159	23.8	34.8	24.4	-999.9	0.0	2.6	96759.0	-999.9
Bobo-Dioulasso	1981	6	9	160	24.8	34.8	24.0	-999.9	0.0	2.5	96757.2	-999.9
Bobo-Dioulasso	1981	6	10	161	24.2	34.1	21.0	-999.9	13.1	2.3	96739.4	-999.9
Bobo-Dioulasso	1981	6	11	162	23.1	32.2	21.9	-999.9	0.0	2.1	96909.3	-999.9
Bobo-Dioulasso	1981	6	12	163	23.6	29.2	15.7	-999.9	0.0	2.0	97039.3	-999.9
Bobo-Dioulasso	1981	6	13	164	22.2	33.3	24.4	-999.9	0.0	1.7	96938.6	-999.9
Bobo-Dioulasso	1981	6	14	165	24.3	33.0	22.6	-999.9	0.0	1.9	96842.2	-999.9
Bobo-Dioulasso	1981	6	15	166	24.3	33.7	23.6	-999.9	0.0	2.7	96727.4	-999.9
Bobo-Dioulasso	1981	6	16	167	24.9	33.6	23.4	-999.9	0.0	2.6	96718.2	-999.9
Bobo-Dioulasso	1981	6	17	168	23.6	32.9	20.8	-999.9	1.6	2.4	96743.2	-999.9
Bobo-Dioulasso	1981	6	18	169	23.8	32.5	20.2	-999.9	0.0	2.3	96810.8	-999.9
Bobo-Dioulasso	1981	6	19	170	23.7	32.3	20.8	-999.9	53.7	1.5	96831.3	-999.9
Bobo-Dioulasso	1981	6	20	171	23.4	32.2	20.3	-999.9	3.8	1.9	96871.6	-999.9
Bobo-Dioulasso	1981	6	21	172	23.2	32.2	20.8	-999.9	0.0	2.0	96836.1	-999.9
Bobo-Dioulasso	1981	6	22	173	23.5	32.4	22.8	-999.9	0.0	1.8	96782.1	-999.9
Bobo-Dioulasso	1981	6	23	174	23.9	32.9	21.6	-999.9	12.3	2.0	96767.0	-999.9
Bobo-Dioulasso	1981	6	24	175	22.6	28.7	14.3	-999.9	42.2	2.1	96873.2	-999.9
Bobo-Dioulasso	1981	6	25	176	22.6	29.1	17.1	-999.9	0.0	2.4	96974.0	-999.9
Bobo-Dioulasso	1981	6	26	177	22.6	30.5	22.5	-999.9	0.0	1.6	96888.4	-999.9
Bobo-Dioulasso	1981	6	27	178	22.8	30.2	20.0	-999.9	0.0	2.0	96719.3	-999.9
Bobo-Dioulasso	1981	6	28	179	22.8	29.8	19.7	-999.9	0.0	2.1	96756.1	-999.9
Bobo-Dioulasso	1981	6	29	180	22.3	30.0	21.1	-999.9	20.4	1.6	96789.4	-999.9
Bobo-Dioulasso	1981	6	30	181	22.2	28.8	16.4	-999.9	0.0	2.3	96755.4	-999.9
Bobo-Dioulasso	1981	7	1	182	22.6	30.7	20.1	-999.9	0.0	2.2	96690.2	-999.9
Bobo-Dioulasso	1981	7	2	183	22.8	30.7	20.1	-999.9	8.4	2.0	96750.9	-999.9
Bobo-Dioulasso	1981	7	3	184	22.7	30.8	19.6	-999.9	0.0	1.6	96852.6	-999.9
Bobo-Dioulasso	1981	7	4	185	23.3	31.3	20.5	-999.9	0.0	2.0	96750.7	-999.9
Bobo-Dioulasso	1981	7	5	186	22.4	28.5	13.9	-999.9	8.4	2.4	96737.6	-999.9
Bobo-Dioulasso	1981	7	6	187	22.0	26.8	14.4	-999.9	0.0	2.4	96881.5	-999.9
Bobo-Dioulasso	1981	7	7	188	21.5	29.2	19.3	-999.9	5.5	2.0	96981.2	-999.9
Bobo-Dioulasso	1981	7	8	189	22.5	28.5	18.6	-999.9	0.0	1.4	96904.4	-999.9
Bobo-Dioulasso	1981	7	9	190	21.5	28.3	18.0	-999.9	6.3	2.1	96929.1	-999.9
Bobo-Dioulasso	1981	7	10	191	22.4	28.5	18.1	-999.9	5.5	2.9	96895.9	-999.9
Bobo-Dioulasso	1981	7	11	192	22.1	27.4	13.3	-999.9	25.6	2.5	96798.9	-999.9
Bobo-Dioulasso	1981	7	12	193	21.3	28.8	20.8	-999.9	0.0	2.1	96804.6	-999.9
Bobo-Dioulasso	1981	7	13	194	22.0	29.3	21.0	-999.9	0.0	2.2	96836.2	-999.9
Bobo-Dioulasso	1981	7	14	195	22.5	28.5	18.1	-999.9	25.6	2.3	96778.6	-999.9
Bobo-Dioulasso	1981	7	15	196	22.0	29.2	21.6	-999.9	0.0	2.0	96774.0	-999.9
Bobo-Dioulasso	1981	7	16	197	22.0	29.4	18.3	-999.9	0.0	2.2	96707.9	-999.9
Bobo-Dioulasso	1981	7	17	198	22.8	30.3	20.4	-999.9	7.6	2.5	96715.8	-999.9
Bobo-Dioulasso	1981	7	18	199	21.8	27.6	13.8	-999.9	22.7	2.1	96775.0	-999.9
Bobo-Dioulasso	1981	7	19	200	21.6	28.3	17.2	-999.9	0.0	2.1	96879.9	-999.9
Bobo-Dioulasso	1981	7	20	201	22.0	29.3	18.9	-999.9	22.7	1.9	96744.9	-999.9
Bobo-Dioulasso	1981	7	21	202	22.1	27.6	15.5	-999.9	0.0	2.7	96691.8	-999.9
Bobo-Dioulasso	1981	7	22	203	21.6	27.9	16.1	-999.9	0.0	2.6	96784.8	-999.9
Bobo-Dioulasso	1981	7	23	204	22.1	26.9	15.8	-999.9	14.4	2.4	96870.3	-999.9
Bobo-Dioulasso	1981	7	24	205	21.0	26.0	13.0	-999.9	12.6	2.0	96961.2	-999.9
Bobo-Dioulasso	1981	7	25	206	21.3	27.6	16.9	-999.9	0.0	2.2	96977.3	-999.9
Bobo-Dioulasso	1981	7	26	207	21.3	26.1	14.0	-999.9	0.0	2.4	97039.5	-999.9
Bobo-Dioulasso	1981	7	27	208	21.0	28.8	19.8	-999.9	0.0	2.2	96969.7	-999.9
Bobo-Dioulasso	1981	7	28	209	21.3	28.0	16.8	-999.9	0.0	2.4	96857.3	-999.9
Bobo-Dioulasso	1981	7	29	210	21.7	25.6	11.5	-999.9	13.1	2.4	96895.8	-999.9
Bobo-Dioulasso	1981	7	30	211	21.3	26.6	13.6	-999.9	0.0	2.2	97054.8	-999.9
Bobo-Dioulasso	1981	7	31	212	21.5	28.0	16.1	-999.9	0.0	2.1	97027.4	-999.9
Bobo-Dioulasso	1981	8	1	213	21.2	28.1	20.2	-999.9	25.7	1.7	96901.4	-999.9
Bobo-Dioulasso	1981	8	2	214	21.2	25.7	10.4	-999.9	10.3	1.5	96817.5	-999.9
Bobo-Dioulasso	1981	8	3	215	21.4	27.6	15.9	-999.9	3.2	1.5	96919.4	-999.9
Bobo-Dioulasso	1981	8	4	216	21.5	27.8	19.1	-999.9	0.0	2.0	96948.5	-999.9
Bobo-Dioulasso	1981	8	5	217	21.8	28.8	19.7	-999.9	0.0	1.7	96902.8	-999.9
Bobo-Dioulasso	1981	8	6	218	22.0	24.9	9.6	-999.9	20.6	1.6	96845.2	-999.9
Bobo-Dioulasso	1981	8	7	219	21.3	28.8	20.0	-999.9	17.5	1.8	96852.4	-999.9
Bobo-Dioulasso	1981	8	8	220	21.3	29.4	22.2	-999.9	0.0	1.3	96873.3	-999.9
Bobo-Dioulasso	1981	8	9	221	22.7	29.5	22.0	-999.9	0.0	1.5	96872.0	-999.9
Bobo-Dioulasso	1981	8	10	222	22.7	29.0	17.9	-999.9	7.4	1.6	96935.4	-999.9
Bobo-Dioulasso	1981	8	11	223	22.1	29.2	19.6	-999.9	4.5	1.4	96879.3	-999.9
Bobo-Dioulasso	1981	8	12	224	22.0	29.9	22.4	-999.9	0.0	1.5	96759.6	-999.9
Bobo-Dioulasso	1981	8	13	225	22.8	28.9	18.5	-999.9	1.3	1.9	96738.5	-999.9
Bobo-Dioulasso	1981	8	14	226	21.7	28.9	19.3	-999.9	6.9	1.9	96838.8	-999.9
Bobo-Dioulasso	1981	8	15	227	21.8	28.6	19.8	-999.9	2.6	1.2	96889.9	-999.9
Bobo-Dioulasso	1981	8	16	228	21.6	29.7	22.7	-999.9	0.0	1.5	96768.5	-999.9
Bobo-Dioulasso	1981	8	17	229	22.2	28.7	17.7	-999.9	0.0	1.9	96664.8	-999.9
Bobo-Dioulasso	1981	8	18	230	21.9	27.6	15.0	-999.9	17.8	2.3	96775.5	-999.9
Bobo-Dioulasso	1981	8	19	231	21.6	27.4	15.2	-999.9	0.0	1.7	96929.8	-999.9
Bobo-Dioulasso	1981	8	20	232	21.3	26.6	13.3	-999.9	18.5	1.5	96905.0	-999.9
Bobo-Dioulasso	1981	8	21	233	22.0	27.9	20.4	-999.9	0.0	1.8	96923.3	-999.9
Bobo-Dioulasso	1981	8	22	234	21.7	26.5	15.0	-999.9	10.7	1.7	97023.0	-999.9
Bobo-Dioulasso	1981	8	23	235	20.8	29.0	21.9	-999.9	0.0	1.3	96975.6	-999.9
Bobo-Dioulasso	1981	8	24	236	21.8	30.2	22.7	-999.9	24.4	1.7	96755.9	-999.9
Bobo-Dioulasso	1981	8	25	237	22.5	28.1	14.7	-999.9	0.0	2.4	96699.4	-999.9
Bobo-Dioulasso	1981	8	26	238	21.4	26.8	16.7	-999.9	0.0	2.2	96935.0	-999.9
Bobo-Dioulasso	1981	8	27	239	21.7	28.4	18.7	-999.9	26.4	1.7	96955.0	-999.9
Bobo-Dioulasso	1981	8	28	240	21.6	27.2	15.3	-999.9	0.0	2.1	96799.5	-999.9
Bobo-Dioulasso	1981	8	29	241	22.0	25.3	10.7	-999.9	52.7	2.1	96753.1	-999.9
Bobo-Dioulasso	1981	8	30	242	21.5	26.8	14.4	-999.9	0.0	2.1	96834.1	-999.9
Bobo-Dioulasso	1981	8	31	243	20.7	28.1	20.5	-999.9	0.0	1.2	96822.0	-999.9
Bobo-Dioulasso	1981	9	1	244	20.8	29.0	21.8	-999.9	6.9	1.1	96770.0	-999.9
Bobo-Dioulasso	1981	9	2	245	21.9	28.8	20.8	-999.9	0.0	1.6	96727.0	-999.9
Bobo-Dioulasso	1981	9	3	246	21.7	29.8	22.5	-999.9	0.0	1.7	96649.9	-999.9
Bobo-Dioulasso	1981	9	4	247	22.0	28.2	16.3	-999.9	15.8	1.9	96659.2	-999.9
Bobo-Dioulasso	1981	9	5	248	21.1	26.3	14.1	-999.9	6.9	1.4	96891.7	-999.9
Bobo-Dioulasso	1981	9	6	249	21.1	26.5	14.0	-999.9	16.1	1.4	96907.7	-999.9
Bobo-Dioulasso	1981	9	7	250	20.6	27.9	20.1	-999.9	16.1	1.7	96851.9	-999.9
Bobo-Dioulasso	1981	9	8	251	20.7	29.1	21.3	-999.9	0.0	1.7	96831.5	-999.9
Bobo-Dioulasso	1981	9	9	252	20.9	27.9	17.5	-999.9	16.1	1.5	96873.0	-999.9
Bobo-Dioulasso	1981	9	10	253	20.9	27.4	17.7	-999.9	0.0	1.5	96951.5	-999.9
Bobo-Dioulasso	1981	9	11	254	21.4	27.7	18.2	-999.9	0.0	1.2	96993.2	-999.9
Bobo-Dioulasso	1981	9	12	255	21.2	29.6	22.7	-999.9	0.0	1.2	96822.4	-999.9
Bobo-Dioulasso	1981	9	13	256	22.0	28.9	21.1	-999.9	13.0	1.6	96778.4	-999.9
Bobo-Dioulasso	1981	9	14	257	22.3	28.9	20.2	-999.9	13.0	1.6	96850.2	-999.9
Bobo-Dioulasso	1981	9	15	258	21.3	28.3	18.7	-999.9	0.0	1.3	96889.4	-999.9
Bobo-Dioulasso	1981	9	16	259	21.1	28.3	19.0	-999.9	1.6	1.5	96976.6	-999.9
Bobo-Dioulasso	1981	9	17	260	21.6	28.1	19.4	-999.9	6.9	1.2	96985.0	-999.9
Bobo-Dioulasso	1981	9	18	261	21.5	28.7	18.7	-999.9	1.6	1.8	96964.5	-999.9
Bobo-Dioulasso	1981	9	19	262	21.7	28.6	20.6	-999.9	0.0	1.9	96864.5	-999.9
Bobo-Dioulasso	1981	9	20	263	21.6	29.5	22.8	-999.9	0.6	1.5	96789.3	-999.9
Bobo-Dioulasso	1981	9	21	264	21.9	29.0	21.5	-999.9	0.0	1.7	96834.1	-999.9
Bobo-Dioulasso	1981	9	22	265	22.1	28.9	20.9	-999.9	0.0	1.6	96983.1	-999.9
Bobo-Dioulasso	1981	9	23	266	22.6	29.9	22.9	-999.9	0.0	1.4	97030.5	-999.9
Bobo-Dioulasso	1981	9	24	267	22.3	28.9	17.0	-999.9	23.2	1.8	96876.8	-999.9
Bobo-Dioulasso	1981	9	25	268	22.2	28.9	19.8	-999.9	23.2	1.8	96781.2	-999.9
Bobo-Dioulasso	1981	9	26	269	22.3	28.9	18.3	-999.9	0.0	1.8	96852.0	-999.9
Bobo-Dioulasso	1981	9	27	270	22.4	28.7	17.3	-999.9	5.7	1.5	96887.2	-999.9
Bobo-Dioulasso	1981	9	28	271	22.0	28.8	18.3	-999.9	0.0	1.5	96789.5	-999.9
Bobo-Dioulasso	1981	9	29	272	21.5	29.5	22.5	-999.9	0.0	1.5	96753.7	-999.9
Bobo-Dioulasso	1981	9	30	273	22.3	30.0	22.5	-999.9	0.0	1.5	96728.0	-999.9
Bobo-Dioulasso	1981	10	1	274	21.8	29.6	20.8	-999.9	0.0	1.5	96765.2	-999.9
Bobo-Dioulasso	1981	10	2	275	22.6	30.9	23.6	-999.9	0.0	1.3	96696.9	-999.9
Bobo-Dioulasso	1981	10	3	276	22.7	30.2	22.9	-999.9	0.0	1.7	96608.4	-999.9
Bobo-Dioulasso	1981	10	4	277	22.9	30.4	23.0	-999.9	0.0	1.7	96622.1	-999.9
Bobo-Dioulasso	1981	10	5	278	22.6	30.1	21.9	-999.9	0.0	1.6	96631.2	-999.9
Bobo-Dioulasso	1981	10	6	279	22.4	30.6	23.2	-999.9	0.0	1.5	96697.1	-999.9
Bobo-Dioulasso	1981	10	7	280	22.2	31.0	20.5	-999.9	9.2	1.3	96603.3	-999.9
Bobo-Dioulasso	1981	10	8	281	23.0	30.9	22.5	-999.9	0.0	1.9	96612.3	-999.9
Bobo-Dioulasso	1981	10	9	282	22.5	29.6	20.9	-999.9	18.3	1.7	96748.9	-999.9
Bobo-Dioulasso	1981	10	10	283	22.5	29.6	21.8	-999.9	0.0	1.5	96762.0	-999.9
Bobo-Dioulasso	1981	10	11	284	22.1	30.9	21.7	-999.9	0.0	1.3	96670.8	-999.9
Bobo-Dioulasso	1981	10	12	285	22.8	30.9	22.0	-999.9	0.0	1.4	96606.1	-999.9
Bobo-Dioulasso	1981	10	13	286	22.1	29.8	20.9	-999.9	3.9	1.8	96731.7	-999.9
Bobo-Dioulasso	1981	10	14	287	21.4	30.3	21.7	-999.9	0.0	1.4	96868.4	-999.9
Bobo-Dioulasso	1981	10	15	288	21.8	30.1	21.0	-999.9	0.0	1.4	96842.0	-999.9
Bobo-Dioulasso	1981	10	16	289	22.6	31.0	20.7	-999.9	0.0	1.4	96740.5	-999.9
Bobo-Dioulasso	1981	10	17	290	22.4	30.9	22.7	-999.9	0.0	1.8	96693.0	-999.9
Bobo-Dioulasso	1981	10	18	291	22.9	31.3	22.2	-999.9	0.0	1.4	96786.2	-999.9
Bobo-Dioulasso	1981	10	19	292	22.9	32.1	21.8	-999.9	0.0	1.7	96738.5	-999.9
Bobo-Dioulasso	1981	10	20	293	22.4	31.5	21.2	-999.9	0.0	2.1	96656.0	-999.9
Bobo-Dioulasso	1981	10	21	294	22.6	30.1	18.4	-999.9	0.0	2.1	96740.5	-999.9
Bobo-Dioulasso	1981	10	22	295	22.9	31.2	20.3	-999.9	3.3	1.4	96832.3	-999.9
Bobo-Dioulasso	1981	10	23	296	22.3	32.0	21.1	-999.9	0.4	1.5	96849.4	-999.9
Bobo-Dioulasso	1981	10	24	297	22.7	32.2	19.8	-999.9	0.0	1.7	96772.1	-999.9
Bobo-Dioulasso	1981	10	25	298	22.5	33.5	20.6	-999.9	0.0	1.8	96661.5	-999.9
Bobo-Dioulasso	1981	10	26	299	23.4	33.0	20.9	-999.9	0.0	2.0	96678.7	-999.9
Bobo-Dioulasso	1981	10	27	300	24.0	32.6	19.5	-999.9	0.0	1.7	96643.6	-999.9
Bobo-Dioulasso	1981	10	28	301	22.8	34.7	20.6	-999.9	0.0	1.5	96728.0	-999.9
Bobo-Dioulasso	1981	10	29	302	22.8	34.9	20.8	-999.9	0.0	1.8	96730.1	-999.9
Bobo-Dioulasso	1981	10	30	303	22.9	33.7	20.8	-999.9	0.0	1.7	96616.7	-999.9
Bobo-Dioulasso	1981	10	31	304	23.7	33.6	20.5	-999.9	0.0	1.8	96617.3	-999.9
Bobo-Dioulasso	1981	11	1	305	22.8	34.8	21.1	-999.9	0.0	1.9	96621.4	-999.9
Bobo-Dioulasso	1981	11	2	306	22.6	34.6	20.2	-999.9	0.0	2.1	96700.5	-999.9
Bobo-Dioulasso	1981	11	3	307	23.1	34.1	20.2	-999.9	0.0	2.0	96752.6	-999.9
Bobo-Dioulasso	1981	11	4	308	22.2	35.0	21.8	-999.9	0.0	2.0	96688.4	-999.9
Bobo-Dioulasso	1981	11	5	309	22.4	33.9	19.8	-999.9	0.0	2.0	96670.3	-999.9
Bobo-Dioulasso	1981	11	6	310	20.6	33.7	21.5	-999.9	0.0	1.9	96776.8	-999.9
Bobo-Dioulasso	1981	11	7	311	19.0	33.9	22.7	-999.9	0.0	2.2	96813.1	-999.9
Bobo-Dioulasso	1981	11	8	312	20.0	33.7	21.7	-999.9	0.0	2.3	96777.4	-999.9
Bobo-Dioulasso	1981	11	9	313	20.6	33.2	22.0	-999.9	0.0	2.2	96767.0	-999.9
Bobo-Dioulasso	1981	11	10	314	22.0	33.7	21.7	-999.9	0.0	1.8	96763.2	-999.9
Bobo-Dioulasso	1981	11	11	315	21.4	34.7	21.6	-999.9	0.0	2.3	96668.1	-999.9
Bobo-Dioulasso	1981	11	12	316	20.9	34.3	21.0	-999.9	0.0	1.8	96654.1	-999.9
Bobo-Dioulasso	1981	11	13	317	20.9	34.5	22.2	-999.9	0.0	2.4	96684.5	-999.9
Bobo-Dioulasso	1981	11	14	318	20.0	33.5	22.1	-999.9	0.0	1.6	96732.6	-999.9
Bobo-Dioulasso	1981	11	15	319	19.0	33.6	21.7	-999.9	0.0	1.8	96675.4	-999.9
Bobo-Dioulasso	1981	11	16	320	23.7	34.2	21.1	-999.9	0.0	2.0	96730.5	-999.9
Bobo-Dioulasso	1981	11	17	321	21.2	34.5	21.7	-999.9	0.0	2.5	96662.9	-999.9
Bobo-Dioulasso	1981	11	18	322	21.2	33.8	21.8	-999.9	0.0	2.3	96549.5	-999.9
Bobo-Dioulasso	1981	11	19	323	18.7	33.5	21.8	-999.9	0.0	1.9	96535.5	-999.9
Bobo-Dioulasso	1981	11	20	324	19.1	33.5	21.0	-999.9	0.0	1.9	96640.4	-999.9
Bobo-Dioulasso	1981	11	21	325	19.9	33.7	21.6	-999.9	0.0	2.2	96783.0	-999.9
Bobo-Dioulasso	1981	11	22	326	19.9	32.3	21.7	-999.9	0.0	2.4	96796.1	-999.9
Bobo-Dioulasso	1981	11	23	327	18.3	31.0	21.9	-999.9	0.0	2.6	96797.0	-999.9
Bobo-Dioulasso	1981	11	24	328	17.7	30.9	21.7	-999.9	0.0	2.3	96802.0	-999.9
Bobo-Dioulasso	1981	11	25	329	17.7	31.1	21.5	-999.9	0.0	2.0	96810.6	-999.9
Bobo-Dioulasso	1981	11	26	330	17.8	31.7	21.3	-999.9	0.0	1.9	96781.0	-999.9
Bobo-Dioulasso	1981	11	27	331	19.8	32.5	21.1	-999.9	0.0	2.4	96816.3	-999.9
Bobo-Dioulasso	1981	11	28	332	19.9	32.9	21.1	-999.9	0.0	2.3	96775.9	-999.9
Bobo-Dioulasso	1981	11	29	333	19.1	33.0	21.0	-999.9	0.0	1.9	96631.3	-999.9
Bobo-Dioulasso	1981	11	30	334	20.5	33.1	19.7	-999.9	0.0	2.2	96596.0	-999.9
Bobo-Dioulasso	1981	12	1	335	20.9	33.7	21.0	-999.9	0.0	2.6	96615.8	-999.9
Bobo-Dioulasso	1981	12	2	336	19.7	33.6	21.1	-999.9	0.0	2.4	96831.9	-999.9
Bobo-Dioulasso	1981	12	3	337	19.1	33.0	21.2	-999.9	0.0	2.5	96867.1	-999.9
Bobo-Dioulasso	1981	12	4	338	18.9	33.0	21.0	-999.9	0.0	2.5	96841.7	-999.9
Bobo-Dioulasso	1981	12	5	339	18.8	32.7	21.3	-999.9	0.0	2.7	96831.2	-999.9
Bobo-Dioulasso	1981	12	6	340	18.6	32.3	21.0	-999.9	0.0	2.2	96832.3	-999.9
Bobo-Dioulasso	1981	12	7	341	16.9	32.5	20.3	-999.9	0.0	1.8	96845.0	-999.9
Bobo-Dioulasso	1981	12	8	342	18.5	33.1	20.7	-999.9	0.0	2.3	96924.4	-999.9
Bobo-Dioulasso	1981	12	9	343	20.0	33.9	20.0	-999.9	0.0	2.6	96926.1	-999.9
Bobo-Dioulasso	1981	12	10	344	20.9	34.4	20.5	-999.9	0.0	2.8	96826.2	-999.9
Bobo-Dioulasso	1981	12	11	345	20.5	34.6	20.6	-999.9	0.0	2.4	96757.0	-999.9
Bobo-Dioulasso	1981	12	12	346	19.7	34.0	20.6	-999.9	0.0	2.0	96705.0	-999.9
Bobo-Dioulasso	1981	12	13	347	20.6	33.7	20.4	-999.9	0.0	2.5	96765.7	-999.9
Bobo-Dioulasso	1981	12	14	348	19.0	32.7	20.7	-999.9	0.0	2.4	96858.0	-999.9
Bobo-Dioulasso	1981	12	15	349	19.4	33.2	20.7	-999.9	0.0	2.5	96795.8	-999.9
Bobo-Dioulasso	1981	12	16	350	18.5	32.7	19.3	-999.9	0.0	2.2	96692.0	-999.9
Bobo-Dioulasso	1981	12	17	351	17.8	32.9	20.0	-999.9	0.0	2.0	96695.8	-999.9
Bobo-Dioulasso	1981	12	18	352	18.3	33.5	20.6	-999.9	0.5	1.9	96733.0	-999.9
Bobo-Dioulasso	1981	12	19	353	17.3	33.5	20.7	-999.9	0.0	1.9	96726.9	-999.9
Bobo-Dioulasso	1981	12	20	354	18.7	33.2	20.5	-999.9	0.0	2.0	96663.9	-999.9
Bobo-Dioulasso	1981	12	21	355	19.7	33.4	19.5	-999.9	0.0	2.3	96599.9	-999.9
Bobo-Dioulasso	1981	12	22	356	18.5	32.9	20.6	-999.9	0.0	2.0	96640.0	-999.9
Bobo-Dioulasso	1981	12	23	357	17.8	32.7	20.2	-999.9	0.0	2.1	96710.0	-999.9
Bobo-Dioulasso	1981	12	24	358	18.1	33.1	20.9	-999.9	0.0	2.2	96685.8	-999.9
Bobo-Dioulasso	1981	12	25	359	17.9	33.6	20.9	-999.9	0.0	1.9	96693.7	-999.9
Bobo-Dioulasso	1981	12	26	360	18.1	34.2	20.6	-999.9	0.0	2.1	96679.4	-999.9
Bobo-Dioulasso	1981	12	27	361	18.2	34.0	20.6	-999.9	0.0	1.9	96635.7	-999.9
Bobo-Dioulasso	1981	12	28	362	18.0	34.1	20.7	-999.9	0.0	2.0	96579.6	-999.9
Bobo-Dioulasso	1981	12	29	363	18.7	34.1	20.7	-999.9	0.0	2.0	96566.9	-999.9
Bobo-Dioulasso	1981	12	30	364	18.4	34.4	20.7	-999.9	0.0	2.2	96609.0	-999.9
Bobo-Dioulasso	1981	12	31	365	19.6	34.1	20.9	-999.9	0.0	2.2	96593.1	-999.9
