Bobo-Dioulasso	2019	1	1	1	21.2	34.1	20.5	-999.9	0.0	3.0	97043.0	-999.9
Bobo-Dioulasso	2019	1	2	2	19.5	32.8	20.6	-999.9	0.0	2.4	97036.2	-999.9
Bobo-Dioulasso	2019	1	3	3	18.3	32.8	20.8	-999.9	0.0	1.8	96863.4	-999.9
Bobo-Dioulasso	2019	1	4	4	18.3	32.7	20.7	-999.9	0.0	2.4	96940.7	-999.9
Bobo-Dioulasso	2019	1	5	5	18.5	32.4	20.7	-999.9	0.0	2.5	97003.9	-999.9
Bobo-Dioulasso	2019	1	6	6	18.7	32.1	19.3	-999.9	0.0	2.3	96930.5	-999.9
Bobo-Dioulasso	2019	1	7	7	19.6	32.9	20.5	-999.9	0.0	2.2	96909.8	-999.9
Bobo-Dioulasso	2019	1	8	8	19.1	33.4	20.8	-999.9	0.0	2.2	96845.7	-999.9
Bobo-Dioulasso	2019	1	9	9	18.9	32.9	20.4	-999.9	0.0	2.0	96728.5	-999.9
Bobo-Dioulasso	2019	1	10	10	18.0	34.0	20.5	-999.9	0.0	1.6	96677.8	-999.9
Bobo-Dioulasso	2019	1	11	11	18.1	34.8	20.8	-999.9	0.0	1.9	96691.8	-999.9
Bobo-Dioulasso	2019	1	12	12	20.9	35.8	20.9	-999.9	0.0	2.4	96678.1	-999.9
Bobo-Dioulasso	2019	1	13	13	20.8	35.9	21.0	-999.9	0.0	2.4	96782.8	-999.9
Bobo-Dioulasso	2019	1	14	14	19.9	35.3	21.3	-999.9	0.0	2.0	96852.8	-999.9
Bobo-Dioulasso	2019	1	15	15	18.8	35.4	21.3	-999.9	0.0	1.8	96778.1	-999.9
Bobo-Dioulasso	2019	1	16	16	19.6	35.7	21.3	-999.9	0.0	1.7	96726.3	-999.9
Bobo-Dioulasso	2019	1	17	17	20.7	36.1	21.4	-999.9	0.0	1.1	96642.9	-999.9
Bobo-Dioulasso	2019	1	18	18	22.2	35.3	20.2	-999.9	0.0	1.9	96631.1	-999.9
Bobo-Dioulasso	2019	1	19	19	22.5	33.3	20.7	-999.9	0.0	2.2	96879.0	-999.9
Bobo-Dioulasso	2019	1	20	20	19.7	32.5	21.4	-999.9	0.0	2.1	97011.6	-999.9
Bobo-Dioulasso	2019	1	21	21	17.7	33.1	21.5	-999.9	0.0	1.9	96939.6	-999.9
Bobo-Dioulasso	2019	1	22	22	18.5	33.5	21.6	-999.9	0.0	2.3	96858.1	-999.9
Bobo-Dioulasso	2019	1	23	23	17.9	32.7	21.7	-999.9	0.0	2.3	96845.4	-999.9
Bobo-Dioulasso	2019	1	24	24	17.1	33.9	21.7	-999.9	0.0	1.9	96729.5	-999.9
Bobo-Dioulasso	2019	1	25	25	18.5	34.9	21.2	-999.9	0.0	2.1	96773.8	-999.9
Bobo-Dioulasso	2019	1	26	26	20.1	33.8	21.9	-999.9	0.0	2.5	96876.0	-999.9
Bobo-Dioulasso	2019	1	27	27	17.7	31.8	21.0	-999.9	0.0	2.1	96860.2	-999.9
Bobo-Dioulasso	2019	1	28	28	16.7	33.6	22.2	-999.9	0.0	1.8	96743.6	-999.9
Bobo-Dioulasso	2019	1	29	29	17.8	34.3	22.2	-999.9	0.0	1.9	96701.2	-999.9
Bobo-Dioulasso	2019	1	30	30	19.4	34.9	22.0	-999.9	0.0	2.0	96639.5	-999.9
Bobo-Dioulasso	2019	1	31	31	19.8	35.8	21.9	-999.9	0.0	1.7	96627.5	-999.9
Bobo-Dioulasso	2019	2	1	32	21.0	35.8	21.4	-999.9	0.0	2.2	96619.5	-999.9
Bobo-Dioulasso	2019	2	2	33	20.5	35.6	21.0	-999.9	0.0	1.5	96557.9	-999.9
Bobo-Dioulasso	2019	2	3	34	24.0	35.7	20.0	-999.9	0.0	1.7	96528.1	-999.9
Bobo-Dioulasso	2019	2	4	35	25.6	36.8	21.6	-999.9	0.0	2.1	96580.7	-999.9
Bobo-Dioulasso	2019	2	5	36	22.9	35.1	20.3	-999.9	0.6	2.0	96747.8	-999.9
Bobo-Dioulasso	2019	2	6	37	21.6	35.6	22.2	-999.9	0.0	2.2	96656.9	-999.9
Bobo-Dioulasso	2019	2	7	38	21.4	35.5	22.5	-999.9	0.0	2.1	96558.6	-999.9
Bobo-Dioulasso	2019	2	8	39	20.8	35.6	22.6	-999.9	0.0	2.1	96574.3	-999.9
Bobo-Dioulasso	2019	2	9	40	21.2	35.2	22.5	-999.9	0.7	2.6	96612.7	-999.9
Bobo-Dioulasso	2019	2	10	41	21.8	34.8	22.3	-999.9	0.0	3.0	96687.9	-999.9
Bobo-Dioulasso	2019	2	11	42	21.2	34.9	23.1	-999.9	0.0	2.6	96727.6	-999.9
Bobo-Dioulasso	2019	2	12	43	20.8	34.6	21.2	-999.9	0.0	2.8	96766.4	-999.9
Bobo-Dioulasso	2019	2	13	44	21.2	35.8	23.1	-999.9	0.0	2.6	96791.3	-999.9
Bobo-Dioulasso	2019	2	14	45	21.3	36.2	23.1	-999.9	0.0	2.3	96852.7	-999.9
Bobo-Dioulasso	2019	2	15	46	21.9	36.1	23.1	-999.9	0.0	2.3	96925.9	-999.9
Bobo-Dioulasso	2019	2	16	47	21.6	36.2	23.1	-999.9	0.0	2.2	96772.8	-999.9
Bobo-Dioulasso	2019	2	17	48	21.6	36.4	23.2	-999.9	0.0	2.3	96706.5	-999.9
Bobo-Dioulasso	2019	2	18	49	21.3	37.2	23.2	-999.9	0.0	2.1	96546.2	-999.9
Bobo-Dioulasso	2019	2	19	50	23.2	36.8	21.4	-999.9	0.0	1.9	96404.9	-999.9
Bobo-Dioulasso	2019	2	20	51	26.8	34.9	15.6	-999.9	0.0	2.3	96596.1	-999.9
Bobo-Dioulasso	2019	2	21	52	25.0	37.6	22.8	-999.9	0.0	2.5	96767.5	-999.9
Bobo-Dioulasso	2019	2	22	53	23.9	37.4	23.4	-999.9	0.0	2.7	96804.6	-999.9
Bobo-Dioulasso	2019	2	23	54	22.5	34.9	23.6	-999.9	0.0	2.4	96694.8	-999.9
Bobo-Dioulasso	2019	2	24	55	20.4	34.2	24.0	-999.9	0.0	1.9	96577.3	-999.9
Bobo-Dioulasso	2019	2	25	56	20.2	35.0	23.9	-999.9	0.0	2.0	96524.8	-999.9
Bobo-Dioulasso	2019	2	26	57	21.4	34.8	23.8	-999.9	0.0	2.6	96635.8	-999.9
Bobo-Dioulasso	2019	2	27	58	20.9	34.6	23.9	-999.9	0.0	3.0	96775.9	-999.9
Bobo-Dioulasso	2019	2	28	59	22.2	31.2	16.8	-999.9	0.0	2.8	96915.0	-999.9
Bobo-Dioulasso	2019	3	1	60	18.8	32.1	24.4	-999.9	0.0	2.3	96997.8	-999.9
Bobo-Dioulasso	2019	3	2	61	19.8	34.1	24.4	-999.9	0.0	2.2	96949.9	-999.9
Bobo-Dioulasso	2019	3	3	62	20.3	35.7	24.2	-999.9	0.0	2.1	96869.5	-999.9
Bobo-Dioulasso	2019	3	4	63	22.3	36.2	23.3	-999.9	0.0	1.9	96748.5	-999.9
Bobo-Dioulasso	2019	3	5	64	22.4	36.7	24.5	-999.9	0.0	1.9	96737.0	-999.9
Bobo-Dioulasso	2019	3	6	65	22.4	37.4	24.6	-999.9	0.0	2.1	96718.6	-999.9
Bobo-Dioulasso	2019	3	7	66	21.8	37.3	24.7	-999.9	0.0	1.5	96647.8	-999.9
Bobo-Dioulasso	2019	3	8	67	21.5	37.3	24.7	-999.9	0.0	1.9	96535.6	-999.9
Bobo-Dioulasso	2019	3	9	68	21.3	35.9	24.3	-999.9	0.0	1.6	96655.0	-999.9
Bobo-Dioulasso	2019	3	10	69	21.6	35.7	20.6	-999.9	0.0	1.6	96760.9	-999.9
Bobo-Dioulasso	2019	3	11	70	24.9	36.7	23.8	-999.9	0.0	2.1	96817.9	-999.9
Bobo-Dioulasso	2019	3	12	71	25.1	36.7	23.8	-999.9	0.0	2.8	96730.7	-999.9
Bobo-Dioulasso	2019	3	13	72	23.9	37.2	25.0	-999.9	0.0	2.3	96585.8	-999.9
Bobo-Dioulasso	2019	3	14	73	22.7	38.1	25.1	-999.9	0.0	2.0	96470.2	-999.9
Bobo-Dioulasso	2019	3	15	74	24.2	38.5	25.3	-999.9	0.0	2.0	96471.4	-999.9
Bobo-Dioulasso	2019	3	16	75	23.8	38.8	24.8	-999.9	0.0	1.7	96461.6	-999.9
Bobo-Dioulasso	2019	3	17	76	27.5	37.4	22.1	-999.9	0.0	2.8	96558.5	-999.9
Bobo-Dioulasso	2019	3	18	77	25.6	37.8	22.3	-999.9	0.0	1.6	96483.0	-999.9
Bobo-Dioulasso	2019	3	19	78	24.9	36.8	20.2	-999.9	0.0	1.6	96422.4	-999.9
Bobo-Dioulasso	2019	3	20	79	26.1	36.9	21.6	-999.9	0.0	1.9	96445.0	-999.9
Bobo-Dioulasso	2019	3	21	80	24.7	37.4	22.4	-999.9	0.0	1.6	96408.2	-999.9
Bobo-Dioulasso	2019	3	22	81	25.8	37.4	24.7	-999.9	0.0	1.9	96491.2	-999.9
Bobo-Dioulasso	2019	3	23	82	24.3	38.4	24.6	-999.9	0.0	2.3	96549.5	-999.9
Bobo-Dioulasso	2019	3	24	83	26.6	38.2	22.4	-999.9	0.0	2.5	96497.5	-999.9
Bobo-Dioulasso	2019	3	25	84	23.8	37.8	23.0	-999.9	0.0	3.1	96445.4	-999.9
Bobo-Dioulasso	2019	3	26	85	27.5	36.7	20.9	-999.9	0.0	3.0	96522.6	-999.9
Bobo-Dioulasso	2019	3	27	86	25.6	35.9	22.5	-999.9	3.8	2.3	96773.0	-999.9
Bobo-Dioulasso	2019	3	28	87	27.0	38.0	22.5	-999.9	0.0	1.8	96692.4	-999.9
Bobo-Dioulasso	2019	3	29	88	24.7	39.2	24.8	-999.9	0.0	1.8	96521.3	-999.9
Bobo-Dioulasso	2019	3	30	89	27.6	38.1	22.5	-999.9	0.0	2.4	96448.2	-999.9
Bobo-Dioulasso	2019	3	31	90	26.3	36.4	16.5	-999.9	7.6	2.7	96493.9	-999.9
Bobo-Dioulasso	2019	4	1	91	26.8	37.5	24.2	-999.9	0.0	1.6	96409.5	-999.9
Bobo-Dioulasso	2019	4	2	92	28.2	37.5	22.1	-999.9	0.0	2.2	96366.1	-999.9
Bobo-Dioulasso	2019	4	3	93	27.8	37.4	22.7	-999.9	0.0	2.3	96386.3	-999.9
Bobo-Dioulasso	2019	4	4	94	28.2	37.5	22.1	-999.9	0.0	2.2	96284.8	-999.9
Bobo-Dioulasso	2019	4	5	95	28.1	37.6	22.5	-999.9	2.1	2.2	96433.5	-999.9
Bobo-Dioulasso	2019	4	6	96	27.8	39.1	24.6	-999.9	0.0	1.5	96462.2	-999.9
Bobo-Dioulasso	2019	4	7	97	27.6	38.5	24.0	-999.9	0.0	2.3	96569.1	-999.9
Bobo-Dioulasso	2019	4	8	98	25.5	38.0	24.6	-999.9	0.0	1.5	96607.1	-999.9
Bobo-Dioulasso	2019	4	9	99	24.7	38.8	26.0	-999.9	0.0	1.8	96523.1	-999.9
Bobo-Dioulasso	2019	4	10	100	24.4	38.6	25.8	-999.9	0.0	1.4	96416.7	-999.9
Bobo-Dioulasso	2019	4	11	101	26.8	38.8	25.3	-999.9	0.0	2.0	96390.6	-999.9
Bobo-Dioulasso	2019	4	12	102	27.0	37.7	21.5	-999.9	1.8	2.2	96396.4	-999.9
Bobo-Dioulasso	2019	4	13	103	28.4	37.5	22.5	-999.9	0.0	1.8	96481.6	-999.9
Bobo-Dioulasso	2019	4	14	104	27.3	37.6	23.6	-999.9	0.0	1.8	96572.9	-999.9
Bobo-Dioulasso	2019	4	15	105	26.6	37.5	24.9	-999.9	0.0	2.0	96580.1	-999.9
Bobo-Dioulasso	2019	4	16	106	28.4	36.8	19.9	-999.9	0.0	2.1	96559.9	-999.9
Bobo-Dioulasso	2019	4	17	107	26.6	37.7	24.6	-999.9	0.0	2.0	96520.4	-999.9
Bobo-Dioulasso	2019	4	18	108	28.4	37.5	21.2	-999.9	1.4	2.7	96431.2	-999.9
Bobo-Dioulasso	2019	4	19	109	26.3	37.6	23.9	-999.9	0.0	2.6	96520.7	-999.9
Bobo-Dioulasso	2019	4	20	110	27.5	37.1	23.3	-999.9	1.4	2.5	96535.4	-999.9
Bobo-Dioulasso	2019	4	21	111	24.1	34.4	24.0	-999.9	6.5	2.3	96555.0	-999.9
Bobo-Dioulasso	2019	4	22	112	26.5	36.0	23.6	-999.9	0.3	1.9	96405.5	-999.9
Bobo-Dioulasso	2019	4	23	113	26.5	34.9	22.7	-999.9	0.0	2.7	96443.9	-999.9
Bobo-Dioulasso	2019	4	24	114	25.0	35.1	23.9	-999.9	0.8	2.1	96641.0	-999.9
Bobo-Dioulasso	2019	4	25	115	24.2	34.4	23.9	-999.9	4.1	1.5	96746.1	-999.9
Bobo-Dioulasso	2019	4	26	116	26.6	36.1	24.1	-999.9	0.0	2.0	96587.8	-999.9
Bobo-Dioulasso	2019	4	27	117	26.1	37.7	24.4	-999.9	0.0	2.4	96460.0	-999.9
Bobo-Dioulasso	2019	4	28	118	27.5	35.9	22.1	-999.9	1.2	2.3	96511.6	-999.9
Bobo-Dioulasso	2019	4	29	119	27.0	37.8	24.3	-999.9	3.6	2.8	96501.9	-999.9
Bobo-Dioulasso	2019	4	30	120	27.9	37.0	22.9	-999.9	1.2	2.7	96554.4	-999.9
Bobo-Dioulasso	2019	5	1	121	26.7	37.0	24.4	-999.9	14.9	2.6	96552.1	-999.9
Bobo-Dioulasso	2019	5	2	122	26.3	36.4	23.8	-999.9	9.9	2.9	96533.5	-999.9
Bobo-Dioulasso	2019	5	3	123	25.5	36.2	20.7	-999.9	5.0	2.5	96547.1	-999.9
Bobo-Dioulasso	2019	5	4	124	24.2	32.1	15.2	-999.9	5.0	2.0	96658.1	-999.9
Bobo-Dioulasso	2019	5	5	125	25.6	35.2	24.3	-999.9	0.0	1.8	96570.8	-999.9
Bobo-Dioulasso	2019	5	6	126	25.1	36.9	24.7	-999.9	0.0	2.2	96551.9	-999.9
Bobo-Dioulasso	2019	5	7	127	26.5	36.3	24.3	-999.9	5.5	2.5	96604.9	-999.9
Bobo-Dioulasso	2019	5	8	128	25.8	36.8	23.7	-999.9	5.5	2.4	96501.6	-999.9
Bobo-Dioulasso	2019	5	9	129	26.8	37.0	24.9	-999.9	0.0	2.8	96330.4	-999.9
Bobo-Dioulasso	2019	5	10	130	27.5	35.6	23.4	-999.9	0.0	2.9	96392.0	-999.9
Bobo-Dioulasso	2019	5	11	131	26.4	35.3	22.3	-999.9	7.4	2.4	96478.7	-999.9
Bobo-Dioulasso	2019	5	12	132	26.3	34.8	23.6	-999.9	0.0	2.0	96577.4	-999.9
Bobo-Dioulasso	2019	5	13	133	26.5	36.5	24.1	-999.9	0.0	2.1	96500.6	-999.9
Bobo-Dioulasso	2019	5	14	134	25.4	36.2	23.7	-999.9	3.7	2.6	96469.7	-999.9
Bobo-Dioulasso	2019	5	15	135	26.9	34.4	22.9	-999.9	0.0	2.4	96659.9	-999.9
Bobo-Dioulasso	2019	5	16	136	24.1	33.1	22.2	-999.9	3.0	1.6	96780.1	-999.9
Bobo-Dioulasso	2019	5	17	137	24.8	35.1	24.2	-999.9	3.0	2.1	96664.5	-999.9
Bobo-Dioulasso	2019	5	18	138	24.7	34.5	19.9	-999.9	11.9	2.5	96600.1	-999.9
Bobo-Dioulasso	2019	5	19	139	26.0	36.1	22.7	-999.9	3.0	2.3	96602.7	-999.9
Bobo-Dioulasso	2019	5	20	140	24.5	34.5	22.9	-999.9	5.9	1.8	96649.5	-999.9
Bobo-Dioulasso	2019	5	21	141	24.8	34.5	23.6	-999.9	3.4	2.2	96639.9	-999.9
Bobo-Dioulasso	2019	5	22	142	24.8	33.3	21.4	-999.9	10.3	1.4	96638.1	-999.9
Bobo-Dioulasso	2019	5	23	143	25.0	34.7	24.3	-999.9	0.0	2.0	96588.8	-999.9
Bobo-Dioulasso	2019	5	24	144	24.9	32.0	21.2	-999.9	0.0	1.9	96682.7	-999.9
Bobo-Dioulasso	2019	5	25	145	23.3	31.1	21.3	-999.9	6.8	2.2	96748.8	-999.9
Bobo-Dioulasso	2019	5	26	146	25.2	33.3	23.8	-999.9	0.0	2.0	96661.9	-999.9
Bobo-Dioulasso	2019	5	27	147	25.7	34.4	24.1	-999.9	6.7	2.7	96557.6	-999.9
Bobo-Dioulasso	2019	5	28	148	25.5	34.3	23.0	-999.9	0.0	2.7	96605.1	-999.9
Bobo-Dioulasso	2019	5	29	149	25.6	35.4	24.9	-999.9	0.0	2.6	96523.0	-999.9
Bobo-Dioulasso	2019	5	30	150	25.1	35.7	24.5	-999.9	6.7	2.2	96507.3	-999.9
Bobo-Dioulasso	2019	5	31	151	23.1	31.4	19.8	-999.9	10.0	2.1	96578.9	-999.9
Bobo-Dioulasso	2019	6	1	152	23.5	31.5	21.9	-999.9	0.0	3.1	96639.8	-999.9
Bobo-Dioulasso	2019	6	2	153	24.4	31.5	20.0	-999.9	0.0	2.2	96665.4	-999.9
Bobo-Dioulasso	2019	6	3	154	24.4	32.4	22.6	-999.9	0.0	2.5	96766.4	-999.9
Bobo-Dioulasso	2019	6	4	155	24.8	32.7	23.6	-999.9	0.0	2.7	96779.4	-999.9
Bobo-Dioulasso	2019	6	5	156	25.0	32.7	21.9	-999.9	0.0	3.1	96731.9	-999.9
Bobo-Dioulasso	2019	6	6	157	24.6	33.2	23.2	-999.9	34.3	2.7	96653.7	-999.9
Bobo-Dioulasso	2019	6	7	158	24.9	32.2	18.4	-999.9	0.0	2.9	96676.9	-999.9
Bobo-Dioulasso	2019	6	8	159	24.8	32.7	24.1	-999.9	0.0	2.4	96779.1	-999.9
Bobo-Dioulasso	2019	6	9	160	25.2	32.9	24.0	-999.9	0.0	2.1	96814.2	-999.9
Bobo-Dioulasso	2019	6	10	161	25.7	32.9	21.8	-999.9	11.4	2.3	96716.4	-999.9
Bobo-Dioulasso	2019	6	11	162	24.5	31.6	21.3	-999.9	2.4	2.5	96769.1	-999.9
Bobo-Dioulasso	2019	6	12	163	24.1	31.6	20.3	-999.9	0.4	2.4	96835.7	-999.9
Bobo-Dioulasso	2019	6	13	164	24.3	32.7	22.7	-999.9	4.1	1.9	96928.3	-999.9
Bobo-Dioulasso	2019	6	14	165	24.5	33.4	22.8	-999.9	1.4	1.3	96891.6	-999.9
Bobo-Dioulasso	2019	6	15	166	23.9	33.1	23.3	-999.9	0.2	2.0	96875.8	-999.9
Bobo-Dioulasso	2019	6	16	167	24.6	34.2	24.3	-999.9	0.0	1.9	96881.2	-999.9
Bobo-Dioulasso	2019	6	17	168	24.5	34.3	24.4	-999.9	3.4	2.0	96865.3	-999.9
Bobo-Dioulasso	2019	6	18	169	25.3	34.4	24.4	-999.9	0.0	2.1	96904.4	-999.9
Bobo-Dioulasso	2019	6	19	170	25.5	34.5	23.5	-999.9	0.0	2.2	96878.3	-999.9
Bobo-Dioulasso	2019	6	20	171	26.1	35.0	24.4	-999.9	6.8	2.6	96761.8	-999.9
Bobo-Dioulasso	2019	6	21	172	25.5	34.4	24.7	-999.9	11.5	2.9	96869.7	-999.9
Bobo-Dioulasso	2019	6	22	173	25.4	34.3	24.3	-999.9	11.5	2.4	96888.7	-999.9
Bobo-Dioulasso	2019	6	23	174	23.6	30.8	16.6	-999.9	0.0	2.1	96810.2	-999.9
Bobo-Dioulasso	2019	6	24	175	23.3	33.5	24.8	-999.9	0.0	2.4	96721.3	-999.9
Bobo-Dioulasso	2019	6	25	176	23.4	32.5	23.0	-999.9	11.5	2.6	96705.2	-999.9
Bobo-Dioulasso	2019	6	26	177	24.0	32.3	24.6	-999.9	0.0	2.6	96831.8	-999.9
Bobo-Dioulasso	2019	6	27	178	23.5	32.3	24.2	-999.9	0.0	2.3	96830.2	-999.9
Bobo-Dioulasso	2019	6	28	179	24.7	31.7	22.7	-999.9	0.0	2.3	96785.2	-999.9
Bobo-Dioulasso	2019	6	29	180	23.7	31.2	20.4	-999.9	7.4	1.8	96844.5	-999.9
Bobo-Dioulasso	2019	6	30	181	22.4	29.8	19.7	-999.9	0.0	2.1	96967.0	-999.9
Bobo-Dioulasso	2019	7	1	182	23.8	31.4	23.0	-999.9	0.0	2.0	96875.0	-999.9
Bobo-Dioulasso	2019	7	2	183	24.9	30.1	16.3	-999.9	20.5	1.8	96628.8	-999.9
Bobo-Dioulasso	2019	7	3	184	24.0	32.2	23.1	-999.9	0.0	2.0	96607.1	-999.9
Bobo-Dioulasso	2019	7	4	185	24.1	31.7	21.3	-999.9	13.7	2.3	96739.5	-999.9
Bobo-Dioulasso	2019	7	5	186	23.5	27.8	12.5	-999.9	0.0	2.0	96865.7	-999.9
Bobo-Dioulasso	2019	7	6	187	22.4	30.3	19.0	-999.9	0.0	2.1	96848.3	-999.9
Bobo-Dioulasso	2019	7	7	188	23.6	31.2	21.1	-999.9	29.1	2.0	96775.5	-999.9
Bobo-Dioulasso	2019	7	8	189	23.0	29.8	18.4	-999.9	0.0	2.7	96786.4	-999.9
Bobo-Dioulasso	2019	7	9	190	22.8	27.8	13.9	-999.9	29.1	2.5	96955.3	-999.9
Bobo-Dioulasso	2019	7	10	191	22.3	27.9	16.3	-999.9	0.0	1.6	96948.5	-999.9
Bobo-Dioulasso	2019	7	11	192	22.7	29.5	21.7	-999.9	0.0	1.8	96869.8	-999.9
Bobo-Dioulasso	2019	7	12	193	23.5	30.4	21.6	-999.9	13.6	1.6	96812.4	-999.9
Bobo-Dioulasso	2019	7	13	194	23.3	29.1	19.5	-999.9	0.0	2.4	96849.1	-999.9
Bobo-Dioulasso	2019	7	14	195	23.3	29.9	22.5	-999.9	0.0	1.9	96890.4	-999.9
Bobo-Dioulasso	2019	7	15	196	22.3	30.8	21.5	-999.9	13.6	1.5	96730.5	-999.9
Bobo-Dioulasso	2019	7	16	197	22.6	29.5	19.1	-999.9	0.0	2.1	96785.6	-999.9
Bobo-Dioulasso	2019	7	17	198	22.5	27.2	13.7	-999.9	36.6	1.5	96958.5	-999.9
Bobo-Dioulasso	2019	7	18	199	22.2	29.4	17.9	-999.9	0.0	1.8	96826.2	-999.9
Bobo-Dioulasso	2019	7	19	200	22.4	28.4	13.6	-999.9	24.4	1.3	96864.9	-999.9
Bobo-Dioulasso	2019	7	20	201	22.8	28.7	17.0	-999.9	12.2	2.1	96905.9	-999.9
Bobo-Dioulasso	2019	7	21	202	22.4	27.0	13.8	-999.9	11.5	1.3	96842.3	-999.9
Bobo-Dioulasso	2019	7	22	203	21.8	28.6	20.0	-999.9	0.0	2.0	96804.7	-999.9
Bobo-Dioulasso	2019	7	23	204	22.2	29.1	19.7	-999.9	0.0	2.2	96781.0	-999.9
Bobo-Dioulasso	2019	7	24	205	22.3	25.8	8.6	-999.9	46.1	2.2	96797.9	-999.9
Bobo-Dioulasso	2019	7	25	206	21.6	28.9	19.7	-999.9	0.0	1.8	96856.4	-999.9
Bobo-Dioulasso	2019	7	26	207	22.6	29.8	21.7	-999.9	18.3	1.4	96884.8	-999.9
Bobo-Dioulasso	2019	7	27	208	22.7	29.4	20.6	-999.9	0.0	2.0	96840.3	-999.9
Bobo-Dioulasso	2019	7	28	209	23.1	29.6	21.6	-999.9	18.3	1.6	96778.5	-999.9
Bobo-Dioulasso	2019	7	29	210	23.0	29.6	19.0	-999.9	9.1	1.6	96806.3	-999.9
Bobo-Dioulasso	2019	7	30	211	22.3	28.2	16.0	-999.9	9.1	1.9	96857.2	-999.9
Bobo-Dioulasso	2019	7	31	212	22.8	29.6	21.6	-999.9	0.0	1.6	96815.7	-999.9
Bobo-Dioulasso	2019	8	1	213	22.4	29.2	19.5	-999.9	13.3	1.4	96800.4	-999.9
Bobo-Dioulasso	2019	8	2	214	22.1	28.7	18.1	-999.9	4.4	1.8	96813.1	-999.9
Bobo-Dioulasso	2019	8	3	215	22.3	28.2	14.4	-999.9	0.0	2.5	96847.9	-999.9
Bobo-Dioulasso	2019	8	4	216	22.7	29.1	18.0	-999.9	0.0	2.3	96904.1	-999.9
Bobo-Dioulasso	2019	8	5	217	22.5	29.0	19.7	-999.9	4.4	1.9	96929.4	-999.9
Bobo-Dioulasso	2019	8	6	218	22.6	28.2	14.4	-999.9	18.3	2.3	96953.4	-999.9
Bobo-Dioulasso	2019	8	7	219	22.1	28.7	21.4	-999.9	0.0	2.1	97078.7	-999.9
Bobo-Dioulasso	2019	8	8	220	22.7	28.4	17.2	-999.9	54.8	1.6	97057.7	-999.9
Bobo-Dioulasso	2019	8	9	221	21.6	28.4	16.8	-999.9	18.3	1.7	96993.8	-999.9
Bobo-Dioulasso	2019	8	10	222	21.9	28.4	17.4	-999.9	0.0	2.6	97077.0	-999.9
Bobo-Dioulasso	2019	8	11	223	21.8	28.8	18.5	-999.9	0.0	2.3	96977.2	-999.9
Bobo-Dioulasso	2019	8	12	224	21.9	29.0	20.1	-999.9	0.0	2.3	96854.2	-999.9
Bobo-Dioulasso	2019	8	13	225	22.8	30.3	22.0	-999.9	18.0	1.9	96736.7	-999.9
Bobo-Dioulasso	2019	8	14	226	23.0	28.4	17.0	-999.9	0.0	2.4	96851.5	-999.9
Bobo-Dioulasso	2019	8	15	227	22.3	29.5	22.1	-999.9	0.0	1.9	96907.6	-999.9
Bobo-Dioulasso	2019	8	16	228	23.2	30.1	21.3	-999.9	16.8	2.0	96828.8	-999.9
Bobo-Dioulasso	2019	8	17	229	22.1	28.6	17.4	-999.9	0.0	1.6	96787.6	-999.9
Bobo-Dioulasso	2019	8	18	230	21.9	29.2	21.3	-999.9	0.0	1.7	96707.4	-999.9
Bobo-Dioulasso	2019	8	19	231	22.3	28.5	17.6	-999.9	0.0	1.9	96739.5	-999.9
Bobo-Dioulasso	2019	8	20	232	22.3	24.6	7.2	-999.9	33.7	1.7	96765.6	-999.9
Bobo-Dioulasso	2019	8	21	233	21.6	28.4	19.0	-999.9	0.0	2.7	96833.7	-999.9
Bobo-Dioulasso	2019	8	22	234	22.5	28.0	17.4	-999.9	0.0	2.6	96870.1	-999.9
Bobo-Dioulasso	2019	8	23	235	22.3	27.3	14.9	-999.9	12.4	2.5	96874.1	-999.9
Bobo-Dioulasso	2019	8	24	236	21.6	24.6	8.8	-999.9	24.8	2.6	96833.7	-999.9
Bobo-Dioulasso	2019	8	25	237	21.9	24.7	9.4	-999.9	12.4	3.1	96853.3	-999.9
Bobo-Dioulasso	2019	8	26	238	21.6	27.6	16.8	-999.9	8.7	2.7	96860.0	-999.9
Bobo-Dioulasso	2019	8	27	239	21.7	28.4	19.5	-999.9	0.0	2.3	96885.4	-999.9
Bobo-Dioulasso	2019	8	28	240	21.5	27.8	16.4	-999.9	17.5	1.9	96878.0	-999.9
Bobo-Dioulasso	2019	8	29	241	21.6	28.0	16.3	-999.9	0.0	1.9	96921.4	-999.9
Bobo-Dioulasso	2019	8	30	242	21.7	27.7	16.3	-999.9	8.7	1.4	97034.6	-999.9
Bobo-Dioulasso	2019	8	31	243	21.8	28.7	20.8	-999.9	0.0	1.7	96870.3	-999.9
Bobo-Dioulasso	2019	9	1	244	22.2	29.8	22.2	-999.9	30.7	1.9	96708.0	-999.9
Bobo-Dioulasso	2019	9	2	245	21.7	28.3	16.7	-999.9	30.7	1.3	96749.1	-999.9
Bobo-Dioulasso	2019	9	3	246	22.1	28.4	19.5	-999.9	0.0	2.1	96905.8	-999.9
Bobo-Dioulasso	2019	9	4	247	21.7	29.9	21.4	-999.9	15.3	1.5	96941.2	-999.9
Bobo-Dioulasso	2019	9	5	248	22.9	28.5	16.9	-999.9	0.0	1.5	96871.6	-999.9
Bobo-Dioulasso	2019	9	6	249	22.5	29.6	20.5	-999.9	6.4	1.4	96876.4	-999.9
Bobo-Dioulasso	2019	9	7	250	22.2	29.6	20.0	-999.9	19.1	1.5	96898.0	-999.9
Bobo-Dioulasso	2019	9	8	251	22.0	28.5	18.5	-999.9	12.7	1.5	96975.3	-999.9
Bobo-Dioulasso	2019	9	9	252	22.1	28.1	16.6	-999.9	6.4	1.3	96996.2	-999.9
Bobo-Dioulasso	2019	9	10	253	22.0	28.0	16.1	-999.9	0.0	1.7	96931.7	-999.9
Bobo-Dioulasso	2019	9	11	254	21.2	29.4	21.2	-999.9	0.0	1.7	96801.1	-999.9
Bobo-Dioulasso	2019	9	12	255	22.2	30.1	22.6	-999.9	0.0	1.6	96758.6	-999.9
Bobo-Dioulasso	2019	9	13	256	22.2	27.1	12.6	-999.9	16.5	1.8	96903.4	-999.9
Bobo-Dioulasso	2019	9	14	257	20.8	29.4	21.2	-999.9	8.2	1.1	96851.0	-999.9
Bobo-Dioulasso	2019	9	15	258	22.9	30.1	20.8	-999.9	24.7	1.5	96778.3	-999.9
Bobo-Dioulasso	2019	9	16	259	23.5	28.1	15.8	-999.9	0.0	1.5	96745.2	-999.9
Bobo-Dioulasso	2019	9	17	260	22.2	28.5	17.5	-999.9	30.3	1.3	96703.9	-999.9
Bobo-Dioulasso	2019	9	18	261	22.5	28.6	19.6	-999.9	0.0	1.6	96781.6	-999.9
Bobo-Dioulasso	2019	9	19	262	21.8	29.9	22.0	-999.9	0.0	1.1	96772.0	-999.9
Bobo-Dioulasso	2019	9	20	263	22.2	29.0	19.5	-999.9	0.0	1.6	96820.2	-999.9
Bobo-Dioulasso	2019	9	21	264	22.5	28.8	20.2	-999.9	0.0	1.4	96848.2	-999.9
Bobo-Dioulasso	2019	9	22	265	22.7	30.2	22.4	-999.9	0.0	1.3	96802.3	-999.9
Bobo-Dioulasso	2019	9	23	266	22.1	30.2	22.9	-999.9	0.0	1.4	96825.2	-999.9
Bobo-Dioulasso	2019	9	24	267	22.9	30.5	20.5	-999.9	0.0	1.5	96859.2	-999.9
Bobo-Dioulasso	2019	9	25	268	23.1	30.5	22.1	-999.9	0.0	1.4	96764.8	-999.9
Bobo-Dioulasso	2019	9	26	269	21.9	30.8	22.3	-999.9	0.0	1.8	96834.5	-999.9
Bobo-Dioulasso	2019	9	27	270	23.6	31.2	22.5	-999.9	12.1	1.6	96812.4	-999.9
Bobo-Dioulasso	2019	9	28	271	22.6	29.8	19.2	-999.9	12.1	1.6	96790.0	-999.9
Bobo-Dioulasso	2019	9	29	272	21.9	30.6	23.4	-999.9	0.0	1.5	96796.7	-999.9
Bobo-Dioulasso	2019	9	30	273	23.1	31.3	23.1	-999.9	24.1	1.9	96643.0	-999.9
Bobo-Dioulasso	2019	10	1	274	22.7	30.0	20.5	-999.9	12.1	1.8	96566.5	-999.9
Bobo-Dioulasso	2019	10	2	275	21.5	28.0	15.7	-999.9	6.1	2.0	96719.0	-999.9
Bobo-Dioulasso	2019	10	3	276	21.7	28.9	19.2	-999.9	6.1	1.1	96784.3	-999.9
Bobo-Dioulasso	2019	10	4	277	22.9	30.4	22.7	-999.9	12.1	1.3	96637.7	-999.9
Bobo-Dioulasso	2019	10	5	278	23.0	28.7	17.7	-999.9	0.0	1.6	96609.2	-999.9
Bobo-Dioulasso	2019	10	6	279	22.4	28.6	16.9	-999.9	11.6	1.1	96675.5	-999.9
Bobo-Dioulasso	2019	10	7	280	22.2	29.1	18.1	-999.9	0.0	1.8	96662.5	-999.9
Bobo-Dioulasso	2019	10	8	281	22.3	29.6	20.5	-999.9	5.8	2.1	96613.5	-999.9
Bobo-Dioulasso	2019	10	9	282	23.0	29.7	21.6	-999.9	0.0	1.9	96527.8	-999.9
Bobo-Dioulasso	2019	10	10	283	22.8	28.8	15.7	-999.9	17.3	1.6	96477.1	-999.9
Bobo-Dioulasso	2019	10	11	284	22.0	26.4	10.0	-999.9	23.8	1.4	96504.1	-999.9
Bobo-Dioulasso	2019	10	12	285	22.0	26.6	12.5	-999.9	23.8	2.2	96610.1	-999.9
Bobo-Dioulasso	2019	10	13	286	21.9	27.8	16.4	-999.9	0.0	1.9	96815.5	-999.9
Bobo-Dioulasso	2019	10	14	287	21.5	30.2	22.3	-999.9	0.0	1.4	96766.7	-999.9
Bobo-Dioulasso	2019	10	15	288	22.6	30.7	22.0	-999.9	4.8	2.0	96683.4	-999.9
Bobo-Dioulasso	2019	10	16	289	22.8	29.7	20.0	-999.9	0.0	1.6	96722.3	-999.9
Bobo-Dioulasso	2019	10	17	290	21.3	30.6	21.8	-999.9	0.0	1.5	96780.0	-999.9
Bobo-Dioulasso	2019	10	18	291	23.3	30.1	20.8	-999.9	0.0	1.5	96657.3	-999.9
Bobo-Dioulasso	2019	10	19	292	22.7	30.1	21.0	-999.9	0.0	1.4	96555.8	-999.9
Bobo-Dioulasso	2019	10	20	293	22.1	28.0	13.6	-999.9	0.0	1.8	96676.9	-999.9
Bobo-Dioulasso	2019	10	21	294	21.6	27.1	12.5	-999.9	12.0	1.4	96719.2	-999.9
Bobo-Dioulasso	2019	10	22	295	22.1	29.1	18.3	-999.9	0.0	1.9	96625.0	-999.9
Bobo-Dioulasso	2019	10	23	296	22.1	30.3	21.8	-999.9	0.0	1.6	96548.5	-999.9
Bobo-Dioulasso	2019	10	24	297	23.0	30.4	21.9	-999.9	0.0	1.5	96709.9	-999.9
Bobo-Dioulasso	2019	10	25	298	22.6	31.0	22.3	-999.9	0.0	1.5	96752.0	-999.9
Bobo-Dioulasso	2019	10	26	299	22.8	31.9	22.2	-999.9	0.0	1.7	96643.1	-999.9
Bobo-Dioulasso	2019	10	27	300	23.4	30.8	21.2	-999.9	0.0	1.7	96624.4	-999.9
Bobo-Dioulasso	2019	10	28	301	23.3	29.4	19.3	-999.9	0.0	1.4	96646.1	-999.9
Bobo-Dioulasso	2019	10	29	302	21.8	30.0	20.7	-999.9	0.0	1.4	96620.2	-999.9
Bobo-Dioulasso	2019	10	30	303	22.9	30.7	19.7	-999.9	0.0	1.5	96638.8	-999.9
Bobo-Dioulasso	2019	10	31	304	23.1	29.1	16.0	-999.9	5.5	2.0	96798.4	-999.9
Bobo-Dioulasso	2019	11	1	305	22.2	29.8	20.1	-999.9	0.0	1.3	96759.1	-999.9
Bobo-Dioulasso	2019	11	2	306	22.4	30.7	20.0	-999.9	0.0	1.4	96609.3	-999.9
Bobo-Dioulasso	2019	11	3	307	22.4	30.3	20.3	-999.9	0.0	1.7	96750.2	-999.9
Bobo-Dioulasso	2019	11	4	308	22.9	31.6	20.5	-999.9	0.0	1.7	96832.1	-999.9
Bobo-Dioulasso	2019	11	5	309	22.3	31.7	20.5	-999.9	0.0	1.7	96808.5	-999.9
Bobo-Dioulasso	2019	11	6	310	21.6	32.4	22.1	-999.9	0.0	1.6	96646.1	-999.9
Bobo-Dioulasso	2019	11	7	311	22.1	32.5	20.7	-999.9	0.0	1.9	96542.7	-999.9
Bobo-Dioulasso	2019	11	8	312	22.5	31.7	19.5	-999.9	0.0	1.7	96567.0	-999.9
Bobo-Dioulasso	2019	11	9	313	22.2	32.5	20.5	-999.9	0.0	1.8	96599.1	-999.9
Bobo-Dioulasso	2019	11	10	314	21.8	32.9	20.3	-999.9	0.0	1.5	96594.1	-999.9
Bobo-Dioulasso	2019	11	11	315	22.3	32.2	19.5	-999.9	1.0	1.5	96494.2	-999.9
Bobo-Dioulasso	2019	11	12	316	21.1	32.9	21.3	-999.9	0.0	1.6	96430.6	-999.9
Bobo-Dioulasso	2019	11	13	317	21.6	31.9	19.4	-999.9	0.0	1.3	96527.4	-999.9
Bobo-Dioulasso	2019	11	14	318	20.8	32.2	20.5	-999.9	1.8	1.2	96595.7	-999.9
Bobo-Dioulasso	2019	11	15	319	21.7	33.4	20.9	-999.9	0.0	1.3	96546.0	-999.9
Bobo-Dioulasso	2019	11	16	320	22.9	33.1	20.6	-999.9	0.0	1.3	96525.3	-999.9
Bobo-Dioulasso	2019	11	17	321	22.5	33.8	19.6	-999.9	0.0	1.9	96540.7	-999.9
Bobo-Dioulasso	2019	11	18	322	20.9	33.9	21.0	-999.9	0.0	2.0	96554.6	-999.9
Bobo-Dioulasso	2019	11	19	323	20.9	33.0	21.6	-999.9	0.0	1.8	96648.2	-999.9
Bobo-Dioulasso	2019	11	20	324	20.7	33.3	21.5	-999.9	0.0	2.0	96677.3	-999.9
Bobo-Dioulasso	2019	11	21	325	20.2	33.5	21.5	-999.9	0.0	2.1	96676.0	-999.9
Bobo-Dioulasso	2019	11	22	326	19.4	33.5	21.2	-999.9	0.0	1.7	96682.8	-999.9
Bobo-Dioulasso	2019	11	23	327	20.2	33.3	20.8	-999.9	0.0	1.4	96681.4	-999.9
Bobo-Dioulasso	2019	11	24	328	20.2	33.7	21.0	-999.9	0.0	1.5	96659.3	-999.9
Bobo-Dioulasso	2019	11	25	329	20.5	33.8	21.0	-999.9	0.0	1.8	96690.6	-999.9
Bobo-Dioulasso	2019	11	26	330	20.9	34.4	21.1	-999.9	0.0	2.1	96656.5	-999.9
Bobo-Dioulasso	2019	11	27	331	20.2	34.4	21.2	-999.9	0.0	1.4	96632.1	-999.9
Bobo-Dioulasso	2019	11	28	332	19.9	33.6	20.2	-999.9	0.0	1.1	96664.1	-999.9
Bobo-Dioulasso	2019	11	29	333	21.5	34.5	20.9	-999.9	0.0	2.0	96731.8	-999.9
Bobo-Dioulasso	2019	11	30	334	19.0	34.6	21.3	-999.9	0.0	2.5	96751.1	-999.9
Bobo-Dioulasso	2019	12	1	335	18.8	33.7	20.9	-999.9	0.0	2.1	96736.8	-999.9
Bobo-Dioulasso	2019	12	2	336	19.5	33.5	20.8	-999.9	0.0	2.1	96677.1	-999.9
Bobo-Dioulasso	2019	12	3	337	18.8	33.3	20.9	-999.9	0.0	1.9	96672.7	-999.9
Bobo-Dioulasso	2019	12	4	338	18.5	33.3	20.9	-999.9	0.0	2.3	96672.0	-999.9
Bobo-Dioulasso	2019	12	5	339	19.0	33.5	20.8	-999.9	0.0	1.7	96582.0	-999.9
Bobo-Dioulasso	2019	12	6	340	18.8	32.6	19.4	-999.9	0.0	1.7	96631.5	-999.9
Bobo-Dioulasso	2019	12	7	341	21.5	33.0	20.6	-999.9	0.0	1.2	96675.5	-999.9
Bobo-Dioulasso	2019	12	8	342	19.6	33.1	18.9	-999.9	0.0	2.2	96673.9	-999.9
Bobo-Dioulasso	2019	12	9	343	18.7	32.8	20.8	-999.9	0.0	1.9	96730.3	-999.9
Bobo-Dioulasso	2019	12	10	344	18.9	33.1	20.9	-999.9	0.0	2.0	96665.1	-999.9
Bobo-Dioulasso	2019	12	11	345	18.2	32.7	19.6	-999.9	0.0	2.1	96670.7	-999.9
Bobo-Dioulasso	2019	12	12	346	18.3	32.6	21.0	-999.9	0.0	2.3	96694.0	-999.9
Bobo-Dioulasso	2019	12	13	347	18.1	32.1	19.6	-999.9	0.0	2.2	96781.3	-999.9
Bobo-Dioulasso	2019	12	14	348	18.8	32.3	20.4	-999.9	0.0	2.1	96833.7	-999.9
Bobo-Dioulasso	2019	12	15	349	18.2	32.3	20.5	-999.9	0.0	2.1	96770.2	-999.9
Bobo-Dioulasso	2019	12	16	350	17.8	32.8	20.6	-999.9	0.0	2.0	96623.0	-999.9
Bobo-Dioulasso	2019	12	17	351	17.5	33.4	20.1	-999.9	0.0	2.0	96609.4	-999.9
Bobo-Dioulasso	2019	12	18	352	18.2	33.9	20.4	-999.9	0.0	2.1	96705.0	-999.9
Bobo-Dioulasso	2019	12	19	353	19.5	33.9	20.2	-999.9	0.0	2.1	96809.9	-999.9
Bobo-Dioulasso	2019	12	20	354	19.5	33.5	20.4	-999.9	0.0	2.1	96768.1	-999.9
Bobo-Dioulasso	2019	12	21	355	19.3	33.1	20.5	-999.9	0.0	2.0	96797.3	-999.9
Bobo-Dioulasso	2019	12	22	356	18.6	33.1	20.7	-999.9	0.0	2.2	96861.3	-999.9
Bobo-Dioulasso	2019	12	23	357	18.7	33.5	20.8	-999.9	0.0	2.5	96874.5	-999.9
Bobo-Dioulasso	2019	12	24	358	17.5	32.2	21.0	-999.9	0.0	2.2	96826.4	-999.9
Bobo-Dioulasso	2019	12	25	359	16.3	32.0	21.0	-999.9	0.0	2.0	96834.1	-999.9
Bobo-Dioulasso	2019	12	26	360	16.1	31.8	21.0	-999.9	0.0	2.0	96779.0	-999.9
Bobo-Dioulasso	2019	12	27	361	17.1	32.3	20.5	-999.9	0.0	1.8	96747.9	-999.9
Bobo-Dioulasso	2019	12	28	362	17.9	32.6	20.4	-999.9	0.0	2.0	96722.6	-999.9
Bobo-Dioulasso	2019	12	29	363	17.8	32.6	20.6	-999.9	0.0	2.2	96667.3	-999.9
Bobo-Dioulasso	2019	12	30	364	18.1	32.4	20.8	-999.9	0.0	2.3	96693.6	-999.9
Bobo-Dioulasso	2019	12	31	365	17.7	31.2	20.8	-999.9	0.0	2.5	96764.6	-999.9
