Bobo-Dioulasso	2005	1	1	1	19.4	29.8	18.4	-999.9	0.0	2.7	97044.3	-999.9
Bobo-Dioulasso	2005	1	2	2	18.1	30.0	19.9	-999.9	0.0	2.6	97098.2	-999.9
Bobo-Dioulasso	2005	1	3	3	18.3	30.8	20.6	-999.9	0.0	2.4	96960.6	-999.9
Bobo-Dioulasso	2005	1	4	4	18.6	32.1	20.7	-999.9	0.0	2.2	96859.1	-999.9
Bobo-Dioulasso	2005	1	5	5	19.3	33.4	20.7	-999.9	0.0	2.3	96865.9	-999.9
Bobo-Dioulasso	2005	1	6	6	20.7	33.1	20.6	-999.9	0.0	2.9	96892.2	-999.9
Bobo-Dioulasso	2005	1	7	7	20.3	32.0	20.8	-999.9	0.0	3.0	96879.9	-999.9
Bobo-Dioulasso	2005	1	8	8	19.1	30.5	21.1	-999.9	0.0	3.0	96871.7	-999.9
Bobo-Dioulasso	2005	1	9	9	17.3	30.3	21.4	-999.9	0.0	2.5	96777.2	-999.9
Bobo-Dioulasso	2005	1	10	10	17.2	30.7	21.3	-999.9	0.0	2.5	96873.4	-999.9
Bobo-Dioulasso	2005	1	11	11	17.7	30.8	21.0	-999.9	0.5	2.3	96921.1	-999.9
Bobo-Dioulasso	2005	1	12	12	17.4	30.5	19.9	-999.9	0.0	2.2	96974.3	-999.9
Bobo-Dioulasso	2005	1	13	13	17.5	31.2	21.1	-999.9	0.0	2.2	96885.9	-999.9
Bobo-Dioulasso	2005	1	14	14	17.6	31.3	21.2	-999.9	0.0	2.2	96756.6	-999.9
Bobo-Dioulasso	2005	1	15	15	16.4	32.0	21.5	-999.9	0.0	1.9	96629.2	-999.9
Bobo-Dioulasso	2005	1	16	16	17.7	32.7	21.2	-999.9	0.0	2.0	96493.4	-999.9
Bobo-Dioulasso	2005	1	17	17	18.9	33.6	21.3	-999.9	0.0	2.6	96606.9	-999.9
Bobo-Dioulasso	2005	1	18	18	19.2	32.5	21.5	-999.9	0.0	2.8	96795.7	-999.9
Bobo-Dioulasso	2005	1	19	19	18.1	32.3	21.2	-999.9	0.0	2.6	96692.2	-999.9
Bobo-Dioulasso	2005	1	20	20	18.6	32.3	21.4	-999.9	0.0	2.2	96654.2	-999.9
Bobo-Dioulasso	2005	1	21	21	17.8	32.0	21.2	-999.9	0.0	2.2	96694.4	-999.9
Bobo-Dioulasso	2005	1	22	22	17.8	32.9	21.6	-999.9	0.0	1.9	96645.9	-999.9
Bobo-Dioulasso	2005	1	23	23	18.3	34.6	21.7	-999.9	0.0	1.9	96658.2	-999.9
Bobo-Dioulasso	2005	1	24	24	20.3	34.7	21.7	-999.9	0.0	2.3	96667.6	-999.9
Bobo-Dioulasso	2005	1	25	25	21.1	34.4	18.9	-999.9	0.0	1.5	96695.8	-999.9
Bobo-Dioulasso	2005	1	26	26	23.3	35.1	18.8	-999.9	0.0	1.3	96670.4	-999.9
Bobo-Dioulasso	2005	1	27	27	23.8	35.0	19.6	-999.9	0.0	1.5	96543.5	-999.9
Bobo-Dioulasso	2005	1	28	28	22.7	34.7	20.5	-999.9	0.0	1.2	96520.1	-999.9
Bobo-Dioulasso	2005	1	29	29	21.8	34.8	21.2	-999.9	0.0	1.8	96493.3	-999.9
Bobo-Dioulasso	2005	1	30	30	23.3	34.2	20.4	-999.9	0.0	2.0	96554.1	-999.9
Bobo-Dioulasso	2005	1	31	31	22.6	35.2	21.1	-999.9	0.0	2.7	96567.2	-999.9
Bobo-Dioulasso	2005	2	1	32	22.2	35.7	21.9	-999.9	0.0	2.7	96510.4	-999.9
Bobo-Dioulasso	2005	2	2	33	22.4	37.0	22.1	-999.9	0.0	2.3	96438.4	-999.9
Bobo-Dioulasso	2005	2	3	34	21.7	36.7	22.1	-999.9	0.0	1.8	96459.2	-999.9
Bobo-Dioulasso	2005	2	4	35	22.0	35.4	22.1	-999.9	0.0	2.3	96556.6	-999.9
Bobo-Dioulasso	2005	2	5	36	22.0	35.3	21.8	-999.9	0.0	2.3	96509.8	-999.9
Bobo-Dioulasso	2005	2	6	37	22.8	34.2	19.0	-999.9	0.0	2.5	96537.3	-999.9
Bobo-Dioulasso	2005	2	7	38	22.6	35.3	21.0	-999.9	0.0	2.1	96570.7	-999.9
Bobo-Dioulasso	2005	2	8	39	23.8	34.4	21.3	-999.9	0.0	2.9	96609.7	-999.9
Bobo-Dioulasso	2005	2	9	40	22.0	34.2	21.0	-999.9	0.0	2.3	96571.5	-999.9
Bobo-Dioulasso	2005	2	10	41	21.8	35.3	20.8	-999.9	0.0	2.3	96525.6	-999.9
Bobo-Dioulasso	2005	2	11	42	26.2	37.3	22.0	-999.9	0.0	3.2	96475.0	-999.9
Bobo-Dioulasso	2005	2	12	43	25.3	37.9	22.5	-999.9	0.0	2.9	96478.5	-999.9
Bobo-Dioulasso	2005	2	13	44	25.2	36.6	22.8	-999.9	0.0	2.9	96457.7	-999.9
Bobo-Dioulasso	2005	2	14	45	22.6	35.0	19.6	-999.9	0.0	2.3	96418.4	-999.9
Bobo-Dioulasso	2005	2	15	46	22.5	36.6	22.5	-999.9	0.0	2.5	96383.7	-999.9
Bobo-Dioulasso	2005	2	16	47	22.1	37.6	23.1	-999.9	0.0	2.2	96349.0	-999.9
Bobo-Dioulasso	2005	2	17	48	21.5	37.7	23.0	-999.9	0.0	1.9	96392.0	-999.9
Bobo-Dioulasso	2005	2	18	49	23.7	37.5	22.1	-999.9	0.0	2.0	96298.8	-999.9
Bobo-Dioulasso	2005	2	19	50	27.2	36.8	20.4	-999.9	0.0	2.0	96404.8	-999.9
Bobo-Dioulasso	2005	2	20	51	25.6	35.7	20.6	-999.9	0.0	1.6	96454.9	-999.9
Bobo-Dioulasso	2005	2	21	52	23.6	34.2	21.0	-999.9	0.0	2.0	96582.8	-999.9
Bobo-Dioulasso	2005	2	22	53	23.7	35.7	22.9	-999.9	0.0	2.3	96593.7	-999.9
Bobo-Dioulasso	2005	2	23	54	23.2	37.8	23.0	-999.9	0.0	2.3	96528.1	-999.9
Bobo-Dioulasso	2005	2	24	55	26.1	38.5	22.7	-999.9	0.0	2.1	96481.0	-999.9
Bobo-Dioulasso	2005	2	25	56	26.1	37.1	23.1	-999.9	0.0	2.8	96549.8	-999.9
Bobo-Dioulasso	2005	2	26	57	24.8	36.8	23.1	-999.9	0.0	2.2	96623.8	-999.9
Bobo-Dioulasso	2005	2	27	58	25.5	37.4	23.0	-999.9	0.0	2.2	96626.8	-999.9
Bobo-Dioulasso	2005	2	28	59	26.4	36.3	20.0	-999.9	0.0	1.6	96551.6	-999.9
Bobo-Dioulasso	2005	3	1	60	26.3	37.0	20.4	-999.9	0.0	1.7	96466.7	-999.9
Bobo-Dioulasso	2005	3	2	61	26.9	35.7	18.7	-999.9	6.3	1.7	96537.9	-999.9
Bobo-Dioulasso	2005	3	3	62	24.6	35.6	19.7	-999.9	0.0	1.9	96736.8	-999.9
Bobo-Dioulasso	2005	3	4	63	24.8	33.6	15.5	-999.9	0.0	1.8	96843.4	-999.9
Bobo-Dioulasso	2005	3	5	64	24.4	36.4	21.8	-999.9	0.0	1.4	96664.4	-999.9
Bobo-Dioulasso	2005	3	6	65	25.7	37.2	22.5	-999.9	0.0	1.6	96562.7	-999.9
Bobo-Dioulasso	2005	3	7	66	26.5	37.7	22.5	-999.9	5.0	1.8	96465.5	-999.9
Bobo-Dioulasso	2005	3	8	67	26.3	37.7	22.2	-999.9	0.0	1.9	96428.0	-999.9
Bobo-Dioulasso	2005	3	9	68	25.8	38.2	23.5	-999.9	0.0	2.2	96410.3	-999.9
Bobo-Dioulasso	2005	3	10	69	25.5	38.4	24.3	-999.9	0.0	2.3	96442.1	-999.9
Bobo-Dioulasso	2005	3	11	70	24.6	38.4	24.2	-999.9	0.0	1.8	96465.7	-999.9
Bobo-Dioulasso	2005	3	12	71	25.3	38.6	23.8	-999.9	0.0	1.8	96382.0	-999.9
Bobo-Dioulasso	2005	3	13	72	27.4	34.9	17.8	-999.9	0.0	3.5	96432.4	-999.9
Bobo-Dioulasso	2005	3	14	73	25.8	36.3	21.0	-999.9	0.0	1.8	96515.6	-999.9
Bobo-Dioulasso	2005	3	15	74	25.7	36.1	20.8	-999.9	0.0	1.6	96547.3	-999.9
Bobo-Dioulasso	2005	3	16	75	26.9	39.2	23.4	-999.9	0.0	1.9	96420.0	-999.9
Bobo-Dioulasso	2005	3	17	76	26.4	39.3	24.9	-999.9	0.0	1.9	96380.5	-999.9
Bobo-Dioulasso	2005	3	18	77	26.9	38.4	24.1	-999.9	0.0	1.5	96457.8	-999.9
Bobo-Dioulasso	2005	3	19	78	26.2	39.0	24.5	-999.9	0.0	1.7	96474.4	-999.9
Bobo-Dioulasso	2005	3	20	79	23.9	38.0	23.5	-999.9	0.0	1.7	96499.6	-999.9
Bobo-Dioulasso	2005	3	21	80	24.5	38.0	25.4	-999.9	0.0	1.7	96448.8	-999.9
Bobo-Dioulasso	2005	3	22	81	23.4	38.0	25.8	-999.9	0.0	1.5	96470.1	-999.9
Bobo-Dioulasso	2005	3	23	82	25.8	37.6	22.9	-999.9	0.0	1.7	96551.4	-999.9
Bobo-Dioulasso	2005	3	24	83	27.8	37.3	22.6	-999.9	0.0	2.1	96623.2	-999.9
Bobo-Dioulasso	2005	3	25	84	26.4	38.0	22.0	-999.9	0.0	2.0	96516.4	-999.9
Bobo-Dioulasso	2005	3	26	85	26.6	39.1	23.2	-999.9	0.0	2.5	96459.3	-999.9
Bobo-Dioulasso	2005	3	27	86	26.8	37.0	22.4	-999.9	0.0	2.3	96529.8	-999.9
Bobo-Dioulasso	2005	3	28	87	27.6	38.5	24.4	-999.9	0.0	2.6	96528.8	-999.9
Bobo-Dioulasso	2005	3	29	88	27.4	38.2	23.2	-999.9	0.0	2.2	96501.2	-999.9
Bobo-Dioulasso	2005	3	30	89	25.9	38.9	25.6	-999.9	0.0	2.2	96449.7	-999.9
Bobo-Dioulasso	2005	3	31	90	25.2	38.5	25.6	-999.9	0.0	1.9	96408.6	-999.9
Bobo-Dioulasso	2005	4	1	91	27.3	37.1	22.1	-999.9	0.0	2.2	96431.3	-999.9
Bobo-Dioulasso	2005	4	2	92	27.4	37.6	22.8	-999.9	0.0	2.7	96568.6	-999.9
Bobo-Dioulasso	2005	4	3	93	27.7	37.8	22.6	-999.9	0.0	2.1	96633.7	-999.9
Bobo-Dioulasso	2005	4	4	94	27.8	38.6	24.6	-999.9	1.7	2.5	96618.7	-999.9
Bobo-Dioulasso	2005	4	5	95	28.1	38.4	24.4	-999.9	0.0	2.4	96568.0	-999.9
Bobo-Dioulasso	2005	4	6	96	28.4	38.8	24.7	-999.9	0.0	2.3	96495.9	-999.9
Bobo-Dioulasso	2005	4	7	97	28.0	38.7	24.4	-999.9	0.0	2.5	96364.5	-999.9
Bobo-Dioulasso	2005	4	8	98	27.4	38.1	23.0	-999.9	0.0	2.6	96335.1	-999.9
Bobo-Dioulasso	2005	4	9	99	28.5	38.0	23.4	-999.9	0.0	2.7	96267.5	-999.9
Bobo-Dioulasso	2005	4	10	100	28.2	37.6	22.4	-999.9	0.0	2.6	96275.9	-999.9
Bobo-Dioulasso	2005	4	11	101	28.8	36.5	22.5	-999.9	0.0	2.5	96348.3	-999.9
Bobo-Dioulasso	2005	4	12	102	26.7	37.3	22.6	-999.9	1.8	2.0	96376.9	-999.9
Bobo-Dioulasso	2005	4	13	103	25.8	35.8	22.8	-999.9	0.0	2.4	96453.2	-999.9
Bobo-Dioulasso	2005	4	14	104	26.6	37.0	22.6	-999.9	1.8	2.6	96418.0	-999.9
Bobo-Dioulasso	2005	4	15	105	25.9	37.5	23.4	-999.9	0.0	2.8	96478.4	-999.9
Bobo-Dioulasso	2005	4	16	106	26.1	37.4	23.2	-999.9	0.0	2.9	96492.3	-999.9
Bobo-Dioulasso	2005	4	17	107	26.3	35.3	20.7	-999.9	0.0	2.1	96452.0	-999.9
Bobo-Dioulasso	2005	4	18	108	27.2	37.8	23.7	-999.9	5.8	2.4	96319.1	-999.9
Bobo-Dioulasso	2005	4	19	109	27.4	34.4	20.9	-999.9	0.0	2.3	96426.3	-999.9
Bobo-Dioulasso	2005	4	20	110	25.8	36.5	23.2	-999.9	2.2	2.3	96430.9	-999.9
Bobo-Dioulasso	2005	4	21	111	26.4	37.2	23.7	-999.9	0.0	2.7	96379.2	-999.9
Bobo-Dioulasso	2005	4	22	112	26.2	37.7	24.1	-999.9	0.0	2.6	96294.7	-999.9
Bobo-Dioulasso	2005	4	23	113	26.4	37.4	22.8	-999.9	3.0	2.5	96351.4	-999.9
Bobo-Dioulasso	2005	4	24	114	25.5	34.4	19.8	-999.9	0.0	2.4	96525.1	-999.9
Bobo-Dioulasso	2005	4	25	115	26.4	36.7	24.0	-999.9	0.0	2.4	96461.9	-999.9
Bobo-Dioulasso	2005	4	26	116	25.9	36.8	23.0	-999.9	0.9	2.8	96527.6	-999.9
Bobo-Dioulasso	2005	4	27	117	26.7	36.4	23.9	-999.9	0.0	2.3	96603.9	-999.9
Bobo-Dioulasso	2005	4	28	118	28.0	37.4	23.5	-999.9	4.6	2.3	96599.3	-999.9
Bobo-Dioulasso	2005	4	29	119	24.2	34.3	22.1	-999.9	0.9	2.4	96616.1	-999.9
Bobo-Dioulasso	2005	4	30	120	24.4	38.5	24.1	-999.9	0.0	2.9	96401.8	-999.9
Bobo-Dioulasso	2005	5	1	121	25.4	36.3	23.6	-999.9	4.6	3.2	96431.0	-999.9
Bobo-Dioulasso	2005	5	2	122	25.1	35.7	24.6	-999.9	2.3	3.5	96546.8	-999.9
Bobo-Dioulasso	2005	5	3	123	25.6	35.7	24.4	-999.9	0.0	3.0	96669.9	-999.9
Bobo-Dioulasso	2005	5	4	124	25.3	35.1	23.2	-999.9	0.0	2.4	96691.5	-999.9
Bobo-Dioulasso	2005	5	5	125	23.5	34.4	24.1	-999.9	4.6	2.2	96720.6	-999.9
Bobo-Dioulasso	2005	5	6	126	23.3	31.1	20.9	-999.9	0.0	2.2	96774.0	-999.9
Bobo-Dioulasso	2005	5	7	127	23.2	31.7	21.2	-999.9	0.0	2.5	96797.4	-999.9
Bobo-Dioulasso	2005	5	8	128	24.3	34.8	24.6	-999.9	0.0	2.1	96730.8	-999.9
Bobo-Dioulasso	2005	5	9	129	24.9	35.1	24.3	-999.9	3.2	2.3	96691.2	-999.9
Bobo-Dioulasso	2005	5	10	130	23.9	34.6	24.0	-999.9	3.2	2.4	96730.8	-999.9
Bobo-Dioulasso	2005	5	11	131	25.2	35.7	24.5	-999.9	0.0	2.0	96736.8	-999.9
Bobo-Dioulasso	2005	5	12	132	26.5	37.3	23.0	-999.9	6.1	2.0	96582.6	-999.9
Bobo-Dioulasso	2005	5	13	133	26.1	35.8	21.8	-999.9	0.0	2.8	96632.0	-999.9
Bobo-Dioulasso	2005	5	14	134	25.6	36.8	24.0	-999.9	0.0	2.3	96548.9	-999.9
Bobo-Dioulasso	2005	5	15	135	25.5	36.6	22.2	-999.9	0.0	2.1	96432.6	-999.9
Bobo-Dioulasso	2005	5	16	136	26.7	35.3	22.3	-999.9	7.0	2.5	96381.1	-999.9
Bobo-Dioulasso	2005	5	17	137	24.1	32.8	22.3	-999.9	3.5	2.2	96409.5	-999.9
Bobo-Dioulasso	2005	5	18	138	25.5	34.1	22.9	-999.9	3.5	1.9	96464.7	-999.9
Bobo-Dioulasso	2005	5	19	139	26.1	36.2	23.4	-999.9	0.0	1.9	96395.1	-999.9
Bobo-Dioulasso	2005	5	20	140	26.1	36.1	24.2	-999.9	0.0	2.6	96433.7	-999.9
Bobo-Dioulasso	2005	5	21	141	26.4	37.4	24.0	-999.9	3.5	2.2	96426.3	-999.9
Bobo-Dioulasso	2005	5	22	142	24.6	35.6	24.2	-999.9	7.1	2.6	96480.7	-999.9
Bobo-Dioulasso	2005	5	23	143	25.4	35.1	23.6	-999.9	0.0	2.2	96596.9	-999.9
Bobo-Dioulasso	2005	5	24	144	25.4	36.4	24.8	-999.9	0.0	2.3	96535.9	-999.9
Bobo-Dioulasso	2005	5	25	145	26.5	36.1	24.1	-999.9	3.5	2.2	96605.2	-999.9
Bobo-Dioulasso	2005	5	26	146	25.1	35.3	23.7	-999.9	3.0	2.7	96647.5	-999.9
Bobo-Dioulasso	2005	5	27	147	23.2	33.0	22.4	-999.9	3.0	2.6	96684.5	-999.9
Bobo-Dioulasso	2005	5	28	148	24.8	33.7	24.5	-999.9	0.0	2.5	96633.4	-999.9
Bobo-Dioulasso	2005	5	29	149	25.1	33.1	23.1	-999.9	3.0	2.5	96643.1	-999.9
Bobo-Dioulasso	2005	5	30	150	24.3	33.1	23.0	-999.9	6.1	2.6	96724.1	-999.9
Bobo-Dioulasso	2005	5	31	151	23.9	31.8	19.1	-999.9	0.0	2.5	96764.5	-999.9
Bobo-Dioulasso	2005	6	1	152	23.4	33.2	22.7	-999.9	0.0	1.7	96693.8	-999.9
Bobo-Dioulasso	2005	6	2	153	24.5	33.2	22.6	-999.9	11.7	2.1	96580.5	-999.9
Bobo-Dioulasso	2005	6	3	154	23.1	30.9	17.2	-999.9	5.9	1.9	96646.4	-999.9
Bobo-Dioulasso	2005	6	4	155	23.2	31.5	17.9	-999.9	11.7	1.6	96766.1	-999.9
Bobo-Dioulasso	2005	6	5	156	22.8	28.5	13.1	-999.9	0.0	1.6	96829.1	-999.9
Bobo-Dioulasso	2005	6	6	157	23.2	33.5	24.4	-999.9	0.0	1.9	96676.6	-999.9
Bobo-Dioulasso	2005	6	7	158	25.1	34.0	22.7	-999.9	0.0	2.7	96481.7	-999.9
Bobo-Dioulasso	2005	6	8	159	25.3	31.7	19.0	-999.9	12.0	3.0	96593.8	-999.9
Bobo-Dioulasso	2005	6	9	160	23.8	32.0	20.8	-999.9	0.0	2.7	96758.6	-999.9
Bobo-Dioulasso	2005	6	10	161	23.4	32.6	21.6	-999.9	0.0	2.2	96837.8	-999.9
Bobo-Dioulasso	2005	6	11	162	23.9	35.0	24.5	-999.9	0.0	1.4	96771.9	-999.9
Bobo-Dioulasso	2005	6	12	163	24.8	33.4	22.6	-999.9	0.0	2.2	96716.4	-999.9
Bobo-Dioulasso	2005	6	13	164	22.8	29.9	16.1	-999.9	7.0	2.2	96697.5	-999.9
Bobo-Dioulasso	2005	6	14	165	23.4	31.5	20.9	-999.9	0.0	2.4	96792.7	-999.9
Bobo-Dioulasso	2005	6	15	166	24.0	32.9	21.4	-999.9	7.0	2.1	96874.9	-999.9
Bobo-Dioulasso	2005	6	16	167	23.5	31.7	20.6	-999.9	13.3	1.8	96859.9	-999.9
Bobo-Dioulasso	2005	6	17	168	23.9	32.2	21.0	-999.9	13.3	2.8	96777.4	-999.9
Bobo-Dioulasso	2005	6	18	169	24.5	32.2	22.6	-999.9	0.0	3.1	96758.3	-999.9
Bobo-Dioulasso	2005	6	19	170	24.6	31.6	21.3	-999.9	0.0	2.7	96753.1	-999.9
Bobo-Dioulasso	2005	6	20	171	23.9	31.0	19.7	-999.9	0.0	2.2	96778.9	-999.9
Bobo-Dioulasso	2005	6	21	172	23.6	30.4	17.8	-999.9	9.4	1.8	96835.1	-999.9
Bobo-Dioulasso	2005	6	22	173	22.6	32.3	23.7	-999.9	0.0	1.4	96784.8	-999.9
Bobo-Dioulasso	2005	6	23	174	23.3	32.2	22.5	-999.9	18.8	2.2	96716.1	-999.9
Bobo-Dioulasso	2005	6	24	175	24.2	31.2	19.8	-999.9	9.4	3.0	96628.3	-999.9
Bobo-Dioulasso	2005	6	25	176	23.5	29.4	14.7	-999.9	18.8	2.7	96704.2	-999.9
Bobo-Dioulasso	2005	6	26	177	22.8	30.5	20.8	-999.9	0.0	2.0	96899.0	-999.9
Bobo-Dioulasso	2005	6	27	178	22.9	30.2	18.1	-999.9	10.7	2.0	96915.5	-999.9
Bobo-Dioulasso	2005	6	28	179	23.0	30.8	22.0	-999.9	0.0	1.8	96887.1	-999.9
Bobo-Dioulasso	2005	6	29	180	23.1	32.0	21.9	-999.9	0.0	1.8	96776.8	-999.9
Bobo-Dioulasso	2005	6	30	181	24.0	32.2	21.9	-999.9	5.4	1.9	96758.1	-999.9
Bobo-Dioulasso	2005	7	1	182	23.0	31.2	20.7	-999.9	0.0	2.1	96751.6	-999.9
Bobo-Dioulasso	2005	7	2	183	23.4	29.4	18.1	-999.9	16.0	1.8	96849.6	-999.9
Bobo-Dioulasso	2005	7	3	184	22.8	29.0	18.7	-999.9	16.0	1.9	96989.2	-999.9
Bobo-Dioulasso	2005	7	4	185	22.9	29.1	19.4	-999.9	0.0	1.9	96924.1	-999.9
Bobo-Dioulasso	2005	7	5	186	22.3	31.7	24.2	-999.9	0.0	1.8	96812.5	-999.9
Bobo-Dioulasso	2005	7	6	187	23.1	30.4	19.8	-999.9	0.0	3.1	96863.5	-999.9
Bobo-Dioulasso	2005	7	7	188	22.9	29.5	18.1	-999.9	0.0	2.1	97000.6	-999.9
Bobo-Dioulasso	2005	7	8	189	23.2	30.4	20.3	-999.9	8.3	1.6	96898.5	-999.9
Bobo-Dioulasso	2005	7	9	190	22.3	27.4	13.7	-999.9	8.3	2.0	96914.7	-999.9
Bobo-Dioulasso	2005	7	10	191	21.9	28.8	18.2	-999.9	0.0	2.5	97003.4	-999.9
Bobo-Dioulasso	2005	7	11	192	22.2	27.8	16.5	-999.9	4.2	1.7	97088.7	-999.9
Bobo-Dioulasso	2005	7	12	193	21.5	29.1	21.7	-999.9	0.0	1.6	96947.8	-999.9
Bobo-Dioulasso	2005	7	13	194	22.3	29.5	20.9	-999.9	4.2	2.1	96802.3	-999.9
Bobo-Dioulasso	2005	7	14	195	21.8	28.1	17.3	-999.9	8.4	2.0	96857.9	-999.9
Bobo-Dioulasso	2005	7	15	196	21.7	26.2	12.3	-999.9	8.4	1.7	97057.3	-999.9
Bobo-Dioulasso	2005	7	16	197	21.4	29.8	22.6	-999.9	0.0	1.5	97087.7	-999.9
Bobo-Dioulasso	2005	7	17	198	23.2	31.0	23.3	-999.9	17.0	2.0	96806.2	-999.9
Bobo-Dioulasso	2005	7	18	199	22.7	29.1	17.1	-999.9	0.0	2.8	96646.7	-999.9
Bobo-Dioulasso	2005	7	19	200	22.1	28.1	16.4	-999.9	0.0	2.1	96861.3	-999.9
Bobo-Dioulasso	2005	7	20	201	21.4	28.9	21.0	-999.9	0.0	1.4	96938.2	-999.9
Bobo-Dioulasso	2005	7	21	202	22.7	28.7	18.0	-999.9	0.0	1.3	96903.2	-999.9
Bobo-Dioulasso	2005	7	22	203	22.0	29.1	19.6	-999.9	0.0	1.7	96928.0	-999.9
Bobo-Dioulasso	2005	7	23	204	22.7	30.0	22.6	-999.9	0.0	1.6	96896.5	-999.9
Bobo-Dioulasso	2005	7	24	205	23.1	30.1	21.6	-999.9	8.2	1.5	96919.8	-999.9
Bobo-Dioulasso	2005	7	25	206	23.2	30.4	18.6	-999.9	8.2	1.9	96921.5	-999.9
Bobo-Dioulasso	2005	7	26	207	23.1	29.7	18.3	-999.9	0.0	2.6	96968.9	-999.9
Bobo-Dioulasso	2005	7	27	208	22.8	30.3	20.7	-999.9	0.0	2.0	96940.0	-999.9
Bobo-Dioulasso	2005	7	28	209	23.1	32.0	23.9	-999.9	24.1	2.4	96830.9	-999.9
Bobo-Dioulasso	2005	7	29	210	23.1	28.7	16.3	-999.9	12.1	2.8	96843.8	-999.9
Bobo-Dioulasso	2005	7	30	211	22.7	28.7	18.1	-999.9	0.0	2.6	96821.4	-999.9
Bobo-Dioulasso	2005	7	31	212	21.9	29.3	21.2	-999.9	0.0	2.2	96834.1	-999.9
Bobo-Dioulasso	2005	8	1	213	22.0	26.7	14.5	-999.9	0.0	2.2	96875.5	-999.9
Bobo-Dioulasso	2005	8	2	214	22.3	29.3	21.1	-999.9	0.0	1.8	96821.4	-999.9
Bobo-Dioulasso	2005	8	3	215	22.7	29.3	20.6	-999.9	0.0	1.9	96842.5	-999.9
Bobo-Dioulasso	2005	8	4	216	22.4	29.7	22.2	-999.9	12.2	1.7	96869.4	-999.9
Bobo-Dioulasso	2005	8	5	217	22.5	29.9	22.1	-999.9	12.2	1.8	96874.6	-999.9
Bobo-Dioulasso	2005	8	6	218	22.3	29.4	18.2	-999.9	0.0	2.2	96846.5	-999.9
Bobo-Dioulasso	2005	8	7	219	22.3	29.4	18.8	-999.9	0.0	2.2	96830.2	-999.9
Bobo-Dioulasso	2005	8	8	220	22.6	29.0	20.2	-999.9	20.2	2.3	96836.3	-999.9
Bobo-Dioulasso	2005	8	9	221	22.2	27.9	13.0	-999.9	0.0	1.9	96955.0	-999.9
Bobo-Dioulasso	2005	8	10	222	21.9	28.3	17.0	-999.9	0.0	1.4	96983.5	-999.9
Bobo-Dioulasso	2005	8	11	223	22.4	29.2	19.4	-999.9	0.0	1.5	96831.7	-999.9
Bobo-Dioulasso	2005	8	12	224	22.2	29.1	20.5	-999.9	28.3	1.9	96680.4	-999.9
Bobo-Dioulasso	2005	8	13	225	22.1	27.9	16.5	-999.9	0.0	1.7	96712.4	-999.9
Bobo-Dioulasso	2005	8	14	226	22.0	27.3	16.7	-999.9	0.0	3.0	96912.3	-999.9
Bobo-Dioulasso	2005	8	15	227	21.8	27.7	17.8	-999.9	0.0	2.4	96955.7	-999.9
Bobo-Dioulasso	2005	8	16	228	22.0	28.5	20.4	-999.9	13.9	1.7	96906.1	-999.9
Bobo-Dioulasso	2005	8	17	229	22.0	26.2	12.5	-999.9	0.0	1.5	96843.4	-999.9
Bobo-Dioulasso	2005	8	18	230	21.4	26.9	12.8	-999.9	0.0	1.7	96802.8	-999.9
Bobo-Dioulasso	2005	8	19	231	21.4	27.9	16.8	-999.9	0.0	2.2	96922.0	-999.9
Bobo-Dioulasso	2005	8	20	232	22.1	28.9	21.4	-999.9	0.0	1.3	96946.1	-999.9
Bobo-Dioulasso	2005	8	21	233	21.2	27.0	15.2	-999.9	24.4	1.8	96888.8	-999.9
Bobo-Dioulasso	2005	8	22	234	21.6	29.3	22.4	-999.9	0.0	1.7	96843.0	-999.9
Bobo-Dioulasso	2005	8	23	235	22.5	29.1	21.8	-999.9	12.2	1.7	96871.0	-999.9
Bobo-Dioulasso	2005	8	24	236	21.9	28.9	17.1	-999.9	0.0	2.2	96881.1	-999.9
Bobo-Dioulasso	2005	8	25	237	21.6	30.1	22.5	-999.9	0.0	2.0	96896.4	-999.9
Bobo-Dioulasso	2005	8	26	238	22.3	30.9	23.1	-999.9	12.4	1.7	96827.6	-999.9
Bobo-Dioulasso	2005	8	27	239	21.4	26.9	15.0	-999.9	0.0	1.6	96758.1	-999.9
Bobo-Dioulasso	2005	8	28	240	22.0	27.9	18.3	-999.9	0.0	2.0	96748.7	-999.9
Bobo-Dioulasso	2005	8	29	241	22.0	27.6	16.2	-999.9	24.9	1.6	96690.6	-999.9
Bobo-Dioulasso	2005	8	30	242	21.5	26.4	15.8	-999.9	0.0	1.9	96780.1	-999.9
Bobo-Dioulasso	2005	8	31	243	21.4	27.5	19.5	-999.9	0.0	2.2	96783.3	-999.9
Bobo-Dioulasso	2005	9	1	244	21.6	29.1	21.3	-999.9	0.0	2.2	96623.4	-999.9
Bobo-Dioulasso	2005	9	2	245	21.7	24.5	7.4	-999.9	68.3	2.0	96646.0	-999.9
Bobo-Dioulasso	2005	9	3	246	20.7	27.7	17.9	-999.9	0.0	2.5	96884.9	-999.9
Bobo-Dioulasso	2005	9	4	247	20.8	27.7	19.2	-999.9	0.0	1.3	96995.3	-999.9
Bobo-Dioulasso	2005	9	5	248	21.5	29.0	22.3	-999.9	17.1	2.0	96759.6	-999.9
Bobo-Dioulasso	2005	9	6	249	21.9	25.4	9.3	-999.9	24.3	2.1	96787.0	-999.9
Bobo-Dioulasso	2005	9	7	250	21.8	27.7	16.7	-999.9	0.0	2.3	96970.8	-999.9
Bobo-Dioulasso	2005	9	8	251	21.2	28.9	22.3	-999.9	8.1	1.3	97088.9	-999.9
Bobo-Dioulasso	2005	9	9	252	21.2	29.3	20.8	-999.9	0.0	1.3	97023.1	-999.9
Bobo-Dioulasso	2005	9	10	253	22.1	29.9	21.7	-999.9	16.2	1.8	96857.9	-999.9
Bobo-Dioulasso	2005	9	11	254	23.2	29.7	20.6	-999.9	3.9	2.0	96697.5	-999.9
Bobo-Dioulasso	2005	9	12	255	22.8	28.8	20.4	-999.9	7.8	2.3	96698.7	-999.9
Bobo-Dioulasso	2005	9	13	256	22.0	28.8	21.3	-999.9	7.8	1.8	96833.5	-999.9
Bobo-Dioulasso	2005	9	14	257	22.3	29.1	20.6	-999.9	3.9	1.3	96918.3	-999.9
Bobo-Dioulasso	2005	9	15	258	22.8	30.3	22.5	-999.9	0.0	1.6	96905.2	-999.9
Bobo-Dioulasso	2005	9	16	259	22.8	30.9	24.4	-999.9	0.0	1.8	96815.2	-999.9
Bobo-Dioulasso	2005	9	17	260	22.9	30.3	23.8	-999.9	0.0	1.8	96774.4	-999.9
Bobo-Dioulasso	2005	9	18	261	23.0	31.3	23.8	-999.9	0.0	1.4	96856.0	-999.9
Bobo-Dioulasso	2005	9	19	262	23.5	31.1	22.8	-999.9	11.8	1.8	96837.0	-999.9
Bobo-Dioulasso	2005	9	20	263	22.0	29.5	20.5	-999.9	23.5	2.2	96724.7	-999.9
Bobo-Dioulasso	2005	9	21	264	22.1	28.6	16.6	-999.9	0.0	2.2	96708.5	-999.9
Bobo-Dioulasso	2005	9	22	265	21.3	29.8	23.1	-999.9	0.0	1.4	96738.8	-999.9
Bobo-Dioulasso	2005	9	23	266	22.6	31.1	23.4	-999.9	0.0	1.4	96731.0	-999.9
Bobo-Dioulasso	2005	9	24	267	22.4	30.6	22.5	-999.9	40.1	1.3	96688.8	-999.9
Bobo-Dioulasso	2005	9	25	268	21.8	27.1	13.6	-999.9	0.0	1.9	96742.3	-999.9
Bobo-Dioulasso	2005	9	26	269	22.0	27.7	15.2	-999.9	0.0	2.3	96851.8	-999.9
Bobo-Dioulasso	2005	9	27	270	21.0	28.7	19.5	-999.9	0.0	1.4	96919.0	-999.9
Bobo-Dioulasso	2005	9	28	271	21.2	28.5	20.6	-999.9	0.0	1.3	96872.8	-999.9
Bobo-Dioulasso	2005	9	29	272	21.9	30.2	23.4	-999.9	0.0	1.4	96801.9	-999.9
Bobo-Dioulasso	2005	9	30	273	23.1	30.3	22.0	-999.9	0.0	2.1	96741.2	-999.9
Bobo-Dioulasso	2005	10	1	274	22.9	30.4	22.7	-999.9	9.9	1.9	96739.5	-999.9
Bobo-Dioulasso	2005	10	2	275	23.0	29.9	21.3	-999.9	0.0	1.9	96717.0	-999.9
Bobo-Dioulasso	2005	10	3	276	22.0	26.5	13.2	-999.9	3.3	2.1	96765.2	-999.9
Bobo-Dioulasso	2005	10	4	277	21.5	27.3	15.7	-999.9	0.0	2.3	96847.1	-999.9
Bobo-Dioulasso	2005	10	5	278	20.5	29.1	22.2	-999.9	0.0	1.4	96960.1	-999.9
Bobo-Dioulasso	2005	10	6	279	21.1	31.4	23.4	-999.9	0.0	1.6	96851.1	-999.9
Bobo-Dioulasso	2005	10	7	280	23.1	32.1	22.9	-999.9	2.9	2.1	96730.0	-999.9
Bobo-Dioulasso	2005	10	8	281	21.8	30.0	21.9	-999.9	0.0	2.0	96861.0	-999.9
Bobo-Dioulasso	2005	10	9	282	22.0	31.2	23.2	-999.9	0.0	1.7	96831.7	-999.9
Bobo-Dioulasso	2005	10	10	283	23.0	31.9	22.5	-999.9	5.8	1.7	96747.9	-999.9
Bobo-Dioulasso	2005	10	11	284	22.5	29.7	16.0	-999.9	0.0	2.1	96835.8	-999.9
Bobo-Dioulasso	2005	10	12	285	21.7	32.3	23.3	-999.9	0.0	1.6	96770.3	-999.9
Bobo-Dioulasso	2005	10	13	286	23.1	32.4	22.1	-999.9	4.5	1.7	96712.6	-999.9
Bobo-Dioulasso	2005	10	14	287	23.4	32.3	22.2	-999.9	0.0	1.9	96694.5	-999.9
Bobo-Dioulasso	2005	10	15	288	23.9	32.0	21.0	-999.9	0.0	1.8	96773.7	-999.9
Bobo-Dioulasso	2005	10	16	289	23.3	33.4	22.5	-999.9	4.3	1.5	96674.1	-999.9
Bobo-Dioulasso	2005	10	17	290	22.9	32.7	21.4	-999.9	0.0	1.6	96652.2	-999.9
Bobo-Dioulasso	2005	10	18	291	23.3	32.2	21.2	-999.9	4.3	1.8	96670.5	-999.9
Bobo-Dioulasso	2005	10	19	292	23.1	33.0	20.4	-999.9	0.0	1.7	96818.2	-999.9
Bobo-Dioulasso	2005	10	20	293	23.0	34.4	21.2	-999.9	0.0	1.8	96760.0	-999.9
Bobo-Dioulasso	2005	10	21	294	23.2	33.6	21.5	-999.9	0.0	2.3	96623.6	-999.9
Bobo-Dioulasso	2005	10	22	295	24.0	32.7	20.3	-999.9	6.5	2.4	96623.1	-999.9
Bobo-Dioulasso	2005	10	23	296	23.7	31.7	18.7	-999.9	0.0	1.9	96711.0	-999.9
Bobo-Dioulasso	2005	10	24	297	22.2	34.1	21.7	-999.9	0.0	1.6	96721.6	-999.9
Bobo-Dioulasso	2005	10	25	298	20.7	34.3	23.2	-999.9	0.0	1.5	96676.1	-999.9
Bobo-Dioulasso	2005	10	26	299	20.8	33.5	20.8	-999.9	0.0	1.8	96631.9	-999.9
Bobo-Dioulasso	2005	10	27	300	22.4	34.1	21.8	-999.9	0.0	1.5	96675.6	-999.9
Bobo-Dioulasso	2005	10	28	301	22.7	33.5	22.0	-999.9	0.0	2.1	96778.9	-999.9
Bobo-Dioulasso	2005	10	29	302	23.5	33.3	20.6	-999.9	0.0	1.9	96864.8	-999.9
Bobo-Dioulasso	2005	10	30	303	23.0	34.2	20.9	-999.9	0.0	1.4	96845.7	-999.9
Bobo-Dioulasso	2005	10	31	304	21.4	34.0	22.1	-999.9	0.0	1.7	96829.9	-999.9
Bobo-Dioulasso	2005	11	1	305	22.2	32.8	19.9	-999.9	0.0	1.8	96895.1	-999.9
Bobo-Dioulasso	2005	11	2	306	22.7	32.3	19.7	-999.9	0.0	1.9	96942.0	-999.9
Bobo-Dioulasso	2005	11	3	307	23.8	33.6	18.2	-999.9	0.0	1.3	96844.3	-999.9
Bobo-Dioulasso	2005	11	4	308	20.9	34.0	19.8	-999.9	0.0	1.6	96756.3	-999.9
Bobo-Dioulasso	2005	11	5	309	22.6	32.9	19.7	-999.9	0.0	2.1	96752.1	-999.9
Bobo-Dioulasso	2005	11	6	310	24.2	33.2	19.0	-999.9	0.0	2.1	96772.8	-999.9
Bobo-Dioulasso	2005	11	7	311	23.4	34.7	21.7	-999.9	0.0	2.4	96744.2	-999.9
Bobo-Dioulasso	2005	11	8	312	21.8	34.2	22.2	-999.9	0.0	2.4	96751.1	-999.9
Bobo-Dioulasso	2005	11	9	313	20.5	34.5	22.3	-999.9	0.0	2.0	96706.7	-999.9
Bobo-Dioulasso	2005	11	10	314	20.6	34.4	22.0	-999.9	0.0	2.2	96679.6	-999.9
Bobo-Dioulasso	2005	11	11	315	20.2	34.7	21.8	-999.9	0.0	2.2	96616.6	-999.9
Bobo-Dioulasso	2005	11	12	316	20.1	34.2	21.7	-999.9	0.0	1.9	96589.0	-999.9
Bobo-Dioulasso	2005	11	13	317	21.0	34.2	22.0	-999.9	0.0	1.7	96574.9	-999.9
Bobo-Dioulasso	2005	11	14	318	19.2	33.7	22.0	-999.9	0.0	1.7	96618.6	-999.9
Bobo-Dioulasso	2005	11	15	319	20.8	34.3	21.4	-999.9	0.0	1.6	96606.1	-999.9
Bobo-Dioulasso	2005	11	16	320	20.3	33.9	21.8	-999.9	0.0	1.8	96582.4	-999.9
Bobo-Dioulasso	2005	11	17	321	19.9	33.9	21.3	-999.9	0.0	2.2	96568.0	-999.9
Bobo-Dioulasso	2005	11	18	322	20.5	33.4	21.5	-999.9	0.0	1.4	96581.2	-999.9
Bobo-Dioulasso	2005	11	19	323	19.5	33.9	21.3	-999.9	0.0	1.5	96588.6	-999.9
Bobo-Dioulasso	2005	11	20	324	20.0	33.9	21.0	-999.9	0.0	1.8	96584.6	-999.9
Bobo-Dioulasso	2005	11	21	325	20.9	34.4	20.6	-999.9	0.0	1.8	96545.9	-999.9
Bobo-Dioulasso	2005	11	22	326	21.1	34.1	21.4	-999.9	0.0	1.4	96504.9	-999.9
Bobo-Dioulasso	2005	11	23	327	21.6	34.4	21.5	-999.9	0.0	1.7	96537.1	-999.9
Bobo-Dioulasso	2005	11	24	328	19.4	34.3	21.3	-999.9	0.0	1.7	96561.0	-999.9
Bobo-Dioulasso	2005	11	25	329	19.2	34.4	20.9	-999.9	0.0	1.5	96483.8	-999.9
Bobo-Dioulasso	2005	11	26	330	19.7	33.8	21.0	-999.9	0.0	1.7	96494.7	-999.9
Bobo-Dioulasso	2005	11	27	331	21.5	34.0	20.3	-999.9	0.0	1.2	96506.0	-999.9
Bobo-Dioulasso	2005	11	28	332	21.8	34.3	20.7	-999.9	0.0	1.5	96491.5	-999.9
Bobo-Dioulasso	2005	11	29	333	20.8	34.6	20.9	-999.9	0.0	1.6	96581.2	-999.9
Bobo-Dioulasso	2005	11	30	334	19.5	33.9	20.7	-999.9	0.0	1.4	96511.1	-999.9
Bobo-Dioulasso	2005	12	1	335	20.4	34.3	20.5	-999.9	0.0	1.3	96414.1	-999.9
Bobo-Dioulasso	2005	12	2	336	20.7	33.6	20.1	-999.9	0.0	2.1	96556.5	-999.9
Bobo-Dioulasso	2005	12	3	337	20.7	34.2	20.7	-999.9	0.0	2.1	96584.0	-999.9
Bobo-Dioulasso	2005	12	4	338	18.9	34.3	21.0	-999.9	0.0	2.0	96561.5	-999.9
Bobo-Dioulasso	2005	12	5	339	19.6	34.0	20.7	-999.9	0.0	2.0	96432.6	-999.9
Bobo-Dioulasso	2005	12	6	340	19.2	33.5	20.8	-999.9	0.0	1.3	96331.8	-999.9
Bobo-Dioulasso	2005	12	7	341	19.7	33.8	20.1	-999.9	0.0	1.7	96400.8	-999.9
Bobo-Dioulasso	2005	12	8	342	21.4	33.1	20.1	-999.9	0.0	1.7	96614.5	-999.9
Bobo-Dioulasso	2005	12	9	343	19.6	33.5	20.7	-999.9	0.0	1.8	96644.7	-999.9
Bobo-Dioulasso	2005	12	10	344	18.7	33.2	20.6	-999.9	0.0	1.6	96554.4	-999.9
Bobo-Dioulasso	2005	12	11	345	18.9	33.4	20.5	-999.9	0.0	1.4	96621.3	-999.9
Bobo-Dioulasso	2005	12	12	346	18.8	33.7	20.1	-999.9	0.0	1.8	96640.9	-999.9
Bobo-Dioulasso	2005	12	13	347	21.2	33.8	19.5	-999.9	0.0	2.3	96599.8	-999.9
Bobo-Dioulasso	2005	12	14	348	21.1	33.6	20.2	-999.9	0.0	2.6	96571.9	-999.9
Bobo-Dioulasso	2005	12	15	349	19.8	33.7	20.4	-999.9	0.0	2.4	96602.5	-999.9
Bobo-Dioulasso	2005	12	16	350	19.8	33.9	20.5	-999.9	0.0	2.3	96678.4	-999.9
Bobo-Dioulasso	2005	12	17	351	19.6	34.3	20.6	-999.9	0.0	2.2	96731.1	-999.9
Bobo-Dioulasso	2005	12	18	352	20.6	35.0	20.5	-999.9	0.0	2.8	96664.8	-999.9
Bobo-Dioulasso	2005	12	19	353	20.8	33.5	20.5	-999.9	0.0	2.8	96692.9	-999.9
Bobo-Dioulasso	2005	12	20	354	19.7	32.8	20.6	-999.9	0.0	2.4	96665.8	-999.9
Bobo-Dioulasso	2005	12	21	355	19.1	33.0	20.5	-999.9	0.0	2.0	96623.4	-999.9
Bobo-Dioulasso	2005	12	22	356	18.9	33.6	20.3	-999.9	0.0	1.9	96698.5	-999.9
Bobo-Dioulasso	2005	12	23	357	19.9	33.6	20.3	-999.9	0.0	2.5	96813.5	-999.9
Bobo-Dioulasso	2005	12	24	358	20.6	32.9	18.0	-999.9	0.0	2.5	96802.0	-999.9
Bobo-Dioulasso	2005	12	25	359	19.6	33.2	20.0	-999.9	0.0	2.6	96792.7	-999.9
Bobo-Dioulasso	2005	12	26	360	19.9	33.4	20.5	-999.9	0.0	2.6	96791.0	-999.9
Bobo-Dioulasso	2005	12	27	361	19.6	33.6	19.9	-999.9	0.0	2.2	96710.5	-999.9
Bobo-Dioulasso	2005	12	28	362	19.7	33.6	20.6	-999.9	0.0	2.0	96592.7	-999.9
Bobo-Dioulasso	2005	12	29	363	18.6	33.8	20.2	-999.9	0.0	1.5	96600.7	-999.9
Bobo-Dioulasso	2005	12	30	364	20.2	32.0	19.5	-999.9	0.0	2.8	96688.9	-999.9
Bobo-Dioulasso	2005	12	31	365	18.9	31.6	20.6	-999.9	0.0	2.8	96710.0	-999.9
