Koutiala	1999	1	1	1	16.8	29.8	19.5	-999.9	0.0	2.6	97026.0	-999.9
Koutiala	1999	1	2	2	16.8	30.5	19.9	-999.9	0.0	2.8	97016.8	-999.9
Koutiala	1999	1	3	3	17.2	31.9	20.5	-999.9	0.0	2.6	96884.1	-999.9
Koutiala	1999	1	4	4	18.5	32.7	20.6	-999.9	0.0	2.6	96739.5	-999.9
Koutiala	1999	1	5	5	18.4	33.0	20.5	-999.9	0.0	2.5	96700.2	-999.9
Koutiala	1999	1	6	6	19.2	33.0	20.3	-999.9	0.0	2.4	96677.5	-999.9
Koutiala	1999	1	7	7	19.0	32.2	20.7	-999.9	0.0	2.6	96758.7	-999.9
Koutiala	1999	1	8	8	19.1	32.2	20.6	-999.9	0.0	2.3	96825.0	-999.9
Koutiala	1999	1	9	9	18.3	31.9	20.8	-999.9	0.0	2.2	96770.1	-999.9
Koutiala	1999	1	10	10	16.5	33.1	20.6	-999.9	0.0	1.9	96676.8	-999.9
Koutiala	1999	1	11	11	18.0	33.4	20.6	-999.9	0.0	1.8	96624.7	-999.9
Koutiala	1999	1	12	12	19.3	34.6	20.6	-999.9	0.0	2.3	96528.6	-999.9
Koutiala	1999	1	13	13	23.2	32.8	18.1	-999.9	0.0	1.9	96720.5	-999.9
Koutiala	1999	1	14	14	22.8	33.4	18.8	-999.9	0.0	1.9	96802.3	-999.9
Koutiala	1999	1	15	15	21.6	32.6	19.9	-999.9	0.0	2.9	96840.7	-999.9
Koutiala	1999	1	16	16	21.4	33.1	19.7	-999.9	0.0	2.8	96954.8	-999.9
Koutiala	1999	1	17	17	21.3	32.2	20.4	-999.9	0.0	3.3	97021.5	-999.9
Koutiala	1999	1	18	18	18.6	30.9	20.9	-999.9	0.0	2.9	96977.3	-999.9
Koutiala	1999	1	19	19	17.3	30.8	21.0	-999.9	0.0	2.4	96912.0	-999.9
Koutiala	1999	1	20	20	17.1	30.8	21.2	-999.9	0.0	2.5	96987.5	-999.9
Koutiala	1999	1	21	21	16.8	30.4	21.3	-999.9	0.0	2.5	97071.8	-999.9
Koutiala	1999	1	22	22	16.7	30.6	21.4	-999.9	0.0	2.6	97055.5	-999.9
Koutiala	1999	1	23	23	17.0	31.3	21.5	-999.9	0.0	2.7	97027.3	-999.9
Koutiala	1999	1	24	24	17.3	31.3	21.4	-999.9	0.0	3.0	96953.4	-999.9
Koutiala	1999	1	25	25	17.6	31.5	21.5	-999.9	0.0	3.1	96910.8	-999.9
Koutiala	1999	1	26	26	17.8	30.8	21.6	-999.9	0.0	3.3	96949.4	-999.9
Koutiala	1999	1	27	27	16.8	30.0	21.6	-999.9	0.0	2.8	96942.0	-999.9
Koutiala	1999	1	28	28	16.3	30.5	21.8	-999.9	0.0	2.6	96844.7	-999.9
Koutiala	1999	1	29	29	16.5	32.1	21.8	-999.9	0.0	2.4	96847.2	-999.9
Koutiala	1999	1	30	30	17.4	33.2	21.7	-999.9	0.0	2.2	96838.8	-999.9
Koutiala	1999	1	31	31	18.0	33.7	21.8	-999.9	0.0	2.2	96736.9	-999.9
Koutiala	1999	2	1	32	18.4	33.1	21.9	-999.9	0.0	1.9	96628.5	-999.9
Koutiala	1999	2	2	33	18.5	33.1	21.7	-999.9	0.0	2.1	96626.8	-999.9
Koutiala	1999	2	3	34	19.9	33.0	20.9	-999.9	0.0	2.6	96717.5	-999.9
Koutiala	1999	2	4	35	20.4	30.3	17.5	-999.9	0.0	3.4	96930.8	-999.9
Koutiala	1999	2	5	36	17.3	28.6	21.3	-999.9	0.0	3.6	97195.6	-999.9
Koutiala	1999	2	6	37	15.8	27.0	22.3	-999.9	0.0	3.2	97300.1	-999.9
Koutiala	1999	2	7	38	13.6	27.3	22.6	-999.9	0.0	2.4	97246.8	-999.9
Koutiala	1999	2	8	39	13.7	30.1	22.5	-999.9	0.0	1.9	97096.7	-999.9
Koutiala	1999	2	9	40	15.7	33.1	22.5	-999.9	0.0	1.9	97081.5	-999.9
Koutiala	1999	2	10	41	18.4	34.3	22.6	-999.9	0.0	2.4	96975.9	-999.9
Koutiala	1999	2	11	42	18.9	33.8	22.6	-999.9	0.0	2.3	96873.7	-999.9
Koutiala	1999	2	12	43	18.4	34.2	22.6	-999.9	0.0	2.2	96775.8	-999.9
Koutiala	1999	2	13	44	17.8	35.8	22.6	-999.9	0.0	1.9	96716.5	-999.9
Koutiala	1999	2	14	45	18.3	35.9	22.9	-999.9	0.0	1.8	96600.5	-999.9
Koutiala	1999	2	15	46	20.1	35.3	22.2	-999.9	0.0	1.9	96521.2	-999.9
Koutiala	1999	2	16	47	22.2	33.2	19.1	-999.9	0.0	1.5	96627.5	-999.9
Koutiala	1999	2	17	48	22.7	32.4	15.8	-999.9	0.0	1.8	96632.5	-999.9
Koutiala	1999	2	18	49	21.2	32.0	21.7	-999.9	0.0	3.1	96905.5	-999.9
Koutiala	1999	2	19	50	19.0	30.8	22.6	-999.9	0.0	3.3	97104.1	-999.9
Koutiala	1999	2	20	51	17.2	30.6	23.3	-999.9	0.0	3.2	97146.2	-999.9
Koutiala	1999	2	21	52	16.8	29.9	23.3	-999.9	0.0	2.8	97085.0	-999.9
Koutiala	1999	2	22	53	17.1	32.2	23.4	-999.9	0.0	2.8	96958.1	-999.9
Koutiala	1999	2	23	54	18.6	33.8	23.2	-999.9	0.0	2.7	96930.4	-999.9
Koutiala	1999	2	24	55	19.7	34.4	23.5	-999.9	0.0	2.6	96913.8	-999.9
Koutiala	1999	2	25	56	20.1	36.0	23.5	-999.9	0.0	2.3	96800.8	-999.9
Koutiala	1999	2	26	57	21.3	37.2	23.6	-999.9	0.0	2.4	96675.3	-999.9
Koutiala	1999	2	27	58	22.7	37.2	23.7	-999.9	0.0	2.6	96595.3	-999.9
Koutiala	1999	2	28	59	22.0	36.4	23.9	-999.9	0.0	3.0	96603.4	-999.9
Koutiala	1999	3	1	60	20.8	30.8	13.7	-999.9	0.0	2.1	96779.5	-999.9
Koutiala	1999	3	2	61	21.7	35.8	22.2	-999.9	0.0	2.2	96634.6	-999.9
Koutiala	1999	3	3	62	22.8	35.9	22.9	-999.9	0.0	2.5	96511.5	-999.9
Koutiala	1999	3	4	63	22.3	35.4	23.9	-999.9	0.0	2.8	96503.6	-999.9
Koutiala	1999	3	5	64	22.4	37.0	23.8	-999.9	0.0	2.5	96435.9	-999.9
Koutiala	1999	3	6	65	23.6	37.3	24.1	-999.9	0.0	2.9	96385.4	-999.9
Koutiala	1999	3	7	66	22.9	36.5	24.3	-999.9	0.0	2.7	96431.4	-999.9
Koutiala	1999	3	8	67	21.9	37.0	24.6	-999.9	0.0	2.5	96446.1	-999.9
Koutiala	1999	3	9	68	22.2	37.3	24.5	-999.9	0.0	2.4	96474.8	-999.9
Koutiala	1999	3	10	69	22.6	37.0	24.9	-999.9	0.0	2.8	96613.0	-999.9
Koutiala	1999	3	11	70	23.2	36.4	24.5	-999.9	0.0	2.7	96683.2	-999.9
Koutiala	1999	3	12	71	22.9	35.8	24.5	-999.9	0.0	2.6	96653.2	-999.9
Koutiala	1999	3	13	72	22.6	37.0	24.5	-999.9	0.0	2.3	96519.5	-999.9
Koutiala	1999	3	14	73	22.2	36.5	21.9	-999.9	0.0	1.9	96522.5	-999.9
Koutiala	1999	3	15	74	25.3	33.7	20.0	-999.9	0.0	2.7	96702.3	-999.9
Koutiala	1999	3	16	75	23.0	32.3	15.2	-999.9	0.0	2.1	96764.0	-999.9
Koutiala	1999	3	17	76	23.0	36.0	24.0	-999.9	0.0	2.6	96583.7	-999.9
Koutiala	1999	3	18	77	22.9	37.3	24.8	-999.9	0.0	2.9	96511.2	-999.9
Koutiala	1999	3	19	78	23.7	38.3	25.1	-999.9	0.0	3.0	96527.0	-999.9
Koutiala	1999	3	20	79	24.5	38.9	24.9	-999.9	0.0	3.4	96576.9	-999.9
Koutiala	1999	3	21	80	26.6	38.6	25.1	-999.9	0.0	3.8	96672.5	-999.9
Koutiala	1999	3	22	81	24.8	38.3	25.3	-999.9	0.0	3.1	96676.9	-999.9
Koutiala	1999	3	23	82	22.5	38.2	25.8	-999.9	0.0	2.0	96574.5	-999.9
Koutiala	1999	3	24	83	21.2	39.1	25.2	-999.9	0.0	1.7	96470.4	-999.9
Koutiala	1999	3	25	84	25.1	37.8	22.9	-999.9	0.0	2.3	96576.5	-999.9
Koutiala	1999	3	26	85	26.5	38.6	22.0	-999.9	0.0	2.2	96595.0	-999.9
Koutiala	1999	3	27	86	26.6	38.0	23.2	-999.9	0.0	1.8	96613.8	-999.9
Koutiala	1999	3	28	87	23.8	37.3	24.7	-999.9	0.0	1.4	96639.1	-999.9
Koutiala	1999	3	29	88	22.4	38.4	24.5	-999.9	0.0	1.9	96554.3	-999.9
Koutiala	1999	3	30	89	22.4	38.5	25.1	-999.9	0.0	1.7	96503.1	-999.9
Koutiala	1999	3	31	90	24.1	38.8	23.8	-999.9	0.0	1.8	96499.0	-999.9
Koutiala	1999	4	1	91	23.4	39.1	25.2	-999.9	0.0	1.8	96534.3	-999.9
Koutiala	1999	4	2	92	22.0	38.8	25.7	-999.9	0.0	2.0	96674.1	-999.9
Koutiala	1999	4	3	93	22.6	38.4	25.9	-999.9	0.0	2.2	96692.6	-999.9
Koutiala	1999	4	4	94	23.9	37.9	26.4	-999.9	0.0	2.9	96601.9	-999.9
Koutiala	1999	4	5	95	22.4	38.4	26.5	-999.9	0.0	2.4	96601.9	-999.9
Koutiala	1999	4	6	96	21.8	37.4	24.7	-999.9	0.0	1.9	96710.0	-999.9
Koutiala	1999	4	7	97	26.0	36.6	24.1	-999.9	0.0	2.8	96788.4	-999.9
Koutiala	1999	4	8	98	25.3	36.2	23.0	-999.9	4.4	1.9	96770.2	-999.9
Koutiala	1999	4	9	99	23.2	36.0	21.0	-999.9	0.0	2.3	96780.6	-999.9
Koutiala	1999	4	10	100	26.9	39.1	24.6	-999.9	0.0	2.7	96738.1	-999.9
Koutiala	1999	4	11	101	23.5	39.7	26.1	-999.9	0.0	2.1	96780.1	-999.9
Koutiala	1999	4	12	102	24.1	40.4	26.4	-999.9	0.0	2.3	96689.3	-999.9
Koutiala	1999	4	13	103	26.3	39.6	25.6	-999.9	0.0	2.0	96637.8	-999.9
Koutiala	1999	4	14	104	28.4	38.9	23.1	-999.9	3.3	3.1	96524.0	-999.9
Koutiala	1999	4	15	105	26.4	36.3	21.8	-999.9	3.3	3.0	96678.5	-999.9
Koutiala	1999	4	16	106	26.5	36.9	23.9	-999.9	0.0	2.1	96757.9	-999.9
Koutiala	1999	4	17	107	27.5	37.7	23.8	-999.9	1.5	2.1	96792.9	-999.9
Koutiala	1999	4	18	108	26.2	37.7	25.4	-999.9	1.5	3.0	96843.2	-999.9
Koutiala	1999	4	19	109	25.4	38.7	25.7	-999.9	0.0	2.3	96637.5	-999.9
Koutiala	1999	4	20	110	25.5	39.2	23.5	-999.9	0.0	2.1	96490.2	-999.9
Koutiala	1999	4	21	111	26.5	38.8	24.9	-999.9	0.0	2.3	96644.1	-999.9
Koutiala	1999	4	22	112	27.9	38.5	24.2	-999.9	0.0	1.9	96735.6	-999.9
Koutiala	1999	4	23	113	27.1	38.3	22.9	-999.9	0.0	2.1	96577.5	-999.9
Koutiala	1999	4	24	114	27.7	38.3	22.9	-999.9	0.0	3.0	96399.3	-999.9
Koutiala	1999	4	25	115	27.1	37.2	22.7	-999.9	0.0	2.4	96495.0	-999.9
Koutiala	1999	4	26	116	25.8	37.4	21.8	-999.9	0.0	1.8	96554.2	-999.9
Koutiala	1999	4	27	117	27.1	36.2	21.7	-999.9	2.0	1.9	96541.8	-999.9
Koutiala	1999	4	28	118	26.1	35.8	22.7	-999.9	2.0	2.1	96577.6	-999.9
Koutiala	1999	4	29	119	24.7	34.9	22.8	-999.9	2.0	1.5	96725.7	-999.9
Koutiala	1999	4	30	120	25.9	35.6	20.0	-999.9	0.0	1.6	96755.9	-999.9
Koutiala	1999	5	1	121	26.2	37.6	23.3	-999.9	0.0	2.5	96729.8	-999.9
Koutiala	1999	5	2	122	26.9	40.1	24.5	-999.9	0.0	2.4	96596.8	-999.9
Koutiala	1999	5	3	123	26.8	38.2	25.1	-999.9	5.5	2.6	96650.8	-999.9
Koutiala	1999	5	4	124	26.8	35.6	23.6	-999.9	4.8	1.6	96789.7	-999.9
Koutiala	1999	5	5	125	27.1	36.5	22.5	-999.9	0.0	2.0	96754.1	-999.9
Koutiala	1999	5	6	126	26.7	38.0	24.4	-999.9	0.0	1.8	96610.8	-999.9
Koutiala	1999	5	7	127	26.8	38.0	24.2	-999.9	0.0	2.1	96551.8	-999.9
Koutiala	1999	5	8	128	27.6	38.2	24.3	-999.9	0.0	2.4	96563.1	-999.9
Koutiala	1999	5	9	129	27.6	37.6	25.0	-999.9	1.7	2.4	96594.7	-999.9
Koutiala	1999	5	10	130	26.0	38.8	24.6	-999.9	1.7	1.9	96597.0	-999.9
Koutiala	1999	5	11	131	26.2	38.8	24.3	-999.9	0.0	2.5	96636.0	-999.9
Koutiala	1999	5	12	132	25.9	37.2	20.6	-999.9	8.1	2.8	96763.1	-999.9
Koutiala	1999	5	13	133	26.4	38.2	24.6	-999.9	2.7	2.3	96712.9	-999.9
Koutiala	1999	5	14	134	26.9	38.2	24.2	-999.9	0.0	2.7	96592.6	-999.9
Koutiala	1999	5	15	135	25.7	34.8	22.3	-999.9	2.7	2.4	96714.8	-999.9
Koutiala	1999	5	16	136	25.4	34.2	21.9	-999.9	0.0	2.1	96660.4	-999.9
Koutiala	1999	5	17	137	25.9	35.6	23.3	-999.9	0.0	2.0	96696.5	-999.9
Koutiala	1999	5	18	138	25.5	35.7	21.6	-999.9	7.6	1.3	96804.5	-999.9
Koutiala	1999	5	19	139	26.4	37.0	24.6	-999.9	0.0	2.0	96796.5	-999.9
Koutiala	1999	5	20	140	27.3	37.6	23.4	-999.9	0.0	2.4	96711.8	-999.9
Koutiala	1999	5	21	141	26.0	37.7	24.8	-999.9	0.0	2.1	96764.9	-999.9
Koutiala	1999	5	22	142	27.8	38.0	25.1	-999.9	0.0	2.7	96749.2	-999.9
Koutiala	1999	5	23	143	27.7	38.4	23.7	-999.9	2.0	2.6	96675.2	-999.9
Koutiala	1999	5	24	144	26.9	37.1	23.6	-999.9	0.0	3.0	96852.1	-999.9
Koutiala	1999	5	25	145	28.0	36.0	23.1	-999.9	4.0	2.7	96892.7	-999.9
Koutiala	1999	5	26	146	24.2	35.7	23.0	-999.9	0.0	1.8	96844.1	-999.9
Koutiala	1999	5	27	147	26.5	36.7	23.9	-999.9	0.0	2.4	96735.5	-999.9
Koutiala	1999	5	28	148	26.6	35.3	23.8	-999.9	0.0	2.3	96813.3	-999.9
Koutiala	1999	5	29	149	26.6	36.8	25.0	-999.9	2.6	2.1	96887.7	-999.9
Koutiala	1999	5	30	150	26.6	38.4	25.3	-999.9	0.0	2.1	96613.2	-999.9
Koutiala	1999	5	31	151	26.5	36.5	24.0	-999.9	0.0	2.6	96725.7	-999.9
Koutiala	1999	6	1	152	26.8	37.4	23.8	-999.9	3.5	1.8	96817.5	-999.9
Koutiala	1999	6	2	153	27.8	38.3	23.6	-999.9	0.0	2.3	96699.9	-999.9
Koutiala	1999	6	3	154	26.9	38.0	23.3	-999.9	0.0	2.9	96761.9	-999.9
Koutiala	1999	6	4	155	26.4	35.8	23.4	-999.9	0.0	2.4	96861.7	-999.9
Koutiala	1999	6	5	156	24.9	35.6	23.8	-999.9	0.0	2.2	96898.4	-999.9
Koutiala	1999	6	6	157	25.9	36.0	23.4	-999.9	0.0	2.0	96812.8	-999.9
Koutiala	1999	6	7	158	26.1	36.1	24.5	-999.9	0.0	1.9	96862.4	-999.9
Koutiala	1999	6	8	159	24.7	36.7	24.1	-999.9	0.0	2.5	96889.0	-999.9
Koutiala	1999	6	9	160	25.8	34.7	23.4	-999.9	9.7	2.6	96863.2	-999.9
Koutiala	1999	6	10	161	25.0	35.6	23.9	-999.9	0.0	2.6	96863.6	-999.9
Koutiala	1999	6	11	162	26.8	38.0	24.7	-999.9	12.0	2.2	96762.8	-999.9
Koutiala	1999	6	12	163	26.8	35.6	23.0	-999.9	6.0	2.0	96854.7	-999.9
Koutiala	1999	6	13	164	25.3	34.7	23.3	-999.9	0.0	1.7	96955.6	-999.9
Koutiala	1999	6	14	165	24.7	35.7	24.0	-999.9	6.0	2.1	96819.1	-999.9
Koutiala	1999	6	15	166	26.0	36.7	23.9	-999.9	0.0	1.9	96714.6	-999.9
Koutiala	1999	6	16	167	25.0	35.8	23.9	-999.9	9.7	2.7	96756.1	-999.9
Koutiala	1999	6	17	168	26.1	36.2	23.7	-999.9	0.0	2.4	96861.4	-999.9
Koutiala	1999	6	18	169	24.0	36.1	24.3	-999.9	11.0	3.2	96805.7	-999.9
Koutiala	1999	6	19	170	26.3	36.5	24.1	-999.9	0.0	2.3	96789.6	-999.9
Koutiala	1999	6	20	171	26.3	35.5	21.9	-999.9	0.0	2.7	96913.6	-999.9
Koutiala	1999	6	21	172	25.1	36.7	24.9	-999.9	0.0	2.4	96889.3	-999.9
Koutiala	1999	6	22	173	26.7	37.7	24.1	-999.9	7.7	2.6	96721.6	-999.9
Koutiala	1999	6	23	174	27.4	34.5	21.1	-999.9	0.0	3.0	96711.3	-999.9
Koutiala	1999	6	24	175	25.8	35.7	22.9	-999.9	3.9	2.8	96808.5	-999.9
Koutiala	1999	6	25	176	25.4	32.6	19.1	-999.9	0.0	2.2	96909.4	-999.9
Koutiala	1999	6	26	177	24.4	36.4	23.7	-999.9	8.5	1.8	96805.0	-999.9
Koutiala	1999	6	27	178	24.5	34.5	23.1	-999.9	8.5	2.1	96632.3	-999.9
Koutiala	1999	6	28	179	22.5	31.7	21.5	-999.9	14.9	2.3	96764.2	-999.9
Koutiala	1999	6	29	180	22.8	31.8	22.5	-999.9	0.0	2.2	96996.7	-999.9
Koutiala	1999	6	30	181	23.1	32.9	23.3	-999.9	7.5	1.6	96923.1	-999.9
Koutiala	1999	7	1	182	23.7	33.0	23.2	-999.9	12.3	2.3	96801.4	-999.9
Koutiala	1999	7	2	183	23.3	31.0	20.1	-999.9	12.3	1.9	96849.9	-999.9
Koutiala	1999	7	3	184	22.9	30.7	22.2	-999.9	0.0	1.8	96947.2	-999.9
Koutiala	1999	7	4	185	23.1	31.0	23.4	-999.9	0.0	2.0	97001.5	-999.9
Koutiala	1999	7	5	186	23.3	31.3	22.8	-999.9	12.3	1.5	97032.8	-999.9
Koutiala	1999	7	6	187	24.1	31.7	20.7	-999.9	6.5	1.6	96995.5	-999.9
Koutiala	1999	7	7	188	22.9	31.4	22.8	-999.9	14.8	2.9	96971.8	-999.9
Koutiala	1999	7	8	189	23.3	29.7	18.3	-999.9	0.0	2.6	96994.5	-999.9
Koutiala	1999	7	9	190	23.2	31.1	22.3	-999.9	6.5	2.1	96900.2	-999.9
Koutiala	1999	7	10	191	23.9	31.3	23.2	-999.9	13.0	1.9	96868.8	-999.9
Koutiala	1999	7	11	192	22.5	31.1	20.5	-999.9	21.3	2.1	96902.0	-999.9
Koutiala	1999	7	12	193	23.0	31.0	22.5	-999.9	6.2	1.9	97019.2	-999.9
Koutiala	1999	7	13	194	23.0	29.4	14.7	-999.9	6.2	1.7	97053.8	-999.9
Koutiala	1999	7	14	195	22.1	30.0	19.2	-999.9	0.0	1.9	97058.3	-999.9
Koutiala	1999	7	15	196	22.7	30.1	21.1	-999.9	0.0	2.4	97087.2	-999.9
Koutiala	1999	7	16	197	22.7	32.8	24.4	-999.9	0.0	2.2	96975.5	-999.9
Koutiala	1999	7	17	198	24.4	32.0	20.2	-999.9	11.5	2.6	96902.4	-999.9
Koutiala	1999	7	18	199	22.9	27.7	12.9	-999.9	0.0	2.3	97041.2	-999.9
Koutiala	1999	7	19	200	22.4	30.8	21.9	-999.9	0.0	1.8	97052.5	-999.9
Koutiala	1999	7	20	201	23.7	29.7	13.6	-999.9	11.5	1.8	97043.8	-999.9
Koutiala	1999	7	21	202	22.5	30.8	21.6	-999.9	0.0	2.0	97047.8	-999.9
Koutiala	1999	7	22	203	22.6	29.8	18.9	-999.9	15.6	2.1	97104.7	-999.9
Koutiala	1999	7	23	204	22.5	28.9	20.0	-999.9	0.0	2.7	97046.4	-999.9
Koutiala	1999	7	24	205	22.6	29.6	18.5	-999.9	15.6	2.7	96909.9	-999.9
Koutiala	1999	7	25	206	22.9	30.4	20.7	-999.9	5.2	2.1	96873.6	-999.9
Koutiala	1999	7	26	207	22.3	28.9	17.3	-999.9	12.3	2.2	96977.7	-999.9
Koutiala	1999	7	27	208	22.6	28.0	15.6	-999.9	12.3	1.9	97083.6	-999.9
Koutiala	1999	7	28	209	22.0	29.3	19.5	-999.9	0.0	2.0	97007.1	-999.9
Koutiala	1999	7	29	210	22.9	28.4	15.1	-999.9	12.3	2.7	96910.7	-999.9
Koutiala	1999	7	30	211	22.6	29.2	18.8	-999.9	6.1	2.4	96865.1	-999.9
Koutiala	1999	7	31	212	22.3	29.1	19.9	-999.9	12.3	2.0	96830.4	-999.9
Koutiala	1999	8	1	213	22.3	27.7	13.8	-999.9	33.4	1.8	96948.5	-999.9
Koutiala	1999	8	2	214	22.2	28.1	17.4	-999.9	0.0	2.1	96976.9	-999.9
Koutiala	1999	8	3	215	22.6	29.0	18.8	-999.9	6.7	2.4	96880.1	-999.9
Koutiala	1999	8	4	216	22.8	28.6	16.9	-999.9	0.0	2.1	96915.8	-999.9
Koutiala	1999	8	5	217	22.7	29.0	20.7	-999.9	6.7	1.8	96901.2	-999.9
Koutiala	1999	8	6	218	22.2	28.6	18.5	-999.9	0.0	3.0	96954.1	-999.9
Koutiala	1999	8	7	219	22.6	29.0	18.0	-999.9	22.6	2.7	96944.1	-999.9
Koutiala	1999	8	8	220	21.9	26.9	13.6	-999.9	0.0	2.7	96865.0	-999.9
Koutiala	1999	8	9	221	22.1	27.3	13.1	-999.9	0.0	2.6	96968.5	-999.9
Koutiala	1999	8	10	222	21.6	28.5	19.2	-999.9	15.0	1.9	97035.5	-999.9
Koutiala	1999	8	11	223	22.7	24.0	8.4	-999.9	26.1	2.6	96896.5	-999.9
Koutiala	1999	8	12	224	22.2	26.1	10.1	-999.9	6.5	2.0	96837.9	-999.9
Koutiala	1999	8	13	225	22.0	28.7	18.0	-999.9	6.5	1.7	96801.8	-999.9
Koutiala	1999	8	14	226	22.2	28.3	15.6	-999.9	13.0	2.0	96851.1	-999.9
Koutiala	1999	8	15	227	21.8	27.2	16.3	-999.9	13.0	2.0	96979.0	-999.9
Koutiala	1999	8	16	228	21.4	29.2	22.4	-999.9	7.2	1.7	97062.0	-999.9
Koutiala	1999	8	17	229	22.3	27.1	12.2	-999.9	0.0	1.7	96932.2	-999.9
Koutiala	1999	8	18	230	22.3	28.9	18.1	-999.9	14.3	1.6	96838.0	-999.9
Koutiala	1999	8	19	231	21.9	26.5	14.8	-999.9	14.3	2.0	96919.3	-999.9
Koutiala	1999	8	20	232	21.9	28.4	16.6	-999.9	14.3	1.3	96990.1	-999.9
Koutiala	1999	8	21	233	21.4	28.6	18.4	-999.9	8.2	0.8	96854.8	-999.9
Koutiala	1999	8	22	234	21.9	27.5	18.3	-999.9	8.2	2.2	96899.1	-999.9
Koutiala	1999	8	23	235	22.3	26.8	14.9	-999.9	0.0	2.5	97060.8	-999.9
Koutiala	1999	8	24	236	22.5	27.5	14.0	-999.9	0.0	2.2	97182.2	-999.9
Koutiala	1999	8	25	237	21.6	27.4	16.5	-999.9	16.5	1.9	97141.9	-999.9
Koutiala	1999	8	26	238	21.8	27.4	16.3	-999.9	9.3	2.1	97039.9	-999.9
Koutiala	1999	8	27	239	21.2	24.1	8.5	-999.9	9.3	1.6	97017.4	-999.9
Koutiala	1999	8	28	240	21.6	27.0	13.2	-999.9	0.0	1.8	97061.3	-999.9
Koutiala	1999	8	29	241	21.4	28.5	19.8	-999.9	0.0	2.0	97190.7	-999.9
Koutiala	1999	8	30	242	21.4	29.3	19.8	-999.9	0.0	1.7	97130.2	-999.9
Koutiala	1999	8	31	243	22.0	27.9	14.7	-999.9	27.8	1.3	97021.9	-999.9
Koutiala	1999	9	1	244	21.7	28.7	19.3	-999.9	0.0	1.3	96968.9	-999.9
Koutiala	1999	9	2	245	21.7	29.6	22.2	-999.9	13.6	1.2	96985.4	-999.9
Koutiala	1999	9	3	246	22.6	29.2	20.6	-999.9	0.0	1.5	96977.8	-999.9
Koutiala	1999	9	4	247	22.6	30.0	20.5	-999.9	31.0	1.5	96940.0	-999.9
Koutiala	1999	9	5	248	21.7	28.8	18.9	-999.9	0.0	1.3	96968.7	-999.9
Koutiala	1999	9	6	249	22.2	29.9	22.9	-999.9	6.6	1.7	96976.9	-999.9
Koutiala	1999	9	7	250	22.5	30.2	20.0	-999.9	6.6	2.3	96852.6	-999.9
Koutiala	1999	9	8	251	22.3	28.1	15.1	-999.9	6.6	1.6	96642.1	-999.9
Koutiala	1999	9	9	252	21.8	26.8	13.3	-999.9	0.0	2.2	96765.0	-999.9
Koutiala	1999	9	10	253	21.6	28.7	21.8	-999.9	0.0	1.8	96922.6	-999.9
Koutiala	1999	9	11	254	21.9	28.4	19.3	-999.9	0.0	1.4	96956.8	-999.9
Koutiala	1999	9	12	255	20.9	28.6	21.1	-999.9	15.4	1.3	96856.6	-999.9
Koutiala	1999	9	13	256	21.6	28.8	21.3	-999.9	0.0	1.6	96680.7	-999.9
Koutiala	1999	9	14	257	22.0	28.9	21.1	-999.9	15.4	1.5	96791.0	-999.9
Koutiala	1999	9	15	258	21.7	28.0	17.3	-999.9	0.0	1.4	96982.6	-999.9
Koutiala	1999	9	16	259	21.9	28.2	17.8	-999.9	0.0	1.6	97032.8	-999.9
Koutiala	1999	9	17	260	22.0	28.9	18.9	-999.9	10.9	1.9	97009.2	-999.9
Koutiala	1999	9	18	261	21.0	30.2	23.3	-999.9	19.1	1.2	96977.5	-999.9
Koutiala	1999	9	19	262	22.0	29.3	19.4	-999.9	0.0	1.4	96955.5	-999.9
Koutiala	1999	9	20	263	22.0	30.3	23.8	-999.9	0.0	1.3	96992.1	-999.9
Koutiala	1999	9	21	264	21.6	29.8	20.0	-999.9	30.8	1.7	97043.7	-999.9
Koutiala	1999	9	22	265	21.8	30.4	21.7	-999.9	0.0	1.2	96922.7	-999.9
Koutiala	1999	9	23	266	21.6	28.5	16.9	-999.9	0.0	1.4	97009.3	-999.9
Koutiala	1999	9	24	267	20.9	30.4	23.6	-999.9	0.0	1.5	97019.4	-999.9
Koutiala	1999	9	25	268	23.2	31.1	23.6	-999.9	0.0	2.4	96786.9	-999.9
Koutiala	1999	9	26	269	23.2	28.6	17.6	-999.9	13.6	2.5	96670.2	-999.9
Koutiala	1999	9	27	270	21.8	26.8	12.2	-999.9	0.0	1.6	96823.5	-999.9
Koutiala	1999	9	28	271	21.3	27.4	15.9	-999.9	6.8	1.5	96931.2	-999.9
Koutiala	1999	9	29	272	20.7	29.7	21.8	-999.9	0.0	1.1	97001.1	-999.9
Koutiala	1999	9	30	273	22.3	28.4	19.4	-999.9	0.0	1.6	96929.7	-999.9
Koutiala	1999	10	1	274	22.5	30.4	22.8	-999.9	0.0	2.2	96747.6	-999.9
Koutiala	1999	10	2	275	22.6	29.8	20.9	-999.9	8.5	1.6	96745.6	-999.9
Koutiala	1999	10	3	276	21.7	29.4	21.6	-999.9	0.0	1.6	96877.3	-999.9
Koutiala	1999	10	4	277	21.5	28.2	18.4	-999.9	21.1	1.4	96987.0	-999.9
Koutiala	1999	10	5	278	21.3	29.3	21.7	-999.9	0.0	1.8	96941.7	-999.9
Koutiala	1999	10	6	279	21.8	30.7	22.6	-999.9	0.0	2.0	96823.8	-999.9
Koutiala	1999	10	7	280	21.3	28.2	17.0	-999.9	5.4	2.1	96962.4	-999.9
Koutiala	1999	10	8	281	21.6	28.0	17.7	-999.9	0.0	1.6	97057.2	-999.9
Koutiala	1999	10	9	282	20.7	29.9	22.7	-999.9	0.0	1.5	97068.0	-999.9
Koutiala	1999	10	10	283	22.5	29.9	22.6	-999.9	5.4	1.6	97075.0	-999.9
Koutiala	1999	10	11	284	22.4	30.5	22.3	-999.9	0.0	1.7	97017.8	-999.9
Koutiala	1999	10	12	285	22.5	30.6	22.6	-999.9	3.9	1.6	96960.8	-999.9
Koutiala	1999	10	13	286	21.9	30.8	22.2	-999.9	0.0	1.3	96885.3	-999.9
Koutiala	1999	10	14	287	22.3	30.1	20.8	-999.9	3.9	1.5	96935.6	-999.9
Koutiala	1999	10	15	288	22.5	30.4	21.3	-999.9	3.9	1.3	96916.4	-999.9
Koutiala	1999	10	16	289	22.1	28.6	16.7	-999.9	6.1	1.5	96885.5	-999.9
Koutiala	1999	10	17	290	21.1	29.1	22.0	-999.9	0.0	1.5	96946.1	-999.9
Koutiala	1999	10	18	291	21.5	30.4	20.8	-999.9	0.0	1.1	96982.1	-999.9
Koutiala	1999	10	19	292	22.0	30.5	20.4	-999.9	0.0	1.3	97056.5	-999.9
Koutiala	1999	10	20	293	21.5	30.4	21.4	-999.9	0.0	1.6	97060.6	-999.9
Koutiala	1999	10	21	294	22.0	31.5	20.6	-999.9	0.0	1.5	96988.2	-999.9
Koutiala	1999	10	22	295	21.5	32.4	20.6	-999.9	0.0	1.3	96973.6	-999.9
Koutiala	1999	10	23	296	20.3	32.5	23.1	-999.9	0.0	1.0	96970.7	-999.9
Koutiala	1999	10	24	297	20.7	32.1	22.2	-999.9	0.0	1.8	96888.5	-999.9
Koutiala	1999	10	25	298	22.0	31.4	20.2	-999.9	0.0	1.8	96803.4	-999.9
Koutiala	1999	10	26	299	23.3	31.3	18.8	-999.9	0.0	1.6	96877.8	-999.9
Koutiala	1999	10	27	300	22.6	29.6	16.8	-999.9	0.0	1.6	97025.9	-999.9
Koutiala	1999	10	28	301	22.6	32.6	22.2	-999.9	0.0	2.4	96856.7	-999.9
Koutiala	1999	10	29	302	18.6	33.7	23.0	-999.9	0.0	1.5	96664.8	-999.9
Koutiala	1999	10	30	303	21.0	31.4	19.2	-999.9	0.0	1.6	96833.6	-999.9
Koutiala	1999	10	31	304	21.9	31.4	19.6	-999.9	0.0	1.4	96895.7	-999.9
Koutiala	1999	11	1	305	21.1	32.6	21.2	-999.9	0.0	1.6	96901.7	-999.9
Koutiala	1999	11	2	306	19.9	33.1	22.6	-999.9	0.0	1.8	96939.5	-999.9
Koutiala	1999	11	3	307	19.6	32.8	22.4	-999.9	0.0	1.4	96951.8	-999.9
Koutiala	1999	11	4	308	19.1	32.8	21.9	-999.9	0.0	1.4	96928.5	-999.9
Koutiala	1999	11	5	309	20.1	32.6	19.7	-999.9	0.0	1.7	96878.6	-999.9
Koutiala	1999	11	6	310	20.4	33.2	21.5	-999.9	0.0	2.4	96941.1	-999.9
Koutiala	1999	11	7	311	19.1	32.9	22.4	-999.9	0.0	2.2	96909.4	-999.9
Koutiala	1999	11	8	312	17.6	32.5	22.4	-999.9	0.0	1.7	96873.4	-999.9
Koutiala	1999	11	9	313	17.2	31.9	20.6	-999.9	1.9	1.7	96832.3	-999.9
Koutiala	1999	11	10	314	18.3	31.6	21.5	-999.9	0.0	1.6	96883.3	-999.9
Koutiala	1999	11	11	315	19.3	31.5	19.1	-999.9	0.0	1.4	96980.0	-999.9
Koutiala	1999	11	12	316	20.4	32.5	20.7	-999.9	0.0	1.6	97005.0	-999.9
Koutiala	1999	11	13	317	20.8	33.2	21.4	-999.9	0.0	2.4	96922.9	-999.9
Koutiala	1999	11	14	318	19.5	33.3	21.5	-999.9	0.0	1.9	96800.2	-999.9
Koutiala	1999	11	15	319	19.2	33.1	20.6	-999.9	0.0	1.1	96742.9	-999.9
Koutiala	1999	11	16	320	19.3	32.8	20.7	-999.9	0.0	1.6	96786.6	-999.9
Koutiala	1999	11	17	321	21.2	32.0	19.0	-999.9	0.0	1.8	96914.8	-999.9
Koutiala	1999	11	18	322	20.9	31.2	18.4	-999.9	0.0	1.5	96922.8	-999.9
Koutiala	1999	11	19	323	22.2	31.6	17.6	-999.9	0.0	1.8	96842.4	-999.9
Koutiala	1999	11	20	324	21.4	32.7	20.6	-999.9	0.0	1.9	96751.9	-999.9
Koutiala	1999	11	21	325	21.1	32.9	21.0	-999.9	0.0	2.1	96742.9	-999.9
Koutiala	1999	11	22	326	19.7	32.9	20.9	-999.9	0.0	2.4	96810.4	-999.9
Koutiala	1999	11	23	327	19.6	32.4	21.1	-999.9	0.0	2.7	96742.3	-999.9
Koutiala	1999	11	24	328	17.5	32.7	21.5	-999.9	0.0	2.4	96732.5	-999.9
Koutiala	1999	11	25	329	18.4	32.8	21.1	-999.9	0.0	2.1	96749.2	-999.9
Koutiala	1999	11	26	330	18.5	33.0	21.0	-999.9	0.0	2.0	96788.2	-999.9
Koutiala	1999	11	27	331	20.5	33.3	20.9	-999.9	0.0	2.4	96794.3	-999.9
Koutiala	1999	11	28	332	18.3	32.2	20.2	-999.9	0.0	1.4	96955.0	-999.9
Koutiala	1999	11	29	333	20.5	32.5	20.4	-999.9	0.0	2.0	96998.2	-999.9
Koutiala	1999	11	30	334	19.9	32.3	20.7	-999.9	0.0	2.3	96916.8	-999.9
Koutiala	1999	12	1	335	18.2	32.2	20.8	-999.9	0.0	2.2	96903.4	-999.9
Koutiala	1999	12	2	336	18.8	32.4	20.9	-999.9	0.0	2.5	96925.9	-999.9
Koutiala	1999	12	3	337	18.9	32.3	20.9	-999.9	0.0	2.5	96943.8	-999.9
Koutiala	1999	12	4	338	17.9	31.7	20.4	-999.9	0.0	2.2	96958.0	-999.9
Koutiala	1999	12	5	339	16.9	32.1	20.9	-999.9	0.0	2.2	96987.8	-999.9
Koutiala	1999	12	6	340	17.2	31.8	21.0	-999.9	0.0	2.2	96972.8	-999.9
Koutiala	1999	12	7	341	17.5	32.0	20.8	-999.9	0.0	2.0	97016.6	-999.9
Koutiala	1999	12	8	342	17.5	32.0	20.8	-999.9	0.0	2.1	97110.4	-999.9
Koutiala	1999	12	9	343	16.9	31.5	20.9	-999.9	0.0	2.3	97092.0	-999.9
Koutiala	1999	12	10	344	16.8	31.4	20.7	-999.9	0.0	2.1	97002.4	-999.9
Koutiala	1999	12	11	345	17.8	31.6	20.6	-999.9	0.0	2.4	97059.7	-999.9
Koutiala	1999	12	12	346	18.5	31.4	20.8	-999.9	0.0	2.6	97112.2	-999.9
Koutiala	1999	12	13	347	16.8	31.1	20.9	-999.9	0.0	2.5	97160.6	-999.9
Koutiala	1999	12	14	348	17.1	31.4	20.9	-999.9	0.0	2.4	97076.9	-999.9
Koutiala	1999	12	15	349	16.3	30.6	20.7	-999.9	0.0	2.3	96946.0	-999.9
Koutiala	1999	12	16	350	15.2	30.7	20.7	-999.9	0.0	1.9	96816.5	-999.9
Koutiala	1999	12	17	351	16.1	31.1	20.5	-999.9	0.0	1.9	96830.0	-999.9
Koutiala	1999	12	18	352	17.5	30.7	20.4	-999.9	0.0	2.9	96929.1	-999.9
Koutiala	1999	12	19	353	15.1	27.4	20.6	-999.9	0.0	3.0	97016.1	-999.9
Koutiala	1999	12	20	354	13.5	27.4	20.6	-999.9	0.0	2.6	96987.7	-999.9
Koutiala	1999	12	21	355	14.2	27.8	20.3	-999.9	0.0	2.4	96962.1	-999.9
Koutiala	1999	12	22	356	14.9	29.7	20.5	-999.9	0.0	2.2	96971.0	-999.9
Koutiala	1999	12	23	357	15.8	30.8	19.6	-999.9	0.0	2.1	96882.4	-999.9
Koutiala	1999	12	24	358	17.7	32.4	19.6	-999.9	0.0	1.9	96841.9	-999.9
Koutiala	1999	12	25	359	18.0	32.1	20.3	-999.9	0.0	2.6	96911.2	-999.9
Koutiala	1999	12	26	360	18.4	30.4	18.7	-999.9	0.0	3.1	97075.6	-999.9
Koutiala	1999	12	27	361	18.2	30.5	19.0	-999.9	0.0	2.6	97164.8	-999.9
Koutiala	1999	12	28	362	17.2	30.6	20.6	-999.9	0.0	2.2	97067.8	-999.9
Koutiala	1999	12	29	363	16.8	31.3	20.6	-999.9	0.0	2.0	96903.2	-999.9
Koutiala	1999	12	30	364	14.5	31.7	20.6	-999.9	0.0	1.8	96691.1	-999.9
Koutiala	1999	12	31	365	15.1	33.0	20.5	-999.9	0.0	1.5	96511.9	-999.9
