Koutiala	2012	1	1	1	14.8	29.7	20.6	-999.9	0.6	2.4	97243.0	-999.9
Koutiala	2012	1	2	2	16.4	31.9	20.5	-999.9	0.0	2.7	97224.4	-999.9
Koutiala	2012	1	3	3	18.0	32.1	20.5	-999.9	0.0	2.8	97172.2	-999.9
Koutiala	2012	1	4	4	17.4	31.9	20.6	-999.9	0.0	2.6	97148.3	-999.9
Koutiala	2012	1	5	5	17.4	31.4	20.7	-999.9	0.0	2.6	97187.9	-999.9
Koutiala	2012	1	6	6	17.3	31.2	20.7	-999.9	0.0	2.5	97175.1	-999.9
Koutiala	2012	1	7	7	16.8	31.0	20.7	-999.9	0.0	2.3	97148.0	-999.9
Koutiala	2012	1	8	8	15.6	31.0	21.1	-999.9	0.0	2.2	97052.2	-999.9
Koutiala	2012	1	9	9	16.0	32.0	21.3	-999.9	0.0	2.1	97013.8	-999.9
Koutiala	2012	1	10	10	17.1	32.9	21.1	-999.9	0.0	2.5	97036.3	-999.9
Koutiala	2012	1	11	11	17.8	33.7	21.0	-999.9	0.0	2.7	97058.0	-999.9
Koutiala	2012	1	12	12	18.9	31.9	21.2	-999.9	0.0	3.0	97182.7	-999.9
Koutiala	2012	1	13	13	17.3	30.8	21.4	-999.9	0.0	3.0	97268.5	-999.9
Koutiala	2012	1	14	14	16.3	29.9	21.5	-999.9	0.0	3.2	97252.9	-999.9
Koutiala	2012	1	15	15	15.3	29.6	21.7	-999.9	0.0	2.8	97220.4	-999.9
Koutiala	2012	1	16	16	14.8	30.2	21.7	-999.9	0.0	2.5	97095.2	-999.9
Koutiala	2012	1	17	17	14.5	31.5	21.3	-999.9	0.0	2.1	96926.5	-999.9
Koutiala	2012	1	18	18	17.2	31.4	21.3	-999.9	0.0	2.1	96899.5	-999.9
Koutiala	2012	1	19	19	17.3	30.8	21.1	-999.9	0.0	2.4	96890.5	-999.9
Koutiala	2012	1	20	20	15.5	28.0	21.2	-999.9	0.0	3.0	96993.4	-999.9
Koutiala	2012	1	21	21	14.4	27.1	21.1	-999.9	0.0	2.9	97138.7	-999.9
Koutiala	2012	1	22	22	15.4	28.5	20.0	-999.9	0.0	2.4	97099.5	-999.9
Koutiala	2012	1	23	23	16.6	29.8	20.1	-999.9	0.0	2.8	97105.6	-999.9
Koutiala	2012	1	24	24	16.9	30.7	21.0	-999.9	0.0	2.6	97078.9	-999.9
Koutiala	2012	1	25	25	17.3	32.0	21.1	-999.9	0.0	2.4	96957.6	-999.9
Koutiala	2012	1	26	26	17.8	32.6	21.2	-999.9	0.0	2.4	96848.7	-999.9
Koutiala	2012	1	27	27	18.5	32.3	21.4	-999.9	0.0	2.8	96903.6	-999.9
Koutiala	2012	1	28	28	17.7	33.3	21.5	-999.9	0.0	2.4	96860.2	-999.9
Koutiala	2012	1	29	29	19.0	34.3	21.5	-999.9	0.0	2.6	96781.8	-999.9
Koutiala	2012	1	30	30	19.6	33.8	21.0	-999.9	0.0	2.6	96800.2	-999.9
Koutiala	2012	1	31	31	19.6	33.4	21.7	-999.9	0.0	2.9	96888.2	-999.9
Koutiala	2012	2	1	32	19.1	33.6	21.6	-999.9	0.0	2.9	96927.2	-999.9
Koutiala	2012	2	2	33	18.6	33.0	21.7	-999.9	0.0	2.8	96962.7	-999.9
Koutiala	2012	2	3	34	19.3	32.9	20.2	-999.9	0.0	2.8	96964.7	-999.9
Koutiala	2012	2	4	35	18.9	34.4	22.0	-999.9	0.5	2.7	96851.1	-999.9
Koutiala	2012	2	5	36	20.0	32.8	21.9	-999.9	0.0	3.6	96938.4	-999.9
Koutiala	2012	2	6	37	18.4	26.6	18.2	-999.9	0.0	3.9	97137.1	-999.9
Koutiala	2012	2	7	38	15.8	25.6	14.3	-999.9	0.0	2.5	97049.2	-999.9
Koutiala	2012	2	8	39	15.7	29.3	21.4	-999.9	0.0	2.3	96941.8	-999.9
Koutiala	2012	2	9	40	16.2	31.3	21.8	-999.9	0.0	2.1	96908.1	-999.9
Koutiala	2012	2	10	41	17.7	32.6	21.4	-999.9	0.0	2.3	96834.2	-999.9
Koutiala	2012	2	11	42	19.5	32.1	20.4	-999.9	0.0	2.8	96872.8	-999.9
Koutiala	2012	2	12	43	18.8	32.6	20.5	-999.9	0.0	2.7	96851.9	-999.9
Koutiala	2012	2	13	44	19.1	33.6	22.1	-999.9	0.0	2.7	96869.8	-999.9
Koutiala	2012	2	14	45	19.1	33.4	21.9	-999.9	0.0	2.8	96885.0	-999.9
Koutiala	2012	2	15	46	20.4	35.2	22.6	-999.9	0.0	2.8	96836.4	-999.9
Koutiala	2012	2	16	47	21.2	35.4	22.7	-999.9	0.0	3.2	96794.6	-999.9
Koutiala	2012	2	17	48	21.7	36.4	22.9	-999.9	0.0	2.8	96714.8	-999.9
Koutiala	2012	2	18	49	20.4	36.7	22.9	-999.9	0.0	1.9	96602.7	-999.9
Koutiala	2012	2	19	50	20.4	36.6	22.8	-999.9	0.0	1.9	96503.8	-999.9
Koutiala	2012	2	20	51	20.3	35.5	22.8	-999.9	0.0	1.8	96656.3	-999.9
Koutiala	2012	2	21	52	22.4	34.2	22.4	-999.9	0.0	3.1	96818.6	-999.9
Koutiala	2012	2	22	53	21.1	32.4	22.5	-999.9	0.0	3.0	96834.5	-999.9
Koutiala	2012	2	23	54	21.5	33.6	21.5	-999.9	0.0	2.1	96735.4	-999.9
Koutiala	2012	2	24	55	21.5	33.4	19.0	-999.9	0.0	2.5	96836.0	-999.9
Koutiala	2012	2	25	56	21.9	35.7	23.5	-999.9	0.0	3.1	96790.6	-999.9
Koutiala	2012	2	26	57	22.0	37.1	23.7	-999.9	0.0	3.2	96656.1	-999.9
Koutiala	2012	2	27	58	22.8	37.5	23.8	-999.9	0.0	2.7	96632.1	-999.9
Koutiala	2012	2	28	59	21.5	37.8	23.8	-999.9	0.0	2.6	96662.9	-999.9
Koutiala	2012	2	29	60	21.8	37.9	23.9	-999.9	0.0	2.2	96658.8	-999.9
Koutiala	2012	3	1	61	21.8	36.0	24.1	-999.9	0.0	2.6	96765.9	-999.9
Koutiala	2012	3	2	62	21.7	35.5	23.9	-999.9	0.0	2.7	96828.0	-999.9
Koutiala	2012	3	3	63	21.5	35.4	24.2	-999.9	0.0	2.7	96856.9	-999.9
Koutiala	2012	3	4	64	21.9	36.9	24.3	-999.9	0.0	2.5	96723.6	-999.9
Koutiala	2012	3	5	65	21.8	36.1	24.2	-999.9	0.0	2.2	96666.3	-999.9
Koutiala	2012	3	6	66	24.4	35.4	21.2	-999.9	0.0	2.0	96727.9	-999.9
Koutiala	2012	3	7	67	24.7	35.4	20.1	-999.9	0.0	1.7	96749.1	-999.9
Koutiala	2012	3	8	68	25.3	36.9	22.2	-999.9	0.0	2.0	96682.5	-999.9
Koutiala	2012	3	9	69	23.8	34.1	21.6	-999.9	0.0	3.1	96868.8	-999.9
Koutiala	2012	3	10	70	22.4	33.7	23.9	-999.9	0.0	2.9	97066.5	-999.9
Koutiala	2012	3	11	71	20.2	32.1	24.9	-999.9	0.0	3.0	97075.9	-999.9
Koutiala	2012	3	12	72	18.1	32.6	25.1	-999.9	0.0	2.7	97004.7	-999.9
Koutiala	2012	3	13	73	18.6	33.8	24.8	-999.9	0.0	2.6	97012.8	-999.9
Koutiala	2012	3	14	74	19.6	35.2	25.1	-999.9	0.0	2.7	96975.3	-999.9
Koutiala	2012	3	15	75	21.4	36.8	24.7	-999.9	0.0	2.7	96934.3	-999.9
Koutiala	2012	3	16	76	22.7	38.0	25.2	-999.9	0.0	2.8	96848.0	-999.9
Koutiala	2012	3	17	77	24.1	38.3	25.2	-999.9	0.0	3.0	96738.6	-999.9
Koutiala	2012	3	18	78	24.6	38.2	25.2	-999.9	0.0	2.9	96685.3	-999.9
Koutiala	2012	3	19	79	24.2	37.9	25.2	-999.9	0.0	2.6	96670.3	-999.9
Koutiala	2012	3	20	80	23.1	38.3	25.3	-999.9	0.0	2.5	96657.0	-999.9
Koutiala	2012	3	21	81	24.6	38.4	25.5	-999.9	0.0	2.9	96584.7	-999.9
Koutiala	2012	3	22	82	23.8	38.8	25.5	-999.9	0.0	2.5	96520.9	-999.9
Koutiala	2012	3	23	83	23.8	38.8	25.8	-999.9	0.0	2.6	96538.8	-999.9
Koutiala	2012	3	24	84	20.6	38.5	26.0	-999.9	0.0	2.4	96512.8	-999.9
Koutiala	2012	3	25	85	22.9	38.6	24.7	-999.9	0.0	2.2	96472.0	-999.9
Koutiala	2012	3	26	86	26.7	37.8	23.6	-999.9	0.0	2.1	96541.7	-999.9
Koutiala	2012	3	27	87	25.4	37.9	23.2	-999.9	0.0	2.1	96577.5	-999.9
Koutiala	2012	3	28	88	26.2	38.6	24.9	-999.9	0.0	1.5	96574.9	-999.9
Koutiala	2012	3	29	89	25.3	37.6	25.2	-999.9	0.0	2.9	96743.0	-999.9
Koutiala	2012	3	30	90	24.6	39.1	25.5	-999.9	0.0	2.3	96703.1	-999.9
Koutiala	2012	3	31	91	23.9	38.0	24.5	-999.9	0.0	1.6	96651.9	-999.9
Koutiala	2012	4	1	92	27.4	38.6	23.6	-999.9	0.0	2.6	96576.9	-999.9
Koutiala	2012	4	2	93	27.1	37.7	22.9	-999.9	9.5	2.7	96645.9	-999.9
Koutiala	2012	4	3	94	24.9	36.3	21.7	-999.9	0.0	2.1	96669.9	-999.9
Koutiala	2012	4	4	95	26.5	36.6	21.1	-999.9	0.0	2.3	96664.1	-999.9
Koutiala	2012	4	5	96	25.2	36.3	17.5	-999.9	0.0	2.2	96691.7	-999.9
Koutiala	2012	4	6	97	25.2	36.5	22.0	-999.9	0.0	1.9	96662.5	-999.9
Koutiala	2012	4	7	98	24.6	40.1	25.1	-999.9	0.0	2.3	96455.7	-999.9
Koutiala	2012	4	8	99	26.3	38.1	22.6	-999.9	0.0	2.4	96400.1	-999.9
Koutiala	2012	4	9	100	26.4	35.3	16.7	-999.9	0.0	2.4	96479.1	-999.9
Koutiala	2012	4	10	101	26.4	38.9	24.2	-999.9	0.0	2.6	96429.8	-999.9
Koutiala	2012	4	11	102	28.0	38.9	24.0	-999.9	0.0	2.7	96541.2	-999.9
Koutiala	2012	4	12	103	25.6	38.0	21.9	-999.9	0.0	2.6	96585.9	-999.9
Koutiala	2012	4	13	104	25.9	33.5	18.4	-999.9	5.0	2.0	96883.6	-999.9
Koutiala	2012	4	14	105	26.0	37.0	24.9	-999.9	0.0	2.8	96805.5	-999.9
Koutiala	2012	4	15	106	26.1	37.5	25.4	-999.9	0.0	2.4	96627.3	-999.9
Koutiala	2012	4	16	107	22.7	38.0	26.3	-999.9	0.0	1.9	96577.8	-999.9
Koutiala	2012	4	17	108	22.2	37.7	25.6	-999.9	0.0	1.8	96673.8	-999.9
Koutiala	2012	4	18	109	26.7	36.9	22.9	-999.9	0.0	2.3	96733.8	-999.9
Koutiala	2012	4	19	110	24.7	35.6	22.3	-999.9	4.4	1.7	96710.9	-999.9
Koutiala	2012	4	20	111	25.1	35.2	22.5	-999.9	0.0	2.3	96859.4	-999.9
Koutiala	2012	4	21	112	25.4	36.7	23.4	-999.9	0.0	1.6	96877.7	-999.9
Koutiala	2012	4	22	113	24.7	40.0	26.1	-999.9	0.0	1.8	96758.8	-999.9
Koutiala	2012	4	23	114	25.5	38.4	24.5	-999.9	0.0	2.7	96654.1	-999.9
Koutiala	2012	4	24	115	27.9	38.9	24.3	-999.9	3.7	2.8	96607.2	-999.9
Koutiala	2012	4	25	116	25.8	37.3	23.4	-999.9	3.7	2.4	96679.2	-999.9
Koutiala	2012	4	26	117	26.7	37.0	24.7	-999.9	0.0	2.1	96782.4	-999.9
Koutiala	2012	4	27	118	27.6	38.0	24.4	-999.9	0.0	2.5	96641.1	-999.9
Koutiala	2012	4	28	119	27.5	38.2	24.1	-999.9	5.3	2.4	96594.2	-999.9
Koutiala	2012	4	29	120	27.8	36.4	21.9	-999.9	0.0	2.7	96624.6	-999.9
Koutiala	2012	4	30	121	26.0	37.2	23.9	-999.9	0.0	1.8	96649.2	-999.9
Koutiala	2012	5	1	122	26.6	37.3	24.4	-999.9	4.9	2.6	96646.1	-999.9
Koutiala	2012	5	2	123	24.2	35.8	18.7	-999.9	0.0	2.6	96734.3	-999.9
Koutiala	2012	5	3	124	25.6	38.2	25.6	-999.9	0.0	2.4	96674.8	-999.9
Koutiala	2012	5	4	125	26.2	38.3	24.8	-999.9	0.0	2.9	96687.6	-999.9
Koutiala	2012	5	5	126	26.5	37.8	24.6	-999.9	0.0	2.1	96719.8	-999.9
Koutiala	2012	5	6	127	27.1	38.8	24.1	-999.9	0.0	2.2	96670.7	-999.9
Koutiala	2012	5	7	128	27.0	39.3	24.4	-999.9	0.0	2.1	96657.4	-999.9
Koutiala	2012	5	8	129	27.7	39.3	24.5	-999.9	0.0	2.1	96569.3	-999.9
Koutiala	2012	5	9	130	27.0	38.3	25.3	-999.9	0.0	2.5	96522.9	-999.9
Koutiala	2012	5	10	131	25.7	37.5	24.1	-999.9	0.0	2.5	96666.6	-999.9
Koutiala	2012	5	11	132	25.2	36.5	24.5	-999.9	13.5	2.8	96795.3	-999.9
Koutiala	2012	5	12	133	25.2	36.3	24.6	-999.9	0.0	2.8	96738.7	-999.9
Koutiala	2012	5	13	134	26.0	36.8	24.7	-999.9	6.8	2.9	96596.9	-999.9
Koutiala	2012	5	14	135	23.8	32.3	22.8	-999.9	6.8	2.4	96792.9	-999.9
Koutiala	2012	5	15	136	24.3	32.1	20.8	-999.9	0.0	1.3	96931.4	-999.9
Koutiala	2012	5	16	137	23.6	30.6	16.9	-999.9	7.6	1.4	96993.4	-999.9
Koutiala	2012	5	17	138	25.0	33.0	22.1	-999.9	0.0	2.0	96867.1	-999.9
Koutiala	2012	5	18	139	25.2	35.9	24.5	-999.9	0.0	2.8	96685.7	-999.9
Koutiala	2012	5	19	140	26.9	36.9	25.1	-999.9	7.6	3.1	96652.3	-999.9
Koutiala	2012	5	20	141	24.6	35.9	23.8	-999.9	0.0	2.2	96796.5	-999.9
Koutiala	2012	5	21	142	25.8	36.5	24.4	-999.9	0.0	2.6	96865.4	-999.9
Koutiala	2012	5	22	143	23.9	35.2	22.3	-999.9	12.7	2.0	96896.8	-999.9
Koutiala	2012	5	23	144	24.2	36.3	24.5	-999.9	0.0	1.6	96848.8	-999.9
Koutiala	2012	5	24	145	24.4	35.8	23.5	-999.9	4.2	2.6	96845.1	-999.9
Koutiala	2012	5	25	146	25.1	34.6	22.3	-999.9	0.0	2.8	96924.9	-999.9
Koutiala	2012	5	26	147	24.4	36.1	24.8	-999.9	0.0	2.8	96889.2	-999.9
Koutiala	2012	5	27	148	25.7	37.6	24.7	-999.9	0.0	2.5	96796.6	-999.9
Koutiala	2012	5	28	149	26.4	36.7	24.6	-999.9	7.3	3.0	96801.0	-999.9
Koutiala	2012	5	29	150	25.3	34.2	17.1	-999.9	14.6	2.9	96917.5	-999.9
Koutiala	2012	5	30	151	25.5	35.2	22.3	-999.9	0.0	2.3	96946.5	-999.9
Koutiala	2012	5	31	152	25.0	33.7	22.7	-999.9	0.0	2.5	97047.2	-999.9
Koutiala	2012	6	1	153	24.4	34.7	23.3	-999.9	0.0	2.3	97064.0	-999.9
Koutiala	2012	6	2	154	25.7	36.7	24.3	-999.9	0.0	1.8	96957.4	-999.9
Koutiala	2012	6	3	155	24.0	33.5	21.0	-999.9	11.4	2.2	97028.7	-999.9
Koutiala	2012	6	4	156	25.3	35.9	24.0	-999.9	0.0	1.6	97064.1	-999.9
Koutiala	2012	6	5	157	25.5	36.1	24.3	-999.9	0.0	2.3	96968.9	-999.9
Koutiala	2012	6	6	158	24.7	35.3	23.1	-999.9	0.0	2.7	96928.0	-999.9
Koutiala	2012	6	7	159	24.0	36.0	24.3	-999.9	7.3	2.6	96989.1	-999.9
Koutiala	2012	6	8	160	23.9	35.3	22.9	-999.9	22.0	1.8	97007.4	-999.9
Koutiala	2012	6	9	161	24.5	35.4	24.3	-999.9	0.0	1.6	96956.5	-999.9
Koutiala	2012	6	10	162	25.6	36.9	23.3	-999.9	0.0	2.4	96734.9	-999.9
Koutiala	2012	6	11	163	25.3	35.4	22.4	-999.9	0.0	2.6	96709.2	-999.9
Koutiala	2012	6	12	164	24.4	33.0	18.6	-999.9	30.7	2.5	96823.0	-999.9
Koutiala	2012	6	13	165	24.1	31.4	18.5	-999.9	0.0	2.8	96913.1	-999.9
Koutiala	2012	6	14	166	23.8	32.4	22.4	-999.9	10.2	1.8	96912.6	-999.9
Koutiala	2012	6	15	167	24.6	34.2	23.3	-999.9	0.0	2.0	96870.0	-999.9
Koutiala	2012	6	16	168	23.8	33.7	24.3	-999.9	0.0	3.0	96815.0	-999.9
Koutiala	2012	6	17	169	24.2	31.5	19.8	-999.9	0.0	2.7	96935.9	-999.9
Koutiala	2012	6	18	170	23.0	31.3	22.0	-999.9	3.7	1.9	97049.0	-999.9
Koutiala	2012	6	19	171	23.6	31.7	23.7	-999.9	3.7	1.5	97080.3	-999.9
Koutiala	2012	6	20	172	23.9	32.6	24.6	-999.9	0.0	2.3	97016.5	-999.9
Koutiala	2012	6	21	173	24.6	34.2	24.6	-999.9	9.3	2.8	96818.3	-999.9
Koutiala	2012	6	22	174	23.6	32.0	21.3	-999.9	9.3	2.9	96860.0	-999.9
Koutiala	2012	6	23	175	23.9	32.3	23.0	-999.9	0.0	2.6	97123.7	-999.9
Koutiala	2012	6	24	176	24.1	32.4	24.0	-999.9	9.3	2.3	97112.5	-999.9
Koutiala	2012	6	25	177	23.0	29.8	18.2	-999.9	18.5	1.2	96979.5	-999.9
Koutiala	2012	6	26	178	23.2	31.4	22.7	-999.9	4.2	1.6	97050.4	-999.9
Koutiala	2012	6	27	179	24.1	30.2	15.6	-999.9	4.2	2.3	97133.3	-999.9
Koutiala	2012	6	28	180	23.0	31.9	19.9	-999.9	8.3	2.2	96977.8	-999.9
Koutiala	2012	6	29	181	23.4	28.1	16.9	-999.9	4.2	2.3	96955.8	-999.9
Koutiala	2012	6	30	182	22.4	29.9	18.0	-999.9	0.0	2.1	96930.8	-999.9
Koutiala	2012	7	1	183	23.0	30.7	22.6	-999.9	5.9	1.9	96864.8	-999.9
Koutiala	2012	7	2	184	23.7	30.7	17.5	-999.9	11.8	1.7	96854.3	-999.9
Koutiala	2012	7	3	185	23.3	30.7	18.9	-999.9	0.0	1.6	96920.2	-999.9
Koutiala	2012	7	4	186	22.6	28.8	14.5	-999.9	23.6	1.5	96829.8	-999.9
Koutiala	2012	7	5	187	22.2	29.4	17.6	-999.9	5.9	1.8	96806.8	-999.9
Koutiala	2012	7	6	188	22.0	29.6	19.2	-999.9	8.2	2.5	96937.9	-999.9
Koutiala	2012	7	7	189	22.7	30.6	21.3	-999.9	0.0	1.9	97019.0	-999.9
Koutiala	2012	7	8	190	22.9	31.7	22.5	-999.9	8.2	1.6	96932.0	-999.9
Koutiala	2012	7	9	191	23.2	30.3	15.7	-999.9	16.5	2.5	96816.5	-999.9
Koutiala	2012	7	10	192	23.4	31.0	19.4	-999.9	0.0	2.4	96812.5	-999.9
Koutiala	2012	7	11	193	22.7	31.7	22.9	-999.9	4.7	1.6	96919.7	-999.9
Koutiala	2012	7	12	194	23.8	30.7	19.3	-999.9	4.7	1.9	96974.2	-999.9
Koutiala	2012	7	13	195	22.6	30.9	19.0	-999.9	9.5	1.5	96985.0	-999.9
Koutiala	2012	7	14	196	23.3	33.3	23.7	-999.9	0.0	1.6	96883.6	-999.9
Koutiala	2012	7	15	197	22.9	30.0	18.2	-999.9	9.5	3.1	96832.1	-999.9
Koutiala	2012	7	16	198	22.5	27.8	16.7	-999.9	0.0	2.2	96976.9	-999.9
Koutiala	2012	7	17	199	21.9	29.3	20.4	-999.9	0.0	1.6	97180.2	-999.9
Koutiala	2012	7	18	200	23.1	30.3	22.1	-999.9	0.0	1.8	97118.1	-999.9
Koutiala	2012	7	19	201	22.9	28.2	14.3	-999.9	43.3	1.8	96982.0	-999.9
Koutiala	2012	7	20	202	22.7	29.0	18.9	-999.9	0.0	2.1	97065.7	-999.9
Koutiala	2012	7	21	203	22.4	29.1	20.2	-999.9	0.0	2.1	97280.4	-999.9
Koutiala	2012	7	22	204	22.7	29.8	18.5	-999.9	0.0	1.9	97195.4	-999.9
Koutiala	2012	7	23	205	21.7	30.0	23.2	-999.9	0.0	1.8	97049.5	-999.9
Koutiala	2012	7	24	206	23.0	29.4	18.9	-999.9	0.0	2.7	97024.2	-999.9
Koutiala	2012	7	25	207	22.5	28.1	12.7	-999.9	24.9	1.5	97053.8	-999.9
Koutiala	2012	7	26	208	22.7	29.9	21.3	-999.9	0.0	1.3	97078.2	-999.9
Koutiala	2012	7	27	209	22.3	28.9	15.4	-999.9	15.0	1.6	97036.4	-999.9
Koutiala	2012	7	28	210	22.6	29.7	20.8	-999.9	0.0	1.8	96888.5	-999.9
Koutiala	2012	7	29	211	22.6	30.0	21.1	-999.9	7.5	1.6	96892.5	-999.9
Koutiala	2012	7	30	212	22.5	29.3	20.7	-999.9	0.0	1.6	96996.5	-999.9
Koutiala	2012	7	31	213	23.3	30.6	22.9	-999.9	7.5	1.7	97027.6	-999.9
Koutiala	2012	8	1	214	22.9	30.0	17.4	-999.9	0.0	2.2	96932.0	-999.9
Koutiala	2012	8	2	215	22.6	29.1	18.1	-999.9	10.4	1.9	96970.8	-999.9
Koutiala	2012	8	3	216	22.6	29.7	21.4	-999.9	0.0	1.7	97057.0	-999.9
Koutiala	2012	8	4	217	22.6	28.5	12.9	-999.9	31.1	1.3	97016.5	-999.9
Koutiala	2012	8	5	218	22.6	28.5	16.9	-999.9	0.0	1.9	97066.8	-999.9
Koutiala	2012	8	6	219	22.4	29.2	20.8	-999.9	0.0	2.3	97134.4	-999.9
Koutiala	2012	8	7	220	23.2	29.8	17.5	-999.9	37.2	2.3	96954.8	-999.9
Koutiala	2012	8	8	221	22.0	24.2	8.3	-999.9	55.8	2.8	96764.7	-999.9
Koutiala	2012	8	9	222	21.2	29.2	18.2	-999.9	0.0	2.2	96984.0	-999.9
Koutiala	2012	8	10	223	21.8	29.0	20.7	-999.9	9.3	1.5	97089.7	-999.9
Koutiala	2012	8	11	224	21.9	29.1	18.1	-999.9	12.1	1.8	97060.0	-999.9
Koutiala	2012	8	12	225	22.1	27.9	15.4	-999.9	18.1	1.9	97071.5	-999.9
Koutiala	2012	8	13	226	22.0	28.0	18.7	-999.9	0.0	2.3	97115.0	-999.9
Koutiala	2012	8	14	227	22.4	29.6	21.5	-999.9	30.2	2.3	97019.8	-999.9
Koutiala	2012	8	15	228	22.4	27.2	10.4	-999.9	12.1	1.4	96995.5	-999.9
Koutiala	2012	8	16	229	22.0	27.7	17.8	-999.9	0.0	1.8	97113.5	-999.9
Koutiala	2012	8	17	230	21.9	28.7	21.6	-999.9	0.0	2.0	97055.2	-999.9
Koutiala	2012	8	18	231	22.4	29.8	21.9	-999.9	0.0	2.2	96838.5	-999.9
Koutiala	2012	8	19	232	22.0	28.4	14.8	-999.9	19.0	2.6	96879.3	-999.9
Koutiala	2012	8	20	233	22.3	28.3	19.0	-999.9	0.0	2.1	97079.2	-999.9
Koutiala	2012	8	21	234	21.6	29.3	22.3	-999.9	5.7	1.7	97099.3	-999.9
Koutiala	2012	8	22	235	21.9	27.9	15.9	-999.9	5.7	1.2	97044.1	-999.9
Koutiala	2012	8	23	236	21.5	29.0	21.2	-999.9	0.0	1.6	96939.8	-999.9
Koutiala	2012	8	24	237	22.0	27.9	15.5	-999.9	22.8	1.4	96997.2	-999.9
Koutiala	2012	8	25	238	21.6	28.3	18.7	-999.9	11.4	1.8	97166.8	-999.9
Koutiala	2012	8	26	239	21.9	28.8	20.1	-999.9	0.0	1.3	97199.0	-999.9
Koutiala	2012	8	27	240	21.7	30.2	24.0	-999.9	0.0	2.0	97133.4	-999.9
Koutiala	2012	8	28	241	22.8	31.1	22.8	-999.9	0.0	1.9	97014.0	-999.9
Koutiala	2012	8	29	242	23.2	29.8	20.4	-999.9	0.0	1.8	96979.4	-999.9
Koutiala	2012	8	30	243	22.2	28.9	19.3	-999.9	0.0	1.8	97045.8	-999.9
Koutiala	2012	8	31	244	21.9	28.5	19.3	-999.9	46.2	1.8	97097.1	-999.9
Koutiala	2012	9	1	245	21.9	28.0	19.6	-999.9	3.8	2.2	97165.5	-999.9
Koutiala	2012	9	2	246	21.7	28.8	19.8	-999.9	3.8	1.8	97216.6	-999.9
Koutiala	2012	9	3	247	22.5	29.0	17.8	-999.9	11.3	1.2	97166.1	-999.9
Koutiala	2012	9	4	248	22.1	28.1	17.2	-999.9	15.0	1.3	97116.1	-999.9
Koutiala	2012	9	5	249	22.3	29.0	20.8	-999.9	7.5	1.7	97045.8	-999.9
Koutiala	2012	9	6	250	21.9	26.1	10.3	-999.9	0.0	1.8	97105.5	-999.9
Koutiala	2012	9	7	251	21.3	28.2	17.9	-999.9	0.0	1.9	97223.4	-999.9
Koutiala	2012	9	8	252	21.6	30.2	24.3	-999.9	9.8	1.8	97115.6	-999.9
Koutiala	2012	9	9	253	22.3	29.4	20.6	-999.9	19.7	1.7	97057.3	-999.9
Koutiala	2012	9	10	254	22.3	30.2	23.7	-999.9	0.0	1.4	97092.7	-999.9
Koutiala	2012	9	11	255	21.7	29.8	23.4	-999.9	0.0	1.1	97054.5	-999.9
Koutiala	2012	9	12	256	22.2	30.2	22.6	-999.9	0.0	1.2	97053.4	-999.9
Koutiala	2012	9	13	257	23.1	29.7	19.0	-999.9	0.0	2.1	97052.2	-999.9
Koutiala	2012	9	14	258	21.8	30.3	24.0	-999.9	3.3	1.7	97029.7	-999.9
Koutiala	2012	9	15	259	22.9	30.5	22.7	-999.9	6.7	1.7	96939.9	-999.9
Koutiala	2012	9	16	260	22.7	26.3	11.0	-999.9	14.1	1.6	96956.7	-999.9
Koutiala	2012	9	17	261	21.5	28.8	18.6	-999.9	4.7	1.6	97001.5	-999.9
Koutiala	2012	9	18	262	21.9	28.3	16.8	-999.9	0.0	1.7	97051.8	-999.9
Koutiala	2012	9	19	263	21.7	27.0	19.1	-999.9	0.0	2.5	96997.4	-999.9
Koutiala	2012	9	20	264	21.2	28.1	19.8	-999.9	9.4	1.6	96929.2	-999.9
Koutiala	2012	9	21	265	21.9	27.6	16.0	-999.9	0.0	1.5	97011.1	-999.9
Koutiala	2012	9	22	266	21.4	28.8	19.3	-999.9	0.0	1.4	97065.7	-999.9
Koutiala	2012	9	23	267	21.7	28.7	18.1	-999.9	0.0	1.6	97126.6	-999.9
Koutiala	2012	9	24	268	21.5	29.5	21.4	-999.9	31.0	1.1	97058.1	-999.9
Koutiala	2012	9	25	269	22.1	30.5	22.4	-999.9	31.0	1.2	96935.0	-999.9
Koutiala	2012	9	26	270	22.4	31.5	23.8	-999.9	0.0	1.3	96907.0	-999.9
Koutiala	2012	9	27	271	22.4	29.9	20.3	-999.9	0.0	1.6	97028.6	-999.9
Koutiala	2012	9	28	272	22.1	29.4	21.0	-999.9	0.0	1.9	97194.2	-999.9
Koutiala	2012	9	29	273	21.9	30.6	23.5	-999.9	0.0	1.4	97155.5	-999.9
Koutiala	2012	9	30	274	23.0	32.2	23.4	-999.9	11.8	2.1	96875.0	-999.9
Koutiala	2012	10	1	275	22.7	31.3	23.1	-999.9	0.0	1.5	96901.7	-999.9
Koutiala	2012	10	2	276	23.1	29.7	19.9	-999.9	0.0	2.3	97059.4	-999.9
Koutiala	2012	10	3	277	22.0	29.7	21.0	-999.9	5.4	1.1	97105.5	-999.9
Koutiala	2012	10	4	278	22.9	30.2	21.7	-999.9	0.0	1.7	96982.4	-999.9
Koutiala	2012	10	5	279	22.9	31.6	22.3	-999.9	0.0	2.1	96838.8	-999.9
Koutiala	2012	10	6	280	23.0	32.3	23.3	-999.9	2.0	1.5	96841.9	-999.9
Koutiala	2012	10	7	281	22.3	31.0	22.2	-999.9	0.0	1.6	96843.2	-999.9
Koutiala	2012	10	8	282	22.9	31.4	22.4	-999.9	3.9	1.6	96914.4	-999.9
Koutiala	2012	10	9	283	22.3	28.7	17.6	-999.9	2.0	1.0	97010.1	-999.9
Koutiala	2012	10	10	284	21.5	30.4	22.4	-999.9	3.9	1.1	96955.9	-999.9
Koutiala	2012	10	11	285	22.5	31.9	23.3	-999.9	0.0	1.9	96857.1	-999.9
Koutiala	2012	10	12	286	23.1	31.4	22.8	-999.9	0.0	2.6	96869.9	-999.9
Koutiala	2012	10	13	287	23.4	31.2	21.9	-999.9	0.0	2.2	96839.6	-999.9
Koutiala	2012	10	14	288	23.6	30.8	21.2	-999.9	5.8	1.7	96787.0	-999.9
Koutiala	2012	10	15	289	22.8	31.7	22.3	-999.9	0.0	1.4	96758.4	-999.9
Koutiala	2012	10	16	290	23.2	31.1	21.8	-999.9	5.9	1.3	96859.7	-999.9
Koutiala	2012	10	17	291	22.5	28.4	15.4	-999.9	11.8	1.5	97014.0	-999.9
Koutiala	2012	10	18	292	22.5	30.8	21.6	-999.9	0.0	1.2	96850.0	-999.9
Koutiala	2012	10	19	293	23.5	31.5	21.2	-999.9	5.9	1.6	96756.9	-999.9
Koutiala	2012	10	20	294	22.9	30.0	17.3	-999.9	5.9	1.6	96737.0	-999.9
Koutiala	2012	10	21	295	21.8	32.1	20.6	-999.9	5.6	1.7	96657.5	-999.9
Koutiala	2012	10	22	296	22.9	31.2	20.0	-999.9	0.0	1.6	96803.8	-999.9
Koutiala	2012	10	23	297	22.9	32.2	21.9	-999.9	2.8	1.5	96892.6	-999.9
Koutiala	2012	10	24	298	20.5	33.2	22.3	-999.9	0.0	1.6	96855.6	-999.9
Koutiala	2012	10	25	299	20.2	32.8	22.7	-999.9	0.0	1.4	96787.6	-999.9
Koutiala	2012	10	26	300	21.4	32.3	19.9	-999.9	0.0	1.5	96831.8	-999.9
Koutiala	2012	10	27	301	23.3	31.0	17.9	-999.9	3.8	1.9	96873.5	-999.9
Koutiala	2012	10	28	302	22.5	32.0	20.8	-999.9	11.3	1.2	96967.2	-999.9
Koutiala	2012	10	29	303	23.1	31.7	20.8	-999.9	0.0	1.8	97008.9	-999.9
Koutiala	2012	10	30	304	22.3	32.4	21.6	-999.9	0.0	1.5	96860.2	-999.9
Koutiala	2012	10	31	305	22.6	32.3	21.8	-999.9	0.0	1.8	96827.4	-999.9
Koutiala	2012	11	1	306	21.4	33.0	20.1	-999.9	0.0	1.4	96870.5	-999.9
Koutiala	2012	11	2	307	21.0	35.1	22.4	-999.9	0.0	2.2	96766.9	-999.9
Koutiala	2012	11	3	308	19.3	33.2	22.4	-999.9	0.0	1.5	96795.6	-999.9
Koutiala	2012	11	4	309	21.6	32.7	20.1	-999.9	1.0	1.8	96840.5	-999.9
Koutiala	2012	11	5	310	22.2	32.3	20.1	-999.9	0.0	1.6	96817.4	-999.9
Koutiala	2012	11	6	311	23.1	32.7	20.0	-999.9	2.0	1.4	96834.2	-999.9
Koutiala	2012	11	7	312	23.5	32.3	19.9	-999.9	0.0	1.6	96895.9	-999.9
Koutiala	2012	11	8	313	22.5	31.2	19.4	-999.9	0.0	1.4	96829.5	-999.9
Koutiala	2012	11	9	314	23.1	31.5	19.2	-999.9	0.0	1.3	96762.2	-999.9
Koutiala	2012	11	10	315	22.3	32.9	19.9	-999.9	0.0	1.5	96726.6	-999.9
Koutiala	2012	11	11	316	20.9	32.3	19.6	-999.9	0.0	1.4	96815.7	-999.9
Koutiala	2012	11	12	317	21.2	33.0	21.0	-999.9	0.0	1.4	96813.4	-999.9
Koutiala	2012	11	13	318	21.1	33.7	20.7	-999.9	0.0	1.3	96854.8	-999.9
Koutiala	2012	11	14	319	21.6	34.0	20.6	-999.9	0.0	1.3	96788.6	-999.9
Koutiala	2012	11	15	320	22.6	32.6	18.9	-999.9	0.0	1.3	96804.5	-999.9
Koutiala	2012	11	16	321	22.4	33.0	17.2	-999.9	0.0	1.4	96790.7	-999.9
Koutiala	2012	11	17	322	22.7	34.7	20.8	-999.9	0.0	1.8	96789.9	-999.9
Koutiala	2012	11	18	323	21.0	34.0	21.3	-999.9	0.0	1.5	96797.7	-999.9
Koutiala	2012	11	19	324	20.7	33.3	20.7	-999.9	0.0	1.7	96848.6	-999.9
Koutiala	2012	11	20	325	20.2	34.4	21.2	-999.9	0.0	2.0	96868.1	-999.9
Koutiala	2012	11	21	326	20.8	34.4	20.3	-999.9	0.0	1.6	96836.9	-999.9
Koutiala	2012	11	22	327	21.8	33.9	20.9	-999.9	0.0	1.7	96737.3	-999.9
Koutiala	2012	11	23	328	20.3	33.7	20.7	-999.9	0.0	1.8	96710.7	-999.9
Koutiala	2012	11	24	329	20.5	33.2	19.9	-999.9	0.0	1.8	96811.6	-999.9
Koutiala	2012	11	25	330	20.5	33.2	20.8	-999.9	0.0	2.1	96875.2	-999.9
Koutiala	2012	11	26	331	20.4	32.1	19.2	-999.9	0.0	2.0	96980.7	-999.9
Koutiala	2012	11	27	332	20.7	32.4	20.1	-999.9	0.0	2.0	96942.9	-999.9
Koutiala	2012	11	28	333	20.1	33.8	20.3	-999.9	0.0	2.6	96849.2	-999.9
Koutiala	2012	11	29	334	19.9	34.0	20.7	-999.9	0.0	1.7	96736.8	-999.9
Koutiala	2012	11	30	335	19.6	33.4	20.5	-999.9	0.0	1.6	96571.0	-999.9
Koutiala	2012	12	1	336	20.0	31.8	20.3	-999.9	0.0	1.4	96650.1	-999.9
Koutiala	2012	12	2	337	20.7	30.7	18.6	-999.9	0.0	2.3	96934.2	-999.9
Koutiala	2012	12	3	338	20.4	30.0	19.3	-999.9	0.0	2.6	97106.5	-999.9
Koutiala	2012	12	4	339	20.6	28.9	18.3	-999.9	0.0	2.8	97106.7	-999.9
Koutiala	2012	12	5	340	17.9	28.8	20.3	-999.9	0.0	2.4	96967.6	-999.9
Koutiala	2012	12	6	341	17.3	28.7	19.4	-999.9	0.0	2.4	97023.0	-999.9
Koutiala	2012	12	7	342	17.8	29.6	20.1	-999.9	0.0	2.2	97082.1	-999.9
Koutiala	2012	12	8	343	17.5	30.8	20.6	-999.9	0.0	2.2	97072.1	-999.9
Koutiala	2012	12	9	344	20.2	30.9	18.6	-999.9	0.0	2.3	97011.2	-999.9
Koutiala	2012	12	10	345	18.5	32.3	20.5	-999.9	0.0	2.2	96895.0	-999.9
Koutiala	2012	12	11	346	18.2	32.0	20.5	-999.9	0.0	2.3	96827.9	-999.9
Koutiala	2012	12	12	347	17.4	31.7	20.4	-999.9	0.0	2.2	96787.8	-999.9
Koutiala	2012	12	13	348	18.0	31.9	20.1	-999.9	0.0	2.3	96812.6	-999.9
Koutiala	2012	12	14	349	19.9	31.6	19.7	-999.9	0.0	2.6	96869.5	-999.9
Koutiala	2012	12	15	350	19.8	30.5	18.5	-999.9	0.0	3.0	97006.8	-999.9
Koutiala	2012	12	16	351	17.9	29.8	19.7	-999.9	0.0	3.0	97001.4	-999.9
Koutiala	2012	12	17	352	17.5	30.0	19.2	-999.9	0.1	2.6	96911.9	-999.9
Koutiala	2012	12	18	353	18.8	31.0	19.0	-999.9	0.0	2.5	96917.0	-999.9
Koutiala	2012	12	19	354	19.6	29.4	16.0	-999.9	0.5	2.3	97026.1	-999.9
Koutiala	2012	12	20	355	17.1	29.7	20.3	-999.9	0.1	2.4	96990.4	-999.9
Koutiala	2012	12	21	356	15.6	29.6	20.5	-999.9	0.0	2.2	96953.2	-999.9
Koutiala	2012	12	22	357	16.1	30.9	20.3	-999.9	0.0	2.2	97012.0	-999.9
Koutiala	2012	12	23	358	17.9	31.9	20.5	-999.9	0.0	2.4	97013.3	-999.9
Koutiala	2012	12	24	359	17.1	31.6	20.6	-999.9	0.0	2.2	96980.9	-999.9
Koutiala	2012	12	25	360	17.0	32.1	20.7	-999.9	0.0	2.0	96980.4	-999.9
Koutiala	2012	12	26	361	17.5	32.1	20.6	-999.9	0.0	2.1	97052.2	-999.9
Koutiala	2012	12	27	362	17.4	31.3	20.7	-999.9	0.0	2.3	97047.2	-999.9
Koutiala	2012	12	28	363	17.0	30.4	20.6	-999.9	0.0	2.3	97042.4	-999.9
Koutiala	2012	12	29	364	15.3	29.3	20.7	-999.9	0.0	2.7	97072.9	-999.9
Koutiala	2012	12	30	365	15.8	27.4	20.8	-999.9	0.0	3.0	97185.8	-999.9
Koutiala	2012	12	31	366	14.5	28.8	21.0	-999.9	0.0	2.9	97137.4	-999.9
