Koutiala	2024	1	1	1	16.1	33.3	20.8	-999.9	0.0	2.1	97018.2	-999.9
Koutiala	2024	1	2	2	16.1	33.3	20.8	-999.9	0.0	2.1	97126.0	-999.9
Koutiala	2024	1	3	3	16.9	33.6	20.8	-999.9	0.0	1.9	97060.8	-999.9
Koutiala	2024	1	4	4	16.9	33.8	20.6	-999.9	0.0	2.1	97037.1	-999.9
Koutiala	2024	1	5	5	17.8	33.9	20.8	-999.9	0.0	2.1	96971.6	-999.9
Koutiala	2024	1	6	6	20.3	33.2	18.7	-999.9	0.6	2.3	96990.1	-999.9
Koutiala	2024	1	7	7	17.7	34.0	19.5	-999.9	0.0	2.0	96967.9	-999.9
Koutiala	2024	1	8	8	19.0	34.1	20.5	-999.9	0.0	2.1	96893.2	-999.9
Koutiala	2024	1	9	9	17.9	34.5	20.7	-999.9	0.0	2.1	96868.8	-999.9
Koutiala	2024	1	10	10	18.7	35.4	20.6	-999.9	0.0	2.1	96912.7	-999.9
Koutiala	2024	1	11	11	18.3	35.4	20.8	-999.9	0.0	2.2	96869.0	-999.9
Koutiala	2024	1	12	12	20.0	34.9	21.0	-999.9	0.0	2.7	96921.4	-999.9
Koutiala	2024	1	13	13	20.6	34.2	21.2	-999.9	0.0	2.8	97044.7	-999.9
Koutiala	2024	1	14	14	18.6	33.4	21.3	-999.9	0.0	2.3	97072.3	-999.9
Koutiala	2024	1	15	15	18.3	34.1	21.3	-999.9	0.0	2.3	97124.6	-999.9
Koutiala	2024	1	16	16	17.9	34.1	21.3	-999.9	0.0	2.1	97193.9	-999.9
Koutiala	2024	1	17	17	19.1	33.5	21.5	-999.9	0.0	2.4	97179.5	-999.9
Koutiala	2024	1	18	18	17.2	32.8	21.7	-999.9	0.0	1.7	97044.9	-999.9
Koutiala	2024	1	19	19	16.7	34.0	21.5	-999.9	0.0	1.6	97027.9	-999.9
Koutiala	2024	1	20	20	16.4	34.8	21.4	-999.9	0.0	1.7	97070.3	-999.9
Koutiala	2024	1	21	21	17.7	34.9	21.6	-999.9	0.0	2.2	97131.8	-999.9
Koutiala	2024	1	22	22	18.3	33.6	21.6	-999.9	0.0	2.5	97163.3	-999.9
Koutiala	2024	1	23	23	18.2	33.6	22.1	-999.9	0.0	2.7	97129.5	-999.9
Koutiala	2024	1	24	24	18.0	34.0	22.0	-999.9	0.0	2.7	97161.5	-999.9
Koutiala	2024	1	25	25	18.9	33.2	21.9	-999.9	0.0	3.0	97192.7	-999.9
Koutiala	2024	1	26	26	18.6	32.0	21.9	-999.9	0.0	2.8	97240.9	-999.9
Koutiala	2024	1	27	27	18.1	31.4	22.0	-999.9	0.0	2.7	97217.8	-999.9
Koutiala	2024	1	28	28	17.2	31.3	22.0	-999.9	0.0	2.3	97161.1	-999.9
Koutiala	2024	1	29	29	17.6	32.1	22.2	-999.9	0.0	2.3	97116.6	-999.9
Koutiala	2024	1	30	30	17.6	32.9	22.0	-999.9	0.0	2.4	97071.3	-999.9
Koutiala	2024	1	31	31	19.0	33.7	21.5	-999.9	0.0	2.5	97105.3	-999.9
Koutiala	2024	2	1	32	21.5	33.9	21.3	-999.9	0.5	2.8	97232.4	-999.9
Koutiala	2024	2	2	33	21.7	32.7	19.8	-999.9	0.0	3.0	97149.1	-999.9
Koutiala	2024	2	3	34	19.8	32.9	21.8	-999.9	0.0	2.6	97029.9	-999.9
Koutiala	2024	2	4	35	19.6	33.1	22.1	-999.9	0.0	2.9	97084.2	-999.9
Koutiala	2024	2	5	36	19.9	33.4	22.1	-999.9	0.0	2.9	97217.8	-999.9
Koutiala	2024	2	6	37	18.6	32.9	22.2	-999.9	0.0	3.0	97291.7	-999.9
Koutiala	2024	2	7	38	18.6	33.6	22.3	-999.9	0.0	2.7	97258.5	-999.9
Koutiala	2024	2	8	39	20.0	34.7	22.3	-999.9	0.0	2.5	97112.7	-999.9
Koutiala	2024	2	9	40	19.7	35.2	22.1	-999.9	0.0	2.0	97037.8	-999.9
Koutiala	2024	2	10	41	18.3	36.4	22.5	-999.9	0.0	2.1	96934.8	-999.9
Koutiala	2024	2	11	42	18.4	36.8	22.8	-999.9	0.0	1.9	96828.7	-999.9
Koutiala	2024	2	12	43	19.4	37.1	22.8	-999.9	0.0	2.1	96827.3	-999.9
Koutiala	2024	2	13	44	22.3	37.7	22.4	-999.9	0.0	2.4	96909.1	-999.9
Koutiala	2024	2	14	45	21.2	37.8	23.1	-999.9	0.5	2.4	96936.2	-999.9
Koutiala	2024	2	15	46	20.9	37.6	23.0	-999.9	0.0	2.6	96926.6	-999.9
Koutiala	2024	2	16	47	22.5	36.7	23.0	-999.9	0.0	2.6	96881.2	-999.9
Koutiala	2024	2	17	48	21.8	36.3	23.1	-999.9	0.0	2.2	96886.5	-999.9
Koutiala	2024	2	18	49	19.7	36.2	21.9	-999.9	0.0	2.1	96846.6	-999.9
Koutiala	2024	2	19	50	20.2	35.7	23.2	-999.9	0.0	2.9	96867.2	-999.9
Koutiala	2024	2	20	51	20.3	34.0	23.5	-999.9	0.0	2.9	96809.0	-999.9
Koutiala	2024	2	21	52	19.5	33.9	23.7	-999.9	0.0	2.7	96739.4	-999.9
Koutiala	2024	2	22	53	19.1	33.1	23.9	-999.9	0.0	2.9	96769.6	-999.9
Koutiala	2024	2	23	54	18.6	33.7	24.2	-999.9	0.0	2.6	96836.8	-999.9
Koutiala	2024	2	24	55	18.8	35.0	24.0	-999.9	0.0	2.4	96888.6	-999.9
Koutiala	2024	2	25	56	19.9	36.6	23.8	-999.9	0.0	2.1	96866.4	-999.9
Koutiala	2024	2	26	57	20.4	37.5	23.0	-999.9	0.0	1.8	96703.4	-999.9
Koutiala	2024	2	27	58	24.4	36.6	19.6	-999.9	0.0	1.6	96625.0	-999.9
Koutiala	2024	2	28	59	25.7	37.4	20.7	-999.9	0.0	1.3	96585.5	-999.9
Koutiala	2024	2	29	60	24.0	36.9	23.4	-999.9	0.0	2.0	96666.9	-999.9
Koutiala	2024	3	1	61	22.2	37.5	23.9	-999.9	0.0	1.9	96618.6	-999.9
Koutiala	2024	3	2	62	23.0	37.9	23.9	-999.9	0.0	1.9	96675.9	-999.9
Koutiala	2024	3	3	63	24.5	38.5	23.9	-999.9	0.0	1.8	96716.0	-999.9
Koutiala	2024	3	4	64	22.6	37.6	24.0	-999.9	0.0	2.2	96770.6	-999.9
Koutiala	2024	3	5	65	23.4	38.3	23.5	-999.9	0.0	2.7	96766.9	-999.9
Koutiala	2024	3	6	66	24.4	38.6	24.3	-999.9	0.0	2.5	96790.3	-999.9
Koutiala	2024	3	7	67	24.3	38.7	24.4	-999.9	0.0	2.2	96757.4	-999.9
Koutiala	2024	3	8	68	22.7	38.0	23.6	-999.9	0.0	1.5	96675.1	-999.9
Koutiala	2024	3	9	69	24.9	37.1	20.2	-999.9	0.0	1.7	96663.2	-999.9
Koutiala	2024	3	10	70	26.8	39.0	22.1	-999.9	0.0	1.6	96613.5	-999.9
Koutiala	2024	3	11	71	26.3	39.8	23.9	-999.9	0.0	2.1	96723.5	-999.9
Koutiala	2024	3	12	72	24.4	39.2	23.7	-999.9	0.0	1.9	96808.7	-999.9
Koutiala	2024	3	13	73	27.0	40.6	24.2	-999.9	0.0	2.5	96704.8	-999.9
Koutiala	2024	3	14	74	24.9	39.0	23.2	-999.9	0.0	1.9	96685.0	-999.9
Koutiala	2024	3	15	75	24.2	38.1	22.8	-999.9	0.0	1.7	96729.8	-999.9
Koutiala	2024	3	16	76	24.9	39.3	25.2	-999.9	0.0	2.7	96686.0	-999.9
Koutiala	2024	3	17	77	24.4	39.0	25.4	-999.9	0.0	2.3	96620.9	-999.9
Koutiala	2024	3	18	78	23.3	39.7	25.3	-999.9	0.0	2.4	96473.7	-999.9
Koutiala	2024	3	19	79	23.3	39.1	24.9	-999.9	0.0	2.5	96394.8	-999.9
Koutiala	2024	3	20	80	24.6	37.8	22.5	-999.9	0.0	2.2	96429.5	-999.9
Koutiala	2024	3	21	81	25.9	37.5	20.6	-999.9	0.0	1.2	96517.0	-999.9
Koutiala	2024	3	22	82	27.4	38.2	22.2	-999.9	0.0	2.0	96442.2	-999.9
Koutiala	2024	3	23	83	26.7	37.5	21.6	-999.9	0.0	2.1	96447.7	-999.9
Koutiala	2024	3	24	84	26.4	36.4	22.0	-999.9	3.4	2.2	96606.0	-999.9
Koutiala	2024	3	25	85	26.2	37.4	22.8	-999.9	0.0	2.9	96643.4	-999.9
Koutiala	2024	3	26	86	25.1	37.8	24.0	-999.9	0.0	1.5	96656.0	-999.9
Koutiala	2024	3	27	87	25.3	38.7	24.7	-999.9	0.0	1.9	96609.8	-999.9
Koutiala	2024	3	28	88	28.5	39.7	24.7	-999.9	0.0	2.1	96665.1	-999.9
Koutiala	2024	3	29	89	27.4	40.5	25.0	-999.9	0.0	1.4	96598.4	-999.9
Koutiala	2024	3	30	90	27.1	39.7	22.2	-999.9	0.0	1.6	96496.5	-999.9
Koutiala	2024	3	31	91	28.6	40.5	23.8	-999.9	0.0	2.1	96556.2	-999.9
Koutiala	2024	4	1	92	27.1	40.4	22.3	-999.9	0.0	2.2	96618.5	-999.9
Koutiala	2024	4	2	93	28.4	40.6	23.1	-999.9	0.0	2.3	96557.2	-999.9
Koutiala	2024	4	3	94	26.2	40.3	23.6	-999.9	0.0	2.2	96367.0	-999.9
Koutiala	2024	4	4	95	28.2	39.6	23.4	-999.9	0.0	2.5	96371.6	-999.9
Koutiala	2024	4	5	96	29.3	39.4	22.9	-999.9	0.0	2.5	96450.5	-999.9
Koutiala	2024	4	6	97	29.5	38.5	22.1	-999.9	2.1	2.6	96597.9	-999.9
Koutiala	2024	4	7	98	27.1	37.5	23.8	-999.9	0.0	1.9	96687.6	-999.9
Koutiala	2024	4	8	99	27.3	38.5	21.5	-999.9	0.0	2.1	96519.4	-999.9
Koutiala	2024	4	9	100	26.9	38.5	23.9	-999.9	0.0	2.4	96426.8	-999.9
Koutiala	2024	4	10	101	27.2	37.5	22.2	-999.9	2.1	2.1	96562.2	-999.9
Koutiala	2024	4	11	102	26.4	36.9	23.2	-999.9	2.1	1.6	96663.2	-999.9
Koutiala	2024	4	12	103	27.4	36.9	20.1	-999.9	0.0	2.1	96667.5	-999.9
Koutiala	2024	4	13	104	25.1	38.3	23.4	-999.9	0.0	2.2	96668.9	-999.9
Koutiala	2024	4	14	105	24.3	37.0	26.3	-999.9	0.0	2.5	96789.9	-999.9
Koutiala	2024	4	15	106	24.1	37.3	26.3	-999.9	0.0	2.8	96858.0	-999.9
Koutiala	2024	4	16	107	25.0	38.0	25.1	-999.9	0.0	2.6	96764.2	-999.9
Koutiala	2024	4	17	108	26.0	39.4	25.7	-999.9	0.0	2.5	96636.5	-999.9
Koutiala	2024	4	18	109	26.6	40.3	25.9	-999.9	0.0	2.4	96617.3	-999.9
Koutiala	2024	4	19	110	26.4	41.2	26.2	-999.9	0.0	2.0	96539.1	-999.9
Koutiala	2024	4	20	111	24.9	39.8	25.5	-999.9	0.0	1.9	96433.2	-999.9
Koutiala	2024	4	21	112	28.8	39.3	23.2	-999.9	0.7	3.1	96338.1	-999.9
Koutiala	2024	4	22	113	28.6	38.1	23.1	-999.9	0.9	2.9	96540.6	-999.9
Koutiala	2024	4	23	114	28.5	40.6	25.1	-999.9	0.0	2.1	96504.9	-999.9
Koutiala	2024	4	24	115	28.6	40.3	23.6	-999.9	0.0	2.1	96503.0	-999.9
Koutiala	2024	4	25	116	29.3	39.4	23.2	-999.9	0.0	2.0	96453.2	-999.9
Koutiala	2024	4	26	117	29.6	38.6	23.1	-999.9	0.0	2.2	96350.4	-999.9
Koutiala	2024	4	27	118	29.4	39.2	23.1	-999.9	0.0	2.3	96329.2	-999.9
Koutiala	2024	4	28	119	29.2	38.2	23.7	-999.9	3.9	2.2	96500.0	-999.9
Koutiala	2024	4	29	120	27.7	39.6	25.4	-999.9	0.0	3.5	96646.2	-999.9
Koutiala	2024	4	30	121	28.8	39.6	25.6	-999.9	0.0	3.8	96572.8	-999.9
Koutiala	2024	5	1	122	28.1	40.0	26.0	-999.9	0.0	3.1	96466.5	-999.9
Koutiala	2024	5	2	123	27.8	40.2	26.2	-999.9	0.0	2.4	96443.4	-999.9
Koutiala	2024	5	3	124	27.0	39.3	24.5	-999.9	0.0	1.7	96588.3	-999.9
Koutiala	2024	5	4	125	27.8	39.9	24.4	-999.9	0.0	1.8	96628.5	-999.9
Koutiala	2024	5	5	126	27.6	40.2	24.4	-999.9	0.0	2.1	96415.9	-999.9
Koutiala	2024	5	6	127	27.9	39.0	24.4	-999.9	0.0	2.8	96354.0	-999.9
Koutiala	2024	5	7	128	29.0	36.1	17.8	-999.9	0.0	2.3	96607.4	-999.9
Koutiala	2024	5	8	129	28.0	39.5	24.6	-999.9	0.0	1.9	96535.6	-999.9
Koutiala	2024	5	9	130	29.5	39.5	24.1	-999.9	5.3	2.4	96523.2	-999.9
Koutiala	2024	5	10	131	28.2	38.9	24.8	-999.9	0.0	2.3	96435.0	-999.9
Koutiala	2024	5	11	132	28.6	40.0	24.5	-999.9	0.0	2.9	96412.0	-999.9
Koutiala	2024	5	12	133	29.7	39.2	24.9	-999.9	0.0	3.2	96514.5	-999.9
Koutiala	2024	5	13	134	28.5	37.9	24.4	-999.9	0.0	2.7	96633.8	-999.9
Koutiala	2024	5	14	135	28.6	35.1	22.4	-999.9	0.0	2.3	96640.1	-999.9
Koutiala	2024	5	15	136	26.4	38.1	24.6	-999.9	3.5	2.1	96677.3	-999.9
Koutiala	2024	5	16	137	25.9	36.7	23.0	-999.9	5.2	1.7	96861.9	-999.9
Koutiala	2024	5	17	138	25.9	34.6	21.1	-999.9	0.8	1.6	96979.5	-999.9
Koutiala	2024	5	18	139	27.4	38.2	23.9	-999.9	0.1	1.9	96727.5	-999.9
Koutiala	2024	5	19	140	27.1	36.6	22.9	-999.9	0.7	2.5	96621.0	-999.9
Koutiala	2024	5	20	141	28.3	38.3	24.0	-999.9	0.0	2.8	96590.0	-999.9
Koutiala	2024	5	21	142	29.1	38.0	22.8	-999.9	0.0	2.3	96730.0	-999.9
Koutiala	2024	5	22	143	27.7	37.1	22.9	-999.9	6.9	1.8	96758.9	-999.9
Koutiala	2024	5	23	144	27.5	37.1	24.4	-999.9	0.0	2.4	96672.9	-999.9
Koutiala	2024	5	24	145	27.7	37.6	24.9	-999.9	0.0	2.3	96698.7	-999.9
Koutiala	2024	5	25	146	28.7	38.8	24.5	-999.9	6.9	3.0	96639.3	-999.9
Koutiala	2024	5	26	147	27.2	37.2	23.1	-999.9	0.0	2.9	96800.8	-999.9
Koutiala	2024	5	27	148	26.8	36.5	24.9	-999.9	0.0	2.1	96929.7	-999.9
Koutiala	2024	5	28	149	28.8	38.2	24.4	-999.9	10.2	2.2	96844.3	-999.9
Koutiala	2024	5	29	150	29.3	38.2	23.8	-999.9	0.0	3.0	96813.0	-999.9
Koutiala	2024	5	30	151	28.6	38.2	25.1	-999.9	0.0	2.8	96677.8	-999.9
Koutiala	2024	5	31	152	28.6	38.1	24.8	-999.9	0.0	3.6	96660.6	-999.9
Koutiala	2024	6	1	153	27.9	37.7	24.5	-999.9	3.7	2.9	96830.9	-999.9
Koutiala	2024	6	2	154	25.3	35.6	19.4	-999.9	7.4	2.5	96910.2	-999.9
Koutiala	2024	6	3	155	26.6	36.8	24.2	-999.9	7.4	2.6	96905.4	-999.9
Koutiala	2024	6	4	156	25.0	35.2	17.8	-999.9	3.7	2.1	96831.6	-999.9
Koutiala	2024	6	5	157	27.2	36.7	24.5	-999.9	0.0	2.4	96816.2	-999.9
Koutiala	2024	6	6	158	26.9	37.2	24.0	-999.9	0.0	2.7	96778.4	-999.9
Koutiala	2024	6	7	159	28.2	36.5	24.1	-999.9	16.9	2.3	96987.1	-999.9
Koutiala	2024	6	8	160	26.3	34.7	21.4	-999.9	5.6	2.4	97031.2	-999.9
Koutiala	2024	6	9	161	26.4	36.8	24.3	-999.9	5.6	2.6	96850.8	-999.9
Koutiala	2024	6	10	162	25.1	35.5	22.7	-999.9	0.0	2.5	96891.0	-999.9
Koutiala	2024	6	11	163	26.2	35.9	24.6	-999.9	0.8	2.5	96889.8	-999.9
Koutiala	2024	6	12	164	27.1	35.8	23.8	-999.9	0.3	2.4	96833.2	-999.9
Koutiala	2024	6	13	165	27.3	34.6	21.7	-999.9	0.0	1.7	96838.0	-999.9
Koutiala	2024	6	14	166	25.4	34.2	22.2	-999.9	2.8	2.3	96830.8	-999.9
Koutiala	2024	6	15	167	24.8	34.4	22.1	-999.9	20.8	2.3	96817.4	-999.9
Koutiala	2024	6	16	168	25.3	31.8	13.8	-999.9	0.0	2.2	96745.7	-999.9
Koutiala	2024	6	17	169	23.5	30.4	18.7	-999.9	0.0	2.1	96853.6	-999.9
Koutiala	2024	6	18	170	24.4	33.3	23.8	-999.9	0.0	1.8	96905.1	-999.9
Koutiala	2024	6	19	171	25.9	34.8	24.0	-999.9	13.4	2.5	96785.9	-999.9
Koutiala	2024	6	20	172	25.6	34.1	24.4	-999.9	20.2	2.3	96730.4	-999.9
Koutiala	2024	6	21	173	25.7	34.6	23.3	-999.9	13.4	2.3	96850.5	-999.9
Koutiala	2024	6	22	174	25.5	34.8	24.2	-999.9	6.7	1.9	96850.5	-999.9
Koutiala	2024	6	23	175	25.9	35.1	24.2	-999.9	0.0	2.0	96805.5	-999.9
Koutiala	2024	6	24	176	26.3	35.4	22.7	-999.9	6.7	2.4	96747.4	-999.9
Koutiala	2024	6	25	177	24.3	32.0	20.5	-999.9	0.0	2.3	96811.2	-999.9
Koutiala	2024	6	26	178	25.9	32.9	22.3	-999.9	0.0	2.5	96782.1	-999.9
Koutiala	2024	6	27	179	24.5	34.6	24.4	-999.9	13.2	2.5	96729.1	-999.9
Koutiala	2024	6	28	180	24.3	32.6	22.3	-999.9	13.2	2.4	96820.8	-999.9
Koutiala	2024	6	29	181	25.1	33.4	24.5	-999.9	0.0	2.6	96772.3	-999.9
Koutiala	2024	6	30	182	26.0	31.0	17.5	-999.9	4.4	2.1	96795.7	-999.9
Koutiala	2024	7	1	183	24.5	31.6	22.4	-999.9	6.6	1.8	96926.3	-999.9
Koutiala	2024	7	2	184	24.4	32.2	23.0	-999.9	0.0	3.2	96888.1	-999.9
Koutiala	2024	7	3	185	25.6	31.2	16.7	-999.9	19.7	4.0	96728.8	-999.9
Koutiala	2024	7	4	186	23.1	26.4	9.5	-999.9	13.1	3.0	96859.8	-999.9
Koutiala	2024	7	5	187	22.7	30.5	21.1	-999.9	0.0	1.8	96976.2	-999.9
Koutiala	2024	7	6	188	23.5	31.3	23.4	-999.9	10.6	1.8	96918.6	-999.9
Koutiala	2024	7	7	189	24.2	29.8	17.3	-999.9	5.3	2.5	96867.8	-999.9
Koutiala	2024	7	8	190	23.8	30.9	20.6	-999.9	0.0	2.6	96817.8	-999.9
Koutiala	2024	7	9	191	24.0	31.0	21.4	-999.9	21.2	2.3	96775.3	-999.9
Koutiala	2024	7	10	192	22.6	29.9	17.5	-999.9	0.0	1.8	96910.1	-999.9
Koutiala	2024	7	11	193	23.8	32.1	23.3	-999.9	13.1	2.1	96967.4	-999.9
Koutiala	2024	7	12	194	24.7	30.9	21.5	-999.9	6.5	2.5	96899.8	-999.9
Koutiala	2024	7	13	195	23.5	30.3	20.2	-999.9	6.5	1.9	96955.3	-999.9
Koutiala	2024	7	14	196	23.5	30.6	20.5	-999.9	0.0	2.3	97035.2	-999.9
Koutiala	2024	7	15	197	23.9	30.0	16.8	-999.9	19.6	2.2	97102.0	-999.9
Koutiala	2024	7	16	198	23.8	28.0	12.5	-999.9	20.0	1.4	97048.8	-999.9
Koutiala	2024	7	17	199	23.2	30.3	21.3	-999.9	10.0	1.6	97004.2	-999.9
Koutiala	2024	7	18	200	23.1	29.6	17.2	-999.9	20.0	1.6	96982.9	-999.9
Koutiala	2024	7	19	201	23.1	30.4	20.4	-999.9	0.0	2.2	96990.5	-999.9
Koutiala	2024	7	20	202	24.1	31.5	22.8	-999.9	20.0	2.5	96789.2	-999.9
Koutiala	2024	7	21	203	24.7	30.3	18.8	-999.9	9.7	2.5	96840.1	-999.9
Koutiala	2024	7	22	204	23.7	28.8	12.4	-999.9	38.7	2.1	97044.7	-999.9
Koutiala	2024	7	23	205	23.2	28.7	14.7	-999.9	0.0	1.9	97162.0	-999.9
Koutiala	2024	7	24	206	23.3	28.6	15.9	-999.9	19.3	2.0	97143.5	-999.9
Koutiala	2024	7	25	207	23.3	29.9	19.6	-999.9	0.0	2.4	97033.3	-999.9
Koutiala	2024	7	26	208	23.2	28.9	15.4	-999.9	15.7	2.5	97005.8	-999.9
Koutiala	2024	7	27	209	22.7	30.7	20.5	-999.9	0.0	2.1	96979.1	-999.9
Koutiala	2024	7	28	210	24.0	30.9	20.9	-999.9	15.7	2.2	96975.1	-999.9
Koutiala	2024	7	29	211	23.0	25.5	9.1	-999.9	0.0	2.3	96896.5	-999.9
Koutiala	2024	7	30	212	22.6	28.7	18.8	-999.9	0.0	2.8	96898.9	-999.9
Koutiala	2024	7	31	213	23.0	29.8	17.6	-999.9	0.0	2.6	96853.0	-999.9
Koutiala	2024	8	1	214	24.3	30.1	19.8	-999.9	12.7	2.3	96763.6	-999.9
Koutiala	2024	8	2	215	23.4	27.5	14.6	-999.9	12.7	2.5	96816.0	-999.9
Koutiala	2024	8	3	216	23.4	29.6	19.4	-999.9	0.0	2.4	96950.2	-999.9
Koutiala	2024	8	4	217	23.3	29.2	17.0	-999.9	25.5	2.5	97099.7	-999.9
Koutiala	2024	8	5	218	23.2	28.4	16.1	-999.9	0.0	2.1	97027.3	-999.9
Koutiala	2024	8	6	219	23.0	29.7	20.3	-999.9	15.7	2.4	96885.6	-999.9
Koutiala	2024	8	7	220	23.8	29.6	20.1	-999.9	23.6	2.7	96794.8	-999.9
Koutiala	2024	8	8	221	23.4	30.7	18.3	-999.9	23.6	2.2	96704.3	-999.9
Koutiala	2024	8	9	222	22.8	28.5	16.7	-999.9	7.9	2.2	96875.0	-999.9
Koutiala	2024	8	10	223	23.0	30.0	20.6	-999.9	15.7	2.0	96897.4	-999.9
Koutiala	2024	8	11	224	23.4	29.3	19.1	-999.9	0.0	2.8	96868.9	-999.9
Koutiala	2024	8	12	225	24.2	29.4	17.3	-999.9	63.8	2.5	96738.8	-999.9
Koutiala	2024	8	13	226	23.2	25.5	7.3	-999.9	21.3	2.2	96684.2	-999.9
Koutiala	2024	8	14	227	22.4	28.8	19.0	-999.9	0.0	3.3	96814.8	-999.9
Koutiala	2024	8	15	228	23.5	28.0	14.7	-999.9	0.0	2.7	96985.9	-999.9
Koutiala	2024	8	16	229	23.1	29.4	20.8	-999.9	16.7	2.7	96893.9	-999.9
Koutiala	2024	8	17	230	23.2	25.0	9.1	-999.9	8.3	3.2	96709.2	-999.9
Koutiala	2024	8	18	231	23.3	28.5	16.5	-999.9	0.0	3.1	96964.6	-999.9
Koutiala	2024	8	19	232	23.2	29.4	18.1	-999.9	0.0	2.1	97073.4	-999.9
Koutiala	2024	8	20	233	22.3	25.1	7.8	-999.9	16.7	1.5	96942.7	-999.9
Koutiala	2024	8	21	234	22.0	28.0	17.1	-999.9	22.1	2.6	96922.2	-999.9
Koutiala	2024	8	22	235	22.5	29.1	19.0	-999.9	0.0	2.2	96982.8	-999.9
Koutiala	2024	8	23	236	23.5	30.9	20.8	-999.9	0.8	2.2	96727.8	-999.9
Koutiala	2024	8	24	237	23.2	27.5	13.3	-999.9	22.3	1.8	96775.4	-999.9
Koutiala	2024	8	25	238	23.2	29.2	18.1	-999.9	4.1	2.7	97063.9	-999.9
Koutiala	2024	8	26	239	23.0	30.5	19.9	-999.9	0.0	2.6	96916.7	-999.9
Koutiala	2024	8	27	240	25.2	29.5	14.5	-999.9	7.5	3.0	96675.4	-999.9
Koutiala	2024	8	28	241	23.9	28.7	17.1	-999.9	10.6	2.7	96877.0	-999.9
Koutiala	2024	8	29	242	22.9	27.6	16.3	-999.9	6.6	2.7	97028.4	-999.9
Koutiala	2024	8	30	243	23.2	28.8	17.7	-999.9	9.8	2.4	96892.9	-999.9
Koutiala	2024	8	31	244	22.6	27.7	13.1	-999.9	4.5	2.1	96821.7	-999.9
Koutiala	2024	9	1	245	23.0	27.7	11.2	-999.9	0.0	2.6	96776.3	-999.9
Koutiala	2024	9	2	246	23.3	29.0	18.0	-999.9	0.0	2.7	96821.4	-999.9
Koutiala	2024	9	3	247	23.2	29.4	18.5	-999.9	9.7	2.3	96836.9	-999.9
Koutiala	2024	9	4	248	22.5	28.3	13.6	-999.9	38.9	2.8	96797.7	-999.9
Koutiala	2024	9	5	249	22.6	27.9	13.6	-999.9	9.7	3.1	96736.5	-999.9
Koutiala	2024	9	6	250	23.0	28.0	16.2	-999.9	0.0	3.2	96806.6	-999.9
Koutiala	2024	9	7	251	22.3	28.7	19.4	-999.9	0.0	2.1	96986.3	-999.9
Koutiala	2024	9	8	252	22.1	26.1	8.8	-999.9	25.5	1.6	96929.6	-999.9
Koutiala	2024	9	9	253	21.6	28.3	17.2	-999.9	6.4	1.7	97060.8	-999.9
Koutiala	2024	9	10	254	22.2	29.7	21.2	-999.9	0.0	1.7	97013.3	-999.9
Koutiala	2024	9	11	255	22.6	30.2	21.3	-999.9	3.8	1.7	96850.1	-999.9
Koutiala	2024	9	12	256	22.5	29.5	21.0	-999.9	25.4	1.8	96901.7	-999.9
Koutiala	2024	9	13	257	23.3	29.2	20.4	-999.9	1.5	2.0	97000.0	-999.9
Koutiala	2024	9	14	258	23.3	29.6	19.8	-999.9	6.3	1.3	97063.2	-999.9
Koutiala	2024	9	15	259	22.2	29.8	21.2	-999.9	4.4	1.0	96975.6	-999.9
Koutiala	2024	9	16	260	22.8	29.3	20.6	-999.9	0.0	1.5	97041.2	-999.9
Koutiala	2024	9	17	261	22.2	29.8	22.4	-999.9	0.0	1.6	96990.1	-999.9
Koutiala	2024	9	18	262	22.3	28.9	17.5	-999.9	27.3	1.0	96921.3	-999.9
Koutiala	2024	9	19	263	22.0	29.8	21.0	-999.9	13.7	1.3	96834.6	-999.9
Koutiala	2024	9	20	264	22.5	28.4	16.4	-999.9	0.0	1.4	96785.2	-999.9
Koutiala	2024	9	21	265	22.6	29.1	19.2	-999.9	0.0	1.4	96797.7	-999.9
Koutiala	2024	9	22	266	22.0	30.6	22.6	-999.9	9.8	1.0	96835.7	-999.9
Koutiala	2024	9	23	267	22.3	29.1	18.4	-999.9	9.8	1.2	96793.4	-999.9
Koutiala	2024	9	24	268	22.5	29.0	17.4	-999.9	0.0	1.9	96854.7	-999.9
Koutiala	2024	9	25	269	22.1	29.3	20.2	-999.9	19.6	1.2	96998.7	-999.9
Koutiala	2024	9	26	270	22.8	28.7	16.0	-999.9	10.7	1.2	97027.2	-999.9
Koutiala	2024	9	27	271	21.9	30.4	21.2	-999.9	10.7	1.2	96956.5	-999.9
Koutiala	2024	9	28	272	21.6	30.7	23.5	-999.9	0.0	1.2	96882.2	-999.9
Koutiala	2024	9	29	273	22.5	30.9	23.0	-999.9	0.0	1.1	96926.0	-999.9
Koutiala	2024	9	30	274	23.1	31.2	23.1	-999.9	10.7	1.3	96824.5	-999.9
Koutiala	2024	10	1	275	22.3	31.5	22.8	-999.9	0.0	1.2	96678.4	-999.9
Koutiala	2024	10	2	276	23.1	30.3	21.3	-999.9	4.3	1.2	96708.2	-999.9
Koutiala	2024	10	3	277	23.0	30.4	21.6	-999.9	0.0	1.3	96823.1	-999.9
Koutiala	2024	10	4	278	23.4	31.4	22.6	-999.9	0.0	1.9	96869.0	-999.9
Koutiala	2024	10	5	279	23.1	30.4	19.4	-999.9	16.2	2.1	96828.4	-999.9
Koutiala	2024	10	6	280	22.4	28.8	16.1	-999.9	16.5	1.2	96880.0	-999.9
Koutiala	2024	10	7	281	22.5	27.5	12.0	-999.9	24.8	1.4	96883.4	-999.9
Koutiala	2024	10	8	282	22.1	27.1	12.3	-999.9	16.5	2.5	97057.4	-999.9
Koutiala	2024	10	9	283	21.1	30.5	21.6	-999.9	0.0	1.1	97083.0	-999.9
Koutiala	2024	10	10	284	21.7	30.9	22.1	-999.9	0.0	1.3	96947.5	-999.9
Koutiala	2024	10	11	285	24.0	30.5	21.5	-999.9	0.0	1.4	97001.8	-999.9
Koutiala	2024	10	12	286	22.7	31.0	22.7	-999.9	8.7	2.2	97028.9	-999.9
Koutiala	2024	10	13	287	23.0	31.5	23.0	-999.9	8.7	2.1	96948.0	-999.9
Koutiala	2024	10	14	288	22.0	29.8	19.7	-999.9	8.7	1.6	97008.5	-999.9
Koutiala	2024	10	15	289	22.4	30.5	22.0	-999.9	0.0	1.2	96967.1	-999.9
Koutiala	2024	10	16	290	22.8	30.8	21.7	-999.9	0.0	1.5	97032.2	-999.9
Koutiala	2024	10	17	291	22.3	31.7	22.6	-999.9	18.7	1.4	97005.6	-999.9
Koutiala	2024	10	18	292	22.6	31.4	22.0	-999.9	0.0	1.4	96966.5	-999.9
Koutiala	2024	10	19	293	22.9	31.6	22.6	-999.9	0.0	1.4	96942.1	-999.9
Koutiala	2024	10	20	294	21.6	32.3	22.5	-999.9	0.0	1.5	96862.1	-999.9
Koutiala	2024	10	21	295	22.3	32.3	22.6	-999.9	0.0	1.4	96844.3	-999.9
Koutiala	2024	10	22	296	22.7	31.7	20.7	-999.9	0.0	1.1	96879.2	-999.9
Koutiala	2024	10	23	297	22.9	31.1	20.0	-999.9	23.3	1.2	96927.1	-999.9
Koutiala	2024	10	24	298	23.2	29.4	14.1	-999.9	0.0	1.1	97021.8	-999.9
Koutiala	2024	10	25	299	22.4	32.4	22.5	-999.9	0.0	1.6	96895.1	-999.9
Koutiala	2024	10	26	300	21.0	32.0	21.8	-999.9	0.0	1.4	96876.4	-999.9
Koutiala	2024	10	27	301	22.6	32.6	21.3	-999.9	0.0	1.7	96838.7	-999.9
Koutiala	2024	10	28	302	20.3	32.6	22.5	-999.9	0.0	1.7	96788.4	-999.9
Koutiala	2024	10	29	303	20.9	32.2	21.2	-999.9	0.0	1.6	96811.3	-999.9
Koutiala	2024	10	30	304	19.4	32.5	22.4	-999.9	0.0	1.6	96864.6	-999.9
Koutiala	2024	10	31	305	20.8	32.8	22.2	-999.9	0.0	1.6	96895.5	-999.9
Koutiala	2024	11	1	306	20.7	33.1	22.3	-999.9	0.0	1.4	96843.7	-999.9
Koutiala	2024	11	2	307	20.2	33.4	21.9	-999.9	0.0	1.4	96713.2	-999.9
Koutiala	2024	11	3	308	21.1	33.4	22.2	-999.9	0.0	1.7	96899.0	-999.9
Koutiala	2024	11	4	309	19.6	32.6	22.4	-999.9	0.0	1.9	97005.4	-999.9
Koutiala	2024	11	5	310	18.9	32.6	22.6	-999.9	0.0	2.4	96879.6	-999.9
Koutiala	2024	11	6	311	17.5	31.7	22.6	-999.9	0.0	2.2	96783.3	-999.9
Koutiala	2024	11	7	312	18.2	32.0	22.4	-999.9	0.0	1.9	96886.9	-999.9
Koutiala	2024	11	8	313	18.7	32.1	22.4	-999.9	0.0	2.0	97005.8	-999.9
Koutiala	2024	11	9	314	19.4	32.5	22.0	-999.9	0.0	2.1	97009.0	-999.9
Koutiala	2024	11	10	315	20.6	32.6	22.0	-999.9	0.0	2.1	96909.1	-999.9
Koutiala	2024	11	11	316	19.6	32.3	22.0	-999.9	0.0	2.0	96800.4	-999.9
Koutiala	2024	11	12	317	18.9	32.4	21.7	-999.9	0.0	1.7	96765.5	-999.9
Koutiala	2024	11	13	318	19.4	32.2	19.5	-999.9	0.0	1.6	96807.9	-999.9
Koutiala	2024	11	14	319	20.0	33.1	20.4	-999.9	0.0	1.5	96803.4	-999.9
Koutiala	2024	11	15	320	21.7	34.1	21.3	-999.9	0.0	1.8	96752.1	-999.9
Koutiala	2024	11	16	321	20.1	33.9	20.7	-999.9	0.0	1.8	96802.4	-999.9
Koutiala	2024	11	17	322	19.2	33.2	22.0	-999.9	0.0	2.1	96819.4	-999.9
Koutiala	2024	11	18	323	18.6	32.0	21.8	-999.9	0.0	2.3	96845.6	-999.9
Koutiala	2024	11	19	324	17.3	32.0	21.7	-999.9	0.0	2.1	96966.7	-999.9
Koutiala	2024	11	20	325	18.0	31.9	21.5	-999.9	0.0	2.4	97077.1	-999.9
Koutiala	2024	11	21	326	18.7	32.3	21.6	-999.9	0.0	2.3	96991.4	-999.9
Koutiala	2024	11	22	327	16.2	32.1	21.6	-999.9	0.0	2.1	96973.1	-999.9
Koutiala	2024	11	23	328	15.9	32.2	21.6	-999.9	0.0	2.3	96972.1	-999.9
Koutiala	2024	11	24	329	16.7	32.8	21.5	-999.9	0.0	2.3	97028.4	-999.9
Koutiala	2024	11	25	330	19.1	33.3	20.9	-999.9	0.0	2.4	97050.9	-999.9
Koutiala	2024	11	26	331	18.7	32.8	20.9	-999.9	0.0	2.3	97051.4	-999.9
Koutiala	2024	11	27	332	18.7	32.3	21.0	-999.9	0.0	2.2	97026.8	-999.9
Koutiala	2024	11	28	333	17.6	30.9	21.3	-999.9	0.0	2.4	97089.2	-999.9
Koutiala	2024	11	29	334	17.4	30.3	21.2	-999.9	0.0	2.3	97158.7	-999.9
Koutiala	2024	11	30	335	17.0	29.9	21.0	-999.9	0.0	2.2	97189.9	-999.9
Koutiala	2024	12	1	336	16.7	30.2	20.9	-999.9	0.0	2.1	97029.5	-999.9
Koutiala	2024	12	2	337	16.0	30.7	21.0	-999.9	0.0	2.0	96948.4	-999.9
Koutiala	2024	12	3	338	16.5	31.8	20.1	-999.9	0.0	2.1	96922.5	-999.9
Koutiala	2024	12	4	339	20.3	31.6	20.7	-999.9	0.0	2.6	96990.4	-999.9
Koutiala	2024	12	5	340	17.4	30.6	21.0	-999.9	0.0	2.6	97043.6	-999.9
Koutiala	2024	12	6	341	17.2	30.3	20.7	-999.9	0.0	2.5	96976.1	-999.9
Koutiala	2024	12	7	342	17.0	29.8	20.3	-999.9	0.0	2.5	97006.7	-999.9
Koutiala	2024	12	8	343	16.6	30.2	20.7	-999.9	0.0	2.2	96991.2	-999.9
Koutiala	2024	12	9	344	16.9	30.7	20.5	-999.9	0.0	2.1	96975.7	-999.9
Koutiala	2024	12	10	345	16.8	31.1	18.0	-999.9	0.7	1.8	96931.1	-999.9
Koutiala	2024	12	11	346	17.7	32.7	20.1	-999.9	0.0	1.9	96898.0	-999.9
Koutiala	2024	12	12	347	19.1	33.0	20.1	-999.9	0.0	2.1	96823.5	-999.9
Koutiala	2024	12	13	348	18.9	33.7	20.2	-999.9	0.0	2.5	96903.6	-999.9
Koutiala	2024	12	14	349	20.9	33.1	20.6	-999.9	0.0	2.7	96911.4	-999.9
Koutiala	2024	12	15	350	18.1	32.0	20.8	-999.9	0.0	2.5	96988.6	-999.9
Koutiala	2024	12	16	351	17.9	31.6	20.8	-999.9	0.0	2.3	97086.7	-999.9
Koutiala	2024	12	17	352	16.7	30.6	20.8	-999.9	0.0	2.3	97114.3	-999.9
Koutiala	2024	12	18	353	15.9	30.1	20.5	-999.9	0.0	2.6	97173.4	-999.9
Koutiala	2024	12	19	354	17.0	28.6	20.7	-999.9	0.0	2.8	97256.9	-999.9
Koutiala	2024	12	20	355	15.8	28.0	20.7	-999.9	0.0	2.5	97252.2	-999.9
Koutiala	2024	12	21	356	15.3	28.7	20.5	-999.9	0.0	2.1	97143.0	-999.9
Koutiala	2024	12	22	357	14.9	29.8	20.4	-999.9	0.0	1.9	97080.9	-999.9
Koutiala	2024	12	23	358	16.6	31.0	19.6	-999.9	0.0	1.9	96937.6	-999.9
Koutiala	2024	12	24	359	18.0	31.7	20.1	-999.9	0.0	2.0	96914.3	-999.9
Koutiala	2024	12	25	360	16.6	30.3	20.5	-999.9	0.0	2.4	97035.6	-999.9
Koutiala	2024	12	26	361	15.6	30.5	20.8	-999.9	0.0	2.4	97070.1	-999.9
Koutiala	2024	12	27	362	16.4	30.8	20.6	-999.9	0.0	2.3	97019.1	-999.9
Koutiala	2024	12	28	363	15.3	30.9	20.8	-999.9	0.0	2.3	97066.8	-999.9
Koutiala	2024	12	29	364	15.5	31.1	20.7	-999.9	0.0	2.3	97016.3	-999.9
Koutiala	2024	12	30	365	16.2	30.4	20.8	-999.9	0.0	2.4	97026.1	-999.9
Koutiala	2024	12	31	366	16.6	30.0	20.6	-999.9	0.0	2.5	97029.8	-999.9
