Koutiala	1996	1	1	1	16.8	32.5	21.2	-999.9	0.0	2.5	96987.5	-999.9
Koutiala	1996	1	2	2	16.8	32.2	17.9	-999.9	0.0	2.1	96977.6	-999.9
Koutiala	1996	1	3	3	16.0	33.5	20.9	-999.9	0.0	2.2	96989.2	-999.9
Koutiala	1996	1	4	4	17.1	33.6	20.9	-999.9	0.0	2.1	96932.4	-999.9
Koutiala	1996	1	5	5	17.8	33.5	20.9	-999.9	0.0	2.0	96813.6	-999.9
Koutiala	1996	1	6	6	16.9	33.7	20.8	-999.9	0.0	2.0	96767.7	-999.9
Koutiala	1996	1	7	7	17.1	33.7	20.1	-999.9	0.0	2.4	96885.3	-999.9
Koutiala	1996	1	8	8	19.0	33.4	21.2	-999.9	0.0	2.7	97044.2	-999.9
Koutiala	1996	1	9	9	17.8	33.1	21.4	-999.9	0.0	2.5	97091.7	-999.9
Koutiala	1996	1	10	10	17.1	32.8	21.4	-999.9	0.0	2.4	97026.9	-999.9
Koutiala	1996	1	11	11	16.4	31.9	21.4	-999.9	0.0	2.5	96905.4	-999.9
Koutiala	1996	1	12	12	16.5	31.4	21.4	-999.9	0.0	2.4	96843.9	-999.9
Koutiala	1996	1	13	13	15.0	31.1	21.4	-999.9	0.0	2.1	96800.6	-999.9
Koutiala	1996	1	14	14	15.1	31.6	21.3	-999.9	0.0	2.0	96805.6	-999.9
Koutiala	1996	1	15	15	16.7	33.2	21.1	-999.9	0.0	2.1	96659.0	-999.9
Koutiala	1996	1	16	16	17.9	33.6	18.6	-999.9	0.0	1.7	96561.6	-999.9
Koutiala	1996	1	17	17	23.5	31.4	13.2	-999.9	0.0	1.3	96636.3	-999.9
Koutiala	1996	1	18	18	22.2	31.5	15.6	-999.9	0.0	2.5	96696.4	-999.9
Koutiala	1996	1	19	19	21.4	32.3	19.4	-999.9	0.0	2.1	96802.4	-999.9
Koutiala	1996	1	20	20	20.9	32.5	20.1	-999.9	0.0	2.5	96678.7	-999.9
Koutiala	1996	1	21	21	20.2	33.5	20.8	-999.9	0.0	2.2	96611.0	-999.9
Koutiala	1996	1	22	22	20.9	34.3	21.0	-999.9	0.0	2.3	96676.4	-999.9
Koutiala	1996	1	23	23	21.7	35.3	21.0	-999.9	0.0	2.4	96768.4	-999.9
Koutiala	1996	1	24	24	21.6	35.6	21.1	-999.9	0.0	2.2	96776.6	-999.9
Koutiala	1996	1	25	25	21.2	35.5	21.2	-999.9	0.0	2.2	96682.2	-999.9
Koutiala	1996	1	26	26	20.6	33.9	21.3	-999.9	0.0	2.2	96668.8	-999.9
Koutiala	1996	1	27	27	20.9	35.8	21.4	-999.9	0.0	2.2	96572.7	-999.9
Koutiala	1996	1	28	28	20.1	36.7	21.5	-999.9	0.0	2.5	96624.1	-999.9
Koutiala	1996	1	29	29	24.3	36.7	21.5	-999.9	0.0	3.2	96645.0	-999.9
Koutiala	1996	1	30	30	22.8	36.4	21.6	-999.9	0.0	2.6	96665.4	-999.9
Koutiala	1996	1	31	31	22.7	35.6	21.6	-999.9	0.0	2.9	96673.6	-999.9
Koutiala	1996	2	1	32	22.6	34.7	21.7	-999.9	0.0	3.1	96704.9	-999.9
Koutiala	1996	2	2	33	22.2	34.9	21.8	-999.9	0.0	2.7	96710.3	-999.9
Koutiala	1996	2	3	34	20.4	35.3	21.7	-999.9	0.0	1.7	96660.2	-999.9
Koutiala	1996	2	4	35	22.0	36.0	21.8	-999.9	0.0	2.1	96546.7	-999.9
Koutiala	1996	2	5	36	21.8	35.5	21.9	-999.9	0.0	2.1	96629.8	-999.9
Koutiala	1996	2	6	37	22.8	36.2	22.2	-999.9	0.0	3.0	96731.3	-999.9
Koutiala	1996	2	7	38	21.0	34.4	22.4	-999.9	0.0	2.6	96743.3	-999.9
Koutiala	1996	2	8	39	18.9	34.3	22.5	-999.9	0.0	2.2	96766.7	-999.9
Koutiala	1996	2	9	40	19.0	35.1	22.7	-999.9	0.0	2.0	96756.6	-999.9
Koutiala	1996	2	10	41	19.5	35.6	22.5	-999.9	0.0	2.0	96717.3	-999.9
Koutiala	1996	2	11	42	20.7	36.0	21.7	-999.9	0.0	1.7	96714.4	-999.9
Koutiala	1996	2	12	43	20.9	35.8	22.4	-999.9	0.0	2.5	96685.8	-999.9
Koutiala	1996	2	13	44	19.3	34.4	22.5	-999.9	0.0	2.6	96689.4	-999.9
Koutiala	1996	2	14	45	21.0	34.4	22.0	-999.9	0.0	1.8	96627.5	-999.9
Koutiala	1996	2	15	46	22.2	33.5	17.7	-999.9	0.0	1.4	96744.2	-999.9
Koutiala	1996	2	16	47	25.0	35.1	20.6	-999.9	0.0	2.2	96705.6	-999.9
Koutiala	1996	2	17	48	21.3	36.4	22.6	-999.9	0.0	2.2	96603.3	-999.9
Koutiala	1996	2	18	49	23.2	36.5	23.1	-999.9	0.0	3.1	96660.1	-999.9
Koutiala	1996	2	19	50	22.7	35.0	23.3	-999.9	0.0	3.1	96816.8	-999.9
Koutiala	1996	2	20	51	20.8	34.8	23.7	-999.9	0.0	2.9	96842.3	-999.9
Koutiala	1996	2	21	52	20.5	35.0	23.5	-999.9	0.0	2.5	96819.9	-999.9
Koutiala	1996	2	22	53	20.9	35.4	23.8	-999.9	0.0	2.7	96846.9	-999.9
Koutiala	1996	2	23	54	21.0	36.1	23.8	-999.9	0.0	3.0	96785.1	-999.9
Koutiala	1996	2	24	55	21.4	37.2	23.8	-999.9	0.0	2.4	96705.7	-999.9
Koutiala	1996	2	25	56	20.9	38.0	23.8	-999.9	0.0	2.2	96619.5	-999.9
Koutiala	1996	2	26	57	23.7	37.1	21.1	-999.9	0.0	2.2	96529.9	-999.9
Koutiala	1996	2	27	58	22.7	35.5	22.8	-999.9	0.0	3.2	96520.6	-999.9
Koutiala	1996	2	28	59	21.5	34.5	23.8	-999.9	0.0	2.7	96626.3	-999.9
Koutiala	1996	2	29	60	20.8	34.5	23.8	-999.9	0.0	2.8	96775.2	-999.9
Koutiala	1996	3	1	61	21.0	35.2	23.9	-999.9	0.0	2.7	96809.0	-999.9
Koutiala	1996	3	2	62	22.3	36.1	23.5	-999.9	0.0	2.2	96702.6	-999.9
Koutiala	1996	3	3	63	21.0	37.3	22.1	-999.9	0.0	1.7	96585.1	-999.9
Koutiala	1996	3	4	64	25.1	38.1	22.5	-999.9	0.0	2.0	96509.3	-999.9
Koutiala	1996	3	5	65	24.3	38.0	22.6	-999.9	0.0	1.5	96586.3	-999.9
Koutiala	1996	3	6	66	27.2	36.8	19.6	-999.9	0.0	2.9	96606.0	-999.9
Koutiala	1996	3	7	67	26.1	36.2	17.0	-999.9	0.0	1.8	96489.1	-999.9
Koutiala	1996	3	8	68	26.0	37.1	21.9	-999.9	0.0	2.3	96511.6	-999.9
Koutiala	1996	3	9	69	26.7	35.6	22.3	-999.9	0.0	3.7	96803.1	-999.9
Koutiala	1996	3	10	70	24.9	34.4	22.6	-999.9	0.0	3.5	96845.7	-999.9
Koutiala	1996	3	11	71	23.6	35.9	22.1	-999.9	0.0	1.9	96542.5	-999.9
Koutiala	1996	3	12	72	24.7	34.7	22.2	-999.9	0.0	2.4	96583.4	-999.9
Koutiala	1996	3	13	73	24.2	34.4	23.1	-999.9	0.0	2.9	96710.1	-999.9
Koutiala	1996	3	14	74	24.2	34.9	22.5	-999.9	0.0	2.6	96783.6	-999.9
Koutiala	1996	3	15	75	24.2	34.4	22.7	-999.9	0.0	2.3	96736.9	-999.9
Koutiala	1996	3	16	76	21.9	36.2	24.0	-999.9	0.0	1.8	96693.1	-999.9
Koutiala	1996	3	17	77	22.5	36.9	24.3	-999.9	0.0	2.4	96664.3	-999.9
Koutiala	1996	3	18	78	24.2	37.2	24.8	-999.9	0.0	2.6	96572.2	-999.9
Koutiala	1996	3	19	79	22.4	37.1	25.2	-999.9	0.0	1.8	96558.9	-999.9
Koutiala	1996	3	20	80	23.1	37.9	25.4	-999.9	0.0	2.1	96472.8	-999.9
Koutiala	1996	3	21	81	22.5	37.5	25.6	-999.9	0.0	2.0	96530.4	-999.9
Koutiala	1996	3	22	82	22.0	38.1	25.8	-999.9	0.0	2.7	96582.2	-999.9
Koutiala	1996	3	23	83	22.0	37.2	22.7	-999.9	0.0	2.4	96610.4	-999.9
Koutiala	1996	3	24	84	21.1	37.8	22.0	-999.9	0.0	2.4	96641.7	-999.9
Koutiala	1996	3	25	85	26.5	36.7	19.3	-999.9	0.0	2.0	96743.2	-999.9
Koutiala	1996	3	26	86	24.9	36.8	23.2	-999.9	0.0	1.7	96703.3	-999.9
Koutiala	1996	3	27	87	23.5	37.4	24.3	-999.9	0.0	1.5	96663.8	-999.9
Koutiala	1996	3	28	88	22.8	38.4	25.6	-999.9	0.0	2.0	96671.6	-999.9
Koutiala	1996	3	29	89	21.6	39.1	26.2	-999.9	0.0	2.1	96640.5	-999.9
Koutiala	1996	3	30	90	22.3	38.9	26.3	-999.9	0.0	2.7	96625.7	-999.9
Koutiala	1996	3	31	91	22.3	38.3	25.3	-999.9	0.0	2.1	96657.8	-999.9
Koutiala	1996	4	1	92	23.8	38.2	24.6	-999.9	0.0	1.9	96641.8	-999.9
Koutiala	1996	4	2	93	25.2	38.2	23.7	-999.9	0.0	1.8	96517.0	-999.9
Koutiala	1996	4	3	94	24.8	37.5	22.5	-999.9	0.0	2.3	96533.4	-999.9
Koutiala	1996	4	4	95	25.8	37.3	22.0	-999.9	0.0	2.1	96612.5	-999.9
Koutiala	1996	4	5	96	26.4	37.0	21.0	-999.9	3.0	2.0	96608.0	-999.9
Koutiala	1996	4	6	97	24.6	39.0	24.5	-999.9	0.0	2.0	96474.2	-999.9
Koutiala	1996	4	7	98	24.6	37.4	19.3	-999.9	3.0	2.2	96538.7	-999.9
Koutiala	1996	4	8	99	23.1	38.9	26.2	-999.9	0.0	1.8	96589.7	-999.9
Koutiala	1996	4	9	100	21.9	37.9	25.1	-999.9	0.0	1.7	96622.9	-999.9
Koutiala	1996	4	10	101	22.8	36.8	26.3	-999.9	0.0	2.3	96669.5	-999.9
Koutiala	1996	4	11	102	22.3	36.3	26.5	-999.9	0.0	2.4	96557.8	-999.9
Koutiala	1996	4	12	103	23.0	37.5	26.4	-999.9	0.0	1.9	96406.3	-999.9
Koutiala	1996	4	13	104	24.8	35.4	20.1	-999.9	2.4	2.6	96438.7	-999.9
Koutiala	1996	4	14	105	27.7	35.8	19.3	-999.9	0.0	2.2	96555.1	-999.9
Koutiala	1996	4	15	106	26.3	30.7	16.4	-999.9	2.4	2.1	96769.9	-999.9
Koutiala	1996	4	16	107	24.5	33.6	18.7	-999.9	0.0	1.7	96667.1	-999.9
Koutiala	1996	4	17	108	23.8	35.2	24.2	-999.9	0.0	1.7	96579.3	-999.9
Koutiala	1996	4	18	109	25.2	36.1	22.8	-999.9	0.0	2.4	96599.7	-999.9
Koutiala	1996	4	19	110	25.6	36.5	24.1	-999.9	0.0	2.1	96576.4	-999.9
Koutiala	1996	4	20	111	25.8	36.3	22.7	-999.9	0.0	2.0	96509.6	-999.9
Koutiala	1996	4	21	112	26.6	37.2	22.0	-999.9	0.0	2.2	96559.7	-999.9
Koutiala	1996	4	22	113	24.8	34.6	22.5	-999.9	0.0	2.0	96748.2	-999.9
Koutiala	1996	4	23	114	25.6	35.9	24.9	-999.9	0.0	1.7	96772.1	-999.9
Koutiala	1996	4	24	115	26.6	34.6	21.3	-999.9	3.5	2.2	96759.2	-999.9
Koutiala	1996	4	25	116	26.8	36.5	23.1	-999.9	0.0	1.8	96642.0	-999.9
Koutiala	1996	4	26	117	26.1	37.6	24.8	-999.9	0.0	2.1	96578.6	-999.9
Koutiala	1996	4	27	118	26.4	37.7	23.4	-999.9	1.7	2.3	96603.9	-999.9
Koutiala	1996	4	28	119	25.9	36.1	22.1	-999.9	1.7	2.1	96746.3	-999.9
Koutiala	1996	4	29	120	27.5	37.0	21.8	-999.9	0.0	1.6	96654.5	-999.9
Koutiala	1996	4	30	121	28.3	37.9	23.7	-999.9	0.0	1.4	96599.1	-999.9
Koutiala	1996	5	1	122	25.3	38.7	26.0	-999.9	0.0	2.1	96667.4	-999.9
Koutiala	1996	5	2	123	23.1	38.9	26.7	-999.9	0.0	2.4	96650.1	-999.9
Koutiala	1996	5	3	124	21.8	38.0	26.8	-999.9	0.0	2.0	96619.8	-999.9
Koutiala	1996	5	4	125	22.6	38.1	26.4	-999.9	0.0	1.8	96665.5	-999.9
Koutiala	1996	5	5	126	24.4	38.8	26.7	-999.9	0.0	2.2	96606.4	-999.9
Koutiala	1996	5	6	127	24.0	39.5	26.6	-999.9	0.0	2.1	96538.9	-999.9
Koutiala	1996	5	7	128	26.7	38.8	24.3	-999.9	0.0	2.4	96541.2	-999.9
Koutiala	1996	5	8	129	28.1	38.7	21.7	-999.9	0.0	2.8	96671.3	-999.9
Koutiala	1996	5	9	130	24.6	34.6	20.2	-999.9	0.0	2.7	96768.5	-999.9
Koutiala	1996	5	10	131	26.2	35.2	22.5	-999.9	5.6	2.5	96756.0	-999.9
Koutiala	1996	5	11	132	25.6	34.4	20.5	-999.9	0.0	1.8	96807.7	-999.9
Koutiala	1996	5	12	133	25.8	37.0	24.2	-999.9	0.0	1.6	96820.5	-999.9
Koutiala	1996	5	13	134	25.7	37.5	23.8	-999.9	4.2	2.7	96754.5	-999.9
Koutiala	1996	5	14	135	26.7	37.0	24.0	-999.9	8.5	3.0	96626.8	-999.9
Koutiala	1996	5	15	136	27.6	36.1	21.1	-999.9	0.0	2.1	96564.8	-999.9
Koutiala	1996	5	16	137	26.1	36.4	21.5	-999.9	0.0	2.6	96627.3	-999.9
Koutiala	1996	5	17	138	25.2	36.3	23.2	-999.9	3.7	2.0	96732.6	-999.9
Koutiala	1996	5	18	139	25.3	36.7	23.6	-999.9	1.9	2.4	96772.5	-999.9
Koutiala	1996	5	19	140	25.6	37.3	24.4	-999.9	3.7	1.9	96667.7	-999.9
Koutiala	1996	5	20	141	25.6	38.6	24.7	-999.9	0.0	3.5	96628.3	-999.9
Koutiala	1996	5	21	142	26.1	36.6	25.0	-999.9	0.0	3.1	96672.0	-999.9
Koutiala	1996	5	22	143	26.2	35.9	23.2	-999.9	0.0	2.5	96738.7	-999.9
Koutiala	1996	5	23	144	26.0	36.8	22.8	-999.9	2.0	2.3	96678.5	-999.9
Koutiala	1996	5	24	145	26.5	34.8	22.1	-999.9	2.0	1.4	96738.1	-999.9
Koutiala	1996	5	25	146	24.8	33.3	23.1	-999.9	3.9	2.0	96890.8	-999.9
Koutiala	1996	5	26	147	24.2	31.6	19.7	-999.9	0.0	1.7	96982.1	-999.9
Koutiala	1996	5	27	148	23.7	30.8	16.9	-999.9	0.0	1.8	96966.0	-999.9
Koutiala	1996	5	28	149	23.6	31.3	21.5	-999.9	20.7	2.0	96917.1	-999.9
Koutiala	1996	5	29	150	23.9	31.2	21.3	-999.9	5.1	2.7	96854.3	-999.9
Koutiala	1996	5	30	151	24.5	33.7	24.7	-999.9	0.0	3.1	96752.3	-999.9
Koutiala	1996	5	31	152	24.0	34.0	24.9	-999.9	0.0	2.4	96812.1	-999.9
Koutiala	1996	6	1	153	24.8	33.2	22.8	-999.9	0.0	2.3	96852.3	-999.9
Koutiala	1996	6	2	154	25.1	34.1	24.4	-999.9	0.0	2.8	96835.1	-999.9
Koutiala	1996	6	3	155	24.9	34.5	23.5	-999.9	12.4	2.4	96715.6	-999.9
Koutiala	1996	6	4	156	23.4	34.1	22.8	-999.9	6.2	2.8	96793.0	-999.9
Koutiala	1996	6	5	157	23.9	31.8	21.7	-999.9	6.2	2.7	96942.8	-999.9
Koutiala	1996	6	6	158	23.6	31.1	21.2	-999.9	0.0	2.6	97037.9	-999.9
Koutiala	1996	6	7	159	23.7	32.5	23.8	-999.9	10.6	2.3	97096.8	-999.9
Koutiala	1996	6	8	160	23.6	33.3	22.4	-999.9	10.6	1.8	97123.3	-999.9
Koutiala	1996	6	9	161	23.4	34.7	24.3	-999.9	0.0	2.0	96942.7	-999.9
Koutiala	1996	6	10	162	24.6	33.2	23.5	-999.9	0.0	3.1	96845.1	-999.9
Koutiala	1996	6	11	163	24.4	33.0	23.0	-999.9	0.0	2.5	96913.4	-999.9
Koutiala	1996	6	12	164	23.8	32.3	23.2	-999.9	0.0	1.9	96976.0	-999.9
Koutiala	1996	6	13	165	23.4	32.7	22.8	-999.9	0.0	1.6	96987.8	-999.9
Koutiala	1996	6	14	166	24.3	33.3	24.0	-999.9	0.0	2.0	96933.6	-999.9
Koutiala	1996	6	15	167	25.1	33.4	23.1	-999.9	0.0	2.4	96861.0	-999.9
Koutiala	1996	6	16	168	24.8	34.4	24.0	-999.9	0.0	1.9	96805.1	-999.9
Koutiala	1996	6	17	169	25.2	35.1	24.3	-999.9	0.0	1.9	96845.9	-999.9
Koutiala	1996	6	18	170	24.9	34.4	22.9	-999.9	2.4	2.0	96905.1	-999.9
Koutiala	1996	6	19	171	25.4	35.5	23.6	-999.9	0.0	1.9	96824.0	-999.9
Koutiala	1996	6	20	172	26.0	36.5	24.2	-999.9	2.4	1.6	96739.0	-999.9
Koutiala	1996	6	21	173	26.5	36.9	24.6	-999.9	5.6	2.8	96752.5	-999.9
Koutiala	1996	6	22	174	25.3	33.2	17.6	-999.9	0.0	2.9	96977.2	-999.9
Koutiala	1996	6	23	175	23.9	36.1	23.7	-999.9	2.8	1.9	97032.0	-999.9
Koutiala	1996	6	24	176	24.9	34.0	23.2	-999.9	0.0	2.4	96958.2	-999.9
Koutiala	1996	6	25	177	24.8	34.5	23.5	-999.9	5.6	2.6	96852.3	-999.9
Koutiala	1996	6	26	178	24.6	35.0	24.3	-999.9	0.0	2.6	96740.9	-999.9
Koutiala	1996	6	27	179	25.1	35.8	24.1	-999.9	10.5	2.9	96689.3	-999.9
Koutiala	1996	6	28	180	24.5	33.6	22.7	-999.9	0.0	2.8	96845.0	-999.9
Koutiala	1996	6	29	181	24.2	34.7	24.4	-999.9	0.0	2.3	96998.1	-999.9
Koutiala	1996	6	30	182	26.0	35.0	23.6	-999.9	21.1	2.0	97010.6	-999.9
Koutiala	1996	7	1	183	23.6	33.4	21.1	-999.9	8.2	2.3	96988.6	-999.9
Koutiala	1996	7	2	184	23.8	32.0	20.4	-999.9	4.1	2.2	96990.8	-999.9
Koutiala	1996	7	3	185	23.4	33.3	20.3	-999.9	4.1	1.6	97035.2	-999.9
Koutiala	1996	7	4	186	24.8	31.5	20.2	-999.9	0.0	2.2	97067.6	-999.9
Koutiala	1996	7	5	187	25.1	35.2	24.4	-999.9	0.0	2.6	96984.9	-999.9
Koutiala	1996	7	6	188	23.6	29.8	17.2	-999.9	10.1	2.1	97015.8	-999.9
Koutiala	1996	7	7	189	22.2	30.8	22.5	-999.9	3.4	1.6	96922.8	-999.9
Koutiala	1996	7	8	190	23.2	30.6	22.1	-999.9	0.0	1.7	96898.8	-999.9
Koutiala	1996	7	9	191	23.5	32.5	23.8	-999.9	0.0	1.8	97016.8	-999.9
Koutiala	1996	7	10	192	23.8	32.7	22.5	-999.9	6.7	3.3	96971.5	-999.9
Koutiala	1996	7	11	193	24.1	32.2	22.6	-999.9	0.0	2.8	96949.8	-999.9
Koutiala	1996	7	12	194	22.2	32.1	23.0	-999.9	10.2	2.0	97061.1	-999.9
Koutiala	1996	7	13	195	23.1	31.2	20.5	-999.9	10.2	1.7	97083.3	-999.9
Koutiala	1996	7	14	196	23.9	29.6	17.9	-999.9	0.0	2.6	97085.5	-999.9
Koutiala	1996	7	15	197	23.4	31.3	22.5	-999.9	0.0	2.1	97072.3	-999.9
Koutiala	1996	7	16	198	22.8	32.2	23.9	-999.9	0.0	1.8	97111.9	-999.9
Koutiala	1996	7	17	199	23.8	33.4	23.8	-999.9	3.1	1.8	97058.3	-999.9
Koutiala	1996	7	18	200	25.2	33.2	23.4	-999.9	3.1	2.5	97041.9	-999.9
Koutiala	1996	7	19	201	24.4	34.2	22.8	-999.9	0.0	2.4	97110.6	-999.9
Koutiala	1996	7	20	202	23.7	32.5	22.4	-999.9	9.3	3.3	97006.9	-999.9
Koutiala	1996	7	21	203	24.4	31.1	20.1	-999.9	11.3	2.6	96958.6	-999.9
Koutiala	1996	7	22	204	23.6	32.5	21.5	-999.9	0.0	2.2	97032.1	-999.9
Koutiala	1996	7	23	205	23.0	28.6	12.2	-999.9	0.0	1.8	97107.0	-999.9
Koutiala	1996	7	24	206	22.2	28.9	15.9	-999.9	7.6	1.7	97069.0	-999.9
Koutiala	1996	7	25	207	22.7	30.5	20.5	-999.9	0.0	1.7	97074.4	-999.9
Koutiala	1996	7	26	208	23.5	31.3	20.9	-999.9	8.7	2.5	97080.2	-999.9
Koutiala	1996	7	27	209	23.3	30.3	20.0	-999.9	17.4	2.4	97005.4	-999.9
Koutiala	1996	7	28	210	22.1	26.7	10.9	-999.9	8.7	1.7	97104.1	-999.9
Koutiala	1996	7	29	211	22.3	28.3	17.4	-999.9	26.1	1.8	97133.3	-999.9
Koutiala	1996	7	30	212	22.5	28.6	16.3	-999.9	0.0	1.8	97159.5	-999.9
Koutiala	1996	7	31	213	21.9	28.4	16.5	-999.9	0.0	2.4	97107.2	-999.9
Koutiala	1996	8	1	214	22.2	29.1	17.8	-999.9	9.9	2.6	97125.5	-999.9
Koutiala	1996	8	2	215	22.3	30.3	22.6	-999.9	0.0	2.0	97230.5	-999.9
Koutiala	1996	8	3	216	23.3	30.3	20.1	-999.9	9.9	1.6	97225.7	-999.9
Koutiala	1996	8	4	217	22.7	27.5	14.3	-999.9	19.7	1.6	97151.2	-999.9
Koutiala	1996	8	5	218	21.5	27.7	16.0	-999.9	9.9	2.3	97195.0	-999.9
Koutiala	1996	8	6	219	22.9	30.5	21.0	-999.9	25.9	1.6	97206.9	-999.9
Koutiala	1996	8	7	220	22.8	30.4	19.1	-999.9	0.0	2.1	97036.6	-999.9
Koutiala	1996	8	8	221	23.0	30.8	22.7	-999.9	0.0	2.0	96911.8	-999.9
Koutiala	1996	8	9	222	23.6	30.6	23.4	-999.9	0.0	2.2	96924.7	-999.9
Koutiala	1996	8	10	223	23.3	29.9	20.9	-999.9	13.0	2.0	96959.4	-999.9
Koutiala	1996	8	11	224	22.5	28.8	18.5	-999.9	32.0	2.1	97065.4	-999.9
Koutiala	1996	8	12	225	22.5	29.7	21.2	-999.9	0.0	2.0	97097.7	-999.9
Koutiala	1996	8	13	226	22.7	29.5	17.2	-999.9	10.7	1.6	96972.0	-999.9
Koutiala	1996	8	14	227	22.8	28.0	14.4	-999.9	21.4	1.8	96874.4	-999.9
Koutiala	1996	8	15	228	21.9	27.5	14.9	-999.9	0.0	2.0	96957.2	-999.9
Koutiala	1996	8	16	229	22.0	29.2	20.0	-999.9	0.0	2.3	97066.8	-999.9
Koutiala	1996	8	17	230	22.8	26.9	12.8	-999.9	17.7	2.1	96997.6	-999.9
Koutiala	1996	8	18	231	22.0	27.2	14.1	-999.9	5.2	1.8	96880.1	-999.9
Koutiala	1996	8	19	232	21.2	28.3	17.3	-999.9	0.0	1.7	96936.0	-999.9
Koutiala	1996	8	20	233	22.4	28.9	20.0	-999.9	0.0	1.7	96922.2	-999.9
Koutiala	1996	8	21	234	22.1	29.6	21.7	-999.9	20.6	1.4	96911.1	-999.9
Koutiala	1996	8	22	235	22.6	28.7	19.6	-999.9	0.0	2.1	97045.2	-999.9
Koutiala	1996	8	23	236	21.2	29.4	20.9	-999.9	0.0	1.1	97072.2	-999.9
Koutiala	1996	8	24	237	21.4	30.0	21.6	-999.9	0.0	2.1	96891.3	-999.9
Koutiala	1996	8	25	238	22.6	29.0	18.9	-999.9	0.0	2.1	96804.7	-999.9
Koutiala	1996	8	26	239	21.9	27.4	16.1	-999.9	0.0	2.1	96889.5	-999.9
Koutiala	1996	8	27	240	21.0	29.3	18.0	-999.9	0.0	1.4	97082.4	-999.9
Koutiala	1996	8	28	241	22.7	30.2	19.2	-999.9	0.0	1.4	96969.7	-999.9
Koutiala	1996	8	29	242	22.1	30.0	21.1	-999.9	0.0	2.3	96877.2	-999.9
Koutiala	1996	8	30	243	23.0	29.7	19.0	-999.9	0.0	2.0	96930.3	-999.9
Koutiala	1996	8	31	244	22.2	29.4	19.2	-999.9	22.0	1.2	96838.0	-999.9
Koutiala	1996	9	1	245	22.1	28.4	18.9	-999.9	4.7	1.8	96894.8	-999.9
Koutiala	1996	9	2	246	22.1	28.7	17.9	-999.9	0.0	2.0	96993.0	-999.9
Koutiala	1996	9	3	247	22.9	30.1	23.5	-999.9	9.4	1.4	96851.6	-999.9
Koutiala	1996	9	4	248	22.3	29.6	19.6	-999.9	9.4	1.3	96753.6	-999.9
Koutiala	1996	9	5	249	22.3	28.2	16.8	-999.9	0.0	1.7	96651.1	-999.9
Koutiala	1996	9	6	250	22.3	25.5	9.2	-999.9	23.0	3.2	96603.0	-999.9
Koutiala	1996	9	7	251	21.0	29.2	18.6	-999.9	0.0	1.7	96897.2	-999.9
Koutiala	1996	9	8	252	22.1	30.5	22.2	-999.9	0.0	2.5	96781.8	-999.9
Koutiala	1996	9	9	253	22.4	29.1	17.7	-999.9	23.0	2.7	96738.1	-999.9
Koutiala	1996	9	10	254	22.9	28.7	18.6	-999.9	0.0	2.2	96866.7	-999.9
Koutiala	1996	9	11	255	21.8	29.1	20.4	-999.9	15.6	1.6	96982.1	-999.9
Koutiala	1996	9	12	256	22.1	27.1	13.0	-999.9	15.6	1.3	96956.7	-999.9
Koutiala	1996	9	13	257	21.7	28.3	18.6	-999.9	0.0	1.9	96928.8	-999.9
Koutiala	1996	9	14	258	21.1	29.6	21.1	-999.9	7.8	1.4	96929.4	-999.9
Koutiala	1996	9	15	259	21.8	29.8	22.4	-999.9	7.8	1.5	96968.3	-999.9
Koutiala	1996	9	16	260	21.8	29.5	21.9	-999.9	15.9	1.3	97184.3	-999.9
Koutiala	1996	9	17	261	22.0	29.5	22.4	-999.9	0.0	1.2	97207.7	-999.9
Koutiala	1996	9	18	262	22.6	30.2	22.7	-999.9	0.0	1.9	97023.6	-999.9
Koutiala	1996	9	19	263	23.0	29.9	21.4	-999.9	31.7	2.0	97025.5	-999.9
Koutiala	1996	9	20	264	22.0	29.3	20.8	-999.9	0.0	1.1	97091.7	-999.9
Koutiala	1996	9	21	265	22.0	30.4	22.5	-999.9	7.5	1.1	97004.1	-999.9
Koutiala	1996	9	22	266	23.3	30.1	20.5	-999.9	7.5	1.8	97012.8	-999.9
Koutiala	1996	9	23	267	23.2	27.7	13.5	-999.9	0.0	1.9	97047.4	-999.9
Koutiala	1996	9	24	268	22.2	29.9	21.8	-999.9	7.5	1.7	96993.0	-999.9
Koutiala	1996	9	25	269	22.2	29.8	22.1	-999.9	0.0	1.5	96919.0	-999.9
Koutiala	1996	9	26	270	22.8	29.0	17.9	-999.9	8.6	1.7	96920.2	-999.9
Koutiala	1996	9	27	271	21.8	29.6	21.3	-999.9	0.0	1.3	96949.3	-999.9
Koutiala	1996	9	28	272	22.2	30.9	23.4	-999.9	0.0	1.6	96904.0	-999.9
Koutiala	1996	9	29	273	22.8	28.6	14.2	-999.9	17.3	1.7	97004.6	-999.9
Koutiala	1996	9	30	274	21.4	28.9	19.2	-999.9	8.6	1.5	97034.9	-999.9
Koutiala	1996	10	1	275	21.8	28.7	19.2	-999.9	4.4	1.3	97052.3	-999.9
Koutiala	1996	10	2	276	21.4	30.2	22.5	-999.9	0.0	1.4	97048.0	-999.9
Koutiala	1996	10	3	277	22.8	32.5	23.4	-999.9	0.0	1.9	96943.5	-999.9
Koutiala	1996	10	4	278	22.6	31.2	22.5	-999.9	0.0	2.0	96982.3	-999.9
Koutiala	1996	10	5	279	23.4	32.0	23.4	-999.9	0.0	2.2	96781.6	-999.9
Koutiala	1996	10	6	280	24.2	32.6	21.6	-999.9	0.0	2.0	96645.9	-999.9
Koutiala	1996	10	7	281	22.8	31.1	20.9	-999.9	0.0	2.0	96899.7	-999.9
Koutiala	1996	10	8	282	23.2	31.6	22.0	-999.9	8.2	1.3	97010.8	-999.9
Koutiala	1996	10	9	283	22.9	31.5	22.0	-999.9	0.0	1.6	96928.4	-999.9
Koutiala	1996	10	10	284	22.9	31.2	21.1	-999.9	0.0	1.9	96833.2	-999.9
Koutiala	1996	10	11	285	23.0	32.4	21.9	-999.9	0.0	1.6	96746.1	-999.9
Koutiala	1996	10	12	286	23.8	32.1	21.7	-999.9	7.4	1.8	96701.4	-999.9
Koutiala	1996	10	13	287	22.9	30.2	18.9	-999.9	3.7	1.8	96821.7	-999.9
Koutiala	1996	10	14	288	22.2	28.1	17.2	-999.9	0.0	2.0	97044.0	-999.9
Koutiala	1996	10	15	289	21.5	31.3	22.1	-999.9	0.0	1.4	96990.6	-999.9
Koutiala	1996	10	16	290	23.5	32.8	22.0	-999.9	0.0	1.2	96862.5	-999.9
Koutiala	1996	10	17	291	21.5	31.9	22.3	-999.9	0.0	1.4	96839.3	-999.9
Koutiala	1996	10	18	292	22.1	32.7	22.3	-999.9	0.0	1.4	96892.5	-999.9
Koutiala	1996	10	19	293	22.4	32.5	21.4	-999.9	0.0	1.4	96917.9	-999.9
Koutiala	1996	10	20	294	22.4	33.0	21.8	-999.9	0.0	1.5	96929.8	-999.9
Koutiala	1996	10	21	295	23.8	31.5	18.0	-999.9	0.0	1.6	96952.3	-999.9
Koutiala	1996	10	22	296	22.7	33.0	21.2	-999.9	0.0	1.4	96926.3	-999.9
Koutiala	1996	10	23	297	22.5	33.0	21.2	-999.9	0.0	1.4	96896.2	-999.9
Koutiala	1996	10	24	298	22.1	33.6	21.3	-999.9	0.0	1.6	96924.0	-999.9
Koutiala	1996	10	25	299	22.7	33.6	19.5	-999.9	0.0	1.6	97003.4	-999.9
Koutiala	1996	10	26	300	22.2	35.5	22.6	-999.9	0.0	1.5	97023.8	-999.9
Koutiala	1996	10	27	301	20.3	34.8	21.3	-999.9	0.0	1.5	96921.7	-999.9
Koutiala	1996	10	28	302	23.5	35.1	20.5	-999.9	6.9	1.2	96802.0	-999.9
Koutiala	1996	10	29	303	23.6	33.5	19.2	-999.9	6.9	1.7	96869.2	-999.9
Koutiala	1996	10	30	304	23.5	34.3	20.5	-999.9	0.0	2.2	96889.2	-999.9
Koutiala	1996	10	31	305	21.1	33.9	23.2	-999.9	0.0	2.5	96881.0	-999.9
Koutiala	1996	11	1	306	18.3	33.9	22.7	-999.9	0.0	2.1	96904.4	-999.9
Koutiala	1996	11	2	307	20.7	33.9	22.7	-999.9	0.0	2.5	96895.8	-999.9
Koutiala	1996	11	3	308	18.9	32.9	23.1	-999.9	0.0	2.3	96936.6	-999.9
Koutiala	1996	11	4	309	18.3	32.9	22.8	-999.9	0.0	2.2	96980.1	-999.9
Koutiala	1996	11	5	310	18.4	33.4	22.2	-999.9	0.0	2.1	96898.8	-999.9
Koutiala	1996	11	6	311	19.2	33.4	22.1	-999.9	0.0	2.2	96873.1	-999.9
Koutiala	1996	11	7	312	20.4	32.9	22.5	-999.9	0.0	2.4	96913.0	-999.9
Koutiala	1996	11	8	313	19.3	32.6	22.1	-999.9	1.0	2.3	96924.6	-999.9
Koutiala	1996	11	9	314	18.5	32.5	22.4	-999.9	1.0	2.1	96999.2	-999.9
Koutiala	1996	11	10	315	17.6	32.4	22.5	-999.9	0.0	2.0	96917.6	-999.9
Koutiala	1996	11	11	316	18.3	32.2	22.3	-999.9	0.0	1.9	96875.9	-999.9
Koutiala	1996	11	12	317	17.5	32.3	22.3	-999.9	0.0	2.0	96841.5	-999.9
Koutiala	1996	11	13	318	17.6	32.8	22.0	-999.9	0.0	1.5	96813.3	-999.9
Koutiala	1996	11	14	319	20.2	33.5	21.6	-999.9	0.0	1.5	96717.6	-999.9
Koutiala	1996	11	15	320	19.1	34.1	21.8	-999.9	0.0	2.2	96722.4	-999.9
Koutiala	1996	11	16	321	18.2	33.3	22.0	-999.9	0.0	2.3	96822.2	-999.9
Koutiala	1996	11	17	322	16.7	33.0	21.8	-999.9	0.0	2.1	96733.8	-999.9
Koutiala	1996	11	18	323	17.9	33.1	21.5	-999.9	0.0	2.0	96728.5	-999.9
Koutiala	1996	11	19	324	17.2	32.9	21.3	-999.9	0.0	2.0	96829.8	-999.9
Koutiala	1996	11	20	325	18.7	33.1	21.9	-999.9	0.0	2.4	96970.3	-999.9
Koutiala	1996	11	21	326	18.2	32.8	21.8	-999.9	0.0	2.3	96992.6	-999.9
Koutiala	1996	11	22	327	18.4	33.1	21.8	-999.9	0.0	2.3	96920.8	-999.9
Koutiala	1996	11	23	328	18.7	33.9	21.8	-999.9	0.0	2.4	96835.1	-999.9
Koutiala	1996	11	24	329	19.2	34.2	21.5	-999.9	0.0	2.3	96849.6	-999.9
Koutiala	1996	11	25	330	19.0	33.8	21.4	-999.9	0.0	2.4	96854.0	-999.9
Koutiala	1996	11	26	331	18.6	33.3	21.3	-999.9	0.0	2.1	96868.5	-999.9
Koutiala	1996	11	27	332	19.4	33.0	21.1	-999.9	0.0	2.3	96945.6	-999.9
Koutiala	1996	11	28	333	18.8	33.3	21.0	-999.9	0.0	2.0	96916.0	-999.9
Koutiala	1996	11	29	334	20.0	33.3	20.7	-999.9	0.0	2.3	96842.5	-999.9
Koutiala	1996	11	30	335	19.4	33.0	20.9	-999.9	0.0	2.2	96799.0	-999.9
Koutiala	1996	12	1	336	19.8	33.0	20.5	-999.9	0.0	2.1	96790.8	-999.9
Koutiala	1996	12	2	337	19.4	32.8	17.3	-999.9	0.0	2.1	96857.7	-999.9
Koutiala	1996	12	3	338	19.5	33.6	20.2	-999.9	0.0	2.0	96785.3	-999.9
Koutiala	1996	12	4	339	17.4	33.6	20.6	-999.9	0.0	1.8	96794.2	-999.9
Koutiala	1996	12	5	340	19.1	33.7	20.5	-999.9	0.0	2.1	96786.4	-999.9
Koutiala	1996	12	6	341	18.4	33.3	20.4	-999.9	0.0	2.2	96767.4	-999.9
Koutiala	1996	12	7	342	20.4	32.2	20.3	-999.9	0.0	2.7	96908.0	-999.9
Koutiala	1996	12	8	343	18.9	31.4	20.5	-999.9	0.0	2.6	96967.2	-999.9
Koutiala	1996	12	9	344	18.4	30.9	20.2	-999.9	0.0	2.7	97056.1	-999.9
Koutiala	1996	12	10	345	17.9	31.8	20.2	-999.9	0.0	2.2	97034.0	-999.9
Koutiala	1996	12	11	346	18.3	33.0	20.4	-999.9	0.0	2.3	96964.5	-999.9
Koutiala	1996	12	12	347	19.1	33.9	20.5	-999.9	0.0	2.4	97068.5	-999.9
Koutiala	1996	12	13	348	19.5	34.1	20.5	-999.9	0.0	2.8	97132.5	-999.9
Koutiala	1996	12	14	349	20.7	34.2	20.4	-999.9	0.0	2.7	97069.8	-999.9
Koutiala	1996	12	15	350	19.8	33.6	20.5	-999.9	0.0	2.2	96943.0	-999.9
Koutiala	1996	12	16	351	19.0	33.5	20.5	-999.9	0.0	2.3	96918.3	-999.9
Koutiala	1996	12	17	352	17.7	33.2	20.6	-999.9	0.0	2.2	96974.8	-999.9
Koutiala	1996	12	18	353	16.9	32.3	20.8	-999.9	0.0	2.4	96983.8	-999.9
Koutiala	1996	12	19	354	16.2	32.3	20.9	-999.9	0.0	2.1	97005.3	-999.9
Koutiala	1996	12	20	355	15.9	32.1	20.9	-999.9	0.0	1.9	96960.0	-999.9
Koutiala	1996	12	21	356	15.3	33.5	20.8	-999.9	0.0	1.7	96916.0	-999.9
Koutiala	1996	12	22	357	16.1	34.1	20.5	-999.9	0.0	1.9	96982.2	-999.9
Koutiala	1996	12	23	358	17.2	34.5	19.8	-999.9	0.0	2.1	97022.9	-999.9
Koutiala	1996	12	24	359	18.2	33.8	20.5	-999.9	0.0	2.2	97027.8	-999.9
Koutiala	1996	12	25	360	17.4	31.8	18.0	-999.9	0.0	2.2	96972.3	-999.9
Koutiala	1996	12	26	361	16.7	32.9	19.7	-999.9	0.6	2.0	96931.4	-999.9
Koutiala	1996	12	27	362	16.9	32.6	20.7	-999.9	0.0	2.4	96945.1	-999.9
Koutiala	1996	12	28	363	15.6	32.4	20.9	-999.9	0.0	2.1	96859.8	-999.9
Koutiala	1996	12	29	364	16.0	32.9	20.5	-999.9	0.0	2.1	96797.2	-999.9
Koutiala	1996	12	30	365	18.3	33.3	20.1	-999.9	0.0	2.3	96727.1	-999.9
Koutiala	1996	12	31	366	17.7	32.8	20.4	-999.9	0.0	2.4	96763.6	-999.9
