Koutiala	2005	1	1	1	17.4	28.8	20.4	-999.9	0.0	2.9	97301.1	-999.9
Koutiala	2005	1	2	2	16.2	28.0	20.1	-999.9	0.0	2.6	97372.5	-999.9
Koutiala	2005	1	3	3	15.8	28.7	20.7	-999.9	0.0	2.5	97225.9	-999.9
Koutiala	2005	1	4	4	16.2	30.4	20.7	-999.9	0.0	2.3	97103.2	-999.9
Koutiala	2005	1	5	5	17.4	32.4	20.6	-999.9	0.0	2.3	97099.5	-999.9
Koutiala	2005	1	6	6	19.7	32.7	20.5	-999.9	0.0	3.0	97111.8	-999.9
Koutiala	2005	1	7	7	19.5	31.4	20.7	-999.9	0.0	3.2	97120.8	-999.9
Koutiala	2005	1	8	8	18.2	29.6	20.9	-999.9	0.0	3.1	97118.9	-999.9
Koutiala	2005	1	9	9	16.0	29.5	21.2	-999.9	0.0	2.7	97013.6	-999.9
Koutiala	2005	1	10	10	16.7	30.3	21.2	-999.9	0.0	2.8	97103.0	-999.9
Koutiala	2005	1	11	11	16.9	30.0	20.9	-999.9	0.6	2.6	97162.2	-999.9
Koutiala	2005	1	12	12	16.7	29.7	19.9	-999.9	0.0	2.5	97212.2	-999.9
Koutiala	2005	1	13	13	17.0	30.1	20.6	-999.9	0.0	2.3	97121.2	-999.9
Koutiala	2005	1	14	14	16.6	30.5	21.3	-999.9	0.0	2.4	96985.9	-999.9
Koutiala	2005	1	15	15	16.2	31.4	21.2	-999.9	0.0	2.1	96846.6	-999.9
Koutiala	2005	1	16	16	17.8	32.3	21.0	-999.9	0.0	2.1	96690.6	-999.9
Koutiala	2005	1	17	17	18.6	33.1	20.9	-999.9	0.0	2.9	96808.7	-999.9
Koutiala	2005	1	18	18	18.6	31.7	21.4	-999.9	0.0	3.1	97038.2	-999.9
Koutiala	2005	1	19	19	17.7	31.1	20.7	-999.9	0.0	2.6	96939.4	-999.9
Koutiala	2005	1	20	20	17.3	30.9	21.3	-999.9	0.0	2.4	96921.5	-999.9
Koutiala	2005	1	21	21	17.2	30.0	20.6	-999.9	0.0	2.3	96951.0	-999.9
Koutiala	2005	1	22	22	15.9	31.4	20.8	-999.9	0.0	1.8	96877.7	-999.9
Koutiala	2005	1	23	23	17.4	34.0	21.4	-999.9	0.0	1.8	96850.3	-999.9
Koutiala	2005	1	24	24	18.4	35.0	21.6	-999.9	0.0	2.4	96821.0	-999.9
Koutiala	2005	1	25	25	20.1	33.2	17.8	-999.9	0.0	1.6	96879.7	-999.9
Koutiala	2005	1	26	26	22.8	34.6	19.3	-999.9	0.0	1.7	96830.2	-999.9
Koutiala	2005	1	27	27	19.9	34.2	21.0	-999.9	0.0	1.7	96750.4	-999.9
Koutiala	2005	1	28	28	20.3	34.5	21.5	-999.9	0.0	1.6	96713.1	-999.9
Koutiala	2005	1	29	29	20.3	33.9	21.6	-999.9	0.0	2.4	96719.7	-999.9
Koutiala	2005	1	30	30	20.5	33.1	19.6	-999.9	0.0	2.3	96785.1	-999.9
Koutiala	2005	1	31	31	21.0	33.8	21.4	-999.9	0.0	2.4	96815.3	-999.9
Koutiala	2005	2	1	32	21.8	35.0	21.4	-999.9	0.0	2.6	96737.8	-999.9
Koutiala	2005	2	2	33	22.5	36.1	21.7	-999.9	0.0	2.3	96663.3	-999.9
Koutiala	2005	2	3	34	21.7	35.2	21.8	-999.9	0.0	2.8	96704.3	-999.9
Koutiala	2005	2	4	35	20.0	33.3	22.0	-999.9	0.0	2.7	96834.7	-999.9
Koutiala	2005	2	5	36	19.7	32.5	20.7	-999.9	0.0	2.5	96792.0	-999.9
Koutiala	2005	2	6	37	19.9	32.0	18.6	-999.9	0.0	2.3	96803.2	-999.9
Koutiala	2005	2	7	38	20.6	33.0	20.7	-999.9	0.0	2.5	96836.2	-999.9
Koutiala	2005	2	8	39	19.6	31.7	21.9	-999.9	0.0	3.2	96891.4	-999.9
Koutiala	2005	2	9	40	19.3	32.2	21.9	-999.9	0.0	2.7	96818.8	-999.9
Koutiala	2005	2	10	41	21.1	34.4	20.8	-999.9	0.0	2.5	96748.6	-999.9
Koutiala	2005	2	11	42	24.1	35.7	20.0	-999.9	0.6	3.1	96731.2	-999.9
Koutiala	2005	2	12	43	24.1	37.2	22.2	-999.9	0.0	3.0	96719.2	-999.9
Koutiala	2005	2	13	44	25.0	36.1	22.5	-999.9	0.0	3.3	96661.1	-999.9
Koutiala	2005	2	14	45	22.7	34.8	19.4	-999.9	0.0	2.4	96618.3	-999.9
Koutiala	2005	2	15	46	22.6	35.6	22.1	-999.9	0.0	2.7	96631.0	-999.9
Koutiala	2005	2	16	47	20.8	36.7	22.5	-999.9	0.0	2.0	96568.0	-999.9
Koutiala	2005	2	17	48	20.9	38.0	23.0	-999.9	0.0	2.1	96564.5	-999.9
Koutiala	2005	2	18	49	21.0	37.1	22.4	-999.9	0.0	1.8	96470.7	-999.9
Koutiala	2005	2	19	50	23.7	35.6	20.5	-999.9	0.0	1.5	96609.9	-999.9
Koutiala	2005	2	20	51	24.0	34.7	18.2	-999.9	0.0	1.6	96646.1	-999.9
Koutiala	2005	2	21	52	23.9	33.7	22.6	-999.9	0.0	3.2	96805.6	-999.9
Koutiala	2005	2	22	53	23.1	35.6	22.2	-999.9	0.0	2.2	96786.0	-999.9
Koutiala	2005	2	23	54	23.4	37.4	22.8	-999.9	0.0	2.2	96727.2	-999.9
Koutiala	2005	2	24	55	25.8	38.4	22.3	-999.9	0.0	3.0	96692.6	-999.9
Koutiala	2005	2	25	56	24.5	35.0	22.9	-999.9	0.0	2.8	96813.3	-999.9
Koutiala	2005	2	26	57	25.3	36.4	22.9	-999.9	0.0	3.0	96830.9	-999.9
Koutiala	2005	2	27	58	24.6	36.6	22.4	-999.9	0.0	2.5	96842.5	-999.9
Koutiala	2005	2	28	59	24.9	36.5	22.1	-999.9	0.0	2.0	96738.1	-999.9
Koutiala	2005	3	1	60	25.7	37.5	22.4	-999.9	0.0	1.5	96616.8	-999.9
Koutiala	2005	3	2	61	27.2	36.4	20.9	-999.9	0.0	1.5	96683.3	-999.9
Koutiala	2005	3	3	62	24.8	34.1	16.5	-999.9	1.0	2.0	96971.2	-999.9
Koutiala	2005	3	4	63	24.1	33.1	17.7	-999.9	0.0	1.9	97070.7	-999.9
Koutiala	2005	3	5	64	24.4	36.3	20.6	-999.9	0.0	1.6	96856.9	-999.9
Koutiala	2005	3	6	65	26.3	36.6	22.7	-999.9	0.0	1.4	96779.4	-999.9
Koutiala	2005	3	7	66	26.1	37.6	23.1	-999.9	0.0	1.7	96655.6	-999.9
Koutiala	2005	3	8	67	27.3	38.5	22.3	-999.9	0.0	2.3	96577.7	-999.9
Koutiala	2005	3	9	68	26.7	38.0	23.9	-999.9	0.0	2.6	96639.5	-999.9
Koutiala	2005	3	10	69	26.8	37.7	23.7	-999.9	0.0	3.3	96687.7	-999.9
Koutiala	2005	3	11	70	24.8	37.4	24.3	-999.9	0.0	2.3	96719.0	-999.9
Koutiala	2005	3	12	71	24.0	37.9	24.3	-999.9	0.0	1.9	96601.3	-999.9
Koutiala	2005	3	13	72	25.9	36.7	20.8	-999.9	0.0	2.4	96499.7	-999.9
Koutiala	2005	3	14	73	27.3	36.8	20.2	-999.9	0.0	2.1	96636.1	-999.9
Koutiala	2005	3	15	74	26.4	36.4	20.9	-999.9	0.0	1.5	96715.0	-999.9
Koutiala	2005	3	16	75	26.8	38.2	23.6	-999.9	0.0	1.9	96634.1	-999.9
Koutiala	2005	3	17	76	26.8	39.2	24.7	-999.9	0.0	2.4	96590.4	-999.9
Koutiala	2005	3	18	77	23.4	38.7	25.0	-999.9	0.0	1.6	96650.1	-999.9
Koutiala	2005	3	19	78	25.2	38.4	25.4	-999.9	0.0	2.5	96705.3	-999.9
Koutiala	2005	3	20	79	23.8	37.2	24.6	-999.9	0.0	2.1	96747.2	-999.9
Koutiala	2005	3	21	80	23.3	37.0	25.7	-999.9	0.0	2.0	96683.5	-999.9
Koutiala	2005	3	22	81	22.8	37.1	25.8	-999.9	0.0	1.9	96690.1	-999.9
Koutiala	2005	3	23	82	22.7	38.0	25.7	-999.9	0.0	1.7	96741.5	-999.9
Koutiala	2005	3	24	83	23.0	38.1	24.9	-999.9	0.0	1.9	96776.9	-999.9
Koutiala	2005	3	25	84	23.6	39.0	25.4	-999.9	0.0	1.8	96695.7	-999.9
Koutiala	2005	3	26	85	25.0	38.8	24.5	-999.9	0.0	2.0	96646.3	-999.9
Koutiala	2005	3	27	86	25.4	37.6	22.4	-999.9	0.0	2.1	96683.8	-999.9
Koutiala	2005	3	28	87	27.5	37.9	21.4	-999.9	0.0	1.9	96700.7	-999.9
Koutiala	2005	3	29	88	25.6	38.9	23.5	-999.9	0.0	2.1	96653.9	-999.9
Koutiala	2005	3	30	89	22.1	39.3	25.7	-999.9	0.0	2.1	96637.3	-999.9
Koutiala	2005	3	31	90	21.9	38.8	25.8	-999.9	0.0	1.7	96604.2	-999.9
Koutiala	2005	4	1	91	22.8	38.1	22.8	-999.9	0.0	1.3	96585.5	-999.9
Koutiala	2005	4	2	92	27.4	37.7	22.4	-999.9	0.0	2.3	96715.4	-999.9
Koutiala	2005	4	3	93	27.9	38.0	22.0	-999.9	0.0	1.9	96788.5	-999.9
Koutiala	2005	4	4	94	28.2	39.1	23.9	-999.9	0.0	2.3	96784.8	-999.9
Koutiala	2005	4	5	95	29.1	39.3	22.3	-999.9	0.0	2.2	96737.6	-999.9
Koutiala	2005	4	6	96	27.0	39.2	23.8	-999.9	0.0	2.2	96660.2	-999.9
Koutiala	2005	4	7	97	26.6	40.0	24.9	-999.9	0.0	1.8	96523.7	-999.9
Koutiala	2005	4	8	98	22.4	39.4	25.9	-999.9	0.0	1.9	96501.7	-999.9
Koutiala	2005	4	9	99	22.9	39.5	25.8	-999.9	0.0	1.9	96432.8	-999.9
Koutiala	2005	4	10	100	24.6	39.1	25.2	-999.9	0.0	2.1	96411.8	-999.9
Koutiala	2005	4	11	101	25.1	38.0	22.5	-999.9	0.0	1.9	96458.7	-999.9
Koutiala	2005	4	12	102	26.2	37.9	22.3	-999.9	4.4	1.9	96542.2	-999.9
Koutiala	2005	4	13	103	25.2	34.1	17.6	-999.9	2.2	2.2	96629.5	-999.9
Koutiala	2005	4	14	104	26.6	37.5	23.1	-999.9	4.4	2.2	96552.5	-999.9
Koutiala	2005	4	15	105	26.8	37.8	21.6	-999.9	0.0	2.5	96581.0	-999.9
Koutiala	2005	4	16	106	27.8	38.8	23.8	-999.9	0.0	2.8	96609.1	-999.9
Koutiala	2005	4	17	107	27.8	37.9	23.7	-999.9	0.0	2.0	96553.7	-999.9
Koutiala	2005	4	18	108	28.3	38.2	24.3	-999.9	0.0	1.9	96475.5	-999.9
Koutiala	2005	4	19	109	26.6	37.0	22.1	-999.9	0.0	1.6	96573.9	-999.9
Koutiala	2005	4	20	110	24.9	38.3	23.8	-999.9	6.2	1.3	96567.2	-999.9
Koutiala	2005	4	21	111	25.9	38.1	23.5	-999.9	0.0	2.0	96539.6	-999.9
Koutiala	2005	4	22	112	25.5	38.8	25.3	-999.9	0.0	1.9	96443.8	-999.9
Koutiala	2005	4	23	113	27.6	38.8	24.0	-999.9	4.6	2.3	96476.7	-999.9
Koutiala	2005	4	24	114	25.3	37.2	18.9	-999.9	0.0	2.5	96685.4	-999.9
Koutiala	2005	4	25	115	27.5	38.7	21.7	-999.9	0.0	2.2	96617.4	-999.9
Koutiala	2005	4	26	116	26.5	38.6	22.9	-999.9	0.0	2.5	96620.7	-999.9
Koutiala	2005	4	27	117	28.2	38.2	23.6	-999.9	0.0	2.6	96731.2	-999.9
Koutiala	2005	4	28	118	29.7	39.7	22.6	-999.9	0.0	2.6	96720.9	-999.9
Koutiala	2005	4	29	119	27.7	37.9	23.9	-999.9	0.0	2.3	96727.3	-999.9
Koutiala	2005	4	30	120	27.2	40.1	23.8	-999.9	0.0	2.7	96542.1	-999.9
Koutiala	2005	5	1	121	26.4	39.6	24.0	-999.9	0.0	2.7	96502.6	-999.9
Koutiala	2005	5	2	122	25.6	38.9	25.3	-999.9	0.0	2.8	96623.8	-999.9
Koutiala	2005	5	3	123	26.7	38.0	24.2	-999.9	0.0	2.9	96754.9	-999.9
Koutiala	2005	5	4	124	27.9	37.6	23.1	-999.9	1.7	2.7	96799.1	-999.9
Koutiala	2005	5	5	125	25.8	37.5	23.7	-999.9	0.0	2.7	96799.5	-999.9
Koutiala	2005	5	6	126	24.1	34.9	22.0	-999.9	0.0	2.4	96880.5	-999.9
Koutiala	2005	5	7	127	26.5	35.2	23.2	-999.9	0.0	2.7	96890.8	-999.9
Koutiala	2005	5	8	128	26.0	37.7	24.4	-999.9	0.0	2.1	96854.4	-999.9
Koutiala	2005	5	9	129	25.8	37.6	23.7	-999.9	7.6	2.4	96812.4	-999.9
Koutiala	2005	5	10	130	25.8	36.3	22.7	-999.9	2.5	2.0	96868.5	-999.9
Koutiala	2005	5	11	131	27.1	37.7	23.9	-999.9	0.0	1.8	96884.6	-999.9
Koutiala	2005	5	12	132	27.8	38.7	22.7	-999.9	0.0	2.3	96748.8	-999.9
Koutiala	2005	5	13	133	26.3	38.5	23.6	-999.9	0.0	3.1	96723.4	-999.9
Koutiala	2005	5	14	134	28.0	38.5	23.0	-999.9	0.0	2.5	96653.8	-999.9
Koutiala	2005	5	15	135	28.6	38.2	21.7	-999.9	0.0	2.1	96552.8	-999.9
Koutiala	2005	5	16	136	26.3	36.5	22.6	-999.9	3.3	2.4	96527.2	-999.9
Koutiala	2005	5	17	137	25.8	33.5	22.5	-999.9	3.3	2.0	96550.4	-999.9
Koutiala	2005	5	18	138	26.8	34.1	22.4	-999.9	3.3	2.1	96628.5	-999.9
Koutiala	2005	5	19	139	26.3	36.8	23.5	-999.9	0.0	2.1	96566.2	-999.9
Koutiala	2005	5	20	140	26.8	38.1	24.3	-999.9	0.0	2.4	96555.6	-999.9
Koutiala	2005	5	21	141	26.8	38.7	24.4	-999.9	4.1	2.2	96588.3	-999.9
Koutiala	2005	5	22	142	26.4	35.8	20.6	-999.9	4.1	2.5	96627.2	-999.9
Koutiala	2005	5	23	143	26.7	36.5	24.3	-999.9	0.0	2.2	96726.5	-999.9
Koutiala	2005	5	24	144	26.7	38.4	24.3	-999.9	0.0	2.3	96675.0	-999.9
Koutiala	2005	5	25	145	27.2	38.2	24.5	-999.9	4.1	2.2	96733.0	-999.9
Koutiala	2005	5	26	146	26.2	37.0	24.3	-999.9	1.2	3.0	96776.8	-999.9
Koutiala	2005	5	27	147	25.4	36.8	23.3	-999.9	0.0	3.1	96789.0	-999.9
Koutiala	2005	5	28	148	26.9	37.1	24.5	-999.9	0.0	2.4	96742.4	-999.9
Koutiala	2005	5	29	149	26.1	37.4	23.8	-999.9	0.0	2.9	96745.0	-999.9
Koutiala	2005	5	30	150	26.6	37.1	22.6	-999.9	1.2	2.6	96813.4	-999.9
Koutiala	2005	5	31	151	25.2	34.9	22.8	-999.9	2.5	2.7	96871.8	-999.9
Koutiala	2005	6	1	152	25.2	34.8	22.6	-999.9	5.3	2.0	96837.9	-999.9
Koutiala	2005	6	2	153	25.4	35.2	23.9	-999.9	5.3	1.7	96717.8	-999.9
Koutiala	2005	6	3	154	24.0	32.1	21.2	-999.9	10.7	1.9	96795.0	-999.9
Koutiala	2005	6	4	155	24.0	32.5	19.2	-999.9	16.0	1.6	96939.9	-999.9
Koutiala	2005	6	5	156	23.1	29.2	15.3	-999.9	0.0	1.7	97009.8	-999.9
Koutiala	2005	6	6	157	23.5	33.3	24.5	-999.9	0.0	2.3	96864.0	-999.9
Koutiala	2005	6	7	158	26.0	35.3	24.4	-999.9	0.0	2.7	96614.9	-999.9
Koutiala	2005	6	8	159	27.1	35.2	24.2	-999.9	0.0	3.5	96637.1	-999.9
Koutiala	2005	6	9	160	24.7	33.7	22.9	-999.9	0.0	2.8	96858.7	-999.9
Koutiala	2005	6	10	161	23.6	32.8	23.4	-999.9	2.6	2.4	96991.7	-999.9
Koutiala	2005	6	11	162	24.2	34.7	24.6	-999.9	4.4	1.7	96950.9	-999.9
Koutiala	2005	6	12	163	26.1	35.3	22.7	-999.9	8.7	2.1	96850.3	-999.9
Koutiala	2005	6	13	164	24.3	34.0	20.9	-999.9	0.0	2.3	96793.7	-999.9
Koutiala	2005	6	14	165	24.3	33.2	22.1	-999.9	0.0	2.4	96936.8	-999.9
Koutiala	2005	6	15	166	24.5	33.3	21.8	-999.9	4.4	1.4	97058.4	-999.9
Koutiala	2005	6	16	167	24.2	33.2	22.7	-999.9	0.0	1.7	97014.9	-999.9
Koutiala	2005	6	17	168	25.7	34.8	21.1	-999.9	0.0	3.4	96881.3	-999.9
Koutiala	2005	6	18	169	26.2	36.0	24.6	-999.9	0.0	3.4	96825.6	-999.9
Koutiala	2005	6	19	170	26.4	33.8	20.1	-999.9	12.4	2.7	96869.7	-999.9
Koutiala	2005	6	20	171	24.4	31.7	19.1	-999.9	6.2	2.4	96919.8	-999.9
Koutiala	2005	6	21	172	24.2	30.8	16.0	-999.9	5.8	1.8	96993.4	-999.9
Koutiala	2005	6	22	173	23.1	31.9	23.4	-999.9	0.0	1.5	96966.9	-999.9
Koutiala	2005	6	23	174	25.0	33.4	23.7	-999.9	0.0	1.9	96868.8	-999.9
Koutiala	2005	6	24	175	25.1	33.7	23.9	-999.9	5.8	2.9	96738.5	-999.9
Koutiala	2005	6	25	176	24.3	31.8	18.8	-999.9	11.6	2.9	96810.3	-999.9
Koutiala	2005	6	26	177	24.3	32.3	23.1	-999.9	0.0	1.9	97023.4	-999.9
Koutiala	2005	6	27	178	24.2	31.3	20.0	-999.9	4.6	1.4	97057.6	-999.9
Koutiala	2005	6	28	179	23.6	31.6	21.8	-999.9	0.0	1.8	97039.6	-999.9
Koutiala	2005	6	29	180	23.9	32.5	23.1	-999.9	0.0	1.8	96941.7	-999.9
Koutiala	2005	6	30	181	24.5	33.0	22.6	-999.9	9.3	2.0	96914.5	-999.9
Koutiala	2005	7	1	182	23.8	31.4	21.6	-999.9	4.4	2.1	96900.8	-999.9
Koutiala	2005	7	2	183	24.2	29.3	16.2	-999.9	17.5	1.9	96996.9	-999.9
Koutiala	2005	7	3	184	23.4	30.1	21.1	-999.9	4.4	2.1	97132.5	-999.9
Koutiala	2005	7	4	185	23.5	29.0	18.4	-999.9	4.4	2.0	97099.4	-999.9
Koutiala	2005	7	5	186	23.2	32.2	23.8	-999.9	4.4	1.7	96984.2	-999.9
Koutiala	2005	7	6	187	24.0	31.6	22.3	-999.9	0.0	2.9	96968.3	-999.9
Koutiala	2005	7	7	188	22.9	30.1	17.1	-999.9	0.0	2.7	97154.9	-999.9
Koutiala	2005	7	8	189	22.8	30.8	21.2	-999.9	15.1	1.6	97051.1	-999.9
Koutiala	2005	7	9	190	23.1	28.0	14.3	-999.9	15.1	1.7	97072.3	-999.9
Koutiala	2005	7	10	191	22.3	29.0	18.7	-999.9	7.5	2.4	97148.6	-999.9
Koutiala	2005	7	11	192	22.5	29.1	18.0	-999.9	6.4	1.9	97245.7	-999.9
Koutiala	2005	7	12	193	22.6	29.5	21.9	-999.9	6.4	1.7	97118.3	-999.9
Koutiala	2005	7	13	194	22.9	30.7	22.6	-999.9	0.0	2.1	96941.4	-999.9
Koutiala	2005	7	14	195	23.3	29.7	19.6	-999.9	12.8	2.1	96993.8	-999.9
Koutiala	2005	7	15	196	22.6	28.7	15.6	-999.9	0.0	1.8	97193.6	-999.9
Koutiala	2005	7	16	197	22.2	30.5	22.9	-999.9	0.0	1.5	97276.2	-999.9
Koutiala	2005	7	17	198	23.7	31.0	22.6	-999.9	9.1	2.2	96974.1	-999.9
Koutiala	2005	7	18	199	23.6	29.9	17.3	-999.9	9.1	2.6	96748.7	-999.9
Koutiala	2005	7	19	200	22.2	28.1	15.0	-999.9	18.1	1.7	97002.1	-999.9
Koutiala	2005	7	20	201	21.8	29.5	19.9	-999.9	0.0	1.5	97120.2	-999.9
Koutiala	2005	7	21	202	22.7	30.1	20.2	-999.9	4.1	1.5	97064.9	-999.9
Koutiala	2005	7	22	203	22.8	30.0	20.0	-999.9	0.0	1.7	97079.8	-999.9
Koutiala	2005	7	23	204	23.4	31.1	22.6	-999.9	0.0	1.5	97057.9	-999.9
Koutiala	2005	7	24	205	23.9	31.4	22.5	-999.9	2.1	1.5	97088.6	-999.9
Koutiala	2005	7	25	206	23.9	32.0	20.9	-999.9	4.1	1.8	97092.4	-999.9
Koutiala	2005	7	26	207	23.3	30.7	18.7	-999.9	0.0	2.1	97110.0	-999.9
Koutiala	2005	7	27	208	23.8	31.0	21.1	-999.9	0.0	2.6	97104.2	-999.9
Koutiala	2005	7	28	209	23.6	32.6	23.7	-999.9	5.7	2.9	96965.2	-999.9
Koutiala	2005	7	29	210	23.0	30.1	16.8	-999.9	17.1	3.2	96955.4	-999.9
Koutiala	2005	7	30	211	23.4	30.9	20.5	-999.9	0.0	2.4	96923.9	-999.9
Koutiala	2005	7	31	212	23.2	30.9	21.7	-999.9	5.7	2.1	96973.5	-999.9
Koutiala	2005	8	1	213	23.1	27.2	11.0	-999.9	0.0	1.9	97025.3	-999.9
Koutiala	2005	8	2	214	22.6	29.6	18.2	-999.9	14.3	2.1	96968.7	-999.9
Koutiala	2005	8	3	215	22.5	30.3	20.8	-999.9	14.3	1.6	97001.6	-999.9
Koutiala	2005	8	4	216	22.5	30.5	22.6	-999.9	14.3	1.4	97034.1	-999.9
Koutiala	2005	8	5	217	23.6	30.7	22.7	-999.9	7.2	2.0	97041.0	-999.9
Koutiala	2005	8	6	218	23.3	30.0	18.1	-999.9	0.0	2.6	96973.5	-999.9
Koutiala	2005	8	7	219	23.6	30.8	20.5	-999.9	11.8	2.4	96962.9	-999.9
Koutiala	2005	8	8	220	23.8	30.2	20.4	-999.9	23.7	2.5	96956.7	-999.9
Koutiala	2005	8	9	221	22.9	28.3	14.2	-999.9	0.0	2.0	97104.0	-999.9
Koutiala	2005	8	10	222	22.5	28.0	16.8	-999.9	0.0	1.4	97161.0	-999.9
Koutiala	2005	8	11	223	22.9	30.1	20.6	-999.9	3.3	1.8	96998.1	-999.9
Koutiala	2005	8	12	224	22.5	30.0	19.5	-999.9	9.9	1.8	96856.6	-999.9
Koutiala	2005	8	13	225	22.3	29.1	18.1	-999.9	3.3	1.4	96871.6	-999.9
Koutiala	2005	8	14	226	21.7	28.3	17.9	-999.9	0.0	2.3	97029.4	-999.9
Koutiala	2005	8	15	227	22.4	28.2	17.9	-999.9	0.0	2.9	97107.1	-999.9
Koutiala	2005	8	16	228	22.0	29.1	21.0	-999.9	16.4	2.1	97069.4	-999.9
Koutiala	2005	8	17	229	22.6	28.9	18.5	-999.9	16.4	1.7	96985.0	-999.9
Koutiala	2005	8	18	230	22.4	24.3	6.9	-999.9	8.2	1.4	96932.9	-999.9
Koutiala	2005	8	19	231	21.8	28.7	18.8	-999.9	0.0	1.8	97060.1	-999.9
Koutiala	2005	8	20	232	22.1	29.3	20.4	-999.9	8.2	1.5	97127.1	-999.9
Koutiala	2005	8	21	233	22.2	29.0	18.5	-999.9	0.0	1.7	97034.3	-999.9
Koutiala	2005	8	22	234	22.5	29.8	23.0	-999.9	8.7	1.7	97000.5	-999.9
Koutiala	2005	8	23	235	22.8	29.7	22.4	-999.9	26.0	1.5	97039.0	-999.9
Koutiala	2005	8	24	236	22.6	29.2	18.4	-999.9	8.7	1.7	97033.3	-999.9
Koutiala	2005	8	25	237	22.7	30.7	24.6	-999.9	0.0	1.8	97043.6	-999.9
Koutiala	2005	8	26	238	23.1	31.2	23.0	-999.9	10.6	1.9	96987.0	-999.9
Koutiala	2005	8	27	239	23.1	27.5	14.4	-999.9	5.3	1.6	96900.3	-999.9
Koutiala	2005	8	28	240	22.2	28.5	18.0	-999.9	5.3	1.4	96916.9	-999.9
Koutiala	2005	8	29	241	22.5	28.9	20.9	-999.9	5.3	1.8	96844.3	-999.9
Koutiala	2005	8	30	242	22.0	28.4	18.2	-999.9	0.0	1.9	96904.9	-999.9
Koutiala	2005	8	31	243	22.5	28.8	21.0	-999.9	0.0	2.0	96931.0	-999.9
Koutiala	2005	9	1	244	22.1	29.4	21.5	-999.9	0.0	2.3	96809.9	-999.9
Koutiala	2005	9	2	245	22.3	25.9	9.2	-999.9	61.8	2.2	96822.0	-999.9
Koutiala	2005	9	3	246	20.5	28.1	18.1	-999.9	0.0	2.1	97011.4	-999.9
Koutiala	2005	9	4	247	21.5	28.6	21.2	-999.9	0.0	1.4	97167.2	-999.9
Koutiala	2005	9	5	248	21.8	29.5	23.4	-999.9	0.0	2.0	96956.8	-999.9
Koutiala	2005	9	6	249	22.0	28.0	12.7	-999.9	22.6	1.9	96909.0	-999.9
Koutiala	2005	9	7	250	21.5	28.5	17.9	-999.9	0.0	2.2	97104.8	-999.9
Koutiala	2005	9	8	251	21.5	29.4	22.2	-999.9	5.7	1.5	97264.1	-999.9
Koutiala	2005	9	9	252	22.0	29.9	20.8	-999.9	0.0	1.4	97219.3	-999.9
Koutiala	2005	9	10	253	22.1	30.5	21.5	-999.9	0.0	2.3	97026.8	-999.9
Koutiala	2005	9	11	254	24.0	31.3	21.5	-999.9	0.0	2.5	96820.6	-999.9
Koutiala	2005	9	12	255	22.7	29.8	20.3	-999.9	16.8	2.3	96835.3	-999.9
Koutiala	2005	9	13	256	22.3	29.3	20.5	-999.9	0.0	1.5	96976.8	-999.9
Koutiala	2005	9	14	257	21.6	29.7	20.8	-999.9	0.0	1.3	97100.1	-999.9
Koutiala	2005	9	15	258	23.0	30.9	23.0	-999.9	0.0	1.5	97077.7	-999.9
Koutiala	2005	9	16	259	23.6	31.4	23.8	-999.9	0.0	1.5	96962.3	-999.9
Koutiala	2005	9	17	260	23.4	31.2	24.1	-999.9	0.0	1.8	96931.6	-999.9
Koutiala	2005	9	18	261	23.3	31.6	23.6	-999.9	0.0	1.8	97031.5	-999.9
Koutiala	2005	9	19	262	24.2	32.5	24.0	-999.9	0.0	2.2	96987.6	-999.9
Koutiala	2005	9	20	263	24.0	30.8	22.4	-999.9	2.7	2.3	96839.0	-999.9
Koutiala	2005	9	21	264	22.2	30.6	21.8	-999.9	0.0	2.0	96829.9	-999.9
Koutiala	2005	9	22	265	22.5	31.0	22.9	-999.9	0.0	1.4	96893.7	-999.9
Koutiala	2005	9	23	266	24.0	31.3	22.2	-999.9	0.0	1.3	96909.8	-999.9
Koutiala	2005	9	24	267	22.6	31.5	22.3	-999.9	5.9	1.3	96864.5	-999.9
Koutiala	2005	9	25	268	23.2	28.5	15.8	-999.9	17.8	1.7	96879.4	-999.9
Koutiala	2005	9	26	269	22.2	27.1	14.3	-999.9	0.0	2.2	97004.3	-999.9
Koutiala	2005	9	27	270	20.6	28.1	18.5	-999.9	0.0	1.3	97118.8	-999.9
Koutiala	2005	9	28	271	21.9	29.5	21.4	-999.9	0.0	0.9	97040.4	-999.9
Koutiala	2005	9	29	272	22.3	30.7	23.6	-999.9	0.0	1.3	96988.6	-999.9
Koutiala	2005	9	30	273	23.0	31.2	22.7	-999.9	0.0	2.2	96904.5	-999.9
Koutiala	2005	10	1	274	23.5	31.5	21.4	-999.9	9.3	2.2	96869.6	-999.9
Koutiala	2005	10	2	275	22.7	31.1	21.5	-999.9	0.0	2.2	96861.0	-999.9
Koutiala	2005	10	3	276	23.2	30.0	18.9	-999.9	6.2	2.2	96876.7	-999.9
Koutiala	2005	10	4	277	22.1	28.6	17.8	-999.9	0.0	2.3	96984.6	-999.9
Koutiala	2005	10	5	278	21.3	29.7	22.5	-999.9	0.0	1.7	97127.7	-999.9
Koutiala	2005	10	6	279	21.1	31.7	23.2	-999.9	0.0	1.6	97055.1	-999.9
Koutiala	2005	10	7	280	22.1	33.0	23.5	-999.9	0.0	1.6	96862.2	-999.9
Koutiala	2005	10	8	281	22.8	32.1	23.0	-999.9	0.0	2.1	96985.2	-999.9
Koutiala	2005	10	9	282	21.8	32.2	22.1	-999.9	0.0	1.6	97008.6	-999.9
Koutiala	2005	10	10	283	22.1	33.7	21.9	-999.9	0.0	1.7	96875.6	-999.9
Koutiala	2005	10	11	284	23.2	32.3	21.1	-999.9	0.0	1.9	96972.3	-999.9
Koutiala	2005	10	12	285	22.8	32.7	22.8	-999.9	6.6	1.5	96975.9	-999.9
Koutiala	2005	10	13	286	23.3	33.5	22.1	-999.9	0.0	1.8	96879.4	-999.9
Koutiala	2005	10	14	287	23.3	33.9	22.9	-999.9	0.0	1.9	96832.3	-999.9
Koutiala	2005	10	15	288	23.9	33.3	22.5	-999.9	0.0	1.8	96927.6	-999.9
Koutiala	2005	10	16	289	23.7	33.7	21.8	-999.9	8.6	1.4	96858.1	-999.9
Koutiala	2005	10	17	290	22.3	33.2	21.9	-999.9	0.0	1.3	96825.7	-999.9
Koutiala	2005	10	18	291	23.1	33.7	20.9	-999.9	0.0	1.6	96819.0	-999.9
Koutiala	2005	10	19	292	22.3	33.1	21.2	-999.9	0.0	1.5	96990.6	-999.9
Koutiala	2005	10	20	293	22.9	34.1	20.7	-999.9	0.0	1.6	96934.4	-999.9
Koutiala	2005	10	21	294	22.5	33.9	20.4	-999.9	0.0	1.8	96761.9	-999.9
Koutiala	2005	10	22	295	23.5	33.7	20.6	-999.9	0.0	1.8	96767.7	-999.9
Koutiala	2005	10	23	296	23.8	32.2	18.9	-999.9	5.5	1.7	96883.8	-999.9
Koutiala	2005	10	24	297	22.8	33.9	19.8	-999.9	0.0	1.4	96907.8	-999.9
Koutiala	2005	10	25	298	21.2	33.9	22.6	-999.9	0.0	1.4	96858.5	-999.9
Koutiala	2005	10	26	299	19.7	34.3	23.0	-999.9	0.0	1.5	96797.6	-999.9
Koutiala	2005	10	27	300	20.4	34.4	22.4	-999.9	0.0	1.7	96854.3	-999.9
Koutiala	2005	10	28	301	19.1	33.5	22.6	-999.9	0.0	1.6	96944.4	-999.9
Koutiala	2005	10	29	302	22.3	32.5	20.5	-999.9	0.0	1.6	97037.3	-999.9
Koutiala	2005	10	30	303	22.2	33.9	19.8	-999.9	0.0	1.6	97027.6	-999.9
Koutiala	2005	10	31	304	19.0	34.1	22.9	-999.9	0.0	1.6	97008.6	-999.9
Koutiala	2005	11	1	305	18.5	33.3	21.2	-999.9	0.0	1.4	97056.8	-999.9
Koutiala	2005	11	2	306	22.1	32.2	19.5	-999.9	1.8	1.4	97112.2	-999.9
Koutiala	2005	11	3	307	22.1	33.3	19.3	-999.9	0.0	1.3	97038.9	-999.9
Koutiala	2005	11	4	308	21.1	34.3	22.3	-999.9	0.0	1.7	96945.6	-999.9
Koutiala	2005	11	5	309	20.3	33.5	20.8	-999.9	0.0	1.6	96911.6	-999.9
Koutiala	2005	11	6	310	22.7	32.0	18.2	-999.9	0.0	1.5	96955.2	-999.9
Koutiala	2005	11	7	311	20.7	34.2	21.7	-999.9	0.0	2.4	96957.2	-999.9
Koutiala	2005	11	8	312	21.6	33.5	22.2	-999.9	0.0	2.6	96978.7	-999.9
Koutiala	2005	11	9	313	19.6	33.5	22.1	-999.9	0.0	2.0	96932.8	-999.9
Koutiala	2005	11	10	314	19.5	33.9	21.9	-999.9	0.0	2.1	96878.2	-999.9
Koutiala	2005	11	11	315	19.4	33.9	21.8	-999.9	0.0	2.0	96816.3	-999.9
Koutiala	2005	11	12	316	19.8	33.9	21.6	-999.9	0.0	1.9	96778.1	-999.9
Koutiala	2005	11	13	317	18.3	33.6	21.8	-999.9	0.0	1.8	96762.8	-999.9
Koutiala	2005	11	14	318	18.2	33.5	21.8	-999.9	0.0	1.7	96801.2	-999.9
Koutiala	2005	11	15	319	18.3	33.6	21.6	-999.9	0.0	2.0	96817.0	-999.9
Koutiala	2005	11	16	320	16.8	33.3	21.7	-999.9	0.0	1.9	96778.9	-999.9
Koutiala	2005	11	17	321	18.3	33.5	21.2	-999.9	0.0	2.1	96752.5	-999.9
Koutiala	2005	11	18	322	18.0	33.0	21.4	-999.9	0.0	1.7	96758.0	-999.9
Koutiala	2005	11	19	323	17.9	33.5	21.3	-999.9	0.0	1.6	96758.1	-999.9
Koutiala	2005	11	20	324	17.9	33.0	21.0	-999.9	0.0	1.7	96777.6	-999.9
Koutiala	2005	11	21	325	19.8	33.8	20.9	-999.9	0.0	2.0	96732.0	-999.9
Koutiala	2005	11	22	326	18.2	33.9	21.3	-999.9	0.0	1.7	96685.0	-999.9
Koutiala	2005	11	23	327	18.0	34.0	21.2	-999.9	0.0	1.7	96708.6	-999.9
Koutiala	2005	11	24	328	17.8	33.6	21.3	-999.9	0.0	1.8	96753.1	-999.9
Koutiala	2005	11	25	329	17.4	34.1	21.3	-999.9	0.0	1.4	96656.1	-999.9
Koutiala	2005	11	26	330	18.5	33.6	21.1	-999.9	0.0	1.7	96666.5	-999.9
Koutiala	2005	11	27	331	18.8	33.1	20.0	-999.9	0.0	1.4	96700.9	-999.9
Koutiala	2005	11	28	332	19.2	33.4	19.7	-999.9	0.0	1.7	96693.4	-999.9
Koutiala	2005	11	29	333	20.4	33.9	20.8	-999.9	0.0	1.9	96783.1	-999.9
Koutiala	2005	11	30	334	20.3	33.8	20.7	-999.9	0.0	1.5	96696.1	-999.9
Koutiala	2005	12	1	335	19.1	33.1	20.7	-999.9	0.0	2.2	96622.9	-999.9
Koutiala	2005	12	2	336	20.2	32.7	20.6	-999.9	0.0	2.4	96775.6	-999.9
Koutiala	2005	12	3	337	20.4	33.6	20.7	-999.9	0.0	2.4	96795.6	-999.9
Koutiala	2005	12	4	338	19.3	33.6	21.0	-999.9	0.0	2.4	96783.0	-999.9
Koutiala	2005	12	5	339	19.4	33.2	20.9	-999.9	0.0	2.4	96656.0	-999.9
Koutiala	2005	12	6	340	18.9	32.7	20.7	-999.9	0.0	2.1	96542.0	-999.9
Koutiala	2005	12	7	341	17.9	33.2	20.5	-999.9	0.0	2.0	96605.0	-999.9
Koutiala	2005	12	8	342	18.4	32.6	20.2	-999.9	0.0	1.7	96801.0	-999.9
Koutiala	2005	12	9	343	17.6	33.0	20.6	-999.9	0.0	2.2	96834.1	-999.9
Koutiala	2005	12	10	344	16.9	32.4	20.3	-999.9	0.0	2.0	96756.2	-999.9
Koutiala	2005	12	11	345	16.5	32.5	20.4	-999.9	0.0	1.8	96803.0	-999.9
Koutiala	2005	12	12	346	17.6	33.2	20.4	-999.9	0.0	2.1	96828.0	-999.9
Koutiala	2005	12	13	347	19.3	33.1	20.2	-999.9	0.0	2.4	96805.5	-999.9
Koutiala	2005	12	14	348	19.7	32.3	20.1	-999.9	0.0	2.3	96791.2	-999.9
Koutiala	2005	12	15	349	18.3	32.0	20.2	-999.9	0.0	2.2	96823.2	-999.9
Koutiala	2005	12	16	350	18.3	32.2	20.3	-999.9	0.0	2.2	96899.6	-999.9
Koutiala	2005	12	17	351	17.9	32.2	20.4	-999.9	0.0	2.2	96962.3	-999.9
Koutiala	2005	12	18	352	18.6	33.7	20.5	-999.9	0.0	2.9	96901.8	-999.9
Koutiala	2005	12	19	353	20.3	32.2	20.4	-999.9	0.0	3.0	96931.9	-999.9
Koutiala	2005	12	20	354	18.8	31.2	20.3	-999.9	0.0	2.6	96907.2	-999.9
Koutiala	2005	12	21	355	18.0	31.1	20.3	-999.9	0.0	2.1	96861.1	-999.9
Koutiala	2005	12	22	356	17.2	32.2	20.3	-999.9	0.0	2.1	96919.8	-999.9
Koutiala	2005	12	23	357	18.7	32.6	20.5	-999.9	0.0	2.7	97043.8	-999.9
Koutiala	2005	12	24	358	19.4	32.5	20.3	-999.9	0.0	2.6	97029.4	-999.9
Koutiala	2005	12	25	359	19.7	32.3	20.1	-999.9	0.0	2.8	97022.5	-999.9
Koutiala	2005	12	26	360	19.7	32.5	20.2	-999.9	0.0	2.7	97024.8	-999.9
Koutiala	2005	12	27	361	18.7	32.0	20.0	-999.9	0.0	2.2	96945.8	-999.9
Koutiala	2005	12	28	362	17.9	31.9	20.4	-999.9	0.0	2.1	96823.6	-999.9
Koutiala	2005	12	29	363	16.3	32.3	20.0	-999.9	0.0	1.9	96834.5	-999.9
Koutiala	2005	12	30	364	18.6	29.6	20.1	-999.9	0.0	3.2	96953.7	-999.9
Koutiala	2005	12	31	365	16.6	28.8	20.4	-999.9	0.0	2.7	96981.0	-999.9
