Koutiala	2004	1	1	1	16.4	31.7	19.8	-999.9	0.0	2.0	97054.8	-999.9
Koutiala	2004	1	2	2	16.7	31.9	19.5	-999.9	0.0	1.7	96933.1	-999.9
Koutiala	2004	1	3	3	16.1	32.2	20.4	-999.9	0.0	1.7	96805.3	-999.9
Koutiala	2004	1	4	4	17.6	32.3	20.4	-999.9	0.0	1.9	96721.6	-999.9
Koutiala	2004	1	5	5	17.5	31.9	20.4	-999.9	0.0	2.2	96806.3	-999.9
Koutiala	2004	1	6	6	17.6	31.6	20.5	-999.9	0.0	2.3	96842.1	-999.9
Koutiala	2004	1	7	7	17.7	31.0	20.2	-999.9	0.0	2.6	96811.9	-999.9
Koutiala	2004	1	8	8	17.5	30.9	20.7	-999.9	0.0	2.8	96840.6	-999.9
Koutiala	2004	1	9	9	18.2	30.2	20.5	-999.9	0.0	3.2	97032.9	-999.9
Koutiala	2004	1	10	10	17.2	29.8	20.7	-999.9	0.0	2.6	97014.5	-999.9
Koutiala	2004	1	11	11	15.8	30.4	20.7	-999.9	0.0	2.1	96931.6	-999.9
Koutiala	2004	1	12	12	17.6	32.4	20.7	-999.9	0.0	2.2	96990.8	-999.9
Koutiala	2004	1	13	13	17.6	32.8	20.7	-999.9	0.0	2.0	96986.5	-999.9
Koutiala	2004	1	14	14	18.6	33.4	20.5	-999.9	0.0	2.1	96866.3	-999.9
Koutiala	2004	1	15	15	18.4	32.7	20.9	-999.9	0.0	2.1	96759.4	-999.9
Koutiala	2004	1	16	16	19.1	32.3	19.7	-999.9	0.0	1.9	96759.4	-999.9
Koutiala	2004	1	17	17	18.5	32.9	20.7	-999.9	0.0	1.7	96745.6	-999.9
Koutiala	2004	1	18	18	19.6	33.8	20.0	-999.9	0.0	1.6	96618.5	-999.9
Koutiala	2004	1	19	19	18.7	33.9	21.1	-999.9	0.0	1.9	96586.5	-999.9
Koutiala	2004	1	20	20	19.8	32.6	19.3	-999.9	0.0	2.4	96704.7	-999.9
Koutiala	2004	1	21	21	19.2	31.7	20.8	-999.9	0.0	2.9	96950.1	-999.9
Koutiala	2004	1	22	22	18.1	29.9	21.1	-999.9	0.0	2.5	97068.2	-999.9
Koutiala	2004	1	23	23	17.7	31.2	21.0	-999.9	0.0	2.1	96980.7	-999.9
Koutiala	2004	1	24	24	19.0	30.4	17.5	-999.9	0.0	2.4	96843.5	-999.9
Koutiala	2004	1	25	25	19.1	31.9	18.4	-999.9	0.0	1.7	96774.6	-999.9
Koutiala	2004	1	26	26	21.7	31.4	16.6	-999.9	0.0	1.8	96879.2	-999.9
Koutiala	2004	1	27	27	21.5	32.0	19.8	-999.9	0.0	2.9	97091.1	-999.9
Koutiala	2004	1	28	28	18.9	32.4	21.4	-999.9	0.0	2.4	97096.7	-999.9
Koutiala	2004	1	29	29	18.4	31.8	21.7	-999.9	0.0	2.3	96983.2	-999.9
Koutiala	2004	1	30	30	17.1	32.5	21.7	-999.9	0.0	2.0	96932.3	-999.9
Koutiala	2004	1	31	31	18.1	31.8	21.9	-999.9	0.0	2.6	97048.6	-999.9
Koutiala	2004	2	1	32	18.0	32.9	21.8	-999.9	0.0	2.6	97029.5	-999.9
Koutiala	2004	2	2	33	18.6	34.3	21.9	-999.9	0.0	2.4	96939.8	-999.9
Koutiala	2004	2	3	34	21.5	33.7	21.4	-999.9	0.0	3.4	97036.4	-999.9
Koutiala	2004	2	4	35	19.5	30.8	21.9	-999.9	0.0	3.3	97155.4	-999.9
Koutiala	2004	2	5	36	17.3	29.8	22.6	-999.9	0.0	3.1	97095.0	-999.9
Koutiala	2004	2	6	37	16.4	30.2	22.7	-999.9	0.0	2.7	97061.9	-999.9
Koutiala	2004	2	7	38	17.1	31.4	22.4	-999.9	0.0	2.5	97079.9	-999.9
Koutiala	2004	2	8	39	17.7	31.9	22.4	-999.9	0.0	2.7	97037.8	-999.9
Koutiala	2004	2	9	40	17.3	33.1	22.4	-999.9	0.0	2.0	96883.2	-999.9
Koutiala	2004	2	10	41	18.1	35.1	21.7	-999.9	0.0	1.8	96814.8	-999.9
Koutiala	2004	2	11	42	18.6	35.7	22.4	-999.9	0.0	2.1	96854.5	-999.9
Koutiala	2004	2	12	43	19.8	36.0	22.4	-999.9	0.0	2.4	96872.7	-999.9
Koutiala	2004	2	13	44	20.7	36.3	22.8	-999.9	0.0	2.6	96930.4	-999.9
Koutiala	2004	2	14	45	20.6	36.4	22.6	-999.9	0.0	2.1	96923.9	-999.9
Koutiala	2004	2	15	46	20.5	35.5	20.2	-999.9	0.0	2.1	96878.2	-999.9
Koutiala	2004	2	16	47	20.5	35.7	22.8	-999.9	0.0	2.4	96824.6	-999.9
Koutiala	2004	2	17	48	21.1	35.9	22.2	-999.9	0.0	2.5	96879.5	-999.9
Koutiala	2004	2	18	49	20.9	36.0	21.5	-999.9	0.0	2.1	96765.7	-999.9
Koutiala	2004	2	19	50	20.8	36.1	22.6	-999.9	0.0	2.4	96581.1	-999.9
Koutiala	2004	2	20	51	23.3	36.0	20.3	-999.9	0.0	1.9	96551.4	-999.9
Koutiala	2004	2	21	52	24.1	37.0	22.5	-999.9	0.0	1.5	96775.9	-999.9
Koutiala	2004	2	22	53	22.1	37.5	22.9	-999.9	0.0	2.1	96755.0	-999.9
Koutiala	2004	2	23	54	23.0	37.3	23.6	-999.9	0.0	2.3	96666.9	-999.9
Koutiala	2004	2	24	55	21.6	37.0	24.1	-999.9	0.0	2.4	96659.0	-999.9
Koutiala	2004	2	25	56	19.0	36.9	24.1	-999.9	0.0	2.1	96720.7	-999.9
Koutiala	2004	2	26	57	20.3	36.6	22.6	-999.9	0.0	1.7	96795.4	-999.9
Koutiala	2004	2	27	58	25.3	36.4	20.6	-999.9	0.0	1.7	96707.6	-999.9
Koutiala	2004	2	28	59	25.5	36.0	20.6	-999.9	0.7	2.2	96673.8	-999.9
Koutiala	2004	2	29	60	24.1	35.8	20.1	-999.9	0.0	1.6	96715.0	-999.9
Koutiala	2004	3	1	61	24.6	35.2	22.1	-999.9	0.0	2.1	96669.6	-999.9
Koutiala	2004	3	2	62	23.6	34.6	20.8	-999.9	0.0	1.4	96696.2	-999.9
Koutiala	2004	3	3	63	22.8	35.3	23.9	-999.9	0.0	3.4	96801.4	-999.9
Koutiala	2004	3	4	64	19.9	29.9	24.3	-999.9	0.0	3.8	97219.6	-999.9
Koutiala	2004	3	5	65	15.0	29.3	25.4	-999.9	0.0	3.1	97327.2	-999.9
Koutiala	2004	3	6	66	16.5	31.6	25.3	-999.9	0.0	3.0	97160.7	-999.9
Koutiala	2004	3	7	67	18.6	32.6	25.0	-999.9	0.0	2.7	97110.3	-999.9
Koutiala	2004	3	8	68	19.2	34.3	24.7	-999.9	0.0	2.6	97112.5	-999.9
Koutiala	2004	3	9	69	20.0	35.6	24.6	-999.9	0.0	2.1	97048.2	-999.9
Koutiala	2004	3	10	70	22.8	37.1	23.2	-999.9	0.0	2.1	96885.0	-999.9
Koutiala	2004	3	11	71	22.2	37.6	24.0	-999.9	0.0	2.3	96792.9	-999.9
Koutiala	2004	3	12	72	21.9	38.1	24.7	-999.9	0.0	2.5	96807.1	-999.9
Koutiala	2004	3	13	73	22.0	38.1	25.0	-999.9	0.0	2.6	96793.6	-999.9
Koutiala	2004	3	14	74	23.3	38.3	25.1	-999.9	0.0	2.5	96725.4	-999.9
Koutiala	2004	3	15	75	21.2	38.1	25.3	-999.9	0.0	2.4	96689.5	-999.9
Koutiala	2004	3	16	76	21.3	38.7	24.4	-999.9	0.0	2.5	96706.6	-999.9
Koutiala	2004	3	17	77	23.3	38.3	24.9	-999.9	0.0	2.5	96629.7	-999.9
Koutiala	2004	3	18	78	22.2	38.2	25.6	-999.9	0.0	2.6	96680.4	-999.9
Koutiala	2004	3	19	79	22.3	37.8	25.6	-999.9	0.0	2.5	96657.5	-999.9
Koutiala	2004	3	20	80	22.2	38.7	25.5	-999.9	0.0	1.9	96514.7	-999.9
Koutiala	2004	3	21	81	22.2	38.6	25.0	-999.9	0.0	1.7	96478.2	-999.9
Koutiala	2004	3	22	82	25.7	37.9	22.7	-999.9	0.0	1.6	96488.9	-999.9
Koutiala	2004	3	23	83	25.1	38.5	24.5	-999.9	1.5	1.8	96576.0	-999.9
Koutiala	2004	3	24	84	25.5	38.3	23.8	-999.9	1.5	1.7	96584.1	-999.9
Koutiala	2004	3	25	85	25.6	39.3	25.0	-999.9	0.0	1.7	96558.8	-999.9
Koutiala	2004	3	26	86	25.2	39.3	24.9	-999.9	0.0	2.1	96357.5	-999.9
Koutiala	2004	3	27	87	27.4	39.6	23.7	-999.9	0.0	2.2	96203.1	-999.9
Koutiala	2004	3	28	88	29.6	38.2	22.4	-999.9	0.0	2.8	96310.2	-999.9
Koutiala	2004	3	29	89	28.9	37.5	21.4	-999.9	0.0	1.7	96446.9	-999.9
Koutiala	2004	3	30	90	27.3	38.0	21.1	-999.9	0.0	1.6	96592.5	-999.9
Koutiala	2004	3	31	91	26.8	37.8	23.1	-999.9	0.0	2.7	96660.3	-999.9
Koutiala	2004	4	1	92	26.6	36.1	22.1	-999.9	2.2	1.7	96731.7	-999.9
Koutiala	2004	4	2	93	27.4	37.7	23.0	-999.9	0.0	1.9	96831.3	-999.9
Koutiala	2004	4	3	94	26.4	39.4	24.1	-999.9	0.0	2.6	96817.1	-999.9
Koutiala	2004	4	4	95	26.6	38.9	24.9	-999.9	0.0	2.5	96878.8	-999.9
Koutiala	2004	4	5	96	23.0	37.7	26.0	-999.9	0.0	1.9	96840.7	-999.9
Koutiala	2004	4	6	97	21.4	37.5	26.3	-999.9	0.0	1.3	96682.2	-999.9
Koutiala	2004	4	7	98	22.2	38.1	25.6	-999.9	0.0	1.9	96678.0	-999.9
Koutiala	2004	4	8	99	25.4	37.9	24.1	-999.9	0.0	2.1	96734.3	-999.9
Koutiala	2004	4	9	100	27.5	37.6	22.4	-999.9	0.0	2.3	96701.2	-999.9
Koutiala	2004	4	10	101	27.5	37.9	22.7	-999.9	0.0	2.4	96562.3	-999.9
Koutiala	2004	4	11	102	26.2	37.0	22.7	-999.9	0.0	1.7	96643.8	-999.9
Koutiala	2004	4	12	103	25.6	35.7	22.3	-999.9	0.0	1.4	96681.3	-999.9
Koutiala	2004	4	13	104	26.9	38.1	22.8	-999.9	0.0	1.6	96402.7	-999.9
Koutiala	2004	4	14	105	27.7	38.3	23.8	-999.9	0.0	2.1	96302.1	-999.9
Koutiala	2004	4	15	106	26.7	35.7	21.2	-999.9	0.0	2.7	96597.5	-999.9
Koutiala	2004	4	16	107	26.2	36.0	22.4	-999.9	0.0	1.7	96784.1	-999.9
Koutiala	2004	4	17	108	26.8	36.5	20.3	-999.9	0.0	1.7	96781.0	-999.9
Koutiala	2004	4	18	109	26.5	37.6	22.7	-999.9	0.0	2.5	96698.3	-999.9
Koutiala	2004	4	19	110	26.4	37.0	22.3	-999.9	0.0	2.0	96662.8	-999.9
Koutiala	2004	4	20	111	25.6	38.9	24.7	-999.9	0.0	1.5	96634.3	-999.9
Koutiala	2004	4	21	112	26.8	37.2	22.9	-999.9	0.0	2.3	96700.9	-999.9
Koutiala	2004	4	22	113	27.4	38.1	23.9	-999.9	0.0	1.9	96593.7	-999.9
Koutiala	2004	4	23	114	26.9	38.2	24.6	-999.9	0.0	2.3	96425.7	-999.9
Koutiala	2004	4	24	115	27.7	38.5	23.9	-999.9	3.5	2.3	96393.8	-999.9
Koutiala	2004	4	25	116	25.6	37.0	23.0	-999.9	0.0	2.6	96507.2	-999.9
Koutiala	2004	4	26	117	24.7	38.0	24.1	-999.9	0.0	2.6	96517.9	-999.9
Koutiala	2004	4	27	118	24.9	33.9	19.0	-999.9	10.8	3.3	96725.1	-999.9
Koutiala	2004	4	28	119	25.9	35.9	22.9	-999.9	0.0	3.1	96784.7	-999.9
Koutiala	2004	4	29	120	25.3	36.5	23.7	-999.9	0.0	2.6	96759.0	-999.9
Koutiala	2004	4	30	121	25.7	36.2	22.8	-999.9	7.2	2.0	96812.0	-999.9
Koutiala	2004	5	1	122	26.8	37.3	23.3	-999.9	0.0	2.1	96749.9	-999.9
Koutiala	2004	5	2	123	27.0	38.2	23.9	-999.9	0.0	2.1	96675.2	-999.9
Koutiala	2004	5	3	124	26.9	38.9	23.7	-999.9	3.9	2.3	96573.7	-999.9
Koutiala	2004	5	4	125	28.4	37.9	23.6	-999.9	0.0	2.5	96601.2	-999.9
Koutiala	2004	5	5	126	27.1	36.4	22.5	-999.9	7.9	2.2	96727.2	-999.9
Koutiala	2004	5	6	127	27.2	37.6	23.3	-999.9	0.0	2.1	96832.3	-999.9
Koutiala	2004	5	7	128	27.0	37.4	24.1	-999.9	0.0	1.9	96874.9	-999.9
Koutiala	2004	5	8	129	27.5	37.9	24.7	-999.9	0.0	1.8	96777.2	-999.9
Koutiala	2004	5	9	130	26.8	38.6	24.5	-999.9	0.0	2.0	96679.2	-999.9
Koutiala	2004	5	10	131	28.2	38.9	25.0	-999.9	2.7	2.3	96654.3	-999.9
Koutiala	2004	5	11	132	28.5	37.8	22.3	-999.9	0.0	2.6	96734.9	-999.9
Koutiala	2004	5	12	133	27.9	38.4	24.2	-999.9	0.0	2.2	96695.1	-999.9
Koutiala	2004	5	13	134	26.6	38.1	24.3	-999.9	0.0	2.5	96643.0	-999.9
Koutiala	2004	5	14	135	27.6	38.0	23.8	-999.9	0.0	2.6	96623.1	-999.9
Koutiala	2004	5	15	136	27.0	37.0	23.3	-999.9	15.2	2.3	96809.9	-999.9
Koutiala	2004	5	16	137	27.2	36.6	23.7	-999.9	0.0	2.0	96691.4	-999.9
Koutiala	2004	5	17	138	27.7	37.1	23.8	-999.9	0.0	2.2	96567.7	-999.9
Koutiala	2004	5	18	139	28.4	37.8	23.4	-999.9	9.3	2.8	96693.5	-999.9
Koutiala	2004	5	19	140	27.3	38.1	24.2	-999.9	0.0	2.6	96817.9	-999.9
Koutiala	2004	5	20	141	25.5	37.1	24.3	-999.9	9.3	2.7	96862.8	-999.9
Koutiala	2004	5	21	142	26.7	36.7	24.8	-999.9	0.0	2.6	96846.1	-999.9
Koutiala	2004	5	22	143	27.2	36.9	24.5	-999.9	0.0	2.3	96795.9	-999.9
Koutiala	2004	5	23	144	27.3	36.4	23.5	-999.9	12.2	2.4	96880.3	-999.9
Koutiala	2004	5	24	145	26.0	35.2	23.2	-999.9	0.0	1.8	96982.5	-999.9
Koutiala	2004	5	25	146	25.9	36.9	24.2	-999.9	0.0	2.5	96949.9	-999.9
Koutiala	2004	5	26	147	25.5	38.4	24.7	-999.9	5.9	2.9	96827.1	-999.9
Koutiala	2004	5	27	148	24.7	36.3	24.6	-999.9	0.0	2.7	96995.7	-999.9
Koutiala	2004	5	28	149	25.4	35.7	23.4	-999.9	0.0	2.3	97170.4	-999.9
Koutiala	2004	5	29	150	26.2	35.9	22.6	-999.9	5.9	2.3	97038.7	-999.9
Koutiala	2004	5	30	151	25.7	36.2	22.9	-999.9	0.0	1.9	96910.8	-999.9
Koutiala	2004	5	31	152	25.4	36.9	25.3	-999.9	0.0	2.2	96703.1	-999.9
Koutiala	2004	6	1	153	25.8	35.7	23.8	-999.9	11.9	2.6	96843.9	-999.9
Koutiala	2004	6	2	154	25.0	35.1	24.6	-999.9	23.7	2.1	97114.4	-999.9
Koutiala	2004	6	3	155	24.4	32.8	17.5	-999.9	0.0	1.3	97243.9	-999.9
Koutiala	2004	6	4	156	24.9	35.5	24.2	-999.9	0.0	2.4	97035.9	-999.9
Koutiala	2004	6	5	157	24.8	36.4	24.9	-999.9	0.0	2.5	96927.8	-999.9
Koutiala	2004	6	6	158	25.3	36.1	24.8	-999.9	0.0	3.0	96964.2	-999.9
Koutiala	2004	6	7	159	25.5	34.5	23.3	-999.9	21.8	2.2	97148.8	-999.9
Koutiala	2004	6	8	160	24.4	34.6	24.2	-999.9	0.0	1.7	97147.9	-999.9
Koutiala	2004	6	9	161	25.0	35.2	24.3	-999.9	14.5	1.7	97109.5	-999.9
Koutiala	2004	6	10	162	24.4	35.2	23.9	-999.9	0.0	2.1	97018.1	-999.9
Koutiala	2004	6	11	163	25.2	34.6	24.1	-999.9	0.0	2.2	96987.8	-999.9
Koutiala	2004	6	12	164	24.0	34.4	22.6	-999.9	7.8	2.1	97113.4	-999.9
Koutiala	2004	6	13	165	23.6	33.3	23.8	-999.9	0.0	2.1	97215.9	-999.9
Koutiala	2004	6	14	166	24.6	34.5	24.2	-999.9	0.0	1.9	97189.7	-999.9
Koutiala	2004	6	15	167	24.1	35.1	24.6	-999.9	15.7	2.2	97031.9	-999.9
Koutiala	2004	6	16	168	25.3	34.2	24.0	-999.9	0.0	2.8	96978.6	-999.9
Koutiala	2004	6	17	169	25.7	33.2	22.9	-999.9	0.0	2.6	97061.1	-999.9
Koutiala	2004	6	18	170	25.5	35.0	23.8	-999.9	0.0	2.3	97070.2	-999.9
Koutiala	2004	6	19	171	25.8	35.5	24.1	-999.9	0.0	2.5	97068.6	-999.9
Koutiala	2004	6	20	172	26.5	35.7	23.7	-999.9	0.0	2.6	96941.9	-999.9
Koutiala	2004	6	21	173	25.5	34.0	21.3	-999.9	0.0	2.6	96992.7	-999.9
Koutiala	2004	6	22	174	24.7	35.1	23.3	-999.9	0.0	2.4	97123.9	-999.9
Koutiala	2004	6	23	175	25.5	35.3	24.5	-999.9	0.0	3.2	97097.1	-999.9
Koutiala	2004	6	24	176	25.6	35.6	24.0	-999.9	0.0	2.8	96988.6	-999.9
Koutiala	2004	6	25	177	25.2	35.6	24.3	-999.9	37.7	2.3	96950.0	-999.9
Koutiala	2004	6	26	178	24.8	34.3	22.5	-999.9	4.6	2.3	97071.4	-999.9
Koutiala	2004	6	27	179	23.1	33.8	23.9	-999.9	0.0	1.6	97017.1	-999.9
Koutiala	2004	6	28	180	23.2	33.9	24.4	-999.9	0.0	2.1	97008.8	-999.9
Koutiala	2004	6	29	181	24.9	32.0	21.8	-999.9	4.6	2.3	97009.1	-999.9
Koutiala	2004	6	30	182	23.3	33.1	22.8	-999.9	4.6	1.9	97050.1	-999.9
Koutiala	2004	7	1	183	24.2	30.7	16.3	-999.9	4.6	1.7	97029.0	-999.9
Koutiala	2004	7	2	184	24.2	33.0	24.1	-999.9	9.2	2.0	96970.5	-999.9
Koutiala	2004	7	3	185	23.4	30.8	17.4	-999.9	13.8	1.5	96961.5	-999.9
Koutiala	2004	7	4	186	23.4	31.2	21.5	-999.9	0.0	1.7	96985.5	-999.9
Koutiala	2004	7	5	187	22.6	32.5	24.6	-999.9	4.6	1.4	97006.2	-999.9
Koutiala	2004	7	6	188	24.5	31.8	22.3	-999.9	3.9	1.8	96889.4	-999.9
Koutiala	2004	7	7	189	23.8	29.9	16.7	-999.9	11.8	2.1	96819.3	-999.9
Koutiala	2004	7	8	190	23.0	30.8	20.8	-999.9	0.0	1.9	96882.6	-999.9
Koutiala	2004	7	9	191	23.4	32.0	23.8	-999.9	0.0	2.0	96791.0	-999.9
Koutiala	2004	7	10	192	23.1	31.4	21.1	-999.9	0.0	1.7	96814.9	-999.9
Koutiala	2004	7	11	193	22.1	29.0	18.3	-999.9	11.4	1.9	96927.9	-999.9
Koutiala	2004	7	12	194	21.8	28.9	16.9	-999.9	0.0	2.3	97042.0	-999.9
Koutiala	2004	7	13	195	21.4	31.4	21.4	-999.9	0.0	1.8	97073.6	-999.9
Koutiala	2004	7	14	196	23.4	32.3	21.9	-999.9	11.4	2.2	96922.8	-999.9
Koutiala	2004	7	15	197	22.9	32.0	21.9	-999.9	0.0	2.7	96900.3	-999.9
Koutiala	2004	7	16	198	23.3	32.1	21.2	-999.9	0.0	2.2	96952.5	-999.9
Koutiala	2004	7	17	199	23.6	32.7	22.1	-999.9	8.6	1.7	96938.2	-999.9
Koutiala	2004	7	18	200	23.6	31.1	20.3	-999.9	0.0	1.6	96947.5	-999.9
Koutiala	2004	7	19	201	23.4	31.3	22.1	-999.9	8.6	2.0	96908.8	-999.9
Koutiala	2004	7	20	202	22.9	28.5	15.5	-999.9	34.6	1.9	96858.8	-999.9
Koutiala	2004	7	21	203	22.4	30.6	21.2	-999.9	0.0	1.5	96825.0	-999.9
Koutiala	2004	7	22	204	22.9	28.6	16.2	-999.9	12.2	1.4	96992.8	-999.9
Koutiala	2004	7	23	205	22.5	30.3	22.2	-999.9	0.0	1.7	97052.2	-999.9
Koutiala	2004	7	24	206	22.5	29.1	17.6	-999.9	12.2	1.9	97100.7	-999.9
Koutiala	2004	7	25	207	22.4	27.1	14.1	-999.9	0.0	2.3	97098.5	-999.9
Koutiala	2004	7	26	208	21.6	28.4	17.8	-999.9	0.0	2.2	97085.2	-999.9
Koutiala	2004	7	27	209	21.3	29.7	20.7	-999.9	0.0	1.5	97161.1	-999.9
Koutiala	2004	7	28	210	22.2	28.4	17.3	-999.9	0.0	1.8	97144.1	-999.9
Koutiala	2004	7	29	211	22.0	29.0	17.4	-999.9	30.0	1.3	97074.3	-999.9
Koutiala	2004	7	30	212	22.0	29.1	20.7	-999.9	0.0	1.8	97095.0	-999.9
Koutiala	2004	7	31	213	22.4	29.7	20.7	-999.9	0.0	1.6	97164.5	-999.9
Koutiala	2004	8	1	214	22.1	29.7	18.9	-999.9	14.7	1.6	97122.8	-999.9
Koutiala	2004	8	2	215	23.3	30.5	22.7	-999.9	14.7	1.9	97078.0	-999.9
Koutiala	2004	8	3	216	22.7	31.2	23.6	-999.9	0.0	1.4	96990.1	-999.9
Koutiala	2004	8	4	217	23.0	30.4	22.0	-999.9	0.0	2.1	97015.3	-999.9
Koutiala	2004	8	5	218	22.1	30.0	19.9	-999.9	0.0	2.1	96992.0	-999.9
Koutiala	2004	8	6	219	23.2	30.4	20.8	-999.9	5.0	2.3	97074.1	-999.9
Koutiala	2004	8	7	220	22.8	29.9	19.4	-999.9	5.0	1.7	97150.1	-999.9
Koutiala	2004	8	8	221	22.8	30.5	22.3	-999.9	5.0	1.8	97176.9	-999.9
Koutiala	2004	8	9	222	23.4	31.4	23.0	-999.9	0.0	2.6	97026.9	-999.9
Koutiala	2004	8	10	223	24.4	32.9	23.2	-999.9	5.0	2.8	96857.2	-999.9
Koutiala	2004	8	11	224	23.7	29.7	17.3	-999.9	0.0	2.3	96969.5	-999.9
Koutiala	2004	8	12	225	22.0	27.2	12.9	-999.9	17.4	2.0	97150.8	-999.9
Koutiala	2004	8	13	226	21.9	29.5	20.7	-999.9	0.0	2.3	97214.1	-999.9
Koutiala	2004	8	14	227	22.7	30.6	21.8	-999.9	8.7	1.9	97182.6	-999.9
Koutiala	2004	8	15	228	23.7	30.7	20.1	-999.9	17.4	2.2	97111.6	-999.9
Koutiala	2004	8	16	229	23.1	30.4	20.5	-999.9	15.4	2.5	97018.9	-999.9
Koutiala	2004	8	17	230	22.3	27.7	13.1	-999.9	0.0	1.8	96967.1	-999.9
Koutiala	2004	8	18	231	22.3	29.4	19.9	-999.9	7.7	1.7	97138.6	-999.9
Koutiala	2004	8	19	232	22.3	29.8	19.2	-999.9	15.4	1.4	97215.4	-999.9
Koutiala	2004	8	20	233	23.1	28.9	16.4	-999.9	23.1	1.8	97009.1	-999.9
Koutiala	2004	8	21	234	22.5	29.0	16.6	-999.9	0.0	2.1	96880.9	-999.9
Koutiala	2004	8	22	235	22.8	30.9	20.5	-999.9	0.0	1.9	96840.0	-999.9
Koutiala	2004	8	23	236	23.1	29.5	17.6	-999.9	32.1	1.7	96883.4	-999.9
Koutiala	2004	8	24	237	22.6	25.8	8.6	-999.9	10.7	1.8	96932.8	-999.9
Koutiala	2004	8	25	238	22.1	28.9	18.3	-999.9	0.0	1.9	97074.7	-999.9
Koutiala	2004	8	26	239	21.8	29.9	21.2	-999.9	12.1	1.3	97027.9	-999.9
Koutiala	2004	8	27	240	22.4	28.8	19.5	-999.9	6.1	1.4	96919.8	-999.9
Koutiala	2004	8	28	241	22.4	28.2	16.9	-999.9	6.1	1.5	96969.4	-999.9
Koutiala	2004	8	29	242	22.3	29.8	21.3	-999.9	0.0	1.6	96983.4	-999.9
Koutiala	2004	8	30	243	22.1	30.4	23.4	-999.9	0.0	1.5	97099.8	-999.9
Koutiala	2004	8	31	244	22.7	30.4	23.2	-999.9	12.1	1.5	97101.3	-999.9
Koutiala	2004	9	1	245	22.6	29.2	18.8	-999.9	5.6	1.5	97044.2	-999.9
Koutiala	2004	9	2	246	22.0	30.4	23.4	-999.9	11.1	1.6	96975.4	-999.9
Koutiala	2004	9	3	247	22.2	29.1	19.8	-999.9	0.0	1.4	96965.9	-999.9
Koutiala	2004	9	4	248	21.9	30.9	23.8	-999.9	11.1	1.4	96966.1	-999.9
Koutiala	2004	9	5	249	22.6	30.6	23.4	-999.9	0.0	1.3	96860.7	-999.9
Koutiala	2004	9	6	250	22.6	31.2	24.4	-999.9	0.0	1.6	96746.0	-999.9
Koutiala	2004	9	7	251	22.6	30.4	23.5	-999.9	11.0	1.4	96718.2	-999.9
Koutiala	2004	9	8	252	22.2	27.3	13.3	-999.9	5.5	1.5	96812.7	-999.9
Koutiala	2004	9	9	253	22.2	29.7	21.8	-999.9	5.5	1.6	96943.0	-999.9
Koutiala	2004	9	10	254	22.5	30.1	20.3	-999.9	0.0	1.2	96932.8	-999.9
Koutiala	2004	9	11	255	23.0	31.0	22.7	-999.9	24.7	1.5	96958.6	-999.9
Koutiala	2004	9	12	256	23.0	28.3	16.8	-999.9	0.0	1.6	97040.6	-999.9
Koutiala	2004	9	13	257	22.3	30.8	24.0	-999.9	0.0	1.8	97111.4	-999.9
Koutiala	2004	9	14	258	22.9	31.7	23.9	-999.9	0.0	1.6	97016.6	-999.9
Koutiala	2004	9	15	259	22.5	29.6	20.1	-999.9	0.0	1.8	97040.2	-999.9
Koutiala	2004	9	16	260	22.5	31.0	22.5	-999.9	0.0	1.5	97024.2	-999.9
Koutiala	2004	9	17	261	23.5	31.9	23.1	-999.9	0.0	1.4	96974.9	-999.9
Koutiala	2004	9	18	262	23.5	31.9	23.6	-999.9	3.9	1.9	96904.6	-999.9
Koutiala	2004	9	19	263	23.7	31.9	23.6	-999.9	7.7	2.2	96826.3	-999.9
Koutiala	2004	9	20	264	22.6	30.0	19.9	-999.9	0.0	1.6	96958.5	-999.9
Koutiala	2004	9	21	265	23.1	31.1	22.1	-999.9	0.0	1.5	97108.1	-999.9
Koutiala	2004	9	22	266	22.3	32.2	23.5	-999.9	0.0	1.5	97108.1	-999.9
Koutiala	2004	9	23	267	24.2	32.3	22.9	-999.9	15.1	2.5	97000.7	-999.9
Koutiala	2004	9	24	268	22.9	31.1	21.8	-999.9	7.6	2.2	96985.1	-999.9
Koutiala	2004	9	25	269	22.3	30.7	22.4	-999.9	0.0	1.8	97090.7	-999.9
Koutiala	2004	9	26	270	22.1	32.3	23.4	-999.9	7.1	1.2	97062.2	-999.9
Koutiala	2004	9	27	271	23.1	32.7	23.2	-999.9	0.0	1.7	96972.2	-999.9
Koutiala	2004	9	28	272	23.2	34.3	23.2	-999.9	3.6	2.0	96814.6	-999.9
Koutiala	2004	9	29	273	24.4	35.1	23.4	-999.9	3.6	2.3	96725.8	-999.9
Koutiala	2004	9	30	274	23.6	35.9	24.0	-999.9	0.0	2.1	96652.0	-999.9
Koutiala	2004	10	1	275	23.3	33.4	22.5	-999.9	0.0	2.2	96852.6	-999.9
Koutiala	2004	10	2	276	23.4	33.8	23.2	-999.9	3.5	1.8	96906.3	-999.9
Koutiala	2004	10	3	277	23.7	35.1	23.1	-999.9	0.0	1.7	96798.3	-999.9
Koutiala	2004	10	4	278	25.0	35.0	22.7	-999.9	7.0	1.9	96713.1	-999.9
Koutiala	2004	10	5	279	25.4	33.1	20.4	-999.9	3.5	1.8	96873.6	-999.9
Koutiala	2004	10	6	280	23.8	34.2	22.9	-999.9	0.0	2.0	97027.1	-999.9
Koutiala	2004	10	7	281	23.5	33.8	21.5	-999.9	0.0	1.4	96984.0	-999.9
Koutiala	2004	10	8	282	23.3	35.0	21.8	-999.9	0.0	1.7	96845.4	-999.9
Koutiala	2004	10	9	283	24.3	35.4	23.5	-999.9	0.0	1.8	96839.5	-999.9
Koutiala	2004	10	10	284	25.0	34.7	22.2	-999.9	0.0	1.7	96844.1	-999.9
Koutiala	2004	10	11	285	25.1	34.8	21.6	-999.9	6.9	1.7	96843.7	-999.9
Koutiala	2004	10	12	286	25.1	33.8	20.5	-999.9	0.0	1.9	96894.2	-999.9
Koutiala	2004	10	13	287	23.0	35.9	22.4	-999.9	0.0	1.9	96824.9	-999.9
Koutiala	2004	10	14	288	23.0	34.8	19.7	-999.9	6.9	2.2	96818.2	-999.9
Koutiala	2004	10	15	289	24.5	34.8	20.7	-999.9	13.8	1.9	96892.7	-999.9
Koutiala	2004	10	16	290	22.8	34.5	21.7	-999.9	0.0	1.6	96916.7	-999.9
Koutiala	2004	10	17	291	22.1	34.2	21.3	-999.9	0.0	1.6	96869.6	-999.9
Koutiala	2004	10	18	292	23.7	33.9	20.5	-999.9	0.0	1.7	96897.1	-999.9
Koutiala	2004	10	19	293	23.1	35.5	21.5	-999.9	0.0	1.7	96888.7	-999.9
Koutiala	2004	10	20	294	20.4	36.2	23.7	-999.9	0.0	1.8	96728.2	-999.9
Koutiala	2004	10	21	295	22.1	34.2	22.0	-999.9	0.0	2.2	96729.6	-999.9
Koutiala	2004	10	22	296	24.8	33.6	19.9	-999.9	0.0	1.7	96824.4	-999.9
Koutiala	2004	10	23	297	24.0	34.1	20.1	-999.9	7.7	1.9	96763.7	-999.9
Koutiala	2004	10	24	298	21.9	33.9	20.7	-999.9	0.0	1.3	96800.1	-999.9
Koutiala	2004	10	25	299	22.3	34.8	20.3	-999.9	0.0	1.6	96802.0	-999.9
Koutiala	2004	10	26	300	23.0	34.2	19.4	-999.9	0.0	1.9	96795.2	-999.9
Koutiala	2004	10	27	301	22.9	34.2	20.5	-999.9	0.0	1.7	96808.5	-999.9
Koutiala	2004	10	28	302	24.9	33.5	19.7	-999.9	0.0	1.8	96938.8	-999.9
Koutiala	2004	10	29	303	23.0	35.0	19.9	-999.9	0.0	1.7	96847.0	-999.9
Koutiala	2004	10	30	304	22.6	34.6	21.4	-999.9	0.0	1.5	96734.5	-999.9
Koutiala	2004	10	31	305	23.6	33.3	19.7	-999.9	0.0	2.1	96821.9	-999.9
Koutiala	2004	11	1	306	23.9	33.6	20.5	-999.9	0.0	1.7	96813.4	-999.9
Koutiala	2004	11	2	307	24.3	34.0	19.6	-999.9	2.1	1.5	96784.4	-999.9
Koutiala	2004	11	3	308	24.1	33.2	18.9	-999.9	0.0	1.4	96782.5	-999.9
Koutiala	2004	11	4	309	22.1	33.4	20.4	-999.9	0.0	1.2	96765.9	-999.9
Koutiala	2004	11	5	310	21.9	32.9	19.1	-999.9	0.0	1.5	96757.1	-999.9
Koutiala	2004	11	6	311	24.1	33.3	19.0	-999.9	0.0	1.4	96772.0	-999.9
Koutiala	2004	11	7	312	24.6	34.8	19.8	-999.9	0.0	2.0	96759.5	-999.9
Koutiala	2004	11	8	313	22.4	35.1	21.9	-999.9	0.0	1.8	96755.6	-999.9
Koutiala	2004	11	9	314	21.5	34.8	21.8	-999.9	0.0	1.6	96779.9	-999.9
Koutiala	2004	11	10	315	19.9	35.0	22.1	-999.9	0.0	2.2	96743.1	-999.9
Koutiala	2004	11	11	316	21.6	34.7	21.9	-999.9	0.0	2.2	96640.3	-999.9
Koutiala	2004	11	12	317	21.2	34.8	21.7	-999.9	0.0	1.7	96639.2	-999.9
Koutiala	2004	11	13	318	21.0	33.8	20.4	-999.9	0.0	1.3	96787.3	-999.9
Koutiala	2004	11	14	319	22.9	34.0	19.4	-999.9	0.0	2.0	96804.7	-999.9
Koutiala	2004	11	15	320	23.0	33.9	19.5	-999.9	0.0	2.5	96864.4	-999.9
Koutiala	2004	11	16	321	22.8	33.2	19.5	-999.9	0.0	2.6	96927.3	-999.9
Koutiala	2004	11	17	322	21.0	34.6	21.4	-999.9	0.0	2.6	96961.9	-999.9
Koutiala	2004	11	18	323	20.8	34.1	21.7	-999.9	0.0	2.6	96950.9	-999.9
Koutiala	2004	11	19	324	20.6	34.0	21.4	-999.9	0.0	2.3	96922.7	-999.9
Koutiala	2004	11	20	325	20.5	34.6	21.1	-999.9	0.0	1.9	96965.6	-999.9
Koutiala	2004	11	21	326	22.8	34.4	20.6	-999.9	0.0	1.9	96999.2	-999.9
Koutiala	2004	11	22	327	19.9	35.3	21.4	-999.9	0.0	2.3	96956.9	-999.9
Koutiala	2004	11	23	328	20.9	34.9	21.4	-999.9	0.0	2.1	96865.5	-999.9
Koutiala	2004	11	24	329	20.4	34.2	21.4	-999.9	0.0	2.1	96812.1	-999.9
Koutiala	2004	11	25	330	19.0	34.0	21.4	-999.9	0.0	1.9	96842.2	-999.9
Koutiala	2004	11	26	331	18.3	33.7	21.5	-999.9	0.0	2.0	96895.3	-999.9
Koutiala	2004	11	27	332	17.0	33.6	21.3	-999.9	0.0	2.1	96887.3	-999.9
Koutiala	2004	11	28	333	18.3	33.8	20.9	-999.9	0.0	2.1	96899.4	-999.9
Koutiala	2004	11	29	334	19.7	33.8	20.9	-999.9	0.0	2.0	96949.2	-999.9
Koutiala	2004	11	30	335	20.1	34.0	20.7	-999.9	0.0	1.9	96872.7	-999.9
Koutiala	2004	12	1	336	18.8	34.4	20.6	-999.9	0.0	1.9	96740.2	-999.9
Koutiala	2004	12	2	337	20.7	34.5	20.7	-999.9	0.0	2.2	96717.5	-999.9
Koutiala	2004	12	3	338	18.9	34.7	20.8	-999.9	0.0	2.1	96807.2	-999.9
Koutiala	2004	12	4	339	18.5	34.4	21.0	-999.9	0.0	2.0	96886.9	-999.9
Koutiala	2004	12	5	340	16.7	33.8	21.0	-999.9	0.0	1.9	96892.4	-999.9
Koutiala	2004	12	6	341	17.5	33.6	20.7	-999.9	0.0	1.8	96861.4	-999.9
Koutiala	2004	12	7	342	19.8	34.3	20.3	-999.9	0.0	1.6	96882.1	-999.9
Koutiala	2004	12	8	343	20.2	33.4	20.5	-999.9	0.0	2.0	96913.1	-999.9
Koutiala	2004	12	9	344	19.8	33.4	20.4	-999.9	0.0	2.0	96845.6	-999.9
Koutiala	2004	12	10	345	18.5	32.9	20.2	-999.9	0.0	1.6	96760.4	-999.9
Koutiala	2004	12	11	346	19.7	33.0	20.2	-999.9	0.0	2.0	96771.2	-999.9
Koutiala	2004	12	12	347	20.2	33.4	20.0	-999.9	0.0	1.8	96862.0	-999.9
Koutiala	2004	12	13	348	20.4	34.0	19.4	-999.9	0.5	1.3	96901.3	-999.9
Koutiala	2004	12	14	349	20.4	34.6	20.0	-999.9	0.0	1.7	96794.1	-999.9
Koutiala	2004	12	15	350	20.0	34.6	19.3	-999.9	0.0	2.0	96670.1	-999.9
Koutiala	2004	12	16	351	23.4	34.0	18.4	-999.9	0.0	1.4	96636.9	-999.9
Koutiala	2004	12	17	352	24.1	33.6	18.3	-999.9	0.0	1.5	96749.8	-999.9
Koutiala	2004	12	18	353	21.2	34.7	20.2	-999.9	0.0	2.1	96855.6	-999.9
Koutiala	2004	12	19	354	20.0	34.2	20.3	-999.9	0.0	1.9	96895.2	-999.9
Koutiala	2004	12	20	355	19.1	34.5	20.2	-999.9	0.0	1.7	96776.9	-999.9
Koutiala	2004	12	21	356	19.8	34.7	20.1	-999.9	0.0	1.6	96683.7	-999.9
Koutiala	2004	12	22	357	21.1	34.4	19.6	-999.9	0.0	1.6	96679.0	-999.9
Koutiala	2004	12	23	358	21.7	35.0	19.8	-999.9	0.0	1.7	96631.8	-999.9
Koutiala	2004	12	24	359	20.5	35.1	20.1	-999.9	0.0	1.9	96545.1	-999.9
Koutiala	2004	12	25	360	20.4	34.7	20.1	-999.9	0.0	1.9	96605.5	-999.9
Koutiala	2004	12	26	361	21.5	33.7	20.0	-999.9	0.0	2.3	96707.3	-999.9
Koutiala	2004	12	27	362	20.5	33.4	19.7	-999.9	0.0	1.7	96804.9	-999.9
Koutiala	2004	12	28	363	21.5	33.8	19.3	-999.9	0.0	2.2	96965.3	-999.9
Koutiala	2004	12	29	364	21.6	33.7	20.2	-999.9	0.0	3.0	96971.7	-999.9
Koutiala	2004	12	30	365	19.9	31.6	20.3	-999.9	0.0	2.8	96919.0	-999.9
Koutiala	2004	12	31	366	18.2	30.2	20.3	-999.9	0.0	2.7	97012.5	-999.9
