Koutiala	2008	1	1	1	14.1	27.9	20.8	-999.9	0.0	2.4	97057.3	-999.9
Koutiala	2008	1	2	2	13.8	28.2	20.7	-999.9	0.0	2.4	97157.3	-999.9
Koutiala	2008	1	3	3	13.5	28.8	20.9	-999.9	0.0	2.3	97199.6	-999.9
Koutiala	2008	1	4	4	14.3	29.6	20.8	-999.9	0.0	2.1	97143.6	-999.9
Koutiala	2008	1	5	5	14.9	29.7	20.9	-999.9	0.0	2.6	97121.3	-999.9
Koutiala	2008	1	6	6	14.5	26.8	21.2	-999.9	0.0	3.0	97247.0	-999.9
Koutiala	2008	1	7	7	12.6	25.5	21.4	-999.9	0.0	2.7	97281.1	-999.9
Koutiala	2008	1	8	8	12.7	26.1	20.2	-999.9	0.0	2.5	97155.6	-999.9
Koutiala	2008	1	9	9	12.3	27.1	21.4	-999.9	0.0	2.3	97028.7	-999.9
Koutiala	2008	1	10	10	14.0	29.3	21.0	-999.9	0.0	2.2	96940.5	-999.9
Koutiala	2008	1	11	11	15.2	30.2	20.6	-999.9	0.0	2.3	96893.9	-999.9
Koutiala	2008	1	12	12	16.3	31.4	20.3	-999.9	0.0	2.3	96905.6	-999.9
Koutiala	2008	1	13	13	17.6	32.3	20.6	-999.9	0.0	2.3	96925.1	-999.9
Koutiala	2008	1	14	14	18.2	32.8	19.7	-999.9	0.0	2.2	96939.0	-999.9
Koutiala	2008	1	15	15	18.5	33.8	21.0	-999.9	0.0	2.4	96890.8	-999.9
Koutiala	2008	1	16	16	18.6	32.0	21.0	-999.9	0.0	3.0	96945.0	-999.9
Koutiala	2008	1	17	17	17.6	30.1	21.1	-999.9	0.0	3.2	97043.2	-999.9
Koutiala	2008	1	18	18	15.6	29.8	21.3	-999.9	0.0	2.6	97012.0	-999.9
Koutiala	2008	1	19	19	16.0	30.6	21.3	-999.9	0.0	2.6	96974.0	-999.9
Koutiala	2008	1	20	20	16.6	30.8	21.4	-999.9	0.0	2.9	97004.0	-999.9
Koutiala	2008	1	21	21	16.7	30.0	21.5	-999.9	0.0	3.3	97093.5	-999.9
Koutiala	2008	1	22	22	15.9	28.8	21.7	-999.9	0.0	3.0	97206.2	-999.9
Koutiala	2008	1	23	23	15.2	28.8	22.0	-999.9	0.0	2.7	97137.6	-999.9
Koutiala	2008	1	24	24	15.0	29.1	22.0	-999.9	0.0	2.8	97081.9	-999.9
Koutiala	2008	1	25	25	15.3	29.8	22.1	-999.9	0.0	2.7	97103.5	-999.9
Koutiala	2008	1	26	26	15.8	29.8	22.2	-999.9	0.0	3.1	97106.2	-999.9
Koutiala	2008	1	27	27	15.8	29.4	22.1	-999.9	0.0	3.3	97198.4	-999.9
Koutiala	2008	1	28	28	15.3	29.1	22.3	-999.9	0.0	2.9	97160.5	-999.9
Koutiala	2008	1	29	29	16.4	29.4	22.1	-999.9	0.0	3.0	97038.2	-999.9
Koutiala	2008	1	30	30	16.7	29.5	20.2	-999.9	0.0	3.2	97039.4	-999.9
Koutiala	2008	1	31	31	16.7	30.7	21.9	-999.9	0.0	3.0	96951.2	-999.9
Koutiala	2008	2	1	32	16.8	31.8	22.2	-999.9	0.0	2.7	96939.0	-999.9
Koutiala	2008	2	2	33	16.2	32.7	22.4	-999.9	0.0	2.4	96849.3	-999.9
Koutiala	2008	2	3	34	16.8	33.6	22.4	-999.9	0.0	2.4	96908.4	-999.9
Koutiala	2008	2	4	35	18.4	35.0	22.3	-999.9	0.0	2.4	96958.0	-999.9
Koutiala	2008	2	5	36	19.7	35.6	22.1	-999.9	0.0	2.4	96962.8	-999.9
Koutiala	2008	2	6	37	20.3	36.2	22.2	-999.9	0.0	2.4	96973.4	-999.9
Koutiala	2008	2	7	38	20.6	35.9	22.3	-999.9	0.0	2.5	96907.7	-999.9
Koutiala	2008	2	8	39	20.6	34.7	22.4	-999.9	0.0	2.7	96813.5	-999.9
Koutiala	2008	2	9	40	20.6	34.4	22.5	-999.9	0.0	2.9	96848.6	-999.9
Koutiala	2008	2	10	41	20.5	34.9	22.4	-999.9	0.0	2.8	96921.6	-999.9
Koutiala	2008	2	11	42	20.6	35.4	22.0	-999.9	0.0	2.6	96932.9	-999.9
Koutiala	2008	2	12	43	19.7	34.9	22.6	-999.9	0.0	2.4	96857.9	-999.9
Koutiala	2008	2	13	44	19.7	34.6	22.7	-999.9	0.0	2.9	96888.6	-999.9
Koutiala	2008	2	14	45	19.4	34.6	22.9	-999.9	0.0	2.6	96822.1	-999.9
Koutiala	2008	2	15	46	19.4	35.4	23.1	-999.9	0.0	2.6	96811.4	-999.9
Koutiala	2008	2	16	47	20.0	36.0	23.0	-999.9	0.0	3.0	96861.1	-999.9
Koutiala	2008	2	17	48	22.2	34.6	23.1	-999.9	0.0	3.5	96963.8	-999.9
Koutiala	2008	2	18	49	20.5	34.1	23.3	-999.9	0.0	3.3	97002.1	-999.9
Koutiala	2008	2	19	50	20.2	34.0	23.5	-999.9	0.0	3.2	96978.1	-999.9
Koutiala	2008	2	20	51	19.9	33.4	23.5	-999.9	0.0	3.1	97043.7	-999.9
Koutiala	2008	2	21	52	19.2	33.1	23.6	-999.9	0.0	3.0	97015.9	-999.9
Koutiala	2008	2	22	53	18.8	34.2	23.6	-999.9	0.0	2.4	97011.4	-999.9
Koutiala	2008	2	23	54	19.7	35.9	23.7	-999.9	0.0	2.1	96978.3	-999.9
Koutiala	2008	2	24	55	19.1	37.2	23.8	-999.9	0.0	1.8	96819.2	-999.9
Koutiala	2008	2	25	56	20.1	37.7	23.8	-999.9	0.0	2.3	96737.2	-999.9
Koutiala	2008	2	26	57	20.4	36.5	22.0	-999.9	0.0	2.0	96735.9	-999.9
Koutiala	2008	2	27	58	23.0	35.9	20.2	-999.9	0.0	1.9	96742.1	-999.9
Koutiala	2008	2	28	59	23.1	37.1	23.8	-999.9	0.0	2.2	96781.3	-999.9
Koutiala	2008	2	29	60	22.3	36.8	23.9	-999.9	0.0	2.2	96801.8	-999.9
Koutiala	2008	3	1	61	21.2	36.7	24.3	-999.9	0.0	2.2	96701.0	-999.9
Koutiala	2008	3	2	62	21.9	37.3	24.4	-999.9	0.0	2.1	96597.9	-999.9
Koutiala	2008	3	3	63	22.6	37.1	24.2	-999.9	0.0	2.6	96634.9	-999.9
Koutiala	2008	3	4	64	20.6	36.6	23.7	-999.9	0.0	2.0	96652.2	-999.9
Koutiala	2008	3	5	65	22.9	37.2	24.2	-999.9	0.0	2.4	96528.7	-999.9
Koutiala	2008	3	6	66	24.3	36.9	23.3	-999.9	0.0	3.2	96592.1	-999.9
Koutiala	2008	3	7	67	23.4	36.0	24.5	-999.9	0.0	3.4	96739.9	-999.9
Koutiala	2008	3	8	68	21.1	35.2	25.1	-999.9	0.0	2.8	96798.8	-999.9
Koutiala	2008	3	9	69	20.6	35.5	25.1	-999.9	0.0	2.2	96728.8	-999.9
Koutiala	2008	3	10	70	20.0	37.2	25.0	-999.9	0.0	1.9	96528.6	-999.9
Koutiala	2008	3	11	71	20.7	36.5	24.5	-999.9	0.0	1.6	96595.5	-999.9
Koutiala	2008	3	12	72	25.3	34.3	21.2	-999.9	0.0	3.2	96817.9	-999.9
Koutiala	2008	3	13	73	23.4	34.1	20.6	-999.9	0.0	2.1	96858.4	-999.9
Koutiala	2008	3	14	74	22.6	37.7	24.5	-999.9	0.0	2.3	96720.5	-999.9
Koutiala	2008	3	15	75	22.4	38.4	25.0	-999.9	0.0	2.9	96700.6	-999.9
Koutiala	2008	3	16	76	21.1	38.0	25.3	-999.9	0.0	2.4	96768.0	-999.9
Koutiala	2008	3	17	77	22.6	37.6	25.7	-999.9	0.0	2.9	96712.7	-999.9
Koutiala	2008	3	18	78	20.7	37.8	25.8	-999.9	0.0	2.4	96700.7	-999.9
Koutiala	2008	3	19	79	20.5	37.4	25.7	-999.9	0.0	1.6	96670.5	-999.9
Koutiala	2008	3	20	80	22.2	37.4	23.8	-999.9	0.0	2.1	96659.8	-999.9
Koutiala	2008	3	21	81	26.4	36.4	21.3	-999.9	0.0	1.8	96564.0	-999.9
Koutiala	2008	3	22	82	26.8	35.9	20.3	-999.9	2.5	2.0	96519.4	-999.9
Koutiala	2008	3	23	83	24.2	35.9	22.7	-999.9	0.0	1.3	96628.4	-999.9
Koutiala	2008	3	24	84	26.1	35.9	20.5	-999.9	0.0	2.2	96725.1	-999.9
Koutiala	2008	3	25	85	25.5	36.9	23.0	-999.9	0.0	2.0	96781.8	-999.9
Koutiala	2008	3	26	86	23.3	39.3	25.4	-999.9	0.0	3.0	96627.4	-999.9
Koutiala	2008	3	27	87	27.6	39.8	25.7	-999.9	0.0	4.0	96528.8	-999.9
Koutiala	2008	3	28	88	25.4	39.1	26.0	-999.9	0.0	3.1	96474.4	-999.9
Koutiala	2008	3	29	89	22.8	38.5	26.2	-999.9	0.0	2.3	96516.9	-999.9
Koutiala	2008	3	30	90	21.0	38.6	26.4	-999.9	0.0	2.2	96443.9	-999.9
Koutiala	2008	3	31	91	21.4	39.5	26.4	-999.9	0.0	2.3	96311.1	-999.9
Koutiala	2008	4	1	92	21.9	38.2	25.1	-999.9	0.0	1.6	96281.3	-999.9
Koutiala	2008	4	2	93	24.6	38.6	25.7	-999.9	0.0	2.4	96375.5	-999.9
Koutiala	2008	4	3	94	25.5	38.0	25.8	-999.9	0.0	3.1	96520.2	-999.9
Koutiala	2008	4	4	95	21.7	35.8	26.2	-999.9	0.0	2.5	96696.1	-999.9
Koutiala	2008	4	5	96	20.9	35.1	26.7	-999.9	0.0	2.8	96714.9	-999.9
Koutiala	2008	4	6	97	20.6	36.2	25.8	-999.9	0.0	2.4	96739.3	-999.9
Koutiala	2008	4	7	98	20.5	37.4	26.1	-999.9	0.0	2.6	96775.4	-999.9
Koutiala	2008	4	8	99	23.1	38.2	26.3	-999.9	0.0	2.8	96712.6	-999.9
Koutiala	2008	4	9	100	21.2	38.1	26.4	-999.9	0.0	2.4	96690.6	-999.9
Koutiala	2008	4	10	101	22.1	38.2	26.9	-999.9	0.0	2.4	96509.4	-999.9
Koutiala	2008	4	11	102	21.8	38.0	26.6	-999.9	0.0	2.1	96428.1	-999.9
Koutiala	2008	4	12	103	23.9	36.5	21.5	-999.9	0.0	1.7	96493.7	-999.9
Koutiala	2008	4	13	104	25.9	38.8	23.7	-999.9	0.0	1.5	96411.0	-999.9
Koutiala	2008	4	14	105	22.4	38.7	25.7	-999.9	0.0	1.8	96390.8	-999.9
Koutiala	2008	4	15	106	24.8	38.4	25.3	-999.9	0.0	2.3	96413.2	-999.9
Koutiala	2008	4	16	107	27.7	36.9	22.2	-999.9	0.0	2.4	96609.9	-999.9
Koutiala	2008	4	17	108	26.0	36.9	23.0	-999.9	0.0	2.7	96694.9	-999.9
Koutiala	2008	4	18	109	26.8	38.1	21.9	-999.9	0.0	1.8	96559.5	-999.9
Koutiala	2008	4	19	110	28.4	38.6	24.1	-999.9	0.0	3.0	96615.0	-999.9
Koutiala	2008	4	20	111	27.9	39.4	24.8	-999.9	7.5	2.0	96620.1	-999.9
Koutiala	2008	4	21	112	25.3	37.5	21.6	-999.9	4.1	2.1	96597.9	-999.9
Koutiala	2008	4	22	113	26.3	39.2	24.9	-999.9	0.0	1.9	96397.8	-999.9
Koutiala	2008	4	23	114	26.8	38.7	22.9	-999.9	0.0	2.5	96439.4	-999.9
Koutiala	2008	4	24	115	26.6	38.0	24.2	-999.9	2.0	2.0	96525.0	-999.9
Koutiala	2008	4	25	116	26.8	38.3	24.3	-999.9	0.0	2.0	96509.7	-999.9
Koutiala	2008	4	26	117	26.7	38.7	24.1	-999.9	0.0	2.3	96421.9	-999.9
Koutiala	2008	4	27	118	27.7	37.8	23.4	-999.9	0.0	2.3	96526.2	-999.9
Koutiala	2008	4	28	119	27.4	37.2	23.1	-999.9	0.0	2.3	96526.5	-999.9
Koutiala	2008	4	29	120	24.3	36.7	22.9	-999.9	0.0	1.8	96550.9	-999.9
Koutiala	2008	4	30	121	23.6	33.0	22.8	-999.9	0.0	1.4	96633.6	-999.9
Koutiala	2008	5	1	122	25.4	34.6	22.6	-999.9	0.0	1.5	96649.8	-999.9
Koutiala	2008	5	2	123	25.1	38.4	25.2	-999.9	0.0	2.5	96613.9	-999.9
Koutiala	2008	5	3	124	22.1	39.1	25.9	-999.9	0.0	2.4	96502.4	-999.9
Koutiala	2008	5	4	125	25.0	38.7	24.9	-999.9	0.0	2.2	96534.2	-999.9
Koutiala	2008	5	5	126	27.2	38.5	25.2	-999.9	3.6	2.4	96632.0	-999.9
Koutiala	2008	5	6	127	26.6	37.2	24.8	-999.9	0.0	2.3	96723.0	-999.9
Koutiala	2008	5	7	128	26.9	37.6	24.6	-999.9	0.0	1.9	96697.8	-999.9
Koutiala	2008	5	8	129	28.5	38.0	23.2	-999.9	0.0	2.1	96573.3	-999.9
Koutiala	2008	5	9	130	26.4	37.5	22.9	-999.9	0.0	3.1	96568.2	-999.9
Koutiala	2008	5	10	131	26.0	37.0	23.7	-999.9	3.3	2.2	96691.0	-999.9
Koutiala	2008	5	11	132	25.7	37.0	23.9	-999.9	6.1	1.5	96761.5	-999.9
Koutiala	2008	5	12	133	25.0	34.1	20.7	-999.9	3.0	2.2	96805.2	-999.9
Koutiala	2008	5	13	134	25.6	33.5	21.0	-999.9	0.0	2.3	96865.5	-999.9
Koutiala	2008	5	14	135	25.9	36.2	22.8	-999.9	0.0	1.9	96859.3	-999.9
Koutiala	2008	5	15	136	25.7	38.8	24.5	-999.9	0.0	2.0	96790.4	-999.9
Koutiala	2008	5	16	137	26.8	39.2	24.7	-999.9	0.0	2.4	96687.6	-999.9
Koutiala	2008	5	17	138	27.1	38.3	23.8	-999.9	9.9	3.0	96755.6	-999.9
Koutiala	2008	5	18	139	26.2	35.8	21.2	-999.9	0.0	1.7	96759.3	-999.9
Koutiala	2008	5	19	140	25.8	35.9	22.4	-999.9	0.0	2.2	96692.7	-999.9
Koutiala	2008	5	20	141	25.3	36.6	22.5	-999.9	6.6	1.8	96751.1	-999.9
Koutiala	2008	5	21	142	23.6	34.5	21.4	-999.9	2.2	2.2	96771.7	-999.9
Koutiala	2008	5	22	143	25.9	36.7	24.2	-999.9	0.0	2.2	96648.8	-999.9
Koutiala	2008	5	23	144	25.4	38.1	24.8	-999.9	0.0	2.1	96583.4	-999.9
Koutiala	2008	5	24	145	25.4	37.4	24.4	-999.9	0.0	2.7	96548.7	-999.9
Koutiala	2008	5	25	146	25.7	36.7	24.4	-999.9	4.4	2.8	96650.2	-999.9
Koutiala	2008	5	26	147	24.4	35.2	22.6	-999.9	0.0	2.0	96777.7	-999.9
Koutiala	2008	5	27	148	24.8	36.1	24.3	-999.9	0.0	1.5	96739.5	-999.9
Koutiala	2008	5	28	149	26.4	39.7	23.9	-999.9	0.0	2.5	96506.8	-999.9
Koutiala	2008	5	29	150	25.6	36.2	23.3	-999.9	0.0	3.3	96683.6	-999.9
Koutiala	2008	5	30	151	25.1	36.4	23.6	-999.9	0.0	2.1	96879.8	-999.9
Koutiala	2008	5	31	152	25.3	36.6	24.6	-999.9	0.0	1.3	96844.0	-999.9
Koutiala	2008	6	1	153	25.9	38.2	23.9	-999.9	4.8	1.9	96757.1	-999.9
Koutiala	2008	6	2	154	24.9	37.2	25.1	-999.9	4.8	2.5	96713.4	-999.9
Koutiala	2008	6	3	155	26.0	37.0	23.9	-999.9	0.0	2.4	96785.7	-999.9
Koutiala	2008	6	4	156	23.8	35.8	23.9	-999.9	9.6	2.3	96945.4	-999.9
Koutiala	2008	6	5	157	25.4	36.9	24.5	-999.9	0.0	1.8	96908.6	-999.9
Koutiala	2008	6	6	158	26.4	37.8	24.0	-999.9	0.0	2.6	96782.2	-999.9
Koutiala	2008	6	7	159	26.2	36.6	24.7	-999.9	0.0	3.4	96776.0	-999.9
Koutiala	2008	6	8	160	25.5	36.3	24.5	-999.9	4.0	2.6	96809.7	-999.9
Koutiala	2008	6	9	161	27.1	37.3	23.8	-999.9	0.0	2.0	96764.0	-999.9
Koutiala	2008	6	10	162	26.0	36.4	24.0	-999.9	4.0	1.9	96788.6	-999.9
Koutiala	2008	6	11	163	24.9	33.7	22.9	-999.9	6.5	2.5	96880.9	-999.9
Koutiala	2008	6	12	164	25.3	35.4	24.1	-999.9	12.9	2.1	96858.4	-999.9
Koutiala	2008	6	13	165	23.1	34.6	24.6	-999.9	6.5	1.9	96799.9	-999.9
Koutiala	2008	6	14	166	26.1	35.0	23.7	-999.9	0.0	2.5	96827.5	-999.9
Koutiala	2008	6	15	167	25.7	35.9	24.7	-999.9	0.0	1.9	96868.8	-999.9
Koutiala	2008	6	16	168	26.7	37.9	24.9	-999.9	11.0	2.8	96704.8	-999.9
Koutiala	2008	6	17	169	26.5	36.4	25.0	-999.9	5.5	2.7	96713.2	-999.9
Koutiala	2008	6	18	170	25.1	34.0	22.3	-999.9	0.0	2.8	96872.1	-999.9
Koutiala	2008	6	19	171	25.0	34.6	24.3	-999.9	0.0	2.4	96949.4	-999.9
Koutiala	2008	6	20	172	25.7	35.5	24.3	-999.9	5.5	2.3	96740.1	-999.9
Koutiala	2008	6	21	173	25.5	35.6	23.7	-999.9	5.3	2.8	96615.2	-999.9
Koutiala	2008	6	22	174	26.2	33.8	21.8	-999.9	0.0	2.6	96753.0	-999.9
Koutiala	2008	6	23	175	24.9	34.1	22.6	-999.9	5.3	2.2	96773.1	-999.9
Koutiala	2008	6	24	176	23.3	29.1	12.3	-999.9	5.3	2.3	96862.3	-999.9
Koutiala	2008	6	25	177	23.1	29.9	19.2	-999.9	10.6	2.4	96906.5	-999.9
Koutiala	2008	6	26	178	23.0	27.9	12.7	-999.9	7.1	2.5	97066.3	-999.9
Koutiala	2008	6	27	179	21.9	30.4	20.6	-999.9	0.0	1.4	97084.5	-999.9
Koutiala	2008	6	28	180	23.6	31.7	22.3	-999.9	7.1	1.6	97053.8	-999.9
Koutiala	2008	6	29	181	23.0	29.1	16.3	-999.9	14.2	1.4	97105.0	-999.9
Koutiala	2008	6	30	182	22.5	29.5	20.2	-999.9	7.1	1.9	97126.0	-999.9
Koutiala	2008	7	1	183	22.2	29.2	20.4	-999.9	0.0	1.9	97191.1	-999.9
Koutiala	2008	7	2	184	22.0	31.0	23.7	-999.9	0.0	1.6	97120.8	-999.9
Koutiala	2008	7	3	185	23.6	31.7	23.2	-999.9	0.0	1.7	96999.4	-999.9
Koutiala	2008	7	4	186	22.9	30.9	21.8	-999.9	24.7	2.0	97007.9	-999.9
Koutiala	2008	7	5	187	23.1	29.0	17.7	-999.9	0.0	2.4	97099.6	-999.9
Koutiala	2008	7	6	188	22.7	29.9	18.5	-999.9	0.0	2.1	97026.3	-999.9
Koutiala	2008	7	7	189	22.3	29.8	19.5	-999.9	24.0	2.3	96980.3	-999.9
Koutiala	2008	7	8	190	22.7	29.5	19.3	-999.9	4.8	1.5	97010.9	-999.9
Koutiala	2008	7	9	191	21.9	29.3	16.9	-999.9	0.0	2.0	97093.0	-999.9
Koutiala	2008	7	10	192	22.1	29.3	18.6	-999.9	0.0	2.1	97171.6	-999.9
Koutiala	2008	7	11	193	22.0	30.9	21.5	-999.9	6.4	1.8	97128.1	-999.9
Koutiala	2008	7	12	194	22.7	28.1	15.4	-999.9	12.8	1.9	96930.0	-999.9
Koutiala	2008	7	13	195	22.3	28.8	18.3	-999.9	0.0	1.8	96814.8	-999.9
Koutiala	2008	7	14	196	22.6	31.7	24.6	-999.9	0.0	1.9	96864.4	-999.9
Koutiala	2008	7	15	197	23.9	31.3	22.7	-999.9	19.2	2.7	96832.0	-999.9
Koutiala	2008	7	16	198	23.2	28.0	14.6	-999.9	9.5	2.7	96873.2	-999.9
Koutiala	2008	7	17	199	22.4	27.9	18.7	-999.9	0.0	3.0	97000.8	-999.9
Koutiala	2008	7	18	200	21.6	30.3	23.7	-999.9	0.0	2.4	97045.1	-999.9
Koutiala	2008	7	19	201	23.1	29.5	18.8	-999.9	28.6	2.3	96872.4	-999.9
Koutiala	2008	7	20	202	22.4	24.9	7.3	-999.9	0.0	1.8	96820.4	-999.9
Koutiala	2008	7	21	203	21.4	28.4	16.7	-999.9	0.0	2.3	97093.5	-999.9
Koutiala	2008	7	22	204	21.7	29.3	20.0	-999.9	22.0	2.1	97003.3	-999.9
Koutiala	2008	7	23	205	22.6	28.8	16.9	-999.9	0.0	1.9	96881.4	-999.9
Koutiala	2008	7	24	206	22.3	29.5	20.8	-999.9	0.0	2.0	96973.0	-999.9
Koutiala	2008	7	25	207	22.9	29.7	22.2	-999.9	0.0	1.9	97113.2	-999.9
Koutiala	2008	7	26	208	22.5	29.9	20.4	-999.9	3.4	1.5	97058.0	-999.9
Koutiala	2008	7	27	209	22.5	27.9	16.6	-999.9	6.9	1.3	97071.3	-999.9
Koutiala	2008	7	28	210	22.4	28.3	19.0	-999.9	3.4	2.0	97037.5	-999.9
Koutiala	2008	7	29	211	22.3	29.1	19.3	-999.9	0.0	2.3	97037.6	-999.9
Koutiala	2008	7	30	212	22.7	30.4	22.6	-999.9	10.3	1.8	96971.1	-999.9
Koutiala	2008	7	31	213	22.1	29.4	18.9	-999.9	0.0	1.6	96929.6	-999.9
Koutiala	2008	8	1	214	22.7	30.3	22.3	-999.9	7.2	2.0	96838.4	-999.9
Koutiala	2008	8	2	215	23.2	29.3	19.4	-999.9	0.0	1.7	96828.3	-999.9
Koutiala	2008	8	3	216	22.6	29.9	21.3	-999.9	14.4	1.9	96867.6	-999.9
Koutiala	2008	8	4	217	22.6	29.1	17.4	-999.9	14.4	1.5	96926.6	-999.9
Koutiala	2008	8	5	218	22.3	29.1	19.0	-999.9	0.0	1.4	97000.3	-999.9
Koutiala	2008	8	6	219	22.0	29.5	22.7	-999.9	0.0	1.4	96926.2	-999.9
Koutiala	2008	8	7	220	22.7	29.9	19.5	-999.9	4.9	2.1	96884.2	-999.9
Koutiala	2008	8	8	221	23.2	29.2	15.6	-999.9	14.6	2.1	96824.5	-999.9
Koutiala	2008	8	9	222	21.8	29.4	18.2	-999.9	4.9	2.0	96965.5	-999.9
Koutiala	2008	8	10	223	22.5	28.8	18.0	-999.9	0.0	2.2	96955.5	-999.9
Koutiala	2008	8	11	224	22.8	30.5	23.0	-999.9	0.0	2.1	96821.9	-999.9
Koutiala	2008	8	12	225	23.0	27.5	13.1	-999.9	12.2	2.1	96789.4	-999.9
Koutiala	2008	8	13	226	22.2	29.0	18.1	-999.9	0.0	1.6	96860.9	-999.9
Koutiala	2008	8	14	227	22.3	28.8	18.8	-999.9	18.2	1.9	97061.2	-999.9
Koutiala	2008	8	15	228	22.8	29.3	20.5	-999.9	0.0	2.1	96959.9	-999.9
Koutiala	2008	8	16	229	21.7	29.5	19.6	-999.9	9.4	2.3	96719.0	-999.9
Koutiala	2008	8	17	230	22.1	27.0	13.1	-999.9	4.7	1.8	96739.9	-999.9
Koutiala	2008	8	18	231	21.4	27.1	15.9	-999.9	9.4	1.4	96829.3	-999.9
Koutiala	2008	8	19	232	21.8	26.0	11.6	-999.9	14.2	1.8	96830.2	-999.9
Koutiala	2008	8	20	233	21.8	26.4	14.0	-999.9	4.7	2.8	96818.6	-999.9
Koutiala	2008	8	21	234	21.8	29.0	21.0	-999.9	0.0	2.0	96890.7	-999.9
Koutiala	2008	8	22	235	22.6	29.4	20.1	-999.9	12.7	1.8	96761.8	-999.9
Koutiala	2008	8	23	236	22.2	26.1	10.5	-999.9	19.0	2.0	96825.9	-999.9
Koutiala	2008	8	24	237	21.5	27.2	13.8	-999.9	0.0	2.5	97019.3	-999.9
Koutiala	2008	8	25	238	21.2	29.2	22.6	-999.9	6.3	1.6	97016.5	-999.9
Koutiala	2008	8	26	239	22.1	27.6	14.2	-999.9	7.6	1.7	96872.0	-999.9
Koutiala	2008	8	27	240	21.6	28.3	17.1	-999.9	0.0	1.8	96791.6	-999.9
Koutiala	2008	8	28	241	21.2	28.6	18.3	-999.9	0.0	1.5	96820.6	-999.9
Koutiala	2008	8	29	242	22.1	29.4	19.5	-999.9	11.4	2.1	96784.3	-999.9
Koutiala	2008	8	30	243	21.4	28.0	16.8	-999.9	7.6	2.3	96877.4	-999.9
Koutiala	2008	8	31	244	20.5	28.9	17.8	-999.9	0.0	1.6	96915.5	-999.9
Koutiala	2008	9	1	245	21.9	29.3	21.8	-999.9	0.0	1.4	96837.7	-999.9
Koutiala	2008	9	2	246	21.8	25.9	12.7	-999.9	25.8	1.7	96848.5	-999.9
Koutiala	2008	9	3	247	21.6	26.8	11.7	-999.9	6.4	1.4	96971.1	-999.9
Koutiala	2008	9	4	248	20.0	30.5	23.4	-999.9	0.0	1.2	96944.9	-999.9
Koutiala	2008	9	5	249	22.8	27.9	17.3	-999.9	6.4	1.7	96981.1	-999.9
Koutiala	2008	9	6	250	22.3	30.2	21.3	-999.9	0.0	1.9	97067.6	-999.9
Koutiala	2008	9	7	251	22.2	30.8	23.8	-999.9	5.6	1.3	96965.6	-999.9
Koutiala	2008	9	8	252	22.3	30.2	22.7	-999.9	16.9	1.7	96916.3	-999.9
Koutiala	2008	9	9	253	22.4	30.1	21.6	-999.9	0.0	1.3	97015.6	-999.9
Koutiala	2008	9	10	254	23.0	29.9	20.2	-999.9	0.0	1.7	97068.1	-999.9
Koutiala	2008	9	11	255	22.1	28.5	16.4	-999.9	0.0	2.1	96919.6	-999.9
Koutiala	2008	9	12	256	21.9	28.6	17.4	-999.9	0.0	1.8	96874.5	-999.9
Koutiala	2008	9	13	257	22.1	29.6	21.9	-999.9	0.0	1.5	96906.0	-999.9
Koutiala	2008	9	14	258	21.9	28.0	15.9	-999.9	25.0	1.1	96984.5	-999.9
Koutiala	2008	9	15	259	21.9	29.0	19.5	-999.9	0.0	1.4	96956.5	-999.9
Koutiala	2008	9	16	260	22.3	24.7	7.9	-999.9	0.0	2.2	96939.3	-999.9
Koutiala	2008	9	17	261	21.8	29.0	19.7	-999.9	0.0	2.0	96996.7	-999.9
Koutiala	2008	9	18	262	21.9	30.4	23.0	-999.9	0.0	1.8	96981.1	-999.9
Koutiala	2008	9	19	263	23.3	28.9	17.4	-999.9	17.5	1.9	96937.2	-999.9
Koutiala	2008	9	20	264	22.1	29.1	20.3	-999.9	0.0	1.6	97113.9	-999.9
Koutiala	2008	9	21	265	22.1	30.2	22.8	-999.9	0.0	1.7	97066.8	-999.9
Koutiala	2008	9	22	266	21.8	31.1	24.2	-999.9	0.0	1.5	96939.7	-999.9
Koutiala	2008	9	23	267	22.9	30.6	21.5	-999.9	0.0	1.3	96837.8	-999.9
Koutiala	2008	9	24	268	23.0	29.0	19.3	-999.9	4.7	2.2	96944.0	-999.9
Koutiala	2008	9	25	269	22.3	30.9	23.5	-999.9	0.0	1.7	96946.6	-999.9
Koutiala	2008	9	26	270	22.6	30.2	22.2	-999.9	7.2	1.5	96918.0	-999.9
Koutiala	2008	9	27	271	22.6	30.5	22.0	-999.9	0.0	1.4	96928.7	-999.9
Koutiala	2008	9	28	272	23.0	30.3	22.5	-999.9	0.0	1.6	97019.4	-999.9
Koutiala	2008	9	29	273	22.9	30.3	22.1	-999.9	14.4	1.5	96992.9	-999.9
Koutiala	2008	9	30	274	22.6	29.5	21.1	-999.9	0.0	1.7	97012.9	-999.9
Koutiala	2008	10	1	275	22.5	30.0	21.4	-999.9	30.7	1.3	96986.8	-999.9
Koutiala	2008	10	2	276	21.9	29.6	20.4	-999.9	0.0	1.7	96964.4	-999.9
Koutiala	2008	10	3	277	22.2	30.9	23.1	-999.9	0.0	1.5	96876.6	-999.9
Koutiala	2008	10	4	278	22.5	29.9	19.6	-999.9	0.0	2.0	96827.4	-999.9
Koutiala	2008	10	5	279	22.2	31.1	22.9	-999.9	0.0	1.3	96739.4	-999.9
Koutiala	2008	10	6	280	22.6	32.2	22.2	-999.9	0.0	1.5	96802.5	-999.9
Koutiala	2008	10	7	281	23.5	32.8	23.2	-999.9	0.0	1.4	96861.5	-999.9
Koutiala	2008	10	8	282	24.3	30.3	21.3	-999.9	0.0	2.4	96877.7	-999.9
Koutiala	2008	10	9	283	22.9	32.3	23.0	-999.9	0.0	2.3	96686.2	-999.9
Koutiala	2008	10	10	284	22.9	32.2	22.1	-999.9	9.1	2.3	96687.0	-999.9
Koutiala	2008	10	11	285	22.6	28.1	13.3	-999.9	4.6	1.2	96926.7	-999.9
Koutiala	2008	10	12	286	22.3	28.4	16.7	-999.9	4.6	2.0	97052.0	-999.9
Koutiala	2008	10	13	287	22.1	30.4	19.8	-999.9	0.0	1.0	97002.4	-999.9
Koutiala	2008	10	14	288	22.0	32.9	22.2	-999.9	0.0	1.4	96844.3	-999.9
Koutiala	2008	10	15	289	22.1	32.6	22.0	-999.9	0.0	1.7	96962.2	-999.9
Koutiala	2008	10	16	290	22.0	33.1	22.4	-999.9	0.0	1.8	97081.3	-999.9
Koutiala	2008	10	17	291	21.5	33.5	22.3	-999.9	0.0	1.6	96942.1	-999.9
Koutiala	2008	10	18	292	21.7	32.9	19.7	-999.9	0.0	1.6	96895.1	-999.9
Koutiala	2008	10	19	293	23.8	33.2	21.4	-999.9	0.0	1.7	96956.7	-999.9
Koutiala	2008	10	20	294	24.2	31.9	20.7	-999.9	19.0	1.9	97076.2	-999.9
Koutiala	2008	10	21	295	22.6	31.4	20.3	-999.9	2.9	1.5	96996.6	-999.9
Koutiala	2008	10	22	296	23.4	32.3	21.3	-999.9	0.0	1.7	96858.4	-999.9
Koutiala	2008	10	23	297	22.4	31.6	20.2	-999.9	0.0	1.9	96914.2	-999.9
Koutiala	2008	10	24	298	21.4	32.8	21.2	-999.9	0.0	1.9	97026.4	-999.9
Koutiala	2008	10	25	299	21.6	33.6	20.9	-999.9	0.0	1.7	96977.8	-999.9
Koutiala	2008	10	26	300	23.4	33.9	19.2	-999.9	0.0	1.8	96868.3	-999.9
Koutiala	2008	10	27	301	22.4	33.1	19.4	-999.9	0.0	1.8	96877.1	-999.9
Koutiala	2008	10	28	302	22.6	33.7	22.5	-999.9	0.0	1.7	96873.2	-999.9
Koutiala	2008	10	29	303	23.0	33.5	21.0	-999.9	0.0	1.4	96924.6	-999.9
Koutiala	2008	10	30	304	24.1	32.7	19.7	-999.9	0.0	1.5	96896.5	-999.9
Koutiala	2008	10	31	305	24.8	32.5	19.2	-999.9	0.0	1.6	96871.7	-999.9
Koutiala	2008	11	1	306	23.4	34.7	22.0	-999.9	0.0	2.3	96892.2	-999.9
Koutiala	2008	11	2	307	20.4	34.7	22.7	-999.9	0.0	2.3	96889.2	-999.9
Koutiala	2008	11	3	308	18.5	34.1	23.0	-999.9	0.0	2.2	96880.6	-999.9
Koutiala	2008	11	4	309	17.6	34.1	22.5	-999.9	0.0	2.2	96887.9	-999.9
Koutiala	2008	11	5	310	18.3	34.0	22.7	-999.9	0.0	2.2	96934.0	-999.9
Koutiala	2008	11	6	311	19.3	33.9	22.6	-999.9	0.0	2.1	96844.5	-999.9
Koutiala	2008	11	7	312	18.1	33.3	22.5	-999.9	0.0	1.9	96744.8	-999.9
Koutiala	2008	11	8	313	18.8	33.4	22.3	-999.9	0.0	2.0	96788.6	-999.9
Koutiala	2008	11	9	314	19.3	32.3	22.3	-999.9	0.0	1.8	96925.8	-999.9
Koutiala	2008	11	10	315	18.6	32.5	22.2	-999.9	0.0	1.8	96977.9	-999.9
Koutiala	2008	11	11	316	18.3	33.5	21.8	-999.9	0.0	2.0	96970.0	-999.9
Koutiala	2008	11	12	317	18.4	34.0	22.1	-999.9	0.0	2.2	96932.7	-999.9
Koutiala	2008	11	13	318	19.7	33.2	22.3	-999.9	0.0	2.5	96896.7	-999.9
Koutiala	2008	11	14	319	19.1	33.3	21.7	-999.9	0.0	2.4	96820.2	-999.9
Koutiala	2008	11	15	320	20.0	33.6	21.0	-999.9	0.0	2.3	96747.0	-999.9
Koutiala	2008	11	16	321	20.3	33.7	21.0	-999.9	0.0	2.2	96767.5	-999.9
Koutiala	2008	11	17	322	19.4	34.1	21.6	-999.9	0.0	2.1	96774.0	-999.9
Koutiala	2008	11	18	323	17.8	33.0	21.9	-999.9	0.0	2.1	96716.1	-999.9
Koutiala	2008	11	19	324	17.7	32.5	21.6	-999.9	0.0	2.3	96722.1	-999.9
Koutiala	2008	11	20	325	19.6	32.8	21.4	-999.9	0.0	2.2	96950.2	-999.9
Koutiala	2008	11	21	326	18.9	33.6	21.2	-999.9	0.0	2.3	97073.0	-999.9
Koutiala	2008	11	22	327	20.1	33.8	20.6	-999.9	0.0	2.2	97020.4	-999.9
Koutiala	2008	11	23	328	20.2	34.5	20.5	-999.9	0.0	2.4	96830.1	-999.9
Koutiala	2008	11	24	329	19.7	34.8	20.8	-999.9	0.0	2.3	96836.8	-999.9
Koutiala	2008	11	25	330	19.6	34.5	21.0	-999.9	0.0	2.1	96901.4	-999.9
Koutiala	2008	11	26	331	20.7	34.2	21.0	-999.9	0.0	2.4	97002.7	-999.9
Koutiala	2008	11	27	332	17.9	34.6	20.9	-999.9	0.0	2.3	96876.6	-999.9
Koutiala	2008	11	28	333	21.2	34.2	20.7	-999.9	0.0	2.8	96755.0	-999.9
Koutiala	2008	11	29	334	21.4	34.2	20.8	-999.9	0.0	2.5	96791.8	-999.9
Koutiala	2008	11	30	335	18.0	34.4	20.8	-999.9	0.0	1.6	96862.8	-999.9
Koutiala	2008	12	1	336	18.4	35.0	20.9	-999.9	0.0	2.0	96881.6	-999.9
Koutiala	2008	12	2	337	19.0	34.5	20.8	-999.9	0.0	2.5	96854.7	-999.9
Koutiala	2008	12	3	338	20.4	32.2	20.8	-999.9	0.0	2.6	96756.5	-999.9
Koutiala	2008	12	4	339	18.1	30.1	20.4	-999.9	0.0	2.8	96800.2	-999.9
Koutiala	2008	12	5	340	14.9	26.8	20.8	-999.9	0.0	2.7	97069.2	-999.9
Koutiala	2008	12	6	341	13.8	26.9	21.1	-999.9	0.0	2.4	97214.9	-999.9
Koutiala	2008	12	7	342	14.3	29.6	20.6	-999.9	0.0	2.3	97192.1	-999.9
Koutiala	2008	12	8	343	17.1	30.8	20.3	-999.9	0.0	2.0	97141.9	-999.9
Koutiala	2008	12	9	344	17.6	31.6	20.3	-999.9	0.0	2.1	97032.3	-999.9
Koutiala	2008	12	10	345	17.4	32.1	20.3	-999.9	0.0	2.1	96952.8	-999.9
Koutiala	2008	12	11	346	18.0	32.9	20.3	-999.9	0.0	2.3	97010.2	-999.9
Koutiala	2008	12	12	347	18.4	33.2	20.3	-999.9	0.0	2.1	96999.0	-999.9
Koutiala	2008	12	13	348	18.7	33.1	20.3	-999.9	0.0	2.5	96875.1	-999.9
Koutiala	2008	12	14	349	19.5	33.5	19.9	-999.9	0.0	2.3	96814.8	-999.9
Koutiala	2008	12	15	350	18.7	32.7	19.9	-999.9	0.0	2.2	96705.8	-999.9
Koutiala	2008	12	16	351	19.6	32.3	18.5	-999.9	0.0	2.2	96741.1	-999.9
Koutiala	2008	12	17	352	20.6	31.0	17.7	-999.9	0.0	2.6	96862.5	-999.9
Koutiala	2008	12	18	353	20.6	30.7	18.7	-999.9	0.0	3.0	96855.2	-999.9
Koutiala	2008	12	19	354	19.5	31.9	19.7	-999.9	0.0	2.7	96771.2	-999.9
Koutiala	2008	12	20	355	19.3	32.3	20.2	-999.9	0.0	3.0	96771.5	-999.9
Koutiala	2008	12	21	356	19.9	33.6	20.4	-999.9	0.0	2.9	96832.1	-999.9
Koutiala	2008	12	22	357	19.4	33.8	20.3	-999.9	0.0	2.5	96939.3	-999.9
Koutiala	2008	12	23	358	19.6	33.7	20.2	-999.9	0.0	2.4	96923.7	-999.9
Koutiala	2008	12	24	359	19.9	32.9	20.3	-999.9	0.0	2.5	96919.6	-999.9
Koutiala	2008	12	25	360	18.4	32.3	20.5	-999.9	0.0	2.1	96872.1	-999.9
Koutiala	2008	12	26	361	17.9	33.2	20.3	-999.9	0.0	1.9	96787.2	-999.9
Koutiala	2008	12	27	362	18.5	33.7	20.4	-999.9	0.0	2.1	96724.0	-999.9
Koutiala	2008	12	28	363	19.5	33.9	20.2	-999.9	0.0	2.2	96719.7	-999.9
Koutiala	2008	12	29	364	19.8	34.4	20.3	-999.9	0.0	2.6	96751.4	-999.9
Koutiala	2008	12	30	365	20.2	34.5	20.5	-999.9	0.0	2.8	96858.2	-999.9
Koutiala	2008	12	31	366	20.5	33.8	20.4	-999.9	0.0	2.6	96992.0	-999.9
