Koutiala	2022	1	1	1	18.2	31.8	20.3	-999.9	0.0	2.6	97007.2	-999.9
Koutiala	2022	1	2	2	18.9	31.4	19.9	-999.9	0.0	2.4	96966.0	-999.9
Koutiala	2022	1	3	3	17.8	31.2	20.4	-999.9	0.0	2.4	96950.9	-999.9
Koutiala	2022	1	4	4	17.3	31.2	20.7	-999.9	0.0	2.2	96963.4	-999.9
Koutiala	2022	1	5	5	17.0	31.0	20.7	-999.9	0.0	2.2	96996.8	-999.9
Koutiala	2022	1	6	6	16.0	30.9	20.9	-999.9	0.0	2.0	96958.1	-999.9
Koutiala	2022	1	7	7	16.0	31.1	20.8	-999.9	0.0	2.2	96931.6	-999.9
Koutiala	2022	1	8	8	16.2	30.5	20.3	-999.9	0.0	2.3	96981.7	-999.9
Koutiala	2022	1	9	9	16.4	30.4	20.9	-999.9	0.0	2.6	97007.6	-999.9
Koutiala	2022	1	10	10	14.5	29.6	20.5	-999.9	0.0	2.1	96910.0	-999.9
Koutiala	2022	1	11	11	15.1	31.4	20.1	-999.9	0.0	2.0	96847.5	-999.9
Koutiala	2022	1	12	12	18.4	32.4	19.9	-999.9	0.0	2.2	96969.4	-999.9
Koutiala	2022	1	13	13	17.5	33.2	20.8	-999.9	0.0	2.2	97072.5	-999.9
Koutiala	2022	1	14	14	19.6	33.0	20.7	-999.9	0.0	2.6	97142.5	-999.9
Koutiala	2022	1	15	15	19.2	31.6	20.4	-999.9	0.0	2.7	97137.6	-999.9
Koutiala	2022	1	16	16	18.5	31.0	20.8	-999.9	0.0	2.7	97224.0	-999.9
Koutiala	2022	1	17	17	17.9	29.7	20.9	-999.9	0.0	2.5	97252.2	-999.9
Koutiala	2022	1	18	18	17.7	30.5	21.3	-999.9	0.0	2.8	97263.3	-999.9
Koutiala	2022	1	19	19	16.7	30.4	21.7	-999.9	0.0	2.9	97242.3	-999.9
Koutiala	2022	1	20	20	16.6	30.4	21.7	-999.9	0.0	2.7	97188.3	-999.9
Koutiala	2022	1	21	21	16.6	30.5	21.6	-999.9	0.0	2.8	97120.0	-999.9
Koutiala	2022	1	22	22	17.1	31.0	21.3	-999.9	0.0	2.9	97107.7	-999.9
Koutiala	2022	1	23	23	16.6	30.7	21.7	-999.9	0.0	2.8	97109.5	-999.9
Koutiala	2022	1	24	24	16.0	31.0	21.8	-999.9	0.0	2.8	97054.0	-999.9
Koutiala	2022	1	25	25	16.5	31.1	21.8	-999.9	0.0	2.8	97001.0	-999.9
Koutiala	2022	1	26	26	16.5	31.7	21.8	-999.9	0.0	2.3	96874.1	-999.9
Koutiala	2022	1	27	27	15.7	32.9	21.8	-999.9	0.0	1.9	96812.0	-999.9
Koutiala	2022	1	28	28	17.6	34.5	21.8	-999.9	0.0	2.5	96811.8	-999.9
Koutiala	2022	1	29	29	19.7	34.5	21.9	-999.9	0.0	2.7	96977.1	-999.9
Koutiala	2022	1	30	30	19.8	33.5	22.2	-999.9	0.0	3.2	97002.1	-999.9
Koutiala	2022	1	31	31	19.0	33.1	22.1	-999.9	0.0	3.0	96995.7	-999.9
Koutiala	2022	2	1	32	18.6	32.1	21.5	-999.9	0.0	3.0	97011.0	-999.9
Koutiala	2022	2	2	33	16.4	31.4	22.5	-999.9	0.0	2.5	97076.6	-999.9
Koutiala	2022	2	3	34	15.9	31.6	22.3	-999.9	0.0	2.2	97036.1	-999.9
Koutiala	2022	2	4	35	17.5	33.0	22.4	-999.9	0.0	2.3	96995.0	-999.9
Koutiala	2022	2	5	36	17.8	33.0	22.7	-999.9	0.0	2.3	96948.7	-999.9
Koutiala	2022	2	6	37	17.2	33.4	22.7	-999.9	0.0	2.0	96904.1	-999.9
Koutiala	2022	2	7	38	17.1	34.0	22.7	-999.9	0.0	2.0	96883.8	-999.9
Koutiala	2022	2	8	39	17.8	33.9	22.6	-999.9	0.0	2.3	96896.8	-999.9
Koutiala	2022	2	9	40	18.4	34.3	22.6	-999.9	0.0	2.4	96920.2	-999.9
Koutiala	2022	2	10	41	19.1	34.7	22.8	-999.9	0.0	2.9	96852.4	-999.9
Koutiala	2022	2	11	42	19.0	33.3	22.8	-999.9	0.0	3.0	96820.1	-999.9
Koutiala	2022	2	12	43	17.8	32.7	22.8	-999.9	0.0	2.6	96820.3	-999.9
Koutiala	2022	2	13	44	18.0	32.6	22.9	-999.9	0.0	2.8	96861.5	-999.9
Koutiala	2022	2	14	45	18.8	33.0	20.6	-999.9	0.0	2.7	96915.1	-999.9
Koutiala	2022	2	15	46	18.6	33.7	22.7	-999.9	0.0	2.7	96953.5	-999.9
Koutiala	2022	2	16	47	19.0	34.2	22.8	-999.9	0.0	2.7	96876.1	-999.9
Koutiala	2022	2	17	48	19.2	35.1	23.1	-999.9	0.0	2.5	96731.8	-999.9
Koutiala	2022	2	18	49	19.4	36.0	23.2	-999.9	0.0	2.1	96692.7	-999.9
Koutiala	2022	2	19	50	21.1	36.6	23.2	-999.9	0.0	2.7	96699.8	-999.9
Koutiala	2022	2	20	51	21.5	36.9	23.2	-999.9	0.0	2.9	96734.6	-999.9
Koutiala	2022	2	21	52	20.6	37.3	23.4	-999.9	0.0	2.5	96780.2	-999.9
Koutiala	2022	2	22	53	21.1	36.2	23.8	-999.9	0.0	2.5	96824.4	-999.9
Koutiala	2022	2	23	54	20.7	36.6	24.0	-999.9	0.0	2.5	96815.6	-999.9
Koutiala	2022	2	24	55	19.7	37.4	23.9	-999.9	0.0	2.2	96746.6	-999.9
Koutiala	2022	2	25	56	20.2	38.2	23.9	-999.9	0.0	2.2	96681.4	-999.9
Koutiala	2022	2	26	57	22.6	37.9	23.9	-999.9	0.0	2.7	96560.6	-999.9
Koutiala	2022	2	27	58	21.6	36.0	20.5	-999.9	0.0	2.2	96506.0	-999.9
Koutiala	2022	2	28	59	25.5	36.3	21.4	-999.9	0.0	2.2	96572.5	-999.9
Koutiala	2022	3	1	60	24.8	33.8	16.9	-999.9	0.0	1.9	96737.9	-999.9
Koutiala	2022	3	2	61	24.1	35.6	21.0	-999.9	0.0	1.6	96701.2	-999.9
Koutiala	2022	3	3	62	23.3	36.1	22.2	-999.9	0.0	2.5	96724.9	-999.9
Koutiala	2022	3	4	63	23.4	35.1	22.8	-999.9	0.0	2.7	96690.3	-999.9
Koutiala	2022	3	5	64	21.9	35.3	23.9	-999.9	0.0	2.4	96618.1	-999.9
Koutiala	2022	3	6	65	21.8	35.7	23.5	-999.9	0.0	2.2	96561.6	-999.9
Koutiala	2022	3	7	66	22.5	35.7	24.1	-999.9	0.0	2.9	96600.1	-999.9
Koutiala	2022	3	8	67	22.2	34.8	22.6	-999.9	0.0	2.8	96610.4	-999.9
Koutiala	2022	3	9	68	22.3	35.8	21.6	-999.9	0.0	2.4	96568.8	-999.9
Koutiala	2022	3	10	69	23.1	37.5	24.3	-999.9	0.0	2.4	96544.3	-999.9
Koutiala	2022	3	11	70	23.7	38.1	24.6	-999.9	0.0	2.9	96560.7	-999.9
Koutiala	2022	3	12	71	24.7	38.0	24.2	-999.9	0.0	2.9	96596.4	-999.9
Koutiala	2022	3	13	72	24.1	37.7	24.3	-999.9	0.0	2.3	96533.1	-999.9
Koutiala	2022	3	14	73	23.8	37.5	23.2	-999.9	0.0	1.8	96512.2	-999.9
Koutiala	2022	3	15	74	25.2	37.1	22.5	-999.9	0.0	1.7	96563.3	-999.9
Koutiala	2022	3	16	75	27.8	37.4	21.9	-999.9	0.0	1.6	96562.0	-999.9
Koutiala	2022	3	17	76	25.1	36.1	22.1	-999.9	0.0	1.1	96627.3	-999.9
Koutiala	2022	3	18	77	25.2	36.9	23.9	-999.9	0.0	1.2	96558.9	-999.9
Koutiala	2022	3	19	78	24.5	37.6	24.5	-999.9	0.0	1.7	96525.5	-999.9
Koutiala	2022	3	20	79	26.2	36.8	21.6	-999.9	0.0	1.9	96591.3	-999.9
Koutiala	2022	3	21	80	26.7	37.0	22.2	-999.9	0.0	1.7	96594.5	-999.9
Koutiala	2022	3	22	81	24.1	37.3	23.5	-999.9	0.0	1.7	96602.0	-999.9
Koutiala	2022	3	23	82	23.5	37.9	24.8	-999.9	0.0	1.6	96591.4	-999.9
Koutiala	2022	3	24	83	24.1	38.0	24.0	-999.9	0.0	2.0	96495.1	-999.9
Koutiala	2022	3	25	84	27.6	37.3	22.2	-999.9	0.0	2.5	96495.1	-999.9
Koutiala	2022	3	26	85	25.9	37.0	23.4	-999.9	0.0	1.9	96598.8	-999.9
Koutiala	2022	3	27	86	26.3	38.2	23.9	-999.9	0.0	1.6	96692.5	-999.9
Koutiala	2022	3	28	87	23.0	39.1	25.5	-999.9	0.0	2.2	96717.4	-999.9
Koutiala	2022	3	29	88	22.1	39.2	25.9	-999.9	0.0	2.4	96482.2	-999.9
Koutiala	2022	3	30	89	21.3	38.8	25.8	-999.9	0.0	1.8	96301.5	-999.9
Koutiala	2022	3	31	90	23.1	38.2	24.3	-999.9	0.0	2.0	96328.0	-999.9
Koutiala	2022	4	1	91	26.0	37.6	20.7	-999.9	0.0	1.6	96443.6	-999.9
Koutiala	2022	4	2	92	26.7	37.5	22.9	-999.9	0.0	2.3	96510.9	-999.9
Koutiala	2022	4	3	93	25.9	38.2	23.6	-999.9	0.0	2.3	96535.4	-999.9
Koutiala	2022	4	4	94	26.7	38.2	21.6	-999.9	0.0	1.8	96501.4	-999.9
Koutiala	2022	4	5	95	28.4	37.7	20.5	-999.9	5.8	2.1	96573.8	-999.9
Koutiala	2022	4	6	96	27.1	38.0	22.5	-999.9	0.0	1.9	96564.9	-999.9
Koutiala	2022	4	7	97	26.2	38.2	23.8	-999.9	0.0	1.9	96588.9	-999.9
Koutiala	2022	4	8	98	26.5	38.2	24.9	-999.9	0.0	2.2	96605.7	-999.9
Koutiala	2022	4	9	99	26.6	40.0	25.9	-999.9	0.0	1.5	96413.7	-999.9
Koutiala	2022	4	10	100	25.4	38.7	24.4	-999.9	0.0	2.1	96358.8	-999.9
Koutiala	2022	4	11	101	29.0	37.5	21.9	-999.9	5.4	2.1	96415.0	-999.9
Koutiala	2022	4	12	102	28.4	37.6	23.6	-999.9	0.0	2.2	96454.4	-999.9
Koutiala	2022	4	13	103	26.7	38.0	24.0	-999.9	0.0	1.9	96385.6	-999.9
Koutiala	2022	4	14	104	27.0	38.3	23.6	-999.9	0.0	2.2	96358.2	-999.9
Koutiala	2022	4	15	105	28.0	38.1	24.3	-999.9	0.0	2.3	96455.4	-999.9
Koutiala	2022	4	16	106	26.9	36.1	22.1	-999.9	2.0	2.7	96663.2	-999.9
Koutiala	2022	4	17	107	23.6	34.7	20.0	-999.9	0.0	1.3	96663.0	-999.9
Koutiala	2022	4	18	108	24.9	36.2	24.5	-999.9	0.0	1.5	96652.0	-999.9
Koutiala	2022	4	19	109	24.6	37.3	24.7	-999.9	0.0	1.7	96662.5	-999.9
Koutiala	2022	4	20	110	25.9	37.8	25.5	-999.9	0.0	2.4	96637.9	-999.9
Koutiala	2022	4	21	111	22.0	38.3	26.4	-999.9	0.0	2.2	96547.0	-999.9
Koutiala	2022	4	22	112	24.3	37.1	24.5	-999.9	0.0	1.7	96558.6	-999.9
Koutiala	2022	4	23	113	27.7	39.1	25.2	-999.9	0.0	2.2	96570.0	-999.9
Koutiala	2022	4	24	114	26.1	39.4	26.3	-999.9	0.0	2.8	96561.2	-999.9
Koutiala	2022	4	25	115	27.8	38.8	25.6	-999.9	0.0	2.7	96523.7	-999.9
Koutiala	2022	4	26	116	25.5	38.7	26.1	-999.9	0.0	1.9	96476.6	-999.9
Koutiala	2022	4	27	117	26.9	36.6	22.0	-999.9	0.0	2.2	96490.6	-999.9
Koutiala	2022	4	28	118	25.3	33.7	20.7	-999.9	3.7	2.0	96727.9	-999.9
Koutiala	2022	4	29	119	25.6	35.5	22.7	-999.9	0.0	2.1	96711.1	-999.9
Koutiala	2022	4	30	120	26.6	36.5	23.1	-999.9	0.0	2.3	96775.5	-999.9
Koutiala	2022	5	1	121	27.1	37.0	24.4	-999.9	0.0	1.8	96881.7	-999.9
Koutiala	2022	5	2	122	26.0	37.1	23.7	-999.9	0.0	2.3	96718.1	-999.9
Koutiala	2022	5	3	123	26.3	36.0	21.8	-999.9	1.6	2.3	96718.8	-999.9
Koutiala	2022	5	4	124	27.1	37.6	24.6	-999.9	0.0	1.7	96685.4	-999.9
Koutiala	2022	5	5	125	26.6	38.2	23.3	-999.9	1.6	2.0	96759.4	-999.9
Koutiala	2022	5	6	126	27.7	39.6	24.5	-999.9	0.0	2.5	96666.9	-999.9
Koutiala	2022	5	7	127	28.3	37.9	23.6	-999.9	0.0	2.2	96661.3	-999.9
Koutiala	2022	5	8	128	27.0	37.1	21.7	-999.9	4.1	2.4	96633.2	-999.9
Koutiala	2022	5	9	129	26.3	37.3	24.5	-999.9	4.1	1.9	96723.5	-999.9
Koutiala	2022	5	10	130	26.2	36.8	24.2	-999.9	0.0	2.2	96701.5	-999.9
Koutiala	2022	5	11	131	27.2	37.6	24.6	-999.9	0.0	1.7	96650.7	-999.9
Koutiala	2022	5	12	132	27.4	38.0	23.2	-999.9	7.3	2.6	96722.7	-999.9
Koutiala	2022	5	13	133	27.1	39.0	23.9	-999.9	7.3	2.1	96767.0	-999.9
Koutiala	2022	5	14	134	25.4	39.2	26.0	-999.9	0.0	1.6	96694.1	-999.9
Koutiala	2022	5	15	135	23.6	38.4	25.2	-999.9	0.0	1.4	96723.5	-999.9
Koutiala	2022	5	16	136	27.3	38.4	23.7	-999.9	0.0	2.3	96826.4	-999.9
Koutiala	2022	5	17	137	28.5	38.3	22.4	-999.9	8.0	2.0	96797.4	-999.9
Koutiala	2022	5	18	138	27.2	37.8	23.2	-999.9	0.0	2.2	96569.3	-999.9
Koutiala	2022	5	19	139	26.3	37.7	23.8	-999.9	0.0	2.5	96570.9	-999.9
Koutiala	2022	5	20	140	28.3	37.6	22.7	-999.9	0.0	2.2	96755.4	-999.9
Koutiala	2022	5	21	141	27.2	36.0	22.4	-999.9	9.3	2.6	96893.6	-999.9
Koutiala	2022	5	22	142	24.3	35.0	23.7	-999.9	0.0	2.3	96934.3	-999.9
Koutiala	2022	5	23	143	24.3	33.8	19.4	-999.9	0.0	2.3	96924.5	-999.9
Koutiala	2022	5	24	144	25.0	33.6	21.9	-999.9	0.0	2.1	96941.7	-999.9
Koutiala	2022	5	25	145	24.1	32.5	19.6	-999.9	0.0	2.2	97115.1	-999.9
Koutiala	2022	5	26	146	24.8	33.8	22.8	-999.9	2.9	1.7	97199.1	-999.9
Koutiala	2022	5	27	147	24.4	34.8	23.6	-999.9	5.8	2.1	97109.0	-999.9
Koutiala	2022	5	28	148	26.0	36.6	24.3	-999.9	0.0	2.5	96839.8	-999.9
Koutiala	2022	5	29	149	26.7	37.1	24.1	-999.9	5.8	3.0	96670.6	-999.9
Koutiala	2022	5	30	150	26.6	35.5	23.3	-999.9	5.8	2.5	96735.4	-999.9
Koutiala	2022	5	31	151	25.0	36.0	25.0	-999.9	0.0	1.7	96762.7	-999.9
Koutiala	2022	6	1	152	26.3	36.6	24.3	-999.9	0.0	2.0	96660.2	-999.9
Koutiala	2022	6	2	153	26.4	37.3	25.1	-999.9	0.0	2.4	96481.1	-999.9
Koutiala	2022	6	3	154	27.6	36.3	23.6	-999.9	0.0	2.9	96554.5	-999.9
Koutiala	2022	6	4	155	26.1	35.8	24.6	-999.9	8.5	2.2	96685.9	-999.9
Koutiala	2022	6	5	156	25.9	35.6	25.0	-999.9	0.0	2.6	96694.2	-999.9
Koutiala	2022	6	6	157	26.4	35.4	24.9	-999.9	9.5	2.5	96751.7	-999.9
Koutiala	2022	6	7	158	25.3	32.3	20.6	-999.9	0.0	2.1	96977.0	-999.9
Koutiala	2022	6	8	159	24.8	34.1	24.2	-999.9	0.0	1.6	96911.0	-999.9
Koutiala	2022	6	9	160	24.9	35.6	24.9	-999.9	0.0	1.8	96729.2	-999.9
Koutiala	2022	6	10	161	26.4	36.7	24.9	-999.9	0.0	2.5	96611.1	-999.9
Koutiala	2022	6	11	162	26.1	36.2	24.7	-999.9	0.0	3.2	96690.8	-999.9
Koutiala	2022	6	12	163	24.7	32.7	20.8	-999.9	6.7	2.0	96929.4	-999.9
Koutiala	2022	6	13	164	23.9	31.8	22.3	-999.9	0.0	1.9	96955.0	-999.9
Koutiala	2022	6	14	165	24.5	34.5	23.2	-999.9	13.5	2.6	96800.3	-999.9
Koutiala	2022	6	15	166	24.3	34.2	24.1	-999.9	0.0	2.6	96663.4	-999.9
Koutiala	2022	6	16	167	24.0	32.5	18.5	-999.9	0.2	2.4	96653.4	-999.9
Koutiala	2022	6	17	168	23.2	29.8	17.5	-999.9	4.0	2.6	96808.7	-999.9
Koutiala	2022	6	18	169	23.4	31.2	20.8	-999.9	2.0	2.0	97045.8	-999.9
Koutiala	2022	6	19	170	23.4	30.8	20.0	-999.9	4.0	1.3	97063.9	-999.9
Koutiala	2022	6	20	171	24.1	33.2	23.4	-999.9	0.0	1.8	97001.2	-999.9
Koutiala	2022	6	21	172	23.6	31.5	18.5	-999.9	28.1	1.3	96991.1	-999.9
Koutiala	2022	6	22	173	23.6	31.4	21.9	-999.9	18.8	1.8	96923.4	-999.9
Koutiala	2022	6	23	174	22.9	31.4	23.7	-999.9	0.0	1.7	96917.1	-999.9
Koutiala	2022	6	24	175	23.1	33.0	24.9	-999.9	0.0	1.8	96848.4	-999.9
Koutiala	2022	6	25	176	24.9	32.7	22.8	-999.9	18.8	2.4	96805.8	-999.9
Koutiala	2022	6	26	177	23.2	32.8	24.3	-999.9	0.0	1.8	96837.2	-999.9
Koutiala	2022	6	27	178	24.4	32.2	22.4	-999.9	2.8	1.7	96937.4	-999.9
Koutiala	2022	6	28	179	23.3	31.8	23.5	-999.9	0.0	2.0	96997.7	-999.9
Koutiala	2022	6	29	180	24.3	34.3	24.8	-999.9	0.0	1.6	96945.1	-999.9
Koutiala	2022	6	30	181	25.5	32.0	21.5	-999.9	2.8	3.0	96807.1	-999.9
Koutiala	2022	7	1	182	22.6	30.4	16.9	-999.9	18.0	2.1	96871.9	-999.9
Koutiala	2022	7	2	183	23.1	29.5	16.8	-999.9	18.0	1.7	97036.7	-999.9
Koutiala	2022	7	3	184	23.1	30.0	20.8	-999.9	27.0	1.8	97094.1	-999.9
Koutiala	2022	7	4	185	22.9	31.8	21.5	-999.9	0.0	2.4	97030.1	-999.9
Koutiala	2022	7	5	186	24.1	31.9	23.9	-999.9	9.0	2.5	96935.6	-999.9
Koutiala	2022	7	6	187	24.2	31.5	23.2	-999.9	5.5	2.2	96978.5	-999.9
Koutiala	2022	7	7	188	23.6	31.2	22.0	-999.9	0.0	1.7	97046.2	-999.9
Koutiala	2022	7	8	189	25.0	33.0	23.2	-999.9	5.5	2.1	97002.4	-999.9
Koutiala	2022	7	9	190	23.8	30.9	18.1	-999.9	5.5	2.7	96981.9	-999.9
Koutiala	2022	7	10	191	24.0	31.5	21.6	-999.9	0.0	2.4	96918.5	-999.9
Koutiala	2022	7	11	192	24.1	32.2	22.4	-999.9	10.4	2.3	96783.8	-999.9
Koutiala	2022	7	12	193	23.9	31.7	21.6	-999.9	0.0	2.1	96949.3	-999.9
Koutiala	2022	7	13	194	23.9	31.9	22.6	-999.9	0.0	1.9	97038.2	-999.9
Koutiala	2022	7	14	195	24.6	32.9	23.6	-999.9	5.2	2.1	96895.7	-999.9
Koutiala	2022	7	15	196	23.9	31.1	20.3	-999.9	0.0	2.7	96778.1	-999.9
Koutiala	2022	7	16	197	24.8	30.3	18.7	-999.9	8.2	3.0	96774.9	-999.9
Koutiala	2022	7	17	198	22.9	28.8	12.8	-999.9	16.4	2.1	96905.1	-999.9
Koutiala	2022	7	18	199	22.8	29.5	19.5	-999.9	0.0	2.3	96924.5	-999.9
Koutiala	2022	7	19	200	23.7	28.6	15.4	-999.9	0.0	2.4	96849.7	-999.9
Koutiala	2022	7	20	201	22.6	24.1	7.8	-999.9	0.0	3.2	96725.1	-999.9
Koutiala	2022	7	21	202	22.0	28.1	18.6	-999.9	0.0	2.4	96920.4	-999.9
Koutiala	2022	7	22	203	21.7	29.7	22.0	-999.9	0.0	1.4	96926.3	-999.9
Koutiala	2022	7	23	204	23.3	29.9	19.0	-999.9	32.7	1.5	96875.4	-999.9
Koutiala	2022	7	24	205	22.2	28.6	16.7	-999.9	10.9	1.3	96908.9	-999.9
Koutiala	2022	7	25	206	22.3	28.9	21.4	-999.9	0.0	2.0	97031.1	-999.9
Koutiala	2022	7	26	207	23.0	31.1	22.6	-999.9	15.9	2.1	96944.5	-999.9
Koutiala	2022	7	27	208	23.6	30.3	21.3	-999.9	0.0	3.2	96764.4	-999.9
Koutiala	2022	7	28	209	24.0	29.5	19.9	-999.9	15.9	3.2	96810.7	-999.9
Koutiala	2022	7	29	210	22.4	27.8	15.1	-999.9	31.7	2.9	97011.0	-999.9
Koutiala	2022	7	30	211	22.2	28.5	16.7	-999.9	0.0	1.5	97084.7	-999.9
Koutiala	2022	7	31	212	21.8	30.0	22.7	-999.9	0.0	1.7	97025.3	-999.9
Koutiala	2022	8	1	213	21.9	28.6	12.6	-999.9	6.5	2.0	96966.4	-999.9
Koutiala	2022	8	2	214	22.2	29.0	20.2	-999.9	0.0	1.9	96953.0	-999.9
Koutiala	2022	8	3	215	22.5	29.6	21.1	-999.9	6.5	1.7	96861.1	-999.9
Koutiala	2022	8	4	216	22.4	29.3	20.1	-999.9	0.0	2.0	96854.4	-999.9
Koutiala	2022	8	5	217	22.5	28.1	15.2	-999.9	3.3	1.8	96923.8	-999.9
Koutiala	2022	8	6	218	22.3	29.6	20.6	-999.9	0.0	1.7	96989.4	-999.9
Koutiala	2022	8	7	219	22.5	30.1	22.1	-999.9	0.0	1.6	96890.4	-999.9
Koutiala	2022	8	8	220	23.8	30.3	20.7	-999.9	7.1	1.9	96805.4	-999.9
Koutiala	2022	8	9	221	23.3	29.7	18.2	-999.9	7.1	2.0	96881.7	-999.9
Koutiala	2022	8	10	222	22.9	29.7	19.4	-999.9	7.1	1.9	96877.1	-999.9
Koutiala	2022	8	11	223	22.9	29.3	17.4	-999.9	20.2	1.6	96917.2	-999.9
Koutiala	2022	8	12	224	23.1	29.8	20.2	-999.9	0.0	1.6	96951.5	-999.9
Koutiala	2022	8	13	225	23.3	29.2	19.6	-999.9	0.0	1.6	96990.7	-999.9
Koutiala	2022	8	14	226	22.7	28.8	18.3	-999.9	20.2	2.7	96857.7	-999.9
Koutiala	2022	8	15	227	22.8	30.5	23.7	-999.9	0.0	2.1	96581.3	-999.9
Koutiala	2022	8	16	228	22.7	25.4	9.2	-999.9	11.9	2.6	96696.4	-999.9
Koutiala	2022	8	17	229	22.3	27.8	15.3	-999.9	0.0	2.6	96824.9	-999.9
Koutiala	2022	8	18	230	21.9	28.9	19.2	-999.9	0.0	2.5	96920.9	-999.9
Koutiala	2022	8	19	231	22.5	29.6	21.2	-999.9	0.0	1.9	96887.9	-999.9
Koutiala	2022	8	20	232	22.1	24.8	7.2	-999.9	15.9	1.5	97018.9	-999.9
Koutiala	2022	8	21	233	21.8	28.4	18.3	-999.9	0.0	1.6	97018.7	-999.9
Koutiala	2022	8	22	234	21.8	30.0	22.8	-999.9	0.0	1.4	96764.2	-999.9
Koutiala	2022	8	23	235	23.6	28.9	18.1	-999.9	49.9	1.9	96656.1	-999.9
Koutiala	2022	8	24	236	22.4	25.4	9.6	-999.9	0.0	2.6	96872.5	-999.9
Koutiala	2022	8	25	237	22.0	28.7	21.3	-999.9	0.0	2.4	97089.0	-999.9
Koutiala	2022	8	26	238	22.8	29.2	17.9	-999.9	0.0	2.1	96907.1	-999.9
Koutiala	2022	8	27	239	22.8	28.3	14.5	-999.9	34.2	1.8	96619.0	-999.9
Koutiala	2022	8	28	240	22.2	27.3	14.5	-999.9	0.0	1.5	96665.8	-999.9
Koutiala	2022	8	29	241	22.1	27.7	19.9	-999.9	0.0	2.0	96898.4	-999.9
Koutiala	2022	8	30	242	22.4	28.9	21.0	-999.9	0.0	2.0	97008.2	-999.9
Koutiala	2022	8	31	243	22.9	30.4	20.5	-999.9	8.6	2.0	96892.7	-999.9
Koutiala	2022	9	1	244	22.0	24.6	9.5	-999.9	55.8	1.5	96917.3	-999.9
Koutiala	2022	9	2	245	21.5	29.0	18.0	-999.9	0.0	1.8	97057.7	-999.9
Koutiala	2022	9	3	246	22.1	27.1	12.6	-999.9	27.9	1.0	97123.6	-999.9
Koutiala	2022	9	4	247	20.9	29.3	22.9	-999.9	0.0	1.2	97146.3	-999.9
Koutiala	2022	9	5	248	22.1	30.2	23.4	-999.9	14.0	1.8	97092.1	-999.9
Koutiala	2022	9	6	249	22.8	29.2	20.5	-999.9	5.6	1.8	97000.0	-999.9
Koutiala	2022	9	7	250	22.4	29.2	21.5	-999.9	0.0	1.2	96948.1	-999.9
Koutiala	2022	9	8	251	22.3	28.9	18.1	-999.9	8.4	1.8	96909.5	-999.9
Koutiala	2022	9	9	252	23.1	29.5	20.0	-999.9	11.2	1.7	96930.7	-999.9
Koutiala	2022	9	10	253	22.4	26.2	10.3	-999.9	2.8	1.6	96950.5	-999.9
Koutiala	2022	9	11	254	21.7	29.2	21.8	-999.9	0.0	2.2	96978.6	-999.9
Koutiala	2022	9	12	255	21.9	29.6	22.9	-999.9	11.4	1.5	96966.3	-999.9
Koutiala	2022	9	13	256	23.3	28.0	14.2	-999.9	0.0	1.7	96839.2	-999.9
Koutiala	2022	9	14	257	21.3	30.5	24.3	-999.9	0.0	1.5	96876.0	-999.9
Koutiala	2022	9	15	258	22.4	31.1	24.3	-999.9	11.4	1.4	96952.8	-999.9
Koutiala	2022	9	16	259	23.0	30.9	23.0	-999.9	4.4	1.4	96825.1	-999.9
Koutiala	2022	9	17	260	22.5	29.4	21.6	-999.9	0.0	1.7	96789.4	-999.9
Koutiala	2022	9	18	261	21.6	28.0	17.0	-999.9	0.0	2.1	96848.5	-999.9
Koutiala	2022	9	19	262	22.3	29.4	20.4	-999.9	4.4	1.3	96841.8	-999.9
Koutiala	2022	9	20	263	22.6	27.2	12.1	-999.9	13.1	1.7	96639.3	-999.9
Koutiala	2022	9	21	264	22.3	27.0	15.0	-999.9	0.0	2.8	96812.4	-999.9
Koutiala	2022	9	22	265	21.6	29.3	22.5	-999.9	0.0	1.3	96951.8	-999.9
Koutiala	2022	9	23	266	23.0	29.6	20.1	-999.9	11.2	1.0	96876.0	-999.9
Koutiala	2022	9	24	267	22.6	30.9	23.1	-999.9	11.2	1.2	96835.6	-999.9
Koutiala	2022	9	25	268	22.5	30.5	23.5	-999.9	22.4	1.5	96804.0	-999.9
Koutiala	2022	9	26	269	22.3	30.2	23.3	-999.9	0.0	1.5	96884.3	-999.9
Koutiala	2022	9	27	270	21.5	29.4	23.4	-999.9	0.0	1.2	96973.0	-999.9
Koutiala	2022	9	28	271	23.3	30.6	22.1	-999.9	6.1	1.5	96875.6	-999.9
Koutiala	2022	9	29	272	22.5	30.2	23.7	-999.9	0.0	1.6	96870.1	-999.9
Koutiala	2022	9	30	273	22.8	30.8	23.4	-999.9	26.4	1.7	96817.4	-999.9
Koutiala	2022	10	1	274	22.6	29.0	17.6	-999.9	14.4	1.5	96855.2	-999.9
Koutiala	2022	10	2	275	21.8	28.4	17.8	-999.9	0.0	1.8	97041.4	-999.9
Koutiala	2022	10	3	276	21.0	30.4	23.6	-999.9	0.0	1.4	97009.0	-999.9
Koutiala	2022	10	4	277	23.8	31.8	23.3	-999.9	0.0	2.1	96678.2	-999.9
Koutiala	2022	10	5	278	22.6	29.0	18.3	-999.9	21.6	1.9	96802.6	-999.9
Koutiala	2022	10	6	279	21.2	30.7	22.5	-999.9	0.0	1.3	96885.8	-999.9
Koutiala	2022	10	7	280	21.8	30.4	22.7	-999.9	0.0	1.3	96884.0	-999.9
Koutiala	2022	10	8	281	22.8	30.9	22.2	-999.9	0.0	1.9	96880.5	-999.9
Koutiala	2022	10	9	282	22.1	31.8	22.5	-999.9	0.0	1.2	96946.4	-999.9
Koutiala	2022	10	10	283	21.9	31.6	23.1	-999.9	0.0	1.1	96971.4	-999.9
Koutiala	2022	10	11	284	23.3	30.6	20.9	-999.9	0.0	1.6	96943.1	-999.9
Koutiala	2022	10	12	285	21.8	31.6	22.7	-999.9	0.0	1.4	96888.5	-999.9
Koutiala	2022	10	13	286	22.8	33.1	22.5	-999.9	0.0	1.5	96825.7	-999.9
Koutiala	2022	10	14	287	22.3	32.4	22.2	-999.9	0.0	1.5	96821.4	-999.9
Koutiala	2022	10	15	288	22.2	29.4	16.0	-999.9	5.1	2.0	96889.6	-999.9
Koutiala	2022	10	16	289	21.2	30.9	22.5	-999.9	0.0	1.6	96906.7	-999.9
Koutiala	2022	10	17	290	21.8	32.3	20.7	-999.9	4.7	1.4	96965.4	-999.9
Koutiala	2022	10	18	291	21.8	32.3	20.9	-999.9	0.0	1.4	97010.6	-999.9
Koutiala	2022	10	19	292	20.7	32.7	21.9	-999.9	0.0	1.4	96892.0	-999.9
Koutiala	2022	10	20	293	20.7	32.1	20.8	-999.9	0.0	1.6	96805.3	-999.9
Koutiala	2022	10	21	294	21.1	31.4	20.2	-999.9	0.0	1.4	96797.2	-999.9
Koutiala	2022	10	22	295	22.0	31.3	18.4	-999.9	0.0	1.2	96907.8	-999.9
Koutiala	2022	10	23	296	22.3	31.6	18.0	-999.9	0.0	1.5	97001.4	-999.9
Koutiala	2022	10	24	297	21.5	32.9	21.5	-999.9	0.0	1.4	96958.0	-999.9
Koutiala	2022	10	25	298	21.8	34.2	22.7	-999.9	0.0	1.9	96819.0	-999.9
Koutiala	2022	10	26	299	20.7	33.7	21.2	-999.9	2.6	1.7	96753.3	-999.9
Koutiala	2022	10	27	300	22.9	33.7	20.6	-999.9	0.0	2.1	96875.2	-999.9
Koutiala	2022	10	28	301	21.7	33.6	22.7	-999.9	0.0	1.9	96880.5	-999.9
Koutiala	2022	10	29	302	19.4	32.6	23.0	-999.9	0.0	1.6	96824.2	-999.9
Koutiala	2022	10	30	303	19.7	32.6	22.9	-999.9	0.0	2.2	96757.5	-999.9
Koutiala	2022	10	31	304	18.6	32.9	22.5	-999.9	0.0	2.0	96818.5	-999.9
Koutiala	2022	11	1	305	20.4	32.9	22.2	-999.9	0.0	2.2	96958.8	-999.9
Koutiala	2022	11	2	306	21.6	32.9	22.3	-999.9	0.0	2.5	97007.2	-999.9
Koutiala	2022	11	3	307	20.1	32.8	22.1	-999.9	0.0	2.3	96963.5	-999.9
Koutiala	2022	11	4	308	19.5	33.0	22.5	-999.9	0.0	2.2	96891.4	-999.9
Koutiala	2022	11	5	309	19.3	33.2	22.3	-999.9	0.0	2.0	96840.0	-999.9
Koutiala	2022	11	6	310	21.1	32.6	19.3	-999.9	0.0	1.6	96919.1	-999.9
Koutiala	2022	11	7	311	19.8	32.9	22.2	-999.9	0.0	2.3	96995.0	-999.9
Koutiala	2022	11	8	312	19.2	32.5	22.6	-999.9	0.0	2.4	96974.4	-999.9
Koutiala	2022	11	9	313	17.6	32.6	22.2	-999.9	0.0	2.0	96960.0	-999.9
Koutiala	2022	11	10	314	18.0	32.6	22.1	-999.9	0.0	2.1	96817.0	-999.9
Koutiala	2022	11	11	315	17.9	32.2	21.8	-999.9	0.0	1.2	96776.3	-999.9
Koutiala	2022	11	12	316	18.6	32.8	21.8	-999.9	0.0	1.2	96813.5	-999.9
Koutiala	2022	11	13	317	20.0	31.6	18.7	-999.9	2.3	1.7	96937.4	-999.9
Koutiala	2022	11	14	318	22.0	31.7	19.0	-999.9	0.0	1.4	96981.6	-999.9
Koutiala	2022	11	15	319	21.1	32.8	20.9	-999.9	0.0	1.9	97022.7	-999.9
Koutiala	2022	11	16	320	20.4	32.1	20.9	-999.9	0.0	2.4	97007.7	-999.9
Koutiala	2022	11	17	321	20.2	31.4	21.2	-999.9	0.0	2.4	96943.9	-999.9
Koutiala	2022	11	18	322	19.0	31.3	21.4	-999.9	0.9	2.2	96863.2	-999.9
Koutiala	2022	11	19	323	18.3	31.4	21.4	-999.9	0.0	2.3	96938.6	-999.9
Koutiala	2022	11	20	324	18.3	32.1	20.7	-999.9	0.0	2.0	96917.6	-999.9
Koutiala	2022	11	21	325	19.2	31.5	18.2	-999.9	0.0	2.5	96979.4	-999.9
Koutiala	2022	11	22	326	18.6	31.1	21.4	-999.9	0.0	2.5	96914.2	-999.9
Koutiala	2022	11	23	327	18.2	32.1	21.2	-999.9	0.0	2.2	96799.4	-999.9
Koutiala	2022	11	24	328	17.3	32.7	21.4	-999.9	0.0	2.1	96786.8	-999.9
Koutiala	2022	11	25	329	17.2	31.9	21.0	-999.9	0.0	1.9	96882.9	-999.9
Koutiala	2022	11	26	330	16.2	31.8	21.3	-999.9	0.0	1.9	96849.4	-999.9
Koutiala	2022	11	27	331	16.4	31.5	20.4	-999.9	0.0	1.9	96690.7	-999.9
Koutiala	2022	11	28	332	17.7	31.4	19.3	-999.9	0.0	1.8	96536.5	-999.9
Koutiala	2022	11	29	333	17.1	31.5	20.7	-999.9	0.0	1.8	96520.4	-999.9
Koutiala	2022	11	30	334	17.8	32.1	20.4	-999.9	0.0	1.9	96581.4	-999.9
Koutiala	2022	12	1	335	18.3	32.0	20.6	-999.9	0.0	1.5	96633.7	-999.9
Koutiala	2022	12	2	336	20.6	32.1	19.2	-999.9	0.0	1.4	96568.3	-999.9
Koutiala	2022	12	3	337	22.8	29.8	12.7	-999.9	0.0	1.9	96546.2	-999.9
Koutiala	2022	12	4	338	21.0	31.5	19.1	-999.9	0.0	1.1	96715.0	-999.9
Koutiala	2022	12	5	339	21.1	32.8	18.7	-999.9	0.7	1.7	96913.9	-999.9
Koutiala	2022	12	6	340	23.2	33.1	20.0	-999.9	0.0	3.1	96922.6	-999.9
Koutiala	2022	12	7	341	21.0	33.6	20.4	-999.9	0.0	2.1	96788.5	-999.9
Koutiala	2022	12	8	342	19.5	33.3	20.6	-999.9	0.0	2.2	96769.5	-999.9
Koutiala	2022	12	9	343	19.1	33.0	20.5	-999.9	0.0	2.2	96933.7	-999.9
Koutiala	2022	12	10	344	19.4	32.7	20.6	-999.9	0.0	2.2	97009.5	-999.9
Koutiala	2022	12	11	345	18.3	31.6	20.8	-999.9	0.0	2.3	96948.8	-999.9
Koutiala	2022	12	12	346	18.0	31.6	20.9	-999.9	0.0	2.3	96922.3	-999.9
Koutiala	2022	12	13	347	17.2	31.6	20.7	-999.9	0.0	2.3	96961.9	-999.9
Koutiala	2022	12	14	348	17.0	32.1	20.6	-999.9	0.0	2.0	96900.9	-999.9
Koutiala	2022	12	15	349	16.8	32.4	20.7	-999.9	0.0	2.1	96811.5	-999.9
Koutiala	2022	12	16	350	16.9	32.2	20.7	-999.9	0.0	2.1	96718.6	-999.9
Koutiala	2022	12	17	351	17.1	32.2	20.8	-999.9	0.0	2.1	96718.1	-999.9
Koutiala	2022	12	18	352	17.4	32.9	20.5	-999.9	0.0	2.4	96878.0	-999.9
Koutiala	2022	12	19	353	19.6	32.2	20.1	-999.9	0.0	2.5	96920.8	-999.9
Koutiala	2022	12	20	354	18.7	31.1	19.0	-999.9	0.0	2.4	96919.7	-999.9
Koutiala	2022	12	21	355	19.6	28.3	14.0	-999.9	0.3	2.7	97029.2	-999.9
Koutiala	2022	12	22	356	17.7	28.7	18.4	-999.9	0.0	2.6	97138.5	-999.9
Koutiala	2022	12	23	357	17.1	29.0	20.0	-999.9	0.0	2.6	97109.2	-999.9
Koutiala	2022	12	24	358	16.8	28.9	20.1	-999.9	0.0	2.5	97137.9	-999.9
Koutiala	2022	12	25	359	16.4	29.1	20.4	-999.9	0.0	2.3	97117.7	-999.9
Koutiala	2022	12	26	360	15.9	30.0	20.4	-999.9	0.0	2.1	97062.8	-999.9
Koutiala	2022	12	27	361	17.1	31.0	20.5	-999.9	0.0	2.2	97075.2	-999.9
Koutiala	2022	12	28	362	18.2	31.3	20.5	-999.9	0.0	2.4	97036.9	-999.9
Koutiala	2022	12	29	363	18.5	31.6	20.5	-999.9	0.0	2.8	97058.3	-999.9
Koutiala	2022	12	30	364	18.7	30.4	20.6	-999.9	0.0	2.8	97184.3	-999.9
Koutiala	2022	12	31	365	17.1	29.2	19.2	-999.9	0.0	2.6	97134.5	-999.9
