Koutiala	2010	1	1	1	17.7	33.2	20.8	-999.9	0.0	2.1	96963.1	-999.9
Koutiala	2010	1	2	2	17.4	33.2	20.8	-999.9	0.0	2.3	97026.7	-999.9
Koutiala	2010	1	3	3	18.1	32.8	20.9	-999.9	0.0	2.4	97056.5	-999.9
Koutiala	2010	1	4	4	16.7	32.6	21.0	-999.9	0.0	2.3	96982.2	-999.9
Koutiala	2010	1	5	5	17.0	32.9	21.1	-999.9	0.0	1.8	96901.3	-999.9
Koutiala	2010	1	6	6	15.1	33.5	21.0	-999.9	0.0	1.8	96857.0	-999.9
Koutiala	2010	1	7	7	16.7	33.9	20.8	-999.9	0.0	2.0	96892.5	-999.9
Koutiala	2010	1	8	8	18.3	33.7	20.7	-999.9	0.0	2.3	96895.3	-999.9
Koutiala	2010	1	9	9	17.9	32.9	20.8	-999.9	0.0	2.2	96873.9	-999.9
Koutiala	2010	1	10	10	16.9	32.9	21.1	-999.9	0.0	2.3	96900.8	-999.9
Koutiala	2010	1	11	11	16.9	32.7	21.2	-999.9	0.0	2.5	97023.4	-999.9
Koutiala	2010	1	12	12	18.6	33.6	21.2	-999.9	0.0	2.7	97046.1	-999.9
Koutiala	2010	1	13	13	17.0	32.8	20.5	-999.9	0.0	2.4	97040.3	-999.9
Koutiala	2010	1	14	14	17.3	33.7	21.4	-999.9	0.0	2.2	97052.3	-999.9
Koutiala	2010	1	15	15	17.7	34.3	21.5	-999.9	0.0	2.2	97107.6	-999.9
Koutiala	2010	1	16	16	17.5	34.5	21.7	-999.9	0.0	2.4	97165.4	-999.9
Koutiala	2010	1	17	17	18.8	33.8	21.6	-999.9	0.0	2.7	97214.6	-999.9
Koutiala	2010	1	18	18	17.7	33.4	21.7	-999.9	0.0	2.7	97166.6	-999.9
Koutiala	2010	1	19	19	18.1	32.9	21.8	-999.9	0.0	2.7	97190.1	-999.9
Koutiala	2010	1	20	20	17.0	32.1	22.1	-999.9	0.0	2.7	97109.8	-999.9
Koutiala	2010	1	21	21	17.0	33.0	22.0	-999.9	0.0	2.5	97108.2	-999.9
Koutiala	2010	1	22	22	18.2	33.3	20.2	-999.9	0.0	2.4	97041.5	-999.9
Koutiala	2010	1	23	23	17.8	33.9	21.6	-999.9	0.0	2.2	96901.9	-999.9
Koutiala	2010	1	24	24	19.1	34.2	21.2	-999.9	0.0	2.3	96806.3	-999.9
Koutiala	2010	1	25	25	19.8	34.5	20.7	-999.9	0.0	2.3	96753.2	-999.9
Koutiala	2010	1	26	26	20.4	33.8	18.8	-999.9	0.7	2.1	96724.9	-999.9
Koutiala	2010	1	27	27	18.5	35.1	21.3	-999.9	0.0	1.8	96752.5	-999.9
Koutiala	2010	1	28	28	19.6	34.7	19.4	-999.9	0.0	1.8	96827.1	-999.9
Koutiala	2010	1	29	29	22.7	33.0	15.9	-999.9	0.0	2.3	96874.9	-999.9
Koutiala	2010	1	30	30	18.7	35.1	21.8	-999.9	0.0	2.5	96874.1	-999.9
Koutiala	2010	1	31	31	20.0	35.8	21.8	-999.9	0.0	2.9	96920.5	-999.9
Koutiala	2010	2	1	32	20.6	33.9	22.1	-999.9	0.0	3.3	97104.1	-999.9
Koutiala	2010	2	2	33	18.9	35.2	22.1	-999.9	0.0	3.0	97131.1	-999.9
Koutiala	2010	2	3	34	20.6	36.2	22.2	-999.9	0.0	2.4	96930.2	-999.9
Koutiala	2010	2	4	35	21.6	36.9	22.3	-999.9	0.0	2.8	96922.0	-999.9
Koutiala	2010	2	5	36	22.1	36.7	22.2	-999.9	0.0	3.4	96979.1	-999.9
Koutiala	2010	2	6	37	22.1	34.4	22.5	-999.9	0.0	3.3	96948.8	-999.9
Koutiala	2010	2	7	38	19.7	33.9	22.5	-999.9	0.0	2.6	96872.8	-999.9
Koutiala	2010	2	8	39	19.2	33.9	21.5	-999.9	0.0	2.1	96786.4	-999.9
Koutiala	2010	2	9	40	18.1	35.2	22.7	-999.9	0.0	1.9	96674.4	-999.9
Koutiala	2010	2	10	41	18.3	36.0	22.7	-999.9	0.0	1.9	96651.3	-999.9
Koutiala	2010	2	11	42	19.8	35.4	21.2	-999.9	0.0	2.2	96596.1	-999.9
Koutiala	2010	2	12	43	20.6	35.7	22.7	-999.9	0.0	1.6	96597.7	-999.9
Koutiala	2010	2	13	44	22.6	35.3	18.7	-999.9	0.0	2.1	96755.3	-999.9
Koutiala	2010	2	14	45	22.8	36.1	21.0	-999.9	0.0	1.5	96721.6	-999.9
Koutiala	2010	2	15	46	23.6	36.5	22.0	-999.9	0.0	1.4	96706.8	-999.9
Koutiala	2010	2	16	47	22.4	36.0	22.1	-999.9	0.0	2.0	96759.8	-999.9
Koutiala	2010	2	17	48	23.6	37.4	22.5	-999.9	0.0	2.0	96757.8	-999.9
Koutiala	2010	2	18	49	22.7	37.9	22.2	-999.9	0.0	2.0	96838.5	-999.9
Koutiala	2010	2	19	50	24.8	38.4	21.6	-999.9	0.0	1.6	96821.4	-999.9
Koutiala	2010	2	20	51	23.4	38.1	22.6	-999.9	0.0	2.3	96776.1	-999.9
Koutiala	2010	2	21	52	24.0	38.7	23.0	-999.9	0.0	2.2	96680.1	-999.9
Koutiala	2010	2	22	53	24.1	40.0	23.4	-999.9	0.0	2.7	96594.9	-999.9
Koutiala	2010	2	23	54	23.2	39.3	23.6	-999.9	0.0	2.5	96705.2	-999.9
Koutiala	2010	2	24	55	25.9	39.8	23.4	-999.9	0.0	3.0	96694.7	-999.9
Koutiala	2010	2	25	56	24.2	39.4	23.9	-999.9	0.0	2.7	96594.4	-999.9
Koutiala	2010	2	26	57	21.9	38.9	23.9	-999.9	0.0	1.8	96590.5	-999.9
Koutiala	2010	2	27	58	23.3	38.5	21.9	-999.9	0.0	1.8	96654.1	-999.9
Koutiala	2010	2	28	59	25.6	39.1	22.6	-999.9	0.0	1.9	96698.1	-999.9
Koutiala	2010	3	1	60	23.6	38.7	23.2	-999.9	0.0	2.2	96735.1	-999.9
Koutiala	2010	3	2	61	25.5	37.5	20.9	-999.9	0.0	1.6	96837.2	-999.9
Koutiala	2010	3	3	62	23.4	38.8	23.9	-999.9	0.0	2.0	96788.3	-999.9
Koutiala	2010	3	4	63	22.5	38.5	24.5	-999.9	0.0	2.4	96714.8	-999.9
Koutiala	2010	3	5	64	23.8	38.4	24.4	-999.9	0.0	2.2	96646.9	-999.9
Koutiala	2010	3	6	65	23.5	38.5	23.7	-999.9	0.0	1.8	96580.2	-999.9
Koutiala	2010	3	7	66	25.7	38.4	22.5	-999.9	0.0	1.3	96632.3	-999.9
Koutiala	2010	3	8	67	24.5	38.7	24.3	-999.9	0.0	1.6	96637.3	-999.9
Koutiala	2010	3	9	68	23.0	37.8	24.5	-999.9	0.0	2.1	96667.1	-999.9
Koutiala	2010	3	10	69	22.6	37.6	24.5	-999.9	0.0	1.3	96671.1	-999.9
Koutiala	2010	3	11	70	24.5	37.7	23.0	-999.9	0.0	1.9	96734.3	-999.9
Koutiala	2010	3	12	71	25.3	38.1	22.6	-999.9	0.0	1.9	96802.9	-999.9
Koutiala	2010	3	13	72	25.3	38.1	21.5	-999.9	0.0	2.2	96763.3	-999.9
Koutiala	2010	3	14	73	24.4	38.1	24.3	-999.9	0.0	1.6	96645.3	-999.9
Koutiala	2010	3	15	74	24.6	38.8	24.5	-999.9	0.0	1.5	96598.0	-999.9
Koutiala	2010	3	16	75	24.5	38.0	25.0	-999.9	0.0	2.4	96727.9	-999.9
Koutiala	2010	3	17	76	22.5	37.0	25.1	-999.9	0.0	2.4	96887.9	-999.9
Koutiala	2010	3	18	77	23.3	36.8	24.1	-999.9	0.0	2.3	96952.0	-999.9
Koutiala	2010	3	19	78	24.6	39.4	25.0	-999.9	0.0	2.4	96804.9	-999.9
Koutiala	2010	3	20	79	26.9	38.9	23.6	-999.9	0.0	2.7	96778.8	-999.9
Koutiala	2010	3	21	80	23.2	37.8	25.6	-999.9	0.0	2.4	96879.7	-999.9
Koutiala	2010	3	22	81	22.0	37.5	25.8	-999.9	0.0	2.3	96789.6	-999.9
Koutiala	2010	3	23	82	22.5	37.6	26.0	-999.9	0.0	2.2	96653.8	-999.9
Koutiala	2010	3	24	83	21.7	37.8	26.1	-999.9	0.0	2.2	96503.1	-999.9
Koutiala	2010	3	25	84	21.8	37.8	25.7	-999.9	0.0	2.2	96603.2	-999.9
Koutiala	2010	3	26	85	24.8	38.2	25.4	-999.9	0.0	2.3	96822.6	-999.9
Koutiala	2010	3	27	86	22.7	38.9	26.2	-999.9	0.0	2.5	96824.0	-999.9
Koutiala	2010	3	28	87	23.2	39.0	26.4	-999.9	0.0	2.8	96794.4	-999.9
Koutiala	2010	3	29	88	22.6	39.1	26.3	-999.9	0.0	2.7	96748.7	-999.9
Koutiala	2010	3	30	89	22.9	39.3	26.4	-999.9	0.0	2.6	96726.6	-999.9
Koutiala	2010	3	31	90	23.0	38.9	26.4	-999.9	0.0	2.6	96660.4	-999.9
Koutiala	2010	4	1	91	21.2	39.5	26.5	-999.9	0.0	1.8	96563.7	-999.9
Koutiala	2010	4	2	92	23.0	39.9	26.3	-999.9	0.0	2.5	96499.8	-999.9
Koutiala	2010	4	3	93	22.2	39.8	26.0	-999.9	0.0	1.9	96461.8	-999.9
Koutiala	2010	4	4	94	24.9	39.4	24.2	-999.9	0.0	1.9	96476.9	-999.9
Koutiala	2010	4	5	95	27.5	39.5	23.1	-999.9	0.0	2.5	96543.2	-999.9
Koutiala	2010	4	6	96	26.0	38.2	23.7	-999.9	0.0	2.2	96571.3	-999.9
Koutiala	2010	4	7	97	26.5	40.0	25.3	-999.9	0.0	1.9	96419.5	-999.9
Koutiala	2010	4	8	98	26.4	40.1	24.1	-999.9	0.0	2.1	96473.5	-999.9
Koutiala	2010	4	9	99	26.6	39.5	22.0	-999.9	0.0	2.2	96544.1	-999.9
Koutiala	2010	4	10	100	29.1	38.5	22.9	-999.9	0.0	2.4	96571.2	-999.9
Koutiala	2010	4	11	101	27.0	39.1	25.0	-999.9	0.0	2.1	96443.1	-999.9
Koutiala	2010	4	12	102	28.8	39.1	23.0	-999.9	0.0	2.6	96409.9	-999.9
Koutiala	2010	4	13	103	28.7	39.1	22.6	-999.9	0.0	2.7	96449.6	-999.9
Koutiala	2010	4	14	104	28.3	34.6	15.4	-999.9	0.0	2.8	96644.4	-999.9
Koutiala	2010	4	15	105	26.9	39.5	24.3	-999.9	0.0	2.1	96564.5	-999.9
Koutiala	2010	4	16	106	28.7	38.6	23.0	-999.9	0.0	2.0	96647.1	-999.9
Koutiala	2010	4	17	107	27.2	39.9	24.2	-999.9	0.0	2.2	96694.9	-999.9
Koutiala	2010	4	18	108	28.9	38.8	21.8	-999.9	0.0	2.0	96687.3	-999.9
Koutiala	2010	4	19	109	29.7	40.1	22.2	-999.9	6.9	2.1	96644.1	-999.9
Koutiala	2010	4	20	110	27.6	39.4	24.2	-999.9	2.3	2.4	96624.9	-999.9
Koutiala	2010	4	21	111	28.5	40.3	23.9	-999.9	2.2	2.4	96591.4	-999.9
Koutiala	2010	4	22	112	28.8	39.9	24.0	-999.9	0.0	2.1	96616.2	-999.9
Koutiala	2010	4	23	113	28.5	34.1	16.4	-999.9	4.4	2.6	96800.1	-999.9
Koutiala	2010	4	24	114	27.0	37.1	22.6	-999.9	0.0	1.6	96780.1	-999.9
Koutiala	2010	4	25	115	26.9	39.4	24.4	-999.9	0.0	2.4	96706.0	-999.9
Koutiala	2010	4	26	116	28.3	38.3	22.9	-999.9	0.0	2.2	96576.9	-999.9
Koutiala	2010	4	27	117	27.1	37.7	22.5	-999.9	7.4	2.5	96690.1	-999.9
Koutiala	2010	4	28	118	26.5	37.3	24.3	-999.9	0.0	2.3	96717.9	-999.9
Koutiala	2010	4	29	119	27.2	38.4	23.4	-999.9	3.7	2.0	96709.8	-999.9
Koutiala	2010	4	30	120	26.3	35.7	21.4	-999.9	7.4	2.0	96751.6	-999.9
Koutiala	2010	5	1	121	26.7	36.8	22.7	-999.9	0.0	1.9	96763.7	-999.9
Koutiala	2010	5	2	122	24.5	34.8	19.0	-999.9	5.6	3.0	96836.0	-999.9
Koutiala	2010	5	3	123	26.2	37.0	22.4	-999.9	0.0	2.8	96793.3	-999.9
Koutiala	2010	5	4	124	27.2	37.6	22.5	-999.9	0.0	2.8	96608.2	-999.9
Koutiala	2010	5	5	125	27.7	38.4	23.6	-999.9	2.8	2.5	96525.2	-999.9
Koutiala	2010	5	6	126	26.0	36.1	22.9	-999.9	0.0	2.9	96670.0	-999.9
Koutiala	2010	5	7	127	26.8	37.9	23.8	-999.9	4.6	2.7	96733.7	-999.9
Koutiala	2010	5	8	128	25.0	36.2	23.8	-999.9	4.6	2.4	96783.9	-999.9
Koutiala	2010	5	9	129	26.1	37.8	24.4	-999.9	0.0	2.0	96738.2	-999.9
Koutiala	2010	5	10	130	28.4	37.8	23.8	-999.9	0.0	2.3	96696.0	-999.9
Koutiala	2010	5	11	131	27.1	38.9	24.7	-999.9	0.0	2.1	96666.3	-999.9
Koutiala	2010	5	12	132	27.8	37.5	19.2	-999.9	6.1	2.7	96733.6	-999.9
Koutiala	2010	5	13	133	26.7	38.8	25.1	-999.9	0.0	2.4	96721.9	-999.9
Koutiala	2010	5	14	134	28.0	38.9	24.5	-999.9	6.1	2.2	96784.7	-999.9
Koutiala	2010	5	15	135	26.6	38.5	23.9	-999.9	0.0	2.6	96732.5	-999.9
Koutiala	2010	5	16	136	27.0	35.9	21.9	-999.9	0.0	2.1	96782.7	-999.9
Koutiala	2010	5	17	137	28.0	36.7	23.0	-999.9	0.0	2.0	96763.3	-999.9
Koutiala	2010	5	18	138	27.7	37.3	22.3	-999.9	3.2	2.3	96647.5	-999.9
Koutiala	2010	5	19	139	26.9	38.3	25.1	-999.9	0.0	2.3	96522.1	-999.9
Koutiala	2010	5	20	140	26.3	35.7	22.0	-999.9	3.2	2.4	96678.6	-999.9
Koutiala	2010	5	21	141	26.2	34.9	21.7	-999.9	0.0	2.1	96846.3	-999.9
Koutiala	2010	5	22	142	24.9	33.5	21.8	-999.9	0.0	1.6	96841.0	-999.9
Koutiala	2010	5	23	143	27.1	36.4	23.5	-999.9	4.4	1.8	96729.4	-999.9
Koutiala	2010	5	24	144	27.2	36.3	23.7	-999.9	6.6	2.0	96741.0	-999.9
Koutiala	2010	5	25	145	25.7	36.6	24.0	-999.9	0.0	2.2	96737.3	-999.9
Koutiala	2010	5	26	146	27.8	37.9	24.8	-999.9	0.0	2.7	96622.5	-999.9
Koutiala	2010	5	27	147	27.4	37.4	24.0	-999.9	0.0	3.0	96592.3	-999.9
Koutiala	2010	5	28	148	27.6	36.1	24.4	-999.9	0.0	2.6	96740.2	-999.9
Koutiala	2010	5	29	149	26.2	36.2	24.4	-999.9	5.9	2.1	96866.6	-999.9
Koutiala	2010	5	30	150	25.2	33.7	20.8	-999.9	0.0	2.0	96919.6	-999.9
Koutiala	2010	5	31	151	26.6	36.1	23.6	-999.9	5.9	2.1	96859.4	-999.9
Koutiala	2010	6	1	152	25.5	33.9	20.3	-999.9	15.8	2.2	96972.7	-999.9
Koutiala	2010	6	2	153	26.6	33.2	19.7	-999.9	0.0	2.5	96986.9	-999.9
Koutiala	2010	6	3	154	25.7	35.4	23.9	-999.9	5.3	2.4	96992.2	-999.9
Koutiala	2010	6	4	155	25.2	34.5	20.1	-999.9	0.0	2.2	97034.7	-999.9
Koutiala	2010	6	5	156	25.5	34.2	23.1	-999.9	0.0	2.2	97123.3	-999.9
Koutiala	2010	6	6	157	25.0	35.6	24.4	-999.9	0.0	1.8	97107.9	-999.9
Koutiala	2010	6	7	158	27.0	36.9	23.4	-999.9	9.4	2.5	96924.3	-999.9
Koutiala	2010	6	8	159	24.7	36.0	23.9	-999.9	9.4	3.0	96882.0	-999.9
Koutiala	2010	6	9	160	25.7	35.5	23.5	-999.9	0.0	3.4	96888.3	-999.9
Koutiala	2010	6	10	161	24.6	31.4	15.9	-999.9	28.3	2.0	97067.1	-999.9
Koutiala	2010	6	11	162	23.3	32.7	21.3	-999.9	6.2	1.5	97187.7	-999.9
Koutiala	2010	6	12	163	24.4	34.5	23.8	-999.9	0.0	1.3	97038.9	-999.9
Koutiala	2010	6	13	164	26.0	37.6	23.9	-999.9	6.2	2.7	96813.3	-999.9
Koutiala	2010	6	14	165	26.9	35.5	23.2	-999.9	0.0	3.0	96853.8	-999.9
Koutiala	2010	6	15	166	24.3	33.3	20.0	-999.9	0.0	2.4	97052.7	-999.9
Koutiala	2010	6	16	167	25.4	34.7	23.5	-999.9	0.0	2.1	97020.9	-999.9
Koutiala	2010	6	17	168	24.4	32.2	18.3	-999.9	40.8	2.4	97011.5	-999.9
Koutiala	2010	6	18	169	25.1	34.4	22.8	-999.9	0.0	2.0	96846.0	-999.9
Koutiala	2010	6	19	170	25.1	34.4	24.2	-999.9	0.0	2.3	96782.1	-999.9
Koutiala	2010	6	20	171	25.6	35.4	24.3	-999.9	0.0	2.0	96776.8	-999.9
Koutiala	2010	6	21	172	25.0	34.7	23.2	-999.9	5.8	2.3	96839.2	-999.9
Koutiala	2010	6	22	173	25.0	33.1	21.4	-999.9	11.6	1.8	96897.9	-999.9
Koutiala	2010	6	23	174	25.9	33.5	22.1	-999.9	0.0	1.9	96835.8	-999.9
Koutiala	2010	6	24	175	23.5	34.9	23.6	-999.9	0.0	3.5	96821.0	-999.9
Koutiala	2010	6	25	176	24.3	33.5	19.8	-999.9	34.9	3.9	96801.7	-999.9
Koutiala	2010	6	26	177	25.1	32.6	21.5	-999.9	4.9	2.6	96849.1	-999.9
Koutiala	2010	6	27	178	24.0	27.7	11.7	-999.9	9.8	1.9	96929.3	-999.9
Koutiala	2010	6	28	179	23.2	32.4	23.0	-999.9	0.0	1.7	97012.9	-999.9
Koutiala	2010	6	29	180	24.7	34.5	22.9	-999.9	4.9	1.6	96979.6	-999.9
Koutiala	2010	6	30	181	24.9	34.8	23.4	-999.9	14.6	2.2	96826.3	-999.9
Koutiala	2010	7	1	182	24.5	33.1	21.7	-999.9	0.0	2.7	96863.9	-999.9
Koutiala	2010	7	2	183	24.8	33.6	21.4	-999.9	0.0	2.3	96943.2	-999.9
Koutiala	2010	7	3	184	24.2	32.1	20.9	-999.9	8.1	1.7	96952.7	-999.9
Koutiala	2010	7	4	185	24.3	34.1	24.6	-999.9	0.0	1.5	96963.0	-999.9
Koutiala	2010	7	5	186	25.0	34.8	23.6	-999.9	8.1	3.0	96843.1	-999.9
Koutiala	2010	7	6	187	24.5	33.5	21.8	-999.9	13.9	2.7	96698.3	-999.9
Koutiala	2010	7	7	188	24.5	31.8	20.9	-999.9	0.0	2.1	96848.4	-999.9
Koutiala	2010	7	8	189	24.1	32.7	22.7	-999.9	13.9	2.0	96991.5	-999.9
Koutiala	2010	7	9	190	24.6	31.3	17.1	-999.9	0.0	2.2	96869.1	-999.9
Koutiala	2010	7	10	191	23.4	31.9	23.1	-999.9	6.9	2.1	96829.9	-999.9
Koutiala	2010	7	11	192	23.6	29.3	14.7	-999.9	6.5	2.2	96935.8	-999.9
Koutiala	2010	7	12	193	22.8	25.2	6.7	-999.9	13.0	1.6	96963.3	-999.9
Koutiala	2010	7	13	194	21.9	29.4	17.3	-999.9	0.0	1.6	96979.4	-999.9
Koutiala	2010	7	14	195	23.0	31.4	23.8	-999.9	13.0	2.0	96928.8	-999.9
Koutiala	2010	7	15	196	23.2	32.3	20.6	-999.9	0.0	3.3	96792.4	-999.9
Koutiala	2010	7	16	197	23.2	31.7	16.7	-999.9	10.2	3.6	96643.2	-999.9
Koutiala	2010	7	17	198	23.0	26.2	9.1	-999.9	5.1	1.9	96866.0	-999.9
Koutiala	2010	7	18	199	22.3	29.6	19.9	-999.9	0.0	1.9	97138.6	-999.9
Koutiala	2010	7	19	200	23.3	29.9	20.0	-999.9	10.2	2.2	97112.0	-999.9
Koutiala	2010	7	20	201	23.9	29.1	16.7	-999.9	5.1	3.0	96979.5	-999.9
Koutiala	2010	7	21	202	22.5	28.6	16.3	-999.9	0.0	3.4	97115.6	-999.9
Koutiala	2010	7	22	203	23.3	28.8	16.9	-999.9	0.0	3.1	97095.7	-999.9
Koutiala	2010	7	23	204	22.5	24.7	7.8	-999.9	43.7	2.4	96951.6	-999.9
Koutiala	2010	7	24	205	22.0	26.3	13.1	-999.9	0.0	2.9	97086.7	-999.9
Koutiala	2010	7	25	206	22.4	28.5	17.0	-999.9	0.0	2.5	97102.7	-999.9
Koutiala	2010	7	26	207	22.3	30.7	23.1	-999.9	0.0	2.2	96861.9	-999.9
Koutiala	2010	7	27	208	22.5	29.2	17.6	-999.9	17.8	2.3	96854.3	-999.9
Koutiala	2010	7	28	209	22.4	28.8	18.5	-999.9	8.9	2.1	97102.6	-999.9
Koutiala	2010	7	29	210	22.8	28.6	18.8	-999.9	17.8	1.8	97089.1	-999.9
Koutiala	2010	7	30	211	22.6	30.0	18.2	-999.9	0.0	2.1	96802.5	-999.9
Koutiala	2010	7	31	212	22.6	28.6	16.3	-999.9	8.9	2.0	96736.1	-999.9
Koutiala	2010	8	1	213	22.1	28.2	16.1	-999.9	0.0	1.7	96873.2	-999.9
Koutiala	2010	8	2	214	22.4	29.4	20.6	-999.9	0.0	1.3	96970.6	-999.9
Koutiala	2010	8	3	215	22.9	30.5	22.0	-999.9	14.7	2.0	96911.6	-999.9
Koutiala	2010	8	4	216	23.2	28.1	14.2	-999.9	14.7	2.0	96887.9	-999.9
Koutiala	2010	8	5	217	22.3	29.5	19.2	-999.9	0.0	2.2	96866.2	-999.9
Koutiala	2010	8	6	218	23.1	29.0	16.5	-999.9	12.8	1.9	96937.0	-999.9
Koutiala	2010	8	7	219	22.5	28.7	17.0	-999.9	19.2	1.7	97020.8	-999.9
Koutiala	2010	8	8	220	22.5	28.5	15.0	-999.9	0.0	1.9	97015.4	-999.9
Koutiala	2010	8	9	221	22.1	26.8	15.6	-999.9	0.0	2.6	97099.5	-999.9
Koutiala	2010	8	10	222	22.1	29.2	20.4	-999.9	6.4	2.4	96990.7	-999.9
Koutiala	2010	8	11	223	23.0	29.0	14.2	-999.9	10.2	2.0	96893.8	-999.9
Koutiala	2010	8	12	224	22.2	27.7	12.1	-999.9	20.5	1.8	96864.6	-999.9
Koutiala	2010	8	13	225	22.4	28.8	17.2	-999.9	0.0	2.2	96971.7	-999.9
Koutiala	2010	8	14	226	22.4	28.3	17.1	-999.9	20.5	1.4	96989.1	-999.9
Koutiala	2010	8	15	227	22.1	27.5	13.4	-999.9	20.5	1.4	97022.4	-999.9
Koutiala	2010	8	16	228	21.5	29.9	21.9	-999.9	19.1	1.6	97059.5	-999.9
Koutiala	2010	8	17	229	23.2	29.8	21.8	-999.9	38.2	2.2	97020.5	-999.9
Koutiala	2010	8	18	230	22.6	28.6	17.1	-999.9	0.0	2.1	96887.0	-999.9
Koutiala	2010	8	19	231	22.5	29.0	20.4	-999.9	0.0	2.0	96896.9	-999.9
Koutiala	2010	8	20	232	22.9	29.3	20.7	-999.9	0.0	1.9	97078.3	-999.9
Koutiala	2010	8	21	233	22.6	28.5	15.3	-999.9	24.6	1.7	97115.7	-999.9
Koutiala	2010	8	22	234	22.2	29.3	20.1	-999.9	0.0	1.8	97047.6	-999.9
Koutiala	2010	8	23	235	22.8	29.3	21.3	-999.9	0.0	1.9	97043.6	-999.9
Koutiala	2010	8	24	236	22.3	29.6	20.4	-999.9	12.3	1.7	97059.6	-999.9
Koutiala	2010	8	25	237	22.0	29.8	20.3	-999.9	0.0	1.4	97091.8	-999.9
Koutiala	2010	8	26	238	21.6	30.8	22.8	-999.9	21.9	1.6	97068.6	-999.9
Koutiala	2010	8	27	239	22.8	30.5	19.7	-999.9	11.0	2.1	96813.3	-999.9
Koutiala	2010	8	28	240	23.2	30.2	21.9	-999.9	0.0	1.9	96754.8	-999.9
Koutiala	2010	8	29	241	23.5	29.7	20.8	-999.9	21.9	1.8	96786.7	-999.9
Koutiala	2010	8	30	242	22.8	29.1	18.0	-999.9	0.0	1.7	96869.6	-999.9
Koutiala	2010	8	31	243	22.4	28.1	16.4	-999.9	21.9	1.8	96787.9	-999.9
Koutiala	2010	9	1	244	22.6	25.4	9.4	-999.9	9.1	1.2	96719.1	-999.9
Koutiala	2010	9	2	245	22.8	27.8	12.6	-999.9	0.0	2.2	96919.3	-999.9
Koutiala	2010	9	3	246	22.1	28.2	15.4	-999.9	27.3	1.3	97095.4	-999.9
Koutiala	2010	9	4	247	22.2	29.0	17.5	-999.9	9.1	1.7	96989.0	-999.9
Koutiala	2010	9	5	248	21.3	29.3	20.2	-999.9	18.2	1.3	96963.4	-999.9
Koutiala	2010	9	6	249	22.1	24.2	8.6	-999.9	18.0	2.4	96982.5	-999.9
Koutiala	2010	9	7	250	22.0	27.3	15.4	-999.9	0.0	2.2	97013.8	-999.9
Koutiala	2010	9	8	251	22.3	28.4	16.3	-999.9	23.9	2.1	97022.0	-999.9
Koutiala	2010	9	9	252	22.2	24.3	8.6	-999.9	18.0	1.3	97060.9	-999.9
Koutiala	2010	9	10	253	21.4	28.5	17.1	-999.9	0.0	2.1	96948.4	-999.9
Koutiala	2010	9	11	254	21.5	29.0	20.6	-999.9	4.6	1.8	96935.8	-999.9
Koutiala	2010	9	12	255	21.8	29.8	22.7	-999.9	9.2	1.2	96958.7	-999.9
Koutiala	2010	9	13	256	23.5	27.9	14.9	-999.9	9.2	1.2	96947.2	-999.9
Koutiala	2010	9	14	257	21.6	28.0	15.8	-999.9	4.6	1.3	96933.9	-999.9
Koutiala	2010	9	15	258	22.0	29.3	20.1	-999.9	0.0	1.3	96869.5	-999.9
Koutiala	2010	9	16	259	21.8	29.0	20.2	-999.9	10.6	1.2	96866.9	-999.9
Koutiala	2010	9	17	260	22.0	28.8	17.8	-999.9	15.9	1.3	96910.6	-999.9
Koutiala	2010	9	18	261	22.2	29.0	19.4	-999.9	5.3	1.5	96905.1	-999.9
Koutiala	2010	9	19	262	22.4	28.3	18.4	-999.9	5.3	2.0	96983.6	-999.9
Koutiala	2010	9	20	263	21.3	29.0	21.4	-999.9	10.6	1.7	96985.2	-999.9
Koutiala	2010	9	21	264	22.0	29.6	21.2	-999.9	0.0	1.3	96786.6	-999.9
Koutiala	2010	9	22	265	22.1	29.8	22.2	-999.9	0.0	1.2	96823.2	-999.9
Koutiala	2010	9	23	266	22.1	29.7	20.8	-999.9	14.5	1.1	96932.8	-999.9
Koutiala	2010	9	24	267	22.7	30.3	21.9	-999.9	0.0	1.5	96924.2	-999.9
Koutiala	2010	9	25	268	23.3	30.5	22.7	-999.9	0.0	1.4	96878.2	-999.9
Koutiala	2010	9	26	269	22.9	30.6	21.9	-999.9	0.0	1.3	96860.1	-999.9
Koutiala	2010	9	27	270	22.5	30.7	22.8	-999.9	0.0	1.5	96845.0	-999.9
Koutiala	2010	9	28	271	22.3	29.3	16.2	-999.9	10.7	1.6	96847.3	-999.9
Koutiala	2010	9	29	272	21.9	29.0	16.2	-999.9	0.0	1.5	96855.2	-999.9
Koutiala	2010	9	30	273	20.4	30.2	23.4	-999.9	0.0	1.5	96903.4	-999.9
Koutiala	2010	10	1	274	23.5	31.9	23.5	-999.9	6.1	2.2	96655.7	-999.9
Koutiala	2010	10	2	275	22.3	30.4	19.1	-999.9	6.1	1.9	96738.5	-999.9
Koutiala	2010	10	3	276	22.4	30.8	22.6	-999.9	0.0	1.5	96838.2	-999.9
Koutiala	2010	10	4	277	23.6	31.5	19.0	-999.9	0.0	1.7	96766.1	-999.9
Koutiala	2010	10	5	278	22.2	29.8	22.0	-999.9	0.0	1.8	96873.6	-999.9
Koutiala	2010	10	6	279	22.5	29.1	20.3	-999.9	7.5	1.7	96959.2	-999.9
Koutiala	2010	10	7	280	21.6	28.6	19.6	-999.9	7.5	1.2	97058.2	-999.9
Koutiala	2010	10	8	281	21.8	28.4	17.2	-999.9	15.0	1.1	97082.0	-999.9
Koutiala	2010	10	9	282	21.7	29.6	18.8	-999.9	0.0	1.7	97090.9	-999.9
Koutiala	2010	10	10	283	22.4	31.4	23.0	-999.9	0.0	1.0	96882.6	-999.9
Koutiala	2010	10	11	284	22.2	30.4	21.4	-999.9	0.0	2.0	96797.9	-999.9
Koutiala	2010	10	12	285	23.0	29.9	20.5	-999.9	10.9	1.8	96919.9	-999.9
Koutiala	2010	10	13	286	22.3	27.9	14.6	-999.9	10.9	1.2	96989.1	-999.9
Koutiala	2010	10	14	287	22.1	29.3	18.9	-999.9	10.9	1.3	97011.9	-999.9
Koutiala	2010	10	15	288	22.0	29.5	18.7	-999.9	10.9	1.5	96965.0	-999.9
Koutiala	2010	10	16	289	22.4	30.9	21.4	-999.9	0.0	1.2	96858.8	-999.9
Koutiala	2010	10	17	290	23.3	31.8	22.4	-999.9	0.0	1.7	96779.3	-999.9
Koutiala	2010	10	18	291	23.3	30.9	20.7	-999.9	0.0	1.9	96720.5	-999.9
Koutiala	2010	10	19	292	23.3	29.8	19.0	-999.9	0.0	2.0	96820.5	-999.9
Koutiala	2010	10	20	293	23.2	30.3	21.2	-999.9	20.5	1.6	96925.3	-999.9
Koutiala	2010	10	21	294	22.3	29.6	21.1	-999.9	0.0	1.7	96936.0	-999.9
Koutiala	2010	10	22	295	22.6	30.7	20.1	-999.9	0.0	1.6	96823.5	-999.9
Koutiala	2010	10	23	296	22.6	30.6	21.3	-999.9	0.0	1.3	96751.9	-999.9
Koutiala	2010	10	24	297	23.3	31.6	22.1	-999.9	0.0	1.5	96689.0	-999.9
Koutiala	2010	10	25	298	22.3	30.9	21.4	-999.9	0.0	1.8	96703.6	-999.9
Koutiala	2010	10	26	299	22.8	29.7	18.0	-999.9	10.8	1.3	96801.2	-999.9
Koutiala	2010	10	27	300	22.2	29.7	20.1	-999.9	5.4	2.0	96838.1	-999.9
Koutiala	2010	10	28	301	22.1	29.3	17.1	-999.9	5.4	1.4	96893.3	-999.9
Koutiala	2010	10	29	302	22.1	30.4	21.2	-999.9	0.0	1.7	96827.4	-999.9
Koutiala	2010	10	30	303	22.0	31.2	21.3	-999.9	0.0	1.2	96838.6	-999.9
Koutiala	2010	10	31	304	21.7	31.2	21.2	-999.9	0.0	1.2	96880.2	-999.9
Koutiala	2010	11	1	305	21.9	31.5	20.3	-999.9	0.0	1.2	96835.0	-999.9
Koutiala	2010	11	2	306	22.8	31.2	20.6	-999.9	0.0	1.2	96779.9	-999.9
Koutiala	2010	11	3	307	22.8	31.5	18.0	-999.9	0.0	1.2	96720.0	-999.9
Koutiala	2010	11	4	308	21.2	32.6	22.0	-999.9	0.0	1.7	96772.8	-999.9
Koutiala	2010	11	5	309	18.8	30.3	21.3	-999.9	0.0	1.4	96842.9	-999.9
Koutiala	2010	11	6	310	18.5	31.1	21.3	-999.9	0.0	1.6	96940.2	-999.9
Koutiala	2010	11	7	311	19.5	31.0	21.7	-999.9	0.0	1.3	96849.5	-999.9
Koutiala	2010	11	8	312	21.7	30.0	16.9	-999.9	0.0	1.4	96822.4	-999.9
Koutiala	2010	11	9	313	22.2	32.1	19.1	-999.9	0.0	1.6	96743.7	-999.9
Koutiala	2010	11	10	314	21.6	32.9	21.3	-999.9	0.0	2.1	96849.1	-999.9
Koutiala	2010	11	11	315	22.6	32.9	21.7	-999.9	0.0	3.3	97071.2	-999.9
Koutiala	2010	11	12	316	22.2	33.3	21.9	-999.9	0.0	2.9	96904.1	-999.9
Koutiala	2010	11	13	317	21.1	32.6	21.9	-999.9	0.0	2.4	96586.0	-999.9
Koutiala	2010	11	14	318	18.7	31.9	21.2	-999.9	0.0	1.5	96627.3	-999.9
Koutiala	2010	11	15	319	21.5	31.6	18.6	-999.9	0.0	1.7	96878.9	-999.9
Koutiala	2010	11	16	320	22.5	32.3	19.1	-999.9	0.0	1.4	97003.8	-999.9
Koutiala	2010	11	17	321	21.5	33.8	21.2	-999.9	0.0	1.8	96786.0	-999.9
Koutiala	2010	11	18	322	20.1	33.0	21.0	-999.9	0.0	2.1	96681.7	-999.9
Koutiala	2010	11	19	323	20.6	33.1	21.1	-999.9	0.0	2.0	96763.8	-999.9
Koutiala	2010	11	20	324	20.3	33.1	21.3	-999.9	0.0	2.3	96838.9	-999.9
Koutiala	2010	11	21	325	20.0	33.3	20.9	-999.9	0.0	2.2	96672.9	-999.9
Koutiala	2010	11	22	326	18.8	32.8	20.6	-999.9	0.0	1.7	96564.7	-999.9
Koutiala	2010	11	23	327	18.8	32.5	20.4	-999.9	0.0	1.7	96630.7	-999.9
Koutiala	2010	11	24	328	18.6	33.4	21.2	-999.9	0.0	2.3	96708.9	-999.9
Koutiala	2010	11	25	329	19.8	33.1	21.2	-999.9	0.0	2.6	96773.7	-999.9
Koutiala	2010	11	26	330	18.1	32.8	21.3	-999.9	0.0	2.5	96758.8	-999.9
Koutiala	2010	11	27	331	16.7	33.1	21.2	-999.9	0.0	2.1	96750.6	-999.9
Koutiala	2010	11	28	332	18.5	33.5	21.0	-999.9	0.0	2.4	96855.8	-999.9
Koutiala	2010	11	29	333	18.9	33.3	21.1	-999.9	0.0	2.4	96842.1	-999.9
Koutiala	2010	11	30	334	18.7	33.8	21.1	-999.9	0.0	2.1	96822.5	-999.9
Koutiala	2010	12	1	335	17.3	33.1	21.2	-999.9	0.0	2.1	96721.8	-999.9
Koutiala	2010	12	2	336	16.4	32.7	21.2	-999.9	0.0	2.1	96670.1	-999.9
Koutiala	2010	12	3	337	16.1	32.6	21.1	-999.9	0.0	1.8	96770.3	-999.9
Koutiala	2010	12	4	338	16.2	32.6	20.9	-999.9	0.0	1.8	96796.4	-999.9
Koutiala	2010	12	5	339	16.5	33.0	20.7	-999.9	0.0	1.9	96873.5	-999.9
Koutiala	2010	12	6	340	17.5	32.6	20.8	-999.9	0.0	2.1	96817.3	-999.9
Koutiala	2010	12	7	341	17.2	32.3	20.8	-999.9	0.0	2.0	96787.0	-999.9
Koutiala	2010	12	8	342	15.9	32.2	20.9	-999.9	0.0	2.1	96793.0	-999.9
Koutiala	2010	12	9	343	18.5	31.6	20.7	-999.9	0.0	2.4	96887.7	-999.9
Koutiala	2010	12	10	344	17.9	31.6	21.1	-999.9	0.0	2.7	96944.0	-999.9
Koutiala	2010	12	11	345	16.7	30.5	21.1	-999.9	0.0	2.3	96837.0	-999.9
Koutiala	2010	12	12	346	13.6	29.8	21.1	-999.9	0.0	2.0	96622.3	-999.9
Koutiala	2010	12	13	347	13.6	31.1	20.7	-999.9	0.0	1.7	96514.9	-999.9
Koutiala	2010	12	14	348	17.1	31.8	20.4	-999.9	0.0	2.1	96719.2	-999.9
Koutiala	2010	12	15	349	17.9	32.0	20.3	-999.9	0.0	2.3	96848.0	-999.9
Koutiala	2010	12	16	350	16.9	32.0	19.7	-999.9	0.0	2.0	96726.2	-999.9
Koutiala	2010	12	17	351	17.0	32.6	20.2	-999.9	0.0	1.8	96627.3	-999.9
Koutiala	2010	12	18	352	18.2	33.4	20.2	-999.9	0.0	2.0	96605.6	-999.9
Koutiala	2010	12	19	353	19.5	33.8	20.2	-999.9	0.0	2.2	96790.8	-999.9
Koutiala	2010	12	20	354	19.1	34.0	20.2	-999.9	0.0	2.1	96926.3	-999.9
Koutiala	2010	12	21	355	18.0	32.7	20.6	-999.9	0.0	2.2	96861.6	-999.9
Koutiala	2010	12	22	356	16.9	32.5	20.7	-999.9	0.0	2.0	96735.8	-999.9
Koutiala	2010	12	23	357	16.1	32.1	20.5	-999.9	0.0	1.7	96700.6	-999.9
Koutiala	2010	12	24	358	16.8	33.3	20.6	-999.9	0.0	2.1	96710.8	-999.9
Koutiala	2010	12	25	359	18.6	33.2	20.7	-999.9	0.0	2.2	96778.6	-999.9
Koutiala	2010	12	26	360	16.2	32.8	19.6	-999.9	0.0	1.8	96786.4	-999.9
Koutiala	2010	12	27	361	16.4	33.0	20.7	-999.9	0.0	2.0	96726.3	-999.9
Koutiala	2010	12	28	362	18.1	32.5	20.8	-999.9	0.0	2.6	96716.4	-999.9
Koutiala	2010	12	29	363	17.8	31.4	20.3	-999.9	0.0	2.6	96772.6	-999.9
Koutiala	2010	12	30	364	19.2	31.6	19.8	-999.9	0.0	2.4	96836.9	-999.9
Koutiala	2010	12	31	365	18.5	29.8	19.1	-999.9	0.0	2.4	96874.8	-999.9
