Koutiala	2016	1	1	1	16.2	31.0	20.5	-999.9	0.0	2.5	97230.8	-999.9
Koutiala	2016	1	2	2	16.8	30.1	20.0	-999.9	0.0	2.6	97237.6	-999.9
Koutiala	2016	1	3	3	17.2	30.1	19.5	-999.9	0.0	2.6	97229.9	-999.9
Koutiala	2016	1	4	4	17.2	30.6	20.6	-999.9	0.0	2.5	97178.0	-999.9
Koutiala	2016	1	5	5	19.1	28.7	15.5	-999.9	0.3	2.7	97263.0	-999.9
Koutiala	2016	1	6	6	13.9	23.4	10.2	-999.9	0.1	2.1	97473.6	-999.9
Koutiala	2016	1	7	7	18.1	23.9	8.1	-999.9	0.2	1.7	97381.6	-999.9
Koutiala	2016	1	8	8	17.9	29.4	17.0	-999.9	0.1	2.0	97255.5	-999.9
Koutiala	2016	1	9	9	20.4	32.1	18.6	-999.9	0.0	2.2	97231.5	-999.9
Koutiala	2016	1	10	10	19.4	31.7	18.5	-999.9	0.0	2.3	97119.7	-999.9
Koutiala	2016	1	11	11	18.2	34.6	20.8	-999.9	0.0	2.4	96965.0	-999.9
Koutiala	2016	1	12	12	19.7	35.4	20.9	-999.9	0.0	2.7	96879.6	-999.9
Koutiala	2016	1	13	13	19.3	34.4	21.2	-999.9	0.0	2.6	96950.3	-999.9
Koutiala	2016	1	14	14	19.0	33.1	21.4	-999.9	0.0	2.4	96951.2	-999.9
Koutiala	2016	1	15	15	17.2	33.4	21.2	-999.9	0.0	1.9	96989.5	-999.9
Koutiala	2016	1	16	16	18.0	33.1	20.6	-999.9	0.0	2.1	96971.0	-999.9
Koutiala	2016	1	17	17	18.8	33.6	21.1	-999.9	0.0	2.4	96948.2	-999.9
Koutiala	2016	1	18	18	19.2	34.2	21.2	-999.9	0.0	2.1	96932.3	-999.9
Koutiala	2016	1	19	19	18.8	34.3	20.1	-999.9	0.0	2.2	96904.1	-999.9
Koutiala	2016	1	20	20	19.3	34.3	21.0	-999.9	0.0	2.3	96917.0	-999.9
Koutiala	2016	1	21	21	19.5	33.5	20.9	-999.9	0.3	2.7	97059.5	-999.9
Koutiala	2016	1	22	22	20.3	33.3	20.0	-999.9	0.0	2.8	97211.8	-999.9
Koutiala	2016	1	23	23	19.8	31.7	18.8	-999.9	0.0	3.1	97368.9	-999.9
Koutiala	2016	1	24	24	20.3	33.3	21.4	-999.9	0.0	2.9	97342.6	-999.9
Koutiala	2016	1	25	25	19.2	32.3	21.5	-999.9	0.0	2.8	97384.8	-999.9
Koutiala	2016	1	26	26	19.1	32.1	21.5	-999.9	0.0	2.9	97413.7	-999.9
Koutiala	2016	1	27	27	19.3	30.7	19.5	-999.9	0.0	2.8	97354.7	-999.9
Koutiala	2016	1	28	28	19.8	31.3	21.5	-999.9	0.0	3.1	97314.1	-999.9
Koutiala	2016	1	29	29	17.9	30.3	21.9	-999.9	0.0	3.4	97307.6	-999.9
Koutiala	2016	1	30	30	16.7	31.0	22.1	-999.9	0.0	2.7	97267.8	-999.9
Koutiala	2016	1	31	31	17.4	31.7	22.0	-999.9	0.0	2.4	97275.7	-999.9
Koutiala	2016	2	1	32	17.0	31.0	22.2	-999.9	0.0	3.1	97213.6	-999.9
Koutiala	2016	2	2	33	15.8	28.8	22.5	-999.9	0.0	2.8	97187.8	-999.9
Koutiala	2016	2	3	34	14.8	30.8	22.7	-999.9	0.0	2.3	97093.9	-999.9
Koutiala	2016	2	4	35	17.2	33.3	22.4	-999.9	0.0	2.3	97140.5	-999.9
Koutiala	2016	2	5	36	17.5	33.9	22.4	-999.9	0.0	2.1	97132.2	-999.9
Koutiala	2016	2	6	37	18.2	34.5	22.4	-999.9	0.0	2.5	97180.7	-999.9
Koutiala	2016	2	7	38	19.4	33.4	22.7	-999.9	0.0	3.4	97294.1	-999.9
Koutiala	2016	2	8	39	18.8	33.1	22.7	-999.9	0.0	3.0	97348.6	-999.9
Koutiala	2016	2	9	40	18.0	33.0	22.8	-999.9	0.0	2.7	97362.5	-999.9
Koutiala	2016	2	10	41	18.3	32.7	22.7	-999.9	0.0	2.8	97177.9	-999.9
Koutiala	2016	2	11	42	18.3	33.1	22.9	-999.9	0.0	2.4	97066.2	-999.9
Koutiala	2016	2	12	43	17.5	33.3	23.1	-999.9	0.0	2.3	97064.9	-999.9
Koutiala	2016	2	13	44	18.1	33.5	23.3	-999.9	0.0	2.4	97051.0	-999.9
Koutiala	2016	2	14	45	17.8	33.3	22.2	-999.9	0.1	2.1	97017.0	-999.9
Koutiala	2016	2	15	46	17.7	33.0	18.9	-999.9	0.3	2.1	96852.3	-999.9
Koutiala	2016	2	16	47	18.1	34.0	21.7	-999.9	0.0	2.0	96876.2	-999.9
Koutiala	2016	2	17	48	20.3	34.4	21.4	-999.9	0.0	3.1	97045.3	-999.9
Koutiala	2016	2	18	49	19.9	34.0	22.9	-999.9	0.0	2.6	97023.6	-999.9
Koutiala	2016	2	19	50	18.9	35.9	22.9	-999.9	0.0	1.8	96794.9	-999.9
Koutiala	2016	2	20	51	21.8	36.5	22.1	-999.9	0.0	3.0	96765.3	-999.9
Koutiala	2016	2	21	52	21.4	37.3	23.5	-999.9	0.5	2.8	96818.2	-999.9
Koutiala	2016	2	22	53	20.0	37.1	24.0	-999.9	0.0	2.3	96830.2	-999.9
Koutiala	2016	2	23	54	21.0	38.2	23.5	-999.9	0.0	2.6	96794.8	-999.9
Koutiala	2016	2	24	55	21.8	37.4	24.0	-999.9	0.0	2.5	96771.1	-999.9
Koutiala	2016	2	25	56	21.8	37.9	24.1	-999.9	0.0	2.3	96790.2	-999.9
Koutiala	2016	2	26	57	20.6	37.6	24.4	-999.9	0.0	2.1	96781.5	-999.9
Koutiala	2016	2	27	58	19.5	37.9	24.2	-999.9	0.0	2.0	96639.0	-999.9
Koutiala	2016	2	28	59	21.0	36.9	24.2	-999.9	0.0	2.2	96646.6	-999.9
Koutiala	2016	2	29	60	21.5	36.1	22.5	-999.9	0.0	2.4	96829.0	-999.9
Koutiala	2016	3	1	61	20.9	37.1	22.9	-999.9	0.0	2.1	97068.9	-999.9
Koutiala	2016	3	2	62	23.9	37.5	23.6	-999.9	0.0	3.0	96968.7	-999.9
Koutiala	2016	3	3	63	21.9	36.1	24.1	-999.9	0.0	2.9	96752.7	-999.9
Koutiala	2016	3	4	64	20.2	36.9	24.8	-999.9	0.0	2.3	96732.6	-999.9
Koutiala	2016	3	5	65	20.3	36.8	24.7	-999.9	0.0	2.6	96864.7	-999.9
Koutiala	2016	3	6	66	21.6	37.0	24.4	-999.9	0.0	2.7	96821.0	-999.9
Koutiala	2016	3	7	67	22.3	37.4	24.5	-999.9	0.0	2.7	96759.9	-999.9
Koutiala	2016	3	8	68	24.0	38.0	21.8	-999.9	0.0	2.6	96731.4	-999.9
Koutiala	2016	3	9	69	24.4	38.0	23.2	-999.9	0.0	2.3	96733.3	-999.9
Koutiala	2016	3	10	70	25.6	37.6	22.7	-999.9	0.0	2.7	96717.8	-999.9
Koutiala	2016	3	11	71	25.2	38.8	24.0	-999.9	0.0	1.5	96590.4	-999.9
Koutiala	2016	3	12	72	26.0	38.4	24.4	-999.9	0.0	2.0	96671.5	-999.9
Koutiala	2016	3	13	73	24.6	38.2	23.5	-999.9	0.0	1.8	96689.8	-999.9
Koutiala	2016	3	14	74	24.2	37.7	23.6	-999.9	0.0	1.3	96815.3	-999.9
Koutiala	2016	3	15	75	26.7	37.1	21.3	-999.9	0.0	1.6	96917.0	-999.9
Koutiala	2016	3	16	76	25.2	38.5	24.8	-999.9	0.0	2.6	96934.3	-999.9
Koutiala	2016	3	17	77	22.7	37.9	25.3	-999.9	0.0	2.4	96962.0	-999.9
Koutiala	2016	3	18	78	22.7	38.0	25.5	-999.9	0.0	2.0	96869.4	-999.9
Koutiala	2016	3	19	79	22.6	38.2	25.5	-999.9	0.0	1.9	96784.4	-999.9
Koutiala	2016	3	20	80	23.3	38.8	24.7	-999.9	0.0	1.6	96799.1	-999.9
Koutiala	2016	3	21	81	27.8	38.2	21.1	-999.9	3.6	2.0	96880.0	-999.9
Koutiala	2016	3	22	82	26.3	38.7	23.1	-999.9	0.0	2.6	96857.3	-999.9
Koutiala	2016	3	23	83	25.5	38.7	24.9	-999.9	0.0	2.7	96780.1	-999.9
Koutiala	2016	3	24	84	24.6	37.5	24.9	-999.9	0.0	2.3	96755.6	-999.9
Koutiala	2016	3	25	85	23.6	34.5	22.7	-999.9	0.0	3.1	97042.8	-999.9
Koutiala	2016	3	26	86	21.5	35.3	25.4	-999.9	0.0	2.4	97082.0	-999.9
Koutiala	2016	3	27	87	22.0	37.3	25.6	-999.9	0.0	2.4	96930.1	-999.9
Koutiala	2016	3	28	88	23.5	38.6	25.6	-999.9	0.0	2.3	96773.6	-999.9
Koutiala	2016	3	29	89	23.8	39.4	25.3	-999.9	0.0	1.8	96654.2	-999.9
Koutiala	2016	3	30	90	24.4	40.4	25.4	-999.9	0.0	1.7	96645.9	-999.9
Koutiala	2016	3	31	91	28.1	39.8	25.0	-999.9	0.0	3.2	96687.7	-999.9
Koutiala	2016	4	1	92	24.6	38.8	24.8	-999.9	0.0	2.0	96714.3	-999.9
Koutiala	2016	4	2	93	27.4	39.1	25.0	-999.9	0.0	2.5	96642.5	-999.9
Koutiala	2016	4	3	94	27.1	39.3	22.8	-999.9	0.0	1.8	96655.4	-999.9
Koutiala	2016	4	4	95	27.6	39.1	23.3	-999.9	0.0	1.9	96739.9	-999.9
Koutiala	2016	4	5	96	27.4	35.8	18.1	-999.9	0.0	2.1	96768.3	-999.9
Koutiala	2016	4	6	97	25.7	37.0	22.3	-999.9	0.0	1.7	96564.1	-999.9
Koutiala	2016	4	7	98	26.4	37.3	22.2	-999.9	0.0	2.5	96515.9	-999.9
Koutiala	2016	4	8	99	26.2	37.6	23.0	-999.9	0.0	2.6	96687.1	-999.9
Koutiala	2016	4	9	100	27.0	38.0	23.8	-999.9	0.0	2.5	96795.9	-999.9
Koutiala	2016	4	10	101	26.7	37.3	21.1	-999.9	0.0	1.7	96741.3	-999.9
Koutiala	2016	4	11	102	27.5	36.0	16.8	-999.9	0.0	2.0	96788.7	-999.9
Koutiala	2016	4	12	103	27.3	40.8	24.8	-999.9	0.0	1.9	96724.5	-999.9
Koutiala	2016	4	13	104	24.8	41.2	26.0	-999.9	0.0	2.7	96589.6	-999.9
Koutiala	2016	4	14	105	27.4	41.2	25.8	-999.9	0.0	3.1	96557.8	-999.9
Koutiala	2016	4	15	106	26.4	41.7	25.7	-999.9	0.0	2.2	96588.8	-999.9
Koutiala	2016	4	16	107	27.4	41.2	25.6	-999.9	0.0	2.6	96718.3	-999.9
Koutiala	2016	4	17	108	26.6	41.2	26.0	-999.9	0.0	2.5	96806.7	-999.9
Koutiala	2016	4	18	109	26.6	40.6	25.6	-999.9	0.0	2.3	96843.8	-999.9
Koutiala	2016	4	19	110	26.7	40.2	25.2	-999.9	0.0	1.9	96788.8	-999.9
Koutiala	2016	4	20	111	25.9	40.6	24.2	-999.9	0.0	1.9	96694.7	-999.9
Koutiala	2016	4	21	112	25.6	39.4	23.5	-999.9	0.0	2.0	96697.7	-999.9
Koutiala	2016	4	22	113	27.9	40.6	22.2	-999.9	3.6	2.2	96628.1	-999.9
Koutiala	2016	4	23	114	27.9	40.0	23.7	-999.9	0.0	2.0	96559.9	-999.9
Koutiala	2016	4	24	115	30.1	39.0	21.6	-999.9	0.0	2.6	96488.5	-999.9
Koutiala	2016	4	25	116	27.5	39.0	23.4	-999.9	0.0	2.3	96451.5	-999.9
Koutiala	2016	4	26	117	29.2	38.7	22.0	-999.9	6.0	2.7	96454.1	-999.9
Koutiala	2016	4	27	118	28.0	36.7	17.8	-999.9	9.0	2.7	96631.0	-999.9
Koutiala	2016	4	28	119	27.4	37.9	23.3	-999.9	3.0	2.2	96657.4	-999.9
Koutiala	2016	4	29	120	25.6	37.9	24.1	-999.9	0.0	2.1	96640.6	-999.9
Koutiala	2016	4	30	121	28.1	38.8	24.2	-999.9	3.0	2.0	96625.5	-999.9
Koutiala	2016	5	1	122	27.3	39.0	24.3	-999.9	4.3	2.2	96537.5	-999.9
Koutiala	2016	5	2	123	26.6	38.1	24.1	-999.9	0.0	2.4	96556.5	-999.9
Koutiala	2016	5	3	124	27.5	38.2	23.5	-999.9	0.0	2.6	96621.5	-999.9
Koutiala	2016	5	4	125	27.9	38.3	23.1	-999.9	0.0	2.6	96691.9	-999.9
Koutiala	2016	5	5	126	29.2	39.0	24.1	-999.9	4.3	2.6	96722.7	-999.9
Koutiala	2016	5	6	127	27.2	37.8	24.2	-999.9	3.6	2.6	96782.7	-999.9
Koutiala	2016	5	7	128	27.1	36.2	22.1	-999.9	1.2	2.4	96840.3	-999.9
Koutiala	2016	5	8	129	27.1	37.2	24.0	-999.9	0.0	2.3	96779.9	-999.9
Koutiala	2016	5	9	130	28.0	38.1	24.0	-999.9	0.0	2.5	96831.7	-999.9
Koutiala	2016	5	10	131	27.4	39.0	24.5	-999.9	3.6	2.4	96837.2	-999.9
Koutiala	2016	5	11	132	28.7	38.8	24.2	-999.9	0.0	2.2	96782.4	-999.9
Koutiala	2016	5	12	133	28.2	39.0	24.7	-999.9	0.0	2.5	96720.5	-999.9
Koutiala	2016	5	13	134	27.1	38.0	23.0	-999.9	5.0	2.7	96680.2	-999.9
Koutiala	2016	5	14	135	28.0	34.7	19.2	-999.9	0.0	3.0	96872.9	-999.9
Koutiala	2016	5	15	136	27.5	37.7	24.1	-999.9	0.0	2.2	96880.5	-999.9
Koutiala	2016	5	16	137	28.5	37.9	24.2	-999.9	7.8	2.5	96952.1	-999.9
Koutiala	2016	5	17	138	26.7	38.1	23.8	-999.9	7.8	2.4	96825.6	-999.9
Koutiala	2016	5	18	139	26.8	36.5	22.9	-999.9	0.0	2.9	96892.5	-999.9
Koutiala	2016	5	19	140	27.4	36.2	23.8	-999.9	0.0	1.9	96955.6	-999.9
Koutiala	2016	5	20	141	25.6	35.9	22.2	-999.9	11.7	1.6	96921.6	-999.9
Koutiala	2016	5	21	142	25.9	36.9	24.5	-999.9	0.0	1.9	96834.9	-999.9
Koutiala	2016	5	22	143	27.5	38.4	23.6	-999.9	0.0	2.7	96819.4	-999.9
Koutiala	2016	5	23	144	27.2	38.8	25.6	-999.9	0.0	2.5	96873.8	-999.9
Koutiala	2016	5	24	145	26.5	37.1	24.4	-999.9	5.2	2.6	96934.1	-999.9
Koutiala	2016	5	25	146	26.7	34.8	23.3	-999.9	0.0	3.1	97016.3	-999.9
Koutiala	2016	5	26	147	26.2	35.2	23.4	-999.9	0.0	1.7	96973.3	-999.9
Koutiala	2016	5	27	148	27.7	37.1	23.5	-999.9	9.2	2.2	96972.7	-999.9
Koutiala	2016	5	28	149	26.5	36.0	21.5	-999.9	0.0	3.3	97039.8	-999.9
Koutiala	2016	5	29	150	26.0	36.8	24.4	-999.9	0.0	2.9	96852.7	-999.9
Koutiala	2016	5	30	151	26.4	35.0	23.8	-999.9	0.0	2.3	96801.2	-999.9
Koutiala	2016	5	31	152	24.9	35.8	23.5	-999.9	0.0	2.3	96866.8	-999.9
Koutiala	2016	6	1	153	25.6	36.2	23.6	-999.9	0.0	2.2	96914.6	-999.9
Koutiala	2016	6	2	154	26.5	36.8	23.6	-999.9	0.0	2.0	96900.0	-999.9
Koutiala	2016	6	3	155	27.8	36.6	24.4	-999.9	0.0	2.7	96925.2	-999.9
Koutiala	2016	6	4	156	26.3	36.5	23.6	-999.9	12.4	2.1	96973.3	-999.9
Koutiala	2016	6	5	157	24.2	35.9	23.8	-999.9	6.2	2.2	96945.3	-999.9
Koutiala	2016	6	6	158	26.3	35.8	21.0	-999.9	0.0	2.1	96884.8	-999.9
Koutiala	2016	6	7	159	26.7	36.3	24.0	-999.9	14.7	2.3	96898.5	-999.9
Koutiala	2016	6	8	160	25.6	35.6	24.1	-999.9	0.0	2.4	96913.1	-999.9
Koutiala	2016	6	9	161	25.4	36.0	24.8	-999.9	22.1	2.9	96861.2	-999.9
Koutiala	2016	6	10	162	24.2	33.4	22.4	-999.9	0.0	2.6	96931.6	-999.9
Koutiala	2016	6	11	163	25.1	31.9	20.3	-999.9	0.0	2.6	97074.6	-999.9
Koutiala	2016	6	12	164	24.1	33.8	22.7	-999.9	0.0	2.9	97209.4	-999.9
Koutiala	2016	6	13	165	24.7	34.5	22.3	-999.9	22.1	3.3	97114.2	-999.9
Koutiala	2016	6	14	166	25.4	34.4	24.3	-999.9	0.0	3.5	97135.4	-999.9
Koutiala	2016	6	15	167	23.9	32.4	18.0	-999.9	11.0	3.2	97197.2	-999.9
Koutiala	2016	6	16	168	24.4	33.6	23.1	-999.9	12.6	3.1	97012.8	-999.9
Koutiala	2016	6	17	169	24.1	28.5	12.9	-999.9	0.0	2.0	97088.3	-999.9
Koutiala	2016	6	18	170	23.1	31.7	21.2	-999.9	0.0	1.7	97179.1	-999.9
Koutiala	2016	6	19	171	24.6	35.1	24.1	-999.9	0.0	3.1	96926.7	-999.9
Koutiala	2016	6	20	172	26.0	36.1	25.2	-999.9	0.0	3.9	96622.3	-999.9
Koutiala	2016	6	21	173	25.3	32.0	18.2	-999.9	0.0	3.9	96829.7	-999.9
Koutiala	2016	6	22	174	24.2	31.6	21.0	-999.9	11.4	2.5	97008.0	-999.9
Koutiala	2016	6	23	175	23.2	30.8	20.2	-999.9	5.7	1.7	97091.1	-999.9
Koutiala	2016	6	24	176	24.1	31.2	21.0	-999.9	11.4	1.5	97020.9	-999.9
Koutiala	2016	6	25	177	23.4	30.3	19.8	-999.9	5.7	2.1	97011.1	-999.9
Koutiala	2016	6	26	178	23.0	31.9	23.4	-999.9	5.9	2.0	97073.1	-999.9
Koutiala	2016	6	27	179	23.4	30.8	13.4	-999.9	11.7	2.2	97101.3	-999.9
Koutiala	2016	6	28	180	23.9	31.8	22.7	-999.9	0.0	1.8	97135.9	-999.9
Koutiala	2016	6	29	181	24.1	32.3	20.5	-999.9	5.9	2.0	97140.2	-999.9
Koutiala	2016	6	30	182	25.3	33.0	22.5	-999.9	5.9	1.9	97068.7	-999.9
Koutiala	2016	7	1	183	23.7	31.2	20.6	-999.9	8.5	1.7	97137.9	-999.9
Koutiala	2016	7	2	184	23.5	31.7	22.5	-999.9	4.2	1.7	97149.9	-999.9
Koutiala	2016	7	3	185	23.8	31.9	23.6	-999.9	8.5	1.4	97178.2	-999.9
Koutiala	2016	7	4	186	23.4	30.3	15.1	-999.9	8.5	2.6	97172.1	-999.9
Koutiala	2016	7	5	187	24.2	31.7	21.1	-999.9	0.0	2.7	97120.5	-999.9
Koutiala	2016	7	6	188	25.2	32.1	22.3	-999.9	10.4	2.3	97019.5	-999.9
Koutiala	2016	7	7	189	24.5	32.0	22.8	-999.9	0.0	2.0	97019.3	-999.9
Koutiala	2016	7	8	190	24.9	32.8	22.5	-999.9	0.0	2.0	97095.8	-999.9
Koutiala	2016	7	9	191	25.1	33.7	21.7	-999.9	20.8	3.4	96952.9	-999.9
Koutiala	2016	7	10	192	24.7	32.4	19.6	-999.9	0.0	3.6	96846.1	-999.9
Koutiala	2016	7	11	193	23.5	31.3	20.1	-999.9	8.0	2.9	96876.7	-999.9
Koutiala	2016	7	12	194	22.5	26.3	9.4	-999.9	0.0	1.9	97024.4	-999.9
Koutiala	2016	7	13	195	22.3	29.8	21.2	-999.9	0.0	2.1	96991.4	-999.9
Koutiala	2016	7	14	196	23.6	31.0	21.7	-999.9	23.9	2.1	96927.3	-999.9
Koutiala	2016	7	15	197	22.8	29.4	17.1	-999.9	0.0	2.0	96859.8	-999.9
Koutiala	2016	7	16	198	22.8	31.2	22.3	-999.9	2.9	2.7	96818.3	-999.9
Koutiala	2016	7	17	199	23.6	30.4	21.7	-999.9	0.0	2.4	96801.3	-999.9
Koutiala	2016	7	18	200	23.7	29.2	16.2	-999.9	5.8	2.0	96994.8	-999.9
Koutiala	2016	7	19	201	22.9	29.3	16.5	-999.9	2.9	1.7	97057.5	-999.9
Koutiala	2016	7	20	202	22.4	29.1	15.9	-999.9	11.5	2.1	96972.9	-999.9
Koutiala	2016	7	21	203	22.6	26.4	10.2	-999.9	0.0	2.7	96930.9	-999.9
Koutiala	2016	7	22	204	22.5	28.4	19.6	-999.9	10.2	2.7	96957.9	-999.9
Koutiala	2016	7	23	205	22.7	28.8	18.5	-999.9	0.0	2.7	96971.9	-999.9
Koutiala	2016	7	24	206	22.8	28.0	16.8	-999.9	30.7	2.1	96981.1	-999.9
Koutiala	2016	7	25	207	22.6	28.8	19.2	-999.9	0.0	1.2	96955.1	-999.9
Koutiala	2016	7	26	208	22.5	29.2	18.6	-999.9	0.0	1.5	96950.3	-999.9
Koutiala	2016	7	27	209	23.1	30.3	21.8	-999.9	0.0	1.9	96876.0	-999.9
Koutiala	2016	7	28	210	22.7	29.9	21.1	-999.9	23.8	1.7	96977.9	-999.9
Koutiala	2016	7	29	211	22.2	30.0	21.6	-999.9	0.0	1.2	97007.5	-999.9
Koutiala	2016	7	30	212	22.8	29.7	19.8	-999.9	0.0	1.8	97005.5	-999.9
Koutiala	2016	7	31	213	23.2	27.8	13.3	-999.9	35.6	2.1	96981.8	-999.9
Koutiala	2016	8	1	214	22.1	30.3	19.5	-999.9	6.0	1.9	97066.1	-999.9
Koutiala	2016	8	2	215	22.8	31.2	23.4	-999.9	0.0	2.2	97095.4	-999.9
Koutiala	2016	8	3	216	22.9	28.1	13.7	-999.9	12.0	2.4	96972.8	-999.9
Koutiala	2016	8	4	217	22.9	28.3	14.6	-999.9	0.0	1.6	96972.3	-999.9
Koutiala	2016	8	5	218	22.4	29.8	22.0	-999.9	0.0	1.8	97071.3	-999.9
Koutiala	2016	8	6	219	23.4	30.0	18.6	-999.9	40.5	2.5	97101.3	-999.9
Koutiala	2016	8	7	220	22.6	29.0	16.4	-999.9	20.3	2.7	96986.8	-999.9
Koutiala	2016	8	8	221	23.4	30.4	22.3	-999.9	0.0	2.2	96950.9	-999.9
Koutiala	2016	8	9	222	23.2	29.0	15.5	-999.9	0.0	1.0	97007.8	-999.9
Koutiala	2016	8	10	223	23.0	29.3	16.4	-999.9	0.0	2.0	96983.9	-999.9
Koutiala	2016	8	11	224	22.8	29.1	19.0	-999.9	8.0	1.6	97063.9	-999.9
Koutiala	2016	8	12	225	22.0	30.2	21.5	-999.9	8.0	1.2	97135.5	-999.9
Koutiala	2016	8	13	226	23.0	27.6	12.3	-999.9	8.0	1.3	97016.7	-999.9
Koutiala	2016	8	14	227	22.1	29.4	19.4	-999.9	0.0	2.3	96941.9	-999.9
Koutiala	2016	8	15	228	22.7	29.2	21.2	-999.9	0.0	1.9	97056.7	-999.9
Koutiala	2016	8	16	229	22.5	29.7	20.3	-999.9	38.6	2.1	97078.2	-999.9
Koutiala	2016	8	17	230	22.4	29.3	18.6	-999.9	9.7	1.3	96990.7	-999.9
Koutiala	2016	8	18	231	22.6	25.9	10.3	-999.9	9.7	1.9	97003.6	-999.9
Koutiala	2016	8	19	232	21.9	28.8	16.8	-999.9	9.7	2.3	96995.4	-999.9
Koutiala	2016	8	20	233	22.2	29.8	22.2	-999.9	0.0	1.6	97018.0	-999.9
Koutiala	2016	8	21	234	22.9	30.1	20.4	-999.9	11.0	1.9	97045.5	-999.9
Koutiala	2016	8	22	235	23.4	30.4	18.4	-999.9	16.6	2.0	96994.0	-999.9
Koutiala	2016	8	23	236	24.0	30.3	20.9	-999.9	5.5	2.0	97001.0	-999.9
Koutiala	2016	8	24	237	23.2	29.8	20.0	-999.9	11.0	1.8	96934.6	-999.9
Koutiala	2016	8	25	238	22.6	29.0	19.5	-999.9	0.0	1.7	96898.9	-999.9
Koutiala	2016	8	26	239	22.9	29.7	22.7	-999.9	9.2	1.9	96900.1	-999.9
Koutiala	2016	8	27	240	23.1	30.3	21.0	-999.9	0.0	1.7	96850.5	-999.9
Koutiala	2016	8	28	241	22.6	26.9	13.6	-999.9	36.7	1.9	96866.2	-999.9
Koutiala	2016	8	29	242	22.0	28.5	18.0	-999.9	0.0	2.4	97027.9	-999.9
Koutiala	2016	8	30	243	22.1	28.9	18.8	-999.9	0.0	1.6	97189.4	-999.9
Koutiala	2016	8	31	244	22.6	29.8	18.1	-999.9	18.4	1.4	97120.9	-999.9
Koutiala	2016	9	1	245	21.7	30.1	24.0	-999.9	0.0	1.3	97139.5	-999.9
Koutiala	2016	9	2	246	23.2	30.1	21.2	-999.9	13.6	1.8	97050.6	-999.9
Koutiala	2016	9	3	247	22.6	30.1	21.9	-999.9	4.5	1.5	96945.9	-999.9
Koutiala	2016	9	4	248	22.5	31.1	22.9	-999.9	4.5	1.5	96940.9	-999.9
Koutiala	2016	9	5	249	23.1	30.1	22.1	-999.9	0.0	1.9	97038.6	-999.9
Koutiala	2016	9	6	250	22.5	29.9	20.3	-999.9	0.0	1.7	97133.6	-999.9
Koutiala	2016	9	7	251	22.9	30.8	23.2	-999.9	0.0	1.4	97138.8	-999.9
Koutiala	2016	9	8	252	23.0	31.2	23.8	-999.9	0.0	1.4	97075.0	-999.9
Koutiala	2016	9	9	253	23.4	30.0	20.7	-999.9	5.8	1.3	97104.2	-999.9
Koutiala	2016	9	10	254	22.9	30.0	21.2	-999.9	11.6	1.2	97175.0	-999.9
Koutiala	2016	9	11	255	22.2	29.5	20.6	-999.9	9.7	1.2	97080.5	-999.9
Koutiala	2016	9	12	256	22.1	29.9	19.3	-999.9	9.7	1.6	97020.2	-999.9
Koutiala	2016	9	13	257	23.2	29.9	21.8	-999.9	0.0	1.9	97005.5	-999.9
Koutiala	2016	9	14	258	23.0	28.9	18.4	-999.9	0.0	1.4	96945.0	-999.9
Koutiala	2016	9	15	259	22.2	28.8	18.5	-999.9	0.0	1.9	96951.9	-999.9
Koutiala	2016	9	16	260	22.4	28.7	18.5	-999.9	0.0	2.0	97090.9	-999.9
Koutiala	2016	9	17	261	21.8	29.7	21.9	-999.9	0.0	1.2	97081.8	-999.9
Koutiala	2016	9	18	262	22.9	30.3	22.3	-999.9	8.0	1.9	97053.2	-999.9
Koutiala	2016	9	19	263	21.8	30.0	22.3	-999.9	0.0	1.3	97079.0	-999.9
Koutiala	2016	9	20	264	22.6	30.4	22.7	-999.9	8.0	1.5	96981.3	-999.9
Koutiala	2016	9	21	265	23.5	30.5	20.7	-999.9	0.0	1.6	96919.3	-999.9
Koutiala	2016	9	22	266	22.6	30.6	22.6	-999.9	0.0	1.6	97013.4	-999.9
Koutiala	2016	9	23	267	23.0	30.0	21.2	-999.9	4.1	1.4	97159.2	-999.9
Koutiala	2016	9	24	268	22.5	29.6	18.8	-999.9	0.0	1.3	97054.4	-999.9
Koutiala	2016	9	25	269	23.4	31.6	22.2	-999.9	8.2	2.0	96824.4	-999.9
Koutiala	2016	9	26	270	22.1	29.4	19.3	-999.9	0.0	2.3	96923.2	-999.9
Koutiala	2016	9	27	271	22.7	29.9	22.1	-999.9	0.0	1.2	97047.5	-999.9
Koutiala	2016	9	28	272	22.5	31.1	22.8	-999.9	0.0	1.5	96974.0	-999.9
Koutiala	2016	9	29	273	22.9	31.2	22.5	-999.9	0.0	1.6	96979.2	-999.9
Koutiala	2016	9	30	274	23.3	31.7	23.3	-999.9	14.2	1.4	97007.4	-999.9
Koutiala	2016	10	1	275	23.1	30.9	21.8	-999.9	0.0	1.7	96937.1	-999.9
Koutiala	2016	10	2	276	23.0	32.9	23.2	-999.9	6.4	1.8	96843.1	-999.9
Koutiala	2016	10	3	277	23.3	31.3	22.0	-999.9	0.0	1.5	96895.4	-999.9
Koutiala	2016	10	4	278	23.8	32.3	22.7	-999.9	3.2	1.5	96900.1	-999.9
Koutiala	2016	10	5	279	22.7	33.1	23.3	-999.9	0.0	1.5	96741.9	-999.9
Koutiala	2016	10	6	280	23.2	32.6	22.1	-999.9	0.0	1.1	96679.0	-999.9
Koutiala	2016	10	7	281	23.4	33.6	22.7	-999.9	0.0	1.5	96756.5	-999.9
Koutiala	2016	10	8	282	22.5	34.0	23.0	-999.9	0.0	1.7	96831.9	-999.9
Koutiala	2016	10	9	283	24.2	33.5	23.0	-999.9	5.7	2.1	96934.1	-999.9
Koutiala	2016	10	10	284	23.6	33.5	22.9	-999.9	0.0	1.5	96939.5	-999.9
Koutiala	2016	10	11	285	24.4	34.1	22.3	-999.9	3.6	1.8	96866.2	-999.9
Koutiala	2016	10	12	286	23.8	34.4	22.6	-999.9	0.0	1.7	96825.2	-999.9
Koutiala	2016	10	13	287	25.1	33.6	21.4	-999.9	0.0	1.6	96896.6	-999.9
Koutiala	2016	10	14	288	25.6	33.3	20.5	-999.9	3.6	1.6	96872.4	-999.9
Koutiala	2016	10	15	289	23.7	31.8	21.2	-999.9	0.0	1.5	96891.2	-999.9
Koutiala	2016	10	16	290	23.4	32.8	21.5	-999.9	0.0	1.5	96898.9	-999.9
Koutiala	2016	10	17	291	23.6	34.4	22.0	-999.9	0.0	1.7	96850.0	-999.9
Koutiala	2016	10	18	292	24.4	34.0	21.4	-999.9	0.0	1.8	96842.7	-999.9
Koutiala	2016	10	19	293	23.6	33.0	20.0	-999.9	10.3	1.6	96896.5	-999.9
Koutiala	2016	10	20	294	22.5	32.9	21.9	-999.9	0.0	1.0	96872.5	-999.9
Koutiala	2016	10	21	295	23.7	33.7	21.3	-999.9	0.0	1.0	96900.8	-999.9
Koutiala	2016	10	22	296	23.6	33.8	21.7	-999.9	1.6	1.4	96975.9	-999.9
Koutiala	2016	10	23	297	23.8	34.2	20.0	-999.9	0.0	1.6	96942.4	-999.9
Koutiala	2016	10	24	298	22.8	34.8	20.9	-999.9	0.0	1.5	96769.2	-999.9
Koutiala	2016	10	25	299	22.8	34.6	20.9	-999.9	0.0	1.4	96679.1	-999.9
Koutiala	2016	10	26	300	23.7	35.0	20.7	-999.9	0.0	1.4	96592.0	-999.9
Koutiala	2016	10	27	301	23.7	34.5	20.9	-999.9	0.0	1.5	96702.5	-999.9
Koutiala	2016	10	28	302	21.7	35.4	22.8	-999.9	0.0	1.8	96801.6	-999.9
Koutiala	2016	10	29	303	21.0	34.0	21.2	-999.9	0.0	1.4	96840.6	-999.9
Koutiala	2016	10	30	304	21.1	33.6	20.9	-999.9	0.0	1.4	96754.8	-999.9
Koutiala	2016	10	31	305	23.6	33.2	19.8	-999.9	0.0	1.8	96898.8	-999.9
Koutiala	2016	11	1	306	23.2	33.7	19.9	-999.9	1.2	1.3	97046.2	-999.9
Koutiala	2016	11	2	307	23.1	32.4	18.5	-999.9	0.0	1.9	97007.5	-999.9
Koutiala	2016	11	3	308	21.7	34.9	21.7	-999.9	0.0	1.5	96915.5	-999.9
Koutiala	2016	11	4	309	22.9	33.1	19.6	-999.9	1.2	1.6	97119.0	-999.9
Koutiala	2016	11	5	310	22.6	32.4	18.8	-999.9	2.4	1.8	97135.4	-999.9
Koutiala	2016	11	6	311	19.1	32.8	22.4	-999.9	0.0	1.4	97020.8	-999.9
Koutiala	2016	11	7	312	18.9	33.3	21.9	-999.9	0.0	1.7	96948.6	-999.9
Koutiala	2016	11	8	313	19.6	34.3	21.7	-999.9	0.0	1.8	96980.5	-999.9
Koutiala	2016	11	9	314	18.0	34.1	22.6	-999.9	0.0	2.4	97091.0	-999.9
Koutiala	2016	11	10	315	18.8	32.7	21.4	-999.9	0.0	2.5	97024.4	-999.9
Koutiala	2016	11	11	316	18.9	32.5	22.1	-999.9	0.0	2.0	96849.8	-999.9
Koutiala	2016	11	12	317	17.7	32.0	21.0	-999.9	0.5	1.7	96731.2	-999.9
Koutiala	2016	11	13	318	18.4	32.6	21.7	-999.9	0.0	1.8	96701.9	-999.9
Koutiala	2016	11	14	319	19.3	33.5	20.8	-999.9	0.0	1.9	96687.0	-999.9
Koutiala	2016	11	15	320	19.9	33.7	20.4	-999.9	0.0	2.1	96714.5	-999.9
Koutiala	2016	11	16	321	19.0	33.9	21.4	-999.9	0.2	1.9	96762.6	-999.9
Koutiala	2016	11	17	322	19.2	34.1	21.6	-999.9	0.0	1.9	96722.7	-999.9
Koutiala	2016	11	18	323	18.6	34.1	21.5	-999.9	0.0	1.9	96689.6	-999.9
Koutiala	2016	11	19	324	19.4	34.3	21.3	-999.9	0.0	2.0	96749.1	-999.9
Koutiala	2016	11	20	325	21.1	33.5	21.2	-999.9	0.0	2.3	96781.6	-999.9
Koutiala	2016	11	21	326	21.2	33.4	21.1	-999.9	0.0	2.3	96790.9	-999.9
Koutiala	2016	11	22	327	19.6	33.6	21.0	-999.9	0.0	1.8	96782.9	-999.9
Koutiala	2016	11	23	328	20.1	34.2	21.0	-999.9	0.0	2.0	96883.7	-999.9
Koutiala	2016	11	24	329	20.1	34.3	20.6	-999.9	0.0	1.6	96962.7	-999.9
Koutiala	2016	11	25	330	22.3	34.8	20.4	-999.9	0.0	2.2	96828.6	-999.9
Koutiala	2016	11	26	331	20.1	35.3	21.0	-999.9	0.0	2.1	96674.8	-999.9
Koutiala	2016	11	27	332	20.0	34.8	20.7	-999.9	0.0	1.3	96670.7	-999.9
Koutiala	2016	11	28	333	22.0	33.6	20.1	-999.9	0.0	1.3	96692.1	-999.9
Koutiala	2016	11	29	334	21.9	33.0	18.0	-999.9	0.0	1.5	96779.0	-999.9
Koutiala	2016	11	30	335	23.6	34.6	19.0	-999.9	0.0	1.8	96948.9	-999.9
Koutiala	2016	12	1	336	20.8	35.2	20.6	-999.9	0.0	2.5	96987.7	-999.9
Koutiala	2016	12	2	337	20.9	34.8	20.7	-999.9	0.0	2.4	96968.0	-999.9
Koutiala	2016	12	3	338	22.3	34.6	20.7	-999.9	0.0	2.8	96933.5	-999.9
Koutiala	2016	12	4	339	20.8	33.1	20.6	-999.9	0.0	2.2	96941.4	-999.9
Koutiala	2016	12	5	340	18.6	33.3	20.3	-999.9	0.0	1.8	96974.3	-999.9
Koutiala	2016	12	6	341	18.9	33.7	20.2	-999.9	0.0	1.7	96961.4	-999.9
Koutiala	2016	12	7	342	19.4	33.9	20.3	-999.9	0.0	1.8	96898.8	-999.9
Koutiala	2016	12	8	343	19.7	33.9	20.2	-999.9	0.0	2.2	96970.5	-999.9
Koutiala	2016	12	9	344	20.1	33.2	20.3	-999.9	0.0	2.6	97021.4	-999.9
Koutiala	2016	12	10	345	20.1	31.9	20.0	-999.9	0.0	2.7	96995.7	-999.9
Koutiala	2016	12	11	346	19.3	30.4	18.4	-999.9	0.0	2.3	96949.1	-999.9
Koutiala	2016	12	12	347	19.9	31.9	16.5	-999.9	0.0	2.2	96917.6	-999.9
Koutiala	2016	12	13	348	20.9	31.0	14.8	-999.9	0.5	1.7	96950.8	-999.9
Koutiala	2016	12	14	349	21.0	29.8	18.0	-999.9	0.0	2.7	97027.7	-999.9
Koutiala	2016	12	15	350	18.4	30.3	20.2	-999.9	0.0	2.7	97108.1	-999.9
Koutiala	2016	12	16	351	17.9	30.1	20.0	-999.9	0.0	2.6	97107.4	-999.9
Koutiala	2016	12	17	352	16.8	30.5	19.5	-999.9	0.0	2.0	96892.3	-999.9
Koutiala	2016	12	18	353	18.2	32.2	19.3	-999.9	0.3	1.9	96892.5	-999.9
Koutiala	2016	12	19	354	19.9	31.0	19.6	-999.9	0.2	2.6	96935.4	-999.9
Koutiala	2016	12	20	355	18.8	31.1	20.2	-999.9	0.0	2.7	96899.2	-999.9
Koutiala	2016	12	21	356	18.2	31.5	20.6	-999.9	0.0	2.6	96748.7	-999.9
Koutiala	2016	12	22	357	18.0	31.7	20.7	-999.9	0.0	2.9	96860.5	-999.9
Koutiala	2016	12	23	358	18.6	32.8	20.8	-999.9	0.0	2.8	96895.8	-999.9
Koutiala	2016	12	24	359	17.8	32.4	20.6	-999.9	0.0	2.5	96847.3	-999.9
Koutiala	2016	12	25	360	18.0	32.6	20.4	-999.9	0.0	2.5	96873.4	-999.9
Koutiala	2016	12	26	361	19.0	31.8	20.4	-999.9	0.0	2.8	96966.9	-999.9
Koutiala	2016	12	27	362	18.3	31.1	20.4	-999.9	0.0	2.6	97107.3	-999.9
Koutiala	2016	12	28	363	17.4	30.7	20.6	-999.9	0.0	2.5	97106.4	-999.9
Koutiala	2016	12	29	364	17.9	31.4	20.3	-999.9	0.0	2.5	97097.5	-999.9
Koutiala	2016	12	30	365	17.8	31.2	20.3	-999.9	0.0	2.5	97126.8	-999.9
Koutiala	2016	12	31	366	17.8	31.0	20.3	-999.9	0.0	2.5	97097.3	-999.9
