Koutiala	1985	1	1	1	15.9	29.1	20.3	-999.9	0.0	2.8	97061.0	-999.9
Koutiala	1985	1	2	2	15.4	28.5	20.4	-999.9	0.0	2.3	97017.1	-999.9
Koutiala	1985	1	3	3	16.4	31.8	19.7	-999.9	0.0	2.1	96911.2	-999.9
Koutiala	1985	1	4	4	17.8	33.3	20.3	-999.9	0.0	2.2	97002.9	-999.9
Koutiala	1985	1	5	5	19.9	32.3	19.8	-999.9	0.0	2.7	97090.2	-999.9
Koutiala	1985	1	6	6	21.1	32.6	18.8	-999.9	0.6	2.4	96975.9	-999.9
Koutiala	1985	1	7	7	20.1	32.9	18.2	-999.9	0.0	2.3	96908.5	-999.9
Koutiala	1985	1	8	8	20.6	34.2	19.2	-999.9	0.0	2.3	96858.0	-999.9
Koutiala	1985	1	9	9	22.4	34.3	18.9	-999.9	0.0	2.5	96843.4	-999.9
Koutiala	1985	1	10	10	21.5	34.0	19.8	-999.9	0.0	2.6	96761.6	-999.9
Koutiala	1985	1	11	11	21.3	33.3	18.3	-999.9	0.0	2.4	96625.0	-999.9
Koutiala	1985	1	12	12	20.8	32.4	19.5	-999.9	0.0	2.4	96689.6	-999.9
Koutiala	1985	1	13	13	20.6	31.8	20.3	-999.9	0.0	3.0	96854.7	-999.9
Koutiala	1985	1	14	14	20.2	32.2	17.0	-999.9	0.0	2.3	96866.6	-999.9
Koutiala	1985	1	15	15	19.6	25.2	10.8	-999.9	0.0	2.9	97124.3	-999.9
Koutiala	1985	1	16	16	19.0	27.9	18.1	-999.9	0.0	3.2	97174.9	-999.9
Koutiala	1985	1	17	17	17.9	29.4	20.2	-999.9	0.0	3.0	97129.2	-999.9
Koutiala	1985	1	18	18	16.3	28.9	20.3	-999.9	0.0	2.8	97100.0	-999.9
Koutiala	1985	1	19	19	16.0	30.3	21.2	-999.9	0.0	2.6	96986.1	-999.9
Koutiala	1985	1	20	20	16.7	31.7	21.0	-999.9	0.0	2.2	96849.0	-999.9
Koutiala	1985	1	21	21	16.2	33.0	21.2	-999.9	0.0	2.0	96786.0	-999.9
Koutiala	1985	1	22	22	18.5	34.5	20.8	-999.9	0.0	2.2	96727.0	-999.9
Koutiala	1985	1	23	23	17.9	35.5	21.4	-999.9	0.0	1.8	96788.0	-999.9
Koutiala	1985	1	24	24	20.9	35.9	21.0	-999.9	0.0	2.0	96830.5	-999.9
Koutiala	1985	1	25	25	20.9	34.3	21.3	-999.9	0.0	2.9	96770.7	-999.9
Koutiala	1985	1	26	26	20.2	33.7	21.1	-999.9	0.0	2.3	96668.1	-999.9
Koutiala	1985	1	27	27	20.4	34.0	21.1	-999.9	0.0	2.0	96617.8	-999.9
Koutiala	1985	1	28	28	20.5	35.0	21.4	-999.9	0.0	2.1	96687.2	-999.9
Koutiala	1985	1	29	29	20.7	35.8	21.3	-999.9	0.0	2.1	96676.4	-999.9
Koutiala	1985	1	30	30	20.7	35.7	21.7	-999.9	0.0	2.4	96642.8	-999.9
Koutiala	1985	1	31	31	23.0	35.6	21.7	-999.9	0.0	2.6	96672.7	-999.9
Koutiala	1985	2	1	32	21.8	35.2	22.1	-999.9	0.0	3.3	96773.1	-999.9
Koutiala	1985	2	2	33	21.9	34.6	22.0	-999.9	0.0	3.4	96938.5	-999.9
Koutiala	1985	2	3	34	20.6	33.6	22.2	-999.9	0.0	3.1	97051.6	-999.9
Koutiala	1985	2	4	35	19.6	32.6	22.4	-999.9	0.0	3.0	97076.3	-999.9
Koutiala	1985	2	5	36	17.4	30.7	22.8	-999.9	0.0	2.7	97126.9	-999.9
Koutiala	1985	2	6	37	17.4	31.5	22.5	-999.9	0.0	2.7	97137.7	-999.9
Koutiala	1985	2	7	38	18.5	33.1	22.6	-999.9	0.0	2.7	97113.3	-999.9
Koutiala	1985	2	8	39	17.9	32.5	23.1	-999.9	0.0	2.7	97052.6	-999.9
Koutiala	1985	2	9	40	17.3	31.8	23.4	-999.9	0.0	2.9	97056.1	-999.9
Koutiala	1985	2	10	41	16.4	32.4	23.5	-999.9	0.0	2.8	97022.3	-999.9
Koutiala	1985	2	11	42	17.0	32.9	23.5	-999.9	0.0	2.9	97070.6	-999.9
Koutiala	1985	2	12	43	17.7	33.4	23.6	-999.9	0.0	2.8	97093.3	-999.9
Koutiala	1985	2	13	44	17.3	33.5	23.6	-999.9	0.0	2.9	97082.2	-999.9
Koutiala	1985	2	14	45	18.3	34.8	23.6	-999.9	0.0	3.1	97030.1	-999.9
Koutiala	1985	2	15	46	19.7	35.1	23.5	-999.9	0.0	2.8	96946.5	-999.9
Koutiala	1985	2	16	47	20.7	35.7	23.2	-999.9	0.0	3.0	96871.5	-999.9
Koutiala	1985	2	17	48	21.5	35.8	23.2	-999.9	0.0	2.7	96836.3	-999.9
Koutiala	1985	2	18	49	20.5	36.0	23.4	-999.9	0.0	2.3	96778.6	-999.9
Koutiala	1985	2	19	50	19.3	36.3	23.6	-999.9	0.0	2.1	96749.8	-999.9
Koutiala	1985	2	20	51	19.8	36.6	23.7	-999.9	0.0	2.2	96747.5	-999.9
Koutiala	1985	2	21	52	19.7	36.5	23.8	-999.9	0.0	2.2	96691.4	-999.9
Koutiala	1985	2	22	53	20.0	36.2	24.2	-999.9	0.0	2.0	96581.3	-999.9
Koutiala	1985	2	23	54	19.6	36.3	24.2	-999.9	0.0	1.9	96587.0	-999.9
Koutiala	1985	2	24	55	19.5	36.0	24.1	-999.9	0.0	1.9	96609.9	-999.9
Koutiala	1985	2	25	56	18.9	36.0	23.6	-999.9	0.0	2.3	96578.4	-999.9
Koutiala	1985	2	26	57	19.9	36.9	24.0	-999.9	0.2	2.8	96565.2	-999.9
Koutiala	1985	2	27	58	19.7	36.3	22.6	-999.9	0.2	1.9	96777.4	-999.9
Koutiala	1985	2	28	59	24.4	35.7	22.4	-999.9	0.2	3.1	96937.3	-999.9
Koutiala	1985	3	1	60	21.8	34.6	24.1	-999.9	0.0	2.6	96976.8	-999.9
Koutiala	1985	3	2	61	21.4	35.1	23.9	-999.9	0.0	2.3	96893.9	-999.9
Koutiala	1985	3	3	62	20.7	35.8	24.1	-999.9	0.0	1.9	96747.1	-999.9
Koutiala	1985	3	4	63	21.1	36.7	24.4	-999.9	0.0	1.8	96555.8	-999.9
Koutiala	1985	3	5	64	21.6	37.3	24.2	-999.9	0.0	2.4	96500.0	-999.9
Koutiala	1985	3	6	65	22.7	37.8	23.6	-999.9	0.8	2.7	96463.9	-999.9
Koutiala	1985	3	7	66	22.8	38.4	24.1	-999.9	0.0	2.2	96415.5	-999.9
Koutiala	1985	3	8	67	25.0	37.8	23.1	-999.9	0.0	3.3	96363.3	-999.9
Koutiala	1985	3	9	68	24.2	38.1	23.2	-999.9	0.0	2.5	96337.6	-999.9
Koutiala	1985	3	10	69	24.9	36.0	19.4	-999.9	0.0	2.9	96474.1	-999.9
Koutiala	1985	3	11	70	23.5	38.3	23.9	-999.9	0.0	1.9	96368.9	-999.9
Koutiala	1985	3	12	71	23.2	38.1	22.6	-999.9	0.0	2.9	96409.6	-999.9
Koutiala	1985	3	13	72	26.6	36.3	21.4	-999.9	0.0	2.8	96511.2	-999.9
Koutiala	1985	3	14	73	24.6	38.0	24.4	-999.9	0.0	2.8	96486.1	-999.9
Koutiala	1985	3	15	74	23.8	37.1	23.7	-999.9	0.0	1.5	96524.9	-999.9
Koutiala	1985	3	16	75	25.2	38.0	23.1	-999.9	0.0	1.4	96530.1	-999.9
Koutiala	1985	3	17	76	25.9	37.9	21.7	-999.9	0.0	1.9	96507.7	-999.9
Koutiala	1985	3	18	77	27.0	35.0	19.6	-999.9	0.0	2.0	96622.1	-999.9
Koutiala	1985	3	19	78	25.6	35.8	20.9	-999.9	0.0	2.1	96591.4	-999.9
Koutiala	1985	3	20	79	24.4	36.5	24.6	-999.9	0.0	2.3	96658.4	-999.9
Koutiala	1985	3	21	80	27.0	38.1	23.8	-999.9	0.0	2.7	96626.1	-999.9
Koutiala	1985	3	22	81	28.4	38.0	22.8	-999.9	0.0	1.9	96569.1	-999.9
Koutiala	1985	3	23	82	24.6	37.7	23.4	-999.9	0.0	1.8	96589.0	-999.9
Koutiala	1985	3	24	83	23.3	38.1	25.1	-999.9	0.0	2.8	96573.9	-999.9
Koutiala	1985	3	25	84	25.1	39.0	25.2	-999.9	0.0	2.7	96615.7	-999.9
Koutiala	1985	3	26	85	25.9	37.9	22.6	-999.9	0.0	1.8	96724.6	-999.9
Koutiala	1985	3	27	86	26.2	37.9	22.5	-999.9	0.0	1.9	96710.0	-999.9
Koutiala	1985	3	28	87	26.2	36.8	22.5	-999.9	0.0	2.8	96540.9	-999.9
Koutiala	1985	3	29	88	25.7	37.5	25.7	-999.9	0.0	2.5	96508.0	-999.9
Koutiala	1985	3	30	89	23.8	36.9	25.9	-999.9	0.0	2.4	96599.4	-999.9
Koutiala	1985	3	31	90	23.3	36.8	26.0	-999.9	0.0	3.0	96671.6	-999.9
Koutiala	1985	4	1	91	23.0	36.7	25.6	-999.9	0.0	2.4	96760.2	-999.9
Koutiala	1985	4	2	92	22.2	36.2	23.5	-999.9	0.0	2.1	96779.3	-999.9
Koutiala	1985	4	3	93	23.6	37.2	26.1	-999.9	0.0	2.5	96638.2	-999.9
Koutiala	1985	4	4	94	23.6	37.5	26.1	-999.9	0.0	2.3	96533.7	-999.9
Koutiala	1985	4	5	95	21.1	37.6	25.9	-999.9	0.0	2.1	96572.9	-999.9
Koutiala	1985	4	6	96	25.7	35.8	19.4	-999.9	0.0	2.0	96787.6	-999.9
Koutiala	1985	4	7	97	25.1	36.0	20.9	-999.9	0.0	2.3	96833.8	-999.9
Koutiala	1985	4	8	98	23.9	38.2	23.8	-999.9	0.0	2.1	96637.1	-999.9
Koutiala	1985	4	9	99	23.0	39.4	25.5	-999.9	3.0	1.8	96479.5	-999.9
Koutiala	1985	4	10	100	24.6	38.8	24.9	-999.9	0.0	2.6	96569.1	-999.9
Koutiala	1985	4	11	101	27.4	37.4	21.4	-999.9	0.6	2.2	96742.6	-999.9
Koutiala	1985	4	12	102	26.5	36.9	21.8	-999.9	2.1	1.9	96716.0	-999.9
Koutiala	1985	4	13	103	27.0	34.4	18.4	-999.9	0.0	1.4	96685.2	-999.9
Koutiala	1985	4	14	104	25.0	37.1	24.4	-999.9	0.0	1.7	96609.0	-999.9
Koutiala	1985	4	15	105	23.0	37.5	25.6	-999.9	0.0	1.9	96683.4	-999.9
Koutiala	1985	4	16	106	23.0	38.1	26.3	-999.9	1.2	2.2	96751.4	-999.9
Koutiala	1985	4	17	107	22.7	37.5	26.4	-999.9	0.0	2.5	96823.8	-999.9
Koutiala	1985	4	18	108	21.7	37.4	26.6	-999.9	0.0	1.8	96782.7	-999.9
Koutiala	1985	4	19	109	22.4	38.3	26.6	-999.9	0.0	1.5	96631.3	-999.9
Koutiala	1985	4	20	110	23.2	38.6	24.6	-999.9	0.0	2.3	96502.2	-999.9
Koutiala	1985	4	21	111	27.6	37.7	21.2	-999.9	0.0	2.4	96516.2	-999.9
Koutiala	1985	4	22	112	28.2	36.9	19.6	-999.9	0.0	2.0	96625.8	-999.9
Koutiala	1985	4	23	113	25.8	37.5	22.4	-999.9	5.6	2.0	96619.8	-999.9
Koutiala	1985	4	24	114	24.9	36.6	22.6	-999.9	0.0	2.1	96459.5	-999.9
Koutiala	1985	4	25	115	23.8	34.5	20.3	-999.9	0.0	2.3	96433.0	-999.9
Koutiala	1985	4	26	116	25.4	36.6	22.9	-999.9	0.0	1.9	96493.0	-999.9
Koutiala	1985	4	27	117	26.4	36.5	21.8	-999.9	0.0	1.8	96598.8	-999.9
Koutiala	1985	4	28	118	25.8	35.6	19.5	-999.9	0.0	1.8	96560.7	-999.9
Koutiala	1985	4	29	119	26.5	35.9	18.9	-999.9	0.0	2.6	96408.8	-999.9
Koutiala	1985	4	30	120	25.7	38.8	24.0	-999.9	0.0	2.6	96337.8	-999.9
Koutiala	1985	5	1	121	27.5	39.0	23.9	-999.9	0.0	2.9	96404.4	-999.9
Koutiala	1985	5	2	122	26.8	38.4	23.7	-999.9	0.0	2.9	96575.1	-999.9
Koutiala	1985	5	3	123	27.9	36.5	20.2	-999.9	3.3	2.6	96696.1	-999.9
Koutiala	1985	5	4	124	26.1	38.0	21.0	-999.9	0.0	1.9	96691.0	-999.9
Koutiala	1985	5	5	125	27.7	38.2	21.7	-999.9	6.6	1.9	96615.0	-999.9
Koutiala	1985	5	6	126	27.7	39.5	24.4	-999.9	0.0	1.6	96574.1	-999.9
Koutiala	1985	5	7	127	25.9	39.8	26.0	-999.9	0.0	1.9	96610.6	-999.9
Koutiala	1985	5	8	128	25.7	38.9	24.8	-999.9	0.0	1.9	96592.8	-999.9
Koutiala	1985	5	9	129	25.5	37.5	20.6	-999.9	0.0	1.8	96607.2	-999.9
Koutiala	1985	5	10	130	27.1	39.2	25.2	-999.9	0.0	2.1	96487.3	-999.9
Koutiala	1985	5	11	131	28.3	39.6	24.0	-999.9	0.0	2.6	96375.2	-999.9
Koutiala	1985	5	12	132	27.6	38.7	22.6	-999.9	4.0	2.8	96468.9	-999.9
Koutiala	1985	5	13	133	27.2	38.3	22.4	-999.9	0.0	2.1	96644.3	-999.9
Koutiala	1985	5	14	134	26.8	38.1	23.0	-999.9	0.0	2.0	96620.7	-999.9
Koutiala	1985	5	15	135	27.7	37.3	22.5	-999.9	0.0	1.9	96547.5	-999.9
Koutiala	1985	5	16	136	27.0	36.4	22.0	-999.9	4.4	2.5	96585.8	-999.9
Koutiala	1985	5	17	137	26.3	36.7	22.7	-999.9	0.0	2.2	96607.3	-999.9
Koutiala	1985	5	18	138	27.5	35.3	20.3	-999.9	0.0	2.2	96727.5	-999.9
Koutiala	1985	5	19	139	25.9	37.7	23.7	-999.9	0.0	2.1	96763.0	-999.9
Koutiala	1985	5	20	140	26.5	39.3	23.1	-999.9	0.0	2.3	96666.8	-999.9
Koutiala	1985	5	21	141	27.0	38.6	23.2	-999.9	0.0	2.4	96694.6	-999.9
Koutiala	1985	5	22	142	26.3	38.2	24.0	-999.9	0.0	2.6	96769.2	-999.9
Koutiala	1985	5	23	143	27.1	38.9	23.4	-999.9	0.0	2.3	96662.6	-999.9
Koutiala	1985	5	24	144	26.7	39.3	24.1	-999.9	0.0	2.5	96657.2	-999.9
Koutiala	1985	5	25	145	27.8	38.0	22.6	-999.9	0.0	2.5	96814.1	-999.9
Koutiala	1985	5	26	146	26.7	38.4	22.9	-999.9	0.0	1.9	96858.0	-999.9
Koutiala	1985	5	27	147	25.7	39.7	23.2	-999.9	0.0	2.5	96742.2	-999.9
Koutiala	1985	5	28	148	27.0	39.0	23.7	-999.9	0.0	2.7	96666.9	-999.9
Koutiala	1985	5	29	149	27.6	37.9	23.2	-999.9	0.0	2.4	96722.0	-999.9
Koutiala	1985	5	30	150	27.5	36.4	21.2	-999.9	13.2	2.1	96782.8	-999.9
Koutiala	1985	5	31	151	25.6	37.4	24.5	-999.9	4.4	1.7	96792.8	-999.9
Koutiala	1985	6	1	152	26.7	38.6	22.7	-999.9	0.0	3.0	96699.8	-999.9
Koutiala	1985	6	2	153	26.8	37.6	23.8	-999.9	0.0	2.9	96753.9	-999.9
Koutiala	1985	6	3	154	26.9	39.1	22.8	-999.9	0.0	2.0	96733.6	-999.9
Koutiala	1985	6	4	155	27.2	40.0	24.0	-999.9	9.0	2.1	96617.5	-999.9
Koutiala	1985	6	5	156	28.0	38.2	22.7	-999.9	0.0	2.8	96676.9	-999.9
Koutiala	1985	6	6	157	26.4	34.7	19.8	-999.9	10.6	2.2	96928.9	-999.9
Koutiala	1985	6	7	158	24.6	35.8	23.0	-999.9	0.0	2.5	97053.6	-999.9
Koutiala	1985	6	8	159	26.0	37.8	24.3	-999.9	2.6	3.0	96892.3	-999.9
Koutiala	1985	6	9	160	26.7	36.8	24.1	-999.9	0.0	2.5	96890.6	-999.9
Koutiala	1985	6	10	161	26.4	36.1	24.1	-999.9	0.0	2.4	97016.0	-999.9
Koutiala	1985	6	11	162	26.6	33.3	21.1	-999.9	4.9	2.8	97007.8	-999.9
Koutiala	1985	6	12	163	23.3	31.5	19.1	-999.9	0.0	2.8	97017.3	-999.9
Koutiala	1985	6	13	164	24.0	33.3	23.8	-999.9	0.0	2.6	97042.3	-999.9
Koutiala	1985	6	14	165	24.2	33.6	23.7	-999.9	4.9	2.4	97060.5	-999.9
Koutiala	1985	6	15	166	24.8	35.8	23.6	-999.9	0.0	2.8	96964.3	-999.9
Koutiala	1985	6	16	167	25.0	36.7	23.5	-999.9	7.1	3.3	96834.7	-999.9
Koutiala	1985	6	17	168	24.2	33.9	20.8	-999.9	0.0	2.6	96984.7	-999.9
Koutiala	1985	6	18	169	23.6	32.4	18.8	-999.9	7.1	2.4	97095.3	-999.9
Koutiala	1985	6	19	170	23.6	29.8	17.1	-999.9	7.1	1.8	97092.4	-999.9
Koutiala	1985	6	20	171	22.8	31.5	21.6	-999.9	14.3	2.1	97162.5	-999.9
Koutiala	1985	6	21	172	23.1	32.4	23.4	-999.9	0.0	2.1	97157.4	-999.9
Koutiala	1985	6	22	173	23.4	32.3	20.7	-999.9	0.0	2.2	97079.5	-999.9
Koutiala	1985	6	23	174	23.9	35.1	24.3	-999.9	0.0	2.3	96951.3	-999.9
Koutiala	1985	6	24	175	24.5	34.9	22.4	-999.9	0.0	2.4	96815.6	-999.9
Koutiala	1985	6	25	176	24.4	33.2	20.9	-999.9	13.5	2.3	96839.7	-999.9
Koutiala	1985	6	26	177	23.3	33.8	24.3	-999.9	0.0	2.4	97011.3	-999.9
Koutiala	1985	6	27	178	23.4	33.5	23.3	-999.9	13.7	2.0	97110.4	-999.9
Koutiala	1985	6	28	179	23.1	27.1	13.7	-999.9	9.2	1.8	97081.8	-999.9
Koutiala	1985	6	29	180	22.6	30.2	20.4	-999.9	4.6	1.6	97026.4	-999.9
Koutiala	1985	6	30	181	23.4	32.2	23.3	-999.9	0.0	1.8	97074.0	-999.9
Koutiala	1985	7	1	182	23.4	29.2	13.9	-999.9	41.5	2.1	97001.1	-999.9
Koutiala	1985	7	2	183	23.2	28.9	17.4	-999.9	0.0	2.1	97033.3	-999.9
Koutiala	1985	7	3	184	22.1	31.1	22.7	-999.9	12.1	1.7	97070.1	-999.9
Koutiala	1985	7	4	185	22.7	29.4	18.5	-999.9	0.0	1.6	97079.5	-999.9
Koutiala	1985	7	5	186	22.4	29.2	18.7	-999.9	0.0	1.7	96999.9	-999.9
Koutiala	1985	7	6	187	22.8	30.7	21.7	-999.9	0.0	2.2	96968.6	-999.9
Koutiala	1985	7	7	188	22.8	30.9	22.0	-999.9	20.0	1.6	96960.1	-999.9
Koutiala	1985	7	8	189	22.0	28.5	16.8	-999.9	10.0	1.9	97043.0	-999.9
Koutiala	1985	7	9	190	21.9	28.9	19.8	-999.9	0.0	1.7	97175.8	-999.9
Koutiala	1985	7	10	191	22.0	30.3	22.0	-999.9	0.0	2.6	97015.6	-999.9
Koutiala	1985	7	11	192	23.6	27.3	13.7	-999.9	14.3	2.7	96878.7	-999.9
Koutiala	1985	7	12	193	22.1	28.0	16.5	-999.9	0.0	1.7	97034.4	-999.9
Koutiala	1985	7	13	194	21.6	28.4	16.8	-999.9	0.0	1.8	97046.1	-999.9
Koutiala	1985	7	14	195	21.8	29.0	20.0	-999.9	7.2	1.8	96938.8	-999.9
Koutiala	1985	7	15	196	21.3	28.9	18.5	-999.9	0.0	2.1	96841.1	-999.9
Koutiala	1985	7	16	197	22.2	30.1	21.1	-999.9	0.0	2.3	96955.8	-999.9
Koutiala	1985	7	17	198	22.2	28.3	16.3	-999.9	11.5	1.6	97113.8	-999.9
Koutiala	1985	7	18	199	21.9	30.0	22.4	-999.9	5.7	1.5	97078.1	-999.9
Koutiala	1985	7	19	200	22.0	28.8	17.3	-999.9	11.5	2.2	97029.9	-999.9
Koutiala	1985	7	20	201	22.4	27.3	11.1	-999.9	5.7	2.5	96965.8	-999.9
Koutiala	1985	7	21	202	22.5	25.4	10.7	-999.9	27.9	1.9	96960.9	-999.9
Koutiala	1985	7	22	203	21.0	28.8	20.4	-999.9	0.0	1.8	97006.7	-999.9
Koutiala	1985	7	23	204	21.8	29.3	19.8	-999.9	0.0	1.9	97010.2	-999.9
Koutiala	1985	7	24	205	21.7	28.1	16.4	-999.9	27.9	1.7	96996.6	-999.9
Koutiala	1985	7	25	206	21.8	28.6	17.6	-999.9	14.0	1.8	97021.7	-999.9
Koutiala	1985	7	26	207	21.7	29.5	22.2	-999.9	3.7	1.8	97016.8	-999.9
Koutiala	1985	7	27	208	21.7	28.1	17.2	-999.9	3.9	1.5	97061.5	-999.9
Koutiala	1985	7	28	209	22.0	30.3	23.1	-999.9	0.0	1.4	97013.2	-999.9
Koutiala	1985	7	29	210	23.0	30.2	17.7	-999.9	19.5	2.0	96936.8	-999.9
Koutiala	1985	7	30	211	22.8	28.8	18.9	-999.9	6.8	1.7	96965.5	-999.9
Koutiala	1985	7	31	212	21.7	29.5	21.8	-999.9	3.0	1.5	97031.0	-999.9
Koutiala	1985	8	1	213	22.8	29.6	22.3	-999.9	8.3	2.0	97002.0	-999.9
Koutiala	1985	8	2	214	22.5	28.8	17.1	-999.9	0.0	1.4	96963.1	-999.9
Koutiala	1985	8	3	215	22.1	29.6	18.7	-999.9	0.6	1.7	96952.3	-999.9
Koutiala	1985	8	4	216	22.0	29.2	18.8	-999.9	13.6	1.5	96954.0	-999.9
Koutiala	1985	8	5	217	22.3	26.5	11.8	-999.9	10.1	1.2	97004.8	-999.9
Koutiala	1985	8	6	218	21.9	28.8	20.3	-999.9	0.0	1.9	97007.0	-999.9
Koutiala	1985	8	7	219	21.6	29.2	20.7	-999.9	6.1	1.4	96921.8	-999.9
Koutiala	1985	8	8	220	22.1	28.6	17.8	-999.9	0.0	1.4	96891.8	-999.9
Koutiala	1985	8	9	221	22.4	28.6	18.9	-999.9	0.0	1.4	96955.1	-999.9
Koutiala	1985	8	10	222	22.0	29.1	20.8	-999.9	0.0	1.3	96943.4	-999.9
Koutiala	1985	8	11	223	23.0	27.5	13.2	-999.9	0.0	1.8	96958.8	-999.9
Koutiala	1985	8	12	224	22.7	27.8	15.5	-999.9	17.9	1.4	97020.6	-999.9
Koutiala	1985	8	13	225	22.1	27.6	14.9	-999.9	10.2	1.6	96951.2	-999.9
Koutiala	1985	8	14	226	21.7	28.7	19.8	-999.9	0.0	1.4	96863.1	-999.9
Koutiala	1985	8	15	227	21.8	28.7	20.5	-999.9	17.9	1.7	96904.9	-999.9
Koutiala	1985	8	16	228	21.6	29.2	21.6	-999.9	13.5	1.8	96856.8	-999.9
Koutiala	1985	8	17	229	22.0	26.1	11.2	-999.9	40.5	1.4	96836.9	-999.9
Koutiala	1985	8	18	230	22.1	28.0	20.4	-999.9	0.0	2.7	97022.0	-999.9
Koutiala	1985	8	19	231	21.4	29.0	21.7	-999.9	0.0	1.3	97166.6	-999.9
Koutiala	1985	8	20	232	22.2	29.0	19.1	-999.9	0.0	1.2	96998.9	-999.9
Koutiala	1985	8	21	233	21.9	29.7	21.5	-999.9	0.0	1.8	96969.4	-999.9
Koutiala	1985	8	22	234	21.6	29.9	22.0	-999.9	6.2	1.7	96976.8	-999.9
Koutiala	1985	8	23	235	22.2	30.4	22.7	-999.9	12.3	1.5	96944.6	-999.9
Koutiala	1985	8	24	236	23.0	29.8	20.1	-999.9	0.0	2.2	96942.2	-999.9
Koutiala	1985	8	25	237	22.2	28.9	19.6	-999.9	0.0	1.9	97083.5	-999.9
Koutiala	1985	8	26	238	22.0	28.4	18.9	-999.9	28.8	1.7	97151.6	-999.9
Koutiala	1985	8	27	239	21.3	27.0	16.3	-999.9	0.0	1.1	97215.0	-999.9
Koutiala	1985	8	28	240	21.0	29.8	19.6	-999.9	0.0	1.4	97083.3	-999.9
Koutiala	1985	8	29	241	22.2	30.1	23.9	-999.9	0.0	2.1	96929.3	-999.9
Koutiala	1985	8	30	242	22.3	28.4	16.9	-999.9	19.2	2.3	96868.1	-999.9
Koutiala	1985	8	31	243	22.5	28.8	19.4	-999.9	9.6	1.8	96960.6	-999.9
Koutiala	1985	9	1	244	21.7	28.6	20.6	-999.9	3.8	1.5	96972.0	-999.9
Koutiala	1985	9	2	245	22.0	29.2	20.9	-999.9	4.9	1.4	96948.5	-999.9
Koutiala	1985	9	3	246	22.5	26.4	10.6	-999.9	20.1	1.8	96868.4	-999.9
Koutiala	1985	9	4	247	21.7	27.5	15.1	-999.9	13.7	2.2	96903.8	-999.9
Koutiala	1985	9	5	248	21.5	28.5	21.6	-999.9	7.5	1.6	97014.5	-999.9
Koutiala	1985	9	6	249	21.4	29.5	23.6	-999.9	0.0	2.0	96957.9	-999.9
Koutiala	1985	9	7	250	23.0	27.9	17.7	-999.9	9.6	2.3	96811.0	-999.9
Koutiala	1985	9	8	251	21.9	26.6	11.2	-999.9	0.0	1.7	96917.0	-999.9
Koutiala	1985	9	9	252	20.4	28.8	21.2	-999.9	0.0	1.3	96824.0	-999.9
Koutiala	1985	9	10	253	21.3	28.5	17.5	-999.9	9.6	1.9	96809.7	-999.9
Koutiala	1985	9	11	254	22.2	28.8	19.5	-999.9	0.0	1.8	96958.7	-999.9
Koutiala	1985	9	12	255	22.0	29.5	22.5	-999.9	0.0	1.7	96993.9	-999.9
Koutiala	1985	9	13	256	21.6	28.8	17.1	-999.9	8.5	1.5	96804.3	-999.9
Koutiala	1985	9	14	257	21.5	27.6	19.0	-999.9	9.5	2.3	96839.8	-999.9
Koutiala	1985	9	15	258	21.0	28.8	21.5	-999.9	0.0	1.6	96971.0	-999.9
Koutiala	1985	9	16	259	22.4	30.0	22.3	-999.9	0.0	1.9	96880.2	-999.9
Koutiala	1985	9	17	260	22.0	26.5	11.6	-999.9	7.8	2.0	96903.6	-999.9
Koutiala	1985	9	18	261	21.3	26.1	12.8	-999.9	6.3	1.6	97032.2	-999.9
Koutiala	1985	9	19	262	21.4	28.3	18.8	-999.9	18.2	1.6	97042.2	-999.9
Koutiala	1985	9	20	263	21.3	29.6	22.1	-999.9	0.0	1.7	96962.7	-999.9
Koutiala	1985	9	21	264	21.4	29.5	19.4	-999.9	0.0	2.3	96922.1	-999.9
Koutiala	1985	9	22	265	22.1	29.8	22.3	-999.9	0.0	1.4	96926.6	-999.9
Koutiala	1985	9	23	266	22.3	29.2	22.4	-999.9	0.0	1.5	97018.4	-999.9
Koutiala	1985	9	24	267	22.5	30.1	23.1	-999.9	7.6	1.3	97004.5	-999.9
Koutiala	1985	9	25	268	22.1	30.3	22.0	-999.9	0.0	1.6	96864.2	-999.9
Koutiala	1985	9	26	269	22.3	27.9	13.9	-999.9	0.0	1.6	96795.4	-999.9
Koutiala	1985	9	27	270	20.9	29.8	20.2	-999.9	5.0	1.5	96859.0	-999.9
Koutiala	1985	9	28	271	22.0	29.0	21.0	-999.9	0.0	1.5	96921.0	-999.9
Koutiala	1985	9	29	272	21.3	29.5	21.3	-999.9	4.0	1.4	96959.3	-999.9
Koutiala	1985	9	30	273	21.1	29.6	22.2	-999.9	0.0	1.2	97001.4	-999.9
Koutiala	1985	10	1	274	22.7	31.2	21.8	-999.9	0.0	1.5	96916.1	-999.9
Koutiala	1985	10	2	275	21.8	30.0	20.0	-999.9	0.0	1.4	96961.8	-999.9
Koutiala	1985	10	3	276	22.2	29.3	18.8	-999.9	6.5	1.8	97055.1	-999.9
Koutiala	1985	10	4	277	21.6	28.9	21.8	-999.9	0.0	1.3	97043.7	-999.9
Koutiala	1985	10	5	278	21.9	29.3	19.6	-999.9	0.0	1.6	96929.5	-999.9
Koutiala	1985	10	6	279	21.6	30.6	22.6	-999.9	0.0	1.4	96956.9	-999.9
Koutiala	1985	10	7	280	21.8	31.1	22.6	-999.9	0.0	1.1	96993.6	-999.9
Koutiala	1985	10	8	281	22.4	32.0	23.1	-999.9	0.0	1.5	96850.8	-999.9
Koutiala	1985	10	9	282	22.5	30.5	22.3	-999.9	0.4	2.5	96727.6	-999.9
Koutiala	1985	10	10	283	22.7	29.4	19.9	-999.9	1.4	1.7	96984.4	-999.9
Koutiala	1985	10	11	284	21.4	30.6	22.0	-999.9	0.0	1.3	97088.9	-999.9
Koutiala	1985	10	12	285	22.1	29.8	20.7	-999.9	0.0	1.4	97096.3	-999.9
Koutiala	1985	10	13	286	21.6	30.0	21.6	-999.9	0.0	1.2	97030.7	-999.9
Koutiala	1985	10	14	287	22.5	31.6	21.7	-999.9	0.0	1.5	96829.0	-999.9
Koutiala	1985	10	15	288	21.9	30.0	21.1	-999.9	0.0	1.5	96794.0	-999.9
Koutiala	1985	10	16	289	21.3	31.2	21.2	-999.9	0.0	1.4	96882.7	-999.9
Koutiala	1985	10	17	290	21.6	31.5	21.2	-999.9	3.9	1.0	96923.2	-999.9
Koutiala	1985	10	18	291	21.3	32.5	21.6	-999.9	0.0	1.4	96805.8	-999.9
Koutiala	1985	10	19	292	21.1	32.7	21.3	-999.9	0.0	1.7	96661.0	-999.9
Koutiala	1985	10	20	293	21.3	32.5	20.8	-999.9	0.0	1.5	96707.3	-999.9
Koutiala	1985	10	21	294	21.7	33.4	21.2	-999.9	0.0	1.7	96857.6	-999.9
Koutiala	1985	10	22	295	19.8	34.6	23.6	-999.9	0.0	2.0	96864.5	-999.9
Koutiala	1985	10	23	296	19.2	34.8	23.4	-999.9	0.0	1.7	96743.1	-999.9
Koutiala	1985	10	24	297	20.6	34.3	23.3	-999.9	0.0	1.5	96622.9	-999.9
Koutiala	1985	10	25	298	20.2	34.1	23.2	-999.9	0.0	1.9	96646.6	-999.9
Koutiala	1985	10	26	299	20.7	34.4	22.6	-999.9	0.0	1.4	96700.2	-999.9
Koutiala	1985	10	27	300	20.4	34.9	22.0	-999.9	0.0	1.5	96678.0	-999.9
Koutiala	1985	10	28	301	21.5	33.6	20.0	-999.9	0.0	1.6	96616.0	-999.9
Koutiala	1985	10	29	302	21.4	34.2	21.1	-999.9	0.0	1.3	96533.6	-999.9
Koutiala	1985	10	30	303	24.2	33.9	19.2	-999.9	0.0	1.8	96638.6	-999.9
Koutiala	1985	10	31	304	23.3	32.5	17.7	-999.9	18.0	1.3	96756.6	-999.9
Koutiala	1985	11	1	305	23.4	34.3	19.8	-999.9	2.0	1.8	96844.6	-999.9
Koutiala	1985	11	2	306	20.9	35.4	22.3	-999.9	0.0	2.9	96895.5	-999.9
Koutiala	1985	11	3	307	21.2	34.2	22.9	-999.9	0.0	2.7	96923.7	-999.9
Koutiala	1985	11	4	308	18.3	34.2	22.9	-999.9	0.0	2.4	96978.1	-999.9
Koutiala	1985	11	5	309	18.9	34.3	23.0	-999.9	0.0	2.5	97021.7	-999.9
Koutiala	1985	11	6	310	17.2	34.3	22.8	-999.9	0.0	2.3	96969.8	-999.9
Koutiala	1985	11	7	311	17.2	33.5	22.2	-999.9	0.0	1.3	96892.0	-999.9
Koutiala	1985	11	8	312	17.1	33.6	22.7	-999.9	0.0	1.6	96856.7	-999.9
Koutiala	1985	11	9	313	17.6	33.7	22.3	-999.9	0.0	1.4	96877.4	-999.9
Koutiala	1985	11	10	314	20.2	33.5	21.5	-999.9	0.0	1.5	96932.2	-999.9
Koutiala	1985	11	11	315	21.0	33.1	18.4	-999.9	0.0	1.5	96794.9	-999.9
Koutiala	1985	11	12	316	22.2	34.0	19.9	-999.9	0.5	1.5	96751.1	-999.9
Koutiala	1985	11	13	317	22.5	32.4	19.1	-999.9	0.0	1.5	96855.9	-999.9
Koutiala	1985	11	14	318	22.0	34.0	19.8	-999.9	0.0	1.4	96837.9	-999.9
Koutiala	1985	11	15	319	20.1	34.8	21.3	-999.9	0.0	2.0	96724.6	-999.9
Koutiala	1985	11	16	320	18.8	34.7	21.8	-999.9	0.0	1.8	96671.3	-999.9
Koutiala	1985	11	17	321	20.0	35.3	21.3	-999.9	0.0	1.8	96725.0	-999.9
Koutiala	1985	11	18	322	22.0	34.0	19.7	-999.9	0.0	1.9	96816.6	-999.9
Koutiala	1985	11	19	323	22.2	32.7	17.8	-999.9	0.2	1.5	96909.2	-999.9
Koutiala	1985	11	20	324	23.3	34.1	20.8	-999.9	0.0	2.3	96807.7	-999.9
Koutiala	1985	11	21	325	22.1	34.3	21.2	-999.9	0.0	1.7	96725.0	-999.9
Koutiala	1985	11	22	326	20.6	34.0	21.1	-999.9	0.0	1.8	96704.4	-999.9
Koutiala	1985	11	23	327	20.1	33.8	21.1	-999.9	0.0	1.5	96690.0	-999.9
Koutiala	1985	11	24	328	20.0	34.4	21.1	-999.9	0.0	1.7	96656.5	-999.9
Koutiala	1985	11	25	329	20.2	34.1	21.0	-999.9	0.0	1.4	96750.1	-999.9
Koutiala	1985	11	26	330	20.6	33.9	21.0	-999.9	0.0	1.7	96804.7	-999.9
Koutiala	1985	11	27	331	20.5	34.2	20.1	-999.9	0.0	2.0	96814.2	-999.9
Koutiala	1985	11	28	332	22.4	34.0	18.5	-999.9	0.0	2.2	96827.6	-999.9
Koutiala	1985	11	29	333	22.1	35.3	20.8	-999.9	0.0	2.6	96782.5	-999.9
Koutiala	1985	11	30	334	21.3	35.3	21.0	-999.9	0.0	2.6	96786.1	-999.9
Koutiala	1985	12	1	335	20.6	34.0	20.9	-999.9	0.0	2.7	96835.0	-999.9
Koutiala	1985	12	2	336	20.4	33.6	19.8	-999.9	0.0	2.5	96954.6	-999.9
Koutiala	1985	12	3	337	21.2	32.8	20.6	-999.9	0.0	2.6	96880.5	-999.9
Koutiala	1985	12	4	338	18.8	31.8	21.1	-999.9	0.0	2.7	96862.9	-999.9
Koutiala	1985	12	5	339	18.0	31.0	21.0	-999.9	0.0	2.5	97003.8	-999.9
Koutiala	1985	12	6	340	18.1	31.2	20.7	-999.9	0.0	2.7	97059.7	-999.9
Koutiala	1985	12	7	341	18.4	31.4	20.5	-999.9	0.0	2.4	97025.1	-999.9
Koutiala	1985	12	8	342	17.8	31.6	20.3	-999.9	0.0	2.1	96917.0	-999.9
Koutiala	1985	12	9	343	17.6	30.7	20.2	-999.9	0.0	2.4	96868.6	-999.9
Koutiala	1985	12	10	344	17.5	29.3	18.8	-999.9	0.0	2.4	96889.0	-999.9
Koutiala	1985	12	11	345	16.7	29.3	19.9	-999.9	0.0	2.6	97005.1	-999.9
Koutiala	1985	12	12	346	16.3	27.9	20.4	-999.9	0.0	2.9	97065.8	-999.9
Koutiala	1985	12	13	347	14.9	26.4	20.4	-999.9	0.6	2.6	96967.8	-999.9
Koutiala	1985	12	14	348	13.6	25.1	20.5	-999.9	0.0	2.9	97015.7	-999.9
Koutiala	1985	12	15	349	12.9	24.8	20.5	-999.9	0.0	3.0	97154.3	-999.9
Koutiala	1985	12	16	350	12.3	24.1	20.1	-999.9	0.0	2.6	97311.7	-999.9
Koutiala	1985	12	17	351	12.6	25.7	20.0	-999.9	0.0	2.0	97217.0	-999.9
Koutiala	1985	12	18	352	14.1	27.5	17.3	-999.9	0.0	1.9	97169.2	-999.9
Koutiala	1985	12	19	353	15.9	30.3	20.2	-999.9	0.0	2.2	97151.9	-999.9
Koutiala	1985	12	20	354	16.8	29.9	20.3	-999.9	0.0	2.8	97053.0	-999.9
Koutiala	1985	12	21	355	16.7	29.6	20.6	-999.9	0.0	2.6	97052.8	-999.9
Koutiala	1985	12	22	356	16.7	30.0	20.1	-999.9	0.0	2.6	97092.1	-999.9
Koutiala	1985	12	23	357	16.2	30.5	20.7	-999.9	0.0	2.7	97100.9	-999.9
Koutiala	1985	12	24	358	16.5	30.4	20.4	-999.9	0.0	2.7	97105.1	-999.9
Koutiala	1985	12	25	359	17.4	30.2	20.4	-999.9	0.0	2.9	97101.2	-999.9
Koutiala	1985	12	26	360	17.8	31.5	20.5	-999.9	0.0	2.5	96996.0	-999.9
Koutiala	1985	12	27	361	17.8	32.3	20.2	-999.9	0.0	2.0	96838.1	-999.9
Koutiala	1985	12	28	362	19.3	33.7	20.1	-999.9	0.0	1.6	96665.6	-999.9
Koutiala	1985	12	29	363	19.3	34.5	19.4	-999.9	0.0	1.6	96605.2	-999.9
Koutiala	1985	12	30	364	20.4	33.2	19.9	-999.9	0.0	3.0	96879.3	-999.9
Koutiala	1985	12	31	365	19.2	31.5	20.3	-999.9	0.0	3.3	97082.0	-999.9
