Koutiala	1991	1	1	1	16.7	29.0	21.3	-999.9	0.0	2.8	97067.8	-999.9
Koutiala	1991	1	2	2	15.8	29.2	21.1	-999.9	0.0	2.6	97071.3	-999.9
Koutiala	1991	1	3	3	15.9	29.4	21.1	-999.9	0.0	2.6	97052.6	-999.9
Koutiala	1991	1	4	4	15.2	30.1	21.0	-999.9	0.0	2.1	97084.0	-999.9
Koutiala	1991	1	5	5	16.3	30.9	20.6	-999.9	0.0	2.3	97099.7	-999.9
Koutiala	1991	1	6	6	18.3	29.8	17.6	-999.9	0.0	2.5	97099.1	-999.9
Koutiala	1991	1	7	7	16.2	29.9	20.3	-999.9	0.0	2.5	97150.9	-999.9
Koutiala	1991	1	8	8	17.3	30.1	19.2	-999.9	0.0	2.5	97091.6	-999.9
Koutiala	1991	1	9	9	17.6	31.5	20.0	-999.9	0.0	2.2	97057.5	-999.9
Koutiala	1991	1	10	10	18.7	32.8	19.7	-999.9	0.0	2.4	97075.6	-999.9
Koutiala	1991	1	11	11	19.4	33.4	20.7	-999.9	0.0	2.6	97055.0	-999.9
Koutiala	1991	1	12	12	19.7	33.0	20.8	-999.9	0.0	2.6	96986.7	-999.9
Koutiala	1991	1	13	13	18.9	32.5	20.8	-999.9	0.0	2.3	96884.9	-999.9
Koutiala	1991	1	14	14	17.7	32.3	20.0	-999.9	0.0	1.9	96734.7	-999.9
Koutiala	1991	1	15	15	18.8	34.1	20.8	-999.9	0.0	1.7	96697.3	-999.9
Koutiala	1991	1	16	16	19.2	34.7	19.9	-999.9	0.0	1.5	96824.3	-999.9
Koutiala	1991	1	17	17	21.2	33.4	20.6	-999.9	0.0	2.9	97087.1	-999.9
Koutiala	1991	1	18	18	22.5	33.2	20.7	-999.9	0.0	2.3	97020.2	-999.9
Koutiala	1991	1	19	19	19.8	33.9	20.9	-999.9	0.0	2.2	96888.3	-999.9
Koutiala	1991	1	20	20	19.9	34.8	20.9	-999.9	0.0	2.0	96828.2	-999.9
Koutiala	1991	1	21	21	21.9	35.2	21.1	-999.9	0.0	2.6	96858.6	-999.9
Koutiala	1991	1	22	22	22.8	35.2	21.1	-999.9	0.0	2.6	96907.1	-999.9
Koutiala	1991	1	23	23	22.4	35.4	20.7	-999.9	0.0	2.5	96942.2	-999.9
Koutiala	1991	1	24	24	21.6	35.5	21.3	-999.9	0.0	2.1	96926.6	-999.9
Koutiala	1991	1	25	25	21.2	35.4	20.6	-999.9	0.0	2.2	96957.7	-999.9
Koutiala	1991	1	26	26	20.6	35.3	21.5	-999.9	0.0	2.4	97021.0	-999.9
Koutiala	1991	1	27	27	20.7	35.8	21.6	-999.9	0.0	2.5	97051.9	-999.9
Koutiala	1991	1	28	28	21.9	36.2	21.5	-999.9	0.0	2.7	96977.6	-999.9
Koutiala	1991	1	29	29	21.5	35.9	21.3	-999.9	0.0	3.0	96931.9	-999.9
Koutiala	1991	1	30	30	22.6	36.0	21.3	-999.9	0.0	3.2	96836.5	-999.9
Koutiala	1991	1	31	31	21.8	36.2	21.9	-999.9	0.0	3.0	96838.4	-999.9
Koutiala	1991	2	1	32	21.3	34.6	21.9	-999.9	0.0	3.4	96897.0	-999.9
Koutiala	1991	2	2	33	20.1	34.1	21.9	-999.9	0.0	2.9	96871.3	-999.9
Koutiala	1991	2	3	34	19.7	33.6	21.9	-999.9	0.6	2.9	96856.3	-999.9
Koutiala	1991	2	4	35	19.7	31.7	21.3	-999.9	0.0	3.1	96958.7	-999.9
Koutiala	1991	2	5	36	18.1	31.0	21.1	-999.9	0.0	2.6	97077.8	-999.9
Koutiala	1991	2	6	37	18.1	31.9	21.6	-999.9	0.0	2.4	97131.2	-999.9
Koutiala	1991	2	7	38	18.9	33.1	21.4	-999.9	0.0	2.2	97077.8	-999.9
Koutiala	1991	2	8	39	19.6	34.5	22.3	-999.9	0.0	2.5	96928.5	-999.9
Koutiala	1991	2	9	40	20.0	35.6	22.4	-999.9	0.0	2.3	96816.1	-999.9
Koutiala	1991	2	10	41	20.2	36.1	22.3	-999.9	0.0	2.1	96835.8	-999.9
Koutiala	1991	2	11	42	21.9	35.7	22.1	-999.9	0.0	2.2	96854.8	-999.9
Koutiala	1991	2	12	43	22.2	35.3	21.7	-999.9	0.0	2.2	96771.0	-999.9
Koutiala	1991	2	13	44	20.8	35.9	21.4	-999.9	0.0	1.9	96658.8	-999.9
Koutiala	1991	2	14	45	24.5	35.5	19.1	-999.9	0.0	2.5	96722.3	-999.9
Koutiala	1991	2	15	46	23.7	33.4	19.1	-999.9	0.6	2.0	97025.3	-999.9
Koutiala	1991	2	16	47	23.1	32.0	18.0	-999.9	0.0	2.3	97006.9	-999.9
Koutiala	1991	2	17	48	21.7	33.9	21.2	-999.9	0.0	2.3	96837.7	-999.9
Koutiala	1991	2	18	49	21.6	35.8	22.3	-999.9	0.0	1.7	96665.5	-999.9
Koutiala	1991	2	19	50	23.4	36.2	22.3	-999.9	0.0	2.6	96780.2	-999.9
Koutiala	1991	2	20	51	23.9	35.5	20.8	-999.9	0.0	3.0	96786.9	-999.9
Koutiala	1991	2	21	52	23.0	35.9	22.9	-999.9	0.0	2.5	96779.7	-999.9
Koutiala	1991	2	22	53	22.4	36.7	23.2	-999.9	0.0	2.5	96908.8	-999.9
Koutiala	1991	2	23	54	23.4	38.0	23.3	-999.9	0.0	2.8	96990.8	-999.9
Koutiala	1991	2	24	55	23.6	37.6	23.6	-999.9	0.0	2.8	96947.2	-999.9
Koutiala	1991	2	25	56	22.5	35.8	23.2	-999.9	0.0	2.3	96872.7	-999.9
Koutiala	1991	2	26	57	21.5	34.5	23.4	-999.9	0.0	2.4	96864.2	-999.9
Koutiala	1991	2	27	58	21.6	35.4	23.6	-999.9	0.0	2.1	96868.4	-999.9
Koutiala	1991	2	28	59	23.0	34.8	18.8	-999.9	0.0	2.2	96882.1	-999.9
Koutiala	1991	3	1	60	24.7	34.5	19.4	-999.9	0.0	2.8	96762.6	-999.9
Koutiala	1991	3	2	61	21.8	35.8	23.1	-999.9	0.0	1.9	96712.5	-999.9
Koutiala	1991	3	3	62	22.5	36.5	22.8	-999.9	0.0	2.3	96799.3	-999.9
Koutiala	1991	3	4	63	24.0	37.2	23.9	-999.9	0.0	2.7	96833.1	-999.9
Koutiala	1991	3	5	64	24.3	37.6	23.8	-999.9	0.0	2.1	96745.3	-999.9
Koutiala	1991	3	6	65	22.8	38.3	23.9	-999.9	0.0	1.5	96557.4	-999.9
Koutiala	1991	3	7	66	23.9	36.2	18.7	-999.9	0.0	2.5	96455.3	-999.9
Koutiala	1991	3	8	67	25.7	36.0	20.5	-999.9	0.0	2.2	96653.2	-999.9
Koutiala	1991	3	9	68	25.2	35.6	21.1	-999.9	0.0	1.3	96694.0	-999.9
Koutiala	1991	3	10	69	24.3	38.8	24.1	-999.9	0.0	1.4	96597.6	-999.9
Koutiala	1991	3	11	70	22.0	39.2	24.6	-999.9	0.0	1.7	96520.3	-999.9
Koutiala	1991	3	12	71	23.7	38.3	21.2	-999.9	0.0	1.9	96495.8	-999.9
Koutiala	1991	3	13	72	25.2	37.4	21.9	-999.9	0.0	2.0	96451.7	-999.9
Koutiala	1991	3	14	73	25.6	37.0	22.3	-999.9	0.0	1.9	96517.1	-999.9
Koutiala	1991	3	15	74	24.3	35.7	24.0	-999.9	0.0	2.5	96749.5	-999.9
Koutiala	1991	3	16	75	23.7	36.6	24.1	-999.9	0.0	2.7	96796.6	-999.9
Koutiala	1991	3	17	76	23.2	36.5	25.1	-999.9	0.0	2.6	96764.5	-999.9
Koutiala	1991	3	18	77	23.1	37.2	24.9	-999.9	0.0	2.8	96798.4	-999.9
Koutiala	1991	3	19	78	23.3	36.6	24.7	-999.9	0.0	2.6	96835.5	-999.9
Koutiala	1991	3	20	79	23.4	37.3	25.1	-999.9	0.0	3.0	96750.1	-999.9
Koutiala	1991	3	21	80	23.2	37.3	25.0	-999.9	0.0	2.2	96734.6	-999.9
Koutiala	1991	3	22	81	22.7	37.9	24.7	-999.9	0.0	1.9	96609.8	-999.9
Koutiala	1991	3	23	82	24.8	37.9	23.5	-999.9	0.0	1.3	96574.2	-999.9
Koutiala	1991	3	24	83	24.9	37.0	24.9	-999.9	0.0	3.1	96618.3	-999.9
Koutiala	1991	3	25	84	23.2	36.8	24.9	-999.9	0.0	2.4	96604.1	-999.9
Koutiala	1991	3	26	85	22.5	37.3	24.5	-999.9	0.0	1.9	96574.7	-999.9
Koutiala	1991	3	27	86	24.2	36.7	22.2	-999.9	0.0	2.1	96570.2	-999.9
Koutiala	1991	3	28	87	25.1	36.1	18.0	-999.9	0.0	1.7	96559.9	-999.9
Koutiala	1991	3	29	88	23.7	39.5	25.1	-999.9	0.0	1.5	96450.8	-999.9
Koutiala	1991	3	30	89	24.8	38.7	25.1	-999.9	0.0	2.1	96540.6	-999.9
Koutiala	1991	3	31	90	26.1	37.5	23.5	-999.9	0.0	1.8	96658.0	-999.9
Koutiala	1991	4	1	91	26.7	39.0	23.6	-999.9	0.0	1.5	96541.2	-999.9
Koutiala	1991	4	2	92	26.8	38.5	22.9	-999.9	0.0	1.4	96632.7	-999.9
Koutiala	1991	4	3	93	27.2	38.7	24.0	-999.9	0.0	2.1	96815.2	-999.9
Koutiala	1991	4	4	94	25.6	38.3	25.7	-999.9	0.0	2.8	96880.6	-999.9
Koutiala	1991	4	5	95	22.8	37.2	25.9	-999.9	0.0	1.8	96835.9	-999.9
Koutiala	1991	4	6	96	22.7	37.9	25.9	-999.9	0.0	1.4	96752.6	-999.9
Koutiala	1991	4	7	97	24.9	38.6	26.1	-999.9	0.0	2.1	96706.1	-999.9
Koutiala	1991	4	8	98	24.3	39.1	26.1	-999.9	0.0	1.2	96659.8	-999.9
Koutiala	1991	4	9	99	24.8	38.9	25.3	-999.9	0.0	2.1	96546.6	-999.9
Koutiala	1991	4	10	100	24.3	39.1	24.9	-999.9	0.0	1.7	96453.3	-999.9
Koutiala	1991	4	11	101	26.9	38.6	24.1	-999.9	0.0	2.1	96476.6	-999.9
Koutiala	1991	4	12	102	23.6	38.8	25.9	-999.9	0.0	1.4	96475.0	-999.9
Koutiala	1991	4	13	103	26.2	36.7	22.5	-999.9	0.0	2.0	96468.0	-999.9
Koutiala	1991	4	14	104	26.4	37.1	20.7	-999.9	0.0	1.7	96577.5	-999.9
Koutiala	1991	4	15	105	25.8	37.2	21.9	-999.9	0.0	2.5	96750.0	-999.9
Koutiala	1991	4	16	106	26.8	38.1	22.3	-999.9	0.0	2.5	96660.0	-999.9
Koutiala	1991	4	17	107	26.9	38.3	23.0	-999.9	0.0	1.7	96514.8	-999.9
Koutiala	1991	4	18	108	26.6	36.9	22.6	-999.9	3.3	1.6	96628.2	-999.9
Koutiala	1991	4	19	109	25.9	37.9	22.3	-999.9	3.3	1.8	96699.2	-999.9
Koutiala	1991	4	20	110	27.2	41.0	24.0	-999.9	0.0	2.5	96616.5	-999.9
Koutiala	1991	4	21	111	26.2	39.6	23.5	-999.9	0.0	2.8	96662.5	-999.9
Koutiala	1991	4	22	112	26.0	38.7	23.7	-999.9	3.2	2.0	96660.5	-999.9
Koutiala	1991	4	23	113	26.8	40.4	24.7	-999.9	3.2	1.8	96640.8	-999.9
Koutiala	1991	4	24	114	27.7	38.1	20.7	-999.9	0.0	2.3	96699.1	-999.9
Koutiala	1991	4	25	115	28.7	40.7	24.4	-999.9	0.0	2.2	96521.8	-999.9
Koutiala	1991	4	26	116	27.3	40.4	25.3	-999.9	0.0	2.0	96421.7	-999.9
Koutiala	1991	4	27	117	27.9	39.1	23.5	-999.9	0.0	2.1	96417.9	-999.9
Koutiala	1991	4	28	118	26.8	38.0	24.0	-999.9	0.0	2.2	96516.5	-999.9
Koutiala	1991	4	29	119	27.3	37.6	22.7	-999.9	0.0	2.0	96636.5	-999.9
Koutiala	1991	4	30	120	27.0	36.4	20.9	-999.9	0.0	2.3	96798.1	-999.9
Koutiala	1991	5	1	121	26.5	38.0	22.8	-999.9	0.0	1.3	96674.7	-999.9
Koutiala	1991	5	2	122	26.9	39.7	25.6	-999.9	0.0	2.2	96544.7	-999.9
Koutiala	1991	5	3	123	25.4	39.0	25.0	-999.9	0.0	1.6	96577.9	-999.9
Koutiala	1991	5	4	124	26.4	38.3	23.4	-999.9	0.0	2.4	96610.8	-999.9
Koutiala	1991	5	5	125	27.6	37.2	22.0	-999.9	0.0	2.6	96733.7	-999.9
Koutiala	1991	5	6	126	27.4	36.4	22.8	-999.9	0.0	2.4	96722.3	-999.9
Koutiala	1991	5	7	127	27.0	37.7	23.8	-999.9	0.0	2.2	96646.0	-999.9
Koutiala	1991	5	8	128	28.2	37.6	22.0	-999.9	2.6	1.8	96705.8	-999.9
Koutiala	1991	5	9	129	26.8	36.2	20.4	-999.9	5.2	1.5	96750.3	-999.9
Koutiala	1991	5	10	130	27.3	38.3	22.8	-999.9	0.0	1.9	96702.5	-999.9
Koutiala	1991	5	11	131	26.2	36.8	21.4	-999.9	2.3	1.8	96676.6	-999.9
Koutiala	1991	5	12	132	27.5	37.4	23.4	-999.9	0.0	1.6	96594.4	-999.9
Koutiala	1991	5	13	133	27.4	37.9	23.8	-999.9	0.0	2.0	96609.7	-999.9
Koutiala	1991	5	14	134	24.6	37.6	22.8	-999.9	0.0	1.8	96586.5	-999.9
Koutiala	1991	5	15	135	27.9	36.5	22.1	-999.9	4.6	1.9	96625.5	-999.9
Koutiala	1991	5	16	136	27.8	34.3	21.0	-999.9	5.9	2.0	96755.5	-999.9
Koutiala	1991	5	17	137	25.4	34.2	19.7	-999.9	0.0	1.7	96870.9	-999.9
Koutiala	1991	5	18	138	25.6	36.0	22.7	-999.9	5.2	1.9	96764.0	-999.9
Koutiala	1991	5	19	139	25.1	33.2	18.2	-999.9	15.6	2.3	96638.7	-999.9
Koutiala	1991	5	20	140	25.9	33.6	22.4	-999.9	5.2	1.9	96671.6	-999.9
Koutiala	1991	5	21	141	25.8	33.8	19.5	-999.9	8.5	2.2	96908.2	-999.9
Koutiala	1991	5	22	142	24.4	33.8	24.0	-999.9	4.3	1.5	97029.1	-999.9
Koutiala	1991	5	23	143	25.2	34.0	22.4	-999.9	0.0	2.2	96798.9	-999.9
Koutiala	1991	5	24	144	25.6	33.7	22.2	-999.9	0.0	3.0	96497.3	-999.9
Koutiala	1991	5	25	145	24.3	33.9	23.9	-999.9	0.0	2.7	96550.8	-999.9
Koutiala	1991	5	26	146	24.3	34.2	23.6	-999.9	3.2	2.4	96702.4	-999.9
Koutiala	1991	5	27	147	25.6	33.5	22.0	-999.9	7.3	2.1	96788.3	-999.9
Koutiala	1991	5	28	148	25.0	33.5	21.4	-999.9	0.0	1.6	96686.9	-999.9
Koutiala	1991	5	29	149	24.3	29.9	16.1	-999.9	12.8	2.4	96693.0	-999.9
Koutiala	1991	5	30	150	23.2	29.4	16.8	-999.9	0.0	2.8	96875.5	-999.9
Koutiala	1991	5	31	151	23.0	32.5	23.7	-999.9	0.0	1.8	96891.2	-999.9
Koutiala	1991	6	1	152	23.9	34.4	23.6	-999.9	16.3	1.4	96784.0	-999.9
Koutiala	1991	6	2	153	24.6	31.4	18.9	-999.9	0.0	1.3	96886.1	-999.9
Koutiala	1991	6	3	154	24.1	34.4	24.1	-999.9	16.3	1.7	96922.8	-999.9
Koutiala	1991	6	4	155	24.2	32.9	17.0	-999.9	0.0	1.7	96863.5	-999.9
Koutiala	1991	6	5	156	25.2	37.7	25.2	-999.9	0.0	2.2	96682.5	-999.9
Koutiala	1991	6	6	157	25.6	36.2	25.2	-999.9	0.0	2.7	96824.6	-999.9
Koutiala	1991	6	7	158	26.2	35.3	23.4	-999.9	0.0	2.3	96943.3	-999.9
Koutiala	1991	6	8	159	25.8	35.5	24.3	-999.9	0.0	2.0	96891.1	-999.9
Koutiala	1991	6	9	160	26.2	36.3	24.0	-999.9	0.0	2.0	96892.7	-999.9
Koutiala	1991	6	10	161	26.5	37.2	23.0	-999.9	0.0	2.1	96896.3	-999.9
Koutiala	1991	6	11	162	26.2	36.5	21.2	-999.9	6.0	2.7	96853.1	-999.9
Koutiala	1991	6	12	163	26.3	35.2	21.9	-999.9	18.0	2.5	96799.2	-999.9
Koutiala	1991	6	13	164	24.8	32.5	21.0	-999.9	0.0	2.0	96877.2	-999.9
Koutiala	1991	6	14	165	25.4	33.6	23.4	-999.9	0.0	2.3	96890.7	-999.9
Koutiala	1991	6	15	166	24.9	34.8	24.2	-999.9	6.0	2.2	96905.2	-999.9
Koutiala	1991	6	16	167	25.3	32.1	19.5	-999.9	27.1	2.2	96909.4	-999.9
Koutiala	1991	6	17	168	24.2	33.9	24.7	-999.9	0.0	1.9	96991.8	-999.9
Koutiala	1991	6	18	169	25.3	35.7	24.8	-999.9	0.0	1.9	96930.3	-999.9
Koutiala	1991	6	19	170	26.0	36.2	23.8	-999.9	0.0	2.1	96860.1	-999.9
Koutiala	1991	6	20	171	26.4	35.7	24.0	-999.9	0.0	2.5	96877.1	-999.9
Koutiala	1991	6	21	172	25.3	31.6	16.0	-999.9	0.0	2.2	96984.5	-999.9
Koutiala	1991	6	22	173	23.9	31.7	19.3	-999.9	0.0	1.9	97039.0	-999.9
Koutiala	1991	6	23	174	24.2	31.6	20.1	-999.9	10.0	1.8	97191.4	-999.9
Koutiala	1991	6	24	175	24.1	32.1	20.5	-999.9	0.0	2.0	97050.4	-999.9
Koutiala	1991	6	25	176	24.7	34.3	24.6	-999.9	0.0	2.3	96820.3	-999.9
Koutiala	1991	6	26	177	25.4	32.3	22.0	-999.9	0.0	2.5	96887.5	-999.9
Koutiala	1991	6	27	178	25.2	32.9	23.4	-999.9	0.0	2.1	97021.9	-999.9
Koutiala	1991	6	28	179	24.0	31.6	21.7	-999.9	0.0	2.0	97008.4	-999.9
Koutiala	1991	6	29	180	23.6	32.7	23.1	-999.9	0.0	2.1	96982.9	-999.9
Koutiala	1991	6	30	181	24.0	34.5	24.6	-999.9	11.8	2.1	97014.5	-999.9
Koutiala	1991	7	1	182	24.2	34.1	23.7	-999.9	6.3	2.1	96981.7	-999.9
Koutiala	1991	7	2	183	23.9	32.7	22.9	-999.9	0.0	2.0	96970.7	-999.9
Koutiala	1991	7	3	184	22.8	31.2	19.9	-999.9	12.6	2.4	97003.7	-999.9
Koutiala	1991	7	4	185	23.8	30.2	19.1	-999.9	6.3	2.5	97154.0	-999.9
Koutiala	1991	7	5	186	23.3	31.9	22.9	-999.9	0.0	1.9	97119.2	-999.9
Koutiala	1991	7	6	187	22.8	32.7	22.9	-999.9	0.0	2.5	96968.3	-999.9
Koutiala	1991	7	7	188	23.7	31.3	23.0	-999.9	0.0	2.6	96892.7	-999.9
Koutiala	1991	7	8	189	24.1	31.2	21.0	-999.9	16.0	2.0	96995.6	-999.9
Koutiala	1991	7	9	190	23.4	30.6	20.9	-999.9	0.0	1.4	97005.2	-999.9
Koutiala	1991	7	10	191	23.1	30.4	18.9	-999.9	16.0	1.7	96937.3	-999.9
Koutiala	1991	7	11	192	22.5	28.9	17.0	-999.9	5.3	1.9	97042.9	-999.9
Koutiala	1991	7	12	193	22.2	30.9	23.3	-999.9	5.3	1.6	97039.9	-999.9
Koutiala	1991	7	13	194	23.9	31.6	23.0	-999.9	0.0	2.6	96913.6	-999.9
Koutiala	1991	7	14	195	22.7	32.0	19.7	-999.9	0.0	3.2	96808.6	-999.9
Koutiala	1991	7	15	196	22.5	28.9	13.3	-999.9	10.6	2.7	96885.7	-999.9
Koutiala	1991	7	16	197	22.6	28.4	15.8	-999.9	0.0	2.4	97094.4	-999.9
Koutiala	1991	7	17	198	22.0	29.9	21.6	-999.9	0.0	1.8	97243.1	-999.9
Koutiala	1991	7	18	199	23.7	30.3	18.6	-999.9	16.9	2.7	97063.1	-999.9
Koutiala	1991	7	19	200	23.4	29.4	18.2	-999.9	0.0	3.0	96883.1	-999.9
Koutiala	1991	7	20	201	23.4	30.2	21.3	-999.9	5.6	2.6	96969.5	-999.9
Koutiala	1991	7	21	202	23.7	29.5	18.2	-999.9	0.0	1.9	97047.5	-999.9
Koutiala	1991	7	22	203	22.8	29.8	20.3	-999.9	0.0	2.4	97111.4	-999.9
Koutiala	1991	7	23	204	22.7	28.2	16.7	-999.9	5.9	2.1	97122.2	-999.9
Koutiala	1991	7	24	205	21.8	29.9	21.0	-999.9	5.9	2.2	97022.2	-999.9
Koutiala	1991	7	25	206	22.8	29.7	20.1	-999.9	5.9	2.2	97068.4	-999.9
Koutiala	1991	7	26	207	22.6	28.0	14.9	-999.9	31.0	2.0	97146.7	-999.9
Koutiala	1991	7	27	208	22.0	27.9	19.6	-999.9	0.0	2.4	97244.9	-999.9
Koutiala	1991	7	28	209	21.8	28.8	20.9	-999.9	0.0	1.9	97165.8	-999.9
Koutiala	1991	7	29	210	22.2	29.7	21.1	-999.9	0.0	2.0	97054.2	-999.9
Koutiala	1991	7	30	211	22.7	29.4	19.0	-999.9	18.1	2.1	97088.2	-999.9
Koutiala	1991	7	31	212	22.2	29.7	19.8	-999.9	9.0	2.2	97099.5	-999.9
Koutiala	1991	8	1	213	21.9	27.2	14.6	-999.9	0.0	1.6	97067.0	-999.9
Koutiala	1991	8	2	214	21.4	29.9	19.3	-999.9	0.0	2.0	96946.8	-999.9
Koutiala	1991	8	3	215	22.9	30.3	18.8	-999.9	18.4	2.4	96957.4	-999.9
Koutiala	1991	8	4	216	22.7	30.0	18.8	-999.9	9.2	2.4	96951.4	-999.9
Koutiala	1991	8	5	217	22.5	28.5	16.6	-999.9	0.0	2.1	96951.6	-999.9
Koutiala	1991	8	6	218	22.5	28.9	19.4	-999.9	5.6	2.0	96970.4	-999.9
Koutiala	1991	8	7	219	22.4	25.5	10.0	-999.9	16.8	1.5	96938.6	-999.9
Koutiala	1991	8	8	220	22.0	28.2	16.9	-999.9	0.0	2.1	96901.5	-999.9
Koutiala	1991	8	9	221	22.2	28.9	19.5	-999.9	11.2	1.8	96901.1	-999.9
Koutiala	1991	8	10	222	22.0	28.4	17.1	-999.9	5.6	2.0	96944.1	-999.9
Koutiala	1991	8	11	223	22.4	29.9	19.3	-999.9	10.2	1.3	96891.9	-999.9
Koutiala	1991	8	12	224	22.5	26.5	13.3	-999.9	0.0	1.9	97061.9	-999.9
Koutiala	1991	8	13	225	21.6	28.4	17.3	-999.9	0.0	2.4	97203.5	-999.9
Koutiala	1991	8	14	226	22.1	30.2	22.2	-999.9	15.3	1.9	97092.0	-999.9
Koutiala	1991	8	15	227	22.2	28.6	18.1	-999.9	5.1	1.8	97134.1	-999.9
Koutiala	1991	8	16	228	22.0	29.0	20.8	-999.9	0.0	2.0	97162.3	-999.9
Koutiala	1991	8	17	229	22.8	28.6	19.1	-999.9	32.3	1.9	97103.1	-999.9
Koutiala	1991	8	18	230	22.3	23.2	6.3	-999.9	0.0	1.5	96997.0	-999.9
Koutiala	1991	8	19	231	21.7	26.1	11.9	-999.9	0.0	1.7	97068.7	-999.9
Koutiala	1991	8	20	232	21.7	28.4	18.6	-999.9	10.8	1.7	97172.1	-999.9
Koutiala	1991	8	21	233	21.9	28.9	19.3	-999.9	0.0	1.3	97139.4	-999.9
Koutiala	1991	8	22	234	22.1	28.9	20.8	-999.9	0.0	1.9	97117.6	-999.9
Koutiala	1991	8	23	235	21.9	29.2	21.0	-999.9	0.0	1.8	97228.0	-999.9
Koutiala	1991	8	24	236	21.5	28.8	17.5	-999.9	62.7	1.4	97281.8	-999.9
Koutiala	1991	8	25	237	22.6	29.8	22.4	-999.9	0.0	1.9	97084.6	-999.9
Koutiala	1991	8	26	238	22.9	30.4	21.9	-999.9	15.0	2.3	96973.3	-999.9
Koutiala	1991	8	27	239	22.3	28.8	19.0	-999.9	0.0	2.0	97123.1	-999.9
Koutiala	1991	8	28	240	22.0	28.5	18.1	-999.9	22.5	1.5	97178.4	-999.9
Koutiala	1991	8	29	241	21.8	29.0	20.0	-999.9	22.5	1.6	97099.3	-999.9
Koutiala	1991	8	30	242	22.3	28.1	18.3	-999.9	7.5	1.6	97080.0	-999.9
Koutiala	1991	8	31	243	22.0	27.1	13.7	-999.9	7.5	1.6	97076.6	-999.9
Koutiala	1991	9	1	244	21.3	28.1	17.0	-999.9	0.0	1.9	97132.3	-999.9
Koutiala	1991	9	2	245	21.7	29.3	20.4	-999.9	12.1	1.3	97230.1	-999.9
Koutiala	1991	9	3	246	21.9	28.2	17.2	-999.9	0.0	1.3	97217.4	-999.9
Koutiala	1991	9	4	247	21.2	29.2	20.3	-999.9	24.2	1.1	97120.2	-999.9
Koutiala	1991	9	5	248	22.2	29.3	20.8	-999.9	24.2	1.6	97130.4	-999.9
Koutiala	1991	9	6	249	22.3	30.7	22.6	-999.9	4.9	1.5	97194.8	-999.9
Koutiala	1991	9	7	250	22.5	28.4	17.4	-999.9	2.4	1.5	97312.2	-999.9
Koutiala	1991	9	8	251	22.3	29.1	19.6	-999.9	2.4	1.4	97255.9	-999.9
Koutiala	1991	9	9	252	22.5	30.3	22.8	-999.9	0.0	1.1	97192.5	-999.9
Koutiala	1991	9	10	253	23.3	29.9	19.4	-999.9	4.9	1.7	97171.2	-999.9
Koutiala	1991	9	11	254	22.6	29.8	19.1	-999.9	12.1	1.8	97154.9	-999.9
Koutiala	1991	9	12	255	22.6	30.5	21.7	-999.9	0.0	1.4	97055.1	-999.9
Koutiala	1991	9	13	256	22.7	29.7	21.3	-999.9	0.0	1.7	97021.7	-999.9
Koutiala	1991	9	14	257	22.6	30.9	23.3	-999.9	0.0	1.4	97035.6	-999.9
Koutiala	1991	9	15	258	22.6	30.0	22.1	-999.9	0.0	1.9	96891.6	-999.9
Koutiala	1991	9	16	259	22.6	32.2	23.3	-999.9	0.0	2.3	96821.5	-999.9
Koutiala	1991	9	17	260	22.5	30.8	20.5	-999.9	4.1	1.8	96880.9	-999.9
Koutiala	1991	9	18	261	22.8	30.3	22.5	-999.9	4.1	1.4	96929.0	-999.9
Koutiala	1991	9	19	262	22.4	26.4	12.5	-999.9	8.1	1.5	96959.7	-999.9
Koutiala	1991	9	20	263	21.0	30.0	22.8	-999.9	0.0	1.1	97027.3	-999.9
Koutiala	1991	9	21	264	22.3	30.3	19.4	-999.9	9.0	1.7	96997.0	-999.9
Koutiala	1991	9	22	265	22.0	32.0	22.6	-999.9	0.0	1.7	96834.9	-999.9
Koutiala	1991	9	23	266	24.0	30.3	19.3	-999.9	0.0	2.0	96875.6	-999.9
Koutiala	1991	9	24	267	23.1	30.5	20.7	-999.9	10.3	1.7	96915.3	-999.9
Koutiala	1991	9	25	268	22.4	29.4	17.9	-999.9	9.0	1.4	96887.9	-999.9
Koutiala	1991	9	26	269	22.3	30.7	21.8	-999.9	15.3	1.4	96899.8	-999.9
Koutiala	1991	9	27	270	22.0	31.8	22.9	-999.9	0.0	1.2	96977.6	-999.9
Koutiala	1991	9	28	271	23.0	30.9	21.4	-999.9	0.0	1.6	97024.3	-999.9
Koutiala	1991	9	29	272	23.8	31.6	22.7	-999.9	0.0	2.2	96807.1	-999.9
Koutiala	1991	9	30	273	23.3	31.7	21.1	-999.9	0.0	2.3	96734.9	-999.9
Koutiala	1991	10	1	274	22.8	30.2	18.9	-999.9	0.0	1.7	96801.1	-999.9
Koutiala	1991	10	2	275	22.9	30.7	21.5	-999.9	0.0	1.6	96729.3	-999.9
Koutiala	1991	10	3	276	22.2	29.6	20.2	-999.9	5.6	1.9	96733.2	-999.9
Koutiala	1991	10	4	277	22.9	27.8	15.4	-999.9	5.6	1.6	96662.7	-999.9
Koutiala	1991	10	5	278	22.2	28.6	17.4	-999.9	5.6	1.7	96783.7	-999.9
Koutiala	1991	10	6	279	21.5	27.3	14.8	-999.9	9.3	1.5	96940.5	-999.9
Koutiala	1991	10	7	280	21.6	28.7	19.3	-999.9	0.0	1.6	96966.4	-999.9
Koutiala	1991	10	8	281	22.5	30.0	21.0	-999.9	0.0	1.6	97007.0	-999.9
Koutiala	1991	10	9	282	22.9	30.4	21.7	-999.9	0.0	1.4	96991.6	-999.9
Koutiala	1991	10	10	283	21.6	30.3	21.3	-999.9	0.0	1.7	97122.5	-999.9
Koutiala	1991	10	11	284	21.9	29.8	19.0	-999.9	7.0	1.4	97162.3	-999.9
Koutiala	1991	10	12	285	22.4	28.6	16.6	-999.9	0.0	2.2	96996.8	-999.9
Koutiala	1991	10	13	286	23.2	29.4	19.3	-999.9	0.0	2.4	96969.7	-999.9
Koutiala	1991	10	14	287	22.8	28.8	18.2	-999.9	13.9	1.9	97015.7	-999.9
Koutiala	1991	10	15	288	21.5	29.5	15.8	-999.9	0.0	1.7	97034.2	-999.9
Koutiala	1991	10	16	289	21.3	29.6	20.7	-999.9	0.0	1.6	96990.0	-999.9
Koutiala	1991	10	17	290	22.2	30.2	21.5	-999.9	0.0	1.7	96952.4	-999.9
Koutiala	1991	10	18	291	21.3	28.6	18.6	-999.9	0.0	1.5	97060.6	-999.9
Koutiala	1991	10	19	292	21.2	28.8	18.7	-999.9	0.0	1.2	97104.2	-999.9
Koutiala	1991	10	20	293	21.0	31.4	22.9	-999.9	0.0	1.7	96889.6	-999.9
Koutiala	1991	10	21	294	19.2	31.6	22.6	-999.9	0.0	1.5	96810.5	-999.9
Koutiala	1991	10	22	295	21.4	30.9	21.3	-999.9	0.0	1.9	96934.3	-999.9
Koutiala	1991	10	23	296	21.3	31.1	21.6	-999.9	0.0	1.5	97047.4	-999.9
Koutiala	1991	10	24	297	21.6	30.8	21.1	-999.9	14.8	1.5	97018.5	-999.9
Koutiala	1991	10	25	298	22.6	31.1	19.5	-999.9	0.0	1.8	96907.0	-999.9
Koutiala	1991	10	26	299	22.3	32.4	20.9	-999.9	0.0	1.5	96814.4	-999.9
Koutiala	1991	10	27	300	20.9	32.2	20.0	-999.9	0.0	1.5	96863.7	-999.9
Koutiala	1991	10	28	301	20.5	32.9	21.1	-999.9	0.0	1.4	96910.9	-999.9
Koutiala	1991	10	29	302	20.2	33.5	21.2	-999.9	0.0	1.4	96918.9	-999.9
Koutiala	1991	10	30	303	20.7	33.8	20.4	-999.9	0.0	1.4	96872.1	-999.9
Koutiala	1991	10	31	304	19.6	33.6	21.4	-999.9	0.0	1.9	96838.3	-999.9
Koutiala	1991	11	1	305	22.0	33.0	19.2	-999.9	0.0	1.6	96914.5	-999.9
Koutiala	1991	11	2	306	22.8	33.6	18.0	-999.9	0.0	1.7	96951.5	-999.9
Koutiala	1991	11	3	307	24.0	34.7	20.3	-999.9	0.0	1.6	96882.0	-999.9
Koutiala	1991	11	4	308	21.7	35.6	21.8	-999.9	0.0	1.6	96809.9	-999.9
Koutiala	1991	11	5	309	20.5	35.3	21.7	-999.9	0.0	2.0	96781.5	-999.9
Koutiala	1991	11	6	310	23.6	34.7	20.8	-999.9	0.0	2.0	96927.7	-999.9
Koutiala	1991	11	7	311	20.6	35.0	21.9	-999.9	0.0	2.4	97034.8	-999.9
Koutiala	1991	11	8	312	19.9	35.2	22.1	-999.9	0.0	2.3	96934.6	-999.9
Koutiala	1991	11	9	313	18.9	34.5	22.0	-999.9	0.0	1.9	96786.1	-999.9
Koutiala	1991	11	10	314	18.5	34.1	21.8	-999.9	0.0	1.5	96740.2	-999.9
Koutiala	1991	11	11	315	20.3	34.2	21.4	-999.9	0.0	1.3	96803.4	-999.9
Koutiala	1991	11	12	316	19.4	34.1	21.3	-999.9	0.0	2.1	96888.2	-999.9
Koutiala	1991	11	13	317	19.6	34.5	21.7	-999.9	0.0	2.2	96905.6	-999.9
Koutiala	1991	11	14	318	20.9	34.0	21.3	-999.9	0.0	2.4	96905.1	-999.9
Koutiala	1991	11	15	319	19.7	33.4	20.8	-999.9	0.0	2.4	96858.8	-999.9
Koutiala	1991	11	16	320	18.1	31.3	16.0	-999.9	0.0	2.0	96818.5	-999.9
Koutiala	1991	11	17	321	19.2	31.5	17.5	-999.9	0.6	1.8	96937.2	-999.9
Koutiala	1991	11	18	322	17.7	33.0	21.1	-999.9	0.0	1.7	97057.8	-999.9
Koutiala	1991	11	19	323	19.2	33.5	19.9	-999.9	0.0	2.2	96992.4	-999.9
Koutiala	1991	11	20	324	18.3	33.3	20.5	-999.9	0.0	1.5	96951.0	-999.9
Koutiala	1991	11	21	325	19.7	33.3	19.9	-999.9	0.0	1.1	96919.8	-999.9
Koutiala	1991	11	22	326	22.1	33.3	19.7	-999.9	0.0	2.1	96864.2	-999.9
Koutiala	1991	11	23	327	19.5	33.9	20.8	-999.9	0.0	2.0	96888.7	-999.9
Koutiala	1991	11	24	328	20.9	34.0	20.5	-999.9	0.0	2.6	96921.0	-999.9
Koutiala	1991	11	25	329	20.2	34.3	21.0	-999.9	0.0	2.7	96903.3	-999.9
Koutiala	1991	11	26	330	19.6	33.9	20.5	-999.9	0.0	2.2	96927.4	-999.9
Koutiala	1991	11	27	331	18.2	33.2	21.0	-999.9	0.0	2.0	96965.6	-999.9
Koutiala	1991	11	28	332	17.7	32.9	20.7	-999.9	0.0	1.8	96957.0	-999.9
Koutiala	1991	11	29	333	19.8	33.6	20.2	-999.9	0.0	1.3	96957.4	-999.9
Koutiala	1991	11	30	334	18.9	33.6	20.3	-999.9	0.0	1.6	96935.7	-999.9
Koutiala	1991	12	1	335	18.0	33.2	20.7	-999.9	0.0	1.8	96913.8	-999.9
Koutiala	1991	12	2	336	17.5	33.3	20.6	-999.9	0.0	2.0	96900.9	-999.9
Koutiala	1991	12	3	337	16.4	32.5	20.7	-999.9	0.0	1.8	96882.6	-999.9
Koutiala	1991	12	4	338	16.1	33.0	20.6	-999.9	0.0	1.7	96887.8	-999.9
Koutiala	1991	12	5	339	19.1	32.7	19.6	-999.9	0.0	2.2	96862.4	-999.9
Koutiala	1991	12	6	340	19.3	33.4	19.3	-999.9	0.0	1.7	96793.3	-999.9
Koutiala	1991	12	7	341	20.7	32.2	17.0	-999.9	0.0	2.1	96824.2	-999.9
Koutiala	1991	12	8	342	17.7	33.6	19.4	-999.9	0.0	1.7	96766.9	-999.9
Koutiala	1991	12	9	343	17.1	33.2	19.2	-999.9	0.0	1.9	96728.4	-999.9
Koutiala	1991	12	10	344	18.2	32.7	20.1	-999.9	0.0	2.1	96774.6	-999.9
Koutiala	1991	12	11	345	18.5	32.6	19.7	-999.9	0.0	2.4	96846.4	-999.9
Koutiala	1991	12	12	346	18.2	32.3	19.9	-999.9	0.0	2.6	96909.7	-999.9
Koutiala	1991	12	13	347	19.7	32.5	20.0	-999.9	0.0	2.9	96984.0	-999.9
Koutiala	1991	12	14	348	20.5	32.4	20.2	-999.9	0.0	3.0	97020.6	-999.9
Koutiala	1991	12	15	349	19.2	31.1	20.1	-999.9	0.0	2.9	97049.5	-999.9
Koutiala	1991	12	16	350	17.8	29.9	20.0	-999.9	0.0	2.6	97081.7	-999.9
Koutiala	1991	12	17	351	16.6	29.2	20.0	-999.9	0.0	2.3	96994.4	-999.9
Koutiala	1991	12	18	352	15.7	29.8	20.0	-999.9	0.0	1.9	96996.6	-999.9
Koutiala	1991	12	19	353	17.1	30.8	19.6	-999.9	0.0	1.9	97088.3	-999.9
Koutiala	1991	12	20	354	18.7	30.8	19.9	-999.9	0.0	2.4	97171.2	-999.9
Koutiala	1991	12	21	355	18.5	30.6	19.9	-999.9	0.0	2.5	97160.1	-999.9
Koutiala	1991	12	22	356	18.6	30.5	19.6	-999.9	0.0	2.6	97141.8	-999.9
Koutiala	1991	12	23	357	18.2	29.8	20.2	-999.9	0.0	2.7	97145.6	-999.9
Koutiala	1991	12	24	358	16.2	28.6	20.5	-999.9	0.0	2.5	97233.9	-999.9
Koutiala	1991	12	25	359	15.6	29.3	20.1	-999.9	0.0	2.2	97211.4	-999.9
Koutiala	1991	12	26	360	16.6	31.1	20.1	-999.9	0.0	1.9	97130.0	-999.9
Koutiala	1991	12	27	361	16.9	31.0	20.1	-999.9	0.0	2.1	97066.1	-999.9
Koutiala	1991	12	28	362	17.5	31.3	19.9	-999.9	0.3	2.0	97011.1	-999.9
Koutiala	1991	12	29	363	17.7	31.4	20.0	-999.9	0.3	2.3	97079.5	-999.9
Koutiala	1991	12	30	364	17.3	30.0	19.9	-999.9	0.0	2.6	97233.2	-999.9
Koutiala	1991	12	31	365	16.4	30.1	20.3	-999.9	0.3	2.5	97160.0	-999.9
