Koutiala	2001	1	1	1	15.8	34.0	21.0	-999.9	0.0	2.1	96929.7	-999.9
Koutiala	2001	1	2	2	16.4	33.6	20.7	-999.9	0.0	2.0	96916.0	-999.9
Koutiala	2001	1	3	3	20.6	32.5	17.5	-999.9	0.7	2.5	97036.4	-999.9
Koutiala	2001	1	4	4	19.0	32.5	20.3	-999.9	0.0	2.7	97043.5	-999.9
Koutiala	2001	1	5	5	17.4	31.7	20.9	-999.9	0.0	2.3	97052.0	-999.9
Koutiala	2001	1	6	6	16.6	31.9	20.7	-999.9	0.0	1.9	97003.6	-999.9
Koutiala	2001	1	7	7	17.0	33.2	20.4	-999.9	0.0	2.0	96917.8	-999.9
Koutiala	2001	1	8	8	17.4	33.4	20.8	-999.9	0.0	2.1	96900.3	-999.9
Koutiala	2001	1	9	9	17.1	32.8	20.8	-999.9	0.0	2.0	96882.4	-999.9
Koutiala	2001	1	10	10	17.5	32.2	21.2	-999.9	0.0	2.2	96896.6	-999.9
Koutiala	2001	1	11	11	16.7	32.9	21.3	-999.9	0.0	2.0	96909.3	-999.9
Koutiala	2001	1	12	12	16.7	33.0	21.4	-999.9	0.0	1.9	96898.9	-999.9
Koutiala	2001	1	13	13	16.3	33.3	21.5	-999.9	0.0	1.9	96876.0	-999.9
Koutiala	2001	1	14	14	17.2	32.5	21.7	-999.9	0.0	2.1	96855.5	-999.9
Koutiala	2001	1	15	15	16.5	32.2	21.6	-999.9	0.0	2.0	96842.0	-999.9
Koutiala	2001	1	16	16	16.4	32.9	21.6	-999.9	0.0	2.1	96936.5	-999.9
Koutiala	2001	1	17	17	17.0	33.0	21.6	-999.9	0.0	2.3	97012.4	-999.9
Koutiala	2001	1	18	18	17.3	32.8	21.8	-999.9	0.0	2.5	97005.8	-999.9
Koutiala	2001	1	19	19	17.0	33.2	21.9	-999.9	0.0	2.6	97045.0	-999.9
Koutiala	2001	1	20	20	18.4	32.4	22.0	-999.9	0.0	2.8	97138.9	-999.9
Koutiala	2001	1	21	21	17.2	32.0	22.0	-999.9	0.0	2.6	97108.6	-999.9
Koutiala	2001	1	22	22	17.2	31.9	22.1	-999.9	0.0	2.5	97069.3	-999.9
Koutiala	2001	1	23	23	17.1	32.2	22.0	-999.9	0.0	2.5	97105.0	-999.9
Koutiala	2001	1	24	24	16.7	31.5	22.1	-999.9	0.0	2.5	97189.7	-999.9
Koutiala	2001	1	25	25	16.6	31.6	22.0	-999.9	0.0	2.4	97211.9	-999.9
Koutiala	2001	1	26	26	17.2	31.5	21.9	-999.9	0.0	2.4	97175.7	-999.9
Koutiala	2001	1	27	27	16.0	31.0	22.0	-999.9	0.0	2.4	97140.0	-999.9
Koutiala	2001	1	28	28	15.3	30.9	22.2	-999.9	0.0	2.3	97044.0	-999.9
Koutiala	2001	1	29	29	15.8	31.6	22.2	-999.9	0.0	2.2	96899.7	-999.9
Koutiala	2001	1	30	30	16.5	33.0	22.1	-999.9	0.0	2.2	96859.6	-999.9
Koutiala	2001	1	31	31	15.8	33.8	22.0	-999.9	0.0	2.2	96838.6	-999.9
Koutiala	2001	2	1	32	18.5	33.5	22.1	-999.9	0.2	2.6	96835.6	-999.9
Koutiala	2001	2	2	33	17.6	33.1	22.3	-999.9	0.0	2.7	96812.5	-999.9
Koutiala	2001	2	3	34	17.5	33.9	22.5	-999.9	0.0	2.5	96845.7	-999.9
Koutiala	2001	2	4	35	18.2	35.0	22.4	-999.9	0.0	2.4	96834.0	-999.9
Koutiala	2001	2	5	36	19.5	35.2	22.4	-999.9	0.0	2.8	96896.5	-999.9
Koutiala	2001	2	6	37	19.9	34.1	22.3	-999.9	0.0	2.8	96982.2	-999.9
Koutiala	2001	2	7	38	18.2	32.7	22.5	-999.9	0.0	2.4	96997.7	-999.9
Koutiala	2001	2	8	39	17.4	33.2	22.9	-999.9	0.0	2.3	96907.9	-999.9
Koutiala	2001	2	9	40	18.4	33.3	22.9	-999.9	0.0	2.8	96865.8	-999.9
Koutiala	2001	2	10	41	18.5	32.7	23.2	-999.9	0.0	3.2	97004.9	-999.9
Koutiala	2001	2	11	42	18.1	32.1	23.0	-999.9	0.0	3.3	97068.1	-999.9
Koutiala	2001	2	12	43	18.5	31.2	22.7	-999.9	0.0	3.3	97141.7	-999.9
Koutiala	2001	2	13	44	16.9	30.4	23.7	-999.9	0.0	3.3	97176.1	-999.9
Koutiala	2001	2	14	45	15.4	28.7	23.4	-999.9	0.0	3.0	97099.8	-999.9
Koutiala	2001	2	15	46	15.4	29.7	23.4	-999.9	0.0	2.5	97023.6	-999.9
Koutiala	2001	2	16	47	15.7	31.2	23.4	-999.9	0.0	2.1	97018.0	-999.9
Koutiala	2001	2	17	48	15.0	32.6	23.4	-999.9	0.0	2.0	97012.3	-999.9
Koutiala	2001	2	18	49	16.2	33.9	22.6	-999.9	0.0	2.3	96964.9	-999.9
Koutiala	2001	2	19	50	18.4	34.8	23.6	-999.9	0.0	2.4	96972.6	-999.9
Koutiala	2001	2	20	51	18.8	35.2	21.9	-999.9	0.3	2.6	96941.2	-999.9
Koutiala	2001	2	21	52	19.8	36.3	23.0	-999.9	0.0	3.0	96970.7	-999.9
Koutiala	2001	2	22	53	21.1	35.5	21.9	-999.9	0.5	3.0	96898.0	-999.9
Koutiala	2001	2	23	54	20.0	35.8	23.8	-999.9	0.0	2.5	96716.8	-999.9
Koutiala	2001	2	24	55	19.8	36.3	23.9	-999.9	0.0	2.5	96595.3	-999.9
Koutiala	2001	2	25	56	19.0	36.7	23.9	-999.9	0.0	2.2	96572.0	-999.9
Koutiala	2001	2	26	57	19.7	37.5	23.8	-999.9	0.0	2.4	96612.0	-999.9
Koutiala	2001	2	27	58	22.2	37.0	23.8	-999.9	0.0	3.0	96662.0	-999.9
Koutiala	2001	2	28	59	21.4	34.5	23.8	-999.9	0.0	2.7	96730.8	-999.9
Koutiala	2001	3	1	60	19.5	35.0	24.1	-999.9	0.0	2.6	96797.6	-999.9
Koutiala	2001	3	2	61	19.8	36.6	24.2	-999.9	0.0	2.3	96901.2	-999.9
Koutiala	2001	3	3	62	20.8	37.8	24.4	-999.9	0.0	2.5	96886.5	-999.9
Koutiala	2001	3	4	63	21.7	38.6	24.4	-999.9	0.0	2.5	96758.0	-999.9
Koutiala	2001	3	5	64	21.6	38.6	24.1	-999.9	0.0	2.6	96762.6	-999.9
Koutiala	2001	3	6	65	24.2	39.1	24.5	-999.9	0.0	2.6	96909.4	-999.9
Koutiala	2001	3	7	66	22.8	37.2	25.5	-999.9	0.0	3.0	96894.1	-999.9
Koutiala	2001	3	8	67	20.6	36.4	25.5	-999.9	0.0	2.2	96791.2	-999.9
Koutiala	2001	3	9	68	17.9	36.8	25.6	-999.9	0.0	2.0	96725.5	-999.9
Koutiala	2001	3	10	69	18.4	37.4	25.5	-999.9	0.0	2.2	96734.0	-999.9
Koutiala	2001	3	11	70	18.1	37.4	25.5	-999.9	0.0	2.2	96764.9	-999.9
Koutiala	2001	3	12	71	21.2	37.3	25.1	-999.9	0.0	2.4	96722.3	-999.9
Koutiala	2001	3	13	72	20.7	37.1	23.0	-999.9	0.0	1.4	96557.9	-999.9
Koutiala	2001	3	14	73	25.3	36.3	20.4	-999.9	0.0	2.5	96528.0	-999.9
Koutiala	2001	3	15	74	25.6	36.2	21.4	-999.9	0.0	2.0	96650.2	-999.9
Koutiala	2001	3	16	75	25.1	36.2	21.9	-999.9	0.0	1.5	96746.8	-999.9
Koutiala	2001	3	17	76	25.4	38.0	23.3	-999.9	0.0	1.9	96537.4	-999.9
Koutiala	2001	3	18	77	22.2	37.6	24.7	-999.9	0.0	2.1	96511.7	-999.9
Koutiala	2001	3	19	78	21.5	37.2	23.5	-999.9	0.0	1.5	96656.5	-999.9
Koutiala	2001	3	20	79	23.1	38.0	25.6	-999.9	0.0	1.8	96771.2	-999.9
Koutiala	2001	3	21	80	22.0	38.5	25.7	-999.9	0.0	2.3	96638.9	-999.9
Koutiala	2001	3	22	81	22.5	38.4	25.5	-999.9	0.0	1.8	96490.1	-999.9
Koutiala	2001	3	23	82	20.7	38.2	24.5	-999.9	0.0	2.1	96551.5	-999.9
Koutiala	2001	3	24	83	26.9	37.1	21.6	-999.9	0.0	2.0	96643.8	-999.9
Koutiala	2001	3	25	84	24.5	37.8	24.7	-999.9	0.0	1.8	96638.9	-999.9
Koutiala	2001	3	26	85	22.1	38.5	25.4	-999.9	0.0	1.5	96551.3	-999.9
Koutiala	2001	3	27	86	23.2	38.5	25.6	-999.9	0.0	1.7	96485.3	-999.9
Koutiala	2001	3	28	87	21.8	38.3	23.8	-999.9	0.0	1.9	96472.0	-999.9
Koutiala	2001	3	29	88	24.0	38.2	23.8	-999.9	0.0	2.1	96537.6	-999.9
Koutiala	2001	3	30	89	26.4	37.5	22.2	-999.9	0.0	1.8	96542.5	-999.9
Koutiala	2001	3	31	90	25.8	38.2	24.6	-999.9	0.0	1.7	96447.3	-999.9
Koutiala	2001	4	1	91	22.0	38.6	26.1	-999.9	0.0	2.2	96576.9	-999.9
Koutiala	2001	4	2	92	23.9	38.2	26.2	-999.9	0.0	2.4	96640.8	-999.9
Koutiala	2001	4	3	93	23.7	37.2	24.9	-999.9	0.0	1.7	96597.5	-999.9
Koutiala	2001	4	4	94	21.2	37.4	24.1	-999.9	0.0	2.0	96583.5	-999.9
Koutiala	2001	4	5	95	23.2	37.3	22.6	-999.9	0.0	1.7	96670.0	-999.9
Koutiala	2001	4	6	96	24.6	38.2	24.3	-999.9	8.2	2.5	96714.4	-999.9
Koutiala	2001	4	7	97	26.5	36.2	20.7	-999.9	4.1	1.9	96824.8	-999.9
Koutiala	2001	4	8	98	24.5	37.5	23.7	-999.9	0.0	2.4	96776.1	-999.9
Koutiala	2001	4	9	99	25.6	39.3	26.1	-999.9	0.0	2.9	96603.2	-999.9
Koutiala	2001	4	10	100	22.1	39.1	26.3	-999.9	0.0	1.7	96510.4	-999.9
Koutiala	2001	4	11	101	23.2	38.7	24.9	-999.9	0.0	1.9	96473.3	-999.9
Koutiala	2001	4	12	102	24.6	38.7	23.9	-999.9	0.0	2.0	96483.3	-999.9
Koutiala	2001	4	13	103	28.0	37.7	22.9	-999.9	0.0	2.1	96524.5	-999.9
Koutiala	2001	4	14	104	25.9	38.6	24.0	-999.9	0.0	2.5	96549.8	-999.9
Koutiala	2001	4	15	105	26.3	39.4	25.2	-999.9	0.0	1.8	96555.1	-999.9
Koutiala	2001	4	16	106	26.0	39.8	25.1	-999.9	0.0	1.9	96648.1	-999.9
Koutiala	2001	4	17	107	26.8	38.5	24.3	-999.9	0.0	2.2	96664.7	-999.9
Koutiala	2001	4	18	108	27.9	38.1	23.5	-999.9	2.4	2.8	96565.5	-999.9
Koutiala	2001	4	19	109	26.2	36.9	19.4	-999.9	4.8	3.0	96679.7	-999.9
Koutiala	2001	4	20	110	27.5	37.2	21.8	-999.9	2.4	2.1	96764.3	-999.9
Koutiala	2001	4	21	111	25.8	38.2	24.4	-999.9	0.0	1.9	96679.6	-999.9
Koutiala	2001	4	22	112	24.5	37.9	25.7	-999.9	3.8	1.5	96537.0	-999.9
Koutiala	2001	4	23	113	26.5	37.9	23.9	-999.9	0.0	2.1	96489.8	-999.9
Koutiala	2001	4	24	114	24.8	37.7	26.0	-999.9	0.0	2.0	96659.0	-999.9
Koutiala	2001	4	25	115	24.1	39.0	26.1	-999.9	0.0	2.0	96685.9	-999.9
Koutiala	2001	4	26	116	26.9	39.2	25.1	-999.9	0.0	1.7	96716.2	-999.9
Koutiala	2001	4	27	117	25.8	40.1	25.1	-999.9	0.0	1.6	96618.2	-999.9
Koutiala	2001	4	28	118	27.6	40.0	25.2	-999.9	0.0	1.8	96534.0	-999.9
Koutiala	2001	4	29	119	28.0	39.2	24.7	-999.9	0.0	2.4	96461.3	-999.9
Koutiala	2001	4	30	120	28.0	38.7	23.0	-999.9	1.8	3.4	96554.3	-999.9
Koutiala	2001	5	1	121	27.0	37.2	22.1	-999.9	0.0	2.7	96790.4	-999.9
Koutiala	2001	5	2	122	26.2	37.3	20.9	-999.9	5.0	1.7	96901.3	-999.9
Koutiala	2001	5	3	123	26.6	37.6	23.1	-999.9	0.0	1.6	96665.5	-999.9
Koutiala	2001	5	4	124	26.8	37.2	21.3	-999.9	2.5	1.8	96564.1	-999.9
Koutiala	2001	5	5	125	26.5	38.4	22.6	-999.9	5.0	1.9	96649.3	-999.9
Koutiala	2001	5	6	126	26.3	39.2	25.5	-999.9	0.0	2.2	96709.1	-999.9
Koutiala	2001	5	7	127	26.2	38.0	23.3	-999.9	0.0	1.8	96694.9	-999.9
Koutiala	2001	5	8	128	27.7	38.7	24.0	-999.9	2.8	1.9	96616.1	-999.9
Koutiala	2001	5	9	129	28.7	39.3	24.2	-999.9	0.0	2.5	96612.9	-999.9
Koutiala	2001	5	10	130	28.7	38.5	22.5	-999.9	0.0	2.1	96531.6	-999.9
Koutiala	2001	5	11	131	29.0	39.6	23.8	-999.9	2.9	2.1	96568.9	-999.9
Koutiala	2001	5	12	132	28.2	38.9	25.0	-999.9	1.5	2.5	96688.2	-999.9
Koutiala	2001	5	13	133	27.9	38.8	24.0	-999.9	0.0	2.6	96735.2	-999.9
Koutiala	2001	5	14	134	28.2	39.7	24.5	-999.9	0.0	2.5	96569.8	-999.9
Koutiala	2001	5	15	135	28.0	38.8	23.6	-999.9	0.0	3.1	96555.9	-999.9
Koutiala	2001	5	16	136	26.8	37.5	22.0	-999.9	3.9	2.3	96758.9	-999.9
Koutiala	2001	5	17	137	27.7	37.9	24.3	-999.9	1.9	2.2	96792.5	-999.9
Koutiala	2001	5	18	138	29.0	38.1	22.6	-999.9	3.9	2.1	96746.6	-999.9
Koutiala	2001	5	19	139	25.5	34.2	20.0	-999.9	3.9	2.8	96795.9	-999.9
Koutiala	2001	5	20	140	26.6	35.0	21.2	-999.9	3.9	2.2	96791.8	-999.9
Koutiala	2001	5	21	141	26.1	34.6	20.7	-999.9	0.0	1.9	96839.5	-999.9
Koutiala	2001	5	22	142	25.7	36.4	23.2	-999.9	0.0	1.5	96801.6	-999.9
Koutiala	2001	5	23	143	25.0	35.4	23.3	-999.9	0.0	1.8	96927.3	-999.9
Koutiala	2001	5	24	144	26.0	36.7	23.5	-999.9	2.6	2.3	96907.4	-999.9
Koutiala	2001	5	25	145	27.0	38.1	22.2	-999.9	0.0	3.0	96737.5	-999.9
Koutiala	2001	5	26	146	26.3	37.8	23.7	-999.9	0.0	2.3	96690.3	-999.9
Koutiala	2001	5	27	147	26.1	38.0	24.6	-999.9	0.0	2.5	96755.3	-999.9
Koutiala	2001	5	28	148	26.3	36.7	24.0	-999.9	0.0	2.2	96918.0	-999.9
Koutiala	2001	5	29	149	26.1	37.0	24.5	-999.9	5.5	2.8	96885.0	-999.9
Koutiala	2001	5	30	150	25.2	36.4	24.6	-999.9	0.0	2.8	96753.0	-999.9
Koutiala	2001	5	31	151	25.8	36.3	23.4	-999.9	0.0	2.9	96726.1	-999.9
Koutiala	2001	6	1	152	25.8	34.8	22.6	-999.9	0.0	1.9	96816.1	-999.9
Koutiala	2001	6	2	153	25.9	35.7	23.3	-999.9	0.0	2.0	96841.5	-999.9
Koutiala	2001	6	3	154	26.1	37.2	24.2	-999.9	10.3	2.3	96768.6	-999.9
Koutiala	2001	6	4	155	26.2	35.9	23.8	-999.9	0.0	2.4	96852.3	-999.9
Koutiala	2001	6	5	156	26.8	36.2	23.5	-999.9	0.0	2.5	96831.2	-999.9
Koutiala	2001	6	6	157	26.2	35.5	21.6	-999.9	0.0	2.4	96866.7	-999.9
Koutiala	2001	6	7	158	25.0	35.7	24.6	-999.9	6.4	2.2	96890.5	-999.9
Koutiala	2001	6	8	159	24.9	35.2	22.6	-999.9	12.9	1.9	96958.4	-999.9
Koutiala	2001	6	9	160	24.5	34.3	23.4	-999.9	0.0	2.0	96951.1	-999.9
Koutiala	2001	6	10	161	24.4	34.7	24.0	-999.9	0.0	2.9	96871.7	-999.9
Koutiala	2001	6	11	162	25.2	33.8	23.2	-999.9	10.3	2.7	96801.5	-999.9
Koutiala	2001	6	12	163	24.7	34.5	23.9	-999.9	0.0	2.2	96826.7	-999.9
Koutiala	2001	6	13	164	24.9	34.4	24.0	-999.9	10.3	2.0	96874.6	-999.9
Koutiala	2001	6	14	165	23.8	34.6	23.9	-999.9	5.2	2.4	96809.1	-999.9
Koutiala	2001	6	15	166	25.4	35.0	23.1	-999.9	5.2	3.8	96720.3	-999.9
Koutiala	2001	6	16	167	24.7	33.8	22.1	-999.9	0.0	2.7	96824.8	-999.9
Koutiala	2001	6	17	168	25.6	33.9	22.1	-999.9	8.4	2.2	96827.4	-999.9
Koutiala	2001	6	18	169	24.6	33.9	23.1	-999.9	0.0	2.2	96780.2	-999.9
Koutiala	2001	6	19	170	25.4	35.4	24.4	-999.9	0.0	2.1	96793.0	-999.9
Koutiala	2001	6	20	171	26.4	35.4	23.2	-999.9	4.2	2.4	96845.4	-999.9
Koutiala	2001	6	21	172	25.7	34.5	21.6	-999.9	4.7	2.5	96927.6	-999.9
Koutiala	2001	6	22	173	22.5	30.1	17.6	-999.9	14.2	1.8	97075.2	-999.9
Koutiala	2001	6	23	174	23.4	30.8	22.1	-999.9	4.7	1.6	97070.0	-999.9
Koutiala	2001	6	24	175	23.0	29.1	17.0	-999.9	14.2	1.9	97169.9	-999.9
Koutiala	2001	6	25	176	22.9	31.7	21.9	-999.9	9.5	1.8	97212.5	-999.9
Koutiala	2001	6	26	177	23.3	32.1	24.2	-999.9	0.0	1.6	97203.8	-999.9
Koutiala	2001	6	27	178	24.4	32.2	23.0	-999.9	4.3	1.8	97081.7	-999.9
Koutiala	2001	6	28	179	23.1	30.5	19.0	-999.9	4.3	2.2	97092.2	-999.9
Koutiala	2001	6	29	180	24.3	32.3	24.0	-999.9	0.0	1.5	97044.2	-999.9
Koutiala	2001	6	30	181	22.9	31.6	23.0	-999.9	4.3	1.8	96957.3	-999.9
Koutiala	2001	7	1	182	24.6	32.8	24.1	-999.9	7.9	2.1	96922.0	-999.9
Koutiala	2001	7	2	183	22.2	31.8	22.3	-999.9	7.9	1.5	97087.0	-999.9
Koutiala	2001	7	3	184	22.7	31.0	20.9	-999.9	0.0	2.1	97081.8	-999.9
Koutiala	2001	7	4	185	22.3	30.9	22.6	-999.9	0.0	2.3	97035.9	-999.9
Koutiala	2001	7	5	186	22.6	31.2	21.4	-999.9	7.9	2.1	97061.1	-999.9
Koutiala	2001	7	6	187	23.3	28.7	14.2	-999.9	11.6	2.2	97065.0	-999.9
Koutiala	2001	7	7	188	23.0	30.4	21.6	-999.9	7.8	1.8	97031.1	-999.9
Koutiala	2001	7	8	189	22.9	31.2	23.3	-999.9	0.0	1.9	97065.0	-999.9
Koutiala	2001	7	9	190	23.9	31.0	22.6	-999.9	0.0	2.2	96932.1	-999.9
Koutiala	2001	7	10	191	24.5	30.7	20.3	-999.9	0.0	2.1	96864.2	-999.9
Koutiala	2001	7	11	192	23.8	30.5	18.1	-999.9	15.7	2.1	96941.1	-999.9
Koutiala	2001	7	12	193	23.1	30.2	21.3	-999.9	5.2	1.7	97046.0	-999.9
Koutiala	2001	7	13	194	23.2	31.4	21.5	-999.9	0.0	1.8	96953.9	-999.9
Koutiala	2001	7	14	195	24.4	32.9	23.8	-999.9	0.0	2.7	96740.8	-999.9
Koutiala	2001	7	15	196	24.8	31.3	16.5	-999.9	15.7	3.1	96776.6	-999.9
Koutiala	2001	7	16	197	22.2	28.1	15.2	-999.9	1.6	2.7	96992.8	-999.9
Koutiala	2001	7	17	198	22.2	27.3	14.0	-999.9	4.8	1.8	97127.0	-999.9
Koutiala	2001	7	18	199	21.6	29.0	20.2	-999.9	1.6	1.6	97094.9	-999.9
Koutiala	2001	7	19	200	22.9	29.8	21.8	-999.9	0.0	2.5	96981.3	-999.9
Koutiala	2001	7	20	201	22.4	29.4	17.5	-999.9	8.0	2.4	96900.9	-999.9
Koutiala	2001	7	21	202	23.3	29.4	18.9	-999.9	0.0	2.1	96834.7	-999.9
Koutiala	2001	7	22	203	22.3	29.1	19.1	-999.9	20.1	1.8	96861.3	-999.9
Koutiala	2001	7	23	204	22.3	28.3	15.1	-999.9	13.4	2.2	96847.1	-999.9
Koutiala	2001	7	24	205	21.8	28.9	16.2	-999.9	6.7	2.1	96881.3	-999.9
Koutiala	2001	7	25	206	22.5	29.3	18.8	-999.9	13.4	2.3	96950.9	-999.9
Koutiala	2001	7	26	207	21.9	26.8	12.7	-999.9	7.1	2.1	97003.1	-999.9
Koutiala	2001	7	27	208	21.4	27.5	16.1	-999.9	21.2	2.1	97082.8	-999.9
Koutiala	2001	7	28	209	22.7	29.1	18.1	-999.9	0.0	2.3	97073.3	-999.9
Koutiala	2001	7	29	210	23.5	30.4	20.9	-999.9	7.1	2.6	96881.8	-999.9
Koutiala	2001	7	30	211	22.0	25.6	7.9	-999.9	28.3	2.1	96911.2	-999.9
Koutiala	2001	7	31	212	21.7	27.3	17.3	-999.9	0.0	2.5	97238.3	-999.9
Koutiala	2001	8	1	213	21.8	28.7	19.6	-999.9	8.8	2.0	97321.6	-999.9
Koutiala	2001	8	2	214	22.2	26.7	13.5	-999.9	8.8	1.9	97095.8	-999.9
Koutiala	2001	8	3	215	22.1	29.3	19.5	-999.9	0.0	2.5	96940.1	-999.9
Koutiala	2001	8	4	216	22.4	28.7	19.5	-999.9	0.0	2.5	97050.7	-999.9
Koutiala	2001	8	5	217	22.5	27.5	14.3	-999.9	17.6	1.2	97206.0	-999.9
Koutiala	2001	8	6	218	20.9	29.6	21.4	-999.9	0.0	1.1	97197.1	-999.9
Koutiala	2001	8	7	219	22.7	28.8	15.6	-999.9	31.6	2.4	97088.1	-999.9
Koutiala	2001	8	8	220	22.9	28.4	16.7	-999.9	21.1	2.4	97033.5	-999.9
Koutiala	2001	8	9	221	22.2	28.2	19.0	-999.9	0.0	2.0	97182.9	-999.9
Koutiala	2001	8	10	222	21.9	29.0	19.9	-999.9	0.0	1.6	97205.3	-999.9
Koutiala	2001	8	11	223	22.2	29.8	22.4	-999.9	0.0	1.5	97202.0	-999.9
Koutiala	2001	8	12	224	23.6	30.0	22.0	-999.9	3.7	2.3	97029.6	-999.9
Koutiala	2001	8	13	225	22.4	26.7	11.0	-999.9	7.5	2.4	96997.2	-999.9
Koutiala	2001	8	14	226	22.2	28.4	17.1	-999.9	0.0	1.7	97092.8	-999.9
Koutiala	2001	8	15	227	22.1	29.3	20.3	-999.9	3.7	1.5	97256.9	-999.9
Koutiala	2001	8	16	228	22.5	28.6	17.2	-999.9	0.0	1.7	97269.0	-999.9
Koutiala	2001	8	17	229	22.1	28.9	14.8	-999.9	0.0	2.1	97228.1	-999.9
Koutiala	2001	8	18	230	23.4	30.5	22.0	-999.9	0.0	2.1	97066.0	-999.9
Koutiala	2001	8	19	231	24.2	29.9	17.6	-999.9	40.6	2.2	96950.2	-999.9
Koutiala	2001	8	20	232	23.0	25.4	8.0	-999.9	13.5	1.8	97080.8	-999.9
Koutiala	2001	8	21	233	22.1	29.5	20.2	-999.9	6.9	1.4	97151.2	-999.9
Koutiala	2001	8	22	234	23.1	28.5	16.1	-999.9	0.0	1.6	97120.3	-999.9
Koutiala	2001	8	23	235	22.0	29.2	18.1	-999.9	0.0	1.9	97094.1	-999.9
Koutiala	2001	8	24	236	23.3	29.6	22.0	-999.9	6.9	2.0	96981.0	-999.9
Koutiala	2001	8	25	237	22.4	29.6	21.0	-999.9	20.7	1.9	97016.6	-999.9
Koutiala	2001	8	26	238	22.1	29.0	19.9	-999.9	21.5	1.5	97150.1	-999.9
Koutiala	2001	8	27	239	22.5	29.9	22.2	-999.9	0.0	1.4	97042.9	-999.9
Koutiala	2001	8	28	240	22.9	29.5	17.7	-999.9	21.5	1.9	96848.3	-999.9
Koutiala	2001	8	29	241	22.3	28.2	15.2	-999.9	0.0	2.7	96996.5	-999.9
Koutiala	2001	8	30	242	21.6	28.8	19.1	-999.9	0.0	2.0	97109.0	-999.9
Koutiala	2001	8	31	243	21.4	29.9	23.7	-999.9	14.4	1.6	97034.5	-999.9
Koutiala	2001	9	1	244	22.7	29.3	19.5	-999.9	0.0	1.6	96918.1	-999.9
Koutiala	2001	9	2	245	22.1	29.9	23.5	-999.9	12.2	1.8	96888.5	-999.9
Koutiala	2001	9	3	246	22.6	29.1	18.9	-999.9	0.0	1.5	96927.6	-999.9
Koutiala	2001	9	4	247	22.0	28.1	17.3	-999.9	12.2	1.9	97003.5	-999.9
Koutiala	2001	9	5	248	21.3	29.7	21.3	-999.9	0.0	1.5	96954.3	-999.9
Koutiala	2001	9	6	249	22.7	29.4	20.8	-999.9	9.9	1.8	96862.1	-999.9
Koutiala	2001	9	7	250	22.0	28.8	17.9	-999.9	0.0	2.3	96882.7	-999.9
Koutiala	2001	9	8	251	21.5	29.6	18.6	-999.9	0.0	1.5	96987.7	-999.9
Koutiala	2001	9	9	252	22.1	29.2	18.7	-999.9	9.9	1.4	96963.5	-999.9
Koutiala	2001	9	10	253	21.1	28.9	18.5	-999.9	0.0	1.4	96982.8	-999.9
Koutiala	2001	9	11	254	20.7	30.6	23.4	-999.9	0.0	1.4	96986.5	-999.9
Koutiala	2001	9	12	255	23.0	31.7	23.7	-999.9	0.0	1.8	96861.7	-999.9
Koutiala	2001	9	13	256	22.2	30.4	21.7	-999.9	2.4	2.6	96890.4	-999.9
Koutiala	2001	9	14	257	22.6	28.1	18.3	-999.9	2.4	2.0	96855.4	-999.9
Koutiala	2001	9	15	258	21.1	29.2	21.4	-999.9	2.4	1.7	96825.5	-999.9
Koutiala	2001	9	16	259	22.7	28.7	19.7	-999.9	8.7	1.6	97018.4	-999.9
Koutiala	2001	9	17	260	22.1	30.7	23.8	-999.9	8.7	1.4	96913.7	-999.9
Koutiala	2001	9	18	261	22.2	30.7	19.6	-999.9	4.4	2.0	96799.5	-999.9
Koutiala	2001	9	19	262	22.5	28.6	17.8	-999.9	0.0	1.8	96915.7	-999.9
Koutiala	2001	9	20	263	21.3	28.5	20.1	-999.9	0.0	1.9	97046.5	-999.9
Koutiala	2001	9	21	264	21.5	29.5	22.6	-999.9	0.0	1.1	97056.2	-999.9
Koutiala	2001	9	22	265	23.2	32.0	23.6	-999.9	0.0	2.3	96798.7	-999.9
Koutiala	2001	9	23	266	22.1	28.9	16.9	-999.9	0.0	2.1	96943.6	-999.9
Koutiala	2001	9	24	267	21.0	29.4	20.0	-999.9	1.3	1.4	97105.2	-999.9
Koutiala	2001	9	25	268	22.7	31.9	23.5	-999.9	0.0	1.8	96963.9	-999.9
Koutiala	2001	9	26	269	23.1	30.7	21.3	-999.9	0.0	2.5	96959.0	-999.9
Koutiala	2001	9	27	270	22.0	30.6	23.6	-999.9	0.0	1.8	96991.4	-999.9
Koutiala	2001	9	28	271	22.8	31.3	21.8	-999.9	6.3	1.4	96939.4	-999.9
Koutiala	2001	9	29	272	23.2	29.9	21.6	-999.9	0.0	1.7	97002.4	-999.9
Koutiala	2001	9	30	273	22.6	31.8	23.2	-999.9	0.0	1.5	97049.9	-999.9
Koutiala	2001	10	1	274	23.2	32.3	23.3	-999.9	0.0	1.6	97030.8	-999.9
Koutiala	2001	10	2	275	23.6	31.7	22.1	-999.9	0.0	1.8	97019.2	-999.9
Koutiala	2001	10	3	276	23.4	30.2	21.0	-999.9	0.0	1.7	97037.6	-999.9
Koutiala	2001	10	4	277	23.4	30.8	20.1	-999.9	25.0	1.6	97026.2	-999.9
Koutiala	2001	10	5	278	23.6	30.6	22.0	-999.9	0.0	1.6	97124.8	-999.9
Koutiala	2001	10	6	279	22.2	32.9	23.2	-999.9	0.0	1.4	97088.6	-999.9
Koutiala	2001	10	7	280	23.1	34.5	23.0	-999.9	0.0	1.8	96876.8	-999.9
Koutiala	2001	10	8	281	22.8	32.2	22.3	-999.9	0.0	2.1	96828.7	-999.9
Koutiala	2001	10	9	282	23.3	33.0	22.6	-999.9	0.0	2.0	96827.2	-999.9
Koutiala	2001	10	10	283	22.9	32.9	22.8	-999.9	0.0	1.7	96854.5	-999.9
Koutiala	2001	10	11	284	23.0	32.6	21.4	-999.9	0.0	1.8	96992.9	-999.9
Koutiala	2001	10	12	285	23.2	33.7	22.3	-999.9	0.0	1.6	96900.1	-999.9
Koutiala	2001	10	13	286	23.7	32.9	20.5	-999.9	0.0	2.1	96836.4	-999.9
Koutiala	2001	10	14	287	22.9	32.8	20.0	-999.9	0.0	1.8	96814.1	-999.9
Koutiala	2001	10	15	288	21.7	33.2	20.7	-999.9	0.0	1.8	96828.7	-999.9
Koutiala	2001	10	16	289	22.2	32.3	20.4	-999.9	0.0	1.7	96947.7	-999.9
Koutiala	2001	10	17	290	21.7	34.0	21.6	-999.9	0.0	1.9	96951.0	-999.9
Koutiala	2001	10	18	291	21.3	34.0	21.9	-999.9	2.5	2.0	96881.1	-999.9
Koutiala	2001	10	19	292	23.9	33.6	21.6	-999.9	2.5	1.4	96773.6	-999.9
Koutiala	2001	10	20	293	23.7	34.4	20.1	-999.9	2.5	1.8	96719.0	-999.9
Koutiala	2001	10	21	294	22.5	34.5	21.4	-999.9	0.0	1.6	96744.4	-999.9
Koutiala	2001	10	22	295	22.4	33.4	20.0	-999.9	0.0	1.4	96777.3	-999.9
Koutiala	2001	10	23	296	21.9	34.0	22.0	-999.9	0.0	1.5	96868.1	-999.9
Koutiala	2001	10	24	297	21.9	34.3	23.0	-999.9	0.0	1.4	96905.0	-999.9
Koutiala	2001	10	25	298	21.8	34.0	21.2	-999.9	0.0	1.4	96804.7	-999.9
Koutiala	2001	10	26	299	23.2	32.0	19.8	-999.9	0.0	1.8	96825.0	-999.9
Koutiala	2001	10	27	300	23.3	32.5	18.9	-999.9	0.0	1.4	96914.2	-999.9
Koutiala	2001	10	28	301	21.5	33.1	21.6	-999.9	0.0	1.5	97031.5	-999.9
Koutiala	2001	10	29	302	20.1	33.6	23.0	-999.9	0.0	2.1	97003.2	-999.9
Koutiala	2001	10	30	303	18.8	32.8	22.8	-999.9	0.0	1.8	96963.6	-999.9
Koutiala	2001	10	31	304	20.2	32.0	20.4	-999.9	0.0	2.1	96914.7	-999.9
Koutiala	2001	11	1	305	22.7	32.3	20.9	-999.9	0.0	1.8	96953.1	-999.9
Koutiala	2001	11	2	306	20.2	33.1	22.7	-999.9	0.0	2.6	97004.0	-999.9
Koutiala	2001	11	3	307	19.6	33.2	22.8	-999.9	0.0	2.4	96948.6	-999.9
Koutiala	2001	11	4	308	19.9	33.8	22.6	-999.9	0.0	1.8	96862.7	-999.9
Koutiala	2001	11	5	309	19.5	33.8	22.6	-999.9	0.0	2.0	96881.7	-999.9
Koutiala	2001	11	6	310	19.1	34.0	22.3	-999.9	0.0	1.9	96949.2	-999.9
Koutiala	2001	11	7	311	18.9	34.3	22.2	-999.9	0.0	2.1	97034.8	-999.9
Koutiala	2001	11	8	312	19.8	34.7	22.2	-999.9	0.0	2.4	97009.3	-999.9
Koutiala	2001	11	9	313	18.2	33.6	22.4	-999.9	0.0	1.6	96868.4	-999.9
Koutiala	2001	11	10	314	18.0	33.3	22.0	-999.9	0.0	1.5	96811.4	-999.9
Koutiala	2001	11	11	315	19.4	33.3	21.2	-999.9	0.0	1.8	96933.2	-999.9
Koutiala	2001	11	12	316	22.4	32.2	18.8	-999.9	0.0	1.7	97083.3	-999.9
Koutiala	2001	11	13	317	22.4	31.3	17.4	-999.9	0.0	1.5	96971.1	-999.9
Koutiala	2001	11	14	318	20.0	33.2	21.3	-999.9	0.0	1.8	96758.0	-999.9
Koutiala	2001	11	15	319	18.8	33.3	21.2	-999.9	0.0	1.8	96827.6	-999.9
Koutiala	2001	11	16	320	19.7	33.5	21.0	-999.9	0.0	1.7	96984.8	-999.9
Koutiala	2001	11	17	321	18.9	34.1	22.1	-999.9	0.0	2.5	96970.6	-999.9
Koutiala	2001	11	18	322	18.1	33.4	22.0	-999.9	0.0	1.9	96964.5	-999.9
Koutiala	2001	11	19	323	17.6	33.6	21.8	-999.9	0.0	2.4	96916.7	-999.9
Koutiala	2001	11	20	324	17.2	33.1	21.7	-999.9	0.0	2.1	96884.5	-999.9
Koutiala	2001	11	21	325	17.8	33.0	21.1	-999.9	0.0	1.5	96899.8	-999.9
Koutiala	2001	11	22	326	21.7	31.9	17.8	-999.9	0.0	1.6	96912.9	-999.9
Koutiala	2001	11	23	327	20.7	33.3	20.7	-999.9	0.0	1.8	96731.0	-999.9
Koutiala	2001	11	24	328	20.3	33.6	20.5	-999.9	0.0	2.0	96733.0	-999.9
Koutiala	2001	11	25	329	18.9	33.7	21.0	-999.9	0.1	1.4	96696.9	-999.9
Koutiala	2001	11	26	330	19.0	33.8	20.9	-999.9	0.0	1.5	96632.5	-999.9
Koutiala	2001	11	27	331	18.9	33.6	20.0	-999.9	0.0	1.4	96641.6	-999.9
Koutiala	2001	11	28	332	20.0	33.9	20.4	-999.9	0.0	2.0	96711.4	-999.9
Koutiala	2001	11	29	333	20.5	33.5	20.9	-999.9	0.0	2.2	96797.2	-999.9
Koutiala	2001	11	30	334	19.3	32.4	20.8	-999.9	0.0	2.4	96860.1	-999.9
Koutiala	2001	12	1	335	19.9	31.9	20.2	-999.9	0.0	2.9	96881.4	-999.9
Koutiala	2001	12	2	336	19.7	31.6	20.1	-999.9	0.0	2.6	96845.6	-999.9
Koutiala	2001	12	3	337	19.1	32.4	20.6	-999.9	0.0	2.4	96829.2	-999.9
Koutiala	2001	12	4	338	18.6	33.1	20.6	-999.9	0.0	2.5	96776.6	-999.9
Koutiala	2001	12	5	339	20.6	33.1	20.4	-999.9	0.0	2.7	96867.1	-999.9
Koutiala	2001	12	6	340	19.0	32.7	20.9	-999.9	0.0	2.6	96984.2	-999.9
Koutiala	2001	12	7	341	19.4	32.5	20.7	-999.9	0.0	2.5	96874.6	-999.9
Koutiala	2001	12	8	342	18.4	31.5	19.2	-999.9	0.0	2.1	96748.6	-999.9
Koutiala	2001	12	9	343	18.1	31.2	20.7	-999.9	0.0	2.4	96788.9	-999.9
Koutiala	2001	12	10	344	17.9	31.5	20.0	-999.9	0.0	2.3	97002.4	-999.9
Koutiala	2001	12	11	345	18.9	31.6	19.8	-999.9	0.0	2.5	97052.7	-999.9
Koutiala	2001	12	12	346	18.5	31.0	19.0	-999.9	0.5	2.7	96933.8	-999.9
Koutiala	2001	12	13	347	18.3	30.7	20.2	-999.9	0.0	2.7	96875.7	-999.9
Koutiala	2001	12	14	348	17.7	32.4	20.3	-999.9	0.0	2.2	96882.8	-999.9
Koutiala	2001	12	15	349	17.7	34.1	20.2	-999.9	0.0	2.0	96897.0	-999.9
Koutiala	2001	12	16	350	19.4	34.8	20.3	-999.9	0.0	2.4	96861.3	-999.9
Koutiala	2001	12	17	351	20.9	34.9	19.7	-999.9	0.0	2.5	96835.3	-999.9
Koutiala	2001	12	18	352	20.7	34.9	18.9	-999.9	0.0	2.4	96797.0	-999.9
Koutiala	2001	12	19	353	19.9	34.4	20.2	-999.9	0.0	2.3	96819.0	-999.9
Koutiala	2001	12	20	354	19.1	34.3	18.8	-999.9	0.0	1.9	96832.4	-999.9
Koutiala	2001	12	21	355	20.2	34.6	19.4	-999.9	0.3	2.1	96857.6	-999.9
Koutiala	2001	12	22	356	20.7	35.0	20.0	-999.9	0.2	2.5	96888.3	-999.9
Koutiala	2001	12	23	357	20.0	35.1	20.4	-999.9	0.0	2.7	96937.3	-999.9
Koutiala	2001	12	24	358	21.0	34.9	20.3	-999.9	0.0	2.5	96969.7	-999.9
Koutiala	2001	12	25	359	18.9	34.4	20.6	-999.9	0.0	2.3	96969.5	-999.9
Koutiala	2001	12	26	360	18.4	34.0	20.7	-999.9	0.0	2.3	96890.8	-999.9
Koutiala	2001	12	27	361	18.3	34.1	20.7	-999.9	0.0	2.4	96912.2	-999.9
Koutiala	2001	12	28	362	17.7	34.8	20.9	-999.9	0.0	2.4	97019.4	-999.9
Koutiala	2001	12	29	363	20.0	33.9	20.1	-999.9	0.0	2.5	96997.9	-999.9
Koutiala	2001	12	30	364	19.3	33.5	20.6	-999.9	0.0	2.0	96876.6	-999.9
Koutiala	2001	12	31	365	18.9	34.5	20.5	-999.9	0.0	1.8	96770.3	-999.9
