Koutiala	1997	1	1	1	19.4	33.8	19.8	-999.9	0.0	2.2	96831.3	-999.9
Koutiala	1997	1	2	2	19.6	34.3	20.4	-999.9	0.0	2.9	96955.7	-999.9
Koutiala	1997	1	3	3	21.1	34.8	20.1	-999.9	0.0	3.1	96905.6	-999.9
Koutiala	1997	1	4	4	20.6	33.9	20.7	-999.9	0.0	2.6	96811.1	-999.9
Koutiala	1997	1	5	5	20.3	34.8	20.4	-999.9	0.0	2.3	96737.8	-999.9
Koutiala	1997	1	6	6	19.6	34.4	20.6	-999.9	0.0	2.3	96732.2	-999.9
Koutiala	1997	1	7	7	18.1	35.0	20.4	-999.9	0.0	2.1	96824.9	-999.9
Koutiala	1997	1	8	8	20.5	34.6	20.0	-999.9	0.0	2.6	96873.9	-999.9
Koutiala	1997	1	9	9	21.4	33.9	20.6	-999.9	0.0	2.8	96869.1	-999.9
Koutiala	1997	1	10	10	19.2	33.4	20.7	-999.9	0.0	2.2	96866.4	-999.9
Koutiala	1997	1	11	11	18.6	33.8	20.7	-999.9	0.0	2.0	96830.9	-999.9
Koutiala	1997	1	12	12	19.6	33.9	20.7	-999.9	0.0	2.2	96853.4	-999.9
Koutiala	1997	1	13	13	20.3	34.6	20.7	-999.9	0.0	2.1	96867.4	-999.9
Koutiala	1997	1	14	14	20.0	34.5	20.6	-999.9	0.0	1.8	96881.1	-999.9
Koutiala	1997	1	15	15	19.3	35.2	20.7	-999.9	0.0	2.0	96869.6	-999.9
Koutiala	1997	1	16	16	19.8	35.3	20.9	-999.9	0.0	1.9	96881.3	-999.9
Koutiala	1997	1	17	17	21.8	34.0	21.0	-999.9	0.0	3.1	96957.9	-999.9
Koutiala	1997	1	18	18	20.0	34.0	21.3	-999.9	0.0	3.0	96932.5	-999.9
Koutiala	1997	1	19	19	19.0	33.9	21.5	-999.9	0.0	2.3	96905.9	-999.9
Koutiala	1997	1	20	20	16.7	34.5	21.4	-999.9	0.0	1.7	96752.2	-999.9
Koutiala	1997	1	21	21	20.0	34.2	19.7	-999.9	0.0	2.8	96722.4	-999.9
Koutiala	1997	1	22	22	23.8	32.8	16.8	-999.9	0.0	2.0	96921.1	-999.9
Koutiala	1997	1	23	23	21.3	31.8	20.8	-999.9	0.0	3.2	96989.3	-999.9
Koutiala	1997	1	24	24	20.1	31.6	21.0	-999.9	0.0	2.8	97030.4	-999.9
Koutiala	1997	1	25	25	18.6	32.0	21.2	-999.9	0.0	2.3	96928.0	-999.9
Koutiala	1997	1	26	26	18.4	32.3	21.5	-999.9	0.0	2.4	96857.1	-999.9
Koutiala	1997	1	27	27	17.6	32.3	22.1	-999.9	0.0	2.5	96911.0	-999.9
Koutiala	1997	1	28	28	16.9	31.9	22.1	-999.9	0.0	2.6	97002.5	-999.9
Koutiala	1997	1	29	29	16.7	32.5	22.2	-999.9	0.0	2.7	97021.0	-999.9
Koutiala	1997	1	30	30	19.2	32.3	22.2	-999.9	0.0	3.3	97006.0	-999.9
Koutiala	1997	1	31	31	18.8	31.4	22.2	-999.9	0.0	3.4	97101.7	-999.9
Koutiala	1997	2	1	32	17.5	30.9	22.4	-999.9	0.0	3.0	97059.7	-999.9
Koutiala	1997	2	2	33	16.9	31.3	22.4	-999.9	0.0	2.7	96992.3	-999.9
Koutiala	1997	2	3	34	17.4	32.2	22.3	-999.9	0.0	2.4	96937.2	-999.9
Koutiala	1997	2	4	35	18.2	33.5	22.2	-999.9	0.0	2.6	96915.9	-999.9
Koutiala	1997	2	5	36	19.0	33.7	22.3	-999.9	0.0	2.7	96984.9	-999.9
Koutiala	1997	2	6	37	19.1	33.6	22.4	-999.9	0.0	2.9	97039.2	-999.9
Koutiala	1997	2	7	38	19.0	33.8	22.5	-999.9	0.0	2.8	97010.5	-999.9
Koutiala	1997	2	8	39	19.3	34.4	22.7	-999.9	0.0	3.0	96985.5	-999.9
Koutiala	1997	2	9	40	19.3	33.1	22.9	-999.9	0.0	3.0	97068.0	-999.9
Koutiala	1997	2	10	41	18.2	33.5	23.0	-999.9	0.0	2.9	97024.2	-999.9
Koutiala	1997	2	11	42	18.9	33.8	23.2	-999.9	0.0	3.0	97045.9	-999.9
Koutiala	1997	2	12	43	19.4	33.5	23.1	-999.9	0.0	3.4	97161.3	-999.9
Koutiala	1997	2	13	44	19.3	33.2	23.1	-999.9	0.0	3.5	97237.6	-999.9
Koutiala	1997	2	14	45	18.2	32.8	23.1	-999.9	0.0	3.1	97196.4	-999.9
Koutiala	1997	2	15	46	18.5	32.1	23.1	-999.9	0.0	2.7	97080.5	-999.9
Koutiala	1997	2	16	47	17.2	32.2	23.3	-999.9	0.0	2.3	97036.8	-999.9
Koutiala	1997	2	17	48	17.5	32.8	23.4	-999.9	0.0	2.4	97050.1	-999.9
Koutiala	1997	2	18	49	18.4	33.5	23.4	-999.9	0.0	2.5	97054.3	-999.9
Koutiala	1997	2	19	50	19.3	34.4	23.6	-999.9	0.0	2.9	97037.9	-999.9
Koutiala	1997	2	20	51	19.4	34.2	23.8	-999.9	0.0	3.1	97049.3	-999.9
Koutiala	1997	2	21	52	19.1	33.8	23.8	-999.9	0.0	2.9	97134.8	-999.9
Koutiala	1997	2	22	53	19.1	33.5	23.8	-999.9	0.0	2.8	97170.9	-999.9
Koutiala	1997	2	23	54	19.1	34.2	23.8	-999.9	0.0	2.3	97000.1	-999.9
Koutiala	1997	2	24	55	18.6	35.5	23.8	-999.9	0.0	1.8	96855.2	-999.9
Koutiala	1997	2	25	56	19.1	36.4	23.8	-999.9	0.0	2.0	96807.9	-999.9
Koutiala	1997	2	26	57	21.3	35.3	23.9	-999.9	0.0	2.8	96758.8	-999.9
Koutiala	1997	2	27	58	20.8	34.7	24.0	-999.9	0.0	2.8	96752.1	-999.9
Koutiala	1997	2	28	59	20.7	35.1	22.0	-999.9	0.0	2.5	96783.5	-999.9
Koutiala	1997	3	1	60	21.0	36.1	23.3	-999.9	1.6	2.6	96799.5	-999.9
Koutiala	1997	3	2	61	21.6	36.1	24.2	-999.9	0.0	2.8	96841.4	-999.9
Koutiala	1997	3	3	62	22.5	35.3	24.0	-999.9	0.0	3.0	96923.9	-999.9
Koutiala	1997	3	4	63	20.4	33.9	24.5	-999.9	0.0	2.7	97003.0	-999.9
Koutiala	1997	3	5	64	19.0	33.1	24.9	-999.9	0.0	2.8	97009.8	-999.9
Koutiala	1997	3	6	65	19.0	33.3	24.9	-999.9	0.0	2.9	96998.4	-999.9
Koutiala	1997	3	7	66	18.7	33.7	24.8	-999.9	0.0	2.7	96964.8	-999.9
Koutiala	1997	3	8	67	19.3	35.3	24.6	-999.9	0.0	2.4	96881.9	-999.9
Koutiala	1997	3	9	68	20.2	36.0	24.7	-999.9	0.0	2.5	96780.3	-999.9
Koutiala	1997	3	10	69	21.6	35.6	23.7	-999.9	0.0	2.8	96781.1	-999.9
Koutiala	1997	3	11	70	21.6	34.9	21.9	-999.9	0.0	3.0	96848.6	-999.9
Koutiala	1997	3	12	71	23.0	34.5	23.8	-999.9	0.0	3.2	96962.1	-999.9
Koutiala	1997	3	13	72	20.9	34.2	24.6	-999.9	0.0	3.3	97019.8	-999.9
Koutiala	1997	3	14	73	20.2	33.3	24.8	-999.9	0.0	3.2	96976.0	-999.9
Koutiala	1997	3	15	74	18.9	33.6	24.9	-999.9	0.0	3.0	96868.4	-999.9
Koutiala	1997	3	16	75	19.6	34.6	22.9	-999.9	0.0	2.7	96806.5	-999.9
Koutiala	1997	3	17	76	19.8	34.4	23.4	-999.9	0.0	2.8	96875.6	-999.9
Koutiala	1997	3	18	77	21.6	34.7	24.8	-999.9	0.0	3.2	96838.8	-999.9
Koutiala	1997	3	19	78	22.1	35.6	22.8	-999.9	0.0	2.8	96751.1	-999.9
Koutiala	1997	3	20	79	22.4	37.0	24.6	-999.9	0.0	2.6	96665.1	-999.9
Koutiala	1997	3	21	80	23.8	38.0	25.0	-999.9	0.0	2.4	96541.7	-999.9
Koutiala	1997	3	22	81	22.9	38.4	25.0	-999.9	0.0	2.2	96502.1	-999.9
Koutiala	1997	3	23	82	23.2	37.8	22.9	-999.9	0.0	1.9	96481.2	-999.9
Koutiala	1997	3	24	83	25.5	35.7	21.4	-999.9	0.0	3.2	96495.3	-999.9
Koutiala	1997	3	25	84	22.6	35.4	24.5	-999.9	0.0	2.2	96532.8	-999.9
Koutiala	1997	3	26	85	22.7	36.6	24.5	-999.9	0.0	1.8	96559.3	-999.9
Koutiala	1997	3	27	86	24.6	37.4	23.3	-999.9	0.0	2.1	96590.4	-999.9
Koutiala	1997	3	28	87	25.7	38.2	24.5	-999.9	0.0	2.1	96619.6	-999.9
Koutiala	1997	3	29	88	25.6	38.5	25.4	-999.9	0.0	2.1	96516.9	-999.9
Koutiala	1997	3	30	89	23.6	37.3	25.3	-999.9	0.0	2.1	96593.0	-999.9
Koutiala	1997	3	31	90	23.7	37.6	24.0	-999.9	0.0	1.5	96698.8	-999.9
Koutiala	1997	4	1	91	26.1	37.3	22.3	-999.9	0.0	2.1	96694.9	-999.9
Koutiala	1997	4	2	92	27.1	35.1	19.3	-999.9	0.0	2.0	96770.1	-999.9
Koutiala	1997	4	3	93	27.6	34.8	19.8	-999.9	0.0	2.0	96728.9	-999.9
Koutiala	1997	4	4	94	24.8	35.9	20.8	-999.9	0.0	1.8	96807.9	-999.9
Koutiala	1997	4	5	95	23.0	32.6	21.1	-999.9	10.3	1.9	97001.7	-999.9
Koutiala	1997	4	6	96	23.7	34.9	24.1	-999.9	0.0	1.8	96894.2	-999.9
Koutiala	1997	4	7	97	23.8	37.0	25.4	-999.9	0.0	2.1	96733.7	-999.9
Koutiala	1997	4	8	98	22.0	36.9	24.8	-999.9	0.0	2.3	96616.0	-999.9
Koutiala	1997	4	9	99	25.6	35.9	22.2	-999.9	5.6	1.8	96661.1	-999.9
Koutiala	1997	4	10	100	23.5	35.0	22.8	-999.9	5.6	1.5	96841.8	-999.9
Koutiala	1997	4	11	101	24.7	32.2	20.5	-999.9	2.5	2.2	96954.5	-999.9
Koutiala	1997	4	12	102	24.0	33.6	17.6	-999.9	0.0	1.9	96829.4	-999.9
Koutiala	1997	4	13	103	23.0	36.2	24.0	-999.9	1.2	1.7	96717.4	-999.9
Koutiala	1997	4	14	104	25.8	37.0	21.0	-999.9	0.0	1.7	96715.6	-999.9
Koutiala	1997	4	15	105	25.9	37.1	20.2	-999.9	0.0	2.0	96731.9	-999.9
Koutiala	1997	4	16	106	26.1	37.8	23.3	-999.9	0.0	2.0	96709.2	-999.9
Koutiala	1997	4	17	107	25.9	38.3	21.8	-999.9	3.9	2.8	96604.4	-999.9
Koutiala	1997	4	18	108	25.9	36.7	23.4	-999.9	0.0	3.0	96722.6	-999.9
Koutiala	1997	4	19	109	26.4	38.0	22.5	-999.9	0.0	2.1	96683.0	-999.9
Koutiala	1997	4	20	110	25.5	38.2	22.3	-999.9	11.6	2.4	96723.4	-999.9
Koutiala	1997	4	21	111	26.5	34.2	20.2	-999.9	0.0	2.2	96715.4	-999.9
Koutiala	1997	4	22	112	24.7	34.3	20.8	-999.9	5.9	1.5	96753.7	-999.9
Koutiala	1997	4	23	113	23.7	34.4	23.2	-999.9	3.0	1.8	96821.2	-999.9
Koutiala	1997	4	24	114	24.8	36.3	22.9	-999.9	0.0	1.2	96776.4	-999.9
Koutiala	1997	4	25	115	24.5	38.9	24.6	-999.9	0.0	1.5	96686.8	-999.9
Koutiala	1997	4	26	116	24.7	39.0	26.2	-999.9	0.0	1.5	96619.7	-999.9
Koutiala	1997	4	27	117	22.3	38.7	26.1	-999.9	0.0	1.4	96683.4	-999.9
Koutiala	1997	4	28	118	25.4	37.3	24.5	-999.9	0.0	1.7	96811.9	-999.9
Koutiala	1997	4	29	119	21.5	37.0	26.9	-999.9	0.0	1.9	96759.9	-999.9
Koutiala	1997	4	30	120	20.4	36.9	27.1	-999.9	0.0	1.5	96647.9	-999.9
Koutiala	1997	5	1	121	23.2	37.6	26.3	-999.9	0.0	1.8	96714.0	-999.9
Koutiala	1997	5	2	122	24.9	37.6	24.3	-999.9	0.0	1.7	96845.2	-999.9
Koutiala	1997	5	3	123	26.3	38.2	24.5	-999.9	0.0	2.0	96879.5	-999.9
Koutiala	1997	5	4	124	25.0	38.3	25.6	-999.9	0.0	1.9	96755.4	-999.9
Koutiala	1997	5	5	125	27.3	36.8	22.8	-999.9	0.0	2.1	96743.9	-999.9
Koutiala	1997	5	6	126	25.8	35.6	22.9	-999.9	5.2	2.1	96889.1	-999.9
Koutiala	1997	5	7	127	24.9	31.1	18.5	-999.9	0.0	1.3	97010.1	-999.9
Koutiala	1997	5	8	128	24.5	30.5	18.4	-999.9	0.0	1.3	97039.7	-999.9
Koutiala	1997	5	9	129	25.2	32.3	20.4	-999.9	10.3	1.7	97027.5	-999.9
Koutiala	1997	5	10	130	25.8	33.9	23.5	-999.9	5.2	1.8	96890.8	-999.9
Koutiala	1997	5	11	131	26.3	35.0	24.5	-999.9	0.0	2.1	96830.6	-999.9
Koutiala	1997	5	12	132	25.8	36.7	25.2	-999.9	0.0	1.7	96739.5	-999.9
Koutiala	1997	5	13	133	24.9	36.3	23.8	-999.9	3.5	2.4	96818.9	-999.9
Koutiala	1997	5	14	134	25.6	36.3	23.7	-999.9	0.0	2.0	96863.3	-999.9
Koutiala	1997	5	15	135	24.0	35.5	22.6	-999.9	10.6	1.5	96958.3	-999.9
Koutiala	1997	5	16	136	24.3	35.9	22.4	-999.9	6.5	1.9	96971.0	-999.9
Koutiala	1997	5	17	137	24.7	34.5	22.5	-999.9	0.0	1.3	96947.5	-999.9
Koutiala	1997	5	18	138	24.7	36.9	23.5	-999.9	0.0	1.7	96843.2	-999.9
Koutiala	1997	5	19	139	25.4	35.5	22.9	-999.9	0.0	2.0	96816.4	-999.9
Koutiala	1997	5	20	140	26.4	36.9	22.3	-999.9	0.0	2.3	96843.1	-999.9
Koutiala	1997	5	21	141	24.2	35.7	22.9	-999.9	0.0	1.8	96897.6	-999.9
Koutiala	1997	5	22	142	25.2	37.8	24.6	-999.9	0.0	2.1	96795.0	-999.9
Koutiala	1997	5	23	143	25.4	37.7	24.4	-999.9	4.4	2.8	96775.2	-999.9
Koutiala	1997	5	24	144	26.1	36.0	23.5	-999.9	0.0	2.0	96775.6	-999.9
Koutiala	1997	5	25	145	26.6	37.2	23.4	-999.9	5.1	1.9	96773.3	-999.9
Koutiala	1997	5	26	146	26.4	35.4	20.5	-999.9	0.0	2.3	96879.3	-999.9
Koutiala	1997	5	27	147	25.9	36.3	23.2	-999.9	0.0	3.2	96841.3	-999.9
Koutiala	1997	5	28	148	26.7	37.0	23.7	-999.9	8.4	2.5	96780.3	-999.9
Koutiala	1997	5	29	149	24.8	34.0	23.0	-999.9	0.0	2.0	96901.7	-999.9
Koutiala	1997	5	30	150	23.7	34.2	23.1	-999.9	5.6	1.9	96956.3	-999.9
Koutiala	1997	5	31	151	24.8	34.6	23.4	-999.9	5.6	1.8	96889.9	-999.9
Koutiala	1997	6	1	152	23.9	32.9	22.0	-999.9	7.2	2.0	96891.9	-999.9
Koutiala	1997	6	2	153	25.1	33.2	23.0	-999.9	0.0	1.9	96955.6	-999.9
Koutiala	1997	6	3	154	25.4	33.3	21.8	-999.9	12.5	1.7	96956.1	-999.9
Koutiala	1997	6	4	155	24.6	33.3	22.2	-999.9	0.0	1.7	96946.8	-999.9
Koutiala	1997	6	5	156	24.1	33.3	21.1	-999.9	14.3	1.9	96978.2	-999.9
Koutiala	1997	6	6	157	23.8	33.1	23.6	-999.9	0.0	1.5	96923.6	-999.9
Koutiala	1997	6	7	158	24.8	35.4	24.1	-999.9	0.0	2.0	96786.4	-999.9
Koutiala	1997	6	8	159	24.9	36.1	23.2	-999.9	11.6	2.1	96807.9	-999.9
Koutiala	1997	6	9	160	26.1	36.1	22.9	-999.9	0.0	2.1	96818.8	-999.9
Koutiala	1997	6	10	161	24.2	35.9	21.9	-999.9	23.1	2.6	96802.6	-999.9
Koutiala	1997	6	11	162	25.7	33.1	19.4	-999.9	3.9	2.6	96806.8	-999.9
Koutiala	1997	6	12	163	23.3	33.3	21.5	-999.9	3.9	2.0	96935.1	-999.9
Koutiala	1997	6	13	164	23.0	30.9	21.0	-999.9	7.9	1.8	97052.2	-999.9
Koutiala	1997	6	14	165	22.8	31.4	23.6	-999.9	0.0	1.5	97016.9	-999.9
Koutiala	1997	6	15	166	22.7	30.8	21.0	-999.9	0.0	1.8	96991.4	-999.9
Koutiala	1997	6	16	167	22.7	32.5	24.3	-999.9	0.0	2.1	96999.4	-999.9
Koutiala	1997	6	17	168	24.2	32.4	23.3	-999.9	10.3	1.8	97120.0	-999.9
Koutiala	1997	6	18	169	23.4	32.6	24.2	-999.9	0.0	1.6	97106.9	-999.9
Koutiala	1997	6	19	170	24.7	34.7	24.2	-999.9	0.0	2.4	96918.0	-999.9
Koutiala	1997	6	20	171	24.9	34.9	22.6	-999.9	0.0	3.1	96793.2	-999.9
Koutiala	1997	6	21	172	24.6	34.7	23.8	-999.9	0.0	2.2	96925.4	-999.9
Koutiala	1997	6	22	173	25.5	35.8	23.4	-999.9	11.4	1.6	96825.3	-999.9
Koutiala	1997	6	23	174	24.5	34.1	20.5	-999.9	4.3	2.4	96753.9	-999.9
Koutiala	1997	6	24	175	23.8	31.7	18.1	-999.9	3.8	2.3	96800.3	-999.9
Koutiala	1997	6	25	176	23.0	30.1	20.3	-999.9	7.6	2.0	96900.9	-999.9
Koutiala	1997	6	26	177	23.5	32.1	23.1	-999.9	0.0	1.8	96871.6	-999.9
Koutiala	1997	6	27	178	24.2	31.4	21.6	-999.9	8.9	1.6	96889.0	-999.9
Koutiala	1997	6	28	179	23.7	29.7	16.4	-999.9	8.9	1.6	96949.8	-999.9
Koutiala	1997	6	29	180	23.6	30.8	18.5	-999.9	0.0	1.7	96944.5	-999.9
Koutiala	1997	6	30	181	22.9	32.1	22.6	-999.9	0.0	2.3	96941.9	-999.9
Koutiala	1997	7	1	182	24.4	33.4	23.5	-999.9	9.5	2.9	96900.8	-999.9
Koutiala	1997	7	2	183	24.8	33.6	20.9	-999.9	9.5	3.1	96881.1	-999.9
Koutiala	1997	7	3	184	23.8	31.1	16.1	-999.9	0.0	2.4	96968.0	-999.9
Koutiala	1997	7	4	185	24.0	32.8	20.4	-999.9	0.0	2.5	96907.1	-999.9
Koutiala	1997	7	5	186	25.1	32.3	20.9	-999.9	0.0	3.3	96785.1	-999.9
Koutiala	1997	7	6	187	22.7	31.2	19.5	-999.9	0.0	2.8	96965.9	-999.9
Koutiala	1997	7	7	188	23.1	33.1	23.8	-999.9	0.0	2.5	97050.3	-999.9
Koutiala	1997	7	8	189	23.7	33.1	22.6	-999.9	9.1	1.6	97104.3	-999.9
Koutiala	1997	7	9	190	24.1	32.5	21.7	-999.9	0.0	1.9	97052.1	-999.9
Koutiala	1997	7	10	191	24.1	34.0	23.2	-999.9	9.1	1.7	97027.4	-999.9
Koutiala	1997	7	11	192	24.0	31.0	18.4	-999.9	6.8	1.7	97081.1	-999.9
Koutiala	1997	7	12	193	23.2	31.8	22.2	-999.9	0.0	1.9	97001.1	-999.9
Koutiala	1997	7	13	194	25.0	33.9	23.0	-999.9	0.0	2.1	96909.7	-999.9
Koutiala	1997	7	14	195	23.6	31.7	19.7	-999.9	10.2	2.2	97020.0	-999.9
Koutiala	1997	7	15	196	22.8	30.2	20.1	-999.9	0.0	2.1	97064.1	-999.9
Koutiala	1997	7	16	197	23.6	31.3	23.5	-999.9	0.0	2.2	96969.4	-999.9
Koutiala	1997	7	17	198	23.6	31.7	19.6	-999.9	0.0	2.5	96892.8	-999.9
Koutiala	1997	7	18	199	22.8	30.5	21.7	-999.9	19.3	2.3	97034.5	-999.9
Koutiala	1997	7	19	200	22.8	29.0	15.0	-999.9	0.0	2.1	97269.2	-999.9
Koutiala	1997	7	20	201	22.8	32.0	22.7	-999.9	0.0	1.8	97218.2	-999.9
Koutiala	1997	7	21	202	23.1	27.4	12.5	-999.9	26.7	2.2	97225.8	-999.9
Koutiala	1997	7	22	203	23.0	28.9	15.8	-999.9	0.0	1.9	97230.0	-999.9
Koutiala	1997	7	23	204	22.6	30.2	22.1	-999.9	8.9	1.4	97252.2	-999.9
Koutiala	1997	7	24	205	22.9	30.9	22.1	-999.9	17.8	1.5	97215.3	-999.9
Koutiala	1997	7	25	206	22.7	31.2	21.8	-999.9	0.0	1.5	97186.5	-999.9
Koutiala	1997	7	26	207	23.2	32.3	23.7	-999.9	7.9	1.7	97119.3	-999.9
Koutiala	1997	7	27	208	23.7	32.6	23.7	-999.9	0.0	2.4	97021.5	-999.9
Koutiala	1997	7	28	209	24.6	32.3	21.7	-999.9	15.7	2.3	97037.8	-999.9
Koutiala	1997	7	29	210	23.7	31.6	22.5	-999.9	0.0	2.4	97105.7	-999.9
Koutiala	1997	7	30	211	24.8	32.1	19.0	-999.9	23.6	2.6	96963.5	-999.9
Koutiala	1997	7	31	212	23.3	28.3	11.5	-999.9	15.7	2.3	97038.7	-999.9
Koutiala	1997	8	1	213	21.7	23.7	6.7	-999.9	0.0	2.2	97188.9	-999.9
Koutiala	1997	8	2	214	20.6	28.9	19.2	-999.9	0.0	1.7	97366.4	-999.9
Koutiala	1997	8	3	215	22.1	30.9	20.9	-999.9	0.0	1.9	97217.3	-999.9
Koutiala	1997	8	4	216	23.9	29.4	16.4	-999.9	0.0	2.3	97165.6	-999.9
Koutiala	1997	8	5	217	23.9	30.6	22.7	-999.9	0.0	3.2	97111.8	-999.9
Koutiala	1997	8	6	218	23.3	29.4	17.9	-999.9	19.3	3.4	96995.5	-999.9
Koutiala	1997	8	7	219	23.2	28.9	17.1	-999.9	0.0	2.6	97069.2	-999.9
Koutiala	1997	8	8	220	22.4	29.5	20.2	-999.9	0.0	2.1	97160.4	-999.9
Koutiala	1997	8	9	221	22.1	30.3	21.9	-999.9	0.0	1.5	97181.4	-999.9
Koutiala	1997	8	10	222	23.1	28.2	10.9	-999.9	33.2	1.6	97104.1	-999.9
Koutiala	1997	8	11	223	21.7	29.4	20.2	-999.9	43.1	1.6	97092.6	-999.9
Koutiala	1997	8	12	224	22.4	29.7	21.5	-999.9	14.4	1.7	97120.1	-999.9
Koutiala	1997	8	13	225	22.1	29.2	20.3	-999.9	14.4	1.7	97111.3	-999.9
Koutiala	1997	8	14	226	21.9	30.5	23.7	-999.9	14.4	1.4	97084.7	-999.9
Koutiala	1997	8	15	227	22.9	30.4	21.6	-999.9	0.0	1.8	97063.0	-999.9
Koutiala	1997	8	16	228	23.1	29.2	19.4	-999.9	10.8	1.9	97182.7	-999.9
Koutiala	1997	8	17	229	22.3	30.2	21.8	-999.9	0.0	1.3	97180.7	-999.9
Koutiala	1997	8	18	230	23.7	30.1	21.9	-999.9	5.4	1.9	96981.2	-999.9
Koutiala	1997	8	19	231	22.5	27.2	14.4	-999.9	0.0	1.9	96931.2	-999.9
Koutiala	1997	8	20	232	22.6	28.9	17.4	-999.9	21.7	1.9	97091.8	-999.9
Koutiala	1997	8	21	233	21.9	29.2	19.6	-999.9	4.5	1.4	97168.5	-999.9
Koutiala	1997	8	22	234	23.1	29.6	18.5	-999.9	10.3	1.2	97082.2	-999.9
Koutiala	1997	8	23	235	22.2	29.1	18.9	-999.9	4.5	1.3	96997.5	-999.9
Koutiala	1997	8	24	236	22.7	30.0	21.8	-999.9	0.0	1.8	97031.8	-999.9
Koutiala	1997	8	25	237	23.0	30.0	22.3	-999.9	4.5	1.4	97067.8	-999.9
Koutiala	1997	8	26	238	22.2	28.5	18.1	-999.9	8.2	1.6	97168.1	-999.9
Koutiala	1997	8	27	239	22.4	30.3	22.8	-999.9	16.5	1.3	97182.8	-999.9
Koutiala	1997	8	28	240	22.3	29.9	21.0	-999.9	0.0	2.0	97071.8	-999.9
Koutiala	1997	8	29	241	22.7	29.8	19.5	-999.9	0.0	2.0	96890.3	-999.9
Koutiala	1997	8	30	242	23.5	29.9	21.2	-999.9	16.5	2.1	96902.9	-999.9
Koutiala	1997	8	31	243	22.5	30.6	23.5	-999.9	0.0	1.5	97032.4	-999.9
Koutiala	1997	9	1	244	22.7	30.4	21.1	-999.9	8.7	1.0	96993.5	-999.9
Koutiala	1997	9	2	245	21.8	30.2	21.0	-999.9	0.0	1.3	96987.3	-999.9
Koutiala	1997	9	3	246	22.9	29.8	21.6	-999.9	10.0	1.4	96921.1	-999.9
Koutiala	1997	9	4	247	22.7	28.6	17.2	-999.9	26.2	1.5	96971.6	-999.9
Koutiala	1997	9	5	248	22.6	29.5	21.9	-999.9	0.0	1.2	96970.6	-999.9
Koutiala	1997	9	6	249	22.3	29.0	18.6	-999.9	5.5	1.5	96896.9	-999.9
Koutiala	1997	9	7	250	23.1	30.5	22.0	-999.9	0.0	1.5	96866.2	-999.9
Koutiala	1997	9	8	251	23.1	30.4	22.1	-999.9	5.5	1.4	96858.8	-999.9
Koutiala	1997	9	9	252	22.7	27.8	13.7	-999.9	11.1	1.5	96871.9	-999.9
Koutiala	1997	9	10	253	21.9	28.8	16.8	-999.9	0.0	1.7	96947.4	-999.9
Koutiala	1997	9	11	254	22.3	30.1	22.6	-999.9	5.6	1.5	96986.4	-999.9
Koutiala	1997	9	12	255	22.0	30.2	22.5	-999.9	0.0	1.3	97045.1	-999.9
Koutiala	1997	9	13	256	22.5	31.5	24.2	-999.9	0.0	1.5	97066.4	-999.9
Koutiala	1997	9	14	257	23.9	31.1	21.8	-999.9	0.0	1.7	96968.3	-999.9
Koutiala	1997	9	15	258	22.0	30.5	22.9	-999.9	0.0	1.2	96945.5	-999.9
Koutiala	1997	9	16	259	22.9	31.0	23.5	-999.9	0.0	1.3	96877.0	-999.9
Koutiala	1997	9	17	260	22.8	30.7	21.8	-999.9	10.6	1.2	96917.4	-999.9
Koutiala	1997	9	18	261	22.2	28.1	15.3	-999.9	9.3	1.5	97015.3	-999.9
Koutiala	1997	9	19	262	22.4	28.7	18.9	-999.9	4.7	2.2	97125.8	-999.9
Koutiala	1997	9	20	263	21.5	30.4	23.6	-999.9	0.0	1.3	97111.8	-999.9
Koutiala	1997	9	21	264	23.2	32.2	23.6	-999.9	13.8	1.6	96895.9	-999.9
Koutiala	1997	9	22	265	23.9	31.5	22.3	-999.9	13.8	1.4	96837.9	-999.9
Koutiala	1997	9	23	266	23.2	30.3	19.7	-999.9	0.0	1.5	96899.0	-999.9
Koutiala	1997	9	24	267	22.6	30.3	21.2	-999.9	0.0	1.3	97045.2	-999.9
Koutiala	1997	9	25	268	22.5	29.4	19.4	-999.9	13.8	1.2	97163.4	-999.9
Koutiala	1997	9	26	269	22.7	29.6	19.5	-999.9	16.9	1.3	97154.2	-999.9
Koutiala	1997	9	27	270	22.5	30.7	22.9	-999.9	4.2	1.8	96968.0	-999.9
Koutiala	1997	9	28	271	23.5	29.8	20.2	-999.9	8.5	1.8	96970.2	-999.9
Koutiala	1997	9	29	272	23.0	30.6	21.5	-999.9	0.0	1.7	97039.3	-999.9
Koutiala	1997	9	30	273	23.0	31.8	23.4	-999.9	4.2	1.3	97066.6	-999.9
Koutiala	1997	10	1	274	23.3	30.5	21.0	-999.9	4.6	1.6	97039.7	-999.9
Koutiala	1997	10	2	275	22.9	31.6	22.3	-999.9	2.3	1.8	96857.8	-999.9
Koutiala	1997	10	3	276	22.9	31.4	21.9	-999.9	0.0	1.8	96881.2	-999.9
Koutiala	1997	10	4	277	23.3	31.5	21.1	-999.9	5.3	1.4	97016.2	-999.9
Koutiala	1997	10	5	278	22.6	29.5	16.2	-999.9	2.3	2.2	97060.5	-999.9
Koutiala	1997	10	6	279	22.2	30.0	21.1	-999.9	0.0	1.6	97021.8	-999.9
Koutiala	1997	10	7	280	22.1	30.4	21.3	-999.9	0.0	1.6	97048.1	-999.9
Koutiala	1997	10	8	281	22.2	29.0	18.5	-999.9	0.0	2.4	97156.7	-999.9
Koutiala	1997	10	9	282	22.4	32.9	23.2	-999.9	0.0	2.1	96950.2	-999.9
Koutiala	1997	10	10	283	22.1	31.8	22.9	-999.9	0.0	1.2	96801.8	-999.9
Koutiala	1997	10	11	284	22.6	31.6	22.5	-999.9	0.0	1.5	96704.5	-999.9
Koutiala	1997	10	12	285	22.1	31.7	21.7	-999.9	0.0	1.4	96728.7	-999.9
Koutiala	1997	10	13	286	23.2	30.6	21.0	-999.9	0.0	1.5	96818.3	-999.9
Koutiala	1997	10	14	287	23.0	31.9	20.9	-999.9	0.0	1.3	96745.6	-999.9
Koutiala	1997	10	15	288	24.5	31.6	19.1	-999.9	2.1	1.7	96741.4	-999.9
Koutiala	1997	10	16	289	23.2	31.2	18.5	-999.9	8.4	1.5	96707.9	-999.9
Koutiala	1997	10	17	290	22.8	28.9	16.8	-999.9	5.6	1.4	96857.6	-999.9
Koutiala	1997	10	18	291	22.5	29.2	15.1	-999.9	8.4	1.5	96985.2	-999.9
Koutiala	1997	10	19	292	21.4	31.2	21.5	-999.9	0.0	1.7	96981.5	-999.9
Koutiala	1997	10	20	293	20.2	32.0	23.0	-999.9	0.0	1.4	96928.4	-999.9
Koutiala	1997	10	21	294	20.6	31.9	21.9	-999.9	0.0	1.7	96914.8	-999.9
Koutiala	1997	10	22	295	21.2	32.6	22.7	-999.9	0.0	1.8	96891.1	-999.9
Koutiala	1997	10	23	296	21.4	32.3	21.3	-999.9	0.0	1.9	96849.2	-999.9
Koutiala	1997	10	24	297	23.2	33.2	20.5	-999.9	0.0	1.5	96833.1	-999.9
Koutiala	1997	10	25	298	22.8	32.0	19.9	-999.9	0.0	1.5	96941.5	-999.9
Koutiala	1997	10	26	299	23.9	34.7	19.7	-999.9	0.0	1.5	96860.7	-999.9
Koutiala	1997	10	27	300	21.5	35.4	22.7	-999.9	0.0	1.7	96721.2	-999.9
Koutiala	1997	10	28	301	22.1	33.7	20.4	-999.9	5.4	1.6	96674.7	-999.9
Koutiala	1997	10	29	302	24.8	33.3	19.3	-999.9	10.8	1.4	96745.5	-999.9
Koutiala	1997	10	30	303	23.7	32.5	19.2	-999.9	0.0	1.2	96871.6	-999.9
Koutiala	1997	10	31	304	23.2	34.6	19.9	-999.9	0.0	1.5	96914.2	-999.9
Koutiala	1997	11	1	305	23.0	34.5	20.9	-999.9	0.0	1.4	96963.6	-999.9
Koutiala	1997	11	2	306	19.9	34.7	21.7	-999.9	0.0	1.1	96963.3	-999.9
Koutiala	1997	11	3	307	21.6	34.1	20.3	-999.9	0.0	1.3	96972.7	-999.9
Koutiala	1997	11	4	308	22.6	35.5	22.3	-999.9	0.0	2.1	96973.2	-999.9
Koutiala	1997	11	5	309	18.8	34.7	22.8	-999.9	0.0	1.8	97059.0	-999.9
Koutiala	1997	11	6	310	18.7	35.1	22.8	-999.9	0.0	1.6	97005.4	-999.9
Koutiala	1997	11	7	311	19.5	34.9	22.3	-999.9	0.0	1.3	97016.2	-999.9
Koutiala	1997	11	8	312	21.3	35.5	21.3	-999.9	0.0	1.8	97035.2	-999.9
Koutiala	1997	11	9	313	19.8	34.8	20.2	-999.9	1.9	1.9	97042.3	-999.9
Koutiala	1997	11	10	314	24.2	34.9	19.0	-999.9	0.0	1.6	96909.4	-999.9
Koutiala	1997	11	11	315	23.2	35.6	20.5	-999.9	0.0	1.7	96779.6	-999.9
Koutiala	1997	11	12	316	20.5	35.8	21.7	-999.9	0.0	1.9	96755.5	-999.9
Koutiala	1997	11	13	317	19.9	35.8	22.0	-999.9	0.0	2.3	96764.1	-999.9
Koutiala	1997	11	14	318	19.1	35.7	21.9	-999.9	0.0	1.8	96718.9	-999.9
Koutiala	1997	11	15	319	19.5	34.8	21.2	-999.9	0.0	1.8	96746.6	-999.9
Koutiala	1997	11	16	320	19.2	35.9	21.6	-999.9	0.0	2.4	96769.6	-999.9
Koutiala	1997	11	17	321	19.5	35.4	21.7	-999.9	0.0	2.5	96869.2	-999.9
Koutiala	1997	11	18	322	21.2	34.7	21.6	-999.9	0.0	2.6	96893.2	-999.9
Koutiala	1997	11	19	323	19.2	34.0	21.6	-999.9	0.0	1.5	96886.8	-999.9
Koutiala	1997	11	20	324	18.9	33.2	21.5	-999.9	0.0	1.8	96916.4	-999.9
Koutiala	1997	11	21	325	18.7	32.9	21.6	-999.9	0.0	2.1	96943.2	-999.9
Koutiala	1997	11	22	326	19.8	33.0	21.1	-999.9	0.0	2.2	97002.4	-999.9
Koutiala	1997	11	23	327	20.3	33.5	20.9	-999.9	0.0	2.3	97008.5	-999.9
Koutiala	1997	11	24	328	20.5	34.3	21.1	-999.9	0.0	2.5	96781.9	-999.9
Koutiala	1997	11	25	329	20.9	35.5	21.2	-999.9	0.0	2.6	96573.8	-999.9
Koutiala	1997	11	26	330	19.1	35.3	21.3	-999.9	0.0	2.1	96574.8	-999.9
Koutiala	1997	11	27	331	18.6	35.0	21.2	-999.9	0.0	2.0	96709.2	-999.9
Koutiala	1997	11	28	332	19.2	34.1	20.7	-999.9	0.0	1.8	96763.5	-999.9
Koutiala	1997	11	29	333	20.5	33.7	20.4	-999.9	0.0	2.1	96794.0	-999.9
Koutiala	1997	11	30	334	19.4	34.3	20.3	-999.9	0.0	2.0	96779.3	-999.9
Koutiala	1997	12	1	335	19.8	34.7	20.6	-999.9	0.0	2.0	96834.8	-999.9
Koutiala	1997	12	2	336	19.5	34.5	20.4	-999.9	0.0	1.4	96840.9	-999.9
Koutiala	1997	12	3	337	20.8	34.6	20.5	-999.9	0.0	1.4	96759.2	-999.9
Koutiala	1997	12	4	338	18.7	34.7	20.6	-999.9	0.0	1.9	96808.1	-999.9
Koutiala	1997	12	5	339	18.5	35.0	20.4	-999.9	0.0	1.9	96845.6	-999.9
Koutiala	1997	12	6	340	18.1	35.4	20.8	-999.9	0.0	2.1	96884.3	-999.9
Koutiala	1997	12	7	341	19.3	34.4	20.7	-999.9	0.0	2.2	97025.9	-999.9
Koutiala	1997	12	8	342	18.7	33.8	20.5	-999.9	0.0	2.2	96918.3	-999.9
Koutiala	1997	12	9	343	19.2	32.8	20.3	-999.9	0.0	2.4	96873.4	-999.9
Koutiala	1997	12	10	344	18.5	30.6	20.4	-999.9	0.0	2.7	96974.9	-999.9
Koutiala	1997	12	11	345	16.4	30.4	20.4	-999.9	0.6	2.6	97065.2	-999.9
Koutiala	1997	12	12	346	18.0	31.2	20.1	-999.9	0.2	2.3	97126.1	-999.9
Koutiala	1997	12	13	347	17.2	31.5	19.9	-999.9	0.0	2.4	97093.1	-999.9
Koutiala	1997	12	14	348	17.6	30.8	20.7	-999.9	0.2	2.4	97146.5	-999.9
Koutiala	1997	12	15	349	16.4	30.5	20.6	-999.9	0.0	1.8	97176.1	-999.9
Koutiala	1997	12	16	350	16.0	31.2	19.3	-999.9	0.0	1.7	97210.8	-999.9
Koutiala	1997	12	17	351	16.8	32.1	19.8	-999.9	0.0	2.0	97274.5	-999.9
Koutiala	1997	12	18	352	16.0	32.1	20.5	-999.9	0.0	2.0	97251.6	-999.9
Koutiala	1997	12	19	353	17.1	32.5	20.2	-999.9	0.0	2.0	97054.8	-999.9
Koutiala	1997	12	20	354	16.7	33.4	20.2	-999.9	0.0	1.8	96919.3	-999.9
Koutiala	1997	12	21	355	17.6	34.0	20.0	-999.9	0.0	2.1	96982.7	-999.9
Koutiala	1997	12	22	356	16.9	33.5	20.5	-999.9	0.0	2.2	97077.3	-999.9
Koutiala	1997	12	23	357	17.1	32.9	20.8	-999.9	0.0	2.4	97141.4	-999.9
Koutiala	1997	12	24	358	17.3	32.0	20.9	-999.9	0.0	2.9	97198.6	-999.9
Koutiala	1997	12	25	359	17.8	29.1	20.9	-999.9	0.0	3.2	97254.9	-999.9
Koutiala	1997	12	26	360	15.2	28.2	21.1	-999.9	0.0	2.9	97253.5	-999.9
Koutiala	1997	12	27	361	14.3	28.9	21.2	-999.9	0.0	2.6	97121.4	-999.9
Koutiala	1997	12	28	362	15.8	29.4	21.1	-999.9	0.0	2.5	97051.9	-999.9
Koutiala	1997	12	29	363	14.6	30.2	20.9	-999.9	0.0	1.9	96972.1	-999.9
Koutiala	1997	12	30	364	14.4	31.5	20.1	-999.9	0.0	1.5	96979.1	-999.9
Koutiala	1997	12	31	365	18.7	32.1	20.2	-999.9	0.0	2.0	96955.0	-999.9
