Koutiala	2002	1	1	1	19.2	34.4	20.1	-999.9	0.0	2.2	96838.4	-999.9
Koutiala	2002	1	2	2	19.5	33.3	20.4	-999.9	0.0	2.3	96945.9	-999.9
Koutiala	2002	1	3	3	18.9	31.5	20.5	-999.9	0.0	2.4	96978.5	-999.9
Koutiala	2002	1	4	4	17.8	32.0	20.7	-999.9	0.0	2.1	96929.5	-999.9
Koutiala	2002	1	5	5	17.7	32.2	20.7	-999.9	0.0	1.9	96788.9	-999.9
Koutiala	2002	1	6	6	17.8	32.9	20.0	-999.9	0.0	2.0	96686.6	-999.9
Koutiala	2002	1	7	7	19.4	32.1	18.3	-999.9	0.0	2.1	96548.6	-999.9
Koutiala	2002	1	8	8	22.2	31.3	15.9	-999.9	0.0	1.5	96756.1	-999.9
Koutiala	2002	1	9	9	21.8	33.4	17.1	-999.9	0.3	2.1	96998.2	-999.9
Koutiala	2002	1	10	10	20.4	32.7	20.6	-999.9	0.0	2.7	97098.4	-999.9
Koutiala	2002	1	11	11	20.6	29.3	16.4	-999.9	0.3	2.7	97294.2	-999.9
Koutiala	2002	1	12	12	19.2	28.8	17.1	-999.9	0.0	2.5	97273.9	-999.9
Koutiala	2002	1	13	13	18.2	29.9	20.7	-999.9	0.0	2.4	97159.1	-999.9
Koutiala	2002	1	14	14	18.0	30.4	20.8	-999.9	0.0	2.4	97096.5	-999.9
Koutiala	2002	1	15	15	17.4	30.4	20.9	-999.9	0.0	2.2	96988.3	-999.9
Koutiala	2002	1	16	16	17.5	30.9	21.0	-999.9	0.0	2.3	96936.0	-999.9
Koutiala	2002	1	17	17	17.7	31.6	20.9	-999.9	0.0	2.1	96890.2	-999.9
Koutiala	2002	1	18	18	18.0	32.4	21.1	-999.9	0.0	2.5	96860.6	-999.9
Koutiala	2002	1	19	19	18.2	32.5	21.0	-999.9	0.0	2.9	96926.6	-999.9
Koutiala	2002	1	20	20	19.1	32.1	21.1	-999.9	0.0	3.2	97124.0	-999.9
Koutiala	2002	1	21	21	18.4	32.0	21.2	-999.9	0.0	3.1	97195.2	-999.9
Koutiala	2002	1	22	22	18.1	32.0	21.3	-999.9	0.0	2.9	97205.6	-999.9
Koutiala	2002	1	23	23	18.5	33.0	21.3	-999.9	0.0	2.6	97120.6	-999.9
Koutiala	2002	1	24	24	19.7	33.6	21.5	-999.9	0.0	2.5	97121.2	-999.9
Koutiala	2002	1	25	25	19.2	32.8	21.6	-999.9	0.0	2.7	97155.5	-999.9
Koutiala	2002	1	26	26	19.1	32.1	21.7	-999.9	0.0	3.1	97150.8	-999.9
Koutiala	2002	1	27	27	18.5	32.2	21.9	-999.9	0.0	3.1	97114.7	-999.9
Koutiala	2002	1	28	28	18.0	32.3	22.0	-999.9	0.0	3.1	97086.4	-999.9
Koutiala	2002	1	29	29	18.3	31.4	19.5	-999.9	0.0	2.7	97116.1	-999.9
Koutiala	2002	1	30	30	18.1	32.8	22.0	-999.9	0.0	2.7	97145.2	-999.9
Koutiala	2002	1	31	31	20.2	29.8	14.4	-999.9	0.4	3.0	97132.9	-999.9
Koutiala	2002	2	1	32	17.9	32.2	22.1	-999.9	0.0	2.9	97051.4	-999.9
Koutiala	2002	2	2	33	18.2	32.8	22.0	-999.9	0.0	2.4	97083.2	-999.9
Koutiala	2002	2	3	34	18.6	33.0	21.9	-999.9	0.0	2.2	97077.2	-999.9
Koutiala	2002	2	4	35	18.8	33.8	22.2	-999.9	0.0	2.4	96995.6	-999.9
Koutiala	2002	2	5	36	19.4	32.4	19.8	-999.9	0.0	2.8	97001.7	-999.9
Koutiala	2002	2	6	37	18.3	31.7	22.2	-999.9	0.0	2.7	97004.2	-999.9
Koutiala	2002	2	7	38	17.0	32.8	22.4	-999.9	0.0	2.2	96939.8	-999.9
Koutiala	2002	2	8	39	17.2	32.9	22.6	-999.9	0.0	2.6	96974.2	-999.9
Koutiala	2002	2	9	40	17.6	31.2	22.6	-999.9	0.0	2.9	96962.0	-999.9
Koutiala	2002	2	10	41	16.2	31.5	22.3	-999.9	0.0	2.4	96979.7	-999.9
Koutiala	2002	2	11	42	16.4	32.4	22.6	-999.9	0.0	2.2	97015.2	-999.9
Koutiala	2002	2	12	43	18.0	33.2	22.8	-999.9	0.0	2.3	97050.2	-999.9
Koutiala	2002	2	13	44	18.1	33.3	22.8	-999.9	0.0	2.2	97021.5	-999.9
Koutiala	2002	2	14	45	17.4	33.6	22.9	-999.9	0.0	1.9	96969.9	-999.9
Koutiala	2002	2	15	46	18.1	34.1	23.0	-999.9	0.0	2.2	96948.7	-999.9
Koutiala	2002	2	16	47	18.3	35.3	23.0	-999.9	0.0	2.0	96873.6	-999.9
Koutiala	2002	2	17	48	19.0	36.0	22.9	-999.9	0.0	2.0	96835.2	-999.9
Koutiala	2002	2	18	49	20.8	36.7	22.1	-999.9	0.0	1.9	96784.6	-999.9
Koutiala	2002	2	19	50	20.9	36.8	22.9	-999.9	0.0	2.2	96818.6	-999.9
Koutiala	2002	2	20	51	20.5	38.0	23.5	-999.9	0.0	2.4	96793.4	-999.9
Koutiala	2002	2	21	52	20.0	37.6	23.5	-999.9	0.0	2.3	96629.7	-999.9
Koutiala	2002	2	22	53	19.7	37.4	23.5	-999.9	0.0	2.4	96537.5	-999.9
Koutiala	2002	2	23	54	21.3	36.7	23.2	-999.9	0.0	2.4	96733.5	-999.9
Koutiala	2002	2	24	55	21.7	37.1	23.2	-999.9	0.0	2.7	96831.5	-999.9
Koutiala	2002	2	25	56	22.3	36.3	23.8	-999.9	0.0	3.5	96867.4	-999.9
Koutiala	2002	2	26	57	20.6	33.9	23.8	-999.9	0.0	3.0	96911.4	-999.9
Koutiala	2002	2	27	58	18.8	33.5	24.0	-999.9	0.0	2.3	96877.3	-999.9
Koutiala	2002	2	28	59	19.2	35.6	23.9	-999.9	0.5	1.8	96642.7	-999.9
Koutiala	2002	3	1	60	19.5	35.9	23.4	-999.9	0.0	1.8	96605.0	-999.9
Koutiala	2002	3	2	61	22.4	36.0	21.6	-999.9	0.0	2.3	96613.3	-999.9
Koutiala	2002	3	3	62	24.5	35.6	19.9	-999.9	0.0	1.8	96715.7	-999.9
Koutiala	2002	3	4	63	25.1	37.5	23.1	-999.9	0.0	1.9	96587.7	-999.9
Koutiala	2002	3	5	64	23.1	38.4	24.5	-999.9	0.0	1.9	96482.7	-999.9
Koutiala	2002	3	6	65	21.7	36.8	24.5	-999.9	0.0	1.7	96556.1	-999.9
Koutiala	2002	3	7	66	21.6	36.7	24.5	-999.9	0.0	2.0	96667.5	-999.9
Koutiala	2002	3	8	67	22.5	35.7	24.4	-999.9	0.0	1.6	96686.7	-999.9
Koutiala	2002	3	9	68	21.8	35.0	24.5	-999.9	0.0	1.9	96694.9	-999.9
Koutiala	2002	3	10	69	21.7	35.0	24.6	-999.9	0.0	2.0	96821.2	-999.9
Koutiala	2002	3	11	70	21.0	36.7	24.6	-999.9	0.0	1.9	96793.8	-999.9
Koutiala	2002	3	12	71	22.3	37.4	24.0	-999.9	0.0	1.8	96751.5	-999.9
Koutiala	2002	3	13	72	24.0	37.8	23.9	-999.9	0.0	1.7	96683.6	-999.9
Koutiala	2002	3	14	73	22.3	37.7	23.5	-999.9	0.0	1.6	96615.6	-999.9
Koutiala	2002	3	15	74	25.0	39.1	24.9	-999.9	0.0	2.4	96598.5	-999.9
Koutiala	2002	3	16	75	24.5	38.4	24.8	-999.9	0.0	2.4	96584.5	-999.9
Koutiala	2002	3	17	76	24.1	37.1	25.1	-999.9	0.0	2.7	96609.5	-999.9
Koutiala	2002	3	18	77	21.4	35.8	24.8	-999.9	0.0	2.2	96692.7	-999.9
Koutiala	2002	3	19	78	22.4	36.6	25.2	-999.9	0.0	2.4	96711.6	-999.9
Koutiala	2002	3	20	79	23.7	37.5	25.4	-999.9	0.0	2.5	96750.6	-999.9
Koutiala	2002	3	21	80	25.2	38.0	25.4	-999.9	0.0	2.7	96700.2	-999.9
Koutiala	2002	3	22	81	22.4	37.6	25.4	-999.9	0.0	2.1	96596.1	-999.9
Koutiala	2002	3	23	82	21.8	37.1	24.4	-999.9	0.0	1.7	96618.8	-999.9
Koutiala	2002	3	24	83	25.7	36.2	21.5	-999.9	0.0	1.6	96608.3	-999.9
Koutiala	2002	3	25	84	25.7	36.5	19.2	-999.9	0.0	1.9	96625.2	-999.9
Koutiala	2002	3	26	85	24.3	38.6	25.2	-999.9	0.0	1.8	96574.1	-999.9
Koutiala	2002	3	27	86	23.6	37.8	23.9	-999.9	0.0	1.6	96601.8	-999.9
Koutiala	2002	3	28	87	23.8	37.5	23.9	-999.9	0.0	1.4	96532.5	-999.9
Koutiala	2002	3	29	88	26.9	37.3	22.5	-999.9	0.0	1.9	96568.9	-999.9
Koutiala	2002	3	30	89	25.9	38.1	23.2	-999.9	0.0	2.2	96615.5	-999.9
Koutiala	2002	3	31	90	27.4	38.9	23.9	-999.9	0.0	1.7	96553.7	-999.9
Koutiala	2002	4	1	91	27.9	39.8	24.5	-999.9	0.0	1.8	96470.7	-999.9
Koutiala	2002	4	2	92	26.8	39.4	24.0	-999.9	0.0	1.3	96537.0	-999.9
Koutiala	2002	4	3	93	27.5	38.7	25.3	-999.9	0.0	1.7	96660.3	-999.9
Koutiala	2002	4	4	94	27.0	38.5	25.0	-999.9	0.0	1.7	96489.8	-999.9
Koutiala	2002	4	5	95	26.8	38.1	24.2	-999.9	0.0	2.1	96337.4	-999.9
Koutiala	2002	4	6	96	27.3	37.7	23.0	-999.9	0.0	2.2	96347.9	-999.9
Koutiala	2002	4	7	97	26.5	35.7	23.2	-999.9	0.0	1.8	96473.0	-999.9
Koutiala	2002	4	8	98	24.5	33.7	20.7	-999.9	8.2	1.8	96607.6	-999.9
Koutiala	2002	4	9	99	25.3	34.9	23.7	-999.9	0.0	2.0	96578.6	-999.9
Koutiala	2002	4	10	100	25.0	37.5	25.2	-999.9	0.0	2.0	96390.6	-999.9
Koutiala	2002	4	11	101	24.3	38.1	24.4	-999.9	0.0	2.1	96274.5	-999.9
Koutiala	2002	4	12	102	26.6	37.4	24.1	-999.9	0.0	1.8	96437.2	-999.9
Koutiala	2002	4	13	103	27.0	37.7	24.9	-999.9	0.0	1.8	96521.9	-999.9
Koutiala	2002	4	14	104	25.9	37.9	24.2	-999.9	0.0	1.4	96517.6	-999.9
Koutiala	2002	4	15	105	26.7	37.8	24.3	-999.9	0.0	1.6	96548.7	-999.9
Koutiala	2002	4	16	106	27.1	38.2	24.4	-999.9	0.0	1.7	96596.8	-999.9
Koutiala	2002	4	17	107	24.5	38.7	25.4	-999.9	0.0	2.2	96663.6	-999.9
Koutiala	2002	4	18	108	23.9	38.5	26.4	-999.9	0.0	1.7	96625.8	-999.9
Koutiala	2002	4	19	109	23.0	37.7	25.7	-999.9	0.0	1.7	96564.7	-999.9
Koutiala	2002	4	20	110	25.6	37.0	23.4	-999.9	3.4	1.7	96622.1	-999.9
Koutiala	2002	4	21	111	26.7	37.1	24.4	-999.9	4.3	1.5	96610.6	-999.9
Koutiala	2002	4	22	112	26.9	36.8	22.4	-999.9	0.0	2.2	96589.0	-999.9
Koutiala	2002	4	23	113	25.9	38.9	25.7	-999.9	0.0	2.4	96477.3	-999.9
Koutiala	2002	4	24	114	24.0	37.6	26.5	-999.9	0.0	2.3	96477.2	-999.9
Koutiala	2002	4	25	115	24.0	37.4	25.3	-999.9	0.0	2.1	96476.4	-999.9
Koutiala	2002	4	26	116	24.2	38.4	26.0	-999.9	0.0	1.6	96437.1	-999.9
Koutiala	2002	4	27	117	24.9	39.6	26.3	-999.9	0.0	1.4	96380.3	-999.9
Koutiala	2002	4	28	118	26.0	39.8	26.0	-999.9	0.0	2.7	96392.1	-999.9
Koutiala	2002	4	29	119	28.2	38.3	24.4	-999.9	0.0	2.8	96609.5	-999.9
Koutiala	2002	4	30	120	28.3	38.1	23.2	-999.9	0.0	2.4	96652.1	-999.9
Koutiala	2002	5	1	121	27.5	38.1	22.5	-999.9	0.0	2.1	96518.2	-999.9
Koutiala	2002	5	2	122	28.1	37.7	23.5	-999.9	0.0	3.0	96434.5	-999.9
Koutiala	2002	5	3	123	27.7	37.5	23.1	-999.9	0.0	2.4	96521.2	-999.9
Koutiala	2002	5	4	124	27.1	37.2	22.8	-999.9	15.4	1.9	96710.1	-999.9
Koutiala	2002	5	5	125	24.8	34.9	22.0	-999.9	15.4	2.1	96808.1	-999.9
Koutiala	2002	5	6	126	27.0	36.1	23.1	-999.9	0.0	2.5	96710.5	-999.9
Koutiala	2002	5	7	127	27.0	36.4	21.5	-999.9	5.3	2.6	96678.2	-999.9
Koutiala	2002	5	8	128	25.6	33.6	21.4	-999.9	2.6	1.5	96877.9	-999.9
Koutiala	2002	5	9	129	26.0	35.3	22.2	-999.9	2.6	1.6	97054.6	-999.9
Koutiala	2002	5	10	130	25.5	37.5	23.9	-999.9	0.0	1.9	96926.7	-999.9
Koutiala	2002	5	11	131	23.6	38.5	26.1	-999.9	0.0	1.8	96775.5	-999.9
Koutiala	2002	5	12	132	23.4	38.1	25.3	-999.9	0.0	1.6	96721.5	-999.9
Koutiala	2002	5	13	133	25.2	39.1	25.2	-999.9	0.0	1.6	96684.1	-999.9
Koutiala	2002	5	14	134	26.2	37.8	25.1	-999.9	0.0	2.7	96816.0	-999.9
Koutiala	2002	5	15	135	26.3	37.2	22.9	-999.9	0.0	2.1	96909.5	-999.9
Koutiala	2002	5	16	136	26.9	38.8	24.9	-999.9	0.0	2.2	96730.9	-999.9
Koutiala	2002	5	17	137	28.2	39.4	25.0	-999.9	0.0	2.5	96526.8	-999.9
Koutiala	2002	5	18	138	27.2	38.5	24.5	-999.9	0.0	2.2	96663.8	-999.9
Koutiala	2002	5	19	139	26.6	36.7	22.8	-999.9	4.3	2.0	96769.2	-999.9
Koutiala	2002	5	20	140	27.0	37.6	23.1	-999.9	0.0	2.1	96650.5	-999.9
Koutiala	2002	5	21	141	26.2	36.3	23.7	-999.9	0.0	1.3	96751.8	-999.9
Koutiala	2002	5	22	142	25.9	35.8	20.5	-999.9	0.0	1.6	96745.9	-999.9
Koutiala	2002	5	23	143	26.6	36.3	22.8	-999.9	0.0	2.4	96733.3	-999.9
Koutiala	2002	5	24	144	26.7	34.5	17.9	-999.9	0.0	1.9	96782.0	-999.9
Koutiala	2002	5	25	145	25.8	38.6	25.1	-999.9	0.0	2.3	96686.7	-999.9
Koutiala	2002	5	26	146	28.5	39.4	23.6	-999.9	0.0	2.3	96566.5	-999.9
Koutiala	2002	5	27	147	28.7	38.9	24.4	-999.9	0.0	2.5	96530.3	-999.9
Koutiala	2002	5	28	148	28.4	38.5	24.3	-999.9	4.0	2.8	96564.3	-999.9
Koutiala	2002	5	29	149	26.8	37.8	23.7	-999.9	12.0	2.2	96739.5	-999.9
Koutiala	2002	5	30	150	26.7	37.6	23.4	-999.9	0.0	2.2	96810.8	-999.9
Koutiala	2002	5	31	151	27.7	39.7	24.5	-999.9	0.0	2.6	96726.8	-999.9
Koutiala	2002	6	1	152	26.0	39.2	25.2	-999.9	0.0	3.1	96639.1	-999.9
Koutiala	2002	6	2	153	27.2	38.3	24.8	-999.9	0.0	2.3	96607.1	-999.9
Koutiala	2002	6	3	154	27.7	36.8	23.6	-999.9	26.2	2.9	96665.8	-999.9
Koutiala	2002	6	4	155	25.1	33.8	22.2	-999.9	0.0	2.4	96935.8	-999.9
Koutiala	2002	6	5	156	25.3	34.5	23.3	-999.9	0.0	1.6	96987.1	-999.9
Koutiala	2002	6	6	157	26.8	35.4	20.5	-999.9	3.2	2.0	96835.2	-999.9
Koutiala	2002	6	7	158	26.4	36.9	22.2	-999.9	9.7	2.7	96763.0	-999.9
Koutiala	2002	6	8	159	26.0	36.6	24.7	-999.9	0.0	2.4	96789.6	-999.9
Koutiala	2002	6	9	160	26.8	37.9	24.4	-999.9	0.0	2.3	96641.1	-999.9
Koutiala	2002	6	10	161	25.7	35.4	21.4	-999.9	9.7	2.6	96795.9	-999.9
Koutiala	2002	6	11	162	25.3	36.3	23.3	-999.9	0.0	2.7	96950.7	-999.9
Koutiala	2002	6	12	163	25.1	36.0	24.5	-999.9	0.0	2.4	96966.5	-999.9
Koutiala	2002	6	13	164	26.2	38.2	25.0	-999.9	0.0	3.0	96773.5	-999.9
Koutiala	2002	6	14	165	26.0	36.3	24.9	-999.9	18.2	3.5	96768.0	-999.9
Koutiala	2002	6	15	166	25.6	32.7	20.4	-999.9	0.0	2.5	96911.9	-999.9
Koutiala	2002	6	16	167	24.3	34.3	23.8	-999.9	0.0	2.3	96957.7	-999.9
Koutiala	2002	6	17	168	24.0	34.2	23.9	-999.9	0.0	2.0	96994.7	-999.9
Koutiala	2002	6	18	169	24.4	33.5	23.5	-999.9	10.3	2.5	96961.2	-999.9
Koutiala	2002	6	19	170	25.2	34.3	23.2	-999.9	10.3	2.8	96834.3	-999.9
Koutiala	2002	6	20	171	24.4	33.1	23.1	-999.9	0.0	1.8	96952.0	-999.9
Koutiala	2002	6	21	172	25.7	34.1	21.6	-999.9	0.0	1.9	97037.0	-999.9
Koutiala	2002	6	22	173	25.8	35.6	23.9	-999.9	0.0	2.2	96998.0	-999.9
Koutiala	2002	6	23	174	26.6	34.7	23.0	-999.9	8.3	2.9	96981.5	-999.9
Koutiala	2002	6	24	175	25.8	32.8	20.2	-999.9	4.2	2.6	97077.0	-999.9
Koutiala	2002	6	25	176	23.4	29.9	13.7	-999.9	12.5	2.2	97215.0	-999.9
Koutiala	2002	6	26	177	24.5	32.8	22.8	-999.9	0.0	1.4	97181.7	-999.9
Koutiala	2002	6	27	178	24.6	32.6	19.3	-999.9	9.2	2.3	97059.3	-999.9
Koutiala	2002	6	28	179	23.9	33.6	21.4	-999.9	0.0	2.6	97021.8	-999.9
Koutiala	2002	6	29	180	24.7	34.1	23.7	-999.9	0.0	2.3	97086.5	-999.9
Koutiala	2002	6	30	181	25.0	34.3	22.2	-999.9	0.0	1.9	97079.1	-999.9
Koutiala	2002	7	1	182	25.2	34.8	23.8	-999.9	0.0	2.4	97008.6	-999.9
Koutiala	2002	7	2	183	24.3	32.2	20.3	-999.9	10.7	2.2	97047.1	-999.9
Koutiala	2002	7	3	184	23.2	31.9	20.2	-999.9	10.7	2.1	97051.7	-999.9
Koutiala	2002	7	4	185	24.3	32.3	20.3	-999.9	21.5	2.1	97032.0	-999.9
Koutiala	2002	7	5	186	24.2	33.3	23.0	-999.9	0.0	2.0	97036.7	-999.9
Koutiala	2002	7	6	187	24.9	34.8	23.5	-999.9	0.0	1.6	96972.9	-999.9
Koutiala	2002	7	7	188	25.4	32.9	19.6	-999.9	21.7	2.4	97013.2	-999.9
Koutiala	2002	7	8	189	23.2	33.9	22.7	-999.9	0.0	2.0	97049.9	-999.9
Koutiala	2002	7	9	190	25.6	34.7	23.9	-999.9	10.8	2.4	97003.9	-999.9
Koutiala	2002	7	10	191	24.6	32.4	20.5	-999.9	12.4	3.2	97001.2	-999.9
Koutiala	2002	7	11	192	24.7	32.7	22.6	-999.9	0.0	2.2	97022.5	-999.9
Koutiala	2002	7	12	193	23.6	33.0	22.0	-999.9	12.3	1.6	97001.1	-999.9
Koutiala	2002	7	13	194	24.7	32.9	21.1	-999.9	0.0	1.9	96999.4	-999.9
Koutiala	2002	7	14	195	25.1	34.6	24.1	-999.9	18.4	2.3	96924.5	-999.9
Koutiala	2002	7	15	196	23.9	30.8	18.4	-999.9	0.0	3.0	96941.8	-999.9
Koutiala	2002	7	16	197	23.6	28.8	13.5	-999.9	9.8	2.2	97033.7	-999.9
Koutiala	2002	7	17	198	24.0	29.6	17.6	-999.9	0.0	2.0	97041.7	-999.9
Koutiala	2002	7	18	199	23.4	31.0	21.6	-999.9	0.0	2.0	96903.1	-999.9
Koutiala	2002	7	19	200	23.4	32.0	21.8	-999.9	0.0	2.1	96880.2	-999.9
Koutiala	2002	7	20	201	24.0	31.8	21.3	-999.9	19.6	1.8	96975.1	-999.9
Koutiala	2002	7	21	202	23.5	31.2	17.2	-999.9	0.0	1.1	96973.6	-999.9
Koutiala	2002	7	22	203	24.5	32.3	21.3	-999.9	18.8	1.9	96920.9	-999.9
Koutiala	2002	7	23	204	23.8	31.7	23.1	-999.9	0.0	2.4	97014.3	-999.9
Koutiala	2002	7	24	205	22.5	31.0	19.5	-999.9	9.4	2.3	97211.2	-999.9
Koutiala	2002	7	25	206	22.3	32.9	24.0	-999.9	0.0	2.8	97043.1	-999.9
Koutiala	2002	7	26	207	24.0	31.9	20.2	-999.9	0.0	3.1	96882.5	-999.9
Koutiala	2002	7	27	208	23.9	31.2	20.8	-999.9	17.4	2.8	96922.2	-999.9
Koutiala	2002	7	28	209	22.8	30.1	18.4	-999.9	17.4	2.3	97110.8	-999.9
Koutiala	2002	7	29	210	23.0	28.2	12.9	-999.9	26.1	1.5	97199.1	-999.9
Koutiala	2002	7	30	211	23.0	29.4	17.5	-999.9	0.0	1.6	97077.1	-999.9
Koutiala	2002	7	31	212	23.0	31.1	21.4	-999.9	9.9	2.1	96839.6	-999.9
Koutiala	2002	8	1	213	22.8	29.3	15.7	-999.9	10.7	2.4	96798.1	-999.9
Koutiala	2002	8	2	214	23.5	28.1	14.7	-999.9	10.7	1.9	96921.0	-999.9
Koutiala	2002	8	3	215	22.6	29.7	19.8	-999.9	0.0	1.9	97067.5	-999.9
Koutiala	2002	8	4	216	21.6	30.2	18.6	-999.9	0.0	2.3	96985.2	-999.9
Koutiala	2002	8	5	217	23.1	31.3	22.9	-999.9	0.0	3.0	96794.5	-999.9
Koutiala	2002	8	6	218	23.0	29.7	17.6	-999.9	22.6	2.4	96829.9	-999.9
Koutiala	2002	8	7	219	22.0	28.9	18.7	-999.9	0.0	2.3	96974.9	-999.9
Koutiala	2002	8	8	220	22.4	29.1	18.1	-999.9	0.0	2.1	97064.8	-999.9
Koutiala	2002	8	9	221	22.5	30.5	22.3	-999.9	7.5	2.0	97044.9	-999.9
Koutiala	2002	8	10	222	23.0	29.5	17.3	-999.9	15.1	1.5	96957.6	-999.9
Koutiala	2002	8	11	223	22.1	30.2	20.2	-999.9	0.0	1.7	97025.2	-999.9
Koutiala	2002	8	12	224	22.6	29.8	19.3	-999.9	17.9	2.0	97092.6	-999.9
Koutiala	2002	8	13	225	23.4	29.7	19.7	-999.9	0.0	1.6	97126.8	-999.9
Koutiala	2002	8	14	226	23.3	31.4	22.4	-999.9	17.9	1.9	97114.1	-999.9
Koutiala	2002	8	15	227	23.5	27.6	11.9	-999.9	0.0	2.5	97121.1	-999.9
Koutiala	2002	8	16	228	22.3	29.2	18.3	-999.9	0.0	2.3	97136.0	-999.9
Koutiala	2002	8	17	229	23.1	30.2	20.8	-999.9	0.0	1.9	97001.2	-999.9
Koutiala	2002	8	18	230	22.5	25.5	7.9	-999.9	0.0	1.7	96889.8	-999.9
Koutiala	2002	8	19	231	22.0	29.4	21.3	-999.9	0.0	2.0	96991.9	-999.9
Koutiala	2002	8	20	232	22.8	29.6	20.6	-999.9	0.0	1.8	97062.0	-999.9
Koutiala	2002	8	21	233	22.8	28.1	14.2	-999.9	37.4	1.7	97026.5	-999.9
Koutiala	2002	8	22	234	22.4	29.1	19.0	-999.9	0.0	2.2	97033.7	-999.9
Koutiala	2002	8	23	235	21.9	30.6	21.5	-999.9	0.0	2.1	97022.0	-999.9
Koutiala	2002	8	24	236	21.9	30.8	21.7	-999.9	0.0	1.2	96961.5	-999.9
Koutiala	2002	8	25	237	23.1	30.9	22.3	-999.9	37.4	1.6	96977.1	-999.9
Koutiala	2002	8	26	238	22.8	29.7	20.2	-999.9	24.8	1.3	96907.1	-999.9
Koutiala	2002	8	27	239	22.8	27.9	13.9	-999.9	8.3	1.7	96830.9	-999.9
Koutiala	2002	8	28	240	22.4	28.6	19.0	-999.9	0.0	2.0	96921.6	-999.9
Koutiala	2002	8	29	241	21.9	29.9	21.3	-999.9	8.3	1.6	96980.4	-999.9
Koutiala	2002	8	30	242	23.6	28.3	13.2	-999.9	0.0	1.9	96968.4	-999.9
Koutiala	2002	8	31	243	22.7	28.4	18.7	-999.9	0.0	2.1	97056.7	-999.9
Koutiala	2002	9	1	244	21.6	30.2	23.6	-999.9	0.0	1.5	96940.3	-999.9
Koutiala	2002	9	2	245	23.2	30.7	23.1	-999.9	11.8	1.9	96899.9	-999.9
Koutiala	2002	9	3	246	23.0	31.6	23.0	-999.9	0.0	1.4	96979.0	-999.9
Koutiala	2002	9	4	247	24.2	32.9	22.1	-999.9	5.9	2.2	96770.8	-999.9
Koutiala	2002	9	5	248	22.9	28.0	15.6	-999.9	0.0	2.8	96918.3	-999.9
Koutiala	2002	9	6	249	21.4	29.6	19.9	-999.9	0.0	2.4	97049.0	-999.9
Koutiala	2002	9	7	250	23.1	29.1	18.0	-999.9	31.7	2.3	96911.1	-999.9
Koutiala	2002	9	8	251	22.0	28.2	16.7	-999.9	0.0	1.8	97013.2	-999.9
Koutiala	2002	9	9	252	21.6	29.8	22.2	-999.9	0.0	1.3	97131.1	-999.9
Koutiala	2002	9	10	253	23.5	29.5	20.3	-999.9	0.0	1.7	96998.4	-999.9
Koutiala	2002	9	11	254	22.2	30.1	21.4	-999.9	0.0	1.7	96872.2	-999.9
Koutiala	2002	9	12	255	22.9	30.4	23.7	-999.9	0.0	1.9	96949.0	-999.9
Koutiala	2002	9	13	256	22.7	30.1	22.9	-999.9	22.1	1.7	97046.8	-999.9
Koutiala	2002	9	14	257	22.6	28.5	14.7	-999.9	11.1	1.0	97126.4	-999.9
Koutiala	2002	9	15	258	22.3	29.8	21.2	-999.9	0.0	1.0	97113.7	-999.9
Koutiala	2002	9	16	259	23.0	30.0	22.4	-999.9	0.0	1.6	97116.8	-999.9
Koutiala	2002	9	17	260	23.3	30.0	21.7	-999.9	26.3	2.3	96992.4	-999.9
Koutiala	2002	9	18	261	23.5	29.9	19.6	-999.9	0.0	1.5	96794.1	-999.9
Koutiala	2002	9	19	262	22.0	28.7	17.5	-999.9	0.0	1.8	96875.5	-999.9
Koutiala	2002	9	20	263	22.6	28.8	18.2	-999.9	0.0	1.8	97076.8	-999.9
Koutiala	2002	9	21	264	21.5	30.9	22.9	-999.9	0.0	1.4	97027.7	-999.9
Koutiala	2002	9	22	265	23.8	32.2	22.8	-999.9	0.0	2.3	96849.9	-999.9
Koutiala	2002	9	23	266	22.6	30.1	19.5	-999.9	0.0	2.0	96965.9	-999.9
Koutiala	2002	9	24	267	23.5	31.4	22.8	-999.9	16.2	1.9	96987.4	-999.9
Koutiala	2002	9	25	268	22.5	31.2	21.2	-999.9	0.0	1.5	96972.8	-999.9
Koutiala	2002	9	26	269	22.6	32.0	23.9	-999.9	0.0	1.8	96981.6	-999.9
Koutiala	2002	9	27	270	23.9	32.6	22.4	-999.9	0.0	1.9	96872.8	-999.9
Koutiala	2002	9	28	271	24.4	31.8	20.2	-999.9	0.0	3.1	96793.1	-999.9
Koutiala	2002	9	29	272	24.3	31.2	18.5	-999.9	11.0	3.1	96831.1	-999.9
Koutiala	2002	9	30	273	23.5	32.4	22.8	-999.9	0.0	2.9	96818.6	-999.9
Koutiala	2002	10	1	274	23.1	34.7	23.5	-999.9	0.0	2.7	96766.6	-999.9
Koutiala	2002	10	2	275	21.7	35.1	24.7	-999.9	0.0	2.0	96658.2	-999.9
Koutiala	2002	10	3	276	21.6	33.5	21.5	-999.9	0.0	2.0	96720.5	-999.9
Koutiala	2002	10	4	277	23.9	33.5	20.8	-999.9	3.1	2.4	96810.7	-999.9
Koutiala	2002	10	5	278	22.1	30.6	18.7	-999.9	3.1	1.9	96959.4	-999.9
Koutiala	2002	10	6	279	22.5	28.3	14.3	-999.9	6.5	1.4	96919.5	-999.9
Koutiala	2002	10	7	280	21.4	28.7	18.6	-999.9	0.0	1.3	96923.3	-999.9
Koutiala	2002	10	8	281	21.8	28.6	16.3	-999.9	5.7	1.1	96951.0	-999.9
Koutiala	2002	10	9	282	22.5	30.4	20.0	-999.9	0.0	1.4	96876.8	-999.9
Koutiala	2002	10	10	283	22.5	30.9	20.0	-999.9	0.0	1.6	96980.7	-999.9
Koutiala	2002	10	11	284	22.3	31.7	21.3	-999.9	4.0	1.2	97127.8	-999.9
Koutiala	2002	10	12	285	22.9	32.6	22.5	-999.9	0.0	1.9	96951.0	-999.9
Koutiala	2002	10	13	286	23.6	32.6	22.0	-999.9	0.0	1.7	96772.0	-999.9
Koutiala	2002	10	14	287	24.3	32.6	21.3	-999.9	0.0	1.8	96875.7	-999.9
Koutiala	2002	10	15	288	23.7	32.6	21.2	-999.9	0.0	1.8	96896.2	-999.9
Koutiala	2002	10	16	289	22.4	32.0	19.9	-999.9	0.0	1.2	96883.1	-999.9
Koutiala	2002	10	17	290	22.9	32.6	21.4	-999.9	0.0	1.5	96884.0	-999.9
Koutiala	2002	10	18	291	23.2	32.3	21.3	-999.9	0.0	1.7	96849.0	-999.9
Koutiala	2002	10	19	292	22.9	33.1	20.7	-999.9	0.0	1.2	96794.4	-999.9
Koutiala	2002	10	20	293	23.5	33.8	20.9	-999.9	9.6	1.6	96852.7	-999.9
Koutiala	2002	10	21	294	21.9	34.5	22.2	-999.9	0.0	1.4	96771.2	-999.9
Koutiala	2002	10	22	295	22.6	33.2	19.5	-999.9	0.0	1.5	96797.8	-999.9
Koutiala	2002	10	23	296	22.9	33.8	19.9	-999.9	0.0	1.3	96819.8	-999.9
Koutiala	2002	10	24	297	22.8	34.8	21.2	-999.9	0.0	1.8	96796.7	-999.9
Koutiala	2002	10	25	298	22.9	33.9	20.4	-999.9	0.0	1.4	96778.6	-999.9
Koutiala	2002	10	26	299	22.5	34.1	20.2	-999.9	0.0	1.3	96787.8	-999.9
Koutiala	2002	10	27	300	22.0	35.6	22.5	-999.9	0.0	1.4	96760.2	-999.9
Koutiala	2002	10	28	301	22.0	35.5	22.1	-999.9	0.0	1.2	96725.6	-999.9
Koutiala	2002	10	29	302	23.3	34.5	20.3	-999.9	0.0	1.4	96735.8	-999.9
Koutiala	2002	10	30	303	23.6	34.7	20.0	-999.9	0.0	1.6	96761.3	-999.9
Koutiala	2002	10	31	304	23.3	34.3	19.7	-999.9	0.0	1.4	96869.8	-999.9
Koutiala	2002	11	1	305	20.0	34.2	20.6	-999.9	0.0	1.4	96826.4	-999.9
Koutiala	2002	11	2	306	20.7	34.6	22.3	-999.9	0.0	1.9	96764.7	-999.9
Koutiala	2002	11	3	307	19.9	35.1	22.1	-999.9	0.0	1.8	96714.2	-999.9
Koutiala	2002	11	4	308	21.1	34.2	22.1	-999.9	0.0	1.6	96822.9	-999.9
Koutiala	2002	11	5	309	20.9	33.4	20.1	-999.9	0.0	1.0	96901.8	-999.9
Koutiala	2002	11	6	310	19.8	34.5	21.7	-999.9	0.0	1.9	96994.8	-999.9
Koutiala	2002	11	7	311	22.6	34.0	19.1	-999.9	2.7	1.8	97018.1	-999.9
Koutiala	2002	11	8	312	22.6	34.5	21.4	-999.9	0.0	2.2	97053.9	-999.9
Koutiala	2002	11	9	313	23.5	34.2	21.5	-999.9	0.0	2.4	97072.0	-999.9
Koutiala	2002	11	10	314	21.9	34.2	20.9	-999.9	0.0	2.6	97000.4	-999.9
Koutiala	2002	11	11	315	23.6	34.9	20.4	-999.9	0.0	2.5	96917.9	-999.9
Koutiala	2002	11	12	316	21.8	35.0	19.5	-999.9	0.0	1.9	97024.6	-999.9
Koutiala	2002	11	13	317	22.3	36.2	21.2	-999.9	0.0	2.0	96991.9	-999.9
Koutiala	2002	11	14	318	21.6	35.3	20.6	-999.9	0.0	1.5	96886.6	-999.9
Koutiala	2002	11	15	319	24.1	34.9	19.7	-999.9	0.0	1.6	96865.5	-999.9
Koutiala	2002	11	16	320	23.6	36.0	20.7	-999.9	0.0	1.4	96811.1	-999.9
Koutiala	2002	11	17	321	22.6	35.9	20.6	-999.9	0.0	2.0	96872.0	-999.9
Koutiala	2002	11	18	322	20.9	36.0	21.4	-999.9	0.0	1.9	96841.5	-999.9
Koutiala	2002	11	19	323	20.5	36.2	21.5	-999.9	0.0	2.0	96783.6	-999.9
Koutiala	2002	11	20	324	20.6	35.8	21.2	-999.9	0.0	1.9	96828.3	-999.9
Koutiala	2002	11	21	325	20.3	36.2	21.6	-999.9	0.0	2.4	96837.6	-999.9
Koutiala	2002	11	22	326	20.0	35.0	21.5	-999.9	0.0	2.3	96880.8	-999.9
Koutiala	2002	11	23	327	19.5	35.5	21.5	-999.9	0.0	2.2	96961.7	-999.9
Koutiala	2002	11	24	328	19.7	35.7	21.6	-999.9	0.0	2.2	96982.9	-999.9
Koutiala	2002	11	25	329	20.8	34.9	21.4	-999.9	0.0	2.1	96950.9	-999.9
Koutiala	2002	11	26	330	19.4	34.4	20.3	-999.9	0.0	2.0	96920.4	-999.9
Koutiala	2002	11	27	331	18.3	34.4	19.6	-999.9	0.0	2.0	96897.2	-999.9
Koutiala	2002	11	28	332	17.2	34.6	21.2	-999.9	0.0	2.0	96900.4	-999.9
Koutiala	2002	11	29	333	17.8	34.4	21.0	-999.9	0.0	2.0	96907.6	-999.9
Koutiala	2002	11	30	334	17.4	34.4	20.3	-999.9	0.0	2.2	96961.9	-999.9
Koutiala	2002	12	1	335	19.8	34.2	20.6	-999.9	0.0	2.4	96928.5	-999.9
Koutiala	2002	12	2	336	19.3	33.7	20.8	-999.9	0.0	2.2	96842.5	-999.9
Koutiala	2002	12	3	337	19.7	34.1	20.7	-999.9	0.0	2.1	96869.4	-999.9
Koutiala	2002	12	4	338	19.6	33.7	20.4	-999.9	0.0	1.9	96904.4	-999.9
Koutiala	2002	12	5	339	19.7	33.3	20.3	-999.9	0.0	2.2	96789.2	-999.9
Koutiala	2002	12	6	340	19.4	33.1	19.9	-999.9	0.5	2.0	96672.3	-999.9
Koutiala	2002	12	7	341	19.4	33.7	20.2	-999.9	0.2	1.9	96705.1	-999.9
Koutiala	2002	12	8	342	19.4	33.5	20.2	-999.9	0.0	2.3	96858.4	-999.9
Koutiala	2002	12	9	343	20.7	33.9	19.8	-999.9	0.0	2.9	97006.8	-999.9
Koutiala	2002	12	10	344	22.5	31.3	17.2	-999.9	0.0	3.9	97235.0	-999.9
Koutiala	2002	12	11	345	20.8	29.9	15.8	-999.9	0.0	3.7	97359.7	-999.9
Koutiala	2002	12	12	346	21.7	31.4	18.4	-999.9	0.0	3.3	97377.1	-999.9
Koutiala	2002	12	13	347	19.1	33.6	19.9	-999.9	0.0	2.8	97343.9	-999.9
Koutiala	2002	12	14	348	22.0	34.7	20.2	-999.9	0.0	3.1	97237.7	-999.9
Koutiala	2002	12	15	349	21.0	35.4	20.4	-999.9	0.0	2.5	97044.3	-999.9
Koutiala	2002	12	16	350	19.1	35.5	20.2	-999.9	0.0	2.4	96939.1	-999.9
Koutiala	2002	12	17	351	22.4	34.5	20.3	-999.9	0.0	3.1	97041.5	-999.9
Koutiala	2002	12	18	352	20.4	32.6	20.7	-999.9	0.0	2.6	97086.4	-999.9
Koutiala	2002	12	19	353	16.3	32.6	20.7	-999.9	0.0	1.7	97095.6	-999.9
Koutiala	2002	12	20	354	17.5	33.4	20.6	-999.9	0.0	2.1	97082.4	-999.9
Koutiala	2002	12	21	355	18.2	33.1	20.7	-999.9	0.0	2.3	97054.8	-999.9
Koutiala	2002	12	22	356	18.1	32.7	21.0	-999.9	0.0	2.7	97122.5	-999.9
Koutiala	2002	12	23	357	18.1	32.0	20.9	-999.9	0.0	3.1	97207.3	-999.9
Koutiala	2002	12	24	358	18.3	31.4	20.9	-999.9	0.0	2.8	97275.7	-999.9
Koutiala	2002	12	25	359	18.4	31.2	20.9	-999.9	0.0	2.9	97386.8	-999.9
Koutiala	2002	12	26	360	17.6	30.6	21.0	-999.9	0.0	2.7	97341.3	-999.9
Koutiala	2002	12	27	361	16.4	30.3	20.5	-999.9	0.0	2.5	97234.1	-999.9
Koutiala	2002	12	28	362	16.6	30.9	21.0	-999.9	0.0	2.4	97188.8	-999.9
Koutiala	2002	12	29	363	16.7	31.9	20.8	-999.9	0.0	2.4	97202.1	-999.9
Koutiala	2002	12	30	364	17.7	32.5	20.6	-999.9	0.0	2.4	97257.7	-999.9
Koutiala	2002	12	31	365	17.7	31.2	20.8	-999.9	0.0	2.6	97267.5	-999.9
