Koutiala	2011	1	1	1	17.0	29.0	17.9	-999.9	0.0	2.3	96809.1	-999.9
Koutiala	2011	1	2	2	16.2	29.9	20.5	-999.9	0.6	2.0	96722.0	-999.9
Koutiala	2011	1	3	3	16.5	30.5	20.5	-999.9	0.0	2.1	96730.3	-999.9
Koutiala	2011	1	4	4	16.5	31.3	20.8	-999.9	0.0	2.3	96799.2	-999.9
Koutiala	2011	1	5	5	16.4	31.6	20.8	-999.9	0.0	2.2	96819.9	-999.9
Koutiala	2011	1	6	6	16.4	32.1	20.7	-999.9	0.0	2.2	96796.3	-999.9
Koutiala	2011	1	7	7	18.4	32.6	20.7	-999.9	0.0	2.6	96873.9	-999.9
Koutiala	2011	1	8	8	18.4	32.2	21.0	-999.9	0.0	2.8	96890.9	-999.9
Koutiala	2011	1	9	9	18.3	30.9	20.7	-999.9	0.0	2.6	96930.8	-999.9
Koutiala	2011	1	10	10	16.8	29.8	21.1	-999.9	0.0	2.5	97021.6	-999.9
Koutiala	2011	1	11	11	16.1	30.1	21.1	-999.9	0.0	2.4	97088.0	-999.9
Koutiala	2011	1	12	12	15.6	30.0	21.2	-999.9	0.0	2.3	97072.7	-999.9
Koutiala	2011	1	13	13	14.5	29.9	21.2	-999.9	0.0	2.2	96920.2	-999.9
Koutiala	2011	1	14	14	14.8	31.4	20.9	-999.9	0.0	2.2	96835.1	-999.9
Koutiala	2011	1	15	15	18.1	32.5	20.9	-999.9	0.0	2.5	96850.5	-999.9
Koutiala	2011	1	16	16	17.7	31.7	20.8	-999.9	0.0	2.5	96962.6	-999.9
Koutiala	2011	1	17	17	18.3	30.6	20.5	-999.9	0.0	2.6	96987.6	-999.9
Koutiala	2011	1	18	18	16.2	29.7	20.8	-999.9	0.0	2.1	96874.8	-999.9
Koutiala	2011	1	19	19	15.7	30.5	21.3	-999.9	0.0	2.0	96750.5	-999.9
Koutiala	2011	1	20	20	16.2	31.9	21.3	-999.9	0.0	2.0	96598.5	-999.9
Koutiala	2011	1	21	21	17.4	32.9	21.2	-999.9	0.0	2.0	96569.9	-999.9
Koutiala	2011	1	22	22	16.8	33.0	20.7	-999.9	0.0	1.8	96564.5	-999.9
Koutiala	2011	1	23	23	17.3	34.1	21.5	-999.9	0.0	1.9	96537.1	-999.9
Koutiala	2011	1	24	24	17.4	34.9	21.2	-999.9	0.0	2.3	96577.0	-999.9
Koutiala	2011	1	25	25	20.2	35.3	21.2	-999.9	0.0	2.0	96632.7	-999.9
Koutiala	2011	1	26	26	18.5	35.3	21.6	-999.9	0.0	1.7	96637.8	-999.9
Koutiala	2011	1	27	27	18.8	35.3	21.6	-999.9	0.0	2.5	96704.0	-999.9
Koutiala	2011	1	28	28	19.2	36.2	21.8	-999.9	0.0	2.4	96791.7	-999.9
Koutiala	2011	1	29	29	20.8	36.0	21.8	-999.9	0.0	2.8	96821.4	-999.9
Koutiala	2011	1	30	30	19.0	35.8	22.0	-999.9	0.0	2.3	96744.1	-999.9
Koutiala	2011	1	31	31	18.7	35.0	21.5	-999.9	0.0	1.5	96716.4	-999.9
Koutiala	2011	2	1	32	19.6	35.8	21.4	-999.9	0.0	1.7	96664.2	-999.9
Koutiala	2011	2	2	33	24.4	34.2	20.9	-999.9	0.0	2.8	96698.5	-999.9
Koutiala	2011	2	3	34	22.9	31.2	19.1	-999.9	0.0	3.4	96927.3	-999.9
Koutiala	2011	2	4	35	18.7	28.4	21.1	-999.9	0.0	3.7	97139.6	-999.9
Koutiala	2011	2	5	36	16.2	28.2	21.9	-999.9	0.0	2.9	97127.6	-999.9
Koutiala	2011	2	6	37	15.8	30.2	22.1	-999.9	0.0	2.4	97076.7	-999.9
Koutiala	2011	2	7	38	17.6	31.4	19.9	-999.9	0.0	2.2	97007.4	-999.9
Koutiala	2011	2	8	39	19.3	31.6	20.2	-999.9	0.0	2.1	96892.4	-999.9
Koutiala	2011	2	9	40	18.3	32.6	22.0	-999.9	0.0	2.2	96773.9	-999.9
Koutiala	2011	2	10	41	19.9	34.5	21.9	-999.9	0.0	1.9	96716.9	-999.9
Koutiala	2011	2	11	42	21.3	34.7	22.1	-999.9	0.0	1.7	96766.6	-999.9
Koutiala	2011	2	12	43	22.0	34.7	21.4	-999.9	0.0	2.9	96817.8	-999.9
Koutiala	2011	2	13	44	20.6	32.0	22.3	-999.9	0.0	3.2	96953.7	-999.9
Koutiala	2011	2	14	45	20.4	29.1	16.5	-999.9	0.0	2.8	97044.9	-999.9
Koutiala	2011	2	15	46	18.2	31.4	22.1	-999.9	0.0	2.7	96917.1	-999.9
Koutiala	2011	2	16	47	17.8	32.5	22.7	-999.9	0.0	2.3	96768.2	-999.9
Koutiala	2011	2	17	48	19.8	32.6	20.1	-999.9	0.0	2.5	96756.9	-999.9
Koutiala	2011	2	18	49	21.5	33.1	21.5	-999.9	0.0	2.5	96779.7	-999.9
Koutiala	2011	2	19	50	20.9	35.5	22.6	-999.9	0.0	3.0	96799.9	-999.9
Koutiala	2011	2	20	51	22.6	36.1	21.6	-999.9	0.0	2.7	96808.5	-999.9
Koutiala	2011	2	21	52	22.7	35.7	18.5	-999.9	0.0	2.9	96815.9	-999.9
Koutiala	2011	2	22	53	21.3	35.6	23.4	-999.9	0.0	2.3	96722.0	-999.9
Koutiala	2011	2	23	54	20.8	34.7	23.6	-999.9	0.0	2.4	96709.6	-999.9
Koutiala	2011	2	24	55	20.0	35.2	23.8	-999.9	0.0	2.5	96754.3	-999.9
Koutiala	2011	2	25	56	19.2	35.3	23.7	-999.9	0.0	2.0	96581.8	-999.9
Koutiala	2011	2	26	57	20.7	33.6	23.7	-999.9	0.0	2.8	96576.8	-999.9
Koutiala	2011	2	27	58	19.8	32.7	23.7	-999.9	0.0	2.7	96679.2	-999.9
Koutiala	2011	2	28	59	19.5	33.5	23.7	-999.9	0.0	2.4	96787.3	-999.9
Koutiala	2011	3	1	60	19.9	34.5	23.5	-999.9	0.0	2.0	96752.5	-999.9
Koutiala	2011	3	2	61	21.1	35.4	23.8	-999.9	0.0	2.2	96686.4	-999.9
Koutiala	2011	3	3	62	22.9	36.0	23.8	-999.9	0.0	1.9	96638.0	-999.9
Koutiala	2011	3	4	63	21.7	36.4	23.9	-999.9	0.0	2.4	96661.2	-999.9
Koutiala	2011	3	5	64	24.2	37.1	23.4	-999.9	0.0	2.0	96614.1	-999.9
Koutiala	2011	3	6	65	25.1	36.5	21.4	-999.9	0.0	1.7	96543.6	-999.9
Koutiala	2011	3	7	66	25.3	37.7	22.9	-999.9	0.0	1.9	96505.5	-999.9
Koutiala	2011	3	8	67	26.4	38.5	23.0	-999.9	0.0	1.9	96425.4	-999.9
Koutiala	2011	3	9	68	27.0	37.9	23.1	-999.9	0.0	1.8	96379.6	-999.9
Koutiala	2011	3	10	69	27.5	37.7	22.7	-999.9	0.0	2.6	96513.9	-999.9
Koutiala	2011	3	11	70	26.5	36.8	21.2	-999.9	0.0	1.8	96552.5	-999.9
Koutiala	2011	3	12	71	25.7	36.7	21.2	-999.9	0.0	1.6	96510.6	-999.9
Koutiala	2011	3	13	72	25.4	37.5	22.2	-999.9	0.0	1.6	96374.8	-999.9
Koutiala	2011	3	14	73	26.9	38.1	22.6	-999.9	0.0	2.0	96501.6	-999.9
Koutiala	2011	3	15	74	25.7	37.5	22.6	-999.9	0.0	1.6	96668.8	-999.9
Koutiala	2011	3	16	75	26.2	37.9	24.6	-999.9	0.0	2.8	96607.2	-999.9
Koutiala	2011	3	17	76	26.4	38.5	24.7	-999.9	0.0	2.7	96528.5	-999.9
Koutiala	2011	3	18	77	24.3	36.7	22.1	-999.9	0.0	1.7	96580.8	-999.9
Koutiala	2011	3	19	78	25.7	38.0	24.4	-999.9	0.0	1.9	96517.2	-999.9
Koutiala	2011	3	20	79	22.9	37.3	24.9	-999.9	0.0	1.8	96489.2	-999.9
Koutiala	2011	3	21	80	24.2	37.9	24.5	-999.9	0.0	2.2	96529.2	-999.9
Koutiala	2011	3	22	81	23.0	37.8	25.4	-999.9	0.0	2.8	96637.9	-999.9
Koutiala	2011	3	23	82	21.3	37.5	25.6	-999.9	0.0	2.6	96721.0	-999.9
Koutiala	2011	3	24	83	20.9	38.1	25.9	-999.9	0.0	2.5	96723.7	-999.9
Koutiala	2011	3	25	84	22.6	38.4	25.7	-999.9	0.0	2.3	96625.3	-999.9
Koutiala	2011	3	26	85	21.6	38.4	25.3	-999.9	0.0	1.6	96581.8	-999.9
Koutiala	2011	3	27	86	24.3	37.4	21.6	-999.9	0.0	2.2	96704.8	-999.9
Koutiala	2011	3	28	87	25.5	38.0	23.2	-999.9	0.0	1.9	96741.7	-999.9
Koutiala	2011	3	29	88	24.5	38.0	23.0	-999.9	0.0	2.1	96703.9	-999.9
Koutiala	2011	3	30	89	22.8	38.6	23.9	-999.9	0.0	2.1	96664.7	-999.9
Koutiala	2011	3	31	90	23.6	38.5	23.9	-999.9	0.0	2.2	96660.9	-999.9
Koutiala	2011	4	1	91	26.6	38.9	25.0	-999.9	0.0	3.3	96689.4	-999.9
Koutiala	2011	4	2	92	23.9	36.8	26.4	-999.9	0.0	2.1	96719.3	-999.9
Koutiala	2011	4	3	93	21.3	36.4	25.1	-999.9	0.0	1.8	96566.5	-999.9
Koutiala	2011	4	4	94	22.7	37.3	24.5	-999.9	0.0	1.7	96547.7	-999.9
Koutiala	2011	4	5	95	25.3	35.0	21.0	-999.9	0.0	2.4	96845.3	-999.9
Koutiala	2011	4	6	96	24.7	34.5	18.2	-999.9	1.8	2.0	96873.9	-999.9
Koutiala	2011	4	7	97	23.5	38.2	25.4	-999.9	3.5	2.5	96731.8	-999.9
Koutiala	2011	4	8	98	23.2	38.9	26.6	-999.9	0.0	3.0	96700.0	-999.9
Koutiala	2011	4	9	99	20.7	38.9	26.7	-999.9	0.0	2.4	96677.4	-999.9
Koutiala	2011	4	10	100	22.6	36.5	22.4	-999.9	0.0	2.3	96693.9	-999.9
Koutiala	2011	4	11	101	26.1	36.2	16.3	-999.9	0.0	2.2	96653.3	-999.9
Koutiala	2011	4	12	102	23.3	37.5	23.1	-999.9	0.0	1.7	96545.6	-999.9
Koutiala	2011	4	13	103	26.5	36.2	19.7	-999.9	0.0	2.8	96652.9	-999.9
Koutiala	2011	4	14	104	25.9	36.8	23.4	-999.9	0.0	1.8	96652.9	-999.9
Koutiala	2011	4	15	105	24.2	38.5	24.7	-999.9	0.0	1.6	96379.7	-999.9
Koutiala	2011	4	16	106	23.3	38.8	25.9	-999.9	0.0	2.0	96391.4	-999.9
Koutiala	2011	4	17	107	23.7	38.4	24.9	-999.9	0.0	1.6	96441.7	-999.9
Koutiala	2011	4	18	108	26.3	38.5	24.0	-999.9	0.0	2.1	96493.5	-999.9
Koutiala	2011	4	19	109	27.3	38.9	23.9	-999.9	0.0	2.2	96416.3	-999.9
Koutiala	2011	4	20	110	27.7	37.9	24.5	-999.9	3.3	2.9	96440.3	-999.9
Koutiala	2011	4	21	111	27.5	38.2	23.8	-999.9	0.0	1.8	96501.8	-999.9
Koutiala	2011	4	22	112	27.1	37.9	23.8	-999.9	0.0	2.4	96454.2	-999.9
Koutiala	2011	4	23	113	27.5	37.2	22.5	-999.9	8.9	2.3	96403.9	-999.9
Koutiala	2011	4	24	114	25.8	34.0	18.1	-999.9	4.5	2.4	96665.4	-999.9
Koutiala	2011	4	25	115	25.8	36.7	24.3	-999.9	0.0	1.9	96691.9	-999.9
Koutiala	2011	4	26	116	26.1	37.7	24.9	-999.9	0.0	2.1	96647.4	-999.9
Koutiala	2011	4	27	117	26.1	37.7	24.1	-999.9	0.0	1.8	96650.9	-999.9
Koutiala	2011	4	28	118	26.3	37.9	24.5	-999.9	0.0	1.9	96608.8	-999.9
Koutiala	2011	4	29	119	27.2	38.1	24.0	-999.9	0.0	2.6	96511.4	-999.9
Koutiala	2011	4	30	120	27.2	37.1	22.8	-999.9	5.5	3.2	96486.9	-999.9
Koutiala	2011	5	1	121	24.1	33.8	18.6	-999.9	5.4	2.4	96731.5	-999.9
Koutiala	2011	5	2	122	25.9	35.6	24.3	-999.9	0.0	1.8	96820.5	-999.9
Koutiala	2011	5	3	123	24.0	33.4	20.6	-999.9	0.0	1.9	96985.5	-999.9
Koutiala	2011	5	4	124	24.6	36.9	25.5	-999.9	0.0	1.8	96716.5	-999.9
Koutiala	2011	5	5	125	24.3	37.0	24.4	-999.9	0.0	2.1	96591.4	-999.9
Koutiala	2011	5	6	126	26.5	37.1	24.5	-999.9	0.0	2.2	96600.6	-999.9
Koutiala	2011	5	7	127	26.3	38.0	24.6	-999.9	3.3	2.6	96600.1	-999.9
Koutiala	2011	5	8	128	27.0	37.1	22.5	-999.9	0.0	2.3	96537.8	-999.9
Koutiala	2011	5	9	129	25.8	37.5	24.9	-999.9	1.7	2.7	96539.6	-999.9
Koutiala	2011	5	10	130	26.5	36.7	24.8	-999.9	0.0	2.6	96623.5	-999.9
Koutiala	2011	5	11	131	26.4	37.1	24.6	-999.9	4.6	2.2	96585.8	-999.9
Koutiala	2011	5	12	132	24.0	34.1	21.9	-999.9	9.2	1.8	96648.3	-999.9
Koutiala	2011	5	13	133	25.0	34.1	22.9	-999.9	0.0	1.7	96641.1	-999.9
Koutiala	2011	5	14	134	24.6	35.1	23.3	-999.9	4.6	1.9	96640.7	-999.9
Koutiala	2011	5	15	135	23.6	31.3	17.6	-999.9	9.2	2.1	96710.6	-999.9
Koutiala	2011	5	16	136	24.4	34.3	24.3	-999.9	0.0	1.9	96640.7	-999.9
Koutiala	2011	5	17	137	26.0	36.0	24.6	-999.9	1.6	2.3	96558.9	-999.9
Koutiala	2011	5	18	138	26.0	35.3	24.4	-999.9	0.0	2.7	96647.3	-999.9
Koutiala	2011	5	19	139	26.2	35.9	24.4	-999.9	0.0	2.2	96708.4	-999.9
Koutiala	2011	5	20	140	25.8	36.1	24.3	-999.9	0.0	2.2	96683.3	-999.9
Koutiala	2011	5	21	141	26.6	35.3	22.7	-999.9	6.8	2.4	96739.4	-999.9
Koutiala	2011	5	22	142	25.8	35.4	23.4	-999.9	0.0	2.9	96701.8	-999.9
Koutiala	2011	5	23	143	24.4	35.0	23.1	-999.9	1.7	3.1	96825.4	-999.9
Koutiala	2011	5	24	144	25.3	35.5	24.4	-999.9	0.0	2.0	96850.2	-999.9
Koutiala	2011	5	25	145	26.1	37.5	25.0	-999.9	0.0	2.2	96809.5	-999.9
Koutiala	2011	5	26	146	25.3	37.2	24.5	-999.9	0.0	2.1	96796.7	-999.9
Koutiala	2011	5	27	147	25.7	37.1	24.8	-999.9	0.0	2.9	96752.5	-999.9
Koutiala	2011	5	28	148	26.7	36.4	24.0	-999.9	7.1	2.9	96797.7	-999.9
Koutiala	2011	5	29	149	25.1	35.8	22.0	-999.9	3.6	2.5	96848.2	-999.9
Koutiala	2011	5	30	150	25.0	34.7	24.0	-999.9	0.0	2.3	96930.6	-999.9
Koutiala	2011	5	31	151	26.2	36.5	24.3	-999.9	7.1	1.9	96918.6	-999.9
Koutiala	2011	6	1	152	26.6	37.4	24.1	-999.9	9.5	1.9	96777.7	-999.9
Koutiala	2011	6	2	153	27.0	36.0	23.0	-999.9	9.5	2.3	96703.9	-999.9
Koutiala	2011	6	3	154	27.6	35.1	22.1	-999.9	9.5	2.1	96736.7	-999.9
Koutiala	2011	6	4	155	25.8	34.5	21.7	-999.9	4.7	2.1	96751.1	-999.9
Koutiala	2011	6	5	156	26.4	35.0	21.9	-999.9	4.7	2.6	96799.3	-999.9
Koutiala	2011	6	6	157	26.3	35.8	24.8	-999.9	0.0	2.4	96855.1	-999.9
Koutiala	2011	6	7	158	26.0	36.0	23.9	-999.9	5.6	2.1	96867.4	-999.9
Koutiala	2011	6	8	159	24.1	36.4	23.6	-999.9	5.6	2.6	96931.9	-999.9
Koutiala	2011	6	9	160	24.1	33.7	22.7	-999.9	0.0	2.4	97118.5	-999.9
Koutiala	2011	6	10	161	25.9	35.5	24.7	-999.9	0.0	2.7	96928.7	-999.9
Koutiala	2011	6	11	162	26.3	36.1	24.2	-999.9	0.0	2.9	96815.5	-999.9
Koutiala	2011	6	12	163	26.0	35.5	23.9	-999.9	4.0	2.9	96954.2	-999.9
Koutiala	2011	6	13	164	25.5	34.8	24.2	-999.9	4.0	2.5	97076.4	-999.9
Koutiala	2011	6	14	165	25.5	34.9	23.8	-999.9	0.0	1.7	97002.4	-999.9
Koutiala	2011	6	15	166	25.5	35.6	24.6	-999.9	8.0	1.6	96890.6	-999.9
Koutiala	2011	6	16	167	26.3	35.0	22.5	-999.9	15.7	2.6	96828.2	-999.9
Koutiala	2011	6	17	168	25.2	34.2	23.8	-999.9	0.0	2.5	96899.3	-999.9
Koutiala	2011	6	18	169	26.3	32.3	20.7	-999.9	7.8	2.9	96867.5	-999.9
Koutiala	2011	6	19	170	25.0	34.6	23.7	-999.9	7.8	1.9	96849.8	-999.9
Koutiala	2011	6	20	171	25.0	34.8	23.8	-999.9	7.8	2.1	96894.1	-999.9
Koutiala	2011	6	21	172	24.8	33.7	22.0	-999.9	0.0	2.0	96905.9	-999.9
Koutiala	2011	6	22	173	25.5	33.2	21.9	-999.9	0.0	2.8	96922.0	-999.9
Koutiala	2011	6	23	174	25.4	32.1	19.4	-999.9	21.1	2.1	96818.5	-999.9
Koutiala	2011	6	24	175	23.6	32.0	22.3	-999.9	4.2	2.1	96823.0	-999.9
Koutiala	2011	6	25	176	22.7	31.5	21.1	-999.9	4.2	1.7	97043.5	-999.9
Koutiala	2011	6	26	177	23.6	32.6	22.6	-999.9	0.0	1.5	97037.3	-999.9
Koutiala	2011	6	27	178	24.1	33.0	23.0	-999.9	5.3	2.2	96902.6	-999.9
Koutiala	2011	6	28	179	23.3	30.5	17.5	-999.9	0.0	2.6	96893.6	-999.9
Koutiala	2011	6	29	180	23.9	31.8	23.1	-999.9	2.7	2.3	96852.6	-999.9
Koutiala	2011	6	30	181	24.3	31.7	21.5	-999.9	2.7	1.9	96872.0	-999.9
Koutiala	2011	7	1	182	22.6	31.5	22.3	-999.9	0.0	2.2	97026.5	-999.9
Koutiala	2011	7	2	183	22.9	32.7	24.2	-999.9	16.2	1.7	96955.9	-999.9
Koutiala	2011	7	3	184	24.9	34.4	23.8	-999.9	0.0	2.3	96794.9	-999.9
Koutiala	2011	7	4	185	23.6	30.5	19.2	-999.9	0.0	2.7	96879.1	-999.9
Koutiala	2011	7	5	186	23.7	31.2	23.2	-999.9	0.0	2.1	97178.9	-999.9
Koutiala	2011	7	6	187	23.5	30.6	15.2	-999.9	15.9	1.5	97063.3	-999.9
Koutiala	2011	7	7	188	23.6	33.0	24.5	-999.9	0.0	2.4	96816.4	-999.9
Koutiala	2011	7	8	189	24.5	33.5	24.1	-999.9	0.0	2.8	96775.0	-999.9
Koutiala	2011	7	9	190	24.9	32.0	21.2	-999.9	7.9	2.6	96897.1	-999.9
Koutiala	2011	7	10	191	23.4	29.9	16.5	-999.9	0.0	1.6	96947.8	-999.9
Koutiala	2011	7	11	192	22.5	27.9	13.2	-999.9	4.9	1.2	96957.9	-999.9
Koutiala	2011	7	12	193	21.4	30.0	21.5	-999.9	4.9	1.3	96956.6	-999.9
Koutiala	2011	7	13	194	22.8	31.8	23.7	-999.9	9.8	1.9	96851.0	-999.9
Koutiala	2011	7	14	195	23.1	29.5	18.7	-999.9	9.8	2.0	96842.2	-999.9
Koutiala	2011	7	15	196	22.2	29.9	21.9	-999.9	0.0	1.8	96978.8	-999.9
Koutiala	2011	7	16	197	23.4	30.8	22.3	-999.9	25.2	1.4	97021.3	-999.9
Koutiala	2011	7	17	198	22.5	30.4	22.5	-999.9	0.0	2.0	97027.1	-999.9
Koutiala	2011	7	18	199	22.7	30.8	20.6	-999.9	8.4	1.7	97063.7	-999.9
Koutiala	2011	7	19	200	22.0	30.7	23.4	-999.9	0.0	1.8	97097.5	-999.9
Koutiala	2011	7	20	201	23.1	32.2	24.3	-999.9	8.4	2.0	96997.6	-999.9
Koutiala	2011	7	21	202	23.7	30.8	19.4	-999.9	0.0	2.8	96909.9	-999.9
Koutiala	2011	7	22	203	24.3	32.8	23.9	-999.9	0.0	3.2	96842.0	-999.9
Koutiala	2011	7	23	204	24.5	30.5	20.2	-999.9	5.5	3.1	96992.6	-999.9
Koutiala	2011	7	24	205	23.8	31.2	22.6	-999.9	0.0	2.2	97047.5	-999.9
Koutiala	2011	7	25	206	23.4	31.5	22.1	-999.9	11.0	2.5	96909.6	-999.9
Koutiala	2011	7	26	207	23.3	29.6	16.5	-999.9	15.3	2.4	96818.8	-999.9
Koutiala	2011	7	27	208	22.6	27.7	12.9	-999.9	0.0	1.9	96933.8	-999.9
Koutiala	2011	7	28	209	22.5	30.8	21.2	-999.9	0.0	1.7	96898.6	-999.9
Koutiala	2011	7	29	210	23.2	31.2	22.8	-999.9	0.0	2.2	96735.3	-999.9
Koutiala	2011	7	30	211	23.1	25.6	8.7	-999.9	38.2	2.1	96836.3	-999.9
Koutiala	2011	7	31	212	22.2	29.3	19.1	-999.9	0.0	1.9	96950.0	-999.9
Koutiala	2011	8	1	213	21.9	30.8	23.7	-999.9	6.0	1.4	96887.5	-999.9
Koutiala	2011	8	2	214	22.7	30.3	21.7	-999.9	0.0	1.2	96821.1	-999.9
Koutiala	2011	8	3	215	23.3	31.5	24.3	-999.9	0.0	2.1	96985.2	-999.9
Koutiala	2011	8	4	216	23.5	29.4	16.8	-999.9	18.1	2.3	97064.9	-999.9
Koutiala	2011	8	5	217	22.7	28.9	16.1	-999.9	0.0	3.0	97060.8	-999.9
Koutiala	2011	8	6	218	22.7	29.3	18.9	-999.9	7.7	2.3	97020.7	-999.9
Koutiala	2011	8	7	219	23.0	29.2	20.8	-999.9	7.7	2.0	96966.2	-999.9
Koutiala	2011	8	8	220	22.3	30.2	22.0	-999.9	7.7	1.4	97069.3	-999.9
Koutiala	2011	8	9	221	22.6	29.7	17.9	-999.9	0.0	1.6	97012.6	-999.9
Koutiala	2011	8	10	222	23.0	30.9	22.2	-999.9	0.0	1.9	96966.6	-999.9
Koutiala	2011	8	11	223	23.4	30.7	22.1	-999.9	4.2	2.2	96928.4	-999.9
Koutiala	2011	8	12	224	24.3	29.9	17.3	-999.9	8.4	2.2	96784.9	-999.9
Koutiala	2011	8	13	225	23.3	29.1	17.7	-999.9	0.0	2.5	96719.7	-999.9
Koutiala	2011	8	14	226	22.5	29.3	19.5	-999.9	4.2	1.9	96785.9	-999.9
Koutiala	2011	8	15	227	22.1	29.7	21.7	-999.9	4.2	1.7	96865.6	-999.9
Koutiala	2011	8	16	228	22.7	26.6	11.6	-999.9	7.1	1.1	96871.8	-999.9
Koutiala	2011	8	17	229	21.9	29.1	20.3	-999.9	0.0	1.9	96813.2	-999.9
Koutiala	2011	8	18	230	22.6	28.3	19.2	-999.9	14.1	2.3	96819.0	-999.9
Koutiala	2011	8	19	231	21.8	27.4	14.8	-999.9	14.1	1.7	96951.6	-999.9
Koutiala	2011	8	20	232	21.8	28.2	17.4	-999.9	14.1	1.6	96942.1	-999.9
Koutiala	2011	8	21	233	21.9	28.2	18.0	-999.9	0.0	1.9	96918.5	-999.9
Koutiala	2011	8	22	234	21.7	28.9	19.5	-999.9	29.3	1.5	96933.9	-999.9
Koutiala	2011	8	23	235	22.2	24.7	7.9	-999.9	0.0	1.6	97062.5	-999.9
Koutiala	2011	8	24	236	21.4	28.6	20.8	-999.9	0.0	2.0	97168.6	-999.9
Koutiala	2011	8	25	237	21.9	28.6	20.3	-999.9	0.0	1.4	97192.6	-999.9
Koutiala	2011	8	26	238	22.8	30.0	23.3	-999.9	15.5	1.5	97076.3	-999.9
Koutiala	2011	8	27	239	22.9	29.3	21.0	-999.9	0.0	1.7	97021.8	-999.9
Koutiala	2011	8	28	240	22.3	29.7	21.5	-999.9	0.0	1.6	97046.5	-999.9
Koutiala	2011	8	29	241	22.1	27.6	16.5	-999.9	20.7	1.2	97091.1	-999.9
Koutiala	2011	8	30	242	21.2	30.4	22.2	-999.9	5.2	1.1	97108.1	-999.9
Koutiala	2011	8	31	243	22.5	29.2	19.5	-999.9	10.3	1.4	97089.3	-999.9
Koutiala	2011	9	1	244	22.0	29.5	21.6	-999.9	0.0	1.7	97154.2	-999.9
Koutiala	2011	9	2	245	22.2	30.0	22.6	-999.9	0.0	1.7	97145.6	-999.9
Koutiala	2011	9	3	246	23.1	30.3	18.4	-999.9	6.2	1.9	96946.3	-999.9
Koutiala	2011	9	4	247	22.1	30.1	21.7	-999.9	0.0	2.0	96897.1	-999.9
Koutiala	2011	9	5	248	22.8	30.5	22.0	-999.9	0.0	1.8	96977.8	-999.9
Koutiala	2011	9	6	249	22.3	29.3	21.0	-999.9	6.9	1.5	97056.2	-999.9
Koutiala	2011	9	7	250	22.8	30.1	21.2	-999.9	0.0	1.4	97083.4	-999.9
Koutiala	2011	9	8	251	23.2	30.8	23.2	-999.9	13.8	2.1	96936.3	-999.9
Koutiala	2011	9	9	252	23.7	30.6	20.6	-999.9	13.8	2.1	96784.5	-999.9
Koutiala	2011	9	10	253	22.7	29.1	20.5	-999.9	6.9	1.5	96900.3	-999.9
Koutiala	2011	9	11	254	22.6	29.2	20.7	-999.9	0.0	1.3	97071.3	-999.9
Koutiala	2011	9	12	255	23.1	30.9	23.4	-999.9	0.0	1.7	96990.2	-999.9
Koutiala	2011	9	13	256	24.1	30.6	22.9	-999.9	17.4	1.9	96873.1	-999.9
Koutiala	2011	9	14	257	22.3	29.1	19.2	-999.9	0.0	2.2	96916.8	-999.9
Koutiala	2011	9	15	258	22.6	29.7	21.5	-999.9	0.0	1.7	97019.0	-999.9
Koutiala	2011	9	16	259	22.1	29.5	20.3	-999.9	5.2	1.7	96991.1	-999.9
Koutiala	2011	9	17	260	22.6	27.9	14.7	-999.9	10.4	1.4	96869.0	-999.9
Koutiala	2011	9	18	261	21.8	27.6	14.9	-999.9	5.2	2.0	96892.1	-999.9
Koutiala	2011	9	19	262	21.7	28.9	20.5	-999.9	0.0	1.8	97040.1	-999.9
Koutiala	2011	9	20	263	21.6	30.4	23.0	-999.9	10.4	1.3	97066.5	-999.9
Koutiala	2011	9	21	264	22.8	30.9	21.4	-999.9	5.6	1.5	97013.9	-999.9
Koutiala	2011	9	22	265	22.6	30.3	22.4	-999.9	11.2	2.1	97083.2	-999.9
Koutiala	2011	9	23	266	22.0	29.4	18.9	-999.9	0.0	1.7	97088.9	-999.9
Koutiala	2011	9	24	267	22.2	31.0	23.4	-999.9	5.6	1.3	96985.3	-999.9
Koutiala	2011	9	25	268	23.5	30.3	21.7	-999.9	0.0	1.6	97034.5	-999.9
Koutiala	2011	9	26	269	23.3	31.4	23.2	-999.9	4.7	1.9	97088.1	-999.9
Koutiala	2011	9	27	270	23.6	31.1	22.5	-999.9	4.7	1.8	96993.0	-999.9
Koutiala	2011	9	28	271	23.2	30.1	21.5	-999.9	0.0	1.4	96890.1	-999.9
Koutiala	2011	9	29	272	22.3	29.7	20.3	-999.9	14.2	1.5	96994.4	-999.9
Koutiala	2011	9	30	273	22.7	29.7	21.2	-999.9	0.0	1.6	97064.0	-999.9
Koutiala	2011	10	1	274	22.2	30.4	21.6	-999.9	0.0	1.6	97031.2	-999.9
Koutiala	2011	10	2	275	23.1	31.3	22.7	-999.9	0.0	1.4	96980.6	-999.9
Koutiala	2011	10	3	276	23.1	32.8	23.5	-999.9	5.3	1.5	96977.2	-999.9
Koutiala	2011	10	4	277	23.2	32.4	22.5	-999.9	5.3	1.4	96920.9	-999.9
Koutiala	2011	10	5	278	23.6	32.8	22.4	-999.9	0.0	1.5	96844.4	-999.9
Koutiala	2011	10	6	279	20.9	32.4	24.1	-999.9	0.0	1.3	96854.7	-999.9
Koutiala	2011	10	7	280	20.2	32.0	22.5	-999.9	0.0	1.1	96837.1	-999.9
Koutiala	2011	10	8	281	21.8	32.1	22.4	-999.9	0.0	1.6	96774.7	-999.9
Koutiala	2011	10	9	282	23.6	32.2	20.9	-999.9	0.0	1.5	96766.7	-999.9
Koutiala	2011	10	10	283	23.6	31.0	19.9	-999.9	0.0	1.5	96850.5	-999.9
Koutiala	2011	10	11	284	23.7	32.5	22.4	-999.9	0.0	1.5	96823.4	-999.9
Koutiala	2011	10	12	285	24.5	33.6	21.9	-999.9	0.0	1.7	96689.9	-999.9
Koutiala	2011	10	13	286	24.0	33.0	21.4	-999.9	3.5	1.5	96661.6	-999.9
Koutiala	2011	10	14	287	23.7	32.0	19.6	-999.9	10.4	1.3	96709.2	-999.9
Koutiala	2011	10	15	288	23.4	31.2	19.1	-999.9	0.0	1.3	96838.3	-999.9
Koutiala	2011	10	16	289	22.7	30.9	18.3	-999.9	0.0	1.2	96837.0	-999.9
Koutiala	2011	10	17	290	23.2	32.3	21.8	-999.9	0.0	1.4	96728.9	-999.9
Koutiala	2011	10	18	291	23.0	33.2	22.7	-999.9	0.0	1.6	96630.8	-999.9
Koutiala	2011	10	19	292	21.8	33.2	22.9	-999.9	0.0	1.4	96746.5	-999.9
Koutiala	2011	10	20	293	22.0	34.6	22.7	-999.9	0.0	1.4	96665.1	-999.9
Koutiala	2011	10	21	294	23.6	33.3	21.9	-999.9	0.0	1.8	96628.8	-999.9
Koutiala	2011	10	22	295	23.8	32.3	18.8	-999.9	9.3	1.5	96712.1	-999.9
Koutiala	2011	10	23	296	22.4	31.4	18.3	-999.9	9.3	2.2	96880.1	-999.9
Koutiala	2011	10	24	297	22.5	33.1	20.8	-999.9	0.0	1.6	96798.9	-999.9
Koutiala	2011	10	25	298	23.5	32.6	19.8	-999.9	0.0	1.8	96698.1	-999.9
Koutiala	2011	10	26	299	23.7	31.6	19.5	-999.9	0.0	1.6	96867.1	-999.9
Koutiala	2011	10	27	300	22.8	33.9	21.3	-999.9	0.0	1.7	96811.1	-999.9
Koutiala	2011	10	28	301	22.4	32.5	20.0	-999.9	0.0	1.8	96784.9	-999.9
Koutiala	2011	10	29	302	23.3	33.2	20.5	-999.9	0.0	1.6	96799.9	-999.9
Koutiala	2011	10	30	303	22.7	33.8	20.6	-999.9	0.0	1.8	96735.6	-999.9
Koutiala	2011	10	31	304	22.3	34.6	21.2	-999.9	0.0	1.6	96735.8	-999.9
Koutiala	2011	11	1	305	20.9	34.1	21.0	-999.9	0.0	1.6	96804.1	-999.9
Koutiala	2011	11	2	306	22.2	34.0	20.2	-999.9	0.0	1.6	96918.6	-999.9
Koutiala	2011	11	3	307	20.6	34.4	22.4	-999.9	0.0	1.2	96882.2	-999.9
Koutiala	2011	11	4	308	19.8	34.0	22.7	-999.9	0.0	1.9	96857.4	-999.9
Koutiala	2011	11	5	309	18.2	33.2	21.3	-999.9	0.0	1.7	96901.8	-999.9
Koutiala	2011	11	6	310	19.1	33.4	22.3	-999.9	0.0	1.2	96864.0	-999.9
Koutiala	2011	11	7	311	21.7	32.4	19.3	-999.9	0.0	1.5	96875.2	-999.9
Koutiala	2011	11	8	312	23.4	32.8	18.1	-999.9	0.0	1.3	96874.0	-999.9
Koutiala	2011	11	9	313	23.3	34.6	21.3	-999.9	0.0	1.4	96768.7	-999.9
Koutiala	2011	11	10	314	19.8	34.3	22.0	-999.9	0.0	1.0	96642.4	-999.9
Koutiala	2011	11	11	315	19.3	33.8	21.9	-999.9	0.0	1.4	96625.4	-999.9
Koutiala	2011	11	12	316	19.3	33.7	22.0	-999.9	0.0	1.4	96760.9	-999.9
Koutiala	2011	11	13	317	18.2	34.3	22.0	-999.9	0.0	1.8	96862.5	-999.9
Koutiala	2011	11	14	318	18.1	34.1	22.1	-999.9	0.0	1.8	96850.1	-999.9
Koutiala	2011	11	15	319	17.2	34.3	22.2	-999.9	0.0	2.2	96717.0	-999.9
Koutiala	2011	11	16	320	17.1	33.9	21.7	-999.9	0.0	2.1	96745.3	-999.9
Koutiala	2011	11	17	321	17.7	33.8	21.9	-999.9	0.0	2.2	96816.8	-999.9
Koutiala	2011	11	18	322	18.1	33.7	21.8	-999.9	0.0	2.2	96799.8	-999.9
Koutiala	2011	11	19	323	17.6	33.8	20.9	-999.9	0.0	1.6	96798.3	-999.9
Koutiala	2011	11	20	324	18.9	34.5	21.0	-999.9	0.0	1.7	96759.9	-999.9
Koutiala	2011	11	21	325	21.0	34.8	20.9	-999.9	0.0	1.7	96831.4	-999.9
Koutiala	2011	11	22	326	21.3	34.1	20.8	-999.9	0.0	2.1	96901.4	-999.9
Koutiala	2011	11	23	327	20.6	33.5	21.1	-999.9	0.0	2.0	96871.3	-999.9
Koutiala	2011	11	24	328	19.0	33.4	20.9	-999.9	0.0	1.6	96876.1	-999.9
Koutiala	2011	11	25	329	18.6	33.4	21.0	-999.9	0.0	1.9	96849.5	-999.9
Koutiala	2011	11	26	330	18.2	32.9	21.2	-999.9	0.0	1.7	96770.1	-999.9
Koutiala	2011	11	27	331	18.1	32.6	21.2	-999.9	0.0	1.7	96803.2	-999.9
Koutiala	2011	11	28	332	18.1	33.1	20.7	-999.9	0.0	1.7	96858.0	-999.9
Koutiala	2011	11	29	333	19.5	33.8	20.9	-999.9	0.0	2.4	96884.9	-999.9
Koutiala	2011	11	30	334	18.6	32.9	21.4	-999.9	0.0	2.5	96926.8	-999.9
Koutiala	2011	12	1	335	17.7	32.0	21.5	-999.9	0.0	2.4	96977.3	-999.9
Koutiala	2011	12	2	336	17.6	32.5	21.3	-999.9	0.0	2.3	97005.2	-999.9
Koutiala	2011	12	3	337	17.8	32.9	21.2	-999.9	0.0	2.2	96969.3	-999.9
Koutiala	2011	12	4	338	16.4	32.7	21.2	-999.9	0.0	2.1	96800.9	-999.9
Koutiala	2011	12	5	339	15.3	32.5	21.0	-999.9	0.0	1.8	96822.7	-999.9
Koutiala	2011	12	6	340	17.7	32.2	20.8	-999.9	0.0	2.3	96933.2	-999.9
Koutiala	2011	12	7	341	18.3	32.6	20.8	-999.9	0.0	2.5	96992.8	-999.9
Koutiala	2011	12	8	342	18.9	33.1	20.2	-999.9	0.0	2.6	96925.3	-999.9
Koutiala	2011	12	9	343	19.2	32.7	20.9	-999.9	0.0	2.8	96878.8	-999.9
Koutiala	2011	12	10	344	18.1	32.2	21.0	-999.9	0.0	2.4	96879.4	-999.9
Koutiala	2011	12	11	345	17.7	32.0	20.9	-999.9	0.0	2.3	96955.4	-999.9
Koutiala	2011	12	12	346	17.7	31.4	20.8	-999.9	0.0	2.6	97067.0	-999.9
Koutiala	2011	12	13	347	17.5	30.6	20.9	-999.9	0.0	2.7	97114.9	-999.9
Koutiala	2011	12	14	348	15.5	30.5	20.9	-999.9	0.0	2.1	97040.5	-999.9
Koutiala	2011	12	15	349	15.2	31.1	20.7	-999.9	0.0	2.1	97083.6	-999.9
Koutiala	2011	12	16	350	16.1	31.0	20.8	-999.9	0.0	2.4	97108.3	-999.9
Koutiala	2011	12	17	351	15.9	30.4	19.5	-999.9	0.0	2.1	97086.7	-999.9
Koutiala	2011	12	18	352	15.4	30.9	20.6	-999.9	0.0	1.9	96979.1	-999.9
Koutiala	2011	12	19	353	14.7	31.4	20.5	-999.9	0.0	1.7	96961.0	-999.9
Koutiala	2011	12	20	354	16.0	32.1	20.4	-999.9	0.0	1.9	96994.1	-999.9
Koutiala	2011	12	21	355	17.9	30.5	19.2	-999.9	0.0	3.0	97094.7	-999.9
Koutiala	2011	12	22	356	16.1	30.3	20.4	-999.9	0.0	2.7	97184.4	-999.9
Koutiala	2011	12	23	357	16.1	31.2	20.5	-999.9	0.0	2.5	97125.3	-999.9
Koutiala	2011	12	24	358	16.5	30.7	20.5	-999.9	0.0	2.5	97071.9	-999.9
Koutiala	2011	12	25	359	16.6	31.2	20.4	-999.9	0.0	2.2	97040.8	-999.9
Koutiala	2011	12	26	360	16.4	32.4	20.3	-999.9	0.0	2.0	97058.0	-999.9
Koutiala	2011	12	27	361	16.4	32.6	20.3	-999.9	0.0	2.2	97133.6	-999.9
Koutiala	2011	12	28	362	17.7	31.1	20.5	-999.9	0.0	2.9	97182.2	-999.9
Koutiala	2011	12	29	363	16.5	28.8	20.4	-999.9	0.0	2.9	97305.7	-999.9
Koutiala	2011	12	30	364	14.8	27.7	20.1	-999.9	0.0	2.9	97331.3	-999.9
Koutiala	2011	12	31	365	14.1	27.4	20.4	-999.9	0.0	2.5	97314.8	-999.9
