Koutiala	1993	1	1	1	22.6	34.3	20.1	-999.9	0.0	2.9	96993.6	-999.9
Koutiala	1993	1	2	2	22.1	34.1	20.2	-999.9	0.0	3.2	96957.3	-999.9
Koutiala	1993	1	3	3	20.9	34.3	19.9	-999.9	0.0	3.1	96882.9	-999.9
Koutiala	1993	1	4	4	21.6	33.3	19.0	-999.9	0.0	3.8	96945.9	-999.9
Koutiala	1993	1	5	5	20.2	29.5	20.3	-999.9	0.0	3.5	97081.5	-999.9
Koutiala	1993	1	6	6	16.8	27.2	20.2	-999.9	0.0	3.3	97192.4	-999.9
Koutiala	1993	1	7	7	15.6	25.7	20.4	-999.9	0.0	3.1	97232.2	-999.9
Koutiala	1993	1	8	8	14.3	25.9	20.7	-999.9	0.0	3.2	97259.9	-999.9
Koutiala	1993	1	9	9	14.5	26.2	20.7	-999.9	0.0	3.0	97355.8	-999.9
Koutiala	1993	1	10	10	14.0	26.6	20.7	-999.9	0.0	2.7	97476.2	-999.9
Koutiala	1993	1	11	11	14.4	27.8	21.0	-999.9	0.0	2.4	97429.5	-999.9
Koutiala	1993	1	12	12	14.9	28.5	21.0	-999.9	0.0	2.3	97190.1	-999.9
Koutiala	1993	1	13	13	16.0	30.3	20.9	-999.9	0.0	2.2	97108.7	-999.9
Koutiala	1993	1	14	14	17.2	30.1	20.9	-999.9	0.0	2.6	97162.8	-999.9
Koutiala	1993	1	15	15	16.9	30.1	21.0	-999.9	0.0	2.5	97202.3	-999.9
Koutiala	1993	1	16	16	16.7	30.6	21.1	-999.9	0.0	2.6	97263.6	-999.9
Koutiala	1993	1	17	17	17.0	30.8	21.2	-999.9	0.0	2.5	97260.4	-999.9
Koutiala	1993	1	18	18	17.4	31.4	21.2	-999.9	0.0	2.6	97157.5	-999.9
Koutiala	1993	1	19	19	18.0	32.7	21.2	-999.9	0.0	2.7	97163.5	-999.9
Koutiala	1993	1	20	20	18.8	32.8	21.2	-999.9	0.0	2.8	97154.7	-999.9
Koutiala	1993	1	21	21	17.9	32.3	21.4	-999.9	0.0	2.6	97138.1	-999.9
Koutiala	1993	1	22	22	18.3	31.9	21.6	-999.9	0.0	2.9	97157.2	-999.9
Koutiala	1993	1	23	23	16.8	31.7	21.7	-999.9	0.0	2.5	97083.9	-999.9
Koutiala	1993	1	24	24	17.4	32.2	21.7	-999.9	0.0	2.4	97111.7	-999.9
Koutiala	1993	1	25	25	17.8	32.6	22.0	-999.9	0.0	2.7	97105.7	-999.9
Koutiala	1993	1	26	26	17.2	32.0	22.0	-999.9	0.0	2.6	97105.9	-999.9
Koutiala	1993	1	27	27	17.3	30.5	22.0	-999.9	0.0	3.2	97214.1	-999.9
Koutiala	1993	1	28	28	16.3	29.4	22.0	-999.9	0.0	2.8	97175.8	-999.9
Koutiala	1993	1	29	29	15.1	29.9	22.0	-999.9	0.0	2.1	97107.5	-999.9
Koutiala	1993	1	30	30	15.0	33.4	21.8	-999.9	0.0	1.7	96918.3	-999.9
Koutiala	1993	1	31	31	18.0	34.5	21.7	-999.9	0.0	1.5	96867.9	-999.9
Koutiala	1993	2	1	32	20.0	34.8	21.3	-999.9	0.0	2.5	96877.0	-999.9
Koutiala	1993	2	2	33	21.7	34.2	20.6	-999.9	0.0	3.0	96940.0	-999.9
Koutiala	1993	2	3	34	19.6	32.6	21.2	-999.9	0.0	3.2	97066.9	-999.9
Koutiala	1993	2	4	35	19.7	34.9	21.8	-999.9	0.0	2.1	97046.4	-999.9
Koutiala	1993	2	5	36	19.2	35.2	21.5	-999.9	0.0	2.0	97007.2	-999.9
Koutiala	1993	2	6	37	20.5	35.7	20.7	-999.9	0.0	2.3	96949.5	-999.9
Koutiala	1993	2	7	38	22.3	35.7	21.1	-999.9	0.0	2.6	96961.5	-999.9
Koutiala	1993	2	8	39	20.9	34.7	22.5	-999.9	0.0	2.7	97089.4	-999.9
Koutiala	1993	2	9	40	19.3	34.2	22.7	-999.9	0.0	2.9	97149.0	-999.9
Koutiala	1993	2	10	41	19.0	34.4	22.8	-999.9	0.0	2.6	97014.5	-999.9
Koutiala	1993	2	11	42	19.3	34.7	22.7	-999.9	0.0	2.7	96832.2	-999.9
Koutiala	1993	2	12	43	19.6	35.7	22.7	-999.9	0.0	2.4	96713.5	-999.9
Koutiala	1993	2	13	44	20.9	35.5	22.6	-999.9	0.0	2.6	96738.3	-999.9
Koutiala	1993	2	14	45	20.4	34.3	22.3	-999.9	0.0	2.4	96735.6	-999.9
Koutiala	1993	2	15	46	20.1	34.6	22.7	-999.9	0.0	2.6	96848.3	-999.9
Koutiala	1993	2	16	47	20.2	34.7	22.9	-999.9	0.0	2.8	96790.2	-999.9
Koutiala	1993	2	17	48	19.5	34.6	23.1	-999.9	0.0	2.5	96680.9	-999.9
Koutiala	1993	2	18	49	19.3	35.6	23.1	-999.9	0.0	2.7	96649.4	-999.9
Koutiala	1993	2	19	50	20.6	36.3	23.1	-999.9	0.0	2.7	96795.2	-999.9
Koutiala	1993	2	20	51	21.9	35.8	23.2	-999.9	0.0	3.1	96918.7	-999.9
Koutiala	1993	2	21	52	21.4	35.0	22.5	-999.9	0.0	2.6	96939.2	-999.9
Koutiala	1993	2	22	53	21.1	34.6	20.8	-999.9	0.0	2.4	96757.7	-999.9
Koutiala	1993	2	23	54	23.1	34.4	21.0	-999.9	0.0	1.6	96711.9	-999.9
Koutiala	1993	2	24	55	21.8	33.3	19.8	-999.9	0.0	1.0	96803.1	-999.9
Koutiala	1993	2	25	56	23.4	33.2	17.6	-999.9	0.0	2.0	96950.4	-999.9
Koutiala	1993	2	26	57	23.1	35.3	21.5	-999.9	0.0	2.2	96970.0	-999.9
Koutiala	1993	2	27	58	22.8	36.3	23.2	-999.9	0.0	2.4	96747.9	-999.9
Koutiala	1993	2	28	59	22.2	36.3	23.3	-999.9	0.0	1.7	96553.3	-999.9
Koutiala	1993	3	1	60	21.2	36.5	22.3	-999.9	0.0	1.5	96568.7	-999.9
Koutiala	1993	3	2	61	24.5	35.5	21.1	-999.9	0.0	1.5	96725.5	-999.9
Koutiala	1993	3	3	62	23.7	31.9	11.7	-999.9	1.7	1.2	96997.3	-999.9
Koutiala	1993	3	4	63	21.1	37.5	23.6	-999.9	0.0	2.1	96763.8	-999.9
Koutiala	1993	3	5	64	22.4	39.5	24.0	-999.9	0.0	2.5	96543.8	-999.9
Koutiala	1993	3	6	65	22.9	39.6	24.2	-999.9	0.0	2.5	96605.6	-999.9
Koutiala	1993	3	7	66	23.8	38.1	23.6	-999.9	0.0	1.6	96659.8	-999.9
Koutiala	1993	3	8	67	22.2	37.9	23.9	-999.9	0.0	2.4	96638.1	-999.9
Koutiala	1993	3	9	68	22.4	37.5	23.8	-999.9	0.0	1.6	96764.8	-999.9
Koutiala	1993	3	10	69	23.7	37.3	22.8	-999.9	0.0	1.6	96862.4	-999.9
Koutiala	1993	3	11	70	24.9	35.7	21.9	-999.9	0.0	2.1	96950.2	-999.9
Koutiala	1993	3	12	71	24.7	36.2	21.2	-999.9	0.0	1.7	96883.2	-999.9
Koutiala	1993	3	13	72	25.8	38.1	24.4	-999.9	0.0	2.3	96797.3	-999.9
Koutiala	1993	3	14	73	24.1	37.9	24.7	-999.9	0.0	2.8	96771.3	-999.9
Koutiala	1993	3	15	74	22.2	38.2	24.5	-999.9	0.0	2.2	96675.0	-999.9
Koutiala	1993	3	16	75	27.0	36.2	19.3	-999.9	0.0	1.8	96797.7	-999.9
Koutiala	1993	3	17	76	24.5	38.7	23.2	-999.9	0.0	1.4	96680.8	-999.9
Koutiala	1993	3	18	77	27.9	39.4	21.3	-999.9	0.0	2.1	96519.0	-999.9
Koutiala	1993	3	19	78	25.9	37.5	23.0	-999.9	0.0	2.7	96724.1	-999.9
Koutiala	1993	3	20	79	22.7	35.7	26.0	-999.9	0.0	3.4	96999.8	-999.9
Koutiala	1993	3	21	80	22.0	34.3	25.9	-999.9	0.0	2.9	97127.5	-999.9
Koutiala	1993	3	22	81	20.5	34.6	26.1	-999.9	0.0	2.5	97088.7	-999.9
Koutiala	1993	3	23	82	20.8	35.3	25.9	-999.9	0.0	2.6	96991.6	-999.9
Koutiala	1993	3	24	83	20.9	36.1	26.1	-999.9	0.0	2.5	96913.9	-999.9
Koutiala	1993	3	25	84	19.1	37.0	26.0	-999.9	0.0	2.2	96830.1	-999.9
Koutiala	1993	3	26	85	19.5	37.5	25.8	-999.9	0.0	1.3	96748.6	-999.9
Koutiala	1993	3	27	86	21.2	37.8	25.0	-999.9	0.0	1.8	96642.5	-999.9
Koutiala	1993	3	28	87	21.6	37.0	23.1	-999.9	0.0	1.4	96638.4	-999.9
Koutiala	1993	3	29	88	25.0	37.0	23.4	-999.9	0.0	1.9	96651.6	-999.9
Koutiala	1993	3	30	89	24.8	37.4	22.7	-999.9	0.0	2.1	96644.3	-999.9
Koutiala	1993	3	31	90	24.5	38.2	24.3	-999.9	0.0	1.7	96654.9	-999.9
Koutiala	1993	4	1	91	25.5	37.7	23.6	-999.9	0.0	2.0	96597.0	-999.9
Koutiala	1993	4	2	92	25.5	38.0	22.9	-999.9	0.0	1.8	96555.5	-999.9
Koutiala	1993	4	3	93	26.5	37.0	20.8	-999.9	0.0	2.1	96511.6	-999.9
Koutiala	1993	4	4	94	25.8	37.2	23.2	-999.9	0.0	1.7	96590.0	-999.9
Koutiala	1993	4	5	95	23.6	39.1	24.3	-999.9	0.0	2.4	96688.4	-999.9
Koutiala	1993	4	6	96	26.0	39.7	26.0	-999.9	0.0	3.0	96651.6	-999.9
Koutiala	1993	4	7	97	25.1	38.7	26.1	-999.9	0.0	1.8	96613.7	-999.9
Koutiala	1993	4	8	98	22.2	37.8	24.8	-999.9	0.0	2.1	96533.9	-999.9
Koutiala	1993	4	9	99	24.8	37.7	22.9	-999.9	2.1	2.8	96640.6	-999.9
Koutiala	1993	4	10	100	26.3	36.1	19.8	-999.9	0.0	2.1	96807.8	-999.9
Koutiala	1993	4	11	101	26.3	38.4	23.1	-999.9	0.0	1.3	96708.1	-999.9
Koutiala	1993	4	12	102	27.8	37.8	22.4	-999.9	0.0	2.2	96564.9	-999.9
Koutiala	1993	4	13	103	27.8	38.5	22.8	-999.9	0.0	2.6	96553.0	-999.9
Koutiala	1993	4	14	104	26.1	37.9	22.9	-999.9	7.4	1.9	96651.3	-999.9
Koutiala	1993	4	15	105	26.1	36.0	17.4	-999.9	0.0	2.2	96859.2	-999.9
Koutiala	1993	4	16	106	26.4	37.0	23.7	-999.9	0.0	2.4	96872.3	-999.9
Koutiala	1993	4	17	107	26.6	38.6	22.1	-999.9	0.0	2.1	96576.5	-999.9
Koutiala	1993	4	18	108	28.3	38.8	22.7	-999.9	0.0	1.6	96471.4	-999.9
Koutiala	1993	4	19	109	27.4	38.4	23.1	-999.9	0.0	2.1	96511.5	-999.9
Koutiala	1993	4	20	110	28.5	38.4	23.6	-999.9	0.0	1.8	96497.8	-999.9
Koutiala	1993	4	21	111	28.4	38.1	22.2	-999.9	0.0	2.6	96605.0	-999.9
Koutiala	1993	4	22	112	26.2	38.2	24.2	-999.9	0.0	2.3	96635.5	-999.9
Koutiala	1993	4	23	113	25.1	36.7	19.2	-999.9	2.2	2.5	96655.4	-999.9
Koutiala	1993	4	24	114	27.9	38.4	23.3	-999.9	0.0	2.6	96558.9	-999.9
Koutiala	1993	4	25	115	28.5	37.7	22.3	-999.9	0.0	2.8	96517.9	-999.9
Koutiala	1993	4	26	116	27.1	36.3	20.9	-999.9	1.8	2.5	96585.2	-999.9
Koutiala	1993	4	27	117	27.0	36.3	18.0	-999.9	3.7	2.0	96655.1	-999.9
Koutiala	1993	4	28	118	26.7	36.3	21.8	-999.9	1.8	1.9	96676.2	-999.9
Koutiala	1993	4	29	119	26.6	36.6	21.5	-999.9	5.5	2.5	96655.5	-999.9
Koutiala	1993	4	30	120	27.2	38.1	23.5	-999.9	0.0	1.9	96667.2	-999.9
Koutiala	1993	5	1	121	27.5	37.5	23.0	-999.9	0.0	2.2	96631.1	-999.9
Koutiala	1993	5	2	122	26.3	37.6	22.5	-999.9	0.0	1.8	96638.9	-999.9
Koutiala	1993	5	3	123	27.6	37.9	22.1	-999.9	0.0	2.5	96658.8	-999.9
Koutiala	1993	5	4	124	25.8	37.3	22.7	-999.9	24.6	2.5	96720.8	-999.9
Koutiala	1993	5	5	125	25.4	38.8	24.6	-999.9	0.0	2.0	96708.2	-999.9
Koutiala	1993	5	6	126	26.3	39.4	24.3	-999.9	0.0	2.0	96583.9	-999.9
Koutiala	1993	5	7	127	27.4	38.0	23.5	-999.9	0.0	1.9	96623.4	-999.9
Koutiala	1993	5	8	128	27.6	38.3	23.6	-999.9	0.0	1.8	96571.7	-999.9
Koutiala	1993	5	9	129	28.2	39.6	23.0	-999.9	0.0	2.5	96461.8	-999.9
Koutiala	1993	5	10	130	27.5	38.7	23.3	-999.9	2.3	2.9	96513.6	-999.9
Koutiala	1993	5	11	131	27.7	38.9	23.6	-999.9	1.2	2.0	96546.6	-999.9
Koutiala	1993	5	12	132	28.5	39.0	24.1	-999.9	2.3	2.3	96517.9	-999.9
Koutiala	1993	5	13	133	26.4	38.0	23.5	-999.9	2.3	2.8	96517.3	-999.9
Koutiala	1993	5	14	134	26.3	37.4	23.6	-999.9	3.5	2.2	96611.8	-999.9
Koutiala	1993	5	15	135	25.9	35.6	23.0	-999.9	1.2	2.0	96809.2	-999.9
Koutiala	1993	5	16	136	26.3	39.0	24.3	-999.9	0.0	2.6	96730.2	-999.9
Koutiala	1993	5	17	137	27.0	37.9	24.5	-999.9	2.1	2.6	96753.5	-999.9
Koutiala	1993	5	18	138	27.8	38.1	24.4	-999.9	1.1	3.2	96638.2	-999.9
Koutiala	1993	5	19	139	27.8	38.9	25.0	-999.9	5.4	3.3	96519.1	-999.9
Koutiala	1993	5	20	140	27.2	37.1	23.8	-999.9	0.0	2.6	96699.2	-999.9
Koutiala	1993	5	21	141	27.6	36.8	23.3	-999.9	1.9	2.3	96763.7	-999.9
Koutiala	1993	5	22	142	27.2	36.2	23.5	-999.9	1.9	2.4	96752.5	-999.9
Koutiala	1993	5	23	143	26.6	37.2	23.5	-999.9	0.0	2.1	96684.7	-999.9
Koutiala	1993	5	24	144	27.2	37.4	24.3	-999.9	1.0	2.6	96675.7	-999.9
Koutiala	1993	5	25	145	26.4	37.3	23.0	-999.9	1.0	2.6	96661.8	-999.9
Koutiala	1993	5	26	146	27.1	38.5	24.4	-999.9	0.0	2.3	96625.0	-999.9
Koutiala	1993	5	27	147	27.8	37.6	22.6	-999.9	0.0	2.1	96692.5	-999.9
Koutiala	1993	5	28	148	28.3	38.6	24.1	-999.9	0.0	2.3	96745.0	-999.9
Koutiala	1993	5	29	149	28.2	37.8	22.9	-999.9	0.0	2.9	96764.2	-999.9
Koutiala	1993	5	30	150	28.0	37.6	21.4	-999.9	0.0	2.6	96753.1	-999.9
Koutiala	1993	5	31	151	27.8	35.5	22.7	-999.9	7.2	3.0	96829.6	-999.9
Koutiala	1993	6	1	152	26.0	35.4	22.8	-999.9	0.0	2.8	96962.9	-999.9
Koutiala	1993	6	2	153	24.6	35.3	22.5	-999.9	0.0	2.0	97036.7	-999.9
Koutiala	1993	6	3	154	25.0	34.6	23.3	-999.9	0.0	2.5	97021.7	-999.9
Koutiala	1993	6	4	155	25.0	35.6	24.0	-999.9	0.0	2.4	96947.2	-999.9
Koutiala	1993	6	5	156	25.1	35.5	23.3	-999.9	0.0	1.9	96987.5	-999.9
Koutiala	1993	6	6	157	25.4	35.2	22.7	-999.9	9.0	2.0	97036.8	-999.9
Koutiala	1993	6	7	158	24.5	34.0	23.1	-999.9	0.0	1.6	97002.5	-999.9
Koutiala	1993	6	8	159	25.6	34.8	20.8	-999.9	4.5	1.7	96938.5	-999.9
Koutiala	1993	6	9	160	26.1	35.4	21.6	-999.9	9.0	2.1	96907.7	-999.9
Koutiala	1993	6	10	161	26.4	35.2	21.4	-999.9	0.0	1.8	96951.5	-999.9
Koutiala	1993	6	11	162	25.4	36.1	23.5	-999.9	0.0	2.0	96976.1	-999.9
Koutiala	1993	6	12	163	25.7	37.5	23.6	-999.9	6.9	2.2	96737.0	-999.9
Koutiala	1993	6	13	164	26.4	36.1	22.7	-999.9	0.0	3.1	96649.1	-999.9
Koutiala	1993	6	14	165	25.3	33.5	20.7	-999.9	0.0	2.8	96789.9	-999.9
Koutiala	1993	6	15	166	24.7	34.0	23.2	-999.9	0.0	2.3	96993.4	-999.9
Koutiala	1993	6	16	167	24.6	34.2	23.6	-999.9	0.0	1.8	97048.4	-999.9
Koutiala	1993	6	17	168	25.7	35.3	23.6	-999.9	0.0	2.4	97000.1	-999.9
Koutiala	1993	6	18	169	26.1	36.8	23.5	-999.9	5.8	2.2	96998.0	-999.9
Koutiala	1993	6	19	170	24.7	36.1	23.9	-999.9	5.8	1.5	97054.2	-999.9
Koutiala	1993	6	20	171	25.7	37.3	24.4	-999.9	17.4	2.2	96937.5	-999.9
Koutiala	1993	6	21	172	26.6	37.1	23.6	-999.9	0.0	2.8	96820.4	-999.9
Koutiala	1993	6	22	173	24.5	35.6	22.1	-999.9	14.9	3.5	96916.9	-999.9
Koutiala	1993	6	23	174	25.7	34.6	22.7	-999.9	0.0	2.6	97061.8	-999.9
Koutiala	1993	6	24	175	26.1	35.4	22.1	-999.9	6.5	1.7	97059.9	-999.9
Koutiala	1993	6	25	176	25.1	36.2	24.0	-999.9	0.0	1.7	96920.3	-999.9
Koutiala	1993	6	26	177	25.1	33.8	21.0	-999.9	6.1	1.8	96926.4	-999.9
Koutiala	1993	6	27	178	24.2	34.1	23.6	-999.9	0.0	2.2	96904.7	-999.9
Koutiala	1993	6	28	179	23.9	32.0	20.7	-999.9	0.0	1.9	96989.0	-999.9
Koutiala	1993	6	29	180	23.6	33.2	21.9	-999.9	6.1	1.7	97024.0	-999.9
Koutiala	1993	6	30	181	24.3	33.9	22.5	-999.9	12.2	1.9	97002.1	-999.9
Koutiala	1993	7	1	182	24.5	33.5	23.3	-999.9	0.0	2.3	96944.5	-999.9
Koutiala	1993	7	2	183	25.1	34.7	23.8	-999.9	0.0	2.3	96876.9	-999.9
Koutiala	1993	7	3	184	23.8	31.1	19.2	-999.9	13.5	2.1	96937.9	-999.9
Koutiala	1993	7	4	185	23.6	31.3	21.1	-999.9	0.0	1.8	96964.2	-999.9
Koutiala	1993	7	5	186	24.0	33.0	24.4	-999.9	0.0	2.2	97016.5	-999.9
Koutiala	1993	7	6	187	24.3	34.1	23.4	-999.9	0.0	2.2	96849.8	-999.9
Koutiala	1993	7	7	188	23.8	33.2	21.7	-999.9	0.0	2.3	96859.0	-999.9
Koutiala	1993	7	8	189	25.1	32.7	23.0	-999.9	0.0	2.0	96951.2	-999.9
Koutiala	1993	7	9	190	24.1	33.0	19.5	-999.9	16.8	2.6	97012.0	-999.9
Koutiala	1993	7	10	191	23.5	30.6	18.1	-999.9	8.4	2.3	96997.3	-999.9
Koutiala	1993	7	11	192	22.9	30.3	21.3	-999.9	10.5	1.9	96969.9	-999.9
Koutiala	1993	7	12	193	23.0	30.8	20.9	-999.9	0.0	2.0	97057.7	-999.9
Koutiala	1993	7	13	194	23.5	30.6	14.1	-999.9	15.8	2.2	97068.6	-999.9
Koutiala	1993	7	14	195	24.1	31.0	18.6	-999.9	5.3	2.9	96931.2	-999.9
Koutiala	1993	7	15	196	22.6	30.3	19.0	-999.9	5.3	2.4	96899.0	-999.9
Koutiala	1993	7	16	197	22.8	29.2	18.8	-999.9	0.0	1.8	97065.1	-999.9
Koutiala	1993	7	17	198	22.8	30.7	22.3	-999.9	6.6	1.2	97125.9	-999.9
Koutiala	1993	7	18	199	22.9	31.5	24.0	-999.9	0.0	1.8	97111.6	-999.9
Koutiala	1993	7	19	200	24.2	31.5	21.5	-999.9	13.2	2.3	96971.1	-999.9
Koutiala	1993	7	20	201	23.6	31.7	23.1	-999.9	0.0	2.4	96877.5	-999.9
Koutiala	1993	7	21	202	22.9	30.7	21.2	-999.9	0.0	2.2	96996.2	-999.9
Koutiala	1993	7	22	203	23.8	30.7	21.7	-999.9	0.0	2.0	97121.0	-999.9
Koutiala	1993	7	23	204	23.3	29.9	20.7	-999.9	0.0	1.7	97206.8	-999.9
Koutiala	1993	7	24	205	22.4	29.7	20.5	-999.9	7.5	1.4	97213.9	-999.9
Koutiala	1993	7	25	206	23.8	30.2	19.9	-999.9	24.5	1.5	97033.5	-999.9
Koutiala	1993	7	26	207	22.9	30.4	20.9	-999.9	8.0	1.5	96971.6	-999.9
Koutiala	1993	7	27	208	22.5	29.5	20.6	-999.9	0.0	2.3	97032.6	-999.9
Koutiala	1993	7	28	209	21.9	30.5	22.3	-999.9	0.0	2.0	97118.5	-999.9
Koutiala	1993	7	29	210	23.5	30.6	21.4	-999.9	0.0	1.8	97118.7	-999.9
Koutiala	1993	7	30	211	22.2	31.3	22.8	-999.9	0.0	1.6	97160.6	-999.9
Koutiala	1993	7	31	212	22.6	30.4	20.5	-999.9	7.3	1.6	97094.7	-999.9
Koutiala	1993	8	1	213	23.0	30.5	22.2	-999.9	15.1	1.7	97077.9	-999.9
Koutiala	1993	8	2	214	22.8	30.6	20.1	-999.9	0.0	2.0	97136.1	-999.9
Koutiala	1993	8	3	215	22.9	29.6	17.3	-999.9	5.0	1.5	97192.0	-999.9
Koutiala	1993	8	4	216	22.7	29.9	19.8	-999.9	0.0	1.6	97154.5	-999.9
Koutiala	1993	8	5	217	22.6	30.8	21.9	-999.9	5.0	1.7	97145.2	-999.9
Koutiala	1993	8	6	218	23.3	29.1	17.9	-999.9	9.5	1.6	97053.3	-999.9
Koutiala	1993	8	7	219	22.5	31.6	24.1	-999.9	0.0	2.1	96997.0	-999.9
Koutiala	1993	8	8	220	23.1	30.0	18.7	-999.9	9.5	2.3	96970.8	-999.9
Koutiala	1993	8	9	221	23.0	31.5	21.8	-999.9	0.0	1.6	96904.2	-999.9
Koutiala	1993	8	10	222	22.5	29.4	17.9	-999.9	9.5	1.5	97045.9	-999.9
Koutiala	1993	8	11	223	22.4	29.1	19.1	-999.9	15.0	1.4	97153.0	-999.9
Koutiala	1993	8	12	224	22.0	31.4	22.8	-999.9	0.0	1.0	97123.1	-999.9
Koutiala	1993	8	13	225	24.2	32.7	22.8	-999.9	0.0	2.7	96928.3	-999.9
Koutiala	1993	8	14	226	23.0	29.9	14.4	-999.9	32.7	2.4	96928.1	-999.9
Koutiala	1993	8	15	227	22.2	27.5	14.6	-999.9	6.4	1.6	97034.9	-999.9
Koutiala	1993	8	16	228	22.1	30.2	21.2	-999.9	0.0	1.2	97114.4	-999.9
Koutiala	1993	8	17	229	22.1	27.9	11.9	-999.9	17.2	1.6	97155.7	-999.9
Koutiala	1993	8	18	230	22.0	28.6	17.3	-999.9	7.5	2.1	97068.4	-999.9
Koutiala	1993	8	19	231	21.4	24.6	7.8	-999.9	30.1	1.5	97080.0	-999.9
Koutiala	1993	8	20	232	21.3	28.5	16.6	-999.9	15.0	1.3	97189.5	-999.9
Koutiala	1993	8	21	233	22.2	30.3	23.7	-999.9	5.4	1.3	97079.1	-999.9
Koutiala	1993	8	22	234	23.4	30.4	22.0	-999.9	0.0	2.3	97020.0	-999.9
Koutiala	1993	8	23	235	22.5	28.9	18.1	-999.9	10.8	1.9	97026.5	-999.9
Koutiala	1993	8	24	236	21.9	27.2	15.2	-999.9	0.0	2.1	97165.3	-999.9
Koutiala	1993	8	25	237	21.4	29.5	23.2	-999.9	10.8	1.9	97239.1	-999.9
Koutiala	1993	8	26	238	22.3	26.3	12.8	-999.9	0.0	1.4	97163.7	-999.9
Koutiala	1993	8	27	239	21.6	29.9	22.3	-999.9	0.0	1.4	97011.2	-999.9
Koutiala	1993	8	28	240	22.8	29.5	19.1	-999.9	6.8	2.3	96890.3	-999.9
Koutiala	1993	8	29	241	23.1	28.4	17.8	-999.9	11.9	2.4	96853.2	-999.9
Koutiala	1993	8	30	242	22.0	28.4	16.7	-999.9	0.0	2.5	96847.9	-999.9
Koutiala	1993	8	31	243	21.5	27.8	14.7	-999.9	23.7	1.6	96954.8	-999.9
Koutiala	1993	9	1	244	21.4	28.0	15.8	-999.9	24.2	1.4	97059.0	-999.9
Koutiala	1993	9	2	245	21.6	25.2	9.6	-999.9	0.0	1.5	97182.3	-999.9
Koutiala	1993	9	3	246	21.6	27.9	16.2	-999.9	0.0	2.0	97270.0	-999.9
Koutiala	1993	9	4	247	20.5	30.1	24.2	-999.9	0.0	2.2	97117.8	-999.9
Koutiala	1993	9	5	248	22.8	31.4	23.8	-999.9	0.0	2.2	96883.7	-999.9
Koutiala	1993	9	6	249	21.9	27.1	13.8	-999.9	0.0	1.9	96978.4	-999.9
Koutiala	1993	9	7	250	21.8	28.6	17.3	-999.9	0.0	1.8	97171.1	-999.9
Koutiala	1993	9	8	251	22.4	30.4	23.5	-999.9	0.0	1.6	97033.7	-999.9
Koutiala	1993	9	9	252	22.8	30.1	21.8	-999.9	0.0	1.6	96939.1	-999.9
Koutiala	1993	9	10	253	22.6	30.9	22.0	-999.9	10.1	1.6	96943.7	-999.9
Koutiala	1993	9	11	254	22.6	30.8	23.1	-999.9	5.0	1.9	96980.6	-999.9
Koutiala	1993	9	12	255	22.9	30.3	18.9	-999.9	14.9	1.7	97016.2	-999.9
Koutiala	1993	9	13	256	23.0	30.4	21.2	-999.9	0.0	1.9	96996.9	-999.9
Koutiala	1993	9	14	257	22.7	29.3	19.5	-999.9	19.8	1.6	97073.1	-999.9
Koutiala	1993	9	15	258	22.1	30.1	21.9	-999.9	0.0	1.3	97112.0	-999.9
Koutiala	1993	9	16	259	22.7	29.5	19.1	-999.9	14.7	1.3	97084.2	-999.9
Koutiala	1993	9	17	260	23.0	29.8	20.5	-999.9	0.0	1.8	96891.4	-999.9
Koutiala	1993	9	18	261	22.4	31.0	22.3	-999.9	0.0	1.7	96833.9	-999.9
Koutiala	1993	9	19	262	22.4	30.0	21.3	-999.9	0.0	1.4	96807.4	-999.9
Koutiala	1993	9	20	263	22.4	27.6	13.2	-999.9	7.3	1.8	96836.4	-999.9
Koutiala	1993	9	21	264	22.4	30.0	22.3	-999.9	0.0	1.7	96945.5	-999.9
Koutiala	1993	9	22	265	22.1	30.4	22.6	-999.9	0.0	1.3	96952.2	-999.9
Koutiala	1993	9	23	266	22.3	30.5	20.2	-999.9	0.0	2.0	96944.8	-999.9
Koutiala	1993	9	24	267	22.9	31.8	22.4	-999.9	6.7	2.3	96790.7	-999.9
Koutiala	1993	9	25	268	22.2	28.0	14.9	-999.9	3.3	2.3	96944.3	-999.9
Koutiala	1993	9	26	269	21.8	29.6	19.9	-999.9	0.0	1.8	97133.2	-999.9
Koutiala	1993	9	27	270	22.9	30.6	20.6	-999.9	11.3	1.9	97026.7	-999.9
Koutiala	1993	9	28	271	22.1	31.1	23.2	-999.9	0.0	1.7	96969.1	-999.9
Koutiala	1993	9	29	272	23.0	31.1	21.2	-999.9	0.0	2.1	96887.7	-999.9
Koutiala	1993	9	30	273	23.4	30.4	20.4	-999.9	11.3	1.5	96847.1	-999.9
Koutiala	1993	10	1	274	23.1	32.3	22.2	-999.9	0.0	1.8	96862.6	-999.9
Koutiala	1993	10	2	275	23.1	32.6	22.5	-999.9	0.0	1.7	96932.2	-999.9
Koutiala	1993	10	3	276	23.0	33.7	22.5	-999.9	0.0	1.7	96893.6	-999.9
Koutiala	1993	10	4	277	23.1	34.9	23.2	-999.9	0.0	1.6	96848.0	-999.9
Koutiala	1993	10	5	278	24.0	32.8	21.1	-999.9	3.0	2.4	97032.1	-999.9
Koutiala	1993	10	6	279	23.1	34.0	22.6	-999.9	0.0	1.8	96998.7	-999.9
Koutiala	1993	10	7	280	23.9	33.9	19.7	-999.9	7.1	1.3	96966.9	-999.9
Koutiala	1993	10	8	281	23.3	33.0	20.2	-999.9	3.6	1.3	96956.4	-999.9
Koutiala	1993	10	9	282	23.7	33.6	21.0	-999.9	7.1	1.9	97019.3	-999.9
Koutiala	1993	10	10	283	23.6	30.9	16.4	-999.9	0.0	1.9	97122.9	-999.9
Koutiala	1993	10	11	284	22.9	32.2	19.7	-999.9	0.0	1.4	97062.0	-999.9
Koutiala	1993	10	12	285	24.3	33.9	19.0	-999.9	3.6	1.7	96920.5	-999.9
Koutiala	1993	10	13	286	23.3	32.8	20.3	-999.9	0.0	1.4	96890.7	-999.9
Koutiala	1993	10	14	287	23.8	33.5	21.9	-999.9	0.0	1.7	96915.7	-999.9
Koutiala	1993	10	15	288	23.6	33.9	21.5	-999.9	0.0	1.4	96820.6	-999.9
Koutiala	1993	10	16	289	24.6	33.9	20.6	-999.9	0.0	1.3	96701.4	-999.9
Koutiala	1993	10	17	290	24.7	33.8	20.3	-999.9	0.0	1.5	96741.3	-999.9
Koutiala	1993	10	18	291	24.1	33.6	20.9	-999.9	6.0	1.6	96838.0	-999.9
Koutiala	1993	10	19	292	23.3	31.9	19.6	-999.9	0.0	1.9	96859.7	-999.9
Koutiala	1993	10	20	293	23.0	32.9	20.4	-999.9	0.0	1.7	96824.9	-999.9
Koutiala	1993	10	21	294	22.0	34.6	22.5	-999.9	0.0	1.5	96728.1	-999.9
Koutiala	1993	10	22	295	22.4	33.8	21.6	-999.9	0.0	1.9	96782.2	-999.9
Koutiala	1993	10	23	296	23.8	33.2	19.8	-999.9	0.0	1.9	96847.7	-999.9
Koutiala	1993	10	24	297	23.3	32.1	19.8	-999.9	0.0	1.4	96891.0	-999.9
Koutiala	1993	10	25	298	24.2	33.5	21.0	-999.9	0.0	1.7	96905.1	-999.9
Koutiala	1993	10	26	299	23.8	34.5	20.9	-999.9	0.0	1.4	96833.9	-999.9
Koutiala	1993	10	27	300	23.9	35.0	20.6	-999.9	0.0	1.7	96778.5	-999.9
Koutiala	1993	10	28	301	23.7	36.1	20.4	-999.9	0.0	2.4	96760.7	-999.9
Koutiala	1993	10	29	302	24.1	35.3	20.2	-999.9	0.0	2.1	96821.4	-999.9
Koutiala	1993	10	30	303	25.2	35.0	20.3	-999.9	0.0	2.1	96862.6	-999.9
Koutiala	1993	10	31	304	24.8	34.5	19.7	-999.9	0.0	1.8	96902.3	-999.9
Koutiala	1993	11	1	305	24.2	35.0	19.3	-999.9	0.0	1.7	96960.3	-999.9
Koutiala	1993	11	2	306	23.4	35.0	19.6	-999.9	0.0	1.9	96991.3	-999.9
Koutiala	1993	11	3	307	24.3	34.4	18.9	-999.9	0.0	1.8	97048.9	-999.9
Koutiala	1993	11	4	308	23.2	34.5	19.9	-999.9	0.0	1.6	96958.1	-999.9
Koutiala	1993	11	5	309	24.9	34.1	17.8	-999.9	0.0	1.3	96813.1	-999.9
Koutiala	1993	11	6	310	24.5	34.4	19.3	-999.9	0.0	1.5	96703.6	-999.9
Koutiala	1993	11	7	311	24.2	34.4	19.8	-999.9	0.0	1.4	96746.2	-999.9
Koutiala	1993	11	8	312	21.0	35.6	21.3	-999.9	0.0	1.8	96742.5	-999.9
Koutiala	1993	11	9	313	21.8	34.3	19.3	-999.9	0.0	1.5	96747.3	-999.9
Koutiala	1993	11	10	314	23.7	34.3	19.6	-999.9	0.0	1.7	96773.5	-999.9
Koutiala	1993	11	11	315	25.8	35.0	19.3	-999.9	0.0	1.6	96730.4	-999.9
Koutiala	1993	11	12	316	24.5	35.1	21.2	-999.9	1.2	2.9	96701.9	-999.9
Koutiala	1993	11	13	317	23.7	34.5	21.2	-999.9	0.0	1.8	96693.8	-999.9
Koutiala	1993	11	14	318	22.1	33.8	20.1	-999.9	0.0	1.8	96723.3	-999.9
Koutiala	1993	11	15	319	23.9	35.0	20.1	-999.9	0.0	2.1	96701.2	-999.9
Koutiala	1993	11	16	320	22.8	34.2	19.3	-999.9	0.0	1.6	96658.2	-999.9
Koutiala	1993	11	17	321	24.1	35.1	19.8	-999.9	0.0	1.5	96577.0	-999.9
Koutiala	1993	11	18	322	24.1	34.3	19.5	-999.9	0.0	1.4	96548.1	-999.9
Koutiala	1993	11	19	323	25.3	34.1	18.6	-999.9	0.0	1.1	96545.5	-999.9
Koutiala	1993	11	20	324	23.9	34.8	19.9	-999.9	0.0	1.0	96520.6	-999.9
Koutiala	1993	11	21	325	24.7	33.6	18.2	-999.9	0.0	1.5	96684.7	-999.9
Koutiala	1993	11	22	326	24.3	34.4	19.9	-999.9	0.0	1.5	96825.7	-999.9
Koutiala	1993	11	23	327	23.2	35.2	19.8	-999.9	0.0	1.9	96766.0	-999.9
Koutiala	1993	11	24	328	21.7	35.2	20.8	-999.9	0.0	1.3	96628.4	-999.9
Koutiala	1993	11	25	329	22.3	34.3	18.9	-999.9	0.0	1.9	96701.2	-999.9
Koutiala	1993	11	26	330	23.5	33.5	18.7	-999.9	0.0	2.9	96874.0	-999.9
Koutiala	1993	11	27	331	23.0	33.7	19.7	-999.9	0.0	3.1	96920.6	-999.9
Koutiala	1993	11	28	332	22.6	32.8	19.9	-999.9	0.0	3.1	96975.5	-999.9
Koutiala	1993	11	29	333	21.0	32.2	20.5	-999.9	0.0	3.0	97002.2	-999.9
Koutiala	1993	11	30	334	19.4	30.6	20.1	-999.9	0.0	2.6	96959.2	-999.9
Koutiala	1993	12	1	335	17.9	30.6	20.2	-999.9	0.0	2.0	96876.8	-999.9
Koutiala	1993	12	2	336	18.5	32.0	20.6	-999.9	0.0	2.0	96855.1	-999.9
Koutiala	1993	12	3	337	20.0	33.1	20.3	-999.9	0.0	2.3	96837.0	-999.9
Koutiala	1993	12	4	338	21.9	32.8	20.1	-999.9	0.0	2.6	96829.6	-999.9
Koutiala	1993	12	5	339	21.2	33.0	19.8	-999.9	0.0	2.3	96979.3	-999.9
Koutiala	1993	12	6	340	21.5	33.1	20.0	-999.9	0.0	2.4	97024.0	-999.9
Koutiala	1993	12	7	341	19.7	34.0	20.4	-999.9	0.0	1.9	96923.5	-999.9
Koutiala	1993	12	8	342	19.9	34.3	20.3	-999.9	0.0	2.3	96922.6	-999.9
Koutiala	1993	12	9	343	20.2	34.4	20.3	-999.9	0.0	2.4	96963.3	-999.9
Koutiala	1993	12	10	344	21.0	34.0	20.5	-999.9	0.0	2.5	97026.8	-999.9
Koutiala	1993	12	11	345	19.0	32.3	20.9	-999.9	0.0	2.3	96952.0	-999.9
Koutiala	1993	12	12	346	19.7	33.0	20.6	-999.9	0.0	2.4	96838.3	-999.9
Koutiala	1993	12	13	347	20.0	32.4	20.5	-999.9	0.0	2.4	96872.9	-999.9
Koutiala	1993	12	14	348	18.2	31.7	20.6	-999.9	0.0	2.0	96880.9	-999.9
Koutiala	1993	12	15	349	16.2	32.1	20.0	-999.9	0.0	1.7	96871.0	-999.9
Koutiala	1993	12	16	350	17.1	32.9	20.4	-999.9	0.0	2.1	96873.2	-999.9
Koutiala	1993	12	17	351	18.3	32.1	20.3	-999.9	0.0	2.3	96963.8	-999.9
Koutiala	1993	12	18	352	18.7	31.8	20.0	-999.9	0.0	2.4	97035.1	-999.9
Koutiala	1993	12	19	353	18.6	32.1	20.2	-999.9	0.0	2.2	97008.8	-999.9
Koutiala	1993	12	20	354	18.1	32.9	20.0	-999.9	0.0	2.2	96881.1	-999.9
Koutiala	1993	12	21	355	19.4	32.3	19.8	-999.9	0.0	2.3	96905.3	-999.9
Koutiala	1993	12	22	356	18.5	31.7	19.8	-999.9	0.0	2.1	97012.1	-999.9
Koutiala	1993	12	23	357	19.3	31.5	19.1	-999.9	0.0	2.6	97111.7	-999.9
Koutiala	1993	12	24	358	19.9	31.9	20.0	-999.9	0.0	2.4	97066.2	-999.9
Koutiala	1993	12	25	359	18.4	31.0	20.3	-999.9	0.0	2.6	97068.5	-999.9
Koutiala	1993	12	26	360	18.3	31.5	20.1	-999.9	0.0	2.3	97053.0	-999.9
Koutiala	1993	12	27	361	17.7	31.6	20.2	-999.9	0.0	2.2	97024.6	-999.9
Koutiala	1993	12	28	362	17.7	31.3	20.3	-999.9	0.0	2.6	96963.8	-999.9
Koutiala	1993	12	29	363	17.1	29.3	20.0	-999.9	0.0	2.9	97026.3	-999.9
Koutiala	1993	12	30	364	15.6	28.2	21.0	-999.9	0.0	3.0	97120.8	-999.9
Koutiala	1993	12	31	365	13.8	28.4	21.1	-999.9	0.0	2.9	97219.6	-999.9
