Koutiala	1998	1	1	1	20.4	28.6	12.0	-999.9	0.0	2.3	97003.9	-999.9
Koutiala	1998	1	2	2	19.3	27.2	15.9	-999.9	0.2	3.8	97189.2	-999.9
Koutiala	1998	1	3	3	18.6	30.4	19.8	-999.9	0.2	3.0	97208.2	-999.9
Koutiala	1998	1	4	4	17.8	30.5	20.4	-999.9	0.0	2.5	97106.6	-999.9
Koutiala	1998	1	5	5	17.5	32.4	20.7	-999.9	0.0	2.6	97015.4	-999.9
Koutiala	1998	1	6	6	17.8	31.3	20.8	-999.9	0.0	2.8	96937.3	-999.9
Koutiala	1998	1	7	7	16.3	29.0	21.0	-999.9	0.0	2.7	96944.2	-999.9
Koutiala	1998	1	8	8	16.0	29.6	21.2	-999.9	0.0	2.3	97044.3	-999.9
Koutiala	1998	1	9	9	15.2	31.8	21.1	-999.9	0.0	1.9	97065.7	-999.9
Koutiala	1998	1	10	10	17.0	32.9	20.8	-999.9	0.0	1.9	96979.3	-999.9
Koutiala	1998	1	11	11	17.6	32.9	21.1	-999.9	0.0	2.3	96969.7	-999.9
Koutiala	1998	1	12	12	17.8	31.9	20.8	-999.9	0.0	2.4	97112.2	-999.9
Koutiala	1998	1	13	13	17.8	31.7	21.0	-999.9	0.0	2.3	97118.8	-999.9
Koutiala	1998	1	14	14	16.7	31.5	21.4	-999.9	0.0	2.4	97082.3	-999.9
Koutiala	1998	1	15	15	16.5	30.0	21.5	-999.9	0.0	3.0	97145.7	-999.9
Koutiala	1998	1	16	16	15.4	29.6	21.9	-999.9	0.0	2.8	97139.3	-999.9
Koutiala	1998	1	17	17	15.1	29.9	21.9	-999.9	0.0	2.6	97057.6	-999.9
Koutiala	1998	1	18	18	15.7	30.5	21.9	-999.9	0.0	2.9	97075.9	-999.9
Koutiala	1998	1	19	19	15.9	30.4	21.9	-999.9	0.0	2.9	97198.9	-999.9
Koutiala	1998	1	20	20	15.6	30.2	22.0	-999.9	0.0	2.7	97136.1	-999.9
Koutiala	1998	1	21	21	15.9	30.8	22.0	-999.9	0.0	2.5	96988.4	-999.9
Koutiala	1998	1	22	22	15.9	32.0	21.9	-999.9	0.0	2.1	96935.3	-999.9
Koutiala	1998	1	23	23	16.2	33.6	21.8	-999.9	0.0	1.9	96895.4	-999.9
Koutiala	1998	1	24	24	15.5	34.6	21.8	-999.9	0.0	1.9	96800.2	-999.9
Koutiala	1998	1	25	25	17.3	35.1	21.9	-999.9	0.0	2.0	96693.9	-999.9
Koutiala	1998	1	26	26	17.8	35.4	22.0	-999.9	0.0	2.0	96704.9	-999.9
Koutiala	1998	1	27	27	17.8	36.5	21.7	-999.9	0.0	1.8	96721.5	-999.9
Koutiala	1998	1	28	28	19.9	36.1	21.0	-999.9	0.0	1.8	96782.9	-999.9
Koutiala	1998	1	29	29	20.2	36.0	21.5	-999.9	0.0	2.5	96934.4	-999.9
Koutiala	1998	1	30	30	21.0	36.1	21.3	-999.9	0.0	2.0	97001.2	-999.9
Koutiala	1998	1	31	31	20.8	36.6	21.7	-999.9	0.5	2.2	97019.8	-999.9
Koutiala	1998	2	1	32	21.7	37.3	21.7	-999.9	0.0	2.2	97002.1	-999.9
Koutiala	1998	2	2	33	20.0	37.8	21.9	-999.9	0.0	2.2	96947.7	-999.9
Koutiala	1998	2	3	34	21.2	37.7	21.4	-999.9	0.0	1.8	96845.9	-999.9
Koutiala	1998	2	4	35	22.1	39.1	22.1	-999.9	0.0	2.3	96786.1	-999.9
Koutiala	1998	2	5	36	24.5	39.7	22.3	-999.9	0.0	3.1	96748.2	-999.9
Koutiala	1998	2	6	37	23.4	39.1	22.4	-999.9	0.0	2.5	96814.9	-999.9
Koutiala	1998	2	7	38	21.1	39.1	22.1	-999.9	0.0	2.3	96881.0	-999.9
Koutiala	1998	2	8	39	23.0	38.7	20.3	-999.9	0.0	2.5	96795.1	-999.9
Koutiala	1998	2	9	40	22.9	37.3	21.4	-999.9	0.0	2.0	96786.4	-999.9
Koutiala	1998	2	10	41	23.4	37.6	22.5	-999.9	0.0	2.0	96789.2	-999.9
Koutiala	1998	2	11	42	20.7	37.7	22.3	-999.9	0.0	2.0	96812.8	-999.9
Koutiala	1998	2	12	43	22.8	36.0	19.6	-999.9	1.0	2.3	97025.1	-999.9
Koutiala	1998	2	13	44	22.4	35.2	19.5	-999.9	0.0	2.5	97256.5	-999.9
Koutiala	1998	2	14	45	22.4	35.1	22.7	-999.9	0.0	3.3	97405.5	-999.9
Koutiala	1998	2	15	46	21.0	33.7	22.9	-999.9	0.0	2.9	97373.8	-999.9
Koutiala	1998	2	16	47	19.7	33.4	23.2	-999.9	0.0	2.5	97267.8	-999.9
Koutiala	1998	2	17	48	20.7	34.6	23.2	-999.9	0.0	2.8	97256.2	-999.9
Koutiala	1998	2	18	49	20.9	35.1	23.3	-999.9	0.0	2.8	97198.8	-999.9
Koutiala	1998	2	19	50	19.3	34.3	23.5	-999.9	0.0	2.5	97092.7	-999.9
Koutiala	1998	2	20	51	19.1	34.5	23.7	-999.9	0.0	2.5	96987.1	-999.9
Koutiala	1998	2	21	52	18.5	35.4	23.6	-999.9	0.0	2.9	97002.2	-999.9
Koutiala	1998	2	22	53	21.4	34.0	23.8	-999.9	0.0	3.3	97115.9	-999.9
Koutiala	1998	2	23	54	18.5	32.9	24.2	-999.9	0.0	2.5	97079.2	-999.9
Koutiala	1998	2	24	55	17.9	34.4	24.2	-999.9	0.0	2.1	96928.4	-999.9
Koutiala	1998	2	25	56	18.6	35.3	24.0	-999.9	0.0	2.0	96928.5	-999.9
Koutiala	1998	2	26	57	20.1	35.7	24.1	-999.9	0.0	2.5	96984.7	-999.9
Koutiala	1998	2	27	58	20.4	35.4	24.0	-999.9	0.0	2.7	96979.3	-999.9
Koutiala	1998	2	28	59	20.1	35.8	24.3	-999.9	0.0	2.7	96931.7	-999.9
Koutiala	1998	3	1	60	20.5	36.1	24.3	-999.9	0.0	2.8	96897.7	-999.9
Koutiala	1998	3	2	61	20.7	36.1	24.6	-999.9	0.0	2.9	96939.2	-999.9
Koutiala	1998	3	3	62	21.1	35.6	24.7	-999.9	0.0	3.2	96963.8	-999.9
Koutiala	1998	3	4	63	21.1	34.8	24.9	-999.9	0.0	3.1	96986.2	-999.9
Koutiala	1998	3	5	64	20.3	34.6	24.9	-999.9	0.0	3.0	96977.5	-999.9
Koutiala	1998	3	6	65	21.1	34.4	24.5	-999.9	0.0	2.8	96998.4	-999.9
Koutiala	1998	3	7	66	20.2	34.9	24.8	-999.9	0.0	2.7	96938.4	-999.9
Koutiala	1998	3	8	67	21.1	35.5	24.4	-999.9	0.0	2.6	96876.8	-999.9
Koutiala	1998	3	9	68	20.7	36.0	24.8	-999.9	0.0	2.3	96752.9	-999.9
Koutiala	1998	3	10	69	21.3	36.9	25.1	-999.9	0.0	2.2	96667.5	-999.9
Koutiala	1998	3	11	70	21.6	37.7	25.0	-999.9	0.0	2.1	96706.4	-999.9
Koutiala	1998	3	12	71	22.5	37.5	25.0	-999.9	0.0	2.1	96722.7	-999.9
Koutiala	1998	3	13	72	22.1	37.7	25.1	-999.9	0.0	2.3	96676.7	-999.9
Koutiala	1998	3	14	73	23.2	37.1	24.9	-999.9	0.0	2.3	96777.0	-999.9
Koutiala	1998	3	15	74	23.8	35.6	23.5	-999.9	0.0	3.1	96848.7	-999.9
Koutiala	1998	3	16	75	20.7	34.5	24.9	-999.9	0.0	3.2	96861.8	-999.9
Koutiala	1998	3	17	76	19.6	34.2	25.0	-999.9	0.0	2.5	96884.5	-999.9
Koutiala	1998	3	18	77	21.2	36.4	25.0	-999.9	0.0	2.1	96850.1	-999.9
Koutiala	1998	3	19	78	23.6	38.2	25.2	-999.9	0.0	2.5	96864.6	-999.9
Koutiala	1998	3	20	79	23.8	38.7	25.4	-999.9	0.0	2.6	96807.1	-999.9
Koutiala	1998	3	21	80	23.4	39.1	25.5	-999.9	0.0	2.6	96669.8	-999.9
Koutiala	1998	3	22	81	24.0	39.3	25.6	-999.9	0.0	2.7	96597.6	-999.9
Koutiala	1998	3	23	82	23.7	39.8	25.7	-999.9	0.0	2.7	96623.1	-999.9
Koutiala	1998	3	24	83	25.3	40.3	25.6	-999.9	0.0	3.1	96624.8	-999.9
Koutiala	1998	3	25	84	24.6	39.6	26.2	-999.9	0.0	2.6	96640.1	-999.9
Koutiala	1998	3	26	85	22.6	39.7	26.1	-999.9	0.0	2.3	96634.2	-999.9
Koutiala	1998	3	27	86	23.3	39.5	26.3	-999.9	0.0	2.6	96656.4	-999.9
Koutiala	1998	3	28	87	21.8	39.6	25.7	-999.9	0.0	2.1	96602.1	-999.9
Koutiala	1998	3	29	88	22.4	40.2	25.9	-999.9	0.0	2.4	96520.0	-999.9
Koutiala	1998	3	30	89	23.9	39.9	25.0	-999.9	0.0	2.3	96580.8	-999.9
Koutiala	1998	3	31	90	27.4	39.0	22.1	-999.9	0.0	1.9	96671.0	-999.9
Koutiala	1998	4	1	91	26.1	40.4	24.3	-999.9	0.0	2.2	96736.3	-999.9
Koutiala	1998	4	2	92	25.4	40.7	26.2	-999.9	0.0	2.3	96675.7	-999.9
Koutiala	1998	4	3	93	24.3	40.6	25.9	-999.9	0.0	2.4	96609.7	-999.9
Koutiala	1998	4	4	94	25.8	39.4	22.8	-999.9	0.0	2.4	96596.1	-999.9
Koutiala	1998	4	5	95	28.8	39.4	23.5	-999.9	0.0	2.7	96686.6	-999.9
Koutiala	1998	4	6	96	28.0	40.6	22.8	-999.9	0.0	1.9	96690.8	-999.9
Koutiala	1998	4	7	97	28.7	40.4	23.2	-999.9	0.0	2.3	96660.2	-999.9
Koutiala	1998	4	8	98	29.3	38.4	21.1	-999.9	0.0	2.2	96653.8	-999.9
Koutiala	1998	4	9	99	28.3	39.4	22.6	-999.9	0.0	2.1	96495.4	-999.9
Koutiala	1998	4	10	100	28.5	38.6	24.0	-999.9	0.0	2.9	96459.7	-999.9
Koutiala	1998	4	11	101	28.8	37.4	20.9	-999.9	0.0	1.7	96540.4	-999.9
Koutiala	1998	4	12	102	27.8	40.3	24.4	-999.9	2.4	1.8	96566.6	-999.9
Koutiala	1998	4	13	103	27.6	40.3	22.7	-999.9	0.0	2.2	96537.2	-999.9
Koutiala	1998	4	14	104	24.6	40.7	24.3	-999.9	2.4	1.9	96493.9	-999.9
Koutiala	1998	4	15	105	27.4	39.2	23.7	-999.9	0.0	2.1	96580.4	-999.9
Koutiala	1998	4	16	106	28.5	39.3	22.1	-999.9	0.0	2.5	96693.1	-999.9
Koutiala	1998	4	17	107	27.9	40.4	23.4	-999.9	0.0	2.1	96588.2	-999.9
Koutiala	1998	4	18	108	29.5	41.0	23.9	-999.9	0.0	3.0	96383.3	-999.9
Koutiala	1998	4	19	109	27.7	39.9	23.4	-999.9	0.0	3.6	96456.9	-999.9
Koutiala	1998	4	20	110	26.4	37.6	24.0	-999.9	0.0	2.7	96649.5	-999.9
Koutiala	1998	4	21	111	25.3	39.4	22.7	-999.9	0.0	2.3	96698.4	-999.9
Koutiala	1998	4	22	112	25.2	32.3	17.0	-999.9	13.4	2.0	96868.4	-999.9
Koutiala	1998	4	23	113	25.9	35.1	19.3	-999.9	0.0	1.4	96745.2	-999.9
Koutiala	1998	4	24	114	26.6	36.7	22.3	-999.9	6.7	1.7	96690.3	-999.9
Koutiala	1998	4	25	115	27.6	38.4	23.2	-999.9	0.0	1.9	96656.3	-999.9
Koutiala	1998	4	26	116	23.7	39.6	25.7	-999.9	0.0	2.0	96562.7	-999.9
Koutiala	1998	4	27	117	22.2	38.5	24.5	-999.9	0.0	1.4	96427.3	-999.9
Koutiala	1998	4	28	118	25.0	38.9	24.2	-999.9	0.0	2.1	96413.2	-999.9
Koutiala	1998	4	29	119	28.0	39.5	24.6	-999.9	0.0	2.9	96437.1	-999.9
Koutiala	1998	4	30	120	29.1	35.7	19.6	-999.9	5.3	3.4	96621.0	-999.9
Koutiala	1998	5	1	121	27.2	38.2	24.3	-999.9	0.0	2.9	96547.0	-999.9
Koutiala	1998	5	2	122	28.1	38.4	23.6	-999.9	0.0	2.4	96565.9	-999.9
Koutiala	1998	5	3	123	26.8	37.3	22.2	-999.9	0.0	1.7	96636.9	-999.9
Koutiala	1998	5	4	124	25.6	34.6	21.1	-999.9	16.8	1.4	96761.0	-999.9
Koutiala	1998	5	5	125	25.0	32.1	19.2	-999.9	0.0	1.6	96777.3	-999.9
Koutiala	1998	5	6	126	26.0	32.5	17.3	-999.9	0.0	1.4	96711.7	-999.9
Koutiala	1998	5	7	127	26.2	35.7	22.6	-999.9	0.0	1.9	96675.6	-999.9
Koutiala	1998	5	8	128	25.0	37.2	22.6	-999.9	0.0	2.4	96842.6	-999.9
Koutiala	1998	5	9	129	26.2	37.8	24.1	-999.9	0.0	2.5	96917.0	-999.9
Koutiala	1998	5	10	130	27.0	39.6	24.5	-999.9	5.0	2.2	96785.0	-999.9
Koutiala	1998	5	11	131	26.3	40.1	25.9	-999.9	0.0	2.3	96743.1	-999.9
Koutiala	1998	5	12	132	27.1	39.1	24.8	-999.9	0.0	3.2	96787.3	-999.9
Koutiala	1998	5	13	133	27.3	37.5	23.6	-999.9	5.9	2.3	96959.1	-999.9
Koutiala	1998	5	14	134	26.7	37.7	24.4	-999.9	2.9	1.8	96884.9	-999.9
Koutiala	1998	5	15	135	27.7	37.5	23.4	-999.9	5.9	1.8	96727.3	-999.9
Koutiala	1998	5	16	136	26.7	36.4	23.5	-999.9	0.0	2.2	96694.8	-999.9
Koutiala	1998	5	17	137	24.7	33.4	18.9	-999.9	7.0	1.7	96862.6	-999.9
Koutiala	1998	5	18	138	24.7	31.7	18.0	-999.9	10.5	1.3	97112.3	-999.9
Koutiala	1998	5	19	139	25.1	34.9	19.8	-999.9	0.0	1.3	97062.1	-999.9
Koutiala	1998	5	20	140	25.3	37.4	23.9	-999.9	0.0	1.7	96841.5	-999.9
Koutiala	1998	5	21	141	26.2	37.0	23.6	-999.9	0.0	2.3	96876.2	-999.9
Koutiala	1998	5	22	142	27.3	36.7	22.7	-999.9	2.5	2.7	96977.7	-999.9
Koutiala	1998	5	23	143	27.5	38.5	23.6	-999.9	2.5	2.1	97020.2	-999.9
Koutiala	1998	5	24	144	27.3	37.1	24.2	-999.9	0.0	2.1	96950.2	-999.9
Koutiala	1998	5	25	145	27.0	37.3	23.1	-999.9	0.0	2.1	96920.7	-999.9
Koutiala	1998	5	26	146	28.2	38.6	24.0	-999.9	4.9	2.2	96771.5	-999.9
Koutiala	1998	5	27	147	28.0	38.6	23.6	-999.9	0.0	2.3	96769.4	-999.9
Koutiala	1998	5	28	148	28.5	39.3	23.3	-999.9	9.8	2.5	96837.6	-999.9
Koutiala	1998	5	29	149	27.0	37.4	23.4	-999.9	4.3	1.8	96839.1	-999.9
Koutiala	1998	5	30	150	28.2	38.3	23.6	-999.9	0.0	2.3	96758.0	-999.9
Koutiala	1998	5	31	151	26.9	38.0	22.9	-999.9	0.0	2.3	96715.3	-999.9
Koutiala	1998	6	1	152	27.7	37.1	21.9	-999.9	14.7	2.7	96902.8	-999.9
Koutiala	1998	6	2	153	25.8	33.4	21.2	-999.9	0.0	2.6	96979.6	-999.9
Koutiala	1998	6	3	154	24.0	32.1	19.8	-999.9	7.3	2.1	96993.8	-999.9
Koutiala	1998	6	4	155	24.4	31.8	22.0	-999.9	0.0	2.2	97154.2	-999.9
Koutiala	1998	6	5	156	24.3	33.3	24.5	-999.9	0.0	1.9	97217.9	-999.9
Koutiala	1998	6	6	157	25.5	34.4	23.4	-999.9	13.5	1.5	97175.8	-999.9
Koutiala	1998	6	7	158	24.2	32.7	19.8	-999.9	0.0	2.2	97030.3	-999.9
Koutiala	1998	6	8	159	24.0	32.5	21.5	-999.9	23.2	2.6	97007.9	-999.9
Koutiala	1998	6	9	160	23.8	32.7	23.6	-999.9	6.8	1.7	97074.1	-999.9
Koutiala	1998	6	10	161	24.9	32.7	23.3	-999.9	6.8	1.8	97092.2	-999.9
Koutiala	1998	6	11	162	25.0	33.9	23.8	-999.9	0.0	1.5	97062.3	-999.9
Koutiala	1998	6	12	163	25.5	35.3	23.2	-999.9	10.9	1.9	97066.7	-999.9
Koutiala	1998	6	13	164	24.6	34.8	23.7	-999.9	0.0	2.1	97025.3	-999.9
Koutiala	1998	6	14	165	25.1	34.9	24.5	-999.9	0.0	2.5	96924.5	-999.9
Koutiala	1998	6	15	166	26.1	35.0	23.3	-999.9	0.0	2.3	96857.2	-999.9
Koutiala	1998	6	16	167	24.9	35.9	24.3	-999.9	0.0	2.1	97016.7	-999.9
Koutiala	1998	6	17	168	24.8	35.4	24.2	-999.9	0.0	1.2	97050.9	-999.9
Koutiala	1998	6	18	169	26.0	37.4	24.6	-999.9	0.0	2.5	96842.4	-999.9
Koutiala	1998	6	19	170	25.9	36.8	24.0	-999.9	0.0	3.4	96643.3	-999.9
Koutiala	1998	6	20	171	24.8	33.4	19.5	-999.9	0.0	2.8	96893.1	-999.9
Koutiala	1998	6	21	172	24.6	34.0	23.0	-999.9	0.0	1.7	97130.0	-999.9
Koutiala	1998	6	22	173	24.5	34.9	22.0	-999.9	0.0	1.7	97085.9	-999.9
Koutiala	1998	6	23	174	24.7	34.5	23.8	-999.9	0.0	1.8	96993.3	-999.9
Koutiala	1998	6	24	175	25.6	35.7	24.3	-999.9	0.0	2.3	96914.3	-999.9
Koutiala	1998	6	25	176	26.4	36.7	23.9	-999.9	11.4	2.1	96957.6	-999.9
Koutiala	1998	6	26	177	26.9	34.8	22.9	-999.9	0.0	2.1	96967.2	-999.9
Koutiala	1998	6	27	178	24.9	35.6	23.1	-999.9	4.0	2.2	97020.8	-999.9
Koutiala	1998	6	28	179	25.9	33.8	19.7	-999.9	4.0	2.9	97053.1	-999.9
Koutiala	1998	6	29	180	25.4	34.0	21.8	-999.9	0.0	2.3	97015.1	-999.9
Koutiala	1998	6	30	181	24.9	32.9	23.2	-999.9	0.0	2.3	97056.0	-999.9
Koutiala	1998	7	1	182	24.9	34.2	24.3	-999.9	0.0	2.1	97065.9	-999.9
Koutiala	1998	7	2	183	25.0	32.1	20.2	-999.9	0.0	2.2	97078.6	-999.9
Koutiala	1998	7	3	184	24.7	34.3	23.4	-999.9	0.0	2.7	96945.4	-999.9
Koutiala	1998	7	4	185	25.1	34.8	24.0	-999.9	0.0	2.5	96909.3	-999.9
Koutiala	1998	7	5	186	25.8	34.7	23.1	-999.9	8.6	2.7	96848.3	-999.9
Koutiala	1998	7	6	187	25.3	33.7	22.6	-999.9	5.4	2.2	96864.1	-999.9
Koutiala	1998	7	7	188	24.9	33.0	20.6	-999.9	10.9	1.8	96967.2	-999.9
Koutiala	1998	7	8	189	24.1	32.0	21.8	-999.9	10.9	1.6	97077.9	-999.9
Koutiala	1998	7	9	190	24.0	32.8	22.0	-999.9	5.4	2.0	97063.2	-999.9
Koutiala	1998	7	10	191	25.2	34.4	23.7	-999.9	5.4	2.4	96984.9	-999.9
Koutiala	1998	7	11	192	23.6	32.1	18.1	-999.9	11.3	2.9	96940.4	-999.9
Koutiala	1998	7	12	193	24.0	33.4	24.4	-999.9	0.0	3.2	96755.5	-999.9
Koutiala	1998	7	13	194	24.6	32.7	21.7	-999.9	0.0	3.0	96873.7	-999.9
Koutiala	1998	7	14	195	24.0	29.5	15.9	-999.9	0.0	2.2	97015.0	-999.9
Koutiala	1998	7	15	196	23.3	31.1	20.8	-999.9	7.5	2.0	97049.4	-999.9
Koutiala	1998	7	16	197	23.1	31.8	21.2	-999.9	44.1	2.0	97041.2	-999.9
Koutiala	1998	7	17	198	23.3	31.3	21.7	-999.9	0.0	2.0	97015.7	-999.9
Koutiala	1998	7	18	199	23.3	32.2	22.7	-999.9	11.0	1.7	97010.2	-999.9
Koutiala	1998	7	19	200	23.2	29.9	17.7	-999.9	0.0	2.2	96980.4	-999.9
Koutiala	1998	7	20	201	23.2	31.8	22.0	-999.9	0.0	2.5	96874.5	-999.9
Koutiala	1998	7	21	202	24.0	30.0	17.9	-999.9	21.5	2.2	96821.5	-999.9
Koutiala	1998	7	22	203	22.6	25.5	8.4	-999.9	0.0	1.3	96897.7	-999.9
Koutiala	1998	7	23	204	22.0	28.8	17.7	-999.9	0.0	1.5	96997.9	-999.9
Koutiala	1998	7	24	205	23.1	29.5	20.2	-999.9	10.8	1.6	96966.3	-999.9
Koutiala	1998	7	25	206	23.0	30.3	21.7	-999.9	0.0	2.0	96858.9	-999.9
Koutiala	1998	7	26	207	24.2	31.0	21.4	-999.9	9.6	2.2	96897.2	-999.9
Koutiala	1998	7	27	208	23.4	29.8	21.3	-999.9	0.0	2.2	97033.1	-999.9
Koutiala	1998	7	28	209	22.7	27.4	13.6	-999.9	5.5	2.1	97167.3	-999.9
Koutiala	1998	7	29	210	22.4	29.5	18.4	-999.9	4.8	1.7	97040.0	-999.9
Koutiala	1998	7	30	211	23.4	30.6	22.9	-999.9	0.0	2.3	96995.3	-999.9
Koutiala	1998	7	31	212	23.5	30.4	18.9	-999.9	4.8	3.2	96913.1	-999.9
Koutiala	1998	8	1	213	23.5	30.0	18.2	-999.9	41.7	3.2	96777.0	-999.9
Koutiala	1998	8	2	214	23.6	28.0	13.4	-999.9	6.0	2.6	96878.5	-999.9
Koutiala	1998	8	3	215	22.4	27.8	17.1	-999.9	17.9	2.5	97090.7	-999.9
Koutiala	1998	8	4	216	22.4	28.1	15.7	-999.9	11.9	1.7	97096.6	-999.9
Koutiala	1998	8	5	217	22.5	29.0	19.3	-999.9	6.0	1.9	97051.6	-999.9
Koutiala	1998	8	6	218	22.8	28.6	16.6	-999.9	8.1	1.9	97033.8	-999.9
Koutiala	1998	8	7	219	22.5	29.3	19.4	-999.9	4.0	1.9	97044.2	-999.9
Koutiala	1998	8	8	220	23.1	29.6	19.5	-999.9	4.0	1.8	96911.6	-999.9
Koutiala	1998	8	9	221	22.5	28.2	16.3	-999.9	8.1	2.0	96957.3	-999.9
Koutiala	1998	8	10	222	22.1	29.0	19.5	-999.9	8.1	2.1	97047.1	-999.9
Koutiala	1998	8	11	223	23.7	28.8	14.7	-999.9	0.0	2.1	96967.9	-999.9
Koutiala	1998	8	12	224	22.4	27.4	11.6	-999.9	27.8	1.7	96977.8	-999.9
Koutiala	1998	8	13	225	23.0	28.7	19.2	-999.9	0.0	1.9	97050.5	-999.9
Koutiala	1998	8	14	226	22.4	28.4	19.5	-999.9	0.0	2.9	96944.4	-999.9
Koutiala	1998	8	15	227	22.5	29.0	12.3	-999.9	27.8	2.3	96859.6	-999.9
Koutiala	1998	8	16	228	22.2	28.1	14.0	-999.9	0.0	2.0	96966.2	-999.9
Koutiala	1998	8	17	229	21.6	28.9	17.2	-999.9	0.0	2.0	96960.1	-999.9
Koutiala	1998	8	18	230	22.4	31.1	23.2	-999.9	6.4	1.9	96727.8	-999.9
Koutiala	1998	8	19	231	23.1	28.9	18.1	-999.9	14.7	2.0	96773.1	-999.9
Koutiala	1998	8	20	232	22.8	29.3	20.9	-999.9	6.4	1.5	97040.0	-999.9
Koutiala	1998	8	21	233	22.2	29.2	20.1	-999.9	0.0	1.3	97047.2	-999.9
Koutiala	1998	8	22	234	22.2	29.2	16.5	-999.9	0.0	1.8	96993.9	-999.9
Koutiala	1998	8	23	235	23.5	30.7	22.1	-999.9	21.7	2.3	96810.1	-999.9
Koutiala	1998	8	24	236	23.5	28.6	12.6	-999.9	10.8	1.9	96769.8	-999.9
Koutiala	1998	8	25	237	22.7	29.5	19.5	-999.9	0.0	1.5	96830.4	-999.9
Koutiala	1998	8	26	238	22.3	27.4	14.0	-999.9	10.3	1.8	96929.2	-999.9
Koutiala	1998	8	27	239	21.7	29.1	22.1	-999.9	0.0	2.3	97036.4	-999.9
Koutiala	1998	8	28	240	22.0	31.7	24.0	-999.9	0.0	1.5	96889.6	-999.9
Koutiala	1998	8	29	241	23.4	30.5	15.8	-999.9	10.3	2.2	96837.7	-999.9
Koutiala	1998	8	30	242	22.8	29.3	17.7	-999.9	9.0	2.3	96944.3	-999.9
Koutiala	1998	8	31	243	22.3	28.9	18.8	-999.9	18.1	1.8	96952.9	-999.9
Koutiala	1998	9	1	244	22.4	28.5	18.2	-999.9	0.0	1.5	96943.1	-999.9
Koutiala	1998	9	2	245	22.7	29.5	19.2	-999.9	0.0	1.7	96982.9	-999.9
Koutiala	1998	9	3	246	23.1	29.7	18.7	-999.9	0.0	2.4	96938.7	-999.9
Koutiala	1998	9	4	247	23.3	29.8	22.2	-999.9	0.0	2.2	96879.9	-999.9
Koutiala	1998	9	5	248	22.9	29.4	17.9	-999.9	10.6	1.7	96930.5	-999.9
Koutiala	1998	9	6	249	22.7	29.0	16.7	-999.9	28.7	1.5	96880.9	-999.9
Koutiala	1998	9	7	250	22.7	26.1	11.1	-999.9	8.4	2.5	96795.7	-999.9
Koutiala	1998	9	8	251	22.3	28.2	17.5	-999.9	16.8	1.8	96952.0	-999.9
Koutiala	1998	9	9	252	21.7	29.5	21.7	-999.9	8.4	0.9	96950.7	-999.9
Koutiala	1998	9	10	253	22.7	26.8	12.5	-999.9	16.8	1.2	96932.5	-999.9
Koutiala	1998	9	11	254	22.5	29.5	20.5	-999.9	6.7	1.6	96929.5	-999.9
Koutiala	1998	9	12	255	22.2	29.8	21.2	-999.9	13.5	1.3	96864.7	-999.9
Koutiala	1998	9	13	256	23.3	30.1	20.2	-999.9	0.0	1.1	96821.0	-999.9
Koutiala	1998	9	14	257	22.3	30.7	23.3	-999.9	13.5	1.8	96844.0	-999.9
Koutiala	1998	9	15	258	22.7	27.3	14.5	-999.9	6.7	1.8	97010.7	-999.9
Koutiala	1998	9	16	259	21.6	28.5	18.4	-999.9	0.0	1.3	97082.1	-999.9
Koutiala	1998	9	17	260	21.6	29.7	22.1	-999.9	13.4	1.1	96956.7	-999.9
Koutiala	1998	9	18	261	23.0	30.0	20.9	-999.9	0.0	1.6	96849.4	-999.9
Koutiala	1998	9	19	262	22.7	28.9	16.9	-999.9	40.3	1.7	96913.3	-999.9
Koutiala	1998	9	20	263	22.1	28.7	19.5	-999.9	0.0	2.0	96997.7	-999.9
Koutiala	1998	9	21	264	22.3	30.1	22.1	-999.9	7.6	0.9	96970.4	-999.9
Koutiala	1998	9	22	265	23.0	29.6	20.6	-999.9	15.3	1.8	96911.7	-999.9
Koutiala	1998	9	23	266	21.9	26.4	11.3	-999.9	15.3	1.4	96962.2	-999.9
Koutiala	1998	9	24	267	21.8	27.5	16.1	-999.9	7.6	1.9	97078.9	-999.9
Koutiala	1998	9	25	268	21.6	28.6	20.8	-999.9	0.0	1.7	97149.0	-999.9
Koutiala	1998	9	26	269	21.1	30.8	23.4	-999.9	0.0	1.5	97023.4	-999.9
Koutiala	1998	9	27	270	22.9	31.7	22.2	-999.9	0.0	1.5	96895.9	-999.9
Koutiala	1998	9	28	271	23.3	30.1	21.2	-999.9	0.0	1.8	96949.8	-999.9
Koutiala	1998	9	29	272	21.9	30.5	23.9	-999.9	0.0	1.5	96994.7	-999.9
Koutiala	1998	9	30	273	23.1	31.3	22.9	-999.9	5.7	1.8	96881.7	-999.9
Koutiala	1998	10	1	274	23.1	30.6	21.2	-999.9	0.0	1.8	96941.3	-999.9
Koutiala	1998	10	2	275	22.7	30.3	22.3	-999.9	0.0	1.4	97094.4	-999.9
Koutiala	1998	10	3	276	22.6	31.6	22.9	-999.9	0.0	1.5	97021.9	-999.9
Koutiala	1998	10	4	277	23.6	31.7	23.1	-999.9	5.8	2.1	96790.3	-999.9
Koutiala	1998	10	5	278	23.4	31.3	22.6	-999.9	10.2	1.8	96812.3	-999.9
Koutiala	1998	10	6	279	23.1	32.0	22.6	-999.9	0.0	1.5	96862.5	-999.9
Koutiala	1998	10	7	280	23.9	33.1	22.1	-999.9	0.0	1.7	96828.2	-999.9
Koutiala	1998	10	8	281	24.3	32.7	22.2	-999.9	0.0	1.9	96716.4	-999.9
Koutiala	1998	10	9	282	24.2	30.3	20.1	-999.9	0.0	2.0	96793.0	-999.9
Koutiala	1998	10	10	283	22.1	28.4	16.3	-999.9	0.0	2.1	96910.1	-999.9
Koutiala	1998	10	11	284	22.1	30.7	20.2	-999.9	0.0	1.7	96991.4	-999.9
Koutiala	1998	10	12	285	23.6	32.4	22.3	-999.9	0.0	2.0	96805.2	-999.9
Koutiala	1998	10	13	286	23.5	32.7	22.5	-999.9	0.0	2.1	96802.1	-999.9
Koutiala	1998	10	14	287	23.0	31.7	21.5	-999.9	4.4	1.3	96920.5	-999.9
Koutiala	1998	10	15	288	23.7	32.1	20.9	-999.9	0.0	1.4	96896.8	-999.9
Koutiala	1998	10	16	289	23.4	32.6	20.9	-999.9	0.0	1.4	96852.8	-999.9
Koutiala	1998	10	17	290	22.3	33.9	22.4	-999.9	0.0	1.3	96807.2	-999.9
Koutiala	1998	10	18	291	23.8	32.0	20.7	-999.9	16.9	1.5	96923.1	-999.9
Koutiala	1998	10	19	292	23.1	33.1	22.1	-999.9	0.0	1.6	96957.6	-999.9
Koutiala	1998	10	20	293	23.3	33.3	21.8	-999.9	0.0	1.4	96929.9	-999.9
Koutiala	1998	10	21	294	24.7	33.6	20.8	-999.9	0.0	1.4	96944.4	-999.9
Koutiala	1998	10	22	295	24.8	33.6	21.7	-999.9	6.7	1.8	97001.6	-999.9
Koutiala	1998	10	23	296	23.7	33.7	22.6	-999.9	0.0	1.5	96992.1	-999.9
Koutiala	1998	10	24	297	21.1	31.7	19.1	-999.9	0.0	2.0	96987.6	-999.9
Koutiala	1998	10	25	298	22.3	32.2	20.9	-999.9	0.0	1.7	97066.2	-999.9
Koutiala	1998	10	26	299	22.0	33.6	22.5	-999.9	0.0	1.4	97079.8	-999.9
Koutiala	1998	10	27	300	19.7	34.3	22.8	-999.9	0.0	1.6	97028.4	-999.9
Koutiala	1998	10	28	301	21.0	33.9	20.8	-999.9	0.0	2.0	96903.4	-999.9
Koutiala	1998	10	29	302	23.1	32.6	19.6	-999.9	4.8	2.0	96906.5	-999.9
Koutiala	1998	10	30	303	22.9	32.3	19.2	-999.9	0.0	1.4	97015.6	-999.9
Koutiala	1998	10	31	304	22.0	33.3	21.0	-999.9	0.0	1.7	96993.2	-999.9
Koutiala	1998	11	1	305	20.2	34.1	22.4	-999.9	2.0	2.2	96915.9	-999.9
Koutiala	1998	11	2	306	18.7	33.0	22.5	-999.9	0.0	1.6	96883.3	-999.9
Koutiala	1998	11	3	307	17.9	33.3	22.8	-999.9	0.0	1.8	96839.3	-999.9
Koutiala	1998	11	4	308	18.2	33.8	22.6	-999.9	0.0	1.5	96803.4	-999.9
Koutiala	1998	11	5	309	18.7	33.8	22.2	-999.9	0.0	1.5	96877.2	-999.9
Koutiala	1998	11	6	310	19.3	34.5	21.9	-999.9	0.0	2.1	96904.2	-999.9
Koutiala	1998	11	7	311	20.1	34.6	22.2	-999.9	0.0	1.9	96809.2	-999.9
Koutiala	1998	11	8	312	19.5	34.2	22.6	-999.9	0.0	2.4	96848.5	-999.9
Koutiala	1998	11	9	313	17.4	33.7	22.6	-999.9	0.0	2.1	96886.6	-999.9
Koutiala	1998	11	10	314	17.6	33.2	21.9	-999.9	0.0	1.7	96957.6	-999.9
Koutiala	1998	11	11	315	20.2	33.1	22.0	-999.9	0.0	1.5	96950.7	-999.9
Koutiala	1998	11	12	316	19.4	32.7	22.2	-999.9	0.0	2.3	96957.8	-999.9
Koutiala	1998	11	13	317	19.2	32.6	22.1	-999.9	0.0	2.4	96967.6	-999.9
Koutiala	1998	11	14	318	18.3	32.8	21.8	-999.9	0.0	2.1	96862.0	-999.9
Koutiala	1998	11	15	319	19.2	33.7	21.4	-999.9	0.0	2.2	96831.1	-999.9
Koutiala	1998	11	16	320	20.4	33.9	21.5	-999.9	0.0	2.4	96886.0	-999.9
Koutiala	1998	11	17	321	21.2	33.9	21.2	-999.9	0.0	2.4	96881.1	-999.9
Koutiala	1998	11	18	322	20.6	34.0	21.5	-999.9	0.0	2.4	96731.3	-999.9
Koutiala	1998	11	19	323	20.4	34.0	21.3	-999.9	0.0	2.0	96675.3	-999.9
Koutiala	1998	11	20	324	19.8	34.0	21.1	-999.9	0.0	1.6	96709.4	-999.9
Koutiala	1998	11	21	325	21.0	33.6	20.8	-999.9	0.0	2.0	96761.1	-999.9
Koutiala	1998	11	22	326	20.1	33.0	21.0	-999.9	0.0	1.8	96865.0	-999.9
Koutiala	1998	11	23	327	21.2	33.6	20.7	-999.9	0.0	2.4	96831.5	-999.9
Koutiala	1998	11	24	328	20.6	33.4	20.9	-999.9	0.0	2.4	96833.5	-999.9
Koutiala	1998	11	25	329	21.5	33.3	19.2	-999.9	0.0	2.7	96853.4	-999.9
Koutiala	1998	11	26	330	19.7	33.1	20.8	-999.9	0.0	2.2	96772.0	-999.9
Koutiala	1998	11	27	331	18.5	32.8	21.1	-999.9	0.0	2.1	96818.5	-999.9
Koutiala	1998	11	28	332	19.0	33.4	21.1	-999.9	0.0	2.4	96836.1	-999.9
Koutiala	1998	11	29	333	19.4	33.4	21.1	-999.9	0.0	2.6	96760.3	-999.9
Koutiala	1998	11	30	334	18.8	33.4	21.0	-999.9	0.0	2.2	96672.1	-999.9
Koutiala	1998	12	1	335	19.9	33.3	19.6	-999.9	0.0	2.3	96748.1	-999.9
Koutiala	1998	12	2	336	18.6	33.8	20.5	-999.9	0.0	2.1	96768.3	-999.9
Koutiala	1998	12	3	337	19.8	34.0	20.4	-999.9	0.0	2.1	96750.9	-999.9
Koutiala	1998	12	4	338	19.1	33.2	20.2	-999.9	0.0	1.8	96862.8	-999.9
Koutiala	1998	12	5	339	20.2	33.2	19.7	-999.9	0.0	1.7	96924.6	-999.9
Koutiala	1998	12	6	340	22.4	34.5	19.7	-999.9	0.0	2.4	96904.1	-999.9
Koutiala	1998	12	7	341	19.6	34.1	20.4	-999.9	0.0	2.1	96842.6	-999.9
Koutiala	1998	12	8	342	20.1	31.5	20.3	-999.9	0.0	2.8	96903.5	-999.9
Koutiala	1998	12	9	343	18.5	30.0	20.1	-999.9	0.0	2.7	97048.4	-999.9
Koutiala	1998	12	10	344	17.5	30.0	20.2	-999.9	0.0	2.6	97129.8	-999.9
Koutiala	1998	12	11	345	18.2	30.8	20.1	-999.9	0.0	2.5	97107.9	-999.9
Koutiala	1998	12	12	346	18.3	31.9	20.1	-999.9	0.0	2.3	97081.5	-999.9
Koutiala	1998	12	13	347	18.7	33.6	20.0	-999.9	0.0	2.1	97000.8	-999.9
Koutiala	1998	12	14	348	19.8	33.1	20.1	-999.9	0.5	2.3	97108.3	-999.9
Koutiala	1998	12	15	349	18.8	31.9	20.4	-999.9	0.0	2.5	97149.2	-999.9
Koutiala	1998	12	16	350	18.8	31.7	20.3	-999.9	0.0	2.5	97116.0	-999.9
Koutiala	1998	12	17	351	18.9	32.0	20.3	-999.9	0.0	2.4	97087.7	-999.9
Koutiala	1998	12	18	352	18.0	31.9	20.3	-999.9	0.0	2.5	96999.5	-999.9
Koutiala	1998	12	19	353	19.1	31.7	20.3	-999.9	0.0	2.8	97041.2	-999.9
Koutiala	1998	12	20	354	17.9	30.2	20.5	-999.9	0.0	2.4	97001.0	-999.9
Koutiala	1998	12	21	355	15.2	30.2	20.3	-999.9	0.5	2.0	96884.2	-999.9
Koutiala	1998	12	22	356	15.5	31.0	20.6	-999.9	0.0	1.8	96884.9	-999.9
Koutiala	1998	12	23	357	16.3	31.8	20.4	-999.9	0.0	1.9	96860.1	-999.9
Koutiala	1998	12	24	358	16.9	32.8	20.3	-999.9	0.0	1.9	96910.8	-999.9
Koutiala	1998	12	25	359	17.8	34.0	20.5	-999.9	0.0	1.9	96897.3	-999.9
Koutiala	1998	12	26	360	18.2	34.1	20.5	-999.9	0.0	2.2	96880.8	-999.9
Koutiala	1998	12	27	361	18.2	33.2	20.6	-999.9	0.0	2.1	96797.7	-999.9
Koutiala	1998	12	28	362	17.9	33.1	20.5	-999.9	0.0	2.6	96814.9	-999.9
Koutiala	1998	12	29	363	17.4	31.1	20.4	-999.9	0.0	2.5	96991.0	-999.9
Koutiala	1998	12	30	364	17.6	32.0	20.0	-999.9	0.0	2.4	97031.0	-999.9
Koutiala	1998	12	31	365	17.4	29.7	20.1	-999.9	0.0	2.9	97087.4	-999.9
