Koutiala	1992	1	1	1	16.1	30.4	20.4	-999.9	0.0	2.3	97071.9	-999.9
Koutiala	1992	1	2	2	16.6	31.0	20.4	-999.9	0.0	2.6	97133.6	-999.9
Koutiala	1992	1	3	3	17.8	30.3	20.4	-999.9	0.0	2.8	97321.2	-999.9
Koutiala	1992	1	4	4	17.7	30.0	20.5	-999.9	0.0	3.2	97398.9	-999.9
Koutiala	1992	1	5	5	16.4	29.4	20.7	-999.9	0.0	3.0	97333.0	-999.9
Koutiala	1992	1	6	6	15.5	27.8	20.0	-999.9	0.0	3.3	97272.9	-999.9
Koutiala	1992	1	7	7	16.0	28.3	20.5	-999.9	0.0	2.9	97200.1	-999.9
Koutiala	1992	1	8	8	15.4	30.2	20.4	-999.9	0.0	2.3	97108.2	-999.9
Koutiala	1992	1	9	9	17.3	30.3	19.6	-999.9	0.3	2.4	97049.7	-999.9
Koutiala	1992	1	10	10	16.6	30.0	18.7	-999.9	0.0	2.3	97088.5	-999.9
Koutiala	1992	1	11	11	16.6	29.9	19.9	-999.9	0.3	2.2	97065.7	-999.9
Koutiala	1992	1	12	12	15.2	30.2	21.0	-999.9	0.0	2.1	96995.6	-999.9
Koutiala	1992	1	13	13	16.9	31.2	20.4	-999.9	0.0	2.2	96961.8	-999.9
Koutiala	1992	1	14	14	17.3	29.6	20.7	-999.9	0.0	2.7	97022.2	-999.9
Koutiala	1992	1	15	15	15.9	30.6	21.1	-999.9	0.0	2.6	96964.4	-999.9
Koutiala	1992	1	16	16	16.3	31.1	20.9	-999.9	0.0	2.2	96984.0	-999.9
Koutiala	1992	1	17	17	16.8	31.8	21.1	-999.9	0.0	2.1	97021.8	-999.9
Koutiala	1992	1	18	18	20.0	31.7	16.8	-999.9	0.3	2.1	97159.9	-999.9
Koutiala	1992	1	19	19	20.0	32.0	18.2	-999.9	0.0	1.6	97093.3	-999.9
Koutiala	1992	1	20	20	18.9	33.9	20.6	-999.9	0.0	2.3	96854.6	-999.9
Koutiala	1992	1	21	21	20.9	33.2	18.4	-999.9	0.0	1.7	96763.0	-999.9
Koutiala	1992	1	22	22	18.7	24.5	17.4	-999.9	0.0	2.9	97058.1	-999.9
Koutiala	1992	1	23	23	16.5	25.5	15.8	-999.9	0.0	3.2	97214.8	-999.9
Koutiala	1992	1	24	24	16.4	26.2	17.8	-999.9	0.0	3.1	97295.0	-999.9
Koutiala	1992	1	25	25	17.1	28.6	20.4	-999.9	0.0	2.8	97210.9	-999.9
Koutiala	1992	1	26	26	17.6	28.5	20.6	-999.9	0.0	2.7	97106.6	-999.9
Koutiala	1992	1	27	27	16.6	28.3	20.7	-999.9	0.0	2.4	96915.5	-999.9
Koutiala	1992	1	28	28	15.7	29.5	20.6	-999.9	0.0	2.3	96804.7	-999.9
Koutiala	1992	1	29	29	16.7	31.0	20.8	-999.9	0.0	2.5	96878.3	-999.9
Koutiala	1992	1	30	30	18.5	32.2	20.4	-999.9	0.0	2.6	96984.6	-999.9
Koutiala	1992	1	31	31	20.2	31.8	16.8	-999.9	0.0	2.7	96992.9	-999.9
Koutiala	1992	2	1	32	20.6	33.5	21.0	-999.9	0.0	2.5	96957.8	-999.9
Koutiala	1992	2	2	33	20.4	34.1	21.2	-999.9	0.0	2.2	96947.6	-999.9
Koutiala	1992	2	3	34	22.3	34.8	21.1	-999.9	0.0	2.5	96983.3	-999.9
Koutiala	1992	2	4	35	21.1	34.2	21.5	-999.9	0.0	2.4	96929.1	-999.9
Koutiala	1992	2	5	36	21.2	34.1	21.6	-999.9	0.0	2.7	96827.0	-999.9
Koutiala	1992	2	6	37	21.5	33.5	18.7	-999.9	0.0	1.4	96820.8	-999.9
Koutiala	1992	2	7	38	21.9	35.2	21.1	-999.9	0.0	1.3	96907.9	-999.9
Koutiala	1992	2	8	39	21.0	34.3	18.8	-999.9	0.0	2.0	96951.3	-999.9
Koutiala	1992	2	9	40	21.7	35.2	21.3	-999.9	0.0	2.6	96876.6	-999.9
Koutiala	1992	2	10	41	22.6	34.6	21.2	-999.9	0.0	2.7	96831.8	-999.9
Koutiala	1992	2	11	42	21.6	35.5	20.3	-999.9	0.8	1.9	96895.2	-999.9
Koutiala	1992	2	12	43	21.8	35.5	22.0	-999.9	0.0	2.3	96929.0	-999.9
Koutiala	1992	2	13	44	22.7	34.9	22.1	-999.9	0.0	2.8	96950.6	-999.9
Koutiala	1992	2	14	45	22.5	34.6	22.3	-999.9	0.0	3.7	97010.0	-999.9
Koutiala	1992	2	15	46	21.7	33.9	22.0	-999.9	0.0	3.1	97151.4	-999.9
Koutiala	1992	2	16	47	21.2	33.5	22.6	-999.9	0.0	2.6	97098.0	-999.9
Koutiala	1992	2	17	48	20.3	34.2	22.8	-999.9	0.0	2.7	96945.0	-999.9
Koutiala	1992	2	18	49	20.3	34.9	23.0	-999.9	0.0	2.6	96867.5	-999.9
Koutiala	1992	2	19	50	19.8	35.4	23.1	-999.9	0.0	2.3	96776.2	-999.9
Koutiala	1992	2	20	51	18.8	35.9	23.5	-999.9	0.0	2.2	96682.9	-999.9
Koutiala	1992	2	21	52	18.9	36.3	23.5	-999.9	0.0	2.1	96663.4	-999.9
Koutiala	1992	2	22	53	18.8	36.9	23.4	-999.9	0.0	2.2	96715.5	-999.9
Koutiala	1992	2	23	54	20.8	37.6	23.4	-999.9	0.0	2.6	96804.7	-999.9
Koutiala	1992	2	24	55	19.9	38.3	23.6	-999.9	0.0	2.7	96931.5	-999.9
Koutiala	1992	2	25	56	22.4	37.7	23.7	-999.9	0.0	2.9	97013.4	-999.9
Koutiala	1992	2	26	57	21.6	36.0	23.9	-999.9	0.0	2.5	97019.4	-999.9
Koutiala	1992	2	27	58	19.9	36.2	23.9	-999.9	0.0	2.0	96994.6	-999.9
Koutiala	1992	2	28	59	19.3	36.7	24.0	-999.9	0.0	1.9	96796.5	-999.9
Koutiala	1992	2	29	60	20.3	37.3	23.7	-999.9	0.0	1.7	96648.8	-999.9
Koutiala	1992	3	1	61	23.8	35.9	20.9	-999.9	0.0	2.5	96785.4	-999.9
Koutiala	1992	3	2	62	22.7	35.6	21.8	-999.9	0.0	1.6	96952.6	-999.9
Koutiala	1992	3	3	63	22.7	35.6	21.6	-999.9	0.0	1.3	96998.2	-999.9
Koutiala	1992	3	4	64	24.2	36.3	21.2	-999.9	0.0	1.6	96840.8	-999.9
Koutiala	1992	3	5	65	24.2	36.7	23.6	-999.9	0.0	2.7	96785.7	-999.9
Koutiala	1992	3	6	66	24.4	36.8	23.1	-999.9	0.0	2.9	96761.3	-999.9
Koutiala	1992	3	7	67	23.7	36.5	23.9	-999.9	0.0	3.1	96711.2	-999.9
Koutiala	1992	3	8	68	23.3	35.8	24.1	-999.9	0.0	3.2	96740.7	-999.9
Koutiala	1992	3	9	69	22.1	34.9	24.2	-999.9	0.0	2.9	96741.2	-999.9
Koutiala	1992	3	10	70	21.9	35.1	24.2	-999.9	0.0	2.9	96719.6	-999.9
Koutiala	1992	3	11	71	21.6	34.2	24.3	-999.9	0.0	3.0	96737.2	-999.9
Koutiala	1992	3	12	72	20.8	34.0	24.3	-999.9	0.0	3.0	96719.9	-999.9
Koutiala	1992	3	13	73	21.2	34.3	24.0	-999.9	0.0	3.0	96759.9	-999.9
Koutiala	1992	3	14	74	21.1	34.4	23.8	-999.9	0.0	3.0	96829.7	-999.9
Koutiala	1992	3	15	75	22.0	34.5	23.9	-999.9	0.0	2.9	96857.9	-999.9
Koutiala	1992	3	16	76	20.2	33.9	24.5	-999.9	0.0	2.6	96861.9	-999.9
Koutiala	1992	3	17	77	20.5	34.2	24.7	-999.9	0.0	2.4	96820.1	-999.9
Koutiala	1992	3	18	78	20.7	34.9	24.4	-999.9	0.0	2.4	96676.6	-999.9
Koutiala	1992	3	19	79	21.2	34.7	24.5	-999.9	0.0	3.0	96596.7	-999.9
Koutiala	1992	3	20	80	24.1	33.1	19.7	-999.9	2.0	2.1	96647.1	-999.9
Koutiala	1992	3	21	81	23.2	32.6	20.0	-999.9	0.0	2.8	96774.9	-999.9
Koutiala	1992	3	22	82	23.9	33.1	21.3	-999.9	0.0	3.8	96972.2	-999.9
Koutiala	1992	3	23	83	21.9	33.4	22.8	-999.9	0.0	3.3	96955.2	-999.9
Koutiala	1992	3	24	84	21.6	35.3	24.6	-999.9	0.0	2.3	96734.0	-999.9
Koutiala	1992	3	25	85	23.0	35.1	19.2	-999.9	0.0	2.0	96673.8	-999.9
Koutiala	1992	3	26	86	24.3	36.7	21.6	-999.9	0.0	2.0	96816.5	-999.9
Koutiala	1992	3	27	87	26.3	35.0	20.3	-999.9	0.0	3.0	96906.3	-999.9
Koutiala	1992	3	28	88	24.7	35.9	23.0	-999.9	0.0	2.8	96860.7	-999.9
Koutiala	1992	3	29	89	24.2	37.7	25.0	-999.9	0.0	2.8	96807.2	-999.9
Koutiala	1992	3	30	90	24.9	37.9	22.4	-999.9	0.0	2.3	96746.5	-999.9
Koutiala	1992	3	31	91	23.6	38.1	24.2	-999.9	0.0	1.5	96640.5	-999.9
Koutiala	1992	4	1	92	26.4	39.0	24.4	-999.9	0.0	1.8	96524.0	-999.9
Koutiala	1992	4	2	93	28.2	37.5	24.7	-999.9	0.0	2.5	96608.7	-999.9
Koutiala	1992	4	3	94	26.1	37.6	24.4	-999.9	0.0	3.5	96815.4	-999.9
Koutiala	1992	4	4	95	27.0	38.6	24.5	-999.9	0.0	2.8	96806.9	-999.9
Koutiala	1992	4	5	96	24.4	37.8	24.0	-999.9	0.0	2.2	96759.8	-999.9
Koutiala	1992	4	6	97	24.9	36.2	23.6	-999.9	0.0	2.2	96840.3	-999.9
Koutiala	1992	4	7	98	25.2	33.0	17.0	-999.9	0.0	2.3	96955.2	-999.9
Koutiala	1992	4	8	99	22.9	36.3	24.9	-999.9	0.0	1.7	96814.3	-999.9
Koutiala	1992	4	9	100	23.7	37.3	23.9	-999.9	0.0	2.3	96595.9	-999.9
Koutiala	1992	4	10	101	25.8	35.5	22.1	-999.9	0.0	2.7	96578.5	-999.9
Koutiala	1992	4	11	102	26.2	36.9	22.7	-999.9	9.9	2.1	96629.1	-999.9
Koutiala	1992	4	12	103	25.0	36.5	23.8	-999.9	0.0	2.0	96672.1	-999.9
Koutiala	1992	4	13	104	25.8	36.8	22.4	-999.9	0.0	2.8	96787.9	-999.9
Koutiala	1992	4	14	105	25.7	36.9	25.7	-999.9	0.0	3.3	96784.0	-999.9
Koutiala	1992	4	15	106	24.6	36.7	25.5	-999.9	0.0	2.5	96758.9	-999.9
Koutiala	1992	4	16	107	25.1	38.0	25.9	-999.9	0.0	1.9	96707.0	-999.9
Koutiala	1992	4	17	108	24.0	38.5	25.8	-999.9	0.0	1.6	96677.1	-999.9
Koutiala	1992	4	18	109	23.3	39.0	25.8	-999.9	0.0	1.6	96612.7	-999.9
Koutiala	1992	4	19	110	24.3	38.1	24.6	-999.9	0.0	1.6	96509.6	-999.9
Koutiala	1992	4	20	111	24.4	38.8	24.7	-999.9	0.0	1.8	96527.8	-999.9
Koutiala	1992	4	21	112	27.7	38.5	23.2	-999.9	0.0	2.2	96671.0	-999.9
Koutiala	1992	4	22	113	25.9	38.0	22.8	-999.9	0.0	2.1	96767.1	-999.9
Koutiala	1992	4	23	114	23.8	31.5	14.5	-999.9	0.0	1.5	96741.8	-999.9
Koutiala	1992	4	24	115	25.6	34.9	19.8	-999.9	0.0	1.5	96548.3	-999.9
Koutiala	1992	4	25	116	24.0	36.6	25.0	-999.9	0.0	1.6	96593.2	-999.9
Koutiala	1992	4	26	117	25.8	36.7	24.2	-999.9	0.0	2.1	96751.0	-999.9
Koutiala	1992	4	27	118	26.7	38.3	23.7	-999.9	0.0	2.0	96589.6	-999.9
Koutiala	1992	4	28	119	23.6	38.4	25.1	-999.9	0.0	2.0	96458.5	-999.9
Koutiala	1992	4	29	120	27.0	38.8	23.7	-999.9	0.0	2.2	96513.7	-999.9
Koutiala	1992	4	30	121	28.0	38.6	22.7	-999.9	0.0	2.3	96573.8	-999.9
Koutiala	1992	5	1	122	26.2	36.9	19.2	-999.9	2.8	3.0	96689.5	-999.9
Koutiala	1992	5	2	123	25.7	36.0	22.3	-999.9	0.0	2.6	96676.5	-999.9
Koutiala	1992	5	3	124	27.0	36.9	22.0	-999.9	0.0	2.4	96501.6	-999.9
Koutiala	1992	5	4	125	26.5	37.1	22.4	-999.9	2.8	3.2	96511.1	-999.9
Koutiala	1992	5	5	126	26.2	37.8	23.1	-999.9	5.5	2.6	96591.8	-999.9
Koutiala	1992	5	6	127	26.4	37.3	22.0	-999.9	4.4	1.7	96793.6	-999.9
Koutiala	1992	5	7	128	26.2	39.0	23.8	-999.9	0.0	1.9	96752.7	-999.9
Koutiala	1992	5	8	129	25.2	39.5	25.2	-999.9	0.0	1.5	96653.0	-999.9
Koutiala	1992	5	9	130	26.8	39.1	23.6	-999.9	0.0	2.1	96581.0	-999.9
Koutiala	1992	5	10	131	28.3	38.3	22.7	-999.9	0.0	2.9	96709.2	-999.9
Koutiala	1992	5	11	132	27.3	37.8	21.9	-999.9	1.8	2.5	96770.8	-999.9
Koutiala	1992	5	12	133	26.3	38.0	22.3	-999.9	3.6	2.0	96661.8	-999.9
Koutiala	1992	5	13	134	26.5	37.5	23.1	-999.9	0.0	2.1	96655.5	-999.9
Koutiala	1992	5	14	135	25.8	37.4	23.7	-999.9	0.0	2.1	96649.9	-999.9
Koutiala	1992	5	15	136	26.9	36.4	22.2	-999.9	3.6	2.4	96662.4	-999.9
Koutiala	1992	5	16	137	26.6	35.4	21.2	-999.9	5.1	1.8	96761.3	-999.9
Koutiala	1992	5	17	138	25.4	33.9	22.1	-999.9	2.6	1.4	96831.3	-999.9
Koutiala	1992	5	18	139	26.6	36.0	21.8	-999.9	5.1	2.4	96740.8	-999.9
Koutiala	1992	5	19	140	25.4	36.3	21.7	-999.9	5.1	2.9	96682.7	-999.9
Koutiala	1992	5	20	141	25.4	37.9	24.9	-999.9	0.0	2.2	96605.4	-999.9
Koutiala	1992	5	21	142	26.4	37.3	24.3	-999.9	0.0	3.2	96711.0	-999.9
Koutiala	1992	5	22	143	26.7	35.8	21.6	-999.9	2.4	2.7	96870.1	-999.9
Koutiala	1992	5	23	144	25.0	35.3	22.1	-999.9	2.4	2.1	96878.8	-999.9
Koutiala	1992	5	24	145	25.2	35.0	21.9	-999.9	0.0	1.9	96907.6	-999.9
Koutiala	1992	5	25	146	24.6	35.7	23.2	-999.9	2.4	2.0	96918.1	-999.9
Koutiala	1992	5	26	147	25.2	35.0	22.4	-999.9	0.0	2.0	96832.3	-999.9
Koutiala	1992	5	27	148	23.1	32.7	20.0	-999.9	3.8	2.6	96846.7	-999.9
Koutiala	1992	5	28	149	24.7	34.6	23.0	-999.9	3.8	2.0	96740.4	-999.9
Koutiala	1992	5	29	150	25.2	34.6	22.0	-999.9	7.5	1.8	96852.0	-999.9
Koutiala	1992	5	30	151	23.9	34.6	21.1	-999.9	7.5	2.0	96882.4	-999.9
Koutiala	1992	5	31	152	24.6	33.7	23.0	-999.9	0.0	2.8	96785.0	-999.9
Koutiala	1992	6	1	153	25.1	34.4	24.6	-999.9	0.0	3.2	96672.1	-999.9
Koutiala	1992	6	2	154	25.2	34.2	22.8	-999.9	3.5	2.7	96770.0	-999.9
Koutiala	1992	6	3	155	25.3	33.6	20.8	-999.9	3.5	2.5	96933.9	-999.9
Koutiala	1992	6	4	156	25.1	34.9	22.5	-999.9	10.6	2.2	96834.8	-999.9
Koutiala	1992	6	5	157	24.6	34.6	23.6	-999.9	7.0	2.0	96850.0	-999.9
Koutiala	1992	6	6	158	24.5	34.5	23.8	-999.9	0.0	2.1	96821.5	-999.9
Koutiala	1992	6	7	159	23.2	34.7	24.1	-999.9	0.0	2.1	96901.6	-999.9
Koutiala	1992	6	8	160	24.6	33.7	21.9	-999.9	0.0	2.4	96962.8	-999.9
Koutiala	1992	6	9	161	24.4	34.5	23.5	-999.9	0.0	2.6	96916.8	-999.9
Koutiala	1992	6	10	162	25.8	35.4	23.2	-999.9	0.0	3.1	96811.7	-999.9
Koutiala	1992	6	11	163	25.1	36.0	23.8	-999.9	0.0	2.5	96932.4	-999.9
Koutiala	1992	6	12	164	26.1	36.3	23.5	-999.9	0.0	2.3	96931.6	-999.9
Koutiala	1992	6	13	165	24.4	32.7	19.6	-999.9	25.6	2.5	96873.4	-999.9
Koutiala	1992	6	14	166	23.5	33.1	23.7	-999.9	0.0	1.9	96920.8	-999.9
Koutiala	1992	6	15	167	23.9	30.2	17.0	-999.9	0.0	2.0	97033.5	-999.9
Koutiala	1992	6	16	168	23.6	32.8	22.1	-999.9	0.0	2.1	97106.5	-999.9
Koutiala	1992	6	17	169	24.4	35.3	24.3	-999.9	4.6	2.4	96980.5	-999.9
Koutiala	1992	6	18	170	24.8	35.3	23.3	-999.9	0.0	2.8	96888.9	-999.9
Koutiala	1992	6	19	171	24.7	33.7	22.5	-999.9	0.0	2.2	96975.1	-999.9
Koutiala	1992	6	20	172	24.8	33.2	19.7	-999.9	0.0	2.1	97139.0	-999.9
Koutiala	1992	6	21	173	25.0	34.5	22.8	-999.9	9.4	1.9	97108.2	-999.9
Koutiala	1992	6	22	174	24.9	35.4	23.8	-999.9	0.0	2.6	96916.9	-999.9
Koutiala	1992	6	23	175	25.7	35.4	21.4	-999.9	0.0	2.7	96892.3	-999.9
Koutiala	1992	6	24	176	25.6	35.2	22.9	-999.9	18.9	2.6	96830.3	-999.9
Koutiala	1992	6	25	177	25.4	33.3	21.9	-999.9	0.0	3.2	96935.3	-999.9
Koutiala	1992	6	26	178	24.8	32.6	20.8	-999.9	0.0	2.4	96921.5	-999.9
Koutiala	1992	6	27	179	22.7	34.0	22.7	-999.9	0.0	2.1	96951.7	-999.9
Koutiala	1992	6	28	180	24.8	33.5	23.2	-999.9	17.1	2.1	97042.6	-999.9
Koutiala	1992	6	29	181	24.4	33.7	23.3	-999.9	0.0	1.8	97117.0	-999.9
Koutiala	1992	6	30	182	23.1	33.9	23.9	-999.9	17.1	2.2	97092.4	-999.9
Koutiala	1992	7	1	183	23.5	33.2	21.5	-999.9	0.0	2.2	97026.5	-999.9
Koutiala	1992	7	2	184	24.4	33.0	22.8	-999.9	0.0	2.3	97044.1	-999.9
Koutiala	1992	7	3	185	23.8	30.5	18.0	-999.9	19.5	2.7	97018.4	-999.9
Koutiala	1992	7	4	186	23.2	31.7	21.2	-999.9	0.0	2.4	97079.8	-999.9
Koutiala	1992	7	5	187	23.7	33.5	23.4	-999.9	9.7	2.5	96933.2	-999.9
Koutiala	1992	7	6	188	25.2	32.4	20.4	-999.9	0.0	3.2	96909.7	-999.9
Koutiala	1992	7	7	189	23.7	32.0	20.4	-999.9	21.5	2.4	97062.8	-999.9
Koutiala	1992	7	8	190	23.7	30.1	16.8	-999.9	21.5	1.8	97064.9	-999.9
Koutiala	1992	7	9	191	22.6	29.8	19.5	-999.9	14.3	1.5	97049.2	-999.9
Koutiala	1992	7	10	192	23.0	29.9	19.9	-999.9	0.0	2.0	97007.6	-999.9
Koutiala	1992	7	11	193	22.2	29.5	16.0	-999.9	0.0	2.4	97015.8	-999.9
Koutiala	1992	7	12	194	23.4	29.6	17.6	-999.9	0.0	2.3	96897.6	-999.9
Koutiala	1992	7	13	195	22.3	29.5	17.2	-999.9	0.0	2.2	96992.8	-999.9
Koutiala	1992	7	14	196	22.5	28.8	14.7	-999.9	26.8	1.9	97046.4	-999.9
Koutiala	1992	7	15	197	21.7	29.4	20.1	-999.9	26.0	1.9	97093.7	-999.9
Koutiala	1992	7	16	198	22.2	26.1	11.7	-999.9	12.3	1.6	97162.5	-999.9
Koutiala	1992	7	17	199	21.1	30.0	20.4	-999.9	0.0	2.1	97175.3	-999.9
Koutiala	1992	7	18	200	22.4	31.0	22.4	-999.9	0.0	2.1	97090.8	-999.9
Koutiala	1992	7	19	201	22.5	27.6	10.1	-999.9	0.0	1.9	97110.3	-999.9
Koutiala	1992	7	20	202	22.0	30.1	21.3	-999.9	0.0	1.9	97083.9	-999.9
Koutiala	1992	7	21	203	22.2	30.4	22.2	-999.9	16.0	1.6	97109.0	-999.9
Koutiala	1992	7	22	204	22.3	29.7	20.6	-999.9	8.0	1.8	97166.2	-999.9
Koutiala	1992	7	23	205	21.9	28.1	15.8	-999.9	8.0	2.0	97175.9	-999.9
Koutiala	1992	7	24	206	22.2	26.2	14.9	-999.9	16.0	2.7	97181.4	-999.9
Koutiala	1992	7	25	207	21.9	28.3	17.2	-999.9	0.0	2.7	97138.9	-999.9
Koutiala	1992	7	26	208	21.7	29.2	19.0	-999.9	11.2	1.8	97212.7	-999.9
Koutiala	1992	7	27	209	21.9	27.9	16.5	-999.9	0.0	1.7	97221.2	-999.9
Koutiala	1992	7	28	210	21.8	28.5	17.9	-999.9	11.2	2.0	97130.2	-999.9
Koutiala	1992	7	29	211	21.9	29.4	19.0	-999.9	0.0	2.1	97119.0	-999.9
Koutiala	1992	7	30	212	22.4	29.9	21.0	-999.9	7.4	1.9	97047.2	-999.9
Koutiala	1992	7	31	213	22.8	29.5	18.8	-999.9	3.7	2.1	97032.8	-999.9
Koutiala	1992	8	1	214	22.9	29.7	22.0	-999.9	0.0	1.8	97087.7	-999.9
Koutiala	1992	8	2	215	22.2	29.2	20.8	-999.9	17.5	2.0	97094.3	-999.9
Koutiala	1992	8	3	216	23.1	30.3	21.1	-999.9	8.8	2.0	97002.5	-999.9
Koutiala	1992	8	4	217	22.7	28.9	16.4	-999.9	0.0	2.6	96955.4	-999.9
Koutiala	1992	8	5	218	21.9	27.4	13.5	-999.9	8.8	2.3	97084.3	-999.9
Koutiala	1992	8	6	219	21.6	28.5	16.1	-999.9	7.7	1.9	97177.3	-999.9
Koutiala	1992	8	7	220	21.5	29.2	20.9	-999.9	0.0	1.6	97123.4	-999.9
Koutiala	1992	8	8	221	22.0	29.6	19.8	-999.9	7.7	1.9	97107.2	-999.9
Koutiala	1992	8	9	222	22.6	29.2	19.3	-999.9	7.7	2.0	97073.8	-999.9
Koutiala	1992	8	10	223	22.4	30.3	22.7	-999.9	7.7	1.8	97053.2	-999.9
Koutiala	1992	8	11	224	22.4	27.3	13.9	-999.9	10.9	1.7	97076.2	-999.9
Koutiala	1992	8	12	225	21.4	29.1	19.9	-999.9	0.0	1.4	97196.6	-999.9
Koutiala	1992	8	13	226	21.9	28.3	18.3	-999.9	16.4	1.5	97215.7	-999.9
Koutiala	1992	8	14	227	22.9	27.7	16.4	-999.9	0.0	2.1	97040.4	-999.9
Koutiala	1992	8	15	228	22.1	28.3	18.0	-999.9	10.9	1.9	96998.6	-999.9
Koutiala	1992	8	16	229	22.0	28.1	16.1	-999.9	11.5	1.5	97131.9	-999.9
Koutiala	1992	8	17	230	21.9	29.8	21.7	-999.9	11.5	1.6	97149.0	-999.9
Koutiala	1992	8	18	231	22.5	29.0	21.1	-999.9	0.0	2.1	97194.7	-999.9
Koutiala	1992	8	19	232	22.2	29.3	21.1	-999.9	0.0	1.7	97212.7	-999.9
Koutiala	1992	8	20	233	22.7	31.1	23.7	-999.9	0.0	2.1	97141.1	-999.9
Koutiala	1992	8	21	234	22.9	31.1	23.1	-999.9	5.8	2.6	96960.0	-999.9
Koutiala	1992	8	22	235	22.5	28.6	14.4	-999.9	0.0	2.5	96935.7	-999.9
Koutiala	1992	8	23	236	22.0	27.6	12.9	-999.9	5.8	2.0	96943.9	-999.9
Koutiala	1992	8	24	237	21.9	26.1	12.0	-999.9	11.7	2.2	96999.1	-999.9
Koutiala	1992	8	25	238	21.0	29.2	21.3	-999.9	5.8	1.2	97142.0	-999.9
Koutiala	1992	8	26	239	22.0	27.8	14.1	-999.9	0.0	1.0	97161.6	-999.9
Koutiala	1992	8	27	240	21.7	27.5	14.5	-999.9	26.2	1.5	97073.8	-999.9
Koutiala	1992	8	28	241	21.4	28.0	17.5	-999.9	0.0	2.2	97122.1	-999.9
Koutiala	1992	8	29	242	22.1	27.5	16.4	-999.9	0.0	2.4	97232.2	-999.9
Koutiala	1992	8	30	243	22.0	25.1	9.0	-999.9	0.0	2.0	97206.5	-999.9
Koutiala	1992	8	31	244	20.5	27.1	13.3	-999.9	34.9	2.0	96961.5	-999.9
Koutiala	1992	9	1	245	21.4	26.5	17.0	-999.9	10.4	2.6	96920.0	-999.9
Koutiala	1992	9	2	246	20.5	28.5	17.4	-999.9	0.0	2.1	97079.4	-999.9
Koutiala	1992	9	3	247	21.9	29.9	21.6	-999.9	20.8	1.8	96892.9	-999.9
Koutiala	1992	9	4	248	21.8	28.4	18.6	-999.9	0.0	2.0	96895.6	-999.9
Koutiala	1992	9	5	249	20.8	29.1	19.5	-999.9	0.0	1.7	96938.1	-999.9
Koutiala	1992	9	6	250	22.3	29.6	21.5	-999.9	26.9	2.3	96806.4	-999.9
Koutiala	1992	9	7	251	21.3	27.1	14.4	-999.9	6.7	1.8	96907.8	-999.9
Koutiala	1992	9	8	252	20.8	27.9	15.6	-999.9	6.7	1.7	97091.4	-999.9
Koutiala	1992	9	9	253	20.6	29.5	22.8	-999.9	0.0	1.8	97002.0	-999.9
Koutiala	1992	9	10	254	22.4	28.7	18.9	-999.9	6.7	1.7	96932.5	-999.9
Koutiala	1992	9	11	255	22.7	29.6	21.1	-999.9	0.0	2.1	96984.3	-999.9
Koutiala	1992	9	12	256	21.7	29.5	22.0	-999.9	0.0	1.6	97007.5	-999.9
Koutiala	1992	9	13	257	22.1	30.1	21.9	-999.9	0.0	1.7	96767.8	-999.9
Koutiala	1992	9	14	258	22.6	30.2	20.8	-999.9	0.0	1.5	96661.3	-999.9
Koutiala	1992	9	15	259	22.2	29.4	17.5	-999.9	14.2	1.4	96780.7	-999.9
Koutiala	1992	9	16	260	21.7	25.6	10.3	-999.9	0.0	1.8	96944.0	-999.9
Koutiala	1992	9	17	261	20.8	28.7	19.7	-999.9	15.2	1.2	96944.3	-999.9
Koutiala	1992	9	18	262	22.0	29.5	21.3	-999.9	15.2	1.4	96924.7	-999.9
Koutiala	1992	9	19	263	22.1	30.1	22.5	-999.9	0.0	1.2	96866.5	-999.9
Koutiala	1992	9	20	264	22.1	29.0	19.8	-999.9	0.0	1.3	96973.8	-999.9
Koutiala	1992	9	21	265	21.4	28.1	20.9	-999.9	8.3	1.9	97032.4	-999.9
Koutiala	1992	9	22	266	22.2	28.9	21.1	-999.9	8.3	1.3	96987.6	-999.9
Koutiala	1992	9	23	267	22.2	30.0	22.2	-999.9	8.3	1.9	96992.7	-999.9
Koutiala	1992	9	24	268	21.6	30.8	23.0	-999.9	4.1	1.3	97028.3	-999.9
Koutiala	1992	9	25	269	22.9	30.4	22.9	-999.9	4.1	1.7	96969.1	-999.9
Koutiala	1992	9	26	270	22.4	30.4	22.2	-999.9	0.0	1.9	96936.6	-999.9
Koutiala	1992	9	27	271	22.7	30.3	21.3	-999.9	0.0	1.7	96972.4	-999.9
Koutiala	1992	9	28	272	23.7	30.9	19.0	-999.9	0.0	1.9	96961.2	-999.9
Koutiala	1992	9	29	273	22.0	30.6	20.9	-999.9	0.0	1.8	96887.5	-999.9
Koutiala	1992	9	30	274	22.4	30.1	21.8	-999.9	20.9	1.3	96886.9	-999.9
Koutiala	1992	10	1	275	22.1	28.9	19.9	-999.9	0.0	2.1	96923.3	-999.9
Koutiala	1992	10	2	276	21.5	29.8	21.6	-999.9	0.0	1.8	96980.3	-999.9
Koutiala	1992	10	3	277	21.4	30.3	22.1	-999.9	0.0	1.5	96983.6	-999.9
Koutiala	1992	10	4	278	22.0	30.4	21.4	-999.9	0.0	1.7	96916.9	-999.9
Koutiala	1992	10	5	279	22.4	30.9	22.0	-999.9	0.0	1.7	96860.2	-999.9
Koutiala	1992	10	6	280	23.0	30.8	22.6	-999.9	2.2	1.5	96883.1	-999.9
Koutiala	1992	10	7	281	23.0	31.7	22.1	-999.9	0.0	1.5	96913.0	-999.9
Koutiala	1992	10	8	282	23.5	31.2	20.1	-999.9	0.0	2.0	96912.0	-999.9
Koutiala	1992	10	9	283	24.3	32.6	22.0	-999.9	0.0	1.9	96929.6	-999.9
Koutiala	1992	10	10	284	23.1	32.5	22.0	-999.9	2.2	1.8	96982.1	-999.9
Koutiala	1992	10	11	285	23.7	31.9	21.0	-999.9	0.0	1.9	96911.1	-999.9
Koutiala	1992	10	12	286	24.3	31.1	19.6	-999.9	0.0	1.5	96833.4	-999.9
Koutiala	1992	10	13	287	23.1	31.6	22.0	-999.9	2.9	1.6	96959.7	-999.9
Koutiala	1992	10	14	288	23.1	32.2	21.3	-999.9	0.0	1.5	97034.2	-999.9
Koutiala	1992	10	15	289	24.0	32.5	21.4	-999.9	0.0	2.0	96989.3	-999.9
Koutiala	1992	10	16	290	23.9	32.3	21.2	-999.9	0.0	2.1	96841.4	-999.9
Koutiala	1992	10	17	291	24.1	32.5	21.0	-999.9	0.0	2.0	96836.7	-999.9
Koutiala	1992	10	18	292	23.9	32.0	21.2	-999.9	6.0	1.5	96914.9	-999.9
Koutiala	1992	10	19	293	23.1	32.4	20.3	-999.9	0.0	1.3	96947.7	-999.9
Koutiala	1992	10	20	294	22.4	36.4	21.5	-999.9	0.0	1.8	96806.8	-999.9
Koutiala	1992	10	21	295	22.9	34.0	21.1	-999.9	6.8	1.9	96955.7	-999.9
Koutiala	1992	10	22	296	23.6	33.5	18.6	-999.9	13.6	1.8	97060.8	-999.9
Koutiala	1992	10	23	297	23.0	31.3	17.9	-999.9	0.0	2.2	96966.9	-999.9
Koutiala	1992	10	24	298	23.2	30.4	18.8	-999.9	0.0	1.6	96926.0	-999.9
Koutiala	1992	10	25	299	22.5	30.9	19.2	-999.9	0.0	1.7	96990.8	-999.9
Koutiala	1992	10	26	300	21.8	32.5	19.9	-999.9	0.0	1.5	96969.8	-999.9
Koutiala	1992	10	27	301	21.3	33.8	20.7	-999.9	0.0	1.6	96889.4	-999.9
Koutiala	1992	10	28	302	20.3	34.9	22.5	-999.9	0.0	1.8	96884.0	-999.9
Koutiala	1992	10	29	303	19.4	35.3	22.5	-999.9	0.0	1.5	96845.7	-999.9
Koutiala	1992	10	30	304	19.1	34.8	21.1	-999.9	0.0	1.8	96857.1	-999.9
Koutiala	1992	10	31	305	20.7	34.8	21.0	-999.9	0.0	1.7	96865.9	-999.9
Koutiala	1992	11	1	306	23.0	34.3	19.4	-999.9	0.0	1.5	96851.7	-999.9
Koutiala	1992	11	2	307	22.0	36.2	21.7	-999.9	0.0	2.2	96825.9	-999.9
Koutiala	1992	11	3	308	19.9	35.6	22.3	-999.9	0.0	1.7	96712.7	-999.9
Koutiala	1992	11	4	309	20.9	34.6	22.1	-999.9	0.0	1.4	96591.5	-999.9
Koutiala	1992	11	5	310	20.4	34.1	22.0	-999.9	0.0	1.3	96603.5	-999.9
Koutiala	1992	11	6	311	20.6	34.1	21.9	-999.9	0.0	1.4	96742.8	-999.9
Koutiala	1992	11	7	312	21.5	33.4	20.0	-999.9	0.0	1.6	96836.5	-999.9
Koutiala	1992	11	8	313	20.6	29.8	14.8	-999.9	0.0	2.5	96927.5	-999.9
Koutiala	1992	11	9	314	19.7	29.0	15.7	-999.9	0.0	2.2	96993.7	-999.9
Koutiala	1992	11	10	315	20.0	32.2	20.9	-999.9	0.0	1.4	96961.6	-999.9
Koutiala	1992	11	11	316	21.4	32.4	15.6	-999.9	0.0	1.2	97002.3	-999.9
Koutiala	1992	11	12	317	21.2	33.6	20.3	-999.9	0.0	1.8	96966.7	-999.9
Koutiala	1992	11	13	318	19.6	33.2	21.0	-999.9	0.0	1.7	96948.5	-999.9
Koutiala	1992	11	14	319	19.1	33.8	21.2	-999.9	0.0	2.2	96920.0	-999.9
Koutiala	1992	11	15	320	18.7	33.3	19.8	-999.9	0.0	2.1	96963.3	-999.9
Koutiala	1992	11	16	321	19.4	33.3	21.4	-999.9	0.0	2.1	96866.1	-999.9
Koutiala	1992	11	17	322	18.9	33.6	21.3	-999.9	0.0	1.8	96834.0	-999.9
Koutiala	1992	11	18	323	19.1	33.5	21.3	-999.9	0.0	2.5	96909.8	-999.9
Koutiala	1992	11	19	324	19.2	31.9	21.4	-999.9	0.0	2.4	97062.8	-999.9
Koutiala	1992	11	20	325	19.0	32.4	21.2	-999.9	0.0	2.1	97006.9	-999.9
Koutiala	1992	11	21	326	19.5	33.7	20.6	-999.9	0.0	2.1	96893.4	-999.9
Koutiala	1992	11	22	327	20.1	33.3	21.1	-999.9	0.0	2.7	96888.6	-999.9
Koutiala	1992	11	23	328	20.4	32.1	20.8	-999.9	0.0	2.7	96957.9	-999.9
Koutiala	1992	11	24	329	18.5	31.2	21.0	-999.9	0.0	2.6	97070.9	-999.9
Koutiala	1992	11	25	330	18.7	31.9	20.5	-999.9	0.0	2.6	97164.9	-999.9
Koutiala	1992	11	26	331	19.6	32.2	20.9	-999.9	0.0	2.7	97145.7	-999.9
Koutiala	1992	11	27	332	18.9	31.6	21.2	-999.9	0.0	2.7	97031.5	-999.9
Koutiala	1992	11	28	333	18.0	31.2	21.1	-999.9	0.0	2.6	97016.8	-999.9
Koutiala	1992	11	29	334	18.4	31.4	20.9	-999.9	0.0	2.3	97066.4	-999.9
Koutiala	1992	11	30	335	18.5	31.3	20.8	-999.9	0.0	2.4	97113.3	-999.9
Koutiala	1992	12	1	336	18.2	31.4	20.5	-999.9	0.0	2.0	97021.9	-999.9
Koutiala	1992	12	2	337	17.4	32.1	20.7	-999.9	0.0	1.5	97046.0	-999.9
Koutiala	1992	12	3	338	18.4	31.9	20.5	-999.9	0.0	1.7	97016.0	-999.9
Koutiala	1992	12	4	339	18.0	32.1	20.4	-999.9	0.0	1.9	97004.1	-999.9
Koutiala	1992	12	5	340	18.3	32.5	20.4	-999.9	0.0	2.2	97048.4	-999.9
Koutiala	1992	12	6	341	19.4	32.4	20.5	-999.9	0.0	2.5	97056.7	-999.9
Koutiala	1992	12	7	342	19.3	31.7	18.8	-999.9	0.0	2.4	97049.9	-999.9
Koutiala	1992	12	8	343	18.1	32.1	20.2	-999.9	0.0	2.0	96962.3	-999.9
Koutiala	1992	12	9	344	18.0	33.0	20.3	-999.9	0.0	1.6	96808.3	-999.9
Koutiala	1992	12	10	345	18.0	33.7	19.5	-999.9	0.0	1.8	96802.5	-999.9
Koutiala	1992	12	11	346	18.0	34.2	19.5	-999.9	0.0	1.7	96848.4	-999.9
Koutiala	1992	12	12	347	19.5	34.2	19.2	-999.9	0.0	1.8	96866.4	-999.9
Koutiala	1992	12	13	348	21.1	34.6	20.2	-999.9	0.0	2.6	96881.4	-999.9
Koutiala	1992	12	14	349	19.9	35.0	20.3	-999.9	0.0	2.5	96919.8	-999.9
Koutiala	1992	12	15	350	19.4	34.1	20.3	-999.9	0.0	2.3	97004.4	-999.9
Koutiala	1992	12	16	351	18.7	33.4	20.5	-999.9	0.0	2.3	96962.9	-999.9
Koutiala	1992	12	17	352	18.4	33.4	20.4	-999.9	0.0	2.3	96980.5	-999.9
Koutiala	1992	12	18	353	19.1	33.2	20.5	-999.9	0.4	2.4	96991.9	-999.9
Koutiala	1992	12	19	354	19.7	33.3	19.2	-999.9	0.0	2.5	96976.5	-999.9
Koutiala	1992	12	20	355	20.0	32.9	20.1	-999.9	0.0	2.7	96928.1	-999.9
Koutiala	1992	12	21	356	19.8	33.0	19.4	-999.9	0.0	2.4	96924.5	-999.9
Koutiala	1992	12	22	357	19.0	32.7	20.1	-999.9	0.0	2.5	96997.1	-999.9
Koutiala	1992	12	23	358	18.5	32.5	20.5	-999.9	0.0	2.3	96992.5	-999.9
Koutiala	1992	12	24	359	17.7	32.8	20.5	-999.9	0.0	2.1	96947.1	-999.9
Koutiala	1992	12	25	360	17.5	33.0	20.4	-999.9	0.0	1.9	96940.3	-999.9
Koutiala	1992	12	26	361	18.2	33.2	20.5	-999.9	0.0	2.0	96890.7	-999.9
Koutiala	1992	12	27	362	17.0	32.9	20.6	-999.9	0.0	1.8	96837.1	-999.9
Koutiala	1992	12	28	363	16.6	33.0	20.4	-999.9	0.2	2.0	96742.8	-999.9
Koutiala	1992	12	29	364	16.6	33.2	20.0	-999.9	0.0	1.9	96772.5	-999.9
Koutiala	1992	12	30	365	17.3	34.2	20.3	-999.9	0.4	1.7	96799.5	-999.9
Koutiala	1992	12	31	366	19.5	34.4	19.6	-999.9	0.0	2.9	96884.0	-999.9
