Koutiala	2009	1	1	1	19.2	33.3	20.6	-999.9	0.0	2.7	96981.7	-999.9
Koutiala	2009	1	2	2	19.2	32.6	20.7	-999.9	0.0	2.5	97001.4	-999.9
Koutiala	2009	1	3	3	17.7	32.2	20.7	-999.9	0.0	2.4	97045.4	-999.9
Koutiala	2009	1	4	4	18.0	32.6	20.5	-999.9	0.0	2.1	96969.4	-999.9
Koutiala	2009	1	5	5	16.7	32.6	20.4	-999.9	0.0	2.1	96960.9	-999.9
Koutiala	2009	1	6	6	18.2	32.2	20.0	-999.9	0.0	2.1	96852.0	-999.9
Koutiala	2009	1	7	7	19.4	30.8	19.6	-999.9	0.0	2.5	96772.3	-999.9
Koutiala	2009	1	8	8	18.0	30.6	20.4	-999.9	0.0	2.5	96836.2	-999.9
Koutiala	2009	1	9	9	17.6	30.7	20.7	-999.9	0.0	2.7	97052.7	-999.9
Koutiala	2009	1	10	10	16.2	31.9	20.7	-999.9	0.0	1.9	97100.2	-999.9
Koutiala	2009	1	11	11	18.1	31.2	20.4	-999.9	0.0	2.3	96973.4	-999.9
Koutiala	2009	1	12	12	18.4	29.2	20.1	-999.9	0.0	2.8	96974.0	-999.9
Koutiala	2009	1	13	13	17.3	28.3	19.0	-999.9	0.0	2.8	97080.9	-999.9
Koutiala	2009	1	14	14	16.4	29.7	20.7	-999.9	0.0	2.7	97083.8	-999.9
Koutiala	2009	1	15	15	17.5	30.9	20.7	-999.9	0.0	2.3	97009.6	-999.9
Koutiala	2009	1	16	16	18.8	31.6	20.6	-999.9	0.1	2.3	96868.5	-999.9
Koutiala	2009	1	17	17	18.4	28.7	18.4	-999.9	0.1	2.9	97015.0	-999.9
Koutiala	2009	1	18	18	17.5	26.3	16.5	-999.9	0.2	2.8	97161.5	-999.9
Koutiala	2009	1	19	19	15.3	25.8	20.8	-999.9	0.0	2.9	97274.2	-999.9
Koutiala	2009	1	20	20	13.0	24.6	21.1	-999.9	0.0	2.4	97211.1	-999.9
Koutiala	2009	1	21	21	12.7	25.6	19.2	-999.9	0.5	2.3	97176.4	-999.9
Koutiala	2009	1	22	22	14.0	27.2	21.5	-999.9	0.0	3.4	97266.5	-999.9
Koutiala	2009	1	23	23	13.3	26.4	21.7	-999.9	0.0	3.0	97342.5	-999.9
Koutiala	2009	1	24	24	13.1	27.2	21.8	-999.9	0.0	2.4	97218.5	-999.9
Koutiala	2009	1	25	25	13.5	29.0	21.7	-999.9	0.0	2.1	97053.8	-999.9
Koutiala	2009	1	26	26	16.0	31.0	21.5	-999.9	0.0	2.2	97027.1	-999.9
Koutiala	2009	1	27	27	16.3	32.5	21.7	-999.9	0.0	2.1	97001.4	-999.9
Koutiala	2009	1	28	28	17.8	32.9	21.5	-999.9	0.0	2.4	96936.9	-999.9
Koutiala	2009	1	29	29	16.8	33.9	21.8	-999.9	0.0	2.2	96909.3	-999.9
Koutiala	2009	1	30	30	19.3	34.4	21.8	-999.9	0.0	2.4	96890.2	-999.9
Koutiala	2009	1	31	31	19.1	34.7	21.9	-999.9	0.0	2.3	96796.1	-999.9
Koutiala	2009	2	1	32	19.3	35.4	22.0	-999.9	0.0	2.0	96711.6	-999.9
Koutiala	2009	2	2	33	18.6	36.3	22.0	-999.9	0.0	1.9	96749.7	-999.9
Koutiala	2009	2	3	34	19.3	35.3	21.4	-999.9	0.0	1.5	96828.7	-999.9
Koutiala	2009	2	4	35	22.6	36.2	20.0	-999.9	0.0	2.2	96779.1	-999.9
Koutiala	2009	2	5	36	21.1	35.9	21.6	-999.9	0.0	1.5	96812.4	-999.9
Koutiala	2009	2	6	37	21.0	36.7	21.7	-999.9	0.0	1.8	96804.8	-999.9
Koutiala	2009	2	7	38	21.0	35.9	22.2	-999.9	0.0	3.1	96782.5	-999.9
Koutiala	2009	2	8	39	19.9	32.2	21.9	-999.9	0.0	3.0	96959.6	-999.9
Koutiala	2009	2	9	40	18.7	33.0	22.5	-999.9	0.0	2.7	97019.4	-999.9
Koutiala	2009	2	10	41	18.3	34.3	22.8	-999.9	0.0	2.3	96985.5	-999.9
Koutiala	2009	2	11	42	18.2	35.8	22.8	-999.9	0.0	2.0	96814.1	-999.9
Koutiala	2009	2	12	43	18.9	36.1	22.7	-999.9	0.0	1.9	96631.9	-999.9
Koutiala	2009	2	13	44	20.1	36.1	22.8	-999.9	0.0	2.2	96524.5	-999.9
Koutiala	2009	2	14	45	20.4	35.4	22.9	-999.9	0.0	2.1	96553.5	-999.9
Koutiala	2009	2	15	46	19.1	35.9	23.0	-999.9	0.0	1.7	96463.5	-999.9
Koutiala	2009	2	16	47	21.2	35.4	21.4	-999.9	0.0	1.3	96440.6	-999.9
Koutiala	2009	2	17	48	23.0	33.8	17.9	-999.9	0.0	1.3	96655.3	-999.9
Koutiala	2009	2	18	49	23.6	35.0	19.9	-999.9	0.0	1.7	96659.8	-999.9
Koutiala	2009	2	19	50	23.6	31.8	15.7	-999.9	0.0	1.3	96801.1	-999.9
Koutiala	2009	2	20	51	22.9	34.3	20.6	-999.9	0.6	3.1	96853.4	-999.9
Koutiala	2009	2	21	52	23.4	35.6	21.7	-999.9	0.0	3.1	96770.1	-999.9
Koutiala	2009	2	22	53	23.8	37.2	23.1	-999.9	0.0	3.0	96718.3	-999.9
Koutiala	2009	2	23	54	23.9	36.4	23.3	-999.9	0.0	3.0	96550.8	-999.9
Koutiala	2009	2	24	55	22.6	37.0	23.5	-999.9	0.0	2.2	96459.6	-999.9
Koutiala	2009	2	25	56	22.4	37.3	23.2	-999.9	0.0	2.5	96517.0	-999.9
Koutiala	2009	2	26	57	23.0	37.5	23.2	-999.9	0.0	1.9	96544.2	-999.9
Koutiala	2009	2	27	58	22.7	37.4	22.5	-999.9	0.0	1.7	96523.7	-999.9
Koutiala	2009	2	28	59	24.6	36.7	21.3	-999.9	0.0	2.2	96600.5	-999.9
Koutiala	2009	3	1	60	25.7	37.4	22.6	-999.9	0.0	1.6	96725.4	-999.9
Koutiala	2009	3	2	61	22.1	37.8	23.9	-999.9	0.0	2.1	96761.4	-999.9
Koutiala	2009	3	3	62	21.8	38.0	23.7	-999.9	0.0	1.8	96651.0	-999.9
Koutiala	2009	3	4	63	23.8	38.2	23.3	-999.9	0.0	2.3	96639.6	-999.9
Koutiala	2009	3	5	64	23.0	36.7	23.8	-999.9	0.0	2.7	96694.4	-999.9
Koutiala	2009	3	6	65	22.7	36.7	24.5	-999.9	0.0	2.4	96679.5	-999.9
Koutiala	2009	3	7	66	22.2	36.1	24.5	-999.9	0.0	2.4	96668.4	-999.9
Koutiala	2009	3	8	67	22.1	36.3	24.7	-999.9	0.0	2.2	96649.9	-999.9
Koutiala	2009	3	9	68	20.0	37.7	24.8	-999.9	0.0	2.2	96563.0	-999.9
Koutiala	2009	3	10	69	21.0	38.4	24.4	-999.9	0.0	1.9	96468.9	-999.9
Koutiala	2009	3	11	70	27.0	37.2	21.4	-999.9	0.0	2.6	96516.0	-999.9
Koutiala	2009	3	12	71	24.8	35.8	20.7	-999.9	0.0	1.9	96568.8	-999.9
Koutiala	2009	3	13	72	23.9	35.0	21.4	-999.9	0.0	1.4	96643.2	-999.9
Koutiala	2009	3	14	73	23.5	36.9	24.0	-999.9	0.0	1.5	96679.5	-999.9
Koutiala	2009	3	15	74	23.6	37.6	22.5	-999.9	0.0	1.7	96682.1	-999.9
Koutiala	2009	3	16	75	24.2	37.2	22.1	-999.9	0.0	1.4	96516.5	-999.9
Koutiala	2009	3	17	76	24.9	36.9	21.7	-999.9	0.0	1.9	96502.5	-999.9
Koutiala	2009	3	18	77	24.8	34.0	21.3	-999.9	0.0	2.3	96614.5	-999.9
Koutiala	2009	3	19	78	23.9	34.6	21.9	-999.9	0.0	1.8	96671.1	-999.9
Koutiala	2009	3	20	79	22.1	33.0	22.5	-999.9	0.0	1.4	96898.7	-999.9
Koutiala	2009	3	21	80	22.9	34.9	24.0	-999.9	0.0	1.1	96779.8	-999.9
Koutiala	2009	3	22	81	23.6	37.9	24.7	-999.9	0.0	2.0	96574.6	-999.9
Koutiala	2009	3	23	82	22.1	37.2	23.8	-999.9	0.0	2.0	96488.9	-999.9
Koutiala	2009	3	24	83	25.4	37.1	22.8	-999.9	0.0	2.0	96418.0	-999.9
Koutiala	2009	3	25	84	27.0	38.0	22.9	-999.9	0.0	2.2	96338.9	-999.9
Koutiala	2009	3	26	85	26.8	36.8	18.9	-999.9	0.0	1.7	96486.3	-999.9
Koutiala	2009	3	27	86	26.6	37.5	22.3	-999.9	0.0	2.0	96497.9	-999.9
Koutiala	2009	3	28	87	24.6	37.9	24.9	-999.9	0.0	2.2	96368.5	-999.9
Koutiala	2009	3	29	88	25.1	37.0	25.0	-999.9	0.0	2.3	96477.4	-999.9
Koutiala	2009	3	30	89	25.1	37.9	23.4	-999.9	0.0	2.0	96507.3	-999.9
Koutiala	2009	3	31	90	25.3	37.9	24.4	-999.9	0.0	1.4	96437.3	-999.9
Koutiala	2009	4	1	91	26.3	38.1	23.9	-999.9	0.0	2.5	96461.9	-999.9
Koutiala	2009	4	2	92	25.8	37.6	25.0	-999.9	0.0	1.6	96597.3	-999.9
Koutiala	2009	4	3	93	24.5	37.8	25.5	-999.9	0.0	2.0	96600.9	-999.9
Koutiala	2009	4	4	94	25.6	38.0	25.6	-999.9	0.0	2.5	96610.4	-999.9
Koutiala	2009	4	5	95	22.3	37.8	25.8	-999.9	0.0	1.8	96689.3	-999.9
Koutiala	2009	4	6	96	22.9	37.7	25.9	-999.9	0.0	2.4	96724.6	-999.9
Koutiala	2009	4	7	97	22.9	37.6	25.6	-999.9	0.0	2.0	96731.6	-999.9
Koutiala	2009	4	8	98	22.8	37.6	25.6	-999.9	0.0	1.9	96751.9	-999.9
Koutiala	2009	4	9	99	23.2	37.3	24.5	-999.9	0.0	1.7	96618.4	-999.9
Koutiala	2009	4	10	100	27.4	37.7	22.9	-999.9	0.0	2.4	96527.8	-999.9
Koutiala	2009	4	11	101	28.2	36.9	23.7	-999.9	0.0	1.7	96577.2	-999.9
Koutiala	2009	4	12	102	24.8	37.4	24.8	-999.9	0.0	1.3	96619.7	-999.9
Koutiala	2009	4	13	103	26.1	37.1	24.1	-999.9	0.0	2.1	96653.0	-999.9
Koutiala	2009	4	14	104	26.8	34.2	13.7	-999.9	3.5	2.4	96829.4	-999.9
Koutiala	2009	4	15	105	26.8	38.1	23.1	-999.9	0.0	1.9	96869.2	-999.9
Koutiala	2009	4	16	106	26.2	36.3	21.5	-999.9	10.9	1.7	96955.9	-999.9
Koutiala	2009	4	17	107	27.0	37.2	22.8	-999.9	0.0	1.7	96794.7	-999.9
Koutiala	2009	4	18	108	24.9	38.2	25.9	-999.9	0.0	2.2	96668.0	-999.9
Koutiala	2009	4	19	109	23.7	38.0	25.9	-999.9	0.0	1.3	96692.7	-999.9
Koutiala	2009	4	20	110	25.9	38.0	23.7	-999.9	0.0	1.7	96780.0	-999.9
Koutiala	2009	4	21	111	26.3	38.0	24.1	-999.9	1.8	2.1	96733.3	-999.9
Koutiala	2009	4	22	112	27.6	37.4	21.9	-999.9	0.0	1.7	96549.7	-999.9
Koutiala	2009	4	23	113	25.8	38.3	23.4	-999.9	0.0	2.7	96500.5	-999.9
Koutiala	2009	4	24	114	26.3	38.7	26.1	-999.9	0.0	3.0	96647.1	-999.9
Koutiala	2009	4	25	115	21.5	37.3	26.6	-999.9	1.8	2.0	96696.6	-999.9
Koutiala	2009	4	26	116	23.1	38.1	26.5	-999.9	0.0	1.5	96681.1	-999.9
Koutiala	2009	4	27	117	23.9	38.4	25.2	-999.9	0.0	1.8	96655.6	-999.9
Koutiala	2009	4	28	118	27.7	38.3	22.3	-999.9	0.0	2.3	96698.0	-999.9
Koutiala	2009	4	29	119	28.1	38.9	24.4	-999.9	0.0	2.0	96756.0	-999.9
Koutiala	2009	4	30	120	27.2	38.4	24.8	-999.9	0.0	1.8	96759.0	-999.9
Koutiala	2009	5	1	121	27.3	39.5	24.6	-999.9	0.0	2.3	96559.8	-999.9
Koutiala	2009	5	2	122	24.3	39.3	26.3	-999.9	0.0	1.6	96450.5	-999.9
Koutiala	2009	5	3	123	23.8	38.4	25.2	-999.9	0.0	1.7	96488.2	-999.9
Koutiala	2009	5	4	124	27.5	38.0	24.8	-999.9	0.0	2.1	96593.2	-999.9
Koutiala	2009	5	5	125	27.5	38.0	23.2	-999.9	0.0	2.5	96657.7	-999.9
Koutiala	2009	5	6	126	27.9	35.8	21.4	-999.9	0.0	2.4	96681.5	-999.9
Koutiala	2009	5	7	127	25.5	36.0	22.4	-999.9	4.5	2.8	96679.9	-999.9
Koutiala	2009	5	8	128	24.8	35.8	22.8	-999.9	4.5	2.4	96736.6	-999.9
Koutiala	2009	5	9	129	25.9	36.9	24.8	-999.9	0.0	2.3	96647.7	-999.9
Koutiala	2009	5	10	130	27.5	36.0	23.0	-999.9	2.2	2.4	96691.1	-999.9
Koutiala	2009	5	11	131	25.9	35.0	21.1	-999.9	4.3	2.5	96751.7	-999.9
Koutiala	2009	5	12	132	25.3	35.1	23.5	-999.9	4.3	2.1	96819.8	-999.9
Koutiala	2009	5	13	133	24.4	35.4	23.6	-999.9	4.3	1.1	96828.0	-999.9
Koutiala	2009	5	14	134	24.4	35.5	23.8	-999.9	0.0	1.4	96805.2	-999.9
Koutiala	2009	5	15	135	25.3	37.1	23.3	-999.9	4.3	1.8	96635.3	-999.9
Koutiala	2009	5	16	136	26.4	36.2	23.3	-999.9	0.0	2.1	96659.2	-999.9
Koutiala	2009	5	17	137	26.8	37.1	23.9	-999.9	2.9	2.0	96731.1	-999.9
Koutiala	2009	5	18	138	26.1	36.7	23.2	-999.9	2.9	1.8	96742.8	-999.9
Koutiala	2009	5	19	139	27.0	38.4	24.3	-999.9	2.9	2.1	96724.3	-999.9
Koutiala	2009	5	20	140	26.3	38.0	23.5	-999.9	2.9	2.1	96780.1	-999.9
Koutiala	2009	5	21	141	27.7	39.8	23.6	-999.9	0.0	2.2	96652.9	-999.9
Koutiala	2009	5	22	142	27.7	39.1	24.2	-999.9	0.0	2.5	96670.4	-999.9
Koutiala	2009	5	23	143	26.5	38.4	24.2	-999.9	0.0	2.4	96832.4	-999.9
Koutiala	2009	5	24	144	25.4	35.4	24.3	-999.9	9.5	2.0	96864.2	-999.9
Koutiala	2009	5	25	145	25.7	37.6	22.8	-999.9	0.0	1.7	96682.2	-999.9
Koutiala	2009	5	26	146	27.0	37.4	23.5	-999.9	4.0	2.4	96685.6	-999.9
Koutiala	2009	5	27	147	27.1	37.9	24.2	-999.9	4.0	2.3	96646.0	-999.9
Koutiala	2009	5	28	148	26.9	35.5	23.4	-999.9	4.0	2.5	96721.4	-999.9
Koutiala	2009	5	29	149	25.0	36.6	24.6	-999.9	0.0	1.9	96690.1	-999.9
Koutiala	2009	5	30	150	25.9	36.8	24.4	-999.9	0.0	2.0	96681.2	-999.9
Koutiala	2009	5	31	151	27.1	37.5	24.1	-999.9	0.0	2.2	96791.4	-999.9
Koutiala	2009	6	1	152	26.5	38.2	23.7	-999.9	0.0	1.8	96814.1	-999.9
Koutiala	2009	6	2	153	28.2	38.2	23.4	-999.9	0.0	2.1	96716.0	-999.9
Koutiala	2009	6	3	154	28.8	39.1	23.4	-999.9	6.3	2.5	96733.2	-999.9
Koutiala	2009	6	4	155	27.4	36.0	21.7	-999.9	6.3	2.5	96862.7	-999.9
Koutiala	2009	6	5	156	26.5	35.6	23.5	-999.9	3.2	2.2	96938.4	-999.9
Koutiala	2009	6	6	157	24.8	34.4	22.0	-999.9	7.9	2.1	96959.8	-999.9
Koutiala	2009	6	7	158	24.7	34.5	23.7	-999.9	0.0	1.7	96952.0	-999.9
Koutiala	2009	6	8	159	25.9	35.8	22.7	-999.9	3.9	1.5	96843.2	-999.9
Koutiala	2009	6	9	160	26.0	36.7	23.7	-999.9	7.9	2.6	96705.5	-999.9
Koutiala	2009	6	10	161	26.7	38.2	25.0	-999.9	0.0	3.3	96582.8	-999.9
Koutiala	2009	6	11	162	25.3	34.6	22.7	-999.9	14.3	2.6	96808.5	-999.9
Koutiala	2009	6	12	163	23.5	33.5	23.4	-999.9	9.5	2.2	96965.8	-999.9
Koutiala	2009	6	13	164	24.0	30.2	20.7	-999.9	0.0	1.3	97062.4	-999.9
Koutiala	2009	6	14	165	23.3	31.7	23.3	-999.9	14.3	1.7	97113.1	-999.9
Koutiala	2009	6	15	166	24.0	32.6	23.4	-999.9	0.0	2.2	96937.9	-999.9
Koutiala	2009	6	16	167	25.4	32.6	23.6	-999.9	0.0	2.9	96868.4	-999.9
Koutiala	2009	6	17	168	23.8	32.3	23.2	-999.9	3.0	1.9	96932.0	-999.9
Koutiala	2009	6	18	169	23.7	33.5	24.2	-999.9	1.5	1.2	96958.0	-999.9
Koutiala	2009	6	19	170	24.1	34.7	23.6	-999.9	0.0	2.6	96806.1	-999.9
Koutiala	2009	6	20	171	24.5	33.1	19.7	-999.9	1.5	3.0	96838.6	-999.9
Koutiala	2009	6	21	172	24.6	32.4	22.3	-999.9	0.0	2.6	97001.3	-999.9
Koutiala	2009	6	22	173	23.2	30.7	19.0	-999.9	6.4	1.4	97085.3	-999.9
Koutiala	2009	6	23	174	23.2	33.1	23.5	-999.9	0.0	1.3	97036.2	-999.9
Koutiala	2009	6	24	175	25.5	35.7	23.9	-999.9	0.0	2.2	96844.9	-999.9
Koutiala	2009	6	25	176	25.3	34.7	22.5	-999.9	0.0	2.5	96928.2	-999.9
Koutiala	2009	6	26	177	24.8	35.7	24.2	-999.9	8.8	2.5	97004.8	-999.9
Koutiala	2009	6	27	178	25.0	33.4	21.2	-999.9	0.0	2.2	97050.8	-999.9
Koutiala	2009	6	28	179	24.2	34.4	24.1	-999.9	0.0	2.0	97068.9	-999.9
Koutiala	2009	6	29	180	22.7	33.4	22.4	-999.9	17.5	3.2	96978.1	-999.9
Koutiala	2009	6	30	181	23.4	33.1	22.6	-999.9	8.8	2.4	96963.3	-999.9
Koutiala	2009	7	1	182	24.0	32.1	21.4	-999.9	6.1	1.7	97106.8	-999.9
Koutiala	2009	7	2	183	23.7	32.5	22.5	-999.9	0.0	1.4	97098.8	-999.9
Koutiala	2009	7	3	184	23.8	34.7	24.8	-999.9	0.0	1.7	97049.0	-999.9
Koutiala	2009	7	4	185	25.1	35.4	24.0	-999.9	0.0	1.8	96955.5	-999.9
Koutiala	2009	7	5	186	24.5	37.0	24.3	-999.9	6.1	2.3	96856.6	-999.9
Koutiala	2009	7	6	187	24.3	35.8	23.5	-999.9	14.6	2.3	96776.1	-999.9
Koutiala	2009	7	7	188	25.1	35.4	23.5	-999.9	7.3	2.4	96785.4	-999.9
Koutiala	2009	7	8	189	24.5	30.6	16.6	-999.9	7.3	2.1	96953.2	-999.9
Koutiala	2009	7	9	190	24.0	33.4	23.1	-999.9	0.0	2.2	96994.4	-999.9
Koutiala	2009	7	10	191	24.4	30.2	16.0	-999.9	21.8	2.4	96909.1	-999.9
Koutiala	2009	7	11	192	23.5	32.3	22.0	-999.9	0.0	2.4	96958.6	-999.9
Koutiala	2009	7	12	193	22.7	31.0	19.0	-999.9	10.6	1.8	97145.3	-999.9
Koutiala	2009	7	13	194	22.9	32.8	21.3	-999.9	0.0	1.7	97156.6	-999.9
Koutiala	2009	7	14	195	24.4	31.2	18.7	-999.9	10.6	1.8	97039.3	-999.9
Koutiala	2009	7	15	196	24.0	31.1	20.9	-999.9	0.0	2.5	97146.1	-999.9
Koutiala	2009	7	16	197	22.5	31.9	20.8	-999.9	0.0	2.0	97260.5	-999.9
Koutiala	2009	7	17	198	24.1	33.1	21.4	-999.9	10.6	2.7	96994.0	-999.9
Koutiala	2009	7	18	199	24.1	30.0	16.2	-999.9	5.3	3.0	96937.5	-999.9
Koutiala	2009	7	19	200	23.9	29.4	19.5	-999.9	0.0	2.4	97059.8	-999.9
Koutiala	2009	7	20	201	22.9	31.6	23.1	-999.9	5.3	1.5	97181.6	-999.9
Koutiala	2009	7	21	202	22.7	33.0	23.3	-999.9	3.7	1.6	97072.4	-999.9
Koutiala	2009	7	22	203	23.3	31.4	21.4	-999.9	0.0	1.9	96890.6	-999.9
Koutiala	2009	7	23	204	23.4	31.7	22.7	-999.9	0.0	2.2	96893.8	-999.9
Koutiala	2009	7	24	205	24.2	33.4	23.6	-999.9	0.0	2.0	96922.6	-999.9
Koutiala	2009	7	25	206	23.8	31.6	19.0	-999.9	11.0	2.0	96933.9	-999.9
Koutiala	2009	7	26	207	23.4	31.1	20.7	-999.9	0.0	2.0	96996.5	-999.9
Koutiala	2009	7	27	208	22.9	32.1	21.8	-999.9	8.7	2.0	96968.5	-999.9
Koutiala	2009	7	28	209	23.3	31.3	16.2	-999.9	17.4	1.8	96978.8	-999.9
Koutiala	2009	7	29	210	22.6	26.7	12.3	-999.9	8.7	1.9	97104.3	-999.9
Koutiala	2009	7	30	211	22.5	30.4	18.2	-999.9	0.0	1.9	97070.2	-999.9
Koutiala	2009	7	31	212	23.7	29.8	18.0	-999.9	8.7	1.9	97033.8	-999.9
Koutiala	2009	8	1	213	23.0	29.5	17.7	-999.9	0.0	1.7	96992.7	-999.9
Koutiala	2009	8	2	214	22.6	29.7	19.0	-999.9	0.0	2.2	97058.2	-999.9
Koutiala	2009	8	3	215	23.7	31.3	22.6	-999.9	14.1	1.7	97020.3	-999.9
Koutiala	2009	8	4	216	23.2	30.3	21.6	-999.9	0.0	1.6	97040.4	-999.9
Koutiala	2009	8	5	217	22.2	28.6	14.4	-999.9	7.1	1.7	97040.0	-999.9
Koutiala	2009	8	6	218	23.2	30.3	20.9	-999.9	15.1	1.7	97036.1	-999.9
Koutiala	2009	8	7	219	22.5	29.1	19.0	-999.9	0.0	1.7	97083.2	-999.9
Koutiala	2009	8	8	220	22.2	30.9	22.5	-999.9	0.0	1.9	97052.3	-999.9
Koutiala	2009	8	9	221	23.8	30.9	22.8	-999.9	7.6	1.7	96941.8	-999.9
Koutiala	2009	8	10	222	22.6	30.5	21.7	-999.9	7.6	1.3	96985.9	-999.9
Koutiala	2009	8	11	223	23.3	29.5	19.9	-999.9	0.0	1.5	97056.5	-999.9
Koutiala	2009	8	12	224	23.3	30.7	22.3	-999.9	17.0	1.9	97008.9	-999.9
Koutiala	2009	8	13	225	22.4	29.2	15.2	-999.9	17.0	2.3	96901.3	-999.9
Koutiala	2009	8	14	226	22.8	29.9	19.6	-999.9	8.5	1.7	96911.1	-999.9
Koutiala	2009	8	15	227	22.4	30.3	23.9	-999.9	8.5	1.7	96949.9	-999.9
Koutiala	2009	8	16	228	22.8	30.7	21.7	-999.9	10.9	1.7	97006.0	-999.9
Koutiala	2009	8	17	229	23.0	29.5	14.9	-999.9	0.0	1.5	96908.3	-999.9
Koutiala	2009	8	18	230	22.9	29.7	19.8	-999.9	21.8	1.5	96847.0	-999.9
Koutiala	2009	8	19	231	22.4	28.3	15.1	-999.9	0.0	1.3	96899.1	-999.9
Koutiala	2009	8	20	232	21.9	29.2	17.5	-999.9	0.0	2.0	96919.7	-999.9
Koutiala	2009	8	21	233	22.5	30.6	22.6	-999.9	33.0	1.5	96862.4	-999.9
Koutiala	2009	8	22	234	22.4	30.0	20.7	-999.9	0.0	1.7	96888.7	-999.9
Koutiala	2009	8	23	235	22.7	29.2	15.3	-999.9	22.0	1.2	96937.4	-999.9
Koutiala	2009	8	24	236	21.9	28.9	18.8	-999.9	0.0	2.3	96917.0	-999.9
Koutiala	2009	8	25	237	22.0	30.3	22.4	-999.9	0.0	2.3	96970.0	-999.9
Koutiala	2009	8	26	238	22.7	29.8	20.8	-999.9	14.6	1.2	96931.4	-999.9
Koutiala	2009	8	27	239	23.0	27.8	13.6	-999.9	0.0	1.2	97040.0	-999.9
Koutiala	2009	8	28	240	22.1	30.3	22.4	-999.9	0.0	2.0	96947.1	-999.9
Koutiala	2009	8	29	241	23.8	28.4	11.6	-999.9	14.6	2.2	96813.6	-999.9
Koutiala	2009	8	30	242	22.1	24.3	7.7	-999.9	7.3	1.6	96870.1	-999.9
Koutiala	2009	8	31	243	21.6	28.5	15.9	-999.9	0.0	2.2	97100.7	-999.9
Koutiala	2009	9	1	244	21.7	28.9	15.7	-999.9	27.9	2.6	97044.2	-999.9
Koutiala	2009	9	2	245	22.8	28.0	18.5	-999.9	9.3	2.4	96884.1	-999.9
Koutiala	2009	9	3	246	21.6	28.5	19.1	-999.9	0.0	2.1	97047.7	-999.9
Koutiala	2009	9	4	247	22.1	25.8	9.8	-999.9	18.6	1.8	97131.3	-999.9
Koutiala	2009	9	5	248	21.7	28.4	17.1	-999.9	0.0	2.2	97106.8	-999.9
Koutiala	2009	9	6	249	21.0	28.9	19.2	-999.9	0.0	1.2	97099.4	-999.9
Koutiala	2009	9	7	250	22.3	27.3	15.7	-999.9	28.4	2.0	97094.3	-999.9
Koutiala	2009	9	8	251	21.4	29.3	21.2	-999.9	0.0	1.6	97066.5	-999.9
Koutiala	2009	9	9	252	21.7	29.8	22.5	-999.9	0.0	1.4	96991.8	-999.9
Koutiala	2009	9	10	253	22.8	29.4	20.2	-999.9	9.5	1.5	97006.1	-999.9
Koutiala	2009	9	11	254	22.6	29.3	20.4	-999.9	0.0	1.3	97045.2	-999.9
Koutiala	2009	9	12	255	22.0	29.8	21.9	-999.9	21.4	1.1	97049.3	-999.9
Koutiala	2009	9	13	256	22.4	30.1	22.2	-999.9	10.7	1.2	97207.4	-999.9
Koutiala	2009	9	14	257	22.8	30.3	21.4	-999.9	10.7	1.5	97141.1	-999.9
Koutiala	2009	9	15	258	22.5	30.3	22.6	-999.9	21.4	1.5	97099.7	-999.9
Koutiala	2009	9	16	259	23.1	29.7	20.7	-999.9	0.0	1.6	97024.2	-999.9
Koutiala	2009	9	17	260	22.2	29.2	19.3	-999.9	0.0	1.5	97054.8	-999.9
Koutiala	2009	9	18	261	21.8	30.7	22.5	-999.9	0.0	1.3	97074.3	-999.9
Koutiala	2009	9	19	262	23.5	30.8	21.5	-999.9	0.0	1.7	97006.8	-999.9
Koutiala	2009	9	20	263	23.1	29.2	16.0	-999.9	17.7	2.3	96973.9	-999.9
Koutiala	2009	9	21	264	21.6	25.9	10.0	-999.9	0.0	1.6	96961.6	-999.9
Koutiala	2009	9	22	265	20.9	29.6	21.4	-999.9	0.0	1.6	96945.5	-999.9
Koutiala	2009	9	23	266	21.4	30.9	23.4	-999.9	0.0	1.0	96954.1	-999.9
Koutiala	2009	9	24	267	23.6	31.1	22.0	-999.9	29.1	1.5	96912.6	-999.9
Koutiala	2009	9	25	268	22.7	30.9	22.5	-999.9	0.0	1.5	97021.4	-999.9
Koutiala	2009	9	26	269	23.0	30.2	19.2	-999.9	5.3	1.6	97047.1	-999.9
Koutiala	2009	9	27	270	22.9	31.7	23.1	-999.9	0.0	1.4	96968.7	-999.9
Koutiala	2009	9	28	271	23.6	31.6	23.5	-999.9	0.0	1.6	96984.8	-999.9
Koutiala	2009	9	29	272	22.3	31.3	23.3	-999.9	2.6	1.7	97016.4	-999.9
Koutiala	2009	9	30	273	23.6	31.2	21.3	-999.9	2.6	1.2	97031.8	-999.9
Koutiala	2009	10	1	274	23.0	31.6	23.0	-999.9	0.0	1.6	97063.4	-999.9
Koutiala	2009	10	2	275	23.4	31.9	22.4	-999.9	4.5	1.4	97059.5	-999.9
Koutiala	2009	10	3	276	23.4	31.8	22.2	-999.9	0.0	1.6	96987.5	-999.9
Koutiala	2009	10	4	277	23.6	33.2	23.6	-999.9	0.0	1.4	96910.3	-999.9
Koutiala	2009	10	5	278	23.7	32.7	23.1	-999.9	4.5	1.4	96865.8	-999.9
Koutiala	2009	10	6	279	23.6	32.6	22.8	-999.9	11.7	1.4	96983.3	-999.9
Koutiala	2009	10	7	280	24.3	32.5	22.8	-999.9	0.0	1.8	97033.7	-999.9
Koutiala	2009	10	8	281	23.5	33.5	23.4	-999.9	0.0	2.0	96935.7	-999.9
Koutiala	2009	10	9	282	23.9	33.1	21.7	-999.9	0.0	1.7	96854.6	-999.9
Koutiala	2009	10	10	283	24.3	32.8	21.8	-999.9	0.0	1.6	96841.2	-999.9
Koutiala	2009	10	11	284	24.1	33.6	22.0	-999.9	0.0	1.4	96775.0	-999.9
Koutiala	2009	10	12	285	22.8	31.7	21.4	-999.9	0.0	1.4	96738.4	-999.9
Koutiala	2009	10	13	286	23.9	32.3	21.6	-999.9	7.0	1.8	96769.4	-999.9
Koutiala	2009	10	14	287	23.0	31.9	21.1	-999.9	0.0	1.5	96773.3	-999.9
Koutiala	2009	10	15	288	23.3	30.0	16.9	-999.9	0.0	1.5	96801.8	-999.9
Koutiala	2009	10	16	289	23.2	32.3	22.0	-999.9	0.0	2.0	96853.7	-999.9
Koutiala	2009	10	17	290	23.7	32.5	21.3	-999.9	10.3	1.5	96850.2	-999.9
Koutiala	2009	10	18	291	23.3	33.6	22.5	-999.9	0.0	1.9	96737.1	-999.9
Koutiala	2009	10	19	292	22.9	33.9	23.1	-999.9	0.0	2.1	96654.4	-999.9
Koutiala	2009	10	20	293	23.4	33.8	22.7	-999.9	0.0	2.3	96649.2	-999.9
Koutiala	2009	10	21	294	23.4	33.0	21.7	-999.9	11.0	2.3	96808.7	-999.9
Koutiala	2009	10	22	295	22.4	30.3	19.1	-999.9	0.0	1.3	96903.8	-999.9
Koutiala	2009	10	23	296	23.3	30.5	18.1	-999.9	22.1	1.8	96963.9	-999.9
Koutiala	2009	10	24	297	21.8	30.1	20.0	-999.9	22.1	1.7	97008.4	-999.9
Koutiala	2009	10	25	298	22.5	30.9	20.5	-999.9	0.0	1.7	96864.4	-999.9
Koutiala	2009	10	26	299	22.0	32.7	21.6	-999.9	0.0	1.5	96720.8	-999.9
Koutiala	2009	10	27	300	22.2	33.4	22.1	-999.9	0.0	1.4	96767.0	-999.9
Koutiala	2009	10	28	301	22.3	32.8	21.3	-999.9	0.0	1.8	96799.2	-999.9
Koutiala	2009	10	29	302	23.0	33.1	22.3	-999.9	0.0	1.4	96710.8	-999.9
Koutiala	2009	10	30	303	21.9	31.4	18.2	-999.9	0.0	1.3	96693.2	-999.9
Koutiala	2009	10	31	304	22.8	30.5	18.0	-999.9	26.2	1.6	96859.8	-999.9
Koutiala	2009	11	1	305	21.6	26.0	11.0	-999.9	2.2	2.6	96970.0	-999.9
Koutiala	2009	11	2	306	20.8	30.5	21.4	-999.9	0.0	2.1	96875.0	-999.9
Koutiala	2009	11	3	307	21.4	30.4	19.1	-999.9	0.0	2.1	96902.1	-999.9
Koutiala	2009	11	4	308	20.2	32.5	21.9	-999.9	0.0	2.0	96927.2	-999.9
Koutiala	2009	11	5	309	18.9	32.7	20.6	-999.9	0.0	1.7	96978.0	-999.9
Koutiala	2009	11	6	310	20.7	33.5	22.0	-999.9	0.0	2.0	96813.4	-999.9
Koutiala	2009	11	7	311	20.1	33.4	21.8	-999.9	0.0	2.0	96746.9	-999.9
Koutiala	2009	11	8	312	20.6	33.5	21.8	-999.9	0.0	1.8	96772.1	-999.9
Koutiala	2009	11	9	313	20.4	33.1	21.4	-999.9	0.0	1.2	96888.0	-999.9
Koutiala	2009	11	10	314	21.8	32.9	21.1	-999.9	0.0	1.5	96871.6	-999.9
Koutiala	2009	11	11	315	20.5	33.5	20.9	-999.9	0.0	1.8	96749.4	-999.9
Koutiala	2009	11	12	316	20.5	33.2	21.7	-999.9	0.0	1.9	96751.5	-999.9
Koutiala	2009	11	13	317	21.0	32.9	21.6	-999.9	0.0	2.6	96856.9	-999.9
Koutiala	2009	11	14	318	19.4	31.3	21.9	-999.9	0.0	2.1	96912.4	-999.9
Koutiala	2009	11	15	319	18.6	32.8	21.6	-999.9	0.0	1.8	96854.6	-999.9
Koutiala	2009	11	16	320	19.0	33.0	21.5	-999.9	0.0	1.3	96836.6	-999.9
Koutiala	2009	11	17	321	20.2	33.4	21.5	-999.9	0.0	2.4	96905.9	-999.9
Koutiala	2009	11	18	322	19.5	32.2	21.7	-999.9	0.0	2.2	97038.7	-999.9
Koutiala	2009	11	19	323	19.0	31.1	21.7	-999.9	0.0	2.2	97052.4	-999.9
Koutiala	2009	11	20	324	18.6	31.4	21.5	-999.9	0.0	2.1	97146.7	-999.9
Koutiala	2009	11	21	325	19.1	32.1	21.4	-999.9	0.0	2.4	97179.2	-999.9
Koutiala	2009	11	22	326	18.4	31.8	20.9	-999.9	0.0	2.4	97153.8	-999.9
Koutiala	2009	11	23	327	17.3	31.6	21.2	-999.9	0.0	2.2	97016.1	-999.9
Koutiala	2009	11	24	328	17.4	32.7	21.2	-999.9	0.0	2.2	96964.7	-999.9
Koutiala	2009	11	25	329	19.8	33.2	21.0	-999.9	0.0	2.3	97014.9	-999.9
Koutiala	2009	11	26	330	19.9	32.5	21.0	-999.9	0.0	2.5	97097.4	-999.9
Koutiala	2009	11	27	331	17.7	32.1	21.2	-999.9	0.0	2.0	96990.2	-999.9
Koutiala	2009	11	28	332	18.2	32.9	20.8	-999.9	0.0	2.0	96970.7	-999.9
Koutiala	2009	11	29	333	19.6	32.6	19.7	-999.9	0.0	2.2	96933.1	-999.9
Koutiala	2009	11	30	334	19.9	32.2	20.1	-999.9	0.0	2.2	96944.0	-999.9
Koutiala	2009	12	1	335	18.1	32.1	20.4	-999.9	0.0	2.0	96999.0	-999.9
Koutiala	2009	12	2	336	18.5	32.4	20.4	-999.9	0.3	2.3	96985.7	-999.9
Koutiala	2009	12	3	337	17.8	32.9	20.7	-999.9	0.0	2.4	96986.9	-999.9
Koutiala	2009	12	4	338	19.1	32.7	20.6	-999.9	0.0	2.6	97009.0	-999.9
Koutiala	2009	12	5	339	18.0	32.8	20.6	-999.9	0.3	2.5	96983.6	-999.9
Koutiala	2009	12	6	340	18.7	33.2	20.8	-999.9	0.0	2.5	96951.4	-999.9
Koutiala	2009	12	7	341	18.9	32.7	20.6	-999.9	0.0	2.6	96898.2	-999.9
Koutiala	2009	12	8	342	18.8	32.6	20.6	-999.9	0.0	3.0	96996.7	-999.9
Koutiala	2009	12	9	343	18.9	31.3	20.4	-999.9	0.0	3.1	97065.7	-999.9
Koutiala	2009	12	10	344	19.0	30.8	18.3	-999.9	0.0	2.4	97019.1	-999.9
Koutiala	2009	12	11	345	18.5	31.5	19.4	-999.9	0.1	2.0	96909.1	-999.9
Koutiala	2009	12	12	346	19.5	32.2	19.6	-999.9	0.0	1.6	96817.4	-999.9
Koutiala	2009	12	13	347	19.5	31.8	18.6	-999.9	0.2	1.3	96827.2	-999.9
Koutiala	2009	12	14	348	19.2	32.1	19.5	-999.9	0.0	1.4	96916.1	-999.9
Koutiala	2009	12	15	349	20.4	33.0	19.4	-999.9	0.0	2.1	96973.0	-999.9
Koutiala	2009	12	16	350	21.1	33.1	19.9	-999.9	0.0	2.7	96977.9	-999.9
Koutiala	2009	12	17	351	19.7	33.3	20.2	-999.9	0.0	2.6	97026.6	-999.9
Koutiala	2009	12	18	352	19.9	33.9	20.2	-999.9	0.0	2.6	96960.9	-999.9
Koutiala	2009	12	19	353	20.0	33.2	19.8	-999.9	0.0	2.2	96898.5	-999.9
Koutiala	2009	12	20	354	19.3	34.1	20.2	-999.9	0.0	2.0	96896.6	-999.9
Koutiala	2009	12	21	355	19.3	34.5	20.5	-999.9	0.0	2.1	97005.4	-999.9
Koutiala	2009	12	22	356	18.3	34.4	20.5	-999.9	0.0	2.0	97126.2	-999.9
Koutiala	2009	12	23	357	16.5	33.6	20.6	-999.9	0.0	2.0	97039.3	-999.9
Koutiala	2009	12	24	358	17.2	34.0	20.7	-999.9	0.0	2.1	97020.6	-999.9
Koutiala	2009	12	25	359	16.9	33.9	20.8	-999.9	0.0	2.1	97038.1	-999.9
Koutiala	2009	12	26	360	19.5	34.5	20.8	-999.9	0.0	2.6	97031.2	-999.9
Koutiala	2009	12	27	361	18.8	33.8	20.9	-999.9	0.0	2.6	96975.9	-999.9
Koutiala	2009	12	28	362	18.4	33.5	20.8	-999.9	0.0	2.3	96910.3	-999.9
Koutiala	2009	12	29	363	18.4	34.2	20.7	-999.9	0.0	2.5	96871.0	-999.9
Koutiala	2009	12	30	364	18.7	33.6	20.8	-999.9	0.0	2.6	96876.9	-999.9
Koutiala	2009	12	31	365	18.3	33.2	20.9	-999.9	0.0	2.4	96959.2	-999.9
