Koutiala	1986	1	1	1	18.6	30.8	20.4	-999.9	0.0	2.7	97042.7	-999.9
Koutiala	1986	1	2	2	17.9	31.3	20.6	-999.9	0.0	2.2	96968.9	-999.9
Koutiala	1986	1	3	3	15.6	31.8	21.0	-999.9	0.0	1.8	97007.2	-999.9
Koutiala	1986	1	4	4	17.4	31.5	20.6	-999.9	0.0	2.6	97076.9	-999.9
Koutiala	1986	1	5	5	17.2	29.5	20.6	-999.9	0.0	2.9	97143.8	-999.9
Koutiala	1986	1	6	6	15.9	29.3	20.7	-999.9	0.0	2.5	97100.9	-999.9
Koutiala	1986	1	7	7	15.3	29.3	20.8	-999.9	0.0	2.3	97106.4	-999.9
Koutiala	1986	1	8	8	15.5	29.8	21.0	-999.9	0.0	2.4	97151.6	-999.9
Koutiala	1986	1	9	9	15.3	31.0	21.2	-999.9	0.0	2.2	97121.9	-999.9
Koutiala	1986	1	10	10	16.5	31.3	21.2	-999.9	0.0	2.4	97201.6	-999.9
Koutiala	1986	1	11	11	15.9	28.5	21.4	-999.9	0.0	3.3	97268.8	-999.9
Koutiala	1986	1	12	12	14.2	25.5	21.6	-999.9	0.0	3.1	97316.1	-999.9
Koutiala	1986	1	13	13	12.4	27.5	21.7	-999.9	0.0	2.9	97275.5	-999.9
Koutiala	1986	1	14	14	14.6	28.7	21.5	-999.9	0.0	3.1	97287.6	-999.9
Koutiala	1986	1	15	15	14.9	28.8	21.3	-999.9	0.0	2.8	97287.8	-999.9
Koutiala	1986	1	16	16	14.2	28.5	21.6	-999.9	0.0	2.6	97218.5	-999.9
Koutiala	1986	1	17	17	13.6	28.6	21.4	-999.9	0.0	2.4	97128.5	-999.9
Koutiala	1986	1	18	18	14.6	28.5	21.4	-999.9	0.0	3.0	97140.9	-999.9
Koutiala	1986	1	19	19	13.7	26.8	21.6	-999.9	0.0	3.1	97183.5	-999.9
Koutiala	1986	1	20	20	13.0	26.0	21.5	-999.9	0.0	2.9	97220.0	-999.9
Koutiala	1986	1	21	21	12.5	27.5	21.5	-999.9	0.0	2.3	97218.6	-999.9
Koutiala	1986	1	22	22	13.8	29.1	21.5	-999.9	0.0	2.2	97180.9	-999.9
Koutiala	1986	1	23	23	15.4	30.5	21.4	-999.9	0.0	2.4	97102.8	-999.9
Koutiala	1986	1	24	24	16.0	32.0	21.6	-999.9	0.0	2.2	96949.8	-999.9
Koutiala	1986	1	25	25	15.7	31.9	21.8	-999.9	0.0	2.0	96898.5	-999.9
Koutiala	1986	1	26	26	16.2	33.5	21.8	-999.9	0.0	1.9	96895.0	-999.9
Koutiala	1986	1	27	27	17.0	33.9	21.6	-999.9	0.0	2.0	96865.1	-999.9
Koutiala	1986	1	28	28	17.4	34.7	21.5	-999.9	0.0	2.1	96788.8	-999.9
Koutiala	1986	1	29	29	19.2	35.4	21.7	-999.9	0.7	2.2	96748.5	-999.9
Koutiala	1986	1	30	30	17.9	35.5	21.9	-999.9	0.0	1.9	96671.4	-999.9
Koutiala	1986	1	31	31	17.4	35.5	21.7	-999.9	0.0	1.5	96531.0	-999.9
Koutiala	1986	2	1	32	21.1	35.4	21.0	-999.9	0.0	1.6	96501.9	-999.9
Koutiala	1986	2	2	33	20.8	34.8	21.0	-999.9	0.0	2.7	96677.8	-999.9
Koutiala	1986	2	3	34	22.0	33.8	20.7	-999.9	0.0	2.7	96895.4	-999.9
Koutiala	1986	2	4	35	23.6	35.1	21.2	-999.9	0.0	2.5	96850.9	-999.9
Koutiala	1986	2	5	36	23.3	35.5	21.4	-999.9	0.0	1.9	96784.9	-999.9
Koutiala	1986	2	6	37	22.4	35.3	21.4	-999.9	0.0	2.2	96688.3	-999.9
Koutiala	1986	2	7	38	20.8	30.4	21.8	-999.9	0.0	3.2	97008.2	-999.9
Koutiala	1986	2	8	39	18.7	31.8	21.2	-999.9	0.0	2.3	97059.4	-999.9
Koutiala	1986	2	9	40	18.4	33.4	22.1	-999.9	0.0	2.0	96933.6	-999.9
Koutiala	1986	2	10	41	19.5	34.6	22.3	-999.9	0.0	2.4	96958.7	-999.9
Koutiala	1986	2	11	42	20.3	34.5	22.5	-999.9	0.0	2.8	97014.9	-999.9
Koutiala	1986	2	12	43	20.1	35.2	22.7	-999.9	0.0	2.8	96972.4	-999.9
Koutiala	1986	2	13	44	19.0	35.0	22.8	-999.9	0.0	2.6	96892.0	-999.9
Koutiala	1986	2	14	45	19.6	34.9	22.8	-999.9	0.0	2.7	96904.9	-999.9
Koutiala	1986	2	15	46	20.0	34.9	22.9	-999.9	0.0	2.8	97000.6	-999.9
Koutiala	1986	2	16	47	19.7	35.2	23.0	-999.9	0.0	2.6	96911.1	-999.9
Koutiala	1986	2	17	48	18.2	35.5	23.1	-999.9	0.0	2.0	96672.4	-999.9
Koutiala	1986	2	18	49	20.1	35.6	23.0	-999.9	0.0	2.2	96682.2	-999.9
Koutiala	1986	2	19	50	20.2	36.3	23.1	-999.9	0.0	2.5	96745.1	-999.9
Koutiala	1986	2	20	51	21.5	36.4	23.2	-999.9	0.0	2.4	96738.0	-999.9
Koutiala	1986	2	21	52	22.1	36.8	23.3	-999.9	0.0	2.9	96607.2	-999.9
Koutiala	1986	2	22	53	21.8	36.3	23.1	-999.9	0.0	2.5	96575.3	-999.9
Koutiala	1986	2	23	54	22.0	37.2	23.5	-999.9	0.0	2.1	96549.2	-999.9
Koutiala	1986	2	24	55	22.0	37.7	23.6	-999.9	0.0	2.6	96417.1	-999.9
Koutiala	1986	2	25	56	21.8	37.5	23.9	-999.9	0.0	2.3	96343.3	-999.9
Koutiala	1986	2	26	57	22.6	36.4	21.9	-999.9	0.0	3.0	96380.1	-999.9
Koutiala	1986	2	27	58	24.9	35.2	19.8	-999.9	0.0	2.5	96470.2	-999.9
Koutiala	1986	2	28	59	24.3	35.0	20.5	-999.9	0.8	2.2	96551.7	-999.9
Koutiala	1986	3	1	60	23.7	33.9	18.6	-999.9	0.0	1.4	96625.1	-999.9
Koutiala	1986	3	2	61	24.5	36.6	21.7	-999.9	0.0	1.9	96635.9	-999.9
Koutiala	1986	3	3	62	21.6	37.4	24.1	-999.9	0.0	2.0	96697.2	-999.9
Koutiala	1986	3	4	63	19.2	36.1	22.8	-999.9	0.0	2.1	96735.5	-999.9
Koutiala	1986	3	5	64	21.6	36.8	23.5	-999.9	0.0	2.2	96686.5	-999.9
Koutiala	1986	3	6	65	21.8	33.6	24.4	-999.9	0.0	3.2	96818.8	-999.9
Koutiala	1986	3	7	66	20.2	33.8	24.3	-999.9	0.0	2.7	96825.1	-999.9
Koutiala	1986	3	8	67	20.5	35.0	24.3	-999.9	0.0	2.1	96744.3	-999.9
Koutiala	1986	3	9	68	21.5	35.8	24.5	-999.9	0.0	1.8	96652.2	-999.9
Koutiala	1986	3	10	69	21.0	35.0	22.0	-999.9	0.0	1.3	96647.2	-999.9
Koutiala	1986	3	11	70	23.0	36.5	23.5	-999.9	0.0	2.2	96712.1	-999.9
Koutiala	1986	3	12	71	23.7	36.6	21.5	-999.9	0.0	2.6	96770.6	-999.9
Koutiala	1986	3	13	72	25.4	36.5	23.7	-999.9	0.0	2.5	96725.9	-999.9
Koutiala	1986	3	14	73	23.3	36.4	24.7	-999.9	0.0	2.7	96711.7	-999.9
Koutiala	1986	3	15	74	22.6	37.0	25.1	-999.9	0.0	2.2	96624.7	-999.9
Koutiala	1986	3	16	75	22.9	36.8	24.4	-999.9	0.0	2.0	96539.7	-999.9
Koutiala	1986	3	17	76	19.9	36.6	24.8	-999.9	0.0	1.6	96624.9	-999.9
Koutiala	1986	3	18	77	21.0	36.3	22.6	-999.9	0.0	1.8	96721.5	-999.9
Koutiala	1986	3	19	78	24.7	36.1	24.1	-999.9	0.0	2.0	96720.9	-999.9
Koutiala	1986	3	20	79	24.6	36.3	24.1	-999.9	0.0	2.5	96763.7	-999.9
Koutiala	1986	3	21	80	23.3	34.9	21.1	-999.9	0.0	2.8	96759.6	-999.9
Koutiala	1986	3	22	81	23.2	34.6	25.3	-999.9	0.0	3.0	96761.5	-999.9
Koutiala	1986	3	23	82	21.1	34.4	25.4	-999.9	0.0	2.9	96845.1	-999.9
Koutiala	1986	3	24	83	21.0	35.3	24.3	-999.9	0.0	2.4	96855.9	-999.9
Koutiala	1986	3	25	84	22.4	36.1	24.9	-999.9	0.0	2.0	96697.8	-999.9
Koutiala	1986	3	26	85	22.7	36.0	24.2	-999.9	0.0	1.9	96658.4	-999.9
Koutiala	1986	3	27	86	25.3	37.0	23.7	-999.9	0.0	2.7	96847.6	-999.9
Koutiala	1986	3	28	87	23.0	37.0	23.5	-999.9	0.0	2.9	96972.8	-999.9
Koutiala	1986	3	29	88	23.9	37.1	25.5	-999.9	0.0	2.5	96901.7	-999.9
Koutiala	1986	3	30	89	23.0	37.0	25.7	-999.9	0.0	2.5	96730.9	-999.9
Koutiala	1986	3	31	90	22.8	37.8	25.8	-999.9	0.0	2.0	96580.2	-999.9
Koutiala	1986	4	1	91	23.6	38.4	25.9	-999.9	0.0	2.1	96538.5	-999.9
Koutiala	1986	4	2	92	24.0	37.3	22.7	-999.9	0.0	2.0	96607.4	-999.9
Koutiala	1986	4	3	93	23.6	38.7	24.7	-999.9	0.0	2.8	96467.3	-999.9
Koutiala	1986	4	4	94	24.6	37.9	24.5	-999.9	4.2	3.1	96493.0	-999.9
Koutiala	1986	4	5	95	27.3	37.4	21.3	-999.9	0.0	3.4	96566.9	-999.9
Koutiala	1986	4	6	96	27.1	38.5	25.4	-999.9	0.0	3.2	96697.1	-999.9
Koutiala	1986	4	7	97	26.1	39.6	25.0	-999.9	0.0	2.8	96630.3	-999.9
Koutiala	1986	4	8	98	24.0	39.2	25.4	-999.9	0.0	2.1	96539.1	-999.9
Koutiala	1986	4	9	99	25.2	38.7	23.5	-999.9	0.0	2.2	96396.2	-999.9
Koutiala	1986	4	10	100	27.5	38.6	22.9	-999.9	3.3	2.4	96418.9	-999.9
Koutiala	1986	4	11	101	26.5	37.5	23.1	-999.9	0.0	1.8	96585.8	-999.9
Koutiala	1986	4	12	102	27.1	39.1	23.4	-999.9	0.0	2.1	96586.7	-999.9
Koutiala	1986	4	13	103	28.6	38.5	21.7	-999.9	0.0	2.4	96508.6	-999.9
Koutiala	1986	4	14	104	28.0	38.7	21.4	-999.9	0.0	2.5	96423.9	-999.9
Koutiala	1986	4	15	105	28.4	40.4	23.5	-999.9	0.0	2.1	96481.5	-999.9
Koutiala	1986	4	16	106	28.9	40.8	24.1	-999.9	0.0	2.3	96494.7	-999.9
Koutiala	1986	4	17	107	28.6	39.2	22.3	-999.9	0.0	2.2	96469.8	-999.9
Koutiala	1986	4	18	108	26.7	36.9	22.8	-999.9	0.0	2.9	96454.5	-999.9
Koutiala	1986	4	19	109	27.3	37.7	21.3	-999.9	0.0	2.0	96457.2	-999.9
Koutiala	1986	4	20	110	27.0	39.8	23.3	-999.9	0.0	1.9	96374.4	-999.9
Koutiala	1986	4	21	111	27.2	39.4	24.3	-999.9	5.7	2.1	96336.8	-999.9
Koutiala	1986	4	22	112	26.5	37.9	22.9	-999.9	2.8	2.4	96513.5	-999.9
Koutiala	1986	4	23	113	25.1	38.6	24.3	-999.9	0.0	2.0	96567.6	-999.9
Koutiala	1986	4	24	114	25.6	39.1	23.2	-999.9	0.0	2.1	96564.1	-999.9
Koutiala	1986	4	25	115	27.1	38.3	22.8	-999.9	0.0	2.4	96668.5	-999.9
Koutiala	1986	4	26	116	27.5	37.5	18.3	-999.9	0.0	2.1	96685.0	-999.9
Koutiala	1986	4	27	117	27.0	38.2	23.5	-999.9	3.9	2.1	96752.7	-999.9
Koutiala	1986	4	28	118	26.8	38.8	24.5	-999.9	0.0	1.8	96766.0	-999.9
Koutiala	1986	4	29	119	24.8	39.6	24.2	-999.9	0.0	2.2	96690.5	-999.9
Koutiala	1986	4	30	120	24.9	39.5	24.9	-999.9	0.0	2.0	96625.3	-999.9
Koutiala	1986	5	1	121	25.9	37.6	21.8	-999.9	0.0	2.2	96617.6	-999.9
Koutiala	1986	5	2	122	28.2	38.4	22.4	-999.9	0.0	2.7	96611.5	-999.9
Koutiala	1986	5	3	123	26.5	38.1	22.6	-999.9	0.0	2.9	96618.8	-999.9
Koutiala	1986	5	4	124	25.5	35.0	20.6	-999.9	0.0	2.0	96745.4	-999.9
Koutiala	1986	5	5	125	26.4	36.4	22.1	-999.9	0.0	2.2	96741.3	-999.9
Koutiala	1986	5	6	126	27.4	36.6	19.2	-999.9	0.0	1.7	96691.4	-999.9
Koutiala	1986	5	7	127	26.9	37.6	21.8	-999.9	4.4	2.0	96657.0	-999.9
Koutiala	1986	5	8	128	25.4	39.8	24.9	-999.9	0.0	1.8	96603.9	-999.9
Koutiala	1986	5	9	129	25.9	40.3	24.5	-999.9	0.0	2.4	96561.5	-999.9
Koutiala	1986	5	10	130	26.5	38.6	23.5	-999.9	0.0	2.6	96635.8	-999.9
Koutiala	1986	5	11	131	26.7	36.3	16.5	-999.9	0.0	2.7	96713.3	-999.9
Koutiala	1986	5	12	132	24.3	33.4	16.0	-999.9	7.0	1.5	96828.4	-999.9
Koutiala	1986	5	13	133	25.3	35.7	20.4	-999.9	2.3	1.2	96795.0	-999.9
Koutiala	1986	5	14	134	26.9	37.8	24.4	-999.9	0.0	1.9	96740.5	-999.9
Koutiala	1986	5	15	135	26.1	38.2	23.1	-999.9	0.0	2.6	96726.9	-999.9
Koutiala	1986	5	16	136	26.3	37.0	21.8	-999.9	7.6	3.2	96734.7	-999.9
Koutiala	1986	5	17	137	25.7	38.9	24.2	-999.9	3.8	2.6	96753.5	-999.9
Koutiala	1986	5	18	138	27.1	38.0	22.9	-999.9	0.0	2.4	96798.5	-999.9
Koutiala	1986	5	19	139	24.3	34.1	17.6	-999.9	15.3	2.3	96893.1	-999.9
Koutiala	1986	5	20	140	25.4	35.5	23.5	-999.9	0.0	1.7	96818.0	-999.9
Koutiala	1986	5	21	141	24.2	33.0	20.1	-999.9	0.0	2.1	96753.9	-999.9
Koutiala	1986	5	22	142	24.6	32.2	14.5	-999.9	20.1	1.7	96851.5	-999.9
Koutiala	1986	5	23	143	24.4	36.2	22.4	-999.9	0.0	1.5	96808.9	-999.9
Koutiala	1986	5	24	144	25.6	35.4	23.7	-999.9	0.0	1.7	96748.8	-999.9
Koutiala	1986	5	25	145	24.3	36.4	22.7	-999.9	0.0	2.0	96700.9	-999.9
Koutiala	1986	5	26	146	26.5	37.5	23.5	-999.9	0.0	2.7	96588.5	-999.9
Koutiala	1986	5	27	147	26.0	36.8	22.0	-999.9	0.0	2.2	96651.3	-999.9
Koutiala	1986	5	28	148	24.0	35.2	18.6	-999.9	17.0	2.3	96747.9	-999.9
Koutiala	1986	5	29	149	24.8	33.9	23.7	-999.9	0.0	1.8	96796.1	-999.9
Koutiala	1986	5	30	150	25.2	35.0	23.0	-999.9	0.0	1.6	96760.4	-999.9
Koutiala	1986	5	31	151	25.0	34.2	19.9	-999.9	0.0	2.8	96712.4	-999.9
Koutiala	1986	6	1	152	24.0	35.2	19.5	-999.9	8.6	2.7	96838.7	-999.9
Koutiala	1986	6	2	153	23.8	37.7	24.0	-999.9	0.0	2.2	96815.4	-999.9
Koutiala	1986	6	3	154	24.8	39.2	24.3	-999.9	0.0	2.0	96638.0	-999.9
Koutiala	1986	6	4	155	27.5	36.7	21.1	-999.9	0.0	2.9	96723.6	-999.9
Koutiala	1986	6	5	156	25.9	34.1	22.9	-999.9	0.0	2.5	96718.3	-999.9
Koutiala	1986	6	6	157	24.9	35.0	24.1	-999.9	0.0	2.4	96726.1	-999.9
Koutiala	1986	6	7	158	24.3	33.8	22.0	-999.9	0.0	2.4	96844.2	-999.9
Koutiala	1986	6	8	159	23.3	32.5	21.2	-999.9	0.0	2.4	97029.7	-999.9
Koutiala	1986	6	9	160	23.7	30.3	16.5	-999.9	6.7	1.8	97027.3	-999.9
Koutiala	1986	6	10	161	24.5	34.1	23.4	-999.9	0.0	2.5	96934.3	-999.9
Koutiala	1986	6	11	162	23.2	33.3	22.1	-999.9	0.0	2.5	96880.2	-999.9
Koutiala	1986	6	12	163	23.9	32.4	21.4	-999.9	13.1	1.9	96884.2	-999.9
Koutiala	1986	6	13	164	23.8	32.3	20.6	-999.9	8.0	1.5	96905.9	-999.9
Koutiala	1986	6	14	165	23.1	32.6	21.2	-999.9	28.6	1.7	96891.5	-999.9
Koutiala	1986	6	15	166	23.0	32.7	24.5	-999.9	0.0	1.9	96930.2	-999.9
Koutiala	1986	6	16	167	23.6	32.3	21.8	-999.9	3.0	1.8	97006.2	-999.9
Koutiala	1986	6	17	168	24.3	32.3	22.3	-999.9	0.0	2.7	96919.2	-999.9
Koutiala	1986	6	18	169	25.3	34.1	23.3	-999.9	0.0	2.4	96879.0	-999.9
Koutiala	1986	6	19	170	24.0	32.1	21.2	-999.9	7.0	2.6	96930.5	-999.9
Koutiala	1986	6	20	171	22.8	32.1	21.5	-999.9	0.0	2.0	96965.5	-999.9
Koutiala	1986	6	21	172	24.2	33.2	23.9	-999.9	0.0	2.4	96942.2	-999.9
Koutiala	1986	6	22	173	24.7	33.4	24.0	-999.9	0.0	2.4	96938.0	-999.9
Koutiala	1986	6	23	174	25.0	34.2	24.0	-999.9	0.0	2.6	96937.7	-999.9
Koutiala	1986	6	24	175	25.2	34.3	23.2	-999.9	0.0	2.9	96827.1	-999.9
Koutiala	1986	6	25	176	24.5	35.7	23.4	-999.9	9.6	3.5	96788.0	-999.9
Koutiala	1986	6	26	177	23.4	31.3	19.0	-999.9	10.2	2.7	96973.6	-999.9
Koutiala	1986	6	27	178	23.3	30.2	16.7	-999.9	0.0	2.2	97145.5	-999.9
Koutiala	1986	6	28	179	23.3	33.4	24.7	-999.9	0.0	2.0	97001.2	-999.9
Koutiala	1986	6	29	180	24.8	34.0	23.0	-999.9	5.1	2.5	96907.1	-999.9
Koutiala	1986	6	30	181	23.5	30.7	20.3	-999.9	10.2	2.1	97044.8	-999.9
Koutiala	1986	7	1	182	23.3	31.0	21.4	-999.9	0.0	2.2	97052.8	-999.9
Koutiala	1986	7	2	183	23.9	31.1	21.1	-999.9	20.0	3.2	96946.4	-999.9
Koutiala	1986	7	3	184	23.8	30.7	18.1	-999.9	0.0	2.8	97007.5	-999.9
Koutiala	1986	7	4	185	23.3	30.9	20.6	-999.9	20.0	2.1	97083.1	-999.9
Koutiala	1986	7	5	186	23.6	32.7	23.5	-999.9	0.0	2.3	97078.2	-999.9
Koutiala	1986	7	6	187	24.0	32.5	22.7	-999.9	20.3	2.2	97111.8	-999.9
Koutiala	1986	7	7	188	23.1	27.9	12.9	-999.9	20.3	1.5	97205.0	-999.9
Koutiala	1986	7	8	189	22.5	29.9	18.8	-999.9	0.0	1.8	97234.0	-999.9
Koutiala	1986	7	9	190	22.5	30.4	18.8	-999.9	0.0	1.8	97259.9	-999.9
Koutiala	1986	7	10	191	22.2	28.9	14.9	-999.9	0.0	2.0	97211.3	-999.9
Koutiala	1986	7	11	192	21.9	29.9	18.1	-999.9	9.7	1.8	97224.7	-999.9
Koutiala	1986	7	12	193	22.4	31.5	22.6	-999.9	0.0	1.8	97157.3	-999.9
Koutiala	1986	7	13	194	22.5	31.0	22.6	-999.9	0.0	2.2	97230.9	-999.9
Koutiala	1986	7	14	195	22.1	30.0	18.4	-999.9	8.4	2.3	97222.1	-999.9
Koutiala	1986	7	15	196	23.2	29.8	19.9	-999.9	0.0	1.9	97056.9	-999.9
Koutiala	1986	7	16	197	22.6	29.3	17.9	-999.9	0.0	1.9	97022.0	-999.9
Koutiala	1986	7	17	198	21.9	31.4	23.0	-999.9	4.6	1.9	96984.5	-999.9
Koutiala	1986	7	18	199	23.5	31.4	22.7	-999.9	9.1	2.3	96989.3	-999.9
Koutiala	1986	7	19	200	22.8	31.3	22.9	-999.9	0.0	2.1	97017.6	-999.9
Koutiala	1986	7	20	201	23.4	31.7	20.8	-999.9	0.0	1.8	97064.1	-999.9
Koutiala	1986	7	21	202	22.9	28.5	13.1	-999.9	12.1	1.9	97021.0	-999.9
Koutiala	1986	7	22	203	23.0	28.6	15.4	-999.9	0.0	2.7	97099.4	-999.9
Koutiala	1986	7	23	204	22.7	29.5	21.0	-999.9	0.0	2.6	97118.1	-999.9
Koutiala	1986	7	24	205	22.5	28.6	17.3	-999.9	8.1	2.2	97125.1	-999.9
Koutiala	1986	7	25	206	22.3	27.2	14.7	-999.9	0.0	1.9	97155.0	-999.9
Koutiala	1986	7	26	207	22.2	30.1	20.1	-999.9	0.0	2.1	97013.7	-999.9
Koutiala	1986	7	27	208	23.8	30.3	18.1	-999.9	7.4	3.1	96815.9	-999.9
Koutiala	1986	7	28	209	22.0	26.2	13.0	-999.9	16.8	3.2	96886.8	-999.9
Koutiala	1986	7	29	210	21.5	27.2	15.3	-999.9	7.4	2.7	97135.9	-999.9
Koutiala	1986	7	30	211	21.3	28.9	22.5	-999.9	0.0	1.8	97166.3	-999.9
Koutiala	1986	7	31	212	21.6	30.3	22.0	-999.9	7.4	2.5	96972.6	-999.9
Koutiala	1986	8	1	213	22.3	27.9	10.5	-999.9	24.3	2.6	96771.6	-999.9
Koutiala	1986	8	2	214	21.7	25.2	11.0	-999.9	3.9	2.4	97185.7	-999.9
Koutiala	1986	8	3	215	20.0	29.0	20.2	-999.9	0.0	1.6	97244.4	-999.9
Koutiala	1986	8	4	216	21.9	30.3	22.9	-999.9	0.0	2.3	97005.9	-999.9
Koutiala	1986	8	5	217	22.0	28.6	18.3	-999.9	0.4	2.5	97063.6	-999.9
Koutiala	1986	8	6	218	21.8	27.6	15.8	-999.9	17.2	1.9	97170.1	-999.9
Koutiala	1986	8	7	219	21.6	29.0	19.8	-999.9	19.7	1.7	97221.5	-999.9
Koutiala	1986	8	8	220	22.1	28.6	16.9	-999.9	0.0	1.5	97126.1	-999.9
Koutiala	1986	8	9	221	21.0	29.7	22.6	-999.9	0.0	1.7	97176.4	-999.9
Koutiala	1986	8	10	222	22.4	30.5	23.7	-999.9	0.0	2.0	97163.6	-999.9
Koutiala	1986	8	11	223	23.2	30.3	22.9	-999.9	12.3	2.4	97029.7	-999.9
Koutiala	1986	8	12	224	22.2	29.1	19.9	-999.9	0.0	2.6	97086.0	-999.9
Koutiala	1986	8	13	225	22.2	29.2	20.7	-999.9	0.0	2.1	96989.9	-999.9
Koutiala	1986	8	14	226	22.8	29.7	20.9	-999.9	18.5	2.1	96958.0	-999.9
Koutiala	1986	8	15	227	22.2	27.8	13.4	-999.9	7.0	1.7	96884.7	-999.9
Koutiala	1986	8	16	228	22.3	29.3	22.2	-999.9	0.0	2.0	96937.5	-999.9
Koutiala	1986	8	17	229	22.1	30.2	22.6	-999.9	0.0	1.5	96937.4	-999.9
Koutiala	1986	8	18	230	23.0	30.3	22.0	-999.9	8.1	2.0	96786.7	-999.9
Koutiala	1986	8	19	231	23.1	30.2	21.9	-999.9	16.3	1.8	96829.0	-999.9
Koutiala	1986	8	20	232	22.8	30.3	22.7	-999.9	0.0	1.7	96945.0	-999.9
Koutiala	1986	8	21	233	22.5	29.6	21.6	-999.9	28.8	2.0	96927.8	-999.9
Koutiala	1986	8	22	234	21.8	29.3	18.0	-999.9	0.0	1.4	96853.7	-999.9
Koutiala	1986	8	23	235	21.5	29.9	21.0	-999.9	0.0	1.2	96851.3	-999.9
Koutiala	1986	8	24	236	21.8	29.8	21.4	-999.9	0.0	1.6	96893.6	-999.9
Koutiala	1986	8	25	237	21.9	29.8	22.9	-999.9	0.0	1.5	96982.6	-999.9
Koutiala	1986	8	26	238	22.7	29.8	19.8	-999.9	19.3	1.4	96961.7	-999.9
Koutiala	1986	8	27	239	21.8	29.8	22.0	-999.9	0.0	1.7	96860.4	-999.9
Koutiala	1986	8	28	240	21.8	27.1	13.1	-999.9	14.7	1.6	96912.2	-999.9
Koutiala	1986	8	29	241	21.9	28.1	15.8	-999.9	0.0	2.3	97017.0	-999.9
Koutiala	1986	8	30	242	21.3	29.0	20.9	-999.9	0.0	1.8	97086.5	-999.9
Koutiala	1986	8	31	243	21.8	28.7	18.6	-999.9	12.9	2.0	96888.1	-999.9
Koutiala	1986	9	1	244	22.7	27.2	14.1	-999.9	10.3	1.6	96853.3	-999.9
Koutiala	1986	9	2	245	21.5	25.3	9.8	-999.9	31.0	1.4	96964.4	-999.9
Koutiala	1986	9	3	246	20.3	23.2	8.1	-999.9	0.0	1.9	97013.4	-999.9
Koutiala	1986	9	4	247	19.5	28.6	18.9	-999.9	0.0	2.5	96990.1	-999.9
Koutiala	1986	9	5	248	21.9	29.6	24.3	-999.9	0.0	2.8	96882.1	-999.9
Koutiala	1986	9	6	249	22.0	26.8	11.2	-999.9	74.3	2.4	96943.3	-999.9
Koutiala	1986	9	7	250	21.8	27.2	14.7	-999.9	0.0	1.9	97014.0	-999.9
Koutiala	1986	9	8	251	21.3	28.1	18.4	-999.9	16.3	1.6	97069.9	-999.9
Koutiala	1986	9	9	252	21.6	26.7	12.8	-999.9	0.0	1.3	97159.1	-999.9
Koutiala	1986	9	10	253	20.7	28.3	18.7	-999.9	0.0	1.6	97201.6	-999.9
Koutiala	1986	9	11	254	20.9	29.6	23.5	-999.9	6.9	1.7	97164.8	-999.9
Koutiala	1986	9	12	255	22.4	27.2	14.8	-999.9	6.9	1.4	97119.4	-999.9
Koutiala	1986	9	13	256	21.8	29.4	21.4	-999.9	0.0	1.2	97112.4	-999.9
Koutiala	1986	9	14	257	21.1	30.0	22.9	-999.9	0.0	1.1	97040.4	-999.9
Koutiala	1986	9	15	258	21.5	30.0	22.5	-999.9	13.7	1.2	96930.7	-999.9
Koutiala	1986	9	16	259	21.8	29.5	20.3	-999.9	4.6	1.0	96961.0	-999.9
Koutiala	1986	9	17	260	22.0	29.6	21.4	-999.9	18.4	1.3	97012.9	-999.9
Koutiala	1986	9	18	261	21.4	29.8	22.5	-999.9	0.0	1.5	97042.7	-999.9
Koutiala	1986	9	19	262	21.4	29.5	21.4	-999.9	0.0	1.4	97128.1	-999.9
Koutiala	1986	9	20	263	22.1	29.2	19.2	-999.9	0.0	1.6	97118.6	-999.9
Koutiala	1986	9	21	264	21.7	29.6	21.4	-999.9	0.0	2.5	96918.6	-999.9
Koutiala	1986	9	22	265	21.7	29.7	19.5	-999.9	5.4	1.5	96766.2	-999.9
Koutiala	1986	9	23	266	21.6	28.9	18.6	-999.9	5.4	1.1	96809.9	-999.9
Koutiala	1986	9	24	267	21.3	27.8	17.6	-999.9	0.0	1.8	97082.0	-999.9
Koutiala	1986	9	25	268	21.9	28.5	16.1	-999.9	21.6	1.1	97128.0	-999.9
Koutiala	1986	9	26	269	21.6	28.6	20.3	-999.9	0.0	1.4	97003.0	-999.9
Koutiala	1986	9	27	270	21.8	28.0	18.1	-999.9	6.1	1.7	97028.9	-999.9
Koutiala	1986	9	28	271	21.3	30.0	22.2	-999.9	0.0	0.9	97174.5	-999.9
Koutiala	1986	9	29	272	22.1	29.6	19.9	-999.9	0.0	1.9	97195.5	-999.9
Koutiala	1986	9	30	273	21.8	30.4	21.1	-999.9	0.0	2.0	97016.5	-999.9
Koutiala	1986	10	1	274	22.4	29.4	21.3	-999.9	0.0	1.9	96934.0	-999.9
Koutiala	1986	10	2	275	22.1	29.9	21.8	-999.9	6.5	1.4	97019.4	-999.9
Koutiala	1986	10	3	276	22.6	30.6	23.1	-999.9	6.5	1.7	97004.9	-999.9
Koutiala	1986	10	4	277	22.9	30.5	20.4	-999.9	12.9	1.9	97018.8	-999.9
Koutiala	1986	10	5	278	23.0	30.3	22.5	-999.9	0.0	1.7	96990.7	-999.9
Koutiala	1986	10	6	279	22.6	29.8	21.6	-999.9	0.0	1.2	96970.9	-999.9
Koutiala	1986	10	7	280	22.7	30.8	22.1	-999.9	0.0	1.6	96995.2	-999.9
Koutiala	1986	10	8	281	22.5	30.3	22.1	-999.9	0.0	1.4	96946.2	-999.9
Koutiala	1986	10	9	282	22.9	30.1	21.6	-999.9	0.0	1.5	96828.1	-999.9
Koutiala	1986	10	10	283	22.4	30.3	21.7	-999.9	0.0	1.4	96772.7	-999.9
Koutiala	1986	10	11	284	22.7	30.4	21.3	-999.9	0.0	1.5	96882.9	-999.9
Koutiala	1986	10	12	285	21.2	30.5	21.7	-999.9	0.0	1.4	96886.6	-999.9
Koutiala	1986	10	13	286	21.5	30.9	21.7	-999.9	0.0	1.4	96872.1	-999.9
Koutiala	1986	10	14	287	20.8	30.9	21.7	-999.9	0.0	1.3	96867.7	-999.9
Koutiala	1986	10	15	288	20.2	31.5	21.6	-999.9	0.0	1.7	96875.5	-999.9
Koutiala	1986	10	16	289	20.5	31.8	21.9	-999.9	0.0	1.3	96914.6	-999.9
Koutiala	1986	10	17	290	21.0	33.0	21.1	-999.9	0.0	1.5	96957.3	-999.9
Koutiala	1986	10	18	291	21.2	32.8	21.5	-999.9	0.0	2.0	96887.2	-999.9
Koutiala	1986	10	19	292	22.1	30.5	21.0	-999.9	3.6	2.2	96948.5	-999.9
Koutiala	1986	10	20	293	22.5	30.3	20.7	-999.9	1.5	1.3	97077.3	-999.9
Koutiala	1986	10	21	294	22.6	31.8	20.5	-999.9	0.0	1.6	97066.8	-999.9
Koutiala	1986	10	22	295	23.3	32.9	22.2	-999.9	0.0	1.8	96999.1	-999.9
Koutiala	1986	10	23	296	22.9	32.7	20.7	-999.9	0.0	1.7	96971.2	-999.9
Koutiala	1986	10	24	297	22.2	31.3	20.3	-999.9	0.0	2.0	96930.1	-999.9
Koutiala	1986	10	25	298	21.5	27.4	17.1	-999.9	0.0	1.8	97024.8	-999.9
Koutiala	1986	10	26	299	21.2	29.1	18.9	-999.9	0.0	1.2	97180.7	-999.9
Koutiala	1986	10	27	300	21.1	30.5	17.0	-999.9	0.0	1.5	97032.8	-999.9
Koutiala	1986	10	28	301	22.6	31.4	20.9	-999.9	0.0	1.4	96856.9	-999.9
Koutiala	1986	10	29	302	22.4	30.7	20.4	-999.9	0.0	1.6	96905.4	-999.9
Koutiala	1986	10	30	303	21.1	30.9	21.9	-999.9	0.0	1.3	96992.4	-999.9
Koutiala	1986	10	31	304	21.1	30.4	19.8	-999.9	0.0	1.7	97011.2	-999.9
Koutiala	1986	11	1	305	18.8	30.2	18.9	-999.9	0.0	1.6	97008.9	-999.9
Koutiala	1986	11	2	306	20.8	31.0	21.2	-999.9	0.0	1.6	96973.8	-999.9
Koutiala	1986	11	3	307	21.0	32.5	21.7	-999.9	0.0	1.5	96890.1	-999.9
Koutiala	1986	11	4	308	21.3	32.5	20.7	-999.9	0.0	1.7	96822.2	-999.9
Koutiala	1986	11	5	309	19.7	32.5	21.0	-999.9	0.0	1.7	96820.0	-999.9
Koutiala	1986	11	6	310	23.3	31.8	19.9	-999.9	3.0	2.3	97022.4	-999.9
Koutiala	1986	11	7	311	23.0	32.5	20.5	-999.9	0.0	2.1	97008.5	-999.9
Koutiala	1986	11	8	312	22.6	33.1	22.0	-999.9	0.0	2.4	96836.6	-999.9
Koutiala	1986	11	9	313	21.5	32.4	21.9	-999.9	0.0	1.8	96784.5	-999.9
Koutiala	1986	11	10	314	20.5	31.6	18.0	-999.9	0.0	1.3	96988.4	-999.9
Koutiala	1986	11	11	315	22.4	32.9	19.8	-999.9	0.0	1.6	97066.9	-999.9
Koutiala	1986	11	12	316	21.4	33.9	21.6	-999.9	0.0	1.9	97038.9	-999.9
Koutiala	1986	11	13	317	19.7	33.4	21.7	-999.9	0.0	2.1	96966.0	-999.9
Koutiala	1986	11	14	318	18.8	33.3	21.9	-999.9	0.0	2.5	96943.8	-999.9
Koutiala	1986	11	15	319	18.8	32.9	21.8	-999.9	0.0	2.4	96965.5	-999.9
Koutiala	1986	11	16	320	16.9	33.0	21.9	-999.9	0.0	1.8	96993.6	-999.9
Koutiala	1986	11	17	321	17.9	32.9	21.7	-999.9	0.0	1.6	96939.4	-999.9
Koutiala	1986	11	18	322	19.3	32.7	20.9	-999.9	0.0	1.7	96847.9	-999.9
Koutiala	1986	11	19	323	19.7	32.9	20.6	-999.9	0.0	1.9	96813.1	-999.9
Koutiala	1986	11	20	324	21.1	32.4	20.4	-999.9	0.0	2.4	96820.2	-999.9
Koutiala	1986	11	21	325	19.7	29.4	20.7	-999.9	0.0	2.7	96879.4	-999.9
Koutiala	1986	11	22	326	18.4	27.9	20.3	-999.9	0.0	3.0	96998.8	-999.9
Koutiala	1986	11	23	327	16.1	26.9	21.1	-999.9	0.0	2.5	97046.0	-999.9
Koutiala	1986	11	24	328	16.4	28.5	20.9	-999.9	0.0	2.2	96953.6	-999.9
Koutiala	1986	11	25	329	18.6	29.6	19.6	-999.9	0.0	2.2	96882.8	-999.9
Koutiala	1986	11	26	330	18.5	29.9	19.4	-999.9	0.0	2.2	96859.9	-999.9
Koutiala	1986	11	27	331	18.9	30.3	19.4	-999.9	0.0	2.1	96889.5	-999.9
Koutiala	1986	11	28	332	19.2	31.0	20.4	-999.9	0.0	2.1	96882.8	-999.9
Koutiala	1986	11	29	333	18.7	31.8	19.2	-999.9	0.0	2.1	96902.1	-999.9
Koutiala	1986	11	30	334	20.3	32.7	20.6	-999.9	0.0	2.4	96826.4	-999.9
Koutiala	1986	12	1	335	20.3	32.0	20.6	-999.9	0.0	2.3	96861.9	-999.9
Koutiala	1986	12	2	336	19.6	32.0	20.5	-999.9	0.0	2.3	96943.0	-999.9
Koutiala	1986	12	3	337	19.8	32.0	20.7	-999.9	0.0	2.3	97031.1	-999.9
Koutiala	1986	12	4	338	18.8	31.5	20.6	-999.9	0.0	2.3	97092.8	-999.9
Koutiala	1986	12	5	339	19.8	31.8	20.6	-999.9	0.0	2.5	97143.6	-999.9
Koutiala	1986	12	6	340	18.8	31.0	20.9	-999.9	0.0	2.5	97185.7	-999.9
Koutiala	1986	12	7	341	16.6	30.5	20.9	-999.9	0.0	2.2	97189.6	-999.9
Koutiala	1986	12	8	342	17.4	30.7	20.8	-999.9	0.0	2.2	97195.2	-999.9
Koutiala	1986	12	9	343	15.5	30.1	20.7	-999.9	0.0	2.2	97166.0	-999.9
Koutiala	1986	12	10	344	16.4	30.8	20.7	-999.9	0.0	2.3	97141.9	-999.9
Koutiala	1986	12	11	345	17.2	31.5	20.6	-999.9	0.0	2.2	97078.9	-999.9
Koutiala	1986	12	12	346	18.0	30.8	20.5	-999.9	0.0	2.6	97007.6	-999.9
Koutiala	1986	12	13	347	16.7	30.2	20.5	-999.9	0.0	2.4	97029.9	-999.9
Koutiala	1986	12	14	348	17.1	30.7	19.7	-999.9	0.7	2.4	97101.2	-999.9
Koutiala	1986	12	15	349	17.4	29.9	18.2	-999.9	0.0	2.3	97094.9	-999.9
Koutiala	1986	12	16	350	18.0	29.9	20.3	-999.9	0.0	2.7	97149.8	-999.9
Koutiala	1986	12	17	351	16.4	29.1	20.5	-999.9	0.0	2.7	97170.5	-999.9
Koutiala	1986	12	18	352	16.5	29.2	20.5	-999.9	0.0	2.9	97267.1	-999.9
Koutiala	1986	12	19	353	17.6	28.7	19.9	-999.9	0.0	3.4	97345.4	-999.9
Koutiala	1986	12	20	354	16.5	28.1	20.3	-999.9	0.0	3.1	97354.2	-999.9
Koutiala	1986	12	21	355	15.7	28.6	20.3	-999.9	0.0	2.5	97298.0	-999.9
Koutiala	1986	12	22	356	15.6	29.2	20.4	-999.9	0.0	2.0	97173.6	-999.9
Koutiala	1986	12	23	357	13.8	30.9	20.4	-999.9	0.0	1.7	97021.6	-999.9
Koutiala	1986	12	24	358	16.7	31.2	20.4	-999.9	0.0	2.1	96941.1	-999.9
Koutiala	1986	12	25	359	16.8	30.6	20.4	-999.9	0.0	2.8	97018.2	-999.9
Koutiala	1986	12	26	360	15.2	26.6	20.5	-999.9	0.0	3.4	97245.6	-999.9
Koutiala	1986	12	27	361	13.0	25.4	20.3	-999.9	0.0	2.6	97293.5	-999.9
Koutiala	1986	12	28	362	13.4	27.8	20.5	-999.9	0.0	2.4	97167.5	-999.9
Koutiala	1986	12	29	363	14.4	29.5	20.4	-999.9	0.0	2.3	97144.9	-999.9
Koutiala	1986	12	30	364	15.6	30.5	20.4	-999.9	0.0	2.1	97035.6	-999.9
Koutiala	1986	12	31	365	16.0	31.5	20.4	-999.9	0.0	2.0	97044.0	-999.9
