Koutiala	1981	1	1	1	17.5	30.1	20.5	-999.9	0.0	3.5	97196.3	-999.9
Koutiala	1981	1	2	2	15.9	27.5	20.6	-999.9	0.0	3.1	97218.2	-999.9
Koutiala	1981	1	3	3	14.5	27.8	20.7	-999.9	0.0	2.7	97203.4	-999.9
Koutiala	1981	1	4	4	14.8	29.3	20.7	-999.9	0.0	2.5	97200.1	-999.9
Koutiala	1981	1	5	5	15.5	29.5	20.6	-999.9	0.0	2.5	97158.8	-999.9
Koutiala	1981	1	6	6	15.4	29.2	20.7	-999.9	0.0	2.3	97116.2	-999.9
Koutiala	1981	1	7	7	14.2	29.4	21.0	-999.9	0.0	2.2	97081.9	-999.9
Koutiala	1981	1	8	8	14.6	30.6	21.2	-999.9	0.0	2.2	97043.7	-999.9
Koutiala	1981	1	9	9	15.0	30.6	21.2	-999.9	0.0	2.3	97088.7	-999.9
Koutiala	1981	1	10	10	15.1	30.8	21.2	-999.9	0.0	2.3	97067.8	-999.9
Koutiala	1981	1	11	11	15.2	32.3	21.2	-999.9	0.0	2.0	96898.4	-999.9
Koutiala	1981	1	12	12	15.5	33.7	21.0	-999.9	0.0	2.1	96891.6	-999.9
Koutiala	1981	1	13	13	19.5	33.8	18.8	-999.9	0.0	1.9	96878.1	-999.9
Koutiala	1981	1	14	14	19.1	30.0	15.7	-999.9	0.0	2.7	97029.5	-999.9
Koutiala	1981	1	15	15	18.6	30.6	19.6	-999.9	0.0	3.4	97171.1	-999.9
Koutiala	1981	1	16	16	16.5	30.0	20.8	-999.9	0.0	3.1	97125.5	-999.9
Koutiala	1981	1	17	17	15.9	29.8	21.2	-999.9	0.0	2.6	97123.0	-999.9
Koutiala	1981	1	18	18	16.0	29.4	21.4	-999.9	0.0	2.6	97068.2	-999.9
Koutiala	1981	1	19	19	16.0	31.0	21.6	-999.9	0.0	2.4	96935.9	-999.9
Koutiala	1981	1	20	20	16.2	32.0	21.7	-999.9	0.0	2.7	96942.5	-999.9
Koutiala	1981	1	21	21	18.2	32.1	21.4	-999.9	0.0	2.7	97059.8	-999.9
Koutiala	1981	1	22	22	17.7	31.9	21.6	-999.9	0.0	2.7	97062.6	-999.9
Koutiala	1981	1	23	23	16.9	30.8	21.7	-999.9	0.0	2.6	97007.1	-999.9
Koutiala	1981	1	24	24	16.7	29.6	21.6	-999.9	0.0	2.9	96966.7	-999.9
Koutiala	1981	1	25	25	15.5	29.0	21.6	-999.9	0.0	2.7	97009.2	-999.9
Koutiala	1981	1	26	26	15.4	30.7	20.9	-999.9	0.0	2.5	97140.8	-999.9
Koutiala	1981	1	27	27	17.5	31.5	21.5	-999.9	0.0	3.0	97291.8	-999.9
Koutiala	1981	1	28	28	19.0	30.1	16.7	-999.9	0.0	2.8	97390.8	-999.9
Koutiala	1981	1	29	29	18.1	30.4	19.8	-999.9	0.0	2.5	97294.5	-999.9
Koutiala	1981	1	30	30	17.5	32.3	20.4	-999.9	0.0	2.4	97082.9	-999.9
Koutiala	1981	1	31	31	18.8	32.6	20.1	-999.9	0.0	2.2	97033.6	-999.9
Koutiala	1981	2	1	32	20.3	32.6	20.4	-999.9	0.0	2.6	97043.7	-999.9
Koutiala	1981	2	2	33	19.5	33.1	20.7	-999.9	0.0	2.8	96990.9	-999.9
Koutiala	1981	2	3	34	19.4	34.5	21.2	-999.9	0.0	2.7	96901.8	-999.9
Koutiala	1981	2	4	35	21.1	34.9	21.8	-999.9	0.0	2.6	96770.8	-999.9
Koutiala	1981	2	5	36	21.5	35.1	22.1	-999.9	0.0	2.7	96800.5	-999.9
Koutiala	1981	2	6	37	22.2	35.7	21.6	-999.9	0.0	2.5	96866.2	-999.9
Koutiala	1981	2	7	38	21.1	36.5	22.3	-999.9	0.0	2.7	96892.7	-999.9
Koutiala	1981	2	8	39	21.8	36.4	22.4	-999.9	0.0	2.8	96905.2	-999.9
Koutiala	1981	2	9	40	21.4	35.6	22.4	-999.9	0.0	3.1	96911.3	-999.9
Koutiala	1981	2	10	41	21.4	34.4	22.5	-999.9	0.0	3.2	96911.7	-999.9
Koutiala	1981	2	11	42	19.6	33.8	22.7	-999.9	0.0	2.7	96881.6	-999.9
Koutiala	1981	2	12	43	18.7	34.8	22.7	-999.9	0.0	2.1	96641.7	-999.9
Koutiala	1981	2	13	44	18.4	34.7	21.2	-999.9	0.0	2.3	96537.0	-999.9
Koutiala	1981	2	14	45	22.8	34.9	19.6	-999.9	0.0	1.8	96721.8	-999.9
Koutiala	1981	2	15	46	23.4	34.5	16.5	-999.9	0.0	1.7	96736.7	-999.9
Koutiala	1981	2	16	47	22.9	36.3	22.4	-999.9	0.0	2.6	96734.6	-999.9
Koutiala	1981	2	17	48	23.7	36.2	22.5	-999.9	0.0	3.2	96708.4	-999.9
Koutiala	1981	2	18	49	23.4	35.7	22.6	-999.9	0.0	3.2	96700.4	-999.9
Koutiala	1981	2	19	50	22.5	35.2	22.8	-999.9	0.0	2.7	96662.4	-999.9
Koutiala	1981	2	20	51	21.4	36.2	23.0	-999.9	0.0	1.9	96620.4	-999.9
Koutiala	1981	2	21	52	22.1	35.8	23.2	-999.9	0.0	2.8	96693.7	-999.9
Koutiala	1981	2	22	53	21.4	34.0	23.4	-999.9	0.0	3.3	96779.6	-999.9
Koutiala	1981	2	23	54	18.6	33.6	23.8	-999.9	0.0	2.4	96731.3	-999.9
Koutiala	1981	2	24	55	18.9	34.8	23.8	-999.9	0.0	2.0	96792.5	-999.9
Koutiala	1981	2	25	56	19.6	36.1	24.0	-999.9	0.0	2.3	96846.6	-999.9
Koutiala	1981	2	26	57	21.3	36.9	24.0	-999.9	0.0	2.7	96858.6	-999.9
Koutiala	1981	2	27	58	21.9	37.4	24.1	-999.9	0.0	2.6	96745.2	-999.9
Koutiala	1981	2	28	59	21.7	37.7	23.5	-999.9	0.0	2.1	96724.6	-999.9
Koutiala	1981	3	1	60	22.0	37.8	22.1	-999.9	0.0	2.1	96682.5	-999.9
Koutiala	1981	3	2	61	21.5	38.6	23.7	-999.9	0.0	1.5	96613.8	-999.9
Koutiala	1981	3	3	62	21.6	37.0	22.1	-999.9	0.0	1.4	96645.3	-999.9
Koutiala	1981	3	4	63	23.0	38.2	24.0	-999.9	0.0	2.1	96608.9	-999.9
Koutiala	1981	3	5	64	21.5	37.3	21.6	-999.9	0.0	2.3	96566.2	-999.9
Koutiala	1981	3	6	65	25.0	35.2	20.7	-999.9	0.0	1.6	96798.6	-999.9
Koutiala	1981	3	7	66	23.0	37.3	23.2	-999.9	0.0	2.0	96827.0	-999.9
Koutiala	1981	3	8	67	21.8	38.3	24.2	-999.9	0.0	2.5	96767.7	-999.9
Koutiala	1981	3	9	68	23.9	37.8	24.5	-999.9	0.0	2.6	96749.1	-999.9
Koutiala	1981	3	10	69	22.3	37.3	24.9	-999.9	0.0	2.2	96745.5	-999.9
Koutiala	1981	3	11	70	21.0	37.9	24.4	-999.9	0.0	1.8	96715.6	-999.9
Koutiala	1981	3	12	71	24.8	34.4	19.7	-999.9	0.0	2.3	96811.0	-999.9
Koutiala	1981	3	13	72	21.2	36.0	24.3	-999.9	0.0	2.1	96769.8	-999.9
Koutiala	1981	3	14	73	19.7	35.5	24.8	-999.9	0.0	1.7	96746.2	-999.9
Koutiala	1981	3	15	74	22.3	36.0	23.3	-999.9	0.0	1.6	96814.2	-999.9
Koutiala	1981	3	16	75	24.9	34.0	18.5	-999.9	1.2	2.1	97051.6	-999.9
Koutiala	1981	3	17	76	25.7	35.7	18.9	-999.9	0.0	2.0	96866.3	-999.9
Koutiala	1981	3	18	77	23.6	38.1	24.4	-999.9	0.0	2.7	96606.0	-999.9
Koutiala	1981	3	19	78	24.8	38.2	23.8	-999.9	0.0	2.5	96526.5	-999.9
Koutiala	1981	3	20	79	25.1	36.9	21.1	-999.9	0.0	2.0	96670.1	-999.9
Koutiala	1981	3	21	80	24.9	33.5	18.1	-999.9	0.0	3.1	96982.8	-999.9
Koutiala	1981	3	22	81	25.2	36.7	22.2	-999.9	0.0	3.4	96779.3	-999.9
Koutiala	1981	3	23	82	25.6	37.3	25.0	-999.9	0.0	3.1	96639.9	-999.9
Koutiala	1981	3	24	83	25.1	37.6	25.2	-999.9	0.0	2.2	96584.4	-999.9
Koutiala	1981	3	25	84	23.2	37.7	24.5	-999.9	0.0	1.8	96687.7	-999.9
Koutiala	1981	3	26	85	25.7	38.7	24.3	-999.9	0.0	1.8	96674.3	-999.9
Koutiala	1981	3	27	86	25.0	39.0	25.2	-999.9	0.0	2.2	96546.2	-999.9
Koutiala	1981	3	28	87	26.2	37.4	23.4	-999.9	0.0	2.7	96610.8	-999.9
Koutiala	1981	3	29	88	24.8	37.3	20.9	-999.9	0.0	2.2	96684.6	-999.9
Koutiala	1981	3	30	89	26.7	37.4	22.4	-999.9	0.0	2.1	96836.1	-999.9
Koutiala	1981	3	31	90	25.9	37.0	24.6	-999.9	0.0	2.3	96886.7	-999.9
Koutiala	1981	4	1	91	23.7	37.0	25.1	-999.9	0.0	1.7	96849.2	-999.9
Koutiala	1981	4	2	92	24.1	38.3	25.5	-999.9	0.0	2.2	96714.5	-999.9
Koutiala	1981	4	3	93	25.9	36.7	20.4	-999.9	0.0	1.7	96787.9	-999.9
Koutiala	1981	4	4	94	26.8	37.5	21.4	-999.9	0.0	1.5	96760.0	-999.9
Koutiala	1981	4	5	95	27.0	37.0	20.6	-999.9	0.0	1.8	96734.2	-999.9
Koutiala	1981	4	6	96	25.5	38.9	22.9	-999.9	0.4	1.9	96573.8	-999.9
Koutiala	1981	4	7	97	24.5	38.9	24.3	-999.9	0.4	2.1	96556.1	-999.9
Koutiala	1981	4	8	98	27.4	39.8	23.3	-999.9	0.4	2.3	96522.4	-999.9
Koutiala	1981	4	9	99	27.6	39.7	24.3	-999.9	0.4	2.1	96565.5	-999.9
Koutiala	1981	4	10	100	27.8	39.4	22.7	-999.9	0.4	1.8	96549.0	-999.9
Koutiala	1981	4	11	101	25.1	40.6	25.7	-999.9	0.0	2.0	96439.5	-999.9
Koutiala	1981	4	12	102	25.9	39.0	24.3	-999.9	0.0	2.0	96516.7	-999.9
Koutiala	1981	4	13	103	25.8	39.7	25.7	-999.9	0.0	1.8	96548.7	-999.9
Koutiala	1981	4	14	104	27.2	39.4	22.1	-999.9	0.0	1.6	96548.9	-999.9
Koutiala	1981	4	15	105	26.6	38.6	22.9	-999.9	0.0	2.1	96583.8	-999.9
Koutiala	1981	4	16	106	28.7	38.7	22.5	-999.9	0.0	2.6	96531.5	-999.9
Koutiala	1981	4	17	107	27.5	38.0	23.3	-999.9	0.0	3.5	96390.5	-999.9
Koutiala	1981	4	18	108	28.4	39.7	23.4	-999.9	0.0	2.7	96478.2	-999.9
Koutiala	1981	4	19	109	27.3	37.9	23.1	-999.9	0.0	1.7	96722.9	-999.9
Koutiala	1981	4	20	110	24.8	37.7	22.6	-999.9	0.0	1.5	96841.9	-999.9
Koutiala	1981	4	21	111	28.5	39.6	23.4	-999.9	4.2	2.4	96642.9	-999.9
Koutiala	1981	4	22	112	26.3	38.6	24.6	-999.9	8.4	1.9	96518.7	-999.9
Koutiala	1981	4	23	113	27.1	38.0	24.1	-999.9	0.0	1.9	96544.1	-999.9
Koutiala	1981	4	24	114	24.7	31.8	18.1	-999.9	4.2	1.4	96838.2	-999.9
Koutiala	1981	4	25	115	24.3	35.8	23.8	-999.9	0.0	1.8	96782.5	-999.9
Koutiala	1981	4	26	116	24.8	38.6	24.4	-999.9	0.0	1.6	96537.1	-999.9
Koutiala	1981	4	27	117	24.0	40.0	25.7	-999.9	0.0	2.1	96344.2	-999.9
Koutiala	1981	4	28	118	26.9	38.9	24.0	-999.9	0.0	2.9	96406.3	-999.9
Koutiala	1981	4	29	119	25.9	35.0	18.4	-999.9	3.0	2.0	96638.4	-999.9
Koutiala	1981	4	30	120	24.3	32.1	20.9	-999.9	3.0	1.8	96655.6	-999.9
Koutiala	1981	5	1	121	23.9	30.2	17.1	-999.9	8.1	1.9	96628.7	-999.9
Koutiala	1981	5	2	122	23.5	30.8	16.6	-999.9	0.0	1.4	96745.6	-999.9
Koutiala	1981	5	3	123	23.4	31.2	19.6	-999.9	10.6	1.8	96913.3	-999.9
Koutiala	1981	5	4	124	22.8	32.6	20.1	-999.9	0.0	1.5	96845.3	-999.9
Koutiala	1981	5	5	125	24.1	33.3	23.5	-999.9	0.0	2.1	96734.3	-999.9
Koutiala	1981	5	6	126	24.5	32.4	17.7	-999.9	0.0	2.2	96782.8	-999.9
Koutiala	1981	5	7	127	24.4	34.7	24.8	-999.9	1.9	2.1	96692.2	-999.9
Koutiala	1981	5	8	128	24.4	34.5	23.6	-999.9	1.9	2.9	96596.7	-999.9
Koutiala	1981	5	9	129	25.1	36.2	23.8	-999.9	3.7	2.7	96527.9	-999.9
Koutiala	1981	5	10	130	25.2	35.2	24.0	-999.9	0.0	2.2	96627.1	-999.9
Koutiala	1981	5	11	131	24.7	30.4	17.1	-999.9	0.0	2.1	96901.8	-999.9
Koutiala	1981	5	12	132	23.6	32.8	19.9	-999.9	0.0	2.0	96887.1	-999.9
Koutiala	1981	5	13	133	25.5	35.3	22.2	-999.9	4.0	2.3	96732.6	-999.9
Koutiala	1981	5	14	134	25.6	35.4	24.2	-999.9	0.0	2.4	96781.4	-999.9
Koutiala	1981	5	15	135	26.0	37.1	23.5	-999.9	0.0	2.5	96833.0	-999.9
Koutiala	1981	5	16	136	25.9	35.2	23.0	-999.9	0.0	2.1	96866.2	-999.9
Koutiala	1981	5	17	137	26.1	37.5	25.1	-999.9	0.0	2.2	96699.7	-999.9
Koutiala	1981	5	18	138	26.9	36.7	23.2	-999.9	0.0	2.9	96757.3	-999.9
Koutiala	1981	5	19	139	26.1	36.1	21.7	-999.9	5.0	2.2	96912.0	-999.9
Koutiala	1981	5	20	140	25.4	36.0	22.7	-999.9	2.5	2.1	96919.7	-999.9
Koutiala	1981	5	21	141	26.0	37.0	21.9	-999.9	0.0	2.4	96771.8	-999.9
Koutiala	1981	5	22	142	26.1	37.1	22.4	-999.9	0.0	2.5	96837.2	-999.9
Koutiala	1981	5	23	143	25.7	37.1	24.3	-999.9	3.1	2.4	96886.4	-999.9
Koutiala	1981	5	24	144	26.0	35.7	21.9	-999.9	0.0	1.7	96879.9	-999.9
Koutiala	1981	5	25	145	25.9	35.9	20.5	-999.9	3.1	2.4	96800.7	-999.9
Koutiala	1981	5	26	146	26.0	33.3	21.8	-999.9	5.2	3.1	96793.7	-999.9
Koutiala	1981	5	27	147	24.9	33.3	19.0	-999.9	0.0	2.8	96893.3	-999.9
Koutiala	1981	5	28	148	25.7	32.4	20.3	-999.9	5.2	2.3	96960.3	-999.9
Koutiala	1981	5	29	149	25.0	36.5	24.4	-999.9	0.0	2.3	96851.5	-999.9
Koutiala	1981	5	30	150	26.2	33.5	21.4	-999.9	5.9	1.8	96850.8	-999.9
Koutiala	1981	5	31	151	23.9	32.3	17.7	-999.9	2.6	1.9	96918.4	-999.9
Koutiala	1981	6	1	152	25.1	33.9	23.9	-999.9	2.9	2.1	96951.2	-999.9
Koutiala	1981	6	2	153	24.9	36.2	23.8	-999.9	0.0	2.1	96952.8	-999.9
Koutiala	1981	6	3	154	25.2	35.2	23.2	-999.9	1.9	2.1	96973.4	-999.9
Koutiala	1981	6	4	155	26.0	36.6	22.6	-999.9	0.0	2.5	96960.1	-999.9
Koutiala	1981	6	5	156	25.6	37.0	23.8	-999.9	0.0	1.8	96933.3	-999.9
Koutiala	1981	6	6	157	25.9	38.3	23.4	-999.9	0.0	2.0	96841.2	-999.9
Koutiala	1981	6	7	158	26.6	38.4	23.4	-999.9	0.0	2.7	96825.3	-999.9
Koutiala	1981	6	8	159	25.5	37.7	23.9	-999.9	0.0	2.7	96888.5	-999.9
Koutiala	1981	6	9	160	26.9	37.1	23.7	-999.9	0.0	2.2	96906.0	-999.9
Koutiala	1981	6	10	161	25.8	35.9	21.1	-999.9	6.3	2.5	96879.0	-999.9
Koutiala	1981	6	11	162	24.0	33.0	21.1	-999.9	0.0	2.5	97052.0	-999.9
Koutiala	1981	6	12	163	24.1	34.1	21.2	-999.9	0.0	2.3	97176.4	-999.9
Koutiala	1981	6	13	164	24.2	35.2	24.2	-999.9	0.0	1.7	97081.7	-999.9
Koutiala	1981	6	14	165	24.6	35.1	21.8	-999.9	0.0	1.9	96983.0	-999.9
Koutiala	1981	6	15	166	23.5	34.2	23.2	-999.9	0.0	3.1	96877.2	-999.9
Koutiala	1981	6	16	167	25.5	35.2	23.7	-999.9	0.0	3.1	96844.1	-999.9
Koutiala	1981	6	17	168	25.3	31.5	18.1	-999.9	6.7	3.1	96895.7	-999.9
Koutiala	1981	6	18	169	23.7	32.6	21.8	-999.9	0.0	2.7	96954.0	-999.9
Koutiala	1981	6	19	170	24.6	31.9	20.0	-999.9	10.0	1.8	96991.5	-999.9
Koutiala	1981	6	20	171	23.3	33.4	22.3	-999.9	0.0	2.3	97014.0	-999.9
Koutiala	1981	6	21	172	24.5	33.4	22.8	-999.9	0.0	2.2	96975.7	-999.9
Koutiala	1981	6	22	173	24.4	34.4	23.4	-999.9	0.0	1.9	96955.1	-999.9
Koutiala	1981	6	23	174	23.6	32.8	22.7	-999.9	0.0	1.7	96935.2	-999.9
Koutiala	1981	6	24	175	22.8	29.3	14.5	-999.9	24.9	2.4	97042.3	-999.9
Koutiala	1981	6	25	176	23.0	31.6	21.2	-999.9	7.3	2.1	97105.8	-999.9
Koutiala	1981	6	26	177	23.7	31.5	22.2	-999.9	0.0	1.6	97043.6	-999.9
Koutiala	1981	6	27	178	23.6	32.0	21.5	-999.9	0.0	2.2	96850.1	-999.9
Koutiala	1981	6	28	179	23.0	30.9	20.5	-999.9	0.0	1.9	96913.1	-999.9
Koutiala	1981	6	29	180	23.1	31.5	20.7	-999.9	9.1	1.8	96965.7	-999.9
Koutiala	1981	6	30	181	23.0	27.9	14.5	-999.9	0.0	2.3	96908.0	-999.9
Koutiala	1981	7	1	182	22.9	31.8	22.4	-999.9	0.0	2.1	96821.0	-999.9
Koutiala	1981	7	2	183	23.6	31.3	19.9	-999.9	23.0	2.0	96880.9	-999.9
Koutiala	1981	7	3	184	23.3	31.6	22.9	-999.9	7.7	1.8	97014.2	-999.9
Koutiala	1981	7	4	185	24.1	32.3	22.1	-999.9	0.0	2.1	96929.3	-999.9
Koutiala	1981	7	5	186	23.4	28.3	13.6	-999.9	7.7	2.3	96894.2	-999.9
Koutiala	1981	7	6	187	23.1	29.2	17.5	-999.9	0.0	2.2	97010.2	-999.9
Koutiala	1981	7	7	188	22.0	29.6	17.6	-999.9	0.0	1.9	97129.8	-999.9
Koutiala	1981	7	8	189	22.7	27.8	14.2	-999.9	0.0	1.7	97096.2	-999.9
Koutiala	1981	7	9	190	22.4	30.5	22.3	-999.9	0.0	1.9	97053.4	-999.9
Koutiala	1981	7	10	191	23.4	30.6	20.2	-999.9	15.5	2.8	97039.1	-999.9
Koutiala	1981	7	11	192	23.0	29.3	18.0	-999.9	18.1	2.1	96922.2	-999.9
Koutiala	1981	7	12	193	22.0	29.7	18.3	-999.9	0.0	2.0	96945.5	-999.9
Koutiala	1981	7	13	194	22.4	31.5	23.1	-999.9	0.0	1.9	96981.0	-999.9
Koutiala	1981	7	14	195	22.7	28.9	15.2	-999.9	36.1	2.1	96945.5	-999.9
Koutiala	1981	7	15	196	22.0	30.9	22.9	-999.9	0.0	1.8	96914.4	-999.9
Koutiala	1981	7	16	197	22.5	31.6	23.0	-999.9	0.0	2.2	96857.3	-999.9
Koutiala	1981	7	17	198	23.6	31.2	18.9	-999.9	0.0	2.9	96850.0	-999.9
Koutiala	1981	7	18	199	22.5	27.4	11.7	-999.9	19.4	1.6	96917.6	-999.9
Koutiala	1981	7	19	200	22.1	29.0	19.1	-999.9	0.0	1.9	97023.5	-999.9
Koutiala	1981	7	20	201	22.7	30.3	22.4	-999.9	9.7	2.3	96908.4	-999.9
Koutiala	1981	7	21	202	23.2	27.1	13.7	-999.9	4.4	2.4	96841.9	-999.9
Koutiala	1981	7	22	203	22.3	28.6	18.3	-999.9	0.0	2.4	96922.0	-999.9
Koutiala	1981	7	23	204	22.3	28.2	17.2	-999.9	10.0	2.2	97021.4	-999.9
Koutiala	1981	7	24	205	22.0	26.6	13.7	-999.9	0.0	2.1	97123.2	-999.9
Koutiala	1981	7	25	206	21.6	28.5	16.0	-999.9	4.4	2.4	97134.6	-999.9
Koutiala	1981	7	26	207	21.7	27.2	16.2	-999.9	0.0	2.1	97172.6	-999.9
Koutiala	1981	7	27	208	21.6	28.8	20.2	-999.9	0.0	2.1	97104.8	-999.9
Koutiala	1981	7	28	209	22.0	28.9	19.1	-999.9	8.4	2.3	96982.3	-999.9
Koutiala	1981	7	29	210	22.0	26.8	15.1	-999.9	16.8	2.2	97027.0	-999.9
Koutiala	1981	7	30	211	22.2	28.0	17.0	-999.9	16.8	2.1	97197.3	-999.9
Koutiala	1981	7	31	212	21.4	28.0	16.3	-999.9	0.0	2.2	97179.0	-999.9
Koutiala	1981	8	1	213	21.9	28.1	17.7	-999.9	35.4	1.9	97054.3	-999.9
Koutiala	1981	8	2	214	21.2	27.2	13.4	-999.9	7.1	1.2	96979.7	-999.9
Koutiala	1981	8	3	215	21.3	29.6	20.8	-999.9	0.0	1.2	97076.9	-999.9
Koutiala	1981	8	4	216	22.3	29.5	20.3	-999.9	0.0	1.5	97103.5	-999.9
Koutiala	1981	8	5	217	22.6	29.5	20.0	-999.9	3.5	1.6	97056.6	-999.9
Koutiala	1981	8	6	218	22.4	27.6	13.7	-999.9	15.6	1.6	96996.3	-999.9
Koutiala	1981	8	7	219	21.6	28.9	21.8	-999.9	18.3	1.7	97013.2	-999.9
Koutiala	1981	8	8	220	22.3	30.2	22.5	-999.9	0.0	1.7	97042.2	-999.9
Koutiala	1981	8	9	221	22.8	30.8	21.9	-999.9	0.0	0.9	97027.0	-999.9
Koutiala	1981	8	10	222	22.6	30.4	20.8	-999.9	1.4	1.3	97080.6	-999.9
Koutiala	1981	8	11	223	23.9	29.4	16.6	-999.9	1.8	1.5	97055.9	-999.9
Koutiala	1981	8	12	224	23.2	30.6	21.1	-999.9	0.0	1.7	96923.9	-999.9
Koutiala	1981	8	13	225	23.1	28.6	15.5	-999.9	0.9	1.8	96883.5	-999.9
Koutiala	1981	8	14	226	22.5	29.3	19.7	-999.9	0.9	2.0	96994.5	-999.9
Koutiala	1981	8	15	227	22.8	28.9	17.9	-999.9	2.1	1.4	97059.4	-999.9
Koutiala	1981	8	16	228	22.3	30.4	23.0	-999.9	0.0	1.7	96961.9	-999.9
Koutiala	1981	8	17	229	22.9	29.8	17.7	-999.9	0.0	2.0	96805.2	-999.9
Koutiala	1981	8	18	230	22.0	29.5	21.0	-999.9	12.0	2.2	96918.4	-999.9
Koutiala	1981	8	19	231	22.2	29.1	19.7	-999.9	0.0	1.6	97080.1	-999.9
Koutiala	1981	8	20	232	21.8	25.7	12.5	-999.9	0.0	1.5	97085.7	-999.9
Koutiala	1981	8	21	233	21.6	28.7	19.3	-999.9	0.0	1.8	97080.7	-999.9
Koutiala	1981	8	22	234	21.8	27.7	16.7	-999.9	14.0	1.2	97211.4	-999.9
Koutiala	1981	8	23	235	20.9	29.6	22.4	-999.9	0.0	1.0	97165.0	-999.9
Koutiala	1981	8	24	236	22.5	30.5	23.2	-999.9	8.0	1.6	96912.5	-999.9
Koutiala	1981	8	25	237	22.4	29.1	17.4	-999.9	7.0	2.4	96829.7	-999.9
Koutiala	1981	8	26	238	22.0	28.1	17.6	-999.9	0.0	2.2	97076.1	-999.9
Koutiala	1981	8	27	239	21.4	29.0	20.9	-999.9	27.3	1.8	97128.5	-999.9
Koutiala	1981	8	28	240	22.6	28.0	16.1	-999.9	27.3	2.0	96954.0	-999.9
Koutiala	1981	8	29	241	21.7	26.0	10.1	-999.9	0.0	1.9	96901.0	-999.9
Koutiala	1981	8	30	242	21.6	26.7	11.2	-999.9	0.0	1.9	96964.0	-999.9
Koutiala	1981	8	31	243	21.1	28.5	19.3	-999.9	0.0	1.5	96989.8	-999.9
Koutiala	1981	9	1	244	20.6	30.5	23.3	-999.9	11.5	1.2	96945.6	-999.9
Koutiala	1981	9	2	245	22.4	29.4	20.1	-999.9	0.0	1.9	96908.2	-999.9
Koutiala	1981	9	3	246	23.2	30.0	20.3	-999.9	0.0	2.0	96806.6	-999.9
Koutiala	1981	9	4	247	21.6	28.6	16.1	-999.9	13.2	1.9	96813.7	-999.9
Koutiala	1981	9	5	248	21.4	26.7	13.0	-999.9	0.0	1.3	97049.1	-999.9
Koutiala	1981	9	6	249	21.3	26.7	13.6	-999.9	18.5	1.2	97091.1	-999.9
Koutiala	1981	9	7	250	21.0	28.3	21.8	-999.9	9.2	1.7	97027.9	-999.9
Koutiala	1981	9	8	251	20.8	29.7	22.9	-999.9	9.2	1.7	96990.2	-999.9
Koutiala	1981	9	9	252	21.6	28.4	17.9	-999.9	0.0	1.5	97039.4	-999.9
Koutiala	1981	9	10	253	21.4	27.7	17.7	-999.9	0.0	1.7	97106.0	-999.9
Koutiala	1981	9	11	254	21.9	28.3	19.5	-999.9	0.0	1.4	97163.1	-999.9
Koutiala	1981	9	12	255	21.7	29.5	21.8	-999.9	0.0	1.4	97005.0	-999.9
Koutiala	1981	9	13	256	22.3	30.0	21.4	-999.9	16.6	1.7	96930.9	-999.9
Koutiala	1981	9	14	257	22.1	29.3	20.9	-999.9	8.3	1.8	97014.9	-999.9
Koutiala	1981	9	15	258	21.8	27.5	14.8	-999.9	0.0	1.3	97069.2	-999.9
Koutiala	1981	9	16	259	21.2	29.6	22.5	-999.9	0.2	1.3	97136.2	-999.9
Koutiala	1981	9	17	260	21.5	28.8	19.9	-999.9	0.9	1.1	97166.5	-999.9
Koutiala	1981	9	18	261	21.3	29.8	20.6	-999.9	0.1	1.5	97130.1	-999.9
Koutiala	1981	9	19	262	21.8	29.1	20.8	-999.9	0.0	1.8	97033.4	-999.9
Koutiala	1981	9	20	263	22.7	30.1	22.3	-999.9	0.0	1.6	96952.1	-999.9
Koutiala	1981	9	21	264	22.8	28.9	19.6	-999.9	0.0	1.5	97000.0	-999.9
Koutiala	1981	9	22	265	22.3	29.7	21.6	-999.9	0.0	1.5	97149.8	-999.9
Koutiala	1981	9	23	266	22.2	30.4	22.6	-999.9	7.6	1.6	97227.5	-999.9
Koutiala	1981	9	24	267	22.0	30.8	20.9	-999.9	7.6	1.7	97048.8	-999.9
Koutiala	1981	9	25	268	24.0	29.9	20.0	-999.9	7.6	1.8	96925.2	-999.9
Koutiala	1981	9	26	269	22.5	29.7	19.4	-999.9	3.9	1.7	97018.3	-999.9
Koutiala	1981	9	27	270	22.8	29.0	17.6	-999.9	9.0	1.5	97049.0	-999.9
Koutiala	1981	9	28	271	22.3	29.3	19.6	-999.9	0.0	2.0	96947.1	-999.9
Koutiala	1981	9	29	272	22.7	29.9	21.6	-999.9	0.0	1.6	96920.7	-999.9
Koutiala	1981	9	30	273	22.1	30.2	22.4	-999.9	3.9	1.3	96903.0	-999.9
Koutiala	1981	10	1	274	23.2	29.8	18.8	-999.9	3.5	1.6	96934.5	-999.9
Koutiala	1981	10	2	275	22.0	31.2	23.3	-999.9	0.0	1.2	96878.3	-999.9
Koutiala	1981	10	3	276	22.7	30.4	21.2	-999.9	0.0	1.6	96788.7	-999.9
Koutiala	1981	10	4	277	23.1	30.7	20.4	-999.9	0.0	1.4	96790.7	-999.9
Koutiala	1981	10	5	278	21.5	30.7	20.6	-999.9	3.5	1.3	96797.9	-999.9
Koutiala	1981	10	6	279	23.4	30.9	22.9	-999.9	0.0	1.7	96862.9	-999.9
Koutiala	1981	10	7	280	22.8	31.8	23.2	-999.9	0.0	1.4	96780.2	-999.9
Koutiala	1981	10	8	281	23.8	31.8	22.5	-999.9	14.6	1.6	96770.1	-999.9
Koutiala	1981	10	9	282	23.3	30.3	21.5	-999.9	0.0	1.7	96907.9	-999.9
Koutiala	1981	10	10	283	22.7	29.7	19.9	-999.9	0.0	1.2	96938.9	-999.9
Koutiala	1981	10	11	284	22.1	30.6	21.3	-999.9	0.0	1.6	96845.3	-999.9
Koutiala	1981	10	12	285	22.9	30.7	22.0	-999.9	0.0	1.6	96773.5	-999.9
Koutiala	1981	10	13	286	23.5	29.9	18.5	-999.9	0.0	1.4	96898.2	-999.9
Koutiala	1981	10	14	287	22.9	29.4	15.3	-999.9	0.0	1.5	97044.2	-999.9
Koutiala	1981	10	15	288	22.2	29.6	19.8	-999.9	0.0	1.3	97027.7	-999.9
Koutiala	1981	10	16	289	22.3	30.8	20.5	-999.9	0.0	1.6	96921.7	-999.9
Koutiala	1981	10	17	290	22.8	31.8	21.3	-999.9	0.0	1.5	96859.7	-999.9
Koutiala	1981	10	18	291	22.6	31.7	22.0	-999.9	0.0	1.1	96955.6	-999.9
Koutiala	1981	10	19	292	22.9	32.6	20.9	-999.9	0.0	1.5	96905.8	-999.9
Koutiala	1981	10	20	293	22.4	31.9	21.5	-999.9	0.0	2.1	96800.8	-999.9
Koutiala	1981	10	21	294	23.4	30.2	19.3	-999.9	2.5	2.1	96890.6	-999.9
Koutiala	1981	10	22	295	22.9	29.9	19.2	-999.9	3.4	1.2	97016.6	-999.9
Koutiala	1981	10	23	296	22.5	31.9	21.1	-999.9	0.0	1.3	97035.2	-999.9
Koutiala	1981	10	24	297	23.0	32.4	20.0	-999.9	0.0	1.4	96947.3	-999.9
Koutiala	1981	10	25	298	21.1	35.0	22.8	-999.9	0.0	1.5	96822.1	-999.9
Koutiala	1981	10	26	299	21.9	33.7	21.4	-999.9	0.0	1.8	96825.0	-999.9
Koutiala	1981	10	27	300	22.9	32.7	20.2	-999.9	5.9	1.6	96814.0	-999.9
Koutiala	1981	10	28	301	22.8	33.2	20.8	-999.9	0.0	1.2	96933.9	-999.9
Koutiala	1981	10	29	302	22.1	34.3	19.6	-999.9	0.0	1.6	96917.0	-999.9
Koutiala	1981	10	30	303	20.4	34.1	20.9	-999.9	0.0	1.7	96791.3	-999.9
Koutiala	1981	10	31	304	21.3	33.4	20.8	-999.9	0.0	1.5	96804.3	-999.9
Koutiala	1981	11	1	305	21.1	35.0	22.4	-999.9	0.0	1.9	96810.3	-999.9
Koutiala	1981	11	2	306	21.1	34.8	21.6	-999.9	0.0	1.8	96877.8	-999.9
Koutiala	1981	11	3	307	20.7	34.8	22.3	-999.9	0.0	2.1	96937.3	-999.9
Koutiala	1981	11	4	308	21.1	34.8	21.8	-999.9	0.0	2.2	96904.5	-999.9
Koutiala	1981	11	5	309	20.5	33.6	20.9	-999.9	1.9	1.6	96869.9	-999.9
Koutiala	1981	11	6	310	19.9	33.9	21.9	-999.9	0.0	2.4	96960.7	-999.9
Koutiala	1981	11	7	311	20.3	33.7	22.5	-999.9	0.0	2.5	97022.7	-999.9
Koutiala	1981	11	8	312	19.2	33.6	22.2	-999.9	0.0	2.5	96999.1	-999.9
Koutiala	1981	11	9	313	21.6	32.8	21.5	-999.9	0.0	2.5	96987.0	-999.9
Koutiala	1981	11	10	314	22.6	33.3	21.6	-999.9	0.0	2.3	96975.6	-999.9
Koutiala	1981	11	11	315	21.6	33.8	21.7	-999.9	0.0	2.4	96901.4	-999.9
Koutiala	1981	11	12	316	20.9	34.5	21.8	-999.9	0.0	2.1	96849.1	-999.9
Koutiala	1981	11	13	317	20.6	34.3	21.9	-999.9	0.0	2.5	96875.5	-999.9
Koutiala	1981	11	14	318	20.0	33.1	22.0	-999.9	0.0	2.2	96938.4	-999.9
Koutiala	1981	11	15	319	19.3	33.1	21.7	-999.9	0.0	2.2	96886.9	-999.9
Koutiala	1981	11	16	320	20.5	33.6	20.7	-999.9	0.0	1.9	96953.3	-999.9
Koutiala	1981	11	17	321	20.7	33.7	21.5	-999.9	0.0	2.4	96884.9	-999.9
Koutiala	1981	11	18	322	20.4	33.3	21.6	-999.9	0.0	2.3	96755.3	-999.9
Koutiala	1981	11	19	323	18.4	33.1	21.8	-999.9	0.0	1.9	96729.8	-999.9
Koutiala	1981	11	20	324	18.4	33.1	21.4	-999.9	0.0	2.2	96843.6	-999.9
Koutiala	1981	11	21	325	21.2	33.3	21.3	-999.9	0.0	2.5	96987.6	-999.9
Koutiala	1981	11	22	326	20.0	31.9	21.3	-999.9	0.0	2.6	97009.8	-999.9
Koutiala	1981	11	23	327	18.7	30.5	21.6	-999.9	0.0	2.7	97020.5	-999.9
Koutiala	1981	11	24	328	17.1	30.0	21.6	-999.9	0.0	2.4	97034.5	-999.9
Koutiala	1981	11	25	329	17.2	30.3	21.5	-999.9	0.0	2.2	97034.6	-999.9
Koutiala	1981	11	26	330	17.3	30.7	21.2	-999.9	0.0	2.0	97007.1	-999.9
Koutiala	1981	11	27	331	18.3	31.4	21.0	-999.9	0.0	2.3	97052.5	-999.9
Koutiala	1981	11	28	332	18.6	31.7	20.4	-999.9	0.0	2.3	97019.6	-999.9
Koutiala	1981	11	29	333	17.7	31.9	20.8	-999.9	0.0	2.0	96859.2	-999.9
Koutiala	1981	11	30	334	19.0	32.6	20.6	-999.9	0.0	2.2	96794.0	-999.9
Koutiala	1981	12	1	335	20.3	32.8	20.5	-999.9	0.1	2.6	96829.9	-999.9
Koutiala	1981	12	2	336	18.7	33.2	20.7	-999.9	0.1	2.6	97037.6	-999.9
Koutiala	1981	12	3	337	19.4	32.0	20.3	-999.9	0.1	2.7	97107.0	-999.9
Koutiala	1981	12	4	338	17.4	31.9	20.9	-999.9	0.1	2.8	97096.7	-999.9
Koutiala	1981	12	5	339	17.6	31.6	21.1	-999.9	0.1	2.8	97091.3	-999.9
Koutiala	1981	12	6	340	17.0	30.5	20.2	-999.9	0.0	2.3	97091.6	-999.9
Koutiala	1981	12	7	341	15.9	30.8	20.9	-999.9	0.0	2.1	97084.9	-999.9
Koutiala	1981	12	8	342	16.8	31.5	20.6	-999.9	0.0	2.4	97164.9	-999.9
Koutiala	1981	12	9	343	17.7	32.4	20.3	-999.9	0.0	2.4	97182.6	-999.9
Koutiala	1981	12	10	344	19.5	32.0	19.9	-999.9	0.0	2.8	97096.9	-999.9
Koutiala	1981	12	11	345	18.8	33.2	20.4	-999.9	0.0	2.5	97010.2	-999.9
Koutiala	1981	12	12	346	18.4	33.0	20.4	-999.9	0.0	2.5	96946.9	-999.9
Koutiala	1981	12	13	347	18.9	32.7	20.2	-999.9	0.0	2.7	97006.2	-999.9
Koutiala	1981	12	14	348	18.4	31.5	20.5	-999.9	0.0	2.7	97101.8	-999.9
Koutiala	1981	12	15	349	17.6	31.8	20.7	-999.9	0.0	2.7	97043.7	-999.9
Koutiala	1981	12	16	350	16.9	31.5	20.3	-999.9	0.0	2.3	96932.5	-999.9
Koutiala	1981	12	17	351	17.3	31.5	18.0	-999.9	0.0	2.0	96916.0	-999.9
Koutiala	1981	12	18	352	17.1	32.7	20.5	-999.9	0.3	1.9	96950.4	-999.9
Koutiala	1981	12	19	353	15.4	32.7	20.6	-999.9	0.0	1.9	96936.0	-999.9
Koutiala	1981	12	20	354	16.2	32.5	20.5	-999.9	0.0	2.1	96896.4	-999.9
Koutiala	1981	12	21	355	17.3	32.5	20.4	-999.9	0.0	2.4	96838.8	-999.9
Koutiala	1981	12	22	356	16.6	31.6	20.0	-999.9	0.2	2.3	96881.3	-999.9
Koutiala	1981	12	23	357	15.9	31.4	20.7	-999.9	0.0	2.2	96945.2	-999.9
Koutiala	1981	12	24	358	15.9	31.9	20.7	-999.9	0.0	2.3	96917.9	-999.9
Koutiala	1981	12	25	359	16.6	32.5	20.6	-999.9	0.0	2.0	96920.0	-999.9
Koutiala	1981	12	26	360	16.2	33.1	20.6	-999.9	0.0	2.1	96904.3	-999.9
Koutiala	1981	12	27	361	16.7	33.0	20.5	-999.9	0.0	1.9	96863.5	-999.9
Koutiala	1981	12	28	362	16.0	33.3	20.6	-999.9	0.0	2.0	96803.3	-999.9
Koutiala	1981	12	29	363	16.3	34.1	20.6	-999.9	0.0	1.8	96764.9	-999.9
Koutiala	1981	12	30	364	17.6	34.4	20.5	-999.9	0.0	2.0	96803.7	-999.9
Koutiala	1981	12	31	365	18.9	34.7	20.7	-999.9	0.0	2.2	96787.9	-999.9
