Koutiala	2020	1	1	1	16.6	30.4	20.8	-999.9	0.0	2.9	97107.7	-999.9
Koutiala	2020	1	2	2	16.0	29.1	20.8	-999.9	0.0	3.0	97208.3	-999.9
Koutiala	2020	1	3	3	14.7	27.4	20.9	-999.9	0.0	2.9	97325.2	-999.9
Koutiala	2020	1	4	4	13.9	27.5	21.0	-999.9	0.0	2.4	97276.1	-999.9
Koutiala	2020	1	5	5	14.0	28.7	20.9	-999.9	0.0	2.1	97116.5	-999.9
Koutiala	2020	1	6	6	14.2	29.2	21.0	-999.9	0.0	2.1	96994.5	-999.9
Koutiala	2020	1	7	7	14.5	30.3	20.6	-999.9	0.0	2.1	96906.2	-999.9
Koutiala	2020	1	8	8	16.1	32.4	20.5	-999.9	0.0	1.6	96963.1	-999.9
Koutiala	2020	1	9	9	19.1	33.2	20.2	-999.9	0.0	2.3	97005.6	-999.9
Koutiala	2020	1	10	10	20.0	33.0	20.4	-999.9	0.0	2.9	97084.9	-999.9
Koutiala	2020	1	11	11	18.8	32.7	20.6	-999.9	0.0	2.6	97127.8	-999.9
Koutiala	2020	1	12	12	18.9	33.1	20.5	-999.9	0.0	2.9	97076.0	-999.9
Koutiala	2020	1	13	13	17.8	30.7	20.7	-999.9	0.0	3.2	97030.1	-999.9
Koutiala	2020	1	14	14	16.2	30.2	20.9	-999.9	0.0	2.7	96980.4	-999.9
Koutiala	2020	1	15	15	16.3	31.5	20.6	-999.9	0.0	2.2	96989.5	-999.9
Koutiala	2020	1	16	16	17.0	32.8	21.0	-999.9	0.0	2.2	97073.3	-999.9
Koutiala	2020	1	17	17	18.1	33.4	21.1	-999.9	0.0	2.6	97110.3	-999.9
Koutiala	2020	1	18	18	18.5	31.9	21.1	-999.9	0.0	2.8	97170.1	-999.9
Koutiala	2020	1	19	19	17.3	31.7	20.7	-999.9	0.0	2.2	97011.6	-999.9
Koutiala	2020	1	20	20	16.9	33.8	21.2	-999.9	0.0	1.5	96779.8	-999.9
Koutiala	2020	1	21	21	20.1	35.2	20.5	-999.9	0.0	1.9	96816.5	-999.9
Koutiala	2020	1	22	22	21.1	36.1	20.8	-999.9	0.0	2.3	96897.4	-999.9
Koutiala	2020	1	23	23	24.3	34.6	16.7	-999.9	0.6	3.1	96942.9	-999.9
Koutiala	2020	1	24	24	21.6	34.1	21.3	-999.9	0.0	3.3	97060.4	-999.9
Koutiala	2020	1	25	25	19.4	35.1	21.9	-999.9	0.0	2.7	97034.8	-999.9
Koutiala	2020	1	26	26	19.2	34.9	21.8	-999.9	0.0	2.4	97039.8	-999.9
Koutiala	2020	1	27	27	19.8	33.9	20.9	-999.9	0.0	2.8	96995.0	-999.9
Koutiala	2020	1	28	28	19.2	33.5	21.6	-999.9	0.0	2.3	97028.2	-999.9
Koutiala	2020	1	29	29	18.2	34.3	22.2	-999.9	0.0	2.6	97035.3	-999.9
Koutiala	2020	1	30	30	18.4	35.4	22.1	-999.9	0.0	2.7	97112.2	-999.9
Koutiala	2020	1	31	31	20.0	35.8	22.0	-999.9	0.0	2.8	97089.1	-999.9
Koutiala	2020	2	1	32	20.7	35.5	22.1	-999.9	0.0	2.8	97062.3	-999.9
Koutiala	2020	2	2	33	19.6	34.4	22.3	-999.9	0.0	2.8	97142.1	-999.9
Koutiala	2020	2	3	34	19.3	33.1	22.5	-999.9	0.0	2.5	97180.5	-999.9
Koutiala	2020	2	4	35	18.6	33.0	22.6	-999.9	0.0	2.6	97157.7	-999.9
Koutiala	2020	2	5	36	18.6	33.1	22.6	-999.9	0.0	2.7	97049.8	-999.9
Koutiala	2020	2	6	37	18.8	33.2	22.6	-999.9	0.0	2.7	97038.7	-999.9
Koutiala	2020	2	7	38	18.5	32.9	22.8	-999.9	0.0	2.6	97107.6	-999.9
Koutiala	2020	2	8	39	17.0	33.0	23.0	-999.9	0.0	2.5	97072.7	-999.9
Koutiala	2020	2	9	40	18.2	33.7	22.6	-999.9	0.0	2.3	97027.1	-999.9
Koutiala	2020	2	10	41	22.6	35.0	20.7	-999.9	0.0	3.0	97056.0	-999.9
Koutiala	2020	2	11	42	24.1	33.3	21.2	-999.9	0.0	4.0	97223.6	-999.9
Koutiala	2020	2	12	43	20.5	34.0	22.3	-999.9	0.0	3.0	97119.9	-999.9
Koutiala	2020	2	13	44	20.8	33.4	20.8	-999.9	0.0	2.9	97023.7	-999.9
Koutiala	2020	2	14	45	19.0	33.9	23.0	-999.9	0.0	2.7	96931.3	-999.9
Koutiala	2020	2	15	46	18.2	35.1	23.0	-999.9	0.0	2.4	96865.1	-999.9
Koutiala	2020	2	16	47	18.9	35.6	23.2	-999.9	0.0	2.5	96884.6	-999.9
Koutiala	2020	2	17	48	18.9	36.1	23.4	-999.9	0.0	2.4	96865.9	-999.9
Koutiala	2020	2	18	49	20.7	36.4	23.1	-999.9	0.0	2.3	96849.4	-999.9
Koutiala	2020	2	19	50	20.3	37.1	23.3	-999.9	0.0	2.2	96710.0	-999.9
Koutiala	2020	2	20	51	21.0	37.0	23.2	-999.9	0.0	2.2	96617.1	-999.9
Koutiala	2020	2	21	52	22.3	37.4	22.6	-999.9	0.0	2.6	96650.3	-999.9
Koutiala	2020	2	22	53	22.9	37.5	23.2	-999.9	0.0	2.8	96763.1	-999.9
Koutiala	2020	2	23	54	23.5	37.5	20.4	-999.9	0.0	2.9	96861.5	-999.9
Koutiala	2020	2	24	55	24.2	37.5	23.3	-999.9	0.0	3.5	96891.3	-999.9
Koutiala	2020	2	25	56	24.2	36.0	23.4	-999.9	0.0	3.4	96876.2	-999.9
Koutiala	2020	2	26	57	21.8	36.1	23.5	-999.9	0.0	2.5	96775.0	-999.9
Koutiala	2020	2	27	58	21.4	36.0	23.6	-999.9	0.0	2.4	96812.6	-999.9
Koutiala	2020	2	28	59	21.6	36.3	23.9	-999.9	0.0	2.5	96874.3	-999.9
Koutiala	2020	2	29	60	21.5	36.9	24.0	-999.9	0.0	2.7	96815.5	-999.9
Koutiala	2020	3	1	61	21.5	36.7	24.2	-999.9	0.0	2.6	96750.6	-999.9
Koutiala	2020	3	2	62	21.5	37.2	24.2	-999.9	0.0	2.3	96843.6	-999.9
Koutiala	2020	3	3	63	22.0	38.1	24.3	-999.9	0.0	2.8	96909.8	-999.9
Koutiala	2020	3	4	64	23.0	38.2	24.5	-999.9	0.0	2.9	96915.6	-999.9
Koutiala	2020	3	5	65	21.9	38.3	24.8	-999.9	0.0	2.6	96817.7	-999.9
Koutiala	2020	3	6	66	20.3	37.9	24.9	-999.9	0.0	1.9	96702.1	-999.9
Koutiala	2020	3	7	67	20.6	38.3	25.0	-999.9	0.0	1.9	96617.4	-999.9
Koutiala	2020	3	8	68	19.2	37.9	24.9	-999.9	0.0	2.0	96683.2	-999.9
Koutiala	2020	3	9	69	21.7	38.3	24.5	-999.9	0.0	2.6	96674.8	-999.9
Koutiala	2020	3	10	70	22.4	36.9	22.3	-999.9	0.7	2.1	96721.1	-999.9
Koutiala	2020	3	11	71	24.0	37.0	21.4	-999.9	0.0	2.4	96741.4	-999.9
Koutiala	2020	3	12	72	25.4	38.1	24.4	-999.9	0.0	2.6	96677.3	-999.9
Koutiala	2020	3	13	73	23.2	38.1	24.9	-999.9	0.0	2.7	96660.0	-999.9
Koutiala	2020	3	14	74	23.3	38.5	24.9	-999.9	0.0	2.4	96677.9	-999.9
Koutiala	2020	3	15	75	23.8	38.5	24.2	-999.9	0.0	1.7	96586.0	-999.9
Koutiala	2020	3	16	76	28.0	38.0	21.4	-999.9	0.7	1.5	96499.7	-999.9
Koutiala	2020	3	17	77	27.5	38.2	21.7	-999.9	0.0	1.7	96514.6	-999.9
Koutiala	2020	3	18	78	26.2	38.1	22.0	-999.9	0.0	1.6	96593.5	-999.9
Koutiala	2020	3	19	79	27.0	38.2	22.6	-999.9	0.7	2.0	96588.2	-999.9
Koutiala	2020	3	20	80	27.9	37.3	21.1	-999.9	0.0	1.4	96580.0	-999.9
Koutiala	2020	3	21	81	26.9	36.5	21.2	-999.9	0.0	1.2	96660.9	-999.9
Koutiala	2020	3	22	82	25.1	38.7	24.5	-999.9	0.0	1.8	96584.7	-999.9
Koutiala	2020	3	23	83	25.9	37.5	21.8	-999.9	0.0	2.3	96646.1	-999.9
Koutiala	2020	3	24	84	27.5	37.4	22.8	-999.9	0.0	2.8	96679.4	-999.9
Koutiala	2020	3	25	85	24.7	35.9	21.1	-999.9	1.8	1.7	96773.6	-999.9
Koutiala	2020	3	26	86	24.7	37.1	25.1	-999.9	0.0	2.4	96658.5	-999.9
Koutiala	2020	3	27	87	23.6	38.0	24.1	-999.9	0.0	2.2	96641.8	-999.9
Koutiala	2020	3	28	88	26.5	38.2	23.0	-999.9	0.0	1.7	96664.0	-999.9
Koutiala	2020	3	29	89	28.5	36.9	16.7	-999.9	0.0	2.7	96710.9	-999.9
Koutiala	2020	3	30	90	27.8	39.8	25.1	-999.9	0.0	2.8	96521.7	-999.9
Koutiala	2020	3	31	91	28.1	40.1	25.3	-999.9	0.0	3.1	96558.1	-999.9
Koutiala	2020	4	1	92	27.3	40.5	25.6	-999.9	0.0	3.2	96669.0	-999.9
Koutiala	2020	4	2	93	26.6	40.0	25.9	-999.9	0.0	2.1	96649.3	-999.9
Koutiala	2020	4	3	94	25.2	40.2	25.3	-999.9	0.0	1.9	96535.3	-999.9
Koutiala	2020	4	4	95	25.2	40.1	25.8	-999.9	0.0	1.6	96585.7	-999.9
Koutiala	2020	4	5	96	25.1	39.7	25.1	-999.9	0.0	2.2	96702.1	-999.9
Koutiala	2020	4	6	97	26.9	41.2	25.5	-999.9	0.0	2.2	96638.2	-999.9
Koutiala	2020	4	7	98	24.7	40.2	24.5	-999.9	0.0	1.8	96625.5	-999.9
Koutiala	2020	4	8	99	25.2	40.4	24.8	-999.9	0.0	1.7	96515.8	-999.9
Koutiala	2020	4	9	100	25.9	37.9	21.0	-999.9	0.0	2.1	96596.5	-999.9
Koutiala	2020	4	10	101	27.0	37.9	20.7	-999.9	0.0	2.1	96645.6	-999.9
Koutiala	2020	4	11	102	26.6	38.2	23.8	-999.9	0.0	2.3	96697.7	-999.9
Koutiala	2020	4	12	103	25.9	39.1	23.5	-999.9	0.0	2.7	96783.9	-999.9
Koutiala	2020	4	13	104	27.8	38.0	21.6	-999.9	0.0	2.1	96671.0	-999.9
Koutiala	2020	4	14	105	25.7	36.8	21.9	-999.9	3.4	1.7	96701.2	-999.9
Koutiala	2020	4	15	106	26.3	36.3	23.8	-999.9	0.0	3.8	96854.0	-999.9
Koutiala	2020	4	16	107	25.4	38.5	24.3	-999.9	0.0	2.5	96779.3	-999.9
Koutiala	2020	4	17	108	27.8	41.4	25.8	-999.9	0.0	3.1	96450.6	-999.9
Koutiala	2020	4	18	109	27.1	40.1	24.5	-999.9	0.0	3.2	96495.0	-999.9
Koutiala	2020	4	19	110	28.7	38.5	22.6	-999.9	3.0	2.7	96663.2	-999.9
Koutiala	2020	4	20	111	27.2	34.3	18.2	-999.9	6.0	2.8	96867.0	-999.9
Koutiala	2020	4	21	112	25.1	37.0	24.2	-999.9	0.0	1.5	96759.9	-999.9
Koutiala	2020	4	22	113	27.2	37.8	23.9	-999.9	0.0	1.5	96574.6	-999.9
Koutiala	2020	4	23	114	27.2	38.4	24.1	-999.9	5.8	2.6	96567.8	-999.9
Koutiala	2020	4	24	115	26.3	38.4	22.8	-999.9	0.0	2.3	96640.2	-999.9
Koutiala	2020	4	25	116	27.5	38.5	23.4	-999.9	0.0	2.5	96638.2	-999.9
Koutiala	2020	4	26	117	28.7	40.1	23.6	-999.9	0.0	2.2	96614.8	-999.9
Koutiala	2020	4	27	118	26.3	38.2	23.5	-999.9	0.0	2.0	96770.5	-999.9
Koutiala	2020	4	28	119	26.4	37.5	22.3	-999.9	0.0	2.2	96796.7	-999.9
Koutiala	2020	4	29	120	28.5	39.6	23.5	-999.9	0.0	2.2	96798.0	-999.9
Koutiala	2020	4	30	121	28.1	39.6	24.6	-999.9	0.0	2.4	96838.0	-999.9
Koutiala	2020	5	1	122	27.5	39.2	24.7	-999.9	0.0	2.6	96878.8	-999.9
Koutiala	2020	5	2	123	28.5	39.6	23.9	-999.9	3.3	2.0	96762.1	-999.9
Koutiala	2020	5	3	124	25.8	39.7	25.2	-999.9	0.0	1.9	96582.7	-999.9
Koutiala	2020	5	4	125	26.7	39.2	24.9	-999.9	0.0	2.7	96584.0	-999.9
Koutiala	2020	5	5	126	27.5	37.0	20.7	-999.9	0.0	2.5	96711.1	-999.9
Koutiala	2020	5	6	127	27.6	38.5	23.2	-999.9	0.0	1.7	96675.9	-999.9
Koutiala	2020	5	7	128	28.0	38.9	24.0	-999.9	0.0	2.3	96547.0	-999.9
Koutiala	2020	5	8	129	28.4	38.9	24.3	-999.9	0.0	2.6	96584.4	-999.9
Koutiala	2020	5	9	130	29.5	37.7	22.1	-999.9	2.5	2.6	96667.2	-999.9
Koutiala	2020	5	10	131	27.8	36.8	21.5	-999.9	2.5	2.6	96727.8	-999.9
Koutiala	2020	5	11	132	25.6	35.5	21.1	-999.9	1.9	2.6	96815.5	-999.9
Koutiala	2020	5	12	133	26.8	36.1	21.9	-999.9	0.0	2.2	96870.8	-999.9
Koutiala	2020	5	13	134	27.0	37.3	24.5	-999.9	0.0	2.3	96811.2	-999.9
Koutiala	2020	5	14	135	26.5	36.4	22.8	-999.9	3.8	2.0	96826.5	-999.9
Koutiala	2020	5	15	136	27.4	36.0	19.1	-999.9	3.8	2.4	96821.9	-999.9
Koutiala	2020	5	16	137	27.8	37.0	21.5	-999.9	0.0	2.3	96726.2	-999.9
Koutiala	2020	5	17	138	27.4	37.5	23.4	-999.9	0.0	2.4	96759.5	-999.9
Koutiala	2020	5	18	139	25.9	37.3	24.7	-999.9	1.4	3.0	96853.9	-999.9
Koutiala	2020	5	19	140	28.0	37.6	24.1	-999.9	1.4	2.5	96874.2	-999.9
Koutiala	2020	5	20	141	28.0	37.6	23.9	-999.9	0.0	2.3	96844.9	-999.9
Koutiala	2020	5	21	142	27.3	37.2	23.4	-999.9	0.0	2.2	96857.5	-999.9
Koutiala	2020	5	22	143	26.0	37.3	23.4	-999.9	0.0	2.1	96808.2	-999.9
Koutiala	2020	5	23	144	26.5	37.3	23.7	-999.9	0.1	2.3	96821.5	-999.9
Koutiala	2020	5	24	145	26.6	37.4	24.7	-999.9	0.4	2.3	96808.8	-999.9
Koutiala	2020	5	25	146	27.6	36.7	23.1	-999.9	1.2	1.9	96822.6	-999.9
Koutiala	2020	5	26	147	27.0	37.3	21.7	-999.9	0.0	2.0	96872.7	-999.9
Koutiala	2020	5	27	148	24.6	35.4	20.7	-999.9	12.0	2.2	96957.9	-999.9
Koutiala	2020	5	28	149	25.8	34.3	20.2	-999.9	0.0	1.6	96932.3	-999.9
Koutiala	2020	5	29	150	26.7	35.9	22.8	-999.9	0.0	1.6	96798.3	-999.9
Koutiala	2020	5	30	151	26.1	35.5	23.4	-999.9	0.0	2.1	96815.3	-999.9
Koutiala	2020	5	31	152	24.5	31.8	18.8	-999.9	12.0	1.9	97031.9	-999.9
Koutiala	2020	6	1	153	25.2	34.1	24.3	-999.9	26.9	1.9	97050.9	-999.9
Koutiala	2020	6	2	154	25.7	34.5	20.1	-999.9	0.7	3.2	96938.8	-999.9
Koutiala	2020	6	3	155	24.8	35.7	24.7	-999.9	0.0	2.5	96826.7	-999.9
Koutiala	2020	6	4	156	26.3	36.2	24.9	-999.9	0.0	2.7	96786.0	-999.9
Koutiala	2020	6	5	157	27.0	36.2	24.0	-999.9	4.7	2.6	96878.0	-999.9
Koutiala	2020	6	6	158	24.7	34.7	23.3	-999.9	13.0	2.0	96954.5	-999.9
Koutiala	2020	6	7	159	25.8	35.0	24.4	-999.9	13.0	2.2	97056.1	-999.9
Koutiala	2020	6	8	160	25.3	33.8	20.8	-999.9	0.0	2.0	96951.4	-999.9
Koutiala	2020	6	9	161	25.0	35.7	24.4	-999.9	6.5	2.0	96871.2	-999.9
Koutiala	2020	6	10	162	24.4	33.7	23.5	-999.9	0.0	2.2	96912.6	-999.9
Koutiala	2020	6	11	163	25.1	34.5	24.5	-999.9	0.0	2.2	96983.8	-999.9
Koutiala	2020	6	12	164	25.4	35.4	24.3	-999.9	0.2	2.4	96805.8	-999.9
Koutiala	2020	6	13	165	25.6	34.8	23.0	-999.9	2.4	1.8	96826.9	-999.9
Koutiala	2020	6	14	166	26.2	33.4	22.6	-999.9	4.9	2.4	97006.7	-999.9
Koutiala	2020	6	15	167	25.1	34.8	24.0	-999.9	0.0	1.8	97025.4	-999.9
Koutiala	2020	6	16	168	25.5	36.2	25.1	-999.9	0.0	2.2	96870.9	-999.9
Koutiala	2020	6	17	169	27.8	37.1	24.1	-999.9	0.0	3.2	96636.6	-999.9
Koutiala	2020	6	18	170	24.1	32.2	20.5	-999.9	19.9	2.8	96881.4	-999.9
Koutiala	2020	6	19	171	24.5	32.3	22.7	-999.9	9.9	1.9	97111.4	-999.9
Koutiala	2020	6	20	172	24.8	32.4	22.7	-999.9	0.0	1.5	97189.9	-999.9
Koutiala	2020	6	21	173	24.4	34.9	24.7	-999.9	0.0	2.1	96903.8	-999.9
Koutiala	2020	6	22	174	26.1	33.9	24.6	-999.9	3.4	2.8	96736.9	-999.9
Koutiala	2020	6	23	175	25.7	33.7	23.2	-999.9	3.4	2.2	96776.4	-999.9
Koutiala	2020	6	24	176	25.6	32.7	22.9	-999.9	6.8	1.8	96832.9	-999.9
Koutiala	2020	6	25	177	25.8	33.2	22.9	-999.9	0.0	1.9	96852.6	-999.9
Koutiala	2020	6	26	178	24.8	35.1	24.1	-999.9	10.2	2.0	96780.1	-999.9
Koutiala	2020	6	27	179	25.7	34.9	24.8	-999.9	0.0	2.8	96669.2	-999.9
Koutiala	2020	6	28	180	26.0	34.1	22.4	-999.9	5.1	2.6	96747.6	-999.9
Koutiala	2020	6	29	181	23.9	33.3	21.9	-999.9	5.1	2.4	96769.7	-999.9
Koutiala	2020	6	30	182	25.0	31.6	18.9	-999.9	0.0	1.9	96822.5	-999.9
Koutiala	2020	7	1	183	24.2	31.8	22.7	-999.9	4.4	1.3	96848.3	-999.9
Koutiala	2020	7	2	184	24.8	32.3	23.7	-999.9	4.4	1.6	96828.4	-999.9
Koutiala	2020	7	3	185	25.7	33.0	21.0	-999.9	8.9	2.4	96760.5	-999.9
Koutiala	2020	7	4	186	25.5	33.4	22.5	-999.9	0.0	3.3	96698.0	-999.9
Koutiala	2020	7	5	187	23.4	30.2	15.8	-999.9	0.0	2.5	96834.6	-999.9
Koutiala	2020	7	6	188	23.7	30.8	21.9	-999.9	0.0	1.8	96905.0	-999.9
Koutiala	2020	7	7	189	24.5	35.4	24.5	-999.9	5.2	2.5	96663.4	-999.9
Koutiala	2020	7	8	190	24.0	35.0	24.8	-999.9	10.3	3.4	96503.0	-999.9
Koutiala	2020	7	9	191	23.7	32.5	19.6	-999.9	10.3	3.0	96700.8	-999.9
Koutiala	2020	7	10	192	23.6	28.7	13.2	-999.9	0.0	2.3	96846.7	-999.9
Koutiala	2020	7	11	193	22.7	27.2	10.8	-999.9	22.0	1.8	96943.6	-999.9
Koutiala	2020	7	12	194	22.9	29.6	19.7	-999.9	0.0	1.8	97036.7	-999.9
Koutiala	2020	7	13	195	23.6	28.4	12.6	-999.9	22.0	2.4	96986.4	-999.9
Koutiala	2020	7	14	196	23.1	30.3	20.4	-999.9	0.0	2.5	96784.1	-999.9
Koutiala	2020	7	15	197	23.6	29.2	18.1	-999.9	11.0	2.6	96819.8	-999.9
Koutiala	2020	7	16	198	22.5	26.2	10.2	-999.9	16.5	1.6	96958.8	-999.9
Koutiala	2020	7	17	199	22.5	29.2	17.2	-999.9	0.1	1.3	96841.2	-999.9
Koutiala	2020	7	18	200	22.6	28.0	17.1	-999.9	1.0	2.2	96878.9	-999.9
Koutiala	2020	7	19	201	21.7	29.0	20.5	-999.9	0.9	1.5	96851.4	-999.9
Koutiala	2020	7	20	202	22.6	29.4	19.2	-999.9	4.0	1.5	96755.9	-999.9
Koutiala	2020	7	21	203	22.1	30.1	20.8	-999.9	0.0	1.8	96866.5	-999.9
Koutiala	2020	7	22	204	23.1	30.0	22.4	-999.9	13.7	1.8	96896.7	-999.9
Koutiala	2020	7	23	205	23.3	30.7	22.0	-999.9	6.8	1.4	96819.8	-999.9
Koutiala	2020	7	24	206	23.7	30.1	21.9	-999.9	27.3	2.5	96774.8	-999.9
Koutiala	2020	7	25	207	23.9	29.3	19.5	-999.9	13.7	2.4	96791.3	-999.9
Koutiala	2020	7	26	208	22.8	29.8	20.5	-999.9	6.8	2.1	96837.3	-999.9
Koutiala	2020	7	27	209	22.9	26.8	9.7	-999.9	20.3	1.7	96964.2	-999.9
Koutiala	2020	7	28	210	22.6	28.1	15.6	-999.9	20.3	1.5	96928.8	-999.9
Koutiala	2020	7	29	211	22.0	28.4	17.8	-999.9	0.0	1.9	96908.9	-999.9
Koutiala	2020	7	30	212	22.6	29.5	20.4	-999.9	0.0	2.0	97007.9	-999.9
Koutiala	2020	7	31	213	23.3	30.3	20.2	-999.9	13.5	1.9	96979.2	-999.9
Koutiala	2020	8	1	214	23.3	28.3	14.8	-999.9	0.0	1.8	96984.5	-999.9
Koutiala	2020	8	2	215	22.9	29.5	20.6	-999.9	0.0	2.5	97059.8	-999.9
Koutiala	2020	8	3	216	23.7	27.4	13.7	-999.9	19.4	2.4	97134.8	-999.9
Koutiala	2020	8	4	217	22.8	26.9	12.1	-999.9	0.0	1.6	97165.4	-999.9
Koutiala	2020	8	5	218	22.3	28.8	20.3	-999.9	0.0	2.7	97094.6	-999.9
Koutiala	2020	8	6	219	22.7	28.6	17.9	-999.9	0.0	2.3	97028.0	-999.9
Koutiala	2020	8	7	220	23.3	29.1	17.3	-999.9	9.9	1.7	97053.4	-999.9
Koutiala	2020	8	8	221	23.0	26.9	11.8	-999.9	0.0	2.3	97099.7	-999.9
Koutiala	2020	8	9	222	22.7	28.1	16.9	-999.9	0.0	2.2	97087.8	-999.9
Koutiala	2020	8	10	223	22.8	29.5	19.1	-999.9	9.9	2.5	96880.2	-999.9
Koutiala	2020	8	11	224	22.8	27.9	11.1	-999.9	22.7	2.4	96804.4	-999.9
Koutiala	2020	8	12	225	22.4	26.0	10.8	-999.9	0.0	2.0	96979.6	-999.9
Koutiala	2020	8	13	226	22.1	29.4	19.8	-999.9	0.0	1.7	97048.1	-999.9
Koutiala	2020	8	14	227	23.1	30.0	19.3	-999.9	11.3	1.9	96887.5	-999.9
Koutiala	2020	8	15	228	22.4	28.9	15.4	-999.9	34.0	1.6	96668.5	-999.9
Koutiala	2020	8	16	229	22.9	29.0	17.1	-999.9	9.3	2.0	96727.8	-999.9
Koutiala	2020	8	17	230	22.8	30.3	20.3	-999.9	0.0	1.6	96765.1	-999.9
Koutiala	2020	8	18	231	23.5	31.4	23.3	-999.9	18.5	1.4	96735.8	-999.9
Koutiala	2020	8	19	232	22.9	29.2	19.5	-999.9	9.3	2.0	96669.4	-999.9
Koutiala	2020	8	20	233	22.2	30.0	22.7	-999.9	9.3	1.4	96698.4	-999.9
Koutiala	2020	8	21	234	23.0	29.5	19.2	-999.9	0.0	2.1	96757.1	-999.9
Koutiala	2020	8	22	235	23.2	27.6	11.5	-999.9	28.6	1.7	96869.8	-999.9
Koutiala	2020	8	23	236	22.8	28.8	21.3	-999.9	0.0	2.3	96861.4	-999.9
Koutiala	2020	8	24	237	23.2	28.4	19.2	-999.9	0.0	2.6	96820.6	-999.9
Koutiala	2020	8	25	238	22.3	24.5	6.9	-999.9	14.3	2.6	96739.2	-999.9
Koutiala	2020	8	26	239	21.3	27.8	17.1	-999.9	0.0	2.1	96933.9	-999.9
Koutiala	2020	8	27	240	21.7	28.8	16.5	-999.9	7.4	1.9	97002.7	-999.9
Koutiala	2020	8	28	241	22.8	28.2	16.3	-999.9	7.4	2.3	96763.8	-999.9
Koutiala	2020	8	29	242	21.6	27.9	17.6	-999.9	0.0	2.5	96688.4	-999.9
Koutiala	2020	8	30	243	22.0	27.1	14.6	-999.9	14.8	2.5	96756.8	-999.9
Koutiala	2020	8	31	244	22.1	26.7	11.1	-999.9	14.8	1.8	96894.4	-999.9
Koutiala	2020	9	1	245	22.1	28.0	18.4	-999.9	0.0	2.7	96857.9	-999.9
Koutiala	2020	9	2	246	22.0	28.8	18.8	-999.9	20.8	1.9	96773.7	-999.9
Koutiala	2020	9	3	247	22.3	28.2	15.7	-999.9	20.8	1.3	96806.4	-999.9
Koutiala	2020	9	4	248	22.0	28.0	16.2	-999.9	0.0	1.9	97036.9	-999.9
Koutiala	2020	9	5	249	22.0	28.3	16.6	-999.9	10.4	2.1	96949.0	-999.9
Koutiala	2020	9	6	250	22.2	28.2	17.5	-999.9	0.0	2.1	96769.0	-999.9
Koutiala	2020	9	7	251	22.1	28.7	20.7	-999.9	0.0	1.7	96732.1	-999.9
Koutiala	2020	9	8	252	22.3	25.1	10.2	-999.9	16.0	1.7	96751.6	-999.9
Koutiala	2020	9	9	253	22.1	29.0	16.6	-999.9	0.0	1.8	96923.8	-999.9
Koutiala	2020	9	10	254	22.6	27.5	11.8	-999.9	16.0	1.6	96871.7	-999.9
Koutiala	2020	9	11	255	21.2	29.2	19.5	-999.9	0.0	1.8	96849.7	-999.9
Koutiala	2020	9	12	256	22.4	29.5	20.9	-999.9	0.0	1.7	96961.7	-999.9
Koutiala	2020	9	13	257	21.9	30.6	22.8	-999.9	17.8	1.3	97012.3	-999.9
Koutiala	2020	9	14	258	22.1	30.5	23.5	-999.9	0.0	1.3	97045.0	-999.9
Koutiala	2020	9	15	259	22.3	31.0	24.2	-999.9	0.0	1.2	96954.5	-999.9
Koutiala	2020	9	16	260	24.1	30.5	21.6	-999.9	2.6	2.0	96736.2	-999.9
Koutiala	2020	9	17	261	22.9	26.2	11.0	-999.9	23.2	1.3	96748.3	-999.9
Koutiala	2020	9	18	262	22.6	28.3	15.7	-999.9	15.1	1.7	97029.8	-999.9
Koutiala	2020	9	19	263	21.6	29.8	23.4	-999.9	0.6	1.0	97124.8	-999.9
Koutiala	2020	9	20	264	22.9	30.1	21.5	-999.9	0.0	1.9	97004.4	-999.9
Koutiala	2020	9	21	265	22.4	30.0	19.2	-999.9	0.0	2.1	96974.2	-999.9
Koutiala	2020	9	22	266	21.0	30.1	23.5	-999.9	0.0	1.5	97007.0	-999.9
Koutiala	2020	9	23	267	22.9	27.8	13.5	-999.9	17.1	1.3	96991.6	-999.9
Koutiala	2020	9	24	268	21.9	29.8	20.5	-999.9	0.0	1.9	97060.9	-999.9
Koutiala	2020	9	25	269	22.8	30.7	22.8	-999.9	8.5	1.6	97077.0	-999.9
Koutiala	2020	9	26	270	21.7	29.9	22.9	-999.9	0.0	1.7	96878.3	-999.9
Koutiala	2020	9	27	271	22.8	29.7	22.6	-999.9	0.0	1.6	96814.9	-999.9
Koutiala	2020	9	28	272	22.3	30.9	23.4	-999.9	27.8	1.7	96895.8	-999.9
Koutiala	2020	9	29	273	22.5	31.8	23.2	-999.9	0.0	1.2	96914.5	-999.9
Koutiala	2020	9	30	274	23.6	31.2	23.1	-999.9	0.0	1.8	96791.7	-999.9
Koutiala	2020	10	1	275	22.7	30.9	20.9	-999.9	12.7	2.6	96601.1	-999.9
Koutiala	2020	10	2	276	22.0	25.6	10.3	-999.9	0.0	1.5	96685.3	-999.9
Koutiala	2020	10	3	277	21.8	28.6	19.7	-999.9	0.0	1.8	96815.1	-999.9
Koutiala	2020	10	4	278	21.6	29.2	19.2	-999.9	6.3	1.3	96921.0	-999.9
Koutiala	2020	10	5	279	21.7	27.7	14.7	-999.9	19.0	1.4	97108.7	-999.9
Koutiala	2020	10	6	280	20.7	30.7	23.4	-999.9	0.0	1.3	97000.2	-999.9
Koutiala	2020	10	7	281	23.6	30.7	20.5	-999.9	14.7	2.0	96918.8	-999.9
Koutiala	2020	10	8	282	21.3	30.8	23.2	-999.9	0.0	1.8	96892.9	-999.9
Koutiala	2020	10	9	283	22.8	30.1	22.2	-999.9	4.9	2.2	96949.6	-999.9
Koutiala	2020	10	10	284	21.7	29.0	20.4	-999.9	0.0	1.7	96988.8	-999.9
Koutiala	2020	10	11	285	21.7	28.4	17.2	-999.9	4.8	2.1	97034.1	-999.9
Koutiala	2020	10	12	286	21.5	29.1	20.3	-999.9	0.0	1.2	97018.9	-999.9
Koutiala	2020	10	13	287	22.0	30.0	21.1	-999.9	0.0	1.4	96958.2	-999.9
Koutiala	2020	10	14	288	22.3	30.9	22.9	-999.9	0.0	1.9	96950.4	-999.9
Koutiala	2020	10	15	289	22.7	30.9	21.9	-999.9	2.4	1.6	96954.9	-999.9
Koutiala	2020	10	16	290	22.7	31.3	22.0	-999.9	13.2	1.4	96926.1	-999.9
Koutiala	2020	10	17	291	23.3	32.0	21.0	-999.9	6.6	1.7	96822.1	-999.9
Koutiala	2020	10	18	292	22.0	30.8	21.7	-999.9	6.6	1.3	96824.6	-999.9
Koutiala	2020	10	19	293	22.4	30.6	21.7	-999.9	0.0	1.1	96883.7	-999.9
Koutiala	2020	10	20	294	22.7	31.1	21.8	-999.9	0.0	1.3	96919.4	-999.9
Koutiala	2020	10	21	295	21.2	31.6	22.2	-999.9	0.0	1.3	96913.2	-999.9
Koutiala	2020	10	22	296	22.2	32.7	22.0	-999.9	0.0	1.4	96922.9	-999.9
Koutiala	2020	10	23	297	21.4	33.0	22.1	-999.9	0.0	1.6	96955.3	-999.9
Koutiala	2020	10	24	298	19.9	33.2	22.6	-999.9	0.0	1.4	96911.3	-999.9
Koutiala	2020	10	25	299	19.0	33.0	23.2	-999.9	0.0	1.4	96818.8	-999.9
Koutiala	2020	10	26	300	19.5	32.8	23.3	-999.9	0.0	1.5	96786.7	-999.9
Koutiala	2020	10	27	301	19.0	32.9	22.9	-999.9	0.0	1.4	96783.2	-999.9
Koutiala	2020	10	28	302	18.1	32.7	23.1	-999.9	1.5	1.7	96810.5	-999.9
Koutiala	2020	10	29	303	18.8	32.2	23.0	-999.9	0.0	1.2	96842.2	-999.9
Koutiala	2020	10	30	304	18.0	32.6	22.5	-999.9	0.0	1.9	96890.6	-999.9
Koutiala	2020	10	31	305	20.0	33.2	22.5	-999.9	0.0	1.3	96889.8	-999.9
Koutiala	2020	11	1	306	19.3	33.1	22.5	-999.9	0.0	1.0	96756.8	-999.9
Koutiala	2020	11	2	307	19.5	33.4	22.4	-999.9	0.0	1.8	96800.5	-999.9
Koutiala	2020	11	3	308	19.9	32.8	21.9	-999.9	0.0	1.8	96934.3	-999.9
Koutiala	2020	11	4	309	19.4	32.9	22.0	-999.9	0.0	2.0	96899.7	-999.9
Koutiala	2020	11	5	310	20.1	33.4	21.8	-999.9	0.0	2.0	96878.9	-999.9
Koutiala	2020	11	6	311	21.8	34.0	19.1	-999.9	0.0	2.0	96976.6	-999.9
Koutiala	2020	11	7	312	20.6	33.7	22.4	-999.9	0.0	2.4	97025.5	-999.9
Koutiala	2020	11	8	313	17.3	32.7	22.5	-999.9	0.0	2.0	97041.8	-999.9
Koutiala	2020	11	9	314	19.1	32.8	22.0	-999.9	0.0	2.0	97045.4	-999.9
Koutiala	2020	11	10	315	20.2	32.7	22.2	-999.9	0.0	2.3	96958.4	-999.9
Koutiala	2020	11	11	316	19.3	32.6	22.1	-999.9	0.0	2.3	96928.4	-999.9
Koutiala	2020	11	12	317	18.9	32.2	22.2	-999.9	0.0	2.5	97009.5	-999.9
Koutiala	2020	11	13	318	18.8	31.7	22.3	-999.9	0.0	2.4	97113.9	-999.9
Koutiala	2020	11	14	319	17.9	31.7	22.1	-999.9	0.0	2.3	97063.7	-999.9
Koutiala	2020	11	15	320	18.7	32.4	21.8	-999.9	0.0	2.3	96972.7	-999.9
Koutiala	2020	11	16	321	19.8	33.2	21.6	-999.9	0.0	2.3	96923.0	-999.9
Koutiala	2020	11	17	322	19.7	32.9	21.6	-999.9	0.0	2.3	96891.6	-999.9
Koutiala	2020	11	18	323	18.9	32.9	21.6	-999.9	0.0	2.2	96865.8	-999.9
Koutiala	2020	11	19	324	17.7	32.6	21.2	-999.9	0.0	2.0	96796.5	-999.9
Koutiala	2020	11	20	325	19.9	32.1	21.4	-999.9	0.0	2.2	96772.4	-999.9
Koutiala	2020	11	21	326	17.7	32.2	21.4	-999.9	0.0	1.6	96837.1	-999.9
Koutiala	2020	11	22	327	17.9	32.6	21.2	-999.9	0.0	1.9	96919.2	-999.9
Koutiala	2020	11	23	328	17.9	32.6	21.4	-999.9	0.0	2.1	96955.4	-999.9
Koutiala	2020	11	24	329	18.7	31.3	21.2	-999.9	0.0	2.4	97032.2	-999.9
Koutiala	2020	11	25	330	17.7	30.5	21.2	-999.9	0.0	2.1	96948.4	-999.9
Koutiala	2020	11	26	331	16.7	30.4	21.3	-999.9	0.0	1.8	96831.5	-999.9
Koutiala	2020	11	27	332	15.9	31.2	21.1	-999.9	0.0	1.5	96802.2	-999.9
Koutiala	2020	11	28	333	17.8	32.5	20.8	-999.9	0.0	1.8	96876.7	-999.9
Koutiala	2020	11	29	334	19.4	33.3	20.5	-999.9	0.0	1.9	96865.3	-999.9
Koutiala	2020	11	30	335	19.4	33.6	20.4	-999.9	0.0	1.8	96885.4	-999.9
Koutiala	2020	12	1	336	19.1	34.3	20.8	-999.9	0.0	2.4	96907.3	-999.9
Koutiala	2020	12	2	337	17.7	34.5	21.0	-999.9	0.0	2.1	96872.3	-999.9
Koutiala	2020	12	3	338	17.2	34.6	20.8	-999.9	0.0	1.6	96928.2	-999.9
Koutiala	2020	12	4	339	18.0	34.9	20.8	-999.9	0.0	1.7	96966.8	-999.9
Koutiala	2020	12	5	340	19.2	34.5	20.7	-999.9	0.0	1.4	96875.5	-999.9
Koutiala	2020	12	6	341	18.5	33.6	20.5	-999.9	0.0	1.4	96854.1	-999.9
Koutiala	2020	12	7	342	18.7	33.5	20.3	-999.9	0.0	1.8	96986.4	-999.9
Koutiala	2020	12	8	343	20.9	33.9	20.4	-999.9	0.0	2.3	97016.2	-999.9
Koutiala	2020	12	9	344	19.8	33.6	20.3	-999.9	0.0	2.2	96949.9	-999.9
Koutiala	2020	12	10	345	20.3	33.7	20.2	-999.9	0.0	2.2	96935.2	-999.9
Koutiala	2020	12	11	346	20.3	33.7	20.4	-999.9	0.0	2.2	96966.2	-999.9
Koutiala	2020	12	12	347	19.8	33.2	20.4	-999.9	0.0	2.3	96923.6	-999.9
Koutiala	2020	12	13	348	19.4	33.1	20.3	-999.9	0.0	2.1	96787.4	-999.9
Koutiala	2020	12	14	349	17.6	33.0	20.3	-999.9	0.0	1.5	96746.8	-999.9
Koutiala	2020	12	15	350	20.0	33.3	19.9	-999.9	0.0	1.6	96741.7	-999.9
Koutiala	2020	12	16	351	19.6	34.1	19.8	-999.9	0.0	1.7	96820.8	-999.9
Koutiala	2020	12	17	352	21.8	34.0	20.0	-999.9	0.5	1.8	96830.5	-999.9
Koutiala	2020	12	18	353	19.2	32.9	19.4	-999.9	0.0	1.8	96819.9	-999.9
Koutiala	2020	12	19	354	20.5	32.6	20.0	-999.9	0.0	2.2	96822.3	-999.9
Koutiala	2020	12	20	355	20.9	32.7	19.8	-999.9	0.0	2.6	96902.4	-999.9
Koutiala	2020	12	21	356	19.4	31.6	20.1	-999.9	0.0	2.8	97018.3	-999.9
Koutiala	2020	12	22	357	18.2	30.8	20.1	-999.9	0.5	2.5	96981.2	-999.9
Koutiala	2020	12	23	358	17.8	30.8	19.3	-999.9	0.0	2.2	96926.6	-999.9
Koutiala	2020	12	24	359	17.8	32.5	20.1	-999.9	0.0	1.9	96830.2	-999.9
Koutiala	2020	12	25	360	18.2	33.3	20.1	-999.9	0.0	2.1	96764.0	-999.9
Koutiala	2020	12	26	361	19.8	33.4	20.2	-999.9	0.0	2.6	96813.8	-999.9
Koutiala	2020	12	27	362	19.5	32.4	20.1	-999.9	0.0	2.5	96866.4	-999.9
Koutiala	2020	12	28	363	18.4	32.1	20.3	-999.9	0.0	2.3	96875.7	-999.9
Koutiala	2020	12	29	364	18.5	32.2	20.2	-999.9	0.0	2.3	96856.6	-999.9
Koutiala	2020	12	30	365	19.1	32.7	20.4	-999.9	0.0	2.2	96862.0	-999.9
Koutiala	2020	12	31	366	18.7	33.4	20.7	-999.9	0.0	2.1	96915.8	-999.9
