Koutiala	1987	1	1	1	16.9	32.0	20.4	-999.9	0.0	2.2	97155.0	-999.9
Koutiala	1987	1	2	2	17.4	32.1	20.4	-999.9	0.0	2.1	97168.6	-999.9
Koutiala	1987	1	3	3	17.7	32.4	20.4	-999.9	0.0	2.1	97057.0	-999.9
Koutiala	1987	1	4	4	17.9	32.0	20.5	-999.9	0.0	2.4	97083.1	-999.9
Koutiala	1987	1	5	5	17.5	31.2	20.4	-999.9	0.0	2.7	97154.1	-999.9
Koutiala	1987	1	6	6	16.6	30.8	20.5	-999.9	0.0	2.6	97175.9	-999.9
Koutiala	1987	1	7	7	16.5	31.0	20.7	-999.9	0.0	2.5	97127.7	-999.9
Koutiala	1987	1	8	8	16.5	30.9	20.4	-999.9	0.4	2.4	97180.9	-999.9
Koutiala	1987	1	9	9	15.6	30.3	21.2	-999.9	0.0	2.5	97138.2	-999.9
Koutiala	1987	1	10	10	14.5	30.7	21.4	-999.9	0.0	2.3	97040.3	-999.9
Koutiala	1987	1	11	11	15.5	32.1	21.2	-999.9	0.0	2.2	97015.4	-999.9
Koutiala	1987	1	12	12	17.4	32.8	20.8	-999.9	0.0	2.2	97093.3	-999.9
Koutiala	1987	1	13	13	17.9	33.7	20.6	-999.9	0.0	2.2	97158.7	-999.9
Koutiala	1987	1	14	14	18.2	34.2	21.0	-999.9	0.0	2.2	97105.0	-999.9
Koutiala	1987	1	15	15	17.8	33.7	20.4	-999.9	0.0	2.3	96935.2	-999.9
Koutiala	1987	1	16	16	17.7	33.8	21.2	-999.9	0.0	1.9	96828.4	-999.9
Koutiala	1987	1	17	17	18.0	33.8	21.1	-999.9	0.0	2.0	96890.3	-999.9
Koutiala	1987	1	18	18	18.9	33.9	20.9	-999.9	0.0	2.1	96839.6	-999.9
Koutiala	1987	1	19	19	19.4	33.7	21.1	-999.9	0.0	2.0	96803.8	-999.9
Koutiala	1987	1	20	20	19.4	34.2	21.2	-999.9	0.0	2.1	96760.6	-999.9
Koutiala	1987	1	21	21	19.8	35.2	21.2	-999.9	0.0	2.3	96762.5	-999.9
Koutiala	1987	1	22	22	21.1	36.5	21.0	-999.9	0.0	2.7	96791.1	-999.9
Koutiala	1987	1	23	23	21.6	36.2	21.2	-999.9	0.0	2.8	96887.9	-999.9
Koutiala	1987	1	24	24	22.8	36.3	21.5	-999.9	0.0	3.3	97022.0	-999.9
Koutiala	1987	1	25	25	22.2	35.2	21.5	-999.9	0.0	3.3	97041.1	-999.9
Koutiala	1987	1	26	26	19.6	34.5	21.8	-999.9	0.0	2.7	96968.9	-999.9
Koutiala	1987	1	27	27	20.0	34.4	21.7	-999.9	0.0	2.5	96930.0	-999.9
Koutiala	1987	1	28	28	19.9	34.7	21.7	-999.9	0.5	2.3	97037.7	-999.9
Koutiala	1987	1	29	29	18.8	35.3	21.6	-999.9	0.0	2.1	97022.3	-999.9
Koutiala	1987	1	30	30	18.6	35.5	21.8	-999.9	0.0	2.3	97017.6	-999.9
Koutiala	1987	1	31	31	18.5	34.1	22.0	-999.9	0.0	2.6	97060.5	-999.9
Koutiala	1987	2	1	32	19.2	33.7	21.9	-999.9	0.0	2.7	97084.8	-999.9
Koutiala	1987	2	2	33	19.0	33.5	22.0	-999.9	0.0	2.4	96983.7	-999.9
Koutiala	1987	2	3	34	17.6	34.2	22.0	-999.9	0.0	1.9	96930.0	-999.9
Koutiala	1987	2	4	35	20.0	35.1	22.1	-999.9	0.0	2.4	96930.9	-999.9
Koutiala	1987	2	5	36	20.3	35.2	22.2	-999.9	0.0	2.6	96873.6	-999.9
Koutiala	1987	2	6	37	20.0	35.7	22.0	-999.9	0.0	2.3	96851.9	-999.9
Koutiala	1987	2	7	38	23.2	34.6	19.6	-999.9	0.0	2.3	96930.5	-999.9
Koutiala	1987	2	8	39	20.2	33.3	19.5	-999.9	1.1	2.7	97092.2	-999.9
Koutiala	1987	2	9	40	19.7	34.7	22.4	-999.9	0.0	2.8	97117.4	-999.9
Koutiala	1987	2	10	41	20.8	34.6	21.6	-999.9	0.0	2.7	97030.2	-999.9
Koutiala	1987	2	11	42	19.9	34.8	22.0	-999.9	0.0	2.1	96876.8	-999.9
Koutiala	1987	2	12	43	20.5	34.0	22.2	-999.9	0.0	2.6	96857.4	-999.9
Koutiala	1987	2	13	44	20.4	32.8	21.3	-999.9	0.0	2.7	96851.5	-999.9
Koutiala	1987	2	14	45	20.1	33.3	21.7	-999.9	0.0	2.3	96827.8	-999.9
Koutiala	1987	2	15	46	20.2	33.9	22.6	-999.9	0.0	2.2	96806.9	-999.9
Koutiala	1987	2	16	47	20.3	34.3	22.7	-999.9	0.0	2.2	96820.1	-999.9
Koutiala	1987	2	17	48	21.7	35.9	22.2	-999.9	0.0	2.2	96838.4	-999.9
Koutiala	1987	2	18	49	20.5	36.8	22.9	-999.9	0.0	2.2	96834.4	-999.9
Koutiala	1987	2	19	50	20.8	36.9	22.9	-999.9	0.0	2.0	96745.1	-999.9
Koutiala	1987	2	20	51	21.7	36.1	20.8	-999.9	0.0	2.0	96671.3	-999.9
Koutiala	1987	2	21	52	23.3	36.0	20.0	-999.9	0.0	2.3	96783.7	-999.9
Koutiala	1987	2	22	53	23.1	37.1	23.1	-999.9	0.0	3.0	96843.6	-999.9
Koutiala	1987	2	23	54	23.3	37.6	23.3	-999.9	0.0	2.7	96782.2	-999.9
Koutiala	1987	2	24	55	22.7	37.5	23.4	-999.9	0.0	2.3	96789.4	-999.9
Koutiala	1987	2	25	56	23.5	38.1	23.4	-999.9	0.0	2.6	96828.8	-999.9
Koutiala	1987	2	26	57	21.8	37.8	23.9	-999.9	0.0	2.4	96924.5	-999.9
Koutiala	1987	2	27	58	22.1	37.6	24.2	-999.9	0.0	2.8	96897.0	-999.9
Koutiala	1987	2	28	59	21.6	36.3	24.4	-999.9	0.0	2.7	96841.2	-999.9
Koutiala	1987	3	1	60	20.8	36.5	24.4	-999.9	0.0	2.6	96841.8	-999.9
Koutiala	1987	3	2	61	20.8	36.1	24.4	-999.9	0.0	2.8	96863.2	-999.9
Koutiala	1987	3	3	62	20.6	36.0	24.6	-999.9	0.0	2.5	96858.5	-999.9
Koutiala	1987	3	4	63	21.4	35.6	24.0	-999.9	0.0	2.6	96814.7	-999.9
Koutiala	1987	3	5	64	21.4	35.8	24.3	-999.9	0.0	2.6	96848.1	-999.9
Koutiala	1987	3	6	65	19.7	36.5	24.4	-999.9	0.0	2.2	96782.8	-999.9
Koutiala	1987	3	7	66	22.7	36.9	23.8	-999.9	0.0	2.7	96773.7	-999.9
Koutiala	1987	3	8	67	22.5	36.9	24.1	-999.9	0.0	2.2	96652.7	-999.9
Koutiala	1987	3	9	68	23.9	37.2	23.6	-999.9	0.0	2.3	96541.5	-999.9
Koutiala	1987	3	10	69	24.3	38.3	24.0	-999.9	0.0	2.4	96475.9	-999.9
Koutiala	1987	3	11	70	24.4	36.5	22.0	-999.9	0.0	2.2	96527.7	-999.9
Koutiala	1987	3	12	71	24.6	36.7	21.5	-999.9	0.0	2.1	96569.2	-999.9
Koutiala	1987	3	13	72	26.6	37.1	19.9	-999.9	0.0	2.1	96560.0	-999.9
Koutiala	1987	3	14	73	26.2	36.3	17.4	-999.9	0.0	2.0	96607.6	-999.9
Koutiala	1987	3	15	74	26.1	38.1	23.2	-999.9	0.0	2.4	96673.5	-999.9
Koutiala	1987	3	16	75	26.3	36.1	19.7	-999.9	0.0	3.1	96730.3	-999.9
Koutiala	1987	3	17	76	26.8	37.0	23.0	-999.9	0.0	1.7	96696.0	-999.9
Koutiala	1987	3	18	77	26.7	37.4	23.1	-999.9	0.0	1.5	96683.2	-999.9
Koutiala	1987	3	19	78	27.3	38.3	23.3	-999.9	0.0	1.8	96643.1	-999.9
Koutiala	1987	3	20	79	27.2	38.0	21.4	-999.9	0.0	2.0	96531.0	-999.9
Koutiala	1987	3	21	80	25.8	36.8	22.5	-999.9	0.0	2.0	96614.3	-999.9
Koutiala	1987	3	22	81	25.7	36.0	21.2	-999.9	0.0	2.3	96702.7	-999.9
Koutiala	1987	3	23	82	25.2	37.4	24.5	-999.9	0.0	3.0	96716.6	-999.9
Koutiala	1987	3	24	83	25.6	36.8	24.9	-999.9	0.0	3.3	96687.6	-999.9
Koutiala	1987	3	25	84	23.3	35.6	24.4	-999.9	0.0	2.6	96618.6	-999.9
Koutiala	1987	3	26	85	23.3	37.2	24.6	-999.9	0.0	2.3	96539.4	-999.9
Koutiala	1987	3	27	86	21.8	36.5	25.6	-999.9	0.0	2.4	96645.1	-999.9
Koutiala	1987	3	28	87	22.9	36.7	24.8	-999.9	0.0	2.7	96665.4	-999.9
Koutiala	1987	3	29	88	23.2	36.9	25.3	-999.9	0.0	2.1	96666.4	-999.9
Koutiala	1987	3	30	89	21.0	36.8	25.1	-999.9	0.0	2.0	96710.0	-999.9
Koutiala	1987	3	31	90	23.6	37.7	26.0	-999.9	0.0	2.8	96718.2	-999.9
Koutiala	1987	4	1	91	24.3	36.9	25.9	-999.9	0.0	2.6	96673.1	-999.9
Koutiala	1987	4	2	92	22.3	37.2	26.1	-999.9	0.0	2.0	96603.6	-999.9
Koutiala	1987	4	3	93	20.7	37.2	26.0	-999.9	0.0	1.9	96742.1	-999.9
Koutiala	1987	4	4	94	21.2	37.3	25.5	-999.9	3.2	2.3	96858.0	-999.9
Koutiala	1987	4	5	95	22.7	38.5	25.9	-999.9	3.2	2.8	96912.2	-999.9
Koutiala	1987	4	6	96	25.9	38.6	22.2	-999.9	0.0	3.3	96848.9	-999.9
Koutiala	1987	4	7	97	25.3	40.0	25.1	-999.9	0.0	3.0	96761.7	-999.9
Koutiala	1987	4	8	98	23.1	38.3	24.0	-999.9	0.0	2.0	96706.5	-999.9
Koutiala	1987	4	9	99	25.8	39.3	25.4	-999.9	0.0	2.3	96673.4	-999.9
Koutiala	1987	4	10	100	24.6	39.1	25.2	-999.9	0.0	2.0	96672.4	-999.9
Koutiala	1987	4	11	101	25.5	39.4	25.2	-999.9	0.0	2.1	96594.1	-999.9
Koutiala	1987	4	12	102	23.2	39.4	25.4	-999.9	0.0	1.8	96519.4	-999.9
Koutiala	1987	4	13	103	24.1	39.6	24.1	-999.9	0.0	1.9	96483.4	-999.9
Koutiala	1987	4	14	104	25.7	39.5	23.5	-999.9	0.0	1.9	96475.9	-999.9
Koutiala	1987	4	15	105	26.0	39.3	24.5	-999.9	0.0	1.8	96530.5	-999.9
Koutiala	1987	4	16	106	23.9	39.8	25.8	-999.9	0.0	2.2	96588.2	-999.9
Koutiala	1987	4	17	107	22.6	40.0	26.7	-999.9	0.0	2.3	96721.2	-999.9
Koutiala	1987	4	18	108	23.6	39.7	26.1	-999.9	0.0	2.1	96853.4	-999.9
Koutiala	1987	4	19	109	24.6	39.7	26.0	-999.9	0.0	2.5	96832.1	-999.9
Koutiala	1987	4	20	110	24.7	39.4	25.1	-999.9	0.0	2.8	96760.1	-999.9
Koutiala	1987	4	21	111	25.7	38.9	26.8	-999.9	0.0	3.0	96787.4	-999.9
Koutiala	1987	4	22	112	25.0	38.5	26.9	-999.9	0.0	2.9	96785.9	-999.9
Koutiala	1987	4	23	113	23.7	38.6	27.0	-999.9	0.0	2.6	96738.9	-999.9
Koutiala	1987	4	24	114	22.8	39.2	27.0	-999.9	0.0	2.5	96606.6	-999.9
Koutiala	1987	4	25	115	23.3	39.7	26.1	-999.9	0.0	2.8	96552.3	-999.9
Koutiala	1987	4	26	116	25.1	40.7	25.9	-999.9	0.0	2.7	96562.7	-999.9
Koutiala	1987	4	27	117	26.3	40.5	26.5	-999.9	0.0	2.8	96559.7	-999.9
Koutiala	1987	4	28	118	27.0	39.0	22.3	-999.9	0.0	2.1	96657.9	-999.9
Koutiala	1987	4	29	119	27.5	39.3	22.8	-999.9	0.0	2.3	96714.4	-999.9
Koutiala	1987	4	30	120	27.3	39.4	23.3	-999.9	0.0	1.8	96605.0	-999.9
Koutiala	1987	5	1	121	28.5	38.2	21.1	-999.9	1.8	2.5	96534.9	-999.9
Koutiala	1987	5	2	122	26.4	38.3	22.1	-999.9	3.5	2.1	96563.4	-999.9
Koutiala	1987	5	3	123	26.9	39.5	24.1	-999.9	3.5	2.0	96511.7	-999.9
Koutiala	1987	5	4	124	28.4	39.7	24.1	-999.9	1.8	2.5	96530.1	-999.9
Koutiala	1987	5	5	125	27.6	39.7	24.1	-999.9	0.0	2.7	96586.9	-999.9
Koutiala	1987	5	6	126	29.0	39.1	22.9	-999.9	1.7	2.4	96607.4	-999.9
Koutiala	1987	5	7	127	27.1	39.0	23.5	-999.9	0.0	2.4	96627.0	-999.9
Koutiala	1987	5	8	128	28.5	39.2	23.3	-999.9	0.0	2.6	96581.4	-999.9
Koutiala	1987	5	9	129	28.6	39.5	23.5	-999.9	0.0	2.2	96543.1	-999.9
Koutiala	1987	5	10	130	29.4	40.0	23.1	-999.9	0.0	2.6	96642.2	-999.9
Koutiala	1987	5	11	131	29.3	38.5	22.3	-999.9	0.0	2.7	96667.5	-999.9
Koutiala	1987	5	12	132	28.0	40.1	23.9	-999.9	0.0	2.6	96641.5	-999.9
Koutiala	1987	5	13	133	27.9	39.2	22.3	-999.9	2.9	2.9	96602.9	-999.9
Koutiala	1987	5	14	134	27.0	37.4	21.3	-999.9	0.0	2.4	96714.7	-999.9
Koutiala	1987	5	15	135	28.3	38.4	22.2	-999.9	2.9	1.9	96601.2	-999.9
Koutiala	1987	5	16	136	26.3	37.9	23.3	-999.9	5.2	2.1	96475.7	-999.9
Koutiala	1987	5	17	137	26.9	38.5	21.9	-999.9	5.2	1.9	96459.7	-999.9
Koutiala	1987	5	18	138	27.1	37.0	19.9	-999.9	5.2	2.1	96409.6	-999.9
Koutiala	1987	5	19	139	27.0	38.0	20.2	-999.9	0.0	2.9	96464.6	-999.9
Koutiala	1987	5	20	140	26.8	38.6	24.8	-999.9	0.0	2.4	96567.1	-999.9
Koutiala	1987	5	21	141	28.2	40.0	23.4	-999.9	0.0	2.9	96541.8	-999.9
Koutiala	1987	5	22	142	26.9	38.8	22.2	-999.9	0.0	2.6	96529.0	-999.9
Koutiala	1987	5	23	143	25.0	35.2	20.1	-999.9	6.9	1.9	96540.8	-999.9
Koutiala	1987	5	24	144	26.0	35.5	22.7	-999.9	0.0	1.8	96613.2	-999.9
Koutiala	1987	5	25	145	26.0	36.9	23.2	-999.9	0.0	1.9	96718.2	-999.9
Koutiala	1987	5	26	146	26.1	35.6	21.7	-999.9	6.1	2.1	96864.4	-999.9
Koutiala	1987	5	27	147	27.6	39.0	24.6	-999.9	0.0	2.9	96820.0	-999.9
Koutiala	1987	5	28	148	25.8	39.0	24.9	-999.9	0.0	3.5	96820.5	-999.9
Koutiala	1987	5	29	149	26.1	38.6	24.7	-999.9	0.0	3.2	96812.4	-999.9
Koutiala	1987	5	30	150	25.5	38.5	24.1	-999.9	6.1	3.5	96786.6	-999.9
Koutiala	1987	5	31	151	25.8	37.2	22.9	-999.9	0.0	3.0	96875.7	-999.9
Koutiala	1987	6	1	152	26.7	38.1	24.3	-999.9	0.0	3.1	96829.4	-999.9
Koutiala	1987	6	2	153	26.8	36.2	22.9	-999.9	0.0	2.5	96835.4	-999.9
Koutiala	1987	6	3	154	25.3	35.4	22.9	-999.9	5.3	2.4	96835.4	-999.9
Koutiala	1987	6	4	155	26.1	34.4	18.4	-999.9	10.6	2.1	96803.8	-999.9
Koutiala	1987	6	5	156	25.6	36.1	23.4	-999.9	10.6	1.8	96662.1	-999.9
Koutiala	1987	6	6	157	24.5	32.3	19.4	-999.9	11.1	2.0	96797.9	-999.9
Koutiala	1987	6	7	158	23.8	28.7	12.2	-999.9	2.1	2.1	97104.0	-999.9
Koutiala	1987	6	8	159	24.0	31.5	21.3	-999.9	1.1	1.4	97173.0	-999.9
Koutiala	1987	6	9	160	23.8	31.5	20.3	-999.9	1.4	1.6	97011.1	-999.9
Koutiala	1987	6	10	161	24.1	32.9	22.2	-999.9	0.3	1.4	96909.6	-999.9
Koutiala	1987	6	11	162	24.7	32.5	20.7	-999.9	0.0	1.7	97068.2	-999.9
Koutiala	1987	6	12	163	24.6	32.0	21.5	-999.9	0.0	2.5	97017.3	-999.9
Koutiala	1987	6	13	164	24.8	34.2	24.1	-999.9	0.0	2.6	96814.0	-999.9
Koutiala	1987	6	14	165	26.1	34.2	23.8	-999.9	0.0	2.8	96732.0	-999.9
Koutiala	1987	6	15	166	25.4	33.9	22.6	-999.9	12.5	2.5	96782.9	-999.9
Koutiala	1987	6	16	167	25.5	34.0	23.9	-999.9	37.6	2.0	96957.1	-999.9
Koutiala	1987	6	17	168	25.6	34.1	22.4	-999.9	1.8	1.8	97166.8	-999.9
Koutiala	1987	6	18	169	25.4	35.8	24.1	-999.9	0.0	1.5	97071.5	-999.9
Koutiala	1987	6	19	170	25.8	35.3	23.2	-999.9	0.0	2.2	96944.4	-999.9
Koutiala	1987	6	20	171	23.8	34.9	24.1	-999.9	0.0	2.2	97020.9	-999.9
Koutiala	1987	6	21	172	24.9	30.8	16.3	-999.9	3.9	1.6	97195.0	-999.9
Koutiala	1987	6	22	173	23.9	33.6	23.8	-999.9	0.0	1.4	97229.8	-999.9
Koutiala	1987	6	23	174	24.7	35.5	23.5	-999.9	0.0	1.9	97058.4	-999.9
Koutiala	1987	6	24	175	25.8	36.9	24.4	-999.9	0.0	2.8	96861.6	-999.9
Koutiala	1987	6	25	176	25.7	35.1	23.4	-999.9	3.9	2.4	96934.5	-999.9
Koutiala	1987	6	26	177	23.5	33.4	22.5	-999.9	0.0	2.1	97084.0	-999.9
Koutiala	1987	6	27	178	24.2	34.2	24.0	-999.9	30.3	2.2	97079.5	-999.9
Koutiala	1987	6	28	179	25.2	34.4	23.8	-999.9	0.0	2.0	97044.0	-999.9
Koutiala	1987	6	29	180	24.3	33.8	23.3	-999.9	0.0	2.1	97153.3	-999.9
Koutiala	1987	6	30	181	24.0	34.8	24.5	-999.9	0.0	1.8	97100.4	-999.9
Koutiala	1987	7	1	182	24.4	34.5	24.4	-999.9	5.3	2.2	97031.6	-999.9
Koutiala	1987	7	2	183	24.8	34.7	22.8	-999.9	10.6	1.8	96990.1	-999.9
Koutiala	1987	7	3	184	23.8	34.2	22.8	-999.9	10.6	1.5	97020.8	-999.9
Koutiala	1987	7	4	185	24.2	34.3	24.2	-999.9	0.0	1.9	96975.9	-999.9
Koutiala	1987	7	5	186	24.5	35.5	24.5	-999.9	0.0	2.1	96940.9	-999.9
Koutiala	1987	7	6	187	26.2	35.1	22.7	-999.9	0.0	2.9	96938.4	-999.9
Koutiala	1987	7	7	188	25.1	33.5	22.7	-999.9	23.4	2.4	96926.5	-999.9
Koutiala	1987	7	8	189	24.5	34.4	22.2	-999.9	0.0	1.9	96907.9	-999.9
Koutiala	1987	7	9	190	25.0	35.5	23.4	-999.9	0.0	2.0	96904.4	-999.9
Koutiala	1987	7	10	191	25.2	34.1	21.4	-999.9	0.0	2.4	96856.2	-999.9
Koutiala	1987	7	11	192	24.1	33.0	20.7	-999.9	0.0	2.2	96811.7	-999.9
Koutiala	1987	7	12	193	24.8	32.2	20.8	-999.9	0.0	2.3	96819.3	-999.9
Koutiala	1987	7	13	194	23.9	31.3	19.6	-999.9	0.0	1.7	96844.9	-999.9
Koutiala	1987	7	14	195	23.7	33.3	24.0	-999.9	0.0	1.8	96879.8	-999.9
Koutiala	1987	7	15	196	24.0	33.6	22.0	-999.9	10.7	1.9	96907.3	-999.9
Koutiala	1987	7	16	197	23.4	32.8	23.1	-999.9	10.8	1.4	96899.9	-999.9
Koutiala	1987	7	17	198	23.1	31.5	19.5	-999.9	5.4	1.7	96818.4	-999.9
Koutiala	1987	7	18	199	22.7	29.4	15.6	-999.9	0.0	1.5	96904.7	-999.9
Koutiala	1987	7	19	200	22.9	30.8	22.7	-999.9	0.0	1.6	97036.6	-999.9
Koutiala	1987	7	20	201	23.8	31.5	23.1	-999.9	0.0	1.6	97013.3	-999.9
Koutiala	1987	7	21	202	24.4	30.8	17.9	-999.9	10.9	1.9	96881.3	-999.9
Koutiala	1987	7	22	203	23.4	31.3	22.7	-999.9	0.0	1.8	96774.2	-999.9
Koutiala	1987	7	23	204	24.2	30.7	21.1	-999.9	0.0	1.5	96869.7	-999.9
Koutiala	1987	7	24	205	24.3	33.2	24.1	-999.9	9.5	2.8	96781.4	-999.9
Koutiala	1987	7	25	206	23.8	31.5	20.7	-999.9	21.7	2.3	96827.5	-999.9
Koutiala	1987	7	26	207	23.4	30.8	21.6	-999.9	0.0	1.9	96808.2	-999.9
Koutiala	1987	7	27	208	23.2	29.4	14.4	-999.9	21.4	1.7	96786.1	-999.9
Koutiala	1987	7	28	209	22.3	30.7	22.3	-999.9	7.1	1.4	96824.9	-999.9
Koutiala	1987	7	29	210	23.2	32.1	23.4	-999.9	14.3	1.4	96769.7	-999.9
Koutiala	1987	7	30	211	24.4	33.1	22.5	-999.9	0.0	1.9	96755.8	-999.9
Koutiala	1987	7	31	212	24.1	30.7	15.9	-999.9	14.3	1.8	96785.6	-999.9
Koutiala	1987	8	1	213	23.0	31.7	18.6	-999.9	0.0	2.0	96817.5	-999.9
Koutiala	1987	8	2	214	22.7	31.2	21.0	-999.9	6.2	1.4	96749.3	-999.9
Koutiala	1987	8	3	215	23.5	29.4	16.8	-999.9	6.2	1.8	96723.3	-999.9
Koutiala	1987	8	4	216	22.9	30.2	20.9	-999.9	0.0	1.6	96821.1	-999.9
Koutiala	1987	8	5	217	23.2	30.8	23.1	-999.9	12.5	1.6	96909.1	-999.9
Koutiala	1987	8	6	218	23.1	31.3	23.5	-999.9	0.0	1.5	96828.1	-999.9
Koutiala	1987	8	7	219	23.6	31.2	21.7	-999.9	19.8	2.0	96825.2	-999.9
Koutiala	1987	8	8	220	24.3	30.5	18.7	-999.9	0.0	2.0	96894.5	-999.9
Koutiala	1987	8	9	221	23.2	32.6	23.0	-999.9	0.0	1.9	96932.3	-999.9
Koutiala	1987	8	10	222	22.7	30.8	18.1	-999.9	26.0	2.7	96880.5	-999.9
Koutiala	1987	8	11	223	22.0	31.9	24.1	-999.9	0.0	2.2	96930.7	-999.9
Koutiala	1987	8	12	224	23.2	31.6	22.4	-999.9	0.0	2.0	96869.0	-999.9
Koutiala	1987	8	13	225	22.9	30.8	21.4	-999.9	0.0	1.8	96932.7	-999.9
Koutiala	1987	8	14	226	22.4	31.3	23.1	-999.9	0.0	1.9	96916.8	-999.9
Koutiala	1987	8	15	227	23.7	32.9	20.7	-999.9	25.1	2.7	96678.9	-999.9
Koutiala	1987	8	16	228	22.4	28.4	14.8	-999.9	0.0	2.0	96919.4	-999.9
Koutiala	1987	8	17	229	22.4	30.5	20.6	-999.9	0.0	1.8	96940.9	-999.9
Koutiala	1987	8	18	230	23.3	29.6	16.5	-999.9	8.4	2.6	96780.6	-999.9
Koutiala	1987	8	19	231	23.3	30.7	19.4	-999.9	0.0	2.0	96818.5	-999.9
Koutiala	1987	8	20	232	22.6	29.8	18.1	-999.9	4.2	2.2	96915.9	-999.9
Koutiala	1987	8	21	233	23.4	26.8	10.2	-999.9	36.5	1.6	96923.0	-999.9
Koutiala	1987	8	22	234	22.4	27.3	12.6	-999.9	0.0	1.5	96958.9	-999.9
Koutiala	1987	8	23	235	22.1	29.0	19.4	-999.9	0.0	2.1	97049.7	-999.9
Koutiala	1987	8	24	236	22.6	30.0	21.0	-999.9	7.3	2.0	97027.2	-999.9
Koutiala	1987	8	25	237	23.3	30.7	21.9	-999.9	14.6	1.8	97011.7	-999.9
Koutiala	1987	8	26	238	22.8	28.4	14.5	-999.9	9.2	1.1	97030.8	-999.9
Koutiala	1987	8	27	239	22.4	29.5	19.7	-999.9	0.0	2.2	97069.9	-999.9
Koutiala	1987	8	28	240	22.9	29.2	16.3	-999.9	18.3	1.6	97088.9	-999.9
Koutiala	1987	8	29	241	22.3	30.1	21.7	-999.9	0.0	1.5	96951.3	-999.9
Koutiala	1987	8	30	242	22.7	30.5	21.3	-999.9	0.0	2.0	96787.7	-999.9
Koutiala	1987	8	31	243	22.5	28.9	15.9	-999.9	9.2	1.7	96884.6	-999.9
Koutiala	1987	9	1	244	22.5	29.2	16.9	-999.9	0.0	1.7	96962.6	-999.9
Koutiala	1987	9	2	245	21.7	31.1	23.5	-999.9	0.0	1.3	96881.2	-999.9
Koutiala	1987	9	3	246	23.4	31.1	21.1	-999.9	13.1	1.5	96814.2	-999.9
Koutiala	1987	9	4	247	23.0	29.9	19.4	-999.9	13.1	1.3	96851.5	-999.9
Koutiala	1987	9	5	248	22.4	30.1	21.6	-999.9	6.6	1.3	96867.4	-999.9
Koutiala	1987	9	6	249	22.3	28.7	16.9	-999.9	0.0	1.0	96883.0	-999.9
Koutiala	1987	9	7	250	22.6	30.7	23.5	-999.9	0.0	1.6	96886.4	-999.9
Koutiala	1987	9	8	251	22.6	31.7	24.2	-999.9	0.0	1.1	96814.7	-999.9
Koutiala	1987	9	9	252	24.1	30.8	22.4	-999.9	10.3	1.3	96787.9	-999.9
Koutiala	1987	9	10	253	23.7	29.5	19.0	-999.9	5.1	1.8	96932.9	-999.9
Koutiala	1987	9	11	254	22.5	29.0	19.3	-999.9	0.0	1.8	97031.8	-999.9
Koutiala	1987	9	12	255	22.9	30.1	21.9	-999.9	5.1	1.5	97087.7	-999.9
Koutiala	1987	9	13	256	23.6	32.5	23.3	-999.9	0.0	2.3	96853.7	-999.9
Koutiala	1987	9	14	257	23.6	30.3	19.0	-999.9	10.2	2.7	96831.9	-999.9
Koutiala	1987	9	15	258	22.4	28.8	16.2	-999.9	5.1	1.4	96883.4	-999.9
Koutiala	1987	9	16	259	22.4	27.8	14.7	-999.9	12.9	1.6	96994.2	-999.9
Koutiala	1987	9	17	260	21.9	29.7	22.2	-999.9	1.9	1.1	97103.8	-999.9
Koutiala	1987	9	18	261	22.8	31.0	22.4	-999.9	0.0	1.7	96992.2	-999.9
Koutiala	1987	9	19	262	22.7	30.8	21.4	-999.9	0.6	2.5	96873.5	-999.9
Koutiala	1987	9	20	263	22.6	29.8	19.2	-999.9	0.0	2.2	96931.0	-999.9
Koutiala	1987	9	21	264	23.0	30.4	19.8	-999.9	30.8	2.0	96920.1	-999.9
Koutiala	1987	9	22	265	23.4	29.9	18.7	-999.9	11.7	1.4	96997.1	-999.9
Koutiala	1987	9	23	266	22.3	26.0	10.0	-999.9	20.5	2.0	97155.1	-999.9
Koutiala	1987	9	24	267	22.1	29.5	19.7	-999.9	0.0	1.3	97168.9	-999.9
Koutiala	1987	9	25	268	22.6	32.1	22.7	-999.9	0.0	2.1	96986.0	-999.9
Koutiala	1987	9	26	269	23.5	31.7	22.7	-999.9	0.0	2.5	96986.3	-999.9
Koutiala	1987	9	27	270	22.6	28.2	13.6	-999.9	9.4	2.3	97048.1	-999.9
Koutiala	1987	9	28	271	22.4	28.2	15.8	-999.9	4.7	1.5	97066.8	-999.9
Koutiala	1987	9	29	272	21.9	31.1	22.9	-999.9	4.7	1.6	96960.2	-999.9
Koutiala	1987	9	30	273	22.6	30.9	22.3	-999.9	0.0	1.6	96877.3	-999.9
Koutiala	1987	10	1	274	23.8	30.7	22.3	-999.9	0.0	2.2	96822.3	-999.9
Koutiala	1987	10	2	275	23.7	30.4	21.1	-999.9	6.2	1.9	96969.4	-999.9
Koutiala	1987	10	3	276	22.6	30.6	21.5	-999.9	0.0	1.5	97040.4	-999.9
Koutiala	1987	10	4	277	22.7	31.0	20.9	-999.9	0.0	1.2	96912.7	-999.9
Koutiala	1987	10	5	278	23.5	31.2	21.4	-999.9	0.0	1.8	96849.4	-999.9
Koutiala	1987	10	6	279	24.0	33.1	21.8	-999.9	3.0	2.3	96849.6	-999.9
Koutiala	1987	10	7	280	24.2	31.3	18.9	-999.9	3.0	1.9	96924.0	-999.9
Koutiala	1987	10	8	281	23.0	29.5	14.8	-999.9	0.0	1.6	96920.5	-999.9
Koutiala	1987	10	9	282	22.8	29.9	18.9	-999.9	0.0	2.0	96922.4	-999.9
Koutiala	1987	10	10	283	22.1	30.8	21.0	-999.9	3.0	1.3	96892.1	-999.9
Koutiala	1987	10	11	284	21.8	30.0	20.8	-999.9	0.0	0.9	96913.3	-999.9
Koutiala	1987	10	12	285	22.9	28.1	13.8	-999.9	0.0	1.7	96902.1	-999.9
Koutiala	1987	10	13	286	22.8	29.9	19.4	-999.9	0.0	1.8	96920.7	-999.9
Koutiala	1987	10	14	287	22.5	30.7	20.8	-999.9	0.0	1.8	96918.2	-999.9
Koutiala	1987	10	15	288	24.4	31.7	19.6	-999.9	0.0	1.4	96885.7	-999.9
Koutiala	1987	10	16	289	22.9	32.3	20.6	-999.9	2.5	1.8	96904.9	-999.9
Koutiala	1987	10	17	290	23.5	31.7	18.2	-999.9	0.0	2.0	96909.7	-999.9
Koutiala	1987	10	18	291	22.2	32.7	21.8	-999.9	0.0	1.9	96852.3	-999.9
Koutiala	1987	10	19	292	23.8	32.9	21.4	-999.9	0.0	1.6	96858.8	-999.9
Koutiala	1987	10	20	293	23.3	32.7	20.7	-999.9	0.0	1.3	96802.6	-999.9
Koutiala	1987	10	21	294	24.1	33.1	20.6	-999.9	0.0	1.7	96866.4	-999.9
Koutiala	1987	10	22	295	23.6	32.0	17.8	-999.9	0.0	2.4	96864.1	-999.9
Koutiala	1987	10	23	296	21.3	36.1	22.6	-999.9	0.0	1.7	96767.7	-999.9
Koutiala	1987	10	24	297	22.5	35.1	21.6	-999.9	0.0	1.7	96913.2	-999.9
Koutiala	1987	10	25	298	24.0	34.4	19.0	-999.9	0.0	1.5	96909.5	-999.9
Koutiala	1987	10	26	299	23.8	33.2	17.3	-999.9	5.5	1.4	96934.9	-999.9
Koutiala	1987	10	27	300	22.6	33.1	17.9	-999.9	2.4	1.1	96865.2	-999.9
Koutiala	1987	10	28	301	22.6	35.7	21.1	-999.9	2.4	1.6	96726.5	-999.9
Koutiala	1987	10	29	302	22.5	35.9	21.9	-999.9	0.0	1.3	96717.6	-999.9
Koutiala	1987	10	30	303	22.3	35.8	19.9	-999.9	0.0	1.4	96756.9	-999.9
Koutiala	1987	10	31	304	23.4	36.8	22.0	-999.9	0.0	1.6	96786.2	-999.9
Koutiala	1987	11	1	305	22.2	36.9	22.8	-999.9	0.0	1.8	96822.1	-999.9
Koutiala	1987	11	2	306	21.3	35.6	22.3	-999.9	0.0	1.2	96873.0	-999.9
Koutiala	1987	11	3	307	22.4	35.6	21.0	-999.9	0.0	1.3	96914.1	-999.9
Koutiala	1987	11	4	308	21.2	35.7	22.7	-999.9	0.0	1.7	97014.1	-999.9
Koutiala	1987	11	5	309	20.2	36.1	23.0	-999.9	0.0	1.4	97069.9	-999.9
Koutiala	1987	11	6	310	21.0	36.6	22.5	-999.9	0.0	1.8	97029.1	-999.9
Koutiala	1987	11	7	311	20.6	36.9	22.7	-999.9	0.0	2.5	96906.8	-999.9
Koutiala	1987	11	8	312	20.5	36.1	22.1	-999.9	0.0	2.0	96885.8	-999.9
Koutiala	1987	11	9	313	22.4	35.6	22.0	-999.9	0.0	1.4	96957.6	-999.9
Koutiala	1987	11	10	314	22.0	35.2	20.9	-999.9	0.0	1.5	96946.1	-999.9
Koutiala	1987	11	11	315	21.9	35.8	21.1	-999.9	0.0	1.6	96851.5	-999.9
Koutiala	1987	11	12	316	23.6	35.3	17.8	-999.9	0.0	1.6	96851.1	-999.9
Koutiala	1987	11	13	317	22.9	36.1	20.8	-999.9	0.0	1.7	96869.7	-999.9
Koutiala	1987	11	14	318	21.4	36.0	20.5	-999.9	0.0	1.8	96875.5	-999.9
Koutiala	1987	11	15	319	20.8	35.8	21.6	-999.9	0.0	2.3	96872.2	-999.9
Koutiala	1987	11	16	320	22.0	35.5	21.8	-999.9	0.0	2.3	96829.0	-999.9
Koutiala	1987	11	17	321	21.7	35.4	21.7	-999.9	0.0	2.4	96814.2	-999.9
Koutiala	1987	11	18	322	19.7	35.5	21.5	-999.9	0.0	2.2	96757.4	-999.9
Koutiala	1987	11	19	323	20.8	35.6	21.2	-999.9	0.0	2.0	96800.6	-999.9
Koutiala	1987	11	20	324	23.6	35.0	20.6	-999.9	0.0	2.6	96925.1	-999.9
Koutiala	1987	11	21	325	22.2	34.6	20.4	-999.9	0.0	2.1	96854.8	-999.9
Koutiala	1987	11	22	326	21.0	34.2	21.2	-999.9	0.0	2.0	96815.3	-999.9
Koutiala	1987	11	23	327	20.5	34.5	21.1	-999.9	0.0	1.8	96861.7	-999.9
Koutiala	1987	11	24	328	20.9	34.7	20.7	-999.9	0.0	2.0	96819.8	-999.9
Koutiala	1987	11	25	329	22.2	35.7	20.4	-999.9	0.0	2.3	96778.9	-999.9
Koutiala	1987	11	26	330	22.1	36.3	20.1	-999.9	0.0	2.4	96731.9	-999.9
Koutiala	1987	11	27	331	22.8	36.3	20.5	-999.9	0.0	2.7	96677.1	-999.9
Koutiala	1987	11	28	332	21.3	36.9	20.9	-999.9	0.0	2.3	96683.1	-999.9
Koutiala	1987	11	29	333	20.7	36.4	20.7	-999.9	0.0	1.8	96767.8	-999.9
Koutiala	1987	11	30	334	22.3	36.4	20.9	-999.9	0.0	2.4	96855.1	-999.9
Koutiala	1987	12	1	335	22.2	36.2	20.8	-999.9	0.0	2.3	96916.2	-999.9
Koutiala	1987	12	2	336	20.7	36.1	20.8	-999.9	0.0	2.3	96896.4	-999.9
Koutiala	1987	12	3	337	21.9	35.6	20.8	-999.9	0.0	2.2	96803.4	-999.9
Koutiala	1987	12	4	338	21.2	35.5	18.5	-999.9	0.0	1.7	96895.9	-999.9
Koutiala	1987	12	5	339	22.9	33.5	15.7	-999.9	0.0	1.7	96998.9	-999.9
Koutiala	1987	12	6	340	21.6	35.4	19.8	-999.9	0.0	1.9	96884.9	-999.9
Koutiala	1987	12	7	341	22.3	34.8	18.4	-999.9	0.0	1.9	96889.4	-999.9
Koutiala	1987	12	8	342	24.3	34.0	17.9	-999.9	0.6	1.4	96956.5	-999.9
Koutiala	1987	12	9	343	25.0	33.1	16.8	-999.9	0.0	1.7	97068.1	-999.9
Koutiala	1987	12	10	344	20.4	35.2	20.7	-999.9	0.0	2.4	97026.1	-999.9
Koutiala	1987	12	11	345	21.2	34.6	20.5	-999.9	0.0	2.5	96896.0	-999.9
Koutiala	1987	12	12	346	19.9	34.3	20.8	-999.9	0.0	2.3	96877.7	-999.9
Koutiala	1987	12	13	347	17.9	34.2	20.7	-999.9	0.0	2.1	96948.4	-999.9
Koutiala	1987	12	14	348	17.6	34.4	20.6	-999.9	0.0	2.0	96997.9	-999.9
Koutiala	1987	12	15	349	19.5	34.5	20.8	-999.9	0.0	2.4	96973.5	-999.9
Koutiala	1987	12	16	350	19.9	34.0	20.8	-999.9	0.0	2.8	97024.6	-999.9
Koutiala	1987	12	17	351	19.8	33.5	20.9	-999.9	0.0	2.8	97120.4	-999.9
Koutiala	1987	12	18	352	18.7	32.9	20.9	-999.9	0.0	2.8	97091.9	-999.9
Koutiala	1987	12	19	353	18.1	32.1	20.4	-999.9	0.0	2.4	97009.0	-999.9
Koutiala	1987	12	20	354	17.8	32.9	20.6	-999.9	0.0	2.2	97029.7	-999.9
Koutiala	1987	12	21	355	19.1	33.3	20.3	-999.9	0.0	2.6	97160.1	-999.9
Koutiala	1987	12	22	356	18.6	32.5	20.4	-999.9	0.0	2.5	97172.7	-999.9
Koutiala	1987	12	23	357	18.7	32.5	20.4	-999.9	0.0	2.3	96979.6	-999.9
Koutiala	1987	12	24	358	17.5	32.6	20.4	-999.9	0.0	2.1	96806.5	-999.9
Koutiala	1987	12	25	359	17.4	32.9	19.5	-999.9	0.0	2.2	96772.5	-999.9
Koutiala	1987	12	26	360	19.3	31.4	20.2	-999.9	0.0	3.0	96910.5	-999.9
Koutiala	1987	12	27	361	16.6	29.3	20.4	-999.9	0.0	2.9	97046.6	-999.9
Koutiala	1987	12	28	362	15.3	28.4	20.5	-999.9	0.0	2.9	97156.2	-999.9
Koutiala	1987	12	29	363	15.7	27.9	18.6	-999.9	0.0	2.6	97182.6	-999.9
Koutiala	1987	12	30	364	17.7	23.7	11.7	-999.9	0.2	2.6	97227.4	-999.9
Koutiala	1987	12	31	365	16.6	27.8	17.9	-999.9	0.2	3.1	97225.1	-999.9
