Koutiala	1984	1	1	1	15.5	31.5	20.5	-999.9	0.0	2.2	97013.7	-999.9
Koutiala	1984	1	2	2	18.3	32.5	20.4	-999.9	0.0	2.6	97009.8	-999.9
Koutiala	1984	1	3	3	19.3	32.6	20.3	-999.9	0.0	2.7	97116.0	-999.9
Koutiala	1984	1	4	4	18.6	32.6	20.4	-999.9	0.0	2.2	97075.2	-999.9
Koutiala	1984	1	5	5	18.1	32.5	20.4	-999.9	0.0	2.1	97024.4	-999.9
Koutiala	1984	1	6	6	17.8	31.2	20.4	-999.9	0.0	2.8	97042.7	-999.9
Koutiala	1984	1	7	7	16.7	28.2	20.4	-999.9	0.0	3.2	97234.2	-999.9
Koutiala	1984	1	8	8	14.4	27.0	20.6	-999.9	0.0	2.5	97227.4	-999.9
Koutiala	1984	1	9	9	14.3	29.6	20.6	-999.9	0.0	1.7	96993.8	-999.9
Koutiala	1984	1	10	10	16.3	32.4	20.6	-999.9	0.0	1.8	96918.1	-999.9
Koutiala	1984	1	11	11	17.9	33.1	20.5	-999.9	0.6	2.5	96922.2	-999.9
Koutiala	1984	1	12	12	18.8	33.4	20.6	-999.9	0.0	2.9	96963.6	-999.9
Koutiala	1984	1	13	13	18.4	32.7	20.9	-999.9	0.0	3.2	97044.6	-999.9
Koutiala	1984	1	14	14	17.5	32.2	21.1	-999.9	0.0	3.0	97033.0	-999.9
Koutiala	1984	1	15	15	17.8	33.2	21.0	-999.9	0.0	2.5	96907.6	-999.9
Koutiala	1984	1	16	16	18.7	32.8	21.0	-999.9	0.0	2.6	96949.8	-999.9
Koutiala	1984	1	17	17	18.4	31.8	21.1	-999.9	0.0	2.4	97009.8	-999.9
Koutiala	1984	1	18	18	17.3	31.5	21.4	-999.9	0.0	2.1	96923.0	-999.9
Koutiala	1984	1	19	19	17.0	32.0	21.3	-999.9	0.0	1.8	96830.2	-999.9
Koutiala	1984	1	20	20	17.5	32.1	21.2	-999.9	0.0	2.1	96799.8	-999.9
Koutiala	1984	1	21	21	17.8	32.7	21.3	-999.9	0.0	2.3	96877.9	-999.9
Koutiala	1984	1	22	22	18.8	33.1	21.4	-999.9	0.0	2.5	96937.9	-999.9
Koutiala	1984	1	23	23	18.6	32.4	21.6	-999.9	0.0	3.0	96930.7	-999.9
Koutiala	1984	1	24	24	17.1	31.7	21.7	-999.9	0.0	2.7	96895.1	-999.9
Koutiala	1984	1	25	25	16.7	32.6	21.9	-999.9	0.0	2.4	96838.0	-999.9
Koutiala	1984	1	26	26	17.7	33.8	21.8	-999.9	0.0	2.0	96772.6	-999.9
Koutiala	1984	1	27	27	17.9	34.4	21.8	-999.9	0.0	2.1	96724.8	-999.9
Koutiala	1984	1	28	28	18.2	34.7	21.8	-999.9	0.0	2.0	96691.4	-999.9
Koutiala	1984	1	29	29	18.2	34.9	21.8	-999.9	0.0	1.9	96700.9	-999.9
Koutiala	1984	1	30	30	18.7	33.3	21.8	-999.9	0.0	2.6	96741.0	-999.9
Koutiala	1984	1	31	31	18.8	31.5	21.7	-999.9	0.0	3.3	96880.2	-999.9
Koutiala	1984	2	1	32	17.4	29.9	21.8	-999.9	0.0	3.1	96926.4	-999.9
Koutiala	1984	2	2	33	16.2	29.9	21.8	-999.9	0.0	2.5	96911.2	-999.9
Koutiala	1984	2	3	34	16.5	30.4	22.0	-999.9	0.0	2.8	96889.3	-999.9
Koutiala	1984	2	4	35	16.4	30.0	22.4	-999.9	0.0	3.3	97003.8	-999.9
Koutiala	1984	2	5	36	15.0	28.0	22.9	-999.9	0.0	3.1	97049.4	-999.9
Koutiala	1984	2	6	37	13.7	29.4	22.9	-999.9	0.0	2.9	97012.3	-999.9
Koutiala	1984	2	7	38	15.1	29.3	22.9	-999.9	0.0	3.0	97086.1	-999.9
Koutiala	1984	2	8	39	15.4	29.7	22.9	-999.9	0.0	2.7	97070.9	-999.9
Koutiala	1984	2	9	40	14.9	30.2	22.7	-999.9	0.0	2.2	96955.8	-999.9
Koutiala	1984	2	10	41	15.2	31.5	22.8	-999.9	0.0	2.2	96885.6	-999.9
Koutiala	1984	2	11	42	17.4	33.2	22.7	-999.9	0.0	2.2	96872.2	-999.9
Koutiala	1984	2	12	43	17.2	33.3	22.7	-999.9	0.0	2.4	96897.3	-999.9
Koutiala	1984	2	13	44	17.7	33.3	22.8	-999.9	0.0	2.6	96902.2	-999.9
Koutiala	1984	2	14	45	17.8	32.7	23.0	-999.9	0.0	2.6	96859.3	-999.9
Koutiala	1984	2	15	46	17.7	33.8	23.0	-999.9	0.0	2.5	96817.4	-999.9
Koutiala	1984	2	16	47	18.6	34.6	23.0	-999.9	0.0	2.8	96754.9	-999.9
Koutiala	1984	2	17	48	18.9	34.5	23.1	-999.9	0.0	3.0	96690.6	-999.9
Koutiala	1984	2	18	49	19.3	34.6	23.4	-999.9	0.0	3.1	96740.6	-999.9
Koutiala	1984	2	19	50	18.8	34.8	23.5	-999.9	0.0	2.8	96759.3	-999.9
Koutiala	1984	2	20	51	18.4	35.1	23.6	-999.9	0.0	2.4	96751.9	-999.9
Koutiala	1984	2	21	52	19.4	35.5	23.6	-999.9	0.0	2.6	96748.1	-999.9
Koutiala	1984	2	22	53	19.5	35.5	23.4	-999.9	0.0	2.8	96763.9	-999.9
Koutiala	1984	2	23	54	20.5	35.4	23.4	-999.9	0.0	3.2	96773.4	-999.9
Koutiala	1984	2	24	55	19.9	35.4	23.6	-999.9	0.0	2.5	96673.1	-999.9
Koutiala	1984	2	25	56	20.4	35.9	23.6	-999.9	0.0	2.6	96571.4	-999.9
Koutiala	1984	2	26	57	20.4	36.6	23.5	-999.9	0.0	2.7	96515.6	-999.9
Koutiala	1984	2	27	58	21.0	37.6	23.7	-999.9	0.0	2.3	96519.6	-999.9
Koutiala	1984	2	28	59	22.0	37.4	22.3	-999.9	0.0	1.9	96571.6	-999.9
Koutiala	1984	2	29	60	22.4	38.3	23.4	-999.9	0.0	2.3	96524.0	-999.9
Koutiala	1984	3	1	61	21.0	38.1	24.4	-999.9	0.0	2.6	96527.2	-999.9
Koutiala	1984	3	2	62	19.4	37.6	24.7	-999.9	0.0	2.4	96674.3	-999.9
Koutiala	1984	3	3	63	21.8	38.1	23.8	-999.9	0.0	2.4	96622.5	-999.9
Koutiala	1984	3	4	64	20.0	37.9	24.8	-999.9	0.0	2.3	96555.5	-999.9
Koutiala	1984	3	5	65	22.6	38.2	23.3	-999.9	0.0	2.1	96531.4	-999.9
Koutiala	1984	3	6	66	25.5	37.4	21.0	-999.9	0.0	1.8	96510.5	-999.9
Koutiala	1984	3	7	67	25.9	37.3	20.8	-999.9	0.0	2.1	96371.3	-999.9
Koutiala	1984	3	8	68	23.0	37.8	24.3	-999.9	0.0	2.3	96375.3	-999.9
Koutiala	1984	3	9	69	22.4	37.5	24.3	-999.9	0.0	1.5	96401.3	-999.9
Koutiala	1984	3	10	70	25.6	37.1	21.1	-999.9	0.0	1.7	96468.1	-999.9
Koutiala	1984	3	11	71	24.0	33.6	18.2	-999.9	2.4	1.5	96732.5	-999.9
Koutiala	1984	3	12	72	23.6	31.3	17.4	-999.9	0.0	1.8	96889.5	-999.9
Koutiala	1984	3	13	73	22.3	35.2	23.1	-999.9	0.0	1.8	96715.4	-999.9
Koutiala	1984	3	14	74	25.0	35.5	20.5	-999.9	0.0	1.5	96582.5	-999.9
Koutiala	1984	3	15	75	26.1	35.7	21.4	-999.9	0.0	2.4	96520.0	-999.9
Koutiala	1984	3	16	76	24.9	36.3	23.6	-999.9	0.0	1.8	96502.1	-999.9
Koutiala	1984	3	17	77	24.8	37.5	24.5	-999.9	0.0	2.3	96451.8	-999.9
Koutiala	1984	3	18	78	23.5	38.6	24.0	-999.9	0.0	2.4	96471.5	-999.9
Koutiala	1984	3	19	79	24.4	39.4	24.9	-999.9	0.0	2.1	96385.2	-999.9
Koutiala	1984	3	20	80	24.8	39.3	24.1	-999.9	0.0	2.2	96267.5	-999.9
Koutiala	1984	3	21	81	27.0	38.0	22.8	-999.9	0.0	2.1	96432.1	-999.9
Koutiala	1984	3	22	82	25.3	37.1	23.9	-999.9	0.0	2.9	96560.4	-999.9
Koutiala	1984	3	23	83	25.3	34.9	23.5	-999.9	0.0	3.0	96820.3	-999.9
Koutiala	1984	3	24	84	23.6	35.3	24.5	-999.9	0.0	2.8	96879.6	-999.9
Koutiala	1984	3	25	85	23.8	36.2	25.1	-999.9	0.0	2.6	96784.0	-999.9
Koutiala	1984	3	26	86	21.6	37.1	25.7	-999.9	0.0	2.2	96679.4	-999.9
Koutiala	1984	3	27	87	22.2	37.8	25.6	-999.9	0.0	2.2	96579.7	-999.9
Koutiala	1984	3	28	88	23.1	38.6	25.9	-999.9	0.0	2.7	96611.8	-999.9
Koutiala	1984	3	29	89	23.4	38.6	26.0	-999.9	0.0	2.7	96708.5	-999.9
Koutiala	1984	3	30	90	24.8	39.1	25.8	-999.9	0.0	2.9	96637.7	-999.9
Koutiala	1984	3	31	91	23.0	38.4	26.1	-999.9	0.0	2.0	96545.2	-999.9
Koutiala	1984	4	1	92	21.6	38.9	26.0	-999.9	0.0	2.2	96518.2	-999.9
Koutiala	1984	4	2	93	22.0	38.7	25.9	-999.9	0.0	2.1	96466.3	-999.9
Koutiala	1984	4	3	94	24.0	38.2	24.0	-999.9	0.0	1.6	96479.7	-999.9
Koutiala	1984	4	4	95	27.6	37.2	21.3	-999.9	0.0	2.0	96547.6	-999.9
Koutiala	1984	4	5	96	24.5	39.5	25.6	-999.9	0.0	2.2	96529.2	-999.9
Koutiala	1984	4	6	97	22.6	39.2	25.3	-999.9	0.0	2.1	96588.1	-999.9
Koutiala	1984	4	7	98	24.1	40.1	26.1	-999.9	0.0	1.9	96436.0	-999.9
Koutiala	1984	4	8	99	25.9	39.6	25.2	-999.9	0.0	2.0	96401.0	-999.9
Koutiala	1984	4	9	100	27.6	39.0	23.7	-999.9	0.0	2.5	96450.6	-999.9
Koutiala	1984	4	10	101	28.6	37.7	22.3	-999.9	3.0	2.9	96608.4	-999.9
Koutiala	1984	4	11	102	26.4	38.0	23.0	-999.9	0.0	1.9	96692.0	-999.9
Koutiala	1984	4	12	103	28.4	38.2	19.9	-999.9	0.0	2.3	96599.1	-999.9
Koutiala	1984	4	13	104	26.7	39.1	22.6	-999.9	0.0	2.4	96510.3	-999.9
Koutiala	1984	4	14	105	25.6	37.7	22.1	-999.9	0.0	2.9	96605.2	-999.9
Koutiala	1984	4	15	106	27.3	38.7	23.0	-999.9	0.0	2.1	96596.0	-999.9
Koutiala	1984	4	16	107	25.3	37.2	23.5	-999.9	2.1	1.9	96588.0	-999.9
Koutiala	1984	4	17	108	26.5	38.7	22.3	-999.9	0.0	1.3	96473.1	-999.9
Koutiala	1984	4	18	109	27.1	39.0	23.6	-999.9	0.0	1.7	96491.0	-999.9
Koutiala	1984	4	19	110	24.1	39.5	26.0	-999.9	0.0	1.9	96521.3	-999.9
Koutiala	1984	4	20	111	23.2	38.7	26.3	-999.9	2.1	1.4	96478.2	-999.9
Koutiala	1984	4	21	112	23.9	39.4	25.8	-999.9	0.0	2.1	96415.8	-999.9
Koutiala	1984	4	22	113	22.4	39.4	26.0	-999.9	0.0	2.0	96496.2	-999.9
Koutiala	1984	4	23	114	26.6	38.5	23.5	-999.9	2.1	2.3	96617.3	-999.9
Koutiala	1984	4	24	115	27.4	38.0	21.7	-999.9	2.1	2.9	96664.8	-999.9
Koutiala	1984	4	25	116	25.9	36.8	22.6	-999.9	0.0	2.6	96651.1	-999.9
Koutiala	1984	4	26	117	25.0	36.1	23.0	-999.9	0.0	2.7	96630.6	-999.9
Koutiala	1984	4	27	118	25.9	37.5	23.4	-999.9	3.2	1.7	96708.2	-999.9
Koutiala	1984	4	28	119	26.0	38.0	21.5	-999.9	0.0	2.0	96645.8	-999.9
Koutiala	1984	4	29	120	28.0	38.3	21.3	-999.9	0.0	3.1	96525.4	-999.9
Koutiala	1984	4	30	121	27.2	36.0	19.3	-999.9	6.4	2.0	96694.1	-999.9
Koutiala	1984	5	1	122	26.7	38.4	21.5	-999.9	0.0	2.4	96711.0	-999.9
Koutiala	1984	5	2	123	26.5	34.8	16.1	-999.9	2.8	1.8	96829.4	-999.9
Koutiala	1984	5	3	124	26.8	37.1	23.1	-999.9	0.0	3.3	96701.0	-999.9
Koutiala	1984	5	4	125	26.9	39.7	24.6	-999.9	0.0	3.1	96497.3	-999.9
Koutiala	1984	5	5	126	26.3	39.1	25.0	-999.9	0.0	2.6	96539.4	-999.9
Koutiala	1984	5	6	127	27.2	36.9	22.6	-999.9	0.0	2.1	96673.1	-999.9
Koutiala	1984	5	7	128	27.0	38.3	22.6	-999.9	0.0	2.2	96563.8	-999.9
Koutiala	1984	5	8	129	27.0	38.0	21.8	-999.9	0.0	2.8	96492.0	-999.9
Koutiala	1984	5	9	130	24.5	34.9	18.4	-999.9	6.9	2.2	96600.7	-999.9
Koutiala	1984	5	10	131	26.1	34.4	22.2	-999.9	0.0	2.1	96531.6	-999.9
Koutiala	1984	5	11	132	24.2	33.7	18.5	-999.9	6.0	1.8	96642.5	-999.9
Koutiala	1984	5	12	133	24.5	37.2	24.6	-999.9	0.0	1.8	96602.2	-999.9
Koutiala	1984	5	13	134	23.4	38.6	25.7	-999.9	0.0	1.7	96533.0	-999.9
Koutiala	1984	5	14	135	24.9	38.4	25.4	-999.9	0.0	2.0	96451.0	-999.9
Koutiala	1984	5	15	136	26.0	38.8	24.7	-999.9	0.0	2.5	96343.3	-999.9
Koutiala	1984	5	16	137	26.7	37.8	22.8	-999.9	4.9	2.8	96507.8	-999.9
Koutiala	1984	5	17	138	25.5	35.6	22.6	-999.9	0.0	2.3	96759.2	-999.9
Koutiala	1984	5	18	139	25.5	37.5	23.4	-999.9	0.0	1.7	96737.6	-999.9
Koutiala	1984	5	19	140	27.2	37.3	23.0	-999.9	2.4	2.3	96630.5	-999.9
Koutiala	1984	5	20	141	25.6	38.3	24.2	-999.9	0.0	2.7	96539.4	-999.9
Koutiala	1984	5	21	142	26.4	37.5	23.7	-999.9	0.0	2.4	96656.2	-999.9
Koutiala	1984	5	22	143	27.6	35.4	21.0	-999.9	4.5	2.5	96732.4	-999.9
Koutiala	1984	5	23	144	25.8	36.4	22.3	-999.9	0.0	1.9	96744.6	-999.9
Koutiala	1984	5	24	145	26.1	32.8	18.5	-999.9	0.0	1.6	96676.9	-999.9
Koutiala	1984	5	25	146	25.2	35.9	23.9	-999.9	0.0	1.8	96528.1	-999.9
Koutiala	1984	5	26	147	23.9	34.4	21.2	-999.9	4.4	2.1	96594.8	-999.9
Koutiala	1984	5	27	148	25.5	34.6	23.2	-999.9	0.0	2.0	96802.3	-999.9
Koutiala	1984	5	28	149	24.6	35.5	24.6	-999.9	0.0	2.2	96858.6	-999.9
Koutiala	1984	5	29	150	24.3	37.0	24.9	-999.9	0.0	3.1	96558.6	-999.9
Koutiala	1984	5	30	151	25.4	35.9	23.3	-999.9	8.9	2.6	96580.0	-999.9
Koutiala	1984	5	31	152	24.2	31.7	20.4	-999.9	13.3	2.0	96901.9	-999.9
Koutiala	1984	6	1	153	23.4	29.2	15.2	-999.9	5.4	1.8	97134.9	-999.9
Koutiala	1984	6	2	154	22.7	31.5	23.5	-999.9	0.0	1.2	97118.6	-999.9
Koutiala	1984	6	3	155	24.1	34.0	23.4	-999.9	5.4	1.8	96918.6	-999.9
Koutiala	1984	6	4	156	24.7	37.3	25.0	-999.9	0.0	2.2	96702.5	-999.9
Koutiala	1984	6	5	157	25.2	35.2	23.9	-999.9	0.0	2.4	96800.9	-999.9
Koutiala	1984	6	6	158	25.4	34.8	22.4	-999.9	0.0	2.2	96838.5	-999.9
Koutiala	1984	6	7	159	24.4	34.5	23.9	-999.9	0.0	2.0	96860.5	-999.9
Koutiala	1984	6	8	160	24.6	35.1	22.9	-999.9	0.0	1.7	96768.8	-999.9
Koutiala	1984	6	9	161	25.0	34.7	22.6	-999.9	0.0	2.4	96703.6	-999.9
Koutiala	1984	6	10	162	25.7	35.6	24.4	-999.9	0.0	2.4	96761.2	-999.9
Koutiala	1984	6	11	163	25.8	36.3	22.7	-999.9	0.0	2.6	96732.5	-999.9
Koutiala	1984	6	12	164	26.1	38.5	24.6	-999.9	0.0	3.6	96400.6	-999.9
Koutiala	1984	6	13	165	25.1	34.1	22.0	-999.9	8.7	2.7	96685.1	-999.9
Koutiala	1984	6	14	166	24.3	32.1	21.7	-999.9	0.0	2.2	97024.3	-999.9
Koutiala	1984	6	15	167	23.4	34.6	23.1	-999.9	0.0	1.7	97018.9	-999.9
Koutiala	1984	6	16	168	24.7	36.2	23.7	-999.9	4.5	2.6	96704.0	-999.9
Koutiala	1984	6	17	169	24.3	34.3	22.4	-999.9	9.1	3.1	96663.8	-999.9
Koutiala	1984	6	18	170	23.7	34.2	22.0	-999.9	0.0	1.9	96896.9	-999.9
Koutiala	1984	6	19	171	24.0	31.5	16.3	-999.9	4.5	1.8	97032.6	-999.9
Koutiala	1984	6	20	172	24.3	32.7	21.6	-999.9	0.0	2.5	96862.2	-999.9
Koutiala	1984	6	21	173	23.0	30.6	20.7	-999.9	0.0	2.6	96838.9	-999.9
Koutiala	1984	6	22	174	23.7	31.3	22.1	-999.9	10.1	2.2	96899.8	-999.9
Koutiala	1984	6	23	175	24.3	32.3	23.4	-999.9	0.0	1.7	96886.0	-999.9
Koutiala	1984	6	24	176	22.7	30.3	19.2	-999.9	0.0	1.8	96944.0	-999.9
Koutiala	1984	6	25	177	22.9	31.1	21.2	-999.9	10.1	1.7	96937.1	-999.9
Koutiala	1984	6	26	178	22.1	29.9	19.5	-999.9	9.9	1.4	96919.6	-999.9
Koutiala	1984	6	27	179	22.6	30.7	22.3	-999.9	9.9	1.7	96982.7	-999.9
Koutiala	1984	6	28	180	23.0	31.2	22.3	-999.9	0.0	1.8	97058.6	-999.9
Koutiala	1984	6	29	181	23.2	32.3	24.3	-999.9	5.0	1.8	96930.6	-999.9
Koutiala	1984	6	30	182	24.5	34.0	23.7	-999.9	0.0	2.8	96725.7	-999.9
Koutiala	1984	7	1	183	23.5	33.1	22.3	-999.9	12.3	3.3	96788.1	-999.9
Koutiala	1984	7	2	184	23.8	31.5	22.6	-999.9	0.0	2.4	97005.5	-999.9
Koutiala	1984	7	3	185	23.5	32.5	22.2	-999.9	0.0	1.4	96936.5	-999.9
Koutiala	1984	7	4	186	23.2	33.1	23.2	-999.9	8.2	1.1	96747.6	-999.9
Koutiala	1984	7	5	187	23.0	31.8	22.6	-999.9	0.0	2.4	96705.7	-999.9
Koutiala	1984	7	6	188	23.4	31.0	19.0	-999.9	9.5	2.5	96650.3	-999.9
Koutiala	1984	7	7	189	23.3	27.2	13.0	-999.9	19.1	1.9	96785.7	-999.9
Koutiala	1984	7	8	190	22.7	30.1	21.6	-999.9	0.0	1.6	96916.3	-999.9
Koutiala	1984	7	9	191	23.3	31.0	21.4	-999.9	0.0	1.6	96806.9	-999.9
Koutiala	1984	7	10	192	25.2	32.8	22.5	-999.9	9.5	2.8	96577.0	-999.9
Koutiala	1984	7	11	193	23.9	31.2	23.0	-999.9	0.0	2.5	96622.6	-999.9
Koutiala	1984	7	12	194	23.1	31.3	23.4	-999.9	0.0	2.1	96912.9	-999.9
Koutiala	1984	7	13	195	23.2	30.5	20.6	-999.9	4.3	2.0	97096.3	-999.9
Koutiala	1984	7	14	196	23.5	33.5	22.9	-999.9	0.0	2.0	96997.0	-999.9
Koutiala	1984	7	15	197	22.5	28.2	15.0	-999.9	8.5	2.8	96948.3	-999.9
Koutiala	1984	7	16	198	22.2	27.9	13.5	-999.9	5.3	1.8	96902.1	-999.9
Koutiala	1984	7	17	199	21.3	28.5	19.5	-999.9	0.0	2.3	96855.0	-999.9
Koutiala	1984	7	18	200	22.1	29.3	21.2	-999.9	0.0	1.9	96990.0	-999.9
Koutiala	1984	7	19	201	22.5	29.3	16.5	-999.9	2.7	1.6	97087.6	-999.9
Koutiala	1984	7	20	202	21.9	30.0	22.6	-999.9	2.7	1.6	96966.5	-999.9
Koutiala	1984	7	21	203	22.6	29.6	20.5	-999.9	12.6	2.2	96863.0	-999.9
Koutiala	1984	7	22	204	21.9	31.0	24.1	-999.9	0.0	1.5	96819.6	-999.9
Koutiala	1984	7	23	205	22.7	31.3	23.4	-999.9	14.4	1.7	96772.8	-999.9
Koutiala	1984	7	24	206	22.2	30.2	17.9	-999.9	6.3	2.2	96751.2	-999.9
Koutiala	1984	7	25	207	21.6	29.3	18.8	-999.9	0.0	1.7	96872.9	-999.9
Koutiala	1984	7	26	208	22.3	30.3	22.3	-999.9	4.0	1.1	96910.5	-999.9
Koutiala	1984	7	27	209	22.2	29.5	18.6	-999.9	1.2	2.0	96887.5	-999.9
Koutiala	1984	7	28	210	21.7	29.6	21.7	-999.9	0.5	2.0	96987.5	-999.9
Koutiala	1984	7	29	211	22.4	30.1	22.1	-999.9	0.0	2.3	96959.8	-999.9
Koutiala	1984	7	30	212	22.9	29.1	16.7	-999.9	25.3	2.0	96984.0	-999.9
Koutiala	1984	7	31	213	21.9	30.3	22.3	-999.9	0.4	1.7	97014.4	-999.9
Koutiala	1984	8	1	214	22.4	28.6	16.9	-999.9	0.0	1.4	97118.1	-999.9
Koutiala	1984	8	2	215	22.1	29.1	20.8	-999.9	4.0	1.7	97131.0	-999.9
Koutiala	1984	8	3	216	22.8	29.9	21.6	-999.9	0.0	1.6	97090.3	-999.9
Koutiala	1984	8	4	217	22.6	30.0	22.8	-999.9	8.9	1.7	97054.5	-999.9
Koutiala	1984	8	5	218	23.1	31.3	23.5	-999.9	0.0	1.5	97037.8	-999.9
Koutiala	1984	8	6	219	22.9	29.3	19.2	-999.9	0.0	1.8	96941.1	-999.9
Koutiala	1984	8	7	220	22.6	29.4	17.8	-999.9	0.0	1.8	96905.3	-999.9
Koutiala	1984	8	8	221	21.9	29.2	19.5	-999.9	2.8	1.9	96955.8	-999.9
Koutiala	1984	8	9	222	22.2	30.2	22.4	-999.9	0.0	1.7	96930.0	-999.9
Koutiala	1984	8	10	223	23.2	30.6	20.6	-999.9	0.0	1.9	96908.6	-999.9
Koutiala	1984	8	11	224	23.0	30.6	21.2	-999.9	19.9	2.1	96956.8	-999.9
Koutiala	1984	8	12	225	22.6	30.0	21.5	-999.9	8.0	1.4	96952.0	-999.9
Koutiala	1984	8	13	226	22.3	30.0	21.8	-999.9	0.0	1.4	96953.7	-999.9
Koutiala	1984	8	14	227	22.9	29.7	19.1	-999.9	0.0	1.7	96940.4	-999.9
Koutiala	1984	8	15	228	22.8	31.4	24.0	-999.9	12.2	1.5	96969.1	-999.9
Koutiala	1984	8	16	229	22.7	31.2	23.1	-999.9	0.0	1.4	96934.3	-999.9
Koutiala	1984	8	17	230	21.4	31.4	23.4	-999.9	0.0	1.5	96970.9	-999.9
Koutiala	1984	8	18	231	23.1	28.5	16.0	-999.9	32.0	1.9	96984.8	-999.9
Koutiala	1984	8	19	232	21.8	26.6	11.4	-999.9	0.0	1.9	96954.1	-999.9
Koutiala	1984	8	20	233	21.7	30.1	20.9	-999.9	0.0	1.9	96962.3	-999.9
Koutiala	1984	8	21	234	22.7	30.4	21.8	-999.9	0.0	1.4	97010.2	-999.9
Koutiala	1984	8	22	235	22.6	31.5	22.6	-999.9	0.0	1.4	96866.4	-999.9
Koutiala	1984	8	23	236	21.7	31.1	23.6	-999.9	9.4	1.6	96799.8	-999.9
Koutiala	1984	8	24	237	23.1	30.7	23.1	-999.9	0.0	1.7	96888.9	-999.9
Koutiala	1984	8	25	238	23.4	30.4	21.4	-999.9	10.4	1.6	96951.2	-999.9
Koutiala	1984	8	26	239	22.6	30.7	21.5	-999.9	0.0	1.5	96911.9	-999.9
Koutiala	1984	8	27	240	23.5	30.5	19.5	-999.9	3.9	1.9	96977.1	-999.9
Koutiala	1984	8	28	241	22.6	30.5	23.1	-999.9	1.1	1.2	97004.1	-999.9
Koutiala	1984	8	29	242	23.1	31.4	21.1	-999.9	0.0	1.6	96934.6	-999.9
Koutiala	1984	8	30	243	24.0	33.4	22.3	-999.9	0.0	2.3	96789.6	-999.9
Koutiala	1984	8	31	244	23.8	30.1	19.2	-999.9	0.0	2.4	96945.1	-999.9
Koutiala	1984	9	1	245	22.8	29.8	19.6	-999.9	0.8	2.1	97018.3	-999.9
Koutiala	1984	9	2	246	22.1	30.4	21.2	-999.9	0.0	2.2	97088.1	-999.9
Koutiala	1984	9	3	247	22.0	31.5	23.9	-999.9	0.0	1.9	97165.6	-999.9
Koutiala	1984	9	4	248	22.0	30.1	20.0	-999.9	0.0	2.5	97077.4	-999.9
Koutiala	1984	9	5	249	21.7	28.0	17.9	-999.9	2.1	2.4	96930.2	-999.9
Koutiala	1984	9	6	250	21.7	29.0	19.8	-999.9	23.6	1.5	96972.7	-999.9
Koutiala	1984	9	7	251	21.9	29.1	21.0	-999.9	2.2	1.5	97077.1	-999.9
Koutiala	1984	9	8	252	22.2	29.5	20.2	-999.9	0.0	1.0	97065.5	-999.9
Koutiala	1984	9	9	253	22.4	30.2	22.9	-999.9	0.0	2.1	96807.8	-999.9
Koutiala	1984	9	10	254	23.0	30.7	21.8	-999.9	0.0	2.1	96699.8	-999.9
Koutiala	1984	9	11	255	21.9	29.7	19.4	-999.9	39.7	1.8	96792.8	-999.9
Koutiala	1984	9	12	256	22.2	26.9	13.7	-999.9	0.0	1.2	96866.4	-999.9
Koutiala	1984	9	13	257	21.4	28.4	16.3	-999.9	0.0	1.6	96905.3	-999.9
Koutiala	1984	9	14	258	20.8	30.1	23.2	-999.9	0.0	1.7	96818.7	-999.9
Koutiala	1984	9	15	259	21.5	27.6	14.6	-999.9	13.2	1.3	96853.8	-999.9
Koutiala	1984	9	16	260	21.6	30.1	23.1	-999.9	0.0	1.5	96868.6	-999.9
Koutiala	1984	9	17	261	22.6	32.7	23.8	-999.9	2.8	1.8	96780.9	-999.9
Koutiala	1984	9	18	262	22.8	29.5	19.7	-999.9	0.0	2.2	96883.7	-999.9
Koutiala	1984	9	19	263	21.8	28.3	18.8	-999.9	0.8	1.3	96786.2	-999.9
Koutiala	1984	9	20	264	21.7	30.4	22.4	-999.9	0.0	1.9	96708.4	-999.9
Koutiala	1984	9	21	265	22.4	30.9	21.4	-999.9	17.5	1.6	96754.0	-999.9
Koutiala	1984	9	22	266	22.1	29.0	19.1	-999.9	0.0	1.7	96921.1	-999.9
Koutiala	1984	9	23	267	21.1	31.2	23.8	-999.9	0.0	1.6	96867.1	-999.9
Koutiala	1984	9	24	268	22.6	32.4	23.9	-999.9	8.7	2.0	96690.9	-999.9
Koutiala	1984	9	25	269	23.3	32.3	22.3	-999.9	8.7	2.0	96730.7	-999.9
Koutiala	1984	9	26	270	22.2	32.9	23.5	-999.9	0.0	1.8	96781.2	-999.9
Koutiala	1984	9	27	271	23.2	32.5	21.9	-999.9	12.3	2.1	96828.7	-999.9
Koutiala	1984	9	28	272	22.6	28.6	16.5	-999.9	0.0	1.5	96910.6	-999.9
Koutiala	1984	9	29	273	22.2	30.2	19.1	-999.9	4.1	1.4	96976.4	-999.9
Koutiala	1984	9	30	274	21.9	27.7	13.2	-999.9	8.2	2.0	97060.0	-999.9
Koutiala	1984	10	1	275	21.3	27.5	14.2	-999.9	2.8	2.1	97010.3	-999.9
Koutiala	1984	10	2	276	21.1	28.0	15.6	-999.9	17.1	1.6	96930.8	-999.9
Koutiala	1984	10	3	277	21.3	26.6	13.1	-999.9	7.2	1.5	96994.0	-999.9
Koutiala	1984	10	4	278	21.7	29.9	20.3	-999.9	0.9	1.4	96997.4	-999.9
Koutiala	1984	10	5	279	21.7	31.2	22.6	-999.9	0.0	1.4	96945.7	-999.9
Koutiala	1984	10	6	280	23.1	31.5	21.8	-999.9	0.0	1.8	96930.4	-999.9
Koutiala	1984	10	7	281	23.1	32.4	22.0	-999.9	0.0	1.9	96951.1	-999.9
Koutiala	1984	10	8	282	22.1	30.3	20.5	-999.9	0.0	2.1	96975.4	-999.9
Koutiala	1984	10	9	283	22.0	30.7	20.6	-999.9	4.7	1.5	97024.3	-999.9
Koutiala	1984	10	10	284	21.5	30.0	19.2	-999.9	2.7	1.1	97144.4	-999.9
Koutiala	1984	10	11	285	20.1	31.6	23.7	-999.9	0.0	1.6	97119.4	-999.9
Koutiala	1984	10	12	286	19.4	31.4	22.3	-999.9	0.0	1.6	96928.0	-999.9
Koutiala	1984	10	13	287	22.2	31.5	21.7	-999.9	0.0	1.8	96879.3	-999.9
Koutiala	1984	10	14	288	22.1	32.5	22.1	-999.9	11.0	1.4	96886.7	-999.9
Koutiala	1984	10	15	289	22.2	30.5	18.3	-999.9	0.0	1.1	96944.1	-999.9
Koutiala	1984	10	16	290	22.8	34.8	21.5	-999.9	0.0	1.9	96828.8	-999.9
Koutiala	1984	10	17	291	24.0	32.6	20.0	-999.9	5.0	2.2	96916.6	-999.9
Koutiala	1984	10	18	292	22.7	34.5	22.1	-999.9	0.0	1.8	96836.1	-999.9
Koutiala	1984	10	19	293	23.2	34.3	21.1	-999.9	0.0	1.5	96852.0	-999.9
Koutiala	1984	10	20	294	22.9	35.2	21.5	-999.9	0.0	1.5	96909.6	-999.9
Koutiala	1984	10	21	295	23.8	35.9	20.2	-999.9	0.0	1.5	96798.8	-999.9
Koutiala	1984	10	22	296	23.7	35.3	20.5	-999.9	0.0	1.6	96803.3	-999.9
Koutiala	1984	10	23	297	24.1	35.5	20.8	-999.9	0.0	1.5	96783.2	-999.9
Koutiala	1984	10	24	298	23.5	34.9	20.6	-999.9	0.0	1.5	96725.2	-999.9
Koutiala	1984	10	25	299	22.8	34.3	19.8	-999.9	0.0	1.7	96733.9	-999.9
Koutiala	1984	10	26	300	23.7	34.9	19.8	-999.9	0.0	1.5	96672.3	-999.9
Koutiala	1984	10	27	301	23.9	36.9	22.7	-999.9	0.0	1.6	96569.8	-999.9
Koutiala	1984	10	28	302	22.0	35.9	20.7	-999.9	0.0	1.4	96584.0	-999.9
Koutiala	1984	10	29	303	22.6	36.1	20.8	-999.9	0.0	1.9	96478.5	-999.9
Koutiala	1984	10	30	304	22.8	35.0	20.7	-999.9	0.0	2.1	96509.9	-999.9
Koutiala	1984	10	31	305	24.2	35.0	20.2	-999.9	0.0	1.6	96662.9	-999.9
Koutiala	1984	11	1	306	23.6	36.9	21.8	-999.9	0.9	1.9	96681.5	-999.9
Koutiala	1984	11	2	307	26.6	36.6	21.7	-999.9	0.0	2.4	96752.9	-999.9
Koutiala	1984	11	3	308	25.0	36.6	22.1	-999.9	0.0	3.2	96772.9	-999.9
Koutiala	1984	11	4	309	23.5	35.6	22.1	-999.9	0.0	2.5	96789.4	-999.9
Koutiala	1984	11	5	310	22.6	35.2	22.2	-999.9	0.0	2.5	96674.0	-999.9
Koutiala	1984	11	6	311	22.2	35.2	21.9	-999.9	0.0	1.7	96668.7	-999.9
Koutiala	1984	11	7	312	22.1	35.5	22.0	-999.9	0.0	2.0	96769.9	-999.9
Koutiala	1984	11	8	313	23.2	35.6	20.2	-999.9	0.0	1.5	96727.2	-999.9
Koutiala	1984	11	9	314	25.3	34.7	19.1	-999.9	0.0	1.8	96609.4	-999.9
Koutiala	1984	11	10	315	24.4	34.9	18.3	-999.9	0.6	1.8	96531.4	-999.9
Koutiala	1984	11	11	316	23.3	34.8	20.9	-999.9	0.0	1.9	96640.5	-999.9
Koutiala	1984	11	12	317	23.3	33.3	18.3	-999.9	0.0	1.4	96839.4	-999.9
Koutiala	1984	11	13	318	23.7	33.3	18.7	-999.9	0.0	1.5	96905.6	-999.9
Koutiala	1984	11	14	319	23.0	32.8	18.6	-999.9	0.3	1.1	96922.3	-999.9
Koutiala	1984	11	15	320	21.9	30.4	17.2	-999.9	0.0	1.8	96916.6	-999.9
Koutiala	1984	11	16	321	22.1	32.2	18.6	-999.9	0.1	2.2	96979.1	-999.9
Koutiala	1984	11	17	322	22.2	33.5	20.1	-999.9	0.0	2.7	97014.2	-999.9
Koutiala	1984	11	18	323	22.3	33.6	20.5	-999.9	0.0	3.3	97005.7	-999.9
Koutiala	1984	11	19	324	23.0	34.7	20.6	-999.9	0.0	3.3	96969.1	-999.9
Koutiala	1984	11	20	325	23.3	35.0	20.7	-999.9	0.0	2.4	97020.6	-999.9
Koutiala	1984	11	21	326	20.2	34.6	19.6	-999.9	0.0	1.4	96967.8	-999.9
Koutiala	1984	11	22	327	20.4	35.7	21.3	-999.9	0.0	2.7	96922.7	-999.9
Koutiala	1984	11	23	328	21.1	35.7	21.3	-999.9	0.0	2.7	96989.3	-999.9
Koutiala	1984	11	24	329	21.4	35.4	21.4	-999.9	0.0	2.7	96991.2	-999.9
Koutiala	1984	11	25	330	21.4	35.4	21.4	-999.9	0.0	2.5	97005.9	-999.9
Koutiala	1984	11	26	331	19.9	34.5	21.3	-999.9	0.0	2.1	96984.6	-999.9
Koutiala	1984	11	27	332	18.5	33.8	21.3	-999.9	0.0	1.9	97030.6	-999.9
Koutiala	1984	11	28	333	18.5	33.7	21.2	-999.9	0.0	1.5	96942.0	-999.9
Koutiala	1984	11	29	334	18.3	34.3	20.9	-999.9	0.0	1.0	96822.4	-999.9
Koutiala	1984	11	30	335	18.8	34.0	20.8	-999.9	0.0	1.7	96865.1	-999.9
Koutiala	1984	12	1	336	19.5	34.2	20.8	-999.9	0.0	2.3	96947.7	-999.9
Koutiala	1984	12	2	337	20.4	34.2	20.8	-999.9	0.0	2.5	96929.6	-999.9
Koutiala	1984	12	3	338	19.3	33.7	20.8	-999.9	0.0	2.2	96886.0	-999.9
Koutiala	1984	12	4	339	19.5	33.2	20.8	-999.9	0.0	2.3	96957.7	-999.9
Koutiala	1984	12	5	340	17.0	32.9	20.8	-999.9	0.0	2.0	96962.1	-999.9
Koutiala	1984	12	6	341	17.7	32.9	20.8	-999.9	0.0	2.0	96899.3	-999.9
Koutiala	1984	12	7	342	17.4	33.2	20.5	-999.9	0.0	1.9	96906.5	-999.9
Koutiala	1984	12	8	343	18.6	33.4	19.9	-999.9	0.6	1.8	96966.2	-999.9
Koutiala	1984	12	9	344	21.1	33.7	19.9	-999.9	0.0	2.5	96943.2	-999.9
Koutiala	1984	12	10	345	20.9	33.0	20.5	-999.9	0.0	2.9	96928.3	-999.9
Koutiala	1984	12	11	346	20.2	32.1	19.7	-999.9	0.0	2.8	96946.1	-999.9
Koutiala	1984	12	12	347	18.7	31.8	20.6	-999.9	0.0	2.7	96989.6	-999.9
Koutiala	1984	12	13	348	18.3	30.8	20.2	-999.9	0.0	2.6	96925.0	-999.9
Koutiala	1984	12	14	349	18.0	32.0	20.4	-999.9	0.0	1.8	96859.0	-999.9
Koutiala	1984	12	15	350	18.3	32.6	20.2	-999.9	0.0	2.0	96884.5	-999.9
Koutiala	1984	12	16	351	17.9	32.4	20.4	-999.9	0.0	2.0	96880.5	-999.9
Koutiala	1984	12	17	352	16.5	32.3	20.5	-999.9	0.0	1.9	96844.5	-999.9
Koutiala	1984	12	18	353	16.6	32.2	20.4	-999.9	0.0	2.3	96811.5	-999.9
Koutiala	1984	12	19	354	16.6	31.7	20.5	-999.9	0.0	2.4	96820.8	-999.9
Koutiala	1984	12	20	355	17.0	31.2	19.4	-999.9	0.0	2.4	96868.3	-999.9
Koutiala	1984	12	21	356	17.1	29.7	20.6	-999.9	0.0	2.6	96798.0	-999.9
Koutiala	1984	12	22	357	15.6	28.6	20.6	-999.9	0.0	2.3	96648.9	-999.9
Koutiala	1984	12	23	358	14.9	28.7	20.6	-999.9	0.0	1.9	96624.8	-999.9
Koutiala	1984	12	24	359	15.7	29.9	20.1	-999.9	0.0	1.9	96707.6	-999.9
Koutiala	1984	12	25	360	16.2	31.0	20.2	-999.9	0.0	2.1	96811.1	-999.9
Koutiala	1984	12	26	361	17.0	32.0	20.3	-999.9	0.0	2.3	96896.6	-999.9
Koutiala	1984	12	27	362	18.2	33.0	20.1	-999.9	0.0	2.5	96947.0	-999.9
Koutiala	1984	12	28	363	20.1	32.9	19.8	-999.9	0.0	2.6	96985.1	-999.9
Koutiala	1984	12	29	364	18.8	31.5	18.6	-999.9	0.2	3.0	96983.0	-999.9
Koutiala	1984	12	30	365	17.4	29.2	16.7	-999.9	0.2	2.8	97023.2	-999.9
Koutiala	1984	12	31	366	16.1	29.4	20.4	-999.9	0.0	2.6	96993.8	-999.9
