Koutiala	1994	1	1	1	15.3	29.1	20.8	-999.9	0.0	3.0	97300.1	-999.9
Koutiala	1994	1	2	2	15.0	27.9	20.6	-999.9	0.0	2.8	97242.7	-999.9
Koutiala	1994	1	3	3	14.4	29.0	20.9	-999.9	0.0	2.1	97127.3	-999.9
Koutiala	1994	1	4	4	15.8	31.0	20.7	-999.9	0.0	1.7	96992.1	-999.9
Koutiala	1994	1	5	5	16.1	32.2	20.6	-999.9	0.0	1.6	96834.2	-999.9
Koutiala	1994	1	6	6	19.0	33.0	19.9	-999.9	0.0	1.9	96734.8	-999.9
Koutiala	1994	1	7	7	18.4	33.1	19.9	-999.9	0.0	2.0	96750.9	-999.9
Koutiala	1994	1	8	8	19.9	32.6	20.0	-999.9	0.0	2.6	96916.9	-999.9
Koutiala	1994	1	9	9	17.9	31.7	20.8	-999.9	0.0	2.6	96952.4	-999.9
Koutiala	1994	1	10	10	16.5	31.5	20.9	-999.9	0.0	2.3	96904.1	-999.9
Koutiala	1994	1	11	11	17.5	32.5	20.8	-999.9	0.0	2.5	96889.6	-999.9
Koutiala	1994	1	12	12	17.8	33.1	20.9	-999.9	0.0	2.4	96898.2	-999.9
Koutiala	1994	1	13	13	18.3	32.3	20.7	-999.9	0.0	2.7	96977.1	-999.9
Koutiala	1994	1	14	14	17.6	31.9	21.0	-999.9	0.0	2.8	97079.3	-999.9
Koutiala	1994	1	15	15	17.3	30.5	21.4	-999.9	0.0	2.9	97041.7	-999.9
Koutiala	1994	1	16	16	15.2	30.2	21.6	-999.9	0.0	2.3	96818.4	-999.9
Koutiala	1994	1	17	17	13.5	33.3	21.3	-999.9	0.0	2.3	96424.1	-999.9
Koutiala	1994	1	18	18	17.5	31.8	20.8	-999.9	0.0	1.5	96536.6	-999.9
Koutiala	1994	1	19	19	18.6	29.8	20.2	-999.9	0.0	2.4	96875.7	-999.9
Koutiala	1994	1	20	20	17.3	27.7	18.8	-999.9	0.0	2.3	97058.9	-999.9
Koutiala	1994	1	21	21	17.5	31.1	20.6	-999.9	0.0	2.1	97011.4	-999.9
Koutiala	1994	1	22	22	19.0	32.4	20.5	-999.9	0.0	2.5	96957.0	-999.9
Koutiala	1994	1	23	23	19.0	32.7	21.2	-999.9	0.0	2.7	96997.0	-999.9
Koutiala	1994	1	24	24	19.1	32.1	21.4	-999.9	0.0	2.9	97043.0	-999.9
Koutiala	1994	1	25	25	17.7	30.5	21.5	-999.9	0.0	2.9	97061.4	-999.9
Koutiala	1994	1	26	26	16.7	29.9	21.2	-999.9	0.0	2.9	97099.6	-999.9
Koutiala	1994	1	27	27	17.0	29.7	21.2	-999.9	0.0	2.8	97117.5	-999.9
Koutiala	1994	1	28	28	17.7	30.5	20.4	-999.9	0.0	3.0	97135.6	-999.9
Koutiala	1994	1	29	29	17.6	31.4	21.7	-999.9	0.0	3.0	97093.2	-999.9
Koutiala	1994	1	30	30	17.0	29.9	22.0	-999.9	0.0	2.9	97026.5	-999.9
Koutiala	1994	1	31	31	16.3	29.6	22.3	-999.9	0.0	2.8	96954.8	-999.9
Koutiala	1994	2	1	32	16.4	30.0	22.5	-999.9	0.0	2.8	97003.6	-999.9
Koutiala	1994	2	2	33	15.8	30.3	22.3	-999.9	0.0	2.1	97025.4	-999.9
Koutiala	1994	2	3	34	15.8	30.8	22.2	-999.9	0.0	2.3	96992.2	-999.9
Koutiala	1994	2	4	35	16.3	30.6	22.3	-999.9	0.0	2.3	96957.9	-999.9
Koutiala	1994	2	5	36	16.4	31.2	22.4	-999.9	0.0	2.5	96974.3	-999.9
Koutiala	1994	2	6	37	15.7	30.5	22.7	-999.9	0.0	2.7	97003.7	-999.9
Koutiala	1994	2	7	38	16.7	32.2	22.6	-999.9	0.0	2.7	97021.9	-999.9
Koutiala	1994	2	8	39	18.0	33.7	22.5	-999.9	0.0	2.4	96981.5	-999.9
Koutiala	1994	2	9	40	19.1	34.7	22.5	-999.9	0.0	2.5	96943.0	-999.9
Koutiala	1994	2	10	41	19.9	35.6	22.5	-999.9	0.0	2.5	96834.8	-999.9
Koutiala	1994	2	11	42	20.0	35.4	22.5	-999.9	0.0	2.5	96785.4	-999.9
Koutiala	1994	2	12	43	20.3	35.5	22.2	-999.9	0.0	1.8	96724.0	-999.9
Koutiala	1994	2	13	44	22.7	34.8	20.0	-999.9	0.0	1.6	96728.3	-999.9
Koutiala	1994	2	14	45	25.2	34.3	17.6	-999.9	0.0	1.3	96873.1	-999.9
Koutiala	1994	2	15	46	25.4	34.6	17.4	-999.9	0.0	1.9	96985.7	-999.9
Koutiala	1994	2	16	47	24.6	36.1	21.3	-999.9	0.0	1.3	96897.5	-999.9
Koutiala	1994	2	17	48	24.8	36.1	22.3	-999.9	0.0	3.0	96837.2	-999.9
Koutiala	1994	2	18	49	22.3	34.7	22.9	-999.9	0.0	3.2	96940.7	-999.9
Koutiala	1994	2	19	50	21.1	35.2	23.1	-999.9	0.0	3.0	96963.3	-999.9
Koutiala	1994	2	20	51	21.1	35.7	23.3	-999.9	0.0	2.9	97013.0	-999.9
Koutiala	1994	2	21	52	21.4	35.4	23.7	-999.9	0.0	2.7	96951.0	-999.9
Koutiala	1994	2	22	53	21.3	35.1	23.9	-999.9	0.0	2.7	96836.2	-999.9
Koutiala	1994	2	23	54	19.9	34.7	24.0	-999.9	0.0	2.3	96765.3	-999.9
Koutiala	1994	2	24	55	18.6	36.0	23.8	-999.9	0.0	1.9	96730.9	-999.9
Koutiala	1994	2	25	56	20.9	36.7	23.7	-999.9	0.0	2.2	96807.5	-999.9
Koutiala	1994	2	26	57	21.3	36.9	23.5	-999.9	0.0	2.3	96857.0	-999.9
Koutiala	1994	2	27	58	20.3	37.1	24.0	-999.9	0.0	2.4	96758.8	-999.9
Koutiala	1994	2	28	59	19.6	37.1	24.2	-999.9	0.0	2.1	96641.6	-999.9
Koutiala	1994	3	1	60	19.4	37.5	24.0	-999.9	0.0	1.9	96633.6	-999.9
Koutiala	1994	3	2	61	20.9	34.3	23.0	-999.9	0.0	2.1	96821.6	-999.9
Koutiala	1994	3	3	62	21.1	35.2	23.7	-999.9	0.0	2.0	96933.1	-999.9
Koutiala	1994	3	4	63	21.3	34.0	23.4	-999.9	0.0	2.8	96972.6	-999.9
Koutiala	1994	3	5	64	20.1	33.7	24.2	-999.9	0.0	2.6	96910.1	-999.9
Koutiala	1994	3	6	65	21.1	33.9	21.3	-999.9	0.0	2.2	96707.7	-999.9
Koutiala	1994	3	7	66	22.0	36.1	23.3	-999.9	0.0	1.7	96572.1	-999.9
Koutiala	1994	3	8	67	22.6	37.0	22.9	-999.9	0.0	2.0	96525.5	-999.9
Koutiala	1994	3	9	68	24.3	35.3	23.0	-999.9	0.9	3.5	96752.9	-999.9
Koutiala	1994	3	10	69	24.5	35.6	22.9	-999.9	0.0	3.1	96881.9	-999.9
Koutiala	1994	3	11	70	23.5	37.8	23.1	-999.9	0.0	2.5	96836.5	-999.9
Koutiala	1994	3	12	71	23.1	38.0	24.4	-999.9	0.0	2.1	96659.3	-999.9
Koutiala	1994	3	13	72	26.2	37.7	22.6	-999.9	0.0	2.1	96579.2	-999.9
Koutiala	1994	3	14	73	25.4	37.2	22.3	-999.9	0.0	2.1	96556.7	-999.9
Koutiala	1994	3	15	74	25.7	34.2	19.8	-999.9	0.0	1.6	96757.7	-999.9
Koutiala	1994	3	16	75	24.8	33.4	18.3	-999.9	1.4	2.3	96933.7	-999.9
Koutiala	1994	3	17	76	22.1	35.9	23.3	-999.9	0.0	2.7	96918.4	-999.9
Koutiala	1994	3	18	77	23.9	36.6	24.3	-999.9	0.0	3.3	96818.3	-999.9
Koutiala	1994	3	19	78	23.4	36.3	24.9	-999.9	0.0	2.9	96820.9	-999.9
Koutiala	1994	3	20	79	22.5	36.6	25.2	-999.9	0.0	2.5	96785.5	-999.9
Koutiala	1994	3	21	80	22.2	35.8	25.0	-999.9	0.0	2.9	96705.2	-999.9
Koutiala	1994	3	22	81	22.7	36.4	24.6	-999.9	0.0	2.1	96604.5	-999.9
Koutiala	1994	3	23	82	25.9	37.1	22.8	-999.9	0.0	1.8	96696.4	-999.9
Koutiala	1994	3	24	83	24.1	37.6	23.8	-999.9	0.0	1.5	96884.3	-999.9
Koutiala	1994	3	25	84	26.4	38.6	23.3	-999.9	0.0	2.6	96727.4	-999.9
Koutiala	1994	3	26	85	24.7	39.2	24.7	-999.9	0.0	1.9	96578.3	-999.9
Koutiala	1994	3	27	86	23.8	38.1	24.0	-999.9	0.0	2.2	96593.1	-999.9
Koutiala	1994	3	28	87	26.0	36.8	22.9	-999.9	0.0	1.6	96699.5	-999.9
Koutiala	1994	3	29	88	26.7	37.9	22.6	-999.9	0.0	1.8	96615.5	-999.9
Koutiala	1994	3	30	89	27.0	38.9	23.1	-999.9	0.0	2.0	96515.4	-999.9
Koutiala	1994	3	31	90	27.4	38.9	23.3	-999.9	0.0	2.0	96536.5	-999.9
Koutiala	1994	4	1	91	26.9	39.1	23.9	-999.9	0.0	2.1	96658.9	-999.9
Koutiala	1994	4	2	92	24.3	37.5	25.8	-999.9	0.0	2.2	96676.8	-999.9
Koutiala	1994	4	3	93	22.7	36.2	26.0	-999.9	0.0	2.2	96604.6	-999.9
Koutiala	1994	4	4	94	22.3	36.2	26.4	-999.9	0.0	2.9	96678.2	-999.9
Koutiala	1994	4	5	95	22.5	34.9	26.4	-999.9	0.0	2.7	96863.9	-999.9
Koutiala	1994	4	6	96	21.7	35.4	26.5	-999.9	0.0	2.4	96864.4	-999.9
Koutiala	1994	4	7	97	22.4	37.6	26.4	-999.9	0.0	2.3	96678.5	-999.9
Koutiala	1994	4	8	98	22.8	38.3	26.0	-999.9	0.0	2.1	96496.5	-999.9
Koutiala	1994	4	9	99	27.3	36.5	21.4	-999.9	0.0	2.2	96572.7	-999.9
Koutiala	1994	4	10	100	28.1	37.7	22.5	-999.9	0.0	1.4	96537.7	-999.9
Koutiala	1994	4	11	101	26.6	38.5	24.9	-999.9	0.0	1.7	96480.2	-999.9
Koutiala	1994	4	12	102	26.6	38.5	24.3	-999.9	0.0	1.6	96547.0	-999.9
Koutiala	1994	4	13	103	28.2	37.3	20.5	-999.9	0.0	2.3	96649.9	-999.9
Koutiala	1994	4	14	104	27.5	38.1	22.3	-999.9	0.0	2.3	96610.8	-999.9
Koutiala	1994	4	15	105	27.6	38.3	24.3	-999.9	0.0	2.2	96623.0	-999.9
Koutiala	1994	4	16	106	28.0	37.6	21.6	-999.9	1.5	2.0	96656.3	-999.9
Koutiala	1994	4	17	107	25.7	35.8	23.0	-999.9	3.0	2.4	96746.6	-999.9
Koutiala	1994	4	18	108	27.8	38.0	23.2	-999.9	0.0	1.8	96623.1	-999.9
Koutiala	1994	4	19	109	28.6	38.7	23.1	-999.9	0.0	2.4	96468.5	-999.9
Koutiala	1994	4	20	110	28.5	37.7	21.0	-999.9	3.0	2.7	96531.7	-999.9
Koutiala	1994	4	21	111	27.0	36.8	20.5	-999.9	0.0	1.9	96675.1	-999.9
Koutiala	1994	4	22	112	25.7	37.7	24.4	-999.9	0.0	1.7	96626.0	-999.9
Koutiala	1994	4	23	113	24.4	39.7	25.9	-999.9	0.0	1.7	96527.8	-999.9
Koutiala	1994	4	24	114	24.7	39.0	25.1	-999.9	0.0	2.4	96533.9	-999.9
Koutiala	1994	4	25	115	27.5	39.0	24.6	-999.9	0.0	2.1	96586.3	-999.9
Koutiala	1994	4	26	116	27.9	39.6	24.4	-999.9	4.0	2.6	96541.5	-999.9
Koutiala	1994	4	27	117	27.7	36.4	21.1	-999.9	2.0	2.4	96563.9	-999.9
Koutiala	1994	4	28	118	26.2	37.7	23.6	-999.9	0.0	2.1	96585.6	-999.9
Koutiala	1994	4	29	119	27.5	39.0	24.6	-999.9	0.0	2.0	96551.3	-999.9
Koutiala	1994	4	30	120	24.9	39.1	26.4	-999.9	0.0	2.6	96688.1	-999.9
Koutiala	1994	5	1	121	22.8	37.3	26.5	-999.9	0.0	1.8	96799.5	-999.9
Koutiala	1994	5	2	122	22.7	36.5	26.7	-999.9	0.0	2.3	96847.6	-999.9
Koutiala	1994	5	3	123	23.0	36.2	26.2	-999.9	0.0	1.8	96863.6	-999.9
Koutiala	1994	5	4	124	22.8	36.3	26.5	-999.9	0.0	1.9	96845.5	-999.9
Koutiala	1994	5	5	125	21.8	36.9	22.4	-999.9	0.0	2.3	96881.9	-999.9
Koutiala	1994	5	6	126	25.8	34.6	19.4	-999.9	19.6	2.1	96921.4	-999.9
Koutiala	1994	5	7	127	25.6	34.4	19.9	-999.9	6.5	1.9	96803.8	-999.9
Koutiala	1994	5	8	128	24.0	32.4	20.7	-999.9	13.1	1.4	96848.1	-999.9
Koutiala	1994	5	9	129	24.8	34.9	23.6	-999.9	0.0	1.0	96773.8	-999.9
Koutiala	1994	5	10	130	26.0	35.8	23.7	-999.9	0.0	1.9	96706.3	-999.9
Koutiala	1994	5	11	131	27.1	35.8	22.3	-999.9	0.0	2.6	96702.4	-999.9
Koutiala	1994	5	12	132	24.6	34.6	22.4	-999.9	0.0	2.3	96714.7	-999.9
Koutiala	1994	5	13	133	26.2	32.7	19.6	-999.9	2.0	1.7	96784.0	-999.9
Koutiala	1994	5	14	134	25.4	34.5	21.8	-999.9	0.0	2.0	96821.2	-999.9
Koutiala	1994	5	15	135	24.9	36.9	23.5	-999.9	4.1	2.4	96803.7	-999.9
Koutiala	1994	5	16	136	26.5	37.6	24.4	-999.9	1.7	2.3	96732.1	-999.9
Koutiala	1994	5	17	137	26.8	38.0	23.9	-999.9	3.4	2.0	96721.1	-999.9
Koutiala	1994	5	18	138	27.2	37.2	23.2	-999.9	5.8	2.2	96752.2	-999.9
Koutiala	1994	5	19	139	26.3	36.1	23.8	-999.9	0.0	2.1	96721.5	-999.9
Koutiala	1994	5	20	140	26.1	36.1	23.4	-999.9	1.7	1.8	96700.5	-999.9
Koutiala	1994	5	21	141	24.8	36.2	23.2	-999.9	0.0	2.9	96830.1	-999.9
Koutiala	1994	5	22	142	25.7	37.4	24.7	-999.9	0.0	2.4	96877.3	-999.9
Koutiala	1994	5	23	143	26.1	38.2	24.6	-999.9	0.0	2.8	96760.2	-999.9
Koutiala	1994	5	24	144	27.5	39.1	24.5	-999.9	0.0	2.5	96654.6	-999.9
Koutiala	1994	5	25	145	26.1	38.2	21.6	-999.9	10.0	3.4	96571.7	-999.9
Koutiala	1994	5	26	146	25.2	35.4	19.7	-999.9	0.0	2.5	96654.2	-999.9
Koutiala	1994	5	27	147	25.9	35.7	22.0	-999.9	5.4	2.6	96736.4	-999.9
Koutiala	1994	5	28	148	24.5	34.4	23.8	-999.9	2.7	1.9	96823.9	-999.9
Koutiala	1994	5	29	149	25.5	35.5	22.6	-999.9	5.4	1.5	96856.7	-999.9
Koutiala	1994	5	30	150	25.1	34.1	22.4	-999.9	0.0	1.8	96907.8	-999.9
Koutiala	1994	5	31	151	23.9	34.5	22.7	-999.9	0.0	1.8	96993.2	-999.9
Koutiala	1994	6	1	152	25.6	37.3	25.1	-999.9	0.0	2.4	96822.2	-999.9
Koutiala	1994	6	2	153	25.4	37.8	25.2	-999.9	0.0	2.9	96798.3	-999.9
Koutiala	1994	6	3	154	26.0	36.3	24.0	-999.9	8.2	2.6	96864.3	-999.9
Koutiala	1994	6	4	155	26.3	36.2	23.5	-999.9	0.0	2.2	96955.8	-999.9
Koutiala	1994	6	5	156	24.8	33.9	21.4	-999.9	12.3	1.8	97006.4	-999.9
Koutiala	1994	6	6	157	25.0	34.5	22.9	-999.9	0.0	2.0	97002.2	-999.9
Koutiala	1994	6	7	158	25.9	35.4	23.5	-999.9	14.3	2.2	96963.6	-999.9
Koutiala	1994	6	8	159	25.4	34.5	23.6	-999.9	7.2	1.9	97000.2	-999.9
Koutiala	1994	6	9	160	25.7	33.7	21.1	-999.9	0.0	1.9	97009.1	-999.9
Koutiala	1994	6	10	161	24.2	34.1	23.7	-999.9	7.2	1.9	96992.0	-999.9
Koutiala	1994	6	11	162	25.2	33.0	22.3	-999.9	7.5	2.5	96993.3	-999.9
Koutiala	1994	6	12	163	24.2	33.3	23.2	-999.9	0.0	1.8	97010.8	-999.9
Koutiala	1994	6	13	164	24.4	35.3	24.3	-999.9	0.0	1.7	97086.3	-999.9
Koutiala	1994	6	14	165	25.6	37.2	24.0	-999.9	6.6	2.5	96982.2	-999.9
Koutiala	1994	6	15	166	24.6	35.2	22.3	-999.9	0.0	2.5	96960.0	-999.9
Koutiala	1994	6	16	167	24.3	34.4	23.0	-999.9	0.0	2.0	96984.4	-999.9
Koutiala	1994	6	17	168	25.3	37.4	24.3	-999.9	0.0	2.8	96807.7	-999.9
Koutiala	1994	6	18	169	25.7	34.1	20.8	-999.9	8.5	2.4	96942.4	-999.9
Koutiala	1994	6	19	170	24.8	33.7	22.7	-999.9	0.0	1.9	97017.8	-999.9
Koutiala	1994	6	20	171	24.4	36.0	24.0	-999.9	0.0	1.9	96866.7	-999.9
Koutiala	1994	6	21	172	23.8	36.1	23.4	-999.9	0.0	2.8	96696.9	-999.9
Koutiala	1994	6	22	173	23.8	32.6	22.7	-999.9	10.1	2.6	96759.8	-999.9
Koutiala	1994	6	23	174	24.3	32.1	22.4	-999.9	0.0	2.2	96844.6	-999.9
Koutiala	1994	6	24	175	24.4	32.5	22.2	-999.9	3.4	2.0	96940.2	-999.9
Koutiala	1994	6	25	176	23.5	32.8	23.5	-999.9	6.7	1.4	96988.9	-999.9
Koutiala	1994	6	26	177	24.6	33.6	22.6	-999.9	3.1	1.7	96963.5	-999.9
Koutiala	1994	6	27	178	23.9	33.1	23.1	-999.9	0.0	2.0	96970.7	-999.9
Koutiala	1994	6	28	179	22.8	33.1	23.8	-999.9	3.1	1.8	96986.9	-999.9
Koutiala	1994	6	29	180	23.5	33.0	24.0	-999.9	0.0	1.8	96958.7	-999.9
Koutiala	1994	6	30	181	24.4	33.8	23.5	-999.9	3.1	2.5	96820.0	-999.9
Koutiala	1994	7	1	182	24.4	32.4	21.8	-999.9	21.8	3.1	96675.4	-999.9
Koutiala	1994	7	2	183	22.8	30.8	18.8	-999.9	7.3	2.7	96761.3	-999.9
Koutiala	1994	7	3	184	22.2	29.0	17.2	-999.9	0.0	2.2	96927.5	-999.9
Koutiala	1994	7	4	185	22.5	29.6	17.2	-999.9	14.5	1.7	97071.2	-999.9
Koutiala	1994	7	5	186	22.1	32.1	22.8	-999.9	0.0	1.4	96980.8	-999.9
Koutiala	1994	7	6	187	23.6	31.5	22.6	-999.9	6.1	2.2	96874.7	-999.9
Koutiala	1994	7	7	188	25.0	33.4	22.3	-999.9	3.1	2.4	96882.0	-999.9
Koutiala	1994	7	8	189	24.0	30.0	14.5	-999.9	9.2	2.0	97002.3	-999.9
Koutiala	1994	7	9	190	22.4	31.0	19.9	-999.9	0.0	1.7	97093.5	-999.9
Koutiala	1994	7	10	191	22.8	30.7	20.0	-999.9	6.1	1.5	97180.4	-999.9
Koutiala	1994	7	11	192	22.4	30.5	19.5	-999.9	0.0	2.0	97243.2	-999.9
Koutiala	1994	7	12	193	23.2	30.5	18.3	-999.9	9.8	2.3	97115.7	-999.9
Koutiala	1994	7	13	194	22.3	30.5	17.2	-999.9	9.8	2.7	97044.0	-999.9
Koutiala	1994	7	14	195	23.2	29.9	19.6	-999.9	19.6	2.2	97102.1	-999.9
Koutiala	1994	7	15	196	22.2	30.1	18.3	-999.9	0.0	2.1	97140.2	-999.9
Koutiala	1994	7	16	197	23.1	30.1	20.0	-999.9	24.1	2.2	96968.5	-999.9
Koutiala	1994	7	17	198	22.6	28.7	17.6	-999.9	0.0	1.8	96953.0	-999.9
Koutiala	1994	7	18	199	21.9	29.4	18.5	-999.9	8.0	2.2	97051.9	-999.9
Koutiala	1994	7	19	200	22.9	30.5	21.8	-999.9	0.0	2.1	97001.2	-999.9
Koutiala	1994	7	20	201	23.1	30.8	22.4	-999.9	8.0	2.0	96901.3	-999.9
Koutiala	1994	7	21	202	23.5	30.3	19.8	-999.9	16.8	2.2	96871.5	-999.9
Koutiala	1994	7	22	203	23.5	28.4	16.6	-999.9	11.2	2.1	97026.6	-999.9
Koutiala	1994	7	23	204	22.5	26.2	10.6	-999.9	5.6	2.2	97116.0	-999.9
Koutiala	1994	7	24	205	21.3	28.5	16.3	-999.9	0.0	2.1	97041.1	-999.9
Koutiala	1994	7	25	206	22.5	30.8	22.1	-999.9	11.2	1.7	96905.4	-999.9
Koutiala	1994	7	26	207	23.2	30.0	18.7	-999.9	0.0	2.3	96903.5	-999.9
Koutiala	1994	7	27	208	23.1	28.5	15.2	-999.9	27.4	2.5	96973.9	-999.9
Koutiala	1994	7	28	209	22.3	29.5	19.0	-999.9	0.0	2.2	97067.1	-999.9
Koutiala	1994	7	29	210	22.3	29.5	20.4	-999.9	6.8	2.0	97086.4	-999.9
Koutiala	1994	7	30	211	23.3	28.6	14.6	-999.9	6.8	1.7	97068.2	-999.9
Koutiala	1994	7	31	212	22.8	29.7	20.6	-999.9	0.0	2.4	97007.6	-999.9
Koutiala	1994	8	1	213	23.4	29.8	19.4	-999.9	0.0	3.0	96879.7	-999.9
Koutiala	1994	8	2	214	24.2	29.3	19.7	-999.9	2.8	2.5	96874.4	-999.9
Koutiala	1994	8	3	215	22.8	27.6	13.1	-999.9	0.0	2.2	96894.0	-999.9
Koutiala	1994	8	4	216	22.3	28.1	16.4	-999.9	0.0	2.2	96967.6	-999.9
Koutiala	1994	8	5	217	22.2	25.1	10.0	-999.9	16.7	2.2	96907.9	-999.9
Koutiala	1994	8	6	218	21.9	24.5	8.1	-999.9	12.6	2.9	96781.0	-999.9
Koutiala	1994	8	7	219	22.2	27.8	18.7	-999.9	0.0	3.1	96869.7	-999.9
Koutiala	1994	8	8	220	22.0	27.3	15.2	-999.9	0.0	2.2	97047.5	-999.9
Koutiala	1994	8	9	221	21.8	28.2	18.0	-999.9	25.2	1.9	97059.6	-999.9
Koutiala	1994	8	10	222	21.6	27.3	15.1	-999.9	25.2	2.1	97004.2	-999.9
Koutiala	1994	8	11	223	22.0	28.9	21.0	-999.9	38.0	1.8	97044.1	-999.9
Koutiala	1994	8	12	224	22.2	28.4	16.8	-999.9	0.0	1.7	96999.8	-999.9
Koutiala	1994	8	13	225	21.9	28.5	19.1	-999.9	0.0	1.8	96948.9	-999.9
Koutiala	1994	8	14	226	22.3	26.9	11.3	-999.9	25.3	1.3	96884.9	-999.9
Koutiala	1994	8	15	227	21.7	24.1	7.8	-999.9	12.7	1.8	96887.9	-999.9
Koutiala	1994	8	16	228	21.6	28.6	19.4	-999.9	0.0	1.8	97004.7	-999.9
Koutiala	1994	8	17	229	21.7	28.6	19.7	-999.9	0.0	1.5	97049.7	-999.9
Koutiala	1994	8	18	230	22.0	28.0	16.1	-999.9	0.0	2.0	97046.7	-999.9
Koutiala	1994	8	19	231	22.3	29.3	18.8	-999.9	0.0	2.7	96975.5	-999.9
Koutiala	1994	8	20	232	22.3	29.3	16.2	-999.9	21.4	2.5	96882.0	-999.9
Koutiala	1994	8	21	233	21.9	25.9	8.5	-999.9	0.0	1.5	96833.0	-999.9
Koutiala	1994	8	22	234	21.5	28.7	18.6	-999.9	0.0	1.8	96980.0	-999.9
Koutiala	1994	8	23	235	21.0	29.6	22.9	-999.9	15.2	1.4	96950.5	-999.9
Koutiala	1994	8	24	236	23.1	27.8	14.3	-999.9	15.2	1.8	96942.0	-999.9
Koutiala	1994	8	25	237	22.4	28.5	18.9	-999.9	7.6	1.7	96915.0	-999.9
Koutiala	1994	8	26	238	22.1	28.6	18.9	-999.9	22.6	1.7	97008.0	-999.9
Koutiala	1994	8	27	239	21.8	28.3	16.1	-999.9	7.5	1.7	97047.6	-999.9
Koutiala	1994	8	28	240	22.1	26.5	13.7	-999.9	22.6	1.6	97000.0	-999.9
Koutiala	1994	8	29	241	20.8	28.9	19.3	-999.9	0.0	1.6	96947.9	-999.9
Koutiala	1994	8	30	242	21.9	29.3	21.0	-999.9	22.6	1.7	96911.7	-999.9
Koutiala	1994	8	31	243	22.0	27.4	12.7	-999.9	15.1	1.9	96882.1	-999.9
Koutiala	1994	9	1	244	21.8	28.7	19.1	-999.9	0.0	1.7	96925.1	-999.9
Koutiala	1994	9	2	245	21.8	29.4	20.7	-999.9	0.0	1.3	96988.2	-999.9
Koutiala	1994	9	3	246	22.0	28.3	17.1	-999.9	0.0	1.4	97035.1	-999.9
Koutiala	1994	9	4	247	21.9	29.2	20.0	-999.9	0.0	2.1	97041.9	-999.9
Koutiala	1994	9	5	248	22.9	29.0	19.1	-999.9	7.1	2.3	97036.1	-999.9
Koutiala	1994	9	6	249	22.9	29.7	21.2	-999.9	28.5	1.6	97025.4	-999.9
Koutiala	1994	9	7	250	22.2	28.0	14.7	-999.9	0.0	1.4	96975.9	-999.9
Koutiala	1994	9	8	251	22.1	29.0	18.4	-999.9	10.8	1.4	96981.9	-999.9
Koutiala	1994	9	9	252	22.2	29.3	20.2	-999.9	0.0	1.4	97084.2	-999.9
Koutiala	1994	9	10	253	21.7	29.7	21.4	-999.9	0.0	1.3	96982.9	-999.9
Koutiala	1994	9	11	254	22.6	28.6	18.7	-999.9	24.7	1.5	96883.5	-999.9
Koutiala	1994	9	12	255	22.3	28.8	17.4	-999.9	0.0	1.6	96884.6	-999.9
Koutiala	1994	9	13	256	22.0	28.2	16.3	-999.9	24.7	1.8	97011.1	-999.9
Koutiala	1994	9	14	257	22.2	28.8	19.8	-999.9	0.0	1.5	97001.4	-999.9
Koutiala	1994	9	15	258	21.6	29.0	20.6	-999.9	14.1	1.3	97027.7	-999.9
Koutiala	1994	9	16	259	22.8	28.8	19.2	-999.9	5.8	1.0	97031.2	-999.9
Koutiala	1994	9	17	260	22.6	30.0	21.1	-999.9	0.0	1.0	96969.1	-999.9
Koutiala	1994	9	18	261	21.9	29.0	17.7	-999.9	11.6	1.3	96873.8	-999.9
Koutiala	1994	9	19	262	22.2	28.4	15.1	-999.9	0.0	1.4	96892.0	-999.9
Koutiala	1994	9	20	263	22.1	27.6	14.4	-999.9	17.4	1.6	96988.7	-999.9
Koutiala	1994	9	21	264	21.9	28.4	16.7	-999.9	0.0	1.4	96956.2	-999.9
Koutiala	1994	9	22	265	22.1	28.4	16.1	-999.9	0.0	1.3	97017.9	-999.9
Koutiala	1994	9	23	266	21.8	28.9	18.4	-999.9	18.7	1.2	96977.2	-999.9
Koutiala	1994	9	24	267	21.9	29.4	20.0	-999.9	28.0	1.8	96933.0	-999.9
Koutiala	1994	9	25	268	21.3	29.3	21.5	-999.9	18.7	1.4	96969.3	-999.9
Koutiala	1994	9	26	269	22.2	30.1	21.9	-999.9	0.0	0.9	96953.7	-999.9
Koutiala	1994	9	27	270	22.4	30.7	21.5	-999.9	0.0	1.1	96898.4	-999.9
Koutiala	1994	9	28	271	22.7	29.8	21.1	-999.9	10.5	1.6	96887.3	-999.9
Koutiala	1994	9	29	272	22.3	29.7	21.3	-999.9	5.2	1.2	96898.6	-999.9
Koutiala	1994	9	30	273	22.0	29.1	19.8	-999.9	5.2	1.4	96952.2	-999.9
Koutiala	1994	10	1	274	21.8	30.3	22.5	-999.9	0.0	1.4	96881.1	-999.9
Koutiala	1994	10	2	275	23.2	29.9	20.9	-999.9	2.8	1.3	96852.2	-999.9
Koutiala	1994	10	3	276	22.0	30.1	22.0	-999.9	2.8	1.3	96814.0	-999.9
Koutiala	1994	10	4	277	21.6	29.8	21.8	-999.9	5.5	1.3	96792.3	-999.9
Koutiala	1994	10	5	278	22.5	28.8	18.9	-999.9	0.0	1.7	96826.6	-999.9
Koutiala	1994	10	6	279	21.4	28.3	19.3	-999.9	0.0	1.7	96887.4	-999.9
Koutiala	1994	10	7	280	21.8	29.0	20.5	-999.9	9.5	1.5	96839.0	-999.9
Koutiala	1994	10	8	281	22.1	27.8	15.5	-999.9	9.5	1.6	96785.1	-999.9
Koutiala	1994	10	9	282	21.6	26.8	12.3	-999.9	4.7	1.5	96921.4	-999.9
Koutiala	1994	10	10	283	20.7	28.9	18.6	-999.9	4.7	1.1	96958.8	-999.9
Koutiala	1994	10	11	284	21.1	28.9	18.8	-999.9	2.3	1.7	96997.2	-999.9
Koutiala	1994	10	12	285	21.9	30.4	23.0	-999.9	0.0	1.7	96972.5	-999.9
Koutiala	1994	10	13	286	21.7	30.8	22.9	-999.9	0.0	1.3	96949.5	-999.9
Koutiala	1994	10	14	287	22.6	29.4	20.8	-999.9	0.0	1.4	96892.2	-999.9
Koutiala	1994	10	15	288	21.7	29.0	20.0	-999.9	2.3	1.5	96883.1	-999.9
Koutiala	1994	10	16	289	21.7	29.4	21.2	-999.9	8.5	1.7	96948.0	-999.9
Koutiala	1994	10	17	290	21.2	29.0	20.2	-999.9	8.5	1.2	96901.9	-999.9
Koutiala	1994	10	18	291	21.1	27.5	15.5	-999.9	16.9	1.0	96848.8	-999.9
Koutiala	1994	10	19	292	21.3	28.5	17.9	-999.9	0.0	1.3	96911.6	-999.9
Koutiala	1994	10	20	293	20.9	28.3	19.1	-999.9	0.0	1.6	96951.5	-999.9
Koutiala	1994	10	21	294	21.9	30.0	21.7	-999.9	0.0	1.6	96912.7	-999.9
Koutiala	1994	10	22	295	22.2	29.7	20.0	-999.9	17.6	1.3	96943.7	-999.9
Koutiala	1994	10	23	296	22.2	30.4	21.4	-999.9	0.0	1.5	96921.8	-999.9
Koutiala	1994	10	24	297	22.2	31.3	22.4	-999.9	0.0	1.6	96864.4	-999.9
Koutiala	1994	10	25	298	22.1	31.2	22.0	-999.9	0.0	1.2	96913.4	-999.9
Koutiala	1994	10	26	299	22.3	31.4	22.3	-999.9	0.0	1.6	96842.2	-999.9
Koutiala	1994	10	27	300	21.6	31.2	21.9	-999.9	0.0	1.5	96778.8	-999.9
Koutiala	1994	10	28	301	22.0	31.4	21.7	-999.9	0.0	1.3	96768.1	-999.9
Koutiala	1994	10	29	302	23.4	30.1	20.5	-999.9	5.3	1.5	96869.2	-999.9
Koutiala	1994	10	30	303	22.3	30.5	20.5	-999.9	5.3	1.2	96955.6	-999.9
Koutiala	1994	10	31	304	22.2	30.5	19.9	-999.9	0.0	1.4	96959.7	-999.9
Koutiala	1994	11	1	305	22.4	30.5	20.0	-999.9	0.0	1.3	96923.2	-999.9
Koutiala	1994	11	2	306	21.9	31.2	20.2	-999.9	0.0	1.3	96818.8	-999.9
Koutiala	1994	11	3	307	21.6	30.4	19.4	-999.9	1.4	1.3	96880.0	-999.9
Koutiala	1994	11	4	308	22.4	31.2	18.8	-999.9	0.0	1.2	96964.2	-999.9
Koutiala	1994	11	5	309	21.4	32.0	19.8	-999.9	1.4	1.4	96979.6	-999.9
Koutiala	1994	11	6	310	21.4	32.5	19.9	-999.9	0.0	1.4	96976.0	-999.9
Koutiala	1994	11	7	311	20.5	32.6	21.1	-999.9	0.0	1.3	96918.2	-999.9
Koutiala	1994	11	8	312	19.6	33.2	21.9	-999.9	0.0	1.7	96875.7	-999.9
Koutiala	1994	11	9	313	19.6	32.9	20.7	-999.9	0.0	1.7	96956.8	-999.9
Koutiala	1994	11	10	314	19.3	33.2	21.8	-999.9	0.0	1.5	97041.8	-999.9
Koutiala	1994	11	11	315	20.1	33.5	21.8	-999.9	0.0	1.6	97042.8	-999.9
Koutiala	1994	11	12	316	18.9	33.5	21.9	-999.9	0.0	1.5	96971.0	-999.9
Koutiala	1994	11	13	317	18.3	33.0	21.9	-999.9	0.0	1.6	96911.1	-999.9
Koutiala	1994	11	14	318	18.4	32.7	22.0	-999.9	0.0	1.5	96948.7	-999.9
Koutiala	1994	11	15	319	17.5	33.0	21.7	-999.9	0.0	2.2	96948.1	-999.9
Koutiala	1994	11	16	320	20.7	32.6	21.7	-999.9	0.0	2.7	96976.6	-999.9
Koutiala	1994	11	17	321	19.8	31.0	21.2	-999.9	0.0	2.2	96933.5	-999.9
Koutiala	1994	11	18	322	18.6	32.2	21.1	-999.9	0.0	1.9	96878.8	-999.9
Koutiala	1994	11	19	323	18.4	33.2	21.2	-999.9	0.0	2.1	96929.3	-999.9
Koutiala	1994	11	20	324	17.4	32.7	21.7	-999.9	0.0	2.2	96966.8	-999.9
Koutiala	1994	11	21	325	17.8	32.3	21.6	-999.9	0.0	2.1	96952.6	-999.9
Koutiala	1994	11	22	326	18.9	32.5	21.4	-999.9	0.0	2.1	96896.3	-999.9
Koutiala	1994	11	23	327	18.4	32.5	21.3	-999.9	0.0	2.1	96933.2	-999.9
Koutiala	1994	11	24	328	18.7	32.4	21.1	-999.9	0.0	2.1	97015.8	-999.9
Koutiala	1994	11	25	329	19.3	32.3	21.0	-999.9	0.0	2.1	97089.7	-999.9
Koutiala	1994	11	26	330	17.5	31.6	21.1	-999.9	0.0	1.8	97010.3	-999.9
Koutiala	1994	11	27	331	17.9	31.5	21.1	-999.9	0.0	1.9	96891.8	-999.9
Koutiala	1994	11	28	332	17.7	31.4	21.1	-999.9	0.0	1.8	96832.1	-999.9
Koutiala	1994	11	29	333	16.9	31.7	20.9	-999.9	0.0	1.9	96916.3	-999.9
Koutiala	1994	11	30	334	17.0	32.1	20.7	-999.9	0.0	1.9	96916.8	-999.9
Koutiala	1994	12	1	335	17.7	32.4	20.7	-999.9	0.0	2.0	96991.3	-999.9
Koutiala	1994	12	2	336	19.2	32.3	20.6	-999.9	0.6	2.3	97070.0	-999.9
Koutiala	1994	12	3	337	18.0	31.7	20.8	-999.9	0.0	2.3	97068.4	-999.9
Koutiala	1994	12	4	338	17.7	30.7	20.8	-999.9	0.0	2.4	97099.7	-999.9
Koutiala	1994	12	5	339	17.6	30.4	20.9	-999.9	0.0	2.7	97135.5	-999.9
Koutiala	1994	12	6	340	17.1	29.1	20.9	-999.9	0.0	2.9	97241.3	-999.9
Koutiala	1994	12	7	341	15.9	28.1	21.0	-999.9	0.0	2.8	97233.4	-999.9
Koutiala	1994	12	8	342	15.8	28.5	20.7	-999.9	0.0	2.7	97187.0	-999.9
Koutiala	1994	12	9	343	16.5	29.1	20.6	-999.9	0.0	2.8	97141.5	-999.9
Koutiala	1994	12	10	344	17.0	29.4	20.4	-999.9	0.0	2.4	97088.8	-999.9
Koutiala	1994	12	11	345	16.7	29.8	20.0	-999.9	0.3	2.1	97075.9	-999.9
Koutiala	1994	12	12	346	17.1	31.1	20.0	-999.9	0.0	2.0	96998.4	-999.9
Koutiala	1994	12	13	347	18.7	32.0	20.2	-999.9	0.0	2.4	97012.2	-999.9
Koutiala	1994	12	14	348	19.5	31.6	20.2	-999.9	0.0	2.7	97056.2	-999.9
Koutiala	1994	12	15	349	18.0	30.6	20.5	-999.9	0.0	2.8	97178.9	-999.9
Koutiala	1994	12	16	350	16.4	29.6	20.0	-999.9	0.0	2.6	97239.8	-999.9
Koutiala	1994	12	17	351	16.5	30.1	20.7	-999.9	0.0	2.6	97199.2	-999.9
Koutiala	1994	12	18	352	15.8	29.4	20.8	-999.9	0.0	2.6	97164.4	-999.9
Koutiala	1994	12	19	353	15.0	29.4	20.8	-999.9	0.0	2.4	97075.3	-999.9
Koutiala	1994	12	20	354	15.4	30.7	20.2	-999.9	0.0	2.1	97104.9	-999.9
Koutiala	1994	12	21	355	17.9	31.9	19.9	-999.9	0.3	2.2	97061.8	-999.9
Koutiala	1994	12	22	356	17.6	31.6	20.0	-999.9	0.0	2.1	97012.8	-999.9
Koutiala	1994	12	23	357	17.6	30.5	20.4	-999.9	0.0	2.5	97034.0	-999.9
Koutiala	1994	12	24	358	17.6	32.2	20.2	-999.9	0.0	2.0	96973.8	-999.9
Koutiala	1994	12	25	359	18.6	33.3	19.0	-999.9	0.0	2.2	96976.4	-999.9
Koutiala	1994	12	26	360	19.2	33.5	20.6	-999.9	0.0	2.7	96945.5	-999.9
Koutiala	1994	12	27	361	19.4	32.7	20.5	-999.9	0.0	3.2	96989.5	-999.9
Koutiala	1994	12	28	362	17.6	30.1	20.6	-999.9	0.0	2.7	97150.2	-999.9
Koutiala	1994	12	29	363	16.5	30.2	20.6	-999.9	0.0	2.6	97258.6	-999.9
Koutiala	1994	12	30	364	16.6	30.0	20.6	-999.9	0.0	2.3	97256.8	-999.9
Koutiala	1994	12	31	365	16.0	31.2	20.6	-999.9	0.0	2.1	97180.5	-999.9
