Koutiala	2021	1	1	1	17.0	34.1	20.4	-999.9	0.0	1.9	96812.6	-999.9
Koutiala	2021	1	2	2	19.5	33.8	20.4	-999.9	0.0	1.6	96750.7	-999.9
Koutiala	2021	1	3	3	18.4	34.3	20.4	-999.9	0.0	1.6	96726.4	-999.9
Koutiala	2021	1	4	4	20.5	34.8	20.4	-999.9	0.0	2.2	96745.1	-999.9
Koutiala	2021	1	5	5	20.8	34.3	20.7	-999.9	0.0	2.6	96782.3	-999.9
Koutiala	2021	1	6	6	19.6	34.6	21.0	-999.9	0.0	2.6	96852.8	-999.9
Koutiala	2021	1	7	7	21.1	35.0	20.6	-999.9	0.0	2.5	96861.5	-999.9
Koutiala	2021	1	8	8	18.6	36.0	20.8	-999.9	0.0	2.3	96794.5	-999.9
Koutiala	2021	1	9	9	18.2	36.0	20.8	-999.9	0.0	2.0	96745.6	-999.9
Koutiala	2021	1	10	10	19.2	36.4	20.9	-999.9	0.0	2.3	96648.7	-999.9
Koutiala	2021	1	11	11	20.2	34.1	21.0	-999.9	0.0	2.7	96741.7	-999.9
Koutiala	2021	1	12	12	19.5	34.0	21.0	-999.9	0.0	2.5	96877.4	-999.9
Koutiala	2021	1	13	13	18.5	33.8	21.2	-999.9	0.0	2.4	96973.0	-999.9
Koutiala	2021	1	14	14	17.9	33.7	21.4	-999.9	0.0	2.2	96936.1	-999.9
Koutiala	2021	1	15	15	18.2	33.1	21.5	-999.9	0.0	2.4	96865.3	-999.9
Koutiala	2021	1	16	16	17.7	32.5	21.2	-999.9	0.6	2.8	96812.2	-999.9
Koutiala	2021	1	17	17	17.8	31.8	21.4	-999.9	0.0	2.6	96886.8	-999.9
Koutiala	2021	1	18	18	17.0	33.1	21.4	-999.9	0.0	2.5	96913.3	-999.9
Koutiala	2021	1	19	19	18.5	34.2	21.5	-999.9	0.0	2.6	96942.2	-999.9
Koutiala	2021	1	20	20	19.6	34.2	21.6	-999.9	0.0	2.7	96922.2	-999.9
Koutiala	2021	1	21	21	19.3	32.6	21.9	-999.9	0.0	2.9	96988.3	-999.9
Koutiala	2021	1	22	22	18.4	31.9	21.8	-999.9	0.0	2.6	97054.2	-999.9
Koutiala	2021	1	23	23	17.6	31.3	20.2	-999.9	0.0	2.3	97019.7	-999.9
Koutiala	2021	1	24	24	15.8	32.0	22.0	-999.9	0.0	2.3	96921.0	-999.9
Koutiala	2021	1	25	25	16.8	33.2	22.0	-999.9	0.0	2.2	96889.7	-999.9
Koutiala	2021	1	26	26	17.6	34.0	22.0	-999.9	0.0	2.2	96889.7	-999.9
Koutiala	2021	1	27	27	18.4	33.9	22.1	-999.9	0.0	2.4	96888.9	-999.9
Koutiala	2021	1	28	28	18.3	33.9	22.0	-999.9	0.0	2.3	96856.7	-999.9
Koutiala	2021	1	29	29	17.9	34.5	21.9	-999.9	0.0	2.1	96917.0	-999.9
Koutiala	2021	1	30	30	19.3	34.3	22.0	-999.9	0.0	2.4	96933.6	-999.9
Koutiala	2021	1	31	31	17.5	33.5	22.0	-999.9	0.0	2.3	96914.1	-999.9
Koutiala	2021	2	1	32	17.6	33.3	22.2	-999.9	0.0	2.3	96917.7	-999.9
Koutiala	2021	2	2	33	17.5	33.4	22.3	-999.9	0.0	2.3	96950.5	-999.9
Koutiala	2021	2	3	34	16.7	34.6	22.4	-999.9	0.0	1.7	96928.2	-999.9
Koutiala	2021	2	4	35	17.2	35.6	21.6	-999.9	0.0	2.0	96804.6	-999.9
Koutiala	2021	2	5	36	18.9	36.4	22.0	-999.9	0.0	2.2	96789.0	-999.9
Koutiala	2021	2	6	37	18.4	36.6	21.9	-999.9	0.0	1.7	96781.5	-999.9
Koutiala	2021	2	7	38	22.0	33.9	21.2	-999.9	0.6	3.4	96813.7	-999.9
Koutiala	2021	2	8	39	19.3	34.6	22.2	-999.9	0.0	2.6	96807.6	-999.9
Koutiala	2021	2	9	40	19.5	34.7	22.3	-999.9	0.0	2.3	96810.7	-999.9
Koutiala	2021	2	10	41	19.8	35.9	22.4	-999.9	0.0	2.3	96790.2	-999.9
Koutiala	2021	2	11	42	20.3	36.6	22.5	-999.9	0.0	2.3	96749.4	-999.9
Koutiala	2021	2	12	43	18.8	37.0	22.7	-999.9	0.0	2.2	96669.1	-999.9
Koutiala	2021	2	13	44	18.9	37.5	22.7	-999.9	0.0	2.2	96544.9	-999.9
Koutiala	2021	2	14	45	20.0	36.9	22.1	-999.9	0.0	2.0	96474.5	-999.9
Koutiala	2021	2	15	46	21.6	37.6	22.2	-999.9	0.0	2.2	96489.3	-999.9
Koutiala	2021	2	16	47	22.7	36.9	21.4	-999.9	0.0	1.8	96507.2	-999.9
Koutiala	2021	2	17	48	24.1	35.7	20.0	-999.9	0.0	2.4	96638.4	-999.9
Koutiala	2021	2	18	49	23.6	34.8	21.9	-999.9	0.0	1.6	96862.0	-999.9
Koutiala	2021	2	19	50	21.9	35.1	22.8	-999.9	0.0	2.3	97003.9	-999.9
Koutiala	2021	2	20	51	22.5	34.6	22.3	-999.9	0.0	2.3	97051.7	-999.9
Koutiala	2021	2	21	52	21.8	35.4	23.3	-999.9	0.0	2.6	96928.6	-999.9
Koutiala	2021	2	22	53	21.7	34.8	23.4	-999.9	0.0	3.1	96899.8	-999.9
Koutiala	2021	2	23	54	20.5	34.6	24.0	-999.9	0.0	2.7	96937.0	-999.9
Koutiala	2021	2	24	55	20.5	34.9	24.0	-999.9	0.0	2.4	96942.4	-999.9
Koutiala	2021	2	25	56	19.9	34.6	24.1	-999.9	0.0	3.0	96913.2	-999.9
Koutiala	2021	2	26	57	19.4	33.7	23.9	-999.9	0.0	2.7	96852.0	-999.9
Koutiala	2021	2	27	58	19.6	33.9	23.6	-999.9	0.0	2.3	96698.1	-999.9
Koutiala	2021	2	28	59	22.1	36.4	23.0	-999.9	0.0	2.1	96549.0	-999.9
Koutiala	2021	3	1	60	21.7	37.4	23.5	-999.9	0.0	2.2	96539.4	-999.9
Koutiala	2021	3	2	61	26.7	37.8	21.5	-999.9	0.0	3.0	96591.3	-999.9
Koutiala	2021	3	3	62	23.4	38.0	23.0	-999.9	0.0	2.3	96621.8	-999.9
Koutiala	2021	3	4	63	23.9	38.8	23.1	-999.9	0.0	2.6	96532.1	-999.9
Koutiala	2021	3	5	64	24.2	37.5	24.1	-999.9	0.0	2.2	96549.1	-999.9
Koutiala	2021	3	6	65	22.5	37.4	22.0	-999.9	0.0	2.1	96651.0	-999.9
Koutiala	2021	3	7	66	25.7	37.5	21.5	-999.9	0.0	1.5	96686.4	-999.9
Koutiala	2021	3	8	67	24.6	37.8	23.6	-999.9	0.0	1.5	96541.9	-999.9
Koutiala	2021	3	9	68	24.3	38.1	23.8	-999.9	0.0	2.2	96453.7	-999.9
Koutiala	2021	3	10	69	23.1	36.7	24.4	-999.9	0.0	2.3	96552.2	-999.9
Koutiala	2021	3	11	70	24.6	35.7	24.2	-999.9	0.0	2.5	96594.9	-999.9
Koutiala	2021	3	12	71	22.5	33.5	24.6	-999.9	0.0	3.1	96697.3	-999.9
Koutiala	2021	3	13	72	20.9	34.2	24.7	-999.9	0.0	2.5	96785.5	-999.9
Koutiala	2021	3	14	73	21.3	35.5	24.2	-999.9	0.0	2.0	96799.3	-999.9
Koutiala	2021	3	15	74	22.8	36.6	24.5	-999.9	0.0	2.0	96649.3	-999.9
Koutiala	2021	3	16	75	22.8	36.5	24.8	-999.9	0.0	1.7	96538.9	-999.9
Koutiala	2021	3	17	76	24.1	36.6	23.0	-999.9	0.0	1.7	96531.2	-999.9
Koutiala	2021	3	18	77	24.6	36.4	24.0	-999.9	0.0	1.7	96609.2	-999.9
Koutiala	2021	3	19	78	23.9	37.0	23.0	-999.9	0.0	1.3	96551.0	-999.9
Koutiala	2021	3	20	79	26.3	36.7	22.5	-999.9	0.0	2.0	96551.4	-999.9
Koutiala	2021	3	21	80	25.8	36.6	21.1	-999.9	0.0	1.7	96584.0	-999.9
Koutiala	2021	3	22	81	25.5	35.4	21.9	-999.9	0.0	2.1	96582.2	-999.9
Koutiala	2021	3	23	82	25.6	38.4	24.7	-999.9	6.6	2.1	96706.5	-999.9
Koutiala	2021	3	24	83	23.7	38.6	25.0	-999.9	0.0	2.1	96821.8	-999.9
Koutiala	2021	3	25	84	23.5	38.2	25.4	-999.9	0.0	2.3	96770.2	-999.9
Koutiala	2021	3	26	85	24.1	38.1	25.7	-999.9	0.0	2.6	96726.7	-999.9
Koutiala	2021	3	27	86	23.5	38.4	25.9	-999.9	0.0	2.7	96604.4	-999.9
Koutiala	2021	3	28	87	26.4	36.9	23.1	-999.9	0.0	2.4	96712.8	-999.9
Koutiala	2021	3	29	88	21.7	37.1	26.0	-999.9	0.0	2.6	96752.1	-999.9
Koutiala	2021	3	30	89	20.6	37.6	26.2	-999.9	0.0	2.3	96706.7	-999.9
Koutiala	2021	3	31	90	21.1	38.2	26.1	-999.9	0.0	2.3	96597.4	-999.9
Koutiala	2021	4	1	91	21.7	38.8	26.1	-999.9	0.0	2.7	96654.5	-999.9
Koutiala	2021	4	2	92	24.2	38.9	26.4	-999.9	0.0	3.0	96731.0	-999.9
Koutiala	2021	4	3	93	21.5	38.7	26.3	-999.9	0.0	2.0	96650.9	-999.9
Koutiala	2021	4	4	94	20.7	38.4	26.2	-999.9	0.0	1.7	96602.9	-999.9
Koutiala	2021	4	5	95	22.0	39.0	25.7	-999.9	0.0	2.0	96565.5	-999.9
Koutiala	2021	4	6	96	24.0	38.8	24.6	-999.9	0.0	1.9	96561.2	-999.9
Koutiala	2021	4	7	97	23.9	39.1	23.7	-999.9	0.0	2.1	96634.7	-999.9
Koutiala	2021	4	8	98	23.8	40.5	24.8	-999.9	0.0	2.7	96623.7	-999.9
Koutiala	2021	4	9	99	26.0	40.4	26.4	-999.9	0.0	2.7	96497.1	-999.9
Koutiala	2021	4	10	100	22.8	40.0	26.0	-999.9	0.0	1.9	96425.0	-999.9
Koutiala	2021	4	11	101	23.2	39.4	25.1	-999.9	0.0	2.1	96442.7	-999.9
Koutiala	2021	4	12	102	25.3	39.4	25.1	-999.9	0.0	2.3	96558.5	-999.9
Koutiala	2021	4	13	103	26.7	39.1	23.5	-999.9	0.0	2.1	96619.2	-999.9
Koutiala	2021	4	14	104	27.6	37.3	23.2	-999.9	0.0	2.9	96665.7	-999.9
Koutiala	2021	4	15	105	26.7	37.5	23.4	-999.9	0.0	2.1	96571.3	-999.9
Koutiala	2021	4	16	106	27.1	38.4	22.5	-999.9	0.0	1.9	96380.0	-999.9
Koutiala	2021	4	17	107	26.6	37.3	22.9	-999.9	1.8	2.6	96557.7	-999.9
Koutiala	2021	4	18	108	24.7	38.3	24.6	-999.9	0.0	1.6	96648.8	-999.9
Koutiala	2021	4	19	109	23.7	38.7	25.1	-999.9	0.0	1.7	96603.1	-999.9
Koutiala	2021	4	20	110	25.8	38.2	23.2	-999.9	0.0	1.9	96506.3	-999.9
Koutiala	2021	4	21	111	27.6	38.6	24.1	-999.9	1.8	2.3	96507.7	-999.9
Koutiala	2021	4	22	112	27.6	39.0	21.9	-999.9	5.5	2.8	96621.5	-999.9
Koutiala	2021	4	23	113	26.3	38.6	23.4	-999.9	0.0	1.8	96591.0	-999.9
Koutiala	2021	4	24	114	27.4	38.4	24.2	-999.9	0.0	1.9	96488.7	-999.9
Koutiala	2021	4	25	115	26.7	38.6	25.1	-999.9	1.8	2.4	96494.0	-999.9
Koutiala	2021	4	26	116	27.0	38.7	24.5	-999.9	0.0	2.1	96530.6	-999.9
Koutiala	2021	4	27	117	27.9	38.8	24.4	-999.9	0.0	2.3	96412.3	-999.9
Koutiala	2021	4	28	118	27.2	39.2	23.5	-999.9	4.5	2.4	96445.8	-999.9
Koutiala	2021	4	29	119	27.9	37.9	24.0	-999.9	0.0	2.7	96509.7	-999.9
Koutiala	2021	4	30	120	27.4	37.8	22.3	-999.9	0.0	2.3	96509.2	-999.9
Koutiala	2021	5	1	121	26.4	38.4	25.6	-999.9	0.0	1.4	96567.4	-999.9
Koutiala	2021	5	2	122	25.6	38.7	23.3	-999.9	0.0	2.3	96446.4	-999.9
Koutiala	2021	5	3	123	27.5	37.3	23.2	-999.9	5.2	2.6	96488.2	-999.9
Koutiala	2021	5	4	124	26.6	36.8	23.1	-999.9	0.0	2.8	96558.8	-999.9
Koutiala	2021	5	5	125	27.3	37.3	23.5	-999.9	0.0	2.9	96565.0	-999.9
Koutiala	2021	5	6	126	26.7	37.6	21.9	-999.9	6.8	2.6	96654.7	-999.9
Koutiala	2021	5	7	127	27.4	36.3	24.3	-999.9	3.4	2.6	96880.0	-999.9
Koutiala	2021	5	8	128	25.4	36.9	24.7	-999.9	0.0	2.0	96811.3	-999.9
Koutiala	2021	5	9	129	27.1	36.9	24.6	-999.9	0.0	2.9	96766.1	-999.9
Koutiala	2021	5	10	130	26.9	36.5	24.2	-999.9	3.4	2.1	96769.3	-999.9
Koutiala	2021	5	11	131	25.5	36.6	24.8	-999.9	0.0	1.8	96838.2	-999.9
Koutiala	2021	5	12	132	24.6	33.9	16.7	-999.9	4.1	2.0	96907.3	-999.9
Koutiala	2021	5	13	133	24.9	36.5	25.7	-999.9	0.0	2.2	96628.2	-999.9
Koutiala	2021	5	14	134	24.9	36.9	25.5	-999.9	0.0	2.2	96538.8	-999.9
Koutiala	2021	5	15	135	26.8	36.5	23.0	-999.9	4.1	2.1	96646.7	-999.9
Koutiala	2021	5	16	136	26.2	36.1	24.6	-999.9	0.0	1.8	96703.1	-999.9
Koutiala	2021	5	17	137	26.7	37.9	24.5	-999.9	0.0	2.0	96653.2	-999.9
Koutiala	2021	5	18	138	27.0	37.7	24.7	-999.9	0.0	2.0	96684.5	-999.9
Koutiala	2021	5	19	139	27.2	36.9	24.8	-999.9	10.5	2.3	96785.4	-999.9
Koutiala	2021	5	20	140	27.3	36.7	24.5	-999.9	3.5	2.2	96827.6	-999.9
Koutiala	2021	5	21	141	27.1	35.2	23.4	-999.9	0.0	2.3	96806.0	-999.9
Koutiala	2021	5	22	142	26.5	37.0	24.7	-999.9	0.0	1.7	96833.8	-999.9
Koutiala	2021	5	23	143	27.1	36.8	23.5	-999.9	2.9	2.4	96853.4	-999.9
Koutiala	2021	5	24	144	26.4	36.9	23.1	-999.9	0.0	1.9	96806.5	-999.9
Koutiala	2021	5	25	145	26.6	35.1	22.0	-999.9	0.0	2.5	96829.0	-999.9
Koutiala	2021	5	26	146	26.6	36.3	24.5	-999.9	0.0	2.0	96774.3	-999.9
Koutiala	2021	5	27	147	25.4	36.2	24.2	-999.9	3.3	2.4	96647.9	-999.9
Koutiala	2021	5	28	148	27.1	36.1	24.4	-999.9	0.0	2.5	96647.9	-999.9
Koutiala	2021	5	29	149	26.5	35.2	24.0	-999.9	6.6	2.0	96699.7	-999.9
Koutiala	2021	5	30	150	27.0	35.7	22.9	-999.9	3.3	2.1	96627.3	-999.9
Koutiala	2021	5	31	151	26.1	35.4	24.3	-999.9	0.0	2.4	96722.4	-999.9
Koutiala	2021	6	1	152	27.6	35.9	21.7	-999.9	0.0	3.1	96688.4	-999.9
Koutiala	2021	6	2	153	25.8	36.3	24.7	-999.9	0.0	2.4	96694.6	-999.9
Koutiala	2021	6	3	154	27.1	36.4	24.3	-999.9	0.0	2.1	96790.9	-999.9
Koutiala	2021	6	4	155	25.9	36.3	24.5	-999.9	0.0	1.8	96788.6	-999.9
Koutiala	2021	6	5	156	26.2	36.3	22.7	-999.9	0.0	2.8	96730.2	-999.9
Koutiala	2021	6	6	157	26.0	35.5	24.8	-999.9	8.9	2.6	96639.2	-999.9
Koutiala	2021	6	7	158	25.9	33.3	22.9	-999.9	0.0	2.2	96746.0	-999.9
Koutiala	2021	6	8	159	25.7	35.2	24.5	-999.9	0.0	2.0	96767.7	-999.9
Koutiala	2021	6	9	160	24.3	32.8	16.6	-999.9	13.4	1.7	96777.5	-999.9
Koutiala	2021	6	10	161	24.4	33.9	24.4	-999.9	4.5	2.2	96760.0	-999.9
Koutiala	2021	6	11	162	24.9	33.5	21.5	-999.9	0.0	2.3	96819.1	-999.9
Koutiala	2021	6	12	163	25.0	34.9	24.2	-999.9	0.0	2.1	96878.7	-999.9
Koutiala	2021	6	13	164	26.7	35.0	23.9	-999.9	0.0	2.1	96876.8	-999.9
Koutiala	2021	6	14	165	24.6	34.9	22.6	-999.9	7.8	2.1	96911.0	-999.9
Koutiala	2021	6	15	166	24.5	34.5	23.8	-999.9	23.4	2.1	96898.7	-999.9
Koutiala	2021	6	16	167	25.5	34.8	23.3	-999.9	5.2	2.7	96914.0	-999.9
Koutiala	2021	6	17	168	25.5	34.7	24.1	-999.9	2.6	2.8	96935.9	-999.9
Koutiala	2021	6	18	169	26.0	35.0	24.2	-999.9	5.2	2.7	96904.1	-999.9
Koutiala	2021	6	19	170	25.6	34.4	24.1	-999.9	0.0	1.9	96929.6	-999.9
Koutiala	2021	6	20	171	25.4	34.3	24.2	-999.9	5.2	1.9	96956.9	-999.9
Koutiala	2021	6	21	172	24.2	32.3	22.3	-999.9	10.8	2.3	97006.6	-999.9
Koutiala	2021	6	22	173	23.2	31.8	19.6	-999.9	32.4	2.3	96964.1	-999.9
Koutiala	2021	6	23	174	23.2	32.5	24.8	-999.9	0.0	1.7	96786.1	-999.9
Koutiala	2021	6	24	175	23.5	31.5	22.0	-999.9	21.6	2.1	96910.8	-999.9
Koutiala	2021	6	25	176	23.7	31.7	22.9	-999.9	0.0	1.7	97011.8	-999.9
Koutiala	2021	6	26	177	23.4	32.3	24.2	-999.9	0.0	1.7	96921.5	-999.9
Koutiala	2021	6	27	178	24.4	33.8	24.1	-999.9	5.9	1.6	96879.0	-999.9
Koutiala	2021	6	28	179	25.1	34.5	24.6	-999.9	0.0	2.9	96877.7	-999.9
Koutiala	2021	6	29	180	24.1	34.2	24.6	-999.9	0.0	2.8	96950.8	-999.9
Koutiala	2021	6	30	181	25.1	32.3	21.6	-999.9	11.8	1.8	97023.2	-999.9
Koutiala	2021	7	1	182	24.9	33.1	23.9	-999.9	0.0	2.1	97054.4	-999.9
Koutiala	2021	7	2	183	23.9	32.2	22.7	-999.9	10.8	1.9	97004.5	-999.9
Koutiala	2021	7	3	184	25.1	32.9	22.8	-999.9	0.0	2.8	96955.2	-999.9
Koutiala	2021	7	4	185	23.8	32.8	24.0	-999.9	0.0	2.2	97031.5	-999.9
Koutiala	2021	7	5	186	23.5	28.4	11.1	-999.9	10.8	1.7	97172.3	-999.9
Koutiala	2021	7	6	187	22.9	32.6	24.2	-999.9	0.0	1.7	97039.4	-999.9
Koutiala	2021	7	7	188	24.9	34.5	24.7	-999.9	0.0	3.0	96793.6	-999.9
Koutiala	2021	7	8	189	25.9	34.1	23.1	-999.9	0.0	3.3	96772.2	-999.9
Koutiala	2021	7	9	190	24.7	32.4	21.0	-999.9	6.0	3.3	96834.6	-999.9
Koutiala	2021	7	10	191	23.2	28.8	16.1	-999.9	6.0	2.4	96972.7	-999.9
Koutiala	2021	7	11	192	23.3	28.6	17.4	-999.9	0.0	1.6	97088.2	-999.9
Koutiala	2021	7	12	193	22.6	30.7	20.1	-999.9	0.0	1.9	97111.7	-999.9
Koutiala	2021	7	13	194	23.3	31.9	24.0	-999.9	23.8	2.0	96980.9	-999.9
Koutiala	2021	7	14	195	23.1	30.6	20.9	-999.9	0.0	2.5	96901.0	-999.9
Koutiala	2021	7	15	196	23.3	31.9	23.0	-999.9	0.0	1.8	96891.7	-999.9
Koutiala	2021	7	16	197	24.0	31.2	21.3	-999.9	24.7	1.8	96907.0	-999.9
Koutiala	2021	7	17	198	24.8	31.3	20.9	-999.9	0.0	1.7	96990.0	-999.9
Koutiala	2021	7	18	199	24.1	30.4	17.8	-999.9	0.0	2.4	97032.7	-999.9
Koutiala	2021	7	19	200	23.9	32.8	24.2	-999.9	6.2	2.4	96911.7	-999.9
Koutiala	2021	7	20	201	24.3	32.9	23.7	-999.9	0.0	2.6	96970.7	-999.9
Koutiala	2021	7	21	202	24.4	32.7	22.7	-999.9	18.5	3.0	97123.7	-999.9
Koutiala	2021	7	22	203	23.3	29.2	14.0	-999.9	37.0	2.8	97126.4	-999.9
Koutiala	2021	7	23	204	22.7	29.9	17.6	-999.9	0.0	1.6	97030.8	-999.9
Koutiala	2021	7	24	205	22.5	29.2	18.5	-999.9	0.0	2.3	96993.8	-999.9
Koutiala	2021	7	25	206	22.9	29.9	21.6	-999.9	0.0	2.4	96985.2	-999.9
Koutiala	2021	7	26	207	23.0	30.6	21.3	-999.9	0.0	2.3	96892.3	-999.9
Koutiala	2021	7	27	208	23.7	30.4	19.0	-999.9	8.2	2.4	96893.6	-999.9
Koutiala	2021	7	28	209	23.6	29.3	17.2	-999.9	16.4	2.3	96852.7	-999.9
Koutiala	2021	7	29	210	23.0	25.2	10.3	-999.9	8.2	1.7	96930.6	-999.9
Koutiala	2021	7	30	211	22.6	26.0	9.3	-999.9	8.2	1.7	96967.2	-999.9
Koutiala	2021	7	31	212	22.5	29.2	17.8	-999.9	16.4	1.8	97012.4	-999.9
Koutiala	2021	8	1	213	22.2	26.3	14.5	-999.9	0.0	2.8	97160.1	-999.9
Koutiala	2021	8	2	214	21.5	28.7	19.6	-999.9	0.0	2.4	97196.7	-999.9
Koutiala	2021	8	3	215	23.4	29.5	18.9	-999.9	0.0	2.4	97106.2	-999.9
Koutiala	2021	8	4	216	22.9	26.6	11.8	-999.9	40.6	1.9	97089.5	-999.9
Koutiala	2021	8	5	217	22.5	28.5	18.4	-999.9	13.5	2.2	97150.6	-999.9
Koutiala	2021	8	6	218	22.2	27.6	17.0	-999.9	18.9	2.4	97256.9	-999.9
Koutiala	2021	8	7	219	23.1	29.0	18.5	-999.9	12.6	2.5	97186.1	-999.9
Koutiala	2021	8	8	220	22.2	30.1	20.6	-999.9	6.3	2.3	97034.9	-999.9
Koutiala	2021	8	9	221	22.9	29.7	20.9	-999.9	0.0	2.0	97052.6	-999.9
Koutiala	2021	8	10	222	22.2	28.0	12.2	-999.9	25.2	1.7	97081.8	-999.9
Koutiala	2021	8	11	223	23.2	29.3	19.3	-999.9	26.9	1.6	96934.7	-999.9
Koutiala	2021	8	12	224	22.9	29.9	20.6	-999.9	0.0	1.5	96831.0	-999.9
Koutiala	2021	8	13	225	22.6	28.7	17.8	-999.9	9.0	2.0	96977.8	-999.9
Koutiala	2021	8	14	226	22.4	28.1	17.9	-999.9	9.0	2.2	96963.9	-999.9
Koutiala	2021	8	15	227	22.6	25.5	8.4	-999.9	0.0	1.7	96770.1	-999.9
Koutiala	2021	8	16	228	21.7	28.5	16.9	-999.9	0.0	1.9	96868.1	-999.9
Koutiala	2021	8	17	229	22.4	28.4	16.0	-999.9	4.6	2.1	97002.8	-999.9
Koutiala	2021	8	18	230	22.6	26.3	12.4	-999.9	0.0	2.7	97052.0	-999.9
Koutiala	2021	8	19	231	21.1	29.4	21.5	-999.9	0.0	1.8	97013.2	-999.9
Koutiala	2021	8	20	232	22.6	29.6	21.8	-999.9	4.6	1.9	96876.9	-999.9
Koutiala	2021	8	21	233	22.5	30.6	22.3	-999.9	7.5	1.9	96777.9	-999.9
Koutiala	2021	8	22	234	22.4	30.0	23.3	-999.9	0.0	1.9	96804.5	-999.9
Koutiala	2021	8	23	235	22.7	29.6	22.3	-999.9	0.0	1.6	96823.4	-999.9
Koutiala	2021	8	24	236	22.5	30.9	23.4	-999.9	7.5	1.5	96712.1	-999.9
Koutiala	2021	8	25	237	23.6	30.0	21.5	-999.9	22.6	1.9	96635.4	-999.9
Koutiala	2021	8	26	238	23.4	29.1	17.3	-999.9	10.4	1.8	96892.1	-999.9
Koutiala	2021	8	27	239	22.5	28.5	16.2	-999.9	5.2	1.3	97041.8	-999.9
Koutiala	2021	8	28	240	22.0	29.3	21.4	-999.9	10.4	1.7	96964.2	-999.9
Koutiala	2021	8	29	241	23.2	28.7	16.5	-999.9	10.4	1.1	96789.7	-999.9
Koutiala	2021	8	30	242	23.5	30.4	21.6	-999.9	5.2	1.6	96738.5	-999.9
Koutiala	2021	8	31	243	22.7	29.0	18.7	-999.9	10.4	1.4	96883.5	-999.9
Koutiala	2021	9	1	244	21.5	30.1	23.8	-999.9	0.0	1.9	96956.0	-999.9
Koutiala	2021	9	2	245	23.2	30.9	22.7	-999.9	6.5	2.2	96789.2	-999.9
Koutiala	2021	9	3	246	23.6	28.8	16.0	-999.9	0.0	2.1	96869.2	-999.9
Koutiala	2021	9	4	247	22.6	29.7	21.2	-999.9	0.0	2.0	96922.7	-999.9
Koutiala	2021	9	5	248	23.2	30.2	24.1	-999.9	0.0	2.1	96957.2	-999.9
Koutiala	2021	9	6	249	23.3	29.7	20.4	-999.9	5.3	1.1	96953.3	-999.9
Koutiala	2021	9	7	250	22.2	30.8	24.4	-999.9	0.0	1.5	96946.7	-999.9
Koutiala	2021	9	8	251	23.5	31.1	22.5	-999.9	5.3	1.9	96825.6	-999.9
Koutiala	2021	9	9	252	23.7	28.5	12.5	-999.9	21.1	1.7	96764.5	-999.9
Koutiala	2021	9	10	253	22.4	28.9	17.9	-999.9	0.0	2.4	97038.2	-999.9
Koutiala	2021	9	11	254	22.4	29.5	21.3	-999.9	20.7	1.7	97227.1	-999.9
Koutiala	2021	9	12	255	22.4	30.3	23.4	-999.9	10.3	1.4	96996.5	-999.9
Koutiala	2021	9	13	256	22.1	30.7	24.2	-999.9	0.0	1.7	96871.4	-999.9
Koutiala	2021	9	14	257	23.3	30.8	24.0	-999.9	0.0	1.7	96812.5	-999.9
Koutiala	2021	9	15	258	23.3	30.1	18.1	-999.9	0.0	1.5	96899.7	-999.9
Koutiala	2021	9	16	259	22.5	29.0	19.6	-999.9	0.0	1.4	97098.5	-999.9
Koutiala	2021	9	17	260	22.0	29.9	22.7	-999.9	6.6	1.2	97041.4	-999.9
Koutiala	2021	9	18	261	22.9	31.4	23.9	-999.9	3.3	1.6	96896.2	-999.9
Koutiala	2021	9	19	262	22.5	30.7	23.5	-999.9	0.0	1.6	96888.4	-999.9
Koutiala	2021	9	20	263	22.9	31.1	23.4	-999.9	3.3	1.4	96915.1	-999.9
Koutiala	2021	9	21	264	23.3	31.2	23.3	-999.9	0.0	1.6	96836.1	-999.9
Koutiala	2021	9	22	265	23.4	30.9	22.2	-999.9	8.2	1.5	96861.3	-999.9
Koutiala	2021	9	23	266	23.5	30.1	17.6	-999.9	8.2	1.5	96935.7	-999.9
Koutiala	2021	9	24	267	23.0	30.9	23.4	-999.9	0.0	1.5	96995.0	-999.9
Koutiala	2021	9	25	268	23.1	31.4	23.2	-999.9	0.0	1.5	96916.0	-999.9
Koutiala	2021	9	26	269	22.9	31.2	23.1	-999.9	0.0	1.7	96974.6	-999.9
Koutiala	2021	9	27	270	22.9	30.6	23.3	-999.9	8.7	1.7	96929.2	-999.9
Koutiala	2021	9	28	271	23.2	31.5	22.8	-999.9	0.0	1.6	96747.8	-999.9
Koutiala	2021	9	29	272	23.0	32.4	23.0	-999.9	0.0	1.3	96756.2	-999.9
Koutiala	2021	9	30	273	23.5	30.1	20.2	-999.9	8.7	1.5	96885.9	-999.9
Koutiala	2021	10	1	274	23.5	30.5	20.2	-999.9	0.0	1.3	96972.6	-999.9
Koutiala	2021	10	2	275	23.5	30.1	21.9	-999.9	0.0	1.8	96900.9	-999.9
Koutiala	2021	10	3	276	22.4	31.6	22.1	-999.9	0.0	1.7	96863.6	-999.9
Koutiala	2021	10	4	277	22.9	32.7	23.2	-999.9	0.0	1.6	96765.3	-999.9
Koutiala	2021	10	5	278	22.7	31.4	21.1	-999.9	0.0	1.5	96837.4	-999.9
Koutiala	2021	10	6	279	23.3	33.0	22.6	-999.9	0.0	1.3	96821.6	-999.9
Koutiala	2021	10	7	280	23.8	32.6	22.8	-999.9	2.1	1.6	96732.9	-999.9
Koutiala	2021	10	8	281	23.8	33.3	22.3	-999.9	8.2	1.4	96699.5	-999.9
Koutiala	2021	10	9	282	23.3	32.3	22.4	-999.9	2.1	1.3	96745.4	-999.9
Koutiala	2021	10	10	283	23.8	31.6	22.1	-999.9	4.1	1.4	96785.4	-999.9
Koutiala	2021	10	11	284	24.1	31.6	21.1	-999.9	3.1	1.8	96905.8	-999.9
Koutiala	2021	10	12	285	23.7	32.4	22.1	-999.9	3.1	1.3	96906.3	-999.9
Koutiala	2021	10	13	286	23.7	32.8	22.1	-999.9	0.0	1.6	96758.6	-999.9
Koutiala	2021	10	14	287	23.2	33.0	23.0	-999.9	0.0	1.8	96705.7	-999.9
Koutiala	2021	10	15	288	22.1	32.9	22.6	-999.9	0.0	1.7	96762.0	-999.9
Koutiala	2021	10	16	289	23.7	32.2	21.2	-999.9	0.0	1.4	96792.3	-999.9
Koutiala	2021	10	17	290	22.6	32.8	21.9	-999.9	0.0	1.5	96718.9	-999.9
Koutiala	2021	10	18	291	22.0	33.9	22.3	-999.9	0.0	1.9	96678.0	-999.9
Koutiala	2021	10	19	292	24.1	31.8	18.4	-999.9	9.5	1.9	96769.1	-999.9
Koutiala	2021	10	20	293	22.9	30.3	20.6	-999.9	0.0	1.6	96926.6	-999.9
Koutiala	2021	10	21	294	22.9	31.1	20.4	-999.9	4.4	1.1	96875.6	-999.9
Koutiala	2021	10	22	295	22.3	31.4	21.2	-999.9	0.0	1.3	96838.3	-999.9
Koutiala	2021	10	23	296	23.4	31.3	20.4	-999.9	0.0	1.3	96921.0	-999.9
Koutiala	2021	10	24	297	22.9	31.3	20.5	-999.9	8.8	1.5	97038.0	-999.9
Koutiala	2021	10	25	298	23.0	31.9	18.4	-999.9	0.0	1.3	97016.6	-999.9
Koutiala	2021	10	26	299	24.8	32.6	20.5	-999.9	0.0	2.0	96946.1	-999.9
Koutiala	2021	10	27	300	23.5	32.8	21.7	-999.9	0.0	1.6	96809.6	-999.9
Koutiala	2021	10	28	301	24.8	32.2	19.9	-999.9	4.9	1.6	96850.4	-999.9
Koutiala	2021	10	29	302	22.8	32.7	21.1	-999.9	0.0	1.6	96813.0	-999.9
Koutiala	2021	10	30	303	22.7	31.4	16.7	-999.9	4.9	1.6	96913.9	-999.9
Koutiala	2021	10	31	304	23.1	33.8	21.1	-999.9	0.0	1.8	96944.6	-999.9
Koutiala	2021	11	1	305	22.4	32.9	18.9	-999.9	0.0	1.8	96945.0	-999.9
Koutiala	2021	11	2	306	22.5	32.4	20.4	-999.9	1.9	1.8	96951.9	-999.9
Koutiala	2021	11	3	307	22.9	32.2	19.3	-999.9	0.0	1.3	96902.2	-999.9
Koutiala	2021	11	4	308	22.1	33.3	21.0	-999.9	0.0	1.3	96838.6	-999.9
Koutiala	2021	11	5	309	22.3	33.9	21.0	-999.9	0.0	1.5	96800.4	-999.9
Koutiala	2021	11	6	310	22.2	33.7	21.0	-999.9	0.0	1.6	96713.4	-999.9
Koutiala	2021	11	7	311	22.5	32.8	20.3	-999.9	0.0	1.4	96700.9	-999.9
Koutiala	2021	11	8	312	22.8	32.7	18.7	-999.9	0.0	1.2	96635.5	-999.9
Koutiala	2021	11	9	313	23.0	33.5	19.8	-999.9	0.0	1.5	96645.9	-999.9
Koutiala	2021	11	10	314	21.9	32.6	20.6	-999.9	0.0	1.2	96767.8	-999.9
Koutiala	2021	11	11	315	21.4	32.7	21.0	-999.9	0.0	1.4	96857.0	-999.9
Koutiala	2021	11	12	316	19.5	29.8	16.0	-999.9	0.0	1.6	96772.7	-999.9
Koutiala	2021	11	13	317	19.5	31.5	21.7	-999.9	0.0	2.3	96780.0	-999.9
Koutiala	2021	11	14	318	20.0	32.2	21.5	-999.9	0.0	2.2	96855.8	-999.9
Koutiala	2021	11	15	319	20.0	33.0	21.6	-999.9	0.0	2.1	96890.3	-999.9
Koutiala	2021	11	16	320	20.3	32.9	21.5	-999.9	0.0	2.4	96772.1	-999.9
Koutiala	2021	11	17	321	20.9	32.9	21.4	-999.9	0.0	2.1	96715.2	-999.9
Koutiala	2021	11	18	322	20.1	33.2	21.4	-999.9	0.0	2.2	96808.9	-999.9
Koutiala	2021	11	19	323	19.2	33.6	21.6	-999.9	0.0	2.2	96874.8	-999.9
Koutiala	2021	11	20	324	18.4	33.4	21.6	-999.9	0.0	2.2	96813.2	-999.9
Koutiala	2021	11	21	325	19.2	33.9	21.6	-999.9	0.0	2.6	96727.0	-999.9
Koutiala	2021	11	22	326	18.6	33.4	21.5	-999.9	0.0	2.4	96808.1	-999.9
Koutiala	2021	11	23	327	19.1	33.4	21.4	-999.9	0.0	2.5	96936.6	-999.9
Koutiala	2021	11	24	328	19.4	34.2	21.2	-999.9	0.0	2.5	96898.3	-999.9
Koutiala	2021	11	25	329	19.4	34.0	21.1	-999.9	0.0	2.1	96795.9	-999.9
Koutiala	2021	11	26	330	18.1	33.9	21.1	-999.9	0.0	2.1	96781.8	-999.9
Koutiala	2021	11	27	331	18.6	34.1	21.0	-999.9	0.0	1.5	96808.2	-999.9
Koutiala	2021	11	28	332	20.5	34.2	19.9	-999.9	0.0	1.7	96762.8	-999.9
Koutiala	2021	11	29	333	19.6	33.2	21.0	-999.9	0.0	2.2	96799.6	-999.9
Koutiala	2021	11	30	334	18.0	32.8	20.8	-999.9	0.0	1.8	96817.3	-999.9
Koutiala	2021	12	1	335	18.3	33.4	20.5	-999.9	0.0	1.8	96803.3	-999.9
Koutiala	2021	12	2	336	18.5	33.9	20.8	-999.9	0.0	1.7	96685.9	-999.9
Koutiala	2021	12	3	337	18.6	34.2	20.7	-999.9	0.0	1.9	96688.3	-999.9
Koutiala	2021	12	4	338	18.3	33.7	20.7	-999.9	0.0	2.0	96823.9	-999.9
Koutiala	2021	12	5	339	18.1	33.0	20.9	-999.9	0.0	2.1	96911.7	-999.9
Koutiala	2021	12	6	340	19.1	32.0	20.7	-999.9	0.0	2.3	96929.2	-999.9
Koutiala	2021	12	7	341	18.4	32.7	20.7	-999.9	0.0	2.1	96950.4	-999.9
Koutiala	2021	12	8	342	18.2	33.5	20.7	-999.9	0.0	2.0	96957.1	-999.9
Koutiala	2021	12	9	343	18.8	33.2	20.8	-999.9	0.0	2.2	96799.5	-999.9
Koutiala	2021	12	10	344	19.2	32.0	20.5	-999.9	0.0	2.2	96758.2	-999.9
Koutiala	2021	12	11	345	16.9	31.8	20.5	-999.9	0.0	1.9	96691.7	-999.9
Koutiala	2021	12	12	346	18.2	32.7	19.9	-999.9	0.0	2.0	96759.9	-999.9
Koutiala	2021	12	13	347	17.8	33.5	19.9	-999.9	0.0	1.8	96757.1	-999.9
Koutiala	2021	12	14	348	19.4	34.0	20.2	-999.9	0.0	1.8	96667.8	-999.9
Koutiala	2021	12	15	349	19.3	32.3	19.4	-999.9	0.0	2.1	96730.9	-999.9
Koutiala	2021	12	16	350	21.5	33.1	19.7	-999.9	0.0	2.7	96862.7	-999.9
Koutiala	2021	12	17	351	20.8	32.6	20.1	-999.9	0.0	2.7	96942.9	-999.9
Koutiala	2021	12	18	352	21.3	32.6	20.1	-999.9	0.0	3.0	96944.2	-999.9
Koutiala	2021	12	19	353	20.4	31.3	20.3	-999.9	0.0	2.7	96931.3	-999.9
Koutiala	2021	12	20	354	18.7	30.2	20.3	-999.9	0.0	2.7	96996.5	-999.9
Koutiala	2021	12	21	355	17.7	30.4	20.4	-999.9	0.0	2.3	97036.5	-999.9
Koutiala	2021	12	22	356	18.8	30.8	19.6	-999.9	0.0	2.6	97099.9	-999.9
Koutiala	2021	12	23	357	18.2	30.8	20.4	-999.9	0.0	2.6	96951.8	-999.9
Koutiala	2021	12	24	358	18.2	31.7	20.4	-999.9	0.0	2.2	96871.4	-999.9
Koutiala	2021	12	25	359	18.5	31.7	18.9	-999.9	0.0	2.0	96921.7	-999.9
Koutiala	2021	12	26	360	18.7	31.9	19.8	-999.9	0.0	2.1	96918.4	-999.9
Koutiala	2021	12	27	361	19.7	31.3	17.5	-999.9	0.6	2.5	97007.7	-999.9
Koutiala	2021	12	28	362	18.6	30.9	18.0	-999.9	0.0	2.5	97064.5	-999.9
Koutiala	2021	12	29	363	17.6	31.6	20.7	-999.9	0.0	2.2	97037.2	-999.9
Koutiala	2021	12	30	364	16.6	31.8	20.7	-999.9	0.0	2.1	96960.6	-999.9
Koutiala	2021	12	31	365	18.4	31.9	20.6	-999.9	0.0	2.4	96993.4	-999.9
