Koutiala	2013	1	1	1	14.4	27.7	21.1	-999.9	0.0	2.5	97114.5	-999.9
Koutiala	2013	1	2	2	12.7	28.8	21.1	-999.9	0.0	2.1	97156.4	-999.9
Koutiala	2013	1	3	3	15.0	30.1	21.0	-999.9	0.0	2.5	97282.2	-999.9
Koutiala	2013	1	4	4	14.8	28.7	21.1	-999.9	0.0	2.8	97446.9	-999.9
Koutiala	2013	1	5	5	13.7	26.5	21.1	-999.9	0.0	2.6	97375.5	-999.9
Koutiala	2013	1	6	6	12.8	26.9	20.9	-999.9	0.0	2.1	97267.4	-999.9
Koutiala	2013	1	7	7	11.7	28.9	20.9	-999.9	0.6	1.9	97229.4	-999.9
Koutiala	2013	1	8	8	14.8	30.8	20.7	-999.9	0.0	2.3	97207.9	-999.9
Koutiala	2013	1	9	9	16.8	31.9	20.7	-999.9	0.0	2.3	97160.6	-999.9
Koutiala	2013	1	10	10	17.0	31.9	20.9	-999.9	0.0	2.3	97125.7	-999.9
Koutiala	2013	1	11	11	17.1	31.5	21.0	-999.9	0.0	2.3	97006.6	-999.9
Koutiala	2013	1	12	12	17.5	31.5	21.1	-999.9	0.0	2.7	96978.9	-999.9
Koutiala	2013	1	13	13	17.9	32.2	20.6	-999.9	0.0	2.5	96899.0	-999.9
Koutiala	2013	1	14	14	16.3	32.0	21.2	-999.9	0.0	2.2	96820.1	-999.9
Koutiala	2013	1	15	15	16.7	31.9	21.4	-999.9	0.0	2.5	96899.2	-999.9
Koutiala	2013	1	16	16	17.0	31.0	21.3	-999.9	0.0	2.8	97024.0	-999.9
Koutiala	2013	1	17	17	17.0	30.6	20.3	-999.9	0.0	2.6	97133.9	-999.9
Koutiala	2013	1	18	18	15.2	30.6	21.5	-999.9	0.0	2.3	97058.2	-999.9
Koutiala	2013	1	19	19	15.4	31.8	21.5	-999.9	0.0	2.0	96929.9	-999.9
Koutiala	2013	1	20	20	16.5	32.4	21.5	-999.9	0.0	2.2	96879.5	-999.9
Koutiala	2013	1	21	21	17.0	32.5	21.4	-999.9	0.0	2.2	96888.1	-999.9
Koutiala	2013	1	22	22	17.6	34.0	21.1	-999.9	0.0	1.8	96903.1	-999.9
Koutiala	2013	1	23	23	18.4	34.3	21.0	-999.9	0.0	2.0	96946.4	-999.9
Koutiala	2013	1	24	24	18.9	33.8	20.9	-999.9	0.0	2.2	96934.5	-999.9
Koutiala	2013	1	25	25	20.2	33.8	20.7	-999.9	0.0	2.7	96982.6	-999.9
Koutiala	2013	1	26	26	19.9	31.0	20.0	-999.9	0.0	2.9	97133.0	-999.9
Koutiala	2013	1	27	27	20.2	29.5	20.4	-999.9	0.0	3.6	97312.1	-999.9
Koutiala	2013	1	28	28	20.0	31.5	20.3	-999.9	0.0	2.3	97308.9	-999.9
Koutiala	2013	1	29	29	20.3	31.9	20.9	-999.9	0.0	2.6	97204.0	-999.9
Koutiala	2013	1	30	30	20.0	33.1	21.5	-999.9	0.0	3.2	97090.5	-999.9
Koutiala	2013	1	31	31	21.5	32.6	21.7	-999.9	0.0	3.5	97173.3	-999.9
Koutiala	2013	2	1	32	18.7	30.2	22.2	-999.9	0.0	3.1	97263.5	-999.9
Koutiala	2013	2	2	33	16.9	30.4	22.7	-999.9	0.0	2.6	97090.1	-999.9
Koutiala	2013	2	3	34	14.7	31.2	22.5	-999.9	0.0	2.1	96885.8	-999.9
Koutiala	2013	2	4	35	16.6	32.3	22.2	-999.9	0.0	2.7	96929.2	-999.9
Koutiala	2013	2	5	36	18.4	32.4	21.2	-999.9	0.0	2.9	97009.6	-999.9
Koutiala	2013	2	6	37	17.6	32.8	22.3	-999.9	0.0	2.5	97011.9	-999.9
Koutiala	2013	2	7	38	17.7	34.2	22.3	-999.9	0.0	2.2	96894.6	-999.9
Koutiala	2013	2	8	39	18.0	34.3	22.4	-999.9	0.6	2.2	96815.3	-999.9
Koutiala	2013	2	9	40	20.2	34.2	20.8	-999.9	0.0	2.3	96762.9	-999.9
Koutiala	2013	2	10	41	19.0	34.8	21.1	-999.9	0.0	2.6	96805.9	-999.9
Koutiala	2013	2	11	42	20.6	35.5	22.5	-999.9	0.0	2.6	96799.4	-999.9
Koutiala	2013	2	12	43	20.5	35.5	22.4	-999.9	0.0	2.7	96777.7	-999.9
Koutiala	2013	2	13	44	20.3	35.0	22.7	-999.9	0.0	2.8	96823.1	-999.9
Koutiala	2013	2	14	45	18.8	34.8	22.9	-999.9	0.0	2.5	96792.1	-999.9
Koutiala	2013	2	15	46	18.0	34.7	23.0	-999.9	0.0	2.2	96788.5	-999.9
Koutiala	2013	2	16	47	18.5	35.9	23.0	-999.9	0.0	2.0	96763.3	-999.9
Koutiala	2013	2	17	48	21.4	36.1	23.2	-999.9	0.0	2.7	96732.9	-999.9
Koutiala	2013	2	18	49	19.9	35.8	23.3	-999.9	0.0	2.2	96689.5	-999.9
Koutiala	2013	2	19	50	20.1	36.5	23.2	-999.9	0.0	1.7	96677.5	-999.9
Koutiala	2013	2	20	51	21.4	35.6	23.5	-999.9	0.0	2.5	96778.0	-999.9
Koutiala	2013	2	21	52	21.0	34.4	23.4	-999.9	0.0	2.4	96865.6	-999.9
Koutiala	2013	2	22	53	20.5	35.1	22.8	-999.9	0.0	2.3	96794.4	-999.9
Koutiala	2013	2	23	54	23.1	36.6	22.5	-999.9	0.0	2.4	96708.8	-999.9
Koutiala	2013	2	24	55	24.0	36.4	20.6	-999.9	0.0	2.7	96656.6	-999.9
Koutiala	2013	2	25	56	22.7	37.7	23.6	-999.9	0.0	2.3	96664.4	-999.9
Koutiala	2013	2	26	57	22.6	37.7	23.7	-999.9	0.0	2.0	96700.6	-999.9
Koutiala	2013	2	27	58	21.1	37.6	22.6	-999.9	0.0	1.8	96700.4	-999.9
Koutiala	2013	2	28	59	26.0	37.6	21.9	-999.9	0.0	1.5	96674.0	-999.9
Koutiala	2013	3	1	60	24.3	37.5	22.6	-999.9	0.0	1.8	96622.2	-999.9
Koutiala	2013	3	2	61	24.9	38.1	21.2	-999.9	0.1	2.1	96686.4	-999.9
Koutiala	2013	3	3	62	24.3	38.1	23.4	-999.9	0.0	2.2	96729.2	-999.9
Koutiala	2013	3	4	63	24.8	38.7	23.5	-999.9	0.1	1.7	96649.8	-999.9
Koutiala	2013	3	5	64	25.9	37.9	22.7	-999.9	0.0	1.7	96758.7	-999.9
Koutiala	2013	3	6	65	25.4	39.5	23.9	-999.9	0.0	2.7	96704.4	-999.9
Koutiala	2013	3	7	66	27.1	39.8	24.2	-999.9	0.0	3.0	96690.6	-999.9
Koutiala	2013	3	8	67	23.4	38.8	24.5	-999.9	0.0	2.3	96739.4	-999.9
Koutiala	2013	3	9	68	25.0	39.7	24.7	-999.9	0.0	2.4	96660.3	-999.9
Koutiala	2013	3	10	69	23.6	38.7	23.5	-999.9	0.0	1.9	96663.8	-999.9
Koutiala	2013	3	11	70	26.7	37.8	21.6	-999.9	0.0	1.7	96595.9	-999.9
Koutiala	2013	3	12	71	24.4	38.0	23.8	-999.9	0.0	1.4	96595.9	-999.9
Koutiala	2013	3	13	72	24.9	37.9	22.6	-999.9	0.0	2.0	96575.0	-999.9
Koutiala	2013	3	14	73	24.5	37.7	23.4	-999.9	0.0	1.9	96591.9	-999.9
Koutiala	2013	3	15	74	22.2	38.0	25.1	-999.9	0.0	1.8	96629.9	-999.9
Koutiala	2013	3	16	75	22.8	37.7	20.7	-999.9	0.0	1.8	96669.0	-999.9
Koutiala	2013	3	17	76	22.0	38.7	24.7	-999.9	0.0	1.9	96608.4	-999.9
Koutiala	2013	3	18	77	22.9	37.8	23.3	-999.9	0.0	1.9	96622.1	-999.9
Koutiala	2013	3	19	78	25.5	37.6	22.4	-999.9	0.0	2.1	96572.6	-999.9
Koutiala	2013	3	20	79	27.4	39.3	21.8	-999.9	0.0	1.8	96481.1	-999.9
Koutiala	2013	3	21	80	24.8	40.0	25.2	-999.9	0.0	2.5	96487.7	-999.9
Koutiala	2013	3	22	81	25.1	38.6	23.3	-999.9	0.0	1.6	96493.1	-999.9
Koutiala	2013	3	23	82	24.7	38.5	24.4	-999.9	0.0	1.7	96491.0	-999.9
Koutiala	2013	3	24	83	21.5	38.7	24.9	-999.9	0.0	1.7	96479.1	-999.9
Koutiala	2013	3	25	84	24.8	37.2	21.4	-999.9	0.0	1.6	96597.6	-999.9
Koutiala	2013	3	26	85	26.4	38.5	24.6	-999.9	0.0	1.8	96659.0	-999.9
Koutiala	2013	3	27	86	26.3	37.4	22.0	-999.9	0.0	1.7	96631.6	-999.9
Koutiala	2013	3	28	87	27.5	37.6	20.1	-999.9	5.9	2.4	96766.0	-999.9
Koutiala	2013	3	29	88	25.2	37.6	24.0	-999.9	0.0	2.4	96918.4	-999.9
Koutiala	2013	3	30	89	26.4	38.2	25.4	-999.9	0.0	2.2	96853.7	-999.9
Koutiala	2013	3	31	90	24.3	37.9	26.2	-999.9	0.0	2.0	96767.9	-999.9
Koutiala	2013	4	1	91	22.8	38.2	25.0	-999.9	0.0	1.9	96754.2	-999.9
Koutiala	2013	4	2	92	25.1	38.3	24.1	-999.9	0.0	1.6	96732.5	-999.9
Koutiala	2013	4	3	93	26.6	37.9	23.0	-999.9	0.0	2.2	96668.6	-999.9
Koutiala	2013	4	4	94	29.0	34.3	12.9	-999.9	5.1	2.4	96765.1	-999.9
Koutiala	2013	4	5	95	27.4	36.7	17.4	-999.9	0.0	1.9	96809.7	-999.9
Koutiala	2013	4	6	96	27.0	35.4	17.5	-999.9	0.0	2.0	96888.0	-999.9
Koutiala	2013	4	7	97	25.1	38.9	24.3	-999.9	0.0	1.7	96712.1	-999.9
Koutiala	2013	4	8	98	23.9	39.3	24.8	-999.9	0.0	1.9	96649.5	-999.9
Koutiala	2013	4	9	99	26.1	39.1	23.5	-999.9	0.0	2.4	96660.1	-999.9
Koutiala	2013	4	10	100	28.2	38.2	21.7	-999.9	0.0	2.0	96709.5	-999.9
Koutiala	2013	4	11	101	27.2	38.9	23.7	-999.9	0.0	1.9	96613.3	-999.9
Koutiala	2013	4	12	102	28.5	39.5	23.4	-999.9	0.0	2.3	96480.9	-999.9
Koutiala	2013	4	13	103	26.8	36.7	22.6	-999.9	0.0	2.8	96713.4	-999.9
Koutiala	2013	4	14	104	26.6	37.6	23.7	-999.9	0.0	1.9	96771.5	-999.9
Koutiala	2013	4	15	105	26.9	38.5	23.4	-999.9	0.0	1.9	96710.9	-999.9
Koutiala	2013	4	16	106	24.4	39.5	25.8	-999.9	0.0	2.3	96514.6	-999.9
Koutiala	2013	4	17	107	25.4	37.9	23.5	-999.9	0.0	2.7	96545.9	-999.9
Koutiala	2013	4	18	108	26.7	37.8	23.2	-999.9	0.0	2.5	96488.7	-999.9
Koutiala	2013	4	19	109	28.0	37.0	22.5	-999.9	7.1	2.4	96498.8	-999.9
Koutiala	2013	4	20	110	27.4	36.2	22.2	-999.9	0.0	2.3	96566.9	-999.9
Koutiala	2013	4	21	111	27.0	37.2	23.4	-999.9	0.0	1.9	96601.2	-999.9
Koutiala	2013	4	22	112	25.5	36.4	22.2	-999.9	5.4	2.2	96566.7	-999.9
Koutiala	2013	4	23	113	27.0	37.7	23.2	-999.9	0.0	2.9	96460.2	-999.9
Koutiala	2013	4	24	114	27.1	37.7	24.1	-999.9	0.0	2.9	96568.2	-999.9
Koutiala	2013	4	25	115	27.9	36.7	21.4	-999.9	5.4	2.1	96797.2	-999.9
Koutiala	2013	4	26	116	26.9	37.9	22.1	-999.9	0.0	2.0	96779.6	-999.9
Koutiala	2013	4	27	117	26.3	37.9	23.9	-999.9	0.0	2.2	96660.5	-999.9
Koutiala	2013	4	28	118	24.3	38.5	26.0	-999.9	0.0	1.7	96597.2	-999.9
Koutiala	2013	4	29	119	25.3	38.8	24.3	-999.9	0.0	2.5	96526.9	-999.9
Koutiala	2013	4	30	120	28.8	38.2	23.7	-999.9	0.0	2.7	96619.3	-999.9
Koutiala	2013	5	1	121	28.7	38.4	22.8	-999.9	2.9	3.1	96731.0	-999.9
Koutiala	2013	5	2	122	27.8	38.9	23.1	-999.9	0.0	1.9	96681.8	-999.9
Koutiala	2013	5	3	123	28.3	38.6	23.3	-999.9	0.0	1.6	96603.3	-999.9
Koutiala	2013	5	4	124	29.6	39.2	24.1	-999.9	2.9	2.3	96615.7	-999.9
Koutiala	2013	5	5	125	27.2	39.8	25.0	-999.9	0.0	2.2	96692.3	-999.9
Koutiala	2013	5	6	126	27.2	38.6	24.5	-999.9	0.0	2.1	96807.0	-999.9
Koutiala	2013	5	7	127	27.8	39.3	24.4	-999.9	0.0	2.4	96820.4	-999.9
Koutiala	2013	5	8	128	28.3	38.4	22.5	-999.9	1.9	2.6	96835.4	-999.9
Koutiala	2013	5	9	129	26.3	39.3	24.8	-999.9	0.0	2.0	96797.7	-999.9
Koutiala	2013	5	10	130	27.5	39.2	24.1	-999.9	0.0	2.6	96731.4	-999.9
Koutiala	2013	5	11	131	27.5	37.9	23.8	-999.9	0.0	3.1	96763.9	-999.9
Koutiala	2013	5	12	132	27.8	38.1	22.6	-999.9	0.0	2.3	96811.7	-999.9
Koutiala	2013	5	13	133	27.9	39.1	24.8	-999.9	0.0	2.2	96826.7	-999.9
Koutiala	2013	5	14	134	29.1	38.4	24.2	-999.9	7.5	2.6	96814.1	-999.9
Koutiala	2013	5	15	135	28.4	38.0	23.7	-999.9	0.0	2.7	96654.8	-999.9
Koutiala	2013	5	16	136	26.1	36.4	23.3	-999.9	0.0	2.3	96713.5	-999.9
Koutiala	2013	5	17	137	26.2	35.9	21.7	-999.9	0.0	1.6	96802.7	-999.9
Koutiala	2013	5	18	138	24.4	33.4	18.6	-999.9	4.3	2.0	96980.6	-999.9
Koutiala	2013	5	19	139	25.1	37.2	25.1	-999.9	0.0	2.1	96831.6	-999.9
Koutiala	2013	5	20	140	26.1	36.8	24.6	-999.9	0.0	2.3	96764.7	-999.9
Koutiala	2013	5	21	141	27.8	36.4	24.2	-999.9	1.8	2.9	96723.8	-999.9
Koutiala	2013	5	22	142	26.7	35.2	22.8	-999.9	1.8	2.6	96827.9	-999.9
Koutiala	2013	5	23	143	25.0	36.2	22.7	-999.9	1.8	2.1	96884.7	-999.9
Koutiala	2013	5	24	144	25.3	39.1	25.0	-999.9	0.0	1.6	96777.2	-999.9
Koutiala	2013	5	25	145	26.6	38.5	25.1	-999.9	1.8	2.4	96695.7	-999.9
Koutiala	2013	5	26	146	28.6	38.6	23.5	-999.9	0.0	2.9	96707.1	-999.9
Koutiala	2013	5	27	147	25.9	36.7	23.9	-999.9	0.7	2.5	96815.7	-999.9
Koutiala	2013	5	28	148	23.2	33.9	18.2	-999.9	5.2	2.0	96858.9	-999.9
Koutiala	2013	5	29	149	25.3	38.0	25.1	-999.9	0.0	2.5	96745.9	-999.9
Koutiala	2013	5	30	150	27.6	36.6	23.8	-999.9	0.0	2.7	96794.5	-999.9
Koutiala	2013	5	31	151	24.3	37.8	25.0	-999.9	19.4	2.2	96828.0	-999.9
Koutiala	2013	6	1	152	25.3	36.7	22.8	-999.9	0.0	2.5	96780.0	-999.9
Koutiala	2013	6	2	153	25.1	37.0	24.3	-999.9	2.8	3.1	96778.1	-999.9
Koutiala	2013	6	3	154	26.6	36.8	24.3	-999.9	2.8	3.2	96851.9	-999.9
Koutiala	2013	6	4	155	25.2	36.2	24.1	-999.9	2.8	2.8	96926.5	-999.9
Koutiala	2013	6	5	156	23.8	33.6	22.1	-999.9	11.0	2.4	96975.9	-999.9
Koutiala	2013	6	6	157	24.6	34.9	24.4	-999.9	0.0	1.9	96956.9	-999.9
Koutiala	2013	6	7	158	25.2	35.8	24.5	-999.9	0.0	2.0	97000.4	-999.9
Koutiala	2013	6	8	159	25.5	35.7	24.7	-999.9	0.0	1.9	96965.6	-999.9
Koutiala	2013	6	9	160	24.3	35.5	23.3	-999.9	10.2	2.4	96882.3	-999.9
Koutiala	2013	6	10	161	24.1	35.1	23.9	-999.9	0.0	2.4	96904.5	-999.9
Koutiala	2013	6	11	162	25.7	35.9	24.4	-999.9	0.0	2.1	96998.6	-999.9
Koutiala	2013	6	12	163	25.3	36.6	24.5	-999.9	0.0	2.2	96956.1	-999.9
Koutiala	2013	6	13	164	26.8	37.8	24.7	-999.9	0.0	2.6	96760.0	-999.9
Koutiala	2013	6	14	165	26.5	36.2	24.6	-999.9	8.6	2.5	96800.9	-999.9
Koutiala	2013	6	15	166	26.0	35.1	22.5	-999.9	8.6	1.6	96845.0	-999.9
Koutiala	2013	6	16	167	25.8	36.7	23.7	-999.9	6.5	2.1	96838.0	-999.9
Koutiala	2013	6	17	168	25.0	35.6	23.7	-999.9	0.0	2.6	96877.1	-999.9
Koutiala	2013	6	18	169	25.6	34.7	22.9	-999.9	6.5	2.5	96805.5	-999.9
Koutiala	2013	6	19	170	26.6	35.7	23.9	-999.9	0.0	2.6	96764.8	-999.9
Koutiala	2013	6	20	171	26.3	36.0	23.8	-999.9	6.5	3.4	96765.1	-999.9
Koutiala	2013	6	21	172	26.0	35.4	23.3	-999.9	0.0	3.3	96806.1	-999.9
Koutiala	2013	6	22	173	26.5	36.1	23.3	-999.9	7.4	2.4	96822.0	-999.9
Koutiala	2013	6	23	174	25.5	36.1	24.3	-999.9	0.0	2.9	96766.8	-999.9
Koutiala	2013	6	24	175	25.9	36.9	24.3	-999.9	3.7	3.3	96703.7	-999.9
Koutiala	2013	6	25	176	25.8	33.1	20.4	-999.9	0.0	3.0	96848.2	-999.9
Koutiala	2013	6	26	177	23.9	32.4	18.6	-999.9	5.0	2.4	96966.6	-999.9
Koutiala	2013	6	27	178	23.8	33.0	20.2	-999.9	10.1	2.2	97016.8	-999.9
Koutiala	2013	6	28	179	23.4	30.9	19.6	-999.9	0.0	1.5	96887.9	-999.9
Koutiala	2013	6	29	180	22.8	31.1	21.8	-999.9	0.0	2.0	96930.4	-999.9
Koutiala	2013	6	30	181	22.8	31.6	20.2	-999.9	10.1	1.7	96950.9	-999.9
Koutiala	2013	7	1	182	22.4	29.9	19.7	-999.9	0.0	2.1	97059.3	-999.9
Koutiala	2013	7	2	183	22.8	31.6	23.5	-999.9	3.6	1.6	97066.6	-999.9
Koutiala	2013	7	3	184	24.2	30.6	19.8	-999.9	0.0	1.8	96953.0	-999.9
Koutiala	2013	7	4	185	24.3	32.2	22.0	-999.9	7.1	2.6	96814.1	-999.9
Koutiala	2013	7	5	186	23.7	30.3	18.3	-999.9	10.7	2.5	96896.0	-999.9
Koutiala	2013	7	6	187	23.4	30.8	20.4	-999.9	0.0	1.6	96943.2	-999.9
Koutiala	2013	7	7	188	22.7	32.1	22.8	-999.9	0.0	1.9	96952.3	-999.9
Koutiala	2013	7	8	189	23.3	30.1	17.3	-999.9	37.2	2.3	97020.6	-999.9
Koutiala	2013	7	9	190	22.1	29.3	18.1	-999.9	12.4	2.0	97139.9	-999.9
Koutiala	2013	7	10	191	21.9	30.5	20.5	-999.9	0.0	1.7	97068.5	-999.9
Koutiala	2013	7	11	192	22.3	28.7	16.4	-999.9	12.0	1.2	96954.9	-999.9
Koutiala	2013	7	12	193	22.2	30.6	21.4	-999.9	6.0	1.7	97072.2	-999.9
Koutiala	2013	7	13	194	22.4	31.4	24.4	-999.9	0.0	1.7	97127.2	-999.9
Koutiala	2013	7	14	195	24.2	32.4	23.0	-999.9	6.0	2.5	96986.0	-999.9
Koutiala	2013	7	15	196	23.7	29.8	19.0	-999.9	12.0	1.9	97002.6	-999.9
Koutiala	2013	7	16	197	23.2	30.1	20.3	-999.9	0.0	2.3	97155.7	-999.9
Koutiala	2013	7	17	198	23.6	32.0	23.3	-999.9	0.0	2.4	97128.8	-999.9
Koutiala	2013	7	18	199	23.6	31.2	18.6	-999.9	12.0	2.0	96945.0	-999.9
Koutiala	2013	7	19	200	22.8	30.9	21.2	-999.9	0.0	1.8	96969.7	-999.9
Koutiala	2013	7	20	201	22.9	29.7	19.1	-999.9	4.0	1.6	97004.9	-999.9
Koutiala	2013	7	21	202	23.0	30.5	20.8	-999.9	6.1	1.5	97006.0	-999.9
Koutiala	2013	7	22	203	22.9	30.3	21.4	-999.9	12.1	1.6	96950.1	-999.9
Koutiala	2013	7	23	204	23.0	31.2	20.8	-999.9	0.0	2.0	96908.6	-999.9
Koutiala	2013	7	24	205	23.6	31.7	21.5	-999.9	6.1	2.1	97000.8	-999.9
Koutiala	2013	7	25	206	22.8	30.5	21.1	-999.9	0.0	2.0	97120.8	-999.9
Koutiala	2013	7	26	207	23.1	30.1	19.6	-999.9	0.0	2.2	97209.8	-999.9
Koutiala	2013	7	27	208	23.1	31.0	22.3	-999.9	0.0	2.3	97033.9	-999.9
Koutiala	2013	7	28	209	22.5	29.9	18.6	-999.9	0.0	3.1	96929.2	-999.9
Koutiala	2013	7	29	210	23.4	29.0	14.6	-999.9	23.6	2.8	97009.4	-999.9
Koutiala	2013	7	30	211	22.7	28.6	19.2	-999.9	7.9	1.8	97222.1	-999.9
Koutiala	2013	7	31	212	21.9	29.8	21.2	-999.9	0.0	2.3	97127.3	-999.9
Koutiala	2013	8	1	213	22.4	29.2	18.9	-999.9	5.2	1.9	97033.3	-999.9
Koutiala	2013	8	2	214	21.8	28.9	17.3	-999.9	2.6	2.0	97141.8	-999.9
Koutiala	2013	8	3	215	22.1	29.3	20.1	-999.9	5.2	1.5	97065.1	-999.9
Koutiala	2013	8	4	216	22.2	29.1	19.2	-999.9	2.6	1.8	97009.7	-999.9
Koutiala	2013	8	5	217	22.6	29.2	19.8	-999.9	0.0	1.8	96923.9	-999.9
Koutiala	2013	8	6	218	22.9	29.5	19.6	-999.9	4.7	2.4	96904.2	-999.9
Koutiala	2013	8	7	219	22.3	29.7	20.4	-999.9	9.4	2.4	96727.2	-999.9
Koutiala	2013	8	8	220	22.4	27.4	12.4	-999.9	9.4	2.2	96657.2	-999.9
Koutiala	2013	8	9	221	22.2	27.4	16.7	-999.9	0.0	2.1	96814.9	-999.9
Koutiala	2013	8	10	222	22.1	28.0	19.5	-999.9	0.0	1.8	96980.2	-999.9
Koutiala	2013	8	11	223	22.5	28.1	18.6	-999.9	15.0	1.7	96962.4	-999.9
Koutiala	2013	8	12	224	22.0	28.8	17.2	-999.9	15.0	2.3	96961.6	-999.9
Koutiala	2013	8	13	225	22.0	26.4	12.2	-999.9	0.0	2.1	97029.8	-999.9
Koutiala	2013	8	14	226	21.5	28.2	18.2	-999.9	0.0	2.5	97072.5	-999.9
Koutiala	2013	8	15	227	22.1	29.6	19.2	-999.9	22.5	2.1	96963.9	-999.9
Koutiala	2013	8	16	228	22.3	26.4	12.2	-999.9	32.4	1.3	96806.0	-999.9
Koutiala	2013	8	17	229	21.8	28.1	17.3	-999.9	0.0	2.6	96885.5	-999.9
Koutiala	2013	8	18	230	21.9	27.9	18.5	-999.9	6.6	1.9	96998.0	-999.9
Koutiala	2013	8	19	231	22.4	28.3	16.0	-999.9	7.4	2.2	97059.5	-999.9
Koutiala	2013	8	20	232	22.6	30.3	21.6	-999.9	0.0	2.0	96955.3	-999.9
Koutiala	2013	8	21	233	22.1	28.1	17.2	-999.9	1.3	1.4	96935.7	-999.9
Koutiala	2013	8	22	234	22.3	28.7	19.2	-999.9	0.0	2.0	96922.2	-999.9
Koutiala	2013	8	23	235	21.7	30.0	21.5	-999.9	22.1	1.3	96901.8	-999.9
Koutiala	2013	8	24	236	22.9	29.6	20.4	-999.9	0.0	1.0	96888.6	-999.9
Koutiala	2013	8	25	237	22.1	30.1	21.6	-999.9	22.1	1.8	96883.2	-999.9
Koutiala	2013	8	26	238	22.9	28.3	15.3	-999.9	0.0	1.2	96912.1	-999.9
Koutiala	2013	8	27	239	22.3	28.8	20.3	-999.9	12.4	1.4	96936.8	-999.9
Koutiala	2013	8	28	240	22.0	27.9	16.0	-999.9	0.0	2.0	96995.0	-999.9
Koutiala	2013	8	29	241	21.9	28.8	20.3	-999.9	24.8	2.2	97134.9	-999.9
Koutiala	2013	8	30	242	22.0	28.6	18.5	-999.9	0.0	2.1	97105.8	-999.9
Koutiala	2013	8	31	243	22.9	28.3	16.0	-999.9	37.2	1.4	96951.9	-999.9
Koutiala	2013	9	1	244	21.6	29.4	21.4	-999.9	7.3	1.4	96836.8	-999.9
Koutiala	2013	9	2	245	22.1	29.3	21.5	-999.9	0.0	1.9	96850.6	-999.9
Koutiala	2013	9	3	246	22.1	28.6	19.8	-999.9	0.0	1.7	97129.5	-999.9
Koutiala	2013	9	4	247	22.0	29.4	20.9	-999.9	14.5	1.3	97138.5	-999.9
Koutiala	2013	9	5	248	21.7	28.1	16.8	-999.9	14.5	1.7	97025.4	-999.9
Koutiala	2013	9	6	249	21.5	28.4	20.3	-999.9	3.8	1.6	96980.2	-999.9
Koutiala	2013	9	7	250	21.9	28.5	18.6	-999.9	0.0	1.1	97040.5	-999.9
Koutiala	2013	9	8	251	21.8	29.1	21.0	-999.9	0.0	1.3	97120.8	-999.9
Koutiala	2013	9	9	252	22.5	30.6	23.9	-999.9	11.4	1.5	97070.8	-999.9
Koutiala	2013	9	10	253	22.0	29.6	22.0	-999.9	3.8	1.6	96954.9	-999.9
Koutiala	2013	9	11	254	22.0	30.2	23.3	-999.9	0.0	1.7	96823.8	-999.9
Koutiala	2013	9	12	255	21.9	28.6	18.6	-999.9	14.7	1.5	96821.0	-999.9
Koutiala	2013	9	13	256	21.6	27.2	15.4	-999.9	0.0	2.2	97018.3	-999.9
Koutiala	2013	9	14	257	21.0	28.8	19.6	-999.9	0.0	1.3	97236.3	-999.9
Koutiala	2013	9	15	258	21.6	29.5	21.8	-999.9	0.0	1.1	97148.6	-999.9
Koutiala	2013	9	16	259	22.3	29.9	22.4	-999.9	7.1	1.5	97076.4	-999.9
Koutiala	2013	9	17	260	22.4	30.4	22.5	-999.9	3.6	1.2	97085.4	-999.9
Koutiala	2013	9	18	261	22.0	31.7	23.9	-999.9	0.0	1.3	97025.8	-999.9
Koutiala	2013	9	19	262	23.8	31.1	22.3	-999.9	0.0	1.9	96864.5	-999.9
Koutiala	2013	9	20	263	23.7	31.1	23.5	-999.9	0.0	2.2	96742.3	-999.9
Koutiala	2013	9	21	264	23.1	30.0	20.2	-999.9	0.0	1.7	96922.6	-999.9
Koutiala	2013	9	22	265	22.5	31.3	23.7	-999.9	0.0	1.4	96996.6	-999.9
Koutiala	2013	9	23	266	24.2	32.5	24.0	-999.9	0.0	2.8	96831.9	-999.9
Koutiala	2013	9	24	267	24.1	30.4	19.5	-999.9	0.0	2.2	96864.8	-999.9
Koutiala	2013	9	25	268	22.4	29.2	15.9	-999.9	0.0	2.0	97017.3	-999.9
Koutiala	2013	9	26	269	21.8	28.9	19.1	-999.9	0.0	2.0	97156.5	-999.9
Koutiala	2013	9	27	270	22.4	30.7	22.9	-999.9	15.5	1.7	97090.3	-999.9
Koutiala	2013	9	28	271	22.3	30.3	22.6	-999.9	0.0	1.8	97036.2	-999.9
Koutiala	2013	9	29	272	22.6	31.5	23.4	-999.9	0.0	1.6	97055.6	-999.9
Koutiala	2013	9	30	273	23.5	31.9	22.5	-999.9	0.0	2.0	96913.1	-999.9
Koutiala	2013	10	1	274	22.9	31.3	21.9	-999.9	5.2	2.1	96867.1	-999.9
Koutiala	2013	10	2	275	22.4	31.3	23.3	-999.9	0.0	1.5	96898.0	-999.9
Koutiala	2013	10	3	276	23.4	30.4	19.9	-999.9	7.8	1.7	96875.8	-999.9
Koutiala	2013	10	4	277	23.1	30.5	21.5	-999.9	0.0	1.5	96969.9	-999.9
Koutiala	2013	10	5	278	23.0	31.1	23.0	-999.9	7.8	1.6	97004.0	-999.9
Koutiala	2013	10	6	279	22.8	31.6	23.1	-999.9	0.0	1.2	96962.1	-999.9
Koutiala	2013	10	7	280	23.7	31.8	23.2	-999.9	8.7	1.8	96999.3	-999.9
Koutiala	2013	10	8	281	23.3	31.8	22.5	-999.9	0.0	1.7	96967.3	-999.9
Koutiala	2013	10	9	282	22.1	30.3	21.8	-999.9	0.0	1.4	96920.3	-999.9
Koutiala	2013	10	10	283	22.2	30.0	19.3	-999.9	8.7	1.9	96988.2	-999.9
Koutiala	2013	10	11	284	21.8	31.0	22.1	-999.9	0.0	1.3	97076.8	-999.9
Koutiala	2013	10	12	285	22.9	33.1	21.9	-999.9	0.0	1.4	97074.1	-999.9
Koutiala	2013	10	13	286	22.9	33.4	22.4	-999.9	0.0	1.4	96951.3	-999.9
Koutiala	2013	10	14	287	21.5	33.7	21.6	-999.9	0.0	1.5	96780.8	-999.9
Koutiala	2013	10	15	288	21.2	33.1	22.1	-999.9	0.7	1.6	96888.6	-999.9
Koutiala	2013	10	16	289	22.5	32.0	21.4	-999.9	2.2	2.2	97027.9	-999.9
Koutiala	2013	10	17	290	22.8	32.7	21.4	-999.9	0.0	1.5	97019.5	-999.9
Koutiala	2013	10	18	291	22.7	33.8	21.5	-999.9	0.0	1.5	96879.5	-999.9
Koutiala	2013	10	19	292	24.2	32.9	20.6	-999.9	0.0	1.9	96856.0	-999.9
Koutiala	2013	10	20	293	23.3	32.5	21.4	-999.9	0.0	1.6	96861.7	-999.9
Koutiala	2013	10	21	294	23.4	32.1	21.0	-999.9	0.0	1.5	96908.1	-999.9
Koutiala	2013	10	22	295	22.2	32.3	21.0	-999.9	0.0	1.3	96876.3	-999.9
Koutiala	2013	10	23	296	21.3	32.9	21.2	-999.9	0.0	1.5	96919.9	-999.9
Koutiala	2013	10	24	297	21.6	33.0	20.9	-999.9	0.0	1.5	96926.4	-999.9
Koutiala	2013	10	25	298	21.5	32.9	21.0	-999.9	0.0	2.1	96882.9	-999.9
Koutiala	2013	10	26	299	23.0	32.2	19.0	-999.9	4.8	1.5	96917.9	-999.9
Koutiala	2013	10	27	300	22.0	32.1	20.0	-999.9	0.0	1.2	96978.3	-999.9
Koutiala	2013	10	28	301	22.3	31.8	19.9	-999.9	0.0	1.6	97037.3	-999.9
Koutiala	2013	10	29	302	21.1	34.0	22.6	-999.9	0.0	1.5	96855.2	-999.9
Koutiala	2013	10	30	303	20.0	33.3	21.7	-999.9	0.0	1.6	96764.7	-999.9
Koutiala	2013	10	31	304	21.5	32.5	21.5	-999.9	0.0	1.3	96777.7	-999.9
Koutiala	2013	11	1	305	23.3	33.5	19.1	-999.9	0.0	1.6	96682.2	-999.9
Koutiala	2013	11	2	306	23.3	33.7	19.8	-999.9	0.0	1.8	96712.8	-999.9
Koutiala	2013	11	3	307	19.9	34.6	22.5	-999.9	0.0	2.1	96738.6	-999.9
Koutiala	2013	11	4	308	19.2	34.0	22.5	-999.9	0.0	2.3	96896.5	-999.9
Koutiala	2013	11	5	309	18.0	33.9	22.7	-999.9	0.0	2.2	97008.2	-999.9
Koutiala	2013	11	6	310	18.3	33.2	22.6	-999.9	0.0	2.0	97003.7	-999.9
Koutiala	2013	11	7	311	16.6	33.2	22.7	-999.9	0.0	1.9	96973.2	-999.9
Koutiala	2013	11	8	312	17.4	33.7	21.9	-999.9	0.0	1.9	96898.6	-999.9
Koutiala	2013	11	9	313	20.2	34.5	21.5	-999.9	0.0	2.1	96833.1	-999.9
Koutiala	2013	11	10	314	20.8	34.3	21.4	-999.9	0.0	1.4	96839.8	-999.9
Koutiala	2013	11	11	315	22.5	35.3	21.9	-999.9	0.0	2.5	96740.1	-999.9
Koutiala	2013	11	12	316	20.5	34.1	21.9	-999.9	0.0	1.6	96733.1	-999.9
Koutiala	2013	11	13	317	19.1	33.6	21.7	-999.9	0.0	1.7	96803.6	-999.9
Koutiala	2013	11	14	318	20.4	33.7	21.8	-999.9	0.0	2.1	96780.3	-999.9
Koutiala	2013	11	15	319	20.4	33.5	21.7	-999.9	0.0	2.2	96788.6	-999.9
Koutiala	2013	11	16	320	20.8	34.0	21.5	-999.9	0.0	2.2	96810.8	-999.9
Koutiala	2013	11	17	321	21.0	33.8	20.7	-999.9	0.0	2.2	96770.8	-999.9
Koutiala	2013	11	18	322	21.0	33.4	18.8	-999.9	0.0	1.4	96685.3	-999.9
Koutiala	2013	11	19	323	21.3	32.9	20.2	-999.9	0.2	2.2	96702.5	-999.9
Koutiala	2013	11	20	324	21.7	33.3	19.3	-999.9	0.2	2.1	96788.3	-999.9
Koutiala	2013	11	21	325	21.7	33.1	20.4	-999.9	0.1	2.1	96746.5	-999.9
Koutiala	2013	11	22	326	20.1	33.2	21.1	-999.9	0.0	2.3	96685.3	-999.9
Koutiala	2013	11	23	327	19.3	32.7	20.9	-999.9	0.0	1.8	96781.6	-999.9
Koutiala	2013	11	24	328	18.9	32.7	21.1	-999.9	0.0	1.7	96820.3	-999.9
Koutiala	2013	11	25	329	17.8	32.8	21.1	-999.9	0.0	1.4	96660.1	-999.9
Koutiala	2013	11	26	330	18.8	33.1	20.9	-999.9	0.0	1.4	96581.3	-999.9
Koutiala	2013	11	27	331	19.9	32.6	19.8	-999.9	0.0	1.9	96676.1	-999.9
Koutiala	2013	11	28	332	23.3	33.6	18.5	-999.9	0.0	1.8	96848.5	-999.9
Koutiala	2013	11	29	333	23.0	35.4	20.6	-999.9	0.0	2.6	96831.4	-999.9
Koutiala	2013	11	30	334	22.5	34.4	20.8	-999.9	0.0	2.9	96779.3	-999.9
Koutiala	2013	12	1	335	19.9	32.8	20.7	-999.9	0.0	1.8	96737.4	-999.9
Koutiala	2013	12	2	336	19.9	33.6	20.7	-999.9	0.0	2.2	96885.0	-999.9
Koutiala	2013	12	3	337	21.0	34.0	20.5	-999.9	0.0	2.6	97035.1	-999.9
Koutiala	2013	12	4	338	21.7	33.5	20.5	-999.9	0.0	3.3	97164.0	-999.9
Koutiala	2013	12	5	339	20.4	32.2	20.7	-999.9	0.0	3.1	97129.0	-999.9
Koutiala	2013	12	6	340	18.9	30.9	20.6	-999.9	0.0	3.1	97078.9	-999.9
Koutiala	2013	12	7	341	17.7	29.2	20.8	-999.9	0.0	2.5	97127.9	-999.9
Koutiala	2013	12	8	342	16.5	28.8	20.7	-999.9	0.0	2.5	97150.0	-999.9
Koutiala	2013	12	9	343	16.8	29.3	20.6	-999.9	0.0	2.5	97129.5	-999.9
Koutiala	2013	12	10	344	15.2	28.4	20.8	-999.9	0.0	2.2	97177.8	-999.9
Koutiala	2013	12	11	345	15.3	29.6	20.5	-999.9	0.0	2.0	97150.9	-999.9
Koutiala	2013	12	12	346	16.6	30.8	20.4	-999.9	0.0	2.1	97127.7	-999.9
Koutiala	2013	12	13	347	17.5	32.7	20.1	-999.9	0.0	1.8	96962.9	-999.9
Koutiala	2013	12	14	348	18.9	33.4	20.1	-999.9	0.0	2.4	96892.1	-999.9
Koutiala	2013	12	15	349	23.6	31.3	16.1	-999.9	0.8	2.6	96985.1	-999.9
Koutiala	2013	12	16	350	20.7	30.5	17.9	-999.9	0.3	2.4	97042.0	-999.9
Koutiala	2013	12	17	351	19.0	30.1	20.1	-999.9	0.0	2.9	97072.4	-999.9
Koutiala	2013	12	18	352	17.4	29.3	20.6	-999.9	0.0	2.8	97060.9	-999.9
Koutiala	2013	12	19	353	15.2	29.1	20.6	-999.9	0.0	2.5	96992.8	-999.9
Koutiala	2013	12	20	354	15.8	29.2	20.0	-999.9	0.0	2.4	96935.5	-999.9
Koutiala	2013	12	21	355	16.2	30.1	20.6	-999.9	0.0	2.5	97005.5	-999.9
Koutiala	2013	12	22	356	16.0	29.3	20.0	-999.9	0.0	2.9	97106.3	-999.9
Koutiala	2013	12	23	357	15.6	28.5	20.4	-999.9	0.0	2.7	97106.8	-999.9
Koutiala	2013	12	24	358	15.7	29.8	20.2	-999.9	0.0	2.4	97111.2	-999.9
Koutiala	2013	12	25	359	16.6	31.5	20.2	-999.9	0.0	2.5	97131.9	-999.9
Koutiala	2013	12	26	360	17.3	32.5	20.3	-999.9	0.0	2.7	97090.9	-999.9
Koutiala	2013	12	27	361	17.6	32.8	20.3	-999.9	0.0	2.3	97073.6	-999.9
Koutiala	2013	12	28	362	16.8	33.9	20.5	-999.9	0.0	1.7	97012.4	-999.9
Koutiala	2013	12	29	363	18.4	34.0	20.5	-999.9	0.0	2.0	96916.3	-999.9
Koutiala	2013	12	30	364	17.8	34.4	20.5	-999.9	0.0	1.7	96867.3	-999.9
Koutiala	2013	12	31	365	18.3	34.6	19.1	-999.9	0.0	2.1	96810.8	-999.9
