Ntarla	1986	1	1	1	18.0	30.8	20.3	-999.9	0.0	2.6	97506.5	-999.9
Ntarla	1986	1	2	2	17.4	31.4	20.5	-999.9	0.0	2.2	97428.6	-999.9
Ntarla	1986	1	3	3	14.9	31.9	20.9	-999.9	0.0	1.7	97462.9	-999.9
Ntarla	1986	1	4	4	16.8	31.6	20.6	-999.9	0.0	2.5	97538.5	-999.9
Ntarla	1986	1	5	5	16.7	29.6	20.5	-999.9	0.0	2.8	97611.7	-999.9
Ntarla	1986	1	6	6	15.3	29.3	20.6	-999.9	0.0	2.4	97568.1	-999.9
Ntarla	1986	1	7	7	14.6	29.3	20.7	-999.9	0.0	2.2	97572.0	-999.9
Ntarla	1986	1	8	8	14.9	29.9	20.9	-999.9	0.0	2.3	97618.1	-999.9
Ntarla	1986	1	9	9	14.7	31.1	21.1	-999.9	0.0	2.1	97588.0	-999.9
Ntarla	1986	1	10	10	15.9	31.4	21.1	-999.9	0.0	2.3	97664.9	-999.9
Ntarla	1986	1	11	11	15.2	28.5	21.3	-999.9	0.0	3.2	97741.2	-999.9
Ntarla	1986	1	12	12	13.5	25.4	21.5	-999.9	0.0	3.0	97794.2	-999.9
Ntarla	1986	1	13	13	11.6	27.4	21.6	-999.9	0.0	2.8	97747.3	-999.9
Ntarla	1986	1	14	14	13.9	28.6	21.5	-999.9	0.0	2.9	97757.9	-999.9
Ntarla	1986	1	15	15	14.2	28.8	21.2	-999.9	0.0	2.6	97757.3	-999.9
Ntarla	1986	1	16	16	13.5	28.5	21.5	-999.9	0.0	2.5	97686.6	-999.9
Ntarla	1986	1	17	17	12.9	28.6	21.3	-999.9	0.0	2.3	97597.6	-999.9
Ntarla	1986	1	18	18	13.9	28.5	21.4	-999.9	0.0	2.9	97613.1	-999.9
Ntarla	1986	1	19	19	13.0	26.7	21.6	-999.9	0.0	3.0	97659.0	-999.9
Ntarla	1986	1	20	20	12.3	25.9	21.4	-999.9	0.0	2.8	97696.6	-999.9
Ntarla	1986	1	21	21	11.7	27.5	21.5	-999.9	0.0	2.2	97690.9	-999.9
Ntarla	1986	1	22	22	13.1	29.1	21.4	-999.9	0.0	2.1	97651.6	-999.9
Ntarla	1986	1	23	23	14.8	30.5	21.3	-999.9	0.0	2.3	97571.4	-999.9
Ntarla	1986	1	24	24	15.4	32.0	21.6	-999.9	0.0	2.1	97411.1	-999.9
Ntarla	1986	1	25	25	15.1	32.0	21.8	-999.9	0.0	1.9	97357.9	-999.9
Ntarla	1986	1	26	26	15.7	33.7	21.7	-999.9	0.0	1.8	97349.3	-999.9
Ntarla	1986	1	27	27	16.4	34.1	21.6	-999.9	0.0	1.9	97315.0	-999.9
Ntarla	1986	1	28	28	16.9	34.9	21.5	-999.9	0.0	2.1	97235.3	-999.9
Ntarla	1986	1	29	29	18.7	35.6	21.7	-999.9	0.2	2.1	97194.1	-999.9
Ntarla	1986	1	30	30	17.4	35.7	21.9	-999.9	0.0	1.8	97114.4	-999.9
Ntarla	1986	1	31	31	16.8	35.7	21.6	-999.9	0.0	1.4	96965.9	-999.9
Ntarla	1986	2	1	32	20.7	35.6	20.9	-999.9	0.0	1.5	96946.0	-999.9
Ntarla	1986	2	2	33	20.4	35.0	21.0	-999.9	0.0	2.6	97134.6	-999.9
Ntarla	1986	2	3	34	21.7	33.9	20.7	-999.9	0.0	2.6	97349.7	-999.9
Ntarla	1986	2	4	35	23.3	35.3	21.2	-999.9	0.0	2.4	97299.5	-999.9
Ntarla	1986	2	5	36	22.9	35.7	21.3	-999.9	0.0	1.9	97231.0	-999.9
Ntarla	1986	2	6	37	22.0	35.5	21.4	-999.9	0.0	2.1	97142.4	-999.9
Ntarla	1986	2	7	38	20.4	30.4	21.7	-999.9	0.0	3.1	97473.6	-999.9
Ntarla	1986	2	8	39	18.2	31.9	21.2	-999.9	0.0	2.2	97519.6	-999.9
Ntarla	1986	2	9	40	17.9	33.5	22.1	-999.9	0.0	1.9	97389.1	-999.9
Ntarla	1986	2	10	41	19.1	34.8	22.2	-999.9	0.0	2.3	97413.6	-999.9
Ntarla	1986	2	11	42	19.9	34.7	22.5	-999.9	0.0	2.7	97474.1	-999.9
Ntarla	1986	2	12	43	19.7	35.4	22.6	-999.9	0.0	2.7	97428.6	-999.9
Ntarla	1986	2	13	44	18.5	35.1	22.8	-999.9	0.0	2.5	97346.0	-999.9
Ntarla	1986	2	14	45	19.2	35.1	22.8	-999.9	0.0	2.6	97360.1	-999.9
Ntarla	1986	2	15	46	19.5	35.1	22.9	-999.9	0.0	2.7	97458.0	-999.9
Ntarla	1986	2	16	47	19.3	35.4	23.0	-999.9	0.0	2.5	97364.7	-999.9
Ntarla	1986	2	17	48	17.7	35.7	23.0	-999.9	0.0	1.9	97123.7	-999.9
Ntarla	1986	2	18	49	19.7	35.8	23.0	-999.9	0.0	2.1	97122.2	-999.9
Ntarla	1986	2	19	50	19.8	36.6	23.1	-999.9	0.0	2.4	97193.5	-999.9
Ntarla	1986	2	20	51	21.1	36.7	23.2	-999.9	0.0	2.4	97190.9	-999.9
Ntarla	1986	2	21	52	21.8	37.0	23.3	-999.9	0.0	2.8	97061.1	-999.9
Ntarla	1986	2	22	53	21.4	36.6	23.1	-999.9	0.0	2.4	97026.7	-999.9
Ntarla	1986	2	23	54	21.6	37.5	23.5	-999.9	0.0	2.0	96995.9	-999.9
Ntarla	1986	2	24	55	21.7	38.0	23.6	-999.9	0.0	2.6	96865.2	-999.9
Ntarla	1986	2	25	56	21.5	37.8	23.9	-999.9	0.0	2.2	96785.7	-999.9
Ntarla	1986	2	26	57	22.3	36.6	21.9	-999.9	0.0	2.9	96804.9	-999.9
Ntarla	1986	2	27	58	24.7	35.4	19.8	-999.9	0.0	2.4	96899.5	-999.9
Ntarla	1986	2	28	59	24.0	35.2	20.5	-999.9	0.9	2.1	96983.6	-999.9
Ntarla	1986	3	1	60	23.4	34.1	18.5	-999.9	0.0	1.4	97058.0	-999.9
Ntarla	1986	3	2	61	24.3	36.9	21.6	-999.9	0.0	1.8	97079.4	-999.9
Ntarla	1986	3	3	62	21.3	37.7	24.1	-999.9	1.7	2.0	97135.6	-999.9
Ntarla	1986	3	4	63	18.8	36.3	22.8	-999.9	0.0	2.1	97180.5	-999.9
Ntarla	1986	3	5	64	21.3	37.1	23.5	-999.9	0.0	2.1	97138.7	-999.9
Ntarla	1986	3	6	65	21.5	33.8	24.4	-999.9	0.0	3.1	97278.6	-999.9
Ntarla	1986	3	7	66	19.8	34.0	24.4	-999.9	0.0	2.6	97283.1	-999.9
Ntarla	1986	3	8	67	20.2	35.2	24.3	-999.9	0.0	2.0	97193.0	-999.9
Ntarla	1986	3	9	68	21.2	36.0	24.5	-999.9	0.0	1.7	97094.3	-999.9
Ntarla	1986	3	10	69	20.7	35.3	22.0	-999.9	0.0	1.3	97088.0	-999.9
Ntarla	1986	3	11	70	22.8	36.8	23.6	-999.9	0.0	2.1	97154.0	-999.9
Ntarla	1986	3	12	71	23.5	36.8	21.6	-999.9	0.0	2.6	97219.9	-999.9
Ntarla	1986	3	13	72	25.3	36.8	23.7	-999.9	0.0	2.5	97176.9	-999.9
Ntarla	1986	3	14	73	23.1	36.7	24.8	-999.9	0.0	2.6	97165.9	-999.9
Ntarla	1986	3	15	74	22.4	37.3	25.1	-999.9	0.0	2.1	97077.5	-999.9
Ntarla	1986	3	16	75	22.7	37.1	24.4	-999.9	0.0	1.9	96986.4	-999.9
Ntarla	1986	3	17	76	19.6	36.9	24.8	-999.9	0.0	1.6	97066.7	-999.9
Ntarla	1986	3	18	77	20.7	36.5	22.6	-999.9	0.0	1.7	97164.7	-999.9
Ntarla	1986	3	19	78	24.6	36.4	24.1	-999.9	0.0	2.0	97164.4	-999.9
Ntarla	1986	3	20	79	24.5	36.6	24.1	-999.9	0.0	2.4	97217.8	-999.9
Ntarla	1986	3	21	80	23.1	35.1	21.2	-999.9	0.0	2.7	97214.2	-999.9
Ntarla	1986	3	22	81	23.0	34.9	25.4	-999.9	0.0	2.9	97220.2	-999.9
Ntarla	1986	3	23	82	20.9	34.6	25.5	-999.9	0.0	2.8	97306.1	-999.9
Ntarla	1986	3	24	83	20.8	35.6	24.3	-999.9	0.0	2.3	97313.2	-999.9
Ntarla	1986	3	25	84	22.3	36.4	24.9	-999.9	0.0	1.9	97145.5	-999.9
Ntarla	1986	3	26	85	22.6	36.3	24.3	-999.9	0.0	1.9	97102.5	-999.9
Ntarla	1986	3	27	86	25.2	37.3	23.8	-999.9	0.0	2.6	97295.8	-999.9
Ntarla	1986	3	28	87	22.8	37.3	23.6	-999.9	0.0	2.9	97423.8	-999.9
Ntarla	1986	3	29	88	23.8	37.4	25.6	-999.9	0.0	2.5	97352.5	-999.9
Ntarla	1986	3	30	89	22.8	37.3	25.8	-999.9	0.0	2.4	97183.2	-999.9
Ntarla	1986	3	31	90	22.7	38.1	25.9	-999.9	0.0	1.9	97027.1	-999.9
Ntarla	1986	4	1	91	23.5	38.7	26.0	-999.9	0.0	2.1	96977.9	-999.9
Ntarla	1986	4	2	92	24.0	37.6	22.8	-999.9	0.0	2.0	97046.8	-999.9
Ntarla	1986	4	3	93	23.5	39.1	24.8	-999.9	0.0	2.8	96915.5	-999.9
Ntarla	1986	4	4	94	24.6	38.2	24.5	-999.9	0.0	3.1	96943.0	-999.9
Ntarla	1986	4	5	95	27.4	37.8	21.3	-999.9	0.0	3.4	97027.1	-999.9
Ntarla	1986	4	6	96	27.1	38.9	25.4	-999.9	0.0	3.1	97137.5	-999.9
Ntarla	1986	4	7	97	26.2	40.1	25.1	-999.9	0.0	2.8	97073.8	-999.9
Ntarla	1986	4	8	98	23.9	39.6	25.5	-999.9	0.0	2.0	96970.0	-999.9
Ntarla	1986	4	9	99	25.2	39.1	23.6	-999.9	0.0	2.2	96822.8	-999.9
Ntarla	1986	4	10	100	27.6	39.0	23.0	-999.9	2.8	2.4	96839.0	-999.9
Ntarla	1986	4	11	101	26.6	37.9	23.2	-999.9	0.0	1.7	97009.8	-999.9
Ntarla	1986	4	12	102	27.2	39.5	23.4	-999.9	0.0	2.0	97003.0	-999.9
Ntarla	1986	4	13	103	28.8	38.9	21.8	-999.9	0.0	2.4	96933.8	-999.9
Ntarla	1986	4	14	104	28.2	39.1	21.5	-999.9	0.0	2.5	96843.1	-999.9
Ntarla	1986	4	15	105	28.5	40.9	23.6	-999.9	0.0	2.1	96904.9	-999.9
Ntarla	1986	4	16	106	29.1	41.3	24.1	-999.9	0.0	2.2	96920.2	-999.9
Ntarla	1986	4	17	107	28.8	39.7	22.4	-999.9	0.0	2.2	96894.1	-999.9
Ntarla	1986	4	18	108	26.8	37.2	22.8	-999.9	0.0	2.8	96874.7	-999.9
Ntarla	1986	4	19	109	27.4	38.1	21.4	-999.9	0.0	2.0	96887.8	-999.9
Ntarla	1986	4	20	110	27.2	40.3	23.4	-999.9	0.0	1.9	96796.9	-999.9
Ntarla	1986	4	21	111	27.4	39.9	24.4	-999.9	5.0	2.0	96756.0	-999.9
Ntarla	1986	4	22	112	26.6	38.3	23.0	-999.9	5.0	2.4	96945.5	-999.9
Ntarla	1986	4	23	113	25.2	39.1	24.4	-999.9	0.0	2.0	97009.3	-999.9
Ntarla	1986	4	24	114	25.7	39.6	23.3	-999.9	0.0	2.1	96991.0	-999.9
Ntarla	1986	4	25	115	27.3	38.7	22.9	-999.9	0.0	2.3	97088.4	-999.9
Ntarla	1986	4	26	116	27.7	37.9	18.3	-999.9	0.0	2.1	97113.0	-999.9
Ntarla	1986	4	27	117	27.2	38.7	23.6	-999.9	6.3	2.1	97185.1	-999.9
Ntarla	1986	4	28	118	27.0	39.2	24.6	-999.9	0.0	1.8	97199.0	-999.9
Ntarla	1986	4	29	119	24.9	40.1	24.3	-999.9	0.0	2.2	97123.9	-999.9
Ntarla	1986	4	30	120	25.0	40.0	25.0	-999.9	0.0	2.0	97060.2	-999.9
Ntarla	1986	5	1	121	26.0	38.0	21.9	-999.9	0.0	2.1	97044.7	-999.9
Ntarla	1986	5	2	122	28.4	38.8	22.5	-999.9	5.3	2.7	97027.7	-999.9
Ntarla	1986	5	3	123	26.7	38.6	22.7	-999.9	0.0	2.8	97036.4	-999.9
Ntarla	1986	5	4	124	25.7	35.4	20.7	-999.9	0.0	2.0	97169.3	-999.9
Ntarla	1986	5	5	125	26.6	36.8	22.2	-999.9	0.0	2.2	97162.2	-999.9
Ntarla	1986	5	6	126	27.6	37.0	19.2	-999.9	0.0	1.7	97130.0	-999.9
Ntarla	1986	5	7	127	27.1	38.1	21.9	-999.9	4.1	1.9	97087.0	-999.9
Ntarla	1986	5	8	128	25.6	40.3	25.0	-999.9	0.0	1.8	97031.9	-999.9
Ntarla	1986	5	9	129	26.1	40.8	24.6	-999.9	0.0	2.3	96991.3	-999.9
Ntarla	1986	5	10	130	26.7	39.1	23.6	-999.9	0.0	2.5	97060.5	-999.9
Ntarla	1986	5	11	131	27.0	36.7	16.5	-999.9	0.0	2.6	97138.3	-999.9
Ntarla	1986	5	12	132	24.4	33.7	16.0	-999.9	7.4	1.5	97271.3	-999.9
Ntarla	1986	5	13	133	25.5	36.1	20.5	-999.9	2.5	1.2	97233.8	-999.9
Ntarla	1986	5	14	134	27.2	38.3	24.5	-999.9	0.0	1.9	97171.0	-999.9
Ntarla	1986	5	15	135	26.4	38.7	23.2	-999.9	0.0	2.6	97142.5	-999.9
Ntarla	1986	5	16	136	26.6	37.5	21.9	-999.9	4.1	3.2	97155.0	-999.9
Ntarla	1986	5	17	137	25.9	39.5	24.3	-999.9	0.0	2.5	97180.9	-999.9
Ntarla	1986	5	18	138	27.4	38.5	23.0	-999.9	8.1	2.4	97216.4	-999.9
Ntarla	1986	5	19	139	24.5	34.5	17.7	-999.9	12.2	2.3	97321.9	-999.9
Ntarla	1986	5	20	140	25.6	35.9	23.6	-999.9	0.0	1.7	97258.2	-999.9
Ntarla	1986	5	21	141	24.4	33.4	20.1	-999.9	0.0	2.1	97184.8	-999.9
Ntarla	1986	5	22	142	24.8	32.5	14.5	-999.9	8.6	1.7	97291.5	-999.9
Ntarla	1986	5	23	143	24.7	36.7	22.5	-999.9	0.0	1.5	97235.0	-999.9
Ntarla	1986	5	24	144	25.9	35.8	23.8	-999.9	0.0	1.7	97181.5	-999.9
Ntarla	1986	5	25	145	24.5	36.9	22.8	-999.9	0.0	2.0	97138.0	-999.9
Ntarla	1986	5	26	146	26.9	38.0	23.6	-999.9	0.0	2.6	97013.6	-999.9
Ntarla	1986	5	27	147	26.3	37.2	22.0	-999.9	0.0	2.2	97075.4	-999.9
Ntarla	1986	5	28	148	24.2	35.7	18.7	-999.9	14.2	2.2	97183.6	-999.9
Ntarla	1986	5	29	149	25.1	34.3	23.8	-999.9	0.0	1.8	97227.5	-999.9
Ntarla	1986	5	30	150	25.5	35.5	23.1	-999.9	0.0	1.6	97188.0	-999.9
Ntarla	1986	5	31	151	25.3	34.6	20.0	-999.9	0.0	2.8	97139.1	-999.9
Ntarla	1986	6	1	152	24.3	35.6	19.5	-999.9	8.7	2.6	97273.7	-999.9
Ntarla	1986	6	2	153	24.1	38.3	24.1	-999.9	0.0	2.2	97249.1	-999.9
Ntarla	1986	6	3	154	25.1	39.7	24.4	-999.9	0.0	2.0	97060.8	-999.9
Ntarla	1986	6	4	155	27.9	37.2	21.1	-999.9	0.0	2.9	97143.9	-999.9
Ntarla	1986	6	5	156	26.2	34.5	23.0	-999.9	0.0	2.5	97142.9	-999.9
Ntarla	1986	6	6	157	25.2	35.5	24.2	-999.9	0.0	2.3	97153.4	-999.9
Ntarla	1986	6	7	158	24.6	34.2	22.1	-999.9	0.0	2.4	97274.0	-999.9
Ntarla	1986	6	8	159	23.6	32.8	21.3	-999.9	0.0	2.4	97463.9	-999.9
Ntarla	1986	6	9	160	24.0	30.6	16.5	-999.9	11.1	1.7	97463.6	-999.9
Ntarla	1986	6	10	161	24.8	34.5	23.5	-999.9	0.0	2.5	97361.2	-999.9
Ntarla	1986	6	11	162	23.5	33.7	22.2	-999.9	0.0	2.4	97299.9	-999.9
Ntarla	1986	6	12	163	24.2	32.8	21.5	-999.9	10.7	1.9	97320.0	-999.9
Ntarla	1986	6	13	164	24.1	32.7	20.6	-999.9	6.6	1.5	97341.8	-999.9
Ntarla	1986	6	14	165	23.4	33.0	21.3	-999.9	23.5	1.7	97325.7	-999.9
Ntarla	1986	6	15	166	23.3	33.1	24.6	-999.9	0.0	1.9	97360.5	-999.9
Ntarla	1986	6	16	167	23.9	32.7	21.9	-999.9	3.1	1.8	97434.3	-999.9
Ntarla	1986	6	17	168	24.7	32.7	22.4	-999.9	0.0	2.6	97345.4	-999.9
Ntarla	1986	6	18	169	25.6	34.5	23.4	-999.9	0.0	2.3	97303.2	-999.9
Ntarla	1986	6	19	170	24.3	32.5	21.3	-999.9	7.3	2.6	97359.5	-999.9
Ntarla	1986	6	20	171	23.1	32.5	21.5	-999.9	0.0	2.0	97398.3	-999.9
Ntarla	1986	6	21	172	24.5	33.6	24.0	-999.9	0.0	2.3	97367.8	-999.9
Ntarla	1986	6	22	173	25.1	33.8	24.1	-999.9	0.0	2.3	97364.2	-999.9
Ntarla	1986	6	23	174	25.3	34.7	24.1	-999.9	0.0	2.5	97364.4	-999.9
Ntarla	1986	6	24	175	25.6	34.8	23.3	-999.9	0.0	2.9	97242.1	-999.9
Ntarla	1986	6	25	176	24.8	36.2	23.5	-999.9	0.0	3.4	97201.5	-999.9
Ntarla	1986	6	26	177	23.7	31.6	19.1	-999.9	10.6	2.6	97398.4	-999.9
Ntarla	1986	6	27	178	23.6	30.5	16.7	-999.9	0.0	2.2	97578.7	-999.9
Ntarla	1986	6	28	179	23.6	33.9	24.8	-999.9	0.0	2.0	97429.9	-999.9
Ntarla	1986	6	29	180	25.2	34.5	23.1	-999.9	5.3	2.5	97334.0	-999.9
Ntarla	1986	6	30	181	23.8	31.1	20.3	-999.9	15.9	2.1	97480.9	-999.9
Ntarla	1986	7	1	182	23.6	31.4	21.5	-999.9	0.0	2.2	97485.5	-999.9
Ntarla	1986	7	2	183	24.3	31.5	21.2	-999.9	18.2	3.2	97369.1	-999.9
Ntarla	1986	7	3	184	24.1	31.1	18.1	-999.9	0.0	2.7	97430.8	-999.9
Ntarla	1986	7	4	185	23.6	31.3	20.7	-999.9	18.2	2.1	97511.0	-999.9
Ntarla	1986	7	5	186	23.9	33.2	23.6	-999.9	0.0	2.3	97512.3	-999.9
Ntarla	1986	7	6	187	24.4	33.0	22.8	-999.9	18.6	2.2	97544.9	-999.9
Ntarla	1986	7	7	188	23.5	28.2	12.9	-999.9	18.6	1.5	97644.4	-999.9
Ntarla	1986	7	8	189	22.8	30.3	18.8	-999.9	0.0	1.8	97673.2	-999.9
Ntarla	1986	7	9	190	22.8	30.8	18.8	-999.9	0.0	1.8	97695.6	-999.9
Ntarla	1986	7	10	191	22.4	29.2	14.9	-999.9	0.0	2.0	97649.9	-999.9
Ntarla	1986	7	11	192	22.1	30.2	18.2	-999.9	4.6	1.8	97659.3	-999.9
Ntarla	1986	7	12	193	22.7	32.0	22.6	-999.9	0.0	1.8	97594.7	-999.9
Ntarla	1986	7	13	194	22.8	31.4	22.7	-999.9	0.0	2.2	97665.6	-999.9
Ntarla	1986	7	14	195	22.3	30.3	18.4	-999.9	8.0	2.3	97654.9	-999.9
Ntarla	1986	7	15	196	23.5	30.2	20.0	-999.9	0.0	1.9	97496.7	-999.9
Ntarla	1986	7	16	197	22.9	29.6	17.9	-999.9	0.0	1.9	97458.3	-999.9
Ntarla	1986	7	17	198	22.2	31.8	23.1	-999.9	4.7	1.9	97419.1	-999.9
Ntarla	1986	7	18	199	23.8	31.8	22.8	-999.9	4.7	2.3	97421.0	-999.9
Ntarla	1986	7	19	200	23.1	31.7	23.0	-999.9	0.0	2.1	97451.6	-999.9
Ntarla	1986	7	20	201	23.7	32.2	20.8	-999.9	0.0	1.8	97499.6	-999.9
Ntarla	1986	7	21	202	23.2	28.9	13.1	-999.9	11.4	1.9	97458.1	-999.9
Ntarla	1986	7	22	203	23.3	28.9	15.4	-999.9	0.0	2.7	97532.1	-999.9
Ntarla	1986	7	23	204	23.0	29.8	21.0	-999.9	0.0	2.6	97549.7	-999.9
Ntarla	1986	7	24	205	22.8	28.9	17.3	-999.9	5.0	2.2	97563.6	-999.9
Ntarla	1986	7	25	206	22.6	27.5	14.6	-999.9	0.0	1.9	97589.9	-999.9
Ntarla	1986	7	26	207	22.4	30.5	20.2	-999.9	0.0	2.1	97450.0	-999.9
Ntarla	1986	7	27	208	24.1	30.7	18.1	-999.9	8.0	3.1	97242.4	-999.9
Ntarla	1986	7	28	209	22.3	26.4	13.0	-999.9	18.3	3.1	97316.7	-999.9
Ntarla	1986	7	29	210	21.7	27.5	15.3	-999.9	0.0	2.7	97564.4	-999.9
Ntarla	1986	7	30	211	21.5	29.2	22.6	-999.9	0.0	1.8	97607.9	-999.9
Ntarla	1986	7	31	212	21.8	30.7	22.1	-999.9	8.0	2.5	97415.1	-999.9
Ntarla	1986	8	1	213	22.5	28.3	10.4	-999.9	24.7	2.6	97205.1	-999.9
Ntarla	1986	8	2	214	21.9	25.4	10.9	-999.9	4.0	2.4	97615.5	-999.9
Ntarla	1986	8	3	215	20.2	29.3	20.2	-999.9	0.0	1.6	97690.2	-999.9
Ntarla	1986	8	4	216	22.2	30.7	23.0	-999.9	0.0	2.3	97443.9	-999.9
Ntarla	1986	8	5	217	22.2	29.0	18.3	-999.9	0.4	2.4	97493.0	-999.9
Ntarla	1986	8	6	218	22.1	27.9	15.8	-999.9	31.5	1.9	97607.3	-999.9
Ntarla	1986	8	7	219	21.9	29.3	19.8	-999.9	18.0	1.7	97664.3	-999.9
Ntarla	1986	8	8	220	22.3	28.9	16.9	-999.9	0.0	1.5	97565.6	-999.9
Ntarla	1986	8	9	221	21.2	30.1	22.7	-999.9	0.0	1.7	97618.2	-999.9
Ntarla	1986	8	10	222	22.7	30.9	23.8	-999.9	0.0	2.0	97599.2	-999.9
Ntarla	1986	8	11	223	23.5	30.7	22.9	-999.9	8.2	2.4	97459.6	-999.9
Ntarla	1986	8	12	224	22.4	29.4	20.0	-999.9	0.0	2.5	97519.4	-999.9
Ntarla	1986	8	13	225	22.4	29.5	20.7	-999.9	0.0	2.1	97427.5	-999.9
Ntarla	1986	8	14	226	23.1	30.1	21.0	-999.9	24.5	2.1	97393.2	-999.9
Ntarla	1986	8	15	227	22.4	28.2	13.3	-999.9	9.3	1.7	97323.3	-999.9
Ntarla	1986	8	16	228	22.5	29.7	22.2	-999.9	0.0	1.9	97374.8	-999.9
Ntarla	1986	8	17	229	22.3	30.6	22.6	-999.9	0.0	1.5	97375.4	-999.9
Ntarla	1986	8	18	230	23.2	30.7	22.0	-999.9	9.2	2.0	97221.7	-999.9
Ntarla	1986	8	19	231	23.3	30.6	21.9	-999.9	18.4	1.7	97263.2	-999.9
Ntarla	1986	8	20	232	23.0	30.7	22.7	-999.9	0.0	1.7	97380.3	-999.9
Ntarla	1986	8	21	233	22.7	30.0	21.6	-999.9	27.6	2.0	97364.6	-999.9
Ntarla	1986	8	22	234	21.9	29.6	18.0	-999.9	0.0	1.4	97296.1	-999.9
Ntarla	1986	8	23	235	21.7	30.3	21.0	-999.9	0.0	1.2	97293.4	-999.9
Ntarla	1986	8	24	236	22.0	30.2	21.4	-999.9	0.0	1.5	97330.8	-999.9
Ntarla	1986	8	25	237	22.1	30.2	22.9	-999.9	0.0	1.5	97421.6	-999.9
Ntarla	1986	8	26	238	22.9	30.1	19.8	-999.9	30.7	1.4	97407.2	-999.9
Ntarla	1986	8	27	239	22.0	30.2	22.0	-999.9	0.0	1.6	97293.6	-999.9
Ntarla	1986	8	28	240	22.0	27.4	13.0	-999.9	17.5	1.6	97348.7	-999.9
Ntarla	1986	8	29	241	22.1	28.4	15.7	-999.9	0.0	2.3	97455.4	-999.9
Ntarla	1986	8	30	242	21.5	29.3	20.9	-999.9	0.0	1.7	97527.4	-999.9
Ntarla	1986	8	31	243	22.0	29.0	18.6	-999.9	15.3	1.9	97325.1	-999.9
Ntarla	1986	9	1	244	22.9	27.4	14.0	-999.9	29.6	1.6	97294.3	-999.9
Ntarla	1986	9	2	245	21.6	25.5	9.7	-999.9	19.7	1.4	97412.9	-999.9
Ntarla	1986	9	3	246	20.4	23.4	7.9	-999.9	0.0	1.9	97448.7	-999.9
Ntarla	1986	9	4	247	19.5	28.9	18.8	-999.9	0.0	2.5	97431.4	-999.9
Ntarla	1986	9	5	248	22.0	29.9	24.4	-999.9	0.0	2.7	97317.7	-999.9
Ntarla	1986	9	6	249	22.2	27.0	11.0	-999.9	62.2	2.4	97371.1	-999.9
Ntarla	1986	9	7	250	21.9	27.4	14.6	-999.9	0.0	1.8	97448.8	-999.9
Ntarla	1986	9	8	251	21.4	28.4	18.4	-999.9	15.6	1.5	97507.2	-999.9
Ntarla	1986	9	9	252	21.7	27.0	12.7	-999.9	15.6	1.3	97599.1	-999.9
Ntarla	1986	9	10	253	20.7	28.6	18.7	-999.9	0.0	1.6	97643.3	-999.9
Ntarla	1986	9	11	254	20.9	29.9	23.5	-999.9	6.7	1.7	97609.0	-999.9
Ntarla	1986	9	12	255	22.5	27.4	14.7	-999.9	6.7	1.4	97560.7	-999.9
Ntarla	1986	9	13	256	21.9	29.8	21.3	-999.9	0.0	1.2	97551.3	-999.9
Ntarla	1986	9	14	257	21.2	30.3	22.9	-999.9	0.0	1.1	97479.3	-999.9
Ntarla	1986	9	15	258	21.6	30.3	22.4	-999.9	13.3	1.2	97370.5	-999.9
Ntarla	1986	9	16	259	21.9	29.8	20.3	-999.9	5.0	1.0	97401.9	-999.9
Ntarla	1986	9	17	260	22.0	30.0	21.4	-999.9	15.0	1.3	97455.9	-999.9
Ntarla	1986	9	18	261	21.4	30.2	22.4	-999.9	0.0	1.5	97480.2	-999.9
Ntarla	1986	9	19	262	21.5	29.9	21.4	-999.9	0.0	1.4	97566.4	-999.9
Ntarla	1986	9	20	263	22.2	29.5	19.1	-999.9	0.0	1.6	97557.2	-999.9
Ntarla	1986	9	21	264	21.8	29.9	21.3	-999.9	0.0	2.4	97350.2	-999.9
Ntarla	1986	9	22	265	21.8	30.0	19.4	-999.9	5.5	1.4	97210.8	-999.9
Ntarla	1986	9	23	266	21.6	29.2	18.5	-999.9	5.5	1.1	97248.2	-999.9
Ntarla	1986	9	24	267	21.3	28.1	17.5	-999.9	5.5	1.8	97522.0	-999.9
Ntarla	1986	9	25	268	21.9	28.8	16.0	-999.9	22.0	1.0	97574.1	-999.9
Ntarla	1986	9	26	269	21.6	28.9	20.2	-999.9	0.0	1.4	97446.8	-999.9
Ntarla	1986	9	27	270	21.8	28.2	18.0	-999.9	6.4	1.7	97473.7	-999.9
Ntarla	1986	9	28	271	21.3	30.3	22.1	-999.9	0.0	0.9	97617.7	-999.9
Ntarla	1986	9	29	272	22.1	29.9	19.8	-999.9	0.0	1.9	97638.0	-999.9
Ntarla	1986	9	30	273	21.7	30.7	21.1	-999.9	0.0	2.0	97456.5	-999.9
Ntarla	1986	10	1	274	22.4	29.7	21.3	-999.9	0.0	1.9	97362.7	-999.9
Ntarla	1986	10	2	275	22.1	30.2	21.8	-999.9	0.0	1.4	97457.1	-999.9
Ntarla	1986	10	3	276	22.6	30.9	23.0	-999.9	0.0	1.6	97439.8	-999.9
Ntarla	1986	10	4	277	22.9	30.8	20.4	-999.9	15.4	1.9	97451.0	-999.9
Ntarla	1986	10	5	278	23.0	30.6	22.5	-999.9	0.0	1.7	97428.3	-999.9
Ntarla	1986	10	6	279	22.6	30.1	21.6	-999.9	0.0	1.2	97406.8	-999.9
Ntarla	1986	10	7	280	22.7	31.1	22.0	-999.9	0.0	1.6	97434.9	-999.9
Ntarla	1986	10	8	281	22.5	30.6	22.0	-999.9	0.0	1.4	97384.5	-999.9
Ntarla	1986	10	9	282	22.9	30.4	21.5	-999.9	0.0	1.5	97263.3	-999.9
Ntarla	1986	10	10	283	22.3	30.7	21.7	-999.9	0.0	1.4	97206.3	-999.9
Ntarla	1986	10	11	284	22.6	30.7	21.3	-999.9	0.0	1.4	97319.1	-999.9
Ntarla	1986	10	12	285	21.1	30.8	21.7	-999.9	0.0	1.3	97324.1	-999.9
Ntarla	1986	10	13	286	21.4	31.2	21.7	-999.9	0.0	1.4	97306.3	-999.9
Ntarla	1986	10	14	287	20.6	31.2	21.6	-999.9	0.0	1.3	97305.3	-999.9
Ntarla	1986	10	15	288	20.1	31.8	21.6	-999.9	0.0	1.6	97309.6	-999.9
Ntarla	1986	10	16	289	20.3	32.2	21.8	-999.9	0.0	1.2	97351.1	-999.9
Ntarla	1986	10	17	290	20.9	33.4	21.0	-999.9	0.0	1.4	97391.0	-999.9
Ntarla	1986	10	18	291	21.0	33.2	21.5	-999.9	0.0	2.0	97319.9	-999.9
Ntarla	1986	10	19	292	22.0	30.7	20.9	-999.9	3.8	2.1	97379.4	-999.9
Ntarla	1986	10	20	293	22.4	30.6	20.6	-999.9	1.6	1.2	97515.5	-999.9
Ntarla	1986	10	21	294	22.5	32.1	20.4	-999.9	0.0	1.6	97511.3	-999.9
Ntarla	1986	10	22	295	23.2	33.3	22.1	-999.9	0.0	1.7	97432.7	-999.9
Ntarla	1986	10	23	296	22.8	33.1	20.6	-999.9	0.0	1.6	97401.4	-999.9
Ntarla	1986	10	24	297	22.0	31.6	20.2	-999.9	0.0	2.0	97357.1	-999.9
Ntarla	1986	10	25	298	21.3	27.6	17.0	-999.9	0.0	1.7	97464.8	-999.9
Ntarla	1986	10	26	299	21.0	29.3	18.8	-999.9	0.0	1.1	97627.6	-999.9
Ntarla	1986	10	27	300	20.9	30.8	16.9	-999.9	14.5	1.5	97473.7	-999.9
Ntarla	1986	10	28	301	22.4	31.7	20.8	-999.9	7.3	1.4	97289.7	-999.9
Ntarla	1986	10	29	302	22.2	31.0	20.3	-999.9	0.0	1.6	97337.3	-999.9
Ntarla	1986	10	30	303	20.9	31.2	21.9	-999.9	0.0	1.2	97432.6	-999.9
Ntarla	1986	10	31	304	20.9	30.6	19.7	-999.9	0.0	1.6	97460.1	-999.9
Ntarla	1986	11	1	305	18.4	30.4	18.8	-999.9	1.6	1.5	97449.0	-999.9
Ntarla	1986	11	2	306	20.6	31.2	21.1	-999.9	0.0	1.5	97412.2	-999.9
Ntarla	1986	11	3	307	20.8	32.8	21.7	-999.9	0.0	1.5	97329.7	-999.9
Ntarla	1986	11	4	308	21.1	32.8	20.6	-999.9	0.0	1.7	97267.1	-999.9
Ntarla	1986	11	5	309	19.5	32.8	20.9	-999.9	0.0	1.6	97251.5	-999.9
Ntarla	1986	11	6	310	23.2	32.0	19.8	-999.9	1.3	2.2	97469.5	-999.9
Ntarla	1986	11	7	311	22.8	32.8	20.4	-999.9	0.0	2.0	97451.9	-999.9
Ntarla	1986	11	8	312	22.4	33.4	21.9	-999.9	0.0	2.4	97288.1	-999.9
Ntarla	1986	11	9	313	21.2	32.7	21.8	-999.9	0.0	1.7	97229.8	-999.9
Ntarla	1986	11	10	314	20.2	31.9	17.9	-999.9	0.0	1.2	97429.4	-999.9
Ntarla	1986	11	11	315	22.1	33.2	19.7	-999.9	0.0	1.5	97510.3	-999.9
Ntarla	1986	11	12	316	21.2	34.3	21.6	-999.9	0.0	1.8	97472.9	-999.9
Ntarla	1986	11	13	317	19.4	33.7	21.6	-999.9	0.0	2.0	97404.2	-999.9
Ntarla	1986	11	14	318	18.4	33.6	21.8	-999.9	0.0	2.4	97385.1	-999.9
Ntarla	1986	11	15	319	18.4	33.2	21.8	-999.9	0.0	2.3	97407.0	-999.9
Ntarla	1986	11	16	320	16.5	33.2	21.8	-999.9	0.0	1.7	97435.3	-999.9
Ntarla	1986	11	17	321	17.5	33.1	21.7	-999.9	0.0	1.5	97381.6	-999.9
Ntarla	1986	11	18	322	19.0	33.0	20.8	-999.9	0.0	1.6	97286.8	-999.9
Ntarla	1986	11	19	323	19.3	33.1	20.5	-999.9	0.0	1.9	97257.2	-999.9
Ntarla	1986	11	20	324	20.7	32.6	20.3	-999.9	0.0	2.4	97273.0	-999.9
Ntarla	1986	11	21	325	19.3	29.6	20.6	-999.9	0.0	2.6	97338.4	-999.9
Ntarla	1986	11	22	326	18.0	28.0	20.2	-999.9	0.0	2.9	97462.4	-999.9
Ntarla	1986	11	23	327	15.6	27.0	21.0	-999.9	0.0	2.5	97507.5	-999.9
Ntarla	1986	11	24	328	15.9	28.7	20.8	-999.9	0.0	2.1	97413.9	-999.9
Ntarla	1986	11	25	329	18.2	29.7	19.5	-999.9	0.0	2.2	97338.5	-999.9
Ntarla	1986	11	26	330	18.1	30.1	19.3	-999.9	0.0	2.1	97316.5	-999.9
Ntarla	1986	11	27	331	18.5	30.5	19.3	-999.9	0.0	2.0	97345.4	-999.9
Ntarla	1986	11	28	332	18.8	31.2	20.3	-999.9	0.0	2.0	97337.4	-999.9
Ntarla	1986	11	29	333	18.3	32.0	19.1	-999.9	0.0	2.0	97354.5	-999.9
Ntarla	1986	11	30	334	19.9	32.9	20.5	-999.9	0.0	2.3	97276.0	-999.9
Ntarla	1986	12	1	335	19.9	32.2	20.5	-999.9	0.0	2.3	97314.8	-999.9
Ntarla	1986	12	2	336	19.2	32.2	20.5	-999.9	0.0	2.2	97397.5	-999.9
Ntarla	1986	12	3	337	19.3	32.2	20.6	-999.9	0.0	2.2	97482.1	-999.9
Ntarla	1986	12	4	338	18.4	31.7	20.5	-999.9	0.0	2.2	97544.8	-999.9
Ntarla	1986	12	5	339	19.4	32.0	20.5	-999.9	0.0	2.4	97595.1	-999.9
Ntarla	1986	12	6	340	18.3	31.1	20.8	-999.9	0.0	2.4	97639.5	-999.9
Ntarla	1986	12	7	341	16.1	30.6	20.8	-999.9	0.0	2.1	97644.1	-999.9
Ntarla	1986	12	8	342	16.9	30.8	20.7	-999.9	0.0	2.1	97650.4	-999.9
Ntarla	1986	12	9	343	14.9	30.2	20.6	-999.9	0.0	2.1	97624.1	-999.9
Ntarla	1986	12	10	344	15.8	30.9	20.6	-999.9	0.0	2.2	97599.4	-999.9
Ntarla	1986	12	11	345	16.7	31.6	20.5	-999.9	0.0	2.1	97537.3	-999.9
Ntarla	1986	12	12	346	17.5	30.9	20.4	-999.9	0.0	2.5	97469.4	-999.9
Ntarla	1986	12	13	347	16.2	30.4	20.4	-999.9	0.0	2.3	97493.3	-999.9
Ntarla	1986	12	14	348	16.6	30.8	19.6	-999.9	0.9	2.3	97563.8	-999.9
Ntarla	1986	12	15	349	16.9	30.0	18.1	-999.9	0.0	2.3	97556.5	-999.9
Ntarla	1986	12	16	350	17.5	30.0	20.2	-999.9	0.0	2.6	97609.6	-999.9
Ntarla	1986	12	17	351	15.8	29.1	20.4	-999.9	0.0	2.6	97635.1	-999.9
Ntarla	1986	12	18	352	15.9	29.3	20.4	-999.9	0.0	2.8	97734.2	-999.9
Ntarla	1986	12	19	353	17.1	28.7	19.7	-999.9	0.0	3.2	97811.3	-999.9
Ntarla	1986	12	20	354	15.9	28.1	20.2	-999.9	0.0	2.9	97819.8	-999.9
Ntarla	1986	12	21	355	15.1	28.6	20.2	-999.9	0.0	2.4	97762.6	-999.9
Ntarla	1986	12	22	356	14.9	29.2	20.3	-999.9	0.0	1.9	97634.6	-999.9
Ntarla	1986	12	23	357	13.1	31.0	20.3	-999.9	0.0	1.6	97477.4	-999.9
Ntarla	1986	12	24	358	16.1	31.3	20.3	-999.9	0.0	2.0	97398.3	-999.9
Ntarla	1986	12	25	359	16.2	30.7	20.3	-999.9	0.0	2.7	97480.6	-999.9
Ntarla	1986	12	26	360	14.5	26.5	20.4	-999.9	0.0	3.2	97721.9	-999.9
Ntarla	1986	12	27	361	12.3	25.3	20.2	-999.9	0.0	2.5	97768.3	-999.9
Ntarla	1986	12	28	362	12.7	27.8	20.4	-999.9	0.0	2.3	97635.5	-999.9
Ntarla	1986	12	29	363	13.7	29.5	20.3	-999.9	0.0	2.2	97610.0	-999.9
Ntarla	1986	12	30	364	15.0	30.6	20.3	-999.9	0.0	2.0	97497.7	-999.9
Ntarla	1986	12	31	365	15.4	31.6	20.3	-999.9	0.0	1.9	97504.3	-999.9
