Ntarla	1998	1	1	1	19.9	28.6	11.8	-999.9	0.0	2.2	97458.7	-999.9
Ntarla	1998	1	2	2	18.8	27.2	15.8	-999.9	0.0	3.6	97665.9	-999.9
Ntarla	1998	1	3	3	18.1	30.5	19.7	-999.9	0.0	2.9	97675.0	-999.9
Ntarla	1998	1	4	4	17.2	30.5	20.3	-999.9	0.0	2.4	97570.2	-999.9
Ntarla	1998	1	5	5	17.0	32.5	20.6	-999.9	0.0	2.5	97476.3	-999.9
Ntarla	1998	1	6	6	17.2	31.4	20.7	-999.9	0.0	2.7	97396.2	-999.9
Ntarla	1998	1	7	7	15.7	29.0	21.0	-999.9	0.0	2.6	97406.6	-999.9
Ntarla	1998	1	8	8	15.3	29.6	21.1	-999.9	0.0	2.2	97505.8	-999.9
Ntarla	1998	1	9	9	14.6	31.9	21.0	-999.9	0.0	1.8	97524.7	-999.9
Ntarla	1998	1	10	10	16.4	33.0	20.8	-999.9	0.0	1.8	97435.6	-999.9
Ntarla	1998	1	11	11	17.0	33.1	21.0	-999.9	0.0	2.2	97425.9	-999.9
Ntarla	1998	1	12	12	17.3	32.0	20.7	-999.9	0.0	2.3	97569.7	-999.9
Ntarla	1998	1	13	13	17.3	31.8	20.9	-999.9	0.0	2.2	97575.7	-999.9
Ntarla	1998	1	14	14	16.1	31.6	21.3	-999.9	0.0	2.3	97543.9	-999.9
Ntarla	1998	1	15	15	15.9	30.0	21.4	-999.9	0.0	2.9	97612.1	-999.9
Ntarla	1998	1	16	16	14.7	29.6	21.9	-999.9	0.0	2.7	97603.4	-999.9
Ntarla	1998	1	17	17	14.4	29.9	21.8	-999.9	0.0	2.5	97521.3	-999.9
Ntarla	1998	1	18	18	15.0	30.6	21.8	-999.9	0.0	2.8	97539.7	-999.9
Ntarla	1998	1	19	19	15.3	30.5	21.9	-999.9	0.0	2.8	97662.2	-999.9
Ntarla	1998	1	20	20	15.0	30.3	21.9	-999.9	0.0	2.6	97599.0	-999.9
Ntarla	1998	1	21	21	15.2	30.8	22.0	-999.9	0.0	2.4	97448.8	-999.9
Ntarla	1998	1	22	22	15.2	32.1	21.8	-999.9	0.0	2.0	97392.2	-999.9
Ntarla	1998	1	23	23	15.6	33.8	21.8	-999.9	0.0	1.9	97349.3	-999.9
Ntarla	1998	1	24	24	14.9	34.8	21.7	-999.9	0.0	1.8	97252.5	-999.9
Ntarla	1998	1	25	25	16.7	35.3	21.9	-999.9	0.0	1.9	97142.9	-999.9
Ntarla	1998	1	26	26	17.2	35.6	22.0	-999.9	0.0	1.9	97157.0	-999.9
Ntarla	1998	1	27	27	17.2	36.8	21.6	-999.9	0.0	1.7	97164.4	-999.9
Ntarla	1998	1	28	28	19.5	36.3	21.0	-999.9	0.0	1.7	97235.6	-999.9
Ntarla	1998	1	29	29	19.8	36.2	21.5	-999.9	0.0	2.4	97392.4	-999.9
Ntarla	1998	1	30	30	20.6	36.3	21.3	-999.9	0.0	1.9	97454.3	-999.9
Ntarla	1998	1	31	31	20.3	36.8	21.6	-999.9	0.0	2.1	97472.1	-999.9
Ntarla	1998	2	1	32	21.3	37.5	21.7	-999.9	0.0	2.1	97451.6	-999.9
Ntarla	1998	2	2	33	19.6	38.1	21.8	-999.9	0.0	2.1	97393.0	-999.9
Ntarla	1998	2	3	34	20.7	38.0	21.4	-999.9	0.0	1.7	97295.0	-999.9
Ntarla	1998	2	4	35	21.7	39.5	22.1	-999.9	0.0	2.2	97232.8	-999.9
Ntarla	1998	2	5	36	24.2	40.1	22.3	-999.9	0.0	3.0	97200.2	-999.9
Ntarla	1998	2	6	37	23.0	39.4	22.4	-999.9	0.0	2.4	97256.8	-999.9
Ntarla	1998	2	7	38	20.7	39.4	22.0	-999.9	0.0	2.2	97321.9	-999.9
Ntarla	1998	2	8	39	22.6	39.1	20.2	-999.9	0.0	2.4	97238.8	-999.9
Ntarla	1998	2	9	40	22.5	37.5	21.4	-999.9	0.0	1.9	97225.2	-999.9
Ntarla	1998	2	10	41	23.1	37.8	22.5	-999.9	0.0	1.9	97231.3	-999.9
Ntarla	1998	2	11	42	20.3	37.9	22.3	-999.9	0.0	2.0	97253.4	-999.9
Ntarla	1998	2	12	43	22.4	36.3	19.5	-999.9	1.1	2.2	97448.9	-999.9
Ntarla	1998	2	13	44	22.0	35.4	19.4	-999.9	0.0	2.4	97702.9	-999.9
Ntarla	1998	2	14	45	22.0	35.3	22.7	-999.9	0.0	3.2	97858.1	-999.9
Ntarla	1998	2	15	46	20.6	33.8	22.9	-999.9	0.0	2.8	97829.0	-999.9
Ntarla	1998	2	16	47	19.3	33.6	23.2	-999.9	0.0	2.4	97724.7	-999.9
Ntarla	1998	2	17	48	20.3	34.8	23.2	-999.9	0.0	2.7	97709.4	-999.9
Ntarla	1998	2	18	49	20.5	35.2	23.3	-999.9	0.0	2.7	97653.5	-999.9
Ntarla	1998	2	19	50	18.9	34.5	23.5	-999.9	0.0	2.4	97550.5	-999.9
Ntarla	1998	2	20	51	18.7	34.6	23.7	-999.9	0.0	2.4	97443.5	-999.9
Ntarla	1998	2	21	52	18.1	35.6	23.6	-999.9	0.0	2.8	97459.5	-999.9
Ntarla	1998	2	22	53	21.0	34.2	23.8	-999.9	0.0	3.2	97573.5	-999.9
Ntarla	1998	2	23	54	18.1	33.0	24.2	-999.9	0.0	2.4	97541.0	-999.9
Ntarla	1998	2	24	55	17.4	34.5	24.2	-999.9	0.0	2.0	97384.3	-999.9
Ntarla	1998	2	25	56	18.2	35.5	24.0	-999.9	0.0	2.0	97384.2	-999.9
Ntarla	1998	2	26	57	19.7	35.9	24.1	-999.9	0.0	2.4	97441.2	-999.9
Ntarla	1998	2	27	58	20.1	35.7	24.0	-999.9	0.0	2.6	97439.4	-999.9
Ntarla	1998	2	28	59	19.8	36.0	24.3	-999.9	0.0	2.6	97389.0	-999.9
Ntarla	1998	3	1	60	20.2	36.4	24.3	-999.9	0.0	2.7	97357.1	-999.9
Ntarla	1998	3	2	61	20.3	36.4	24.7	-999.9	0.0	2.8	97395.5	-999.9
Ntarla	1998	3	3	62	20.8	35.8	24.8	-999.9	0.0	3.1	97418.1	-999.9
Ntarla	1998	3	4	63	20.7	35.0	24.9	-999.9	0.0	3.0	97440.9	-999.9
Ntarla	1998	3	5	64	20.0	34.8	25.0	-999.9	0.0	2.9	97433.8	-999.9
Ntarla	1998	3	6	65	20.8	34.6	24.5	-999.9	0.0	2.7	97455.4	-999.9
Ntarla	1998	3	7	66	19.8	35.1	24.9	-999.9	0.0	2.6	97397.0	-999.9
Ntarla	1998	3	8	67	20.8	35.7	24.5	-999.9	0.0	2.6	97333.1	-999.9
Ntarla	1998	3	9	68	20.4	36.2	24.9	-999.9	0.0	2.2	97205.9	-999.9
Ntarla	1998	3	10	69	21.0	37.2	25.1	-999.9	0.0	2.2	97114.4	-999.9
Ntarla	1998	3	11	70	21.4	38.0	25.0	-999.9	0.0	2.1	97155.9	-999.9
Ntarla	1998	3	12	71	22.3	37.8	25.1	-999.9	0.0	2.1	97169.2	-999.9
Ntarla	1998	3	13	72	21.8	38.0	25.1	-999.9	0.0	2.3	97126.7	-999.9
Ntarla	1998	3	14	73	23.0	37.4	24.9	-999.9	0.0	2.3	97225.9	-999.9
Ntarla	1998	3	15	74	23.7	35.8	23.5	-999.9	0.0	3.0	97304.6	-999.9
Ntarla	1998	3	16	75	20.5	34.7	25.0	-999.9	0.0	3.1	97326.9	-999.9
Ntarla	1998	3	17	76	19.3	34.4	25.0	-999.9	0.0	2.4	97343.6	-999.9
Ntarla	1998	3	18	77	21.0	36.7	25.1	-999.9	0.0	2.1	97303.9	-999.9
Ntarla	1998	3	19	78	23.5	38.5	25.3	-999.9	0.0	2.4	97315.8	-999.9
Ntarla	1998	3	20	79	23.6	39.1	25.5	-999.9	0.0	2.6	97254.1	-999.9
Ntarla	1998	3	21	80	23.2	39.4	25.6	-999.9	0.0	2.6	97112.8	-999.9
Ntarla	1998	3	22	81	23.9	39.6	25.6	-999.9	0.0	2.6	97035.4	-999.9
Ntarla	1998	3	23	82	23.6	40.2	25.8	-999.9	0.0	2.6	97058.8	-999.9
Ntarla	1998	3	24	83	25.3	40.7	25.7	-999.9	0.0	3.1	97063.8	-999.9
Ntarla	1998	3	25	84	24.5	40.0	26.2	-999.9	0.0	2.6	97083.6	-999.9
Ntarla	1998	3	26	85	22.5	40.1	26.2	-999.9	0.0	2.3	97073.8	-999.9
Ntarla	1998	3	27	86	23.2	39.9	26.4	-999.9	0.0	2.5	97099.3	-999.9
Ntarla	1998	3	28	87	21.7	40.0	25.7	-999.9	0.0	2.0	97045.0	-999.9
Ntarla	1998	3	29	88	22.2	40.6	25.9	-999.9	0.0	2.4	96956.5	-999.9
Ntarla	1998	3	30	89	23.8	40.4	25.0	-999.9	0.0	2.2	97009.5	-999.9
Ntarla	1998	3	31	90	27.5	39.4	22.1	-999.9	0.0	1.9	97099.2	-999.9
Ntarla	1998	4	1	91	26.1	40.9	24.4	-999.9	0.0	2.1	97173.9	-999.9
Ntarla	1998	4	2	92	25.4	41.1	26.3	-999.9	0.0	2.3	97107.1	-999.9
Ntarla	1998	4	3	93	24.3	41.0	26.0	-999.9	0.0	2.4	97038.8	-999.9
Ntarla	1998	4	4	94	25.8	39.8	22.8	-999.9	0.0	2.3	97015.1	-999.9
Ntarla	1998	4	5	95	29.0	39.9	23.6	-999.9	0.0	2.7	97107.5	-999.9
Ntarla	1998	4	6	96	28.1	41.1	22.8	-999.9	0.0	1.8	97117.2	-999.9
Ntarla	1998	4	7	97	28.8	40.8	23.2	-999.9	0.0	2.2	97084.7	-999.9
Ntarla	1998	4	8	98	29.4	38.8	21.2	-999.9	0.0	2.1	97075.2	-999.9
Ntarla	1998	4	9	99	28.4	39.8	22.6	-999.9	0.0	2.1	96916.5	-999.9
Ntarla	1998	4	10	100	28.6	39.0	24.1	-999.9	0.0	2.9	96869.7	-999.9
Ntarla	1998	4	11	101	28.9	37.7	20.9	-999.9	0.0	1.7	96960.5	-999.9
Ntarla	1998	4	12	102	27.9	40.8	24.4	-999.9	0.0	1.8	97003.9	-999.9
Ntarla	1998	4	13	103	27.7	40.8	22.7	-999.9	0.0	2.2	96978.8	-999.9
Ntarla	1998	4	14	104	24.7	41.2	24.4	-999.9	0.0	1.8	96927.0	-999.9
Ntarla	1998	4	15	105	27.6	39.7	23.8	-999.9	0.0	2.0	96999.5	-999.9
Ntarla	1998	4	16	106	28.7	39.8	22.2	-999.9	0.0	2.5	97124.2	-999.9
Ntarla	1998	4	17	107	28.0	40.9	23.5	-999.9	0.0	2.0	97011.1	-999.9
Ntarla	1998	4	18	108	29.7	41.5	24.0	-999.9	0.0	2.9	96794.2	-999.9
Ntarla	1998	4	19	109	27.9	40.4	23.4	-999.9	0.0	3.5	96856.4	-999.9
Ntarla	1998	4	20	110	26.5	38.0	24.1	-999.9	0.0	2.7	97067.9	-999.9
Ntarla	1998	4	21	111	25.4	39.8	22.7	-999.9	0.0	2.2	97121.3	-999.9
Ntarla	1998	4	22	112	25.3	32.5	17.0	-999.9	14.1	2.0	97300.7	-999.9
Ntarla	1998	4	23	113	26.0	35.4	19.3	-999.9	0.0	1.3	97181.1	-999.9
Ntarla	1998	4	24	114	26.7	37.1	22.4	-999.9	7.0	1.7	97115.9	-999.9
Ntarla	1998	4	25	115	27.8	38.8	23.3	-999.9	0.0	1.9	97085.2	-999.9
Ntarla	1998	4	26	116	23.8	40.0	25.8	-999.9	0.0	1.9	96998.7	-999.9
Ntarla	1998	4	27	117	22.2	38.9	24.6	-999.9	0.0	1.4	96859.4	-999.9
Ntarla	1998	4	28	118	25.2	39.4	24.3	-999.9	0.0	2.0	96838.5	-999.9
Ntarla	1998	4	29	119	28.2	40.0	24.7	-999.9	0.0	2.9	96850.7	-999.9
Ntarla	1998	4	30	120	29.3	36.0	19.7	-999.9	0.0	3.3	97025.3	-999.9
Ntarla	1998	5	1	121	27.4	38.6	24.4	-999.9	0.0	2.8	96958.0	-999.9
Ntarla	1998	5	2	122	28.4	38.9	23.7	-999.9	0.0	2.3	96982.9	-999.9
Ntarla	1998	5	3	123	27.0	37.7	22.2	-999.9	0.0	1.7	97060.4	-999.9
Ntarla	1998	5	4	124	25.8	34.9	21.2	-999.9	17.8	1.4	97196.7	-999.9
Ntarla	1998	5	5	125	25.2	32.4	19.2	-999.9	0.0	1.6	97212.2	-999.9
Ntarla	1998	5	6	126	26.2	32.8	17.3	-999.9	0.0	1.4	97142.1	-999.9
Ntarla	1998	5	7	127	26.4	36.1	22.7	-999.9	0.0	1.9	97107.0	-999.9
Ntarla	1998	5	8	128	25.2	37.6	22.6	-999.9	0.0	2.3	97270.3	-999.9
Ntarla	1998	5	9	129	26.4	38.3	24.2	-999.9	0.0	2.5	97335.7	-999.9
Ntarla	1998	5	10	130	27.3	40.1	24.6	-999.9	0.0	2.2	97209.7	-999.9
Ntarla	1998	5	11	131	26.5	40.7	26.0	-999.9	0.0	2.3	97175.4	-999.9
Ntarla	1998	5	12	132	27.3	39.6	24.9	-999.9	0.0	3.1	97200.3	-999.9
Ntarla	1998	5	13	133	27.6	37.9	23.7	-999.9	12.4	2.3	97381.6	-999.9
Ntarla	1998	5	14	134	26.9	38.1	24.6	-999.9	0.0	1.8	97312.1	-999.9
Ntarla	1998	5	15	135	28.0	37.9	23.5	-999.9	4.1	1.8	97159.2	-999.9
Ntarla	1998	5	16	136	26.9	36.9	23.6	-999.9	0.0	2.2	97115.5	-999.9
Ntarla	1998	5	17	137	24.9	33.7	18.9	-999.9	9.6	1.6	97291.6	-999.9
Ntarla	1998	5	18	138	24.9	32.0	18.1	-999.9	4.8	1.3	97554.9	-999.9
Ntarla	1998	5	19	139	25.4	35.3	19.8	-999.9	0.0	1.3	97500.3	-999.9
Ntarla	1998	5	20	140	25.6	37.9	24.0	-999.9	0.0	1.7	97269.4	-999.9
Ntarla	1998	5	21	141	26.5	37.5	23.7	-999.9	0.0	2.2	97291.7	-999.9
Ntarla	1998	5	22	142	27.6	37.1	22.8	-999.9	6.0	2.6	97397.2	-999.9
Ntarla	1998	5	23	143	27.8	39.0	23.7	-999.9	3.0	2.1	97436.9	-999.9
Ntarla	1998	5	24	144	27.6	37.6	24.3	-999.9	0.0	2.1	97367.6	-999.9
Ntarla	1998	5	25	145	27.3	37.7	23.2	-999.9	0.0	2.1	97341.2	-999.9
Ntarla	1998	5	26	146	28.6	39.2	24.1	-999.9	5.8	2.2	97192.7	-999.9
Ntarla	1998	5	27	147	28.4	39.2	23.7	-999.9	0.0	2.3	97183.2	-999.9
Ntarla	1998	5	28	148	28.9	39.9	23.4	-999.9	11.6	2.5	97255.9	-999.9
Ntarla	1998	5	29	149	27.4	37.9	23.5	-999.9	5.1	1.8	97261.5	-999.9
Ntarla	1998	5	30	150	28.6	38.8	23.7	-999.9	0.0	2.3	97181.2	-999.9
Ntarla	1998	5	31	151	27.3	38.6	23.0	-999.9	0.0	2.3	97135.4	-999.9
Ntarla	1998	6	1	152	28.1	37.6	22.0	-999.9	11.6	2.7	97324.2	-999.9
Ntarla	1998	6	2	153	26.1	33.8	21.2	-999.9	0.0	2.6	97408.6	-999.9
Ntarla	1998	6	3	154	24.3	32.5	19.8	-999.9	5.8	2.1	97422.4	-999.9
Ntarla	1998	6	4	155	24.6	32.1	22.1	-999.9	0.0	2.2	97584.9	-999.9
Ntarla	1998	6	5	156	24.6	33.7	24.6	-999.9	0.0	1.8	97647.3	-999.9
Ntarla	1998	6	6	157	25.8	34.9	23.5	-999.9	9.9	1.5	97606.0	-999.9
Ntarla	1998	6	7	158	24.5	33.1	19.9	-999.9	0.0	2.2	97462.6	-999.9
Ntarla	1998	6	8	159	24.3	32.9	21.6	-999.9	19.8	2.6	97435.3	-999.9
Ntarla	1998	6	9	160	24.1	33.0	23.7	-999.9	5.0	1.7	97505.8	-999.9
Ntarla	1998	6	10	161	25.2	33.1	23.4	-999.9	5.0	1.8	97523.1	-999.9
Ntarla	1998	6	11	162	25.3	34.4	23.9	-999.9	0.0	1.5	97494.8	-999.9
Ntarla	1998	6	12	163	25.8	35.7	23.3	-999.9	7.5	1.9	97493.9	-999.9
Ntarla	1998	6	13	164	24.9	35.3	23.8	-999.9	6.6	2.1	97455.1	-999.9
Ntarla	1998	6	14	165	25.4	35.4	24.6	-999.9	0.0	2.5	97350.3	-999.9
Ntarla	1998	6	15	166	26.5	35.4	23.4	-999.9	0.0	2.3	97275.7	-999.9
Ntarla	1998	6	16	167	25.2	36.4	24.5	-999.9	8.2	2.1	97449.0	-999.9
Ntarla	1998	6	17	168	25.2	35.9	24.3	-999.9	0.0	1.2	97486.2	-999.9
Ntarla	1998	6	18	169	26.3	38.0	24.7	-999.9	0.0	2.4	97265.9	-999.9
Ntarla	1998	6	19	170	26.2	37.4	24.1	-999.9	0.0	3.4	97054.0	-999.9
Ntarla	1998	6	20	171	25.1	33.8	19.5	-999.9	0.0	2.8	97320.0	-999.9
Ntarla	1998	6	21	172	24.9	34.5	23.1	-999.9	0.0	1.7	97562.4	-999.9
Ntarla	1998	6	22	173	24.8	35.4	22.0	-999.9	0.0	1.7	97516.4	-999.9
Ntarla	1998	6	23	174	25.1	35.0	23.9	-999.9	0.0	1.8	97421.9	-999.9
Ntarla	1998	6	24	175	26.0	36.3	24.4	-999.9	0.0	2.3	97341.0	-999.9
Ntarla	1998	6	25	176	26.8	37.3	24.1	-999.9	10.4	2.1	97378.9	-999.9
Ntarla	1998	6	26	177	27.3	35.3	23.0	-999.9	0.0	2.1	97392.1	-999.9
Ntarla	1998	6	27	178	25.2	36.1	23.2	-999.9	0.0	2.2	97445.4	-999.9
Ntarla	1998	6	28	179	26.3	34.2	19.7	-999.9	8.4	2.9	97481.3	-999.9
Ntarla	1998	6	29	180	25.8	34.5	21.9	-999.9	0.0	2.3	97445.5	-999.9
Ntarla	1998	6	30	181	25.3	33.3	23.3	-999.9	0.0	2.2	97481.8	-999.9
Ntarla	1998	7	1	182	25.2	34.7	24.5	-999.9	0.0	2.1	97492.9	-999.9
Ntarla	1998	7	2	183	25.4	32.5	20.3	-999.9	0.0	2.1	97509.0	-999.9
Ntarla	1998	7	3	184	25.1	34.8	23.5	-999.9	0.0	2.7	97368.7	-999.9
Ntarla	1998	7	4	185	25.5	35.3	24.1	-999.9	0.0	2.5	97335.6	-999.9
Ntarla	1998	7	5	186	26.2	35.2	23.2	-999.9	7.8	2.7	97273.3	-999.9
Ntarla	1998	7	6	187	25.7	34.2	22.7	-999.9	6.4	2.2	97294.2	-999.9
Ntarla	1998	7	7	188	25.3	33.5	20.6	-999.9	12.8	1.8	97396.1	-999.9
Ntarla	1998	7	8	189	24.4	32.4	21.9	-999.9	19.2	1.6	97515.5	-999.9
Ntarla	1998	7	9	190	24.3	33.2	22.1	-999.9	6.4	2.0	97494.8	-999.9
Ntarla	1998	7	10	191	25.6	34.9	23.8	-999.9	6.4	2.4	97415.9	-999.9
Ntarla	1998	7	11	192	23.9	32.6	18.1	-999.9	12.7	2.8	97371.4	-999.9
Ntarla	1998	7	12	193	24.3	33.9	24.5	-999.9	0.0	3.1	97174.5	-999.9
Ntarla	1998	7	13	194	25.0	33.1	21.8	-999.9	0.0	3.0	97290.8	-999.9
Ntarla	1998	7	14	195	24.4	29.8	15.8	-999.9	8.5	2.1	97440.9	-999.9
Ntarla	1998	7	15	196	23.6	31.5	20.8	-999.9	8.5	2.0	97480.7	-999.9
Ntarla	1998	7	16	197	23.4	32.2	21.2	-999.9	35.2	2.0	97474.0	-999.9
Ntarla	1998	7	17	198	23.6	31.8	21.8	-999.9	0.0	2.0	97447.7	-999.9
Ntarla	1998	7	18	199	23.6	32.6	22.8	-999.9	11.7	1.7	97443.4	-999.9
Ntarla	1998	7	19	200	23.5	30.2	17.7	-999.9	0.0	2.2	97413.5	-999.9
Ntarla	1998	7	20	201	23.5	32.2	22.1	-999.9	0.0	2.5	97303.2	-999.9
Ntarla	1998	7	21	202	24.4	30.4	17.9	-999.9	22.0	2.1	97247.6	-999.9
Ntarla	1998	7	22	203	22.9	25.8	8.3	-999.9	0.0	1.3	97340.1	-999.9
Ntarla	1998	7	23	204	22.3	29.2	17.7	-999.9	0.0	1.5	97438.6	-999.9
Ntarla	1998	7	24	205	23.4	29.9	20.2	-999.9	11.0	1.6	97400.9	-999.9
Ntarla	1998	7	25	206	23.3	30.7	21.8	-999.9	0.0	2.0	97292.8	-999.9
Ntarla	1998	7	26	207	24.6	31.5	21.4	-999.9	10.4	2.2	97327.4	-999.9
Ntarla	1998	7	27	208	23.7	30.2	21.3	-999.9	5.2	2.1	97464.3	-999.9
Ntarla	1998	7	28	209	23.0	27.7	13.6	-999.9	5.2	2.1	97607.5	-999.9
Ntarla	1998	7	29	210	22.7	29.9	18.4	-999.9	5.2	1.7	97479.1	-999.9
Ntarla	1998	7	30	211	23.7	31.0	23.0	-999.9	0.0	2.3	97430.7	-999.9
Ntarla	1998	7	31	212	23.8	30.8	18.9	-999.9	5.2	3.1	97336.7	-999.9
Ntarla	1998	8	1	213	23.8	30.4	18.2	-999.9	35.2	3.1	97199.5	-999.9
Ntarla	1998	8	2	214	23.9	28.4	13.3	-999.9	7.0	2.6	97304.8	-999.9
Ntarla	1998	8	3	215	22.7	28.1	17.0	-999.9	21.1	2.4	97527.9	-999.9
Ntarla	1998	8	4	216	22.7	28.4	15.7	-999.9	14.1	1.7	97539.2	-999.9
Ntarla	1998	8	5	217	22.8	29.4	19.3	-999.9	0.0	1.9	97491.7	-999.9
Ntarla	1998	8	6	218	23.0	29.0	16.5	-999.9	20.3	1.9	97472.9	-999.9
Ntarla	1998	8	7	219	22.8	29.7	19.4	-999.9	0.0	1.8	97481.3	-999.9
Ntarla	1998	8	8	220	23.4	30.0	19.5	-999.9	5.9	1.8	97346.4	-999.9
Ntarla	1998	8	9	221	22.7	28.5	16.3	-999.9	11.8	2.0	97392.0	-999.9
Ntarla	1998	8	10	222	22.4	29.4	19.5	-999.9	5.9	2.1	97488.5	-999.9
Ntarla	1998	8	11	223	24.0	29.1	14.7	-999.9	0.0	2.1	97407.5	-999.9
Ntarla	1998	8	12	224	22.6	27.7	11.5	-999.9	26.2	1.7	97414.6	-999.9
Ntarla	1998	8	13	225	23.3	29.0	19.2	-999.9	0.0	1.9	97483.7	-999.9
Ntarla	1998	8	14	226	22.6	28.7	19.5	-999.9	0.0	2.9	97382.7	-999.9
Ntarla	1998	8	15	227	22.7	29.4	12.2	-999.9	15.0	2.2	97298.1	-999.9
Ntarla	1998	8	16	228	22.4	28.4	14.0	-999.9	0.0	1.9	97402.0	-999.9
Ntarla	1998	8	17	229	21.8	29.2	17.2	-999.9	0.0	2.0	97397.1	-999.9
Ntarla	1998	8	18	230	22.6	31.6	23.2	-999.9	7.7	1.9	97164.3	-999.9
Ntarla	1998	8	19	231	23.4	29.3	18.1	-999.9	17.6	2.0	97204.3	-999.9
Ntarla	1998	8	20	232	23.0	29.6	20.9	-999.9	0.0	1.5	97478.2	-999.9
Ntarla	1998	8	21	233	22.4	29.6	20.1	-999.9	0.0	1.3	97489.8	-999.9
Ntarla	1998	8	22	234	22.4	29.6	16.5	-999.9	0.0	1.8	97432.9	-999.9
Ntarla	1998	8	23	235	23.7	31.1	22.1	-999.9	11.0	2.3	97246.4	-999.9
Ntarla	1998	8	24	236	23.7	28.9	12.5	-999.9	22.0	1.9	97200.1	-999.9
Ntarla	1998	8	25	237	22.9	29.9	19.5	-999.9	0.0	1.5	97263.7	-999.9
Ntarla	1998	8	26	238	22.5	27.7	13.9	-999.9	9.8	1.8	97365.9	-999.9
Ntarla	1998	8	27	239	21.9	29.5	22.1	-999.9	0.0	2.2	97474.5	-999.9
Ntarla	1998	8	28	240	22.2	32.2	24.0	-999.9	0.0	1.5	97333.1	-999.9
Ntarla	1998	8	29	241	23.6	30.9	15.7	-999.9	17.2	2.1	97270.9	-999.9
Ntarla	1998	8	30	242	23.0	29.6	17.6	-999.9	8.6	2.2	97371.3	-999.9
Ntarla	1998	8	31	243	22.5	29.3	18.8	-999.9	8.6	1.7	97388.3	-999.9
Ntarla	1998	9	1	244	22.6	28.9	18.1	-999.9	0.0	1.5	97382.8	-999.9
Ntarla	1998	9	2	245	22.8	29.9	19.2	-999.9	0.0	1.7	97421.2	-999.9
Ntarla	1998	9	3	246	23.3	30.0	18.7	-999.9	10.4	2.3	97369.9	-999.9
Ntarla	1998	9	4	247	23.5	30.1	22.2	-999.9	0.0	2.2	97312.5	-999.9
Ntarla	1998	9	5	248	23.1	29.7	17.9	-999.9	31.2	1.7	97365.3	-999.9
Ntarla	1998	9	6	249	22.9	29.3	16.6	-999.9	23.7	1.5	97318.3	-999.9
Ntarla	1998	9	7	250	22.8	26.4	10.9	-999.9	10.4	2.5	97226.3	-999.9
Ntarla	1998	9	8	251	22.4	28.5	17.5	-999.9	10.4	1.7	97388.7	-999.9
Ntarla	1998	9	9	252	21.8	29.8	21.7	-999.9	20.7	0.9	97390.3	-999.9
Ntarla	1998	9	10	253	22.9	27.0	12.3	-999.9	23.7	1.2	97374.9	-999.9
Ntarla	1998	9	11	254	22.6	29.9	20.4	-999.9	7.8	1.6	97367.6	-999.9
Ntarla	1998	9	12	255	22.3	30.1	21.1	-999.9	15.5	1.3	97303.9	-999.9
Ntarla	1998	9	13	256	23.4	30.4	20.2	-999.9	0.0	1.1	97258.1	-999.9
Ntarla	1998	9	14	257	22.4	31.0	23.3	-999.9	15.5	1.7	97276.8	-999.9
Ntarla	1998	9	15	258	22.8	27.6	14.4	-999.9	7.8	1.8	97447.6	-999.9
Ntarla	1998	9	16	259	21.7	28.8	18.3	-999.9	0.0	1.3	97523.8	-999.9
Ntarla	1998	9	17	260	21.6	30.1	22.1	-999.9	0.0	1.1	97398.5	-999.9
Ntarla	1998	9	18	261	23.1	30.4	20.8	-999.9	0.0	1.5	97286.8	-999.9
Ntarla	1998	9	19	262	22.8	29.2	16.8	-999.9	46.5	1.6	97346.4	-999.9
Ntarla	1998	9	20	263	22.2	29.0	19.5	-999.9	0.0	1.9	97433.7	-999.9
Ntarla	1998	9	21	264	22.4	30.4	22.1	-999.9	8.9	0.9	97409.2	-999.9
Ntarla	1998	9	22	265	23.1	30.0	20.6	-999.9	8.9	1.8	97346.0	-999.9
Ntarla	1998	9	23	266	22.0	26.6	11.1	-999.9	17.7	1.3	97405.5	-999.9
Ntarla	1998	9	24	267	21.8	27.8	16.0	-999.9	8.9	1.9	97518.5	-999.9
Ntarla	1998	9	25	268	21.6	28.9	20.8	-999.9	0.0	1.7	97589.3	-999.9
Ntarla	1998	9	26	269	21.1	31.1	23.4	-999.9	0.0	1.5	97466.0	-999.9
Ntarla	1998	9	27	270	22.9	32.1	22.2	-999.9	0.0	1.4	97327.1	-999.9
Ntarla	1998	9	28	271	23.4	30.4	21.2	-999.9	0.0	1.8	97383.5	-999.9
Ntarla	1998	9	29	272	21.9	30.9	23.9	-999.9	0.0	1.4	97434.1	-999.9
Ntarla	1998	9	30	273	23.2	31.6	22.9	-999.9	6.5	1.7	97315.5	-999.9
Ntarla	1998	10	1	274	23.1	30.9	21.1	-999.9	0.0	1.7	97374.1	-999.9
Ntarla	1998	10	2	275	22.7	30.6	22.3	-999.9	0.0	1.4	97532.9	-999.9
Ntarla	1998	10	3	276	22.6	32.0	22.9	-999.9	5.5	1.4	97457.2	-999.9
Ntarla	1998	10	4	277	23.6	32.0	23.1	-999.9	0.0	2.0	97218.4	-999.9
Ntarla	1998	10	5	278	23.4	31.7	22.5	-999.9	21.8	1.8	97246.5	-999.9
Ntarla	1998	10	6	279	23.1	32.3	22.6	-999.9	0.0	1.4	97301.0	-999.9
Ntarla	1998	10	7	280	24.0	33.5	22.1	-999.9	0.0	1.7	97262.5	-999.9
Ntarla	1998	10	8	281	24.4	33.0	22.2	-999.9	0.0	1.9	97140.9	-999.9
Ntarla	1998	10	9	282	24.2	30.6	20.0	-999.9	0.0	1.9	97220.4	-999.9
Ntarla	1998	10	10	283	22.0	28.7	16.2	-999.9	0.0	2.1	97345.5	-999.9
Ntarla	1998	10	11	284	22.0	31.0	20.1	-999.9	0.0	1.7	97435.1	-999.9
Ntarla	1998	10	12	285	23.6	32.8	22.2	-999.9	0.0	2.0	97237.2	-999.9
Ntarla	1998	10	13	286	23.4	33.0	22.4	-999.9	0.0	2.0	97227.0	-999.9
Ntarla	1998	10	14	287	23.0	32.0	21.4	-999.9	5.3	1.3	97358.4	-999.9
Ntarla	1998	10	15	288	23.7	32.5	20.8	-999.9	0.0	1.3	97333.2	-999.9
Ntarla	1998	10	16	289	23.4	32.9	20.8	-999.9	10.7	1.3	97291.5	-999.9
Ntarla	1998	10	17	290	22.2	34.3	22.3	-999.9	0.0	1.2	97243.4	-999.9
Ntarla	1998	10	18	291	23.7	32.3	20.6	-999.9	0.0	1.4	97350.0	-999.9
Ntarla	1998	10	19	292	23.0	33.5	22.0	-999.9	0.0	1.5	97393.2	-999.9
Ntarla	1998	10	20	293	23.2	33.7	21.8	-999.9	0.0	1.4	97362.9	-999.9
Ntarla	1998	10	21	294	24.6	34.0	20.8	-999.9	0.0	1.3	97374.4	-999.9
Ntarla	1998	10	22	295	24.7	34.0	21.6	-999.9	0.0	1.8	97430.0	-999.9
Ntarla	1998	10	23	296	23.7	34.1	22.6	-999.9	7.3	1.4	97430.1	-999.9
Ntarla	1998	10	24	297	20.9	32.0	19.0	-999.9	0.0	2.0	97423.5	-999.9
Ntarla	1998	10	25	298	22.2	32.5	20.9	-999.9	0.0	1.7	97503.5	-999.9
Ntarla	1998	10	26	299	21.9	33.9	22.4	-999.9	0.0	1.4	97518.3	-999.9
Ntarla	1998	10	27	300	19.5	34.7	22.7	-999.9	0.0	1.5	97465.7	-999.9
Ntarla	1998	10	28	301	20.8	34.2	20.8	-999.9	0.0	1.9	97336.7	-999.9
Ntarla	1998	10	29	302	23.0	32.9	19.5	-999.9	0.0	1.9	97334.9	-999.9
Ntarla	1998	10	30	303	22.8	32.6	19.1	-999.9	0.0	1.4	97456.8	-999.9
Ntarla	1998	10	31	304	21.8	33.6	20.9	-999.9	0.0	1.6	97434.1	-999.9
Ntarla	1998	11	1	305	20.0	34.5	22.4	-999.9	0.0	2.1	97357.7	-999.9
Ntarla	1998	11	2	306	18.4	33.3	22.4	-999.9	0.0	1.6	97329.0	-999.9
Ntarla	1998	11	3	307	17.6	33.6	22.7	-999.9	0.0	1.8	97282.8	-999.9
Ntarla	1998	11	4	308	17.8	34.1	22.6	-999.9	0.0	1.4	97243.9	-999.9
Ntarla	1998	11	5	309	18.4	34.1	22.1	-999.9	0.0	1.4	97319.1	-999.9
Ntarla	1998	11	6	310	19.0	34.9	21.8	-999.9	0.0	2.0	97349.0	-999.9
Ntarla	1998	11	7	311	19.8	34.9	22.2	-999.9	0.0	1.9	97247.9	-999.9
Ntarla	1998	11	8	312	19.2	34.6	22.5	-999.9	0.0	2.3	97290.0	-999.9
Ntarla	1998	11	9	313	17.0	34.0	22.5	-999.9	0.0	2.0	97332.9	-999.9
Ntarla	1998	11	10	314	17.2	33.5	21.8	-999.9	0.0	1.7	97399.4	-999.9
Ntarla	1998	11	11	315	19.8	33.4	22.0	-999.9	0.0	1.5	97397.0	-999.9
Ntarla	1998	11	12	316	19.1	33.0	22.1	-999.9	0.0	2.2	97412.5	-999.9
Ntarla	1998	11	13	317	18.8	32.9	22.0	-999.9	0.0	2.3	97418.4	-999.9
Ntarla	1998	11	14	318	17.9	33.1	21.7	-999.9	0.0	2.1	97312.4	-999.9
Ntarla	1998	11	15	319	18.9	34.0	21.3	-999.9	0.0	2.2	97279.2	-999.9
Ntarla	1998	11	16	320	20.1	34.2	21.4	-999.9	0.0	2.3	97331.4	-999.9
Ntarla	1998	11	17	321	20.9	34.2	21.1	-999.9	0.0	2.3	97330.0	-999.9
Ntarla	1998	11	18	322	20.3	34.3	21.4	-999.9	0.0	2.3	97183.5	-999.9
Ntarla	1998	11	19	323	20.1	34.3	21.2	-999.9	0.0	2.0	97126.5	-999.9
Ntarla	1998	11	20	324	19.5	34.3	21.0	-999.9	0.0	1.5	97155.2	-999.9
Ntarla	1998	11	21	325	20.6	33.8	20.7	-999.9	0.0	1.9	97208.6	-999.9
Ntarla	1998	11	22	326	19.7	33.2	20.9	-999.9	0.0	1.8	97316.3	-999.9
Ntarla	1998	11	23	327	20.8	33.9	20.6	-999.9	0.0	2.3	97284.7	-999.9
Ntarla	1998	11	24	328	20.3	33.7	20.8	-999.9	0.0	2.3	97287.6	-999.9
Ntarla	1998	11	25	329	21.2	33.6	19.1	-999.9	0.0	2.6	97311.1	-999.9
Ntarla	1998	11	26	330	19.3	33.3	20.7	-999.9	0.0	2.1	97229.0	-999.9
Ntarla	1998	11	27	331	18.0	33.0	21.0	-999.9	0.0	2.0	97274.1	-999.9
Ntarla	1998	11	28	332	18.5	33.7	21.0	-999.9	0.0	2.3	97291.3	-999.9
Ntarla	1998	11	29	333	19.0	33.7	21.0	-999.9	0.0	2.5	97217.2	-999.9
Ntarla	1998	11	30	334	18.3	33.7	20.9	-999.9	0.0	2.1	97127.4	-999.9
Ntarla	1998	12	1	335	19.5	33.5	19.5	-999.9	0.0	2.2	97199.1	-999.9
Ntarla	1998	12	2	336	18.1	34.0	20.4	-999.9	0.0	2.0	97219.1	-999.9
Ntarla	1998	12	3	337	19.4	34.3	20.3	-999.9	0.0	2.1	97205.3	-999.9
Ntarla	1998	12	4	338	18.6	33.4	20.1	-999.9	0.0	1.7	97313.2	-999.9
Ntarla	1998	12	5	339	19.8	33.4	19.6	-999.9	0.0	1.6	97377.5	-999.9
Ntarla	1998	12	6	340	22.1	34.8	19.6	-999.9	0.0	2.3	97358.7	-999.9
Ntarla	1998	12	7	341	19.2	34.3	20.3	-999.9	0.0	2.0	97295.0	-999.9
Ntarla	1998	12	8	342	19.6	31.7	20.2	-999.9	0.0	2.7	97364.3	-999.9
Ntarla	1998	12	9	343	18.0	30.1	20.0	-999.9	0.0	2.6	97512.0	-999.9
Ntarla	1998	12	10	344	17.0	30.1	20.1	-999.9	0.0	2.5	97595.5	-999.9
Ntarla	1998	12	11	345	17.7	31.0	20.0	-999.9	0.0	2.4	97571.7	-999.9
Ntarla	1998	12	12	346	17.8	32.1	20.0	-999.9	0.0	2.2	97543.7	-999.9
Ntarla	1998	12	13	347	18.2	33.9	19.9	-999.9	0.0	2.0	97448.1	-999.9
Ntarla	1998	12	14	348	19.3	33.3	20.0	-999.9	0.0	2.2	97557.2	-999.9
Ntarla	1998	12	15	349	18.3	32.1	20.3	-999.9	0.0	2.4	97603.0	-999.9
Ntarla	1998	12	16	350	18.3	31.9	20.2	-999.9	0.0	2.4	97570.5	-999.9
Ntarla	1998	12	17	351	18.5	32.2	20.2	-999.9	0.0	2.3	97538.0	-999.9
Ntarla	1998	12	18	352	17.4	32.1	20.2	-999.9	0.0	2.4	97452.0	-999.9
Ntarla	1998	12	19	353	18.6	31.8	20.2	-999.9	0.0	2.7	97496.5	-999.9
Ntarla	1998	12	20	354	17.4	30.2	20.4	-999.9	0.0	2.4	97457.9	-999.9
Ntarla	1998	12	21	355	14.6	30.3	20.2	-999.9	0.0	2.0	97344.8	-999.9
Ntarla	1998	12	22	356	14.9	31.1	20.5	-999.9	0.0	1.8	97346.0	-999.9
Ntarla	1998	12	23	357	15.7	31.9	20.3	-999.9	0.0	1.8	97316.0	-999.9
Ntarla	1998	12	24	358	16.3	33.0	20.3	-999.9	0.0	1.8	97366.1	-999.9
Ntarla	1998	12	25	359	17.2	34.2	20.4	-999.9	0.0	1.9	97350.1	-999.9
Ntarla	1998	12	26	360	17.6	34.3	20.4	-999.9	0.0	2.1	97329.4	-999.9
Ntarla	1998	12	27	361	17.7	33.4	20.5	-999.9	0.0	2.0	97249.9	-999.9
Ntarla	1998	12	28	362	17.3	33.3	20.4	-999.9	0.0	2.5	97273.8	-999.9
Ntarla	1998	12	29	363	16.8	31.2	20.3	-999.9	0.0	2.4	97457.2	-999.9
Ntarla	1998	12	30	364	17.0	32.1	19.9	-999.9	0.0	2.4	97494.6	-999.9
Ntarla	1998	12	31	365	16.9	29.8	20.0	-999.9	0.0	2.8	97554.3	-999.9
