Ntarla	1984	1	1	1	14.9	31.6	20.4	-999.9	0.0	2.1	97474.4	-999.9
Ntarla	1984	1	2	2	17.7	32.7	20.3	-999.9	0.0	2.5	97462.5	-999.9
Ntarla	1984	1	3	3	18.8	32.8	20.2	-999.9	0.0	2.6	97570.6	-999.9
Ntarla	1984	1	4	4	18.1	32.7	20.4	-999.9	0.0	2.2	97528.4	-999.9
Ntarla	1984	1	5	5	17.6	32.6	20.3	-999.9	0.0	2.0	97477.8	-999.9
Ntarla	1984	1	6	6	17.2	31.3	20.3	-999.9	0.0	2.7	97505.8	-999.9
Ntarla	1984	1	7	7	16.1	28.2	20.3	-999.9	0.0	3.1	97704.4	-999.9
Ntarla	1984	1	8	8	13.7	26.9	20.5	-999.9	0.0	2.4	97697.4	-999.9
Ntarla	1984	1	9	9	13.6	29.6	20.5	-999.9	0.0	1.6	97452.1	-999.9
Ntarla	1984	1	10	10	15.7	32.5	20.5	-999.9	0.0	1.7	97366.8	-999.9
Ntarla	1984	1	11	11	17.4	33.3	20.5	-999.9	0.1	2.4	97376.8	-999.9
Ntarla	1984	1	12	12	18.3	33.5	20.6	-999.9	0.0	2.8	97423.0	-999.9
Ntarla	1984	1	13	13	17.9	32.9	20.9	-999.9	0.0	3.1	97510.6	-999.9
Ntarla	1984	1	14	14	16.9	32.3	21.0	-999.9	0.0	2.8	97498.8	-999.9
Ntarla	1984	1	15	15	17.2	33.3	21.0	-999.9	0.0	2.4	97366.9	-999.9
Ntarla	1984	1	16	16	18.2	32.9	20.9	-999.9	0.0	2.5	97403.3	-999.9
Ntarla	1984	1	17	17	17.9	31.9	21.1	-999.9	0.0	2.3	97462.9	-999.9
Ntarla	1984	1	18	18	16.7	31.6	21.3	-999.9	0.0	2.0	97377.5	-999.9
Ntarla	1984	1	19	19	16.4	32.1	21.2	-999.9	0.0	1.8	97283.9	-999.9
Ntarla	1984	1	20	20	16.9	32.2	21.1	-999.9	0.0	2.0	97254.2	-999.9
Ntarla	1984	1	21	21	17.2	32.8	21.3	-999.9	0.0	2.2	97329.2	-999.9
Ntarla	1984	1	22	22	18.3	33.2	21.4	-999.9	0.0	2.4	97393.1	-999.9
Ntarla	1984	1	23	23	18.1	32.5	21.5	-999.9	0.0	2.9	97389.0	-999.9
Ntarla	1984	1	24	24	16.5	31.8	21.7	-999.9	0.0	2.6	97355.0	-999.9
Ntarla	1984	1	25	25	16.2	32.7	21.9	-999.9	0.1	2.3	97294.2	-999.9
Ntarla	1984	1	26	26	17.1	34.0	21.8	-999.9	0.0	1.9	97221.7	-999.9
Ntarla	1984	1	27	27	17.3	34.6	21.8	-999.9	0.0	2.0	97171.2	-999.9
Ntarla	1984	1	28	28	17.6	34.9	21.8	-999.9	0.0	1.9	97133.4	-999.9
Ntarla	1984	1	29	29	17.7	35.1	21.7	-999.9	0.0	1.8	97151.2	-999.9
Ntarla	1984	1	30	30	18.1	33.4	21.8	-999.9	0.0	2.5	97201.4	-999.9
Ntarla	1984	1	31	31	18.3	31.6	21.7	-999.9	0.0	3.2	97345.5	-999.9
Ntarla	1984	2	1	32	16.8	30.0	21.7	-999.9	0.0	2.9	97394.9	-999.9
Ntarla	1984	2	2	33	15.6	29.9	21.8	-999.9	0.0	2.4	97377.0	-999.9
Ntarla	1984	2	3	34	15.9	30.4	21.9	-999.9	0.0	2.7	97355.2	-999.9
Ntarla	1984	2	4	35	15.8	30.0	22.3	-999.9	0.0	3.2	97469.9	-999.9
Ntarla	1984	2	5	36	14.4	28.0	22.8	-999.9	0.0	3.0	97516.8	-999.9
Ntarla	1984	2	6	37	13.0	29.4	22.9	-999.9	0.0	2.8	97475.5	-999.9
Ntarla	1984	2	7	38	14.5	29.3	22.9	-999.9	0.0	2.9	97549.6	-999.9
Ntarla	1984	2	8	39	14.8	29.8	22.9	-999.9	0.0	2.6	97532.0	-999.9
Ntarla	1984	2	9	40	14.3	30.3	22.7	-999.9	0.0	2.1	97417.7	-999.9
Ntarla	1984	2	10	41	14.6	31.6	22.8	-999.9	0.0	2.1	97342.7	-999.9
Ntarla	1984	2	11	42	16.9	33.3	22.6	-999.9	0.0	2.1	97325.7	-999.9
Ntarla	1984	2	12	43	16.7	33.4	22.7	-999.9	0.0	2.3	97352.5	-999.9
Ntarla	1984	2	13	44	17.2	33.4	22.8	-999.9	0.0	2.5	97361.4	-999.9
Ntarla	1984	2	14	45	17.3	32.8	23.0	-999.9	0.0	2.5	97321.9	-999.9
Ntarla	1984	2	15	46	17.2	34.0	23.0	-999.9	0.0	2.5	97278.9	-999.9
Ntarla	1984	2	16	47	18.1	34.7	23.0	-999.9	0.0	2.7	97216.6	-999.9
Ntarla	1984	2	17	48	18.5	34.7	23.1	-999.9	0.0	2.9	97151.6	-999.9
Ntarla	1984	2	18	49	18.8	34.8	23.4	-999.9	0.0	3.0	97202.9	-999.9
Ntarla	1984	2	19	50	18.4	35.0	23.5	-999.9	0.0	2.7	97218.0	-999.9
Ntarla	1984	2	20	51	17.9	35.3	23.6	-999.9	0.0	2.3	97208.0	-999.9
Ntarla	1984	2	21	52	18.9	35.7	23.6	-999.9	0.0	2.5	97204.9	-999.9
Ntarla	1984	2	22	53	19.0	35.7	23.4	-999.9	0.0	2.7	97221.0	-999.9
Ntarla	1984	2	23	54	20.1	35.6	23.4	-999.9	0.0	3.1	97233.8	-999.9
Ntarla	1984	2	24	55	19.5	35.6	23.6	-999.9	0.0	2.4	97129.5	-999.9
Ntarla	1984	2	25	56	20.0	36.1	23.6	-999.9	0.0	2.6	97025.5	-999.9
Ntarla	1984	2	26	57	20.1	36.9	23.6	-999.9	0.0	2.6	96962.5	-999.9
Ntarla	1984	2	27	58	20.6	37.8	23.7	-999.9	0.0	2.2	96960.1	-999.9
Ntarla	1984	2	28	59	21.7	37.6	22.3	-999.9	0.0	1.8	97003.0	-999.9
Ntarla	1984	2	29	60	22.1	38.6	23.4	-999.9	0.0	2.3	96952.2	-999.9
Ntarla	1984	3	1	61	20.7	38.4	24.4	-999.9	0.0	2.5	96960.0	-999.9
Ntarla	1984	3	2	62	19.1	37.9	24.7	-999.9	0.0	2.3	97111.2	-999.9
Ntarla	1984	3	3	63	21.5	38.4	23.8	-999.9	0.0	2.3	97056.7	-999.9
Ntarla	1984	3	4	64	19.7	38.2	24.8	-999.9	0.0	2.3	96988.1	-999.9
Ntarla	1984	3	5	65	22.4	38.5	23.3	-999.9	0.0	2.0	96960.4	-999.9
Ntarla	1984	3	6	66	25.3	37.7	21.0	-999.9	0.0	1.7	96934.3	-999.9
Ntarla	1984	3	7	67	25.8	37.6	20.7	-999.9	0.0	2.1	96795.5	-999.9
Ntarla	1984	3	8	68	22.8	38.1	24.3	-999.9	0.0	2.2	96817.6	-999.9
Ntarla	1984	3	9	69	22.2	37.8	24.3	-999.9	0.0	1.4	96839.6	-999.9
Ntarla	1984	3	10	70	25.5	37.4	21.1	-999.9	0.0	1.7	96893.1	-999.9
Ntarla	1984	3	11	71	23.8	33.8	18.1	-999.9	3.1	1.5	97165.4	-999.9
Ntarla	1984	3	12	72	23.4	31.4	17.3	-999.9	0.0	1.7	97318.9	-999.9
Ntarla	1984	3	13	73	22.1	35.4	23.1	-999.9	0.0	1.7	97144.8	-999.9
Ntarla	1984	3	14	74	24.9	35.8	20.4	-999.9	0.0	1.5	97018.1	-999.9
Ntarla	1984	3	15	75	26.1	36.0	21.4	-999.9	0.0	2.3	96966.4	-999.9
Ntarla	1984	3	16	76	24.7	36.6	23.6	-999.9	0.0	1.8	96940.5	-999.9
Ntarla	1984	3	17	77	24.6	37.8	24.6	-999.9	0.0	2.2	96894.0	-999.9
Ntarla	1984	3	18	78	23.4	39.0	24.0	-999.9	0.0	2.3	96906.3	-999.9
Ntarla	1984	3	19	79	24.2	39.7	24.9	-999.9	0.0	2.1	96818.1	-999.9
Ntarla	1984	3	20	80	24.7	39.7	24.1	-999.9	0.0	2.2	96687.8	-999.9
Ntarla	1984	3	21	81	27.0	38.3	22.8	-999.9	0.0	2.0	96870.5	-999.9
Ntarla	1984	3	22	82	25.3	37.4	23.9	-999.9	0.0	2.9	97006.2	-999.9
Ntarla	1984	3	23	83	25.3	35.1	23.6	-999.9	0.0	2.9	97276.7	-999.9
Ntarla	1984	3	24	84	23.5	35.6	24.5	-999.9	0.0	2.7	97332.4	-999.9
Ntarla	1984	3	25	85	23.7	36.5	25.2	-999.9	0.0	2.6	97239.7	-999.9
Ntarla	1984	3	26	86	21.4	37.4	25.8	-999.9	0.0	2.1	97128.0	-999.9
Ntarla	1984	3	27	87	22.0	38.1	25.7	-999.9	0.0	2.2	97024.4	-999.9
Ntarla	1984	3	28	88	23.0	38.9	26.0	-999.9	0.0	2.7	97053.1	-999.9
Ntarla	1984	3	29	89	23.3	38.9	26.0	-999.9	0.0	2.6	97146.5	-999.9
Ntarla	1984	3	30	90	24.7	39.5	25.9	-999.9	0.0	2.8	97081.1	-999.9
Ntarla	1984	3	31	91	22.8	38.7	26.2	-999.9	0.0	2.0	96988.4	-999.9
Ntarla	1984	4	1	92	21.5	39.2	26.1	-999.9	0.0	2.2	96959.1	-999.9
Ntarla	1984	4	2	93	21.8	39.1	26.0	-999.9	0.0	2.0	96905.5	-999.9
Ntarla	1984	4	3	94	24.0	38.6	24.0	-999.9	0.0	1.6	96908.9	-999.9
Ntarla	1984	4	4	95	27.7	37.6	21.3	-999.9	0.0	1.9	96983.5	-999.9
Ntarla	1984	4	5	96	24.5	39.9	25.7	-999.9	0.0	2.1	96968.9	-999.9
Ntarla	1984	4	6	97	22.6	39.6	25.4	-999.9	0.0	2.0	97026.7	-999.9
Ntarla	1984	4	7	98	24.1	40.5	26.2	-999.9	0.0	1.8	96876.3	-999.9
Ntarla	1984	4	8	99	25.9	40.0	25.3	-999.9	0.0	2.0	96829.8	-999.9
Ntarla	1984	4	9	100	27.7	39.4	23.8	-999.9	0.0	2.4	96868.9	-999.9
Ntarla	1984	4	10	101	28.7	38.1	22.3	-999.9	0.0	2.8	97025.1	-999.9
Ntarla	1984	4	11	102	26.5	38.3	23.0	-999.9	0.0	1.9	97120.6	-999.9
Ntarla	1984	4	12	103	28.6	38.6	19.9	-999.9	0.0	2.2	97033.6	-999.9
Ntarla	1984	4	13	104	26.9	39.5	22.7	-999.9	0.0	2.4	96936.6	-999.9
Ntarla	1984	4	14	105	25.6	38.1	22.1	-999.9	0.0	2.9	97021.3	-999.9
Ntarla	1984	4	15	106	27.4	39.2	23.0	-999.9	0.0	2.0	97013.9	-999.9
Ntarla	1984	4	16	107	25.4	37.6	23.6	-999.9	0.0	1.9	97013.3	-999.9
Ntarla	1984	4	17	108	26.6	39.1	22.3	-999.9	0.0	1.3	96902.9	-999.9
Ntarla	1984	4	18	109	27.2	39.4	23.7	-999.9	0.0	1.7	96922.7	-999.9
Ntarla	1984	4	19	110	24.2	39.9	26.1	-999.9	0.0	1.9	96965.4	-999.9
Ntarla	1984	4	20	111	23.3	39.1	26.4	-999.9	3.1	1.4	96921.9	-999.9
Ntarla	1984	4	21	112	23.9	39.9	25.9	-999.9	0.0	2.1	96856.3	-999.9
Ntarla	1984	4	22	113	22.4	39.9	26.2	-999.9	0.0	2.0	96930.5	-999.9
Ntarla	1984	4	23	114	26.7	38.9	23.6	-999.9	2.4	2.3	97039.9	-999.9
Ntarla	1984	4	24	115	27.6	38.4	21.7	-999.9	2.4	2.9	97083.0	-999.9
Ntarla	1984	4	25	116	26.1	37.2	22.6	-999.9	0.0	2.5	97074.3	-999.9
Ntarla	1984	4	26	117	25.1	36.4	23.1	-999.9	0.0	2.6	97054.8	-999.9
Ntarla	1984	4	27	118	26.0	37.9	23.4	-999.9	3.6	1.7	97138.7	-999.9
Ntarla	1984	4	28	119	26.1	38.4	21.6	-999.9	0.0	2.0	97080.9	-999.9
Ntarla	1984	4	29	120	28.3	38.7	21.4	-999.9	0.0	3.0	96965.1	-999.9
Ntarla	1984	4	30	121	27.4	36.4	19.3	-999.9	7.2	2.0	97125.4	-999.9
Ntarla	1984	5	1	122	26.9	38.8	21.6	-999.9	0.0	2.3	97138.1	-999.9
Ntarla	1984	5	2	123	26.7	35.2	16.1	-999.9	2.2	1.8	97257.4	-999.9
Ntarla	1984	5	3	124	27.0	37.5	23.2	-999.9	0.0	3.2	97148.8	-999.9
Ntarla	1984	5	4	125	27.2	40.2	24.7	-999.9	0.0	3.1	96939.0	-999.9
Ntarla	1984	5	5	126	26.5	39.6	25.1	-999.9	0.0	2.6	96951.0	-999.9
Ntarla	1984	5	6	127	27.4	37.3	22.7	-999.9	0.0	2.1	97097.5	-999.9
Ntarla	1984	5	7	128	27.3	38.7	22.7	-999.9	0.0	2.1	96992.5	-999.9
Ntarla	1984	5	8	129	27.2	38.5	21.9	-999.9	0.0	2.8	96905.9	-999.9
Ntarla	1984	5	9	130	24.7	35.3	18.4	-999.9	0.0	2.1	97014.0	-999.9
Ntarla	1984	5	10	131	26.3	34.8	22.2	-999.9	0.0	2.0	96947.0	-999.9
Ntarla	1984	5	11	132	24.4	34.0	18.5	-999.9	7.3	1.7	97071.4	-999.9
Ntarla	1984	5	12	133	24.7	37.6	24.8	-999.9	0.0	1.8	97039.0	-999.9
Ntarla	1984	5	13	134	23.6	39.1	25.9	-999.9	0.0	1.7	96958.6	-999.9
Ntarla	1984	5	14	135	25.1	38.9	25.5	-999.9	0.0	2.0	96877.1	-999.9
Ntarla	1984	5	15	136	26.3	39.3	24.8	-999.9	0.0	2.5	96764.5	-999.9
Ntarla	1984	5	16	137	27.0	38.3	22.9	-999.9	5.4	2.8	96925.0	-999.9
Ntarla	1984	5	17	138	25.8	36.1	22.7	-999.9	3.1	2.3	97183.2	-999.9
Ntarla	1984	5	18	139	25.7	38.0	23.5	-999.9	0.0	1.6	97171.3	-999.9
Ntarla	1984	5	19	140	27.6	37.8	23.1	-999.9	2.7	2.2	97053.5	-999.9
Ntarla	1984	5	20	141	25.8	38.8	24.3	-999.9	2.7	2.7	96965.0	-999.9
Ntarla	1984	5	21	142	26.7	38.0	23.8	-999.9	0.0	2.4	97078.5	-999.9
Ntarla	1984	5	22	143	28.0	35.8	21.1	-999.9	4.3	2.5	97152.6	-999.9
Ntarla	1984	5	23	144	26.1	36.8	22.4	-999.9	0.0	1.9	97176.1	-999.9
Ntarla	1984	5	24	145	26.4	33.2	18.5	-999.9	0.0	1.5	97110.9	-999.9
Ntarla	1984	5	25	146	25.5	36.3	24.0	-999.9	0.0	1.8	96955.4	-999.9
Ntarla	1984	5	26	147	24.2	34.8	21.2	-999.9	5.2	2.1	97016.8	-999.9
Ntarla	1984	5	27	148	25.8	35.0	23.3	-999.9	0.0	2.0	97230.4	-999.9
Ntarla	1984	5	28	149	24.9	35.9	24.8	-999.9	0.0	2.2	97283.4	-999.9
Ntarla	1984	5	29	150	24.6	37.5	25.0	-999.9	0.0	3.1	96970.3	-999.9
Ntarla	1984	5	30	151	25.7	36.3	23.4	-999.9	10.4	2.5	96998.9	-999.9
Ntarla	1984	5	31	152	24.5	32.1	20.4	-999.9	15.6	2.0	97333.6	-999.9
Ntarla	1984	6	1	153	23.6	29.5	15.2	-999.9	4.7	1.8	97574.1	-999.9
Ntarla	1984	6	2	154	22.9	31.8	23.6	-999.9	0.0	1.2	97555.8	-999.9
Ntarla	1984	6	3	155	24.4	34.5	23.5	-999.9	4.7	1.8	97352.6	-999.9
Ntarla	1984	6	4	156	25.0	37.8	25.1	-999.9	0.0	2.2	97124.4	-999.9
Ntarla	1984	6	5	157	25.5	35.6	24.0	-999.9	0.0	2.4	97224.1	-999.9
Ntarla	1984	6	6	158	25.7	35.3	22.5	-999.9	7.2	2.1	97262.9	-999.9
Ntarla	1984	6	7	159	24.7	34.9	24.0	-999.9	0.0	2.0	97288.0	-999.9
Ntarla	1984	6	8	160	24.9	35.5	23.0	-999.9	0.0	1.7	97200.5	-999.9
Ntarla	1984	6	9	161	25.3	35.1	22.6	-999.9	0.0	2.3	97126.3	-999.9
Ntarla	1984	6	10	162	26.1	36.1	24.5	-999.9	0.0	2.4	97185.9	-999.9
Ntarla	1984	6	11	163	26.1	36.8	22.8	-999.9	0.0	2.6	97159.7	-999.9
Ntarla	1984	6	12	164	26.5	39.1	24.7	-999.9	0.0	3.6	96813.2	-999.9
Ntarla	1984	6	13	165	25.4	34.6	22.1	-999.9	9.0	2.7	97108.3	-999.9
Ntarla	1984	6	14	166	24.6	32.5	21.7	-999.9	0.0	2.2	97460.3	-999.9
Ntarla	1984	6	15	167	23.7	35.1	23.2	-999.9	0.0	1.7	97457.9	-999.9
Ntarla	1984	6	16	168	25.0	36.7	23.8	-999.9	3.6	2.5	97120.4	-999.9
Ntarla	1984	6	17	169	24.6	34.8	22.5	-999.9	7.1	3.0	97083.4	-999.9
Ntarla	1984	6	18	170	24.0	34.6	22.1	-999.9	0.0	1.9	97324.0	-999.9
Ntarla	1984	6	19	171	24.3	31.9	16.3	-999.9	3.6	1.8	97473.8	-999.9
Ntarla	1984	6	20	172	24.7	33.1	21.7	-999.9	0.0	2.4	97287.3	-999.9
Ntarla	1984	6	21	173	23.3	31.0	20.8	-999.9	0.0	2.6	97264.6	-999.9
Ntarla	1984	6	22	174	24.0	31.7	22.2	-999.9	12.5	2.2	97331.2	-999.9
Ntarla	1984	6	23	175	24.6	32.7	23.5	-999.9	0.0	1.7	97313.8	-999.9
Ntarla	1984	6	24	176	23.0	30.7	19.2	-999.9	0.0	1.7	97379.6	-999.9
Ntarla	1984	6	25	177	23.2	31.4	21.2	-999.9	0.0	1.7	97376.7	-999.9
Ntarla	1984	6	26	178	22.3	30.3	19.6	-999.9	11.9	1.4	97354.1	-999.9
Ntarla	1984	6	27	179	22.9	31.1	22.4	-999.9	4.0	1.7	97416.0	-999.9
Ntarla	1984	6	28	180	23.4	31.6	22.3	-999.9	0.0	1.8	97497.9	-999.9
Ntarla	1984	6	29	181	23.5	32.8	24.4	-999.9	4.0	1.8	97363.5	-999.9
Ntarla	1984	6	30	182	24.9	34.5	23.8	-999.9	4.0	2.8	97147.2	-999.9
Ntarla	1984	7	1	183	23.8	33.5	22.4	-999.9	14.3	3.3	97202.5	-999.9
Ntarla	1984	7	2	184	24.1	31.9	22.7	-999.9	0.0	2.3	97434.1	-999.9
Ntarla	1984	7	3	185	23.9	32.9	22.3	-999.9	0.0	1.5	97369.4	-999.9
Ntarla	1984	7	4	186	23.5	33.6	23.3	-999.9	5.4	1.1	97177.2	-999.9
Ntarla	1984	7	5	187	23.3	32.2	22.7	-999.9	0.0	2.4	97137.1	-999.9
Ntarla	1984	7	6	188	23.8	31.4	19.1	-999.9	9.3	2.4	97079.4	-999.9
Ntarla	1984	7	7	189	23.6	27.5	12.9	-999.9	9.3	1.9	97219.8	-999.9
Ntarla	1984	7	8	190	23.0	30.5	21.7	-999.9	0.0	1.6	97354.6	-999.9
Ntarla	1984	7	9	191	23.6	31.4	21.5	-999.9	0.0	1.6	97241.4	-999.9
Ntarla	1984	7	10	192	25.6	33.3	22.5	-999.9	4.6	2.7	96997.0	-999.9
Ntarla	1984	7	11	193	24.2	31.6	23.0	-999.9	0.0	2.5	97049.2	-999.9
Ntarla	1984	7	12	194	23.4	31.7	23.5	-999.9	0.0	2.1	97340.5	-999.9
Ntarla	1984	7	13	195	23.5	30.9	20.6	-999.9	4.1	2.0	97532.5	-999.9
Ntarla	1984	7	14	196	23.8	33.9	23.0	-999.9	0.0	2.0	97433.1	-999.9
Ntarla	1984	7	15	197	22.8	28.5	14.9	-999.9	4.1	2.8	97382.8	-999.9
Ntarla	1984	7	16	198	22.5	28.2	13.5	-999.9	2.7	1.8	97335.7	-999.9
Ntarla	1984	7	17	199	21.6	28.8	19.5	-999.9	0.0	2.3	97290.4	-999.9
Ntarla	1984	7	18	200	22.4	29.6	21.3	-999.9	0.0	1.9	97426.1	-999.9
Ntarla	1984	7	19	201	22.7	29.6	16.5	-999.9	0.0	1.6	97521.5	-999.9
Ntarla	1984	7	20	202	22.2	30.4	22.7	-999.9	2.7	1.6	97400.6	-999.9
Ntarla	1984	7	21	203	22.9	30.0	20.5	-999.9	11.1	2.2	97298.9	-999.9
Ntarla	1984	7	22	204	22.1	31.4	24.2	-999.9	0.0	1.5	97258.4	-999.9
Ntarla	1984	7	23	205	23.0	31.8	23.4	-999.9	6.3	1.7	97207.9	-999.9
Ntarla	1984	7	24	206	22.4	30.5	17.9	-999.9	5.6	2.2	97184.2	-999.9
Ntarla	1984	7	25	207	21.9	29.6	18.8	-999.9	5.6	1.7	97315.4	-999.9
Ntarla	1984	7	26	208	22.6	30.7	22.3	-999.9	2.8	1.1	97350.8	-999.9
Ntarla	1984	7	27	209	22.5	29.9	18.6	-999.9	0.8	2.0	97321.2	-999.9
Ntarla	1984	7	28	210	21.9	30.0	21.8	-999.9	0.4	1.9	97421.4	-999.9
Ntarla	1984	7	29	211	22.6	30.5	22.1	-999.9	0.0	2.3	97392.7	-999.9
Ntarla	1984	7	30	212	23.2	29.4	16.7	-999.9	17.6	2.0	97426.8	-999.9
Ntarla	1984	7	31	213	22.2	30.7	22.3	-999.9	0.0	1.7	97450.9	-999.9
Ntarla	1984	8	1	214	22.7	28.9	16.8	-999.9	0.0	1.4	97558.4	-999.9
Ntarla	1984	8	2	215	22.3	29.5	20.8	-999.9	4.4	1.7	97568.3	-999.9
Ntarla	1984	8	3	216	23.0	30.3	21.6	-999.9	0.0	1.6	97525.6	-999.9
Ntarla	1984	8	4	217	22.9	30.4	22.8	-999.9	9.8	1.7	97491.0	-999.9
Ntarla	1984	8	5	218	23.4	31.7	23.5	-999.9	0.0	1.5	97475.4	-999.9
Ntarla	1984	8	6	219	23.1	29.6	19.2	-999.9	0.0	1.8	97377.3	-999.9
Ntarla	1984	8	7	220	22.8	29.8	17.8	-999.9	0.0	1.8	97336.2	-999.9
Ntarla	1984	8	8	221	22.2	29.5	19.5	-999.9	3.3	1.8	97394.3	-999.9
Ntarla	1984	8	9	222	22.5	30.6	22.5	-999.9	0.0	1.7	97364.8	-999.9
Ntarla	1984	8	10	223	23.5	31.0	20.6	-999.9	0.0	1.9	97339.9	-999.9
Ntarla	1984	8	11	224	23.2	31.0	21.3	-999.9	22.2	2.1	97391.7	-999.9
Ntarla	1984	8	12	225	22.9	30.3	21.5	-999.9	8.9	1.4	97388.8	-999.9
Ntarla	1984	8	13	226	22.5	30.3	21.9	-999.9	0.0	1.4	97389.6	-999.9
Ntarla	1984	8	14	227	23.1	30.1	19.1	-999.9	0.0	1.7	97377.2	-999.9
Ntarla	1984	8	15	228	23.1	31.8	24.1	-999.9	13.6	1.5	97402.5	-999.9
Ntarla	1984	8	16	229	22.9	31.6	23.1	-999.9	0.0	1.4	97372.9	-999.9
Ntarla	1984	8	17	230	21.6	31.8	23.5	-999.9	0.0	1.5	97409.9	-999.9
Ntarla	1984	8	18	231	23.4	28.9	15.9	-999.9	22.2	1.8	97420.7	-999.9
Ntarla	1984	8	19	232	22.0	26.9	11.3	-999.9	0.0	1.9	97396.6	-999.9
Ntarla	1984	8	20	233	21.8	30.5	20.9	-999.9	0.0	1.9	97396.1	-999.9
Ntarla	1984	8	21	234	22.9	30.8	21.8	-999.9	0.0	1.4	97449.0	-999.9
Ntarla	1984	8	22	235	22.8	31.9	22.7	-999.9	0.0	1.3	97305.1	-999.9
Ntarla	1984	8	23	236	21.9	31.6	23.6	-999.9	8.5	1.6	97229.3	-999.9
Ntarla	1984	8	24	237	23.4	31.1	23.1	-999.9	0.0	1.7	97322.9	-999.9
Ntarla	1984	8	25	238	23.6	30.8	21.4	-999.9	9.4	1.6	97389.3	-999.9
Ntarla	1984	8	26	239	22.8	31.1	21.5	-999.9	0.0	1.5	97344.8	-999.9
Ntarla	1984	8	27	240	23.7	30.9	19.5	-999.9	5.2	1.9	97408.6	-999.9
Ntarla	1984	8	28	241	22.8	30.9	23.2	-999.9	0.0	1.2	97440.9	-999.9
Ntarla	1984	8	29	242	23.3	31.8	21.1	-999.9	0.0	1.6	97369.8	-999.9
Ntarla	1984	8	30	243	24.2	33.9	22.3	-999.9	0.0	2.3	97215.8	-999.9
Ntarla	1984	8	31	244	24.0	30.5	19.2	-999.9	0.0	2.3	97374.7	-999.9
Ntarla	1984	9	1	245	22.9	30.2	19.6	-999.9	0.7	2.0	97451.1	-999.9
Ntarla	1984	9	2	246	22.3	30.8	21.2	-999.9	0.0	2.2	97520.2	-999.9
Ntarla	1984	9	3	247	22.2	31.9	24.0	-999.9	0.0	1.9	97599.3	-999.9
Ntarla	1984	9	4	248	22.1	30.4	19.9	-999.9	0.0	2.4	97507.8	-999.9
Ntarla	1984	9	5	249	21.8	28.3	17.8	-999.9	2.0	2.4	97362.4	-999.9
Ntarla	1984	9	6	250	21.9	29.4	19.8	-999.9	14.9	1.5	97406.8	-999.9
Ntarla	1984	9	7	251	22.0	29.4	21.0	-999.9	1.4	1.5	97519.1	-999.9
Ntarla	1984	9	8	252	22.3	29.9	20.1	-999.9	0.0	1.0	97507.4	-999.9
Ntarla	1984	9	9	253	22.5	30.6	22.9	-999.9	0.0	2.1	97239.0	-999.9
Ntarla	1984	9	10	254	23.1	31.1	21.8	-999.9	0.0	2.1	97128.4	-999.9
Ntarla	1984	9	11	255	22.0	30.0	19.4	-999.9	19.3	1.7	97228.6	-999.9
Ntarla	1984	9	12	256	22.3	27.2	13.6	-999.9	16.9	1.2	97305.2	-999.9
Ntarla	1984	9	13	257	21.5	28.7	16.2	-999.9	0.0	1.6	97342.0	-999.9
Ntarla	1984	9	14	258	20.8	30.5	23.2	-999.9	0.0	1.7	97252.8	-999.9
Ntarla	1984	9	15	259	21.5	27.9	14.5	-999.9	16.9	1.2	97296.8	-999.9
Ntarla	1984	9	16	260	21.6	30.5	23.1	-999.9	0.0	1.5	97310.7	-999.9
Ntarla	1984	9	17	261	22.6	33.2	23.8	-999.9	3.0	1.8	97212.2	-999.9
Ntarla	1984	9	18	262	22.9	29.8	19.7	-999.9	0.0	2.1	97318.2	-999.9
Ntarla	1984	9	19	263	21.9	28.5	18.7	-999.9	0.8	1.3	97223.9	-999.9
Ntarla	1984	9	20	264	21.7	30.8	22.4	-999.9	0.0	1.9	97151.2	-999.9
Ntarla	1984	9	21	265	22.5	31.3	21.4	-999.9	19.3	1.6	97185.2	-999.9
Ntarla	1984	9	22	266	22.2	29.3	19.0	-999.9	0.0	1.7	97354.5	-999.9
Ntarla	1984	9	23	267	21.1	31.5	23.8	-999.9	0.0	1.6	97301.4	-999.9
Ntarla	1984	9	24	268	22.7	32.8	23.9	-999.9	0.0	2.0	97122.0	-999.9
Ntarla	1984	9	25	269	23.4	32.7	22.3	-999.9	0.0	1.9	97158.0	-999.9
Ntarla	1984	9	26	270	22.2	33.3	23.5	-999.9	4.3	1.7	97216.4	-999.9
Ntarla	1984	9	27	271	23.3	32.9	21.9	-999.9	0.0	2.0	97249.4	-999.9
Ntarla	1984	9	28	272	22.7	28.9	16.4	-999.9	0.0	1.5	97340.8	-999.9
Ntarla	1984	9	29	273	22.2	30.5	19.1	-999.9	8.5	1.4	97407.5	-999.9
Ntarla	1984	9	30	274	21.9	28.0	13.0	-999.9	8.5	2.0	97492.2	-999.9
Ntarla	1984	10	1	275	21.3	27.7	14.0	-999.9	2.7	2.0	97445.9	-999.9
Ntarla	1984	10	2	276	21.1	28.2	15.4	-999.9	16.5	1.5	97372.1	-999.9
Ntarla	1984	10	3	277	21.2	26.8	12.9	-999.9	6.9	1.4	97437.7	-999.9
Ntarla	1984	10	4	278	21.6	30.2	20.3	-999.9	0.9	1.3	97438.1	-999.9
Ntarla	1984	10	5	279	21.7	31.5	22.6	-999.9	0.0	1.3	97384.2	-999.9
Ntarla	1984	10	6	280	23.1	31.9	21.8	-999.9	0.0	1.7	97366.0	-999.9
Ntarla	1984	10	7	281	23.1	32.8	21.9	-999.9	0.0	1.8	97386.0	-999.9
Ntarla	1984	10	8	282	22.1	30.6	20.4	-999.9	0.0	2.1	97407.4	-999.9
Ntarla	1984	10	9	283	21.9	31.0	20.6	-999.9	2.4	1.4	97466.6	-999.9
Ntarla	1984	10	10	284	21.4	30.3	19.1	-999.9	2.7	1.1	97586.5	-999.9
Ntarla	1984	10	11	285	20.0	32.0	23.7	-999.9	0.0	1.6	97563.6	-999.9
Ntarla	1984	10	12	286	19.3	31.7	22.2	-999.9	0.0	1.6	97358.8	-999.9
Ntarla	1984	10	13	287	22.1	31.8	21.7	-999.9	0.0	1.8	97307.1	-999.9
Ntarla	1984	10	14	288	22.1	32.8	22.1	-999.9	9.4	1.4	97324.3	-999.9
Ntarla	1984	10	15	289	22.1	30.8	18.2	-999.9	0.0	1.1	97381.8	-999.9
Ntarla	1984	10	16	290	22.8	35.2	21.4	-999.9	0.0	1.8	97255.9	-999.9
Ntarla	1984	10	17	291	24.0	32.9	19.9	-999.9	4.4	2.1	97344.3	-999.9
Ntarla	1984	10	18	292	22.6	34.9	22.1	-999.9	0.0	1.7	97269.0	-999.9
Ntarla	1984	10	19	293	23.1	34.7	21.1	-999.9	0.0	1.4	97276.1	-999.9
Ntarla	1984	10	20	294	22.8	35.7	21.5	-999.9	0.0	1.4	97335.8	-999.9
Ntarla	1984	10	21	295	23.8	36.4	20.1	-999.9	0.0	1.4	97230.0	-999.9
Ntarla	1984	10	22	296	23.6	35.7	20.4	-999.9	0.0	1.6	97227.7	-999.9
Ntarla	1984	10	23	297	24.0	35.9	20.7	-999.9	0.0	1.4	97208.3	-999.9
Ntarla	1984	10	24	298	23.4	35.4	20.5	-999.9	0.0	1.5	97147.8	-999.9
Ntarla	1984	10	25	299	22.6	34.7	19.8	-999.9	0.0	1.7	97156.1	-999.9
Ntarla	1984	10	26	300	23.6	35.3	19.7	-999.9	0.0	1.5	97099.0	-999.9
Ntarla	1984	10	27	301	23.7	37.4	22.7	-999.9	0.0	1.6	96997.4	-999.9
Ntarla	1984	10	28	302	21.8	36.4	20.6	-999.9	0.0	1.4	97009.3	-999.9
Ntarla	1984	10	29	303	22.4	36.5	20.7	-999.9	0.0	1.9	96904.1	-999.9
Ntarla	1984	10	30	304	22.7	35.4	20.6	-999.9	0.0	2.0	96935.5	-999.9
Ntarla	1984	10	31	305	24.1	35.4	20.1	-999.9	0.0	1.5	97093.4	-999.9
Ntarla	1984	11	1	306	23.4	37.3	21.7	-999.9	0.9	1.8	97112.4	-999.9
Ntarla	1984	11	2	307	26.6	37.0	21.6	-999.9	0.0	2.3	97181.8	-999.9
Ntarla	1984	11	3	308	24.8	37.1	22.0	-999.9	0.0	3.1	97216.3	-999.9
Ntarla	1984	11	4	309	23.3	36.0	22.1	-999.9	0.0	2.5	97235.8	-999.9
Ntarla	1984	11	5	310	22.3	35.6	22.1	-999.9	0.0	2.4	97121.9	-999.9
Ntarla	1984	11	6	311	22.0	35.6	21.8	-999.9	0.0	1.7	97109.2	-999.9
Ntarla	1984	11	7	312	21.9	35.9	21.9	-999.9	0.4	1.9	97203.7	-999.9
Ntarla	1984	11	8	313	23.0	36.0	20.1	-999.9	0.0	1.4	97155.2	-999.9
Ntarla	1984	11	9	314	25.1	35.1	18.9	-999.9	0.0	1.7	97032.0	-999.9
Ntarla	1984	11	10	315	24.2	35.3	18.2	-999.9	0.5	1.7	96959.2	-999.9
Ntarla	1984	11	11	316	23.1	35.2	20.8	-999.9	0.0	1.8	97058.9	-999.9
Ntarla	1984	11	12	317	23.1	33.6	18.2	-999.9	0.0	1.3	97269.8	-999.9
Ntarla	1984	11	13	318	23.5	33.5	18.6	-999.9	0.0	1.4	97339.8	-999.9
Ntarla	1984	11	14	319	22.8	33.1	18.5	-999.9	0.4	1.1	97366.2	-999.9
Ntarla	1984	11	15	320	21.6	30.6	17.0	-999.9	0.0	1.7	97364.7	-999.9
Ntarla	1984	11	16	321	21.8	32.5	18.5	-999.9	0.0	2.1	97429.8	-999.9
Ntarla	1984	11	17	322	21.9	33.8	20.0	-999.9	0.0	2.6	97464.4	-999.9
Ntarla	1984	11	18	323	22.0	33.9	20.4	-999.9	0.0	3.2	97467.7	-999.9
Ntarla	1984	11	19	324	22.8	35.0	20.5	-999.9	0.0	3.2	97426.0	-999.9
Ntarla	1984	11	20	325	23.1	35.4	20.6	-999.9	0.0	2.3	97471.1	-999.9
Ntarla	1984	11	21	326	19.8	35.0	19.5	-999.9	0.0	1.4	97410.3	-999.9
Ntarla	1984	11	22	327	20.0	36.0	21.2	-999.9	0.0	2.6	97363.6	-999.9
Ntarla	1984	11	23	328	20.8	36.0	21.2	-999.9	0.0	2.6	97434.0	-999.9
Ntarla	1984	11	24	329	21.0	35.8	21.3	-999.9	0.0	2.6	97438.2	-999.9
Ntarla	1984	11	25	330	21.1	35.8	21.3	-999.9	0.0	2.4	97455.3	-999.9
Ntarla	1984	11	26	331	19.5	34.8	21.3	-999.9	0.0	2.0	97431.2	-999.9
Ntarla	1984	11	27	332	18.1	34.1	21.2	-999.9	0.0	1.8	97479.9	-999.9
Ntarla	1984	11	28	333	18.0	34.0	21.1	-999.9	0.0	1.4	97379.3	-999.9
Ntarla	1984	11	29	334	17.8	34.5	20.8	-999.9	0.0	0.9	97260.7	-999.9
Ntarla	1984	11	30	335	18.4	34.3	20.7	-999.9	0.0	1.7	97314.6	-999.9
Ntarla	1984	12	1	336	19.1	34.5	20.7	-999.9	0.0	2.2	97395.9	-999.9
Ntarla	1984	12	2	337	20.0	34.4	20.7	-999.9	0.0	2.4	97379.8	-999.9
Ntarla	1984	12	3	338	18.8	33.9	20.7	-999.9	0.0	2.2	97339.5	-999.9
Ntarla	1984	12	4	339	19.1	33.4	20.7	-999.9	0.5	2.2	97409.9	-999.9
Ntarla	1984	12	5	340	16.5	33.1	20.7	-999.9	0.0	2.0	97418.1	-999.9
Ntarla	1984	12	6	341	17.2	33.2	20.7	-999.9	0.0	1.9	97353.3	-999.9
Ntarla	1984	12	7	342	16.9	33.4	20.4	-999.9	0.0	1.8	97357.5	-999.9
Ntarla	1984	12	8	343	18.1	33.6	19.8	-999.9	0.4	1.7	97413.8	-999.9
Ntarla	1984	12	9	344	20.7	34.0	19.8	-999.9	0.0	2.4	97390.8	-999.9
Ntarla	1984	12	10	345	20.5	33.3	20.4	-999.9	0.0	2.8	97380.3	-999.9
Ntarla	1984	12	11	346	19.7	32.3	19.6	-999.9	0.0	2.7	97400.7	-999.9
Ntarla	1984	12	12	347	18.3	31.9	20.5	-999.9	0.0	2.6	97446.7	-999.9
Ntarla	1984	12	13	348	17.8	31.0	20.1	-999.9	0.0	2.5	97379.4	-999.9
Ntarla	1984	12	14	349	17.4	32.2	20.3	-999.9	0.0	1.7	97307.4	-999.9
Ntarla	1984	12	15	350	17.8	32.8	20.1	-999.9	0.0	1.9	97329.8	-999.9
Ntarla	1984	12	16	351	17.4	32.6	20.3	-999.9	0.0	1.9	97328.1	-999.9
Ntarla	1984	12	17	352	15.9	32.4	20.4	-999.9	0.0	1.9	97295.7	-999.9
Ntarla	1984	12	18	353	16.0	32.3	20.3	-999.9	0.0	2.2	97265.2	-999.9
Ntarla	1984	12	19	354	16.1	31.9	20.4	-999.9	0.0	2.3	97280.8	-999.9
Ntarla	1984	12	20	355	16.5	31.4	19.3	-999.9	0.0	2.3	97328.9	-999.9
Ntarla	1984	12	21	356	16.5	29.8	20.5	-999.9	0.0	2.5	97263.4	-999.9
Ntarla	1984	12	22	357	15.0	28.6	20.6	-999.9	0.0	2.2	97114.3	-999.9
Ntarla	1984	12	23	358	14.3	28.7	20.5	-999.9	0.0	1.9	97084.5	-999.9
Ntarla	1984	12	24	359	15.1	30.0	20.0	-999.9	0.0	1.8	97165.9	-999.9
Ntarla	1984	12	25	360	15.6	31.1	20.1	-999.9	0.0	2.1	97269.1	-999.9
Ntarla	1984	12	26	361	16.5	32.1	20.2	-999.9	0.0	2.2	97353.4	-999.9
Ntarla	1984	12	27	362	17.7	33.1	20.0	-999.9	0.0	2.4	97404.0	-999.9
Ntarla	1984	12	28	363	19.6	33.0	19.7	-999.9	0.0	2.5	97441.9	-999.9
Ntarla	1984	12	29	364	18.3	31.6	18.5	-999.9	0.1	2.9	97448.4	-999.9
Ntarla	1984	12	30	365	16.8	29.2	16.6	-999.9	0.2	2.7	97485.2	-999.9
Ntarla	1984	12	31	366	15.5	29.4	20.3	-999.9	0.0	2.5	97459.7	-999.9
