Ntarla	2020	1	1	1	16.0	30.5	20.7	-999.9	0.0	2.8	97601.7	-999.9
Ntarla	2020	1	2	2	15.3	29.1	20.7	-999.9	0.0	2.9	97702.6	-999.9
Ntarla	2020	1	3	3	14.1	27.4	20.8	-999.9	0.0	2.8	97823.3	-999.9
Ntarla	2020	1	4	4	13.2	27.5	20.9	-999.9	0.0	2.3	97773.1	-999.9
Ntarla	2020	1	5	5	13.3	28.7	20.9	-999.9	0.0	2.0	97612.0	-999.9
Ntarla	2020	1	6	6	13.5	29.2	20.9	-999.9	0.0	2.0	97489.7	-999.9
Ntarla	2020	1	7	7	13.9	30.3	20.5	-999.9	0.0	2.0	97395.0	-999.9
Ntarla	2020	1	8	8	15.5	32.6	20.4	-999.9	0.0	1.6	97445.2	-999.9
Ntarla	2020	1	9	9	18.5	33.3	20.1	-999.9	0.0	2.3	97496.8	-999.9
Ntarla	2020	1	10	10	19.5	33.1	20.3	-999.9	0.0	2.8	97581.6	-999.9
Ntarla	2020	1	11	11	18.3	32.8	20.6	-999.9	0.0	2.5	97618.1	-999.9
Ntarla	2020	1	12	12	18.4	33.2	20.4	-999.9	0.0	2.7	97570.2	-999.9
Ntarla	2020	1	13	13	17.3	30.7	20.6	-999.9	0.0	3.1	97529.5	-999.9
Ntarla	2020	1	14	14	15.6	30.2	20.8	-999.9	0.0	2.6	97475.8	-999.9
Ntarla	2020	1	15	15	15.7	31.5	20.6	-999.9	0.0	2.2	97484.9	-999.9
Ntarla	2020	1	16	16	16.4	32.9	20.9	-999.9	0.0	2.2	97566.1	-999.9
Ntarla	2020	1	17	17	17.5	33.6	21.0	-999.9	0.0	2.5	97602.3	-999.9
Ntarla	2020	1	18	18	17.9	32.0	21.1	-999.9	0.0	2.7	97662.3	-999.9
Ntarla	2020	1	19	19	16.7	31.8	20.6	-999.9	0.0	2.1	97500.9	-999.9
Ntarla	2020	1	20	20	16.3	34.0	21.1	-999.9	0.0	1.4	97256.0	-999.9
Ntarla	2020	1	21	21	19.6	35.4	20.4	-999.9	0.0	1.8	97285.4	-999.9
Ntarla	2020	1	22	22	20.6	36.4	20.7	-999.9	0.0	2.2	97370.9	-999.9
Ntarla	2020	1	23	23	24.0	34.7	16.6	-999.9	0.1	2.9	97430.7	-999.9
Ntarla	2020	1	24	24	21.2	34.3	21.3	-999.9	0.0	3.2	97546.4	-999.9
Ntarla	2020	1	25	25	18.9	35.3	21.9	-999.9	0.0	2.6	97518.2	-999.9
Ntarla	2020	1	26	26	18.7	35.1	21.7	-999.9	0.0	2.4	97521.1	-999.9
Ntarla	2020	1	27	27	19.3	34.1	20.9	-999.9	0.0	2.7	97477.6	-999.9
Ntarla	2020	1	28	28	18.7	33.7	21.5	-999.9	0.0	2.2	97511.6	-999.9
Ntarla	2020	1	29	29	17.7	34.5	22.2	-999.9	0.0	2.5	97519.3	-999.9
Ntarla	2020	1	30	30	17.8	35.6	22.0	-999.9	0.0	2.6	97596.6	-999.9
Ntarla	2020	1	31	31	19.5	36.0	21.9	-999.9	0.0	2.7	97570.9	-999.9
Ntarla	2020	2	1	32	20.2	35.7	22.0	-999.9	0.0	2.7	97539.0	-999.9
Ntarla	2020	2	2	33	19.1	34.6	22.2	-999.9	0.0	2.7	97620.9	-999.9
Ntarla	2020	2	3	34	18.8	33.2	22.4	-999.9	0.0	2.4	97665.6	-999.9
Ntarla	2020	2	4	35	18.1	33.1	22.5	-999.9	0.0	2.5	97644.5	-999.9
Ntarla	2020	2	5	36	18.1	33.2	22.6	-999.9	0.0	2.6	97534.6	-999.9
Ntarla	2020	2	6	37	18.3	33.3	22.5	-999.9	0.0	2.6	97522.4	-999.9
Ntarla	2020	2	7	38	18.0	33.1	22.8	-999.9	0.0	2.5	97595.5	-999.9
Ntarla	2020	2	8	39	16.4	33.1	23.0	-999.9	0.0	2.4	97562.0	-999.9
Ntarla	2020	2	9	40	17.7	33.8	22.6	-999.9	0.0	2.2	97514.7	-999.9
Ntarla	2020	2	10	41	22.2	35.2	20.7	-999.9	0.0	2.9	97543.2	-999.9
Ntarla	2020	2	11	42	23.8	33.4	21.1	-999.9	0.0	3.9	97714.5	-999.9
Ntarla	2020	2	12	43	20.0	34.1	22.3	-999.9	0.0	2.9	97606.1	-999.9
Ntarla	2020	2	13	44	20.4	33.5	20.8	-999.9	0.0	2.8	97509.8	-999.9
Ntarla	2020	2	14	45	18.6	34.1	23.0	-999.9	0.0	2.6	97414.1	-999.9
Ntarla	2020	2	15	46	17.7	35.2	23.0	-999.9	0.0	2.3	97345.2	-999.9
Ntarla	2020	2	16	47	18.4	35.8	23.2	-999.9	0.9	2.4	97364.0	-999.9
Ntarla	2020	2	17	48	18.5	36.4	23.4	-999.9	0.0	2.3	97347.9	-999.9
Ntarla	2020	2	18	49	20.3	36.6	23.1	-999.9	0.0	2.2	97329.3	-999.9
Ntarla	2020	2	19	50	19.9	37.4	23.3	-999.9	0.0	2.1	97183.7	-999.9
Ntarla	2020	2	20	51	20.6	37.3	23.2	-999.9	0.0	2.1	97090.3	-999.9
Ntarla	2020	2	21	52	22.0	37.6	22.6	-999.9	0.0	2.5	97122.9	-999.9
Ntarla	2020	2	22	53	22.6	37.8	23.2	-999.9	0.0	2.7	97238.0	-999.9
Ntarla	2020	2	23	54	23.3	37.8	20.4	-999.9	0.0	2.8	97340.1	-999.9
Ntarla	2020	2	24	55	24.0	37.7	23.3	-999.9	0.0	3.4	97373.2	-999.9
Ntarla	2020	2	25	56	23.9	36.2	23.4	-999.9	0.0	3.3	97356.0	-999.9
Ntarla	2020	2	26	57	21.4	36.3	23.5	-999.9	0.0	2.4	97257.2	-999.9
Ntarla	2020	2	27	58	21.1	36.3	23.7	-999.9	0.0	2.3	97294.4	-999.9
Ntarla	2020	2	28	59	21.3	36.5	23.9	-999.9	0.0	2.4	97354.6	-999.9
Ntarla	2020	2	29	60	21.2	37.1	24.0	-999.9	0.0	2.6	97297.8	-999.9
Ntarla	2020	3	1	61	21.2	36.9	24.2	-999.9	0.0	2.5	97234.2	-999.9
Ntarla	2020	3	2	62	21.2	37.5	24.3	-999.9	0.0	2.2	97324.9	-999.9
Ntarla	2020	3	3	63	21.8	38.4	24.4	-999.9	0.0	2.7	97390.9	-999.9
Ntarla	2020	3	4	64	22.8	38.5	24.5	-999.9	0.0	2.8	97390.4	-999.9
Ntarla	2020	3	5	65	21.7	38.6	24.8	-999.9	0.0	2.5	97297.2	-999.9
Ntarla	2020	3	6	66	20.0	38.2	25.0	-999.9	0.0	1.9	97173.4	-999.9
Ntarla	2020	3	7	67	20.3	38.6	25.0	-999.9	0.0	1.8	97088.9	-999.9
Ntarla	2020	3	8	68	18.9	38.2	24.9	-999.9	0.0	1.9	97153.3	-999.9
Ntarla	2020	3	9	69	21.5	38.6	24.5	-999.9	0.0	2.5	97147.2	-999.9
Ntarla	2020	3	10	70	22.2	37.2	22.3	-999.9	0.9	2.0	97199.3	-999.9
Ntarla	2020	3	11	71	23.9	37.3	21.4	-999.9	0.0	2.4	97224.2	-999.9
Ntarla	2020	3	12	72	25.3	38.4	24.5	-999.9	0.0	2.6	97161.0	-999.9
Ntarla	2020	3	13	73	23.0	38.4	25.0	-999.9	0.0	2.6	97142.4	-999.9
Ntarla	2020	3	14	74	23.2	38.8	25.0	-999.9	0.0	2.3	97155.5	-999.9
Ntarla	2020	3	15	75	23.6	38.8	24.2	-999.9	0.0	1.7	97051.1	-999.9
Ntarla	2020	3	16	76	28.0	38.4	21.4	-999.9	0.0	1.5	96963.2	-999.9
Ntarla	2020	3	17	77	27.5	38.6	21.7	-999.9	0.0	1.7	96970.4	-999.9
Ntarla	2020	3	18	78	26.1	38.4	22.0	-999.9	0.0	1.6	97044.6	-999.9
Ntarla	2020	3	19	79	27.0	38.5	22.6	-999.9	0.0	2.0	97034.9	-999.9
Ntarla	2020	3	20	80	27.9	37.6	21.1	-999.9	0.0	1.3	97038.1	-999.9
Ntarla	2020	3	21	81	26.9	36.8	21.2	-999.9	0.0	1.2	97122.0	-999.9
Ntarla	2020	3	22	82	25.0	39.1	24.5	-999.9	0.0	1.7	97057.7	-999.9
Ntarla	2020	3	23	83	25.9	37.8	21.8	-999.9	0.9	2.3	97105.8	-999.9
Ntarla	2020	3	24	84	27.5	37.7	22.8	-999.9	0.0	2.7	97149.9	-999.9
Ntarla	2020	3	25	85	24.6	36.2	21.1	-999.9	0.9	1.6	97247.4	-999.9
Ntarla	2020	3	26	86	24.6	37.4	25.1	-999.9	0.0	2.4	97135.4	-999.9
Ntarla	2020	3	27	87	23.5	38.3	24.1	-999.9	0.0	2.1	97104.9	-999.9
Ntarla	2020	3	28	88	26.5	38.6	23.0	-999.9	0.0	1.7	97118.4	-999.9
Ntarla	2020	3	29	89	28.6	37.2	16.7	-999.9	1.2	2.7	97176.2	-999.9
Ntarla	2020	3	30	90	27.9	40.2	25.2	-999.9	0.0	2.8	97001.0	-999.9
Ntarla	2020	3	31	91	28.1	40.5	25.4	-999.9	0.0	3.0	97029.4	-999.9
Ntarla	2020	4	1	92	27.4	40.9	25.6	-999.9	0.0	3.1	97143.1	-999.9
Ntarla	2020	4	2	93	26.7	40.4	25.9	-999.9	0.0	2.0	97117.7	-999.9
Ntarla	2020	4	3	94	25.2	40.7	25.4	-999.9	0.0	1.8	97002.9	-999.9
Ntarla	2020	4	4	95	25.2	40.6	25.9	-999.9	0.0	1.6	97052.8	-999.9
Ntarla	2020	4	5	96	25.1	40.2	25.2	-999.9	0.0	2.1	97166.3	-999.9
Ntarla	2020	4	6	97	27.0	41.7	25.6	-999.9	0.0	2.2	97099.5	-999.9
Ntarla	2020	4	7	98	24.7	40.7	24.5	-999.9	0.0	1.8	97089.6	-999.9
Ntarla	2020	4	8	99	25.2	40.9	24.8	-999.9	0.0	1.6	96978.4	-999.9
Ntarla	2020	4	9	100	25.9	38.2	21.0	-999.9	2.1	2.0	97057.7	-999.9
Ntarla	2020	4	10	101	27.1	38.3	20.8	-999.9	2.1	2.0	97092.3	-999.9
Ntarla	2020	4	11	102	26.6	38.6	23.8	-999.9	0.0	2.3	97149.7	-999.9
Ntarla	2020	4	12	103	26.0	39.5	23.6	-999.9	0.0	2.6	97231.7	-999.9
Ntarla	2020	4	13	104	27.9	38.4	21.7	-999.9	0.0	2.0	97132.6	-999.9
Ntarla	2020	4	14	105	25.7	37.2	22.0	-999.9	5.8	1.7	97170.3	-999.9
Ntarla	2020	4	15	106	26.4	36.7	23.9	-999.9	0.0	3.7	97351.1	-999.9
Ntarla	2020	4	16	107	25.5	38.9	24.3	-999.9	0.0	2.5	97259.9	-999.9
Ntarla	2020	4	17	108	27.9	41.9	25.9	-999.9	0.0	3.0	96922.2	-999.9
Ntarla	2020	4	18	109	27.2	40.6	24.6	-999.9	0.0	3.1	96939.8	-999.9
Ntarla	2020	4	19	110	28.9	38.9	22.7	-999.9	0.0	2.6	97107.4	-999.9
Ntarla	2020	4	20	111	27.4	34.6	18.2	-999.9	9.2	2.7	97320.0	-999.9
Ntarla	2020	4	21	112	25.2	37.4	24.3	-999.9	0.0	1.5	97218.0	-999.9
Ntarla	2020	4	22	113	27.3	38.2	24.0	-999.9	0.0	1.5	97036.9	-999.9
Ntarla	2020	4	23	114	27.4	38.8	24.2	-999.9	7.4	2.6	97023.9	-999.9
Ntarla	2020	4	24	115	26.5	38.8	22.9	-999.9	0.0	2.3	97093.6	-999.9
Ntarla	2020	4	25	116	27.7	38.9	23.5	-999.9	0.0	2.5	97089.5	-999.9
Ntarla	2020	4	26	117	29.0	40.6	23.6	-999.9	0.0	2.2	97082.3	-999.9
Ntarla	2020	4	27	118	26.5	38.6	23.6	-999.9	0.0	2.0	97231.4	-999.9
Ntarla	2020	4	28	119	26.6	37.9	22.4	-999.9	0.0	2.1	97257.6	-999.9
Ntarla	2020	4	29	120	28.7	40.1	23.6	-999.9	0.0	2.2	97253.4	-999.9
Ntarla	2020	4	30	121	28.4	40.1	24.7	-999.9	0.0	2.3	97287.9	-999.9
Ntarla	2020	5	1	122	27.7	39.7	24.8	-999.9	0.0	2.5	97334.6	-999.9
Ntarla	2020	5	2	123	28.8	40.1	24.0	-999.9	0.0	2.0	97224.1	-999.9
Ntarla	2020	5	3	124	26.0	40.2	25.3	-999.9	0.0	1.8	97039.8	-999.9
Ntarla	2020	5	4	125	26.9	39.7	25.0	-999.9	0.0	2.6	97038.2	-999.9
Ntarla	2020	5	5	126	27.7	37.5	20.7	-999.9	0.0	2.4	97162.1	-999.9
Ntarla	2020	5	6	127	27.9	39.0	23.3	-999.9	0.0	1.7	97135.1	-999.9
Ntarla	2020	5	7	128	28.3	39.4	24.1	-999.9	0.0	2.3	96997.8	-999.9
Ntarla	2020	5	8	129	28.7	39.4	24.4	-999.9	0.0	2.6	97030.0	-999.9
Ntarla	2020	5	9	130	29.9	38.1	22.2	-999.9	3.2	2.6	97119.2	-999.9
Ntarla	2020	5	10	131	28.0	37.2	21.6	-999.9	1.6	2.5	97191.2	-999.9
Ntarla	2020	5	11	132	25.8	35.9	21.1	-999.9	0.0	2.6	97260.4	-999.9
Ntarla	2020	5	12	133	27.1	36.5	22.0	-999.9	0.0	2.2	97325.1	-999.9
Ntarla	2020	5	13	134	27.3	37.8	24.6	-999.9	0.0	2.2	97266.5	-999.9
Ntarla	2020	5	14	135	26.7	36.9	22.9	-999.9	2.6	1.9	97281.1	-999.9
Ntarla	2020	5	15	136	27.8	36.4	19.2	-999.9	5.3	2.4	97287.1	-999.9
Ntarla	2020	5	16	137	28.1	37.4	21.6	-999.9	0.0	2.3	97186.6	-999.9
Ntarla	2020	5	17	138	27.7	37.9	23.5	-999.9	0.0	2.4	97213.3	-999.9
Ntarla	2020	5	18	139	26.1	37.8	24.8	-999.9	0.0	3.0	97305.9	-999.9
Ntarla	2020	5	19	140	28.3	38.1	24.2	-999.9	0.0	2.4	97327.7	-999.9
Ntarla	2020	5	20	141	28.3	38.1	24.0	-999.9	0.0	2.3	97297.3	-999.9
Ntarla	2020	5	21	142	27.7	37.7	23.5	-999.9	0.0	2.1	97315.5	-999.9
Ntarla	2020	5	22	143	26.3	37.8	23.5	-999.9	0.0	2.0	97267.1	-999.9
Ntarla	2020	5	23	144	26.8	37.8	23.8	-999.9	0.1	2.2	97276.9	-999.9
Ntarla	2020	5	24	145	26.9	37.9	24.9	-999.9	0.3	2.3	97267.5	-999.9
Ntarla	2020	5	25	146	28.0	37.2	23.2	-999.9	0.5	1.9	97279.4	-999.9
Ntarla	2020	5	26	147	27.4	37.8	21.8	-999.9	0.0	2.0	97329.4	-999.9
Ntarla	2020	5	27	148	24.8	35.8	20.8	-999.9	10.7	2.1	97426.0	-999.9
Ntarla	2020	5	28	149	26.1	34.8	20.2	-999.9	0.0	1.6	97397.0	-999.9
Ntarla	2020	5	29	150	27.1	36.4	22.9	-999.9	3.6	1.6	97262.3	-999.9
Ntarla	2020	5	30	151	26.4	35.9	23.5	-999.9	0.0	2.1	97281.0	-999.9
Ntarla	2020	5	31	152	24.8	32.2	18.9	-999.9	10.7	1.9	97492.9	-999.9
Ntarla	2020	6	1	153	25.5	34.5	24.4	-999.9	27.7	1.9	97514.6	-999.9
Ntarla	2020	6	2	154	26.0	34.9	20.2	-999.9	1.1	3.2	97391.0	-999.9
Ntarla	2020	6	3	155	25.1	36.1	24.8	-999.9	0.0	2.5	97281.9	-999.9
Ntarla	2020	6	4	156	26.6	36.7	25.0	-999.9	0.0	2.6	97237.3	-999.9
Ntarla	2020	6	5	157	27.4	36.7	24.1	-999.9	2.9	2.6	97335.5	-999.9
Ntarla	2020	6	6	158	25.0	35.1	23.4	-999.9	11.9	2.0	97417.4	-999.9
Ntarla	2020	6	7	159	26.1	35.4	24.5	-999.9	11.9	2.2	97518.0	-999.9
Ntarla	2020	6	8	160	25.6	34.3	20.9	-999.9	0.0	2.0	97420.0	-999.9
Ntarla	2020	6	9	161	25.3	36.2	24.5	-999.9	5.9	2.0	97327.1	-999.9
Ntarla	2020	6	10	162	24.7	34.2	23.6	-999.9	0.0	2.2	97374.9	-999.9
Ntarla	2020	6	11	163	25.4	35.0	24.6	-999.9	0.0	2.2	97443.9	-999.9
Ntarla	2020	6	12	164	25.7	35.8	24.4	-999.9	0.3	2.3	97262.0	-999.9
Ntarla	2020	6	13	165	26.0	35.2	23.1	-999.9	1.3	1.8	97283.7	-999.9
Ntarla	2020	6	14	166	26.6	33.8	22.7	-999.9	6.5	2.4	97470.1	-999.9
Ntarla	2020	6	15	167	25.4	35.2	24.2	-999.9	0.0	1.8	97490.7	-999.9
Ntarla	2020	6	16	168	25.9	36.8	25.2	-999.9	0.0	2.2	97333.4	-999.9
Ntarla	2020	6	17	169	28.2	37.7	24.2	-999.9	0.0	3.2	97085.4	-999.9
Ntarla	2020	6	18	170	24.4	32.6	20.6	-999.9	19.7	2.8	97335.1	-999.9
Ntarla	2020	6	19	171	24.8	32.7	22.8	-999.9	9.9	1.9	97572.7	-999.9
Ntarla	2020	6	20	172	25.2	32.8	22.8	-999.9	0.0	1.5	97653.9	-999.9
Ntarla	2020	6	21	173	24.7	35.4	24.8	-999.9	0.0	2.1	97358.6	-999.9
Ntarla	2020	6	22	174	26.5	34.3	24.7	-999.9	4.7	2.8	97188.3	-999.9
Ntarla	2020	6	23	175	26.1	34.2	23.3	-999.9	4.7	2.2	97232.5	-999.9
Ntarla	2020	6	24	176	26.0	33.1	23.0	-999.9	4.7	1.8	97293.3	-999.9
Ntarla	2020	6	25	177	26.2	33.7	23.0	-999.9	0.0	1.9	97310.8	-999.9
Ntarla	2020	6	26	178	25.2	35.6	24.2	-999.9	9.0	2.0	97238.1	-999.9
Ntarla	2020	6	27	179	26.1	35.4	24.9	-999.9	0.0	2.7	97122.0	-999.9
Ntarla	2020	6	28	180	26.5	34.5	22.5	-999.9	4.5	2.6	97193.8	-999.9
Ntarla	2020	6	29	181	24.3	33.8	22.0	-999.9	4.5	2.4	97224.3	-999.9
Ntarla	2020	6	30	182	25.4	32.0	19.0	-999.9	4.5	1.9	97283.2	-999.9
Ntarla	2020	7	1	183	24.5	32.2	22.8	-999.9	4.5	1.3	97311.7	-999.9
Ntarla	2020	7	2	184	25.2	32.7	23.8	-999.9	9.0	1.6	97291.9	-999.9
Ntarla	2020	7	3	185	26.1	33.4	21.1	-999.9	9.0	2.4	97219.1	-999.9
Ntarla	2020	7	4	186	25.9	33.8	22.6	-999.9	0.0	3.2	97148.9	-999.9
Ntarla	2020	7	5	187	23.7	30.6	15.7	-999.9	4.5	2.5	97289.2	-999.9
Ntarla	2020	7	6	188	24.0	31.2	22.0	-999.9	0.0	1.8	97369.6	-999.9
Ntarla	2020	7	7	189	24.9	35.9	24.6	-999.9	0.0	2.5	97119.9	-999.9
Ntarla	2020	7	8	190	24.4	35.5	24.9	-999.9	15.7	3.3	96947.1	-999.9
Ntarla	2020	7	9	191	24.1	33.0	19.6	-999.9	7.9	3.0	97149.5	-999.9
Ntarla	2020	7	10	192	23.9	29.0	13.2	-999.9	0.0	2.3	97305.7	-999.9
Ntarla	2020	7	11	193	23.0	27.5	10.7	-999.9	26.9	1.8	97413.0	-999.9
Ntarla	2020	7	12	194	23.2	30.0	19.7	-999.9	0.0	1.8	97506.0	-999.9
Ntarla	2020	7	13	195	24.0	28.7	12.5	-999.9	17.9	2.4	97461.5	-999.9
Ntarla	2020	7	14	196	23.4	30.7	20.4	-999.9	0.0	2.5	97246.0	-999.9
Ntarla	2020	7	15	197	23.9	29.5	18.2	-999.9	17.9	2.5	97283.1	-999.9
Ntarla	2020	7	16	198	22.8	26.4	10.1	-999.9	21.8	1.6	97431.9	-999.9
Ntarla	2020	7	17	199	22.8	29.6	17.2	-999.9	0.2	1.3	97311.0	-999.9
Ntarla	2020	7	18	200	22.9	28.3	17.1	-999.9	1.2	2.2	97345.0	-999.9
Ntarla	2020	7	19	201	21.9	29.4	20.5	-999.9	1.5	1.6	97320.2	-999.9
Ntarla	2020	7	20	202	22.9	29.7	19.2	-999.9	7.2	1.6	97225.5	-999.9
Ntarla	2020	7	21	203	22.4	30.5	20.8	-999.9	0.0	1.8	97333.1	-999.9
Ntarla	2020	7	22	204	23.4	30.4	22.4	-999.9	23.0	1.8	97367.9	-999.9
Ntarla	2020	7	23	205	23.6	31.1	22.0	-999.9	5.8	1.4	97285.5	-999.9
Ntarla	2020	7	24	206	24.0	30.5	22.0	-999.9	17.3	2.5	97239.6	-999.9
Ntarla	2020	7	25	207	24.2	29.6	19.5	-999.9	11.5	2.4	97251.2	-999.9
Ntarla	2020	7	26	208	23.1	30.1	20.5	-999.9	0.0	2.1	97300.6	-999.9
Ntarla	2020	7	27	209	23.2	27.1	9.6	-999.9	31.1	1.7	97434.8	-999.9
Ntarla	2020	7	28	210	22.9	28.5	15.6	-999.9	15.5	1.5	97400.3	-999.9
Ntarla	2020	7	29	211	22.3	28.7	17.8	-999.9	0.0	1.9	97377.1	-999.9
Ntarla	2020	7	30	212	22.9	29.9	20.5	-999.9	0.0	2.0	97477.2	-999.9
Ntarla	2020	7	31	213	23.6	30.7	20.3	-999.9	23.3	1.9	97449.9	-999.9
Ntarla	2020	8	1	214	23.6	28.7	14.7	-999.9	0.0	1.8	97447.2	-999.9
Ntarla	2020	8	2	215	23.2	29.9	20.6	-999.9	0.0	2.4	97520.6	-999.9
Ntarla	2020	8	3	216	24.0	27.7	13.6	-999.9	17.8	2.4	97601.0	-999.9
Ntarla	2020	8	4	217	23.1	27.2	12.0	-999.9	0.0	1.6	97637.6	-999.9
Ntarla	2020	8	5	218	22.5	29.2	20.4	-999.9	0.0	2.7	97565.9	-999.9
Ntarla	2020	8	6	219	22.9	29.0	17.9	-999.9	0.0	2.3	97497.5	-999.9
Ntarla	2020	8	7	220	23.6	29.5	17.3	-999.9	11.5	1.7	97522.7	-999.9
Ntarla	2020	8	8	221	23.3	27.2	11.7	-999.9	0.0	2.3	97566.9	-999.9
Ntarla	2020	8	9	222	22.9	28.5	16.8	-999.9	0.0	2.2	97554.8	-999.9
Ntarla	2020	8	10	223	23.1	29.8	19.1	-999.9	11.5	2.5	97347.7	-999.9
Ntarla	2020	8	11	224	23.1	28.2	11.0	-999.9	32.0	2.3	97268.6	-999.9
Ntarla	2020	8	12	225	22.7	26.2	10.7	-999.9	0.0	2.0	97447.6	-999.9
Ntarla	2020	8	13	226	22.3	29.8	19.8	-999.9	0.0	1.7	97519.5	-999.9
Ntarla	2020	8	14	227	23.4	30.4	19.3	-999.9	0.0	1.9	97356.9	-999.9
Ntarla	2020	8	15	228	22.6	29.2	15.4	-999.9	48.0	1.6	97143.5	-999.9
Ntarla	2020	8	16	229	23.2	29.3	17.1	-999.9	9.1	2.0	97197.3	-999.9
Ntarla	2020	8	17	230	23.1	30.7	20.3	-999.9	0.0	1.5	97228.9	-999.9
Ntarla	2020	8	18	231	23.8	31.8	23.4	-999.9	18.2	1.4	97199.1	-999.9
Ntarla	2020	8	19	232	23.1	29.5	19.5	-999.9	27.4	2.0	97136.8	-999.9
Ntarla	2020	8	20	233	22.4	30.4	22.8	-999.9	9.1	1.4	97166.8	-999.9
Ntarla	2020	8	21	234	23.2	29.9	19.2	-999.9	0.0	2.1	97222.2	-999.9
Ntarla	2020	8	22	235	23.4	27.9	11.4	-999.9	16.3	1.7	97335.5	-999.9
Ntarla	2020	8	23	236	23.0	29.2	21.3	-999.9	0.0	2.3	97326.0	-999.9
Ntarla	2020	8	24	237	23.4	28.8	19.2	-999.9	8.1	2.5	97283.2	-999.9
Ntarla	2020	8	25	238	22.5	24.7	6.7	-999.9	16.3	2.5	97207.4	-999.9
Ntarla	2020	8	26	239	21.5	28.1	17.0	-999.9	0.0	2.0	97399.8	-999.9
Ntarla	2020	8	27	240	21.9	29.1	16.4	-999.9	16.4	1.9	97471.1	-999.9
Ntarla	2020	8	28	241	23.0	28.5	16.2	-999.9	24.6	2.3	97232.7	-999.9
Ntarla	2020	8	29	242	21.8	28.2	17.6	-999.9	0.0	2.5	97154.2	-999.9
Ntarla	2020	8	30	243	22.2	27.4	14.5	-999.9	16.4	2.5	97224.2	-999.9
Ntarla	2020	8	31	244	22.2	27.0	10.9	-999.9	24.6	1.8	97364.1	-999.9
Ntarla	2020	9	1	245	22.3	28.4	18.4	-999.9	10.9	2.6	97325.5	-999.9
Ntarla	2020	9	2	246	22.1	29.2	18.7	-999.9	21.8	1.9	97245.3	-999.9
Ntarla	2020	9	3	247	22.4	28.5	15.6	-999.9	21.8	1.3	97279.0	-999.9
Ntarla	2020	9	4	248	22.1	28.3	16.2	-999.9	0.0	1.9	97508.5	-999.9
Ntarla	2020	9	5	249	22.1	28.6	16.5	-999.9	10.9	2.1	97415.7	-999.9
Ntarla	2020	9	6	250	22.3	28.5	17.5	-999.9	0.0	2.0	97236.3	-999.9
Ntarla	2020	9	7	251	22.3	29.0	20.7	-999.9	0.0	1.7	97204.6	-999.9
Ntarla	2020	9	8	252	22.4	25.3	10.0	-999.9	30.3	1.7	97230.5	-999.9
Ntarla	2020	9	9	253	22.2	29.4	16.6	-999.9	0.0	1.8	97396.7	-999.9
Ntarla	2020	9	10	254	22.8	27.8	11.7	-999.9	22.7	1.5	97340.8	-999.9
Ntarla	2020	9	11	255	21.3	29.5	19.5	-999.9	0.0	1.7	97318.9	-999.9
Ntarla	2020	9	12	256	22.5	29.8	20.9	-999.9	0.0	1.7	97430.5	-999.9
Ntarla	2020	9	13	257	22.0	31.0	22.7	-999.9	19.6	1.3	97479.6	-999.9
Ntarla	2020	9	14	258	22.2	30.8	23.5	-999.9	0.0	1.3	97514.5	-999.9
Ntarla	2020	9	15	259	22.3	31.4	24.2	-999.9	0.0	1.2	97423.8	-999.9
Ntarla	2020	9	16	260	24.2	30.8	21.5	-999.9	2.1	2.0	97196.9	-999.9
Ntarla	2020	9	17	261	22.9	26.4	10.9	-999.9	17.1	1.3	97220.9	-999.9
Ntarla	2020	9	18	262	22.7	28.6	15.6	-999.9	14.7	1.7	97499.3	-999.9
Ntarla	2020	9	19	263	21.6	30.1	23.4	-999.9	0.5	1.0	97597.9	-999.9
Ntarla	2020	9	20	264	23.0	30.5	21.4	-999.9	0.0	1.9	97472.9	-999.9
Ntarla	2020	9	21	265	22.5	30.4	19.1	-999.9	0.0	2.1	97441.9	-999.9
Ntarla	2020	9	22	266	21.0	30.4	23.5	-999.9	0.0	1.5	97476.2	-999.9
Ntarla	2020	9	23	267	23.0	28.1	13.3	-999.9	13.7	1.3	97461.8	-999.9
Ntarla	2020	9	24	268	22.0	30.1	20.5	-999.9	0.0	1.9	97532.5	-999.9
Ntarla	2020	9	25	269	22.9	31.0	22.7	-999.9	6.9	1.6	97544.5	-999.9
Ntarla	2020	9	26	270	21.7	30.2	22.9	-999.9	0.0	1.7	97346.0	-999.9
Ntarla	2020	9	27	271	22.8	30.1	22.6	-999.9	0.0	1.6	97278.8	-999.9
Ntarla	2020	9	28	272	22.3	31.3	23.4	-999.9	13.1	1.6	97364.8	-999.9
Ntarla	2020	9	29	273	22.6	32.2	23.2	-999.9	13.1	1.2	97384.3	-999.9
Ntarla	2020	9	30	274	23.6	31.6	23.1	-999.9	0.0	1.8	97253.9	-999.9
Ntarla	2020	10	1	275	22.7	31.3	20.8	-999.9	31.4	2.5	97056.7	-999.9
Ntarla	2020	10	2	276	22.0	25.8	10.1	-999.9	0.0	1.4	97158.5	-999.9
Ntarla	2020	10	3	277	21.7	28.9	19.6	-999.9	0.0	1.7	97283.2	-999.9
Ntarla	2020	10	4	278	21.5	29.5	19.1	-999.9	15.7	1.3	97392.9	-999.9
Ntarla	2020	10	5	279	21.7	27.9	14.6	-999.9	31.4	1.3	97586.2	-999.9
Ntarla	2020	10	6	280	20.7	31.0	23.4	-999.9	0.0	1.3	97474.0	-999.9
Ntarla	2020	10	7	281	23.6	31.0	20.4	-999.9	48.5	2.0	97379.1	-999.9
Ntarla	2020	10	8	282	21.2	31.1	23.2	-999.9	0.0	1.8	97356.0	-999.9
Ntarla	2020	10	9	283	22.7	30.4	22.1	-999.9	0.0	2.1	97411.8	-999.9
Ntarla	2020	10	10	284	21.6	29.3	20.3	-999.9	0.0	1.7	97461.2	-999.9
Ntarla	2020	10	11	285	21.6	28.7	17.1	-999.9	13.9	2.1	97509.1	-999.9
Ntarla	2020	10	12	286	21.4	29.3	20.3	-999.9	0.0	1.2	97492.5	-999.9
Ntarla	2020	10	13	287	21.9	30.3	21.0	-999.9	0.0	1.3	97429.2	-999.9
Ntarla	2020	10	14	288	22.2	31.2	22.9	-999.9	0.0	1.9	97418.3	-999.9
Ntarla	2020	10	15	289	22.7	31.2	21.9	-999.9	0.0	1.5	97418.2	-999.9
Ntarla	2020	10	16	290	22.6	31.6	21.9	-999.9	34.7	1.4	97393.0	-999.9
Ntarla	2020	10	17	291	23.2	32.3	21.0	-999.9	0.0	1.7	97284.6	-999.9
Ntarla	2020	10	18	292	21.9	31.0	21.7	-999.9	0.0	1.2	97288.1	-999.9
Ntarla	2020	10	19	293	22.3	30.9	21.6	-999.9	0.0	1.1	97348.3	-999.9
Ntarla	2020	10	20	294	22.6	31.4	21.8	-999.9	0.0	1.2	97385.8	-999.9
Ntarla	2020	10	21	295	21.1	31.9	22.1	-999.9	0.0	1.2	97380.7	-999.9
Ntarla	2020	10	22	296	22.0	33.0	21.9	-999.9	0.0	1.4	97385.0	-999.9
Ntarla	2020	10	23	297	21.2	33.4	22.0	-999.9	0.0	1.5	97424.4	-999.9
Ntarla	2020	10	24	298	19.7	33.5	22.6	-999.9	0.0	1.4	97377.8	-999.9
Ntarla	2020	10	25	299	18.7	33.4	23.2	-999.9	0.0	1.4	97290.4	-999.9
Ntarla	2020	10	26	300	19.2	33.2	23.3	-999.9	0.0	1.5	97258.4	-999.9
Ntarla	2020	10	27	301	18.8	33.3	22.8	-999.9	0.0	1.4	97252.8	-999.9
Ntarla	2020	10	28	302	17.8	33.0	23.1	-999.9	2.5	1.6	97282.7	-999.9
Ntarla	2020	10	29	303	18.5	32.6	22.9	-999.9	0.0	1.2	97310.0	-999.9
Ntarla	2020	10	30	304	17.7	32.9	22.5	-999.9	0.5	1.8	97361.9	-999.9
Ntarla	2020	10	31	305	19.7	33.5	22.5	-999.9	0.0	1.3	97359.6	-999.9
Ntarla	2020	11	1	306	19.1	33.4	22.5	-999.9	0.0	1.0	97227.3	-999.9
Ntarla	2020	11	2	307	19.2	33.8	22.4	-999.9	0.0	1.7	97265.7	-999.9
Ntarla	2020	11	3	308	19.6	33.1	21.9	-999.9	0.0	1.7	97402.7	-999.9
Ntarla	2020	11	4	309	19.1	33.3	21.9	-999.9	0.0	1.9	97369.6	-999.9
Ntarla	2020	11	5	310	19.8	33.7	21.8	-999.9	0.0	1.9	97348.3	-999.9
Ntarla	2020	11	6	311	21.6	34.3	19.0	-999.9	0.0	2.0	97447.3	-999.9
Ntarla	2020	11	7	312	20.3	34.1	22.3	-999.9	0.0	2.3	97498.3	-999.9
Ntarla	2020	11	8	313	16.9	33.0	22.4	-999.9	0.0	1.9	97518.8	-999.9
Ntarla	2020	11	9	314	18.8	33.1	22.0	-999.9	0.0	1.9	97518.2	-999.9
Ntarla	2020	11	10	315	19.9	33.0	22.1	-999.9	0.0	2.2	97434.9	-999.9
Ntarla	2020	11	11	316	18.9	32.9	22.0	-999.9	0.0	2.2	97406.2	-999.9
Ntarla	2020	11	12	317	18.5	32.5	22.1	-999.9	0.0	2.4	97493.1	-999.9
Ntarla	2020	11	13	318	18.4	31.9	22.2	-999.9	0.0	2.3	97596.9	-999.9
Ntarla	2020	11	14	319	17.5	32.0	22.1	-999.9	0.0	2.2	97547.1	-999.9
Ntarla	2020	11	15	320	18.3	32.7	21.7	-999.9	0.0	2.2	97456.6	-999.9
Ntarla	2020	11	16	321	19.4	33.5	21.6	-999.9	0.0	2.2	97404.2	-999.9
Ntarla	2020	11	17	322	19.3	33.2	21.5	-999.9	0.0	2.2	97373.1	-999.9
Ntarla	2020	11	18	323	18.5	33.2	21.5	-999.9	0.0	2.1	97346.6	-999.9
Ntarla	2020	11	19	324	17.2	32.9	21.1	-999.9	0.0	1.9	97274.5	-999.9
Ntarla	2020	11	20	325	19.6	32.3	21.3	-999.9	0.0	2.1	97245.7	-999.9
Ntarla	2020	11	21	326	17.3	32.4	21.3	-999.9	0.0	1.5	97314.2	-999.9
Ntarla	2020	11	22	327	17.5	32.8	21.1	-999.9	0.0	1.9	97394.5	-999.9
Ntarla	2020	11	23	328	17.4	32.8	21.3	-999.9	0.0	2.0	97434.6	-999.9
Ntarla	2020	11	24	329	18.3	31.4	21.2	-999.9	0.0	2.3	97521.1	-999.9
Ntarla	2020	11	25	330	17.2	30.7	21.1	-999.9	0.0	2.0	97437.8	-999.9
Ntarla	2020	11	26	331	16.2	30.6	21.2	-999.9	0.0	1.7	97315.5	-999.9
Ntarla	2020	11	27	332	15.4	31.4	21.0	-999.9	0.0	1.4	97281.8	-999.9
Ntarla	2020	11	28	333	17.4	32.7	20.7	-999.9	0.0	1.7	97355.1	-999.9
Ntarla	2020	11	29	334	19.0	33.5	20.4	-999.9	0.0	1.8	97343.8	-999.9
Ntarla	2020	11	30	335	19.0	33.9	20.3	-999.9	0.0	1.8	97362.8	-999.9
Ntarla	2020	12	1	336	18.6	34.5	20.7	-999.9	0.0	2.3	97381.6	-999.9
Ntarla	2020	12	2	337	17.2	34.8	20.9	-999.9	0.0	2.1	97342.8	-999.9
Ntarla	2020	12	3	338	16.7	34.9	20.7	-999.9	0.0	1.6	97398.5	-999.9
Ntarla	2020	12	4	339	17.5	35.1	20.7	-999.9	0.0	1.6	97436.8	-999.9
Ntarla	2020	12	5	340	18.7	34.8	20.6	-999.9	0.0	1.3	97346.9	-999.9
Ntarla	2020	12	6	341	18.0	33.9	20.4	-999.9	0.0	1.4	97328.8	-999.9
Ntarla	2020	12	7	342	18.2	33.7	20.2	-999.9	0.0	1.8	97464.3	-999.9
Ntarla	2020	12	8	343	20.5	34.1	20.3	-999.9	0.0	2.2	97500.9	-999.9
Ntarla	2020	12	9	344	19.3	33.9	20.3	-999.9	0.0	2.1	97434.4	-999.9
Ntarla	2020	12	10	345	19.9	33.9	20.1	-999.9	0.0	2.1	97415.8	-999.9
Ntarla	2020	12	11	346	19.9	33.9	20.3	-999.9	0.0	2.1	97447.9	-999.9
Ntarla	2020	12	12	347	19.3	33.4	20.3	-999.9	0.0	2.2	97407.6	-999.9
Ntarla	2020	12	13	348	18.9	33.3	20.2	-999.9	0.0	2.0	97268.0	-999.9
Ntarla	2020	12	14	349	17.0	33.2	20.2	-999.9	0.0	1.4	97218.8	-999.9
Ntarla	2020	12	15	350	19.6	33.5	19.8	-999.9	0.0	1.6	97213.3	-999.9
Ntarla	2020	12	16	351	19.1	34.3	19.7	-999.9	0.0	1.6	97295.2	-999.9
Ntarla	2020	12	17	352	21.4	34.2	19.9	-999.9	0.0	1.7	97300.9	-999.9
Ntarla	2020	12	18	353	18.7	33.1	19.3	-999.9	0.0	1.7	97300.8	-999.9
Ntarla	2020	12	19	354	20.1	32.8	19.9	-999.9	0.0	2.1	97309.5	-999.9
Ntarla	2020	12	20	355	20.5	32.8	19.7	-999.9	0.0	2.5	97390.6	-999.9
Ntarla	2020	12	21	356	18.9	31.7	20.0	-999.9	0.0	2.7	97512.0	-999.9
Ntarla	2020	12	22	357	17.7	30.9	20.0	-999.9	0.0	2.4	97474.1	-999.9
Ntarla	2020	12	23	358	17.3	30.9	19.1	-999.9	0.0	2.1	97415.4	-999.9
Ntarla	2020	12	24	359	17.3	32.7	20.0	-999.9	0.0	1.8	97313.2	-999.9
Ntarla	2020	12	25	360	17.6	33.5	20.0	-999.9	0.0	2.0	97242.7	-999.9
Ntarla	2020	12	26	361	19.3	33.6	20.1	-999.9	0.0	2.5	97291.3	-999.9
Ntarla	2020	12	27	362	19.0	32.5	20.0	-999.9	0.0	2.4	97346.9	-999.9
Ntarla	2020	12	28	363	17.9	32.2	20.2	-999.9	0.0	2.3	97358.1	-999.9
Ntarla	2020	12	29	364	18.0	32.3	20.1	-999.9	0.0	2.2	97335.2	-999.9
Ntarla	2020	12	30	365	18.6	32.9	20.3	-999.9	0.0	2.1	97339.8	-999.9
Ntarla	2020	12	31	366	18.2	33.6	20.6	-999.9	0.0	2.0	97393.3	-999.9
