Ntarla	2023	1	1	1	16.9	29.9	20.2	-999.9	0.0	2.4	97566.2	-999.9
Ntarla	2023	1	2	2	16.0	29.9	20.4	-999.9	0.0	2.4	97562.8	-999.9
Ntarla	2023	1	3	3	16.1	29.3	20.4	-999.9	0.0	2.3	97596.1	-999.9
Ntarla	2023	1	4	4	15.1	29.4	20.7	-999.9	0.0	2.0	97626.3	-999.9
Ntarla	2023	1	5	5	14.6	30.0	20.5	-999.9	0.0	2.0	97558.2	-999.9
Ntarla	2023	1	6	6	15.7	31.7	20.4	-999.9	0.0	1.9	97580.9	-999.9
Ntarla	2023	1	7	7	17.2	32.6	20.4	-999.9	0.0	2.1	97580.9	-999.9
Ntarla	2023	1	8	8	18.5	32.5	20.5	-999.9	0.0	2.6	97595.1	-999.9
Ntarla	2023	1	9	9	19.0	32.2	20.7	-999.9	0.0	2.9	97664.3	-999.9
Ntarla	2023	1	10	10	18.7	31.9	20.8	-999.9	0.0	2.5	97735.5	-999.9
Ntarla	2023	1	11	11	17.6	31.3	20.8	-999.9	0.0	2.3	97690.7	-999.9
Ntarla	2023	1	12	12	16.1	31.5	20.9	-999.9	0.0	1.8	97493.7	-999.9
Ntarla	2023	1	13	13	16.3	31.7	21.1	-999.9	0.0	2.0	97457.8	-999.9
Ntarla	2023	1	14	14	16.1	30.7	20.8	-999.9	0.0	2.1	97459.9	-999.9
Ntarla	2023	1	15	15	15.9	31.2	20.9	-999.9	0.0	2.1	97452.0	-999.9
Ntarla	2023	1	16	16	16.1	31.9	21.2	-999.9	0.0	2.1	97456.1	-999.9
Ntarla	2023	1	17	17	16.3	32.2	21.3	-999.9	0.0	2.0	97470.0	-999.9
Ntarla	2023	1	18	18	15.4	31.6	21.4	-999.9	0.0	1.9	97461.5	-999.9
Ntarla	2023	1	19	19	15.1	31.9	21.3	-999.9	0.0	2.0	97440.7	-999.9
Ntarla	2023	1	20	20	15.6	32.8	21.3	-999.9	0.0	1.8	97368.1	-999.9
Ntarla	2023	1	21	21	16.5	33.7	21.3	-999.9	0.0	1.7	97278.7	-999.9
Ntarla	2023	1	22	22	16.9	34.7	21.4	-999.9	0.0	1.8	97134.7	-999.9
Ntarla	2023	1	23	23	17.4	35.0	21.3	-999.9	0.0	1.5	97109.2	-999.9
Ntarla	2023	1	24	24	19.7	34.8	19.8	-999.9	0.0	1.8	97110.9	-999.9
Ntarla	2023	1	25	25	20.4	35.7	21.1	-999.9	0.0	1.8	97116.3	-999.9
Ntarla	2023	1	26	26	19.5	35.2	21.4	-999.9	0.0	2.3	97153.1	-999.9
Ntarla	2023	1	27	27	20.3	33.9	21.5	-999.9	0.0	2.7	97258.6	-999.9
Ntarla	2023	1	28	28	18.5	30.8	21.5	-999.9	0.0	2.6	97330.9	-999.9
Ntarla	2023	1	29	29	14.4	28.8	22.0	-999.9	0.0	2.1	97393.6	-999.9
Ntarla	2023	1	30	30	14.9	30.2	21.9	-999.9	0.0	2.3	97431.0	-999.9
Ntarla	2023	1	31	31	15.4	32.7	21.9	-999.9	0.0	2.1	97459.1	-999.9
Ntarla	2023	2	1	32	17.2	33.3	21.7	-999.9	0.0	2.1	97432.1	-999.9
Ntarla	2023	2	2	33	17.5	33.8	21.9	-999.9	0.0	2.1	97402.8	-999.9
Ntarla	2023	2	3	34	18.4	33.3	21.9	-999.9	0.0	2.6	97490.3	-999.9
Ntarla	2023	2	4	35	17.6	32.6	22.1	-999.9	0.0	2.4	97498.5	-999.9
Ntarla	2023	2	5	36	17.5	33.5	22.1	-999.9	0.0	2.3	97440.6	-999.9
Ntarla	2023	2	6	37	18.7	35.7	21.6	-999.9	0.0	2.1	97254.9	-999.9
Ntarla	2023	2	7	38	19.0	36.1	21.7	-999.9	0.0	1.7	97147.1	-999.9
Ntarla	2023	2	8	39	19.8	35.9	22.0	-999.9	0.0	2.0	97208.5	-999.9
Ntarla	2023	2	9	40	18.8	36.3	22.3	-999.9	0.0	2.0	97232.7	-999.9
Ntarla	2023	2	10	41	20.8	36.1	22.4	-999.9	0.0	2.2	97218.4	-999.9
Ntarla	2023	2	11	42	18.8	36.9	22.6	-999.9	0.0	2.2	97183.3	-999.9
Ntarla	2023	2	12	43	20.0	37.0	22.8	-999.9	0.0	2.5	97179.2	-999.9
Ntarla	2023	2	13	44	20.7	36.4	22.5	-999.9	0.0	2.4	97243.1	-999.9
Ntarla	2023	2	14	45	20.4	35.9	22.8	-999.9	0.0	2.7	97275.1	-999.9
Ntarla	2023	2	15	46	21.5	34.6	22.3	-999.9	0.0	2.9	97212.2	-999.9
Ntarla	2023	2	16	47	21.0	33.2	22.8	-999.9	0.0	2.9	97222.5	-999.9
Ntarla	2023	2	17	48	20.8	33.4	21.4	-999.9	0.0	2.8	97224.2	-999.9
Ntarla	2023	2	18	49	19.7	34.3	23.0	-999.9	0.0	2.6	97319.2	-999.9
Ntarla	2023	2	19	50	19.4	34.2	23.0	-999.9	0.0	2.2	97274.9	-999.9
Ntarla	2023	2	20	51	19.7	35.2	23.3	-999.9	0.0	2.4	97298.5	-999.9
Ntarla	2023	2	21	52	20.1	35.5	23.5	-999.9	0.0	2.4	97275.7	-999.9
Ntarla	2023	2	22	53	20.2	35.8	23.4	-999.9	0.0	2.2	97296.2	-999.9
Ntarla	2023	2	23	54	19.5	36.6	23.5	-999.9	0.0	2.1	97206.0	-999.9
Ntarla	2023	2	24	55	20.2	37.3	23.5	-999.9	0.0	1.8	97126.3	-999.9
Ntarla	2023	2	25	56	19.6	37.2	23.3	-999.9	0.0	1.7	97129.3	-999.9
Ntarla	2023	2	26	57	22.7	36.4	23.4	-999.9	0.0	2.2	97287.2	-999.9
Ntarla	2023	2	27	58	22.3	36.8	23.5	-999.9	0.0	2.6	97361.3	-999.9
Ntarla	2023	2	28	59	22.0	36.1	23.4	-999.9	0.0	2.4	97511.8	-999.9
Ntarla	2023	3	1	60	22.1	37.1	23.8	-999.9	0.0	2.5	97412.1	-999.9
Ntarla	2023	3	2	61	22.7	36.7	23.2	-999.9	0.0	2.8	97300.8	-999.9
Ntarla	2023	3	3	62	21.5	36.9	24.0	-999.9	0.0	2.3	97203.3	-999.9
Ntarla	2023	3	4	63	22.1	37.9	24.3	-999.9	0.0	2.4	97168.7	-999.9
Ntarla	2023	3	5	64	19.9	37.6	24.0	-999.9	0.0	1.8	97181.5	-999.9
Ntarla	2023	3	6	65	22.7	38.7	24.0	-999.9	0.0	2.7	97123.1	-999.9
Ntarla	2023	3	7	66	23.8	38.2	22.9	-999.9	0.0	2.9	97119.8	-999.9
Ntarla	2023	3	8	67	23.8	35.8	21.9	-999.9	1.5	2.8	97130.3	-999.9
Ntarla	2023	3	9	68	19.9	36.7	24.6	-999.9	0.0	2.1	97154.7	-999.9
Ntarla	2023	3	10	69	21.5	37.2	23.9	-999.9	0.0	1.9	97134.2	-999.9
Ntarla	2023	3	11	70	21.5	38.5	24.5	-999.9	0.0	1.6	97015.4	-999.9
Ntarla	2023	3	12	71	23.3	37.6	20.8	-999.9	0.0	1.9	97002.5	-999.9
Ntarla	2023	3	13	72	24.2	38.0	22.0	-999.9	0.0	1.7	97068.5	-999.9
Ntarla	2023	3	14	73	22.8	38.7	24.3	-999.9	0.0	1.7	96953.9	-999.9
Ntarla	2023	3	15	74	21.4	37.7	23.5	-999.9	0.0	1.6	96896.6	-999.9
Ntarla	2023	3	16	75	22.8	37.9	23.5	-999.9	0.0	1.7	96874.3	-999.9
Ntarla	2023	3	17	76	21.2	38.8	25.1	-999.9	0.0	2.4	96926.9	-999.9
Ntarla	2023	3	18	77	21.0	36.4	24.1	-999.9	0.0	1.7	97081.8	-999.9
Ntarla	2023	3	19	78	20.2	36.6	25.5	-999.9	0.0	1.5	97096.4	-999.9
Ntarla	2023	3	20	79	20.8	36.6	24.3	-999.9	0.0	2.1	97030.4	-999.9
Ntarla	2023	3	21	80	22.7	36.1	22.6	-999.9	0.0	1.3	97017.4	-999.9
Ntarla	2023	3	22	81	22.7	35.4	21.7	-999.9	0.0	1.6	97113.8	-999.9
Ntarla	2023	3	23	82	25.2	35.1	23.2	-999.9	0.0	1.9	97194.6	-999.9
Ntarla	2023	3	24	83	23.2	36.8	23.3	-999.9	0.0	1.8	97151.5	-999.9
Ntarla	2023	3	25	84	22.5	37.2	25.5	-999.9	0.0	1.7	97184.3	-999.9
Ntarla	2023	3	26	85	22.9	37.5	25.3	-999.9	0.0	1.6	97155.3	-999.9
Ntarla	2023	3	27	86	23.1	37.2	24.7	-999.9	0.0	2.1	97069.0	-999.9
Ntarla	2023	3	28	87	24.3	36.4	21.9	-999.9	0.0	1.6	97046.5	-999.9
Ntarla	2023	3	29	88	26.5	36.9	22.6	-999.9	3.3	2.3	97188.9	-999.9
Ntarla	2023	3	30	89	23.7	37.1	23.6	-999.9	0.0	1.8	97286.0	-999.9
Ntarla	2023	3	31	90	21.9	38.0	25.8	-999.9	0.0	2.1	97193.0	-999.9
Ntarla	2023	4	1	91	23.2	37.8	25.5	-999.9	0.0	2.5	97172.2	-999.9
Ntarla	2023	4	2	92	22.4	37.9	25.7	-999.9	0.0	2.3	97102.4	-999.9
Ntarla	2023	4	3	93	20.9	38.0	25.2	-999.9	0.0	1.8	96961.6	-999.9
Ntarla	2023	4	4	94	20.9	37.2	24.4	-999.9	0.0	1.7	96875.3	-999.9
Ntarla	2023	4	5	95	23.5	36.7	22.9	-999.9	3.3	1.9	96904.1	-999.9
Ntarla	2023	4	6	96	25.2	34.4	21.4	-999.9	0.0	2.3	97043.3	-999.9
Ntarla	2023	4	7	97	26.2	35.9	21.5	-999.9	6.9	1.3	97033.1	-999.9
Ntarla	2023	4	8	98	24.4	33.3	19.2	-999.9	0.0	1.4	97163.4	-999.9
Ntarla	2023	4	9	99	24.4	35.5	19.2	-999.9	0.0	1.2	97150.3	-999.9
Ntarla	2023	4	10	100	24.5	37.8	25.1	-999.9	0.0	2.8	97179.1	-999.9
Ntarla	2023	4	11	101	24.9	37.5	25.0	-999.9	0.0	3.1	97206.1	-999.9
Ntarla	2023	4	12	102	26.4	38.2	25.7	-999.9	4.3	3.1	97128.7	-999.9
Ntarla	2023	4	13	103	25.6	38.9	25.5	-999.9	0.0	2.6	97083.3	-999.9
Ntarla	2023	4	14	104	25.5	38.8	25.8	-999.9	0.0	2.2	97071.1	-999.9
Ntarla	2023	4	15	105	24.1	38.1	23.5	-999.9	0.0	1.6	97126.6	-999.9
Ntarla	2023	4	16	106	22.4	38.7	26.4	-999.9	0.0	2.0	96986.5	-999.9
Ntarla	2023	4	17	107	23.3	38.2	26.4	-999.9	0.0	1.8	96858.2	-999.9
Ntarla	2023	4	18	108	21.2	39.2	26.3	-999.9	0.0	2.2	96890.6	-999.9
Ntarla	2023	4	19	109	24.0	38.7	25.1	-999.9	0.0	2.1	97027.1	-999.9
Ntarla	2023	4	20	110	27.4	39.9	25.2	-999.9	0.0	1.8	96926.9	-999.9
Ntarla	2023	4	21	111	28.7	38.8	23.2	-999.9	0.0	2.5	96809.4	-999.9
Ntarla	2023	4	22	112	26.2	38.7	24.9	-999.9	0.0	2.5	96818.4	-999.9
Ntarla	2023	4	23	113	26.3	38.8	26.3	-999.9	0.0	2.1	96908.0	-999.9
Ntarla	2023	4	24	114	24.1	39.1	26.1	-999.9	0.0	1.6	97027.6	-999.9
Ntarla	2023	4	25	115	26.0	38.8	23.4	-999.9	0.0	1.8	97036.6	-999.9
Ntarla	2023	4	26	116	26.2	38.0	24.0	-999.9	0.0	2.1	97047.1	-999.9
Ntarla	2023	4	27	117	23.1	38.7	26.1	-999.9	0.0	2.1	97015.6	-999.9
Ntarla	2023	4	28	118	22.1	38.5	25.1	-999.9	0.0	2.2	97104.5	-999.9
Ntarla	2023	4	29	119	25.6	38.3	23.5	-999.9	0.0	2.6	97164.5	-999.9
Ntarla	2023	4	30	120	26.8	36.7	23.3	-999.9	0.0	3.0	97175.0	-999.9
Ntarla	2023	5	1	121	27.0	38.4	24.5	-999.9	0.0	2.1	97071.0	-999.9
Ntarla	2023	5	2	122	28.3	39.0	24.8	-999.9	4.7	2.0	97122.5	-999.9
Ntarla	2023	5	3	123	27.2	39.1	24.7	-999.9	0.0	1.6	97220.4	-999.9
Ntarla	2023	5	4	124	27.8	37.7	24.5	-999.9	4.7	2.1	97324.7	-999.9
Ntarla	2023	5	5	125	27.7	37.0	22.9	-999.9	0.0	2.8	97287.9	-999.9
Ntarla	2023	5	6	126	26.4	38.5	25.0	-999.9	0.0	1.9	97127.2	-999.9
Ntarla	2023	5	7	127	27.2	36.4	22.4	-999.9	11.2	2.0	97159.1	-999.9
Ntarla	2023	5	8	128	24.3	33.1	16.7	-999.9	11.2	1.9	97416.6	-999.9
Ntarla	2023	5	9	129	23.1	35.9	23.6	-999.9	0.0	1.5	97287.8	-999.9
Ntarla	2023	5	10	130	25.4	38.5	25.4	-999.9	5.6	2.0	96998.8	-999.9
Ntarla	2023	5	11	131	23.7	38.2	25.6	-999.9	0.0	2.1	96906.6	-999.9
Ntarla	2023	5	12	132	28.3	36.9	24.2	-999.9	0.0	3.0	97099.2	-999.9
Ntarla	2023	5	13	133	26.9	37.4	24.8	-999.9	0.0	2.1	97267.9	-999.9
Ntarla	2023	5	14	134	25.7	34.5	21.4	-999.9	8.4	2.2	97493.3	-999.9
Ntarla	2023	5	15	135	26.5	34.4	19.8	-999.9	0.0	1.7	97423.2	-999.9
Ntarla	2023	5	16	136	27.2	36.3	23.4	-999.9	0.0	2.0	97228.4	-999.9
Ntarla	2023	5	17	137	25.3	36.4	24.8	-999.9	2.3	2.0	97211.2	-999.9
Ntarla	2023	5	18	138	26.2	36.1	24.0	-999.9	4.7	2.2	97259.5	-999.9
Ntarla	2023	5	19	139	26.6	36.4	20.1	-999.9	4.7	2.1	97259.9	-999.9
Ntarla	2023	5	20	140	26.1	36.2	23.9	-999.9	4.7	2.0	97205.2	-999.9
Ntarla	2023	5	21	141	25.0	35.5	23.6	-999.9	18.5	2.7	97236.4	-999.9
Ntarla	2023	5	22	142	26.3	36.7	21.7	-999.9	0.0	1.8	97209.7	-999.9
Ntarla	2023	5	23	143	26.9	36.5	24.1	-999.9	0.0	2.3	97173.8	-999.9
Ntarla	2023	5	24	144	27.2	36.9	23.6	-999.9	12.3	1.7	97123.4	-999.9
Ntarla	2023	5	25	145	24.6	32.5	18.7	-999.9	12.3	1.7	97312.0	-999.9
Ntarla	2023	5	26	146	24.2	37.4	25.5	-999.9	0.0	2.0	97222.7	-999.9
Ntarla	2023	5	27	147	24.4	39.1	25.5	-999.9	0.0	2.1	97115.1	-999.9
Ntarla	2023	5	28	148	24.4	38.3	25.4	-999.9	0.0	2.2	97106.8	-999.9
Ntarla	2023	5	29	149	27.4	38.4	25.1	-999.9	7.9	2.3	97094.5	-999.9
Ntarla	2023	5	30	150	28.3	37.7	24.9	-999.9	0.0	2.3	97216.1	-999.9
Ntarla	2023	5	31	151	28.0	37.7	24.0	-999.9	7.9	2.4	97256.2	-999.9
Ntarla	2023	6	1	152	27.3	37.2	23.5	-999.9	0.0	2.4	97180.9	-999.9
Ntarla	2023	6	2	153	27.2	36.8	22.1	-999.9	0.0	2.7	97107.0	-999.9
Ntarla	2023	6	3	154	25.9	37.0	23.2	-999.9	7.6	3.1	97233.9	-999.9
Ntarla	2023	6	4	155	27.3	35.9	22.9	-999.9	15.2	2.6	97322.4	-999.9
Ntarla	2023	6	5	156	24.9	36.2	20.4	-999.9	15.2	2.5	97322.4	-999.9
Ntarla	2023	6	6	157	26.6	37.6	24.7	-999.9	0.0	1.9	97228.5	-999.9
Ntarla	2023	6	7	158	27.0	37.9	25.1	-999.9	0.0	2.4	97272.9	-999.9
Ntarla	2023	6	8	159	26.7	37.0	24.7	-999.9	0.0	3.0	97297.7	-999.9
Ntarla	2023	6	9	160	27.6	36.9	24.9	-999.9	0.0	3.0	97237.5	-999.9
Ntarla	2023	6	10	161	27.0	36.9	25.0	-999.9	0.0	2.6	97213.3	-999.9
Ntarla	2023	6	11	162	27.5	33.0	18.0	-999.9	4.7	2.8	97288.6	-999.9
Ntarla	2023	6	12	163	26.0	34.5	23.9	-999.9	9.3	2.4	97422.6	-999.9
Ntarla	2023	6	13	164	24.6	31.6	20.3	-999.9	0.0	2.1	97417.3	-999.9
Ntarla	2023	6	14	165	24.8	31.8	21.3	-999.9	4.7	2.2	97367.0	-999.9
Ntarla	2023	6	15	166	23.7	31.7	21.2	-999.9	9.3	1.4	97393.9	-999.9
Ntarla	2023	6	16	167	25.0	32.2	22.0	-999.9	8.4	1.6	97379.7	-999.9
Ntarla	2023	6	17	168	24.6	33.1	22.0	-999.9	0.0	1.4	97390.6	-999.9
Ntarla	2023	6	18	169	25.3	34.0	24.6	-999.9	0.0	2.2	97376.6	-999.9
Ntarla	2023	6	19	170	26.3	34.8	24.8	-999.9	0.0	2.7	97330.4	-999.9
Ntarla	2023	6	20	171	25.4	34.7	20.4	-999.9	12.5	2.4	97275.1	-999.9
Ntarla	2023	6	21	172	24.9	33.8	24.0	-999.9	0.0	2.3	97308.0	-999.9
Ntarla	2023	6	22	173	25.4	34.4	24.4	-999.9	0.0	2.2	97402.0	-999.9
Ntarla	2023	6	23	174	25.5	34.1	22.4	-999.9	15.0	2.6	97300.8	-999.9
Ntarla	2023	6	24	175	24.8	34.9	24.5	-999.9	0.0	2.4	97184.8	-999.9
Ntarla	2023	6	25	176	26.1	32.3	19.6	-999.9	0.0	2.4	97324.7	-999.9
Ntarla	2023	6	26	177	24.0	32.5	23.5	-999.9	7.1	2.1	97364.7	-999.9
Ntarla	2023	6	27	178	24.5	32.0	20.6	-999.9	7.1	1.9	97391.1	-999.9
Ntarla	2023	6	28	179	23.8	33.0	22.6	-999.9	14.2	2.0	97424.9	-999.9
Ntarla	2023	6	29	180	24.1	33.1	23.9	-999.9	0.0	1.7	97492.9	-999.9
Ntarla	2023	6	30	181	23.9	28.4	11.4	-999.9	21.2	1.4	97602.6	-999.9
Ntarla	2023	7	1	182	23.4	31.5	22.1	-999.9	0.0	1.3	97515.4	-999.9
Ntarla	2023	7	2	183	24.5	32.3	23.4	-999.9	0.0	1.2	97463.7	-999.9
Ntarla	2023	7	3	184	25.1	31.7	22.2	-999.9	0.0	2.4	97547.9	-999.9
Ntarla	2023	7	4	185	24.5	33.1	23.7	-999.9	10.3	1.6	97557.9	-999.9
Ntarla	2023	7	5	186	25.3	33.5	23.9	-999.9	5.2	1.6	97487.0	-999.9
Ntarla	2023	7	6	187	25.3	33.1	23.2	-999.9	0.0	1.7	97298.4	-999.9
Ntarla	2023	7	7	188	25.6	34.1	24.3	-999.9	10.7	2.1	97408.5	-999.9
Ntarla	2023	7	8	189	25.9	33.1	21.5	-999.9	10.7	2.3	97433.4	-999.9
Ntarla	2023	7	9	190	24.6	34.0	24.6	-999.9	0.0	1.7	97447.1	-999.9
Ntarla	2023	7	10	191	25.5	32.8	22.0	-999.9	10.7	2.1	97481.6	-999.9
Ntarla	2023	7	11	192	24.0	32.4	20.6	-999.9	0.0	1.5	97385.0	-999.9
Ntarla	2023	7	12	193	24.9	33.2	22.1	-999.9	0.0	1.8	97242.8	-999.9
Ntarla	2023	7	13	194	25.4	31.7	19.3	-999.9	4.8	2.1	97271.5	-999.9
Ntarla	2023	7	14	195	24.7	33.2	23.8	-999.9	0.0	2.3	97384.1	-999.9
Ntarla	2023	7	15	196	24.4	32.3	20.2	-999.9	9.7	2.0	97496.8	-999.9
Ntarla	2023	7	16	197	24.7	29.9	16.4	-999.9	0.0	1.5	97420.1	-999.9
Ntarla	2023	7	17	198	23.2	31.3	22.8	-999.9	12.6	1.3	97515.0	-999.9
Ntarla	2023	7	18	199	24.4	32.1	23.2	-999.9	0.0	1.2	97606.2	-999.9
Ntarla	2023	7	19	200	25.4	31.8	22.0	-999.9	0.0	2.2	97568.8	-999.9
Ntarla	2023	7	20	201	24.6	32.8	23.7	-999.9	0.0	2.4	97419.3	-999.9
Ntarla	2023	7	21	202	25.7	33.2	23.6	-999.9	0.0	2.6	97379.9	-999.9
Ntarla	2023	7	22	203	25.0	31.5	18.1	-999.9	8.0	2.1	97484.0	-999.9
Ntarla	2023	7	23	204	24.3	30.7	20.0	-999.9	0.0	1.5	97636.4	-999.9
Ntarla	2023	7	24	205	24.5	30.5	19.8	-999.9	8.0	1.2	97630.0	-999.9
Ntarla	2023	7	25	206	23.8	31.3	22.0	-999.9	0.0	1.6	97475.1	-999.9
Ntarla	2023	7	26	207	23.6	32.3	22.9	-999.9	0.0	1.8	97419.0	-999.9
Ntarla	2023	7	27	208	25.2	32.9	22.2	-999.9	0.0	1.9	97419.3	-999.9
Ntarla	2023	7	28	209	24.8	31.6	20.7	-999.9	2.3	2.1	97423.3	-999.9
Ntarla	2023	7	29	210	24.3	29.1	14.2	-999.9	2.3	2.0	97554.7	-999.9
Ntarla	2023	7	30	211	23.7	31.0	20.4	-999.9	0.0	1.7	97690.0	-999.9
Ntarla	2023	7	31	212	23.8	29.8	15.4	-999.9	4.6	1.9	97664.6	-999.9
Ntarla	2023	8	1	213	24.6	31.2	21.5	-999.9	12.3	2.3	97482.7	-999.9
Ntarla	2023	8	2	214	24.4	30.0	15.5	-999.9	6.1	2.5	97498.9	-999.9
Ntarla	2023	8	3	215	23.8	28.9	12.6	-999.9	0.0	2.1	97552.3	-999.9
Ntarla	2023	8	4	216	23.7	32.4	21.8	-999.9	6.1	1.7	97467.4	-999.9
Ntarla	2023	8	5	217	25.4	32.5	23.3	-999.9	6.1	2.0	97569.0	-999.9
Ntarla	2023	8	6	218	24.3	29.8	13.7	-999.9	29.7	2.1	97664.9	-999.9
Ntarla	2023	8	7	219	23.8	30.1	19.9	-999.9	0.0	1.7	97615.5	-999.9
Ntarla	2023	8	8	220	24.0	30.0	18.5	-999.9	9.9	1.9	97405.9	-999.9
Ntarla	2023	8	9	221	24.4	31.5	23.0	-999.9	19.8	2.5	97249.5	-999.9
Ntarla	2023	8	10	222	23.9	26.5	7.4	-999.9	29.7	2.5	97260.4	-999.9
Ntarla	2023	8	11	223	23.3	29.9	19.4	-999.9	6.1	1.8	97397.0	-999.9
Ntarla	2023	8	12	224	22.7	30.4	21.9	-999.9	6.1	1.8	97313.9	-999.9
Ntarla	2023	8	13	225	23.3	28.8	13.7	-999.9	24.3	1.9	97249.9	-999.9
Ntarla	2023	8	14	226	23.4	28.7	14.1	-999.9	18.2	1.6	97228.9	-999.9
Ntarla	2023	8	15	227	23.0	29.2	17.4	-999.9	12.1	2.5	97356.0	-999.9
Ntarla	2023	8	16	228	23.3	29.4	19.1	-999.9	0.0	2.0	97521.7	-999.9
Ntarla	2023	8	17	229	23.4	29.6	18.8	-999.9	18.0	1.7	97427.3	-999.9
Ntarla	2023	8	18	230	22.4	30.2	21.6	-999.9	6.0	1.9	97251.1	-999.9
Ntarla	2023	8	19	231	23.6	29.9	20.8	-999.9	0.0	2.3	97380.4	-999.9
Ntarla	2023	8	20	232	22.5	31.0	23.7	-999.9	0.0	1.6	97352.3	-999.9
Ntarla	2023	8	21	233	24.6	30.5	17.4	-999.9	13.2	1.3	97301.3	-999.9
Ntarla	2023	8	22	234	23.0	30.7	19.6	-999.9	19.8	1.3	97239.1	-999.9
Ntarla	2023	8	23	235	22.9	30.4	21.8	-999.9	13.2	1.4	97286.1	-999.9
Ntarla	2023	8	24	236	23.2	30.7	22.9	-999.9	0.0	1.4	97280.1	-999.9
Ntarla	2023	8	25	237	23.9	32.0	23.5	-999.9	0.0	1.7	97190.5	-999.9
Ntarla	2023	8	26	238	23.6	29.9	13.2	-999.9	33.7	2.4	97134.6	-999.9
Ntarla	2023	8	27	239	23.4	29.7	18.3	-999.9	0.0	2.2	97290.2	-999.9
Ntarla	2023	8	28	240	23.2	30.5	21.8	-999.9	11.2	1.7	97552.9	-999.9
Ntarla	2023	8	29	241	23.1	29.5	15.2	-999.9	33.7	1.6	97551.1	-999.9
Ntarla	2023	8	30	242	21.9	30.7	21.4	-999.9	0.0	2.4	97506.1	-999.9
Ntarla	2023	8	31	243	23.7	31.8	22.7	-999.9	22.5	1.3	97433.9	-999.9
Ntarla	2023	9	1	244	23.7	31.3	23.6	-999.9	0.0	1.1	97399.3	-999.9
Ntarla	2023	9	2	245	24.4	31.3	21.8	-999.9	12.6	1.8	97313.0	-999.9
Ntarla	2023	9	3	246	23.5	26.7	9.9	-999.9	0.0	1.5	97257.7	-999.9
Ntarla	2023	9	4	247	22.6	29.2	17.5	-999.9	0.0	2.3	97413.6	-999.9
Ntarla	2023	9	5	248	22.1	29.7	21.5	-999.9	6.3	1.3	97453.3	-999.9
Ntarla	2023	9	6	249	22.4	29.4	16.9	-999.9	21.9	1.4	97477.5	-999.9
Ntarla	2023	9	7	250	22.2	30.8	23.1	-999.9	0.0	1.3	97484.9	-999.9
Ntarla	2023	9	8	251	22.7	31.5	24.2	-999.9	7.3	1.4	97436.3	-999.9
Ntarla	2023	9	9	252	24.1	30.1	21.0	-999.9	7.3	1.5	97463.2	-999.9
Ntarla	2023	9	10	253	22.6	30.3	21.8	-999.9	0.0	1.4	97586.8	-999.9
Ntarla	2023	9	11	254	22.4	31.3	24.5	-999.9	0.0	1.6	97471.4	-999.9
Ntarla	2023	9	12	255	23.8	32.9	24.1	-999.9	0.0	2.0	97218.6	-999.9
Ntarla	2023	9	13	256	23.5	30.3	16.7	-999.9	15.1	2.4	97224.9	-999.9
Ntarla	2023	9	14	257	23.5	30.2	20.5	-999.9	0.0	1.4	97293.7	-999.9
Ntarla	2023	9	15	258	22.9	30.1	19.7	-999.9	7.5	1.3	97387.4	-999.9
Ntarla	2023	9	16	259	23.2	30.2	20.5	-999.9	8.5	1.3	97372.0	-999.9
Ntarla	2023	9	17	260	22.5	30.0	20.5	-999.9	0.0	1.4	97354.8	-999.9
Ntarla	2023	9	18	261	22.8	30.0	19.0	-999.9	0.0	1.7	97279.2	-999.9
Ntarla	2023	9	19	262	23.1	30.1	20.3	-999.9	8.5	1.6	97300.9	-999.9
Ntarla	2023	9	20	263	22.5	30.7	22.3	-999.9	0.0	1.4	97363.9	-999.9
Ntarla	2023	9	21	264	23.2	30.9	20.9	-999.9	0.0	1.0	97354.6	-999.9
Ntarla	2023	9	22	265	23.3	30.8	22.5	-999.9	5.2	1.4	97329.3	-999.9
Ntarla	2023	9	23	266	23.6	31.6	23.4	-999.9	10.4	1.6	97353.0	-999.9
Ntarla	2023	9	24	267	23.3	30.7	23.2	-999.9	5.2	1.6	97465.8	-999.9
Ntarla	2023	9	25	268	24.0	31.9	23.3	-999.9	5.2	1.3	97430.8	-999.9
Ntarla	2023	9	26	269	23.3	30.6	21.7	-999.9	10.5	1.6	97402.2	-999.9
Ntarla	2023	9	27	270	23.3	32.1	23.8	-999.9	0.0	1.4	97290.2	-999.9
Ntarla	2023	9	28	271	24.1	32.2	23.7	-999.9	0.0	2.1	97136.6	-999.9
Ntarla	2023	9	29	272	24.2	32.2	23.5	-999.9	0.0	1.8	97293.4	-999.9
Ntarla	2023	9	30	273	23.4	32.2	23.3	-999.9	0.0	1.5	97321.1	-999.9
Ntarla	2023	10	1	274	23.9	32.9	22.2	-999.9	0.0	1.2	97218.3	-999.9
Ntarla	2023	10	2	275	24.6	31.8	22.2	-999.9	18.1	1.4	97225.7	-999.9
Ntarla	2023	10	3	276	22.9	32.1	21.5	-999.9	9.1	1.0	97246.1	-999.9
Ntarla	2023	10	4	277	23.5	31.5	21.2	-999.9	0.0	1.3	97308.5	-999.9
Ntarla	2023	10	5	278	22.6	31.8	22.5	-999.9	0.0	1.7	97335.9	-999.9
Ntarla	2023	10	6	279	24.3	32.1	21.5	-999.9	0.0	1.1	97351.1	-999.9
Ntarla	2023	10	7	280	23.2	32.2	22.3	-999.9	0.0	1.2	97324.1	-999.9
Ntarla	2023	10	8	281	24.1	31.7	21.6	-999.9	0.0	1.5	97404.0	-999.9
Ntarla	2023	10	9	282	23.6	31.5	22.3	-999.9	0.0	1.6	97510.6	-999.9
Ntarla	2023	10	10	283	23.1	32.5	21.6	-999.9	0.0	1.2	97487.6	-999.9
Ntarla	2023	10	11	284	22.8	32.0	22.4	-999.9	4.4	1.6	97391.4	-999.9
Ntarla	2023	10	12	285	24.1	31.2	17.5	-999.9	0.0	1.6	97429.2	-999.9
Ntarla	2023	10	13	286	23.2	32.0	21.5	-999.9	0.0	1.2	97483.1	-999.9
Ntarla	2023	10	14	287	23.4	34.1	22.5	-999.9	0.0	1.4	97442.7	-999.9
Ntarla	2023	10	15	288	23.3	33.5	21.0	-999.9	0.0	1.5	97301.7	-999.9
Ntarla	2023	10	16	289	24.2	33.0	21.9	-999.9	0.0	2.0	97235.1	-999.9
Ntarla	2023	10	17	290	23.0	31.3	19.2	-999.9	3.7	1.8	97441.8	-999.9
Ntarla	2023	10	18	291	23.2	33.2	21.5	-999.9	0.0	1.2	97496.2	-999.9
Ntarla	2023	10	19	292	23.1	33.8	21.1	-999.9	0.0	1.3	97426.3	-999.9
Ntarla	2023	10	20	293	24.3	34.0	21.9	-999.9	7.5	1.5	97368.9	-999.9
Ntarla	2023	10	21	294	23.4	31.7	21.1	-999.9	0.0	1.7	97382.8	-999.9
Ntarla	2023	10	22	295	22.9	32.6	21.5	-999.9	7.7	1.0	97323.2	-999.9
Ntarla	2023	10	23	296	23.5	33.9	20.7	-999.9	0.0	1.1	97252.4	-999.9
Ntarla	2023	10	24	297	24.1	34.3	20.8	-999.9	0.0	1.4	97226.6	-999.9
Ntarla	2023	10	25	298	23.7	34.4	21.0	-999.9	0.0	1.5	97206.4	-999.9
Ntarla	2023	10	26	299	21.5	34.3	22.2	-999.9	0.0	1.2	97226.2	-999.9
Ntarla	2023	10	27	300	23.3	33.3	18.5	-999.9	0.0	1.7	97225.7	-999.9
Ntarla	2023	10	28	301	23.9	32.7	18.9	-999.9	10.8	1.7	97165.3	-999.9
Ntarla	2023	10	29	302	22.2	33.6	21.3	-999.9	0.0	1.2	97112.2	-999.9
Ntarla	2023	10	30	303	23.0	34.2	19.5	-999.9	0.0	1.6	97071.7	-999.9
Ntarla	2023	10	31	304	22.7	35.1	20.0	-999.9	0.0	1.3	97065.6	-999.9
Ntarla	2023	11	1	305	22.7	33.8	20.7	-999.9	0.0	1.8	97267.9	-999.9
Ntarla	2023	11	2	306	23.2	34.1	20.3	-999.9	0.0	1.4	97297.8	-999.9
Ntarla	2023	11	3	307	21.1	34.4	22.0	-999.9	0.0	1.4	97167.3	-999.9
Ntarla	2023	11	4	308	21.4	33.3	20.4	-999.9	0.0	1.7	97144.8	-999.9
Ntarla	2023	11	5	309	22.6	33.6	19.6	-999.9	0.0	1.4	97221.6	-999.9
Ntarla	2023	11	6	310	23.0	33.5	18.7	-999.9	0.0	1.4	97318.1	-999.9
Ntarla	2023	11	7	311	23.1	33.7	19.3	-999.9	0.0	1.1	97211.1	-999.9
Ntarla	2023	11	8	312	23.3	33.1	19.0	-999.9	0.0	1.2	97185.8	-999.9
Ntarla	2023	11	9	313	22.6	33.1	19.5	-999.9	0.0	1.6	97252.9	-999.9
Ntarla	2023	11	10	314	20.4	33.1	20.8	-999.9	0.0	1.4	97308.4	-999.9
Ntarla	2023	11	11	315	20.6	33.9	20.0	-999.9	0.0	1.2	97331.0	-999.9
Ntarla	2023	11	12	316	19.5	34.3	21.9	-999.9	0.0	1.8	97335.9	-999.9
Ntarla	2023	11	13	317	17.1	34.3	22.2	-999.9	0.0	2.1	97394.7	-999.9
Ntarla	2023	11	14	318	17.8	33.9	22.1	-999.9	0.0	2.2	97372.8	-999.9
Ntarla	2023	11	15	319	17.9	33.8	22.0	-999.9	0.0	2.1	97305.5	-999.9
Ntarla	2023	11	16	320	18.0	34.0	21.6	-999.9	0.0	1.9	97263.4	-999.9
Ntarla	2023	11	17	321	20.6	33.4	19.2	-999.9	0.0	1.8	97274.6	-999.9
Ntarla	2023	11	18	322	21.6	34.0	19.2	-999.9	0.0	2.2	97383.2	-999.9
Ntarla	2023	11	19	323	20.1	34.1	21.1	-999.9	0.0	2.2	97416.8	-999.9
Ntarla	2023	11	20	324	20.1	34.1	20.7	-999.9	0.0	2.2	97394.2	-999.9
Ntarla	2023	11	21	325	19.8	33.2	21.3	-999.9	0.0	2.2	97379.1	-999.9
Ntarla	2023	11	22	326	18.9	32.9	21.2	-999.9	0.0	1.4	97266.2	-999.9
Ntarla	2023	11	23	327	18.3	33.0	20.2	-999.9	0.0	1.4	97232.6	-999.9
Ntarla	2023	11	24	328	17.3	32.5	20.9	-999.9	0.0	1.2	97178.3	-999.9
Ntarla	2023	11	25	329	16.9	32.4	20.8	-999.9	0.0	1.4	97130.9	-999.9
Ntarla	2023	11	26	330	19.2	32.7	20.4	-999.9	0.0	1.6	97291.3	-999.9
Ntarla	2023	11	27	331	21.5	32.7	19.4	-999.9	0.0	1.6	97436.8	-999.9
Ntarla	2023	11	28	332	21.1	33.8	19.5	-999.9	0.0	1.7	97326.9	-999.9
Ntarla	2023	11	29	333	21.3	33.4	19.9	-999.9	0.0	1.7	97284.1	-999.9
Ntarla	2023	11	30	334	20.2	33.9	20.5	-999.9	0.0	1.7	97356.5	-999.9
Ntarla	2023	12	1	335	19.7	34.6	20.2	-999.9	0.0	1.8	97388.3	-999.9
Ntarla	2023	12	2	336	19.5	35.2	20.4	-999.9	0.0	1.8	97387.7	-999.9
Ntarla	2023	12	3	337	18.5	34.3	20.6	-999.9	0.0	2.1	97392.5	-999.9
Ntarla	2023	12	4	338	19.2	33.5	20.6	-999.9	0.0	2.2	97458.5	-999.9
Ntarla	2023	12	5	339	19.2	33.4	20.7	-999.9	0.0	2.0	97440.9	-999.9
Ntarla	2023	12	6	340	18.3	33.7	20.7	-999.9	0.0	1.9	97414.9	-999.9
Ntarla	2023	12	7	341	17.8	33.5	20.5	-999.9	0.0	1.4	97471.0	-999.9
Ntarla	2023	12	8	342	18.1	33.6	20.1	-999.9	0.0	2.3	97528.3	-999.9
Ntarla	2023	12	9	343	19.0	32.8	20.5	-999.9	0.0	2.4	97418.4	-999.9
Ntarla	2023	12	10	344	17.2	32.3	20.8	-999.9	0.0	2.2	97413.9	-999.9
Ntarla	2023	12	11	345	16.6	32.6	20.7	-999.9	0.0	2.1	97404.2	-999.9
Ntarla	2023	12	12	346	18.4	31.9	20.6	-999.9	0.0	2.3	97498.6	-999.9
Ntarla	2023	12	13	347	17.6	30.6	20.7	-999.9	0.0	2.2	97473.3	-999.9
Ntarla	2023	12	14	348	16.1	30.7	20.7	-999.9	0.0	1.9	97407.6	-999.9
Ntarla	2023	12	15	349	17.1	31.2	20.3	-999.9	0.0	2.2	97401.4	-999.9
Ntarla	2023	12	16	350	17.0	31.0	19.8	-999.9	0.0	2.0	97355.6	-999.9
Ntarla	2023	12	17	351	18.1	30.3	18.0	-999.9	0.3	2.3	97404.6	-999.9
Ntarla	2023	12	18	352	18.0	28.9	18.1	-999.9	0.2	2.8	97534.5	-999.9
Ntarla	2023	12	19	353	14.9	27.7	20.5	-999.9	0.0	2.7	97679.6	-999.9
Ntarla	2023	12	20	354	13.5	26.8	20.6	-999.9	0.0	2.6	97816.3	-999.9
Ntarla	2023	12	21	355	13.4	26.8	20.4	-999.9	0.0	2.2	97672.5	-999.9
Ntarla	2023	12	22	356	13.3	29.1	20.3	-999.9	0.0	1.9	97609.3	-999.9
Ntarla	2023	12	23	357	14.8	31.9	20.3	-999.9	0.0	1.8	97568.1	-999.9
Ntarla	2023	12	24	358	18.4	32.9	19.1	-999.9	0.0	2.1	97596.5	-999.9
Ntarla	2023	12	25	359	17.7	31.6	20.5	-999.9	0.0	2.1	97564.0	-999.9
Ntarla	2023	12	26	360	15.8	31.7	20.6	-999.9	0.0	2.1	97506.2	-999.9
Ntarla	2023	12	27	361	15.3	31.7	20.8	-999.9	0.0	1.9	97491.1	-999.9
Ntarla	2023	12	28	362	15.6	31.6	20.8	-999.9	0.0	2.0	97619.2	-999.9
Ntarla	2023	12	29	363	16.3	31.6	20.8	-999.9	0.0	2.3	97559.4	-999.9
Ntarla	2023	12	30	364	15.9	32.4	20.8	-999.9	0.0	1.9	97476.7	-999.9
Ntarla	2023	12	31	365	16.1	33.2	20.7	-999.9	0.0	2.0	97474.7	-999.9
