Ntarla	2007	1	1	1	14.2	28.7	20.8	-999.9	0.0	2.6	97878.5	-999.9
Ntarla	2007	1	2	2	15.4	27.9	18.5	-999.9	0.0	2.8	97908.9	-999.9
Ntarla	2007	1	3	3	15.9	27.9	20.2	-999.9	0.1	2.8	97882.6	-999.9
Ntarla	2007	1	4	4	14.2	27.5	20.7	-999.9	0.0	2.8	97830.6	-999.9
Ntarla	2007	1	5	5	13.8	28.3	20.7	-999.9	0.0	2.5	97787.1	-999.9
Ntarla	2007	1	6	6	14.1	29.5	20.7	-999.9	0.0	2.4	97758.0	-999.9
Ntarla	2007	1	7	7	15.5	31.2	20.6	-999.9	0.0	2.3	97660.4	-999.9
Ntarla	2007	1	8	8	16.9	33.3	20.5	-999.9	0.0	2.1	97500.0	-999.9
Ntarla	2007	1	9	9	18.1	34.2	20.7	-999.9	0.0	2.3	97450.5	-999.9
Ntarla	2007	1	10	10	18.2	34.1	20.8	-999.9	0.0	2.8	97487.5	-999.9
Ntarla	2007	1	11	11	18.6	33.3	20.9	-999.9	0.0	3.1	97569.2	-999.9
Ntarla	2007	1	12	12	18.3	31.8	21.1	-999.9	0.0	3.1	97701.9	-999.9
Ntarla	2007	1	13	13	16.3	30.1	21.3	-999.9	0.0	2.9	97685.5	-999.9
Ntarla	2007	1	14	14	15.4	29.6	21.4	-999.9	0.0	2.9	97655.3	-999.9
Ntarla	2007	1	15	15	14.8	29.5	21.4	-999.9	0.0	2.6	97555.0	-999.9
Ntarla	2007	1	16	16	15.4	31.0	21.0	-999.9	0.0	2.3	97511.4	-999.9
Ntarla	2007	1	17	17	16.3	32.4	21.2	-999.9	0.0	2.5	97538.4	-999.9
Ntarla	2007	1	18	18	17.3	32.2	21.2	-999.9	0.0	2.8	97646.5	-999.9
Ntarla	2007	1	19	19	17.4	31.5	21.4	-999.9	0.0	2.8	97689.0	-999.9
Ntarla	2007	1	20	20	16.2	31.3	21.4	-999.9	0.0	2.5	97645.9	-999.9
Ntarla	2007	1	21	21	16.1	31.5	21.4	-999.9	0.0	2.1	97465.2	-999.9
Ntarla	2007	1	22	22	15.7	32.7	21.5	-999.9	0.0	1.8	97462.5	-999.9
Ntarla	2007	1	23	23	15.7	33.5	21.4	-999.9	0.0	2.0	97541.5	-999.9
Ntarla	2007	1	24	24	17.9	35.2	21.4	-999.9	0.0	2.0	97577.2	-999.9
Ntarla	2007	1	25	25	17.8	35.9	21.6	-999.9	0.0	1.9	97401.2	-999.9
Ntarla	2007	1	26	26	18.2	36.8	21.1	-999.9	0.1	1.7	97265.3	-999.9
Ntarla	2007	1	27	27	19.1	37.6	21.8	-999.9	0.0	2.3	97223.5	-999.9
Ntarla	2007	1	28	28	19.8	37.3	21.9	-999.9	0.0	2.4	97380.6	-999.9
Ntarla	2007	1	29	29	18.9	36.1	22.0	-999.9	0.0	1.9	97375.7	-999.9
Ntarla	2007	1	30	30	17.8	36.4	22.1	-999.9	0.0	2.1	97241.6	-999.9
Ntarla	2007	1	31	31	19.4	35.6	22.2	-999.9	0.0	2.5	97273.0	-999.9
Ntarla	2007	2	1	32	20.0	36.5	21.7	-999.9	0.0	2.5	97373.4	-999.9
Ntarla	2007	2	2	33	19.6	36.6	22.1	-999.9	0.0	2.1	97421.0	-999.9
Ntarla	2007	2	3	34	21.6	37.6	22.2	-999.9	0.0	2.7	97319.6	-999.9
Ntarla	2007	2	4	35	20.9	37.2	22.4	-999.9	0.0	2.3	97311.5	-999.9
Ntarla	2007	2	5	36	19.7	37.1	22.5	-999.9	0.0	1.8	97237.4	-999.9
Ntarla	2007	2	6	37	18.4	37.0	22.4	-999.9	0.0	1.7	97068.4	-999.9
Ntarla	2007	2	7	38	20.3	36.5	20.2	-999.9	0.0	2.3	97086.0	-999.9
Ntarla	2007	2	8	39	20.5	34.9	22.0	-999.9	0.0	2.7	97327.1	-999.9
Ntarla	2007	2	9	40	19.9	34.8	22.4	-999.9	0.0	2.6	97462.4	-999.9
Ntarla	2007	2	10	41	19.9	34.7	22.7	-999.9	0.0	2.9	97493.8	-999.9
Ntarla	2007	2	11	42	19.0	34.5	22.9	-999.9	0.0	2.7	97522.5	-999.9
Ntarla	2007	2	12	43	19.3	34.4	23.1	-999.9	0.0	2.8	97527.2	-999.9
Ntarla	2007	2	13	44	19.6	34.7	23.1	-999.9	0.0	2.8	97532.3	-999.9
Ntarla	2007	2	14	45	18.8	33.8	23.4	-999.9	0.0	2.9	97496.5	-999.9
Ntarla	2007	2	15	46	18.0	33.7	23.5	-999.9	0.0	2.7	97428.2	-999.9
Ntarla	2007	2	16	47	17.6	33.9	23.5	-999.9	0.0	2.2	97264.5	-999.9
Ntarla	2007	2	17	48	17.3	34.5	23.4	-999.9	0.0	2.0	97135.1	-999.9
Ntarla	2007	2	18	49	17.2	35.3	23.3	-999.9	0.0	2.0	97090.3	-999.9
Ntarla	2007	2	19	50	18.8	35.7	21.9	-999.9	0.0	2.0	97042.0	-999.9
Ntarla	2007	2	20	51	19.5	36.1	22.8	-999.9	0.0	2.1	97056.3	-999.9
Ntarla	2007	2	21	52	20.6	34.4	23.3	-999.9	0.0	2.9	97277.2	-999.9
Ntarla	2007	2	22	53	18.6	32.6	23.9	-999.9	0.0	3.0	97567.2	-999.9
Ntarla	2007	2	23	54	17.6	31.8	24.0	-999.9	0.0	2.9	97600.1	-999.9
Ntarla	2007	2	24	55	16.0	32.1	24.3	-999.9	0.0	2.4	97517.3	-999.9
Ntarla	2007	2	25	56	16.2	33.1	24.4	-999.9	0.0	2.3	97498.5	-999.9
Ntarla	2007	2	26	57	16.6	34.3	24.2	-999.9	0.0	2.2	97495.5	-999.9
Ntarla	2007	2	27	58	18.8	35.1	24.2	-999.9	0.0	2.8	97445.3	-999.9
Ntarla	2007	2	28	59	19.6	34.8	24.2	-999.9	0.0	2.8	97342.4	-999.9
Ntarla	2007	3	1	60	19.6	35.7	24.4	-999.9	0.0	2.9	97266.9	-999.9
Ntarla	2007	3	2	61	20.5	35.9	24.3	-999.9	0.0	3.0	97295.3	-999.9
Ntarla	2007	3	3	62	21.4	36.4	24.4	-999.9	0.0	2.8	97278.2	-999.9
Ntarla	2007	3	4	63	21.4	37.2	24.5	-999.9	0.0	2.8	97238.8	-999.9
Ntarla	2007	3	5	64	21.2	37.7	24.8	-999.9	0.0	2.8	97255.5	-999.9
Ntarla	2007	3	6	65	21.8	37.6	24.4	-999.9	2.1	2.8	97324.3	-999.9
Ntarla	2007	3	7	66	21.3	37.2	25.1	-999.9	0.0	2.9	97419.1	-999.9
Ntarla	2007	3	8	67	20.1	36.4	24.9	-999.9	0.0	2.7	97318.0	-999.9
Ntarla	2007	3	9	68	19.9	36.3	25.5	-999.9	0.0	2.6	97287.6	-999.9
Ntarla	2007	3	10	69	20.5	34.6	25.4	-999.9	0.0	3.1	97390.1	-999.9
Ntarla	2007	3	11	70	18.5	34.7	25.1	-999.9	0.0	2.7	97399.9	-999.9
Ntarla	2007	3	12	71	19.5	34.8	25.2	-999.9	0.0	2.7	97349.8	-999.9
Ntarla	2007	3	13	72	19.6	35.8	24.8	-999.9	0.0	2.5	97266.6	-999.9
Ntarla	2007	3	14	73	20.8	37.6	25.0	-999.9	0.0	2.2	97143.5	-999.9
Ntarla	2007	3	15	74	19.6	38.5	24.9	-999.9	0.0	1.7	97061.2	-999.9
Ntarla	2007	3	16	75	21.4	39.0	23.8	-999.9	0.0	1.8	97023.9	-999.9
Ntarla	2007	3	17	76	23.5	38.8	24.5	-999.9	0.0	1.7	97064.8	-999.9
Ntarla	2007	3	18	77	23.6	39.6	24.8	-999.9	0.0	2.0	97089.7	-999.9
Ntarla	2007	3	19	78	23.2	39.1	24.4	-999.9	0.0	1.5	97063.5	-999.9
Ntarla	2007	3	20	79	25.6	39.2	24.0	-999.9	0.0	2.2	96936.8	-999.9
Ntarla	2007	3	21	80	27.3	39.5	23.1	-999.9	0.0	1.7	96859.4	-999.9
Ntarla	2007	3	22	81	28.4	39.6	24.7	-999.9	0.0	3.0	96998.7	-999.9
Ntarla	2007	3	23	82	25.3	38.9	24.6	-999.9	0.0	2.9	97108.1	-999.9
Ntarla	2007	3	24	83	26.5	40.0	24.7	-999.9	0.0	2.9	97099.9	-999.9
Ntarla	2007	3	25	84	24.7	39.9	24.0	-999.9	0.0	3.0	97121.1	-999.9
Ntarla	2007	3	26	85	22.5	40.2	25.3	-999.9	0.0	2.2	97018.4	-999.9
Ntarla	2007	3	27	86	26.2	38.4	22.5	-999.9	0.0	2.0	96982.6	-999.9
Ntarla	2007	3	28	87	27.3	38.0	24.7	-999.9	0.0	2.7	97049.9	-999.9
Ntarla	2007	3	29	88	25.5	38.7	24.2	-999.9	0.0	1.8	97095.3	-999.9
Ntarla	2007	3	30	89	26.2	39.0	24.8	-999.9	0.0	2.2	96963.4	-999.9
Ntarla	2007	3	31	90	25.3	39.8	25.0	-999.9	0.0	1.8	96855.2	-999.9
Ntarla	2007	4	1	91	26.6	40.0	24.9	-999.9	0.9	1.8	96835.8	-999.9
Ntarla	2007	4	2	92	27.9	39.6	24.3	-999.9	0.9	2.2	96926.7	-999.9
Ntarla	2007	4	3	93	25.9	40.3	24.6	-999.9	0.0	1.9	96860.1	-999.9
Ntarla	2007	4	4	94	27.1	40.9	24.4	-999.9	0.0	1.9	96743.6	-999.9
Ntarla	2007	4	5	95	27.6	39.6	23.6	-999.9	0.0	2.4	96886.2	-999.9
Ntarla	2007	4	6	96	27.9	39.5	24.4	-999.9	0.0	2.1	97050.9	-999.9
Ntarla	2007	4	7	97	26.1	38.6	25.5	-999.9	0.0	2.0	97251.1	-999.9
Ntarla	2007	4	8	98	23.0	36.7	19.2	-999.9	0.0	1.7	97305.3	-999.9
Ntarla	2007	4	9	99	23.8	39.3	25.0	-999.9	0.0	1.4	97190.6	-999.9
Ntarla	2007	4	10	100	25.0	40.3	25.7	-999.9	0.0	1.5	97111.2	-999.9
Ntarla	2007	4	11	101	25.1	40.5	24.7	-999.9	0.0	1.9	97064.9	-999.9
Ntarla	2007	4	12	102	28.4	39.5	23.3	-999.9	0.0	2.3	96936.4	-999.9
Ntarla	2007	4	13	103	28.3	39.0	24.9	-999.9	0.0	1.7	97044.1	-999.9
Ntarla	2007	4	14	104	28.1	39.2	23.0	-999.9	0.0	1.7	97101.3	-999.9
Ntarla	2007	4	15	105	29.4	39.7	23.3	-999.9	0.0	2.0	97065.3	-999.9
Ntarla	2007	4	16	106	27.7	39.7	24.8	-999.9	0.0	2.3	96984.0	-999.9
Ntarla	2007	4	17	107	27.8	39.3	23.8	-999.9	0.0	2.3	96927.5	-999.9
Ntarla	2007	4	18	108	29.0	37.8	21.9	-999.9	1.2	3.0	97049.0	-999.9
Ntarla	2007	4	19	109	27.1	37.7	22.3	-999.9	1.2	1.9	97094.5	-999.9
Ntarla	2007	4	20	110	27.2	38.0	22.8	-999.9	1.2	2.1	97069.2	-999.9
Ntarla	2007	4	21	111	24.9	37.9	23.5	-999.9	3.6	1.6	97033.9	-999.9
Ntarla	2007	4	22	112	24.7	36.3	19.6	-999.9	2.4	1.6	97048.2	-999.9
Ntarla	2007	4	23	113	24.5	36.4	21.5	-999.9	0.0	2.0	97185.1	-999.9
Ntarla	2007	4	24	114	26.5	37.2	22.9	-999.9	0.0	1.9	96969.9	-999.9
Ntarla	2007	4	25	115	26.2	37.1	23.6	-999.9	0.0	2.4	96868.7	-999.9
Ntarla	2007	4	26	116	26.4	38.3	24.1	-999.9	0.0	2.9	96860.8	-999.9
Ntarla	2007	4	27	117	26.2	37.6	23.7	-999.9	0.0	3.0	97090.6	-999.9
Ntarla	2007	4	28	118	27.6	36.7	21.8	-999.9	0.0	2.2	97299.1	-999.9
Ntarla	2007	4	29	119	27.3	38.4	20.2	-999.9	1.7	2.7	97164.9	-999.9
Ntarla	2007	4	30	120	25.1	36.6	20.4	-999.9	3.3	2.2	97135.6	-999.9
Ntarla	2007	5	1	121	27.2	36.1	21.8	-999.9	0.0	1.9	97133.3	-999.9
Ntarla	2007	5	2	122	26.2	35.9	21.0	-999.9	0.0	1.8	97260.4	-999.9
Ntarla	2007	5	3	123	26.7	35.9	22.0	-999.9	0.0	1.7	97188.0	-999.9
Ntarla	2007	5	4	124	26.8	38.0	23.3	-999.9	0.0	2.3	97030.8	-999.9
Ntarla	2007	5	5	125	28.0	38.8	24.1	-999.9	0.0	2.3	96956.1	-999.9
Ntarla	2007	5	6	126	27.2	38.8	25.0	-999.9	0.0	2.6	97003.3	-999.9
Ntarla	2007	5	7	127	26.5	38.4	24.1	-999.9	3.2	1.9	97116.7	-999.9
Ntarla	2007	5	8	128	26.1	37.1	22.7	-999.9	1.6	1.7	97155.9	-999.9
Ntarla	2007	5	9	129	26.0	35.9	17.6	-999.9	0.0	1.7	97218.4	-999.9
Ntarla	2007	5	10	130	22.6	39.5	26.3	-999.9	0.0	2.0	97111.1	-999.9
Ntarla	2007	5	11	131	23.9	40.1	26.1	-999.9	0.0	1.9	97077.2	-999.9
Ntarla	2007	5	12	132	27.3	39.6	24.5	-999.9	0.0	2.6	97149.1	-999.9
Ntarla	2007	5	13	133	27.5	39.1	24.9	-999.9	0.0	2.4	97172.8	-999.9
Ntarla	2007	5	14	134	27.1	37.7	22.3	-999.9	0.0	3.0	97303.7	-999.9
Ntarla	2007	5	15	135	25.8	37.1	24.4	-999.9	0.0	2.5	97262.3	-999.9
Ntarla	2007	5	16	136	27.0	36.7	22.4	-999.9	1.3	2.6	97285.4	-999.9
Ntarla	2007	5	17	137	25.8	36.4	22.8	-999.9	0.0	2.0	97329.9	-999.9
Ntarla	2007	5	18	138	26.8	37.9	22.5	-999.9	0.0	2.0	97183.6	-999.9
Ntarla	2007	5	19	139	27.9	37.6	23.6	-999.9	1.3	2.1	97122.5	-999.9
Ntarla	2007	5	20	140	27.3	37.8	23.9	-999.9	0.0	2.1	97131.9	-999.9
Ntarla	2007	5	21	141	27.1	40.1	24.8	-999.9	0.0	2.6	96980.1	-999.9
Ntarla	2007	5	22	142	27.9	39.4	24.2	-999.9	0.0	2.5	96882.8	-999.9
Ntarla	2007	5	23	143	28.5	38.7	24.3	-999.9	3.3	2.7	96955.1	-999.9
Ntarla	2007	5	24	144	28.2	38.3	24.5	-999.9	3.3	2.2	97065.8	-999.9
Ntarla	2007	5	25	145	27.6	37.6	24.8	-999.9	3.3	2.3	97232.4	-999.9
Ntarla	2007	5	26	146	26.7	38.4	24.8	-999.9	3.4	1.7	97190.4	-999.9
Ntarla	2007	5	27	147	26.7	37.9	24.3	-999.9	0.0	2.1	97222.5	-999.9
Ntarla	2007	5	28	148	26.2	37.9	24.2	-999.9	1.7	3.1	97172.5	-999.9
Ntarla	2007	5	29	149	26.7	36.5	24.5	-999.9	0.0	2.4	97175.0	-999.9
Ntarla	2007	5	30	150	27.2	37.5	23.0	-999.9	3.4	2.1	97226.4	-999.9
Ntarla	2007	5	31	151	27.0	36.7	24.6	-999.9	0.0	2.2	97235.4	-999.9
Ntarla	2007	6	1	152	27.2	36.9	24.7	-999.9	2.6	2.7	97245.2	-999.9
Ntarla	2007	6	2	153	27.4	39.5	24.1	-999.9	5.1	3.1	97017.4	-999.9
Ntarla	2007	6	3	154	26.2	36.7	23.2	-999.9	0.0	3.2	97057.2	-999.9
Ntarla	2007	6	4	155	27.2	37.1	24.0	-999.9	0.0	3.2	97268.1	-999.9
Ntarla	2007	6	5	156	27.0	37.6	24.5	-999.9	2.6	2.5	97308.0	-999.9
Ntarla	2007	6	6	157	26.1	36.7	22.1	-999.9	7.6	2.9	97294.2	-999.9
Ntarla	2007	6	7	158	26.4	35.3	22.1	-999.9	0.0	2.4	97287.2	-999.9
Ntarla	2007	6	8	159	26.4	34.8	21.6	-999.9	0.0	2.2	97379.0	-999.9
Ntarla	2007	6	9	160	25.8	36.0	24.1	-999.9	0.0	2.2	97288.5	-999.9
Ntarla	2007	6	10	161	26.2	38.5	24.1	-999.9	0.0	2.9	97153.9	-999.9
Ntarla	2007	6	11	162	26.9	37.6	24.0	-999.9	8.8	3.1	97170.4	-999.9
Ntarla	2007	6	12	163	25.9	36.7	24.7	-999.9	0.0	3.1	97229.3	-999.9
Ntarla	2007	6	13	164	26.4	36.2	24.5	-999.9	0.0	2.2	97293.4	-999.9
Ntarla	2007	6	14	165	24.2	35.8	22.8	-999.9	2.9	2.0	97350.0	-999.9
Ntarla	2007	6	15	166	25.3	36.8	25.0	-999.9	0.0	2.6	97269.7	-999.9
Ntarla	2007	6	16	167	27.5	38.0	24.3	-999.9	0.0	3.2	97174.4	-999.9
Ntarla	2007	6	17	168	25.5	35.7	23.6	-999.9	14.7	2.8	97259.1	-999.9
Ntarla	2007	6	18	169	26.3	36.5	23.8	-999.9	0.0	2.2	97285.3	-999.9
Ntarla	2007	6	19	170	25.9	37.4	24.3	-999.9	7.3	2.0	97358.1	-999.9
Ntarla	2007	6	20	171	26.9	37.7	24.7	-999.9	0.0	3.2	97258.4	-999.9
Ntarla	2007	6	21	172	26.5	36.4	24.0	-999.9	0.0	3.6	97179.3	-999.9
Ntarla	2007	6	22	173	25.2	32.7	22.5	-999.9	8.7	2.5	97224.3	-999.9
Ntarla	2007	6	23	174	23.5	33.5	24.1	-999.9	0.0	2.3	97208.2	-999.9
Ntarla	2007	6	24	175	24.4	32.3	22.1	-999.9	4.3	2.3	97382.2	-999.9
Ntarla	2007	6	25	176	25.8	32.2	20.3	-999.9	4.3	2.7	97467.4	-999.9
Ntarla	2007	6	26	177	24.2	33.5	22.7	-999.9	0.0	2.3	97460.5	-999.9
Ntarla	2007	6	27	178	25.4	32.2	20.5	-999.9	0.0	2.3	97349.6	-999.9
Ntarla	2007	6	28	179	25.6	33.7	21.8	-999.9	0.0	2.8	97294.9	-999.9
Ntarla	2007	6	29	180	26.2	34.8	23.6	-999.9	0.0	3.1	97346.9	-999.9
Ntarla	2007	6	30	181	25.6	33.0	21.2	-999.9	15.6	2.5	97467.4	-999.9
Ntarla	2007	7	1	182	23.5	30.6	17.5	-999.9	7.7	2.4	97570.7	-999.9
Ntarla	2007	7	2	183	23.1	28.8	12.6	-999.9	3.9	1.8	97569.8	-999.9
Ntarla	2007	7	3	184	22.9	30.3	19.3	-999.9	0.0	2.3	97595.3	-999.9
Ntarla	2007	7	4	185	23.1	32.2	20.8	-999.9	3.9	2.1	97683.8	-999.9
Ntarla	2007	7	5	186	23.9	33.2	23.6	-999.9	0.0	2.2	97608.6	-999.9
Ntarla	2007	7	6	187	24.9	34.2	24.4	-999.9	0.0	2.9	97351.2	-999.9
Ntarla	2007	7	7	188	25.6	32.9	19.2	-999.9	0.0	3.0	97273.3	-999.9
Ntarla	2007	7	8	189	24.6	33.5	22.9	-999.9	13.9	2.3	97420.3	-999.9
Ntarla	2007	7	9	190	24.9	33.7	23.8	-999.9	0.0	2.4	97470.1	-999.9
Ntarla	2007	7	10	191	24.1	31.3	18.8	-999.9	27.7	1.7	97415.0	-999.9
Ntarla	2007	7	11	192	24.0	31.8	21.4	-999.9	0.0	1.5	97414.2	-999.9
Ntarla	2007	7	12	193	23.6	31.9	19.8	-999.9	3.4	2.1	97401.6	-999.9
Ntarla	2007	7	13	194	24.9	33.0	22.1	-999.9	6.7	3.0	97259.9	-999.9
Ntarla	2007	7	14	195	24.4	32.8	23.6	-999.9	6.7	3.2	97240.9	-999.9
Ntarla	2007	7	15	196	23.1	27.5	11.6	-999.9	13.4	2.1	97383.8	-999.9
Ntarla	2007	7	16	197	22.1	30.7	20.9	-999.9	0.0	1.7	97476.7	-999.9
Ntarla	2007	7	17	198	23.3	31.5	22.4	-999.9	6.2	1.8	97402.4	-999.9
Ntarla	2007	7	18	199	23.9	28.6	12.0	-999.9	12.4	2.4	97289.8	-999.9
Ntarla	2007	7	19	200	23.0	30.7	20.7	-999.9	0.0	2.0	97242.7	-999.9
Ntarla	2007	7	20	201	22.9	30.5	22.0	-999.9	0.0	2.4	97341.3	-999.9
Ntarla	2007	7	21	202	23.3	29.7	17.4	-999.9	5.6	2.4	97349.4	-999.9
Ntarla	2007	7	22	203	23.0	30.7	20.4	-999.9	5.6	2.0	97304.9	-999.9
Ntarla	2007	7	23	204	22.8	28.7	15.1	-999.9	5.6	1.3	97331.7	-999.9
Ntarla	2007	7	24	205	22.3	28.8	17.1	-999.9	11.2	2.2	97450.8	-999.9
Ntarla	2007	7	25	206	22.6	30.4	19.5	-999.9	0.0	2.2	97429.1	-999.9
Ntarla	2007	7	26	207	23.0	27.1	11.3	-999.9	26.5	2.0	97234.0	-999.9
Ntarla	2007	7	27	208	21.9	29.8	21.4	-999.9	0.0	2.1	97221.6	-999.9
Ntarla	2007	7	28	209	22.4	28.8	17.8	-999.9	0.0	2.5	97356.9	-999.9
Ntarla	2007	7	29	210	22.7	28.7	17.0	-999.9	6.6	1.8	97327.4	-999.9
Ntarla	2007	7	30	211	22.1	28.9	19.5	-999.9	0.0	1.8	97305.9	-999.9
Ntarla	2007	7	31	212	22.7	29.1	16.8	-999.9	0.0	2.4	97409.6	-999.9
Ntarla	2007	8	1	213	22.8	27.0	12.6	-999.9	22.0	1.9	97511.2	-999.9
Ntarla	2007	8	2	214	22.1	29.6	20.0	-999.9	0.0	2.0	97516.9	-999.9
Ntarla	2007	8	3	215	23.1	29.4	17.2	-999.9	22.0	1.4	97504.7	-999.9
Ntarla	2007	8	4	216	22.7	30.0	17.9	-999.9	0.0	2.3	97424.2	-999.9
Ntarla	2007	8	5	217	23.0	29.4	16.5	-999.9	32.9	3.3	97258.3	-999.9
Ntarla	2007	8	6	218	22.4	28.0	13.3	-999.9	27.7	3.2	97238.7	-999.9
Ntarla	2007	8	7	219	22.2	28.8	16.9	-999.9	13.8	2.0	97482.7	-999.9
Ntarla	2007	8	8	220	22.1	28.7	17.0	-999.9	13.8	1.6	97485.6	-999.9
Ntarla	2007	8	9	221	22.9	29.4	14.0	-999.9	41.5	1.9	97329.8	-999.9
Ntarla	2007	8	10	222	22.0	29.8	19.5	-999.9	0.0	1.4	97277.3	-999.9
Ntarla	2007	8	11	223	22.9	29.7	20.9	-999.9	8.0	1.7	97325.1	-999.9
Ntarla	2007	8	12	224	22.4	29.2	20.0	-999.9	8.0	1.7	97396.2	-999.9
Ntarla	2007	8	13	225	22.4	30.0	21.8	-999.9	8.0	1.3	97322.6	-999.9
Ntarla	2007	8	14	226	22.7	30.0	20.8	-999.9	8.0	1.7	97251.6	-999.9
Ntarla	2007	8	15	227	22.6	26.5	10.2	-999.9	8.0	1.8	97283.5	-999.9
Ntarla	2007	8	16	228	22.0	28.8	18.2	-999.9	0.0	2.5	97378.8	-999.9
Ntarla	2007	8	17	229	21.6	29.9	20.4	-999.9	24.0	1.9	97344.5	-999.9
Ntarla	2007	8	18	230	23.2	29.0	20.0	-999.9	0.0	1.6	97359.6	-999.9
Ntarla	2007	8	19	231	22.1	30.1	22.1	-999.9	0.0	1.4	97397.0	-999.9
Ntarla	2007	8	20	232	23.0	30.1	20.8	-999.9	12.0	1.6	97395.0	-999.9
Ntarla	2007	8	21	233	22.6	28.6	14.5	-999.9	16.6	1.7	97368.3	-999.9
Ntarla	2007	8	22	234	21.9	28.8	17.6	-999.9	0.0	1.5	97357.7	-999.9
Ntarla	2007	8	23	235	22.4	29.3	21.1	-999.9	5.5	1.6	97249.9	-999.9
Ntarla	2007	8	24	236	22.5	29.3	16.7	-999.9	16.6	1.8	97123.5	-999.9
Ntarla	2007	8	25	237	22.3	27.7	15.7	-999.9	0.0	1.6	97143.7	-999.9
Ntarla	2007	8	26	238	22.3	27.3	13.9	-999.9	18.4	1.9	97258.8	-999.9
Ntarla	2007	8	27	239	21.7	26.3	11.9	-999.9	12.3	1.8	97304.9	-999.9
Ntarla	2007	8	28	240	22.1	26.7	12.8	-999.9	36.8	2.3	97359.5	-999.9
Ntarla	2007	8	29	241	21.8	27.2	16.6	-999.9	0.0	2.5	97443.7	-999.9
Ntarla	2007	8	30	242	21.4	28.4	17.9	-999.9	18.4	1.9	97461.1	-999.9
Ntarla	2007	8	31	243	22.0	28.4	17.9	-999.9	0.0	1.6	97364.2	-999.9
Ntarla	2007	9	1	244	22.3	28.3	18.0	-999.9	13.6	1.9	97418.4	-999.9
Ntarla	2007	9	2	245	21.6	26.8	17.1	-999.9	0.0	2.3	97557.1	-999.9
Ntarla	2007	9	3	246	21.8	28.7	19.4	-999.9	0.0	2.0	97539.6	-999.9
Ntarla	2007	9	4	247	21.6	29.0	16.0	-999.9	9.0	1.7	97404.9	-999.9
Ntarla	2007	9	5	248	22.0	28.4	17.6	-999.9	0.0	1.5	97376.2	-999.9
Ntarla	2007	9	6	249	22.0	27.4	14.1	-999.9	0.0	1.5	97463.4	-999.9
Ntarla	2007	9	7	250	21.9	27.8	16.5	-999.9	0.0	1.8	97481.6	-999.9
Ntarla	2007	9	8	251	22.2	29.3	20.8	-999.9	0.0	1.7	97512.1	-999.9
Ntarla	2007	9	9	252	21.8	30.3	19.8	-999.9	22.8	1.5	97408.9	-999.9
Ntarla	2007	9	10	253	22.1	28.3	17.2	-999.9	22.8	1.8	97430.2	-999.9
Ntarla	2007	9	11	254	21.7	28.4	18.2	-999.9	4.6	2.1	97500.4	-999.9
Ntarla	2007	9	12	255	20.6	29.9	23.0	-999.9	0.0	1.2	97508.0	-999.9
Ntarla	2007	9	13	256	22.5	30.9	22.7	-999.9	9.2	1.3	97425.4	-999.9
Ntarla	2007	9	14	257	22.1	30.4	22.4	-999.9	4.6	1.5	97371.0	-999.9
Ntarla	2007	9	15	258	22.3	28.9	19.5	-999.9	0.0	1.3	97409.4	-999.9
Ntarla	2007	9	16	259	21.3	30.2	23.2	-999.9	0.0	1.1	97311.0	-999.9
Ntarla	2007	9	17	260	23.2	30.3	22.0	-999.9	0.0	1.6	97339.5	-999.9
Ntarla	2007	9	18	261	23.2	30.5	21.2	-999.9	0.0	1.1	97412.8	-999.9
Ntarla	2007	9	19	262	23.2	28.3	15.9	-999.9	6.2	1.6	97460.5	-999.9
Ntarla	2007	9	20	263	21.4	30.3	21.3	-999.9	0.0	1.1	97477.6	-999.9
Ntarla	2007	9	21	264	23.1	30.4	23.0	-999.9	5.7	1.2	97471.4	-999.9
Ntarla	2007	9	22	265	22.7	31.1	22.8	-999.9	0.0	1.4	97397.8	-999.9
Ntarla	2007	9	23	266	21.8	32.0	23.2	-999.9	0.0	1.5	97374.1	-999.9
Ntarla	2007	9	24	267	22.7	31.1	23.2	-999.9	0.0	1.6	97444.3	-999.9
Ntarla	2007	9	25	268	23.3	31.2	23.4	-999.9	11.5	1.5	97456.9	-999.9
Ntarla	2007	9	26	269	22.5	31.2	22.8	-999.9	0.0	1.4	97511.1	-999.9
Ntarla	2007	9	27	270	23.1	30.6	21.0	-999.9	4.8	1.3	97460.1	-999.9
Ntarla	2007	9	28	271	22.3	30.6	20.4	-999.9	0.0	1.5	97487.3	-999.9
Ntarla	2007	9	29	272	23.0	31.1	23.0	-999.9	4.8	1.4	97589.6	-999.9
Ntarla	2007	9	30	273	23.2	31.1	22.2	-999.9	0.0	1.4	97617.8	-999.9
Ntarla	2007	10	1	274	22.3	33.2	22.8	-999.9	0.0	1.2	97514.0	-999.9
Ntarla	2007	10	2	275	22.0	33.0	23.6	-999.9	2.9	1.5	97377.0	-999.9
Ntarla	2007	10	3	276	23.2	32.7	23.1	-999.9	2.9	1.6	97356.9	-999.9
Ntarla	2007	10	4	277	23.3	31.8	21.7	-999.9	2.9	1.3	97416.6	-999.9
Ntarla	2007	10	5	278	22.8	32.8	23.1	-999.9	0.0	1.7	97416.1	-999.9
Ntarla	2007	10	6	279	22.3	33.4	23.1	-999.9	0.0	1.5	97291.2	-999.9
Ntarla	2007	10	7	280	23.8	33.4	22.2	-999.9	0.0	1.8	97267.6	-999.9
Ntarla	2007	10	8	281	23.0	32.7	22.6	-999.9	4.3	1.5	97338.9	-999.9
Ntarla	2007	10	9	282	24.9	32.6	21.8	-999.9	2.1	1.7	97301.0	-999.9
Ntarla	2007	10	10	283	23.6	32.2	20.8	-999.9	4.3	1.2	97250.3	-999.9
Ntarla	2007	10	11	284	22.1	30.8	20.6	-999.9	0.0	1.2	97213.1	-999.9
Ntarla	2007	10	12	285	24.2	31.2	20.6	-999.9	0.0	1.3	97224.5	-999.9
Ntarla	2007	10	13	286	23.3	32.9	20.5	-999.9	0.0	1.2	97258.5	-999.9
Ntarla	2007	10	14	287	22.5	33.2	20.9	-999.9	0.0	1.5	97242.5	-999.9
Ntarla	2007	10	15	288	23.2	33.4	22.0	-999.9	0.0	1.6	97242.7	-999.9
Ntarla	2007	10	16	289	22.7	34.2	21.5	-999.9	0.0	1.6	97306.3	-999.9
Ntarla	2007	10	17	290	23.4	33.7	21.1	-999.9	2.5	1.5	97355.5	-999.9
Ntarla	2007	10	18	291	23.6	33.9	21.0	-999.9	2.5	1.5	97293.4	-999.9
Ntarla	2007	10	19	292	24.6	33.1	20.2	-999.9	5.0	1.8	97307.7	-999.9
Ntarla	2007	10	20	293	23.1	32.7	20.2	-999.9	5.0	1.7	97328.1	-999.9
Ntarla	2007	10	21	294	23.3	30.8	18.5	-999.9	0.0	1.2	97447.9	-999.9
Ntarla	2007	10	22	295	22.1	30.8	20.5	-999.9	7.6	1.3	97463.5	-999.9
Ntarla	2007	10	23	296	22.6	32.8	21.3	-999.9	3.8	1.5	97346.9	-999.9
Ntarla	2007	10	24	297	22.2	32.3	20.9	-999.9	0.0	1.6	97287.0	-999.9
Ntarla	2007	10	25	298	20.3	33.6	23.1	-999.9	0.0	1.5	97296.0	-999.9
Ntarla	2007	10	26	299	18.3	33.4	21.0	-999.9	0.0	1.3	97311.4	-999.9
Ntarla	2007	10	27	300	22.0	33.0	20.6	-999.9	0.0	1.7	97344.5	-999.9
Ntarla	2007	10	28	301	22.9	31.5	17.3	-999.9	0.0	1.7	97364.5	-999.9
Ntarla	2007	10	29	302	22.8	32.8	21.1	-999.9	0.0	1.5	97303.6	-999.9
Ntarla	2007	10	30	303	22.7	32.8	20.8	-999.9	0.0	1.6	97095.1	-999.9
Ntarla	2007	10	31	304	23.3	32.9	20.3	-999.9	2.5	1.6	97053.1	-999.9
Ntarla	2007	11	1	305	23.3	32.6	19.2	-999.9	0.0	1.5	97237.9	-999.9
Ntarla	2007	11	2	306	23.5	34.4	18.8	-999.9	0.0	1.5	97226.3	-999.9
Ntarla	2007	11	3	307	18.7	34.7	21.8	-999.9	0.0	1.7	97105.7	-999.9
Ntarla	2007	11	4	308	20.3	34.2	21.7	-999.9	0.0	1.2	97071.0	-999.9
Ntarla	2007	11	5	309	19.0	33.8	22.2	-999.9	0.0	1.6	97230.2	-999.9
Ntarla	2007	11	6	310	19.8	33.7	22.7	-999.9	0.0	2.7	97388.8	-999.9
Ntarla	2007	11	7	311	19.5	32.5	22.7	-999.9	0.0	2.2	97336.6	-999.9
Ntarla	2007	11	8	312	19.0	33.2	22.4	-999.9	0.0	2.4	97243.0	-999.9
Ntarla	2007	11	9	313	19.9	33.0	22.3	-999.9	0.0	2.3	97212.4	-999.9
Ntarla	2007	11	10	314	20.3	33.9	21.6	-999.9	0.0	2.1	97212.5	-999.9
Ntarla	2007	11	11	315	21.8	33.1	19.6	-999.9	0.0	2.3	97261.2	-999.9
Ntarla	2007	11	12	316	23.2	33.8	20.7	-999.9	0.0	2.6	97338.5	-999.9
Ntarla	2007	11	13	317	21.9	33.7	21.2	-999.9	0.0	2.7	97371.6	-999.9
Ntarla	2007	11	14	318	20.4	33.2	21.5	-999.9	0.0	2.1	97263.3	-999.9
Ntarla	2007	11	15	319	19.1	33.3	21.3	-999.9	0.0	1.4	97198.3	-999.9
Ntarla	2007	11	16	320	18.9	33.1	19.8	-999.9	0.0	1.0	97292.9	-999.9
Ntarla	2007	11	17	321	19.3	32.8	17.8	-999.9	0.0	1.6	97330.5	-999.9
Ntarla	2007	11	18	322	22.2	34.2	20.3	-999.9	0.0	1.6	97234.6	-999.9
Ntarla	2007	11	19	323	20.4	34.9	21.4	-999.9	0.0	2.5	97236.8	-999.9
Ntarla	2007	11	20	324	21.4	34.9	21.5	-999.9	0.0	2.9	97365.4	-999.9
Ntarla	2007	11	21	325	20.2	34.1	21.6	-999.9	0.0	2.6	97442.8	-999.9
Ntarla	2007	11	22	326	17.8	34.4	21.0	-999.9	0.0	1.7	97329.1	-999.9
Ntarla	2007	11	23	327	18.3	33.7	20.1	-999.9	0.0	1.1	97293.4	-999.9
Ntarla	2007	11	24	328	19.3	34.0	20.5	-999.9	0.0	1.8	97220.3	-999.9
Ntarla	2007	11	25	329	19.9	33.6	19.6	-999.9	0.0	1.3	97227.2	-999.9
Ntarla	2007	11	26	330	21.0	32.9	18.9	-999.9	0.0	1.0	97304.4	-999.9
Ntarla	2007	11	27	331	21.3	32.2	19.2	-999.9	0.0	2.1	97295.6	-999.9
Ntarla	2007	11	28	332	20.4	30.8	18.7	-999.9	0.0	2.2	97260.6	-999.9
Ntarla	2007	11	29	333	20.2	31.5	18.9	-999.9	0.0	1.9	97171.0	-999.9
Ntarla	2007	11	30	334	19.8	32.5	20.1	-999.9	0.0	1.8	97196.5	-999.9
Ntarla	2007	12	1	335	20.4	31.3	17.9	-999.9	0.0	2.4	97359.2	-999.9
Ntarla	2007	12	2	336	21.1	29.2	17.1	-999.9	0.0	3.5	97484.0	-999.9
Ntarla	2007	12	3	337	19.4	26.6	14.7	-999.9	0.0	2.5	97461.6	-999.9
Ntarla	2007	12	4	338	18.0	27.2	17.4	-999.9	0.0	2.7	97479.5	-999.9
Ntarla	2007	12	5	339	15.7	27.5	20.2	-999.9	0.0	2.7	97608.0	-999.9
Ntarla	2007	12	6	340	15.4	27.7	20.1	-999.9	0.0	2.4	97653.5	-999.9
Ntarla	2007	12	7	341	15.6	28.4	19.8	-999.9	0.0	2.2	97672.4	-999.9
Ntarla	2007	12	8	342	16.1	29.8	19.9	-999.9	0.0	2.0	97615.5	-999.9
Ntarla	2007	12	9	343	17.1	30.8	20.0	-999.9	0.0	1.9	97457.4	-999.9
Ntarla	2007	12	10	344	19.3	33.2	19.8	-999.9	0.0	2.0	97384.0	-999.9
Ntarla	2007	12	11	345	21.0	33.1	19.9	-999.9	0.0	3.0	97434.3	-999.9
Ntarla	2007	12	12	346	19.9	32.4	20.4	-999.9	0.0	2.7	97508.9	-999.9
Ntarla	2007	12	13	347	17.4	32.0	20.4	-999.9	0.0	2.0	97473.4	-999.9
Ntarla	2007	12	14	348	18.2	32.4	20.3	-999.9	0.0	2.3	97276.1	-999.9
Ntarla	2007	12	15	349	17.5	32.2	20.3	-999.9	0.0	2.1	97103.5	-999.9
Ntarla	2007	12	16	350	17.9	32.7	20.2	-999.9	0.0	2.4	97195.4	-999.9
Ntarla	2007	12	17	351	17.7	32.6	20.2	-999.9	0.0	2.2	97369.2	-999.9
Ntarla	2007	12	18	352	18.4	34.1	20.2	-999.9	0.0	2.2	97400.8	-999.9
Ntarla	2007	12	19	353	18.9	34.6	20.2	-999.9	0.0	2.3	97391.8	-999.9
Ntarla	2007	12	20	354	18.3	34.4	20.5	-999.9	0.0	2.5	97398.2	-999.9
Ntarla	2007	12	21	355	18.9	33.5	20.7	-999.9	0.0	2.6	97390.5	-999.9
Ntarla	2007	12	22	356	18.1	32.6	20.6	-999.9	0.0	2.4	97448.0	-999.9
Ntarla	2007	12	23	357	17.4	32.2	20.6	-999.9	0.0	2.1	97460.3	-999.9
Ntarla	2007	12	24	358	16.9	32.5	20.8	-999.9	0.0	2.0	97442.9	-999.9
Ntarla	2007	12	25	359	16.4	32.1	20.9	-999.9	0.0	2.1	97396.1	-999.9
Ntarla	2007	12	26	360	17.0	32.0	20.8	-999.9	0.0	2.4	97393.1	-999.9
Ntarla	2007	12	27	361	15.7	31.3	20.8	-999.9	0.0	2.1	97388.9	-999.9
Ntarla	2007	12	28	362	15.5	31.6	20.7	-999.9	0.0	2.1	97380.8	-999.9
Ntarla	2007	12	29	363	16.2	31.2	20.7	-999.9	0.0	2.4	97394.3	-999.9
Ntarla	2007	12	30	364	15.4	29.7	20.7	-999.9	0.0	2.6	97378.2	-999.9
Ntarla	2007	12	31	365	14.4	28.6	20.0	-999.9	0.0	2.5	97458.3	-999.9
