Ntarla	1982	1	1	1	17.5	34.3	20.7	-999.9	0.0	2.1	97259.3	-999.9
Ntarla	1982	1	2	2	18.0	33.5	20.8	-999.9	0.0	2.3	97188.8	-999.9
Ntarla	1982	1	3	3	17.0	32.4	20.9	-999.9	0.0	2.3	97247.3	-999.9
Ntarla	1982	1	4	4	16.3	32.9	20.8	-999.9	0.0	2.4	97327.2	-999.9
Ntarla	1982	1	5	5	18.6	31.6	21.1	-999.9	0.0	3.1	97414.0	-999.9
Ntarla	1982	1	6	6	15.0	29.7	21.3	-999.9	0.0	2.6	97472.6	-999.9
Ntarla	1982	1	7	7	14.5	29.6	21.3	-999.9	0.0	2.6	97531.3	-999.9
Ntarla	1982	1	8	8	15.1	30.1	21.3	-999.9	0.0	2.7	97604.9	-999.9
Ntarla	1982	1	9	9	15.1	30.4	21.5	-999.9	0.0	2.7	97721.5	-999.9
Ntarla	1982	1	10	10	14.6	30.0	21.5	-999.9	0.0	2.4	97671.3	-999.9
Ntarla	1982	1	11	11	13.2	30.5	21.5	-999.9	0.0	2.0	97442.5	-999.9
Ntarla	1982	1	12	12	14.2	31.6	21.0	-999.9	0.0	1.7	97328.5	-999.9
Ntarla	1982	1	13	13	16.1	33.2	18.8	-999.9	0.0	1.5	97331.4	-999.9
Ntarla	1982	1	14	14	20.1	33.9	19.8	-999.9	0.0	2.2	97295.1	-999.9
Ntarla	1982	1	15	15	19.9	30.8	18.1	-999.9	0.0	2.9	97349.7	-999.9
Ntarla	1982	1	16	16	17.0	31.5	20.7	-999.9	0.0	2.6	97369.3	-999.9
Ntarla	1982	1	17	17	16.9	31.5	20.5	-999.9	0.0	2.2	97353.7	-999.9
Ntarla	1982	1	18	18	15.8	31.0	20.9	-999.9	0.0	2.5	97414.3	-999.9
Ntarla	1982	1	19	19	15.0	31.0	21.5	-999.9	0.0	2.5	97481.0	-999.9
Ntarla	1982	1	20	20	15.3	29.4	21.1	-999.9	0.0	2.9	97521.0	-999.9
Ntarla	1982	1	21	21	14.3	27.4	21.3	-999.9	0.0	3.1	97655.6	-999.9
Ntarla	1982	1	22	22	14.3	26.3	21.4	-999.9	0.0	2.9	97692.2	-999.9
Ntarla	1982	1	23	23	14.0	26.8	21.5	-999.9	0.0	3.1	97663.5	-999.9
Ntarla	1982	1	24	24	12.6	27.3	22.1	-999.9	0.0	2.8	97683.6	-999.9
Ntarla	1982	1	25	25	12.2	27.9	22.2	-999.9	0.0	2.7	97644.4	-999.9
Ntarla	1982	1	26	26	13.1	29.1	22.2	-999.9	0.0	2.7	97649.1	-999.9
Ntarla	1982	1	27	27	14.4	30.0	22.2	-999.9	0.0	2.9	97696.4	-999.9
Ntarla	1982	1	28	28	14.1	30.9	22.4	-999.9	0.0	2.3	97659.5	-999.9
Ntarla	1982	1	29	29	14.6	31.9	22.3	-999.9	0.0	2.3	97626.0	-999.9
Ntarla	1982	1	30	30	16.8	31.9	22.1	-999.9	0.0	2.8	97649.4	-999.9
Ntarla	1982	1	31	31	16.8	32.2	22.2	-999.9	0.0	2.7	97626.6	-999.9
Ntarla	1982	2	1	32	16.8	32.8	22.3	-999.9	0.0	2.3	97506.1	-999.9
Ntarla	1982	2	2	33	16.3	33.2	22.3	-999.9	0.0	2.0	97289.8	-999.9
Ntarla	1982	2	3	34	16.1	34.4	22.1	-999.9	0.0	1.8	97132.6	-999.9
Ntarla	1982	2	4	35	18.3	35.6	22.0	-999.9	0.0	2.7	97239.5	-999.9
Ntarla	1982	2	5	36	19.9	35.1	21.9	-999.9	0.0	2.7	97361.2	-999.9
Ntarla	1982	2	6	37	19.5	34.8	21.1	-999.9	0.0	2.8	97356.3	-999.9
Ntarla	1982	2	7	38	18.9	33.4	22.4	-999.9	0.0	2.7	97292.4	-999.9
Ntarla	1982	2	8	39	17.9	33.2	22.5	-999.9	0.0	2.7	97298.3	-999.9
Ntarla	1982	2	9	40	17.7	33.2	22.5	-999.9	0.0	2.3	97280.5	-999.9
Ntarla	1982	2	10	41	19.3	34.2	22.3	-999.9	0.0	2.3	97302.5	-999.9
Ntarla	1982	2	11	42	20.4	34.9	21.9	-999.9	0.0	1.7	97347.1	-999.9
Ntarla	1982	2	12	43	21.7	34.7	21.8	-999.9	0.0	1.7	97328.1	-999.9
Ntarla	1982	2	13	44	20.1	35.0	22.3	-999.9	0.0	1.5	97303.8	-999.9
Ntarla	1982	2	14	45	21.0	34.8	20.8	-999.9	0.0	2.2	97279.4	-999.9
Ntarla	1982	2	15	46	21.3	35.2	20.9	-999.9	0.0	2.0	97116.4	-999.9
Ntarla	1982	2	16	47	20.5	35.6	22.1	-999.9	0.0	2.3	97007.4	-999.9
Ntarla	1982	2	17	48	21.8	34.2	21.6	-999.9	0.0	2.5	97041.0	-999.9
Ntarla	1982	2	18	49	22.1	34.7	21.9	-999.9	0.3	2.1	97065.2	-999.9
Ntarla	1982	2	19	50	21.9	34.5	20.1	-999.9	0.5	1.4	97069.7	-999.9
Ntarla	1982	2	20	51	21.7	35.2	21.8	-999.9	0.0	2.2	97194.9	-999.9
Ntarla	1982	2	21	52	20.1	32.9	23.1	-999.9	0.0	3.3	97395.7	-999.9
Ntarla	1982	2	22	53	18.2	33.0	23.6	-999.9	0.0	2.4	97333.3	-999.9
Ntarla	1982	2	23	54	19.2	33.9	23.2	-999.9	0.0	2.2	97239.6	-999.9
Ntarla	1982	2	24	55	19.1	34.3	21.7	-999.9	0.0	2.3	97237.5	-999.9
Ntarla	1982	2	25	56	23.2	34.2	20.7	-999.9	0.0	2.7	97376.2	-999.9
Ntarla	1982	2	26	57	19.9	34.2	23.3	-999.9	0.0	2.5	97411.3	-999.9
Ntarla	1982	2	27	58	19.8	34.7	23.0	-999.9	0.0	2.1	97334.2	-999.9
Ntarla	1982	2	28	59	20.4	35.3	22.4	-999.9	0.0	2.5	97329.8	-999.9
Ntarla	1982	3	1	60	21.6	34.6	23.0	-999.9	0.0	3.4	97564.3	-999.9
Ntarla	1982	3	2	61	20.4	33.7	24.0	-999.9	0.0	2.8	97644.9	-999.9
Ntarla	1982	3	3	62	19.5	34.0	24.5	-999.9	0.0	3.0	97492.6	-999.9
Ntarla	1982	3	4	63	19.9	34.2	24.7	-999.9	0.0	2.9	97452.3	-999.9
Ntarla	1982	3	5	64	19.2	34.3	24.8	-999.9	0.0	2.6	97421.1	-999.9
Ntarla	1982	3	6	65	19.0	34.7	24.8	-999.9	0.0	2.3	97362.8	-999.9
Ntarla	1982	3	7	66	18.9	35.5	25.0	-999.9	0.0	2.1	97351.4	-999.9
Ntarla	1982	3	8	67	19.0	36.5	24.9	-999.9	0.0	2.2	97229.7	-999.9
Ntarla	1982	3	9	68	19.1	37.3	24.9	-999.9	0.0	1.9	96978.3	-999.9
Ntarla	1982	3	10	69	19.1	37.5	23.6	-999.9	0.0	2.9	96763.5	-999.9
Ntarla	1982	3	11	70	25.2	33.5	18.5	-999.9	0.0	1.6	96981.8	-999.9
Ntarla	1982	3	12	71	23.5	35.0	22.1	-999.9	0.0	2.1	97186.6	-999.9
Ntarla	1982	3	13	72	23.1	33.8	21.7	-999.9	0.0	1.1	97282.7	-999.9
Ntarla	1982	3	14	73	23.7	36.6	23.0	-999.9	0.0	2.2	97130.8	-999.9
Ntarla	1982	3	15	74	24.2	37.5	24.2	-999.9	0.0	1.7	96995.9	-999.9
Ntarla	1982	3	16	75	23.0	38.3	24.4	-999.9	0.0	1.3	96924.2	-999.9
Ntarla	1982	3	17	76	25.6	37.3	22.2	-999.9	0.0	2.7	96961.0	-999.9
Ntarla	1982	3	18	77	25.2	35.7	19.4	-999.9	0.0	2.2	97065.1	-999.9
Ntarla	1982	3	19	78	26.2	35.4	15.9	-999.9	0.0	1.4	97118.3	-999.9
Ntarla	1982	3	20	79	26.4	34.1	17.1	-999.9	0.0	1.5	97166.1	-999.9
Ntarla	1982	3	21	80	24.5	36.6	22.7	-999.9	0.0	1.8	97084.2	-999.9
Ntarla	1982	3	22	81	23.4	34.0	19.5	-999.9	0.0	2.2	97154.4	-999.9
Ntarla	1982	3	23	82	21.8	36.1	24.2	-999.9	0.0	1.4	97067.2	-999.9
Ntarla	1982	3	24	83	22.4	36.1	21.2	-999.9	0.0	1.9	97139.5	-999.9
Ntarla	1982	3	25	84	24.3	37.4	24.7	-999.9	0.0	2.5	97149.6	-999.9
Ntarla	1982	3	26	85	23.0	38.7	24.6	-999.9	0.0	1.9	97156.9	-999.9
Ntarla	1982	3	27	86	23.6	39.9	24.3	-999.9	0.0	1.7	97043.3	-999.9
Ntarla	1982	3	28	87	26.1	39.5	23.9	-999.9	0.0	2.4	96961.6	-999.9
Ntarla	1982	3	29	88	27.1	37.0	19.6	-999.9	0.0	2.3	97133.2	-999.9
Ntarla	1982	3	30	89	25.5	38.4	23.2	-999.9	0.0	1.8	97223.7	-999.9
Ntarla	1982	3	31	90	26.9	38.1	21.2	-999.9	0.0	1.6	97108.2	-999.9
Ntarla	1982	4	1	91	25.8	39.4	24.3	-999.9	0.0	1.6	97031.5	-999.9
Ntarla	1982	4	2	92	27.3	38.5	22.9	-999.9	0.0	1.7	97074.7	-999.9
Ntarla	1982	4	3	93	28.0	38.9	23.4	-999.9	0.0	1.7	97068.2	-999.9
Ntarla	1982	4	4	94	28.1	39.4	24.0	-999.9	0.0	2.2	97040.5	-999.9
Ntarla	1982	4	5	95	26.0	38.9	22.7	-999.9	0.0	1.8	96969.7	-999.9
Ntarla	1982	4	6	96	28.1	38.4	22.8	-999.9	0.0	2.3	97001.3	-999.9
Ntarla	1982	4	7	97	26.8	34.4	19.3	-999.9	0.0	1.9	97090.0	-999.9
Ntarla	1982	4	8	98	24.8	38.7	24.9	-999.9	0.0	1.8	97058.2	-999.9
Ntarla	1982	4	9	99	22.9	38.8	26.0	-999.9	0.0	1.5	97006.9	-999.9
Ntarla	1982	4	10	100	25.2	39.1	25.9	-999.9	0.0	2.0	97012.4	-999.9
Ntarla	1982	4	11	101	25.6	39.0	24.2	-999.9	0.0	2.2	97035.3	-999.9
Ntarla	1982	4	12	102	27.6	39.5	22.8	-999.9	0.0	2.0	96943.8	-999.9
Ntarla	1982	4	13	103	26.4	37.8	21.2	-999.9	0.0	2.6	96910.7	-999.9
Ntarla	1982	4	14	104	27.6	37.0	21.3	-999.9	0.0	2.0	96887.7	-999.9
Ntarla	1982	4	15	105	26.5	37.8	22.5	-999.9	0.0	2.5	97077.6	-999.9
Ntarla	1982	4	16	106	25.9	36.9	22.0	-999.9	0.0	1.2	97140.7	-999.9
Ntarla	1982	4	17	107	26.1	36.8	20.9	-999.9	2.4	2.1	97142.8	-999.9
Ntarla	1982	4	18	108	24.5	36.3	20.7	-999.9	2.4	2.1	97076.7	-999.9
Ntarla	1982	4	19	109	26.3	37.7	22.2	-999.9	0.0	2.1	96868.2	-999.9
Ntarla	1982	4	20	110	26.5	36.0	20.8	-999.9	7.2	2.6	97047.8	-999.9
Ntarla	1982	4	21	111	24.3	32.2	20.2	-999.9	8.3	2.1	97247.4	-999.9
Ntarla	1982	4	22	112	23.5	31.0	16.6	-999.9	0.0	2.3	97304.4	-999.9
Ntarla	1982	4	23	113	23.9	33.9	23.0	-999.9	0.0	2.1	97296.2	-999.9
Ntarla	1982	4	24	114	25.0	33.7	20.9	-999.9	4.2	1.7	97288.0	-999.9
Ntarla	1982	4	25	115	24.7	32.5	20.6	-999.9	4.2	2.0	97306.9	-999.9
Ntarla	1982	4	26	116	25.3	34.9	20.0	-999.9	5.5	2.9	97277.0	-999.9
Ntarla	1982	4	27	117	24.7	32.1	19.7	-999.9	0.0	2.0	97331.0	-999.9
Ntarla	1982	4	28	118	24.9	36.4	24.4	-999.9	0.0	1.4	97133.4	-999.9
Ntarla	1982	4	29	119	23.4	38.2	25.5	-999.9	0.0	1.9	97031.8	-999.9
Ntarla	1982	4	30	120	24.6	36.8	24.2	-999.9	0.0	1.6	97088.5	-999.9
Ntarla	1982	5	1	121	24.9	37.5	23.8	-999.9	0.0	2.6	97180.2	-999.9
Ntarla	1982	5	2	122	25.5	37.6	24.1	-999.9	2.0	2.4	97305.8	-999.9
Ntarla	1982	5	3	123	26.1	37.1	20.0	-999.9	4.0	2.1	97353.1	-999.9
Ntarla	1982	5	4	124	26.0	35.6	22.9	-999.9	0.0	2.0	97389.0	-999.9
Ntarla	1982	5	5	125	26.1	37.8	22.3	-999.9	0.0	1.9	97269.2	-999.9
Ntarla	1982	5	6	126	26.4	38.9	24.4	-999.9	4.7	2.3	97133.3	-999.9
Ntarla	1982	5	7	127	27.4	38.9	23.9	-999.9	0.0	2.9	97110.8	-999.9
Ntarla	1982	5	8	128	26.8	38.1	22.7	-999.9	0.0	3.4	97175.1	-999.9
Ntarla	1982	5	9	129	26.9	37.3	23.1	-999.9	0.0	2.5	97154.2	-999.9
Ntarla	1982	5	10	130	24.1	36.0	22.8	-999.9	2.3	2.0	97260.8	-999.9
Ntarla	1982	5	11	131	25.5	34.9	19.4	-999.9	0.0	1.5	97290.3	-999.9
Ntarla	1982	5	12	132	24.6	37.8	24.6	-999.9	0.0	2.0	97155.0	-999.9
Ntarla	1982	5	13	133	24.0	39.3	25.8	-999.9	0.0	2.3	97052.3	-999.9
Ntarla	1982	5	14	134	25.6	37.2	23.0	-999.9	0.0	2.6	97146.4	-999.9
Ntarla	1982	5	15	135	26.0	37.7	23.5	-999.9	0.0	2.2	97140.5	-999.9
Ntarla	1982	5	16	136	25.1	39.0	24.2	-999.9	3.5	1.9	97089.3	-999.9
Ntarla	1982	5	17	137	26.4	37.4	23.1	-999.9	3.5	1.7	97119.7	-999.9
Ntarla	1982	5	18	138	26.2	37.4	22.9	-999.9	3.5	1.7	97033.0	-999.9
Ntarla	1982	5	19	139	25.7	36.8	23.3	-999.9	1.8	2.0	97074.2	-999.9
Ntarla	1982	5	20	140	26.2	37.1	23.9	-999.9	0.0	2.1	97224.5	-999.9
Ntarla	1982	5	21	141	25.6	37.2	22.8	-999.9	0.0	2.1	97252.9	-999.9
Ntarla	1982	5	22	142	26.2	38.9	22.0	-999.9	0.0	2.1	97089.5	-999.9
Ntarla	1982	5	23	143	27.7	39.4	23.7	-999.9	0.0	2.6	97014.4	-999.9
Ntarla	1982	5	24	144	26.8	36.9	22.0	-999.9	2.2	2.3	97016.4	-999.9
Ntarla	1982	5	25	145	25.1	32.6	20.7	-999.9	2.2	2.1	97168.4	-999.9
Ntarla	1982	5	26	146	25.5	33.6	23.6	-999.9	0.0	2.0	97288.2	-999.9
Ntarla	1982	5	27	147	24.2	33.9	20.2	-999.9	0.0	1.7	97332.2	-999.9
Ntarla	1982	5	28	148	24.2	34.1	22.5	-999.9	0.0	1.6	97276.9	-999.9
Ntarla	1982	5	29	149	23.5	32.7	19.6	-999.9	6.8	2.0	97337.1	-999.9
Ntarla	1982	5	30	150	24.5	31.5	19.8	-999.9	23.8	1.8	97477.3	-999.9
Ntarla	1982	5	31	151	24.3	32.0	21.0	-999.9	0.0	2.0	97560.6	-999.9
Ntarla	1982	6	1	152	25.5	32.6	23.4	-999.9	0.0	3.1	97461.4	-999.9
Ntarla	1982	6	2	153	25.4	33.7	22.3	-999.9	12.5	2.8	97423.1	-999.9
Ntarla	1982	6	3	154	24.1	34.0	23.1	-999.9	12.5	2.1	97521.3	-999.9
Ntarla	1982	6	4	155	23.9	32.6	22.1	-999.9	6.2	1.7	97545.7	-999.9
Ntarla	1982	6	5	156	23.1	32.9	23.5	-999.9	18.7	1.5	97602.6	-999.9
Ntarla	1982	6	6	157	24.8	33.3	22.5	-999.9	3.9	2.0	97440.4	-999.9
Ntarla	1982	6	7	158	24.8	33.0	21.3	-999.9	0.0	1.8	97364.1	-999.9
Ntarla	1982	6	8	159	25.1	35.2	23.1	-999.9	0.0	2.3	97297.9	-999.9
Ntarla	1982	6	9	160	25.2	32.5	20.0	-999.9	15.5	1.8	97449.3	-999.9
Ntarla	1982	6	10	161	23.8	33.9	23.8	-999.9	0.0	2.3	97477.9	-999.9
Ntarla	1982	6	11	162	24.7	35.6	23.8	-999.9	0.0	2.3	97368.6	-999.9
Ntarla	1982	6	12	163	25.4	35.3	23.1	-999.9	0.0	2.0	97463.1	-999.9
Ntarla	1982	6	13	164	23.9	33.1	19.8	-999.9	8.8	1.8	97532.7	-999.9
Ntarla	1982	6	14	165	24.9	34.5	22.4	-999.9	0.0	2.2	97462.0	-999.9
Ntarla	1982	6	15	166	25.3	35.7	22.8	-999.9	0.0	2.5	97367.5	-999.9
Ntarla	1982	6	16	167	24.9	35.0	22.9	-999.9	0.0	2.9	97369.0	-999.9
Ntarla	1982	6	17	168	25.6	34.4	23.2	-999.9	11.2	2.5	97459.8	-999.9
Ntarla	1982	6	18	169	24.2	32.9	19.4	-999.9	0.0	2.2	97478.9	-999.9
Ntarla	1982	6	19	170	24.6	32.3	19.4	-999.9	0.0	1.8	97426.5	-999.9
Ntarla	1982	6	20	171	24.7	33.8	23.1	-999.9	0.0	2.4	97355.2	-999.9
Ntarla	1982	6	21	172	25.6	35.0	22.0	-999.9	0.0	2.6	97468.9	-999.9
Ntarla	1982	6	22	173	24.5	33.8	22.2	-999.9	0.0	2.3	97547.2	-999.9
Ntarla	1982	6	23	174	23.6	30.8	18.4	-999.9	11.9	1.9	97482.3	-999.9
Ntarla	1982	6	24	175	23.1	29.7	17.9	-999.9	0.0	1.9	97482.6	-999.9
Ntarla	1982	6	25	176	22.6	32.4	22.5	-999.9	0.0	1.2	97503.3	-999.9
Ntarla	1982	6	26	177	24.1	32.4	22.7	-999.9	0.0	2.1	97505.1	-999.9
Ntarla	1982	6	27	178	24.4	32.2	21.3	-999.9	0.0	2.4	97434.9	-999.9
Ntarla	1982	6	28	179	24.2	31.5	20.3	-999.9	3.6	1.5	97322.0	-999.9
Ntarla	1982	6	29	180	23.9	30.5	17.2	-999.9	0.0	2.1	97433.4	-999.9
Ntarla	1982	6	30	181	23.1	30.8	20.1	-999.9	3.6	1.6	97709.8	-999.9
Ntarla	1982	7	1	182	22.8	32.4	22.8	-999.9	0.0	1.6	97765.6	-999.9
Ntarla	1982	7	2	183	24.4	32.6	21.9	-999.9	0.0	2.7	97473.7	-999.9
Ntarla	1982	7	3	184	24.2	32.4	19.1	-999.9	0.0	3.2	97357.6	-999.9
Ntarla	1982	7	4	185	23.5	32.1	20.9	-999.9	0.0	2.1	97383.4	-999.9
Ntarla	1982	7	5	186	23.9	33.1	22.6	-999.9	4.1	1.6	97483.1	-999.9
Ntarla	1982	7	6	187	23.7	31.0	21.1	-999.9	7.4	2.1	97508.4	-999.9
Ntarla	1982	7	7	188	24.3	32.4	21.2	-999.9	0.0	2.6	97384.5	-999.9
Ntarla	1982	7	8	189	24.4	32.9	22.6	-999.9	0.0	2.1	97254.8	-999.9
Ntarla	1982	7	9	190	23.7	31.1	20.1	-999.9	7.4	1.8	97351.1	-999.9
Ntarla	1982	7	10	191	23.0	29.7	17.8	-999.9	22.1	1.5	97407.6	-999.9
Ntarla	1982	7	11	192	22.4	29.2	18.2	-999.9	0.0	1.6	97461.6	-999.9
Ntarla	1982	7	12	193	22.6	30.2	19.5	-999.9	22.3	1.7	97461.8	-999.9
Ntarla	1982	7	13	194	22.7	28.6	16.7	-999.9	11.1	1.3	97509.0	-999.9
Ntarla	1982	7	14	195	22.7	30.8	23.1	-999.9	5.6	1.4	97537.8	-999.9
Ntarla	1982	7	15	196	23.3	31.1	22.5	-999.9	11.1	1.4	97501.7	-999.9
Ntarla	1982	7	16	197	23.8	30.8	20.1	-999.9	0.0	2.8	97443.6	-999.9
Ntarla	1982	7	17	198	22.0	31.5	22.8	-999.9	19.0	2.5	97411.8	-999.9
Ntarla	1982	7	18	199	22.4	29.8	17.1	-999.9	0.0	1.9	97452.5	-999.9
Ntarla	1982	7	19	200	23.1	30.4	22.9	-999.9	0.0	1.6	97380.1	-999.9
Ntarla	1982	7	20	201	22.1	31.3	23.0	-999.9	0.0	1.5	97438.5	-999.9
Ntarla	1982	7	21	202	23.3	31.2	22.6	-999.9	0.0	2.1	97451.4	-999.9
Ntarla	1982	7	22	203	24.5	30.3	17.8	-999.9	15.6	2.5	97351.3	-999.9
Ntarla	1982	7	23	204	22.9	29.9	19.1	-999.9	0.0	2.3	97451.2	-999.9
Ntarla	1982	7	24	205	21.9	29.0	14.5	-999.9	5.2	2.2	97582.2	-999.9
Ntarla	1982	7	25	206	22.3	30.5	20.5	-999.9	0.0	2.1	97450.3	-999.9
Ntarla	1982	7	26	207	22.6	29.6	19.8	-999.9	0.0	1.9	97487.8	-999.9
Ntarla	1982	7	27	208	22.8	30.1	20.5	-999.9	0.0	1.7	97502.2	-999.9
Ntarla	1982	7	28	209	23.2	30.8	21.6	-999.9	0.0	1.7	97511.0	-999.9
Ntarla	1982	7	29	210	23.2	30.9	21.1	-999.9	3.0	1.8	97548.4	-999.9
Ntarla	1982	7	30	211	23.5	31.7	22.3	-999.9	6.0	1.8	97566.6	-999.9
Ntarla	1982	7	31	212	22.9	28.0	14.2	-999.9	6.0	2.2	97552.3	-999.9
Ntarla	1982	8	1	213	22.7	29.3	15.9	-999.9	0.0	2.5	97439.1	-999.9
Ntarla	1982	8	2	214	22.9	29.7	19.8	-999.9	0.0	3.0	97334.3	-999.9
Ntarla	1982	8	3	215	23.6	30.8	21.0	-999.9	5.7	2.5	97252.3	-999.9
Ntarla	1982	8	4	216	23.1	28.7	15.3	-999.9	13.1	1.8	97300.0	-999.9
Ntarla	1982	8	5	217	22.9	29.7	19.0	-999.9	0.0	2.1	97315.9	-999.9
Ntarla	1982	8	6	218	22.4	27.3	12.4	-999.9	11.9	2.2	97395.4	-999.9
Ntarla	1982	8	7	219	21.6	29.3	19.8	-999.9	0.0	2.3	97427.9	-999.9
Ntarla	1982	8	8	220	21.9	29.7	18.5	-999.9	11.9	1.8	97458.2	-999.9
Ntarla	1982	8	9	221	22.5	28.5	15.5	-999.9	0.0	1.7	97431.0	-999.9
Ntarla	1982	8	10	222	22.2	29.1	18.8	-999.9	0.0	1.6	97498.3	-999.9
Ntarla	1982	8	11	223	22.6	26.1	11.7	-999.9	25.5	1.6	97603.6	-999.9
Ntarla	1982	8	12	224	21.7	29.2	21.5	-999.9	0.0	1.9	97654.3	-999.9
Ntarla	1982	8	13	225	22.6	30.5	21.1	-999.9	25.5	1.9	97470.8	-999.9
Ntarla	1982	8	14	226	22.2	29.0	17.9	-999.9	0.0	1.8	97498.5	-999.9
Ntarla	1982	8	15	227	21.9	28.6	19.4	-999.9	0.0	2.1	97597.2	-999.9
Ntarla	1982	8	16	228	22.0	29.8	21.2	-999.9	5.1	1.7	97570.9	-999.9
Ntarla	1982	8	17	229	22.5	30.9	22.0	-999.9	0.0	1.9	97474.0	-999.9
Ntarla	1982	8	18	230	24.1	30.9	21.0	-999.9	5.1	2.7	97245.4	-999.9
Ntarla	1982	8	19	231	22.7	28.5	16.0	-999.9	0.0	2.4	97477.3	-999.9
Ntarla	1982	8	20	232	22.4	29.4	17.8	-999.9	0.0	1.5	97533.0	-999.9
Ntarla	1982	8	21	233	22.5	29.0	19.3	-999.9	13.9	2.0	97514.9	-999.9
Ntarla	1982	8	22	234	22.5	25.3	8.4	-999.9	24.3	1.4	97553.9	-999.9
Ntarla	1982	8	23	235	22.9	29.1	17.9	-999.9	0.0	1.9	97629.8	-999.9
Ntarla	1982	8	24	236	22.5	29.7	20.6	-999.9	27.8	1.5	97493.1	-999.9
Ntarla	1982	8	25	237	22.2	27.8	16.0	-999.9	12.2	1.9	97436.4	-999.9
Ntarla	1982	8	26	238	21.9	29.5	21.0	-999.9	0.0	1.8	97443.3	-999.9
Ntarla	1982	8	27	239	21.8	29.8	21.0	-999.9	19.6	1.5	97485.6	-999.9
Ntarla	1982	8	28	240	22.2	29.0	17.5	-999.9	17.1	1.5	97435.3	-999.9
Ntarla	1982	8	29	241	21.4	29.3	19.8	-999.9	0.0	1.5	97439.1	-999.9
Ntarla	1982	8	30	242	21.7	30.2	22.8	-999.9	0.0	1.3	97386.6	-999.9
Ntarla	1982	8	31	243	22.7	30.2	22.0	-999.9	0.0	1.8	97412.3	-999.9
Ntarla	1982	9	1	244	22.4	29.3	17.7	-999.9	17.9	1.5	97435.8	-999.9
Ntarla	1982	9	2	245	22.1	29.8	20.5	-999.9	9.0	1.5	97467.8	-999.9
Ntarla	1982	9	3	246	22.1	30.1	22.5	-999.9	0.0	1.3	97444.3	-999.9
Ntarla	1982	9	4	247	22.2	29.9	20.7	-999.9	15.7	1.5	97364.5	-999.9
Ntarla	1982	9	5	248	22.5	28.3	15.2	-999.9	15.7	1.1	97432.3	-999.9
Ntarla	1982	9	6	249	22.0	30.1	22.0	-999.9	0.0	1.5	97523.7	-999.9
Ntarla	1982	9	7	250	22.3	30.3	22.2	-999.9	6.4	1.4	97532.7	-999.9
Ntarla	1982	9	8	251	21.7	30.0	21.2	-999.9	7.3	1.6	97481.4	-999.9
Ntarla	1982	9	9	252	22.6	29.9	19.0	-999.9	0.0	1.7	97489.3	-999.9
Ntarla	1982	9	10	253	22.5	29.3	20.1	-999.9	0.0	1.4	97518.9	-999.9
Ntarla	1982	9	11	254	22.6	29.2	19.6	-999.9	9.0	1.6	97547.4	-999.9
Ntarla	1982	9	12	255	21.7	29.8	20.9	-999.9	0.0	1.4	97580.5	-999.9
Ntarla	1982	9	13	256	22.4	29.5	21.4	-999.9	0.0	1.3	97470.7	-999.9
Ntarla	1982	9	14	257	22.0	30.5	22.6	-999.9	0.0	1.9	97332.9	-999.9
Ntarla	1982	9	15	258	22.2	28.6	16.6	-999.9	4.5	1.7	97409.9	-999.9
Ntarla	1982	9	16	259	21.9	29.6	18.8	-999.9	0.0	1.6	97571.4	-999.9
Ntarla	1982	9	17	260	21.8	30.4	21.4	-999.9	0.0	1.3	97542.4	-999.9
Ntarla	1982	9	18	261	23.1	31.6	23.0	-999.9	0.0	2.1	97319.4	-999.9
Ntarla	1982	9	19	262	23.6	29.5	20.1	-999.9	0.0	2.1	97403.8	-999.9
Ntarla	1982	9	20	263	22.5	30.1	22.1	-999.9	6.0	1.5	97560.6	-999.9
Ntarla	1982	9	21	264	21.4	30.1	20.3	-999.9	0.0	1.0	97588.2	-999.9
Ntarla	1982	9	22	265	22.2	30.3	20.1	-999.9	0.0	1.3	97520.1	-999.9
Ntarla	1982	9	23	266	22.7	31.0	22.2	-999.9	0.0	1.9	97347.4	-999.9
Ntarla	1982	9	24	267	23.4	30.1	19.4	-999.9	0.0	2.1	97303.9	-999.9
Ntarla	1982	9	25	268	22.2	28.7	18.3	-999.9	5.5	1.5	97449.6	-999.9
Ntarla	1982	9	26	269	21.2	29.8	21.0	-999.9	0.0	1.5	97533.5	-999.9
Ntarla	1982	9	27	270	22.6	31.8	23.0	-999.9	5.4	1.6	97401.9	-999.9
Ntarla	1982	9	28	271	24.2	32.5	23.1	-999.9	0.0	2.1	97204.2	-999.9
Ntarla	1982	9	29	272	23.9	31.4	21.9	-999.9	0.0	1.9	97355.5	-999.9
Ntarla	1982	9	30	273	22.5	31.3	22.5	-999.9	0.0	1.7	97451.9	-999.9
Ntarla	1982	10	1	274	22.0	30.7	22.3	-999.9	0.0	1.5	97387.6	-999.9
Ntarla	1982	10	2	275	21.9	31.0	22.2	-999.9	0.0	1.2	97329.3	-999.9
Ntarla	1982	10	3	276	22.4	28.9	19.0	-999.9	0.0	1.5	97409.0	-999.9
Ntarla	1982	10	4	277	21.8	30.3	21.1	-999.9	4.8	1.2	97434.8	-999.9
Ntarla	1982	10	5	278	22.9	31.4	21.5	-999.9	4.8	1.3	97419.0	-999.9
Ntarla	1982	10	6	279	23.0	31.2	21.0	-999.9	8.2	1.7	97380.0	-999.9
Ntarla	1982	10	7	280	22.5	30.3	20.0	-999.9	8.2	1.7	97396.2	-999.9
Ntarla	1982	10	8	281	22.9	30.1	19.0	-999.9	18.8	1.8	97374.4	-999.9
Ntarla	1982	10	9	282	22.4	30.4	18.7	-999.9	0.0	1.8	97328.4	-999.9
Ntarla	1982	10	10	283	21.9	33.0	22.4	-999.9	0.0	1.9	97241.2	-999.9
Ntarla	1982	10	11	284	22.9	32.3	21.4	-999.9	0.0	1.9	97235.4	-999.9
Ntarla	1982	10	12	285	23.3	30.9	20.4	-999.9	0.0	1.8	97361.3	-999.9
Ntarla	1982	10	13	286	22.2	30.8	20.6	-999.9	0.0	1.5	97329.5	-999.9
Ntarla	1982	10	14	287	22.8	31.9	20.6	-999.9	7.1	1.8	97281.5	-999.9
Ntarla	1982	10	15	288	22.9	32.1	20.8	-999.9	0.0	2.0	97363.8	-999.9
Ntarla	1982	10	16	289	22.8	30.8	17.6	-999.9	0.0	1.2	97385.3	-999.9
Ntarla	1982	10	17	290	22.2	31.7	18.5	-999.9	0.0	1.3	97326.2	-999.9
Ntarla	1982	10	18	291	22.5	32.8	20.4	-999.9	0.0	1.5	97273.5	-999.9
Ntarla	1982	10	19	292	24.0	32.2	19.1	-999.9	2.4	2.1	97311.2	-999.9
Ntarla	1982	10	20	293	22.9	31.5	18.7	-999.9	5.6	1.5	97400.7	-999.9
Ntarla	1982	10	21	294	23.1	31.6	17.4	-999.9	0.0	1.6	97277.6	-999.9
Ntarla	1982	10	22	295	22.6	33.5	20.0	-999.9	0.0	1.6	97082.0	-999.9
Ntarla	1982	10	23	296	22.7	33.2	20.4	-999.9	0.0	1.3	97254.5	-999.9
Ntarla	1982	10	24	297	22.7	33.7	20.8	-999.9	0.0	1.6	97393.0	-999.9
Ntarla	1982	10	25	298	22.3	33.7	20.1	-999.9	0.0	1.7	97408.5	-999.9
Ntarla	1982	10	26	299	22.7	33.7	18.7	-999.9	0.0	1.9	97268.6	-999.9
Ntarla	1982	10	27	300	23.3	33.0	19.6	-999.9	0.0	2.3	97206.4	-999.9
Ntarla	1982	10	28	301	23.0	32.3	18.5	-999.9	0.0	1.9	97269.0	-999.9
Ntarla	1982	10	29	302	21.7	32.3	19.5	-999.9	0.0	1.4	97385.6	-999.9
Ntarla	1982	10	30	303	22.0	31.8	18.6	-999.9	0.0	1.4	97406.4	-999.9
Ntarla	1982	10	31	304	20.6	31.8	21.6	-999.9	0.0	1.2	97362.4	-999.9
Ntarla	1982	11	1	305	18.5	32.7	21.6	-999.9	0.0	1.5	97213.4	-999.9
Ntarla	1982	11	2	306	20.1	32.6	20.5	-999.9	0.0	1.4	97203.8	-999.9
Ntarla	1982	11	3	307	21.5	35.4	21.3	-999.9	0.0	1.6	97326.0	-999.9
Ntarla	1982	11	4	308	21.9	35.1	21.0	-999.9	0.0	1.5	97398.4	-999.9
Ntarla	1982	11	5	309	19.6	35.4	21.8	-999.9	0.0	1.8	97298.5	-999.9
Ntarla	1982	11	6	310	22.9	35.1	20.0	-999.9	0.0	1.2	97137.0	-999.9
Ntarla	1982	11	7	311	21.3	34.6	20.2	-999.9	0.0	1.6	97144.1	-999.9
Ntarla	1982	11	8	312	23.4	34.3	18.8	-999.9	0.0	1.5	97424.6	-999.9
Ntarla	1982	11	9	313	22.5	35.4	20.7	-999.9	0.0	1.7	97451.7	-999.9
Ntarla	1982	11	10	314	20.3	36.5	21.8	-999.9	0.0	2.1	97295.4	-999.9
Ntarla	1982	11	11	315	19.5	35.1	21.2	-999.9	0.0	1.5	97264.8	-999.9
Ntarla	1982	11	12	316	18.9	35.2	21.5	-999.9	0.0	2.2	97280.1	-999.9
Ntarla	1982	11	13	317	20.3	34.7	21.6	-999.9	0.0	2.4	97407.0	-999.9
Ntarla	1982	11	14	318	20.3	33.7	21.5	-999.9	0.0	2.4	97438.9	-999.9
Ntarla	1982	11	15	319	19.6	34.0	21.3	-999.9	0.0	2.2	97413.7	-999.9
Ntarla	1982	11	16	320	20.3	34.2	21.2	-999.9	0.0	2.1	97359.2	-999.9
Ntarla	1982	11	17	321	19.9	34.5	21.2	-999.9	0.0	2.1	97329.1	-999.9
Ntarla	1982	11	18	322	20.1	34.0	20.9	-999.9	0.0	2.3	97330.4	-999.9
Ntarla	1982	11	19	323	18.6	33.4	21.2	-999.9	0.0	2.1	97396.7	-999.9
Ntarla	1982	11	20	324	18.5	34.4	21.1	-999.9	0.0	2.2	97409.2	-999.9
Ntarla	1982	11	21	325	18.7	33.6	21.0	-999.9	0.0	2.4	97406.9	-999.9
Ntarla	1982	11	22	326	18.2	32.2	20.1	-999.9	0.0	2.0	97396.2	-999.9
Ntarla	1982	11	23	327	17.4	32.4	19.6	-999.9	0.0	2.0	97453.4	-999.9
Ntarla	1982	11	24	328	18.6	33.1	20.7	-999.9	0.0	2.3	97476.3	-999.9
Ntarla	1982	11	25	329	19.2	32.5	20.6	-999.9	0.0	2.1	97501.4	-999.9
Ntarla	1982	11	26	330	16.9	31.9	20.9	-999.9	0.0	1.8	97465.2	-999.9
Ntarla	1982	11	27	331	16.5	31.9	20.8	-999.9	0.0	1.9	97402.9	-999.9
Ntarla	1982	11	28	332	16.3	31.3	20.8	-999.9	0.0	2.1	97474.9	-999.9
Ntarla	1982	11	29	333	15.5	30.9	20.9	-999.9	0.0	1.9	97603.4	-999.9
Ntarla	1982	11	30	334	14.9	32.0	20.9	-999.9	0.0	1.8	97642.9	-999.9
Ntarla	1982	12	1	335	16.1	33.0	20.8	-999.9	0.0	2.2	97651.7	-999.9
Ntarla	1982	12	2	336	17.8	33.4	20.8	-999.9	0.0	2.6	97605.2	-999.9
Ntarla	1982	12	3	337	16.3	32.9	20.8	-999.9	0.0	2.6	97537.5	-999.9
Ntarla	1982	12	4	338	17.8	33.2	20.5	-999.9	0.0	2.7	97414.7	-999.9
Ntarla	1982	12	5	339	18.9	29.3	19.5	-999.9	0.0	3.4	97470.3	-999.9
Ntarla	1982	12	6	340	14.7	25.5	20.2	-999.9	0.0	3.0	97612.3	-999.9
Ntarla	1982	12	7	341	12.5	25.2	20.4	-999.9	0.0	2.6	97699.2	-999.9
Ntarla	1982	12	8	342	12.7	26.5	20.0	-999.9	0.0	2.5	97828.1	-999.9
Ntarla	1982	12	9	343	15.5	27.3	18.6	-999.9	0.0	2.9	97891.1	-999.9
Ntarla	1982	12	10	344	17.8	29.6	17.8	-999.9	0.6	2.9	97807.0	-999.9
Ntarla	1982	12	11	345	18.4	30.6	18.5	-999.9	0.0	2.8	97585.9	-999.9
Ntarla	1982	12	12	346	18.0	31.9	18.6	-999.9	0.0	2.4	97449.4	-999.9
Ntarla	1982	12	13	347	19.3	33.1	19.7	-999.9	0.3	2.0	97401.3	-999.9
Ntarla	1982	12	14	348	17.3	33.1	19.9	-999.9	0.0	1.6	97425.9	-999.9
Ntarla	1982	12	15	349	17.5	33.9	19.8	-999.9	0.0	1.5	97406.6	-999.9
Ntarla	1982	12	16	350	19.3	33.4	19.7	-999.9	0.0	2.4	97424.0	-999.9
Ntarla	1982	12	17	351	17.7	30.1	19.5	-999.9	0.3	2.8	97470.4	-999.9
Ntarla	1982	12	18	352	16.0	28.8	17.7	-999.9	0.0	2.2	97459.4	-999.9
Ntarla	1982	12	19	353	15.2	31.0	19.7	-999.9	0.0	2.0	97536.3	-999.9
Ntarla	1982	12	20	354	16.5	31.9	19.9	-999.9	0.0	2.1	97634.8	-999.9
Ntarla	1982	12	21	355	17.4	33.1	20.2	-999.9	0.0	2.3	97518.2	-999.9
Ntarla	1982	12	22	356	16.9	33.4	20.1	-999.9	0.0	2.0	97341.3	-999.9
Ntarla	1982	12	23	357	18.7	32.9	19.9	-999.9	0.0	2.5	97369.0	-999.9
Ntarla	1982	12	24	358	18.1	32.6	19.6	-999.9	0.0	2.7	97377.6	-999.9
Ntarla	1982	12	25	359	18.4	30.7	19.5	-999.9	0.0	3.1	97602.8	-999.9
Ntarla	1982	12	26	360	17.6	29.6	18.9	-999.9	0.0	3.1	97726.4	-999.9
Ntarla	1982	12	27	361	15.9	29.1	19.9	-999.9	0.0	2.6	97621.5	-999.9
Ntarla	1982	12	28	362	14.6	29.5	20.1	-999.9	0.0	2.0	97440.9	-999.9
Ntarla	1982	12	29	363	15.0	31.4	20.1	-999.9	0.0	2.0	97364.6	-999.9
Ntarla	1982	12	30	364	16.8	32.6	20.1	-999.9	0.0	2.2	97322.1	-999.9
Ntarla	1982	12	31	365	18.1	33.0	19.9	-999.9	0.0	2.3	97421.1	-999.9
