Ntarla	2017	1	1	1	17.1	31.5	20.4	-999.9	0.0	2.1	97482.1	-999.9
Ntarla	2017	1	2	2	16.8	31.2	20.5	-999.9	0.0	2.4	97469.3	-999.9
Ntarla	2017	1	3	3	17.0	31.1	20.6	-999.9	0.0	2.4	97583.6	-999.9
Ntarla	2017	1	4	4	15.6	30.4	20.7	-999.9	0.0	2.2	97572.5	-999.9
Ntarla	2017	1	5	5	15.4	30.9	20.6	-999.9	0.0	2.1	97438.1	-999.9
Ntarla	2017	1	6	6	15.4	31.8	20.6	-999.9	0.0	2.0	97390.5	-999.9
Ntarla	2017	1	7	7	16.1	33.0	20.6	-999.9	0.0	2.1	97448.2	-999.9
Ntarla	2017	1	8	8	17.3	34.4	20.5	-999.9	0.0	2.0	97483.6	-999.9
Ntarla	2017	1	9	9	18.6	33.8	20.6	-999.9	0.0	2.4	97385.8	-999.9
Ntarla	2017	1	10	10	18.1	32.0	20.9	-999.9	0.0	2.5	97349.7	-999.9
Ntarla	2017	1	11	11	17.6	29.4	20.8	-999.9	0.1	2.4	97333.1	-999.9
Ntarla	2017	1	12	12	14.8	29.8	21.0	-999.9	0.0	2.6	97488.2	-999.9
Ntarla	2017	1	13	13	14.7	29.0	21.0	-999.9	0.0	2.8	97565.2	-999.9
Ntarla	2017	1	14	14	13.8	29.6	21.1	-999.9	0.0	2.1	97399.1	-999.9
Ntarla	2017	1	15	15	13.9	32.2	20.9	-999.9	0.0	1.9	97294.8	-999.9
Ntarla	2017	1	16	16	16.9	33.5	20.5	-999.9	0.0	2.2	97252.7	-999.9
Ntarla	2017	1	17	17	17.9	33.4	19.8	-999.9	0.0	2.1	97223.0	-999.9
Ntarla	2017	1	18	18	18.1	35.3	20.7	-999.9	0.0	1.7	97188.8	-999.9
Ntarla	2017	1	19	19	20.2	35.6	20.3	-999.9	0.0	1.6	97253.0	-999.9
Ntarla	2017	1	20	20	19.3	35.5	20.8	-999.9	0.0	2.0	97261.3	-999.9
Ntarla	2017	1	21	21	20.7	34.2	20.4	-999.9	0.0	2.8	97320.4	-999.9
Ntarla	2017	1	22	22	19.1	31.7	20.8	-999.9	0.0	3.0	97417.5	-999.9
Ntarla	2017	1	23	23	16.8	29.8	21.1	-999.9	0.0	2.6	97610.9	-999.9
Ntarla	2017	1	24	24	15.6	29.9	21.3	-999.9	0.0	2.5	97632.4	-999.9
Ntarla	2017	1	25	25	15.5	31.4	21.4	-999.9	0.0	2.3	97592.6	-999.9
Ntarla	2017	1	26	26	16.1	33.4	21.5	-999.9	0.0	2.2	97636.3	-999.9
Ntarla	2017	1	27	27	17.5	33.4	21.4	-999.9	0.0	2.5	97732.8	-999.9
Ntarla	2017	1	28	28	17.8	33.5	21.7	-999.9	0.0	2.4	97678.5	-999.9
Ntarla	2017	1	29	29	17.6	33.8	21.8	-999.9	0.0	2.4	97542.1	-999.9
Ntarla	2017	1	30	30	17.3	33.7	22.1	-999.9	0.0	2.1	97465.5	-999.9
Ntarla	2017	1	31	31	15.3	35.1	22.1	-999.9	0.0	1.6	97317.6	-999.9
Ntarla	2017	2	1	32	16.7	35.3	22.0	-999.9	0.0	1.8	97294.0	-999.9
Ntarla	2017	2	2	33	18.8	33.1	22.1	-999.9	0.0	2.7	97517.7	-999.9
Ntarla	2017	2	3	34	17.9	32.6	21.3	-999.9	0.5	2.8	97561.2	-999.9
Ntarla	2017	2	4	35	18.4	33.6	21.8	-999.9	0.0	2.9	97504.7	-999.9
Ntarla	2017	2	5	36	20.6	33.4	18.9	-999.9	0.0	2.6	97440.8	-999.9
Ntarla	2017	2	6	37	19.8	35.0	22.3	-999.9	0.0	3.0	97424.2	-999.9
Ntarla	2017	2	7	38	19.4	34.5	22.5	-999.9	0.0	3.0	97401.6	-999.9
Ntarla	2017	2	8	39	18.8	34.2	22.1	-999.9	0.0	2.6	97312.1	-999.9
Ntarla	2017	2	9	40	19.2	35.4	22.4	-999.9	0.0	2.5	97274.7	-999.9
Ntarla	2017	2	10	41	19.2	35.6	21.9	-999.9	0.0	2.2	97167.6	-999.9
Ntarla	2017	2	11	42	17.6	37.0	22.0	-999.9	0.0	2.0	97019.1	-999.9
Ntarla	2017	2	12	43	21.1	37.1	22.3	-999.9	0.0	2.4	96990.3	-999.9
Ntarla	2017	2	13	44	20.9	36.6	22.5	-999.9	0.0	2.1	97202.6	-999.9
Ntarla	2017	2	14	45	23.5	37.7	22.0	-999.9	0.0	2.3	97209.3	-999.9
Ntarla	2017	2	15	46	23.8	37.2	22.4	-999.9	0.0	2.7	97342.6	-999.9
Ntarla	2017	2	16	47	23.4	37.6	22.7	-999.9	0.0	2.9	97328.2	-999.9
Ntarla	2017	2	17	48	23.4	36.5	23.2	-999.9	0.0	3.5	97426.7	-999.9
Ntarla	2017	2	18	49	22.3	35.8	23.2	-999.9	0.0	2.9	97504.7	-999.9
Ntarla	2017	2	19	50	21.0	35.6	22.4	-999.9	0.0	2.5	97446.3	-999.9
Ntarla	2017	2	20	51	20.7	36.5	23.4	-999.9	0.0	2.1	97312.4	-999.9
Ntarla	2017	2	21	52	20.0	37.1	23.6	-999.9	0.0	2.0	97189.4	-999.9
Ntarla	2017	2	22	53	20.2	37.4	23.1	-999.9	0.0	2.0	97152.9	-999.9
Ntarla	2017	2	23	54	21.6	38.3	23.4	-999.9	0.0	2.1	97113.1	-999.9
Ntarla	2017	2	24	55	22.1	38.4	23.5	-999.9	0.0	1.6	97088.7	-999.9
Ntarla	2017	2	25	56	22.3	38.3	23.4	-999.9	0.0	2.0	97126.7	-999.9
Ntarla	2017	2	26	57	22.4	38.1	23.6	-999.9	0.0	2.0	97116.4	-999.9
Ntarla	2017	2	27	58	21.7	38.0	22.7	-999.9	0.0	1.9	97061.6	-999.9
Ntarla	2017	2	28	59	22.1	38.8	23.5	-999.9	0.0	2.5	97041.8	-999.9
Ntarla	2017	3	1	60	23.8	39.0	24.1	-999.9	0.0	2.9	97089.6	-999.9
Ntarla	2017	3	2	61	21.3	39.0	24.2	-999.9	0.0	2.7	97197.0	-999.9
Ntarla	2017	3	3	62	23.2	39.1	24.4	-999.9	0.0	2.9	97127.0	-999.9
Ntarla	2017	3	4	63	23.3	39.0	24.6	-999.9	0.0	2.7	96976.5	-999.9
Ntarla	2017	3	5	64	21.4	39.2	24.6	-999.9	0.0	2.7	97007.1	-999.9
Ntarla	2017	3	6	65	23.2	38.7	24.3	-999.9	0.0	2.5	97140.3	-999.9
Ntarla	2017	3	7	66	22.7	38.2	24.8	-999.9	0.0	2.4	97160.4	-999.9
Ntarla	2017	3	8	67	21.3	36.3	20.2	-999.9	1.4	2.0	97123.9	-999.9
Ntarla	2017	3	9	68	20.0	38.8	25.2	-999.9	0.0	2.1	97035.0	-999.9
Ntarla	2017	3	10	69	21.0	39.1	25.1	-999.9	0.0	2.4	96973.6	-999.9
Ntarla	2017	3	11	70	20.9	38.5	24.9	-999.9	0.0	2.1	96914.9	-999.9
Ntarla	2017	3	12	71	20.3	38.1	23.8	-999.9	0.0	1.7	96941.5	-999.9
Ntarla	2017	3	13	72	22.8	38.2	23.8	-999.9	0.0	1.8	96977.7	-999.9
Ntarla	2017	3	14	73	25.5	37.6	21.2	-999.9	0.0	1.8	97068.3	-999.9
Ntarla	2017	3	15	74	25.9	37.9	23.0	-999.9	0.0	2.1	97169.4	-999.9
Ntarla	2017	3	16	75	26.4	38.5	21.9	-999.9	0.0	1.5	97008.7	-999.9
Ntarla	2017	3	17	76	23.8	39.8	24.8	-999.9	0.0	1.7	96848.1	-999.9
Ntarla	2017	3	18	77	24.9	38.2	21.5	-999.9	0.0	2.2	96889.1	-999.9
Ntarla	2017	3	19	78	28.9	37.3	19.9	-999.9	0.0	2.2	97041.9	-999.9
Ntarla	2017	3	20	79	26.9	37.9	23.2	-999.9	0.0	1.8	97267.4	-999.9
Ntarla	2017	3	21	80	26.9	38.3	22.9	-999.9	0.0	2.8	97253.0	-999.9
Ntarla	2017	3	22	81	25.8	38.9	24.9	-999.9	0.0	2.5	97156.7	-999.9
Ntarla	2017	3	23	82	25.9	39.0	24.6	-999.9	0.0	2.3	97113.8	-999.9
Ntarla	2017	3	24	83	24.1	37.9	22.9	-999.9	0.0	2.5	97168.3	-999.9
Ntarla	2017	3	25	84	27.5	38.3	19.4	-999.9	0.0	2.1	97218.7	-999.9
Ntarla	2017	3	26	85	24.7	39.9	24.6	-999.9	0.0	2.0	97138.9	-999.9
Ntarla	2017	3	27	86	24.0	41.2	25.3	-999.9	0.0	2.4	97098.6	-999.9
Ntarla	2017	3	28	87	23.9	40.6	24.7	-999.9	0.0	2.0	97023.4	-999.9
Ntarla	2017	3	29	88	24.0	40.4	25.3	-999.9	0.0	1.9	96964.3	-999.9
Ntarla	2017	3	30	89	24.0	40.6	25.6	-999.9	0.0	2.0	97057.2	-999.9
Ntarla	2017	3	31	90	26.1	40.7	25.7	-999.9	0.0	3.0	97156.4	-999.9
Ntarla	2017	4	1	91	25.0	39.9	26.0	-999.9	0.0	1.9	97082.5	-999.9
Ntarla	2017	4	2	92	22.8	39.0	25.1	-999.9	0.0	2.2	96998.8	-999.9
Ntarla	2017	4	3	93	27.4	39.1	24.2	-999.9	0.0	2.4	97085.5	-999.9
Ntarla	2017	4	4	94	26.0	37.7	22.9	-999.9	0.0	2.0	97159.5	-999.9
Ntarla	2017	4	5	95	27.3	39.2	20.6	-999.9	0.0	2.3	97105.4	-999.9
Ntarla	2017	4	6	96	26.6	37.8	23.6	-999.9	0.0	2.8	97066.0	-999.9
Ntarla	2017	4	7	97	25.0	35.8	21.5	-999.9	0.0	2.2	97001.8	-999.9
Ntarla	2017	4	8	98	26.0	37.9	23.9	-999.9	0.0	1.4	96968.8	-999.9
Ntarla	2017	4	9	99	26.5	37.2	21.9	-999.9	0.0	1.7	97052.7	-999.9
Ntarla	2017	4	10	100	25.8	39.5	23.6	-999.9	1.9	2.1	97032.3	-999.9
Ntarla	2017	4	11	101	24.8	39.9	24.5	-999.9	0.0	2.3	97017.5	-999.9
Ntarla	2017	4	12	102	24.7	38.0	25.8	-999.9	0.0	2.5	97118.8	-999.9
Ntarla	2017	4	13	103	25.1	38.4	26.3	-999.9	0.0	2.8	97147.9	-999.9
Ntarla	2017	4	14	104	24.6	38.6	26.5	-999.9	0.0	2.7	97146.9	-999.9
Ntarla	2017	4	15	105	23.4	39.7	26.4	-999.9	0.0	2.1	97103.0	-999.9
Ntarla	2017	4	16	106	24.2	39.9	26.0	-999.9	0.0	2.8	97032.8	-999.9
Ntarla	2017	4	17	107	28.3	37.8	19.9	-999.9	2.1	1.2	97115.5	-999.9
Ntarla	2017	4	18	108	26.5	38.3	22.1	-999.9	0.0	1.6	97048.6	-999.9
Ntarla	2017	4	19	109	28.0	39.0	24.1	-999.9	0.0	1.6	96961.7	-999.9
Ntarla	2017	4	20	110	28.4	39.9	24.0	-999.9	0.0	1.9	96892.7	-999.9
Ntarla	2017	4	21	111	28.7	39.0	23.0	-999.9	0.0	2.6	96948.0	-999.9
Ntarla	2017	4	22	112	27.5	38.7	23.4	-999.9	0.0	2.5	97063.9	-999.9
Ntarla	2017	4	23	113	25.3	38.5	23.2	-999.9	0.0	1.9	97157.4	-999.9
Ntarla	2017	4	24	114	27.5	38.3	24.1	-999.9	0.0	2.1	97160.8	-999.9
Ntarla	2017	4	25	115	27.6	38.5	23.6	-999.9	0.0	2.0	97102.7	-999.9
Ntarla	2017	4	26	116	25.5	37.8	23.6	-999.9	4.2	2.3	97122.0	-999.9
Ntarla	2017	4	27	117	27.7	37.7	23.6	-999.9	4.2	1.8	97209.7	-999.9
Ntarla	2017	4	28	118	27.6	38.4	24.9	-999.9	0.0	2.0	97185.3	-999.9
Ntarla	2017	4	29	119	27.0	38.1	22.2	-999.9	0.0	2.2	97169.2	-999.9
Ntarla	2017	4	30	120	26.3	38.8	23.5	-999.9	0.0	2.4	97144.6	-999.9
Ntarla	2017	5	1	121	28.5	38.0	24.1	-999.9	0.0	2.0	97085.4	-999.9
Ntarla	2017	5	2	122	25.9	38.2	23.9	-999.9	3.0	2.1	97023.7	-999.9
Ntarla	2017	5	3	123	25.5	37.8	22.9	-999.9	4.5	2.3	97102.9	-999.9
Ntarla	2017	5	4	124	26.0	35.4	22.8	-999.9	0.0	2.1	97124.9	-999.9
Ntarla	2017	5	5	125	26.1	38.8	23.9	-999.9	3.0	2.1	97190.8	-999.9
Ntarla	2017	5	6	126	27.7	39.3	24.4	-999.9	0.0	1.7	97162.0	-999.9
Ntarla	2017	5	7	127	29.2	40.1	24.3	-999.9	0.0	2.4	96993.0	-999.9
Ntarla	2017	5	8	128	29.5	39.5	24.5	-999.9	5.9	2.5	97023.4	-999.9
Ntarla	2017	5	9	129	28.5	39.2	24.5	-999.9	5.9	2.1	97056.3	-999.9
Ntarla	2017	5	10	130	26.5	38.4	25.1	-999.9	0.0	2.4	97003.2	-999.9
Ntarla	2017	5	11	131	26.3	38.7	24.2	-999.9	3.7	3.0	97108.6	-999.9
Ntarla	2017	5	12	132	24.9	34.4	24.4	-999.9	0.0	2.2	97301.8	-999.9
Ntarla	2017	5	13	133	25.6	35.9	24.7	-999.9	0.0	1.5	97380.1	-999.9
Ntarla	2017	5	14	134	25.1	38.1	23.0	-999.9	3.7	2.4	97264.7	-999.9
Ntarla	2017	5	15	135	26.3	38.8	22.9	-999.9	0.0	2.9	97138.9	-999.9
Ntarla	2017	5	16	136	26.3	37.9	24.7	-999.9	0.0	3.2	97078.3	-999.9
Ntarla	2017	5	17	137	27.2	36.2	23.9	-999.9	6.9	3.0	97152.1	-999.9
Ntarla	2017	5	18	138	26.1	34.7	21.7	-999.9	2.3	2.1	97144.0	-999.9
Ntarla	2017	5	19	139	26.3	34.7	24.4	-999.9	0.0	2.3	97267.5	-999.9
Ntarla	2017	5	20	140	25.8	35.4	24.0	-999.9	0.0	1.5	97396.0	-999.9
Ntarla	2017	5	21	141	25.4	36.6	23.7	-999.9	0.0	1.9	97359.6	-999.9
Ntarla	2017	5	22	142	26.4	38.1	24.1	-999.9	6.1	1.9	97129.3	-999.9
Ntarla	2017	5	23	143	26.7	38.1	23.9	-999.9	6.1	2.0	97110.4	-999.9
Ntarla	2017	5	24	144	25.4	35.0	16.6	-999.9	12.2	2.3	97257.4	-999.9
Ntarla	2017	5	25	145	24.3	33.3	21.7	-999.9	0.0	2.1	97311.8	-999.9
Ntarla	2017	5	26	146	25.9	34.6	24.5	-999.9	0.0	2.2	97366.5	-999.9
Ntarla	2017	5	27	147	24.5	31.2	15.6	-999.9	7.2	1.3	97517.7	-999.9
Ntarla	2017	5	28	148	24.5	32.6	20.8	-999.9	0.0	1.3	97598.8	-999.9
Ntarla	2017	5	29	149	25.7	36.8	24.4	-999.9	0.0	1.5	97418.2	-999.9
Ntarla	2017	5	30	150	26.0	34.8	22.3	-999.9	0.0	3.6	97311.8	-999.9
Ntarla	2017	5	31	151	26.2	36.2	23.8	-999.9	0.0	2.7	97442.4	-999.9
Ntarla	2017	6	1	152	26.5	36.7	24.1	-999.9	5.1	1.9	97449.3	-999.9
Ntarla	2017	6	2	153	27.5	37.4	23.8	-999.9	10.3	2.0	97388.2	-999.9
Ntarla	2017	6	3	154	26.9	37.3	22.7	-999.9	0.0	2.4	97313.5	-999.9
Ntarla	2017	6	4	155	26.9	36.3	23.9	-999.9	5.1	2.4	97292.4	-999.9
Ntarla	2017	6	5	156	26.4	36.6	24.4	-999.9	5.1	2.4	97255.3	-999.9
Ntarla	2017	6	6	157	27.7	36.5	23.6	-999.9	0.0	2.0	97244.8	-999.9
Ntarla	2017	6	7	158	25.6	34.4	23.1	-999.9	0.0	1.9	97372.6	-999.9
Ntarla	2017	6	8	159	25.9	35.6	24.5	-999.9	0.0	1.3	97276.1	-999.9
Ntarla	2017	6	9	160	27.1	37.3	23.5	-999.9	3.2	1.7	97126.2	-999.9
Ntarla	2017	6	10	161	24.9	35.8	23.9	-999.9	12.9	2.1	97205.9	-999.9
Ntarla	2017	6	11	162	24.9	35.3	22.2	-999.9	4.7	1.7	97295.2	-999.9
Ntarla	2017	6	12	163	27.3	36.5	22.3	-999.9	0.0	2.6	97226.0	-999.9
Ntarla	2017	6	13	164	26.2	35.5	22.6	-999.9	0.0	3.4	97156.1	-999.9
Ntarla	2017	6	14	165	26.8	35.0	22.9	-999.9	9.4	2.7	97268.7	-999.9
Ntarla	2017	6	15	166	25.1	34.6	23.0	-999.9	0.0	1.8	97259.8	-999.9
Ntarla	2017	6	16	167	26.4	33.9	22.7	-999.9	5.3	1.9	97332.2	-999.9
Ntarla	2017	6	17	168	25.0	33.6	22.4	-999.9	0.0	2.2	97362.2	-999.9
Ntarla	2017	6	18	169	26.1	34.6	23.7	-999.9	0.0	1.8	97234.1	-999.9
Ntarla	2017	6	19	170	26.0	36.6	24.6	-999.9	0.0	2.1	97126.5	-999.9
Ntarla	2017	6	20	171	24.7	33.5	20.9	-999.9	10.6	2.4	97257.3	-999.9
Ntarla	2017	6	21	172	23.5	27.7	7.4	-999.9	11.1	1.7	97393.4	-999.9
Ntarla	2017	6	22	173	22.1	31.6	24.6	-999.9	0.0	1.6	97522.2	-999.9
Ntarla	2017	6	23	174	24.6	33.9	24.2	-999.9	0.0	2.3	97281.6	-999.9
Ntarla	2017	6	24	175	24.7	33.0	21.1	-999.9	0.0	2.7	97108.9	-999.9
Ntarla	2017	6	25	176	23.7	31.2	23.2	-999.9	0.0	2.3	97341.0	-999.9
Ntarla	2017	6	26	177	23.3	31.7	22.6	-999.9	4.0	1.5	97459.9	-999.9
Ntarla	2017	6	27	178	24.1	32.5	23.2	-999.9	0.0	1.1	97469.7	-999.9
Ntarla	2017	6	28	179	23.2	30.7	17.9	-999.9	4.0	1.6	97567.4	-999.9
Ntarla	2017	6	29	180	23.8	32.0	22.2	-999.9	0.0	1.9	97460.8	-999.9
Ntarla	2017	6	30	181	23.6	32.9	23.6	-999.9	4.0	1.8	97503.0	-999.9
Ntarla	2017	7	1	182	24.5	33.3	24.3	-999.9	0.0	2.0	97491.0	-999.9
Ntarla	2017	7	2	183	24.5	33.3	22.4	-999.9	16.1	2.3	97477.7	-999.9
Ntarla	2017	7	3	184	23.1	32.6	21.8	-999.9	0.0	2.7	97433.9	-999.9
Ntarla	2017	7	4	185	24.3	32.8	22.7	-999.9	0.0	2.5	97405.2	-999.9
Ntarla	2017	7	5	186	24.0	31.3	20.2	-999.9	16.1	2.1	97455.4	-999.9
Ntarla	2017	7	6	187	24.3	32.6	23.4	-999.9	0.0	1.8	97536.5	-999.9
Ntarla	2017	7	7	188	24.1	33.0	21.4	-999.9	0.0	1.5	97550.5	-999.9
Ntarla	2017	7	8	189	24.4	33.4	24.0	-999.9	0.0	2.0	97480.9	-999.9
Ntarla	2017	7	9	190	25.4	34.8	23.4	-999.9	16.3	2.5	97370.0	-999.9
Ntarla	2017	7	10	191	24.9	32.7	18.9	-999.9	16.3	3.1	97358.1	-999.9
Ntarla	2017	7	11	192	23.9	31.1	18.1	-999.9	0.0	3.1	97564.3	-999.9
Ntarla	2017	7	12	193	23.2	30.8	17.9	-999.9	0.0	2.2	97686.5	-999.9
Ntarla	2017	7	13	194	23.3	31.4	21.6	-999.9	0.0	1.7	97619.6	-999.9
Ntarla	2017	7	14	195	23.3	30.5	18.5	-999.9	42.5	1.5	97543.8	-999.9
Ntarla	2017	7	15	196	23.7	30.2	19.3	-999.9	0.0	2.1	97540.7	-999.9
Ntarla	2017	7	16	197	23.5	32.0	23.1	-999.9	0.0	1.9	97571.8	-999.9
Ntarla	2017	7	17	198	23.8	32.6	22.8	-999.9	0.0	1.9	97445.9	-999.9
Ntarla	2017	7	18	199	23.8	33.0	23.7	-999.9	0.0	1.6	97477.2	-999.9
Ntarla	2017	7	19	200	23.9	32.1	21.6	-999.9	0.0	1.7	97647.4	-999.9
Ntarla	2017	7	20	201	24.9	30.8	15.3	-999.9	24.1	2.3	97589.4	-999.9
Ntarla	2017	7	21	202	23.8	32.1	20.0	-999.9	0.0	2.1	97440.0	-999.9
Ntarla	2017	7	22	203	24.2	32.3	22.6	-999.9	14.6	1.8	97465.1	-999.9
Ntarla	2017	7	23	204	23.2	28.8	12.2	-999.9	0.0	1.2	97582.3	-999.9
Ntarla	2017	7	24	205	22.5	30.9	21.2	-999.9	0.0	1.9	97566.3	-999.9
Ntarla	2017	7	25	206	24.0	32.8	24.5	-999.9	0.0	2.8	97434.0	-999.9
Ntarla	2017	7	26	207	23.4	30.4	15.3	-999.9	19.0	2.0	97365.6	-999.9
Ntarla	2017	7	27	208	23.2	31.4	20.5	-999.9	0.0	1.4	97372.4	-999.9
Ntarla	2017	7	28	209	23.7	32.8	23.9	-999.9	0.0	1.5	97441.4	-999.9
Ntarla	2017	7	29	210	23.2	31.4	21.0	-999.9	28.6	1.9	97530.4	-999.9
Ntarla	2017	7	30	211	23.9	32.4	21.3	-999.9	9.5	2.0	97558.1	-999.9
Ntarla	2017	7	31	212	23.6	31.4	21.3	-999.9	9.5	1.9	97530.5	-999.9
Ntarla	2017	8	1	213	23.1	31.6	22.0	-999.9	0.0	1.2	97515.3	-999.9
Ntarla	2017	8	2	214	24.3	32.3	23.0	-999.9	18.4	1.5	97532.6	-999.9
Ntarla	2017	8	3	215	23.7	31.0	19.1	-999.9	0.0	1.7	97582.5	-999.9
Ntarla	2017	8	4	216	24.6	31.2	20.5	-999.9	9.2	2.1	97509.5	-999.9
Ntarla	2017	8	5	217	24.4	31.6	20.4	-999.9	18.4	2.2	97387.1	-999.9
Ntarla	2017	8	6	218	24.2	29.8	17.9	-999.9	29.6	1.9	97402.2	-999.9
Ntarla	2017	8	7	219	23.2	30.1	20.4	-999.9	0.0	2.3	97586.8	-999.9
Ntarla	2017	8	8	220	23.2	27.6	14.2	-999.9	14.8	2.1	97561.8	-999.9
Ntarla	2017	8	9	221	22.9	29.4	16.3	-999.9	14.8	1.8	97480.0	-999.9
Ntarla	2017	8	10	222	22.4	30.1	19.6	-999.9	0.0	1.7	97459.7	-999.9
Ntarla	2017	8	11	223	22.5	28.7	17.0	-999.9	19.2	1.3	97555.8	-999.9
Ntarla	2017	8	12	224	21.8	31.1	23.5	-999.9	6.4	1.5	97527.0	-999.9
Ntarla	2017	8	13	225	23.6	31.4	18.9	-999.9	0.0	1.7	97384.1	-999.9
Ntarla	2017	8	14	226	24.4	31.0	20.9	-999.9	0.0	1.9	97320.1	-999.9
Ntarla	2017	8	15	227	24.0	27.0	10.7	-999.9	32.0	1.5	97398.5	-999.9
Ntarla	2017	8	16	228	22.1	29.9	18.6	-999.9	0.0	2.2	97474.2	-999.9
Ntarla	2017	8	17	229	24.1	32.2	22.1	-999.9	0.0	3.2	97190.5	-999.9
Ntarla	2017	8	18	230	25.1	33.1	21.9	-999.9	38.3	2.9	96903.7	-999.9
Ntarla	2017	8	19	231	23.0	29.6	16.4	-999.9	0.0	2.0	97222.6	-999.9
Ntarla	2017	8	20	232	23.0	30.6	21.5	-999.9	0.0	2.1	97483.0	-999.9
Ntarla	2017	8	21	233	23.6	29.0	14.0	-999.9	18.1	2.2	97407.4	-999.9
Ntarla	2017	8	22	234	22.9	26.4	9.8	-999.9	24.1	1.6	97336.0	-999.9
Ntarla	2017	8	23	235	22.0	28.8	18.3	-999.9	6.0	1.8	97370.8	-999.9
Ntarla	2017	8	24	236	22.4	29.5	19.0	-999.9	6.0	1.7	97423.3	-999.9
Ntarla	2017	8	25	237	22.4	28.8	19.0	-999.9	6.0	1.3	97367.9	-999.9
Ntarla	2017	8	26	238	22.3	30.7	19.9	-999.9	24.2	1.7	97335.8	-999.9
Ntarla	2017	8	27	239	22.7	29.3	17.8	-999.9	0.0	1.8	97480.6	-999.9
Ntarla	2017	8	28	240	21.7	29.1	15.9	-999.9	0.0	1.8	97575.3	-999.9
Ntarla	2017	8	29	241	22.7	32.1	23.2	-999.9	0.0	2.1	97341.1	-999.9
Ntarla	2017	8	30	242	23.7	30.8	17.8	-999.9	24.2	2.9	97291.9	-999.9
Ntarla	2017	8	31	243	23.8	29.7	18.7	-999.9	0.0	2.4	97343.2	-999.9
Ntarla	2017	9	1	244	22.8	27.9	11.9	-999.9	3.7	1.8	97454.7	-999.9
Ntarla	2017	9	2	245	22.0	28.4	15.5	-999.9	3.7	1.8	97466.5	-999.9
Ntarla	2017	9	3	246	22.4	29.4	16.9	-999.9	3.7	1.8	97515.9	-999.9
Ntarla	2017	9	4	247	23.0	29.8	20.9	-999.9	0.0	1.6	97494.2	-999.9
Ntarla	2017	9	5	248	23.1	31.2	21.6	-999.9	0.0	1.6	97559.2	-999.9
Ntarla	2017	9	6	249	22.8	32.7	24.0	-999.9	0.0	1.3	97436.8	-999.9
Ntarla	2017	9	7	250	23.8	30.7	18.6	-999.9	5.3	1.3	97330.1	-999.9
Ntarla	2017	9	8	251	23.0	31.4	22.9	-999.9	5.3	1.5	97386.0	-999.9
Ntarla	2017	9	9	252	23.0	31.4	23.1	-999.9	5.3	1.1	97437.0	-999.9
Ntarla	2017	9	10	253	22.9	31.4	22.4	-999.9	0.0	1.2	97383.6	-999.9
Ntarla	2017	9	11	254	22.2	32.6	23.9	-999.9	16.9	1.0	97392.7	-999.9
Ntarla	2017	9	12	255	22.0	30.6	21.3	-999.9	0.0	1.2	97432.1	-999.9
Ntarla	2017	9	13	256	23.5	32.5	24.0	-999.9	0.0	1.8	97481.9	-999.9
Ntarla	2017	9	14	257	23.9	32.9	24.0	-999.9	8.5	2.2	97425.5	-999.9
Ntarla	2017	9	15	258	24.2	32.2	20.7	-999.9	0.0	2.0	97311.9	-999.9
Ntarla	2017	9	16	259	23.4	32.4	23.2	-999.9	16.3	2.2	97307.4	-999.9
Ntarla	2017	9	17	260	22.9	29.1	13.2	-999.9	0.0	1.6	97431.5	-999.9
Ntarla	2017	9	18	261	22.5	31.0	19.5	-999.9	0.0	1.2	97646.3	-999.9
Ntarla	2017	9	19	262	23.7	33.6	23.9	-999.9	0.0	2.0	97407.8	-999.9
Ntarla	2017	9	20	263	25.0	33.3	22.3	-999.9	8.1	2.6	97196.8	-999.9
Ntarla	2017	9	21	264	23.6	31.7	19.4	-999.9	19.4	1.9	97314.5	-999.9
Ntarla	2017	9	22	265	22.7	30.2	18.5	-999.9	19.4	1.8	97350.9	-999.9
Ntarla	2017	9	23	266	22.6	26.3	13.1	-999.9	0.0	2.8	97457.1	-999.9
Ntarla	2017	9	24	267	21.2	30.6	24.0	-999.9	0.0	1.8	97563.2	-999.9
Ntarla	2017	9	25	268	22.5	32.3	23.4	-999.9	0.0	1.6	97408.8	-999.9
Ntarla	2017	9	26	269	23.6	32.5	23.2	-999.9	0.0	1.7	97219.5	-999.9
Ntarla	2017	9	27	270	21.6	31.6	22.7	-999.9	4.7	1.7	97305.8	-999.9
Ntarla	2017	9	28	271	23.3	32.8	23.6	-999.9	4.7	1.5	97402.1	-999.9
Ntarla	2017	9	29	272	23.1	33.7	22.5	-999.9	0.0	1.5	97342.7	-999.9
Ntarla	2017	9	30	273	23.2	33.0	23.6	-999.9	0.0	1.7	97305.2	-999.9
Ntarla	2017	10	1	274	23.3	34.2	23.9	-999.9	0.0	1.5	97249.8	-999.9
Ntarla	2017	10	2	275	23.3	32.5	21.8	-999.9	10.0	1.5	97309.2	-999.9
Ntarla	2017	10	3	276	23.9	32.4	20.4	-999.9	5.0	1.5	97275.1	-999.9
Ntarla	2017	10	4	277	23.2	31.3	20.4	-999.9	0.0	1.6	97333.0	-999.9
Ntarla	2017	10	5	278	23.4	34.3	23.9	-999.9	0.0	1.5	97288.2	-999.9
Ntarla	2017	10	6	279	24.3	32.8	20.8	-999.9	0.0	1.4	97262.1	-999.9
Ntarla	2017	10	7	280	24.7	34.2	21.5	-999.9	3.5	1.5	97223.4	-999.9
Ntarla	2017	10	8	281	23.0	33.3	22.4	-999.9	3.5	1.9	97259.0	-999.9
Ntarla	2017	10	9	282	24.2	34.4	20.9	-999.9	0.0	1.4	97275.5	-999.9
Ntarla	2017	10	10	283	23.4	35.6	22.3	-999.9	0.0	1.7	97184.1	-999.9
Ntarla	2017	10	11	284	25.6	36.1	22.2	-999.9	0.0	2.1	97255.6	-999.9
Ntarla	2017	10	12	285	24.5	35.9	21.9	-999.9	0.0	1.6	97370.6	-999.9
Ntarla	2017	10	13	286	23.8	36.5	21.1	-999.9	0.0	1.8	97280.0	-999.9
Ntarla	2017	10	14	287	22.6	35.5	19.7	-999.9	0.0	1.8	97298.4	-999.9
Ntarla	2017	10	15	288	22.9	35.7	20.6	-999.9	0.0	2.2	97379.6	-999.9
Ntarla	2017	10	16	289	21.9	36.0	21.4	-999.9	0.0	2.0	97542.8	-999.9
Ntarla	2017	10	17	290	21.1	37.7	22.4	-999.9	0.0	2.1	97523.1	-999.9
Ntarla	2017	10	18	291	22.5	37.3	22.7	-999.9	0.0	2.2	97447.9	-999.9
Ntarla	2017	10	19	292	21.0	36.9	23.0	-999.9	0.0	1.8	97423.3	-999.9
Ntarla	2017	10	20	293	21.8	37.1	23.2	-999.9	0.0	1.7	97384.6	-999.9
Ntarla	2017	10	21	294	23.0	37.3	22.8	-999.9	0.0	1.5	97409.5	-999.9
Ntarla	2017	10	22	295	23.3	37.3	22.5	-999.9	0.0	1.4	97354.0	-999.9
Ntarla	2017	10	23	296	24.0	36.1	21.0	-999.9	0.0	1.4	97267.4	-999.9
Ntarla	2017	10	24	297	23.5	36.8	22.4	-999.9	0.0	1.4	97201.5	-999.9
Ntarla	2017	10	25	298	23.6	35.6	20.0	-999.9	0.0	1.8	97185.3	-999.9
Ntarla	2017	10	26	299	23.4	36.2	20.0	-999.9	0.0	2.0	97296.2	-999.9
Ntarla	2017	10	27	300	22.1	37.2	22.4	-999.9	0.0	2.1	97297.1	-999.9
Ntarla	2017	10	28	301	20.6	36.5	23.1	-999.9	0.0	2.5	97251.9	-999.9
Ntarla	2017	10	29	302	19.3	35.3	23.6	-999.9	0.0	2.1	97267.1	-999.9
Ntarla	2017	10	30	303	20.3	36.1	22.5	-999.9	0.0	1.8	97181.6	-999.9
Ntarla	2017	10	31	304	22.2	36.8	22.2	-999.9	0.0	1.9	97232.2	-999.9
Ntarla	2017	11	1	305	22.7	37.0	21.1	-999.9	0.0	2.0	97300.2	-999.9
Ntarla	2017	11	2	306	22.0	37.0	22.4	-999.9	0.0	1.8	97312.2	-999.9
Ntarla	2017	11	3	307	21.1	36.2	22.4	-999.9	0.0	1.3	97216.3	-999.9
Ntarla	2017	11	4	308	20.4	35.9	20.8	-999.9	0.0	1.7	97229.5	-999.9
Ntarla	2017	11	5	309	23.4	33.9	18.3	-999.9	2.4	1.6	97308.3	-999.9
Ntarla	2017	11	6	310	22.4	34.7	20.1	-999.9	0.0	1.3	97175.3	-999.9
Ntarla	2017	11	7	311	23.6	33.1	18.0	-999.9	0.0	1.5	97163.9	-999.9
Ntarla	2017	11	8	312	22.5	35.6	22.1	-999.9	0.0	1.7	97219.9	-999.9
Ntarla	2017	11	9	313	19.7	35.8	22.3	-999.9	0.0	2.0	97242.4	-999.9
Ntarla	2017	11	10	314	21.0	36.1	21.9	-999.9	0.0	1.8	97251.0	-999.9
Ntarla	2017	11	11	315	21.4	36.1	22.0	-999.9	0.0	1.8	97245.3	-999.9
Ntarla	2017	11	12	316	20.3	34.9	22.3	-999.9	0.0	2.4	97260.3	-999.9
Ntarla	2017	11	13	317	19.0	34.0	22.1	-999.9	0.0	2.0	97246.8	-999.9
Ntarla	2017	11	14	318	18.6	33.8	22.0	-999.9	0.0	2.0	97198.5	-999.9
Ntarla	2017	11	15	319	18.2	33.8	21.8	-999.9	0.0	1.9	97234.1	-999.9
Ntarla	2017	11	16	320	20.0	34.9	21.5	-999.9	0.0	1.9	97249.7	-999.9
Ntarla	2017	11	17	321	20.2	35.0	20.7	-999.9	0.0	1.7	97195.5	-999.9
Ntarla	2017	11	18	322	20.2	35.1	21.1	-999.9	0.0	1.7	97182.9	-999.9
Ntarla	2017	11	19	323	18.9	34.5	20.2	-999.9	0.0	1.7	97166.1	-999.9
Ntarla	2017	11	20	324	20.2	34.4	19.5	-999.9	0.0	1.5	97257.9	-999.9
Ntarla	2017	11	21	325	22.3	34.3	19.9	-999.9	0.0	1.6	97330.2	-999.9
Ntarla	2017	11	22	326	21.4	35.0	19.8	-999.9	0.0	2.1	97272.1	-999.9
Ntarla	2017	11	23	327	20.0	35.5	20.3	-999.9	0.0	1.8	97277.1	-999.9
Ntarla	2017	11	24	328	19.2	35.0	20.7	-999.9	0.0	1.8	97327.0	-999.9
Ntarla	2017	11	25	329	19.6	35.3	21.0	-999.9	0.0	1.9	97391.4	-999.9
Ntarla	2017	11	26	330	19.8	35.7	21.1	-999.9	0.0	2.3	97465.6	-999.9
Ntarla	2017	11	27	331	19.8	35.5	21.1	-999.9	0.0	2.3	97502.9	-999.9
Ntarla	2017	11	28	332	19.3	34.4	21.1	-999.9	0.0	1.8	97483.9	-999.9
Ntarla	2017	11	29	333	18.4	33.9	21.1	-999.9	0.0	1.6	97431.6	-999.9
Ntarla	2017	11	30	334	17.5	34.2	20.6	-999.9	0.0	1.6	97518.8	-999.9
Ntarla	2017	12	1	335	19.2	34.6	20.8	-999.9	0.0	2.0	97440.3	-999.9
Ntarla	2017	12	2	336	19.3	34.7	20.7	-999.9	0.0	1.8	97298.9	-999.9
Ntarla	2017	12	3	337	17.9	34.6	19.9	-999.9	0.0	1.9	97293.1	-999.9
Ntarla	2017	12	4	338	18.9	34.5	18.9	-999.9	0.7	2.1	97405.5	-999.9
Ntarla	2017	12	5	339	20.4	31.9	13.6	-999.9	0.0	2.1	97413.1	-999.9
Ntarla	2017	12	6	340	17.6	33.1	20.5	-999.9	0.0	2.3	97278.2	-999.9
Ntarla	2017	12	7	341	18.2	33.0	20.3	-999.9	0.0	2.2	97247.5	-999.9
Ntarla	2017	12	8	342	17.7	33.7	20.4	-999.9	0.0	1.9	97276.8	-999.9
Ntarla	2017	12	9	343	18.2	32.8	20.5	-999.9	0.0	2.4	97419.9	-999.9
Ntarla	2017	12	10	344	18.2	31.3	20.7	-999.9	0.0	2.5	97487.9	-999.9
Ntarla	2017	12	11	345	15.3	31.2	20.6	-999.9	0.0	1.8	97423.7	-999.9
Ntarla	2017	12	12	346	16.8	33.5	20.0	-999.9	0.0	1.6	97321.4	-999.9
Ntarla	2017	12	13	347	18.4	34.2	19.7	-999.9	0.0	1.6	97283.6	-999.9
Ntarla	2017	12	14	348	21.1	33.7	19.3	-999.9	0.0	2.3	97397.2	-999.9
Ntarla	2017	12	15	349	20.7	32.7	18.9	-999.9	0.0	2.9	97457.6	-999.9
Ntarla	2017	12	16	350	20.1	34.1	19.7	-999.9	0.0	2.3	97435.0	-999.9
Ntarla	2017	12	17	351	19.2	34.0	20.3	-999.9	0.0	2.3	97401.6	-999.9
Ntarla	2017	12	18	352	19.4	33.4	20.1	-999.9	0.0	2.2	97315.7	-999.9
Ntarla	2017	12	19	353	19.3	32.9	20.1	-999.9	0.0	2.3	97300.4	-999.9
Ntarla	2017	12	20	354	18.0	31.2	19.9	-999.9	0.0	2.8	97382.6	-999.9
Ntarla	2017	12	21	355	17.2	28.5	19.6	-999.9	0.1	3.3	97640.6	-999.9
Ntarla	2017	12	22	356	15.8	26.4	19.5	-999.9	0.1	3.0	97788.6	-999.9
Ntarla	2017	12	23	357	14.5	26.7	20.0	-999.9	0.0	2.6	97730.4	-999.9
Ntarla	2017	12	24	358	14.3	28.7	20.1	-999.9	0.0	2.1	97562.8	-999.9
Ntarla	2017	12	25	359	16.2	31.3	19.6	-999.9	0.0	2.1	97472.7	-999.9
Ntarla	2017	12	26	360	17.7	32.3	20.1	-999.9	0.0	2.4	97470.3	-999.9
Ntarla	2017	12	27	361	17.6	32.5	20.2	-999.9	0.0	2.4	97475.3	-999.9
Ntarla	2017	12	28	362	17.9	31.4	20.1	-999.9	0.0	2.4	97445.6	-999.9
Ntarla	2017	12	29	363	17.4	31.2	20.3	-999.9	0.0	2.4	97514.9	-999.9
Ntarla	2017	12	30	364	16.8	31.6	20.5	-999.9	0.0	2.6	97643.6	-999.9
Ntarla	2017	12	31	365	17.7	31.4	20.8	-999.9	0.0	2.9	97638.4	-999.9
