Ntarla	2019	1	1	1	20.5	33.3	20.2	-999.9	0.0	2.8	97730.2	-999.9
Ntarla	2019	1	2	2	18.0	31.2	20.5	-999.9	0.0	2.4	97764.8	-999.9
Ntarla	2019	1	3	3	15.1	31.1	20.8	-999.9	0.0	1.9	97577.6	-999.9
Ntarla	2019	1	4	4	14.9	31.5	20.7	-999.9	0.0	2.2	97637.3	-999.9
Ntarla	2019	1	5	5	15.8	31.0	20.4	-999.9	0.0	2.4	97718.1	-999.9
Ntarla	2019	1	6	6	16.2	30.6	19.8	-999.9	0.0	2.3	97645.3	-999.9
Ntarla	2019	1	7	7	15.9	31.3	20.3	-999.9	0.0	2.0	97620.1	-999.9
Ntarla	2019	1	8	8	16.7	32.4	20.6	-999.9	0.0	2.2	97545.9	-999.9
Ntarla	2019	1	9	9	17.0	31.7	19.7	-999.9	0.1	2.1	97420.0	-999.9
Ntarla	2019	1	10	10	15.5	32.8	20.1	-999.9	0.0	1.6	97348.5	-999.9
Ntarla	2019	1	11	11	15.7	33.5	20.7	-999.9	0.0	1.8	97374.8	-999.9
Ntarla	2019	1	12	12	18.0	34.2	20.6	-999.9	0.0	2.3	97392.3	-999.9
Ntarla	2019	1	13	13	18.3	34.1	20.8	-999.9	0.0	2.3	97508.3	-999.9
Ntarla	2019	1	14	14	17.2	33.8	21.0	-999.9	0.0	2.1	97557.7	-999.9
Ntarla	2019	1	15	15	16.0	34.4	21.0	-999.9	0.0	1.8	97461.0	-999.9
Ntarla	2019	1	16	16	16.4	35.3	21.1	-999.9	0.0	1.8	97378.6	-999.9
Ntarla	2019	1	17	17	17.9	35.7	21.1	-999.9	0.0	1.7	97287.0	-999.9
Ntarla	2019	1	18	18	18.8	34.9	20.9	-999.9	0.1	1.8	97291.7	-999.9
Ntarla	2019	1	19	19	17.8	30.0	21.1	-999.9	0.0	2.8	97629.5	-999.9
Ntarla	2019	1	20	20	15.7	29.8	21.3	-999.9	0.0	2.2	97747.0	-999.9
Ntarla	2019	1	21	21	14.7	30.6	21.4	-999.9	0.0	2.1	97666.0	-999.9
Ntarla	2019	1	22	22	14.5	30.3	21.6	-999.9	0.0	2.4	97597.5	-999.9
Ntarla	2019	1	23	23	13.7	29.9	21.6	-999.9	0.0	2.4	97571.6	-999.9
Ntarla	2019	1	24	24	14.5	32.0	21.5	-999.9	0.0	1.9	97423.1	-999.9
Ntarla	2019	1	25	25	15.5	33.3	20.9	-999.9	0.0	2.0	97462.4	-999.9
Ntarla	2019	1	26	26	16.7	31.5	21.6	-999.9	0.0	2.5	97609.3	-999.9
Ntarla	2019	1	27	27	14.7	30.0	21.7	-999.9	0.0	2.2	97585.9	-999.9
Ntarla	2019	1	28	28	14.2	31.9	22.1	-999.9	0.0	2.0	97464.7	-999.9
Ntarla	2019	1	29	29	15.1	32.8	22.1	-999.9	0.0	2.0	97399.8	-999.9
Ntarla	2019	1	30	30	16.2	34.3	21.9	-999.9	0.0	1.9	97327.2	-999.9
Ntarla	2019	1	31	31	18.1	35.7	21.7	-999.9	0.0	1.7	97280.9	-999.9
Ntarla	2019	2	1	32	18.7	36.1	21.4	-999.9	0.0	1.9	97257.6	-999.9
Ntarla	2019	2	2	33	18.3	36.0	21.9	-999.9	0.0	1.7	97196.8	-999.9
Ntarla	2019	2	3	34	19.8	36.5	21.7	-999.9	0.0	2.1	97179.7	-999.9
Ntarla	2019	2	4	35	20.4	35.4	21.9	-999.9	0.0	2.5	97313.5	-999.9
Ntarla	2019	2	5	36	19.9	34.4	21.2	-999.9	0.3	2.3	97441.8	-999.9
Ntarla	2019	2	6	37	18.6	34.4	22.0	-999.9	0.0	2.3	97370.6	-999.9
Ntarla	2019	2	7	38	18.7	34.5	22.3	-999.9	0.0	2.3	97262.0	-999.9
Ntarla	2019	2	8	39	18.6	34.7	22.3	-999.9	0.0	2.3	97266.5	-999.9
Ntarla	2019	2	9	40	19.8	35.2	22.4	-999.9	0.0	2.9	97279.1	-999.9
Ntarla	2019	2	10	41	20.9	34.3	21.3	-999.9	0.0	3.2	97380.1	-999.9
Ntarla	2019	2	11	42	19.9	34.5	22.9	-999.9	0.0	2.8	97430.4	-999.9
Ntarla	2019	2	12	43	19.6	34.2	22.5	-999.9	0.0	2.9	97470.6	-999.9
Ntarla	2019	2	13	44	19.4	35.0	22.8	-999.9	0.0	2.7	97497.9	-999.9
Ntarla	2019	2	14	45	20.1	36.4	22.8	-999.9	0.0	2.4	97521.5	-999.9
Ntarla	2019	2	15	46	21.3	36.3	22.8	-999.9	0.0	2.4	97570.9	-999.9
Ntarla	2019	2	16	47	21.3	37.0	22.6	-999.9	0.0	2.3	97383.4	-999.9
Ntarla	2019	2	17	48	21.1	37.6	22.8	-999.9	0.0	2.3	97286.3	-999.9
Ntarla	2019	2	18	49	21.2	38.1	22.8	-999.9	0.0	2.1	97121.5	-999.9
Ntarla	2019	2	19	50	22.9	37.8	20.9	-999.9	0.0	2.3	96969.6	-999.9
Ntarla	2019	2	20	51	23.4	35.7	20.0	-999.9	0.5	1.6	97281.6	-999.9
Ntarla	2019	2	21	52	24.2	36.3	21.0	-999.9	0.0	2.7	97483.8	-999.9
Ntarla	2019	2	22	53	21.9	35.6	22.8	-999.9	0.0	2.7	97549.4	-999.9
Ntarla	2019	2	23	54	20.2	33.1	23.6	-999.9	0.0	2.8	97439.2	-999.9
Ntarla	2019	2	24	55	18.1	32.6	23.6	-999.9	0.0	2.5	97306.3	-999.9
Ntarla	2019	2	25	56	18.8	33.8	23.9	-999.9	0.0	2.7	97246.7	-999.9
Ntarla	2019	2	26	57	18.3	32.4	23.4	-999.9	0.0	2.9	97378.7	-999.9
Ntarla	2019	2	27	58	16.9	30.9	23.8	-999.9	0.5	2.9	97564.8	-999.9
Ntarla	2019	2	28	59	16.6	29.5	22.0	-999.9	0.0	3.1	97688.4	-999.9
Ntarla	2019	3	1	60	14.9	29.8	24.8	-999.9	0.0	2.6	97760.4	-999.9
Ntarla	2019	3	2	61	15.9	32.0	24.3	-999.9	0.0	2.4	97688.0	-999.9
Ntarla	2019	3	3	62	17.9	34.3	24.3	-999.9	0.0	2.5	97593.9	-999.9
Ntarla	2019	3	4	63	19.7	35.4	23.9	-999.9	0.0	2.5	97446.6	-999.9
Ntarla	2019	3	5	64	20.9	36.1	24.3	-999.9	0.0	2.6	97431.7	-999.9
Ntarla	2019	3	6	65	21.0	36.8	24.4	-999.9	0.0	2.5	97405.4	-999.9
Ntarla	2019	3	7	66	21.1	37.5	24.5	-999.9	0.0	2.1	97305.8	-999.9
Ntarla	2019	3	8	67	21.0	35.6	24.9	-999.9	0.0	2.1	97249.3	-999.9
Ntarla	2019	3	9	68	20.4	34.6	24.7	-999.9	0.0	1.9	97348.3	-999.9
Ntarla	2019	3	10	69	21.1	35.9	24.4	-999.9	0.0	2.3	97433.2	-999.9
Ntarla	2019	3	11	70	22.3	36.3	24.5	-999.9	0.0	2.7	97507.2	-999.9
Ntarla	2019	3	12	71	22.9	35.8	23.3	-999.9	0.0	3.1	97452.4	-999.9
Ntarla	2019	3	13	72	22.5	36.0	24.6	-999.9	0.0	2.9	97316.3	-999.9
Ntarla	2019	3	14	73	22.6	37.3	24.6	-999.9	0.0	2.6	97177.5	-999.9
Ntarla	2019	3	15	74	23.1	38.2	25.2	-999.9	0.0	2.7	97162.0	-999.9
Ntarla	2019	3	16	75	23.6	39.0	25.1	-999.9	0.0	2.3	97118.6	-999.9
Ntarla	2019	3	17	76	23.9	37.5	21.9	-999.9	0.0	2.1	97127.0	-999.9
Ntarla	2019	3	18	77	27.1	38.0	20.5	-999.9	0.0	1.8	97066.9	-999.9
Ntarla	2019	3	19	78	27.5	35.4	21.3	-999.9	0.0	1.7	97023.4	-999.9
Ntarla	2019	3	20	79	26.7	37.2	22.2	-999.9	0.0	1.6	97015.5	-999.9
Ntarla	2019	3	21	80	26.1	37.5	21.6	-999.9	0.0	1.8	97046.4	-999.9
Ntarla	2019	3	22	81	26.8	36.6	20.5	-999.9	0.0	2.4	97168.5	-999.9
Ntarla	2019	3	23	82	25.8	37.0	19.8	-999.9	0.0	1.8	97210.0	-999.9
Ntarla	2019	3	24	83	25.9	37.2	22.4	-999.9	0.0	1.9	97169.4	-999.9
Ntarla	2019	3	25	84	26.3	38.6	24.5	-999.9	0.0	1.7	97054.7	-999.9
Ntarla	2019	3	26	85	26.0	38.2	23.7	-999.9	0.0	2.2	97086.8	-999.9
Ntarla	2019	3	27	86	27.0	37.5	23.9	-999.9	0.0	2.0	97302.6	-999.9
Ntarla	2019	3	28	87	26.4	38.2	21.7	-999.9	0.0	1.5	97319.1	-999.9
Ntarla	2019	3	29	88	25.5	40.2	25.2	-999.9	0.0	2.1	97164.0	-999.9
Ntarla	2019	3	30	89	25.0	38.6	23.7	-999.9	0.0	1.8	97053.8	-999.9
Ntarla	2019	3	31	90	28.2	36.5	20.0	-999.9	2.6	2.0	97100.0	-999.9
Ntarla	2019	4	1	91	26.0	38.2	24.6	-999.9	0.0	1.6	97033.9	-999.9
Ntarla	2019	4	2	92	27.1	39.7	24.4	-999.9	0.0	2.5	96956.5	-999.9
Ntarla	2019	4	3	93	28.9	38.9	22.9	-999.9	0.0	2.7	96954.5	-999.9
Ntarla	2019	4	4	94	28.2	39.1	22.9	-999.9	0.0	2.1	96851.0	-999.9
Ntarla	2019	4	5	95	29.3	38.4	23.6	-999.9	0.0	2.4	97060.3	-999.9
Ntarla	2019	4	6	96	27.6	39.1	24.5	-999.9	0.0	2.5	97103.4	-999.9
Ntarla	2019	4	7	97	28.2	38.0	24.7	-999.9	0.0	2.7	97238.1	-999.9
Ntarla	2019	4	8	98	26.2	38.3	25.3	-999.9	0.0	2.2	97267.5	-999.9
Ntarla	2019	4	9	99	25.2	38.5	25.9	-999.9	0.0	2.3	97175.3	-999.9
Ntarla	2019	4	10	100	25.9	38.5	26.0	-999.9	0.0	1.9	97061.1	-999.9
Ntarla	2019	4	11	101	23.2	38.0	26.1	-999.9	0.0	1.5	97057.2	-999.9
Ntarla	2019	4	12	102	24.4	37.7	22.6	-999.9	2.0	1.9	97035.8	-999.9
Ntarla	2019	4	13	103	25.5	37.6	25.0	-999.9	0.0	1.8	97127.9	-999.9
Ntarla	2019	4	14	104	25.0	38.6	26.0	-999.9	0.0	1.8	97203.9	-999.9
Ntarla	2019	4	15	105	23.7	38.8	25.9	-999.9	0.0	2.1	97202.1	-999.9
Ntarla	2019	4	16	106	25.4	38.3	23.1	-999.9	0.0	1.5	97172.9	-999.9
Ntarla	2019	4	17	107	27.1	38.7	24.4	-999.9	0.0	1.9	97129.5	-999.9
Ntarla	2019	4	18	108	23.4	40.0	25.9	-999.9	0.0	2.2	97026.5	-999.9
Ntarla	2019	4	19	109	25.9	39.6	25.2	-999.9	0.0	2.0	97078.6	-999.9
Ntarla	2019	4	20	110	28.9	38.9	22.0	-999.9	0.0	2.1	97068.0	-999.9
Ntarla	2019	4	21	111	24.8	37.6	23.6	-999.9	4.3	2.5	97097.9	-999.9
Ntarla	2019	4	22	112	28.2	37.5	21.0	-999.9	0.1	2.1	96958.9	-999.9
Ntarla	2019	4	23	113	27.9	39.9	24.6	-999.9	0.0	2.3	96913.1	-999.9
Ntarla	2019	4	24	114	27.0	37.8	22.7	-999.9	1.6	2.3	97175.9	-999.9
Ntarla	2019	4	25	115	25.8	36.8	23.2	-999.9	3.0	1.5	97345.5	-999.9
Ntarla	2019	4	26	116	26.7	38.5	23.7	-999.9	0.0	1.6	97207.9	-999.9
Ntarla	2019	4	27	117	29.0	40.9	25.6	-999.9	0.0	2.0	97032.2	-999.9
Ntarla	2019	4	28	118	29.2	40.0	22.4	-999.9	0.0	1.9	97042.8	-999.9
Ntarla	2019	4	29	119	28.6	40.5	23.7	-999.9	0.0	2.6	97044.8	-999.9
Ntarla	2019	4	30	120	29.3	38.9	21.5	-999.9	0.0	2.5	97105.1	-999.9
Ntarla	2019	5	1	121	27.5	38.9	21.6	-999.9	0.0	2.5	97100.2	-999.9
Ntarla	2019	5	2	122	27.9	38.8	23.2	-999.9	0.0	2.7	97055.8	-999.9
Ntarla	2019	5	3	123	28.0	38.9	21.6	-999.9	0.0	2.6	97058.6	-999.9
Ntarla	2019	5	4	124	28.0	33.8	16.4	-999.9	4.3	2.1	97238.8	-999.9
Ntarla	2019	5	5	125	27.1	39.1	22.8	-999.9	0.0	1.7	97147.2	-999.9
Ntarla	2019	5	6	126	28.5	42.2	25.8	-999.9	0.0	2.3	97132.4	-999.9
Ntarla	2019	5	7	127	30.2	41.2	24.2	-999.9	0.0	2.4	97132.7	-999.9
Ntarla	2019	5	8	128	29.4	40.7	24.0	-999.9	0.0	2.2	97063.0	-999.9
Ntarla	2019	5	9	129	29.1	41.3	25.3	-999.9	0.0	2.3	96848.4	-999.9
Ntarla	2019	5	10	130	29.0	39.2	23.0	-999.9	0.0	3.1	96906.0	-999.9
Ntarla	2019	5	11	131	27.9	39.2	24.7	-999.9	3.6	2.5	97011.9	-999.9
Ntarla	2019	5	12	132	27.6	38.9	24.6	-999.9	0.0	2.1	97113.1	-999.9
Ntarla	2019	5	13	133	27.1	40.2	22.9	-999.9	0.0	2.5	97061.7	-999.9
Ntarla	2019	5	14	134	26.0	37.6	21.1	-999.9	14.5	2.6	97030.5	-999.9
Ntarla	2019	5	15	135	25.7	36.7	24.2	-999.9	0.0	2.5	97205.9	-999.9
Ntarla	2019	5	16	136	24.9	35.0	23.6	-999.9	9.4	2.0	97365.7	-999.9
Ntarla	2019	5	17	137	25.7	36.5	24.5	-999.9	0.0	1.9	97258.6	-999.9
Ntarla	2019	5	18	138	25.9	36.8	23.1	-999.9	0.0	3.0	97163.5	-999.9
Ntarla	2019	5	19	139	26.8	38.3	21.9	-999.9	0.0	3.1	97116.0	-999.9
Ntarla	2019	5	20	140	27.1	37.4	23.5	-999.9	0.0	2.3	97197.6	-999.9
Ntarla	2019	5	21	141	26.8	37.4	24.3	-999.9	1.8	2.4	97166.6	-999.9
Ntarla	2019	5	22	142	25.3	36.9	22.9	-999.9	5.5	1.8	97187.2	-999.9
Ntarla	2019	5	23	143	26.8	37.8	24.3	-999.9	3.7	2.1	97158.0	-999.9
Ntarla	2019	5	24	144	25.3	33.1	19.9	-999.9	3.7	1.6	97298.4	-999.9
Ntarla	2019	5	25	145	24.8	33.7	22.4	-999.9	3.7	1.9	97324.3	-999.9
Ntarla	2019	5	26	146	26.7	36.1	23.3	-999.9	0.0	2.4	97229.4	-999.9
Ntarla	2019	5	27	147	27.2	38.8	23.7	-999.9	5.2	2.5	97062.4	-999.9
Ntarla	2019	5	28	148	26.0	37.5	23.1	-999.9	2.6	2.9	97143.5	-999.9
Ntarla	2019	5	29	149	27.6	39.3	24.8	-999.9	0.0	2.5	97044.0	-999.9
Ntarla	2019	5	30	150	27.5	39.1	24.8	-999.9	5.2	2.7	97015.1	-999.9
Ntarla	2019	5	31	151	25.9	38.9	24.5	-999.9	7.8	2.7	97090.2	-999.9
Ntarla	2019	6	1	152	27.2	37.7	23.7	-999.9	3.1	3.4	97095.3	-999.9
Ntarla	2019	6	2	153	26.3	37.0	23.7	-999.9	3.1	2.5	97186.6	-999.9
Ntarla	2019	6	3	154	27.4	36.7	22.7	-999.9	3.1	2.5	97287.0	-999.9
Ntarla	2019	6	4	155	26.9	37.0	23.8	-999.9	6.3	3.1	97292.2	-999.9
Ntarla	2019	6	5	156	26.7	37.4	23.3	-999.9	0.0	3.7	97227.9	-999.9
Ntarla	2019	6	6	157	27.1	37.8	24.0	-999.9	7.2	3.1	97155.8	-999.9
Ntarla	2019	6	7	158	27.8	37.4	20.9	-999.9	0.0	3.0	97157.4	-999.9
Ntarla	2019	6	8	159	27.3	36.3	24.1	-999.9	0.0	2.7	97304.2	-999.9
Ntarla	2019	6	9	160	27.1	36.8	24.3	-999.9	0.0	2.4	97352.6	-999.9
Ntarla	2019	6	10	161	28.0	36.5	24.0	-999.9	28.8	2.2	97272.4	-999.9
Ntarla	2019	6	11	162	26.2	35.1	22.0	-999.9	8.8	2.2	97310.3	-999.9
Ntarla	2019	6	12	163	25.8	33.3	22.4	-999.9	1.3	2.5	97386.3	-999.9
Ntarla	2019	6	13	164	25.1	34.2	22.8	-999.9	6.3	2.1	97523.7	-999.9
Ntarla	2019	6	14	165	25.6	33.2	22.7	-999.9	3.0	1.6	97490.3	-999.9
Ntarla	2019	6	15	166	26.4	35.9	24.4	-999.9	0.0	1.9	97433.6	-999.9
Ntarla	2019	6	16	167	25.9	36.5	23.9	-999.9	2.9	2.3	97430.4	-999.9
Ntarla	2019	6	17	168	27.1	36.6	24.2	-999.9	2.9	1.9	97429.8	-999.9
Ntarla	2019	6	18	169	26.7	36.9	25.1	-999.9	0.0	2.0	97476.0	-999.9
Ntarla	2019	6	19	170	26.8	37.4	23.5	-999.9	0.0	2.1	97448.8	-999.9
Ntarla	2019	6	20	171	27.2	38.0	24.4	-999.9	5.7	2.7	97299.1	-999.9
Ntarla	2019	6	21	172	26.8	37.1	24.7	-999.9	3.7	2.5	97402.6	-999.9
Ntarla	2019	6	22	173	27.8	36.9	23.3	-999.9	11.1	2.5	97443.7	-999.9
Ntarla	2019	6	23	174	24.9	33.7	20.5	-999.9	0.0	2.3	97381.4	-999.9
Ntarla	2019	6	24	175	25.3	36.4	24.8	-999.9	0.0	2.8	97256.3	-999.9
Ntarla	2019	6	25	176	24.8	36.4	23.4	-999.9	7.4	2.8	97234.5	-999.9
Ntarla	2019	6	26	177	26.1	36.3	25.0	-999.9	0.0	2.6	97346.0	-999.9
Ntarla	2019	6	27	178	26.4	34.9	23.9	-999.9	0.0	2.5	97368.0	-999.9
Ntarla	2019	6	28	179	26.3	34.9	23.6	-999.9	0.0	1.9	97327.7	-999.9
Ntarla	2019	6	29	180	24.1	32.6	20.3	-999.9	16.7	1.6	97450.7	-999.9
Ntarla	2019	6	30	181	23.5	30.7	20.3	-999.9	0.0	1.8	97551.0	-999.9
Ntarla	2019	7	1	182	24.9	32.4	23.3	-999.9	0.0	1.9	97489.7	-999.9
Ntarla	2019	7	2	183	26.1	32.9	21.0	-999.9	0.0	2.3	97208.4	-999.9
Ntarla	2019	7	3	184	25.9	33.6	24.1	-999.9	0.0	2.3	97158.8	-999.9
Ntarla	2019	7	4	185	25.2	34.6	23.2	-999.9	23.1	2.4	97299.1	-999.9
Ntarla	2019	7	5	186	24.6	30.7	18.7	-999.9	0.0	1.9	97455.8	-999.9
Ntarla	2019	7	6	187	23.5	31.2	20.0	-999.9	0.0	2.1	97441.8	-999.9
Ntarla	2019	7	7	188	24.9	30.9	19.6	-999.9	11.7	2.3	97381.3	-999.9
Ntarla	2019	7	8	189	24.5	32.1	22.0	-999.9	0.0	2.6	97350.8	-999.9
Ntarla	2019	7	9	190	23.4	30.4	17.7	-999.9	17.6	2.3	97519.4	-999.9
Ntarla	2019	7	10	191	22.8	28.8	12.3	-999.9	0.0	1.8	97549.4	-999.9
Ntarla	2019	7	11	192	23.7	30.6	21.8	-999.9	6.2	1.9	97462.9	-999.9
Ntarla	2019	7	12	193	23.7	31.1	22.4	-999.9	6.2	1.6	97411.6	-999.9
Ntarla	2019	7	13	194	23.9	30.5	20.8	-999.9	6.2	2.3	97420.3	-999.9
Ntarla	2019	7	14	195	23.4	30.8	23.2	-999.9	12.5	2.1	97479.2	-999.9
Ntarla	2019	7	15	196	23.8	30.9	21.7	-999.9	6.2	1.9	97364.6	-999.9
Ntarla	2019	7	16	197	23.2	30.7	20.2	-999.9	6.9	1.7	97366.4	-999.9
Ntarla	2019	7	17	198	23.3	28.5	17.0	-999.9	6.9	1.8	97541.3	-999.9
Ntarla	2019	7	18	199	23.4	30.8	19.3	-999.9	0.0	1.9	97431.3	-999.9
Ntarla	2019	7	19	200	23.1	29.9	17.3	-999.9	13.8	1.7	97442.4	-999.9
Ntarla	2019	7	20	201	23.2	29.8	16.8	-999.9	0.0	2.1	97512.6	-999.9
Ntarla	2019	7	21	202	23.2	29.1	16.5	-999.9	21.9	2.2	97436.8	-999.9
Ntarla	2019	7	22	203	22.2	30.0	20.3	-999.9	0.0	1.9	97391.9	-999.9
Ntarla	2019	7	23	204	22.7	30.4	19.4	-999.9	0.0	2.0	97359.6	-999.9
Ntarla	2019	7	24	205	23.0	25.7	8.1	-999.9	21.9	2.0	97401.2	-999.9
Ntarla	2019	7	25	206	22.5	30.0	20.4	-999.9	0.0	2.0	97446.3	-999.9
Ntarla	2019	7	26	207	23.4	30.9	22.8	-999.9	23.1	1.7	97484.8	-999.9
Ntarla	2019	7	27	208	24.3	30.5	21.1	-999.9	0.0	1.9	97427.9	-999.9
Ntarla	2019	7	28	209	24.2	30.8	22.1	-999.9	15.4	1.8	97365.2	-999.9
Ntarla	2019	7	29	210	23.4	30.7	20.7	-999.9	0.0	1.9	97390.2	-999.9
Ntarla	2019	7	30	211	23.8	29.1	14.3	-999.9	0.0	2.2	97454.5	-999.9
Ntarla	2019	7	31	212	23.3	30.5	21.5	-999.9	7.7	2.0	97405.2	-999.9
Ntarla	2019	8	1	213	23.0	29.8	18.4	-999.9	0.0	2.0	97386.8	-999.9
Ntarla	2019	8	2	214	23.4	29.6	19.1	-999.9	0.0	2.0	97399.2	-999.9
Ntarla	2019	8	3	215	23.2	30.1	20.6	-999.9	39.2	2.2	97406.1	-999.9
Ntarla	2019	8	4	216	24.2	30.4	20.6	-999.9	0.0	2.2	97476.1	-999.9
Ntarla	2019	8	5	217	24.1	30.4	20.1	-999.9	0.0	1.8	97506.1	-999.9
Ntarla	2019	8	6	218	23.4	28.7	13.7	-999.9	33.9	1.6	97520.5	-999.9
Ntarla	2019	8	7	219	23.1	28.8	18.6	-999.9	0.0	2.6	97676.6	-999.9
Ntarla	2019	8	8	220	23.1	29.7	19.0	-999.9	0.0	1.9	97663.1	-999.9
Ntarla	2019	8	9	221	22.8	30.6	20.7	-999.9	0.0	1.6	97585.6	-999.9
Ntarla	2019	8	10	222	22.4	30.0	20.7	-999.9	0.0	2.2	97641.2	-999.9
Ntarla	2019	8	11	223	22.7	29.7	19.1	-999.9	0.0	2.3	97556.2	-999.9
Ntarla	2019	8	12	224	23.1	29.4	17.5	-999.9	0.0	2.9	97455.1	-999.9
Ntarla	2019	8	13	225	23.4	30.2	20.3	-999.9	0.0	2.5	97318.3	-999.9
Ntarla	2019	8	14	226	23.7	29.5	17.4	-999.9	12.9	2.5	97398.5	-999.9
Ntarla	2019	8	15	227	23.3	30.1	20.9	-999.9	6.5	1.9	97495.8	-999.9
Ntarla	2019	8	16	228	23.2	29.8	18.3	-999.9	12.4	2.1	97443.8	-999.9
Ntarla	2019	8	17	229	23.4	29.5	19.3	-999.9	24.9	1.8	97373.3	-999.9
Ntarla	2019	8	18	230	22.9	29.8	18.9	-999.9	24.9	1.6	97321.3	-999.9
Ntarla	2019	8	19	231	23.1	29.5	17.7	-999.9	0.0	1.5	97343.4	-999.9
Ntarla	2019	8	20	232	22.7	29.0	13.4	-999.9	62.2	1.6	97332.5	-999.9
Ntarla	2019	8	21	233	22.5	29.0	19.5	-999.9	0.0	2.4	97399.1	-999.9
Ntarla	2019	8	22	234	23.3	29.1	21.4	-999.9	0.0	3.3	97458.1	-999.9
Ntarla	2019	8	23	235	23.2	29.4	16.0	-999.9	14.8	2.4	97490.9	-999.9
Ntarla	2019	8	24	236	22.2	24.3	7.9	-999.9	29.6	2.5	97387.5	-999.9
Ntarla	2019	8	25	237	22.1	25.9	9.5	-999.9	0.0	3.1	97390.4	-999.9
Ntarla	2019	8	26	238	22.3	27.6	17.4	-999.9	0.0	3.0	97399.8	-999.9
Ntarla	2019	8	27	239	22.1	28.7	17.9	-999.9	0.0	2.4	97451.4	-999.9
Ntarla	2019	8	28	240	22.6	28.2	15.7	-999.9	16.5	2.0	97460.4	-999.9
Ntarla	2019	8	29	241	22.0	27.4	12.7	-999.9	0.0	2.1	97499.5	-999.9
Ntarla	2019	8	30	242	22.4	28.4	16.2	-999.9	16.5	1.8	97651.3	-999.9
Ntarla	2019	8	31	243	22.1	28.8	19.5	-999.9	0.0	2.0	97512.0	-999.9
Ntarla	2019	9	1	244	22.0	30.7	22.2	-999.9	11.6	2.0	97341.0	-999.9
Ntarla	2019	9	2	245	22.5	29.8	15.8	-999.9	23.1	1.5	97346.4	-999.9
Ntarla	2019	9	3	246	22.1	28.5	15.7	-999.9	23.1	1.7	97515.2	-999.9
Ntarla	2019	9	4	247	22.2	30.2	20.9	-999.9	11.6	1.6	97574.4	-999.9
Ntarla	2019	9	5	248	22.9	30.4	22.0	-999.9	11.6	1.7	97473.6	-999.9
Ntarla	2019	9	6	249	23.1	30.3	21.8	-999.9	0.0	2.0	97476.9	-999.9
Ntarla	2019	9	7	250	22.7	30.3	20.1	-999.9	12.0	1.4	97516.9	-999.9
Ntarla	2019	9	8	251	22.5	29.6	21.5	-999.9	6.0	1.5	97564.5	-999.9
Ntarla	2019	9	9	252	22.3	29.2	17.8	-999.9	24.1	1.2	97629.1	-999.9
Ntarla	2019	9	10	253	22.3	29.3	18.8	-999.9	0.0	1.4	97541.3	-999.9
Ntarla	2019	9	11	254	21.8	30.7	23.4	-999.9	0.0	1.8	97414.2	-999.9
Ntarla	2019	9	12	255	22.9	30.9	21.3	-999.9	5.2	1.2	97390.4	-999.9
Ntarla	2019	9	13	256	22.2	29.3	17.9	-999.9	0.0	2.0	97489.4	-999.9
Ntarla	2019	9	14	257	21.6	30.4	22.8	-999.9	5.2	1.1	97468.6	-999.9
Ntarla	2019	9	15	258	23.8	31.3	21.5	-999.9	20.8	1.3	97381.2	-999.9
Ntarla	2019	9	16	259	23.1	29.9	19.1	-999.9	0.0	1.6	97324.3	-999.9
Ntarla	2019	9	17	260	22.6	29.8	18.2	-999.9	18.0	1.4	97311.1	-999.9
Ntarla	2019	9	18	261	22.8	29.4	17.9	-999.9	9.0	1.7	97394.7	-999.9
Ntarla	2019	9	19	262	21.8	30.6	23.4	-999.9	0.0	1.0	97402.2	-999.9
Ntarla	2019	9	20	263	23.6	29.0	17.5	-999.9	9.0	1.3	97439.4	-999.9
Ntarla	2019	9	21	264	22.6	30.2	21.2	-999.9	0.0	1.3	97468.4	-999.9
Ntarla	2019	9	22	265	23.1	30.0	19.6	-999.9	8.3	1.3	97437.9	-999.9
Ntarla	2019	9	23	266	22.5	32.2	23.8	-999.9	0.0	1.3	97423.0	-999.9
Ntarla	2019	9	24	267	23.6	32.0	21.7	-999.9	4.1	1.7	97452.6	-999.9
Ntarla	2019	9	25	268	24.2	31.4	21.4	-999.9	0.0	1.4	97364.9	-999.9
Ntarla	2019	9	26	269	23.0	31.2	22.4	-999.9	4.6	1.9	97452.9	-999.9
Ntarla	2019	9	27	270	23.6	32.0	22.7	-999.9	2.3	1.6	97414.9	-999.9
Ntarla	2019	9	28	271	23.7	31.1	19.6	-999.9	2.3	1.9	97369.9	-999.9
Ntarla	2019	9	29	272	22.1	31.8	23.4	-999.9	0.0	1.4	97390.6	-999.9
Ntarla	2019	9	30	273	22.4	31.9	23.5	-999.9	0.0	1.9	97244.6	-999.9
Ntarla	2019	10	1	274	23.6	32.0	23.0	-999.9	0.0	1.8	97130.3	-999.9
Ntarla	2019	10	2	275	22.4	29.1	18.6	-999.9	6.9	2.3	97297.4	-999.9
Ntarla	2019	10	3	276	22.0	30.4	20.0	-999.9	13.8	1.1	97389.6	-999.9
Ntarla	2019	10	4	277	23.5	31.2	22.1	-999.9	0.0	1.6	97250.7	-999.9
Ntarla	2019	10	5	278	23.9	30.2	19.4	-999.9	0.0	1.5	97185.7	-999.9
Ntarla	2019	10	6	279	22.5	29.9	17.9	-999.9	26.5	1.6	97282.6	-999.9
Ntarla	2019	10	7	280	22.2	29.3	17.7	-999.9	0.0	1.6	97284.8	-999.9
Ntarla	2019	10	8	281	22.6	30.8	22.4	-999.9	0.0	2.4	97223.5	-999.9
Ntarla	2019	10	9	282	23.4	31.1	21.4	-999.9	0.0	2.6	97123.2	-999.9
Ntarla	2019	10	10	283	23.2	31.7	21.0	-999.9	0.0	1.9	97054.0	-999.9
Ntarla	2019	10	11	284	23.6	30.5	18.5	-999.9	19.2	1.5	97069.5	-999.9
Ntarla	2019	10	12	285	22.1	28.3	15.6	-999.9	0.0	2.3	97199.0	-999.9
Ntarla	2019	10	13	286	21.7	28.0	13.3	-999.9	0.0	2.2	97416.2	-999.9
Ntarla	2019	10	14	287	21.2	31.3	22.8	-999.9	0.0	1.3	97400.3	-999.9
Ntarla	2019	10	15	288	23.2	31.8	21.6	-999.9	19.2	1.9	97313.7	-999.9
Ntarla	2019	10	16	289	23.6	31.8	21.3	-999.9	0.0	1.6	97295.9	-999.9
Ntarla	2019	10	17	290	22.5	32.1	22.3	-999.9	0.0	1.4	97375.8	-999.9
Ntarla	2019	10	18	291	23.0	32.8	21.9	-999.9	0.0	1.6	97245.7	-999.9
Ntarla	2019	10	19	292	22.3	33.0	22.3	-999.9	0.0	1.5	97132.0	-999.9
Ntarla	2019	10	20	293	23.6	31.1	20.7	-999.9	7.4	1.7	97220.3	-999.9
Ntarla	2019	10	21	294	22.3	29.5	15.6	-999.9	9.0	1.3	97327.9	-999.9
Ntarla	2019	10	22	295	22.3	30.4	21.3	-999.9	0.0	1.7	97225.3	-999.9
Ntarla	2019	10	23	296	22.4	32.1	21.7	-999.9	0.0	1.6	97156.8	-999.9
Ntarla	2019	10	24	297	23.0	32.6	21.8	-999.9	0.0	1.6	97306.9	-999.9
Ntarla	2019	10	25	298	22.9	33.4	22.0	-999.9	0.0	1.3	97363.6	-999.9
Ntarla	2019	10	26	299	23.3	34.8	21.8	-999.9	0.0	1.8	97233.2	-999.9
Ntarla	2019	10	27	300	20.8	33.4	22.6	-999.9	0.0	1.4	97204.8	-999.9
Ntarla	2019	10	28	301	22.6	31.6	20.7	-999.9	4.2	1.1	97227.7	-999.9
Ntarla	2019	10	29	302	22.5	32.3	21.1	-999.9	0.0	1.2	97215.4	-999.9
Ntarla	2019	10	30	303	22.6	33.6	20.7	-999.9	0.0	1.8	97243.2	-999.9
Ntarla	2019	10	31	304	23.3	32.0	19.3	-999.9	8.5	1.8	97400.7	-999.9
Ntarla	2019	11	1	305	22.5	31.2	16.0	-999.9	0.0	1.3	97401.6	-999.9
Ntarla	2019	11	2	306	23.5	33.6	20.0	-999.9	0.0	1.9	97210.9	-999.9
Ntarla	2019	11	3	307	22.8	33.0	19.5	-999.9	0.0	1.7	97320.8	-999.9
Ntarla	2019	11	4	308	22.3	34.0	20.1	-999.9	0.0	1.7	97431.8	-999.9
Ntarla	2019	11	5	309	22.5	34.8	20.9	-999.9	0.0	1.8	97391.9	-999.9
Ntarla	2019	11	6	310	22.7	34.8	21.3	-999.9	0.0	1.6	97229.5	-999.9
Ntarla	2019	11	7	311	23.6	34.5	20.2	-999.9	0.0	1.8	97119.2	-999.9
Ntarla	2019	11	8	312	22.4	34.0	19.0	-999.9	0.0	1.5	97154.4	-999.9
Ntarla	2019	11	9	313	23.0	33.8	18.7	-999.9	0.0	1.5	97197.6	-999.9
Ntarla	2019	11	10	314	23.9	34.4	19.4	-999.9	0.0	1.2	97209.5	-999.9
Ntarla	2019	11	11	315	23.9	34.5	21.4	-999.9	0.0	2.0	97122.2	-999.9
Ntarla	2019	11	12	316	21.5	34.0	21.4	-999.9	0.0	1.7	97072.1	-999.9
Ntarla	2019	11	13	317	19.4	33.8	21.0	-999.9	0.0	1.7	97162.0	-999.9
Ntarla	2019	11	14	318	19.6	33.8	21.5	-999.9	0.0	2.1	97230.6	-999.9
Ntarla	2019	11	15	319	20.3	34.2	20.8	-999.9	0.7	1.3	97178.1	-999.9
Ntarla	2019	11	16	320	21.4	34.4	20.9	-999.9	0.0	1.4	97145.6	-999.9
Ntarla	2019	11	17	321	21.2	34.7	20.8	-999.9	0.0	2.0	97208.2	-999.9
Ntarla	2019	11	18	322	21.7	34.7	20.4	-999.9	0.0	2.3	97226.2	-999.9
Ntarla	2019	11	19	323	21.1	33.8	21.2	-999.9	0.0	1.9	97314.0	-999.9
Ntarla	2019	11	20	324	20.6	33.3	21.1	-999.9	0.0	2.2	97371.3	-999.9
Ntarla	2019	11	21	325	19.5	34.0	21.3	-999.9	0.0	2.1	97347.8	-999.9
Ntarla	2019	11	22	326	20.7	34.3	20.9	-999.9	0.0	2.1	97336.2	-999.9
Ntarla	2019	11	23	327	21.3	34.5	21.0	-999.9	0.0	2.1	97342.1	-999.9
Ntarla	2019	11	24	328	20.8	34.8	20.9	-999.9	0.0	2.3	97325.2	-999.9
Ntarla	2019	11	25	329	21.4	34.7	20.8	-999.9	0.0	2.5	97362.5	-999.9
Ntarla	2019	11	26	330	21.5	35.4	21.0	-999.9	0.0	2.4	97328.9	-999.9
Ntarla	2019	11	27	331	21.3	35.4	21.0	-999.9	0.0	2.2	97289.5	-999.9
Ntarla	2019	11	28	332	19.5	35.3	20.8	-999.9	0.0	2.2	97318.0	-999.9
Ntarla	2019	11	29	333	20.3	35.3	20.8	-999.9	0.0	2.3	97399.2	-999.9
Ntarla	2019	11	30	334	20.0	35.0	20.9	-999.9	0.0	2.4	97439.6	-999.9
Ntarla	2019	12	1	335	20.3	34.6	20.9	-999.9	0.0	2.5	97433.4	-999.9
Ntarla	2019	12	2	336	20.2	34.2	20.6	-999.9	0.0	2.4	97369.4	-999.9
Ntarla	2019	12	3	337	19.7	34.0	20.6	-999.9	0.0	2.1	97344.6	-999.9
Ntarla	2019	12	4	338	19.6	34.4	20.5	-999.9	0.0	2.1	97326.1	-999.9
Ntarla	2019	12	5	339	18.0	34.3	20.4	-999.9	1.0	1.9	97224.1	-999.9
Ntarla	2019	12	6	340	18.4	34.7	20.4	-999.9	0.0	1.8	97230.4	-999.9
Ntarla	2019	12	7	341	17.1	34.2	20.6	-999.9	0.0	2.0	97304.3	-999.9
Ntarla	2019	12	8	342	18.6	33.7	17.6	-999.9	0.0	2.0	97316.4	-999.9
Ntarla	2019	12	9	343	18.2	34.0	20.7	-999.9	0.0	2.0	97380.4	-999.9
Ntarla	2019	12	10	344	17.7	33.6	20.9	-999.9	0.0	2.0	97336.8	-999.9
Ntarla	2019	12	11	345	18.5	33.2	19.3	-999.9	0.0	2.3	97346.2	-999.9
Ntarla	2019	12	12	346	17.5	33.2	20.0	-999.9	0.0	2.3	97379.1	-999.9
Ntarla	2019	12	13	347	17.6	32.8	18.5	-999.9	0.0	1.9	97443.1	-999.9
Ntarla	2019	12	14	348	18.3	33.4	20.3	-999.9	0.0	2.1	97475.3	-999.9
Ntarla	2019	12	15	349	18.5	33.4	20.3	-999.9	0.0	2.1	97417.7	-999.9
Ntarla	2019	12	16	350	17.9	33.9	20.4	-999.9	0.0	1.9	97275.3	-999.9
Ntarla	2019	12	17	351	17.4	34.6	19.8	-999.9	0.0	1.8	97237.8	-999.9
Ntarla	2019	12	18	352	18.3	34.5	20.3	-999.9	0.0	2.1	97371.9	-999.9
Ntarla	2019	12	19	353	18.1	34.3	20.5	-999.9	0.0	2.1	97505.2	-999.9
Ntarla	2019	12	20	354	18.0	33.8	20.2	-999.9	0.0	2.2	97459.7	-999.9
Ntarla	2019	12	21	355	18.5	33.6	20.3	-999.9	0.0	2.3	97470.5	-999.9
Ntarla	2019	12	22	356	18.6	33.6	20.5	-999.9	0.0	2.2	97524.9	-999.9
Ntarla	2019	12	23	357	18.7	34.4	20.3	-999.9	0.0	2.6	97542.6	-999.9
Ntarla	2019	12	24	358	17.3	33.0	20.9	-999.9	0.0	2.1	97497.1	-999.9
Ntarla	2019	12	25	359	16.4	33.0	20.7	-999.9	0.0	1.9	97472.5	-999.9
Ntarla	2019	12	26	360	16.2	32.7	20.8	-999.9	0.0	1.9	97421.2	-999.9
Ntarla	2019	12	27	361	16.6	33.0	20.5	-999.9	0.0	1.7	97386.6	-999.9
Ntarla	2019	12	28	362	16.8	33.4	20.4	-999.9	0.0	1.9	97379.8	-999.9
Ntarla	2019	12	29	363	16.6	33.4	20.5	-999.9	0.0	2.1	97340.0	-999.9
Ntarla	2019	12	30	364	16.9	32.7	20.7	-999.9	0.0	2.4	97387.7	-999.9
Ntarla	2019	12	31	365	16.4	31.3	20.8	-999.9	0.0	2.6	97466.1	-999.9
