Ntarla	2013	1	1	1	13.7	27.7	21.1	-999.9	0.0	2.4	97580.1	-999.9
Ntarla	2013	1	2	2	11.9	28.8	21.0	-999.9	0.0	2.0	97621.2	-999.9
Ntarla	2013	1	3	3	14.4	30.1	21.0	-999.9	0.0	2.4	97747.1	-999.9
Ntarla	2013	1	4	4	14.1	28.7	21.0	-999.9	0.0	2.7	97918.2	-999.9
Ntarla	2013	1	5	5	13.0	26.5	21.0	-999.9	0.0	2.5	97848.7	-999.9
Ntarla	2013	1	6	6	12.1	26.9	20.9	-999.9	0.0	2.0	97736.9	-999.9
Ntarla	2013	1	7	7	10.9	28.9	20.8	-999.9	0.0	1.8	97694.5	-999.9
Ntarla	2013	1	8	8	14.1	30.9	20.6	-999.9	0.0	2.2	97673.0	-999.9
Ntarla	2013	1	9	9	16.2	32.0	20.6	-999.9	0.1	2.2	97624.4	-999.9
Ntarla	2013	1	10	10	16.4	32.0	20.8	-999.9	0.0	2.2	97585.4	-999.9
Ntarla	2013	1	11	11	16.6	31.6	21.0	-999.9	0.0	2.3	97466.8	-999.9
Ntarla	2013	1	12	12	16.9	31.6	21.0	-999.9	0.0	2.6	97437.6	-999.9
Ntarla	2013	1	13	13	17.3	32.4	20.5	-999.9	0.0	2.4	97355.8	-999.9
Ntarla	2013	1	14	14	15.7	32.1	21.2	-999.9	0.0	2.1	97278.6	-999.9
Ntarla	2013	1	15	15	16.1	32.0	21.3	-999.9	0.0	2.4	97358.3	-999.9
Ntarla	2013	1	16	16	16.4	31.1	21.2	-999.9	0.0	2.7	97490.3	-999.9
Ntarla	2013	1	17	17	16.4	30.6	20.2	-999.9	0.0	2.5	97599.9	-999.9
Ntarla	2013	1	18	18	14.6	30.7	21.4	-999.9	0.0	2.2	97523.7	-999.9
Ntarla	2013	1	19	19	14.8	31.9	21.4	-999.9	0.0	1.9	97388.8	-999.9
Ntarla	2013	1	20	20	15.9	32.5	21.4	-999.9	0.0	2.1	97336.2	-999.9
Ntarla	2013	1	21	21	16.4	32.6	21.3	-999.9	0.0	2.1	97346.1	-999.9
Ntarla	2013	1	22	22	17.1	34.1	21.0	-999.9	0.0	1.8	97354.2	-999.9
Ntarla	2013	1	23	23	17.9	34.4	20.9	-999.9	0.0	1.9	97397.3	-999.9
Ntarla	2013	1	24	24	18.4	33.9	20.9	-999.9	0.1	2.1	97388.8	-999.9
Ntarla	2013	1	25	25	19.7	34.0	20.6	-999.9	0.0	2.6	97443.3	-999.9
Ntarla	2013	1	26	26	19.5	31.1	19.9	-999.9	0.0	2.8	97598.4	-999.9
Ntarla	2013	1	27	27	19.7	29.5	20.4	-999.9	0.0	3.5	97786.8	-999.9
Ntarla	2013	1	28	28	19.5	31.5	20.2	-999.9	0.0	2.2	97761.5	-999.9
Ntarla	2013	1	29	29	19.9	32.0	20.8	-999.9	0.0	2.5	97665.3	-999.9
Ntarla	2013	1	30	30	19.5	33.2	21.4	-999.9	0.0	3.1	97550.4	-999.9
Ntarla	2013	1	31	31	21.0	32.7	21.6	-999.9	0.0	3.3	97632.1	-999.9
Ntarla	2013	2	1	32	18.2	30.2	22.2	-999.9	0.0	3.0	97727.9	-999.9
Ntarla	2013	2	2	33	16.3	30.4	22.7	-999.9	0.0	2.5	97551.0	-999.9
Ntarla	2013	2	3	34	14.1	31.2	22.5	-999.9	0.0	2.0	97343.2	-999.9
Ntarla	2013	2	4	35	16.0	32.4	22.2	-999.9	0.0	2.6	97385.6	-999.9
Ntarla	2013	2	5	36	17.9	32.5	21.1	-999.9	0.0	2.8	97470.7	-999.9
Ntarla	2013	2	6	37	17.1	33.0	22.2	-999.9	0.0	2.4	97475.3	-999.9
Ntarla	2013	2	7	38	17.2	34.3	22.3	-999.9	0.0	2.1	97352.5	-999.9
Ntarla	2013	2	8	39	17.5	34.4	22.4	-999.9	0.0	2.1	97272.5	-999.9
Ntarla	2013	2	9	40	19.7	34.3	20.7	-999.9	0.0	2.2	97216.1	-999.9
Ntarla	2013	2	10	41	18.5	35.0	21.1	-999.9	0.0	2.5	97258.1	-999.9
Ntarla	2013	2	11	42	20.2	35.7	22.5	-999.9	0.0	2.6	97252.9	-999.9
Ntarla	2013	2	12	43	20.1	35.7	22.4	-999.9	0.0	2.6	97233.1	-999.9
Ntarla	2013	2	13	44	19.9	35.2	22.7	-999.9	0.0	2.7	97280.3	-999.9
Ntarla	2013	2	14	45	18.4	34.9	22.9	-999.9	0.0	2.4	97248.1	-999.9
Ntarla	2013	2	15	46	17.5	34.8	23.0	-999.9	0.0	2.1	97244.4	-999.9
Ntarla	2013	2	16	47	18.0	36.2	23.0	-999.9	0.0	2.0	97214.4	-999.9
Ntarla	2013	2	17	48	21.0	36.4	23.2	-999.9	0.0	2.6	97187.2	-999.9
Ntarla	2013	2	18	49	19.5	36.0	23.3	-999.9	0.0	2.1	97142.5	-999.9
Ntarla	2013	2	19	50	19.7	36.7	23.2	-999.9	0.0	1.6	97124.6	-999.9
Ntarla	2013	2	20	51	21.1	35.8	23.5	-999.9	0.0	2.4	97228.7	-999.9
Ntarla	2013	2	21	52	20.6	34.6	23.4	-999.9	0.0	2.3	97320.1	-999.9
Ntarla	2013	2	22	53	20.1	35.2	22.8	-999.9	0.0	2.2	97248.5	-999.9
Ntarla	2013	2	23	54	22.8	36.8	22.5	-999.9	0.0	2.3	97160.5	-999.9
Ntarla	2013	2	24	55	23.8	36.7	20.6	-999.9	0.0	2.6	97109.9	-999.9
Ntarla	2013	2	25	56	22.4	38.0	23.7	-999.9	0.0	2.2	97111.8	-999.9
Ntarla	2013	2	26	57	22.3	38.0	23.7	-999.9	0.0	2.0	97142.6	-999.9
Ntarla	2013	2	27	58	20.8	37.8	22.6	-999.9	0.0	1.7	97135.0	-999.9
Ntarla	2013	2	28	59	25.9	37.9	21.9	-999.9	0.0	1.5	97101.6	-999.9
Ntarla	2013	3	1	60	24.1	37.8	22.6	-999.9	0.0	1.7	97064.2	-999.9
Ntarla	2013	3	2	61	24.7	38.4	21.2	-999.9	0.0	2.1	97132.1	-999.9
Ntarla	2013	3	3	62	24.0	38.4	23.5	-999.9	0.0	2.2	97172.0	-999.9
Ntarla	2013	3	4	63	24.6	39.0	23.5	-999.9	0.0	1.6	97087.5	-999.9
Ntarla	2013	3	5	64	25.7	38.2	22.7	-999.9	0.0	1.7	97187.4	-999.9
Ntarla	2013	3	6	65	25.2	39.9	23.9	-999.9	0.0	2.7	97152.5	-999.9
Ntarla	2013	3	7	66	27.0	40.2	24.2	-999.9	0.0	2.9	97130.2	-999.9
Ntarla	2013	3	8	67	23.2	39.2	24.5	-999.9	0.0	2.2	97186.2	-999.9
Ntarla	2013	3	9	68	24.9	40.1	24.7	-999.9	0.0	2.3	97098.9	-999.9
Ntarla	2013	3	10	69	23.4	39.0	23.5	-999.9	0.0	1.9	97097.8	-999.9
Ntarla	2013	3	11	70	26.6	38.1	21.6	-999.9	0.0	1.6	97027.9	-999.9
Ntarla	2013	3	12	71	24.2	38.3	23.9	-999.9	0.0	1.3	97032.5	-999.9
Ntarla	2013	3	13	72	24.7	38.2	22.6	-999.9	0.0	1.9	97010.0	-999.9
Ntarla	2013	3	14	73	24.4	38.1	23.4	-999.9	0.0	1.9	97032.1	-999.9
Ntarla	2013	3	15	74	22.0	38.4	25.2	-999.9	0.0	1.7	97072.9	-999.9
Ntarla	2013	3	16	75	22.6	38.0	20.7	-999.9	0.0	1.7	97108.1	-999.9
Ntarla	2013	3	17	76	21.8	39.1	24.8	-999.9	0.0	1.9	97045.7	-999.9
Ntarla	2013	3	18	77	22.7	38.1	23.3	-999.9	0.0	1.8	97057.2	-999.9
Ntarla	2013	3	19	78	25.4	37.9	22.5	-999.9	0.0	2.1	96995.8	-999.9
Ntarla	2013	3	20	79	27.4	39.7	21.8	-999.9	0.0	1.7	96913.0	-999.9
Ntarla	2013	3	21	80	24.7	40.4	25.3	-999.9	0.0	2.5	96926.7	-999.9
Ntarla	2013	3	22	81	25.0	38.9	23.3	-999.9	0.0	1.5	96922.2	-999.9
Ntarla	2013	3	23	82	24.6	38.8	24.4	-999.9	0.0	1.7	96927.2	-999.9
Ntarla	2013	3	24	83	21.3	39.0	25.0	-999.9	0.0	1.7	96910.1	-999.9
Ntarla	2013	3	25	84	24.7	37.5	21.4	-999.9	0.0	1.5	97023.2	-999.9
Ntarla	2013	3	26	85	26.4	38.8	24.7	-999.9	0.0	1.7	97093.5	-999.9
Ntarla	2013	3	27	86	26.3	37.7	22.0	-999.9	0.0	1.7	97063.4	-999.9
Ntarla	2013	3	28	87	27.5	38.0	20.2	-999.9	5.6	2.3	97183.1	-999.9
Ntarla	2013	3	29	88	25.2	38.0	24.0	-999.9	0.0	2.4	97362.0	-999.9
Ntarla	2013	3	30	89	26.4	38.5	25.5	-999.9	0.0	2.2	97294.8	-999.9
Ntarla	2013	3	31	90	24.2	38.3	26.2	-999.9	0.0	2.0	97209.1	-999.9
Ntarla	2013	4	1	91	22.7	38.5	25.1	-999.9	0.0	1.8	97189.9	-999.9
Ntarla	2013	4	2	92	25.1	38.7	24.2	-999.9	0.0	1.6	97164.4	-999.9
Ntarla	2013	4	3	93	26.6	38.3	23.1	-999.9	0.0	2.2	97099.5	-999.9
Ntarla	2013	4	4	94	29.1	34.5	12.8	-999.9	5.2	2.4	97185.0	-999.9
Ntarla	2013	4	5	95	27.5	37.0	17.4	-999.9	0.0	1.8	97237.0	-999.9
Ntarla	2013	4	6	96	27.1	35.7	17.5	-999.9	0.0	1.9	97329.9	-999.9
Ntarla	2013	4	7	97	25.1	39.3	24.4	-999.9	0.0	1.7	97150.1	-999.9
Ntarla	2013	4	8	98	23.9	39.8	24.8	-999.9	0.0	1.9	97088.1	-999.9
Ntarla	2013	4	9	99	26.1	39.5	23.5	-999.9	0.0	2.4	97080.7	-999.9
Ntarla	2013	4	10	100	28.4	38.6	21.7	-999.9	0.0	2.0	97132.2	-999.9
Ntarla	2013	4	11	101	27.3	39.3	23.8	-999.9	0.0	1.9	97038.9	-999.9
Ntarla	2013	4	12	102	28.7	39.9	23.4	-999.9	0.0	2.3	96905.7	-999.9
Ntarla	2013	4	13	103	26.9	37.0	22.6	-999.9	0.0	2.8	97134.4	-999.9
Ntarla	2013	4	14	104	26.7	38.0	23.8	-999.9	0.0	1.8	97198.7	-999.9
Ntarla	2013	4	15	105	27.0	38.9	23.5	-999.9	0.0	1.9	97139.7	-999.9
Ntarla	2013	4	16	106	24.4	39.9	25.9	-999.9	0.0	2.3	96948.5	-999.9
Ntarla	2013	4	17	107	25.5	38.3	23.5	-999.9	0.0	2.6	96959.1	-999.9
Ntarla	2013	4	18	108	26.8	38.2	23.3	-999.9	0.0	2.5	96900.0	-999.9
Ntarla	2013	4	19	109	28.2	37.4	22.6	-999.9	6.2	2.4	96911.4	-999.9
Ntarla	2013	4	20	110	27.5	36.6	22.2	-999.9	0.0	2.3	96985.6	-999.9
Ntarla	2013	4	21	111	27.1	37.5	23.5	-999.9	0.0	1.9	97025.9	-999.9
Ntarla	2013	4	22	112	25.6	36.8	22.3	-999.9	4.0	2.2	96984.7	-999.9
Ntarla	2013	4	23	113	27.2	38.1	23.3	-999.9	0.0	2.8	96875.1	-999.9
Ntarla	2013	4	24	114	27.3	38.2	24.2	-999.9	0.0	2.8	96982.0	-999.9
Ntarla	2013	4	25	115	28.1	37.0	21.5	-999.9	4.0	2.1	97216.4	-999.9
Ntarla	2013	4	26	116	27.1	38.3	22.2	-999.9	0.0	2.0	97203.7	-999.9
Ntarla	2013	4	27	117	26.5	38.3	24.0	-999.9	0.0	2.2	97095.2	-999.9
Ntarla	2013	4	28	118	24.4	38.9	26.1	-999.9	0.0	1.7	97028.1	-999.9
Ntarla	2013	4	29	119	25.4	39.3	24.4	-999.9	0.0	2.5	96945.2	-999.9
Ntarla	2013	4	30	120	29.1	38.6	23.8	-999.9	0.0	2.6	97040.5	-999.9
Ntarla	2013	5	1	121	28.9	38.8	22.9	-999.9	2.7	3.1	97146.2	-999.9
Ntarla	2013	5	2	122	28.0	39.4	23.2	-999.9	0.0	1.9	97105.1	-999.9
Ntarla	2013	5	3	123	28.5	39.1	23.4	-999.9	0.0	1.6	97031.7	-999.9
Ntarla	2013	5	4	124	29.9	39.7	24.2	-999.9	2.7	2.3	97048.8	-999.9
Ntarla	2013	5	5	125	27.4	40.3	25.1	-999.9	0.0	2.2	97126.2	-999.9
Ntarla	2013	5	6	126	27.5	39.0	24.6	-999.9	0.0	2.1	97232.9	-999.9
Ntarla	2013	5	7	127	28.1	39.8	24.5	-999.9	0.0	2.4	97246.1	-999.9
Ntarla	2013	5	8	128	28.6	38.9	22.6	-999.9	0.0	2.6	97257.6	-999.9
Ntarla	2013	5	9	129	26.5	39.8	24.9	-999.9	0.0	2.0	97227.2	-999.9
Ntarla	2013	5	10	130	27.8	39.7	24.2	-999.9	0.0	2.5	97148.1	-999.9
Ntarla	2013	5	11	131	27.7	38.4	23.9	-999.9	0.0	3.1	97174.1	-999.9
Ntarla	2013	5	12	132	28.1	38.6	22.7	-999.9	0.0	2.2	97228.1	-999.9
Ntarla	2013	5	13	133	28.2	39.6	24.9	-999.9	0.0	2.2	97247.8	-999.9
Ntarla	2013	5	14	134	29.4	38.9	24.3	-999.9	3.2	2.6	97229.4	-999.9
Ntarla	2013	5	15	135	28.8	38.5	23.8	-999.9	3.2	2.6	97076.0	-999.9
Ntarla	2013	5	16	136	26.4	36.8	23.4	-999.9	1.3	2.2	97147.0	-999.9
Ntarla	2013	5	17	137	26.5	36.3	21.7	-999.9	0.0	1.6	97230.6	-999.9
Ntarla	2013	5	18	138	24.6	33.7	18.6	-999.9	1.3	2.0	97425.6	-999.9
Ntarla	2013	5	19	139	25.3	37.7	25.2	-999.9	0.0	2.1	97261.3	-999.9
Ntarla	2013	5	20	140	26.4	37.3	24.7	-999.9	1.3	2.3	97190.0	-999.9
Ntarla	2013	5	21	141	28.2	36.8	24.3	-999.9	1.4	2.8	97147.4	-999.9
Ntarla	2013	5	22	142	27.0	35.6	22.9	-999.9	0.0	2.6	97249.5	-999.9
Ntarla	2013	5	23	143	25.3	36.6	22.8	-999.9	1.4	2.1	97305.0	-999.9
Ntarla	2013	5	24	144	25.6	39.6	25.1	-999.9	0.0	1.6	97204.7	-999.9
Ntarla	2013	5	25	145	26.9	39.1	25.2	-999.9	1.4	2.4	97114.8	-999.9
Ntarla	2013	5	26	146	29.0	39.1	23.6	-999.9	0.0	2.9	97121.9	-999.9
Ntarla	2013	5	27	147	26.2	37.2	24.0	-999.9	4.0	2.5	97232.6	-999.9
Ntarla	2013	5	28	148	23.5	34.2	18.2	-999.9	21.6	2.0	97282.7	-999.9
Ntarla	2013	5	29	149	25.5	38.5	25.2	-999.9	0.0	2.4	97166.2	-999.9
Ntarla	2013	5	30	150	27.9	37.0	24.0	-999.9	0.0	2.7	97207.4	-999.9
Ntarla	2013	5	31	151	24.6	38.3	25.1	-999.9	0.0	2.2	97251.3	-999.9
Ntarla	2013	6	1	152	25.6	37.2	22.9	-999.9	0.0	2.4	97203.1	-999.9
Ntarla	2013	6	2	153	25.4	37.5	24.4	-999.9	3.2	3.0	97201.2	-999.9
Ntarla	2013	6	3	154	26.9	37.3	24.4	-999.9	3.2	3.1	97267.2	-999.9
Ntarla	2013	6	4	155	25.5	36.7	24.2	-999.9	3.2	2.7	97354.3	-999.9
Ntarla	2013	6	5	156	24.1	34.0	22.2	-999.9	9.5	2.4	97408.3	-999.9
Ntarla	2013	6	6	157	24.9	35.4	24.5	-999.9	0.0	1.9	97388.3	-999.9
Ntarla	2013	6	7	158	25.5	36.3	24.7	-999.9	0.0	2.0	97433.2	-999.9
Ntarla	2013	6	8	159	25.9	36.2	24.8	-999.9	0.0	1.9	97397.3	-999.9
Ntarla	2013	6	9	160	24.6	36.0	23.4	-999.9	8.4	2.3	97314.4	-999.9
Ntarla	2013	6	10	161	24.4	35.5	24.0	-999.9	0.0	2.4	97332.6	-999.9
Ntarla	2013	6	11	162	26.0	36.4	24.6	-999.9	0.0	2.1	97430.9	-999.9
Ntarla	2013	6	12	163	25.7	37.1	24.6	-999.9	0.0	2.2	97386.5	-999.9
Ntarla	2013	6	13	164	27.2	38.4	24.8	-999.9	0.0	2.6	97178.5	-999.9
Ntarla	2013	6	14	165	26.9	36.7	24.7	-999.9	13.4	2.4	97231.6	-999.9
Ntarla	2013	6	15	166	26.3	35.6	22.6	-999.9	3.3	1.6	97274.6	-999.9
Ntarla	2013	6	16	167	26.2	37.3	23.8	-999.9	6.7	2.1	97266.3	-999.9
Ntarla	2013	6	17	168	25.4	36.1	23.8	-999.9	0.0	2.6	97309.3	-999.9
Ntarla	2013	6	18	169	26.0	35.1	23.0	-999.9	6.7	2.5	97231.5	-999.9
Ntarla	2013	6	19	170	27.0	36.3	24.0	-999.9	0.0	2.6	97190.5	-999.9
Ntarla	2013	6	20	171	26.7	36.5	23.9	-999.9	3.4	3.4	97184.1	-999.9
Ntarla	2013	6	21	172	26.4	35.9	23.4	-999.9	0.0	3.3	97227.3	-999.9
Ntarla	2013	6	22	173	26.9	36.6	23.4	-999.9	5.1	2.4	97246.1	-999.9
Ntarla	2013	6	23	174	25.9	36.7	24.4	-999.9	0.0	2.8	97189.4	-999.9
Ntarla	2013	6	24	175	26.3	37.4	24.4	-999.9	2.5	3.2	97118.2	-999.9
Ntarla	2013	6	25	176	26.2	33.5	20.4	-999.9	0.0	3.0	97265.4	-999.9
Ntarla	2013	6	26	177	24.2	32.8	18.6	-999.9	14.5	2.3	97393.4	-999.9
Ntarla	2013	6	27	178	24.1	33.4	20.2	-999.9	0.0	2.2	97451.9	-999.9
Ntarla	2013	6	28	179	23.8	31.2	19.7	-999.9	0.0	1.5	97325.4	-999.9
Ntarla	2013	6	29	180	23.0	31.5	21.9	-999.9	0.0	2.0	97366.7	-999.9
Ntarla	2013	6	30	181	23.1	32.0	20.2	-999.9	7.3	1.7	97385.8	-999.9
Ntarla	2013	7	1	182	22.7	30.2	19.7	-999.9	0.0	2.1	97497.5	-999.9
Ntarla	2013	7	2	183	23.1	32.0	23.5	-999.9	3.7	1.6	97501.2	-999.9
Ntarla	2013	7	3	184	24.5	31.0	19.8	-999.9	0.0	1.8	97386.5	-999.9
Ntarla	2013	7	4	185	24.6	32.6	22.0	-999.9	7.4	2.5	97242.9	-999.9
Ntarla	2013	7	5	186	24.1	30.6	18.3	-999.9	11.1	2.5	97330.4	-999.9
Ntarla	2013	7	6	187	23.7	31.2	20.4	-999.9	10.8	1.6	97376.4	-999.9
Ntarla	2013	7	7	188	23.0	32.6	22.8	-999.9	0.0	1.9	97384.2	-999.9
Ntarla	2013	7	8	189	23.6	30.5	17.3	-999.9	32.3	2.3	97456.7	-999.9
Ntarla	2013	7	9	190	22.4	29.7	18.1	-999.9	10.8	2.0	97576.2	-999.9
Ntarla	2013	7	10	191	22.1	30.9	20.5	-999.9	0.0	1.7	97507.9	-999.9
Ntarla	2013	7	11	192	22.6	29.0	16.4	-999.9	12.3	1.3	97399.3	-999.9
Ntarla	2013	7	12	193	22.5	31.0	21.4	-999.9	6.2	1.7	97514.1	-999.9
Ntarla	2013	7	13	194	22.7	31.9	24.5	-999.9	0.0	1.7	97564.7	-999.9
Ntarla	2013	7	14	195	24.5	32.9	23.0	-999.9	6.2	2.5	97414.8	-999.9
Ntarla	2013	7	15	196	24.1	30.1	19.0	-999.9	12.3	1.9	97435.5	-999.9
Ntarla	2013	7	16	197	23.5	30.4	20.4	-999.9	0.0	2.3	97588.4	-999.9
Ntarla	2013	7	17	198	23.9	32.4	23.4	-999.9	0.0	2.4	97564.5	-999.9
Ntarla	2013	7	18	199	23.9	31.6	18.6	-999.9	9.5	2.0	97377.5	-999.9
Ntarla	2013	7	19	200	23.1	31.3	21.2	-999.9	0.0	1.8	97405.2	-999.9
Ntarla	2013	7	20	201	23.2	30.1	19.1	-999.9	12.7	1.6	97447.6	-999.9
Ntarla	2013	7	21	202	23.4	30.9	20.8	-999.9	4.6	1.5	97443.8	-999.9
Ntarla	2013	7	22	203	23.2	30.7	21.4	-999.9	9.2	1.6	97386.4	-999.9
Ntarla	2013	7	23	204	23.3	31.6	20.8	-999.9	4.6	2.0	97344.4	-999.9
Ntarla	2013	7	24	205	23.9	32.2	21.6	-999.9	4.6	2.1	97433.2	-999.9
Ntarla	2013	7	25	206	23.1	30.9	21.2	-999.9	0.0	2.0	97553.5	-999.9
Ntarla	2013	7	26	207	23.4	30.4	19.6	-999.9	0.0	2.1	97645.0	-999.9
Ntarla	2013	7	27	208	23.4	31.4	22.4	-999.9	0.0	2.3	97469.1	-999.9
Ntarla	2013	7	28	209	22.8	30.3	18.6	-999.9	0.0	3.1	97359.3	-999.9
Ntarla	2013	7	29	210	23.7	29.4	14.6	-999.9	18.5	2.7	97437.4	-999.9
Ntarla	2013	7	30	211	23.0	28.9	19.2	-999.9	9.3	1.8	97657.9	-999.9
Ntarla	2013	7	31	212	22.1	30.1	21.2	-999.9	9.3	2.3	97566.9	-999.9
Ntarla	2013	8	1	213	22.7	29.6	18.9	-999.9	4.6	1.9	97472.9	-999.9
Ntarla	2013	8	2	214	22.1	29.3	17.3	-999.9	4.6	2.0	97580.9	-999.9
Ntarla	2013	8	3	215	22.3	29.6	20.1	-999.9	4.6	1.5	97506.1	-999.9
Ntarla	2013	8	4	216	22.5	29.4	19.2	-999.9	0.0	1.8	97444.8	-999.9
Ntarla	2013	8	5	217	22.9	29.5	19.9	-999.9	0.0	1.8	97359.8	-999.9
Ntarla	2013	8	6	218	23.2	29.9	19.7	-999.9	7.5	2.4	97340.3	-999.9
Ntarla	2013	8	7	219	22.6	30.1	20.5	-999.9	11.2	2.4	97161.1	-999.9
Ntarla	2013	8	8	220	22.7	27.7	12.3	-999.9	7.5	2.1	97084.9	-999.9
Ntarla	2013	8	9	221	22.5	27.7	16.6	-999.9	0.0	2.1	97254.3	-999.9
Ntarla	2013	8	10	222	22.3	28.4	19.5	-999.9	0.0	1.8	97417.5	-999.9
Ntarla	2013	8	11	223	22.8	28.4	18.6	-999.9	16.9	1.7	97400.0	-999.9
Ntarla	2013	8	12	224	22.2	29.2	17.2	-999.9	16.9	2.2	97395.5	-999.9
Ntarla	2013	8	13	225	22.2	26.7	12.1	-999.9	0.0	2.0	97465.4	-999.9
Ntarla	2013	8	14	226	21.7	28.6	18.2	-999.9	0.0	2.4	97512.6	-999.9
Ntarla	2013	8	15	227	22.4	30.0	19.2	-999.9	25.3	2.1	97408.8	-999.9
Ntarla	2013	8	16	228	22.5	26.7	12.1	-999.9	25.7	1.3	97244.1	-999.9
Ntarla	2013	8	17	229	22.0	28.4	17.3	-999.9	0.0	2.5	97319.7	-999.9
Ntarla	2013	8	18	230	22.1	28.2	18.5	-999.9	6.3	1.9	97436.6	-999.9
Ntarla	2013	8	19	231	22.6	28.7	16.0	-999.9	7.0	2.1	97504.2	-999.9
Ntarla	2013	8	20	232	22.8	30.7	21.6	-999.9	0.0	2.0	97396.8	-999.9
Ntarla	2013	8	21	233	22.3	28.4	17.1	-999.9	1.6	1.4	97378.7	-999.9
Ntarla	2013	8	22	234	22.5	29.0	19.2	-999.9	0.0	2.0	97359.3	-999.9
Ntarla	2013	8	23	235	21.9	30.4	21.5	-999.9	20.4	1.3	97341.7	-999.9
Ntarla	2013	8	24	236	23.1	30.0	20.3	-999.9	0.0	1.0	97331.0	-999.9
Ntarla	2013	8	25	237	22.3	30.5	21.6	-999.9	40.8	1.8	97319.1	-999.9
Ntarla	2013	8	26	238	23.1	28.6	15.2	-999.9	0.0	1.2	97350.1	-999.9
Ntarla	2013	8	27	239	22.4	29.1	20.3	-999.9	9.5	1.4	97374.9	-999.9
Ntarla	2013	8	28	240	22.2	28.3	15.9	-999.9	9.5	2.0	97430.2	-999.9
Ntarla	2013	8	29	241	22.1	29.2	20.2	-999.9	19.1	2.1	97573.4	-999.9
Ntarla	2013	8	30	242	22.2	28.9	18.4	-999.9	0.0	2.1	97546.9	-999.9
Ntarla	2013	8	31	243	23.0	28.6	15.9	-999.9	28.6	1.4	97386.5	-999.9
Ntarla	2013	9	1	244	21.7	29.8	21.4	-999.9	5.9	1.4	97276.6	-999.9
Ntarla	2013	9	2	245	22.3	29.6	21.5	-999.9	0.0	1.9	97285.4	-999.9
Ntarla	2013	9	3	246	22.2	28.9	19.8	-999.9	0.0	1.7	97569.5	-999.9
Ntarla	2013	9	4	247	22.2	29.7	20.9	-999.9	11.9	1.3	97584.2	-999.9
Ntarla	2013	9	5	248	21.9	28.4	16.7	-999.9	11.9	1.7	97469.2	-999.9
Ntarla	2013	9	6	249	21.6	28.8	20.3	-999.9	0.0	1.6	97418.9	-999.9
Ntarla	2013	9	7	250	22.0	28.8	18.6	-999.9	0.0	1.1	97477.6	-999.9
Ntarla	2013	9	8	251	21.9	29.5	21.0	-999.9	0.0	1.2	97563.2	-999.9
Ntarla	2013	9	9	252	22.6	31.0	23.9	-999.9	11.7	1.5	97513.7	-999.9
Ntarla	2013	9	10	253	22.1	30.0	22.0	-999.9	5.9	1.6	97391.6	-999.9
Ntarla	2013	9	11	254	22.1	30.6	23.3	-999.9	0.0	1.7	97257.1	-999.9
Ntarla	2013	9	12	255	22.0	28.9	18.5	-999.9	10.3	1.5	97262.2	-999.9
Ntarla	2013	9	13	256	21.7	27.5	15.3	-999.9	0.0	2.1	97456.7	-999.9
Ntarla	2013	9	14	257	21.1	29.1	19.6	-999.9	0.0	1.3	97678.2	-999.9
Ntarla	2013	9	15	258	21.7	29.9	21.8	-999.9	5.2	1.1	97590.3	-999.9
Ntarla	2013	9	16	259	22.4	30.2	22.4	-999.9	5.9	1.4	97514.9	-999.9
Ntarla	2013	9	17	260	22.4	30.7	22.5	-999.9	0.0	1.2	97525.9	-999.9
Ntarla	2013	9	18	261	22.1	32.1	23.9	-999.9	2.9	1.3	97465.8	-999.9
Ntarla	2013	9	19	262	23.9	31.5	22.2	-999.9	0.0	1.8	97301.3	-999.9
Ntarla	2013	9	20	263	23.8	31.5	23.5	-999.9	0.0	2.2	97170.7	-999.9
Ntarla	2013	9	21	264	23.2	30.4	20.2	-999.9	0.0	1.7	97356.2	-999.9
Ntarla	2013	9	22	265	22.5	31.7	23.7	-999.9	0.0	1.4	97436.2	-999.9
Ntarla	2013	9	23	266	24.3	33.0	24.0	-999.9	0.0	2.7	97261.9	-999.9
Ntarla	2013	9	24	267	24.2	30.8	19.4	-999.9	0.0	2.2	97287.2	-999.9
Ntarla	2013	9	25	268	22.4	29.5	15.8	-999.9	11.4	2.0	97451.6	-999.9
Ntarla	2013	9	26	269	21.8	29.2	19.1	-999.9	0.0	1.9	97598.0	-999.9
Ntarla	2013	9	27	270	22.4	31.1	22.9	-999.9	13.9	1.7	97529.3	-999.9
Ntarla	2013	9	28	271	22.3	30.6	22.6	-999.9	0.0	1.8	97470.8	-999.9
Ntarla	2013	9	29	272	22.7	31.9	23.3	-999.9	0.0	1.6	97489.8	-999.9
Ntarla	2013	9	30	273	23.5	32.3	22.5	-999.9	0.0	2.0	97344.0	-999.9
Ntarla	2013	10	1	274	22.9	31.7	21.9	-999.9	6.1	2.1	97302.8	-999.9
Ntarla	2013	10	2	275	22.4	31.7	23.3	-999.9	0.0	1.5	97331.7	-999.9
Ntarla	2013	10	3	276	23.4	30.7	19.9	-999.9	13.6	1.7	97311.2	-999.9
Ntarla	2013	10	4	277	23.1	30.8	21.4	-999.9	0.0	1.5	97405.0	-999.9
Ntarla	2013	10	5	278	23.0	31.4	22.9	-999.9	9.1	1.6	97435.6	-999.9
Ntarla	2013	10	6	279	22.8	32.0	23.1	-999.9	0.0	1.1	97401.4	-999.9
Ntarla	2013	10	7	280	23.7	32.2	23.1	-999.9	13.1	1.7	97430.9	-999.9
Ntarla	2013	10	8	281	23.3	32.2	22.4	-999.9	0.0	1.7	97399.1	-999.9
Ntarla	2013	10	9	282	22.1	30.6	21.8	-999.9	0.0	1.3	97355.5	-999.9
Ntarla	2013	10	10	283	22.1	30.3	19.2	-999.9	6.5	1.9	97424.3	-999.9
Ntarla	2013	10	11	284	21.7	31.3	22.0	-999.9	0.0	1.2	97517.0	-999.9
Ntarla	2013	10	12	285	22.8	33.5	21.9	-999.9	0.0	1.3	97511.7	-999.9
Ntarla	2013	10	13	286	22.8	33.7	22.3	-999.9	0.0	1.3	97388.6	-999.9
Ntarla	2013	10	14	287	21.4	34.1	21.6	-999.9	0.0	1.4	97217.9	-999.9
Ntarla	2013	10	15	288	21.1	33.5	22.1	-999.9	0.0	1.5	97318.8	-999.9
Ntarla	2013	10	16	289	22.4	32.3	21.3	-999.9	2.0	2.1	97465.3	-999.9
Ntarla	2013	10	17	290	22.8	33.0	21.4	-999.9	2.0	1.5	97462.1	-999.9
Ntarla	2013	10	18	291	22.6	34.2	21.4	-999.9	0.0	1.5	97312.7	-999.9
Ntarla	2013	10	19	292	24.2	33.2	20.6	-999.9	0.0	1.8	97283.5	-999.9
Ntarla	2013	10	20	293	23.2	32.9	21.3	-999.9	0.0	1.6	97291.1	-999.9
Ntarla	2013	10	21	294	23.3	32.4	20.9	-999.9	0.0	1.5	97343.7	-999.9
Ntarla	2013	10	22	295	22.0	32.7	20.9	-999.9	0.0	1.2	97314.3	-999.9
Ntarla	2013	10	23	296	21.1	33.3	21.1	-999.9	0.0	1.5	97353.6	-999.9
Ntarla	2013	10	24	297	21.5	33.4	20.8	-999.9	0.0	1.5	97362.0	-999.9
Ntarla	2013	10	25	298	21.3	33.2	21.0	-999.9	0.0	2.1	97311.8	-999.9
Ntarla	2013	10	26	299	22.9	32.5	18.9	-999.9	6.6	1.5	97357.3	-999.9
Ntarla	2013	10	27	300	21.9	32.4	19.9	-999.9	0.0	1.1	97416.6	-999.9
Ntarla	2013	10	28	301	22.1	32.1	19.8	-999.9	0.0	1.6	97476.3	-999.9
Ntarla	2013	10	29	302	20.9	34.3	22.5	-999.9	0.0	1.5	97294.1	-999.9
Ntarla	2013	10	30	303	19.8	33.6	21.7	-999.9	0.0	1.5	97195.0	-999.9
Ntarla	2013	10	31	304	21.3	32.8	21.4	-999.9	0.0	1.3	97213.7	-999.9
Ntarla	2013	11	1	305	23.1	33.8	19.0	-999.9	0.0	1.5	97118.5	-999.9
Ntarla	2013	11	2	306	23.2	34.1	19.7	-999.9	0.0	1.7	97150.1	-999.9
Ntarla	2013	11	3	307	19.6	35.0	22.4	-999.9	0.0	2.1	97178.2	-999.9
Ntarla	2013	11	4	308	18.9	34.4	22.4	-999.9	0.0	2.2	97339.4	-999.9
Ntarla	2013	11	5	309	17.6	34.2	22.6	-999.9	0.0	2.1	97452.5	-999.9
Ntarla	2013	11	6	310	18.0	33.5	22.5	-999.9	0.0	2.0	97448.4	-999.9
Ntarla	2013	11	7	311	16.1	33.5	22.6	-999.9	0.0	1.8	97422.1	-999.9
Ntarla	2013	11	8	312	17.0	34.0	21.8	-999.9	0.0	1.8	97346.2	-999.9
Ntarla	2013	11	9	313	19.9	34.8	21.4	-999.9	0.0	2.0	97276.1	-999.9
Ntarla	2013	11	10	314	20.5	34.6	21.3	-999.9	0.0	1.4	97282.9	-999.9
Ntarla	2013	11	11	315	22.3	35.7	21.8	-999.9	0.0	2.4	97188.8	-999.9
Ntarla	2013	11	12	316	20.2	34.4	21.8	-999.9	0.0	1.5	97177.3	-999.9
Ntarla	2013	11	13	317	18.7	33.9	21.6	-999.9	0.0	1.6	97248.6	-999.9
Ntarla	2013	11	14	318	20.1	34.0	21.8	-999.9	0.0	2.1	97227.4	-999.9
Ntarla	2013	11	15	319	20.1	33.8	21.6	-999.9	0.0	2.1	97237.4	-999.9
Ntarla	2013	11	16	320	20.4	34.3	21.4	-999.9	0.0	2.1	97257.9	-999.9
Ntarla	2013	11	17	321	20.7	34.1	20.6	-999.9	0.0	2.1	97217.0	-999.9
Ntarla	2013	11	18	322	20.7	33.6	18.7	-999.9	0.0	1.3	97131.1	-999.9
Ntarla	2013	11	19	323	21.0	33.1	20.1	-999.9	0.0	2.1	97155.7	-999.9
Ntarla	2013	11	20	324	21.4	33.6	19.2	-999.9	0.1	2.1	97236.7	-999.9
Ntarla	2013	11	21	325	21.4	33.4	20.3	-999.9	0.0	2.0	97196.7	-999.9
Ntarla	2013	11	22	326	19.8	33.5	21.0	-999.9	0.0	2.2	97135.4	-999.9
Ntarla	2013	11	23	327	18.9	33.0	20.8	-999.9	0.0	1.8	97229.4	-999.9
Ntarla	2013	11	24	328	18.5	32.9	21.1	-999.9	0.0	1.6	97265.5	-999.9
Ntarla	2013	11	25	329	17.3	33.1	21.0	-999.9	0.0	1.4	97103.8	-999.9
Ntarla	2013	11	26	330	18.4	33.3	20.8	-999.9	0.0	1.4	97021.5	-999.9
Ntarla	2013	11	27	331	19.5	32.8	19.7	-999.9	0.0	1.8	97108.7	-999.9
Ntarla	2013	11	28	332	23.0	33.9	18.4	-999.9	0.0	1.7	97288.0	-999.9
Ntarla	2013	11	29	333	22.7	35.7	20.5	-999.9	0.0	2.5	97280.0	-999.9
Ntarla	2013	11	30	334	22.2	34.6	20.7	-999.9	0.0	2.8	97233.7	-999.9
Ntarla	2013	12	1	335	19.5	33.1	20.6	-999.9	0.0	1.7	97185.4	-999.9
Ntarla	2013	12	2	336	19.4	33.9	20.6	-999.9	0.0	2.1	97333.5	-999.9
Ntarla	2013	12	3	337	20.6	34.2	20.4	-999.9	0.0	2.5	97486.9	-999.9
Ntarla	2013	12	4	338	21.3	33.7	20.4	-999.9	0.0	3.2	97617.7	-999.9
Ntarla	2013	12	5	339	20.0	32.4	20.6	-999.9	0.0	3.0	97587.6	-999.9
Ntarla	2013	12	6	340	18.4	31.1	20.5	-999.9	0.0	3.0	97537.3	-999.9
Ntarla	2013	12	7	341	17.2	29.3	20.7	-999.9	0.0	2.4	97589.0	-999.9
Ntarla	2013	12	8	342	16.0	28.9	20.6	-999.9	0.0	2.4	97612.9	-999.9
Ntarla	2013	12	9	343	16.3	29.4	20.5	-999.9	0.0	2.4	97593.2	-999.9
Ntarla	2013	12	10	344	14.6	28.5	20.7	-999.9	0.0	2.1	97641.7	-999.9
Ntarla	2013	12	11	345	14.7	29.7	20.5	-999.9	0.0	1.9	97611.5	-999.9
Ntarla	2013	12	12	346	16.0	30.9	20.3	-999.9	0.0	2.0	97585.2	-999.9
Ntarla	2013	12	13	347	17.0	32.8	20.0	-999.9	0.0	1.7	97416.2	-999.9
Ntarla	2013	12	14	348	18.4	33.6	20.0	-999.9	0.0	2.3	97339.3	-999.9
Ntarla	2013	12	15	349	23.2	31.4	16.0	-999.9	0.8	2.5	97422.5	-999.9
Ntarla	2013	12	16	350	20.3	30.6	17.7	-999.9	0.5	2.3	97492.3	-999.9
Ntarla	2013	12	17	351	18.5	30.2	20.0	-999.9	0.0	2.8	97532.4	-999.9
Ntarla	2013	12	18	352	16.9	29.3	20.5	-999.9	0.0	2.7	97526.6	-999.9
Ntarla	2013	12	19	353	14.6	29.1	20.5	-999.9	0.0	2.4	97457.0	-999.9
Ntarla	2013	12	20	354	15.1	29.3	19.9	-999.9	0.0	2.3	97399.6	-999.9
Ntarla	2013	12	21	355	15.7	30.2	20.5	-999.9	0.0	2.4	97467.3	-999.9
Ntarla	2013	12	22	356	15.4	29.4	19.9	-999.9	0.0	2.8	97573.5	-999.9
Ntarla	2013	12	23	357	15.0	28.5	20.3	-999.9	0.0	2.6	97577.6	-999.9
Ntarla	2013	12	24	358	15.1	29.9	20.1	-999.9	0.0	2.3	97578.4	-999.9
Ntarla	2013	12	25	359	16.0	31.7	20.1	-999.9	0.0	2.4	97594.9	-999.9
Ntarla	2013	12	26	360	16.8	32.7	20.2	-999.9	0.0	2.6	97556.2	-999.9
Ntarla	2013	12	27	361	17.1	33.0	20.2	-999.9	0.0	2.2	97535.9	-999.9
Ntarla	2013	12	28	362	16.2	34.0	20.4	-999.9	0.0	1.6	97468.4	-999.9
Ntarla	2013	12	29	363	17.9	34.2	20.4	-999.9	0.0	1.9	97370.4	-999.9
Ntarla	2013	12	30	364	17.2	34.6	20.4	-999.9	0.0	1.6	97313.4	-999.9
Ntarla	2013	12	31	365	17.7	34.8	18.9	-999.9	0.0	2.0	97256.4	-999.9
