Ntarla	1999	1	1	1	16.2	29.9	19.4	-999.9	0.0	2.5	97490.8	-999.9
Ntarla	1999	1	2	2	16.2	30.6	19.8	-999.9	0.0	2.7	97483.6	-999.9
Ntarla	1999	1	3	3	16.6	32.0	20.4	-999.9	0.0	2.5	97347.7	-999.9
Ntarla	1999	1	4	4	18.0	32.9	20.5	-999.9	0.0	2.5	97200.0	-999.9
Ntarla	1999	1	5	5	17.8	33.1	20.4	-999.9	0.0	2.4	97154.1	-999.9
Ntarla	1999	1	6	6	18.7	33.2	20.2	-999.9	0.0	2.3	97122.1	-999.9
Ntarla	1999	1	7	7	18.4	32.3	20.6	-999.9	0.0	2.5	97203.2	-999.9
Ntarla	1999	1	8	8	18.6	32.3	20.5	-999.9	0.0	2.2	97273.4	-999.9
Ntarla	1999	1	9	9	17.8	32.0	20.7	-999.9	0.0	2.1	97221.6	-999.9
Ntarla	1999	1	10	10	15.9	33.2	20.6	-999.9	0.0	1.8	97124.0	-999.9
Ntarla	1999	1	11	11	17.5	33.6	20.5	-999.9	0.0	1.7	97069.0	-999.9
Ntarla	1999	1	12	12	18.8	34.8	20.5	-999.9	0.0	2.2	96960.0	-999.9
Ntarla	1999	1	13	13	22.9	33.0	18.0	-999.9	0.0	1.8	97153.0	-999.9
Ntarla	1999	1	14	14	22.4	33.5	18.7	-999.9	0.0	1.8	97246.8	-999.9
Ntarla	1999	1	15	15	21.1	32.7	19.8	-999.9	0.0	2.8	97298.5	-999.9
Ntarla	1999	1	16	16	21.0	33.2	19.6	-999.9	0.0	2.7	97418.7	-999.9
Ntarla	1999	1	17	17	20.8	32.3	20.3	-999.9	0.0	3.2	97489.1	-999.9
Ntarla	1999	1	18	18	18.1	30.9	20.8	-999.9	0.0	2.8	97447.4	-999.9
Ntarla	1999	1	19	19	16.7	30.9	20.9	-999.9	0.0	2.3	97378.0	-999.9
Ntarla	1999	1	20	20	16.5	30.9	21.1	-999.9	0.0	2.4	97453.4	-999.9
Ntarla	1999	1	21	21	16.2	30.4	21.2	-999.9	0.0	2.5	97537.7	-999.9
Ntarla	1999	1	22	22	16.1	30.6	21.3	-999.9	0.0	2.5	97521.1	-999.9
Ntarla	1999	1	23	23	16.4	31.4	21.4	-999.9	0.0	2.6	97492.4	-999.9
Ntarla	1999	1	24	24	16.8	31.4	21.4	-999.9	0.0	2.9	97418.2	-999.9
Ntarla	1999	1	25	25	17.0	31.6	21.4	-999.9	0.0	3.0	97377.1	-999.9
Ntarla	1999	1	26	26	17.2	30.8	21.5	-999.9	0.0	3.2	97418.3	-999.9
Ntarla	1999	1	27	27	16.2	30.0	21.6	-999.9	0.0	2.7	97410.1	-999.9
Ntarla	1999	1	28	28	15.7	30.6	21.7	-999.9	0.0	2.5	97311.3	-999.9
Ntarla	1999	1	29	29	15.9	32.2	21.8	-999.9	0.0	2.3	97308.7	-999.9
Ntarla	1999	1	30	30	16.8	33.3	21.7	-999.9	0.0	2.1	97298.7	-999.9
Ntarla	1999	1	31	31	17.5	33.9	21.7	-999.9	0.0	2.2	97194.0	-999.9
Ntarla	1999	2	1	32	17.9	33.2	21.9	-999.9	0.0	1.8	97081.0	-999.9
Ntarla	1999	2	2	33	18.0	33.2	21.7	-999.9	0.0	2.0	97081.2	-999.9
Ntarla	1999	2	3	34	19.4	33.2	20.9	-999.9	0.0	2.5	97174.3	-999.9
Ntarla	1999	2	4	35	19.9	30.3	17.4	-999.9	0.0	3.3	97394.9	-999.9
Ntarla	1999	2	5	36	16.8	28.6	21.3	-999.9	0.0	3.5	97671.8	-999.9
Ntarla	1999	2	6	37	15.2	26.9	22.2	-999.9	0.0	3.1	97775.9	-999.9
Ntarla	1999	2	7	38	12.9	27.3	22.6	-999.9	0.0	2.3	97717.2	-999.9
Ntarla	1999	2	8	39	13.1	30.1	22.5	-999.9	0.0	1.8	97560.9	-999.9
Ntarla	1999	2	9	40	15.1	33.2	22.5	-999.9	0.0	1.8	97539.5	-999.9
Ntarla	1999	2	10	41	17.9	34.4	22.5	-999.9	0.0	2.3	97433.1	-999.9
Ntarla	1999	2	11	42	18.4	34.0	22.5	-999.9	0.0	2.2	97329.9	-999.9
Ntarla	1999	2	12	43	17.9	34.4	22.5	-999.9	0.0	2.2	97231.5	-999.9
Ntarla	1999	2	13	44	17.4	36.0	22.6	-999.9	0.0	1.9	97167.1	-999.9
Ntarla	1999	2	14	45	17.8	36.1	22.9	-999.9	0.0	1.7	97045.5	-999.9
Ntarla	1999	2	15	46	19.7	35.4	22.1	-999.9	0.0	1.9	96969.9	-999.9
Ntarla	1999	2	16	47	21.8	33.4	19.0	-999.9	0.0	1.4	97070.1	-999.9
Ntarla	1999	2	17	48	22.4	32.5	15.7	-999.9	0.0	1.7	97076.7	-999.9
Ntarla	1999	2	18	49	20.9	32.1	21.7	-999.9	0.0	3.0	97370.3	-999.9
Ntarla	1999	2	19	50	18.6	30.8	22.6	-999.9	0.0	3.2	97573.9	-999.9
Ntarla	1999	2	20	51	16.7	30.6	23.3	-999.9	0.0	3.1	97618.3	-999.9
Ntarla	1999	2	21	52	16.2	30.0	23.3	-999.9	0.0	2.7	97553.8	-999.9
Ntarla	1999	2	22	53	16.6	32.3	23.4	-999.9	0.0	2.7	97423.5	-999.9
Ntarla	1999	2	23	54	18.2	33.9	23.2	-999.9	0.0	2.6	97391.7	-999.9
Ntarla	1999	2	24	55	19.3	34.6	23.5	-999.9	0.0	2.5	97372.4	-999.9
Ntarla	1999	2	25	56	19.7	36.2	23.6	-999.9	0.0	2.2	97253.9	-999.9
Ntarla	1999	2	26	57	21.0	37.5	23.6	-999.9	0.0	2.3	97124.5	-999.9
Ntarla	1999	2	27	58	22.4	37.5	23.7	-999.9	0.0	2.5	97041.8	-999.9
Ntarla	1999	2	28	59	21.7	36.7	23.9	-999.9	0.0	2.9	97058.7	-999.9
Ntarla	1999	3	1	60	20.5	30.9	13.6	-999.9	0.0	2.0	97230.7	-999.9
Ntarla	1999	3	2	61	21.4	36.0	22.2	-999.9	0.0	2.1	97082.0	-999.9
Ntarla	1999	3	3	62	22.5	36.1	22.9	-999.9	0.0	2.4	96963.2	-999.9
Ntarla	1999	3	4	63	22.1	35.6	23.9	-999.9	0.0	2.7	96959.1	-999.9
Ntarla	1999	3	5	64	22.2	37.2	23.8	-999.9	0.0	2.5	96888.1	-999.9
Ntarla	1999	3	6	65	23.4	37.6	24.1	-999.9	0.0	2.8	96835.6	-999.9
Ntarla	1999	3	7	66	22.7	36.7	24.4	-999.9	0.0	2.6	96883.2	-999.9
Ntarla	1999	3	8	67	21.6	37.3	24.7	-999.9	0.0	2.4	96895.8	-999.9
Ntarla	1999	3	9	68	22.0	37.6	24.5	-999.9	0.0	2.4	96923.8	-999.9
Ntarla	1999	3	10	69	22.4	37.3	24.9	-999.9	0.0	2.7	97063.2	-999.9
Ntarla	1999	3	11	70	23.0	36.7	24.5	-999.9	0.0	2.7	97131.7	-999.9
Ntarla	1999	3	12	71	22.7	36.0	24.5	-999.9	0.0	2.5	97103.9	-999.9
Ntarla	1999	3	13	72	22.4	37.3	24.6	-999.9	0.0	2.2	96962.1	-999.9
Ntarla	1999	3	14	73	22.0	36.7	21.9	-999.9	0.0	1.8	96958.2	-999.9
Ntarla	1999	3	15	74	25.1	33.8	20.0	-999.9	0.0	2.6	97156.9	-999.9
Ntarla	1999	3	16	75	22.8	32.5	15.2	-999.9	0.0	2.0	97197.9	-999.9
Ntarla	1999	3	17	76	22.8	36.2	24.1	-999.9	0.0	2.5	97032.6	-999.9
Ntarla	1999	3	18	77	22.7	37.6	24.9	-999.9	0.0	2.9	96965.2	-999.9
Ntarla	1999	3	19	78	23.6	38.7	25.2	-999.9	0.0	2.9	96973.9	-999.9
Ntarla	1999	3	20	79	24.4	39.2	25.0	-999.9	0.0	3.3	97020.3	-999.9
Ntarla	1999	3	21	80	26.5	39.0	25.2	-999.9	0.0	3.7	97119.6	-999.9
Ntarla	1999	3	22	81	24.7	38.7	25.4	-999.9	0.0	3.0	97124.7	-999.9
Ntarla	1999	3	23	82	22.3	38.6	25.9	-999.9	0.0	2.0	97019.1	-999.9
Ntarla	1999	3	24	83	21.0	39.5	25.2	-999.9	0.0	1.7	96903.1	-999.9
Ntarla	1999	3	25	84	25.0	38.1	22.9	-999.9	0.0	2.2	96996.1	-999.9
Ntarla	1999	3	26	85	26.5	39.0	22.0	-999.9	4.7	2.1	97023.6	-999.9
Ntarla	1999	3	27	86	26.6	38.3	23.2	-999.9	0.0	1.8	97047.8	-999.9
Ntarla	1999	3	28	87	23.7	37.6	24.8	-999.9	0.0	1.4	97081.0	-999.9
Ntarla	1999	3	29	88	22.2	38.8	24.6	-999.9	0.0	1.8	96997.1	-999.9
Ntarla	1999	3	30	89	22.3	38.9	25.1	-999.9	0.0	1.7	96941.6	-999.9
Ntarla	1999	3	31	90	24.0	39.1	23.8	-999.9	0.0	1.8	96939.0	-999.9
Ntarla	1999	4	1	91	23.3	39.5	25.3	-999.9	0.0	1.8	96976.4	-999.9
Ntarla	1999	4	2	92	21.9	39.1	25.8	-999.9	0.0	1.9	97116.5	-999.9
Ntarla	1999	4	3	93	22.5	38.8	26.0	-999.9	0.0	2.1	97135.1	-999.9
Ntarla	1999	4	4	94	23.9	38.3	26.5	-999.9	0.0	2.9	97046.8	-999.9
Ntarla	1999	4	5	95	22.3	38.8	26.6	-999.9	0.0	2.4	97042.0	-999.9
Ntarla	1999	4	6	96	21.7	37.7	24.7	-999.9	0.0	1.8	97152.1	-999.9
Ntarla	1999	4	7	97	26.0	36.9	24.1	-999.9	0.0	2.7	97212.9	-999.9
Ntarla	1999	4	8	98	25.3	36.5	23.1	-999.9	0.0	1.8	97202.6	-999.9
Ntarla	1999	4	9	99	23.2	36.3	21.0	-999.9	0.0	2.3	97226.9	-999.9
Ntarla	1999	4	10	100	27.0	39.5	24.6	-999.9	0.0	2.6	97180.5	-999.9
Ntarla	1999	4	11	101	23.5	40.2	26.2	-999.9	0.0	2.0	97216.6	-999.9
Ntarla	1999	4	12	102	24.1	40.9	26.5	-999.9	0.0	2.2	97125.3	-999.9
Ntarla	1999	4	13	103	26.4	40.0	25.7	-999.9	0.0	2.0	97062.7	-999.9
Ntarla	1999	4	14	104	28.6	39.3	23.2	-999.9	0.0	3.0	96942.4	-999.9
Ntarla	1999	4	15	105	26.5	36.7	21.8	-999.9	5.4	2.9	97099.7	-999.9
Ntarla	1999	4	16	106	26.7	37.3	24.0	-999.9	0.0	2.0	97179.4	-999.9
Ntarla	1999	4	17	107	27.7	38.1	23.9	-999.9	2.0	2.0	97217.1	-999.9
Ntarla	1999	4	18	108	26.3	38.0	25.5	-999.9	2.0	2.9	97288.9	-999.9
Ntarla	1999	4	19	109	25.5	39.2	25.8	-999.9	0.0	2.2	97073.7	-999.9
Ntarla	1999	4	20	110	25.6	39.7	23.6	-999.9	0.0	2.0	96922.2	-999.9
Ntarla	1999	4	21	111	26.7	39.3	25.0	-999.9	0.0	2.2	97066.9	-999.9
Ntarla	1999	4	22	112	28.1	38.9	24.3	-999.9	0.0	1.9	97158.8	-999.9
Ntarla	1999	4	23	113	27.2	38.7	23.0	-999.9	0.0	2.1	96996.6	-999.9
Ntarla	1999	4	24	114	27.9	38.7	23.0	-999.9	0.0	3.0	96815.0	-999.9
Ntarla	1999	4	25	115	27.3	37.6	22.8	-999.9	0.0	2.4	96915.1	-999.9
Ntarla	1999	4	26	116	25.9	37.9	21.8	-999.9	0.0	1.7	96976.0	-999.9
Ntarla	1999	4	27	117	27.3	36.6	21.7	-999.9	5.2	1.8	96969.8	-999.9
Ntarla	1999	4	28	118	26.3	36.2	22.8	-999.9	0.0	2.1	97002.3	-999.9
Ntarla	1999	4	29	119	24.8	35.2	22.8	-999.9	2.6	1.5	97156.4	-999.9
Ntarla	1999	4	30	120	26.1	35.9	20.0	-999.9	0.0	1.6	97188.9	-999.9
Ntarla	1999	5	1	121	26.4	38.1	23.4	-999.9	0.0	2.5	97168.2	-999.9
Ntarla	1999	5	2	122	27.1	40.6	24.6	-999.9	0.0	2.3	97026.8	-999.9
Ntarla	1999	5	3	123	27.1	38.6	25.2	-999.9	4.3	2.6	97070.4	-999.9
Ntarla	1999	5	4	124	27.0	36.0	23.7	-999.9	2.1	1.6	97218.2	-999.9
Ntarla	1999	5	5	125	27.4	36.9	22.5	-999.9	0.0	1.9	97178.5	-999.9
Ntarla	1999	5	6	126	26.9	38.5	24.5	-999.9	0.0	1.8	97034.3	-999.9
Ntarla	1999	5	7	127	27.1	38.5	24.3	-999.9	0.0	2.1	96969.9	-999.9
Ntarla	1999	5	8	128	27.9	38.7	24.4	-999.9	0.0	2.4	96980.9	-999.9
Ntarla	1999	5	9	129	27.9	38.1	25.1	-999.9	1.4	2.4	97013.1	-999.9
Ntarla	1999	5	10	130	26.2	39.3	24.7	-999.9	1.4	1.9	97018.8	-999.9
Ntarla	1999	5	11	131	26.4	39.3	24.4	-999.9	0.0	2.4	97057.3	-999.9
Ntarla	1999	5	12	132	26.2	37.6	20.7	-999.9	2.8	2.8	97183.6	-999.9
Ntarla	1999	5	13	133	26.7	38.7	24.7	-999.9	0.0	2.2	97139.1	-999.9
Ntarla	1999	5	14	134	27.2	38.7	24.3	-999.9	0.0	2.7	97004.9	-999.9
Ntarla	1999	5	15	135	26.0	35.2	22.3	-999.9	2.8	2.3	97135.7	-999.9
Ntarla	1999	5	16	136	25.7	34.6	21.9	-999.9	0.0	2.1	97086.4	-999.9
Ntarla	1999	5	17	137	26.2	36.0	23.4	-999.9	0.0	2.0	97131.8	-999.9
Ntarla	1999	5	18	138	25.8	36.1	21.7	-999.9	5.9	1.3	97247.3	-999.9
Ntarla	1999	5	19	139	26.7	37.5	24.7	-999.9	0.0	2.0	97229.1	-999.9
Ntarla	1999	5	20	140	27.7	38.1	23.5	-999.9	0.0	2.4	97134.7	-999.9
Ntarla	1999	5	21	141	26.3	38.2	24.9	-999.9	0.0	2.1	97183.3	-999.9
Ntarla	1999	5	22	142	28.1	38.5	25.2	-999.9	0.0	2.7	97163.6	-999.9
Ntarla	1999	5	23	143	28.1	38.9	23.8	-999.9	3.4	2.6	97097.2	-999.9
Ntarla	1999	5	24	144	27.2	37.6	23.7	-999.9	0.0	3.0	97267.4	-999.9
Ntarla	1999	5	25	145	28.4	36.4	23.2	-999.9	3.4	2.7	97310.8	-999.9
Ntarla	1999	5	26	146	24.5	36.2	23.1	-999.9	0.0	1.8	97269.0	-999.9
Ntarla	1999	5	27	147	26.9	37.2	24.1	-999.9	0.0	2.4	97153.0	-999.9
Ntarla	1999	5	28	148	26.9	35.7	23.9	-999.9	0.0	2.3	97237.3	-999.9
Ntarla	1999	5	29	149	27.0	37.2	25.2	-999.9	0.0	2.1	97314.3	-999.9
Ntarla	1999	5	30	150	27.0	39.0	25.4	-999.9	0.0	2.1	97038.1	-999.9
Ntarla	1999	5	31	151	26.8	36.9	24.1	-999.9	0.0	2.6	97144.8	-999.9
Ntarla	1999	6	1	152	27.1	37.9	23.9	-999.9	4.8	1.8	97249.1	-999.9
Ntarla	1999	6	2	153	28.2	38.9	23.7	-999.9	0.0	2.3	97125.2	-999.9
Ntarla	1999	6	3	154	27.3	38.5	23.4	-999.9	0.0	2.9	97175.7	-999.9
Ntarla	1999	6	4	155	26.8	36.3	23.4	-999.9	0.0	2.4	97286.9	-999.9
Ntarla	1999	6	5	156	25.2	36.1	23.9	-999.9	0.0	2.2	97327.0	-999.9
Ntarla	1999	6	6	157	26.3	36.4	23.5	-999.9	0.0	2.0	97241.4	-999.9
Ntarla	1999	6	7	158	26.5	36.6	24.6	-999.9	0.0	1.9	97293.1	-999.9
Ntarla	1999	6	8	159	25.0	37.3	24.2	-999.9	0.0	2.5	97318.0	-999.9
Ntarla	1999	6	9	160	26.1	35.1	23.5	-999.9	12.6	2.6	97285.5	-999.9
Ntarla	1999	6	10	161	25.4	36.1	24.0	-999.9	0.0	2.5	97287.0	-999.9
Ntarla	1999	6	11	162	27.2	38.5	24.8	-999.9	8.0	2.1	97186.4	-999.9
Ntarla	1999	6	12	163	27.2	36.1	23.1	-999.9	0.0	2.0	97279.4	-999.9
Ntarla	1999	6	13	164	25.7	35.2	23.4	-999.9	0.0	1.7	97392.1	-999.9
Ntarla	1999	6	14	165	25.0	36.2	24.1	-999.9	8.0	2.1	97243.6	-999.9
Ntarla	1999	6	15	166	26.3	37.2	24.0	-999.9	0.0	1.9	97137.9	-999.9
Ntarla	1999	6	16	167	25.4	36.3	24.0	-999.9	7.7	2.7	97171.4	-999.9
Ntarla	1999	6	17	168	26.5	36.7	23.8	-999.9	0.0	2.4	97287.2	-999.9
Ntarla	1999	6	18	169	24.3	36.6	24.4	-999.9	15.4	3.2	97229.4	-999.9
Ntarla	1999	6	19	170	26.7	37.1	24.2	-999.9	0.0	2.3	97208.4	-999.9
Ntarla	1999	6	20	171	26.7	36.0	22.0	-999.9	0.0	2.7	97338.2	-999.9
Ntarla	1999	6	21	172	25.4	37.3	25.0	-999.9	0.0	2.3	97315.8	-999.9
Ntarla	1999	6	22	173	27.1	38.2	24.2	-999.9	4.4	2.5	97144.2	-999.9
Ntarla	1999	6	23	174	27.8	34.9	21.1	-999.9	0.0	2.9	97120.6	-999.9
Ntarla	1999	6	24	175	26.2	36.2	23.0	-999.9	4.4	2.7	97229.1	-999.9
Ntarla	1999	6	25	176	25.7	33.0	19.2	-999.9	4.4	2.2	97335.4	-999.9
Ntarla	1999	6	26	177	24.7	37.0	23.8	-999.9	9.2	1.8	97236.5	-999.9
Ntarla	1999	6	27	178	24.9	34.9	23.2	-999.9	9.2	2.1	97061.3	-999.9
Ntarla	1999	6	28	179	22.8	32.1	21.5	-999.9	16.1	2.3	97187.9	-999.9
Ntarla	1999	6	29	180	23.1	32.2	22.6	-999.9	0.0	2.2	97429.3	-999.9
Ntarla	1999	6	30	181	23.4	33.4	23.4	-999.9	8.0	1.6	97358.3	-999.9
Ntarla	1999	7	1	182	24.0	33.4	23.3	-999.9	5.9	2.3	97224.4	-999.9
Ntarla	1999	7	2	183	23.6	31.4	20.1	-999.9	11.8	1.9	97280.6	-999.9
Ntarla	1999	7	3	184	23.2	31.0	22.2	-999.9	0.0	1.8	97380.9	-999.9
Ntarla	1999	7	4	185	23.4	31.3	23.4	-999.9	0.0	2.0	97435.1	-999.9
Ntarla	1999	7	5	186	23.7	31.7	22.8	-999.9	11.8	1.5	97466.7	-999.9
Ntarla	1999	7	6	187	24.5	32.1	20.7	-999.9	0.0	1.6	97426.1	-999.9
Ntarla	1999	7	7	188	23.2	31.9	22.9	-999.9	15.2	2.9	97407.0	-999.9
Ntarla	1999	7	8	189	23.6	30.1	18.4	-999.9	0.0	2.6	97418.6	-999.9
Ntarla	1999	7	9	190	23.5	31.5	22.4	-999.9	6.6	2.1	97329.0	-999.9
Ntarla	1999	7	10	191	24.3	31.7	23.3	-999.9	6.6	1.9	97297.5	-999.9
Ntarla	1999	7	11	192	22.8	31.5	20.6	-999.9	26.0	2.1	97336.0	-999.9
Ntarla	1999	7	12	193	23.3	31.4	22.6	-999.9	0.0	1.9	97451.8	-999.9
Ntarla	1999	7	13	194	23.3	29.8	14.6	-999.9	5.7	1.7	97489.6	-999.9
Ntarla	1999	7	14	195	22.4	30.4	19.2	-999.9	0.0	1.9	97492.2	-999.9
Ntarla	1999	7	15	196	23.0	30.5	21.1	-999.9	5.7	2.4	97521.9	-999.9
Ntarla	1999	7	16	197	23.0	33.2	24.5	-999.9	0.0	2.2	97411.1	-999.9
Ntarla	1999	7	17	198	24.7	32.4	20.2	-999.9	10.3	2.5	97327.2	-999.9
Ntarla	1999	7	18	199	23.2	28.0	12.9	-999.9	0.0	2.3	97471.2	-999.9
Ntarla	1999	7	19	200	22.7	31.2	21.9	-999.9	0.0	1.8	97486.5	-999.9
Ntarla	1999	7	20	201	24.1	30.1	13.5	-999.9	15.4	1.8	97475.0	-999.9
Ntarla	1999	7	21	202	22.7	31.2	21.6	-999.9	0.0	2.0	97479.8	-999.9
Ntarla	1999	7	22	203	22.9	30.1	19.0	-999.9	14.9	2.1	97541.2	-999.9
Ntarla	1999	7	23	204	22.8	29.3	20.0	-999.9	0.0	2.7	97484.3	-999.9
Ntarla	1999	7	24	205	22.8	30.0	18.5	-999.9	14.9	2.7	97348.7	-999.9
Ntarla	1999	7	25	206	23.2	30.8	20.7	-999.9	5.0	2.1	97304.2	-999.9
Ntarla	1999	7	26	207	22.6	29.2	17.3	-999.9	20.1	2.2	97411.9	-999.9
Ntarla	1999	7	27	208	22.9	28.4	15.6	-999.9	6.7	1.9	97522.2	-999.9
Ntarla	1999	7	28	209	22.3	29.7	19.5	-999.9	0.0	2.0	97446.3	-999.9
Ntarla	1999	7	29	210	23.2	28.7	15.1	-999.9	7.6	2.6	97338.9	-999.9
Ntarla	1999	7	30	211	22.9	29.6	18.8	-999.9	13.4	2.4	97296.4	-999.9
Ntarla	1999	7	31	212	22.5	29.4	19.9	-999.9	13.4	2.0	97266.6	-999.9
Ntarla	1999	8	1	213	22.6	28.0	13.7	-999.9	32.5	1.8	97388.7	-999.9
Ntarla	1999	8	2	214	22.4	28.4	17.3	-999.9	0.0	2.1	97413.8	-999.9
Ntarla	1999	8	3	215	22.9	29.4	18.8	-999.9	16.3	2.4	97311.6	-999.9
Ntarla	1999	8	4	216	23.1	28.9	16.9	-999.9	0.0	2.1	97350.8	-999.9
Ntarla	1999	8	5	217	23.0	29.4	20.7	-999.9	8.1	1.8	97336.6	-999.9
Ntarla	1999	8	6	218	22.4	28.9	18.5	-999.9	0.0	3.0	97384.1	-999.9
Ntarla	1999	8	7	219	22.9	29.3	18.0	-999.9	18.6	2.6	97377.1	-999.9
Ntarla	1999	8	8	220	22.2	27.2	13.5	-999.9	0.0	2.6	97296.9	-999.9
Ntarla	1999	8	9	221	22.4	27.6	13.0	-999.9	0.0	2.5	97402.1	-999.9
Ntarla	1999	8	10	222	21.8	28.8	19.2	-999.9	18.6	1.9	97474.4	-999.9
Ntarla	1999	8	11	223	23.0	24.2	8.3	-999.9	42.1	2.5	97347.3	-999.9
Ntarla	1999	8	12	224	22.4	26.4	10.0	-999.9	0.0	2.0	97280.1	-999.9
Ntarla	1999	8	13	225	22.2	29.1	18.0	-999.9	18.4	1.7	97238.8	-999.9
Ntarla	1999	8	14	226	22.4	28.6	15.5	-999.9	18.4	2.0	97285.8	-999.9
Ntarla	1999	8	15	227	22.1	27.5	16.2	-999.9	0.0	2.0	97418.0	-999.9
Ntarla	1999	8	16	228	21.6	29.6	22.5	-999.9	9.1	1.7	97500.5	-999.9
Ntarla	1999	8	17	229	22.5	27.4	12.1	-999.9	0.0	1.6	97375.0	-999.9
Ntarla	1999	8	18	230	22.5	29.3	18.1	-999.9	18.1	1.6	97276.1	-999.9
Ntarla	1999	8	19	231	22.1	26.7	14.8	-999.9	27.2	2.0	97366.5	-999.9
Ntarla	1999	8	20	232	22.1	28.8	16.5	-999.9	18.1	1.3	97434.4	-999.9
Ntarla	1999	8	21	233	21.6	28.9	18.3	-999.9	9.6	0.8	97296.8	-999.9
Ntarla	1999	8	22	234	22.1	27.8	18.3	-999.9	9.6	2.2	97333.4	-999.9
Ntarla	1999	8	23	235	22.5	27.1	14.9	-999.9	9.6	2.5	97496.0	-999.9
Ntarla	1999	8	24	236	22.7	27.8	13.9	-999.9	0.0	2.2	97619.4	-999.9
Ntarla	1999	8	25	237	21.8	27.7	16.5	-999.9	9.6	1.9	97578.6	-999.9
Ntarla	1999	8	26	238	22.0	27.7	16.2	-999.9	11.3	2.1	97485.2	-999.9
Ntarla	1999	8	27	239	21.4	24.3	8.4	-999.9	11.3	1.6	97469.9	-999.9
Ntarla	1999	8	28	240	21.7	27.3	13.1	-999.9	11.3	1.7	97499.1	-999.9
Ntarla	1999	8	29	241	21.5	28.8	19.8	-999.9	0.0	2.0	97629.4	-999.9
Ntarla	1999	8	30	242	21.5	29.6	19.8	-999.9	11.3	1.6	97572.5	-999.9
Ntarla	1999	8	31	243	22.1	28.2	14.6	-999.9	25.9	1.3	97466.8	-999.9
Ntarla	1999	9	1	244	21.9	29.1	19.2	-999.9	0.0	1.3	97410.9	-999.9
Ntarla	1999	9	2	245	21.8	30.0	22.2	-999.9	14.5	1.2	97425.3	-999.9
Ntarla	1999	9	3	246	22.7	29.5	20.6	-999.9	0.0	1.5	97416.5	-999.9
Ntarla	1999	9	4	247	22.7	30.3	20.5	-999.9	24.8	1.5	97376.7	-999.9
Ntarla	1999	9	5	248	21.8	29.1	18.9	-999.9	7.2	1.2	97411.4	-999.9
Ntarla	1999	9	6	249	22.3	30.3	22.9	-999.9	0.0	1.6	97415.8	-999.9
Ntarla	1999	9	7	250	22.7	30.6	20.0	-999.9	6.6	2.2	97291.8	-999.9
Ntarla	1999	9	8	251	22.4	28.4	15.0	-999.9	6.6	1.5	97079.3	-999.9
Ntarla	1999	9	9	252	21.9	27.0	13.1	-999.9	13.1	2.2	97208.6	-999.9
Ntarla	1999	9	10	253	21.7	29.1	21.8	-999.9	0.0	1.8	97361.2	-999.9
Ntarla	1999	9	11	254	22.0	28.7	19.2	-999.9	0.0	1.4	97395.2	-999.9
Ntarla	1999	9	12	255	21.0	28.9	21.1	-999.9	8.3	1.3	97300.1	-999.9
Ntarla	1999	9	13	256	21.7	29.1	21.3	-999.9	0.0	1.5	97120.1	-999.9
Ntarla	1999	9	14	257	22.1	29.3	21.0	-999.9	9.5	1.4	97232.1	-999.9
Ntarla	1999	9	15	258	21.7	28.3	17.2	-999.9	16.6	1.4	97426.9	-999.9
Ntarla	1999	9	16	259	21.9	28.5	17.7	-999.9	0.0	1.5	97477.3	-999.9
Ntarla	1999	9	17	260	22.0	29.2	18.9	-999.9	0.0	1.9	97448.6	-999.9
Ntarla	1999	9	18	261	21.1	30.6	23.3	-999.9	24.7	1.2	97415.5	-999.9
Ntarla	1999	9	19	262	22.0	29.7	19.3	-999.9	0.0	1.4	97392.4	-999.9
Ntarla	1999	9	20	263	22.1	30.7	23.8	-999.9	0.0	1.3	97430.9	-999.9
Ntarla	1999	9	21	264	21.6	30.1	20.0	-999.9	31.4	1.7	97486.5	-999.9
Ntarla	1999	9	22	265	21.8	30.7	21.7	-999.9	0.0	1.2	97359.0	-999.9
Ntarla	1999	9	23	266	21.6	28.7	16.8	-999.9	7.9	1.4	97455.3	-999.9
Ntarla	1999	9	24	267	20.9	30.7	23.6	-999.9	0.0	1.4	97462.4	-999.9
Ntarla	1999	9	25	268	23.2	31.5	23.6	-999.9	0.0	2.3	97222.3	-999.9
Ntarla	1999	9	26	269	23.2	28.9	17.5	-999.9	15.1	2.4	97092.3	-999.9
Ntarla	1999	9	27	270	21.9	27.0	12.1	-999.9	0.0	1.6	97258.8	-999.9
Ntarla	1999	9	28	271	21.2	27.6	15.8	-999.9	0.0	1.4	97374.9	-999.9
Ntarla	1999	9	29	272	20.6	30.0	21.8	-999.9	0.0	1.1	97443.3	-999.9
Ntarla	1999	9	30	273	22.4	28.7	19.4	-999.9	0.0	1.6	97369.0	-999.9
Ntarla	1999	10	1	274	22.5	30.7	22.7	-999.9	0.0	2.1	97180.8	-999.9
Ntarla	1999	10	2	275	22.6	30.2	20.9	-999.9	10.5	1.6	97180.8	-999.9
Ntarla	1999	10	3	276	21.6	29.7	21.5	-999.9	0.0	1.6	97316.1	-999.9
Ntarla	1999	10	4	277	21.5	28.5	18.4	-999.9	12.0	1.4	97432.0	-999.9
Ntarla	1999	10	5	278	21.3	29.6	21.6	-999.9	0.0	1.7	97384.8	-999.9
Ntarla	1999	10	6	279	21.8	31.0	22.6	-999.9	0.0	1.9	97256.6	-999.9
Ntarla	1999	10	7	280	21.3	28.5	16.9	-999.9	9.5	2.0	97399.2	-999.9
Ntarla	1999	10	8	281	21.5	28.3	17.6	-999.9	0.0	1.6	97498.2	-999.9
Ntarla	1999	10	9	282	20.6	30.2	22.7	-999.9	4.8	1.5	97510.9	-999.9
Ntarla	1999	10	10	283	22.4	30.2	22.5	-999.9	0.0	1.5	97517.9	-999.9
Ntarla	1999	10	11	284	22.3	30.8	22.2	-999.9	0.0	1.6	97448.7	-999.9
Ntarla	1999	10	12	285	22.5	30.9	22.5	-999.9	3.5	1.6	97396.6	-999.9
Ntarla	1999	10	13	286	21.9	31.1	22.2	-999.9	7.0	1.3	97318.7	-999.9
Ntarla	1999	10	14	287	22.2	30.4	20.7	-999.9	7.0	1.5	97371.7	-999.9
Ntarla	1999	10	15	288	22.4	30.7	21.2	-999.9	3.5	1.2	97353.2	-999.9
Ntarla	1999	10	16	289	22.0	28.8	16.6	-999.9	6.0	1.5	97324.6	-999.9
Ntarla	1999	10	17	290	21.0	29.4	22.0	-999.9	0.0	1.4	97386.9	-999.9
Ntarla	1999	10	18	291	21.4	30.7	20.7	-999.9	0.0	1.1	97420.3	-999.9
Ntarla	1999	10	19	292	21.9	30.7	20.3	-999.9	0.0	1.2	97496.7	-999.9
Ntarla	1999	10	20	293	21.4	30.7	21.4	-999.9	0.0	1.5	97500.3	-999.9
Ntarla	1999	10	21	294	21.9	31.8	20.5	-999.9	0.0	1.4	97426.4	-999.9
Ntarla	1999	10	22	295	21.3	32.7	20.5	-999.9	0.0	1.3	97413.1	-999.9
Ntarla	1999	10	23	296	20.1	32.8	23.0	-999.9	0.0	1.0	97407.3	-999.9
Ntarla	1999	10	24	297	20.5	32.4	22.1	-999.9	0.0	1.7	97323.7	-999.9
Ntarla	1999	10	25	298	21.9	31.7	20.1	-999.9	0.0	1.8	97233.6	-999.9
Ntarla	1999	10	26	299	23.2	31.6	18.7	-999.9	0.0	1.6	97311.8	-999.9
Ntarla	1999	10	27	300	22.4	29.8	16.7	-999.9	0.0	1.5	97473.7	-999.9
Ntarla	1999	10	28	301	22.4	33.0	22.1	-999.9	8.3	2.3	97303.9	-999.9
Ntarla	1999	10	29	302	18.3	34.0	23.0	-999.9	0.0	1.5	97102.0	-999.9
Ntarla	1999	10	30	303	20.7	31.7	19.1	-999.9	0.0	1.5	97269.4	-999.9
Ntarla	1999	10	31	304	21.7	31.7	19.6	-999.9	0.0	1.4	97332.7	-999.9
Ntarla	1999	11	1	305	20.9	32.9	21.2	-999.9	0.0	1.5	97342.0	-999.9
Ntarla	1999	11	2	306	19.7	33.4	22.6	-999.9	0.0	1.7	97386.6	-999.9
Ntarla	1999	11	3	307	19.3	33.2	22.3	-999.9	0.0	1.3	97394.6	-999.9
Ntarla	1999	11	4	308	18.8	33.1	21.8	-999.9	0.0	1.4	97369.2	-999.9
Ntarla	1999	11	5	309	19.8	32.9	19.6	-999.9	0.0	1.6	97314.3	-999.9
Ntarla	1999	11	6	310	20.2	33.6	21.4	-999.9	0.0	2.3	97385.6	-999.9
Ntarla	1999	11	7	311	18.8	33.2	22.3	-999.9	0.0	2.1	97357.7	-999.9
Ntarla	1999	11	8	312	17.3	32.7	22.3	-999.9	0.0	1.7	97322.5	-999.9
Ntarla	1999	11	9	313	16.8	32.2	20.5	-999.9	1.8	1.7	97279.8	-999.9
Ntarla	1999	11	10	314	17.9	31.9	21.5	-999.9	0.0	1.5	97324.9	-999.9
Ntarla	1999	11	11	315	19.0	31.7	19.0	-999.9	0.0	1.4	97423.5	-999.9
Ntarla	1999	11	12	316	20.1	32.8	20.6	-999.9	0.0	1.5	97449.6	-999.9
Ntarla	1999	11	13	317	20.4	33.5	21.3	-999.9	0.0	2.3	97372.7	-999.9
Ntarla	1999	11	14	318	19.1	33.6	21.5	-999.9	0.0	1.8	97249.5	-999.9
Ntarla	1999	11	15	319	18.8	33.4	20.5	-999.9	0.0	1.0	97181.8	-999.9
Ntarla	1999	11	16	320	18.9	33.1	20.6	-999.9	0.0	1.5	97219.7	-999.9
Ntarla	1999	11	17	321	20.9	32.3	18.9	-999.9	0.0	1.8	97351.5	-999.9
Ntarla	1999	11	18	322	20.5	31.4	18.2	-999.9	0.0	1.5	97361.5	-999.9
Ntarla	1999	11	19	323	21.9	31.8	17.5	-999.9	0.0	1.7	97283.3	-999.9
Ntarla	1999	11	20	324	21.1	32.9	20.5	-999.9	0.0	1.8	97198.6	-999.9
Ntarla	1999	11	21	325	20.8	33.2	21.0	-999.9	0.0	2.0	97188.1	-999.9
Ntarla	1999	11	22	326	19.3	33.2	20.8	-999.9	0.0	2.3	97262.2	-999.9
Ntarla	1999	11	23	327	19.2	32.7	21.0	-999.9	0.0	2.6	97192.6	-999.9
Ntarla	1999	11	24	328	17.1	32.9	21.4	-999.9	0.0	2.3	97182.6	-999.9
Ntarla	1999	11	25	329	17.9	33.1	21.0	-999.9	0.0	2.0	97198.6	-999.9
Ntarla	1999	11	26	330	18.1	33.3	20.9	-999.9	0.0	2.0	97239.2	-999.9
Ntarla	1999	11	27	331	20.1	33.5	20.8	-999.9	0.0	2.3	97246.5	-999.9
Ntarla	1999	11	28	332	17.8	32.4	20.1	-999.9	0.0	1.4	97403.2	-999.9
Ntarla	1999	11	29	333	20.1	32.7	20.3	-999.9	0.0	1.9	97448.3	-999.9
Ntarla	1999	11	30	334	19.5	32.5	20.6	-999.9	0.0	2.2	97368.2	-999.9
Ntarla	1999	12	1	335	17.7	32.4	20.7	-999.9	0.0	2.1	97352.8	-999.9
Ntarla	1999	12	2	336	18.4	32.6	20.8	-999.9	0.0	2.4	97378.8	-999.9
Ntarla	1999	12	3	337	18.4	32.5	20.8	-999.9	0.0	2.4	97399.2	-999.9
Ntarla	1999	12	4	338	17.5	31.9	20.3	-999.9	0.0	2.1	97412.3	-999.9
Ntarla	1999	12	5	339	16.4	32.3	20.8	-999.9	0.0	2.1	97441.1	-999.9
Ntarla	1999	12	6	340	16.7	32.0	20.9	-999.9	0.0	2.1	97423.2	-999.9
Ntarla	1999	12	7	341	17.0	32.2	20.7	-999.9	0.0	1.9	97468.8	-999.9
Ntarla	1999	12	8	342	17.0	32.2	20.7	-999.9	0.0	2.0	97565.4	-999.9
Ntarla	1999	12	9	343	16.4	31.7	20.8	-999.9	0.0	2.2	97550.4	-999.9
Ntarla	1999	12	10	344	16.3	31.5	20.6	-999.9	0.0	2.0	97462.5	-999.9
Ntarla	1999	12	11	345	17.3	31.7	20.5	-999.9	0.0	2.3	97516.0	-999.9
Ntarla	1999	12	12	346	18.0	31.5	20.7	-999.9	0.0	2.5	97571.3	-999.9
Ntarla	1999	12	13	347	16.3	31.2	20.8	-999.9	0.0	2.4	97618.2	-999.9
Ntarla	1999	12	14	348	16.6	31.5	20.8	-999.9	0.0	2.3	97534.9	-999.9
Ntarla	1999	12	15	349	15.7	30.7	20.6	-999.9	0.0	2.2	97403.7	-999.9
Ntarla	1999	12	16	350	14.6	30.8	20.6	-999.9	0.0	1.8	97275.3	-999.9
Ntarla	1999	12	17	351	15.5	31.3	20.4	-999.9	0.0	1.8	97285.7	-999.9
Ntarla	1999	12	18	352	16.9	30.8	20.3	-999.9	0.0	2.8	97393.4	-999.9
Ntarla	1999	12	19	353	14.4	27.4	20.5	-999.9	0.0	2.9	97488.7	-999.9
Ntarla	1999	12	20	354	12.9	27.4	20.5	-999.9	0.0	2.5	97459.6	-999.9
Ntarla	1999	12	21	355	13.5	27.8	20.2	-999.9	0.0	2.3	97429.7	-999.9
Ntarla	1999	12	22	356	14.2	29.8	20.4	-999.9	0.0	2.1	97436.7	-999.9
Ntarla	1999	12	23	357	15.2	30.9	19.5	-999.9	0.0	2.0	97344.3	-999.9
Ntarla	1999	12	24	358	17.1	32.6	19.5	-999.9	0.0	1.9	97295.8	-999.9
Ntarla	1999	12	25	359	17.5	32.3	20.2	-999.9	0.0	2.5	97363.5	-999.9
Ntarla	1999	12	26	360	17.8	30.5	18.6	-999.9	0.0	2.9	97540.9	-999.9
Ntarla	1999	12	27	361	17.7	30.6	18.9	-999.9	0.0	2.5	97627.0	-999.9
Ntarla	1999	12	28	362	16.7	30.7	20.5	-999.9	0.0	2.1	97528.8	-999.9
Ntarla	1999	12	29	363	16.2	31.4	20.5	-999.9	0.0	1.9	97359.9	-999.9
Ntarla	1999	12	30	364	13.9	31.8	20.5	-999.9	0.0	1.7	97142.6	-999.9
Ntarla	1999	12	31	365	14.4	33.1	20.4	-999.9	0.0	1.4	96954.9	-999.9
