Ntarla	2024	1	1	1	15.5	33.4	20.7	-999.9	0.0	2.0	97507.5	-999.9
Ntarla	2024	1	2	2	15.5	33.5	20.7	-999.9	0.0	2.0	97615.5	-999.9
Ntarla	2024	1	3	3	16.3	33.8	20.7	-999.9	0.0	1.8	97546.6	-999.9
Ntarla	2024	1	4	4	16.4	33.9	20.6	-999.9	0.0	2.0	97521.2	-999.9
Ntarla	2024	1	5	5	17.3	34.1	20.7	-999.9	0.0	2.0	97457.9	-999.9
Ntarla	2024	1	6	6	19.8	33.4	18.6	-999.9	0.1	2.2	97477.4	-999.9
Ntarla	2024	1	7	7	17.2	34.2	19.4	-999.9	0.0	1.9	97454.3	-999.9
Ntarla	2024	1	8	8	18.5	34.3	20.4	-999.9	0.0	2.1	97381.4	-999.9
Ntarla	2024	1	9	9	17.4	34.7	20.6	-999.9	0.0	2.0	97355.9	-999.9
Ntarla	2024	1	10	10	18.2	35.7	20.5	-999.9	0.0	2.0	97391.7	-999.9
Ntarla	2024	1	11	11	17.7	35.6	20.7	-999.9	0.0	2.1	97348.7	-999.9
Ntarla	2024	1	12	12	19.5	35.1	20.9	-999.9	0.0	2.6	97407.6	-999.9
Ntarla	2024	1	13	13	20.1	34.3	21.1	-999.9	0.0	2.7	97534.3	-999.9
Ntarla	2024	1	14	14	18.0	33.6	21.2	-999.9	0.0	2.2	97565.0	-999.9
Ntarla	2024	1	15	15	17.8	34.3	21.2	-999.9	0.0	2.2	97609.3	-999.9
Ntarla	2024	1	16	16	17.4	34.3	21.3	-999.9	0.0	2.1	97678.1	-999.9
Ntarla	2024	1	17	17	18.6	33.6	21.5	-999.9	0.0	2.4	97665.8	-999.9
Ntarla	2024	1	18	18	16.7	32.9	21.7	-999.9	0.0	1.7	97532.9	-999.9
Ntarla	2024	1	19	19	16.1	34.2	21.5	-999.9	0.0	1.6	97507.0	-999.9
Ntarla	2024	1	20	20	15.8	35.0	21.4	-999.9	0.0	1.6	97548.3	-999.9
Ntarla	2024	1	21	21	17.1	35.1	21.6	-999.9	0.0	2.1	97620.4	-999.9
Ntarla	2024	1	22	22	17.8	33.7	21.6	-999.9	0.0	2.4	97658.5	-999.9
Ntarla	2024	1	23	23	17.7	33.8	22.0	-999.9	0.0	2.6	97628.4	-999.9
Ntarla	2024	1	24	24	17.5	34.1	22.0	-999.9	0.0	2.6	97657.5	-999.9
Ntarla	2024	1	25	25	18.4	33.3	21.8	-999.9	0.0	2.9	97686.0	-999.9
Ntarla	2024	1	26	26	18.1	32.1	21.9	-999.9	0.0	2.7	97735.4	-999.9
Ntarla	2024	1	27	27	17.5	31.4	22.0	-999.9	0.0	2.6	97713.4	-999.9
Ntarla	2024	1	28	28	16.7	31.4	22.0	-999.9	0.0	2.2	97656.5	-999.9
Ntarla	2024	1	29	29	17.0	32.2	22.2	-999.9	0.0	2.2	97610.1	-999.9
Ntarla	2024	1	30	30	17.1	33.0	22.0	-999.9	0.0	2.3	97565.7	-999.9
Ntarla	2024	1	31	31	18.5	33.8	21.4	-999.9	0.0	2.4	97597.9	-999.9
Ntarla	2024	2	1	32	21.1	34.0	21.2	-999.9	0.5	2.7	97725.9	-999.9
Ntarla	2024	2	2	33	21.2	32.9	19.7	-999.9	0.0	2.9	97643.1	-999.9
Ntarla	2024	2	3	34	19.3	33.0	21.8	-999.9	0.0	2.5	97520.6	-999.9
Ntarla	2024	2	4	35	19.2	33.2	22.1	-999.9	0.0	2.8	97575.3	-999.9
Ntarla	2024	2	5	36	19.4	33.6	22.1	-999.9	0.0	2.8	97708.0	-999.9
Ntarla	2024	2	6	37	18.1	33.0	22.2	-999.9	0.0	2.8	97783.9	-999.9
Ntarla	2024	2	7	38	18.1	33.8	22.3	-999.9	0.0	2.6	97751.0	-999.9
Ntarla	2024	2	8	39	19.6	34.9	22.3	-999.9	0.0	2.4	97600.9	-999.9
Ntarla	2024	2	9	40	19.2	35.3	22.1	-999.9	0.0	1.9	97522.9	-999.9
Ntarla	2024	2	10	41	17.8	36.6	22.5	-999.9	0.0	2.0	97415.1	-999.9
Ntarla	2024	2	11	42	17.9	37.1	22.8	-999.9	0.0	1.9	97306.0	-999.9
Ntarla	2024	2	12	43	19.0	37.4	22.8	-999.9	0.0	2.0	97305.2	-999.9
Ntarla	2024	2	13	44	21.9	38.0	22.4	-999.9	0.0	2.3	97392.9	-999.9
Ntarla	2024	2	14	45	20.8	38.0	23.1	-999.9	0.0	2.3	97421.1	-999.9
Ntarla	2024	2	15	46	20.5	37.8	22.9	-999.9	0.0	2.5	97410.7	-999.9
Ntarla	2024	2	16	47	22.2	36.9	23.0	-999.9	0.0	2.5	97363.8	-999.9
Ntarla	2024	2	17	48	21.5	36.5	23.1	-999.9	0.0	2.2	97367.2	-999.9
Ntarla	2024	2	18	49	19.2	36.5	21.8	-999.9	0.0	2.0	97329.0	-999.9
Ntarla	2024	2	19	50	19.8	36.0	23.1	-999.9	0.0	2.8	97360.3	-999.9
Ntarla	2024	2	20	51	19.9	34.1	23.5	-999.9	0.0	2.8	97304.6	-999.9
Ntarla	2024	2	21	52	19.1	34.0	23.7	-999.9	0.0	2.6	97234.3	-999.9
Ntarla	2024	2	22	53	18.7	33.2	23.9	-999.9	0.0	2.8	97265.6	-999.9
Ntarla	2024	2	23	54	18.2	33.9	24.2	-999.9	0.0	2.5	97335.9	-999.9
Ntarla	2024	2	24	55	18.4	35.2	24.0	-999.9	0.0	2.3	97380.2	-999.9
Ntarla	2024	2	25	56	19.5	36.9	23.8	-999.9	0.0	2.0	97352.2	-999.9
Ntarla	2024	2	26	57	20.1	37.8	23.0	-999.9	0.0	1.8	97184.2	-999.9
Ntarla	2024	2	27	58	24.2	36.8	19.5	-999.9	0.0	1.5	97094.5	-999.9
Ntarla	2024	2	28	59	25.5	37.7	20.6	-999.9	0.0	1.2	97050.6	-999.9
Ntarla	2024	2	29	60	23.8	37.2	23.4	-999.9	0.0	1.9	97149.2	-999.9
Ntarla	2024	3	1	61	21.9	37.8	24.0	-999.9	0.0	1.8	97100.2	-999.9
Ntarla	2024	3	2	62	22.8	38.2	24.0	-999.9	0.0	1.8	97155.2	-999.9
Ntarla	2024	3	3	63	24.3	38.8	23.9	-999.9	0.0	1.7	97191.1	-999.9
Ntarla	2024	3	4	64	22.3	37.9	24.0	-999.9	0.0	2.1	97254.9	-999.9
Ntarla	2024	3	5	65	23.2	38.6	23.6	-999.9	0.0	2.7	97254.6	-999.9
Ntarla	2024	3	6	66	24.2	38.9	24.3	-999.9	0.0	2.4	97273.8	-999.9
Ntarla	2024	3	7	67	24.1	39.0	24.4	-999.9	0.0	2.1	97232.8	-999.9
Ntarla	2024	3	8	68	22.5	38.3	23.6	-999.9	0.0	1.5	97141.4	-999.9
Ntarla	2024	3	9	69	24.7	37.4	20.2	-999.9	0.0	1.7	97121.1	-999.9
Ntarla	2024	3	10	70	26.7	39.4	22.1	-999.9	0.0	1.5	97078.0	-999.9
Ntarla	2024	3	11	71	26.2	40.1	24.0	-999.9	0.0	2.1	97201.3	-999.9
Ntarla	2024	3	12	72	24.3	39.5	23.8	-999.9	0.0	1.8	97290.7	-999.9
Ntarla	2024	3	13	73	26.9	41.0	24.3	-999.9	0.0	2.4	97179.8	-999.9
Ntarla	2024	3	14	74	24.7	39.3	23.2	-999.9	0.0	1.8	97154.9	-999.9
Ntarla	2024	3	15	75	24.1	38.5	22.9	-999.9	0.0	1.6	97198.6	-999.9
Ntarla	2024	3	16	76	24.8	39.7	25.3	-999.9	0.0	2.6	97167.1	-999.9
Ntarla	2024	3	17	77	24.2	39.3	25.5	-999.9	0.0	2.2	97100.4	-999.9
Ntarla	2024	3	18	78	23.2	40.0	25.4	-999.9	0.0	2.3	96945.3	-999.9
Ntarla	2024	3	19	79	23.2	39.4	24.9	-999.9	0.0	2.4	96859.1	-999.9
Ntarla	2024	3	20	80	24.5	38.2	22.5	-999.9	0.0	2.1	96890.5	-999.9
Ntarla	2024	3	21	81	25.9	37.8	20.6	-999.9	0.0	1.2	96977.0	-999.9
Ntarla	2024	3	22	82	27.4	38.6	22.3	-999.9	0.0	2.0	96903.1	-999.9
Ntarla	2024	3	23	83	26.7	37.8	21.6	-999.9	0.0	2.0	96910.4	-999.9
Ntarla	2024	3	24	84	26.3	36.7	22.0	-999.9	4.5	2.2	97072.6	-999.9
Ntarla	2024	3	25	85	26.2	37.7	22.9	-999.9	0.0	2.9	97128.6	-999.9
Ntarla	2024	3	26	86	25.1	38.1	24.1	-999.9	0.0	1.4	97128.7	-999.9
Ntarla	2024	3	27	87	25.2	39.0	24.8	-999.9	0.0	1.8	97083.1	-999.9
Ntarla	2024	3	28	88	28.6	40.1	24.7	-999.9	0.0	2.0	97137.5	-999.9
Ntarla	2024	3	29	89	27.5	40.9	25.0	-999.9	0.0	1.4	97062.8	-999.9
Ntarla	2024	3	30	90	27.1	40.1	22.2	-999.9	0.0	1.6	96957.7	-999.9
Ntarla	2024	3	31	91	28.7	40.9	23.8	-999.9	0.0	2.1	97017.4	-999.9
Ntarla	2024	4	1	92	27.1	40.9	22.3	-999.9	0.0	2.2	97077.9	-999.9
Ntarla	2024	4	2	93	28.5	41.1	23.1	-999.9	0.0	2.3	97021.0	-999.9
Ntarla	2024	4	3	94	26.3	40.8	23.6	-999.9	0.0	2.1	96825.0	-999.9
Ntarla	2024	4	4	95	28.3	40.0	23.5	-999.9	0.0	2.4	96824.6	-999.9
Ntarla	2024	4	5	96	29.4	39.8	23.0	-999.9	0.0	2.4	96903.2	-999.9
Ntarla	2024	4	6	97	29.6	38.9	22.2	-999.9	4.3	2.6	97048.0	-999.9
Ntarla	2024	4	7	98	27.1	37.9	23.9	-999.9	0.0	1.8	97145.0	-999.9
Ntarla	2024	4	8	99	27.4	38.9	21.5	-999.9	0.0	2.1	96977.5	-999.9
Ntarla	2024	4	9	100	26.9	38.9	23.9	-999.9	0.0	2.3	96880.8	-999.9
Ntarla	2024	4	10	101	27.3	37.9	22.2	-999.9	2.2	2.0	97024.3	-999.9
Ntarla	2024	4	11	102	26.5	37.2	23.3	-999.9	2.7	1.5	97127.0	-999.9
Ntarla	2024	4	12	103	27.5	37.3	20.1	-999.9	0.0	2.1	97141.0	-999.9
Ntarla	2024	4	13	104	25.2	38.7	23.4	-999.9	0.0	2.2	97144.1	-999.9
Ntarla	2024	4	14	105	24.3	37.3	26.4	-999.9	0.0	2.4	97269.7	-999.9
Ntarla	2024	4	15	106	24.1	37.6	26.4	-999.9	0.0	2.7	97341.9	-999.9
Ntarla	2024	4	16	107	25.0	38.4	25.2	-999.9	0.0	2.5	97248.0	-999.9
Ntarla	2024	4	17	108	26.1	39.9	25.8	-999.9	0.0	2.4	97116.9	-999.9
Ntarla	2024	4	18	109	26.7	40.8	26.0	-999.9	0.0	2.4	97091.6	-999.9
Ntarla	2024	4	19	110	26.5	41.7	26.3	-999.9	0.0	2.0	97003.1	-999.9
Ntarla	2024	4	20	111	25.0	40.3	25.6	-999.9	0.0	1.8	96895.7	-999.9
Ntarla	2024	4	21	112	29.0	39.8	23.3	-999.9	0.0	3.0	96785.7	-999.9
Ntarla	2024	4	22	113	28.8	38.5	23.2	-999.9	1.2	2.8	96988.5	-999.9
Ntarla	2024	4	23	114	28.8	41.1	25.2	-999.9	0.0	2.1	96962.3	-999.9
Ntarla	2024	4	24	115	28.9	40.8	23.7	-999.9	0.0	2.0	96962.1	-999.9
Ntarla	2024	4	25	116	29.6	39.9	23.2	-999.9	0.0	2.0	96915.1	-999.9
Ntarla	2024	4	26	117	29.9	39.1	23.2	-999.9	0.0	2.2	96804.1	-999.9
Ntarla	2024	4	27	118	29.7	39.7	23.2	-999.9	0.0	2.2	96784.5	-999.9
Ntarla	2024	4	28	119	29.4	38.6	23.8	-999.9	0.0	2.1	96960.3	-999.9
Ntarla	2024	4	29	120	27.9	40.1	25.5	-999.9	0.0	3.4	97128.5	-999.9
Ntarla	2024	4	30	121	29.1	40.1	25.7	-999.9	0.0	3.8	97057.6	-999.9
Ntarla	2024	5	1	122	28.3	40.5	26.2	-999.9	0.0	3.1	96951.0	-999.9
Ntarla	2024	5	2	123	28.1	40.7	26.3	-999.9	0.0	2.3	96914.1	-999.9
Ntarla	2024	5	3	124	27.2	39.8	24.6	-999.9	0.0	1.7	97051.8	-999.9
Ntarla	2024	5	4	125	28.0	40.4	24.5	-999.9	0.0	1.8	97093.4	-999.9
Ntarla	2024	5	5	126	27.9	40.7	24.5	-999.9	0.0	2.1	96876.7	-999.9
Ntarla	2024	5	6	127	28.2	39.5	24.5	-999.9	0.0	2.7	96809.8	-999.9
Ntarla	2024	5	7	128	29.3	36.5	17.8	-999.9	0.0	2.3	97064.8	-999.9
Ntarla	2024	5	8	129	28.3	40.0	24.7	-999.9	0.0	1.8	96993.5	-999.9
Ntarla	2024	5	9	130	29.8	40.1	24.2	-999.9	3.6	2.4	96972.3	-999.9
Ntarla	2024	5	10	131	28.5	39.4	24.9	-999.9	0.0	2.2	96885.4	-999.9
Ntarla	2024	5	11	132	28.9	40.5	24.6	-999.9	0.0	2.8	96859.7	-999.9
Ntarla	2024	5	12	133	30.1	39.8	25.0	-999.9	0.0	3.2	96959.3	-999.9
Ntarla	2024	5	13	134	28.8	38.4	24.5	-999.9	0.0	2.7	97078.3	-999.9
Ntarla	2024	5	14	135	28.9	35.4	22.5	-999.9	0.0	2.3	97094.9	-999.9
Ntarla	2024	5	15	136	26.6	38.6	24.7	-999.9	3.8	2.0	97137.0	-999.9
Ntarla	2024	5	16	137	26.1	37.2	23.0	-999.9	10.3	1.7	97329.3	-999.9
Ntarla	2024	5	17	138	26.2	34.9	21.1	-999.9	1.8	1.6	97447.9	-999.9
Ntarla	2024	5	18	139	27.8	38.7	24.0	-999.9	0.3	1.9	97190.6	-999.9
Ntarla	2024	5	19	140	27.4	37.0	23.0	-999.9	3.2	2.5	97078.5	-999.9
Ntarla	2024	5	20	141	28.6	38.8	24.1	-999.9	0.0	2.8	97040.3	-999.9
Ntarla	2024	5	21	142	29.5	38.5	22.9	-999.9	0.0	2.3	97181.9	-999.9
Ntarla	2024	5	22	143	28.0	37.6	23.0	-999.9	6.7	1.8	97217.3	-999.9
Ntarla	2024	5	23	144	27.9	37.5	24.6	-999.9	0.0	2.4	97127.6	-999.9
Ntarla	2024	5	24	145	28.0	38.1	25.0	-999.9	0.0	2.2	97151.9	-999.9
Ntarla	2024	5	25	146	29.1	39.3	24.6	-999.9	10.1	3.0	97093.9	-999.9
Ntarla	2024	5	26	147	27.6	37.7	23.2	-999.9	0.0	2.8	97254.8	-999.9
Ntarla	2024	5	27	148	27.2	36.9	25.1	-999.9	0.0	2.1	97387.4	-999.9
Ntarla	2024	5	28	149	29.2	38.8	24.5	-999.9	11.6	2.2	97301.1	-999.9
Ntarla	2024	5	29	150	29.8	38.7	23.9	-999.9	0.0	2.9	97266.8	-999.9
Ntarla	2024	5	30	151	29.0	38.7	25.2	-999.9	0.0	2.8	97129.5	-999.9
Ntarla	2024	5	31	152	29.0	38.7	24.9	-999.9	0.0	3.5	97104.2	-999.9
Ntarla	2024	6	1	153	28.3	38.2	24.6	-999.9	4.1	2.8	97273.6	-999.9
Ntarla	2024	6	2	154	25.6	36.1	19.5	-999.9	4.1	2.4	97364.0	-999.9
Ntarla	2024	6	3	155	27.0	37.3	24.3	-999.9	8.3	2.6	97353.3	-999.9
Ntarla	2024	6	4	156	25.3	35.7	17.8	-999.9	4.1	2.1	97294.2	-999.9
Ntarla	2024	6	5	157	27.6	37.2	24.6	-999.9	0.0	2.4	97270.1	-999.9
Ntarla	2024	6	6	158	27.2	37.7	24.1	-999.9	0.0	2.7	97227.6	-999.9
Ntarla	2024	6	7	159	28.7	37.0	24.2	-999.9	13.5	2.2	97443.5	-999.9
Ntarla	2024	6	8	160	26.6	35.1	21.5	-999.9	4.5	2.4	97492.8	-999.9
Ntarla	2024	6	9	161	26.7	37.3	24.4	-999.9	4.5	2.6	97307.9	-999.9
Ntarla	2024	6	10	162	25.4	36.0	22.8	-999.9	0.0	2.5	97356.6	-999.9
Ntarla	2024	6	11	163	26.6	36.4	24.7	-999.9	0.4	2.5	97348.5	-999.9
Ntarla	2024	6	12	164	27.5	36.3	23.9	-999.9	0.0	2.4	97289.2	-999.9
Ntarla	2024	6	13	165	27.7	35.1	21.7	-999.9	0.0	1.7	97302.4	-999.9
Ntarla	2024	6	14	166	25.8	34.6	22.3	-999.9	3.5	2.3	97295.6	-999.9
Ntarla	2024	6	15	167	25.1	34.9	22.2	-999.9	25.6	2.3	97288.2	-999.9
Ntarla	2024	6	16	168	25.6	32.1	13.7	-999.9	0.0	2.2	97206.9	-999.9
Ntarla	2024	6	17	169	23.8	30.7	18.7	-999.9	0.0	2.1	97322.7	-999.9
Ntarla	2024	6	18	170	24.7	33.8	23.9	-999.9	0.0	1.8	97377.3	-999.9
Ntarla	2024	6	19	171	26.3	35.3	24.1	-999.9	15.8	2.5	97251.8	-999.9
Ntarla	2024	6	20	172	26.0	34.6	24.5	-999.9	15.8	2.3	97190.2	-999.9
Ntarla	2024	6	21	173	26.1	35.1	23.4	-999.9	12.1	2.3	97310.7	-999.9
Ntarla	2024	6	22	174	25.9	35.3	24.3	-999.9	0.0	1.9	97315.6	-999.9
Ntarla	2024	6	23	175	26.3	35.6	24.3	-999.9	0.0	2.0	97270.8	-999.9
Ntarla	2024	6	24	176	26.7	35.9	22.8	-999.9	12.1	2.4	97211.2	-999.9
Ntarla	2024	6	25	177	24.6	32.4	20.5	-999.9	0.0	2.3	97276.2	-999.9
Ntarla	2024	6	26	178	26.3	33.3	22.4	-999.9	0.0	2.5	97243.4	-999.9
Ntarla	2024	6	27	179	24.8	35.1	24.5	-999.9	10.1	2.5	97188.3	-999.9
Ntarla	2024	6	28	180	24.6	33.1	22.3	-999.9	15.2	2.4	97291.9	-999.9
Ntarla	2024	6	29	181	25.4	33.8	24.6	-999.9	0.0	2.6	97233.3	-999.9
Ntarla	2024	6	30	182	26.4	31.4	17.6	-999.9	10.1	2.1	97259.8	-999.9
Ntarla	2024	7	1	183	24.8	32.0	22.5	-999.9	0.0	1.8	97395.1	-999.9
Ntarla	2024	7	2	184	24.8	32.6	23.1	-999.9	0.0	3.2	97356.4	-999.9
Ntarla	2024	7	3	185	26.0	31.6	16.7	-999.9	12.3	4.0	97180.8	-999.9
Ntarla	2024	7	4	186	23.4	26.6	9.4	-999.9	24.5	3.0	97322.2	-999.9
Ntarla	2024	7	5	187	23.0	30.8	21.2	-999.9	0.0	1.8	97446.8	-999.9
Ntarla	2024	7	6	188	23.8	31.7	23.5	-999.9	6.7	1.8	97385.7	-999.9
Ntarla	2024	7	7	189	24.6	30.1	17.3	-999.9	6.7	2.5	97335.0	-999.9
Ntarla	2024	7	8	190	24.2	31.3	20.6	-999.9	0.0	2.5	97281.7	-999.9
Ntarla	2024	7	9	191	24.3	31.4	21.5	-999.9	20.0	2.3	97237.4	-999.9
Ntarla	2024	7	10	192	22.9	30.3	17.5	-999.9	0.0	1.8	97380.4	-999.9
Ntarla	2024	7	11	193	24.1	32.5	23.4	-999.9	4.7	2.1	97434.5	-999.9
Ntarla	2024	7	12	194	25.1	31.3	21.6	-999.9	4.7	2.4	97364.4	-999.9
Ntarla	2024	7	13	195	23.8	30.7	20.3	-999.9	9.5	1.9	97422.4	-999.9
Ntarla	2024	7	14	196	23.8	31.0	20.5	-999.9	0.0	2.2	97502.4	-999.9
Ntarla	2024	7	15	197	24.2	30.3	16.8	-999.9	18.9	2.2	97573.2	-999.9
Ntarla	2024	7	16	198	24.1	28.3	12.5	-999.9	10.9	1.4	97522.0	-999.9
Ntarla	2024	7	17	199	23.5	30.7	21.4	-999.9	10.9	1.6	97477.5	-999.9
Ntarla	2024	7	18	200	23.4	29.9	17.2	-999.9	21.8	1.6	97456.6	-999.9
Ntarla	2024	7	19	201	23.4	30.8	20.4	-999.9	0.0	2.2	97460.0	-999.9
Ntarla	2024	7	20	202	24.5	31.9	22.9	-999.9	21.8	2.4	97254.1	-999.9
Ntarla	2024	7	21	203	25.0	30.7	18.8	-999.9	7.9	2.5	97304.1	-999.9
Ntarla	2024	7	22	204	24.1	29.1	12.3	-999.9	23.7	2.1	97516.3	-999.9
Ntarla	2024	7	23	205	23.5	29.0	14.7	-999.9	0.0	1.9	97636.7	-999.9
Ntarla	2024	7	24	206	23.6	28.9	15.9	-999.9	23.7	2.0	97612.7	-999.9
Ntarla	2024	7	25	207	23.6	30.2	19.6	-999.9	0.0	2.4	97502.0	-999.9
Ntarla	2024	7	26	208	23.5	29.3	15.4	-999.9	11.3	2.5	97472.7	-999.9
Ntarla	2024	7	27	209	23.0	31.1	20.6	-999.9	0.0	2.1	97447.6	-999.9
Ntarla	2024	7	28	210	24.3	31.4	20.9	-999.9	33.9	2.2	97443.1	-999.9
Ntarla	2024	7	29	211	23.3	25.7	9.0	-999.9	0.0	2.3	97361.1	-999.9
Ntarla	2024	7	30	212	22.9	29.0	18.8	-999.9	0.0	2.8	97363.9	-999.9
Ntarla	2024	7	31	213	23.2	30.1	17.5	-999.9	0.0	2.5	97323.1	-999.9
Ntarla	2024	8	1	214	24.6	30.5	19.9	-999.9	13.4	2.3	97228.0	-999.9
Ntarla	2024	8	2	215	23.7	27.8	14.6	-999.9	13.4	2.5	97283.0	-999.9
Ntarla	2024	8	3	216	23.7	30.0	19.4	-999.9	0.0	2.4	97420.7	-999.9
Ntarla	2024	8	4	217	23.5	29.6	17.0	-999.9	13.4	2.5	97571.6	-999.9
Ntarla	2024	8	5	218	23.5	28.7	16.0	-999.9	13.4	2.1	97502.1	-999.9
Ntarla	2024	8	6	219	23.3	30.1	20.3	-999.9	13.1	2.3	97355.2	-999.9
Ntarla	2024	8	7	220	24.1	30.0	20.1	-999.9	26.2	2.6	97264.1	-999.9
Ntarla	2024	8	8	221	23.7	31.1	18.3	-999.9	52.4	2.2	97169.3	-999.9
Ntarla	2024	8	9	222	23.0	28.9	16.7	-999.9	0.0	2.2	97343.1	-999.9
Ntarla	2024	8	10	223	23.3	30.4	20.7	-999.9	13.1	1.9	97371.3	-999.9
Ntarla	2024	8	11	224	23.7	29.7	19.0	-999.9	0.0	2.8	97336.1	-999.9
Ntarla	2024	8	12	225	24.5	29.8	17.2	-999.9	74.5	2.5	97207.9	-999.9
Ntarla	2024	8	13	226	23.4	25.8	7.2	-999.9	18.6	2.2	97155.8	-999.9
Ntarla	2024	8	14	227	22.7	29.2	19.0	-999.9	18.6	3.3	97278.6	-999.9
Ntarla	2024	8	15	228	23.7	28.3	14.6	-999.9	0.0	2.7	97452.1	-999.9
Ntarla	2024	8	16	229	23.4	29.7	20.8	-999.9	23.1	2.7	97367.7	-999.9
Ntarla	2024	8	17	230	23.5	25.2	9.0	-999.9	11.6	3.2	97172.3	-999.9
Ntarla	2024	8	18	231	23.5	28.8	16.4	-999.9	0.0	3.0	97427.3	-999.9
Ntarla	2024	8	19	232	23.4	29.7	18.0	-999.9	0.0	2.1	97546.5	-999.9
Ntarla	2024	8	20	233	22.5	25.3	7.6	-999.9	23.1	1.5	97422.4	-999.9
Ntarla	2024	8	21	234	22.2	28.3	17.1	-999.9	20.2	2.6	97392.1	-999.9
Ntarla	2024	8	22	235	22.7	29.4	18.9	-999.9	0.1	2.2	97454.8	-999.9
Ntarla	2024	8	23	236	23.7	31.3	20.8	-999.9	0.4	2.2	97200.0	-999.9
Ntarla	2024	8	24	237	23.4	27.8	13.2	-999.9	20.8	1.8	97246.2	-999.9
Ntarla	2024	8	25	238	23.4	29.6	18.1	-999.9	3.3	2.6	97531.9	-999.9
Ntarla	2024	8	26	239	23.2	30.9	19.9	-999.9	0.0	2.6	97393.4	-999.9
Ntarla	2024	8	27	240	25.4	29.8	14.5	-999.9	4.8	2.9	97137.9	-999.9
Ntarla	2024	8	28	241	24.1	29.0	17.1	-999.9	16.2	2.7	97338.2	-999.9
Ntarla	2024	8	29	242	23.0	27.9	16.3	-999.9	6.2	2.6	97503.3	-999.9
Ntarla	2024	8	30	243	23.4	29.1	17.6	-999.9	11.3	2.4	97364.7	-999.9
Ntarla	2024	8	31	244	22.8	28.0	13.0	-999.9	4.1	2.1	97292.1	-999.9
Ntarla	2024	9	1	245	23.1	28.0	11.1	-999.9	0.0	2.6	97244.5	-999.9
Ntarla	2024	9	2	246	23.5	29.4	18.0	-999.9	0.0	2.7	97284.6	-999.9
Ntarla	2024	9	3	247	23.4	29.7	18.5	-999.9	14.4	2.2	97305.8	-999.9
Ntarla	2024	9	4	248	22.7	28.7	13.5	-999.9	57.5	2.8	97266.5	-999.9
Ntarla	2024	9	5	249	22.7	28.2	13.5	-999.9	0.0	3.0	97200.6	-999.9
Ntarla	2024	9	6	250	23.1	28.3	16.2	-999.9	0.0	3.1	97268.7	-999.9
Ntarla	2024	9	7	251	22.4	29.0	19.4	-999.9	0.0	2.1	97459.4	-999.9
Ntarla	2024	9	8	252	22.2	26.4	8.6	-999.9	22.8	1.6	97414.3	-999.9
Ntarla	2024	9	9	253	21.7	28.7	17.2	-999.9	15.2	1.7	97534.7	-999.9
Ntarla	2024	9	10	254	22.3	30.0	21.2	-999.9	0.0	1.7	97493.2	-999.9
Ntarla	2024	9	11	255	22.8	30.6	21.2	-999.9	3.2	1.7	97323.0	-999.9
Ntarla	2024	9	12	256	22.6	29.8	21.0	-999.9	24.8	1.8	97375.2	-999.9
Ntarla	2024	9	13	257	23.4	29.5	20.3	-999.9	1.3	1.9	97469.6	-999.9
Ntarla	2024	9	14	258	23.4	29.9	19.7	-999.9	3.6	1.3	97539.7	-999.9
Ntarla	2024	9	15	259	22.3	30.2	21.1	-999.9	5.0	1.0	97450.5	-999.9
Ntarla	2024	9	16	260	22.9	29.6	20.6	-999.9	0.0	1.5	97517.7	-999.9
Ntarla	2024	9	17	261	22.2	30.1	22.4	-999.9	0.0	1.6	97465.4	-999.9
Ntarla	2024	9	18	262	22.4	29.2	17.4	-999.9	22.1	1.0	97398.6	-999.9
Ntarla	2024	9	19	263	22.0	30.2	21.0	-999.9	11.1	1.3	97312.7	-999.9
Ntarla	2024	9	20	264	22.6	28.6	16.3	-999.9	0.0	1.4	97260.1	-999.9
Ntarla	2024	9	21	265	22.7	29.4	19.1	-999.9	0.0	1.4	97271.1	-999.9
Ntarla	2024	9	22	266	22.0	31.0	22.6	-999.9	0.0	0.9	97312.2	-999.9
Ntarla	2024	9	23	267	22.3	29.5	18.3	-999.9	15.6	1.2	97271.8	-999.9
Ntarla	2024	9	24	268	22.6	29.3	17.3	-999.9	15.6	1.9	97328.6	-999.9
Ntarla	2024	9	25	269	22.1	29.6	20.2	-999.9	15.6	1.2	97475.9	-999.9
Ntarla	2024	9	26	270	22.8	29.0	15.9	-999.9	11.0	1.1	97506.3	-999.9
Ntarla	2024	9	27	271	21.9	30.7	21.2	-999.9	5.5	1.2	97431.8	-999.9
Ntarla	2024	9	28	272	21.6	31.0	23.5	-999.9	0.0	1.2	97355.6	-999.9
Ntarla	2024	9	29	273	22.5	31.3	23.0	-999.9	0.0	1.1	97398.1	-999.9
Ntarla	2024	9	30	274	23.1	31.5	23.0	-999.9	16.5	1.3	97297.0	-999.9
Ntarla	2024	10	1	275	22.3	31.8	22.8	-999.9	0.0	1.2	97149.5	-999.9
Ntarla	2024	10	2	276	23.1	30.6	21.2	-999.9	4.1	1.2	97180.3	-999.9
Ntarla	2024	10	3	277	23.0	30.7	21.5	-999.9	0.0	1.3	97297.7	-999.9
Ntarla	2024	10	4	278	23.4	31.8	22.6	-999.9	0.0	1.9	97343.0	-999.9
Ntarla	2024	10	5	279	23.1	30.7	19.3	-999.9	16.3	2.1	97291.7	-999.9
Ntarla	2024	10	6	280	22.4	29.1	16.0	-999.9	17.8	1.2	97355.2	-999.9
Ntarla	2024	10	7	281	22.4	27.7	11.9	-999.9	8.9	1.3	97359.5	-999.9
Ntarla	2024	10	8	282	22.1	27.3	12.2	-999.9	26.7	2.4	97525.9	-999.9
Ntarla	2024	10	9	283	21.0	30.8	21.6	-999.9	0.0	1.1	97561.8	-999.9
Ntarla	2024	10	10	284	21.6	31.2	22.0	-999.9	8.9	1.2	97425.4	-999.9
Ntarla	2024	10	11	285	24.0	30.8	21.4	-999.9	0.0	1.4	97474.5	-999.9
Ntarla	2024	10	12	286	22.6	31.3	22.7	-999.9	6.1	2.1	97502.4	-999.9
Ntarla	2024	10	13	287	22.9	31.8	22.9	-999.9	6.1	2.0	97417.2	-999.9
Ntarla	2024	10	14	288	21.9	30.1	19.7	-999.9	12.2	1.6	97478.8	-999.9
Ntarla	2024	10	15	289	22.3	30.8	21.9	-999.9	6.1	1.1	97441.7	-999.9
Ntarla	2024	10	16	290	22.8	31.1	21.6	-999.9	0.0	1.5	97508.7	-999.9
Ntarla	2024	10	17	291	22.2	32.0	22.6	-999.9	20.6	1.3	97479.2	-999.9
Ntarla	2024	10	18	292	22.5	31.8	21.9	-999.9	0.0	1.4	97437.6	-999.9
Ntarla	2024	10	19	293	22.8	32.0	22.6	-999.9	0.0	1.4	97413.5	-999.9
Ntarla	2024	10	20	294	21.4	32.6	22.5	-999.9	0.0	1.5	97334.0	-999.9
Ntarla	2024	10	21	295	22.2	32.6	22.6	-999.9	0.0	1.4	97314.5	-999.9
Ntarla	2024	10	22	296	22.5	32.0	20.6	-999.9	0.0	1.1	97349.9	-999.9
Ntarla	2024	10	23	297	22.8	31.4	19.9	-999.9	19.9	1.2	97396.4	-999.9
Ntarla	2024	10	24	298	23.1	29.6	14.0	-999.9	0.0	1.0	97501.4	-999.9
Ntarla	2024	10	25	299	22.3	32.8	22.4	-999.9	0.0	1.6	97372.9	-999.9
Ntarla	2024	10	26	300	20.8	32.3	21.7	-999.9	0.0	1.3	97347.9	-999.9
Ntarla	2024	10	27	301	22.5	32.9	21.2	-999.9	0.0	1.7	97308.9	-999.9
Ntarla	2024	10	28	302	20.1	32.9	22.4	-999.9	0.0	1.6	97260.2	-999.9
Ntarla	2024	10	29	303	20.7	32.5	21.1	-999.9	0.0	1.5	97284.1	-999.9
Ntarla	2024	10	30	304	19.1	32.8	22.3	-999.9	0.0	1.6	97339.1	-999.9
Ntarla	2024	10	31	305	20.5	33.2	22.2	-999.9	0.0	1.6	97367.4	-999.9
Ntarla	2024	11	1	306	20.4	33.4	22.3	-999.9	0.0	1.4	97319.5	-999.9
Ntarla	2024	11	2	307	19.9	33.8	21.8	-999.9	0.0	1.3	97184.2	-999.9
Ntarla	2024	11	3	308	20.8	33.7	22.1	-999.9	0.0	1.6	97370.6	-999.9
Ntarla	2024	11	4	309	19.3	32.9	22.3	-999.9	0.0	1.9	97483.5	-999.9
Ntarla	2024	11	5	310	18.6	32.9	22.5	-999.9	0.0	2.3	97361.8	-999.9
Ntarla	2024	11	6	311	17.1	32.0	22.5	-999.9	0.0	2.1	97265.7	-999.9
Ntarla	2024	11	7	312	17.8	32.2	22.4	-999.9	0.0	1.9	97369.4	-999.9
Ntarla	2024	11	8	313	18.3	32.4	22.3	-999.9	0.0	2.0	97489.2	-999.9
Ntarla	2024	11	9	314	19.0	32.7	21.9	-999.9	0.0	2.0	97494.0	-999.9
Ntarla	2024	11	10	315	20.3	32.9	21.9	-999.9	0.0	2.0	97391.4	-999.9
Ntarla	2024	11	11	316	19.3	32.6	21.9	-999.9	0.0	1.9	97281.8	-999.9
Ntarla	2024	11	12	317	18.5	32.6	21.6	-999.9	0.0	1.7	97243.7	-999.9
Ntarla	2024	11	13	318	19.0	32.5	19.4	-999.9	0.0	1.5	97284.2	-999.9
Ntarla	2024	11	14	319	19.7	33.4	20.3	-999.9	0.0	1.4	97281.1	-999.9
Ntarla	2024	11	15	320	21.4	34.4	21.2	-999.9	0.0	1.7	97228.7	-999.9
Ntarla	2024	11	16	321	19.8	34.2	20.6	-999.9	0.0	1.7	97278.9	-999.9
Ntarla	2024	11	17	322	18.8	33.5	21.9	-999.9	0.0	2.1	97300.1	-999.9
Ntarla	2024	11	18	323	18.2	32.3	21.7	-999.9	0.0	2.2	97327.1	-999.9
Ntarla	2024	11	19	324	16.9	32.2	21.6	-999.9	0.0	2.0	97451.3	-999.9
Ntarla	2024	11	20	325	17.5	32.1	21.4	-999.9	0.0	2.3	97562.8	-999.9
Ntarla	2024	11	21	326	18.2	32.5	21.5	-999.9	0.0	2.2	97478.2	-999.9
Ntarla	2024	11	22	327	15.7	32.4	21.6	-999.9	0.0	2.0	97458.5	-999.9
Ntarla	2024	11	23	328	15.4	32.4	21.5	-999.9	0.0	2.2	97457.7	-999.9
Ntarla	2024	11	24	329	16.2	33.0	21.4	-999.9	0.0	2.2	97514.8	-999.9
Ntarla	2024	11	25	330	18.6	33.5	20.8	-999.9	0.0	2.3	97535.9	-999.9
Ntarla	2024	11	26	331	18.2	33.0	20.9	-999.9	0.0	2.2	97535.3	-999.9
Ntarla	2024	11	27	332	18.3	32.5	20.9	-999.9	0.0	2.1	97509.7	-999.9
Ntarla	2024	11	28	333	17.1	31.1	21.3	-999.9	0.0	2.3	97577.1	-999.9
Ntarla	2024	11	29	334	16.9	30.4	21.1	-999.9	0.0	2.2	97649.3	-999.9
Ntarla	2024	11	30	335	16.5	30.1	20.9	-999.9	0.0	2.1	97682.6	-999.9
Ntarla	2024	12	1	336	16.2	30.3	20.8	-999.9	0.0	2.0	97520.1	-999.9
Ntarla	2024	12	2	337	15.4	30.9	20.9	-999.9	0.0	1.9	97437.3	-999.9
Ntarla	2024	12	3	338	16.0	32.0	20.0	-999.9	0.0	2.0	97409.4	-999.9
Ntarla	2024	12	4	339	19.9	31.7	20.6	-999.9	0.0	2.5	97482.3	-999.9
Ntarla	2024	12	5	340	16.9	30.8	20.9	-999.9	0.0	2.5	97537.6	-999.9
Ntarla	2024	12	6	341	16.7	30.5	20.6	-999.9	0.0	2.4	97473.5	-999.9
Ntarla	2024	12	7	342	16.5	29.9	20.2	-999.9	0.0	2.4	97502.0	-999.9
Ntarla	2024	12	8	343	16.0	30.3	20.6	-999.9	0.0	2.1	97484.6	-999.9
Ntarla	2024	12	9	344	16.4	30.9	20.4	-999.9	0.0	2.0	97466.9	-999.9
Ntarla	2024	12	10	345	16.2	31.2	17.9	-999.9	0.0	1.8	97420.4	-999.9
Ntarla	2024	12	11	346	17.2	32.9	20.0	-999.9	0.0	1.8	97383.3	-999.9
Ntarla	2024	12	12	347	18.7	33.2	20.0	-999.9	0.0	2.0	97313.8	-999.9
Ntarla	2024	12	13	348	18.4	33.9	20.1	-999.9	0.0	2.4	97389.0	-999.9
Ntarla	2024	12	14	349	20.5	33.3	20.5	-999.9	0.0	2.6	97400.4	-999.9
Ntarla	2024	12	15	350	17.6	32.1	20.7	-999.9	0.0	2.4	97482.4	-999.9
Ntarla	2024	12	16	351	17.4	31.8	20.7	-999.9	0.0	2.3	97579.6	-999.9
Ntarla	2024	12	17	352	16.1	30.7	20.7	-999.9	0.0	2.2	97613.3	-999.9
Ntarla	2024	12	18	353	15.3	30.2	20.4	-999.9	0.0	2.5	97672.9	-999.9
Ntarla	2024	12	19	354	16.4	28.6	20.6	-999.9	0.0	2.7	97757.5	-999.9
Ntarla	2024	12	20	355	15.2	28.0	20.6	-999.9	0.0	2.4	97752.4	-999.9
Ntarla	2024	12	21	356	14.6	28.8	20.4	-999.9	0.0	2.0	97639.9	-999.9
Ntarla	2024	12	22	357	14.2	29.9	20.3	-999.9	0.0	1.9	97574.1	-999.9
Ntarla	2024	12	23	358	16.0	31.1	19.5	-999.9	0.5	1.8	97428.6	-999.9
Ntarla	2024	12	24	359	17.5	31.8	20.0	-999.9	0.0	2.0	97404.9	-999.9
Ntarla	2024	12	25	360	16.0	30.4	20.4	-999.9	0.0	2.3	97533.5	-999.9
Ntarla	2024	12	26	361	14.9	30.6	20.7	-999.9	0.0	2.3	97566.8	-999.9
Ntarla	2024	12	27	362	15.8	30.9	20.5	-999.9	0.0	2.2	97516.1	-999.9
Ntarla	2024	12	28	363	14.7	31.0	20.7	-999.9	0.0	2.3	97564.6	-999.9
Ntarla	2024	12	29	364	14.9	31.2	20.7	-999.9	0.0	2.2	97511.5	-999.9
Ntarla	2024	12	30	365	15.6	30.4	20.7	-999.9	0.0	2.3	97525.9	-999.9
Ntarla	2024	12	31	366	16.1	30.1	20.5	-999.9	0.0	2.4	97530.9	-999.9
