Ntarla	2015	1	1	1	12.8	28.3	20.8	-999.9	0.2	2.4	97726.1	-999.9
Ntarla	2015	1	2	2	14.2	29.4	20.6	-999.9	0.0	2.6	97731.3	-999.9
Ntarla	2015	1	3	3	16.6	30.7	20.3	-999.9	0.0	2.8	97806.9	-999.9
Ntarla	2015	1	4	4	16.4	30.4	20.5	-999.9	0.0	2.8	97907.0	-999.9
Ntarla	2015	1	5	5	15.6	29.7	20.7	-999.9	0.0	2.5	97852.5	-999.9
Ntarla	2015	1	6	6	13.4	29.3	21.0	-999.9	0.0	2.1	97729.3	-999.9
Ntarla	2015	1	7	7	14.5	30.6	21.0	-999.9	0.0	2.2	97637.5	-999.9
Ntarla	2015	1	8	8	15.3	31.2	20.8	-999.9	0.0	2.3	97656.9	-999.9
Ntarla	2015	1	9	9	16.7	32.5	20.8	-999.9	0.0	2.8	97724.6	-999.9
Ntarla	2015	1	10	10	17.9	31.2	21.1	-999.9	0.0	3.1	97849.7	-999.9
Ntarla	2015	1	11	11	15.4	30.7	21.3	-999.9	0.0	2.5	97822.4	-999.9
Ntarla	2015	1	12	12	15.8	30.9	21.3	-999.9	0.0	2.7	97734.6	-999.9
Ntarla	2015	1	13	13	16.2	29.9	20.4	-999.9	0.0	2.8	97643.1	-999.9
Ntarla	2015	1	14	14	14.5	30.3	21.2	-999.9	0.0	2.2	97548.1	-999.9
Ntarla	2015	1	15	15	14.4	31.6	20.8	-999.9	0.0	2.0	97593.9	-999.9
Ntarla	2015	1	16	16	14.9	32.8	21.2	-999.9	0.0	1.7	97587.2	-999.9
Ntarla	2015	1	17	17	17.1	33.5	19.9	-999.9	0.0	2.0	97587.2	-999.9
Ntarla	2015	1	18	18	17.2	33.2	21.1	-999.9	0.0	2.4	97618.1	-999.9
Ntarla	2015	1	19	19	15.1	33.7	21.3	-999.9	0.0	1.9	97436.0	-999.9
Ntarla	2015	1	20	20	16.1	33.9	20.7	-999.9	0.0	1.5	97231.1	-999.9
Ntarla	2015	1	21	21	17.8	34.2	20.8	-999.9	0.0	2.0	97337.0	-999.9
Ntarla	2015	1	22	22	19.9	34.4	19.8	-999.9	0.0	2.5	97563.2	-999.9
Ntarla	2015	1	23	23	18.8	34.4	21.1	-999.9	0.0	2.4	97535.5	-999.9
Ntarla	2015	1	24	24	19.0	34.2	20.8	-999.9	0.0	2.4	97384.2	-999.9
Ntarla	2015	1	25	25	18.3	33.4	21.4	-999.9	0.0	2.4	97312.8	-999.9
Ntarla	2015	1	26	26	17.3	32.3	21.5	-999.9	0.0	2.7	97526.5	-999.9
Ntarla	2015	1	27	27	16.5	31.8	21.6	-999.9	0.0	2.7	97606.5	-999.9
Ntarla	2015	1	28	28	16.5	31.6	21.7	-999.9	0.0	2.6	97559.8	-999.9
Ntarla	2015	1	29	29	15.8	31.7	22.1	-999.9	0.0	2.5	97517.4	-999.9
Ntarla	2015	1	30	30	15.6	32.8	22.0	-999.9	0.0	2.1	97468.9	-999.9
Ntarla	2015	1	31	31	16.5	33.8	21.9	-999.9	0.0	1.8	97446.4	-999.9
Ntarla	2015	2	1	32	17.6	35.0	22.0	-999.9	0.0	1.9	97361.7	-999.9
Ntarla	2015	2	2	33	18.3	35.4	22.0	-999.9	0.0	1.9	97302.4	-999.9
Ntarla	2015	2	3	34	18.3	36.5	22.1	-999.9	0.0	1.8	97230.5	-999.9
Ntarla	2015	2	4	35	18.3	37.2	22.2	-999.9	0.0	2.1	97225.6	-999.9
Ntarla	2015	2	5	36	18.2	37.6	22.3	-999.9	0.0	2.2	97209.7	-999.9
Ntarla	2015	2	6	37	20.5	37.1	22.3	-999.9	0.0	2.0	97183.1	-999.9
Ntarla	2015	2	7	38	19.7	37.5	22.5	-999.9	0.0	2.1	97226.7	-999.9
Ntarla	2015	2	8	39	19.1	37.2	22.3	-999.9	0.0	2.1	97186.8	-999.9
Ntarla	2015	2	9	40	19.2	37.6	22.4	-999.9	0.0	1.5	97081.8	-999.9
Ntarla	2015	2	10	41	22.1	37.6	20.8	-999.9	0.0	1.6	97022.6	-999.9
Ntarla	2015	2	11	42	23.3	37.1	19.7	-999.9	0.0	1.4	97140.3	-999.9
Ntarla	2015	2	12	43	24.8	36.0	19.3	-999.9	0.0	1.7	97326.4	-999.9
Ntarla	2015	2	13	44	23.3	36.6	20.0	-999.9	0.0	1.4	97367.9	-999.9
Ntarla	2015	2	14	45	23.9	38.1	22.1	-999.9	0.0	1.2	97283.2	-999.9
Ntarla	2015	2	15	46	23.7	37.2	22.5	-999.9	0.0	2.3	97300.2	-999.9
Ntarla	2015	2	16	47	22.4	35.4	22.5	-999.9	0.0	2.5	97388.0	-999.9
Ntarla	2015	2	17	48	21.1	35.0	22.3	-999.9	0.0	2.3	97320.5	-999.9
Ntarla	2015	2	18	49	20.8	35.5	22.8	-999.9	0.0	1.9	97076.1	-999.9
Ntarla	2015	2	19	50	21.6	36.6	23.1	-999.9	0.0	2.2	97037.0	-999.9
Ntarla	2015	2	20	51	21.6	33.4	21.8	-999.9	0.0	2.4	97155.6	-999.9
Ntarla	2015	2	21	52	21.6	31.5	19.5	-999.9	0.0	2.3	97285.4	-999.9
Ntarla	2015	2	22	53	20.9	32.6	22.8	-999.9	0.0	2.8	97450.0	-999.9
Ntarla	2015	2	23	54	19.4	32.5	23.4	-999.9	0.0	2.8	97591.7	-999.9
Ntarla	2015	2	24	55	19.6	33.8	23.6	-999.9	0.0	2.5	97561.8	-999.9
Ntarla	2015	2	25	56	17.8	34.2	23.9	-999.9	0.0	2.5	97376.8	-999.9
Ntarla	2015	2	26	57	18.6	33.1	24.1	-999.9	0.0	3.2	97318.4	-999.9
Ntarla	2015	2	27	58	18.4	32.4	24.1	-999.9	0.0	3.3	97463.6	-999.9
Ntarla	2015	2	28	59	17.8	33.1	24.3	-999.9	0.0	2.8	97567.4	-999.9
Ntarla	2015	3	1	60	18.2	33.1	24.3	-999.9	0.0	2.9	97564.7	-999.9
Ntarla	2015	3	2	61	17.6	33.5	24.4	-999.9	0.0	2.7	97492.2	-999.9
Ntarla	2015	3	3	62	17.6	34.4	24.4	-999.9	0.0	2.5	97393.2	-999.9
Ntarla	2015	3	4	63	19.0	36.3	24.4	-999.9	0.0	2.4	97324.1	-999.9
Ntarla	2015	3	5	64	20.7	37.4	24.4	-999.9	0.0	2.2	97268.1	-999.9
Ntarla	2015	3	6	65	20.1	37.8	24.5	-999.9	0.0	2.3	97247.0	-999.9
Ntarla	2015	3	7	66	21.0	37.8	24.7	-999.9	0.0	2.2	97239.5	-999.9
Ntarla	2015	3	8	67	21.6	37.3	24.8	-999.9	0.0	2.1	97165.8	-999.9
Ntarla	2015	3	9	68	21.8	37.7	24.6	-999.9	0.0	2.2	97160.2	-999.9
Ntarla	2015	3	10	69	21.8	37.9	24.3	-999.9	0.0	2.0	97178.6	-999.9
Ntarla	2015	3	11	70	24.5	38.4	23.4	-999.9	0.0	2.7	97249.2	-999.9
Ntarla	2015	3	12	71	23.8	38.6	24.3	-999.9	0.0	3.2	97136.5	-999.9
Ntarla	2015	3	13	72	23.0	38.1	24.6	-999.9	0.0	2.4	97032.7	-999.9
Ntarla	2015	3	14	73	21.1	37.8	24.4	-999.9	0.0	1.4	96969.1	-999.9
Ntarla	2015	3	15	74	22.8	38.1	22.7	-999.9	0.0	1.5	96966.0	-999.9
Ntarla	2015	3	16	75	24.2	38.3	21.9	-999.9	0.0	1.6	97071.9	-999.9
Ntarla	2015	3	17	76	23.2	37.8	22.2	-999.9	0.0	2.1	97153.2	-999.9
Ntarla	2015	3	18	77	26.6	35.6	17.6	-999.9	0.0	2.0	97120.2	-999.9
Ntarla	2015	3	19	78	26.1	36.1	17.4	-999.9	2.7	2.0	97106.3	-999.9
Ntarla	2015	3	20	79	25.2	36.9	20.6	-999.9	0.0	1.6	96973.3	-999.9
Ntarla	2015	3	21	80	26.5	38.4	24.3	-999.9	0.0	2.5	96967.0	-999.9
Ntarla	2015	3	22	81	28.4	38.2	22.3	-999.9	0.0	2.7	97002.1	-999.9
Ntarla	2015	3	23	82	26.5	37.9	21.6	-999.9	0.0	2.5	97045.6	-999.9
Ntarla	2015	3	24	83	25.1	36.7	24.9	-999.9	0.0	2.0	97089.5	-999.9
Ntarla	2015	3	25	84	24.3	36.6	24.8	-999.9	0.0	2.1	97131.1	-999.9
Ntarla	2015	3	26	85	24.1	36.7	25.0	-999.9	0.0	2.8	97351.2	-999.9
Ntarla	2015	3	27	86	23.5	35.7	19.6	-999.9	0.0	2.2	97533.7	-999.9
Ntarla	2015	3	28	87	23.9	37.3	25.4	-999.9	0.0	3.0	97506.3	-999.9
Ntarla	2015	3	29	88	21.6	34.6	26.2	-999.9	0.0	2.9	97405.8	-999.9
Ntarla	2015	3	30	89	20.5	35.4	26.8	-999.9	0.0	2.5	97318.3	-999.9
Ntarla	2015	3	31	90	20.1	36.2	26.8	-999.9	0.0	2.1	97315.9	-999.9
Ntarla	2015	4	1	91	20.9	37.9	26.3	-999.9	0.0	2.5	97249.0	-999.9
Ntarla	2015	4	2	92	26.3	36.2	20.7	-999.9	0.0	2.3	97294.3	-999.9
Ntarla	2015	4	3	93	25.7	38.3	24.6	-999.9	0.0	2.3	97197.3	-999.9
Ntarla	2015	4	4	94	23.3	38.3	25.5	-999.9	0.0	2.1	97063.0	-999.9
Ntarla	2015	4	5	95	21.3	37.8	24.3	-999.9	0.0	1.9	96983.3	-999.9
Ntarla	2015	4	6	96	25.7	36.6	21.5	-999.9	0.0	2.0	97062.5	-999.9
Ntarla	2015	4	7	97	26.9	38.0	20.5	-999.9	0.0	2.0	97129.3	-999.9
Ntarla	2015	4	8	98	24.0	38.9	23.1	-999.9	0.0	1.8	97205.9	-999.9
Ntarla	2015	4	9	99	23.7	40.7	25.9	-999.9	0.0	3.0	97139.3	-999.9
Ntarla	2015	4	10	100	27.7	40.1	26.2	-999.9	0.0	2.7	97170.9	-999.9
Ntarla	2015	4	11	101	24.8	39.6	26.9	-999.9	0.0	2.4	97154.4	-999.9
Ntarla	2015	4	12	102	22.5	37.9	22.9	-999.9	0.0	2.7	97242.1	-999.9
Ntarla	2015	4	13	103	27.3	37.6	22.3	-999.9	7.0	2.6	97418.1	-999.9
Ntarla	2015	4	14	104	25.0	38.9	26.6	-999.9	0.0	2.5	97324.6	-999.9
Ntarla	2015	4	15	105	22.0	39.0	27.2	-999.9	0.0	2.8	97181.5	-999.9
Ntarla	2015	4	16	106	21.9	38.4	26.6	-999.9	0.0	2.3	97247.2	-999.9
Ntarla	2015	4	17	107	22.6	38.6	26.9	-999.9	0.0	2.3	97299.7	-999.9
Ntarla	2015	4	18	108	21.2	38.4	26.9	-999.9	0.0	2.2	97246.6	-999.9
Ntarla	2015	4	19	109	23.6	39.1	26.3	-999.9	0.0	2.3	97101.9	-999.9
Ntarla	2015	4	20	110	23.6	38.8	24.1	-999.9	0.0	2.0	97083.3	-999.9
Ntarla	2015	4	21	111	24.1	39.3	25.4	-999.9	0.0	1.9	97067.7	-999.9
Ntarla	2015	4	22	112	25.0	39.3	25.0	-999.9	0.0	2.1	97120.6	-999.9
Ntarla	2015	4	23	113	24.0	39.3	25.7	-999.9	0.0	2.0	97139.6	-999.9
Ntarla	2015	4	24	114	24.4	39.7	25.3	-999.9	0.0	2.0	97124.5	-999.9
Ntarla	2015	4	25	115	25.1	38.6	24.1	-999.9	0.0	2.3	97214.8	-999.9
Ntarla	2015	4	26	116	27.0	38.8	23.5	-999.9	0.0	2.2	97174.4	-999.9
Ntarla	2015	4	27	117	28.3	36.0	18.2	-999.9	0.0	2.2	97249.8	-999.9
Ntarla	2015	4	28	118	27.0	38.3	22.3	-999.9	0.0	1.9	97156.5	-999.9
Ntarla	2015	4	29	119	25.7	39.2	24.9	-999.9	0.0	2.0	97096.8	-999.9
Ntarla	2015	4	30	120	26.7	40.0	24.8	-999.9	0.0	2.3	97006.8	-999.9
Ntarla	2015	5	1	121	25.2	39.9	24.4	-999.9	0.0	2.1	96956.4	-999.9
Ntarla	2015	5	2	122	26.4	39.4	24.5	-999.9	0.0	2.4	96947.5	-999.9
Ntarla	2015	5	3	123	28.4	39.4	24.2	-999.9	0.0	2.4	97029.6	-999.9
Ntarla	2015	5	4	124	28.9	37.9	23.6	-999.9	0.0	2.5	97094.4	-999.9
Ntarla	2015	5	5	125	28.5	39.5	23.3	-999.9	0.0	2.4	97079.8	-999.9
Ntarla	2015	5	6	126	27.8	38.2	22.9	-999.9	0.0	2.4	97213.0	-999.9
Ntarla	2015	5	7	127	28.0	39.2	23.1	-999.9	10.1	2.4	97145.6	-999.9
Ntarla	2015	5	8	128	27.7	38.7	23.5	-999.9	0.0	2.9	97173.0	-999.9
Ntarla	2015	5	9	129	28.3	37.9	23.2	-999.9	10.1	3.0	97241.0	-999.9
Ntarla	2015	5	10	130	26.1	36.6	23.4	-999.9	0.0	3.0	97199.7	-999.9
Ntarla	2015	5	11	131	26.2	37.9	23.8	-999.9	0.0	2.6	97155.2	-999.9
Ntarla	2015	5	12	132	27.4	36.4	23.7	-999.9	0.0	2.0	97259.4	-999.9
Ntarla	2015	5	13	133	26.3	37.7	21.8	-999.9	5.4	1.9	97263.7	-999.9
Ntarla	2015	5	14	134	25.8	38.4	23.8	-999.9	0.0	1.7	97082.9	-999.9
Ntarla	2015	5	15	135	26.4	38.1	24.1	-999.9	0.0	2.2	97111.8	-999.9
Ntarla	2015	5	16	136	28.5	37.1	22.8	-999.9	0.0	2.1	97293.7	-999.9
Ntarla	2015	5	17	137	27.6	38.8	21.7	-999.9	0.0	2.3	97229.2	-999.9
Ntarla	2015	5	18	138	27.6	38.6	23.6	-999.9	2.5	2.4	97216.7	-999.9
Ntarla	2015	5	19	139	25.5	36.0	21.4	-999.9	4.9	3.0	97317.5	-999.9
Ntarla	2015	5	20	140	26.6	37.0	23.8	-999.9	0.0	2.0	97282.2	-999.9
Ntarla	2015	5	21	141	26.6	38.1	23.1	-999.9	9.5	1.9	97350.2	-999.9
Ntarla	2015	5	22	142	26.5	38.5	23.8	-999.9	4.8	2.0	97351.0	-999.9
Ntarla	2015	5	23	143	26.5	38.4	23.8	-999.9	0.0	3.0	97262.0	-999.9
Ntarla	2015	5	24	144	26.6	37.4	23.9	-999.9	0.0	2.7	97330.6	-999.9
Ntarla	2015	5	25	145	27.4	38.2	24.2	-999.9	0.0	2.1	97261.1	-999.9
Ntarla	2015	5	26	146	27.3	39.1	24.6	-999.9	0.0	1.8	97150.7	-999.9
Ntarla	2015	5	27	147	28.4	39.1	23.9	-999.9	0.0	2.2	97111.7	-999.9
Ntarla	2015	5	28	148	28.2	38.5	23.6	-999.9	0.0	2.4	97123.9	-999.9
Ntarla	2015	5	29	149	29.4	38.6	22.7	-999.9	0.0	2.7	97119.3	-999.9
Ntarla	2015	5	30	150	28.3	38.9	24.9	-999.9	5.7	2.6	97112.3	-999.9
Ntarla	2015	5	31	151	27.1	39.6	24.8	-999.9	5.7	3.0	97095.6	-999.9
Ntarla	2015	6	1	152	27.3	36.9	23.4	-999.9	7.7	2.6	97123.7	-999.9
Ntarla	2015	6	2	153	26.2	36.2	22.7	-999.9	0.0	2.6	97154.5	-999.9
Ntarla	2015	6	3	154	26.7	35.9	20.9	-999.9	3.9	2.9	97322.0	-999.9
Ntarla	2015	6	4	155	26.3	35.5	23.9	-999.9	0.0	2.1	97366.6	-999.9
Ntarla	2015	6	5	156	25.3	36.2	23.9	-999.9	1.9	2.4	97308.0	-999.9
Ntarla	2015	6	6	157	25.1	37.7	23.9	-999.9	1.7	2.7	97199.4	-999.9
Ntarla	2015	6	7	158	26.3	37.6	24.9	-999.9	0.0	2.7	97174.0	-999.9
Ntarla	2015	6	8	159	26.7	37.5	24.6	-999.9	1.7	2.7	97163.8	-999.9
Ntarla	2015	6	9	160	25.4	35.3	22.6	-999.9	1.7	2.5	97274.5	-999.9
Ntarla	2015	6	10	161	25.0	35.4	24.1	-999.9	1.7	1.8	97426.9	-999.9
Ntarla	2015	6	11	162	25.9	36.1	24.2	-999.9	12.8	1.9	97440.4	-999.9
Ntarla	2015	6	12	163	26.9	36.9	23.9	-999.9	0.0	2.0	97316.1	-999.9
Ntarla	2015	6	13	164	26.8	37.5	24.9	-999.9	8.5	3.1	97224.6	-999.9
Ntarla	2015	6	14	165	25.1	35.4	24.0	-999.9	0.0	2.9	97286.0	-999.9
Ntarla	2015	6	15	166	26.2	35.4	24.4	-999.9	4.3	2.0	97397.5	-999.9
Ntarla	2015	6	16	167	25.9	35.9	23.3	-999.9	3.5	2.3	97377.8	-999.9
Ntarla	2015	6	17	168	25.9	34.4	23.6	-999.9	0.0	2.6	97291.2	-999.9
Ntarla	2015	6	18	169	26.9	36.1	24.2	-999.9	0.0	3.0	97157.5	-999.9
Ntarla	2015	6	19	170	27.2	34.2	21.6	-999.9	10.5	2.9	97284.3	-999.9
Ntarla	2015	6	20	171	25.7	34.9	23.1	-999.9	3.5	2.2	97436.0	-999.9
Ntarla	2015	6	21	172	25.5	36.6	24.3	-999.9	0.0	2.8	97464.3	-999.9
Ntarla	2015	6	22	173	26.8	36.7	24.4	-999.9	0.0	3.0	97465.0	-999.9
Ntarla	2015	6	23	174	26.8	35.9	21.6	-999.9	4.1	2.8	97561.6	-999.9
Ntarla	2015	6	24	175	26.8	35.5	22.9	-999.9	8.2	2.3	97673.4	-999.9
Ntarla	2015	6	25	176	26.3	33.4	20.3	-999.9	0.0	2.8	97713.8	-999.9
Ntarla	2015	6	26	177	26.5	35.5	23.6	-999.9	8.5	3.3	97510.9	-999.9
Ntarla	2015	6	27	178	26.4	33.8	21.9	-999.9	0.0	2.6	97432.1	-999.9
Ntarla	2015	6	28	179	23.9	32.5	22.8	-999.9	8.5	2.0	97528.7	-999.9
Ntarla	2015	6	29	180	25.2	33.5	23.3	-999.9	8.5	2.0	97560.5	-999.9
Ntarla	2015	6	30	181	25.3	32.1	22.3	-999.9	0.0	2.0	97531.6	-999.9
Ntarla	2015	7	1	182	24.6	33.9	24.4	-999.9	0.0	2.0	97499.1	-999.9
Ntarla	2015	7	2	183	25.1	33.9	22.6	-999.9	9.3	2.8	97394.7	-999.9
Ntarla	2015	7	3	184	26.4	35.7	22.3	-999.9	0.0	2.7	97299.6	-999.9
Ntarla	2015	7	4	185	25.1	34.1	23.7	-999.9	0.0	2.4	97388.7	-999.9
Ntarla	2015	7	5	186	24.9	34.6	23.1	-999.9	9.3	1.9	97354.4	-999.9
Ntarla	2015	7	6	187	24.1	31.6	19.4	-999.9	17.6	1.4	97375.3	-999.9
Ntarla	2015	7	7	188	24.2	31.8	21.3	-999.9	13.2	1.3	97435.4	-999.9
Ntarla	2015	7	8	189	23.8	32.1	22.0	-999.9	8.8	1.0	97455.5	-999.9
Ntarla	2015	7	9	190	23.8	30.9	19.4	-999.9	8.8	1.5	97565.6	-999.9
Ntarla	2015	7	10	191	23.7	30.9	19.2	-999.9	4.4	1.5	97649.8	-999.9
Ntarla	2015	7	11	192	24.2	31.5	22.5	-999.9	0.0	1.4	97653.7	-999.9
Ntarla	2015	7	12	193	23.8	32.4	20.5	-999.9	14.4	1.7	97588.4	-999.9
Ntarla	2015	7	13	194	24.6	31.9	22.1	-999.9	0.0	1.6	97488.9	-999.9
Ntarla	2015	7	14	195	24.1	34.1	23.9	-999.9	0.0	2.4	97311.9	-999.9
Ntarla	2015	7	15	196	24.3	33.8	24.4	-999.9	9.6	2.5	97281.8	-999.9
Ntarla	2015	7	16	197	24.3	30.1	14.8	-999.9	6.1	2.2	97429.7	-999.9
Ntarla	2015	7	17	198	23.6	32.7	22.5	-999.9	0.0	1.9	97542.4	-999.9
Ntarla	2015	7	18	199	24.8	33.7	19.6	-999.9	18.3	1.8	97506.4	-999.9
Ntarla	2015	7	19	200	23.8	32.6	22.6	-999.9	0.0	2.8	97366.0	-999.9
Ntarla	2015	7	20	201	24.4	33.0	20.9	-999.9	6.1	2.6	97374.1	-999.9
Ntarla	2015	7	21	202	24.0	30.9	21.0	-999.9	11.3	2.3	97411.4	-999.9
Ntarla	2015	7	22	203	24.2	28.3	13.1	-999.9	0.0	2.3	97508.3	-999.9
Ntarla	2015	7	23	204	23.0	29.4	16.3	-999.9	0.0	2.1	97493.9	-999.9
Ntarla	2015	7	24	205	24.2	30.9	19.6	-999.9	22.5	1.9	97463.5	-999.9
Ntarla	2015	7	25	206	23.1	30.0	20.5	-999.9	11.3	1.9	97481.5	-999.9
Ntarla	2015	7	26	207	23.2	30.6	21.7	-999.9	0.0	1.7	97527.4	-999.9
Ntarla	2015	7	27	208	23.3	30.2	21.2	-999.9	0.0	2.1	97456.8	-999.9
Ntarla	2015	7	28	209	23.3	27.1	10.5	-999.9	15.3	2.1	97455.3	-999.9
Ntarla	2015	7	29	210	22.0	29.1	20.0	-999.9	0.0	2.3	97568.6	-999.9
Ntarla	2015	7	30	211	22.5	30.2	21.0	-999.9	0.0	2.2	97555.1	-999.9
Ntarla	2015	7	31	212	23.6	28.4	14.5	-999.9	20.3	2.2	97509.4	-999.9
Ntarla	2015	8	1	213	22.7	29.9	19.5	-999.9	0.0	2.0	97445.5	-999.9
Ntarla	2015	8	2	214	23.7	30.1	17.5	-999.9	17.0	1.3	97493.1	-999.9
Ntarla	2015	8	3	215	23.5	29.6	17.5	-999.9	0.0	1.4	97486.9	-999.9
Ntarla	2015	8	4	216	22.9	30.3	18.3	-999.9	0.0	2.5	97433.4	-999.9
Ntarla	2015	8	5	217	23.6	30.1	20.8	-999.9	8.5	2.5	97417.3	-999.9
Ntarla	2015	8	6	218	23.1	28.8	14.1	-999.9	23.2	1.9	97355.8	-999.9
Ntarla	2015	8	7	219	22.5	28.1	17.3	-999.9	23.2	2.1	97205.7	-999.9
Ntarla	2015	8	8	220	22.8	29.3	16.6	-999.9	0.0	2.4	97313.1	-999.9
Ntarla	2015	8	9	221	22.8	29.9	20.4	-999.9	23.2	1.8	97459.7	-999.9
Ntarla	2015	8	10	222	22.8	30.7	20.8	-999.9	23.2	2.0	97404.0	-999.9
Ntarla	2015	8	11	223	22.8	25.0	7.8	-999.9	12.8	1.7	97318.6	-999.9
Ntarla	2015	8	12	224	22.8	28.5	16.7	-999.9	0.0	2.5	97603.3	-999.9
Ntarla	2015	8	13	225	24.4	29.5	16.7	-999.9	25.6	1.3	97605.9	-999.9
Ntarla	2015	8	14	226	23.0	31.7	22.3	-999.9	25.6	1.7	97431.9	-999.9
Ntarla	2015	8	15	227	22.8	30.0	17.3	-999.9	0.0	1.6	97420.7	-999.9
Ntarla	2015	8	16	228	23.2	29.2	19.3	-999.9	0.0	2.5	97540.8	-999.9
Ntarla	2015	8	17	229	23.4	30.4	22.2	-999.9	0.0	1.9	97529.7	-999.9
Ntarla	2015	8	18	230	22.6	25.3	7.8	-999.9	18.6	1.4	97398.1	-999.9
Ntarla	2015	8	19	231	22.9	30.1	18.3	-999.9	0.0	2.2	97335.5	-999.9
Ntarla	2015	8	20	232	23.0	30.0	19.9	-999.9	18.6	1.4	97399.5	-999.9
Ntarla	2015	8	21	233	21.7	30.5	21.8	-999.9	11.8	1.6	97409.1	-999.9
Ntarla	2015	8	22	234	23.1	28.0	14.9	-999.9	11.8	2.2	97427.9	-999.9
Ntarla	2015	8	23	235	22.3	30.5	19.8	-999.9	0.0	1.4	97446.6	-999.9
Ntarla	2015	8	24	236	23.8	30.7	22.8	-999.9	0.0	1.8	97347.6	-999.9
Ntarla	2015	8	25	237	23.1	29.6	14.6	-999.9	35.5	2.6	97429.2	-999.9
Ntarla	2015	8	26	238	22.7	29.8	21.5	-999.9	0.0	2.1	97483.3	-999.9
Ntarla	2015	8	27	239	23.0	27.5	12.3	-999.9	8.0	1.9	97329.0	-999.9
Ntarla	2015	8	28	240	22.1	28.7	15.1	-999.9	0.0	1.5	97287.5	-999.9
Ntarla	2015	8	29	241	22.9	29.6	20.8	-999.9	8.0	2.0	97497.3	-999.9
Ntarla	2015	8	30	242	22.8	29.7	20.2	-999.9	8.0	1.7	97605.9	-999.9
Ntarla	2015	8	31	243	22.7	27.1	12.9	-999.9	24.0	1.5	97600.0	-999.9
Ntarla	2015	9	1	244	22.5	29.6	16.9	-999.9	12.0	1.8	97542.9	-999.9
Ntarla	2015	9	2	245	22.2	28.9	15.2	-999.9	0.0	1.7	97508.4	-999.9
Ntarla	2015	9	3	246	21.8	30.3	20.8	-999.9	0.0	1.8	97501.2	-999.9
Ntarla	2015	9	4	247	23.1	30.1	19.5	-999.9	35.9	1.8	97468.0	-999.9
Ntarla	2015	9	5	248	22.4	29.5	16.9	-999.9	23.9	1.5	97545.4	-999.9
Ntarla	2015	9	6	249	22.0	29.7	20.9	-999.9	11.1	1.6	97577.7	-999.9
Ntarla	2015	9	7	250	22.5	29.0	14.0	-999.9	11.1	1.8	97561.3	-999.9
Ntarla	2015	9	8	251	23.0	30.2	21.8	-999.9	11.1	1.4	97387.0	-999.9
Ntarla	2015	9	9	252	22.8	30.5	20.8	-999.9	33.2	1.5	97258.8	-999.9
Ntarla	2015	9	10	253	22.9	29.4	20.0	-999.9	0.0	1.7	97399.1	-999.9
Ntarla	2015	9	11	254	22.6	30.5	22.0	-999.9	0.0	1.0	97466.5	-999.9
Ntarla	2015	9	12	255	23.0	31.1	21.2	-999.9	0.0	1.4	97381.2	-999.9
Ntarla	2015	9	13	256	22.5	30.6	20.7	-999.9	0.0	1.4	97383.5	-999.9
Ntarla	2015	9	14	257	24.4	30.2	20.8	-999.9	0.0	1.9	97487.7	-999.9
Ntarla	2015	9	15	258	22.8	29.9	20.5	-999.9	0.0	1.5	97528.6	-999.9
Ntarla	2015	9	16	259	22.3	30.2	20.7	-999.9	0.0	1.7	97451.3	-999.9
Ntarla	2015	9	17	260	22.9	30.3	22.2	-999.9	9.0	1.9	97353.1	-999.9
Ntarla	2015	9	18	261	23.2	27.8	14.7	-999.9	27.1	1.5	97346.4	-999.9
Ntarla	2015	9	19	262	22.3	29.3	20.8	-999.9	0.0	1.2	97484.0	-999.9
Ntarla	2015	9	20	263	22.0	29.6	20.5	-999.9	9.0	1.3	97520.8	-999.9
Ntarla	2015	9	21	264	22.7	28.6	16.7	-999.9	14.4	1.5	97548.3	-999.9
Ntarla	2015	9	22	265	22.5	30.0	22.0	-999.9	0.0	1.4	97516.2	-999.9
Ntarla	2015	9	23	266	22.7	29.6	19.6	-999.9	7.2	1.3	97531.3	-999.9
Ntarla	2015	9	24	267	22.7	30.7	21.7	-999.9	3.6	1.7	97491.8	-999.9
Ntarla	2015	9	25	268	23.2	30.1	16.3	-999.9	7.2	1.4	97469.5	-999.9
Ntarla	2015	9	26	269	23.1	30.4	20.1	-999.9	0.0	1.5	97366.7	-999.9
Ntarla	2015	9	27	270	21.5	31.0	22.9	-999.9	17.5	1.2	97322.4	-999.9
Ntarla	2015	9	28	271	22.6	30.0	18.4	-999.9	11.6	1.4	97319.5	-999.9
Ntarla	2015	9	29	272	22.5	30.4	21.7	-999.9	0.0	1.4	97367.0	-999.9
Ntarla	2015	9	30	273	21.9	30.8	22.6	-999.9	5.8	1.4	97332.2	-999.9
Ntarla	2015	10	1	274	23.2	30.5	21.6	-999.9	0.0	1.6	97342.5	-999.9
Ntarla	2015	10	2	275	23.4	32.4	22.7	-999.9	0.0	1.6	97239.7	-999.9
Ntarla	2015	10	3	276	23.4	30.7	18.8	-999.9	0.0	1.8	97344.0	-999.9
Ntarla	2015	10	4	277	22.8	30.7	18.0	-999.9	1.7	1.0	97525.4	-999.9
Ntarla	2015	10	5	278	23.3	30.6	17.6	-999.9	3.5	1.4	97534.1	-999.9
Ntarla	2015	10	6	279	22.6	30.1	21.0	-999.9	0.0	1.2	97565.8	-999.9
Ntarla	2015	10	7	280	23.3	31.1	22.6	-999.9	0.0	2.3	97493.5	-999.9
Ntarla	2015	10	8	281	22.3	31.2	22.9	-999.9	0.0	1.8	97365.9	-999.9
Ntarla	2015	10	9	282	22.6	31.3	23.1	-999.9	0.0	1.7	97345.6	-999.9
Ntarla	2015	10	10	283	23.1	30.5	21.5	-999.9	0.0	1.6	97438.0	-999.9
Ntarla	2015	10	11	284	22.9	30.1	20.6	-999.9	4.7	1.4	97494.4	-999.9
Ntarla	2015	10	12	285	22.0	30.8	21.4	-999.9	9.4	1.3	97553.2	-999.9
Ntarla	2015	10	13	286	23.1	30.6	20.7	-999.9	9.4	1.0	97514.0	-999.9
Ntarla	2015	10	14	287	23.1	31.0	21.5	-999.9	0.0	2.0	97359.2	-999.9
Ntarla	2015	10	15	288	23.7	31.9	22.6	-999.9	0.0	1.8	97318.9	-999.9
Ntarla	2015	10	16	289	23.7	32.5	22.5	-999.9	14.3	1.6	97328.0	-999.9
Ntarla	2015	10	17	290	24.3	31.4	19.8	-999.9	0.0	1.7	97379.0	-999.9
Ntarla	2015	10	18	291	24.0	31.8	20.8	-999.9	14.3	1.8	97472.6	-999.9
Ntarla	2015	10	19	292	22.3	31.5	21.0	-999.9	0.0	1.1	97484.3	-999.9
Ntarla	2015	10	20	293	23.0	31.6	21.1	-999.9	0.0	1.6	97432.8	-999.9
Ntarla	2015	10	21	294	23.5	31.8	21.1	-999.9	0.0	1.5	97406.7	-999.9
Ntarla	2015	10	22	295	24.3	31.4	18.6	-999.9	0.0	1.8	97364.8	-999.9
Ntarla	2015	10	23	296	23.9	32.0	21.1	-999.9	0.0	2.1	97424.1	-999.9
Ntarla	2015	10	24	297	23.7	32.4	21.4	-999.9	0.0	1.7	97372.4	-999.9
Ntarla	2015	10	25	298	23.0	33.1	21.4	-999.9	0.0	1.7	97381.0	-999.9
Ntarla	2015	10	26	299	23.8	32.6	19.1	-999.9	0.0	2.1	97395.7	-999.9
Ntarla	2015	10	27	300	23.0	32.5	21.1	-999.9	0.0	1.8	97411.7	-999.9
Ntarla	2015	10	28	301	23.8	31.7	20.4	-999.9	0.0	1.8	97349.7	-999.9
Ntarla	2015	10	29	302	23.0	31.3	19.1	-999.9	6.6	1.3	97321.2	-999.9
Ntarla	2015	10	30	303	21.8	31.4	21.1	-999.9	0.0	1.5	97232.8	-999.9
Ntarla	2015	10	31	304	22.2	31.0	19.2	-999.9	0.0	1.4	97291.1	-999.9
Ntarla	2015	11	1	305	22.4	29.6	17.8	-999.9	1.5	1.7	97399.2	-999.9
Ntarla	2015	11	2	306	22.9	30.7	19.7	-999.9	1.5	1.2	97467.1	-999.9
Ntarla	2015	11	3	307	21.4	33.2	22.0	-999.9	0.0	1.8	97404.8	-999.9
Ntarla	2015	11	4	308	19.4	33.1	22.1	-999.9	0.0	2.0	97386.1	-999.9
Ntarla	2015	11	5	309	19.8	32.9	22.4	-999.9	0.0	1.2	97391.7	-999.9
Ntarla	2015	11	6	310	17.5	32.7	22.2	-999.9	0.0	1.2	97413.0	-999.9
Ntarla	2015	11	7	311	17.8	33.0	22.4	-999.9	0.0	1.4	97379.5	-999.9
Ntarla	2015	11	8	312	16.4	32.3	22.0	-999.9	0.0	1.6	97474.9	-999.9
Ntarla	2015	11	9	313	18.0	32.4	21.8	-999.9	0.0	1.2	97577.4	-999.9
Ntarla	2015	11	10	314	18.9	33.3	21.4	-999.9	0.0	1.3	97461.2	-999.9
Ntarla	2015	11	11	315	22.4	33.0	21.1	-999.9	0.0	1.4	97333.9	-999.9
Ntarla	2015	11	12	316	21.4	34.0	21.3	-999.9	0.0	1.8	97348.3	-999.9
Ntarla	2015	11	13	317	21.5	34.6	21.7	-999.9	0.0	2.5	97544.4	-999.9
Ntarla	2015	11	14	318	20.9	33.7	21.8	-999.9	0.0	2.3	97591.2	-999.9
Ntarla	2015	11	15	319	19.0	32.4	21.8	-999.9	0.0	2.0	97539.9	-999.9
Ntarla	2015	11	16	320	17.1	32.5	21.8	-999.9	0.0	1.7	97368.0	-999.9
Ntarla	2015	11	17	321	18.0	32.7	21.3	-999.9	0.0	1.8	97308.0	-999.9
Ntarla	2015	11	18	322	18.4	33.1	21.3	-999.9	0.0	2.2	97284.5	-999.9
Ntarla	2015	11	19	323	18.6	33.2	21.3	-999.9	0.0	2.2	97361.8	-999.9
Ntarla	2015	11	20	324	19.2	32.8	21.4	-999.9	0.0	2.6	97451.9	-999.9
Ntarla	2015	11	21	325	20.1	32.7	21.2	-999.9	0.0	2.3	97307.7	-999.9
Ntarla	2015	11	22	326	17.5	32.5	21.0	-999.9	0.0	1.6	97237.8	-999.9
Ntarla	2015	11	23	327	18.5	33.0	20.5	-999.9	0.0	1.5	97228.4	-999.9
Ntarla	2015	11	24	328	19.2	33.6	20.9	-999.9	0.0	1.9	97411.0	-999.9
Ntarla	2015	11	25	329	20.6	34.1	20.8	-999.9	0.0	2.4	97428.9	-999.9
Ntarla	2015	11	26	330	20.3	33.8	20.9	-999.9	0.0	2.3	97323.6	-999.9
Ntarla	2015	11	27	331	20.0	33.4	20.6	-999.9	0.0	2.2	97333.9	-999.9
Ntarla	2015	11	28	332	18.8	34.0	20.9	-999.9	0.0	2.0	97419.2	-999.9
Ntarla	2015	11	29	333	18.7	33.6	21.0	-999.9	0.0	2.2	97580.4	-999.9
Ntarla	2015	11	30	334	18.9	34.2	20.9	-999.9	0.0	2.3	97668.0	-999.9
Ntarla	2015	12	1	335	17.9	34.2	21.1	-999.9	0.0	2.4	97536.1	-999.9
Ntarla	2015	12	2	336	19.7	33.2	20.9	-999.9	0.0	2.4	97569.6	-999.9
Ntarla	2015	12	3	337	19.1	32.6	20.8	-999.9	0.0	2.5	97607.5	-999.9
Ntarla	2015	12	4	338	18.9	32.0	20.8	-999.9	0.0	2.6	97710.7	-999.9
Ntarla	2015	12	5	339	18.0	31.1	21.0	-999.9	0.0	2.5	97708.9	-999.9
Ntarla	2015	12	6	340	16.7	31.1	20.8	-999.9	0.0	2.1	97711.4	-999.9
Ntarla	2015	12	7	341	17.4	31.1	18.8	-999.9	0.0	2.0	97740.5	-999.9
Ntarla	2015	12	8	342	18.5	30.7	18.0	-999.9	0.2	2.1	97683.0	-999.9
Ntarla	2015	12	9	343	17.8	30.8	19.9	-999.9	0.2	2.2	97694.8	-999.9
Ntarla	2015	12	10	344	17.5	31.2	20.4	-999.9	0.0	2.0	97706.3	-999.9
Ntarla	2015	12	11	345	16.3	31.5	20.3	-999.9	0.0	1.9	97783.7	-999.9
Ntarla	2015	12	12	346	15.7	31.8	20.7	-999.9	0.0	1.8	97673.2	-999.9
Ntarla	2015	12	13	347	17.7	31.7	20.3	-999.9	0.0	2.2	97561.2	-999.9
Ntarla	2015	12	14	348	17.1	31.2	20.6	-999.9	0.0	2.1	97555.3	-999.9
Ntarla	2015	12	15	349	16.4	31.3	19.6	-999.9	0.0	2.3	97733.8	-999.9
Ntarla	2015	12	16	350	17.3	31.9	20.5	-999.9	0.0	2.5	97749.0	-999.9
Ntarla	2015	12	17	351	15.7	31.5	20.6	-999.9	0.0	2.3	97696.3	-999.9
Ntarla	2015	12	18	352	17.6	30.7	20.7	-999.9	0.0	2.6	97796.4	-999.9
Ntarla	2015	12	19	353	15.7	29.7	20.7	-999.9	0.0	2.4	97803.7	-999.9
Ntarla	2015	12	20	354	15.9	29.8	20.5	-999.9	0.0	2.3	97749.4	-999.9
Ntarla	2015	12	21	355	16.5	30.3	18.9	-999.9	0.0	2.2	97694.7	-999.9
Ntarla	2015	12	22	356	17.2	31.2	18.6	-999.9	0.0	2.1	97708.4	-999.9
Ntarla	2015	12	23	357	17.1	30.5	17.8	-999.9	0.2	2.2	97689.1	-999.9
Ntarla	2015	12	24	358	17.2	30.3	18.4	-999.9	0.0	2.6	97759.3	-999.9
Ntarla	2015	12	25	359	16.0	30.4	20.5	-999.9	0.0	2.7	97798.1	-999.9
Ntarla	2015	12	26	360	16.0	30.7	20.4	-999.9	0.0	2.5	97751.2	-999.9
Ntarla	2015	12	27	361	16.5	29.9	18.4	-999.9	0.1	2.5	97691.5	-999.9
Ntarla	2015	12	28	362	14.6	28.7	16.9	-999.9	0.2	2.4	97831.4	-999.9
Ntarla	2015	12	29	363	15.8	29.2	17.8	-999.9	0.0	2.4	97840.1	-999.9
Ntarla	2015	12	30	364	15.6	31.1	19.5	-999.9	0.0	2.2	97784.8	-999.9
Ntarla	2015	12	31	365	17.2	30.8	17.9	-999.9	0.1	2.3	97687.5	-999.9
