Ntarla	2021	1	1	1	16.4	34.3	20.3	-999.9	0.0	1.8	97289.3	-999.9
Ntarla	2021	1	2	2	19.0	34.0	20.3	-999.9	0.0	1.6	97229.1	-999.9
Ntarla	2021	1	3	3	17.9	34.5	20.3	-999.9	0.0	1.5	97204.0	-999.9
Ntarla	2021	1	4	4	20.1	35.0	20.4	-999.9	0.0	2.1	97227.7	-999.9
Ntarla	2021	1	5	5	20.3	34.5	20.6	-999.9	0.0	2.5	97266.9	-999.9
Ntarla	2021	1	6	6	19.1	34.8	20.9	-999.9	0.0	2.5	97337.9	-999.9
Ntarla	2021	1	7	7	20.6	35.2	20.5	-999.9	0.0	2.4	97346.2	-999.9
Ntarla	2021	1	8	8	18.0	36.2	20.7	-999.9	0.0	2.2	97265.2	-999.9
Ntarla	2021	1	9	9	17.6	36.3	20.7	-999.9	0.0	1.9	97215.8	-999.9
Ntarla	2021	1	10	10	18.7	36.6	20.8	-999.9	0.0	2.2	97119.8	-999.9
Ntarla	2021	1	11	11	19.7	34.3	20.9	-999.9	0.0	2.6	97232.0	-999.9
Ntarla	2021	1	12	12	19.0	34.2	21.0	-999.9	0.0	2.4	97365.4	-999.9
Ntarla	2021	1	13	13	18.0	33.9	21.2	-999.9	0.0	2.3	97459.2	-999.9
Ntarla	2021	1	14	14	17.4	33.9	21.3	-999.9	0.0	2.2	97419.0	-999.9
Ntarla	2021	1	15	15	17.7	33.3	21.4	-999.9	0.0	2.3	97354.3	-999.9
Ntarla	2021	1	16	16	17.1	32.6	21.1	-999.9	0.0	2.7	97306.9	-999.9
Ntarla	2021	1	17	17	17.2	31.9	21.3	-999.9	0.0	2.5	97383.9	-999.9
Ntarla	2021	1	18	18	16.5	33.2	21.3	-999.9	0.0	2.4	97408.7	-999.9
Ntarla	2021	1	19	19	18.0	34.3	21.5	-999.9	0.0	2.5	97428.5	-999.9
Ntarla	2021	1	20	20	19.1	34.4	21.5	-999.9	0.0	2.6	97404.2	-999.9
Ntarla	2021	1	21	21	18.8	32.7	21.8	-999.9	0.0	2.8	97472.0	-999.9
Ntarla	2021	1	22	22	17.8	32.0	21.7	-999.9	0.0	2.5	97544.4	-999.9
Ntarla	2021	1	23	23	17.0	31.3	20.1	-999.9	0.0	2.2	97510.7	-999.9
Ntarla	2021	1	24	24	15.2	32.1	22.0	-999.9	0.0	2.2	97409.8	-999.9
Ntarla	2021	1	25	25	16.2	33.3	22.0	-999.9	0.0	2.1	97377.0	-999.9
Ntarla	2021	1	26	26	17.0	34.2	21.9	-999.9	0.0	2.2	97377.9	-999.9
Ntarla	2021	1	27	27	17.9	34.0	22.0	-999.9	0.0	2.3	97379.1	-999.9
Ntarla	2021	1	28	28	17.7	34.1	22.0	-999.9	0.0	2.2	97345.1	-999.9
Ntarla	2021	1	29	29	17.4	34.7	21.9	-999.9	0.0	2.1	97403.2	-999.9
Ntarla	2021	1	30	30	18.8	34.5	21.9	-999.9	0.0	2.3	97419.3	-999.9
Ntarla	2021	1	31	31	16.9	33.6	22.0	-999.9	0.0	2.2	97403.2	-999.9
Ntarla	2021	2	1	32	17.0	33.4	22.2	-999.9	0.0	2.2	97402.2	-999.9
Ntarla	2021	2	2	33	16.9	33.6	22.3	-999.9	0.0	2.2	97436.3	-999.9
Ntarla	2021	2	3	34	16.1	34.7	22.4	-999.9	0.0	1.7	97408.6	-999.9
Ntarla	2021	2	4	35	16.7	35.8	21.6	-999.9	0.0	1.9	97278.2	-999.9
Ntarla	2021	2	5	36	18.4	36.6	22.0	-999.9	0.0	2.1	97257.8	-999.9
Ntarla	2021	2	6	37	17.9	36.8	21.9	-999.9	0.0	1.6	97250.8	-999.9
Ntarla	2021	2	7	38	21.6	34.1	21.1	-999.9	0.0	3.3	97311.7	-999.9
Ntarla	2021	2	8	39	18.9	34.8	22.1	-999.9	0.0	2.5	97295.5	-999.9
Ntarla	2021	2	9	40	19.1	34.9	22.2	-999.9	0.0	2.2	97298.1	-999.9
Ntarla	2021	2	10	41	19.4	36.1	22.4	-999.9	0.0	2.2	97274.2	-999.9
Ntarla	2021	2	11	42	19.8	36.8	22.5	-999.9	0.0	2.2	97230.5	-999.9
Ntarla	2021	2	12	43	18.3	37.3	22.6	-999.9	0.0	2.1	97146.8	-999.9
Ntarla	2021	2	13	44	18.5	37.7	22.7	-999.9	0.0	2.1	97017.3	-999.9
Ntarla	2021	2	14	45	19.6	37.2	22.0	-999.9	0.0	1.9	96937.0	-999.9
Ntarla	2021	2	15	46	21.2	37.8	22.2	-999.9	0.0	2.1	96951.6	-999.9
Ntarla	2021	2	16	47	22.4	37.1	21.4	-999.9	0.0	1.7	96971.3	-999.9
Ntarla	2021	2	17	48	23.8	35.9	20.0	-999.9	0.0	2.3	97102.4	-999.9
Ntarla	2021	2	18	49	23.3	35.0	21.9	-999.9	0.0	1.5	97327.4	-999.9
Ntarla	2021	2	19	50	21.5	35.3	22.8	-999.9	0.0	2.2	97476.9	-999.9
Ntarla	2021	2	20	51	22.2	34.8	22.3	-999.9	0.0	2.2	97528.6	-999.9
Ntarla	2021	2	21	52	21.4	35.7	23.3	-999.9	0.0	2.5	97405.4	-999.9
Ntarla	2021	2	22	53	21.3	35.0	23.5	-999.9	0.0	3.0	97377.0	-999.9
Ntarla	2021	2	23	54	20.2	34.8	24.0	-999.9	0.0	2.6	97417.4	-999.9
Ntarla	2021	2	24	55	20.1	35.1	24.0	-999.9	0.0	2.3	97425.4	-999.9
Ntarla	2021	2	25	56	19.5	34.7	24.1	-999.9	0.0	2.9	97402.9	-999.9
Ntarla	2021	2	26	57	19.0	33.8	23.9	-999.9	0.0	2.6	97341.8	-999.9
Ntarla	2021	2	27	58	19.2	34.1	23.6	-999.9	0.0	2.3	97184.8	-999.9
Ntarla	2021	2	28	59	21.8	36.6	23.0	-999.9	0.0	2.1	97025.3	-999.9
Ntarla	2021	3	1	60	21.3	37.6	23.5	-999.9	0.0	2.2	97013.7	-999.9
Ntarla	2021	3	2	61	26.5	38.1	21.5	-999.9	0.0	2.9	97061.9	-999.9
Ntarla	2021	3	3	62	23.1	38.3	23.0	-999.9	0.0	2.2	97102.2	-999.9
Ntarla	2021	3	4	63	23.7	39.2	23.1	-999.9	0.0	2.5	97008.4	-999.9
Ntarla	2021	3	5	64	24.0	37.8	24.1	-999.9	0.0	2.2	97022.3	-999.9
Ntarla	2021	3	6	65	22.2	37.7	22.0	-999.9	0.0	2.0	97109.4	-999.9
Ntarla	2021	3	7	66	25.6	37.8	21.5	-999.9	0.0	1.4	97145.4	-999.9
Ntarla	2021	3	8	67	24.4	38.1	23.7	-999.9	0.0	1.4	97012.8	-999.9
Ntarla	2021	3	9	68	24.2	38.4	23.8	-999.9	0.0	2.1	96929.0	-999.9
Ntarla	2021	3	10	69	22.9	37.0	24.4	-999.9	0.0	2.2	97031.1	-999.9
Ntarla	2021	3	11	70	24.4	35.9	24.2	-999.9	0.0	2.4	97076.9	-999.9
Ntarla	2021	3	12	71	22.2	33.7	24.7	-999.9	0.0	3.0	97188.0	-999.9
Ntarla	2021	3	13	72	20.6	34.4	24.8	-999.9	0.0	2.5	97272.5	-999.9
Ntarla	2021	3	14	73	21.0	35.8	24.2	-999.9	0.0	2.0	97280.9	-999.9
Ntarla	2021	3	15	74	22.6	36.9	24.5	-999.9	0.0	1.9	97125.5	-999.9
Ntarla	2021	3	16	75	22.6	36.8	24.8	-999.9	0.0	1.6	97014.6	-999.9
Ntarla	2021	3	17	76	24.0	36.9	23.0	-999.9	0.0	1.6	97005.2	-999.9
Ntarla	2021	3	18	77	24.4	36.7	24.1	-999.9	0.0	1.7	97076.9	-999.9
Ntarla	2021	3	19	78	23.8	37.3	23.0	-999.9	0.0	1.2	97018.6	-999.9
Ntarla	2021	3	20	79	26.2	37.0	22.5	-999.9	2.3	1.9	97003.0	-999.9
Ntarla	2021	3	21	80	25.8	36.9	21.1	-999.9	0.0	1.6	97044.9	-999.9
Ntarla	2021	3	22	81	25.5	35.7	21.9	-999.9	0.0	2.0	97043.5	-999.9
Ntarla	2021	3	23	82	25.5	38.8	24.7	-999.9	0.0	2.0	97170.3	-999.9
Ntarla	2021	3	24	83	23.5	39.0	25.1	-999.9	0.0	2.1	97290.7	-999.9
Ntarla	2021	3	25	84	23.3	38.6	25.5	-999.9	0.0	2.3	97241.3	-999.9
Ntarla	2021	3	26	85	24.0	38.4	25.8	-999.9	0.0	2.6	97202.9	-999.9
Ntarla	2021	3	27	86	23.4	38.8	26.0	-999.9	0.0	2.6	97077.6	-999.9
Ntarla	2021	3	28	87	26.3	37.2	23.2	-999.9	0.0	2.3	97174.4	-999.9
Ntarla	2021	3	29	88	21.6	37.4	26.0	-999.9	0.0	2.5	97220.0	-999.9
Ntarla	2021	3	30	89	20.4	37.9	26.3	-999.9	3.2	2.3	97172.6	-999.9
Ntarla	2021	3	31	90	20.9	38.6	26.2	-999.9	0.0	2.3	97064.9	-999.9
Ntarla	2021	4	1	91	21.6	39.2	26.2	-999.9	0.0	2.6	97123.5	-999.9
Ntarla	2021	4	2	92	24.1	39.3	26.5	-999.9	0.0	2.9	97201.7	-999.9
Ntarla	2021	4	3	93	21.4	39.1	26.4	-999.9	0.0	1.9	97120.0	-999.9
Ntarla	2021	4	4	94	20.6	38.8	26.3	-999.9	0.0	1.6	97065.8	-999.9
Ntarla	2021	4	5	95	21.9	39.4	25.8	-999.9	0.0	1.9	97028.2	-999.9
Ntarla	2021	4	6	96	23.9	39.2	24.7	-999.9	0.0	1.9	97023.8	-999.9
Ntarla	2021	4	7	97	23.8	39.5	23.7	-999.9	0.0	2.0	97103.2	-999.9
Ntarla	2021	4	8	98	23.8	41.0	24.9	-999.9	0.0	2.7	97094.4	-999.9
Ntarla	2021	4	9	99	26.0	40.8	26.5	-999.9	0.0	2.6	96960.3	-999.9
Ntarla	2021	4	10	100	22.8	40.4	26.1	-999.9	0.0	1.9	96886.4	-999.9
Ntarla	2021	4	11	101	23.1	39.8	25.2	-999.9	0.0	2.1	96899.2	-999.9
Ntarla	2021	4	12	102	25.4	39.8	25.2	-999.9	0.0	2.2	97010.9	-999.9
Ntarla	2021	4	13	103	26.8	39.6	23.6	-999.9	0.0	2.1	97070.4	-999.9
Ntarla	2021	4	14	104	27.7	37.7	23.3	-999.9	1.9	2.8	97110.7	-999.9
Ntarla	2021	4	15	105	26.8	37.9	23.4	-999.9	0.0	2.0	97027.5	-999.9
Ntarla	2021	4	16	106	27.2	38.8	22.6	-999.9	0.0	1.9	96834.7	-999.9
Ntarla	2021	4	17	107	26.7	37.7	22.9	-999.9	0.0	2.6	97013.8	-999.9
Ntarla	2021	4	18	108	24.7	38.7	24.6	-999.9	0.0	1.6	97110.8	-999.9
Ntarla	2021	4	19	109	23.7	39.1	25.2	-999.9	0.0	1.7	97061.0	-999.9
Ntarla	2021	4	20	110	25.9	38.6	23.3	-999.9	0.0	1.9	96961.9	-999.9
Ntarla	2021	4	21	111	27.8	39.0	24.2	-999.9	0.0	2.2	96960.6	-999.9
Ntarla	2021	4	22	112	27.8	39.5	21.9	-999.9	6.1	2.7	97072.8	-999.9
Ntarla	2021	4	23	113	26.5	39.0	23.5	-999.9	3.0	1.8	97055.4	-999.9
Ntarla	2021	4	24	114	27.6	38.9	24.2	-999.9	0.0	1.9	96941.7	-999.9
Ntarla	2021	4	25	115	26.9	39.1	25.2	-999.9	0.0	2.3	96942.5	-999.9
Ntarla	2021	4	26	116	27.2	39.1	24.6	-999.9	0.0	2.1	96981.7	-999.9
Ntarla	2021	4	27	117	28.1	39.3	24.5	-999.9	0.0	2.3	96863.2	-999.9
Ntarla	2021	4	28	118	27.4	39.7	23.6	-999.9	3.3	2.4	96893.9	-999.9
Ntarla	2021	4	29	119	28.1	38.4	24.1	-999.9	0.0	2.7	96959.4	-999.9
Ntarla	2021	4	30	120	27.6	38.2	22.4	-999.9	0.0	2.3	96963.4	-999.9
Ntarla	2021	5	1	121	26.5	38.9	25.7	-999.9	0.0	1.4	97034.8	-999.9
Ntarla	2021	5	2	122	25.8	39.2	23.4	-999.9	0.0	2.2	96901.1	-999.9
Ntarla	2021	5	3	123	27.7	37.8	23.3	-999.9	0.0	2.6	96938.4	-999.9
Ntarla	2021	5	4	124	26.8	37.2	23.2	-999.9	0.0	2.7	97003.0	-999.9
Ntarla	2021	5	5	125	27.5	37.7	23.6	-999.9	0.0	2.8	97010.2	-999.9
Ntarla	2021	5	6	126	26.9	38.1	22.0	-999.9	11.6	2.6	97099.3	-999.9
Ntarla	2021	5	7	127	27.7	36.7	24.4	-999.9	0.0	2.6	97332.3	-999.9
Ntarla	2021	5	8	128	25.5	37.3	24.8	-999.9	0.0	2.0	97265.4	-999.9
Ntarla	2021	5	9	129	27.4	37.3	24.7	-999.9	0.0	2.8	97208.7	-999.9
Ntarla	2021	5	10	130	27.2	36.9	24.3	-999.9	5.8	2.0	97222.4	-999.9
Ntarla	2021	5	11	131	25.7	37.0	24.9	-999.9	0.0	1.8	97297.9	-999.9
Ntarla	2021	5	12	132	24.8	34.3	16.7	-999.9	3.5	1.9	97372.0	-999.9
Ntarla	2021	5	13	133	25.1	36.9	25.8	-999.9	0.0	2.1	97079.0	-999.9
Ntarla	2021	5	14	134	25.1	37.3	25.6	-999.9	3.5	2.2	96990.7	-999.9
Ntarla	2021	5	15	135	27.1	36.9	23.1	-999.9	7.1	2.1	97100.0	-999.9
Ntarla	2021	5	16	136	26.4	36.5	24.7	-999.9	0.0	1.8	97164.0	-999.9
Ntarla	2021	5	17	137	26.9	38.4	24.6	-999.9	0.0	2.0	97105.6	-999.9
Ntarla	2021	5	18	138	27.3	38.2	24.9	-999.9	0.0	2.0	97138.8	-999.9
Ntarla	2021	5	19	139	27.5	37.4	24.9	-999.9	11.6	2.2	97233.7	-999.9
Ntarla	2021	5	20	140	27.7	37.2	24.6	-999.9	3.9	2.2	97281.8	-999.9
Ntarla	2021	5	21	141	27.5	35.7	23.5	-999.9	0.0	2.3	97259.3	-999.9
Ntarla	2021	5	22	142	26.8	37.4	24.8	-999.9	0.0	1.7	97290.8	-999.9
Ntarla	2021	5	23	143	27.4	37.3	23.6	-999.9	3.0	2.4	97304.2	-999.9
Ntarla	2021	5	24	144	26.7	37.4	23.2	-999.9	0.0	1.9	97263.2	-999.9
Ntarla	2021	5	25	145	26.9	35.5	22.1	-999.9	0.0	2.4	97285.3	-999.9
Ntarla	2021	5	26	146	26.9	36.8	24.6	-999.9	0.0	2.0	97234.0	-999.9
Ntarla	2021	5	27	147	25.7	36.7	24.4	-999.9	0.0	2.4	97101.3	-999.9
Ntarla	2021	5	28	148	27.4	36.5	24.5	-999.9	0.0	2.4	97093.5	-999.9
Ntarla	2021	5	29	149	26.8	35.6	24.1	-999.9	11.4	2.0	97157.3	-999.9
Ntarla	2021	5	30	150	27.4	36.1	23.0	-999.9	0.0	2.1	97085.3	-999.9
Ntarla	2021	5	31	151	26.4	35.8	24.4	-999.9	0.0	2.4	97175.6	-999.9
Ntarla	2021	6	1	152	28.0	36.4	21.7	-999.9	0.0	3.1	97138.6	-999.9
Ntarla	2021	6	2	153	26.2	36.8	24.8	-999.9	0.0	2.4	97142.8	-999.9
Ntarla	2021	6	3	154	27.4	36.9	24.4	-999.9	0.0	2.1	97245.5	-999.9
Ntarla	2021	6	4	155	26.3	36.8	24.6	-999.9	0.0	1.8	97245.5	-999.9
Ntarla	2021	6	5	156	26.5	36.8	22.8	-999.9	0.0	2.7	97177.6	-999.9
Ntarla	2021	6	6	157	26.3	35.9	24.9	-999.9	16.8	2.6	97092.7	-999.9
Ntarla	2021	6	7	158	26.2	33.7	23.0	-999.9	0.0	2.2	97204.3	-999.9
Ntarla	2021	6	8	159	26.0	35.7	24.6	-999.9	0.0	1.9	97227.0	-999.9
Ntarla	2021	6	9	160	24.6	33.1	16.6	-999.9	11.2	1.6	97240.3	-999.9
Ntarla	2021	6	10	161	24.7	34.3	24.5	-999.9	0.0	2.2	97216.0	-999.9
Ntarla	2021	6	11	162	25.2	33.9	21.6	-999.9	6.5	2.3	97280.2	-999.9
Ntarla	2021	6	12	163	25.3	35.4	24.3	-999.9	0.0	2.1	97334.6	-999.9
Ntarla	2021	6	13	164	27.1	35.5	24.1	-999.9	0.0	2.1	97331.9	-999.9
Ntarla	2021	6	14	165	24.9	35.4	22.7	-999.9	6.5	2.1	97369.8	-999.9
Ntarla	2021	6	15	166	24.8	34.9	23.9	-999.9	13.1	2.1	97358.9	-999.9
Ntarla	2021	6	16	167	25.9	35.3	23.4	-999.9	3.1	2.7	97368.2	-999.9
Ntarla	2021	6	17	168	25.8	35.2	24.2	-999.9	3.1	2.7	97385.8	-999.9
Ntarla	2021	6	18	169	26.3	35.5	24.3	-999.9	6.2	2.7	97349.1	-999.9
Ntarla	2021	6	19	170	26.0	34.9	24.2	-999.9	0.0	1.9	97386.4	-999.9
Ntarla	2021	6	20	171	25.7	34.7	24.3	-999.9	3.1	1.9	97416.9	-999.9
Ntarla	2021	6	21	172	24.5	32.7	22.4	-999.9	11.6	2.3	97468.7	-999.9
Ntarla	2021	6	22	173	23.5	32.2	19.6	-999.9	34.8	2.3	97423.6	-999.9
Ntarla	2021	6	23	174	23.5	32.9	24.9	-999.9	0.0	1.7	97244.4	-999.9
Ntarla	2021	6	24	175	23.8	31.9	22.1	-999.9	11.6	2.1	97372.1	-999.9
Ntarla	2021	6	25	176	24.1	32.1	23.0	-999.9	0.0	1.7	97481.6	-999.9
Ntarla	2021	6	26	177	23.7	32.7	24.3	-999.9	0.0	1.7	97384.5	-999.9
Ntarla	2021	6	27	178	24.7	34.3	24.2	-999.9	0.0	1.6	97339.5	-999.9
Ntarla	2021	6	28	179	25.5	35.0	24.7	-999.9	0.0	2.9	97334.3	-999.9
Ntarla	2021	6	29	180	24.4	34.7	24.7	-999.9	0.0	2.7	97399.9	-999.9
Ntarla	2021	6	30	181	25.5	32.8	21.7	-999.9	12.9	1.8	97479.3	-999.9
Ntarla	2021	7	1	182	25.3	33.6	24.0	-999.9	0.0	2.1	97512.9	-999.9
Ntarla	2021	7	2	183	24.3	32.6	22.8	-999.9	10.2	1.9	97465.9	-999.9
Ntarla	2021	7	3	184	25.5	33.3	22.9	-999.9	0.0	2.8	97409.6	-999.9
Ntarla	2021	7	4	185	24.2	33.3	24.1	-999.9	0.0	2.2	97488.7	-999.9
Ntarla	2021	7	5	186	23.8	28.7	11.0	-999.9	6.8	1.7	97643.8	-999.9
Ntarla	2021	7	6	187	23.3	33.0	24.3	-999.9	0.0	1.7	97506.3	-999.9
Ntarla	2021	7	7	188	25.3	35.0	24.8	-999.9	0.0	3.0	97253.2	-999.9
Ntarla	2021	7	8	189	26.3	34.6	23.1	-999.9	0.0	3.3	97217.1	-999.9
Ntarla	2021	7	9	190	25.0	32.8	21.1	-999.9	3.7	3.3	97285.3	-999.9
Ntarla	2021	7	10	191	23.6	29.2	16.1	-999.9	7.4	2.4	97438.1	-999.9
Ntarla	2021	7	11	192	23.6	28.9	17.4	-999.9	22.3	1.6	97561.4	-999.9
Ntarla	2021	7	12	193	22.9	31.1	20.2	-999.9	0.0	1.8	97583.0	-999.9
Ntarla	2021	7	13	194	23.6	32.4	24.1	-999.9	0.0	2.0	97442.6	-999.9
Ntarla	2021	7	14	195	23.4	31.0	21.0	-999.9	0.0	2.5	97359.8	-999.9
Ntarla	2021	7	15	196	23.6	32.3	23.1	-999.9	0.0	1.8	97353.0	-999.9
Ntarla	2021	7	16	197	24.3	31.6	21.4	-999.9	23.5	1.8	97370.6	-999.9
Ntarla	2021	7	17	198	25.2	31.7	21.0	-999.9	0.0	1.7	97451.0	-999.9
Ntarla	2021	7	18	199	24.4	30.8	17.8	-999.9	0.0	2.4	97495.9	-999.9
Ntarla	2021	7	19	200	24.2	33.3	24.2	-999.9	5.9	2.4	97372.4	-999.9
Ntarla	2021	7	20	201	24.7	33.4	23.8	-999.9	0.0	2.6	97427.0	-999.9
Ntarla	2021	7	21	202	24.8	33.2	22.8	-999.9	15.7	3.0	97583.7	-999.9
Ntarla	2021	7	22	203	23.7	29.5	13.9	-999.9	23.6	2.7	97578.2	-999.9
Ntarla	2021	7	23	204	23.0	30.3	17.6	-999.9	0.0	1.6	97489.0	-999.9
Ntarla	2021	7	24	205	22.8	29.5	18.5	-999.9	0.0	2.3	97456.5	-999.9
Ntarla	2021	7	25	206	23.2	30.3	21.7	-999.9	0.0	2.4	97450.0	-999.9
Ntarla	2021	7	26	207	23.3	31.0	21.4	-999.9	0.0	2.3	97354.6	-999.9
Ntarla	2021	7	27	208	24.1	30.8	19.1	-999.9	0.0	2.3	97356.2	-999.9
Ntarla	2021	7	28	209	23.9	29.7	17.2	-999.9	17.8	2.3	97314.5	-999.9
Ntarla	2021	7	29	210	23.2	25.5	10.2	-999.9	8.9	1.7	97395.3	-999.9
Ntarla	2021	7	30	211	22.9	26.3	9.2	-999.9	17.8	1.7	97438.3	-999.9
Ntarla	2021	7	31	212	22.8	29.5	17.8	-999.9	17.8	1.8	97481.0	-999.9
Ntarla	2021	8	1	213	22.5	26.6	14.4	-999.9	0.0	2.7	97628.1	-999.9
Ntarla	2021	8	2	214	21.8	29.1	19.6	-999.9	0.0	2.4	97664.6	-999.9
Ntarla	2021	8	3	215	23.7	29.8	18.9	-999.9	0.0	2.4	97578.6	-999.9
Ntarla	2021	8	4	216	23.2	26.8	11.7	-999.9	37.6	1.9	97560.7	-999.9
Ntarla	2021	8	5	217	22.7	28.8	18.4	-999.9	12.5	2.2	97617.1	-999.9
Ntarla	2021	8	6	218	22.4	27.9	16.9	-999.9	22.7	2.4	97726.5	-999.9
Ntarla	2021	8	7	219	23.4	29.3	18.5	-999.9	15.1	2.5	97659.2	-999.9
Ntarla	2021	8	8	220	22.4	30.5	20.7	-999.9	0.0	2.3	97505.5	-999.9
Ntarla	2021	8	9	221	23.2	30.1	20.9	-999.9	7.6	2.0	97515.9	-999.9
Ntarla	2021	8	10	222	22.5	28.3	12.1	-999.9	37.8	1.7	97549.1	-999.9
Ntarla	2021	8	11	223	23.5	29.6	19.3	-999.9	23.6	1.6	97399.9	-999.9
Ntarla	2021	8	12	224	23.2	30.3	20.6	-999.9	0.0	1.5	97293.8	-999.9
Ntarla	2021	8	13	225	22.8	29.0	17.8	-999.9	11.8	2.0	97442.8	-999.9
Ntarla	2021	8	14	226	22.6	28.4	17.8	-999.9	11.8	2.2	97433.1	-999.9
Ntarla	2021	8	15	227	22.8	25.8	8.3	-999.9	0.0	1.7	97239.1	-999.9
Ntarla	2021	8	16	228	21.9	28.9	16.9	-999.9	0.0	1.9	97335.7	-999.9
Ntarla	2021	8	17	229	22.7	28.8	16.0	-999.9	7.3	2.0	97469.2	-999.9
Ntarla	2021	8	18	230	22.8	26.5	12.3	-999.9	0.0	2.6	97518.2	-999.9
Ntarla	2021	8	19	231	21.3	29.8	21.5	-999.9	0.0	1.8	97484.9	-999.9
Ntarla	2021	8	20	232	22.8	30.0	21.8	-999.9	7.3	1.9	97349.7	-999.9
Ntarla	2021	8	21	233	22.7	31.0	22.3	-999.9	8.2	1.9	97245.1	-999.9
Ntarla	2021	8	22	234	22.6	30.4	23.3	-999.9	0.0	1.9	97268.8	-999.9
Ntarla	2021	8	23	235	22.9	29.9	22.3	-999.9	0.0	1.6	97292.1	-999.9
Ntarla	2021	8	24	236	22.7	31.3	23.5	-999.9	0.0	1.5	97180.7	-999.9
Ntarla	2021	8	25	237	23.8	30.4	21.5	-999.9	32.8	1.9	97094.4	-999.9
Ntarla	2021	8	26	238	23.6	29.4	17.3	-999.9	14.9	1.7	97359.4	-999.9
Ntarla	2021	8	27	239	22.6	28.8	16.1	-999.9	7.4	1.3	97515.2	-999.9
Ntarla	2021	8	28	240	22.1	29.6	21.4	-999.9	14.9	1.7	97436.1	-999.9
Ntarla	2021	8	29	241	23.4	29.1	16.4	-999.9	14.9	1.1	97255.1	-999.9
Ntarla	2021	8	30	242	23.7	30.8	21.6	-999.9	7.4	1.6	97205.8	-999.9
Ntarla	2021	8	31	243	22.9	29.4	18.7	-999.9	7.4	1.4	97354.1	-999.9
Ntarla	2021	9	1	244	21.6	30.4	23.8	-999.9	0.0	1.9	97429.2	-999.9
Ntarla	2021	9	2	245	23.4	31.3	22.7	-999.9	10.5	2.2	97251.9	-999.9
Ntarla	2021	9	3	246	23.8	29.1	15.9	-999.9	0.0	2.0	97334.9	-999.9
Ntarla	2021	9	4	247	22.8	30.1	21.2	-999.9	0.0	2.0	97392.3	-999.9
Ntarla	2021	9	5	248	23.3	30.6	24.2	-999.9	0.0	2.1	97424.9	-999.9
Ntarla	2021	9	6	249	23.5	30.1	20.4	-999.9	5.1	1.1	97427.2	-999.9
Ntarla	2021	9	7	250	22.3	31.2	24.5	-999.9	0.0	1.4	97418.9	-999.9
Ntarla	2021	9	8	251	23.7	31.5	22.5	-999.9	10.2	1.8	97290.6	-999.9
Ntarla	2021	9	9	252	23.9	28.8	12.3	-999.9	20.3	1.6	97231.0	-999.9
Ntarla	2021	9	10	253	22.5	29.2	17.8	-999.9	0.0	2.4	97508.2	-999.9
Ntarla	2021	9	11	254	22.5	29.8	21.3	-999.9	13.7	1.7	97702.0	-999.9
Ntarla	2021	9	12	255	22.5	30.7	23.4	-999.9	13.7	1.4	97465.3	-999.9
Ntarla	2021	9	13	256	22.2	31.1	24.2	-999.9	0.0	1.6	97337.9	-999.9
Ntarla	2021	9	14	257	23.4	31.2	24.0	-999.9	0.0	1.6	97280.1	-999.9
Ntarla	2021	9	15	258	23.4	30.4	18.0	-999.9	0.0	1.5	97363.8	-999.9
Ntarla	2021	9	16	259	22.6	29.3	19.6	-999.9	0.0	1.3	97569.5	-999.9
Ntarla	2021	9	17	260	22.1	30.2	22.7	-999.9	9.5	1.1	97512.5	-999.9
Ntarla	2021	9	18	261	23.0	31.8	23.9	-999.9	9.5	1.6	97363.1	-999.9
Ntarla	2021	9	19	262	22.5	31.1	23.5	-999.9	0.0	1.6	97356.3	-999.9
Ntarla	2021	9	20	263	22.9	31.5	23.4	-999.9	9.5	1.3	97380.5	-999.9
Ntarla	2021	9	21	264	23.4	31.5	23.3	-999.9	0.0	1.5	97301.6	-999.9
Ntarla	2021	9	22	265	23.5	31.3	22.2	-999.9	10.8	1.5	97322.9	-999.9
Ntarla	2021	9	23	266	23.5	30.4	17.6	-999.9	10.8	1.5	97405.9	-999.9
Ntarla	2021	9	24	267	23.1	31.2	23.3	-999.9	0.0	1.5	97465.6	-999.9
Ntarla	2021	9	25	268	23.2	31.8	23.2	-999.9	0.0	1.5	97380.1	-999.9
Ntarla	2021	9	26	269	23.0	31.5	23.1	-999.9	0.0	1.7	97438.9	-999.9
Ntarla	2021	9	27	270	23.0	30.9	23.3	-999.9	0.0	1.6	97393.2	-999.9
Ntarla	2021	9	28	271	23.3	31.9	22.8	-999.9	0.0	1.6	97210.4	-999.9
Ntarla	2021	9	29	272	23.0	32.8	22.9	-999.9	0.0	1.3	97219.9	-999.9
Ntarla	2021	9	30	273	23.6	30.4	20.2	-999.9	18.3	1.4	97349.7	-999.9
Ntarla	2021	10	1	274	23.5	30.8	20.1	-999.9	4.5	1.3	97443.4	-999.9
Ntarla	2021	10	2	275	23.5	30.4	21.9	-999.9	0.0	1.8	97370.5	-999.9
Ntarla	2021	10	3	276	22.4	32.0	22.1	-999.9	0.0	1.7	97328.5	-999.9
Ntarla	2021	10	4	277	22.9	33.1	23.2	-999.9	0.0	1.5	97228.6	-999.9
Ntarla	2021	10	5	278	22.7	31.8	21.0	-999.9	0.0	1.5	97301.5	-999.9
Ntarla	2021	10	6	279	23.3	33.4	22.6	-999.9	0.0	1.3	97286.0	-999.9
Ntarla	2021	10	7	280	23.8	33.0	22.8	-999.9	2.5	1.6	97192.5	-999.9
Ntarla	2021	10	8	281	23.8	33.7	22.3	-999.9	10.1	1.4	97163.6	-999.9
Ntarla	2021	10	9	282	23.3	32.7	22.4	-999.9	0.0	1.3	97208.1	-999.9
Ntarla	2021	10	10	283	23.8	31.9	22.0	-999.9	5.1	1.3	97247.8	-999.9
Ntarla	2021	10	11	284	24.1	31.9	21.0	-999.9	5.5	1.8	97368.7	-999.9
Ntarla	2021	10	12	285	23.7	32.7	22.0	-999.9	0.0	1.3	97371.5	-999.9
Ntarla	2021	10	13	286	23.7	33.2	22.0	-999.9	0.0	1.6	97223.1	-999.9
Ntarla	2021	10	14	287	23.2	33.4	23.0	-999.9	0.0	1.8	97164.7	-999.9
Ntarla	2021	10	15	288	22.0	33.3	22.6	-999.9	0.0	1.7	97221.6	-999.9
Ntarla	2021	10	16	289	23.7	32.5	21.1	-999.9	0.0	1.4	97258.2	-999.9
Ntarla	2021	10	17	290	22.5	33.2	21.8	-999.9	0.0	1.4	97184.2	-999.9
Ntarla	2021	10	18	291	21.8	34.3	22.2	-999.9	0.0	1.8	97137.9	-999.9
Ntarla	2021	10	19	292	24.0	32.1	18.3	-999.9	14.6	1.8	97227.0	-999.9
Ntarla	2021	10	20	293	22.8	30.6	20.5	-999.9	0.0	1.5	97393.7	-999.9
Ntarla	2021	10	21	294	22.8	31.4	20.3	-999.9	0.0	1.1	97341.5	-999.9
Ntarla	2021	10	22	295	22.2	31.7	21.1	-999.9	0.0	1.2	97303.3	-999.9
Ntarla	2021	10	23	296	23.3	31.6	20.4	-999.9	0.0	1.3	97388.1	-999.9
Ntarla	2021	10	24	297	22.8	31.6	20.5	-999.9	0.0	1.5	97501.6	-999.9
Ntarla	2021	10	25	298	22.8	32.2	18.3	-999.9	0.0	1.2	97484.9	-999.9
Ntarla	2021	10	26	299	24.8	33.0	20.5	-999.9	0.0	2.0	97408.0	-999.9
Ntarla	2021	10	27	300	23.4	33.2	21.7	-999.9	0.0	1.6	97267.7	-999.9
Ntarla	2021	10	28	301	24.7	32.5	19.8	-999.9	11.2	1.5	97312.3	-999.9
Ntarla	2021	10	29	302	22.7	33.0	21.0	-999.9	0.0	1.5	97278.6	-999.9
Ntarla	2021	10	30	303	22.5	31.7	16.5	-999.9	0.0	1.5	97380.6	-999.9
Ntarla	2021	10	31	304	22.9	34.2	21.1	-999.9	0.0	1.7	97405.9	-999.9
Ntarla	2021	11	1	305	22.2	33.3	18.8	-999.9	0.0	1.8	97405.5	-999.9
Ntarla	2021	11	2	306	22.3	32.7	20.3	-999.9	3.0	1.7	97412.5	-999.9
Ntarla	2021	11	3	307	22.7	32.5	19.2	-999.9	0.0	1.3	97369.8	-999.9
Ntarla	2021	11	4	308	21.9	33.6	21.0	-999.9	0.0	1.3	97305.7	-999.9
Ntarla	2021	11	5	309	22.1	34.3	20.9	-999.9	0.0	1.5	97264.2	-999.9
Ntarla	2021	11	6	310	22.0	34.1	20.9	-999.9	0.0	1.6	97176.9	-999.9
Ntarla	2021	11	7	311	22.3	33.1	20.2	-999.9	0.0	1.3	97162.5	-999.9
Ntarla	2021	11	8	312	22.6	33.0	18.6	-999.9	0.0	1.2	97101.5	-999.9
Ntarla	2021	11	9	313	22.8	33.8	19.7	-999.9	0.0	1.4	97112.3	-999.9
Ntarla	2021	11	10	314	21.6	32.9	20.6	-999.9	0.0	1.2	97237.8	-999.9
Ntarla	2021	11	11	315	21.1	33.0	20.9	-999.9	0.0	1.4	97332.9	-999.9
Ntarla	2021	11	12	316	19.2	30.0	15.9	-999.9	0.0	1.6	97247.5	-999.9
Ntarla	2021	11	13	317	19.2	31.7	21.7	-999.9	0.0	2.3	97260.0	-999.9
Ntarla	2021	11	14	318	19.6	32.5	21.4	-999.9	0.0	2.1	97336.2	-999.9
Ntarla	2021	11	15	319	19.7	33.2	21.5	-999.9	0.0	2.0	97367.3	-999.9
Ntarla	2021	11	16	320	20.0	33.1	21.4	-999.9	0.0	2.3	97249.6	-999.9
Ntarla	2021	11	17	321	20.5	33.2	21.3	-999.9	0.0	2.0	97188.3	-999.9
Ntarla	2021	11	18	322	19.8	33.5	21.3	-999.9	0.0	2.2	97280.8	-999.9
Ntarla	2021	11	19	323	18.8	33.9	21.5	-999.9	0.0	2.1	97350.8	-999.9
Ntarla	2021	11	20	324	17.9	33.6	21.5	-999.9	0.0	2.2	97294.3	-999.9
Ntarla	2021	11	21	325	18.9	34.2	21.5	-999.9	0.0	2.5	97206.0	-999.9
Ntarla	2021	11	22	326	18.2	33.7	21.4	-999.9	0.0	2.4	97284.9	-999.9
Ntarla	2021	11	23	327	18.7	33.7	21.3	-999.9	0.0	2.4	97416.7	-999.9
Ntarla	2021	11	24	328	19.0	34.5	21.1	-999.9	0.0	2.4	97376.8	-999.9
Ntarla	2021	11	25	329	19.0	34.3	21.0	-999.9	0.0	2.1	97274.8	-999.9
Ntarla	2021	11	26	330	17.6	34.2	21.0	-999.9	0.0	2.0	97259.5	-999.9
Ntarla	2021	11	27	331	18.2	34.4	20.9	-999.9	0.0	1.4	97280.7	-999.9
Ntarla	2021	11	28	332	20.1	34.4	19.8	-999.9	0.0	1.6	97232.1	-999.9
Ntarla	2021	11	29	333	19.2	33.4	20.9	-999.9	0.0	2.1	97282.1	-999.9
Ntarla	2021	11	30	334	17.5	33.0	20.7	-999.9	0.0	1.7	97291.9	-999.9
Ntarla	2021	12	1	335	17.9	33.6	20.4	-999.9	0.0	1.8	97281.1	-999.9
Ntarla	2021	12	2	336	18.0	34.2	20.7	-999.9	0.0	1.6	97160.2	-999.9
Ntarla	2021	12	3	337	18.1	34.5	20.6	-999.9	0.0	1.8	97157.7	-999.9
Ntarla	2021	12	4	338	17.9	34.0	20.6	-999.9	0.0	2.0	97302.3	-999.9
Ntarla	2021	12	5	339	17.6	33.3	20.8	-999.9	0.0	2.1	97397.2	-999.9
Ntarla	2021	12	6	340	18.6	32.1	20.6	-999.9	0.0	2.2	97415.8	-999.9
Ntarla	2021	12	7	341	18.0	32.9	20.6	-999.9	0.0	2.1	97435.4	-999.9
Ntarla	2021	12	8	342	17.7	33.8	20.6	-999.9	0.0	1.9	97436.5	-999.9
Ntarla	2021	12	9	343	18.3	33.4	20.7	-999.9	0.0	2.1	97276.5	-999.9
Ntarla	2021	12	10	344	18.7	32.2	20.5	-999.9	0.0	2.1	97239.4	-999.9
Ntarla	2021	12	11	345	16.4	31.9	20.4	-999.9	0.0	1.8	97175.0	-999.9
Ntarla	2021	12	12	346	17.7	32.9	19.8	-999.9	0.6	2.0	97240.4	-999.9
Ntarla	2021	12	13	347	17.3	33.7	19.8	-999.9	0.0	1.7	97238.2	-999.9
Ntarla	2021	12	14	348	18.9	34.2	20.1	-999.9	0.0	1.7	97144.0	-999.9
Ntarla	2021	12	15	349	18.8	32.5	19.3	-999.9	0.0	2.0	97216.6	-999.9
Ntarla	2021	12	16	350	21.1	33.3	19.5	-999.9	0.0	2.6	97337.1	-999.9
Ntarla	2021	12	17	351	20.3	32.8	20.0	-999.9	0.0	2.6	97421.9	-999.9
Ntarla	2021	12	18	352	20.8	32.8	20.0	-999.9	0.0	2.9	97423.5	-999.9
Ntarla	2021	12	19	353	19.9	31.4	20.2	-999.9	0.0	2.6	97414.5	-999.9
Ntarla	2021	12	20	354	18.2	30.3	20.2	-999.9	0.0	2.6	97485.4	-999.9
Ntarla	2021	12	21	355	17.2	30.5	20.3	-999.9	0.0	2.2	97527.2	-999.9
Ntarla	2021	12	22	356	18.3	30.9	19.5	-999.9	0.0	2.5	97592.0	-999.9
Ntarla	2021	12	23	357	17.7	31.0	20.4	-999.9	0.0	2.5	97441.5	-999.9
Ntarla	2021	12	24	358	17.7	31.9	20.3	-999.9	0.0	2.1	97360.2	-999.9
Ntarla	2021	12	25	359	18.0	31.8	18.8	-999.9	0.0	1.9	97411.5	-999.9
Ntarla	2021	12	26	360	18.2	32.1	19.7	-999.9	0.0	2.1	97406.8	-999.9
Ntarla	2021	12	27	361	19.2	31.5	17.4	-999.9	0.0	2.4	97496.1	-999.9
Ntarla	2021	12	28	362	18.1	31.0	17.9	-999.9	0.0	2.4	97554.7	-999.9
Ntarla	2021	12	29	363	17.0	31.7	20.6	-999.9	0.0	2.1	97525.4	-999.9
Ntarla	2021	12	30	364	16.0	31.9	20.7	-999.9	0.0	2.0	97448.6	-999.9
Ntarla	2021	12	31	365	17.8	32.0	20.5	-999.9	0.0	2.3	97482.2	-999.9
