Ntarla	2011	1	1	1	16.4	29.0	17.8	-999.9	0.0	2.2	97271.4	-999.9
Ntarla	2011	1	2	2	15.6	29.9	20.4	-999.9	0.0	1.9	97180.9	-999.9
Ntarla	2011	1	3	3	15.9	30.6	20.4	-999.9	0.0	2.0	97188.9	-999.9
Ntarla	2011	1	4	4	15.9	31.4	20.7	-999.9	0.0	2.2	97260.3	-999.9
Ntarla	2011	1	5	5	15.8	31.7	20.7	-999.9	0.0	2.1	97279.6	-999.9
Ntarla	2011	1	6	6	15.8	32.2	20.6	-999.9	0.0	2.1	97252.1	-999.9
Ntarla	2011	1	7	7	17.8	32.7	20.6	-999.9	0.0	2.5	97325.6	-999.9
Ntarla	2011	1	8	8	17.9	32.4	20.9	-999.9	0.0	2.7	97344.2	-999.9
Ntarla	2011	1	9	9	17.8	30.9	20.6	-999.9	0.0	2.5	97387.0	-999.9
Ntarla	2011	1	10	10	16.2	29.9	21.0	-999.9	0.0	2.4	97479.7	-999.9
Ntarla	2011	1	11	11	15.4	30.1	21.0	-999.9	0.0	2.3	97549.5	-999.9
Ntarla	2011	1	12	12	15.0	30.0	21.1	-999.9	0.0	2.2	97536.0	-999.9
Ntarla	2011	1	13	13	13.8	30.0	21.2	-999.9	0.0	2.1	97381.6	-999.9
Ntarla	2011	1	14	14	14.1	31.4	20.9	-999.9	0.0	2.1	97292.6	-999.9
Ntarla	2011	1	15	15	17.5	32.7	20.9	-999.9	0.0	2.4	97301.9	-999.9
Ntarla	2011	1	16	16	17.2	31.8	20.8	-999.9	0.0	2.4	97416.0	-999.9
Ntarla	2011	1	17	17	17.8	30.6	20.4	-999.9	0.0	2.5	97447.3	-999.9
Ntarla	2011	1	18	18	15.6	29.8	20.7	-999.9	0.0	2.0	97332.8	-999.9
Ntarla	2011	1	19	19	15.1	30.5	21.2	-999.9	0.0	2.0	97206.8	-999.9
Ntarla	2011	1	20	20	15.6	32.0	21.2	-999.9	0.0	1.9	97048.8	-999.9
Ntarla	2011	1	21	21	16.8	33.0	21.1	-999.9	0.0	1.9	97020.2	-999.9
Ntarla	2011	1	22	22	16.2	33.1	20.6	-999.9	0.0	1.8	97012.7	-999.9
Ntarla	2011	1	23	23	16.8	34.3	21.4	-999.9	0.0	1.8	96983.2	-999.9
Ntarla	2011	1	24	24	16.9	35.1	21.1	-999.9	0.0	2.2	97019.9	-999.9
Ntarla	2011	1	25	25	19.8	35.5	21.1	-999.9	0.0	1.9	97072.1	-999.9
Ntarla	2011	1	26	26	17.9	35.5	21.6	-999.9	0.0	1.7	97077.2	-999.9
Ntarla	2011	1	27	27	18.2	35.6	21.5	-999.9	0.0	2.4	97155.1	-999.9
Ntarla	2011	1	28	28	18.7	36.5	21.8	-999.9	0.0	2.3	97242.6	-999.9
Ntarla	2011	1	29	29	20.3	36.2	21.8	-999.9	0.0	2.7	97270.0	-999.9
Ntarla	2011	1	30	30	18.5	36.0	21.9	-999.9	0.0	2.2	97184.0	-999.9
Ntarla	2011	1	31	31	18.1	35.2	21.5	-999.9	0.0	1.4	97155.5	-999.9
Ntarla	2011	2	1	32	19.1	36.0	21.4	-999.9	0.0	1.6	97098.2	-999.9
Ntarla	2011	2	2	33	24.1	34.4	20.8	-999.9	0.0	2.7	97146.3	-999.9
Ntarla	2011	2	3	34	22.6	31.2	19.1	-999.9	0.0	3.3	97390.9	-999.9
Ntarla	2011	2	4	35	18.2	28.3	21.1	-999.9	0.0	3.6	97614.1	-999.9
Ntarla	2011	2	5	36	15.6	28.2	21.9	-999.9	0.0	2.8	97598.8	-999.9
Ntarla	2011	2	6	37	15.2	30.2	22.1	-999.9	0.0	2.3	97542.9	-999.9
Ntarla	2011	2	7	38	17.1	31.5	19.9	-999.9	0.0	2.1	97466.4	-999.9
Ntarla	2011	2	8	39	18.8	31.6	20.2	-999.9	0.0	2.0	97348.4	-999.9
Ntarla	2011	2	9	40	17.8	32.7	22.0	-999.9	0.0	2.1	97230.6	-999.9
Ntarla	2011	2	10	41	19.4	34.7	21.8	-999.9	0.0	1.8	97168.6	-999.9
Ntarla	2011	2	11	42	20.9	34.9	22.1	-999.9	0.0	1.7	97212.9	-999.9
Ntarla	2011	2	12	43	21.7	34.9	21.4	-999.9	0.0	2.9	97280.1	-999.9
Ntarla	2011	2	13	44	20.2	32.1	22.2	-999.9	0.0	3.1	97417.6	-999.9
Ntarla	2011	2	14	45	20.0	29.1	16.4	-999.9	0.0	2.7	97511.2	-999.9
Ntarla	2011	2	15	46	17.7	31.4	22.1	-999.9	0.0	2.6	97382.3	-999.9
Ntarla	2011	2	16	47	17.3	32.6	22.7	-999.9	0.0	2.3	97229.9	-999.9
Ntarla	2011	2	17	48	19.4	32.7	20.0	-999.9	0.0	2.4	97217.2	-999.9
Ntarla	2011	2	18	49	21.1	33.3	21.5	-999.9	0.0	2.4	97238.3	-999.9
Ntarla	2011	2	19	50	20.5	35.7	22.6	-999.9	0.0	2.9	97260.4	-999.9
Ntarla	2011	2	20	51	22.3	36.3	21.5	-999.9	0.0	2.6	97265.7	-999.9
Ntarla	2011	2	21	52	22.4	35.9	18.4	-999.9	0.0	2.8	97277.9	-999.9
Ntarla	2011	2	22	53	21.0	35.9	23.4	-999.9	0.0	2.2	97174.9	-999.9
Ntarla	2011	2	23	54	20.4	34.8	23.6	-999.9	0.0	2.3	97162.7	-999.9
Ntarla	2011	2	24	55	19.6	35.4	23.9	-999.9	0.0	2.4	97210.1	-999.9
Ntarla	2011	2	25	56	18.8	35.5	23.7	-999.9	0.0	2.0	97033.0	-999.9
Ntarla	2011	2	26	57	20.3	33.7	23.7	-999.9	0.0	2.7	97032.7	-999.9
Ntarla	2011	2	27	58	19.4	32.8	23.7	-999.9	0.0	2.6	97140.8	-999.9
Ntarla	2011	2	28	59	19.1	33.6	23.8	-999.9	0.0	2.3	97241.6	-999.9
Ntarla	2011	3	1	60	19.5	34.7	23.6	-999.9	0.0	1.9	97202.3	-999.9
Ntarla	2011	3	2	61	20.8	35.6	23.8	-999.9	0.0	2.2	97132.5	-999.9
Ntarla	2011	3	3	62	22.6	36.2	23.9	-999.9	0.0	1.9	97086.7	-999.9
Ntarla	2011	3	4	63	21.4	36.6	23.9	-999.9	0.0	2.3	97105.3	-999.9
Ntarla	2011	3	5	64	23.9	37.4	23.4	-999.9	0.0	1.9	97053.5	-999.9
Ntarla	2011	3	6	65	24.9	36.8	21.4	-999.9	0.0	1.6	96986.5	-999.9
Ntarla	2011	3	7	66	25.1	38.0	22.9	-999.9	0.0	1.8	96938.1	-999.9
Ntarla	2011	3	8	67	26.3	38.8	23.0	-999.9	0.0	1.8	96854.7	-999.9
Ntarla	2011	3	9	68	27.0	38.2	23.1	-999.9	0.0	1.8	96811.5	-999.9
Ntarla	2011	3	10	69	27.5	38.0	22.7	-999.9	0.0	2.5	96936.6	-999.9
Ntarla	2011	3	11	70	26.4	37.0	21.2	-999.9	0.0	1.8	96979.8	-999.9
Ntarla	2011	3	12	71	25.6	37.0	21.2	-999.9	0.0	1.5	96939.1	-999.9
Ntarla	2011	3	13	72	25.3	37.8	22.2	-999.9	0.0	1.5	96808.9	-999.9
Ntarla	2011	3	14	73	26.8	38.4	22.6	-999.9	0.0	1.9	96922.2	-999.9
Ntarla	2011	3	15	74	25.6	37.8	22.6	-999.9	0.0	1.5	97102.7	-999.9
Ntarla	2011	3	16	75	26.1	38.3	24.6	-999.9	0.0	2.8	97056.5	-999.9
Ntarla	2011	3	17	76	26.3	38.8	24.8	-999.9	0.0	2.6	96975.2	-999.9
Ntarla	2011	3	18	77	24.2	36.9	22.1	-999.9	0.0	1.6	97008.8	-999.9
Ntarla	2011	3	19	78	25.6	38.3	24.5	-999.9	0.0	1.8	96948.0	-999.9
Ntarla	2011	3	20	79	22.7	37.6	25.0	-999.9	0.0	1.8	96919.5	-999.9
Ntarla	2011	3	21	80	24.0	38.2	24.5	-999.9	0.0	2.1	96973.5	-999.9
Ntarla	2011	3	22	81	22.9	38.1	25.5	-999.9	0.0	2.7	97078.2	-999.9
Ntarla	2011	3	23	82	21.1	37.9	25.7	-999.9	0.0	2.5	97156.8	-999.9
Ntarla	2011	3	24	83	20.7	38.5	25.9	-999.9	0.0	2.5	97160.1	-999.9
Ntarla	2011	3	25	84	22.4	38.8	25.8	-999.9	0.0	2.3	97056.2	-999.9
Ntarla	2011	3	26	85	21.4	38.7	25.4	-999.9	0.0	1.6	97013.7	-999.9
Ntarla	2011	3	27	86	24.2	37.7	21.6	-999.9	0.0	2.2	97136.5	-999.9
Ntarla	2011	3	28	87	25.4	38.3	23.2	-999.9	0.0	1.9	97172.6	-999.9
Ntarla	2011	3	29	88	24.4	38.4	23.0	-999.9	0.0	2.1	97129.9	-999.9
Ntarla	2011	3	30	89	22.7	38.9	24.0	-999.9	0.0	2.1	97097.2	-999.9
Ntarla	2011	3	31	90	23.5	38.8	23.9	-999.9	0.0	2.1	97090.9	-999.9
Ntarla	2011	4	1	91	26.6	39.3	25.1	-999.9	0.0	3.2	97134.5	-999.9
Ntarla	2011	4	2	92	23.9	37.2	26.5	-999.9	0.0	2.1	97164.1	-999.9
Ntarla	2011	4	3	93	21.2	36.7	25.2	-999.9	0.0	1.8	97005.7	-999.9
Ntarla	2011	4	4	94	22.6	37.6	24.6	-999.9	0.0	1.7	96976.7	-999.9
Ntarla	2011	4	5	95	25.3	35.3	21.0	-999.9	3.6	2.4	97267.1	-999.9
Ntarla	2011	4	6	96	24.7	34.8	18.2	-999.9	2.4	1.9	97311.5	-999.9
Ntarla	2011	4	7	97	23.4	38.6	25.5	-999.9	2.4	2.4	97171.5	-999.9
Ntarla	2011	4	8	98	23.1	39.3	26.7	-999.9	0.0	2.9	97145.2	-999.9
Ntarla	2011	4	9	99	20.5	39.3	26.8	-999.9	0.0	2.4	97116.1	-999.9
Ntarla	2011	4	10	100	22.6	36.8	22.4	-999.9	0.0	2.3	97123.4	-999.9
Ntarla	2011	4	11	101	26.2	36.6	16.3	-999.9	0.0	2.1	97079.5	-999.9
Ntarla	2011	4	12	102	23.3	37.8	23.2	-999.9	0.0	1.6	96976.8	-999.9
Ntarla	2011	4	13	103	26.6	36.6	19.7	-999.9	0.0	2.7	97081.1	-999.9
Ntarla	2011	4	14	104	26.0	37.1	23.5	-999.9	0.0	1.8	97082.4	-999.9
Ntarla	2011	4	15	105	24.2	38.9	24.8	-999.9	0.0	1.5	96808.8	-999.9
Ntarla	2011	4	16	106	23.3	39.2	26.0	-999.9	0.0	2.0	96819.4	-999.9
Ntarla	2011	4	17	107	23.7	38.8	25.0	-999.9	0.0	1.5	96870.2	-999.9
Ntarla	2011	4	18	108	26.4	39.0	24.1	-999.9	0.0	2.1	96913.1	-999.9
Ntarla	2011	4	19	109	27.5	39.4	24.0	-999.9	0.0	2.1	96838.0	-999.9
Ntarla	2011	4	20	110	27.9	38.3	24.6	-999.9	0.0	2.8	96861.6	-999.9
Ntarla	2011	4	21	111	27.6	38.7	23.9	-999.9	0.0	1.8	96920.7	-999.9
Ntarla	2011	4	22	112	27.3	38.3	23.9	-999.9	0.0	2.3	96868.4	-999.9
Ntarla	2011	4	23	113	27.6	37.6	22.6	-999.9	7.3	2.2	96827.4	-999.9
Ntarla	2011	4	24	114	25.9	34.3	18.1	-999.9	3.7	2.3	97099.1	-999.9
Ntarla	2011	4	25	115	25.9	37.1	24.4	-999.9	0.0	1.9	97117.4	-999.9
Ntarla	2011	4	26	116	26.2	38.1	25.0	-999.9	0.0	2.1	97076.6	-999.9
Ntarla	2011	4	27	117	26.3	38.1	24.2	-999.9	0.0	1.8	97079.1	-999.9
Ntarla	2011	4	28	118	26.5	38.3	24.6	-999.9	0.0	1.8	97035.3	-999.9
Ntarla	2011	4	29	119	27.5	38.5	24.1	-999.9	0.0	2.5	96932.7	-999.9
Ntarla	2011	4	30	120	27.4	37.5	22.9	-999.9	4.4	3.1	96902.0	-999.9
Ntarla	2011	5	1	121	24.2	34.1	18.6	-999.9	3.5	2.4	97152.3	-999.9
Ntarla	2011	5	2	122	26.1	36.0	24.4	-999.9	1.8	1.8	97245.7	-999.9
Ntarla	2011	5	3	123	24.1	33.7	20.6	-999.9	0.0	1.9	97428.0	-999.9
Ntarla	2011	5	4	124	24.7	37.3	25.6	-999.9	0.0	1.7	97147.1	-999.9
Ntarla	2011	5	5	125	24.4	37.4	24.5	-999.9	0.0	2.1	97013.3	-999.9
Ntarla	2011	5	6	126	26.7	37.5	24.6	-999.9	1.4	2.2	97017.4	-999.9
Ntarla	2011	5	7	127	26.5	38.4	24.8	-999.9	2.8	2.6	97018.5	-999.9
Ntarla	2011	5	8	128	27.2	37.5	22.6	-999.9	0.0	2.3	96955.5	-999.9
Ntarla	2011	5	9	129	26.1	38.0	25.0	-999.9	0.0	2.6	96959.5	-999.9
Ntarla	2011	5	10	130	26.7	37.2	24.9	-999.9	0.0	2.6	97039.0	-999.9
Ntarla	2011	5	11	131	26.6	37.6	24.7	-999.9	4.2	2.2	97004.7	-999.9
Ntarla	2011	5	12	132	24.2	34.5	22.0	-999.9	8.5	1.8	97077.0	-999.9
Ntarla	2011	5	13	133	25.2	34.4	23.0	-999.9	0.0	1.6	97064.0	-999.9
Ntarla	2011	5	14	134	24.8	35.5	23.3	-999.9	4.2	1.9	97069.9	-999.9
Ntarla	2011	5	15	135	23.8	31.5	17.6	-999.9	8.5	2.1	97146.0	-999.9
Ntarla	2011	5	16	136	24.6	34.7	24.4	-999.9	0.0	1.9	97068.2	-999.9
Ntarla	2011	5	17	137	26.2	36.4	24.7	-999.9	1.4	2.3	96976.8	-999.9
Ntarla	2011	5	18	138	26.2	35.7	24.5	-999.9	0.0	2.7	97066.0	-999.9
Ntarla	2011	5	19	139	26.4	36.3	24.6	-999.9	0.0	2.1	97130.3	-999.9
Ntarla	2011	5	20	140	26.0	36.5	24.4	-999.9	0.0	2.1	97105.1	-999.9
Ntarla	2011	5	21	141	26.9	35.7	22.8	-999.9	7.8	2.3	97158.4	-999.9
Ntarla	2011	5	22	142	26.1	35.8	23.5	-999.9	0.0	2.8	97120.9	-999.9
Ntarla	2011	5	23	143	24.7	35.4	23.2	-999.9	0.0	3.1	97243.1	-999.9
Ntarla	2011	5	24	144	25.5	36.0	24.5	-999.9	0.0	2.0	97272.2	-999.9
Ntarla	2011	5	25	145	26.4	38.0	25.1	-999.9	0.0	2.2	97235.2	-999.9
Ntarla	2011	5	26	146	25.5	37.7	24.6	-999.9	0.0	2.1	97219.3	-999.9
Ntarla	2011	5	27	147	26.0	37.6	24.9	-999.9	0.0	2.9	97172.0	-999.9
Ntarla	2011	5	28	148	27.0	36.8	24.1	-999.9	6.8	2.8	97208.7	-999.9
Ntarla	2011	5	29	149	25.4	36.3	22.1	-999.9	3.4	2.5	97263.4	-999.9
Ntarla	2011	5	30	150	25.3	35.1	24.1	-999.9	0.0	2.3	97354.6	-999.9
Ntarla	2011	5	31	151	26.6	37.0	24.5	-999.9	6.8	1.9	97343.8	-999.9
Ntarla	2011	6	1	152	27.0	37.9	24.2	-999.9	9.9	1.9	97198.7	-999.9
Ntarla	2011	6	2	153	27.4	36.5	23.1	-999.9	9.9	2.2	97131.7	-999.9
Ntarla	2011	6	3	154	28.0	35.6	22.1	-999.9	9.9	2.1	97158.6	-999.9
Ntarla	2011	6	4	155	26.1	35.0	21.8	-999.9	0.0	2.1	97177.1	-999.9
Ntarla	2011	6	5	156	26.7	35.5	22.0	-999.9	0.0	2.6	97219.3	-999.9
Ntarla	2011	6	6	157	26.7	36.2	24.9	-999.9	0.0	2.3	97284.8	-999.9
Ntarla	2011	6	7	158	26.4	36.5	24.1	-999.9	4.3	2.1	97296.5	-999.9
Ntarla	2011	6	8	159	24.4	36.9	23.7	-999.9	4.3	2.6	97350.1	-999.9
Ntarla	2011	6	9	160	24.4	34.1	22.8	-999.9	0.0	2.3	97547.2	-999.9
Ntarla	2011	6	10	161	26.2	36.0	24.8	-999.9	0.0	2.7	97349.4	-999.9
Ntarla	2011	6	11	162	26.7	36.6	24.3	-999.9	0.0	2.9	97231.2	-999.9
Ntarla	2011	6	12	163	26.4	36.0	24.0	-999.9	6.8	2.8	97377.5	-999.9
Ntarla	2011	6	13	164	25.9	35.2	24.4	-999.9	6.8	2.5	97501.5	-999.9
Ntarla	2011	6	14	165	25.8	35.4	23.9	-999.9	0.0	1.7	97432.7	-999.9
Ntarla	2011	6	15	166	25.9	36.1	24.7	-999.9	6.8	1.6	97319.1	-999.9
Ntarla	2011	6	16	167	26.7	35.5	22.6	-999.9	11.5	2.6	97249.5	-999.9
Ntarla	2011	6	17	168	25.6	34.6	23.9	-999.9	0.0	2.5	97325.1	-999.9
Ntarla	2011	6	18	169	26.7	32.7	20.7	-999.9	7.7	2.9	97287.9	-999.9
Ntarla	2011	6	19	170	25.3	35.0	23.8	-999.9	7.7	1.9	97275.3	-999.9
Ntarla	2011	6	20	171	25.3	35.3	23.9	-999.9	7.7	2.1	97322.5	-999.9
Ntarla	2011	6	21	172	25.2	34.2	22.1	-999.9	0.0	2.0	97337.6	-999.9
Ntarla	2011	6	22	173	25.9	33.7	22.0	-999.9	0.0	2.8	97342.1	-999.9
Ntarla	2011	6	23	174	25.7	32.5	19.4	-999.9	17.3	2.1	97252.4	-999.9
Ntarla	2011	6	24	175	23.9	32.4	22.4	-999.9	11.5	2.1	97249.5	-999.9
Ntarla	2011	6	25	176	23.0	31.9	21.2	-999.9	0.0	1.7	97477.8	-999.9
Ntarla	2011	6	26	177	23.9	33.0	22.7	-999.9	1.6	1.5	97470.1	-999.9
Ntarla	2011	6	27	178	24.4	33.4	23.0	-999.9	3.3	2.2	97337.1	-999.9
Ntarla	2011	6	28	179	23.6	30.8	17.5	-999.9	0.0	2.6	97319.5	-999.9
Ntarla	2011	6	29	180	24.2	32.2	23.2	-999.9	1.6	2.3	97278.1	-999.9
Ntarla	2011	6	30	181	24.7	32.1	21.6	-999.9	4.9	1.9	97300.9	-999.9
Ntarla	2011	7	1	182	22.9	31.9	22.4	-999.9	0.0	2.2	97462.5	-999.9
Ntarla	2011	7	2	183	23.2	33.2	24.3	-999.9	15.1	1.7	97392.1	-999.9
Ntarla	2011	7	3	184	25.3	34.9	23.9	-999.9	0.0	2.3	97224.5	-999.9
Ntarla	2011	7	4	185	23.9	30.8	19.2	-999.9	0.0	2.7	97304.3	-999.9
Ntarla	2011	7	5	186	24.0	31.6	23.3	-999.9	0.0	2.1	97613.0	-999.9
Ntarla	2011	7	6	187	23.9	31.0	15.1	-999.9	22.1	1.5	97506.8	-999.9
Ntarla	2011	7	7	188	23.9	33.5	24.6	-999.9	0.0	2.3	97241.5	-999.9
Ntarla	2011	7	8	189	24.9	34.0	24.2	-999.9	0.0	2.7	97196.5	-999.9
Ntarla	2011	7	9	190	25.2	32.4	21.3	-999.9	0.0	2.5	97320.6	-999.9
Ntarla	2011	7	10	191	23.7	30.3	16.5	-999.9	0.0	1.6	97386.7	-999.9
Ntarla	2011	7	11	192	22.8	28.2	13.2	-999.9	7.8	1.2	97401.1	-999.9
Ntarla	2011	7	12	193	21.7	30.4	21.5	-999.9	0.0	1.3	97395.1	-999.9
Ntarla	2011	7	13	194	23.1	32.3	23.8	-999.9	15.6	1.8	97285.5	-999.9
Ntarla	2011	7	14	195	23.4	29.9	18.7	-999.9	7.8	2.0	97273.4	-999.9
Ntarla	2011	7	15	196	22.5	30.3	21.9	-999.9	0.0	1.8	97414.6	-999.9
Ntarla	2011	7	16	197	23.7	31.2	22.4	-999.9	26.3	1.4	97460.0	-999.9
Ntarla	2011	7	17	198	22.8	30.8	22.6	-999.9	0.0	2.0	97468.0	-999.9
Ntarla	2011	7	18	199	23.0	31.2	20.7	-999.9	8.8	1.7	97501.0	-999.9
Ntarla	2011	7	19	200	22.2	31.1	23.5	-999.9	0.0	1.8	97533.3	-999.9
Ntarla	2011	7	20	201	23.4	32.7	24.4	-999.9	0.0	2.0	97432.8	-999.9
Ntarla	2011	7	21	202	24.0	31.2	19.5	-999.9	0.0	2.8	97337.9	-999.9
Ntarla	2011	7	22	203	24.6	33.2	23.9	-999.9	0.0	3.2	97259.8	-999.9
Ntarla	2011	7	23	204	24.8	30.9	20.2	-999.9	4.1	3.0	97412.3	-999.9
Ntarla	2011	7	24	205	24.1	31.7	22.7	-999.9	4.1	2.2	97479.7	-999.9
Ntarla	2011	7	25	206	23.7	31.9	22.1	-999.9	8.1	2.5	97338.7	-999.9
Ntarla	2011	7	26	207	23.6	29.9	16.4	-999.9	7.3	2.4	97254.2	-999.9
Ntarla	2011	7	27	208	22.9	28.0	12.9	-999.9	0.0	1.9	97368.4	-999.9
Ntarla	2011	7	28	209	22.7	31.3	21.2	-999.9	0.0	1.7	97331.1	-999.9
Ntarla	2011	7	29	210	23.5	31.6	22.9	-999.9	0.0	2.2	97167.2	-999.9
Ntarla	2011	7	30	211	23.4	25.9	8.6	-999.9	36.4	2.1	97265.4	-999.9
Ntarla	2011	7	31	212	22.5	29.6	19.2	-999.9	0.0	1.9	97385.5	-999.9
Ntarla	2011	8	1	213	22.1	31.2	23.8	-999.9	8.8	1.4	97325.2	-999.9
Ntarla	2011	8	2	214	23.0	30.7	21.7	-999.9	0.0	1.2	97259.1	-999.9
Ntarla	2011	8	3	215	23.6	32.0	24.4	-999.9	0.0	2.1	97418.3	-999.9
Ntarla	2011	8	4	216	23.8	29.7	16.7	-999.9	17.6	2.2	97497.2	-999.9
Ntarla	2011	8	5	217	23.0	29.3	16.1	-999.9	0.0	3.0	97494.8	-999.9
Ntarla	2011	8	6	218	23.0	29.6	18.9	-999.9	8.9	2.3	97452.2	-999.9
Ntarla	2011	8	7	219	23.3	29.5	20.8	-999.9	8.9	1.9	97405.7	-999.9
Ntarla	2011	8	8	220	22.6	30.6	22.1	-999.9	8.9	1.4	97507.5	-999.9
Ntarla	2011	8	9	221	22.9	30.1	17.9	-999.9	0.0	1.6	97449.2	-999.9
Ntarla	2011	8	10	222	23.3	31.4	22.3	-999.9	0.0	1.9	97399.5	-999.9
Ntarla	2011	8	11	223	23.6	31.2	22.1	-999.9	6.4	2.2	97361.6	-999.9
Ntarla	2011	8	12	224	24.6	30.3	17.2	-999.9	12.7	2.2	97213.2	-999.9
Ntarla	2011	8	13	225	23.5	29.4	17.7	-999.9	0.0	2.5	97148.6	-999.9
Ntarla	2011	8	14	226	22.7	29.6	19.5	-999.9	6.4	1.9	97223.2	-999.9
Ntarla	2011	8	15	227	22.3	30.1	21.7	-999.9	0.0	1.7	97303.3	-999.9
Ntarla	2011	8	16	228	22.9	26.9	11.5	-999.9	21.6	1.1	97310.5	-999.9
Ntarla	2011	8	17	229	22.1	29.4	20.3	-999.9	0.0	1.9	97247.7	-999.9
Ntarla	2011	8	18	230	22.8	28.6	19.2	-999.9	0.0	2.3	97251.4	-999.9
Ntarla	2011	8	19	231	22.0	27.7	14.7	-999.9	32.4	1.7	97392.3	-999.9
Ntarla	2011	8	20	232	22.0	28.5	17.4	-999.9	10.8	1.6	97381.9	-999.9
Ntarla	2011	8	21	233	22.1	28.6	18.0	-999.9	0.0	1.9	97354.6	-999.9
Ntarla	2011	8	22	234	21.8	29.2	19.4	-999.9	10.6	1.5	97371.4	-999.9
Ntarla	2011	8	23	235	22.4	24.9	7.7	-999.9	0.0	1.6	97500.9	-999.9
Ntarla	2011	8	24	236	21.6	28.9	20.8	-999.9	0.0	2.0	97607.3	-999.9
Ntarla	2011	8	25	237	22.1	29.0	20.3	-999.9	10.6	1.4	97633.9	-999.9
Ntarla	2011	8	26	238	23.0	30.4	23.4	-999.9	18.3	1.5	97514.0	-999.9
Ntarla	2011	8	27	239	23.1	29.7	21.0	-999.9	0.0	1.7	97458.0	-999.9
Ntarla	2011	8	28	240	22.5	30.1	21.5	-999.9	0.0	1.5	97482.3	-999.9
Ntarla	2011	8	29	241	22.3	27.9	16.5	-999.9	30.5	1.2	97536.3	-999.9
Ntarla	2011	8	30	242	21.4	30.8	22.2	-999.9	6.1	1.1	97550.9	-999.9
Ntarla	2011	8	31	243	22.7	29.6	19.5	-999.9	12.2	1.4	97531.7	-999.9
Ntarla	2011	9	1	244	22.1	29.8	21.6	-999.9	0.0	1.7	97591.9	-999.9
Ntarla	2011	9	2	245	22.4	30.4	22.6	-999.9	0.0	1.7	97586.1	-999.9
Ntarla	2011	9	3	246	23.3	30.7	18.4	-999.9	5.5	1.9	97386.4	-999.9
Ntarla	2011	9	4	247	22.2	30.5	21.7	-999.9	0.0	2.0	97331.0	-999.9
Ntarla	2011	9	5	248	23.0	30.9	22.0	-999.9	0.0	1.7	97414.6	-999.9
Ntarla	2011	9	6	249	22.4	29.7	21.0	-999.9	6.2	1.5	97498.3	-999.9
Ntarla	2011	9	7	250	22.9	30.5	21.2	-999.9	0.0	1.4	97524.1	-999.9
Ntarla	2011	9	8	251	23.4	31.2	23.2	-999.9	12.4	2.1	97369.9	-999.9
Ntarla	2011	9	9	252	23.9	30.9	20.6	-999.9	6.2	2.1	97212.9	-999.9
Ntarla	2011	9	10	253	22.8	29.4	20.5	-999.9	12.4	1.5	97341.0	-999.9
Ntarla	2011	9	11	254	22.7	29.5	20.7	-999.9	5.8	1.3	97510.3	-999.9
Ntarla	2011	9	12	255	23.3	31.3	23.4	-999.9	0.0	1.7	97427.4	-999.9
Ntarla	2011	9	13	256	24.2	31.0	22.9	-999.9	5.8	1.9	97305.1	-999.9
Ntarla	2011	9	14	257	22.4	29.4	19.2	-999.9	5.8	2.2	97350.6	-999.9
Ntarla	2011	9	15	258	22.7	30.1	21.5	-999.9	0.0	1.7	97453.1	-999.9
Ntarla	2011	9	16	259	22.2	29.8	20.2	-999.9	12.1	1.7	97428.6	-999.9
Ntarla	2011	9	17	260	22.7	28.2	14.6	-999.9	12.1	1.3	97305.4	-999.9
Ntarla	2011	9	18	261	21.9	27.8	14.8	-999.9	6.0	1.9	97328.5	-999.9
Ntarla	2011	9	19	262	21.8	29.2	20.5	-999.9	0.0	1.7	97478.1	-999.9
Ntarla	2011	9	20	263	21.7	30.8	23.0	-999.9	6.0	1.2	97508.5	-999.9
Ntarla	2011	9	21	264	22.8	31.3	21.4	-999.9	6.9	1.5	97447.5	-999.9
Ntarla	2011	9	22	265	22.7	30.7	22.4	-999.9	10.4	2.1	97518.7	-999.9
Ntarla	2011	9	23	266	22.1	29.7	18.9	-999.9	0.0	1.7	97528.5	-999.9
Ntarla	2011	9	24	267	22.2	31.3	23.4	-999.9	3.5	1.3	97424.2	-999.9
Ntarla	2011	9	25	268	23.6	30.6	21.7	-999.9	0.0	1.6	97470.7	-999.9
Ntarla	2011	9	26	269	23.3	31.7	23.2	-999.9	6.8	1.9	97520.7	-999.9
Ntarla	2011	9	27	270	23.6	31.5	22.5	-999.9	0.0	1.7	97423.3	-999.9
Ntarla	2011	9	28	271	23.3	30.5	21.4	-999.9	0.0	1.4	97326.9	-999.9
Ntarla	2011	9	29	272	22.3	30.0	20.3	-999.9	13.6	1.5	97431.8	-999.9
Ntarla	2011	9	30	273	22.7	30.0	21.2	-999.9	0.0	1.6	97504.7	-999.9
Ntarla	2011	10	1	274	22.2	30.8	21.6	-999.9	0.0	1.5	97471.1	-999.9
Ntarla	2011	10	2	275	23.1	31.7	22.7	-999.9	0.0	1.4	97416.9	-999.9
Ntarla	2011	10	3	276	23.1	33.2	23.5	-999.9	14.3	1.5	97413.5	-999.9
Ntarla	2011	10	4	277	23.3	32.8	22.5	-999.9	0.0	1.3	97353.0	-999.9
Ntarla	2011	10	5	278	23.6	33.2	22.3	-999.9	0.0	1.5	97279.9	-999.9
Ntarla	2011	10	6	279	20.8	32.8	24.1	-999.9	0.0	1.3	97295.4	-999.9
Ntarla	2011	10	7	280	20.1	32.4	22.4	-999.9	0.0	1.1	97272.7	-999.9
Ntarla	2011	10	8	281	21.8	32.4	22.4	-999.9	0.0	1.6	97205.3	-999.9
Ntarla	2011	10	9	282	23.6	32.6	20.9	-999.9	0.0	1.5	97203.4	-999.9
Ntarla	2011	10	10	283	23.6	31.3	19.8	-999.9	0.0	1.5	97283.4	-999.9
Ntarla	2011	10	11	284	23.7	32.8	22.4	-999.9	0.0	1.5	97254.0	-999.9
Ntarla	2011	10	12	285	24.5	34.0	21.9	-999.9	0.0	1.6	97120.3	-999.9
Ntarla	2011	10	13	286	23.9	33.4	21.3	-999.9	4.0	1.5	97095.9	-999.9
Ntarla	2011	10	14	287	23.7	32.3	19.5	-999.9	7.9	1.2	97145.5	-999.9
Ntarla	2011	10	15	288	23.3	31.5	19.0	-999.9	0.0	1.2	97276.4	-999.9
Ntarla	2011	10	16	289	22.6	31.2	18.2	-999.9	0.0	1.2	97272.7	-999.9
Ntarla	2011	10	17	290	23.1	32.7	21.7	-999.9	0.0	1.4	97160.5	-999.9
Ntarla	2011	10	18	291	22.9	33.6	22.7	-999.9	0.0	1.6	97069.1	-999.9
Ntarla	2011	10	19	292	21.6	33.5	22.9	-999.9	0.0	1.4	97183.6	-999.9
Ntarla	2011	10	20	293	21.8	35.0	22.7	-999.9	0.0	1.4	97099.5	-999.9
Ntarla	2011	10	21	294	23.5	33.7	21.8	-999.9	0.0	1.7	97056.5	-999.9
Ntarla	2011	10	22	295	23.7	32.6	18.7	-999.9	0.0	1.4	97138.6	-999.9
Ntarla	2011	10	23	296	22.3	31.7	18.2	-999.9	0.0	2.1	97313.7	-999.9
Ntarla	2011	10	24	297	22.4	33.5	20.8	-999.9	0.0	1.5	97227.0	-999.9
Ntarla	2011	10	25	298	23.4	33.0	19.7	-999.9	0.0	1.7	97126.8	-999.9
Ntarla	2011	10	26	299	23.6	31.9	19.4	-999.9	0.0	1.5	97296.3	-999.9
Ntarla	2011	10	27	300	22.7	34.3	21.3	-999.9	0.0	1.6	97245.6	-999.9
Ntarla	2011	10	28	301	22.3	32.8	19.9	-999.9	0.0	1.7	97218.7	-999.9
Ntarla	2011	10	29	302	23.1	33.5	20.4	-999.9	0.0	1.5	97228.1	-999.9
Ntarla	2011	10	30	303	22.5	34.2	20.5	-999.9	0.0	1.7	97166.1	-999.9
Ntarla	2011	10	31	304	22.1	35.0	21.2	-999.9	0.0	1.6	97167.6	-999.9
Ntarla	2011	11	1	305	20.7	34.5	20.9	-999.9	0.0	1.6	97239.1	-999.9
Ntarla	2011	11	2	306	22.0	34.4	20.1	-999.9	0.0	1.5	97353.5	-999.9
Ntarla	2011	11	3	307	20.3	34.8	22.3	-999.9	0.0	1.2	97322.1	-999.9
Ntarla	2011	11	4	308	19.5	34.4	22.6	-999.9	0.0	1.9	97301.1	-999.9
Ntarla	2011	11	5	309	17.9	33.6	21.2	-999.9	0.0	1.7	97344.1	-999.9
Ntarla	2011	11	6	310	18.8	33.7	22.2	-999.9	0.0	1.1	97303.2	-999.9
Ntarla	2011	11	7	311	21.4	32.7	19.2	-999.9	0.0	1.5	97303.9	-999.9
Ntarla	2011	11	8	312	23.2	33.1	17.9	-999.9	0.0	1.2	97313.6	-999.9
Ntarla	2011	11	9	313	23.1	34.9	21.2	-999.9	0.0	1.4	97202.0	-999.9
Ntarla	2011	11	10	314	19.5	34.7	22.0	-999.9	0.0	1.0	97080.5	-999.9
Ntarla	2011	11	11	315	19.0	34.1	21.8	-999.9	0.0	1.3	97061.9	-999.9
Ntarla	2011	11	12	316	19.0	34.0	21.9	-999.9	0.0	1.3	97200.7	-999.9
Ntarla	2011	11	13	317	17.8	34.7	21.9	-999.9	0.0	1.7	97307.9	-999.9
Ntarla	2011	11	14	318	17.7	34.4	22.1	-999.9	0.0	1.8	97291.0	-999.9
Ntarla	2011	11	15	319	16.8	34.6	22.1	-999.9	0.0	2.1	97160.5	-999.9
Ntarla	2011	11	16	320	16.7	34.2	21.7	-999.9	0.0	2.1	97186.5	-999.9
Ntarla	2011	11	17	321	17.3	34.1	21.8	-999.9	0.0	2.1	97259.5	-999.9
Ntarla	2011	11	18	322	17.6	34.0	21.7	-999.9	0.0	2.2	97244.8	-999.9
Ntarla	2011	11	19	323	17.1	34.1	20.8	-999.9	0.0	1.6	97240.0	-999.9
Ntarla	2011	11	20	324	18.5	34.8	20.9	-999.9	0.0	1.7	97198.5	-999.9
Ntarla	2011	11	21	325	20.7	35.1	20.8	-999.9	0.0	1.7	97271.9	-999.9
Ntarla	2011	11	22	326	21.0	34.4	20.7	-999.9	0.0	2.0	97348.1	-999.9
Ntarla	2011	11	23	327	20.3	33.7	21.1	-999.9	0.0	1.9	97320.2	-999.9
Ntarla	2011	11	24	328	18.6	33.6	20.8	-999.9	0.0	1.5	97319.4	-999.9
Ntarla	2011	11	25	329	18.1	33.6	20.9	-999.9	0.0	1.8	97294.9	-999.9
Ntarla	2011	11	26	330	17.7	33.2	21.1	-999.9	0.0	1.6	97217.5	-999.9
Ntarla	2011	11	27	331	17.6	32.9	21.2	-999.9	0.0	1.6	97251.1	-999.9
Ntarla	2011	11	28	332	17.6	33.4	20.6	-999.9	0.0	1.6	97305.2	-999.9
Ntarla	2011	11	29	333	19.1	34.0	20.8	-999.9	0.0	2.3	97332.0	-999.9
Ntarla	2011	11	30	334	18.2	33.1	21.3	-999.9	0.0	2.4	97373.3	-999.9
Ntarla	2011	12	1	335	17.2	32.2	21.4	-999.9	0.0	2.3	97428.5	-999.9
Ntarla	2011	12	2	336	17.1	32.7	21.2	-999.9	0.0	2.3	97457.4	-999.9
Ntarla	2011	12	3	337	17.3	33.1	21.1	-999.9	0.0	2.1	97421.2	-999.9
Ntarla	2011	12	4	338	15.8	33.0	21.2	-999.9	0.0	2.0	97247.6	-999.9
Ntarla	2011	12	5	339	14.7	32.7	20.9	-999.9	0.0	1.7	97277.4	-999.9
Ntarla	2011	12	6	340	17.2	32.4	20.7	-999.9	0.0	2.2	97389.9	-999.9
Ntarla	2011	12	7	341	17.8	32.8	20.7	-999.9	0.0	2.4	97451.3	-999.9
Ntarla	2011	12	8	342	18.4	33.3	20.1	-999.9	0.0	2.5	97384.0	-999.9
Ntarla	2011	12	9	343	18.8	32.9	20.8	-999.9	0.0	2.7	97333.0	-999.9
Ntarla	2011	12	10	344	17.6	32.4	20.9	-999.9	0.0	2.3	97329.8	-999.9
Ntarla	2011	12	11	345	17.2	32.2	20.8	-999.9	0.0	2.2	97405.7	-999.9
Ntarla	2011	12	12	346	17.2	31.6	20.7	-999.9	0.0	2.5	97521.6	-999.9
Ntarla	2011	12	13	347	16.9	30.7	20.8	-999.9	0.0	2.6	97574.5	-999.9
Ntarla	2011	12	14	348	14.9	30.7	20.8	-999.9	0.0	2.0	97501.2	-999.9
Ntarla	2011	12	15	349	14.6	31.3	20.6	-999.9	0.0	2.0	97543.6	-999.9
Ntarla	2011	12	16	350	15.5	31.1	20.8	-999.9	0.0	2.3	97570.0	-999.9
Ntarla	2011	12	17	351	15.3	30.5	19.4	-999.9	0.0	2.0	97550.4	-999.9
Ntarla	2011	12	18	352	14.8	31.0	20.5	-999.9	0.0	1.8	97439.5	-999.9
Ntarla	2011	12	19	353	14.1	31.5	20.4	-999.9	0.0	1.6	97416.6	-999.9
Ntarla	2011	12	20	354	15.4	32.2	20.3	-999.9	0.0	1.8	97450.4	-999.9
Ntarla	2011	12	21	355	17.4	30.6	19.0	-999.9	0.0	2.9	97562.5	-999.9
Ntarla	2011	12	22	356	15.5	30.4	20.3	-999.9	0.0	2.6	97653.0	-999.9
Ntarla	2011	12	23	357	15.5	31.3	20.4	-999.9	0.0	2.4	97590.4	-999.9
Ntarla	2011	12	24	358	15.9	30.8	20.4	-999.9	0.0	2.4	97536.8	-999.9
Ntarla	2011	12	25	359	16.0	31.3	20.3	-999.9	0.0	2.1	97503.6	-999.9
Ntarla	2011	12	26	360	15.8	32.5	20.2	-999.9	0.0	2.0	97518.1	-999.9
Ntarla	2011	12	27	361	15.8	32.8	20.2	-999.9	0.0	2.1	97591.7	-999.9
Ntarla	2011	12	28	362	17.2	31.2	20.4	-999.9	0.0	2.7	97647.5	-999.9
Ntarla	2011	12	29	363	15.9	28.8	20.3	-999.9	0.0	2.8	97775.3	-999.9
Ntarla	2011	12	30	364	14.2	27.7	20.0	-999.9	0.0	2.8	97805.1	-999.9
Ntarla	2011	12	31	365	13.4	27.4	20.3	-999.9	0.0	2.4	97787.9	-999.9
