Ntarla	2010	1	1	1	17.1	33.4	20.7	-999.9	0.0	2.0	97414.7	-999.9
Ntarla	2010	1	2	2	16.9	33.4	20.7	-999.9	0.0	2.2	97478.6	-999.9
Ntarla	2010	1	3	3	17.6	32.9	20.8	-999.9	0.0	2.3	97511.0	-999.9
Ntarla	2010	1	4	4	16.1	32.7	20.9	-999.9	0.0	2.2	97434.5	-999.9
Ntarla	2010	1	5	5	16.5	33.0	21.0	-999.9	0.0	1.8	97350.0	-999.9
Ntarla	2010	1	6	6	14.5	33.7	21.0	-999.9	0.0	1.8	97304.9	-999.9
Ntarla	2010	1	7	7	16.1	34.1	20.8	-999.9	0.0	1.9	97343.9	-999.9
Ntarla	2010	1	8	8	17.8	33.9	20.6	-999.9	0.0	2.2	97351.7	-999.9
Ntarla	2010	1	9	9	17.3	33.0	20.7	-999.9	0.0	2.2	97329.0	-999.9
Ntarla	2010	1	10	10	16.3	33.1	21.1	-999.9	0.0	2.2	97358.3	-999.9
Ntarla	2010	1	11	11	16.3	32.9	21.1	-999.9	0.0	2.4	97483.9	-999.9
Ntarla	2010	1	12	12	18.0	33.7	21.2	-999.9	0.0	2.6	97506.0	-999.9
Ntarla	2010	1	13	13	16.5	33.0	20.4	-999.9	0.0	2.3	97503.1	-999.9
Ntarla	2010	1	14	14	16.7	33.8	21.3	-999.9	0.0	2.2	97512.5	-999.9
Ntarla	2010	1	15	15	17.2	34.5	21.5	-999.9	0.0	2.1	97563.0	-999.9
Ntarla	2010	1	16	16	16.9	34.7	21.6	-999.9	0.0	2.3	97620.5	-999.9
Ntarla	2010	1	17	17	18.3	34.0	21.6	-999.9	0.0	2.6	97675.2	-999.9
Ntarla	2010	1	18	18	17.2	33.6	21.6	-999.9	0.0	2.6	97626.2	-999.9
Ntarla	2010	1	19	19	17.6	33.1	21.7	-999.9	0.0	2.6	97647.2	-999.9
Ntarla	2010	1	20	20	16.5	32.2	22.0	-999.9	0.0	2.6	97566.9	-999.9
Ntarla	2010	1	21	21	16.4	33.1	22.0	-999.9	0.0	2.4	97564.2	-999.9
Ntarla	2010	1	22	22	17.7	33.4	20.1	-999.9	0.0	2.3	97492.8	-999.9
Ntarla	2010	1	23	23	17.3	34.0	21.6	-999.9	0.0	2.1	97352.3	-999.9
Ntarla	2010	1	24	24	18.6	34.3	21.2	-999.9	0.0	2.2	97258.7	-999.9
Ntarla	2010	1	25	25	19.3	34.7	20.6	-999.9	0.0	2.2	97205.8	-999.9
Ntarla	2010	1	26	26	19.9	34.0	18.7	-999.9	0.2	2.1	97174.5	-999.9
Ntarla	2010	1	27	27	18.0	35.3	21.3	-999.9	0.0	1.8	97201.3	-999.9
Ntarla	2010	1	28	28	19.2	34.9	19.3	-999.9	0.0	1.7	97272.1	-999.9
Ntarla	2010	1	29	29	22.3	33.1	15.8	-999.9	0.0	2.2	97329.3	-999.9
Ntarla	2010	1	30	30	18.2	35.3	21.7	-999.9	0.0	2.5	97323.8	-999.9
Ntarla	2010	1	31	31	19.5	36.0	21.7	-999.9	0.0	2.8	97369.6	-999.9
Ntarla	2010	2	1	32	20.2	34.1	22.1	-999.9	0.0	3.2	97558.3	-999.9
Ntarla	2010	2	2	33	18.4	35.4	22.1	-999.9	0.0	2.9	97585.7	-999.9
Ntarla	2010	2	3	34	20.1	36.4	22.2	-999.9	0.0	2.3	97381.9	-999.9
Ntarla	2010	2	4	35	21.2	37.2	22.3	-999.9	0.0	2.7	97370.2	-999.9
Ntarla	2010	2	5	36	21.7	37.0	22.2	-999.9	0.0	3.3	97428.1	-999.9
Ntarla	2010	2	6	37	21.7	34.5	22.5	-999.9	0.0	3.2	97400.4	-999.9
Ntarla	2010	2	7	38	19.3	34.1	22.5	-999.9	0.0	2.5	97326.9	-999.9
Ntarla	2010	2	8	39	18.7	34.1	21.5	-999.9	0.0	2.1	97234.5	-999.9
Ntarla	2010	2	9	40	17.6	35.4	22.7	-999.9	0.0	1.8	97117.5	-999.9
Ntarla	2010	2	10	41	17.8	36.3	22.6	-999.9	0.0	1.8	97095.2	-999.9
Ntarla	2010	2	11	42	19.3	35.6	21.1	-999.9	0.0	2.1	97042.9	-999.9
Ntarla	2010	2	12	43	20.2	35.9	22.7	-999.9	0.0	1.5	97040.7	-999.9
Ntarla	2010	2	13	44	22.2	35.5	18.7	-999.9	0.8	2.0	97185.6	-999.9
Ntarla	2010	2	14	45	22.5	36.3	21.0	-999.9	0.0	1.4	97154.5	-999.9
Ntarla	2010	2	15	46	23.3	36.7	21.9	-999.9	0.0	1.3	97144.6	-999.9
Ntarla	2010	2	16	47	22.1	36.2	22.1	-999.9	0.0	1.9	97204.2	-999.9
Ntarla	2010	2	17	48	23.3	37.6	22.5	-999.9	0.0	1.9	97199.8	-999.9
Ntarla	2010	2	18	49	22.4	38.2	22.1	-999.9	0.0	1.9	97273.0	-999.9
Ntarla	2010	2	19	50	24.5	38.7	21.5	-999.9	0.0	1.6	97257.4	-999.9
Ntarla	2010	2	20	51	23.1	38.4	22.6	-999.9	0.0	2.2	97226.1	-999.9
Ntarla	2010	2	21	52	23.7	39.0	23.0	-999.9	0.0	2.2	97126.8	-999.9
Ntarla	2010	2	22	53	23.8	40.3	23.4	-999.9	0.0	2.6	97033.9	-999.9
Ntarla	2010	2	23	54	22.9	39.7	23.6	-999.9	0.0	2.5	97149.9	-999.9
Ntarla	2010	2	24	55	25.7	40.1	23.4	-999.9	0.0	2.9	97144.5	-999.9
Ntarla	2010	2	25	56	24.0	39.8	23.9	-999.9	0.0	2.6	97042.5	-999.9
Ntarla	2010	2	26	57	21.5	39.2	23.9	-999.9	0.0	1.7	97027.7	-999.9
Ntarla	2010	2	27	58	23.0	38.8	21.9	-999.9	0.0	1.8	97081.3	-999.9
Ntarla	2010	2	28	59	25.5	39.4	22.6	-999.9	0.0	1.9	97124.4	-999.9
Ntarla	2010	3	1	60	23.4	39.0	23.2	-999.9	0.0	2.1	97162.6	-999.9
Ntarla	2010	3	2	61	25.3	37.8	20.9	-999.9	0.0	1.6	97262.8	-999.9
Ntarla	2010	3	3	62	23.2	39.1	23.9	-999.9	0.0	1.9	97220.7	-999.9
Ntarla	2010	3	4	63	22.3	38.8	24.5	-999.9	0.0	2.3	97152.2	-999.9
Ntarla	2010	3	5	64	23.6	38.7	24.4	-999.9	0.0	2.1	97082.6	-999.9
Ntarla	2010	3	6	65	23.3	38.8	23.7	-999.9	0.0	1.7	97010.4	-999.9
Ntarla	2010	3	7	66	25.6	38.7	22.5	-999.9	0.0	1.2	97062.6	-999.9
Ntarla	2010	3	8	67	24.4	39.0	24.3	-999.9	0.0	1.6	97083.6	-999.9
Ntarla	2010	3	9	68	22.8	38.1	24.5	-999.9	0.0	2.0	97112.6	-999.9
Ntarla	2010	3	10	69	22.3	37.9	24.6	-999.9	0.0	1.3	97115.3	-999.9
Ntarla	2010	3	11	70	24.3	38.0	23.0	-999.9	0.0	1.8	97174.6	-999.9
Ntarla	2010	3	12	71	25.2	38.4	22.6	-999.9	0.0	1.8	97239.5	-999.9
Ntarla	2010	3	13	72	25.1	38.5	21.5	-999.9	0.0	2.1	97210.2	-999.9
Ntarla	2010	3	14	73	24.2	38.4	24.4	-999.9	0.0	1.6	97085.7	-999.9
Ntarla	2010	3	15	74	24.5	39.1	24.5	-999.9	0.0	1.4	97037.6	-999.9
Ntarla	2010	3	16	75	24.3	38.3	25.1	-999.9	0.0	2.4	97176.7	-999.9
Ntarla	2010	3	17	76	22.3	37.3	25.1	-999.9	0.0	2.3	97339.6	-999.9
Ntarla	2010	3	18	77	23.1	37.0	24.2	-999.9	0.0	2.2	97404.9	-999.9
Ntarla	2010	3	19	78	24.5	39.7	25.0	-999.9	0.0	2.3	97254.5	-999.9
Ntarla	2010	3	20	79	26.8	39.2	23.7	-999.9	0.0	2.7	97211.4	-999.9
Ntarla	2010	3	21	80	23.1	38.1	25.7	-999.9	0.0	2.3	97318.8	-999.9
Ntarla	2010	3	22	81	21.8	37.8	25.9	-999.9	0.0	2.2	97232.0	-999.9
Ntarla	2010	3	23	82	22.3	37.9	26.1	-999.9	0.0	2.2	97098.5	-999.9
Ntarla	2010	3	24	83	21.5	38.1	26.2	-999.9	0.0	2.1	96942.0	-999.9
Ntarla	2010	3	25	84	21.6	38.2	25.8	-999.9	0.0	2.1	97037.2	-999.9
Ntarla	2010	3	26	85	24.7	38.6	25.4	-999.9	0.0	2.3	97258.8	-999.9
Ntarla	2010	3	27	86	22.5	39.3	26.3	-999.9	0.0	2.4	97270.1	-999.9
Ntarla	2010	3	28	87	23.1	39.4	26.4	-999.9	0.0	2.7	97234.0	-999.9
Ntarla	2010	3	29	88	22.4	39.4	26.4	-999.9	0.0	2.6	97187.1	-999.9
Ntarla	2010	3	30	89	22.8	39.7	26.4	-999.9	0.0	2.5	97162.3	-999.9
Ntarla	2010	3	31	90	22.9	39.3	26.5	-999.9	0.0	2.5	97093.7	-999.9
Ntarla	2010	4	1	91	21.1	39.9	26.6	-999.9	0.0	1.7	96998.4	-999.9
Ntarla	2010	4	2	92	22.9	40.3	26.4	-999.9	0.0	2.4	96933.2	-999.9
Ntarla	2010	4	3	93	22.0	40.3	26.1	-999.9	0.0	1.9	96898.2	-999.9
Ntarla	2010	4	4	94	24.9	39.8	24.2	-999.9	0.0	1.8	96902.9	-999.9
Ntarla	2010	4	5	95	27.6	39.9	23.2	-999.9	0.0	2.5	96965.5	-999.9
Ntarla	2010	4	6	96	26.0	38.6	23.8	-999.9	0.0	2.2	96990.0	-999.9
Ntarla	2010	4	7	97	26.5	40.5	25.4	-999.9	0.0	1.9	96843.6	-999.9
Ntarla	2010	4	8	98	26.5	40.6	24.2	-999.9	0.0	2.0	96896.9	-999.9
Ntarla	2010	4	9	99	26.7	39.9	22.1	-999.9	2.6	2.1	96962.3	-999.9
Ntarla	2010	4	10	100	29.2	38.9	23.0	-999.9	0.0	2.3	96990.8	-999.9
Ntarla	2010	4	11	101	27.1	39.5	25.1	-999.9	0.0	2.1	96866.6	-999.9
Ntarla	2010	4	12	102	28.9	39.5	23.1	-999.9	0.0	2.5	96830.2	-999.9
Ntarla	2010	4	13	103	28.8	39.6	22.7	-999.9	0.0	2.6	96862.0	-999.9
Ntarla	2010	4	14	104	28.4	34.8	15.4	-999.9	0.0	2.8	97059.2	-999.9
Ntarla	2010	4	15	105	27.0	39.9	24.4	-999.9	0.0	2.0	96983.7	-999.9
Ntarla	2010	4	16	106	28.8	39.0	23.0	-999.9	0.0	1.9	97067.4	-999.9
Ntarla	2010	4	17	107	27.3	40.3	24.3	-999.9	0.0	2.1	97116.1	-999.9
Ntarla	2010	4	18	108	29.1	39.3	21.8	-999.9	0.0	2.0	97114.3	-999.9
Ntarla	2010	4	19	109	29.9	40.6	22.3	-999.9	5.4	2.0	97075.7	-999.9
Ntarla	2010	4	20	110	27.7	39.8	24.3	-999.9	0.0	2.4	97052.6	-999.9
Ntarla	2010	4	21	111	28.7	40.8	24.0	-999.9	2.1	2.4	97012.3	-999.9
Ntarla	2010	4	22	112	29.0	40.3	24.1	-999.9	0.0	2.1	97047.7	-999.9
Ntarla	2010	4	23	113	28.8	34.4	16.4	-999.9	2.1	2.5	97219.7	-999.9
Ntarla	2010	4	24	114	27.2	37.5	22.6	-999.9	0.0	1.6	97200.9	-999.9
Ntarla	2010	4	25	115	27.0	39.9	24.5	-999.9	0.0	2.3	97123.5	-999.9
Ntarla	2010	4	26	116	28.5	38.7	23.0	-999.9	0.0	2.2	96993.0	-999.9
Ntarla	2010	4	27	117	27.3	38.1	22.6	-999.9	5.9	2.5	97105.0	-999.9
Ntarla	2010	4	28	118	26.6	37.7	24.4	-999.9	0.0	2.2	97139.6	-999.9
Ntarla	2010	4	29	119	27.4	38.9	23.4	-999.9	5.9	2.0	97137.9	-999.9
Ntarla	2010	4	30	120	26.5	36.1	21.5	-999.9	5.9	1.9	97186.8	-999.9
Ntarla	2010	5	1	121	26.9	37.2	22.8	-999.9	0.0	1.9	97193.4	-999.9
Ntarla	2010	5	2	122	24.7	35.1	19.0	-999.9	7.8	3.0	97271.8	-999.9
Ntarla	2010	5	3	123	26.4	37.4	22.5	-999.9	0.0	2.8	97212.5	-999.9
Ntarla	2010	5	4	124	27.5	38.0	22.6	-999.9	0.0	2.7	97021.4	-999.9
Ntarla	2010	5	5	125	28.0	38.9	23.7	-999.9	0.0	2.5	96940.9	-999.9
Ntarla	2010	5	6	126	26.2	36.5	23.0	-999.9	0.0	2.9	97085.3	-999.9
Ntarla	2010	5	7	127	27.1	38.3	23.9	-999.9	3.0	2.6	97155.1	-999.9
Ntarla	2010	5	8	128	25.2	36.6	23.9	-999.9	3.0	2.4	97209.5	-999.9
Ntarla	2010	5	9	129	26.3	38.3	24.5	-999.9	0.0	1.9	97161.0	-999.9
Ntarla	2010	5	10	130	28.7	38.3	23.9	-999.9	3.0	2.3	97123.9	-999.9
Ntarla	2010	5	11	131	27.4	39.4	24.8	-999.9	0.0	2.1	97087.8	-999.9
Ntarla	2010	5	12	132	28.1	38.0	19.2	-999.9	7.3	2.6	97154.1	-999.9
Ntarla	2010	5	13	133	27.0	39.3	25.2	-999.9	0.0	2.4	97134.6	-999.9
Ntarla	2010	5	14	134	28.3	39.4	24.6	-999.9	7.3	2.1	97203.6	-999.9
Ntarla	2010	5	15	135	26.9	39.0	24.0	-999.9	0.0	2.5	97149.2	-999.9
Ntarla	2010	5	16	136	27.3	36.3	21.9	-999.9	0.0	2.1	97207.1	-999.9
Ntarla	2010	5	17	137	28.3	37.2	23.1	-999.9	2.3	1.9	97185.9	-999.9
Ntarla	2010	5	18	138	28.0	37.8	22.4	-999.9	2.3	2.3	97066.9	-999.9
Ntarla	2010	5	19	139	27.2	38.9	25.2	-999.9	0.0	2.3	96942.3	-999.9
Ntarla	2010	5	20	140	26.6	36.1	22.1	-999.9	2.3	2.4	97098.0	-999.9
Ntarla	2010	5	21	141	26.5	35.3	21.8	-999.9	0.0	2.0	97268.6	-999.9
Ntarla	2010	5	22	142	25.2	33.9	21.8	-999.9	0.0	1.6	97272.8	-999.9
Ntarla	2010	5	23	143	27.5	36.8	23.6	-999.9	6.9	1.8	97154.1	-999.9
Ntarla	2010	5	24	144	27.6	36.8	23.8	-999.9	6.9	2.0	97167.6	-999.9
Ntarla	2010	5	25	145	26.0	37.1	24.1	-999.9	0.0	2.2	97160.6	-999.9
Ntarla	2010	5	26	146	28.2	38.5	25.0	-999.9	0.0	2.6	97039.9	-999.9
Ntarla	2010	5	27	147	27.8	37.9	24.1	-999.9	0.0	2.9	97002.4	-999.9
Ntarla	2010	5	28	148	28.0	36.6	24.6	-999.9	0.0	2.6	97158.0	-999.9
Ntarla	2010	5	29	149	26.6	36.7	24.5	-999.9	8.3	2.1	97290.1	-999.9
Ntarla	2010	5	30	150	25.5	34.1	20.9	-999.9	0.0	2.0	97348.1	-999.9
Ntarla	2010	5	31	151	26.9	36.5	23.7	-999.9	0.0	2.1	97283.3	-999.9
Ntarla	2010	6	1	152	25.8	34.3	20.4	-999.9	17.0	2.2	97398.7	-999.9
Ntarla	2010	6	2	153	26.9	33.5	19.7	-999.9	0.0	2.5	97410.7	-999.9
Ntarla	2010	6	3	154	26.0	35.8	24.0	-999.9	8.5	2.3	97415.8	-999.9
Ntarla	2010	6	4	155	25.5	34.9	20.2	-999.9	0.0	2.2	97459.1	-999.9
Ntarla	2010	6	5	156	25.8	34.7	23.2	-999.9	0.0	2.2	97547.2	-999.9
Ntarla	2010	6	6	157	25.4	36.1	24.5	-999.9	0.0	1.8	97536.0	-999.9
Ntarla	2010	6	7	158	27.4	37.5	23.5	-999.9	9.9	2.4	97350.6	-999.9
Ntarla	2010	6	8	159	25.0	36.5	24.0	-999.9	9.9	2.9	97297.9	-999.9
Ntarla	2010	6	9	160	26.1	35.9	23.6	-999.9	0.0	3.4	97297.8	-999.9
Ntarla	2010	6	10	161	24.9	31.8	15.9	-999.9	29.7	2.0	97496.5	-999.9
Ntarla	2010	6	11	162	23.6	33.1	21.4	-999.9	0.0	1.5	97621.5	-999.9
Ntarla	2010	6	12	163	24.7	34.9	23.9	-999.9	0.0	1.3	97471.0	-999.9
Ntarla	2010	6	13	164	26.4	38.2	24.0	-999.9	0.0	2.7	97241.7	-999.9
Ntarla	2010	6	14	165	27.3	36.0	23.3	-999.9	0.0	3.0	97266.5	-999.9
Ntarla	2010	6	15	166	24.6	33.7	20.0	-999.9	0.0	2.4	97475.9	-999.9
Ntarla	2010	6	16	167	25.7	35.1	23.6	-999.9	0.0	2.1	97445.6	-999.9
Ntarla	2010	6	17	168	24.7	32.6	18.4	-999.9	44.8	2.3	97442.7	-999.9
Ntarla	2010	6	18	169	25.5	34.8	22.9	-999.9	0.0	2.0	97267.1	-999.9
Ntarla	2010	6	19	170	25.5	34.9	24.3	-999.9	0.0	2.3	97206.7	-999.9
Ntarla	2010	6	20	171	25.9	35.9	24.5	-999.9	0.0	2.0	97205.5	-999.9
Ntarla	2010	6	21	172	25.4	35.2	23.3	-999.9	5.7	2.3	97261.1	-999.9
Ntarla	2010	6	22	173	25.4	33.5	21.4	-999.9	17.0	1.8	97328.8	-999.9
Ntarla	2010	6	23	174	26.3	33.9	22.2	-999.9	0.0	1.9	97266.6	-999.9
Ntarla	2010	6	24	175	23.8	35.4	23.7	-999.9	0.0	3.4	97253.6	-999.9
Ntarla	2010	6	25	176	24.7	34.0	19.9	-999.9	28.4	3.8	97223.0	-999.9
Ntarla	2010	6	26	177	25.4	33.0	21.6	-999.9	0.0	2.6	97269.7	-999.9
Ntarla	2010	6	27	178	24.3	28.0	11.6	-999.9	10.8	1.9	97359.5	-999.9
Ntarla	2010	6	28	179	23.5	32.9	23.1	-999.9	0.0	1.7	97443.6	-999.9
Ntarla	2010	6	29	180	25.1	35.0	23.0	-999.9	5.4	1.6	97414.2	-999.9
Ntarla	2010	6	30	181	25.3	35.3	23.4	-999.9	16.2	2.2	97251.7	-999.9
Ntarla	2010	7	1	182	24.9	33.6	21.8	-999.9	0.0	2.7	97292.2	-999.9
Ntarla	2010	7	2	183	25.2	34.1	21.5	-999.9	0.0	2.3	97369.1	-999.9
Ntarla	2010	7	3	184	24.6	32.5	21.0	-999.9	11.3	1.7	97387.9	-999.9
Ntarla	2010	7	4	185	24.6	34.6	24.7	-999.9	0.0	1.5	97393.9	-999.9
Ntarla	2010	7	5	186	25.4	35.3	23.7	-999.9	11.3	2.9	97262.4	-999.9
Ntarla	2010	7	6	187	24.8	34.0	21.8	-999.9	15.1	2.7	97123.1	-999.9
Ntarla	2010	7	7	188	24.9	32.2	20.9	-999.9	0.0	2.1	97273.4	-999.9
Ntarla	2010	7	8	189	24.5	33.2	22.8	-999.9	7.6	2.0	97423.4	-999.9
Ntarla	2010	7	9	190	25.0	31.7	17.1	-999.9	0.0	2.1	97298.0	-999.9
Ntarla	2010	7	10	191	23.7	32.4	23.2	-999.9	7.6	2.1	97255.3	-999.9
Ntarla	2010	7	11	192	23.9	29.7	14.6	-999.9	15.1	2.2	97370.6	-999.9
Ntarla	2010	7	12	193	23.1	25.4	6.6	-999.9	7.5	1.6	97400.6	-999.9
Ntarla	2010	7	13	194	22.1	29.8	17.3	-999.9	0.0	1.6	97417.8	-999.9
Ntarla	2010	7	14	195	23.3	31.8	23.9	-999.9	7.5	2.0	97365.3	-999.9
Ntarla	2010	7	15	196	23.6	32.7	20.6	-999.9	0.0	3.3	97218.5	-999.9
Ntarla	2010	7	16	197	23.5	32.1	16.6	-999.9	11.0	3.5	97058.7	-999.9
Ntarla	2010	7	17	198	23.3	26.5	8.9	-999.9	11.0	1.9	97293.0	-999.9
Ntarla	2010	7	18	199	22.6	29.9	20.0	-999.9	0.0	1.9	97575.3	-999.9
Ntarla	2010	7	19	200	23.6	30.3	20.0	-999.9	11.0	2.2	97549.7	-999.9
Ntarla	2010	7	20	201	24.3	29.5	16.7	-999.9	5.5	2.9	97411.7	-999.9
Ntarla	2010	7	21	202	22.8	29.0	16.3	-999.9	0.0	3.3	97542.8	-999.9
Ntarla	2010	7	22	203	23.6	29.1	16.9	-999.9	0.0	3.1	97530.5	-999.9
Ntarla	2010	7	23	204	22.7	24.9	7.7	-999.9	47.6	2.4	97383.9	-999.9
Ntarla	2010	7	24	205	22.3	26.6	13.0	-999.9	0.0	2.8	97521.8	-999.9
Ntarla	2010	7	25	206	22.7	28.8	17.0	-999.9	0.0	2.5	97541.0	-999.9
Ntarla	2010	7	26	207	22.5	31.1	23.2	-999.9	8.1	2.2	97299.8	-999.9
Ntarla	2010	7	27	208	22.8	29.5	17.6	-999.9	16.2	2.3	97281.1	-999.9
Ntarla	2010	7	28	209	22.7	29.2	18.5	-999.9	24.3	2.1	97538.2	-999.9
Ntarla	2010	7	29	210	23.0	28.9	18.8	-999.9	16.2	1.8	97529.3	-999.9
Ntarla	2010	7	30	211	22.9	30.3	18.2	-999.9	0.0	2.1	97236.2	-999.9
Ntarla	2010	7	31	212	22.9	29.0	16.3	-999.9	16.2	2.0	97172.2	-999.9
Ntarla	2010	8	1	213	22.3	28.5	16.1	-999.9	0.0	1.7	97310.1	-999.9
Ntarla	2010	8	2	214	22.7	29.8	20.7	-999.9	0.0	1.3	97411.4	-999.9
Ntarla	2010	8	3	215	23.2	30.9	22.1	-999.9	7.9	1.9	97346.4	-999.9
Ntarla	2010	8	4	216	23.4	28.4	14.1	-999.9	23.6	2.0	97325.9	-999.9
Ntarla	2010	8	5	217	22.6	29.8	19.2	-999.9	7.9	2.1	97300.7	-999.9
Ntarla	2010	8	6	218	23.3	29.4	16.5	-999.9	7.3	1.9	97373.7	-999.9
Ntarla	2010	8	7	219	22.8	29.1	17.0	-999.9	21.8	1.6	97461.0	-999.9
Ntarla	2010	8	8	220	22.7	28.8	14.9	-999.9	7.3	1.8	97453.5	-999.9
Ntarla	2010	8	9	221	22.4	27.1	15.5	-999.9	0.0	2.6	97536.5	-999.9
Ntarla	2010	8	10	222	22.4	29.5	20.4	-999.9	0.0	2.4	97430.7	-999.9
Ntarla	2010	8	11	223	23.3	29.3	14.2	-999.9	13.5	2.0	97333.8	-999.9
Ntarla	2010	8	12	224	22.5	28.1	12.0	-999.9	27.1	1.8	97305.2	-999.9
Ntarla	2010	8	13	225	22.6	29.1	17.2	-999.9	0.0	2.2	97405.2	-999.9
Ntarla	2010	8	14	226	22.6	28.6	17.0	-999.9	40.6	1.4	97427.3	-999.9
Ntarla	2010	8	15	227	22.4	27.8	13.3	-999.9	27.1	1.4	97469.5	-999.9
Ntarla	2010	8	16	228	21.7	30.3	21.9	-999.9	0.0	1.6	97500.0	-999.9
Ntarla	2010	8	17	229	23.4	30.1	21.8	-999.9	38.4	2.1	97457.6	-999.9
Ntarla	2010	8	18	230	22.8	28.9	17.1	-999.9	12.8	2.1	97320.9	-999.9
Ntarla	2010	8	19	231	22.7	29.4	20.4	-999.9	0.0	2.0	97332.3	-999.9
Ntarla	2010	8	20	232	23.1	29.7	20.7	-999.9	0.0	1.9	97517.0	-999.9
Ntarla	2010	8	21	233	22.8	28.8	15.2	-999.9	24.8	1.7	97549.8	-999.9
Ntarla	2010	8	22	234	22.4	29.6	20.1	-999.9	0.0	1.8	97484.6	-999.9
Ntarla	2010	8	23	235	23.0	29.6	21.3	-999.9	0.0	1.9	97479.8	-999.9
Ntarla	2010	8	24	236	22.5	30.0	20.4	-999.9	12.4	1.7	97498.1	-999.9
Ntarla	2010	8	25	237	22.2	30.2	20.3	-999.9	0.0	1.4	97533.3	-999.9
Ntarla	2010	8	26	238	21.7	31.2	22.8	-999.9	29.0	1.6	97507.1	-999.9
Ntarla	2010	8	27	239	23.0	30.9	19.7	-999.9	14.5	2.1	97246.9	-999.9
Ntarla	2010	8	28	240	23.4	30.5	22.0	-999.9	0.0	1.9	97185.4	-999.9
Ntarla	2010	8	29	241	23.7	30.1	20.8	-999.9	29.0	1.8	97215.4	-999.9
Ntarla	2010	8	30	242	23.0	29.5	17.9	-999.9	0.0	1.7	97306.8	-999.9
Ntarla	2010	8	31	243	22.6	28.4	16.3	-999.9	14.5	1.8	97225.1	-999.9
Ntarla	2010	9	1	244	22.7	25.6	9.2	-999.9	0.0	1.2	97155.4	-999.9
Ntarla	2010	9	2	245	23.0	28.1	12.4	-999.9	0.0	2.1	97353.4	-999.9
Ntarla	2010	9	3	246	22.2	28.5	15.3	-999.9	21.6	1.3	97538.3	-999.9
Ntarla	2010	9	4	247	22.3	29.4	17.4	-999.9	10.8	1.7	97440.7	-999.9
Ntarla	2010	9	5	248	21.4	29.7	20.2	-999.9	21.6	1.3	97406.0	-999.9
Ntarla	2010	9	6	249	22.3	24.4	8.4	-999.9	19.9	2.3	97417.5	-999.9
Ntarla	2010	9	7	250	22.1	27.6	15.4	-999.9	0.0	2.2	97451.6	-999.9
Ntarla	2010	9	8	251	22.4	28.8	16.2	-999.9	13.3	2.1	97462.5	-999.9
Ntarla	2010	9	9	252	22.3	24.5	8.4	-999.9	26.6	1.3	97499.9	-999.9
Ntarla	2010	9	10	253	21.5	28.8	17.0	-999.9	0.0	2.0	97387.5	-999.9
Ntarla	2010	9	11	254	21.6	29.3	20.6	-999.9	0.0	1.8	97373.6	-999.9
Ntarla	2010	9	12	255	21.9	30.2	22.7	-999.9	11.5	1.2	97398.8	-999.9
Ntarla	2010	9	13	256	23.6	28.2	14.8	-999.9	11.5	1.2	97388.4	-999.9
Ntarla	2010	9	14	257	21.7	28.3	15.7	-999.9	5.7	1.3	97376.6	-999.9
Ntarla	2010	9	15	258	22.1	29.6	20.0	-999.9	0.0	1.3	97306.8	-999.9
Ntarla	2010	9	16	259	21.9	29.3	20.1	-999.9	9.5	1.2	97308.3	-999.9
Ntarla	2010	9	17	260	22.0	29.1	17.7	-999.9	9.5	1.2	97350.5	-999.9
Ntarla	2010	9	18	261	22.3	29.3	19.4	-999.9	9.5	1.5	97343.0	-999.9
Ntarla	2010	9	19	262	22.5	28.6	18.4	-999.9	4.8	1.9	97423.3	-999.9
Ntarla	2010	9	20	263	21.3	29.3	21.3	-999.9	9.5	1.7	97426.4	-999.9
Ntarla	2010	9	21	264	22.0	29.9	21.2	-999.9	0.0	1.2	97224.9	-999.9
Ntarla	2010	9	22	265	22.2	30.2	22.1	-999.9	0.0	1.2	97260.8	-999.9
Ntarla	2010	9	23	266	22.1	30.0	20.8	-999.9	8.7	1.0	97375.6	-999.9
Ntarla	2010	9	24	267	22.7	30.6	21.8	-999.9	0.0	1.5	97363.2	-999.9
Ntarla	2010	9	25	268	23.4	30.9	22.7	-999.9	8.7	1.4	97312.5	-999.9
Ntarla	2010	9	26	269	22.9	30.9	21.8	-999.9	0.0	1.3	97298.0	-999.9
Ntarla	2010	9	27	270	22.5	31.0	22.8	-999.9	0.0	1.5	97283.5	-999.9
Ntarla	2010	9	28	271	22.3	29.6	16.1	-999.9	8.0	1.6	97284.5	-999.9
Ntarla	2010	9	29	272	21.9	29.3	16.1	-999.9	0.0	1.4	97298.3	-999.9
Ntarla	2010	9	30	273	20.4	30.5	23.4	-999.9	0.0	1.4	97347.1	-999.9
Ntarla	2010	10	1	274	23.5	32.3	23.5	-999.9	0.0	2.1	97086.2	-999.9
Ntarla	2010	10	2	275	22.3	30.7	19.0	-999.9	6.8	1.9	97169.4	-999.9
Ntarla	2010	10	3	276	22.4	31.1	22.5	-999.9	0.0	1.4	97272.8	-999.9
Ntarla	2010	10	4	277	23.6	31.8	18.9	-999.9	0.0	1.6	97194.9	-999.9
Ntarla	2010	10	5	278	22.2	30.1	22.0	-999.9	0.0	1.8	97309.4	-999.9
Ntarla	2010	10	6	279	22.5	29.3	20.2	-999.9	0.0	1.6	97396.0	-999.9
Ntarla	2010	10	7	280	21.5	28.8	19.5	-999.9	20.1	1.2	97497.3	-999.9
Ntarla	2010	10	8	281	21.8	28.7	17.0	-999.9	6.7	1.1	97520.9	-999.9
Ntarla	2010	10	9	282	21.7	29.8	18.7	-999.9	0.0	1.6	97529.5	-999.9
Ntarla	2010	10	10	283	22.3	31.7	23.0	-999.9	0.0	1.0	97320.3	-999.9
Ntarla	2010	10	11	284	22.1	30.7	21.4	-999.9	0.0	2.0	97226.3	-999.9
Ntarla	2010	10	12	285	23.0	30.1	20.5	-999.9	10.9	1.7	97356.6	-999.9
Ntarla	2010	10	13	286	22.2	28.1	14.5	-999.9	10.9	1.2	97437.1	-999.9
Ntarla	2010	10	14	287	22.0	29.5	18.8	-999.9	10.9	1.3	97452.4	-999.9
Ntarla	2010	10	15	288	21.9	29.8	18.6	-999.9	0.0	1.4	97408.5	-999.9
Ntarla	2010	10	16	289	22.3	31.2	21.3	-999.9	0.0	1.2	97299.1	-999.9
Ntarla	2010	10	17	290	23.3	32.1	22.4	-999.9	0.0	1.7	97216.7	-999.9
Ntarla	2010	10	18	291	23.2	31.2	20.6	-999.9	0.0	1.8	97148.1	-999.9
Ntarla	2010	10	19	292	23.3	30.1	18.9	-999.9	0.0	2.0	97251.8	-999.9
Ntarla	2010	10	20	293	23.1	30.6	21.2	-999.9	19.2	1.5	97361.7	-999.9
Ntarla	2010	10	21	294	22.1	29.9	21.1	-999.9	0.0	1.6	97375.5	-999.9
Ntarla	2010	10	22	295	22.4	31.0	20.0	-999.9	0.0	1.6	97260.6	-999.9
Ntarla	2010	10	23	296	22.5	30.9	21.2	-999.9	0.0	1.3	97188.5	-999.9
Ntarla	2010	10	24	297	23.2	31.9	22.0	-999.9	0.0	1.5	97126.4	-999.9
Ntarla	2010	10	25	298	22.2	31.1	21.3	-999.9	0.0	1.7	97135.6	-999.9
Ntarla	2010	10	26	299	22.6	29.9	17.9	-999.9	10.3	1.2	97234.0	-999.9
Ntarla	2010	10	27	300	22.1	29.9	20.1	-999.9	10.3	1.9	97280.7	-999.9
Ntarla	2010	10	28	301	21.9	29.5	17.0	-999.9	0.0	1.4	97338.3	-999.9
Ntarla	2010	10	29	302	21.9	30.6	21.1	-999.9	0.0	1.6	97266.6	-999.9
Ntarla	2010	10	30	303	21.8	31.5	21.2	-999.9	0.0	1.2	97274.0	-999.9
Ntarla	2010	10	31	304	21.5	31.5	21.1	-999.9	0.0	1.2	97317.0	-999.9
Ntarla	2010	11	1	305	21.7	31.7	20.2	-999.9	0.0	1.2	97270.1	-999.9
Ntarla	2010	11	2	306	22.7	31.5	20.5	-999.9	0.0	1.2	97212.5	-999.9
Ntarla	2010	11	3	307	22.6	31.7	17.9	-999.9	0.0	1.1	97153.3	-999.9
Ntarla	2010	11	4	308	21.0	32.9	22.0	-999.9	0.0	1.7	97214.3	-999.9
Ntarla	2010	11	5	309	18.5	30.5	21.2	-999.9	0.0	1.4	97288.6	-999.9
Ntarla	2010	11	6	310	18.1	31.4	21.3	-999.9	0.0	1.5	97383.8	-999.9
Ntarla	2010	11	7	311	19.2	31.3	21.6	-999.9	0.0	1.2	97293.0	-999.9
Ntarla	2010	11	8	312	21.4	30.3	16.7	-999.9	0.0	1.3	97260.2	-999.9
Ntarla	2010	11	9	313	22.0	32.3	19.0	-999.9	0.0	1.5	97185.8	-999.9
Ntarla	2010	11	10	314	21.4	33.2	21.2	-999.9	0.0	2.0	97295.3	-999.9
Ntarla	2010	11	11	315	22.3	33.1	21.7	-999.9	0.0	3.2	97527.4	-999.9
Ntarla	2010	11	12	316	22.0	33.6	21.9	-999.9	0.0	2.8	97359.1	-999.9
Ntarla	2010	11	13	317	20.8	32.9	21.8	-999.9	0.0	2.3	97035.6	-999.9
Ntarla	2010	11	14	318	18.4	32.2	21.2	-999.9	0.0	1.4	97065.7	-999.9
Ntarla	2010	11	15	319	21.2	31.8	18.5	-999.9	0.0	1.7	97316.0	-999.9
Ntarla	2010	11	16	320	22.3	32.5	19.0	-999.9	0.0	1.3	97444.2	-999.9
Ntarla	2010	11	17	321	21.2	34.1	21.1	-999.9	0.0	1.7	97228.6	-999.9
Ntarla	2010	11	18	322	19.7	33.3	20.9	-999.9	0.0	2.1	97125.1	-999.9
Ntarla	2010	11	19	323	20.3	33.4	21.0	-999.9	0.0	2.0	97211.2	-999.9
Ntarla	2010	11	20	324	20.0	33.4	21.2	-999.9	0.0	2.2	97285.5	-999.9
Ntarla	2010	11	21	325	19.6	33.6	20.9	-999.9	0.0	2.1	97120.2	-999.9
Ntarla	2010	11	22	326	18.4	33.1	20.5	-999.9	0.0	1.7	97008.1	-999.9
Ntarla	2010	11	23	327	18.4	32.8	20.3	-999.9	0.0	1.6	97072.3	-999.9
Ntarla	2010	11	24	328	18.2	33.7	21.2	-999.9	0.0	2.3	97154.0	-999.9
Ntarla	2010	11	25	329	19.4	33.4	21.2	-999.9	0.0	2.5	97222.6	-999.9
Ntarla	2010	11	26	330	17.7	33.0	21.2	-999.9	0.0	2.4	97204.8	-999.9
Ntarla	2010	11	27	331	16.2	33.4	21.1	-999.9	0.0	2.0	97194.9	-999.9
Ntarla	2010	11	28	332	18.1	33.7	20.9	-999.9	0.0	2.3	97302.7	-999.9
Ntarla	2010	11	29	333	18.4	33.6	21.0	-999.9	0.0	2.4	97291.8	-999.9
Ntarla	2010	11	30	334	18.3	34.1	21.0	-999.9	0.0	2.0	97272.9	-999.9
Ntarla	2010	12	1	335	16.8	33.3	21.1	-999.9	0.0	2.0	97169.8	-999.9
Ntarla	2010	12	2	336	15.8	32.9	21.2	-999.9	0.0	2.0	97117.3	-999.9
Ntarla	2010	12	3	337	15.6	32.8	21.0	-999.9	0.0	1.7	97216.3	-999.9
Ntarla	2010	12	4	338	15.6	32.8	20.8	-999.9	0.0	1.7	97240.1	-999.9
Ntarla	2010	12	5	339	16.0	33.2	20.6	-999.9	0.0	1.9	97319.6	-999.9
Ntarla	2010	12	6	340	17.0	32.8	20.7	-999.9	0.0	2.0	97262.9	-999.9
Ntarla	2010	12	7	341	16.6	32.5	20.7	-999.9	0.0	2.0	97234.1	-999.9
Ntarla	2010	12	8	342	15.3	32.3	20.8	-999.9	0.0	2.0	97241.0	-999.9
Ntarla	2010	12	9	343	18.0	31.8	20.6	-999.9	0.0	2.3	97333.2	-999.9
Ntarla	2010	12	10	344	17.4	31.8	21.0	-999.9	0.0	2.6	97392.4	-999.9
Ntarla	2010	12	11	345	16.1	30.6	21.0	-999.9	0.0	2.2	97288.7	-999.9
Ntarla	2010	12	12	346	13.0	29.9	21.1	-999.9	0.0	2.0	97070.9	-999.9
Ntarla	2010	12	13	347	13.0	31.2	20.6	-999.9	0.0	1.6	96962.6	-999.9
Ntarla	2010	12	14	348	16.6	32.0	20.3	-999.9	0.0	2.0	97166.5	-999.9
Ntarla	2010	12	15	349	17.3	32.2	20.2	-999.9	0.0	2.2	97298.6	-999.9
Ntarla	2010	12	16	350	16.3	32.2	19.6	-999.9	0.0	1.9	97176.1	-999.9
Ntarla	2010	12	17	351	16.4	32.7	20.1	-999.9	0.0	1.8	97075.8	-999.9
Ntarla	2010	12	18	352	17.6	33.6	20.1	-999.9	0.0	1.9	97053.7	-999.9
Ntarla	2010	12	19	353	19.0	34.0	20.1	-999.9	0.0	2.1	97232.0	-999.9
Ntarla	2010	12	20	354	18.6	34.2	20.2	-999.9	0.0	2.0	97372.4	-999.9
Ntarla	2010	12	21	355	17.5	32.8	20.5	-999.9	0.0	2.1	97314.7	-999.9
Ntarla	2010	12	22	356	16.3	32.7	20.6	-999.9	0.0	1.9	97181.8	-999.9
Ntarla	2010	12	23	357	15.5	32.3	20.4	-999.9	0.0	1.6	97146.2	-999.9
Ntarla	2010	12	24	358	16.3	33.5	20.5	-999.9	0.0	2.0	97158.2	-999.9
Ntarla	2010	12	25	359	18.1	33.3	20.6	-999.9	0.0	2.1	97221.7	-999.9
Ntarla	2010	12	26	360	15.6	33.0	19.5	-999.9	0.0	1.7	97230.8	-999.9
Ntarla	2010	12	27	361	15.8	33.2	20.7	-999.9	0.0	1.9	97175.9	-999.9
Ntarla	2010	12	28	362	17.5	32.6	20.7	-999.9	0.0	2.5	97171.2	-999.9
Ntarla	2010	12	29	363	17.2	31.5	20.2	-999.9	0.0	2.5	97230.7	-999.9
Ntarla	2010	12	30	364	18.7	31.7	19.7	-999.9	0.0	2.3	97291.9	-999.9
Ntarla	2010	12	31	365	18.0	29.9	19.0	-999.9	0.4	2.3	97335.0	-999.9
