Ntarla	2012	1	1	1	14.1	29.8	20.5	-999.9	0.2	2.3	97711.3	-999.9
Ntarla	2012	1	2	2	15.8	32.0	20.4	-999.9	0.0	2.6	97690.0	-999.9
Ntarla	2012	1	3	3	17.4	32.2	20.4	-999.9	0.0	2.7	97634.7	-999.9
Ntarla	2012	1	4	4	16.8	32.0	20.5	-999.9	0.0	2.5	97609.9	-999.9
Ntarla	2012	1	5	5	16.9	31.5	20.6	-999.9	0.0	2.5	97650.5	-999.9
Ntarla	2012	1	6	6	16.7	31.3	20.6	-999.9	0.0	2.4	97636.3	-999.9
Ntarla	2012	1	7	7	16.2	31.1	20.6	-999.9	0.0	2.2	97609.4	-999.9
Ntarla	2012	1	8	8	15.0	31.0	21.1	-999.9	0.0	2.1	97512.0	-999.9
Ntarla	2012	1	9	9	15.4	32.2	21.2	-999.9	0.0	2.0	97469.7	-999.9
Ntarla	2012	1	10	10	16.5	33.0	21.0	-999.9	0.0	2.4	97492.4	-999.9
Ntarla	2012	1	11	11	17.2	33.8	21.0	-999.9	0.0	2.6	97510.6	-999.9
Ntarla	2012	1	12	12	18.4	32.0	21.1	-999.9	0.0	2.9	97639.7	-999.9
Ntarla	2012	1	13	13	16.7	30.9	21.3	-999.9	0.0	2.9	97728.8	-999.9
Ntarla	2012	1	14	14	15.7	29.9	21.5	-999.9	0.0	3.1	97714.2	-999.9
Ntarla	2012	1	15	15	14.6	29.6	21.6	-999.9	0.0	2.7	97682.1	-999.9
Ntarla	2012	1	16	16	14.1	30.2	21.6	-999.9	0.0	2.4	97555.2	-999.9
Ntarla	2012	1	17	17	13.9	31.6	21.2	-999.9	0.0	2.0	97386.6	-999.9
Ntarla	2012	1	18	18	16.6	31.5	21.2	-999.9	0.0	2.0	97355.7	-999.9
Ntarla	2012	1	19	19	16.7	30.9	21.1	-999.9	0.0	2.3	97352.4	-999.9
Ntarla	2012	1	20	20	14.8	28.0	21.2	-999.9	0.0	2.9	97467.1	-999.9
Ntarla	2012	1	21	21	13.7	27.0	21.0	-999.9	0.0	2.8	97611.6	-999.9
Ntarla	2012	1	22	22	14.7	28.4	19.9	-999.9	0.0	2.3	97567.2	-999.9
Ntarla	2012	1	23	23	16.0	29.9	20.0	-999.9	0.0	2.7	97572.9	-999.9
Ntarla	2012	1	24	24	16.3	30.7	20.9	-999.9	0.0	2.5	97544.9	-999.9
Ntarla	2012	1	25	25	16.8	32.1	21.1	-999.9	0.0	2.3	97420.2	-999.9
Ntarla	2012	1	26	26	17.3	32.7	21.2	-999.9	0.0	2.3	97308.2	-999.9
Ntarla	2012	1	27	27	18.0	32.4	21.4	-999.9	0.0	2.7	97365.5	-999.9
Ntarla	2012	1	28	28	17.2	33.4	21.4	-999.9	0.0	2.3	97319.0	-999.9
Ntarla	2012	1	29	29	18.5	34.4	21.5	-999.9	0.0	2.5	97239.7	-999.9
Ntarla	2012	1	30	30	19.2	33.9	21.0	-999.9	0.0	2.5	97259.4	-999.9
Ntarla	2012	1	31	31	19.1	33.6	21.6	-999.9	0.0	2.8	97347.2	-999.9
Ntarla	2012	2	1	32	18.6	33.7	21.5	-999.9	0.0	2.8	97390.0	-999.9
Ntarla	2012	2	2	33	18.1	33.1	21.6	-999.9	0.0	2.7	97426.9	-999.9
Ntarla	2012	2	3	34	18.8	33.0	20.2	-999.9	0.0	2.7	97426.6	-999.9
Ntarla	2012	2	4	35	18.4	34.5	22.0	-999.9	0.0	2.6	97313.1	-999.9
Ntarla	2012	2	5	36	19.5	33.0	21.8	-999.9	0.0	3.5	97404.4	-999.9
Ntarla	2012	2	6	37	17.8	26.5	18.1	-999.9	0.7	3.8	97618.0	-999.9
Ntarla	2012	2	7	38	15.2	25.5	14.1	-999.9	0.0	2.5	97517.0	-999.9
Ntarla	2012	2	8	39	15.1	29.3	21.4	-999.9	0.0	2.2	97408.6	-999.9
Ntarla	2012	2	9	40	15.6	31.4	21.8	-999.9	0.0	2.1	97371.5	-999.9
Ntarla	2012	2	10	41	17.2	32.7	21.3	-999.9	0.0	2.2	97293.2	-999.9
Ntarla	2012	2	11	42	19.1	32.2	20.4	-999.9	0.0	2.7	97337.5	-999.9
Ntarla	2012	2	12	43	18.3	32.7	20.5	-999.9	0.0	2.6	97320.9	-999.9
Ntarla	2012	2	13	44	18.7	33.8	22.1	-999.9	0.0	2.6	97325.5	-999.9
Ntarla	2012	2	14	45	18.6	33.5	21.8	-999.9	0.0	2.7	97347.0	-999.9
Ntarla	2012	2	15	46	20.0	35.4	22.5	-999.9	0.0	2.7	97292.4	-999.9
Ntarla	2012	2	16	47	20.8	35.6	22.7	-999.9	0.0	3.1	97250.5	-999.9
Ntarla	2012	2	17	48	21.4	36.7	22.9	-999.9	0.0	2.7	97165.6	-999.9
Ntarla	2012	2	18	49	20.0	36.9	22.9	-999.9	0.0	1.8	97042.5	-999.9
Ntarla	2012	2	19	50	20.0	36.9	22.8	-999.9	0.0	1.8	96939.4	-999.9
Ntarla	2012	2	20	51	19.9	35.7	22.8	-999.9	0.0	1.8	97103.8	-999.9
Ntarla	2012	2	21	52	22.1	34.4	22.4	-999.9	0.0	3.0	97280.4	-999.9
Ntarla	2012	2	22	53	20.7	32.5	22.5	-999.9	0.0	2.9	97298.2	-999.9
Ntarla	2012	2	23	54	21.2	33.7	21.5	-999.9	0.0	2.0	97194.6	-999.9
Ntarla	2012	2	24	55	21.2	33.5	18.9	-999.9	0.0	2.4	97289.7	-999.9
Ntarla	2012	2	25	56	21.5	36.0	23.5	-999.9	0.0	3.0	97251.8	-999.9
Ntarla	2012	2	26	57	21.7	37.4	23.7	-999.9	0.0	3.1	97116.4	-999.9
Ntarla	2012	2	27	58	22.5	37.8	23.8	-999.9	0.0	2.6	97081.6	-999.9
Ntarla	2012	2	28	59	21.1	38.1	23.8	-999.9	0.0	2.5	97106.8	-999.9
Ntarla	2012	2	29	60	21.5	38.1	23.9	-999.9	0.0	2.1	97102.2	-999.9
Ntarla	2012	3	1	61	21.5	36.2	24.2	-999.9	0.0	2.5	97219.1	-999.9
Ntarla	2012	3	2	62	21.4	35.7	23.9	-999.9	0.0	2.7	97287.3	-999.9
Ntarla	2012	3	3	63	21.2	35.7	24.2	-999.9	0.0	2.6	97317.4	-999.9
Ntarla	2012	3	4	64	21.6	37.2	24.3	-999.9	0.0	2.4	97178.3	-999.9
Ntarla	2012	3	5	65	21.5	36.4	24.2	-999.9	0.0	2.2	97105.0	-999.9
Ntarla	2012	3	6	66	24.2	35.6	21.2	-999.9	0.0	1.9	97159.1	-999.9
Ntarla	2012	3	7	67	24.6	35.6	20.1	-999.9	0.0	1.6	97181.2	-999.9
Ntarla	2012	3	8	68	25.1	37.2	22.2	-999.9	0.0	2.0	97126.5	-999.9
Ntarla	2012	3	9	69	23.6	34.3	21.6	-999.9	0.0	3.0	97327.2	-999.9
Ntarla	2012	3	10	70	22.1	33.8	23.9	-999.9	0.0	2.8	97526.1	-999.9
Ntarla	2012	3	11	71	19.9	32.2	25.0	-999.9	0.0	3.0	97538.5	-999.9
Ntarla	2012	3	12	72	17.7	32.8	25.2	-999.9	0.0	2.7	97469.1	-999.9
Ntarla	2012	3	13	73	18.2	33.9	24.9	-999.9	0.0	2.5	97472.7	-999.9
Ntarla	2012	3	14	74	19.3	35.4	25.1	-999.9	0.0	2.6	97432.7	-999.9
Ntarla	2012	3	15	75	21.1	37.1	24.7	-999.9	0.0	2.7	97390.9	-999.9
Ntarla	2012	3	16	76	22.5	38.3	25.2	-999.9	0.0	2.7	97297.3	-999.9
Ntarla	2012	3	17	77	23.9	38.6	25.2	-999.9	0.0	2.9	97182.0	-999.9
Ntarla	2012	3	18	78	24.5	38.5	25.2	-999.9	0.0	2.8	97128.2	-999.9
Ntarla	2012	3	19	79	24.1	38.3	25.2	-999.9	0.0	2.5	97108.1	-999.9
Ntarla	2012	3	20	80	23.0	38.6	25.3	-999.9	0.0	2.4	97098.0	-999.9
Ntarla	2012	3	21	81	24.5	38.8	25.5	-999.9	0.0	2.8	97020.2	-999.9
Ntarla	2012	3	22	82	23.7	39.1	25.6	-999.9	0.0	2.5	96954.7	-999.9
Ntarla	2012	3	23	83	23.7	39.1	25.9	-999.9	0.0	2.6	96971.6	-999.9
Ntarla	2012	3	24	84	20.4	38.8	26.0	-999.9	0.0	2.3	96944.5	-999.9
Ntarla	2012	3	25	85	22.7	38.9	24.8	-999.9	0.0	2.2	96897.8	-999.9
Ntarla	2012	3	26	86	26.7	38.1	23.7	-999.9	0.0	2.1	96969.8	-999.9
Ntarla	2012	3	27	87	25.3	38.2	23.2	-999.9	0.0	2.1	97009.0	-999.9
Ntarla	2012	3	28	88	26.2	39.0	24.9	-999.9	0.0	1.5	97006.1	-999.9
Ntarla	2012	3	29	89	25.3	38.0	25.3	-999.9	0.0	2.8	97190.0	-999.9
Ntarla	2012	3	30	90	24.5	39.4	25.5	-999.9	0.0	2.2	97145.7	-999.9
Ntarla	2012	3	31	91	23.9	38.4	24.6	-999.9	0.0	1.6	97079.0	-999.9
Ntarla	2012	4	1	92	27.5	38.9	23.6	-999.9	0.0	2.5	96997.8	-999.9
Ntarla	2012	4	2	93	27.1	38.1	22.9	-999.9	7.7	2.7	97060.9	-999.9
Ntarla	2012	4	3	94	24.8	36.7	21.7	-999.9	0.0	2.1	97096.4	-999.9
Ntarla	2012	4	4	95	26.5	37.0	21.1	-999.9	0.0	2.2	97084.2	-999.9
Ntarla	2012	4	5	96	25.2	36.6	17.5	-999.9	0.0	2.1	97120.5	-999.9
Ntarla	2012	4	6	97	25.2	36.9	22.0	-999.9	0.0	1.8	97115.0	-999.9
Ntarla	2012	4	7	98	24.6	40.5	25.2	-999.9	0.0	2.3	96893.6	-999.9
Ntarla	2012	4	8	99	26.4	38.5	22.7	-999.9	0.0	2.3	96814.0	-999.9
Ntarla	2012	4	9	100	26.5	35.6	16.6	-999.9	0.0	2.4	96908.3	-999.9
Ntarla	2012	4	10	101	26.5	39.3	24.2	-999.9	0.0	2.6	96854.2	-999.9
Ntarla	2012	4	11	102	28.1	39.3	24.1	-999.9	0.0	2.6	96964.2	-999.9
Ntarla	2012	4	12	103	25.6	38.3	22.0	-999.9	0.0	2.5	97010.6	-999.9
Ntarla	2012	4	13	104	26.0	33.8	18.4	-999.9	3.7	2.0	97316.3	-999.9
Ntarla	2012	4	14	105	26.1	37.4	25.0	-999.9	0.0	2.7	97252.1	-999.9
Ntarla	2012	4	15	106	26.2	37.9	25.5	-999.9	0.0	2.3	97072.8	-999.9
Ntarla	2012	4	16	107	22.7	38.4	26.4	-999.9	0.0	1.8	97017.8	-999.9
Ntarla	2012	4	17	108	22.1	38.1	25.7	-999.9	0.0	1.8	97116.4	-999.9
Ntarla	2012	4	18	109	26.8	37.3	23.0	-999.9	0.0	2.3	97155.1	-999.9
Ntarla	2012	4	19	110	24.8	35.9	22.4	-999.9	3.6	1.7	97144.8	-999.9
Ntarla	2012	4	20	111	25.2	35.5	22.6	-999.9	0.0	2.3	97281.2	-999.9
Ntarla	2012	4	21	112	25.6	37.1	23.5	-999.9	0.0	1.6	97314.6	-999.9
Ntarla	2012	4	22	113	24.8	40.5	26.2	-999.9	0.0	1.8	97196.9	-999.9
Ntarla	2012	4	23	114	25.6	38.8	24.6	-999.9	0.0	2.6	97072.7	-999.9
Ntarla	2012	4	24	115	28.1	39.4	24.4	-999.9	3.0	2.7	97030.3	-999.9
Ntarla	2012	4	25	116	25.9	37.7	23.4	-999.9	3.0	2.4	97102.2	-999.9
Ntarla	2012	4	26	117	26.8	37.4	24.8	-999.9	0.0	2.1	97204.8	-999.9
Ntarla	2012	4	27	118	27.8	38.5	24.5	-999.9	0.0	2.4	97065.8	-999.9
Ntarla	2012	4	28	119	27.8	38.7	24.2	-999.9	6.8	2.4	97016.1	-999.9
Ntarla	2012	4	29	120	28.0	36.8	21.9	-999.9	0.0	2.6	97045.3	-999.9
Ntarla	2012	4	30	121	26.2	37.6	24.0	-999.9	0.0	1.8	97081.2	-999.9
Ntarla	2012	5	1	122	26.8	37.8	24.5	-999.9	1.9	2.6	97072.3	-999.9
Ntarla	2012	5	2	123	24.3	36.1	18.7	-999.9	0.0	2.6	97156.0	-999.9
Ntarla	2012	5	3	124	25.8	38.7	25.7	-999.9	0.0	2.3	97100.9	-999.9
Ntarla	2012	5	4	125	26.4	38.7	24.9	-999.9	0.0	2.8	97105.4	-999.9
Ntarla	2012	5	5	126	26.7	38.2	24.7	-999.9	0.0	2.0	97145.5	-999.9
Ntarla	2012	5	6	127	27.4	39.2	24.2	-999.9	0.0	2.2	97096.1	-999.9
Ntarla	2012	5	7	128	27.3	39.8	24.5	-999.9	0.0	2.1	97084.7	-999.9
Ntarla	2012	5	8	129	27.9	39.8	24.6	-999.9	0.0	2.1	96999.2	-999.9
Ntarla	2012	5	9	130	27.3	38.8	25.4	-999.9	0.0	2.5	96938.7	-999.9
Ntarla	2012	5	10	131	25.9	37.9	24.2	-999.9	0.0	2.5	97085.6	-999.9
Ntarla	2012	5	11	132	25.4	37.0	24.6	-999.9	10.2	2.8	97215.5	-999.9
Ntarla	2012	5	12	133	25.4	36.8	24.7	-999.9	0.0	2.8	97157.8	-999.9
Ntarla	2012	5	13	134	26.3	37.3	24.8	-999.9	5.1	2.8	97013.8	-999.9
Ntarla	2012	5	14	135	24.0	32.6	22.9	-999.9	10.2	2.3	97219.2	-999.9
Ntarla	2012	5	15	136	24.5	32.3	20.9	-999.9	0.0	1.3	97365.7	-999.9
Ntarla	2012	5	16	137	23.8	30.8	16.9	-999.9	5.0	1.4	97434.0	-999.9
Ntarla	2012	5	17	138	25.2	33.3	22.2	-999.9	0.0	2.0	97297.7	-999.9
Ntarla	2012	5	18	139	25.5	36.3	24.6	-999.9	2.5	2.7	97108.5	-999.9
Ntarla	2012	5	19	140	27.2	37.3	25.2	-999.9	5.0	3.1	97062.8	-999.9
Ntarla	2012	5	20	141	24.8	36.3	23.9	-999.9	2.5	2.2	97220.7	-999.9
Ntarla	2012	5	21	142	26.1	37.0	24.5	-999.9	0.0	2.5	97292.4	-999.9
Ntarla	2012	5	22	143	24.2	35.6	22.4	-999.9	14.0	2.0	97335.9	-999.9
Ntarla	2012	5	23	144	24.4	36.8	24.7	-999.9	0.0	1.6	97278.6	-999.9
Ntarla	2012	5	24	145	24.7	36.2	23.6	-999.9	4.7	2.5	97276.2	-999.9
Ntarla	2012	5	25	146	25.4	35.0	22.3	-999.9	0.0	2.8	97351.7	-999.9
Ntarla	2012	5	26	147	24.7	36.6	24.9	-999.9	0.0	2.8	97313.9	-999.9
Ntarla	2012	5	27	148	26.0	38.2	24.8	-999.9	0.0	2.5	97213.8	-999.9
Ntarla	2012	5	28	149	26.7	37.2	24.8	-999.9	5.7	3.0	97216.5	-999.9
Ntarla	2012	5	29	150	25.6	34.6	17.1	-999.9	11.4	2.9	97336.3	-999.9
Ntarla	2012	5	30	151	25.8	35.6	22.4	-999.9	0.0	2.3	97367.8	-999.9
Ntarla	2012	5	31	152	25.3	34.1	22.7	-999.9	0.0	2.5	97470.5	-999.9
Ntarla	2012	6	1	153	24.7	35.2	23.4	-999.9	0.0	2.3	97491.4	-999.9
Ntarla	2012	6	2	154	26.0	37.2	24.4	-999.9	0.0	1.8	97385.1	-999.9
Ntarla	2012	6	3	155	24.3	33.9	21.1	-999.9	10.9	2.1	97463.5	-999.9
Ntarla	2012	6	4	156	25.6	36.4	24.1	-999.9	0.0	1.6	97498.0	-999.9
Ntarla	2012	6	5	157	25.8	36.6	24.4	-999.9	0.0	2.3	97392.9	-999.9
Ntarla	2012	6	6	158	25.1	35.7	23.2	-999.9	4.4	2.6	97351.5	-999.9
Ntarla	2012	6	7	159	24.3	36.4	24.4	-999.9	4.4	2.6	97412.0	-999.9
Ntarla	2012	6	8	160	24.2	35.8	23.0	-999.9	17.5	1.8	97434.0	-999.9
Ntarla	2012	6	9	161	24.8	35.9	24.4	-999.9	0.0	1.6	97386.5	-999.9
Ntarla	2012	6	10	162	25.9	37.4	23.4	-999.9	0.0	2.3	97163.9	-999.9
Ntarla	2012	6	11	163	25.7	35.9	22.5	-999.9	0.0	2.6	97134.0	-999.9
Ntarla	2012	6	12	164	24.7	33.4	18.7	-999.9	29.4	2.5	97246.9	-999.9
Ntarla	2012	6	13	165	24.4	31.7	18.5	-999.9	0.0	2.8	97338.4	-999.9
Ntarla	2012	6	14	166	24.1	32.8	22.5	-999.9	9.8	1.8	97351.5	-999.9
Ntarla	2012	6	15	167	24.9	34.7	23.4	-999.9	0.0	2.0	97301.4	-999.9
Ntarla	2012	6	16	168	24.1	34.2	24.4	-999.9	0.0	2.9	97237.3	-999.9
Ntarla	2012	6	17	169	24.6	31.9	19.9	-999.9	4.8	2.7	97357.4	-999.9
Ntarla	2012	6	18	170	23.3	31.7	22.1	-999.9	0.0	1.9	97478.2	-999.9
Ntarla	2012	6	19	171	23.9	32.1	23.8	-999.9	4.8	1.5	97515.3	-999.9
Ntarla	2012	6	20	172	24.2	33.0	24.7	-999.9	0.0	2.3	97453.9	-999.9
Ntarla	2012	6	21	173	25.0	34.7	24.7	-999.9	9.1	2.8	97241.8	-999.9
Ntarla	2012	6	22	174	24.0	32.4	21.4	-999.9	9.1	2.9	97285.3	-999.9
Ntarla	2012	6	23	175	24.3	32.7	23.1	-999.9	0.0	2.6	97551.8	-999.9
Ntarla	2012	6	24	176	24.4	32.9	24.1	-999.9	9.1	2.3	97549.4	-999.9
Ntarla	2012	6	25	177	23.3	30.1	18.3	-999.9	18.2	1.2	97419.9	-999.9
Ntarla	2012	6	26	178	23.5	31.8	22.8	-999.9	4.6	1.6	97484.2	-999.9
Ntarla	2012	6	27	179	24.4	30.5	15.6	-999.9	0.0	2.3	97567.9	-999.9
Ntarla	2012	6	28	180	23.3	32.3	19.9	-999.9	13.8	2.2	97415.5	-999.9
Ntarla	2012	6	29	181	23.7	28.4	16.9	-999.9	0.0	2.3	97386.3	-999.9
Ntarla	2012	6	30	182	22.7	30.2	18.1	-999.9	0.0	2.1	97364.6	-999.9
Ntarla	2012	7	1	183	23.3	31.1	22.7	-999.9	0.0	1.9	97300.5	-999.9
Ntarla	2012	7	2	184	24.0	31.1	17.5	-999.9	12.8	1.7	97293.3	-999.9
Ntarla	2012	7	3	185	23.6	31.1	18.9	-999.9	0.0	1.6	97352.9	-999.9
Ntarla	2012	7	4	186	22.9	29.1	14.4	-999.9	25.7	1.6	97265.0	-999.9
Ntarla	2012	7	5	187	22.5	29.7	17.6	-999.9	6.4	1.8	97237.8	-999.9
Ntarla	2012	7	6	188	22.3	29.9	19.2	-999.9	8.3	2.5	97370.8	-999.9
Ntarla	2012	7	7	189	23.0	31.0	21.3	-999.9	0.0	1.9	97456.6	-999.9
Ntarla	2012	7	8	190	23.2	32.2	22.6	-999.9	8.3	1.6	97367.0	-999.9
Ntarla	2012	7	9	191	23.6	30.7	15.7	-999.9	16.6	2.4	97244.4	-999.9
Ntarla	2012	7	10	192	23.8	31.4	19.4	-999.9	0.0	2.4	97242.2	-999.9
Ntarla	2012	7	11	193	23.0	32.2	23.0	-999.9	0.0	1.6	97351.2	-999.9
Ntarla	2012	7	12	194	24.1	31.0	19.3	-999.9	10.4	1.9	97412.8	-999.9
Ntarla	2012	7	13	195	22.9	31.3	19.0	-999.9	15.7	1.5	97418.2	-999.9
Ntarla	2012	7	14	196	23.6	33.8	23.8	-999.9	0.0	1.6	97318.5	-999.9
Ntarla	2012	7	15	197	23.2	30.3	18.2	-999.9	5.2	3.1	97258.6	-999.9
Ntarla	2012	7	16	198	22.7	28.1	16.7	-999.9	0.0	2.2	97414.1	-999.9
Ntarla	2012	7	17	199	22.2	29.7	20.4	-999.9	0.0	1.6	97621.0	-999.9
Ntarla	2012	7	18	200	23.4	30.7	22.1	-999.9	0.0	1.8	97555.2	-999.9
Ntarla	2012	7	19	201	23.2	28.5	14.2	-999.9	28.7	1.8	97424.6	-999.9
Ntarla	2012	7	20	202	22.9	29.4	18.9	-999.9	0.0	2.1	97501.6	-999.9
Ntarla	2012	7	21	203	22.7	29.5	20.2	-999.9	0.0	2.1	97720.3	-999.9
Ntarla	2012	7	22	204	23.0	30.2	18.6	-999.9	0.0	1.9	97635.8	-999.9
Ntarla	2012	7	23	205	22.0	30.4	23.3	-999.9	0.0	1.8	97485.2	-999.9
Ntarla	2012	7	24	206	23.3	29.7	18.9	-999.9	0.0	2.6	97456.7	-999.9
Ntarla	2012	7	25	207	22.8	28.4	12.7	-999.9	20.9	1.5	97491.0	-999.9
Ntarla	2012	7	26	208	23.0	30.3	21.4	-999.9	0.0	1.3	97515.2	-999.9
Ntarla	2012	7	27	209	22.6	29.3	15.3	-999.9	12.6	1.6	97469.8	-999.9
Ntarla	2012	7	28	210	22.9	30.1	20.8	-999.9	0.0	1.8	97324.1	-999.9
Ntarla	2012	7	29	211	22.8	30.4	21.2	-999.9	6.3	1.6	97327.7	-999.9
Ntarla	2012	7	30	212	22.8	29.7	20.7	-999.9	0.0	1.6	97435.0	-999.9
Ntarla	2012	7	31	213	23.6	31.0	22.9	-999.9	12.6	1.7	97464.7	-999.9
Ntarla	2012	8	1	214	23.2	30.4	17.4	-999.9	7.6	2.1	97368.0	-999.9
Ntarla	2012	8	2	215	22.9	29.5	18.1	-999.9	15.1	1.9	97406.1	-999.9
Ntarla	2012	8	3	216	22.9	30.0	21.5	-999.9	0.0	1.7	97493.2	-999.9
Ntarla	2012	8	4	217	22.9	28.8	12.9	-999.9	22.7	1.3	97454.6	-999.9
Ntarla	2012	8	5	218	22.9	28.9	16.8	-999.9	0.0	1.9	97502.5	-999.9
Ntarla	2012	8	6	219	22.6	29.5	20.8	-999.9	0.0	2.3	97572.5	-999.9
Ntarla	2012	8	7	220	23.5	30.2	17.4	-999.9	40.7	2.2	97389.5	-999.9
Ntarla	2012	8	8	221	22.3	24.4	8.2	-999.9	81.5	2.7	97177.1	-999.9
Ntarla	2012	8	9	222	21.5	29.6	18.2	-999.9	0.0	2.1	97417.5	-999.9
Ntarla	2012	8	10	223	22.0	29.4	20.7	-999.9	0.0	1.5	97528.9	-999.9
Ntarla	2012	8	11	224	22.1	29.5	18.1	-999.9	8.9	1.8	97501.7	-999.9
Ntarla	2012	8	12	225	22.3	28.2	15.4	-999.9	17.7	1.9	97506.0	-999.9
Ntarla	2012	8	13	226	22.2	28.3	18.7	-999.9	0.0	2.3	97554.3	-999.9
Ntarla	2012	8	14	227	22.6	30.0	21.6	-999.9	35.4	2.2	97457.8	-999.9
Ntarla	2012	8	15	228	22.7	27.5	10.2	-999.9	26.6	1.4	97438.1	-999.9
Ntarla	2012	8	16	229	22.2	28.0	17.7	-999.9	0.0	1.8	97550.6	-999.9
Ntarla	2012	8	17	230	22.2	29.0	21.6	-999.9	0.0	1.9	97499.1	-999.9
Ntarla	2012	8	18	231	22.6	30.2	22.0	-999.9	0.0	2.1	97279.1	-999.9
Ntarla	2012	8	19	232	22.2	28.7	14.7	-999.9	10.4	2.6	97309.6	-999.9
Ntarla	2012	8	20	233	22.5	28.6	19.0	-999.9	0.0	2.1	97512.8	-999.9
Ntarla	2012	8	21	234	21.8	29.6	22.4	-999.9	0.0	1.6	97539.5	-999.9
Ntarla	2012	8	22	235	22.1	28.3	15.8	-999.9	17.4	1.2	97488.5	-999.9
Ntarla	2012	8	23	236	21.6	29.3	21.2	-999.9	0.0	1.6	97379.4	-999.9
Ntarla	2012	8	24	237	22.2	28.2	15.4	-999.9	29.0	1.4	97433.6	-999.9
Ntarla	2012	8	25	238	21.8	28.7	18.7	-999.9	17.4	1.8	97603.5	-999.9
Ntarla	2012	8	26	239	22.1	29.2	20.1	-999.9	12.6	1.3	97645.0	-999.9
Ntarla	2012	8	27	240	21.9	30.6	24.0	-999.9	0.0	2.0	97573.5	-999.9
Ntarla	2012	8	28	241	23.0	31.5	22.9	-999.9	0.0	1.9	97451.8	-999.9
Ntarla	2012	8	29	242	23.4	30.2	20.4	-999.9	0.0	1.8	97408.5	-999.9
Ntarla	2012	8	30	243	22.3	29.3	19.3	-999.9	0.0	1.8	97484.4	-999.9
Ntarla	2012	8	31	244	22.0	28.8	19.3	-999.9	25.2	1.8	97533.8	-999.9
Ntarla	2012	9	1	245	22.1	28.3	19.6	-999.9	0.0	2.2	97607.3	-999.9
Ntarla	2012	9	2	246	21.9	29.1	19.8	-999.9	10.6	1.8	97659.9	-999.9
Ntarla	2012	9	3	247	22.6	29.4	17.8	-999.9	10.6	1.2	97607.8	-999.9
Ntarla	2012	9	4	248	22.3	28.4	17.1	-999.9	10.6	1.3	97562.7	-999.9
Ntarla	2012	9	5	249	22.4	29.4	20.8	-999.9	10.6	1.7	97485.9	-999.9
Ntarla	2012	9	6	250	22.0	26.3	10.2	-999.9	0.0	1.8	97541.0	-999.9
Ntarla	2012	9	7	251	21.4	28.6	17.8	-999.9	0.0	1.9	97665.6	-999.9
Ntarla	2012	9	8	252	21.7	30.6	24.3	-999.9	0.0	1.8	97556.9	-999.9
Ntarla	2012	9	9	253	22.4	29.8	20.5	-999.9	19.4	1.7	97492.7	-999.9
Ntarla	2012	9	10	254	22.4	30.5	23.8	-999.9	9.7	1.4	97530.6	-999.9
Ntarla	2012	9	11	255	21.8	30.1	23.4	-999.9	0.0	1.1	97495.1	-999.9
Ntarla	2012	9	12	256	22.3	30.5	22.6	-999.9	0.0	1.2	97491.4	-999.9
Ntarla	2012	9	13	257	23.2	30.1	18.9	-999.9	0.0	2.0	97486.9	-999.9
Ntarla	2012	9	14	258	21.9	30.7	24.0	-999.9	6.8	1.6	97466.3	-999.9
Ntarla	2012	9	15	259	23.0	30.9	22.7	-999.9	0.0	1.7	97374.3	-999.9
Ntarla	2012	9	16	260	22.8	26.5	10.8	-999.9	19.4	1.6	97392.0	-999.9
Ntarla	2012	9	17	261	21.5	29.1	18.5	-999.9	6.5	1.6	97440.5	-999.9
Ntarla	2012	9	18	262	21.9	28.6	16.7	-999.9	0.0	1.7	97491.4	-999.9
Ntarla	2012	9	19	263	21.7	27.3	19.1	-999.9	0.0	2.4	97437.9	-999.9
Ntarla	2012	9	20	264	21.2	28.4	19.8	-999.9	0.0	1.6	97369.0	-999.9
Ntarla	2012	9	21	265	21.9	27.8	15.9	-999.9	17.8	1.4	97447.7	-999.9
Ntarla	2012	9	22	266	21.4	29.1	19.3	-999.9	0.0	1.4	97510.6	-999.9
Ntarla	2012	9	23	267	21.8	29.0	18.0	-999.9	8.9	1.5	97566.3	-999.9
Ntarla	2012	9	24	268	21.5	29.9	21.4	-999.9	17.8	1.1	97500.7	-999.9
Ntarla	2012	9	25	269	22.1	30.9	22.4	-999.9	8.9	1.2	97374.0	-999.9
Ntarla	2012	9	26	270	22.4	31.8	23.8	-999.9	0.0	1.3	97340.5	-999.9
Ntarla	2012	9	27	271	22.5	30.2	20.2	-999.9	2.8	1.6	97468.7	-999.9
Ntarla	2012	9	28	272	22.1	29.7	21.0	-999.9	2.8	1.9	97634.5	-999.9
Ntarla	2012	9	29	273	21.8	30.9	23.5	-999.9	0.0	1.4	97596.8	-999.9
Ntarla	2012	9	30	274	23.0	32.6	23.4	-999.9	2.8	2.1	97309.2	-999.9
Ntarla	2012	10	1	275	22.7	31.6	23.1	-999.9	4.5	1.5	97332.1	-999.9
Ntarla	2012	10	2	276	23.1	30.0	19.8	-999.9	0.0	2.2	97494.5	-999.9
Ntarla	2012	10	3	277	21.9	30.0	20.9	-999.9	0.0	1.1	97546.0	-999.9
Ntarla	2012	10	4	278	22.9	30.5	21.7	-999.9	0.0	1.7	97420.1	-999.9
Ntarla	2012	10	5	279	22.9	31.9	22.2	-999.9	0.0	2.0	97270.0	-999.9
Ntarla	2012	10	6	280	22.9	32.6	23.3	-999.9	5.9	1.5	97273.7	-999.9
Ntarla	2012	10	7	281	22.2	31.3	22.2	-999.9	3.0	1.6	97273.1	-999.9
Ntarla	2012	10	8	282	22.9	31.7	22.3	-999.9	5.9	1.6	97346.9	-999.9
Ntarla	2012	10	9	283	22.2	28.9	17.5	-999.9	0.0	1.0	97455.9	-999.9
Ntarla	2012	10	10	284	21.5	30.8	22.4	-999.9	3.0	1.1	97398.9	-999.9
Ntarla	2012	10	11	285	22.5	32.2	23.3	-999.9	0.0	1.8	97290.0	-999.9
Ntarla	2012	10	12	286	23.1	31.7	22.8	-999.9	0.0	2.5	97295.5	-999.9
Ntarla	2012	10	13	287	23.3	31.5	21.8	-999.9	0.0	2.1	97267.4	-999.9
Ntarla	2012	10	14	288	23.6	31.1	21.2	-999.9	4.5	1.6	97222.3	-999.9
Ntarla	2012	10	15	289	22.7	32.0	22.2	-999.9	0.0	1.4	97188.9	-999.9
Ntarla	2012	10	16	290	23.1	31.4	21.7	-999.9	7.6	1.3	97301.5	-999.9
Ntarla	2012	10	17	291	22.4	28.6	15.2	-999.9	7.6	1.5	97455.3	-999.9
Ntarla	2012	10	18	292	22.4	31.1	21.5	-999.9	0.0	1.1	97290.4	-999.9
Ntarla	2012	10	19	293	23.4	31.8	21.1	-999.9	7.6	1.6	97191.7	-999.9
Ntarla	2012	10	20	294	22.8	30.2	17.2	-999.9	7.6	1.6	97173.5	-999.9
Ntarla	2012	10	21	295	21.7	32.4	20.5	-999.9	0.0	1.7	97086.3	-999.9
Ntarla	2012	10	22	296	22.8	31.5	20.0	-999.9	0.0	1.5	97241.6	-999.9
Ntarla	2012	10	23	297	22.8	32.5	21.8	-999.9	0.0	1.5	97323.9	-999.9
Ntarla	2012	10	24	298	20.3	33.5	22.3	-999.9	0.0	1.6	97291.2	-999.9
Ntarla	2012	10	25	299	20.0	33.2	22.7	-999.9	0.0	1.4	97225.1	-999.9
Ntarla	2012	10	26	300	21.2	32.6	19.8	-999.9	0.0	1.4	97261.3	-999.9
Ntarla	2012	10	27	301	23.2	31.3	17.8	-999.9	4.5	1.9	97304.2	-999.9
Ntarla	2012	10	28	302	22.3	32.3	20.7	-999.9	9.0	1.2	97408.3	-999.9
Ntarla	2012	10	29	303	22.9	32.0	20.7	-999.9	0.0	1.8	97442.5	-999.9
Ntarla	2012	10	30	304	22.1	32.7	21.5	-999.9	0.0	1.5	97291.9	-999.9
Ntarla	2012	10	31	305	22.4	32.6	21.7	-999.9	0.0	1.7	97260.1	-999.9
Ntarla	2012	11	1	306	21.2	33.3	20.0	-999.9	0.0	1.3	97309.8	-999.9
Ntarla	2012	11	2	307	20.7	35.5	22.4	-999.9	0.0	2.1	97205.7	-999.9
Ntarla	2012	11	3	308	19.0	33.6	22.3	-999.9	0.0	1.4	97229.0	-999.9
Ntarla	2012	11	4	309	21.4	33.1	20.1	-999.9	0.0	1.8	97268.4	-999.9
Ntarla	2012	11	5	310	22.0	32.5	20.0	-999.9	0.0	1.5	97249.2	-999.9
Ntarla	2012	11	6	311	22.9	33.0	19.9	-999.9	2.1	1.4	97264.5	-999.9
Ntarla	2012	11	7	312	23.3	32.6	19.8	-999.9	1.1	1.6	97324.8	-999.9
Ntarla	2012	11	8	313	22.3	31.5	19.3	-999.9	0.0	1.4	97261.2	-999.9
Ntarla	2012	11	9	314	22.9	31.8	19.1	-999.9	0.0	1.2	97204.6	-999.9
Ntarla	2012	11	10	315	22.1	33.2	19.8	-999.9	0.0	1.4	97160.7	-999.9
Ntarla	2012	11	11	316	20.6	32.6	19.5	-999.9	0.0	1.4	97253.8	-999.9
Ntarla	2012	11	12	317	20.9	33.3	20.9	-999.9	0.0	1.3	97249.2	-999.9
Ntarla	2012	11	13	318	20.9	34.0	20.6	-999.9	0.0	1.2	97290.3	-999.9
Ntarla	2012	11	14	319	21.3	34.3	20.5	-999.9	0.0	1.2	97224.4	-999.9
Ntarla	2012	11	15	320	22.3	32.9	18.8	-999.9	0.0	1.2	97239.8	-999.9
Ntarla	2012	11	16	321	22.1	33.2	17.0	-999.9	0.0	1.3	97224.3	-999.9
Ntarla	2012	11	17	322	22.4	35.1	20.7	-999.9	0.0	1.8	97228.5	-999.9
Ntarla	2012	11	18	323	20.7	34.3	21.2	-999.9	0.0	1.4	97229.6	-999.9
Ntarla	2012	11	19	324	20.3	33.6	20.6	-999.9	0.0	1.6	97284.8	-999.9
Ntarla	2012	11	20	325	19.8	34.8	21.2	-999.9	0.0	2.0	97310.8	-999.9
Ntarla	2012	11	21	326	20.5	34.7	20.2	-999.9	0.0	1.5	97278.9	-999.9
Ntarla	2012	11	22	327	21.5	34.2	20.8	-999.9	0.0	1.6	97179.2	-999.9
Ntarla	2012	11	23	328	20.0	34.0	20.6	-999.9	0.0	1.7	97148.0	-999.9
Ntarla	2012	11	24	329	20.1	33.5	19.8	-999.9	0.0	1.7	97252.5	-999.9
Ntarla	2012	11	25	330	20.1	33.4	20.7	-999.9	0.0	2.0	97319.6	-999.9
Ntarla	2012	11	26	331	20.0	32.3	19.1	-999.9	0.0	1.9	97420.6	-999.9
Ntarla	2012	11	27	332	20.3	32.6	20.0	-999.9	0.0	1.9	97387.9	-999.9
Ntarla	2012	11	28	333	19.8	34.1	20.2	-999.9	0.0	2.5	97292.4	-999.9
Ntarla	2012	11	29	334	19.5	34.3	20.6	-999.9	0.0	1.7	97175.4	-999.9
Ntarla	2012	11	30	335	19.2	33.7	20.4	-999.9	0.0	1.5	97012.7	-999.9
Ntarla	2012	12	1	336	19.6	32.0	20.2	-999.9	0.0	1.4	97096.7	-999.9
Ntarla	2012	12	2	337	20.3	30.9	18.5	-999.9	0.0	2.2	97388.6	-999.9
Ntarla	2012	12	3	338	20.0	30.2	19.2	-999.9	0.0	2.5	97565.5	-999.9
Ntarla	2012	12	4	339	20.2	29.0	18.2	-999.9	0.4	2.7	97569.9	-999.9
Ntarla	2012	12	5	340	17.4	28.8	20.2	-999.9	0.0	2.4	97431.6	-999.9
Ntarla	2012	12	6	341	16.8	28.7	19.2	-999.9	0.0	2.3	97488.1	-999.9
Ntarla	2012	12	7	342	17.3	29.7	20.0	-999.9	0.0	2.1	97544.3	-999.9
Ntarla	2012	12	8	343	17.0	30.9	20.5	-999.9	0.0	2.1	97531.7	-999.9
Ntarla	2012	12	9	344	19.7	31.1	18.5	-999.9	0.0	2.2	97469.9	-999.9
Ntarla	2012	12	10	345	18.0	32.5	20.5	-999.9	0.0	2.1	97353.1	-999.9
Ntarla	2012	12	11	346	17.6	32.2	20.5	-999.9	0.0	2.2	97283.5	-999.9
Ntarla	2012	12	12	347	16.9	31.8	20.3	-999.9	0.0	2.1	97243.8	-999.9
Ntarla	2012	12	13	348	17.5	32.1	20.0	-999.9	0.0	2.2	97265.9	-999.9
Ntarla	2012	12	14	349	19.4	31.7	19.6	-999.9	0.2	2.5	97326.4	-999.9
Ntarla	2012	12	15	350	19.3	30.6	18.4	-999.9	0.0	2.9	97470.2	-999.9
Ntarla	2012	12	16	351	17.4	29.9	19.6	-999.9	0.0	2.8	97468.1	-999.9
Ntarla	2012	12	17	352	17.0	30.1	19.1	-999.9	0.1	2.5	97377.3	-999.9
Ntarla	2012	12	18	353	18.3	31.2	18.9	-999.9	0.0	2.4	97375.1	-999.9
Ntarla	2012	12	19	354	19.1	29.4	15.9	-999.9	0.3	2.2	97483.7	-999.9
Ntarla	2012	12	20	355	16.6	29.7	20.3	-999.9	0.0	2.3	97448.6	-999.9
Ntarla	2012	12	21	356	15.0	29.6	20.4	-999.9	0.0	2.1	97414.5	-999.9
Ntarla	2012	12	22	357	15.5	31.0	20.2	-999.9	0.0	2.1	97472.0	-999.9
Ntarla	2012	12	23	358	17.4	32.0	20.4	-999.9	0.0	2.3	97471.5	-999.9
Ntarla	2012	12	24	359	16.5	31.8	20.5	-999.9	0.0	2.1	97437.5	-999.9
Ntarla	2012	12	25	360	16.4	32.2	20.6	-999.9	0.0	2.0	97434.6	-999.9
Ntarla	2012	12	26	361	16.9	32.3	20.5	-999.9	0.0	2.0	97508.2	-999.9
Ntarla	2012	12	27	362	16.8	31.4	20.6	-999.9	0.0	2.2	97504.4	-999.9
Ntarla	2012	12	28	363	16.5	30.5	20.5	-999.9	0.0	2.2	97502.8	-999.9
Ntarla	2012	12	29	364	14.7	29.4	20.7	-999.9	0.0	2.6	97540.9	-999.9
Ntarla	2012	12	30	365	15.2	27.4	20.7	-999.9	0.0	2.9	97660.5	-999.9
Ntarla	2012	12	31	366	13.8	28.8	20.9	-999.9	0.0	2.8	97605.0	-999.9
