Ntarla	1990	1	1	1	19.8	29.5	18.4	-999.9	0.2	2.6	97603.9	-999.9
Ntarla	1990	1	2	2	16.5	29.1	20.4	-999.9	0.0	2.3	97575.4	-999.9
Ntarla	1990	1	3	3	16.7	30.4	20.4	-999.9	0.0	2.1	97523.3	-999.9
Ntarla	1990	1	4	4	16.3	31.4	20.8	-999.9	0.0	2.0	97493.8	-999.9
Ntarla	1990	1	5	5	16.6	31.2	20.7	-999.9	0.0	2.4	97420.3	-999.9
Ntarla	1990	1	6	6	16.3	30.8	20.8	-999.9	0.0	2.2	97478.1	-999.9
Ntarla	1990	1	7	7	15.9	32.1	20.8	-999.9	0.0	2.0	97433.7	-999.9
Ntarla	1990	1	8	8	16.9	33.6	20.6	-999.9	0.0	2.1	97398.8	-999.9
Ntarla	1990	1	9	9	18.4	34.3	20.3	-999.9	0.0	1.9	97362.2	-999.9
Ntarla	1990	1	10	10	18.6	34.7	20.5	-999.9	0.0	1.7	97271.2	-999.9
Ntarla	1990	1	11	11	19.3	34.5	20.3	-999.9	0.0	1.9	97198.5	-999.9
Ntarla	1990	1	12	12	20.8	33.7	20.0	-999.9	0.0	2.4	97296.1	-999.9
Ntarla	1990	1	13	13	20.8	32.7	19.3	-999.9	0.0	2.8	97390.2	-999.9
Ntarla	1990	1	14	14	19.4	31.4	18.7	-999.9	0.0	2.8	97467.1	-999.9
Ntarla	1990	1	15	15	17.1	31.4	20.6	-999.9	0.0	2.7	97409.7	-999.9
Ntarla	1990	1	16	16	16.9	31.9	20.9	-999.9	0.0	2.7	97430.5	-999.9
Ntarla	1990	1	17	17	17.7	33.7	20.7	-999.9	0.0	2.4	97377.1	-999.9
Ntarla	1990	1	18	18	19.6	34.5	20.8	-999.9	0.0	2.3	97194.8	-999.9
Ntarla	1990	1	19	19	20.1	34.8	20.8	-999.9	0.0	2.5	97113.1	-999.9
Ntarla	1990	1	20	20	19.6	32.4	20.7	-999.9	0.0	3.2	97272.6	-999.9
Ntarla	1990	1	21	21	17.0	28.5	21.1	-999.9	0.0	3.6	97492.4	-999.9
Ntarla	1990	1	22	22	14.9	26.6	21.0	-999.9	0.0	3.4	97653.6	-999.9
Ntarla	1990	1	23	23	14.8	25.8	20.1	-999.9	0.0	3.0	97705.4	-999.9
Ntarla	1990	1	24	24	14.3	26.4	21.1	-999.9	0.0	3.0	97671.6	-999.9
Ntarla	1990	1	25	25	14.7	28.7	21.3	-999.9	0.0	2.5	97584.1	-999.9
Ntarla	1990	1	26	26	15.8	31.1	21.3	-999.9	0.0	2.2	97448.9	-999.9
Ntarla	1990	1	27	27	17.5	33.2	21.2	-999.9	0.0	1.9	97290.2	-999.9
Ntarla	1990	1	28	28	19.3	33.6	18.6	-999.9	0.0	1.7	97208.7	-999.9
Ntarla	1990	1	29	29	19.6	34.3	21.4	-999.9	0.0	2.4	97275.1	-999.9
Ntarla	1990	1	30	30	19.6	34.8	21.8	-999.9	0.0	2.5	97328.0	-999.9
Ntarla	1990	1	31	31	19.1	34.3	22.2	-999.9	0.0	2.1	97344.4	-999.9
Ntarla	1990	2	1	32	17.7	35.0	22.4	-999.9	0.0	2.2	97253.4	-999.9
Ntarla	1990	2	2	33	18.1	35.7	22.3	-999.9	0.0	2.2	97189.7	-999.9
Ntarla	1990	2	3	34	19.4	35.9	22.1	-999.9	0.0	2.3	97199.6	-999.9
Ntarla	1990	2	4	35	20.0	35.7	22.0	-999.9	0.0	2.3	97237.0	-999.9
Ntarla	1990	2	5	36	20.3	35.9	22.2	-999.9	0.0	2.7	97296.3	-999.9
Ntarla	1990	2	6	37	20.8	34.9	22.4	-999.9	0.0	3.0	97387.3	-999.9
Ntarla	1990	2	7	38	19.7	32.1	20.3	-999.9	0.0	2.9	97508.3	-999.9
Ntarla	1990	2	8	39	17.4	32.1	21.9	-999.9	0.0	2.5	97567.1	-999.9
Ntarla	1990	2	9	40	19.4	31.1	20.4	-999.9	0.0	2.5	97502.1	-999.9
Ntarla	1990	2	10	41	17.0	32.0	22.8	-999.9	0.0	2.6	97459.1	-999.9
Ntarla	1990	2	11	42	18.2	32.8	22.8	-999.9	0.0	3.2	97487.4	-999.9
Ntarla	1990	2	12	43	18.5	32.1	22.6	-999.9	0.0	2.9	97648.6	-999.9
Ntarla	1990	2	13	44	17.3	32.0	23.0	-999.9	0.0	2.5	97558.5	-999.9
Ntarla	1990	2	14	45	17.8	33.3	23.1	-999.9	0.0	2.3	97419.8	-999.9
Ntarla	1990	2	15	46	18.4	35.0	22.7	-999.9	0.0	2.1	97312.7	-999.9
Ntarla	1990	2	16	47	17.8	36.3	23.0	-999.9	0.0	2.1	97199.6	-999.9
Ntarla	1990	2	17	48	18.9	36.5	23.1	-999.9	0.0	1.9	97149.4	-999.9
Ntarla	1990	2	18	49	20.0	36.5	23.2	-999.9	0.0	1.8	97209.5	-999.9
Ntarla	1990	2	19	50	20.8	36.9	23.2	-999.9	0.0	2.2	97307.3	-999.9
Ntarla	1990	2	20	51	22.0	37.2	22.9	-999.9	0.0	1.9	97222.5	-999.9
Ntarla	1990	2	21	52	22.1	36.5	23.1	-999.9	0.0	2.6	97214.5	-999.9
Ntarla	1990	2	22	53	20.1	36.5	23.5	-999.9	0.0	2.3	97166.0	-999.9
Ntarla	1990	2	23	54	20.1	35.9	22.1	-999.9	0.0	2.3	97227.2	-999.9
Ntarla	1990	2	24	55	21.3	34.7	23.2	-999.9	0.0	3.2	97390.8	-999.9
Ntarla	1990	2	25	56	23.1	32.5	21.0	-999.9	0.0	2.7	97472.0	-999.9
Ntarla	1990	2	26	57	20.4	33.2	21.9	-999.9	0.0	2.8	97474.5	-999.9
Ntarla	1990	2	27	58	21.9	34.0	23.6	-999.9	0.0	2.8	97501.5	-999.9
Ntarla	1990	2	28	59	21.6	35.3	23.6	-999.9	0.0	2.7	97406.2	-999.9
Ntarla	1990	3	1	60	22.0	35.6	23.7	-999.9	0.0	2.3	97348.2	-999.9
Ntarla	1990	3	2	61	20.4	35.9	20.8	-999.9	0.0	2.0	97324.5	-999.9
Ntarla	1990	3	3	62	25.0	36.6	19.3	-999.9	0.0	2.1	97359.6	-999.9
Ntarla	1990	3	4	63	22.2	38.0	23.4	-999.9	0.0	2.3	97306.6	-999.9
Ntarla	1990	3	5	64	24.0	39.1	24.1	-999.9	0.0	2.5	97272.7	-999.9
Ntarla	1990	3	6	65	23.5	39.3	24.4	-999.9	0.0	3.1	97227.0	-999.9
Ntarla	1990	3	7	66	24.3	38.9	24.5	-999.9	0.0	3.4	97278.0	-999.9
Ntarla	1990	3	8	67	22.9	37.7	25.2	-999.9	0.0	3.2	97348.3	-999.9
Ntarla	1990	3	9	68	22.3	37.6	25.2	-999.9	0.0	2.6	97388.4	-999.9
Ntarla	1990	3	10	69	21.1	37.7	25.0	-999.9	0.0	2.9	97500.6	-999.9
Ntarla	1990	3	11	70	24.1	37.0	24.6	-999.9	0.0	3.3	97619.5	-999.9
Ntarla	1990	3	12	71	21.4	34.7	25.4	-999.9	0.0	3.1	97570.8	-999.9
Ntarla	1990	3	13	72	19.8	35.1	24.5	-999.9	2.4	2.7	97463.7	-999.9
Ntarla	1990	3	14	73	21.3	35.8	25.7	-999.9	0.0	2.7	97389.6	-999.9
Ntarla	1990	3	15	74	20.5	36.2	25.6	-999.9	0.0	2.4	97301.9	-999.9
Ntarla	1990	3	16	75	21.9	37.0	25.6	-999.9	0.0	2.4	97180.8	-999.9
Ntarla	1990	3	17	76	21.2	37.8	25.6	-999.9	0.0	2.4	97138.0	-999.9
Ntarla	1990	3	18	77	21.5	38.4	25.7	-999.9	0.0	2.5	97206.6	-999.9
Ntarla	1990	3	19	78	22.3	39.0	25.7	-999.9	0.0	2.9	97211.2	-999.9
Ntarla	1990	3	20	79	24.1	38.1	25.8	-999.9	0.0	3.0	97288.0	-999.9
Ntarla	1990	3	21	80	23.2	37.7	25.8	-999.9	0.0	2.9	97295.0	-999.9
Ntarla	1990	3	22	81	22.5	37.1	25.8	-999.9	0.0	2.7	97237.5	-999.9
Ntarla	1990	3	23	82	22.1	37.3	25.7	-999.9	0.0	2.7	97257.0	-999.9
Ntarla	1990	3	24	83	22.0	37.5	25.3	-999.9	0.0	2.7	97277.7	-999.9
Ntarla	1990	3	25	84	22.8	38.1	25.7	-999.9	0.0	2.5	97253.7	-999.9
Ntarla	1990	3	26	85	20.9	37.4	24.8	-999.9	0.0	2.4	97109.6	-999.9
Ntarla	1990	3	27	86	21.4	38.4	26.2	-999.9	0.0	2.4	97057.2	-999.9
Ntarla	1990	3	28	87	21.7	39.4	26.1	-999.9	0.0	2.2	97007.4	-999.9
Ntarla	1990	3	29	88	22.0	40.1	26.2	-999.9	0.0	1.9	96890.8	-999.9
Ntarla	1990	3	30	89	21.6	39.2	24.1	-999.9	0.0	2.0	96855.3	-999.9
Ntarla	1990	3	31	90	24.0	40.0	24.3	-999.9	0.0	1.8	96968.8	-999.9
Ntarla	1990	4	1	91	29.6	40.8	23.7	-999.9	0.0	2.1	97080.2	-999.9
Ntarla	1990	4	2	92	27.3	40.2	24.8	-999.9	0.0	1.7	97043.3	-999.9
Ntarla	1990	4	3	93	27.3	39.9	25.1	-999.9	0.0	2.3	96972.9	-999.9
Ntarla	1990	4	4	94	27.2	40.4	24.2	-999.9	0.0	1.6	96974.6	-999.9
Ntarla	1990	4	5	95	27.9	39.5	23.2	-999.9	0.0	2.1	97022.7	-999.9
Ntarla	1990	4	6	96	27.7	36.3	20.0	-999.9	0.0	3.2	97063.8	-999.9
Ntarla	1990	4	7	97	25.0	36.3	19.7	-999.9	0.0	2.5	97176.7	-999.9
Ntarla	1990	4	8	98	26.9	38.9	23.2	-999.9	0.0	2.9	97205.5	-999.9
Ntarla	1990	4	9	99	27.2	40.3	24.6	-999.9	0.0	2.1	97131.8	-999.9
Ntarla	1990	4	10	100	27.6	37.9	20.8	-999.9	0.0	1.7	97067.2	-999.9
Ntarla	1990	4	11	101	25.2	40.4	25.9	-999.9	0.0	2.0	97069.7	-999.9
Ntarla	1990	4	12	102	25.0	40.0	26.1	-999.9	0.0	1.6	97159.1	-999.9
Ntarla	1990	4	13	103	26.6	39.2	22.8	-999.9	0.0	1.6	97071.7	-999.9
Ntarla	1990	4	14	104	25.6	40.3	25.2	-999.9	0.0	1.9	96932.1	-999.9
Ntarla	1990	4	15	105	27.9	38.8	23.2	-999.9	2.4	2.0	96956.3	-999.9
Ntarla	1990	4	16	106	26.9	32.8	19.2	-999.9	0.0	1.5	97057.5	-999.9
Ntarla	1990	4	17	107	23.9	32.5	22.4	-999.9	0.0	1.7	97095.6	-999.9
Ntarla	1990	4	18	108	23.2	35.3	25.6	-999.9	0.0	1.7	97101.8	-999.9
Ntarla	1990	4	19	109	22.6	36.2	25.8	-999.9	0.0	1.8	97045.2	-999.9
Ntarla	1990	4	20	110	22.1	37.7	25.9	-999.9	0.0	1.3	96962.7	-999.9
Ntarla	1990	4	21	111	24.4	38.1	24.6	-999.9	0.0	1.0	96920.1	-999.9
Ntarla	1990	4	22	112	25.7	39.6	24.8	-999.9	0.0	1.7	96862.1	-999.9
Ntarla	1990	4	23	113	29.4	40.3	23.0	-999.9	0.0	2.3	96820.8	-999.9
Ntarla	1990	4	24	114	28.3	38.1	20.5	-999.9	3.5	2.3	96896.0	-999.9
Ntarla	1990	4	25	115	29.2	39.5	24.7	-999.9	0.0	2.6	96850.3	-999.9
Ntarla	1990	4	26	116	29.6	34.8	18.7	-999.9	2.7	2.2	96808.3	-999.9
Ntarla	1990	4	27	117	26.4	35.3	20.5	-999.9	8.2	2.1	96939.0	-999.9
Ntarla	1990	4	28	118	25.3	38.0	23.5	-999.9	2.7	1.4	96960.3	-999.9
Ntarla	1990	4	29	119	25.7	38.6	24.1	-999.9	0.0	2.4	96890.4	-999.9
Ntarla	1990	4	30	120	24.6	37.2	23.8	-999.9	0.0	2.1	96873.4	-999.9
Ntarla	1990	5	1	121	25.5	35.6	20.0	-999.9	3.7	2.0	96953.3	-999.9
Ntarla	1990	5	2	122	25.4	38.1	23.6	-999.9	0.0	1.5	96907.5	-999.9
Ntarla	1990	5	3	123	25.6	39.2	24.5	-999.9	0.0	1.8	96840.8	-999.9
Ntarla	1990	5	4	124	25.9	40.4	25.3	-999.9	0.0	2.0	96789.7	-999.9
Ntarla	1990	5	5	125	26.9	39.2	23.9	-999.9	0.0	2.8	96884.2	-999.9
Ntarla	1990	5	6	126	26.0	38.5	22.1	-999.9	0.0	2.6	97002.7	-999.9
Ntarla	1990	5	7	127	25.2	35.2	21.2	-999.9	2.4	1.9	97182.6	-999.9
Ntarla	1990	5	8	128	26.6	37.7	23.1	-999.9	0.0	2.5	97096.8	-999.9
Ntarla	1990	5	9	129	25.3	36.3	22.1	-999.9	4.8	2.9	97102.4	-999.9
Ntarla	1990	5	10	130	26.4	37.2	22.9	-999.9	0.0	2.1	97083.3	-999.9
Ntarla	1990	5	11	131	25.9	37.3	23.2	-999.9	0.0	1.5	96998.7	-999.9
Ntarla	1990	5	12	132	27.1	39.1	22.5	-999.9	7.3	1.7	97039.9	-999.9
Ntarla	1990	5	13	133	26.3	38.7	23.9	-999.9	3.7	1.6	97147.9	-999.9
Ntarla	1990	5	14	134	27.4	39.7	24.7	-999.9	0.0	1.8	97128.2	-999.9
Ntarla	1990	5	15	135	27.7	38.7	24.2	-999.9	0.0	2.2	97184.6	-999.9
Ntarla	1990	5	16	136	27.3	39.4	25.2	-999.9	0.0	2.1	97200.6	-999.9
Ntarla	1990	5	17	137	28.1	38.7	23.6	-999.9	0.0	2.3	97202.8	-999.9
Ntarla	1990	5	18	138	27.3	37.6	22.9	-999.9	4.6	2.1	97279.7	-999.9
Ntarla	1990	5	19	139	26.1	36.7	22.6	-999.9	9.3	1.9	97371.6	-999.9
Ntarla	1990	5	20	140	27.0	38.9	24.1	-999.9	0.0	2.3	97307.4	-999.9
Ntarla	1990	5	21	141	27.3	38.4	25.3	-999.9	0.0	3.2	97256.3	-999.9
Ntarla	1990	5	22	142	27.6	38.0	24.1	-999.9	0.0	2.9	97243.4	-999.9
Ntarla	1990	5	23	143	27.7	38.4	23.3	-999.9	10.2	2.2	97284.4	-999.9
Ntarla	1990	5	24	144	26.4	38.7	24.8	-999.9	3.4	2.1	97302.5	-999.9
Ntarla	1990	5	25	145	26.2	36.9	22.3	-999.9	0.0	2.5	97346.1	-999.9
Ntarla	1990	5	26	146	26.5	35.8	24.0	-999.9	0.0	2.5	97350.3	-999.9
Ntarla	1990	5	27	147	26.7	38.4	24.4	-999.9	0.0	2.8	97218.9	-999.9
Ntarla	1990	5	28	148	27.2	37.7	24.5	-999.9	0.0	3.4	97253.7	-999.9
Ntarla	1990	5	29	149	27.6	33.4	17.8	-999.9	13.9	2.9	97366.7	-999.9
Ntarla	1990	5	30	150	26.9	35.0	22.5	-999.9	6.1	2.5	97371.6	-999.9
Ntarla	1990	5	31	151	25.8	35.6	22.4	-999.9	0.0	1.9	97380.9	-999.9
Ntarla	1990	6	1	152	25.5	35.3	22.8	-999.9	0.0	1.9	97461.5	-999.9
Ntarla	1990	6	2	153	24.8	36.6	23.9	-999.9	12.3	2.0	97403.6	-999.9
Ntarla	1990	6	3	154	26.8	36.6	23.3	-999.9	0.0	2.6	97296.3	-999.9
Ntarla	1990	6	4	155	26.4	37.1	25.1	-999.9	0.0	2.5	97354.5	-999.9
Ntarla	1990	6	5	156	26.9	38.4	24.5	-999.9	0.0	1.8	97344.6	-999.9
Ntarla	1990	6	6	157	27.9	35.7	21.3	-999.9	4.8	2.5	97323.9	-999.9
Ntarla	1990	6	7	158	27.6	36.0	22.0	-999.9	0.0	2.9	97306.7	-999.9
Ntarla	1990	6	8	159	27.7	37.0	23.5	-999.9	11.0	2.6	97292.2	-999.9
Ntarla	1990	6	9	160	26.3	34.8	22.6	-999.9	0.0	2.0	97424.0	-999.9
Ntarla	1990	6	10	161	26.2	37.5	24.0	-999.9	0.0	1.7	97339.9	-999.9
Ntarla	1990	6	11	162	27.8	37.9	23.9	-999.9	5.3	1.8	97261.3	-999.9
Ntarla	1990	6	12	163	26.9	36.1	22.9	-999.9	2.6	2.8	97268.7	-999.9
Ntarla	1990	6	13	164	26.4	36.1	23.3	-999.9	0.0	2.4	97230.5	-999.9
Ntarla	1990	6	14	165	25.1	33.5	20.8	-999.9	7.9	2.3	97337.8	-999.9
Ntarla	1990	6	15	166	25.3	35.6	24.5	-999.9	0.0	2.0	97417.0	-999.9
Ntarla	1990	6	16	167	26.5	34.9	21.9	-999.9	9.0	2.4	97449.9	-999.9
Ntarla	1990	6	17	168	26.2	34.1	19.9	-999.9	0.0	2.4	97443.1	-999.9
Ntarla	1990	6	18	169	25.3	34.2	21.9	-999.9	4.5	2.2	97557.5	-999.9
Ntarla	1990	6	19	170	24.0	34.5	22.3	-999.9	0.0	1.7	97589.5	-999.9
Ntarla	1990	6	20	171	24.6	34.8	23.0	-999.9	4.5	2.4	97566.0	-999.9
Ntarla	1990	6	21	172	25.1	34.3	23.4	-999.9	0.0	2.5	97526.1	-999.9
Ntarla	1990	6	22	173	25.2	37.0	24.9	-999.9	0.0	2.2	97324.8	-999.9
Ntarla	1990	6	23	174	25.0	34.2	19.5	-999.9	0.0	2.7	97238.8	-999.9
Ntarla	1990	6	24	175	26.1	35.1	23.4	-999.9	19.6	2.4	97201.8	-999.9
Ntarla	1990	6	25	176	24.0	33.8	20.1	-999.9	0.0	2.6	97332.6	-999.9
Ntarla	1990	6	26	177	25.3	34.0	22.3	-999.9	0.0	2.8	97386.6	-999.9
Ntarla	1990	6	27	178	24.4	32.8	18.8	-999.9	32.0	2.6	97338.0	-999.9
Ntarla	1990	6	28	179	23.8	29.6	17.6	-999.9	0.0	2.6	97341.6	-999.9
Ntarla	1990	6	29	180	23.4	31.4	21.8	-999.9	0.0	2.0	97496.6	-999.9
Ntarla	1990	6	30	181	24.1	32.7	22.0	-999.9	10.7	1.5	97528.5	-999.9
Ntarla	1990	7	1	182	25.2	34.3	22.3	-999.9	5.0	2.1	97316.2	-999.9
Ntarla	1990	7	2	183	24.5	32.5	20.2	-999.9	0.0	2.8	97205.8	-999.9
Ntarla	1990	7	3	184	24.1	30.9	19.7	-999.9	0.0	2.7	97377.1	-999.9
Ntarla	1990	7	4	185	24.1	32.5	22.9	-999.9	5.0	2.2	97496.0	-999.9
Ntarla	1990	7	5	186	22.7	32.3	23.2	-999.9	10.0	1.9	97521.3	-999.9
Ntarla	1990	7	6	187	23.5	30.8	17.6	-999.9	13.6	1.9	97426.8	-999.9
Ntarla	1990	7	7	188	23.2	29.8	18.0	-999.9	0.0	1.9	97444.4	-999.9
Ntarla	1990	7	8	189	24.2	32.3	21.3	-999.9	0.0	2.6	97378.2	-999.9
Ntarla	1990	7	9	190	23.3	31.4	18.5	-999.9	6.8	1.9	97334.0	-999.9
Ntarla	1990	7	10	191	24.1	30.5	20.2	-999.9	6.8	2.2	97390.1	-999.9
Ntarla	1990	7	11	192	23.4	29.6	14.8	-999.9	0.9	1.9	97454.3	-999.9
Ntarla	1990	7	12	193	22.7	29.3	17.5	-999.9	7.7	1.9	97555.3	-999.9
Ntarla	1990	7	13	194	23.1	29.3	16.9	-999.9	22.9	2.0	97425.4	-999.9
Ntarla	1990	7	14	195	22.6	28.9	16.4	-999.9	6.9	2.2	97429.3	-999.9
Ntarla	1990	7	15	196	22.6	29.4	20.3	-999.9	28.3	1.6	97530.1	-999.9
Ntarla	1990	7	16	197	22.2	30.0	20.3	-999.9	8.6	2.4	97487.8	-999.9
Ntarla	1990	7	17	198	22.7	28.0	13.8	-999.9	8.6	2.0	97366.3	-999.9
Ntarla	1990	7	18	199	22.4	29.9	20.2	-999.9	17.3	1.9	97359.1	-999.9
Ntarla	1990	7	19	200	22.6	29.7	20.0	-999.9	4.3	1.7	97350.2	-999.9
Ntarla	1990	7	20	201	22.6	30.3	19.7	-999.9	4.3	1.6	97355.4	-999.9
Ntarla	1990	7	21	202	22.9	29.2	17.7	-999.9	5.2	2.0	97376.1	-999.9
Ntarla	1990	7	22	203	22.7	28.6	15.6	-999.9	9.2	2.4	97238.6	-999.9
Ntarla	1990	7	23	204	22.7	27.9	14.1	-999.9	0.0	2.6	97267.8	-999.9
Ntarla	1990	7	24	205	22.0	28.0	17.5	-999.9	0.0	1.7	97577.2	-999.9
Ntarla	1990	7	25	206	22.3	30.2	22.2	-999.9	4.6	1.3	97678.1	-999.9
Ntarla	1990	7	26	207	23.8	30.0	20.9	-999.9	16.8	2.4	97498.7	-999.9
Ntarla	1990	7	27	208	23.7	29.7	19.8	-999.9	0.0	2.8	97395.6	-999.9
Ntarla	1990	7	28	209	23.4	30.1	19.9	-999.9	8.4	2.5	97488.2	-999.9
Ntarla	1990	7	29	210	22.2	27.5	9.1	-999.9	0.0	1.6	97645.2	-999.9
Ntarla	1990	7	30	211	23.0	29.5	19.0	-999.9	16.8	2.1	97621.9	-999.9
Ntarla	1990	7	31	212	23.1	29.6	18.7	-999.9	0.0	2.2	97664.8	-999.9
Ntarla	1990	8	1	213	23.1	30.0	21.0	-999.9	10.6	1.9	97592.9	-999.9
Ntarla	1990	8	2	214	22.0	27.3	12.1	-999.9	31.8	1.7	97532.8	-999.9
Ntarla	1990	8	3	215	22.9	28.7	16.2	-999.9	31.8	1.4	97491.4	-999.9
Ntarla	1990	8	4	216	22.1	28.3	18.9	-999.9	0.0	1.9	97536.4	-999.9
Ntarla	1990	8	5	217	22.2	29.4	20.0	-999.9	10.6	1.5	97547.7	-999.9
Ntarla	1990	8	6	218	22.0	30.3	23.2	-999.9	23.9	1.6	97504.8	-999.9
Ntarla	1990	8	7	219	22.6	29.4	20.7	-999.9	9.1	2.1	97482.7	-999.9
Ntarla	1990	8	8	220	22.4	30.3	22.3	-999.9	0.0	1.7	97625.4	-999.9
Ntarla	1990	8	9	221	23.1	29.3	17.8	-999.9	8.0	1.8	97524.0	-999.9
Ntarla	1990	8	10	222	23.4	29.6	19.6	-999.9	8.0	1.8	97519.7	-999.9
Ntarla	1990	8	11	223	22.1	29.5	22.0	-999.9	0.0	2.0	97683.5	-999.9
Ntarla	1990	8	12	224	22.4	31.4	24.2	-999.9	8.7	2.0	97679.3	-999.9
Ntarla	1990	8	13	225	23.1	28.2	13.4	-999.9	0.0	3.1	97479.0	-999.9
Ntarla	1990	8	14	226	23.5	28.7	14.4	-999.9	9.9	2.8	97450.3	-999.9
Ntarla	1990	8	15	227	22.3	28.4	19.1	-999.9	0.0	2.0	97577.1	-999.9
Ntarla	1990	8	16	228	21.8	29.7	21.4	-999.9	16.7	1.5	97632.0	-999.9
Ntarla	1990	8	17	229	22.0	30.5	23.5	-999.9	0.0	1.8	97632.9	-999.9
Ntarla	1990	8	18	230	22.6	31.5	24.4	-999.9	16.7	1.4	97509.9	-999.9
Ntarla	1990	8	19	231	22.9	30.4	21.4	-999.9	0.0	1.7	97465.4	-999.9
Ntarla	1990	8	20	232	22.9	30.7	22.5	-999.9	0.0	1.4	97483.4	-999.9
Ntarla	1990	8	21	233	22.9	30.8	22.3	-999.9	4.1	1.1	97558.3	-999.9
Ntarla	1990	8	22	234	22.7	31.4	24.5	-999.9	0.0	1.4	97527.0	-999.9
Ntarla	1990	8	23	235	23.8	31.1	22.3	-999.9	4.1	1.7	97441.7	-999.9
Ntarla	1990	8	24	236	24.0	31.6	21.9	-999.9	8.2	2.0	97463.6	-999.9
Ntarla	1990	8	25	237	23.7	30.7	22.0	-999.9	4.1	1.6	97552.4	-999.9
Ntarla	1990	8	26	238	22.9	30.3	19.4	-999.9	0.0	1.5	97425.1	-999.9
Ntarla	1990	8	27	239	23.5	31.2	22.4	-999.9	0.0	1.9	97323.9	-999.9
Ntarla	1990	8	28	240	23.2	31.0	20.8	-999.9	25.9	1.7	97384.0	-999.9
Ntarla	1990	8	29	241	22.8	28.6	17.0	-999.9	0.0	1.9	97545.3	-999.9
Ntarla	1990	8	30	242	22.3	29.9	20.4	-999.9	12.9	1.6	97549.9	-999.9
Ntarla	1990	8	31	243	22.1	31.0	23.4	-999.9	0.0	1.2	97393.2	-999.9
Ntarla	1990	9	1	244	22.4	29.4	16.3	-999.9	12.6	1.5	97349.6	-999.9
Ntarla	1990	9	2	245	22.7	29.9	22.6	-999.9	0.0	1.9	97423.9	-999.9
Ntarla	1990	9	3	246	22.6	30.3	21.8	-999.9	0.0	1.9	97543.6	-999.9
Ntarla	1990	9	4	247	22.5	29.9	20.4	-999.9	12.6	1.4	97520.4	-999.9
Ntarla	1990	9	5	248	22.6	30.1	19.4	-999.9	6.3	1.5	97430.1	-999.9
Ntarla	1990	9	6	249	22.5	30.1	20.5	-999.9	0.0	1.4	97444.2	-999.9
Ntarla	1990	9	7	250	22.1	30.2	21.7	-999.9	0.0	1.5	97456.1	-999.9
Ntarla	1990	9	8	251	22.7	30.0	19.6	-999.9	8.8	1.7	97369.2	-999.9
Ntarla	1990	9	9	252	21.9	30.5	23.5	-999.9	0.0	1.3	97373.9	-999.9
Ntarla	1990	9	10	253	22.8	31.0	23.2	-999.9	0.0	1.5	97359.0	-999.9
Ntarla	1990	9	11	254	24.4	31.4	22.9	-999.9	9.0	2.0	97285.0	-999.9
Ntarla	1990	9	12	255	22.9	28.2	13.6	-999.9	0.0	1.6	97322.2	-999.9
Ntarla	1990	9	13	256	21.8	29.6	17.2	-999.9	0.0	1.7	97374.9	-999.9
Ntarla	1990	9	14	257	22.3	29.5	17.6	-999.9	4.5	1.3	97533.1	-999.9
Ntarla	1990	9	15	258	22.4	29.6	18.6	-999.9	0.0	1.2	97585.5	-999.9
Ntarla	1990	9	16	259	21.9	31.0	24.0	-999.9	0.0	1.5	97547.8	-999.9
Ntarla	1990	9	17	260	22.9	30.3	20.2	-999.9	7.2	1.7	97539.7	-999.9
Ntarla	1990	9	18	261	22.5	29.9	22.0	-999.9	7.2	1.4	97533.6	-999.9
Ntarla	1990	9	19	262	23.1	30.1	20.7	-999.9	7.2	1.4	97487.0	-999.9
Ntarla	1990	9	20	263	22.7	29.8	19.6	-999.9	0.0	1.3	97435.2	-999.9
Ntarla	1990	9	21	264	22.0	29.3	16.0	-999.9	19.8	1.2	97434.4	-999.9
Ntarla	1990	9	22	265	22.0	31.0	22.6	-999.9	0.0	1.1	97372.6	-999.9
Ntarla	1990	9	23	266	22.7	30.9	22.1	-999.9	0.0	1.6	97404.5	-999.9
Ntarla	1990	9	24	267	23.4	30.0	19.1	-999.9	0.0	1.6	97348.3	-999.9
Ntarla	1990	9	25	268	22.8	30.9	22.3	-999.9	0.0	1.7	97356.2	-999.9
Ntarla	1990	9	26	269	21.9	30.6	20.8	-999.9	9.0	1.2	97418.6	-999.9
Ntarla	1990	9	27	270	22.6	30.3	21.3	-999.9	18.0	1.1	97516.2	-999.9
Ntarla	1990	9	28	271	23.0	30.2	20.2	-999.9	0.0	1.7	97482.5	-999.9
Ntarla	1990	9	29	272	22.7	30.5	22.0	-999.9	0.0	1.9	97509.7	-999.9
Ntarla	1990	9	30	273	22.1	30.9	22.8	-999.9	0.0	1.6	97459.2	-999.9
Ntarla	1990	10	1	274	23.3	31.4	22.0	-999.9	3.9	1.5	97444.8	-999.9
Ntarla	1990	10	2	275	23.4	31.3	21.9	-999.9	7.8	1.2	97434.0	-999.9
Ntarla	1990	10	3	276	22.8	30.9	21.7	-999.9	7.8	1.2	97351.5	-999.9
Ntarla	1990	10	4	277	22.1	27.9	13.4	-999.9	11.7	1.2	97427.9	-999.9
Ntarla	1990	10	5	278	21.6	30.5	22.0	-999.9	0.0	1.3	97320.1	-999.9
Ntarla	1990	10	6	279	23.3	30.6	21.5	-999.9	0.0	1.8	97290.9	-999.9
Ntarla	1990	10	7	280	23.3	31.2	21.0	-999.9	0.0	2.0	97286.3	-999.9
Ntarla	1990	10	8	281	23.5	30.8	20.7	-999.9	2.2	1.6	97296.7	-999.9
Ntarla	1990	10	9	282	22.8	31.0	21.9	-999.9	2.2	1.5	97378.3	-999.9
Ntarla	1990	10	10	283	23.9	32.9	22.0	-999.9	2.2	1.4	97341.1	-999.9
Ntarla	1990	10	11	284	23.6	34.3	23.4	-999.9	0.0	1.7	97184.8	-999.9
Ntarla	1990	10	12	285	23.8	32.8	21.6	-999.9	0.0	1.8	97328.4	-999.9
Ntarla	1990	10	13	286	23.8	32.8	22.3	-999.9	2.2	1.6	97412.3	-999.9
Ntarla	1990	10	14	287	23.2	35.0	22.7	-999.9	0.0	1.7	97174.1	-999.9
Ntarla	1990	10	15	288	22.9	32.7	22.0	-999.9	0.0	2.1	97182.1	-999.9
Ntarla	1990	10	16	289	22.4	32.0	21.4	-999.9	0.0	1.6	97295.2	-999.9
Ntarla	1990	10	17	290	22.5	32.9	21.4	-999.9	0.0	1.5	97324.5	-999.9
Ntarla	1990	10	18	291	23.0	33.2	21.2	-999.9	0.0	1.6	97384.1	-999.9
Ntarla	1990	10	19	292	22.5	33.4	20.9	-999.9	0.0	1.4	97397.8	-999.9
Ntarla	1990	10	20	293	22.5	34.8	21.7	-999.9	0.0	1.4	97255.2	-999.9
Ntarla	1990	10	21	294	23.8	35.8	20.6	-999.9	0.0	1.8	97126.2	-999.9
Ntarla	1990	10	22	295	23.0	35.4	21.7	-999.9	0.0	1.8	97266.3	-999.9
Ntarla	1990	10	23	296	22.6	35.8	20.8	-999.9	0.0	1.8	97320.8	-999.9
Ntarla	1990	10	24	297	22.9	35.1	19.1	-999.9	0.0	1.4	97362.9	-999.9
Ntarla	1990	10	25	298	24.4	35.0	18.7	-999.9	0.0	1.6	97296.8	-999.9
Ntarla	1990	10	26	299	21.4	35.5	21.4	-999.9	0.0	1.7	97326.0	-999.9
Ntarla	1990	10	27	300	23.1	35.4	19.9	-999.9	0.0	1.8	97367.9	-999.9
Ntarla	1990	10	28	301	24.3	35.9	19.8	-999.9	0.0	1.5	97393.6	-999.9
Ntarla	1990	10	29	302	21.2	37.2	22.5	-999.9	0.0	1.6	97336.4	-999.9
Ntarla	1990	10	30	303	20.8	37.2	22.6	-999.9	0.0	1.5	97330.0	-999.9
Ntarla	1990	10	31	304	22.1	36.1	21.5	-999.9	0.0	1.4	97309.9	-999.9
Ntarla	1990	11	1	305	22.1	35.9	20.7	-999.9	0.0	1.7	97324.8	-999.9
Ntarla	1990	11	2	306	23.4	33.7	17.7	-999.9	0.0	1.6	97366.8	-999.9
Ntarla	1990	11	3	307	23.0	34.6	18.8	-999.9	0.0	1.1	97301.8	-999.9
Ntarla	1990	11	4	308	23.9	35.1	19.6	-999.9	0.0	1.6	97228.1	-999.9
Ntarla	1990	11	5	309	23.6	36.6	21.8	-999.9	0.0	1.7	97173.4	-999.9
Ntarla	1990	11	6	310	23.9	36.3	20.3	-999.9	0.0	1.8	97212.1	-999.9
Ntarla	1990	11	7	311	20.8	37.6	22.7	-999.9	0.0	2.6	97249.7	-999.9
Ntarla	1990	11	8	312	21.0	37.2	22.3	-999.9	0.0	2.4	97219.6	-999.9
Ntarla	1990	11	9	313	19.8	36.5	22.0	-999.9	0.0	1.7	97311.4	-999.9
Ntarla	1990	11	10	314	20.0	36.0	21.9	-999.9	0.0	1.3	97291.1	-999.9
Ntarla	1990	11	11	315	20.0	36.0	21.3	-999.9	0.0	2.0	97242.9	-999.9
Ntarla	1990	11	12	316	23.4	33.7	18.0	-999.9	0.0	2.1	97362.0	-999.9
Ntarla	1990	11	13	317	22.6	35.0	19.9	-999.9	0.0	1.6	97358.6	-999.9
Ntarla	1990	11	14	318	20.8	34.8	21.7	-999.9	1.2	2.2	97371.7	-999.9
Ntarla	1990	11	15	319	19.8	33.9	21.7	-999.9	0.0	1.8	97342.5	-999.9
Ntarla	1990	11	16	320	20.6	34.4	21.5	-999.9	0.0	1.9	97312.1	-999.9
Ntarla	1990	11	17	321	21.4	35.2	21.4	-999.9	0.0	2.2	97298.6	-999.9
Ntarla	1990	11	18	322	20.8	33.7	19.8	-999.9	0.0	2.5	97439.0	-999.9
Ntarla	1990	11	19	323	19.8	33.2	21.5	-999.9	0.0	2.2	97294.3	-999.9
Ntarla	1990	11	20	324	19.6	34.3	21.3	-999.9	0.0	1.4	97121.6	-999.9
Ntarla	1990	11	21	325	20.3	34.1	18.6	-999.9	0.0	1.7	97160.8	-999.9
Ntarla	1990	11	22	326	20.3	35.4	19.9	-999.9	0.0	1.7	97274.9	-999.9
Ntarla	1990	11	23	327	22.0	36.2	20.3	-999.9	0.0	2.4	97347.4	-999.9
Ntarla	1990	11	24	328	26.0	35.5	17.9	-999.9	0.0	2.0	97368.5	-999.9
Ntarla	1990	11	25	329	21.9	35.7	20.8	-999.9	0.0	1.9	97254.3	-999.9
Ntarla	1990	11	26	330	19.6	35.3	21.0	-999.9	0.0	1.7	97204.4	-999.9
Ntarla	1990	11	27	331	19.4	35.2	20.6	-999.9	0.0	1.5	97210.4	-999.9
Ntarla	1990	11	28	332	20.8	35.9	20.3	-999.9	0.0	1.9	97185.8	-999.9
Ntarla	1990	11	29	333	19.4	35.9	21.0	-999.9	0.0	1.7	97168.9	-999.9
Ntarla	1990	11	30	334	18.6	35.2	20.5	-999.9	0.0	1.5	97135.4	-999.9
Ntarla	1990	12	1	335	21.1	34.6	18.7	-999.9	0.0	1.6	97154.9	-999.9
Ntarla	1990	12	2	336	20.6	35.4	20.6	-999.9	0.0	1.9	97203.5	-999.9
Ntarla	1990	12	3	337	18.1	35.8	21.2	-999.9	0.0	2.3	97300.6	-999.9
Ntarla	1990	12	4	338	19.1	35.7	20.6	-999.9	0.0	2.6	97389.8	-999.9
Ntarla	1990	12	5	339	22.2	35.1	20.5	-999.9	0.0	2.9	97323.4	-999.9
Ntarla	1990	12	6	340	20.4	34.0	20.5	-999.9	0.0	2.4	97336.0	-999.9
Ntarla	1990	12	7	341	19.8	33.9	20.2	-999.9	0.0	1.9	97393.8	-999.9
Ntarla	1990	12	8	342	18.6	34.2	20.2	-999.9	0.0	1.8	97399.3	-999.9
Ntarla	1990	12	9	343	21.0	33.8	20.1	-999.9	0.0	2.0	97389.0	-999.9
Ntarla	1990	12	10	344	20.2	34.3	20.1	-999.9	0.0	1.7	97357.3	-999.9
Ntarla	1990	12	11	345	19.9	34.2	20.0	-999.9	0.0	1.6	97298.3	-999.9
Ntarla	1990	12	12	346	20.3	32.6	19.5	-999.9	0.0	2.0	97345.2	-999.9
Ntarla	1990	12	13	347	20.4	33.0	20.1	-999.9	0.0	2.1	97316.8	-999.9
Ntarla	1990	12	14	348	19.0	33.6	20.1	-999.9	0.0	1.9	97273.3	-999.9
Ntarla	1990	12	15	349	21.9	34.7	19.3	-999.9	0.0	2.0	97360.2	-999.9
Ntarla	1990	12	16	350	22.6	34.8	19.4	-999.9	0.0	1.7	97439.9	-999.9
Ntarla	1990	12	17	351	21.9	35.0	19.2	-999.9	0.0	2.3	97347.7	-999.9
Ntarla	1990	12	18	352	22.4	35.5	19.2	-999.9	0.0	2.2	97298.2	-999.9
Ntarla	1990	12	19	353	20.9	34.6	19.9	-999.9	0.0	2.0	97246.1	-999.9
Ntarla	1990	12	20	354	20.2	34.1	19.6	-999.9	0.0	1.8	97152.4	-999.9
Ntarla	1990	12	21	355	18.4	32.4	19.7	-999.9	0.0	2.2	97133.4	-999.9
Ntarla	1990	12	22	356	19.8	30.1	19.1	-999.9	0.0	2.4	97299.2	-999.9
Ntarla	1990	12	23	357	19.3	26.9	12.8	-999.9	0.0	2.6	97495.4	-999.9
Ntarla	1990	12	24	358	18.1	29.5	19.6	-999.9	0.0	2.4	97549.6	-999.9
Ntarla	1990	12	25	359	18.1	28.7	17.8	-999.9	0.0	2.9	97536.6	-999.9
Ntarla	1990	12	26	360	18.1	29.3	19.7	-999.9	0.0	3.2	97563.8	-999.9
Ntarla	1990	12	27	361	16.7	28.6	20.0	-999.9	0.0	2.6	97546.1	-999.9
Ntarla	1990	12	28	362	15.6	28.5	20.1	-999.9	0.0	2.3	97538.0	-999.9
Ntarla	1990	12	29	363	15.8	30.3	20.0	-999.9	0.0	2.1	97472.1	-999.9
Ntarla	1990	12	30	364	18.7	31.8	18.0	-999.9	0.0	2.2	97507.2	-999.9
Ntarla	1990	12	31	365	19.8	32.2	20.4	-999.9	0.0	3.1	97502.4	-999.9
