Ntarla	2009	1	1	1	18.7	33.4	20.5	-999.9	0.0	2.6	97439.6	-999.9
Ntarla	2009	1	2	2	18.7	32.7	20.6	-999.9	0.0	2.4	97461.6	-999.9
Ntarla	2009	1	3	3	17.1	32.3	20.7	-999.9	0.0	2.3	97504.9	-999.9
Ntarla	2009	1	4	4	17.5	32.7	20.4	-999.9	0.0	2.0	97423.6	-999.9
Ntarla	2009	1	5	5	16.1	32.8	20.3	-999.9	0.0	2.0	97419.4	-999.9
Ntarla	2009	1	6	6	17.7	32.3	19.9	-999.9	0.0	2.0	97314.4	-999.9
Ntarla	2009	1	7	7	18.9	30.9	19.5	-999.9	0.0	2.4	97234.1	-999.9
Ntarla	2009	1	8	8	17.4	30.7	20.3	-999.9	0.0	2.4	97301.9	-999.9
Ntarla	2009	1	9	9	17.0	30.8	20.6	-999.9	0.0	2.6	97519.6	-999.9
Ntarla	2009	1	10	10	15.6	32.0	20.6	-999.9	0.0	1.8	97559.2	-999.9
Ntarla	2009	1	11	11	17.6	31.3	20.4	-999.9	0.0	2.2	97434.6	-999.9
Ntarla	2009	1	12	12	17.8	29.2	20.0	-999.9	0.0	2.7	97441.0	-999.9
Ntarla	2009	1	13	13	16.8	28.3	18.9	-999.9	0.0	2.7	97553.1	-999.9
Ntarla	2009	1	14	14	15.8	29.8	20.6	-999.9	0.0	2.6	97553.3	-999.9
Ntarla	2009	1	15	15	16.9	31.0	20.6	-999.9	0.0	2.2	97474.6	-999.9
Ntarla	2009	1	16	16	18.2	31.7	20.5	-999.9	0.0	2.2	97329.7	-999.9
Ntarla	2009	1	17	17	17.9	28.7	18.3	-999.9	0.0	2.8	97487.3	-999.9
Ntarla	2009	1	18	18	17.0	26.2	16.3	-999.9	0.0	2.7	97631.0	-999.9
Ntarla	2009	1	19	19	14.7	25.7	20.8	-999.9	0.0	2.8	97748.8	-999.9
Ntarla	2009	1	20	20	12.3	24.4	21.0	-999.9	0.0	2.3	97684.2	-999.9
Ntarla	2009	1	21	21	11.9	25.5	19.1	-999.9	0.0	2.2	97642.7	-999.9
Ntarla	2009	1	22	22	13.4	27.1	21.5	-999.9	0.0	3.2	97737.9	-999.9
Ntarla	2009	1	23	23	12.6	26.3	21.6	-999.9	0.0	2.8	97816.9	-999.9
Ntarla	2009	1	24	24	12.4	27.2	21.7	-999.9	0.0	2.3	97691.0	-999.9
Ntarla	2009	1	25	25	12.9	29.0	21.6	-999.9	0.0	2.0	97520.7	-999.9
Ntarla	2009	1	26	26	15.4	31.1	21.5	-999.9	0.0	2.1	97487.8	-999.9
Ntarla	2009	1	27	27	15.7	32.6	21.7	-999.9	0.0	2.0	97461.1	-999.9
Ntarla	2009	1	28	28	17.2	33.0	21.5	-999.9	0.0	2.3	97395.0	-999.9
Ntarla	2009	1	29	29	16.2	34.1	21.7	-999.9	0.0	2.1	97365.6	-999.9
Ntarla	2009	1	30	30	18.8	34.6	21.8	-999.9	0.0	2.3	97348.1	-999.9
Ntarla	2009	1	31	31	18.6	34.9	21.9	-999.9	0.0	2.2	97251.9	-999.9
Ntarla	2009	2	1	32	18.8	35.6	21.9	-999.9	0.0	1.9	97163.2	-999.9
Ntarla	2009	2	2	33	18.1	36.5	21.9	-999.9	0.0	1.9	97192.3	-999.9
Ntarla	2009	2	3	34	18.8	35.5	21.4	-999.9	0.0	1.4	97277.3	-999.9
Ntarla	2009	2	4	35	22.2	36.4	19.9	-999.9	0.0	2.1	97232.9	-999.9
Ntarla	2009	2	5	36	20.6	36.1	21.5	-999.9	0.0	1.4	97259.3	-999.9
Ntarla	2009	2	6	37	20.6	37.0	21.6	-999.9	0.0	1.7	97253.5	-999.9
Ntarla	2009	2	7	38	20.6	36.1	22.1	-999.9	0.0	3.0	97240.2	-999.9
Ntarla	2009	2	8	39	19.4	32.3	21.9	-999.9	0.0	2.9	97424.6	-999.9
Ntarla	2009	2	9	40	18.2	33.1	22.4	-999.9	0.0	2.6	97484.3	-999.9
Ntarla	2009	2	10	41	17.8	34.4	22.7	-999.9	0.0	2.2	97447.4	-999.9
Ntarla	2009	2	11	42	17.7	36.0	22.7	-999.9	0.0	1.9	97269.6	-999.9
Ntarla	2009	2	12	43	18.4	36.3	22.6	-999.9	0.0	1.8	97081.9	-999.9
Ntarla	2009	2	13	44	19.7	36.3	22.8	-999.9	0.0	2.1	96976.8	-999.9
Ntarla	2009	2	14	45	20.0	35.6	22.9	-999.9	0.0	2.0	97005.8	-999.9
Ntarla	2009	2	15	46	18.7	36.1	23.0	-999.9	0.0	1.6	96903.9	-999.9
Ntarla	2009	2	16	47	20.8	35.6	21.3	-999.9	0.0	1.3	96882.8	-999.9
Ntarla	2009	2	17	48	22.7	34.0	17.8	-999.9	0.0	1.3	97095.2	-999.9
Ntarla	2009	2	18	49	23.3	35.2	19.9	-999.9	0.0	1.7	97103.2	-999.9
Ntarla	2009	2	19	50	23.3	31.9	15.6	-999.9	0.8	1.3	97255.7	-999.9
Ntarla	2009	2	20	51	22.6	34.4	20.5	-999.9	0.0	3.0	97320.3	-999.9
Ntarla	2009	2	21	52	23.1	35.8	21.6	-999.9	0.0	3.0	97228.0	-999.9
Ntarla	2009	2	22	53	23.5	37.4	23.1	-999.9	0.0	2.9	97173.1	-999.9
Ntarla	2009	2	23	54	23.7	36.6	23.3	-999.9	0.0	2.9	97006.1	-999.9
Ntarla	2009	2	24	55	22.3	37.2	23.5	-999.9	0.0	2.2	96907.6	-999.9
Ntarla	2009	2	25	56	22.1	37.6	23.2	-999.9	0.0	2.4	96960.5	-999.9
Ntarla	2009	2	26	57	22.7	37.8	23.2	-999.9	0.0	1.9	96981.1	-999.9
Ntarla	2009	2	27	58	22.5	37.6	22.5	-999.9	0.0	1.7	96955.4	-999.9
Ntarla	2009	2	28	59	24.4	37.0	21.3	-999.9	0.0	2.1	97025.8	-999.9
Ntarla	2009	3	1	60	25.5	37.7	22.6	-999.9	0.0	1.6	97169.2	-999.9
Ntarla	2009	3	2	61	21.8	38.1	24.0	-999.9	0.0	2.1	97203.8	-999.9
Ntarla	2009	3	3	62	21.5	38.3	23.7	-999.9	0.0	1.7	97086.6	-999.9
Ntarla	2009	3	4	63	23.6	38.5	23.3	-999.9	0.0	2.2	97082.3	-999.9
Ntarla	2009	3	5	64	22.8	37.0	23.8	-999.9	0.0	2.6	97154.4	-999.9
Ntarla	2009	3	6	65	22.4	36.9	24.5	-999.9	0.0	2.3	97134.5	-999.9
Ntarla	2009	3	7	66	22.0	36.4	24.5	-999.9	0.0	2.3	97120.5	-999.9
Ntarla	2009	3	8	67	21.9	36.6	24.7	-999.9	0.0	2.2	97099.9	-999.9
Ntarla	2009	3	9	68	19.6	38.0	24.8	-999.9	0.0	2.1	97000.2	-999.9
Ntarla	2009	3	10	69	20.7	38.7	24.5	-999.9	0.0	1.8	96902.5	-999.9
Ntarla	2009	3	11	70	27.0	37.5	21.4	-999.9	0.0	2.5	96934.5	-999.9
Ntarla	2009	3	12	71	24.7	36.1	20.7	-999.9	0.0	1.9	96992.0	-999.9
Ntarla	2009	3	13	72	23.7	35.2	21.4	-999.9	0.0	1.4	97081.0	-999.9
Ntarla	2009	3	14	73	23.3	37.2	24.0	-999.9	0.0	1.5	97112.4	-999.9
Ntarla	2009	3	15	74	23.4	37.9	22.5	-999.9	0.0	1.6	97121.4	-999.9
Ntarla	2009	3	16	75	24.0	37.5	22.1	-999.9	0.0	1.3	96950.3	-999.9
Ntarla	2009	3	17	76	24.7	37.1	21.7	-999.9	0.0	1.8	96929.9	-999.9
Ntarla	2009	3	18	77	24.7	34.2	21.3	-999.9	0.0	2.3	97037.6	-999.9
Ntarla	2009	3	19	78	23.8	34.8	21.9	-999.9	0.0	1.7	97104.7	-999.9
Ntarla	2009	3	20	79	21.9	33.1	22.5	-999.9	0.0	1.4	97328.2	-999.9
Ntarla	2009	3	21	80	22.8	35.1	24.0	-999.9	0.0	1.0	97217.2	-999.9
Ntarla	2009	3	22	81	23.4	38.2	24.8	-999.9	0.0	2.0	97010.7	-999.9
Ntarla	2009	3	23	82	21.9	37.5	23.8	-999.9	0.0	2.0	96914.7	-999.9
Ntarla	2009	3	24	83	25.3	37.4	22.9	-999.9	0.0	1.9	96850.7	-999.9
Ntarla	2009	3	25	84	27.0	38.3	23.0	-999.9	0.0	2.1	96772.1	-999.9
Ntarla	2009	3	26	85	26.8	37.1	18.8	-999.9	0.0	1.7	96927.3	-999.9
Ntarla	2009	3	27	86	26.5	37.8	22.4	-999.9	0.0	2.0	96933.6	-999.9
Ntarla	2009	3	28	87	24.6	38.3	25.0	-999.9	0.0	2.1	96802.6	-999.9
Ntarla	2009	3	29	88	25.1	37.3	25.1	-999.9	0.0	2.2	96923.7	-999.9
Ntarla	2009	3	30	89	25.0	38.3	23.4	-999.9	0.0	1.9	96942.8	-999.9
Ntarla	2009	3	31	90	25.3	38.3	24.5	-999.9	0.0	1.4	96878.9	-999.9
Ntarla	2009	4	1	91	26.3	38.4	24.0	-999.9	0.0	2.5	96903.6	-999.9
Ntarla	2009	4	2	92	25.8	37.9	25.0	-999.9	0.0	1.5	97036.7	-999.9
Ntarla	2009	4	3	93	24.5	38.1	25.5	-999.9	0.0	2.0	97043.0	-999.9
Ntarla	2009	4	4	94	25.6	38.4	25.7	-999.9	0.0	2.4	97050.9	-999.9
Ntarla	2009	4	5	95	22.2	38.1	25.9	-999.9	0.0	1.7	97131.9	-999.9
Ntarla	2009	4	6	96	22.9	38.0	26.0	-999.9	0.0	2.4	97168.8	-999.9
Ntarla	2009	4	7	97	22.8	38.0	25.7	-999.9	0.0	2.0	97171.5	-999.9
Ntarla	2009	4	8	98	22.8	38.0	25.7	-999.9	0.0	1.9	97190.0	-999.9
Ntarla	2009	4	9	99	23.2	37.6	24.6	-999.9	0.0	1.7	97050.0	-999.9
Ntarla	2009	4	10	100	27.5	38.1	23.0	-999.9	0.0	2.4	96942.4	-999.9
Ntarla	2009	4	11	101	28.4	37.2	23.7	-999.9	0.0	1.6	97009.3	-999.9
Ntarla	2009	4	12	102	24.8	37.7	24.9	-999.9	0.0	1.3	97052.8	-999.9
Ntarla	2009	4	13	103	26.2	37.4	24.2	-999.9	0.0	2.0	97074.8	-999.9
Ntarla	2009	4	14	104	26.9	34.4	13.6	-999.9	0.0	2.4	97251.3	-999.9
Ntarla	2009	4	15	105	26.9	38.5	23.2	-999.9	0.0	1.9	97302.2	-999.9
Ntarla	2009	4	16	106	26.3	36.6	21.6	-999.9	10.6	1.7	97387.1	-999.9
Ntarla	2009	4	17	107	27.2	37.6	22.8	-999.9	0.0	1.6	97226.9	-999.9
Ntarla	2009	4	18	108	25.0	38.6	26.0	-999.9	0.0	2.1	97109.0	-999.9
Ntarla	2009	4	19	109	23.8	38.4	26.0	-999.9	0.0	1.2	97128.5	-999.9
Ntarla	2009	4	20	110	26.0	38.4	23.7	-999.9	0.0	1.7	97214.0	-999.9
Ntarla	2009	4	21	111	26.4	38.4	24.2	-999.9	0.0	2.1	97162.2	-999.9
Ntarla	2009	4	22	112	27.8	37.8	22.0	-999.9	0.0	1.7	96979.0	-999.9
Ntarla	2009	4	23	113	25.9	38.7	23.5	-999.9	0.0	2.7	96941.0	-999.9
Ntarla	2009	4	24	114	26.5	39.1	26.3	-999.9	0.0	2.9	97092.7	-999.9
Ntarla	2009	4	25	115	21.5	37.7	26.7	-999.9	2.0	2.0	97142.6	-999.9
Ntarla	2009	4	26	116	23.2	38.5	26.6	-999.9	0.0	1.5	97115.2	-999.9
Ntarla	2009	4	27	117	24.0	38.9	25.3	-999.9	0.0	1.8	97082.3	-999.9
Ntarla	2009	4	28	118	27.9	38.7	22.4	-999.9	0.0	2.2	97122.0	-999.9
Ntarla	2009	4	29	119	28.4	39.4	24.5	-999.9	0.0	2.0	97179.8	-999.9
Ntarla	2009	4	30	120	27.4	38.8	24.9	-999.9	0.0	1.8	97184.4	-999.9
Ntarla	2009	5	1	121	27.5	40.0	24.7	-999.9	0.0	2.2	96992.6	-999.9
Ntarla	2009	5	2	122	24.4	39.8	26.5	-999.9	0.0	1.6	96883.4	-999.9
Ntarla	2009	5	3	123	23.9	38.8	25.3	-999.9	0.0	1.7	96916.8	-999.9
Ntarla	2009	5	4	124	27.8	38.4	24.9	-999.9	0.0	2.1	97017.4	-999.9
Ntarla	2009	5	5	125	27.8	38.5	23.2	-999.9	0.0	2.5	97074.3	-999.9
Ntarla	2009	5	6	126	28.1	36.2	21.5	-999.9	0.0	2.3	97100.5	-999.9
Ntarla	2009	5	7	127	25.7	36.4	22.5	-999.9	4.4	2.7	97092.9	-999.9
Ntarla	2009	5	8	128	25.0	36.2	22.9	-999.9	4.4	2.4	97152.5	-999.9
Ntarla	2009	5	9	129	26.2	37.3	24.9	-999.9	0.0	2.3	97061.7	-999.9
Ntarla	2009	5	10	130	27.8	36.4	23.1	-999.9	2.2	2.3	97103.4	-999.9
Ntarla	2009	5	11	131	26.2	35.3	21.2	-999.9	4.9	2.4	97174.2	-999.9
Ntarla	2009	5	12	132	25.5	35.5	23.6	-999.9	9.9	2.1	97251.1	-999.9
Ntarla	2009	5	13	133	24.6	35.8	23.7	-999.9	0.0	1.1	97265.4	-999.9
Ntarla	2009	5	14	134	24.6	35.9	23.9	-999.9	0.0	1.4	97237.5	-999.9
Ntarla	2009	5	15	135	25.6	37.6	23.4	-999.9	0.0	1.8	97062.5	-999.9
Ntarla	2009	5	16	136	26.6	36.6	23.4	-999.9	0.0	2.1	97077.7	-999.9
Ntarla	2009	5	17	137	27.1	37.5	24.0	-999.9	3.2	2.0	97151.8	-999.9
Ntarla	2009	5	18	138	26.3	37.1	23.3	-999.9	3.2	1.8	97170.4	-999.9
Ntarla	2009	5	19	139	27.3	38.9	24.4	-999.9	0.0	2.1	97148.8	-999.9
Ntarla	2009	5	20	140	26.5	38.5	23.6	-999.9	3.2	2.0	97208.6	-999.9
Ntarla	2009	5	21	141	28.1	40.3	23.7	-999.9	0.0	2.2	97077.5	-999.9
Ntarla	2009	5	22	142	28.1	39.6	24.3	-999.9	0.0	2.5	97097.5	-999.9
Ntarla	2009	5	23	143	26.8	38.9	24.3	-999.9	0.0	2.4	97254.0	-999.9
Ntarla	2009	5	24	144	25.7	35.8	24.4	-999.9	7.3	2.0	97292.0	-999.9
Ntarla	2009	5	25	145	26.0	38.1	22.9	-999.9	0.0	1.7	97108.8	-999.9
Ntarla	2009	5	26	146	27.4	37.9	23.6	-999.9	5.7	2.3	97101.5	-999.9
Ntarla	2009	5	27	147	27.5	38.4	24.3	-999.9	5.7	2.3	97065.2	-999.9
Ntarla	2009	5	28	148	27.2	36.0	23.5	-999.9	0.0	2.5	97148.0	-999.9
Ntarla	2009	5	29	149	25.3	37.0	24.7	-999.9	0.0	1.9	97121.0	-999.9
Ntarla	2009	5	30	150	26.2	37.3	24.5	-999.9	0.0	1.9	97106.6	-999.9
Ntarla	2009	5	31	151	27.4	38.0	24.2	-999.9	2.9	2.2	97220.1	-999.9
Ntarla	2009	6	1	152	26.8	38.7	23.8	-999.9	2.6	1.8	97243.2	-999.9
Ntarla	2009	6	2	153	28.6	38.8	23.5	-999.9	2.6	2.0	97146.0	-999.9
Ntarla	2009	6	3	154	29.3	39.7	23.5	-999.9	5.2	2.5	97156.4	-999.9
Ntarla	2009	6	4	155	27.8	36.5	21.8	-999.9	7.8	2.5	97289.5	-999.9
Ntarla	2009	6	5	156	26.8	36.1	23.6	-999.9	2.6	2.2	97367.4	-999.9
Ntarla	2009	6	6	157	25.2	34.8	22.1	-999.9	7.0	2.1	97386.5	-999.9
Ntarla	2009	6	7	158	25.1	35.0	23.8	-999.9	0.0	1.7	97382.8	-999.9
Ntarla	2009	6	8	159	26.2	36.3	22.8	-999.9	3.5	1.5	97272.3	-999.9
Ntarla	2009	6	9	160	26.4	37.2	23.8	-999.9	7.0	2.6	97131.7	-999.9
Ntarla	2009	6	10	161	27.1	38.7	25.1	-999.9	0.0	3.3	96994.3	-999.9
Ntarla	2009	6	11	162	25.6	35.1	22.8	-999.9	11.7	2.5	97223.8	-999.9
Ntarla	2009	6	12	163	23.7	33.9	23.5	-999.9	7.8	2.2	97398.6	-999.9
Ntarla	2009	6	13	164	24.3	30.6	20.7	-999.9	0.0	1.3	97504.7	-999.9
Ntarla	2009	6	14	165	23.6	32.1	23.4	-999.9	11.7	1.7	97552.0	-999.9
Ntarla	2009	6	15	166	24.3	32.9	23.5	-999.9	0.0	2.2	97371.7	-999.9
Ntarla	2009	6	16	167	25.8	33.0	23.7	-999.9	0.0	2.9	97292.0	-999.9
Ntarla	2009	6	17	168	24.1	32.7	23.3	-999.9	3.5	1.9	97359.3	-999.9
Ntarla	2009	6	18	169	24.0	33.9	24.3	-999.9	1.7	1.2	97395.6	-999.9
Ntarla	2009	6	19	170	24.4	35.2	23.7	-999.9	0.0	2.6	97230.4	-999.9
Ntarla	2009	6	20	171	24.8	33.5	19.7	-999.9	0.0	2.9	97261.2	-999.9
Ntarla	2009	6	21	172	25.0	32.8	22.3	-999.9	0.0	2.6	97426.4	-999.9
Ntarla	2009	6	22	173	23.5	31.1	19.1	-999.9	7.0	1.4	97524.7	-999.9
Ntarla	2009	6	23	174	23.5	33.5	23.6	-999.9	0.0	1.3	97477.0	-999.9
Ntarla	2009	6	24	175	25.8	36.2	24.0	-999.9	0.0	2.2	97280.4	-999.9
Ntarla	2009	6	25	176	25.6	35.2	22.6	-999.9	0.0	2.5	97350.1	-999.9
Ntarla	2009	6	26	177	25.1	36.3	24.3	-999.9	8.1	2.5	97431.8	-999.9
Ntarla	2009	6	27	178	25.3	33.9	21.3	-999.9	0.0	2.2	97482.6	-999.9
Ntarla	2009	6	28	179	24.6	34.9	24.2	-999.9	0.0	2.0	97498.1	-999.9
Ntarla	2009	6	29	180	23.0	33.8	22.5	-999.9	16.3	3.2	97404.6	-999.9
Ntarla	2009	6	30	181	23.7	33.5	22.7	-999.9	8.1	2.4	97390.3	-999.9
Ntarla	2009	7	1	182	24.4	32.5	21.4	-999.9	9.4	1.7	97536.0	-999.9
Ntarla	2009	7	2	183	24.0	32.9	22.6	-999.9	0.0	1.4	97532.6	-999.9
Ntarla	2009	7	3	184	24.1	35.2	24.9	-999.9	0.0	1.7	97478.1	-999.9
Ntarla	2009	7	4	185	25.4	36.0	24.1	-999.9	0.0	1.8	97381.9	-999.9
Ntarla	2009	7	5	186	24.9	37.6	24.4	-999.9	9.4	2.3	97283.5	-999.9
Ntarla	2009	7	6	187	24.7	36.3	23.6	-999.9	18.8	2.3	97201.0	-999.9
Ntarla	2009	7	7	188	25.5	36.0	23.5	-999.9	6.3	2.4	97212.8	-999.9
Ntarla	2009	7	8	189	24.8	30.9	16.6	-999.9	12.5	2.1	97396.8	-999.9
Ntarla	2009	7	9	190	24.3	33.9	23.2	-999.9	0.0	2.2	97432.0	-999.9
Ntarla	2009	7	10	191	24.8	30.6	16.0	-999.9	12.5	2.4	97341.4	-999.9
Ntarla	2009	7	11	192	23.8	32.7	22.1	-999.9	0.0	2.4	97387.0	-999.9
Ntarla	2009	7	12	193	23.0	31.4	19.0	-999.9	9.5	1.8	97581.2	-999.9
Ntarla	2009	7	13	194	23.2	33.3	21.4	-999.9	0.0	1.7	97592.4	-999.9
Ntarla	2009	7	14	195	24.7	31.6	18.8	-999.9	9.5	1.7	97473.0	-999.9
Ntarla	2009	7	15	196	24.4	31.5	20.9	-999.9	0.0	2.5	97576.5	-999.9
Ntarla	2009	7	16	197	22.7	32.3	20.8	-999.9	0.0	2.0	97697.5	-999.9
Ntarla	2009	7	17	198	24.4	33.6	21.5	-999.9	8.1	2.6	97427.0	-999.9
Ntarla	2009	7	18	199	24.4	30.4	16.1	-999.9	8.1	3.0	97359.4	-999.9
Ntarla	2009	7	19	200	24.2	29.7	19.6	-999.9	0.0	2.4	97491.0	-999.9
Ntarla	2009	7	20	201	23.2	32.0	23.1	-999.9	0.0	1.5	97622.4	-999.9
Ntarla	2009	7	21	202	23.0	33.4	23.4	-999.9	2.9	1.6	97509.4	-999.9
Ntarla	2009	7	22	203	23.6	31.8	21.4	-999.9	2.9	1.9	97320.8	-999.9
Ntarla	2009	7	23	204	23.7	32.1	22.7	-999.9	0.0	2.2	97325.4	-999.9
Ntarla	2009	7	24	205	24.6	33.9	23.7	-999.9	0.0	2.0	97356.3	-999.9
Ntarla	2009	7	25	206	24.1	32.0	19.0	-999.9	8.6	2.0	97366.8	-999.9
Ntarla	2009	7	26	207	23.8	31.6	20.7	-999.9	0.0	2.0	97429.9	-999.9
Ntarla	2009	7	27	208	23.2	32.6	21.8	-999.9	6.1	2.0	97399.9	-999.9
Ntarla	2009	7	28	209	23.7	31.7	16.1	-999.9	12.3	1.8	97418.5	-999.9
Ntarla	2009	7	29	210	22.9	27.0	12.2	-999.9	12.3	1.9	97542.9	-999.9
Ntarla	2009	7	30	211	22.7	30.8	18.2	-999.9	0.0	1.9	97510.2	-999.9
Ntarla	2009	7	31	212	24.0	30.2	18.0	-999.9	12.3	1.9	97470.7	-999.9
Ntarla	2009	8	1	213	23.3	29.9	17.7	-999.9	0.0	1.7	97422.6	-999.9
Ntarla	2009	8	2	214	22.9	30.0	19.0	-999.9	0.0	2.2	97496.6	-999.9
Ntarla	2009	8	3	215	24.0	31.7	22.7	-999.9	10.6	1.7	97457.4	-999.9
Ntarla	2009	8	4	216	23.5	30.7	21.6	-999.9	0.0	1.6	97477.0	-999.9
Ntarla	2009	8	5	217	22.5	28.9	14.3	-999.9	10.6	1.7	97479.0	-999.9
Ntarla	2009	8	6	218	23.4	30.7	20.9	-999.9	13.3	1.7	97476.9	-999.9
Ntarla	2009	8	7	219	22.7	29.4	19.0	-999.9	0.0	1.7	97518.0	-999.9
Ntarla	2009	8	8	220	22.5	31.4	22.5	-999.9	0.0	1.9	97489.3	-999.9
Ntarla	2009	8	9	221	24.0	31.3	22.9	-999.9	13.3	1.7	97381.5	-999.9
Ntarla	2009	8	10	222	22.9	30.9	21.7	-999.9	0.0	1.3	97423.8	-999.9
Ntarla	2009	8	11	223	23.6	29.9	19.9	-999.9	0.0	1.5	97494.8	-999.9
Ntarla	2009	8	12	224	23.6	31.1	22.4	-999.9	21.0	1.9	97443.2	-999.9
Ntarla	2009	8	13	225	22.6	29.5	15.1	-999.9	21.0	2.3	97338.8	-999.9
Ntarla	2009	8	14	226	23.1	30.3	19.6	-999.9	10.5	1.6	97348.0	-999.9
Ntarla	2009	8	15	227	22.6	30.7	24.0	-999.9	0.0	1.7	97385.9	-999.9
Ntarla	2009	8	16	228	23.0	31.1	21.8	-999.9	11.4	1.7	97440.7	-999.9
Ntarla	2009	8	17	229	23.3	29.8	14.8	-999.9	0.0	1.5	97344.9	-999.9
Ntarla	2009	8	18	230	23.1	30.1	19.8	-999.9	22.7	1.5	97281.4	-999.9
Ntarla	2009	8	19	231	22.6	28.6	15.0	-999.9	0.0	1.3	97337.7	-999.9
Ntarla	2009	8	20	232	22.1	29.6	17.4	-999.9	0.0	2.0	97355.0	-999.9
Ntarla	2009	8	21	233	22.7	31.0	22.6	-999.9	28.3	1.5	97297.6	-999.9
Ntarla	2009	8	22	234	22.6	30.4	20.7	-999.9	0.0	1.7	97326.6	-999.9
Ntarla	2009	8	23	235	22.9	29.5	15.3	-999.9	28.3	1.2	97380.6	-999.9
Ntarla	2009	8	24	236	22.1	29.2	18.8	-999.9	0.0	2.3	97355.1	-999.9
Ntarla	2009	8	25	237	22.2	30.7	22.4	-999.9	0.0	2.2	97408.2	-999.9
Ntarla	2009	8	26	238	22.9	30.2	20.8	-999.9	0.0	1.2	97369.1	-999.9
Ntarla	2009	8	27	239	23.2	28.1	13.5	-999.9	0.0	1.2	97480.2	-999.9
Ntarla	2009	8	28	240	22.3	30.7	22.4	-999.9	0.0	1.9	97385.7	-999.9
Ntarla	2009	8	29	241	24.1	28.7	11.4	-999.9	10.0	2.1	97246.8	-999.9
Ntarla	2009	8	30	242	22.3	24.5	7.5	-999.9	20.0	1.6	97305.9	-999.9
Ntarla	2009	8	31	243	21.8	28.8	15.9	-999.9	0.0	2.1	97538.3	-999.9
Ntarla	2009	9	1	244	21.8	29.3	15.7	-999.9	30.2	2.5	97490.6	-999.9
Ntarla	2009	9	2	245	22.9	28.3	18.5	-999.9	10.1	2.4	97326.2	-999.9
Ntarla	2009	9	3	246	21.7	28.8	19.0	-999.9	0.0	2.0	97482.9	-999.9
Ntarla	2009	9	4	247	22.2	26.0	9.6	-999.9	20.1	1.7	97563.7	-999.9
Ntarla	2009	9	5	248	21.8	28.7	17.0	-999.9	0.0	2.2	97543.6	-999.9
Ntarla	2009	9	6	249	21.1	29.2	19.1	-999.9	0.0	1.2	97543.0	-999.9
Ntarla	2009	9	7	250	22.4	27.6	15.6	-999.9	37.2	2.0	97531.3	-999.9
Ntarla	2009	9	8	251	21.5	29.6	21.2	-999.9	0.0	1.5	97508.4	-999.9
Ntarla	2009	9	9	252	21.8	30.2	22.5	-999.9	0.0	1.3	97433.3	-999.9
Ntarla	2009	9	10	253	22.9	29.8	20.1	-999.9	0.0	1.5	97445.2	-999.9
Ntarla	2009	9	11	254	22.7	29.6	20.4	-999.9	0.0	1.3	97483.4	-999.9
Ntarla	2009	9	12	255	22.1	30.2	21.9	-999.9	20.9	1.1	97491.2	-999.9
Ntarla	2009	9	13	256	22.5	30.4	22.2	-999.9	20.9	1.2	97650.8	-999.9
Ntarla	2009	9	14	257	22.9	30.6	21.3	-999.9	0.0	1.5	97578.5	-999.9
Ntarla	2009	9	15	258	22.6	30.6	22.6	-999.9	20.9	1.5	97534.5	-999.9
Ntarla	2009	9	16	259	23.2	30.1	20.7	-999.9	0.0	1.5	97461.5	-999.9
Ntarla	2009	9	17	260	22.2	29.5	19.2	-999.9	0.0	1.4	97495.4	-999.9
Ntarla	2009	9	18	261	21.9	31.1	22.5	-999.9	0.0	1.3	97516.9	-999.9
Ntarla	2009	9	19	262	23.6	31.2	21.5	-999.9	0.0	1.7	97439.7	-999.9
Ntarla	2009	9	20	263	23.1	29.5	15.9	-999.9	19.6	2.3	97410.1	-999.9
Ntarla	2009	9	21	264	21.6	26.1	9.8	-999.9	16.5	1.5	97399.6	-999.9
Ntarla	2009	9	22	265	20.9	29.9	21.4	-999.9	0.0	1.6	97385.9	-999.9
Ntarla	2009	9	23	266	21.5	31.2	23.4	-999.9	0.0	1.0	97394.2	-999.9
Ntarla	2009	9	24	267	23.7	31.5	21.9	-999.9	24.8	1.4	97346.9	-999.9
Ntarla	2009	9	25	268	22.8	31.2	22.5	-999.9	0.0	1.5	97459.0	-999.9
Ntarla	2009	9	26	269	23.0	30.6	19.2	-999.9	7.9	1.6	97489.5	-999.9
Ntarla	2009	9	27	270	22.9	32.1	23.1	-999.9	0.0	1.4	97402.4	-999.9
Ntarla	2009	9	28	271	23.6	32.0	23.5	-999.9	0.0	1.6	97416.2	-999.9
Ntarla	2009	9	29	272	22.3	31.6	23.3	-999.9	4.0	1.6	97449.6	-999.9
Ntarla	2009	9	30	273	23.7	31.5	21.2	-999.9	4.0	1.1	97472.1	-999.9
Ntarla	2009	10	1	274	23.1	31.9	23.0	-999.9	0.0	1.5	97502.3	-999.9
Ntarla	2009	10	2	275	23.4	32.2	22.3	-999.9	0.0	1.3	97493.2	-999.9
Ntarla	2009	10	3	276	23.4	32.1	22.2	-999.9	0.0	1.5	97422.5	-999.9
Ntarla	2009	10	4	277	23.6	33.6	23.6	-999.9	0.0	1.3	97344.5	-999.9
Ntarla	2009	10	5	278	23.8	33.1	23.1	-999.9	0.0	1.4	97295.6	-999.9
Ntarla	2009	10	6	279	23.6	33.0	22.8	-999.9	11.9	1.4	97413.7	-999.9
Ntarla	2009	10	7	280	24.3	32.9	22.8	-999.9	0.0	1.7	97466.9	-999.9
Ntarla	2009	10	8	281	23.5	33.9	23.4	-999.9	0.0	2.0	97363.4	-999.9
Ntarla	2009	10	9	282	23.9	33.5	21.6	-999.9	0.0	1.7	97281.5	-999.9
Ntarla	2009	10	10	283	24.3	33.2	21.7	-999.9	0.0	1.6	97271.6	-999.9
Ntarla	2009	10	11	284	24.1	34.0	22.0	-999.9	0.0	1.4	97205.4	-999.9
Ntarla	2009	10	12	285	22.7	32.1	21.3	-999.9	0.0	1.3	97164.4	-999.9
Ntarla	2009	10	13	286	23.8	32.6	21.5	-999.9	0.0	1.7	97195.4	-999.9
Ntarla	2009	10	14	287	23.0	32.2	21.1	-999.9	0.0	1.5	97205.6	-999.9
Ntarla	2009	10	15	288	23.3	30.2	16.8	-999.9	5.8	1.5	97236.9	-999.9
Ntarla	2009	10	16	289	23.1	32.6	21.9	-999.9	0.0	2.0	97283.9	-999.9
Ntarla	2009	10	17	290	23.7	32.8	21.3	-999.9	8.8	1.5	97289.2	-999.9
Ntarla	2009	10	18	291	23.3	34.0	22.5	-999.9	0.0	1.9	97171.5	-999.9
Ntarla	2009	10	19	292	22.8	34.3	23.1	-999.9	0.0	2.1	97082.1	-999.9
Ntarla	2009	10	20	293	23.3	34.1	22.6	-999.9	0.0	2.3	97073.4	-999.9
Ntarla	2009	10	21	294	23.3	33.3	21.7	-999.9	8.5	2.2	97232.8	-999.9
Ntarla	2009	10	22	295	22.3	30.5	19.0	-999.9	0.0	1.3	97338.9	-999.9
Ntarla	2009	10	23	296	23.2	30.8	18.0	-999.9	17.0	1.8	97398.9	-999.9
Ntarla	2009	10	24	297	21.7	30.3	19.9	-999.9	25.5	1.6	97444.0	-999.9
Ntarla	2009	10	25	298	22.3	31.2	20.4	-999.9	0.0	1.6	97300.1	-999.9
Ntarla	2009	10	26	299	21.8	33.0	21.6	-999.9	0.0	1.4	97152.4	-999.9
Ntarla	2009	10	27	300	22.1	33.7	22.0	-999.9	0.0	1.4	97198.5	-999.9
Ntarla	2009	10	28	301	22.2	33.1	21.2	-999.9	0.0	1.7	97230.5	-999.9
Ntarla	2009	10	29	302	22.8	33.4	22.3	-999.9	0.0	1.3	97143.4	-999.9
Ntarla	2009	10	30	303	21.7	31.6	18.1	-999.9	0.0	1.3	97124.4	-999.9
Ntarla	2009	10	31	304	22.6	30.7	17.9	-999.9	23.9	1.5	97299.2	-999.9
Ntarla	2009	11	1	305	21.4	26.1	10.8	-999.9	3.9	2.5	97423.4	-999.9
Ntarla	2009	11	2	306	20.6	30.7	21.3	-999.9	0.0	2.1	97328.6	-999.9
Ntarla	2009	11	3	307	21.2	30.7	18.9	-999.9	0.0	2.0	97354.6	-999.9
Ntarla	2009	11	4	308	19.9	32.8	21.8	-999.9	0.0	1.9	97371.0	-999.9
Ntarla	2009	11	5	309	18.5	33.0	20.5	-999.9	0.0	1.6	97422.5	-999.9
Ntarla	2009	11	6	310	20.4	33.8	21.9	-999.9	0.0	2.0	97256.5	-999.9
Ntarla	2009	11	7	311	19.8	33.7	21.7	-999.9	0.0	1.9	97190.3	-999.9
Ntarla	2009	11	8	312	20.3	33.8	21.7	-999.9	0.0	1.7	97212.7	-999.9
Ntarla	2009	11	9	313	20.1	33.4	21.3	-999.9	0.0	1.1	97327.7	-999.9
Ntarla	2009	11	10	314	21.5	33.1	21.0	-999.9	0.0	1.4	97315.1	-999.9
Ntarla	2009	11	11	315	20.2	33.8	20.8	-999.9	0.0	1.7	97191.1	-999.9
Ntarla	2009	11	12	316	20.1	33.5	21.6	-999.9	0.0	1.8	97193.7	-999.9
Ntarla	2009	11	13	317	20.7	33.2	21.5	-999.9	0.0	2.5	97308.1	-999.9
Ntarla	2009	11	14	318	19.0	31.5	21.8	-999.9	0.0	2.0	97364.3	-999.9
Ntarla	2009	11	15	319	18.2	33.1	21.6	-999.9	0.0	1.8	97302.1	-999.9
Ntarla	2009	11	16	320	18.7	33.3	21.4	-999.9	0.0	1.2	97277.0	-999.9
Ntarla	2009	11	17	321	19.9	33.7	21.4	-999.9	0.0	2.3	97347.8	-999.9
Ntarla	2009	11	18	322	19.1	32.4	21.6	-999.9	0.0	2.1	97483.9	-999.9
Ntarla	2009	11	19	323	18.6	31.3	21.6	-999.9	0.0	2.1	97501.2	-999.9
Ntarla	2009	11	20	324	18.2	31.6	21.4	-999.9	0.0	2.0	97598.4	-999.9
Ntarla	2009	11	21	325	18.7	32.4	21.3	-999.9	0.0	2.3	97633.1	-999.9
Ntarla	2009	11	22	326	18.0	32.1	20.8	-999.9	0.0	2.3	97606.8	-999.9
Ntarla	2009	11	23	327	16.9	31.8	21.1	-999.9	0.0	2.1	97468.4	-999.9
Ntarla	2009	11	24	328	16.9	33.0	21.1	-999.9	0.0	2.1	97414.8	-999.9
Ntarla	2009	11	25	329	19.4	33.5	20.9	-999.9	0.0	2.2	97466.2	-999.9
Ntarla	2009	11	26	330	19.5	32.7	20.9	-999.9	0.0	2.4	97552.6	-999.9
Ntarla	2009	11	27	331	17.3	32.3	21.1	-999.9	0.0	2.0	97445.2	-999.9
Ntarla	2009	11	28	332	17.8	33.1	20.7	-999.9	0.0	1.9	97418.5	-999.9
Ntarla	2009	11	29	333	19.2	32.9	19.6	-999.9	0.0	2.1	97379.4	-999.9
Ntarla	2009	11	30	334	19.5	32.5	20.0	-999.9	0.0	2.2	97393.6	-999.9
Ntarla	2009	12	1	335	17.6	32.3	20.3	-999.9	0.3	1.9	97452.4	-999.9
Ntarla	2009	12	2	336	18.0	32.6	20.3	-999.9	0.3	2.2	97439.8	-999.9
Ntarla	2009	12	3	337	17.3	33.1	20.6	-999.9	0.0	2.3	97441.6	-999.9
Ntarla	2009	12	4	338	18.7	32.9	20.5	-999.9	0.0	2.5	97464.2	-999.9
Ntarla	2009	12	5	339	17.5	33.1	20.5	-999.9	0.0	2.4	97436.7	-999.9
Ntarla	2009	12	6	340	18.2	33.5	20.7	-999.9	0.0	2.4	97406.2	-999.9
Ntarla	2009	12	7	341	18.5	32.9	20.5	-999.9	0.0	2.5	97354.7	-999.9
Ntarla	2009	12	8	342	18.3	32.8	20.5	-999.9	0.0	2.9	97458.1	-999.9
Ntarla	2009	12	9	343	18.5	31.4	20.3	-999.9	0.0	3.0	97531.9	-999.9
Ntarla	2009	12	10	344	18.5	30.9	18.2	-999.9	0.0	2.3	97480.6	-999.9
Ntarla	2009	12	11	345	18.0	31.7	19.3	-999.9	0.2	1.9	97366.6	-999.9
Ntarla	2009	12	12	346	19.0	32.4	19.5	-999.9	0.0	1.6	97266.8	-999.9
Ntarla	2009	12	13	347	19.1	32.0	18.5	-999.9	0.1	1.2	97269.8	-999.9
Ntarla	2009	12	14	348	18.7	32.3	19.4	-999.9	0.1	1.4	97361.6	-999.9
Ntarla	2009	12	15	349	20.0	33.2	19.3	-999.9	0.0	2.1	97423.7	-999.9
Ntarla	2009	12	16	350	20.7	33.3	19.8	-999.9	0.0	2.6	97432.7	-999.9
Ntarla	2009	12	17	351	19.2	33.5	20.1	-999.9	0.0	2.5	97484.9	-999.9
Ntarla	2009	12	18	352	19.4	34.1	20.1	-999.9	0.0	2.5	97421.1	-999.9
Ntarla	2009	12	19	353	19.6	33.4	19.7	-999.9	0.0	2.1	97353.7	-999.9
Ntarla	2009	12	20	354	18.8	34.3	20.1	-999.9	0.0	1.9	97347.2	-999.9
Ntarla	2009	12	21	355	18.8	34.7	20.4	-999.9	0.0	2.0	97456.5	-999.9
Ntarla	2009	12	22	356	17.8	34.6	20.4	-999.9	0.0	1.9	97577.7	-999.9
Ntarla	2009	12	23	357	15.9	33.8	20.5	-999.9	0.0	1.9	97492.7	-999.9
Ntarla	2009	12	24	358	16.7	34.2	20.7	-999.9	0.0	2.1	97476.3	-999.9
Ntarla	2009	12	25	359	16.3	34.2	20.8	-999.9	0.0	2.1	97490.1	-999.9
Ntarla	2009	12	26	360	19.0	34.7	20.7	-999.9	0.0	2.5	97483.6	-999.9
Ntarla	2009	12	27	361	18.3	34.0	20.8	-999.9	0.0	2.5	97429.9	-999.9
Ntarla	2009	12	28	362	17.9	33.7	20.7	-999.9	0.0	2.2	97364.4	-999.9
Ntarla	2009	12	29	363	17.9	34.4	20.6	-999.9	0.0	2.4	97322.8	-999.9
Ntarla	2009	12	30	364	18.2	33.8	20.7	-999.9	0.0	2.5	97328.9	-999.9
Ntarla	2009	12	31	365	17.7	33.4	20.8	-999.9	0.0	2.3	97411.8	-999.9
