Ntarla	1983	1	1	1	18.6	32.7	20.0	-999.9	0.0	2.5	97499.0	-999.9
Ntarla	1983	1	2	2	18.3	32.7	20.3	-999.9	0.0	2.8	97553.4	-999.9
Ntarla	1983	1	3	3	17.9	32.0	20.3	-999.9	0.0	3.0	97634.2	-999.9
Ntarla	1983	1	4	4	17.5	30.9	20.2	-999.9	0.0	3.2	97741.3	-999.9
Ntarla	1983	1	5	5	17.3	28.1	20.4	-999.9	0.0	3.4	97854.2	-999.9
Ntarla	1983	1	6	6	14.8	26.9	20.6	-999.9	0.0	3.2	97903.1	-999.9
Ntarla	1983	1	7	7	13.7	26.8	20.7	-999.9	0.0	2.8	97815.6	-999.9
Ntarla	1983	1	8	8	13.5	27.8	20.7	-999.9	0.0	2.7	97691.3	-999.9
Ntarla	1983	1	9	9	14.6	29.3	20.3	-999.9	0.0	2.7	97599.4	-999.9
Ntarla	1983	1	10	10	15.9	29.9	20.7	-999.9	0.0	2.9	97548.8	-999.9
Ntarla	1983	1	11	11	15.8	30.1	20.7	-999.9	0.0	2.8	97530.6	-999.9
Ntarla	1983	1	12	12	16.0	29.9	20.6	-999.9	0.0	3.1	97598.4	-999.9
Ntarla	1983	1	13	13	16.2	29.5	20.7	-999.9	0.0	2.9	97593.2	-999.9
Ntarla	1983	1	14	14	15.7	30.3	20.9	-999.9	0.0	2.4	97502.8	-999.9
Ntarla	1983	1	15	15	16.2	32.0	20.8	-999.9	0.0	2.4	97535.0	-999.9
Ntarla	1983	1	16	16	17.6	32.4	20.9	-999.9	0.0	2.7	97593.0	-999.9
Ntarla	1983	1	17	17	17.5	31.8	21.1	-999.9	0.0	2.9	97631.3	-999.9
Ntarla	1983	1	18	18	17.5	32.4	21.1	-999.9	0.0	2.8	97586.0	-999.9
Ntarla	1983	1	19	19	16.8	32.1	21.1	-999.9	0.0	2.6	97521.4	-999.9
Ntarla	1983	1	20	20	17.7	31.9	20.6	-999.9	0.0	2.5	97467.4	-999.9
Ntarla	1983	1	21	21	17.4	32.3	21.0	-999.9	0.0	2.4	97569.9	-999.9
Ntarla	1983	1	22	22	17.3	32.4	21.3	-999.9	0.0	2.5	97672.9	-999.9
Ntarla	1983	1	23	23	17.7	32.6	21.3	-999.9	0.0	2.8	97775.5	-999.9
Ntarla	1983	1	24	24	17.0	30.7	21.6	-999.9	0.0	3.1	97832.4	-999.9
Ntarla	1983	1	25	25	15.9	30.7	21.6	-999.9	0.0	3.1	97795.6	-999.9
Ntarla	1983	1	26	26	15.5	29.3	21.9	-999.9	0.0	3.2	97842.8	-999.9
Ntarla	1983	1	27	27	14.6	27.9	21.8	-999.9	0.0	3.2	97903.7	-999.9
Ntarla	1983	1	28	28	14.5	27.6	21.7	-999.9	0.0	3.1	97907.2	-999.9
Ntarla	1983	1	29	29	14.1	27.4	21.7	-999.9	0.0	3.1	97808.2	-999.9
Ntarla	1983	1	30	30	13.3	27.3	22.1	-999.9	0.0	2.8	97798.2	-999.9
Ntarla	1983	1	31	31	14.0	28.4	22.1	-999.9	0.0	2.9	97752.9	-999.9
Ntarla	1983	2	1	32	13.9	29.2	22.1	-999.9	0.0	2.6	97659.4	-999.9
Ntarla	1983	2	2	33	14.9	30.4	22.0	-999.9	0.0	2.2	97498.8	-999.9
Ntarla	1983	2	3	34	15.4	31.6	22.0	-999.9	0.0	2.2	97460.1	-999.9
Ntarla	1983	2	4	35	15.3	32.6	22.1	-999.9	0.0	2.0	97456.8	-999.9
Ntarla	1983	2	5	36	15.7	33.7	22.0	-999.9	0.0	2.1	97388.1	-999.9
Ntarla	1983	2	6	37	18.0	35.2	21.8	-999.9	0.0	2.2	97247.9	-999.9
Ntarla	1983	2	7	38	17.2	35.8	21.5	-999.9	0.0	1.9	97073.7	-999.9
Ntarla	1983	2	8	39	21.6	35.6	18.0	-999.9	0.0	1.5	97011.7	-999.9
Ntarla	1983	2	9	40	23.1	31.5	14.3	-999.9	0.0	2.6	97266.8	-999.9
Ntarla	1983	2	10	41	21.0	34.0	19.4	-999.9	0.0	1.9	97253.7	-999.9
Ntarla	1983	2	11	42	20.4	36.6	21.4	-999.9	0.0	1.4	97053.6	-999.9
Ntarla	1983	2	12	43	22.9	33.7	20.8	-999.9	0.0	2.8	97203.6	-999.9
Ntarla	1983	2	13	44	22.3	35.1	21.4	-999.9	0.0	2.3	97243.5	-999.9
Ntarla	1983	2	14	45	23.5	32.6	20.6	-999.9	0.0	3.7	97419.2	-999.9
Ntarla	1983	2	15	46	22.8	34.6	20.5	-999.9	0.0	2.8	97512.0	-999.9
Ntarla	1983	2	16	47	23.4	35.8	21.9	-999.9	0.0	3.1	97444.7	-999.9
Ntarla	1983	2	17	48	23.0	37.4	22.3	-999.9	0.0	2.5	97328.7	-999.9
Ntarla	1983	2	18	49	23.7	38.3	22.0	-999.9	0.0	2.9	97337.4	-999.9
Ntarla	1983	2	19	50	23.4	38.8	21.9	-999.9	0.0	2.5	97343.7	-999.9
Ntarla	1983	2	20	51	22.7	37.7	22.0	-999.9	0.0	2.6	97410.4	-999.9
Ntarla	1983	2	21	52	23.9	37.5	22.8	-999.9	0.0	3.3	97397.5	-999.9
Ntarla	1983	2	22	53	21.1	36.5	23.5	-999.9	0.0	2.8	97393.9	-999.9
Ntarla	1983	2	23	54	20.0	35.9	23.9	-999.9	0.0	2.5	97390.9	-999.9
Ntarla	1983	2	24	55	19.7	36.8	23.8	-999.9	0.0	2.4	97362.8	-999.9
Ntarla	1983	2	25	56	21.5	38.2	23.4	-999.9	0.0	3.0	97322.2	-999.9
Ntarla	1983	2	26	57	24.1	36.9	23.8	-999.9	0.0	3.5	97456.1	-999.9
Ntarla	1983	2	27	58	22.5	35.0	23.1	-999.9	0.0	3.2	97529.1	-999.9
Ntarla	1983	2	28	59	20.4	35.1	24.0	-999.9	0.0	2.5	97467.9	-999.9
Ntarla	1983	3	1	60	20.9	34.9	22.2	-999.9	0.0	2.7	97452.3	-999.9
Ntarla	1983	3	2	61	23.7	31.6	20.0	-999.9	1.5	3.1	97697.9	-999.9
Ntarla	1983	3	3	62	20.5	32.6	19.3	-999.9	0.0	2.2	97717.2	-999.9
Ntarla	1983	3	4	63	22.9	33.2	20.0	-999.9	0.0	2.7	97614.1	-999.9
Ntarla	1983	3	5	64	23.6	35.0	19.4	-999.9	0.0	3.1	97539.7	-999.9
Ntarla	1983	3	6	65	24.0	35.4	23.6	-999.9	0.0	3.5	97469.1	-999.9
Ntarla	1983	3	7	66	23.8	36.4	23.7	-999.9	0.0	2.8	97393.4	-999.9
Ntarla	1983	3	8	67	23.5	37.2	23.8	-999.9	0.0	3.1	97406.0	-999.9
Ntarla	1983	3	9	68	23.6	37.1	23.9	-999.9	0.0	3.2	97434.0	-999.9
Ntarla	1983	3	10	69	24.1	36.7	24.1	-999.9	0.0	3.4	97481.1	-999.9
Ntarla	1983	3	11	70	22.6	36.5	24.5	-999.9	0.0	3.3	97464.3	-999.9
Ntarla	1983	3	12	71	22.5	36.2	24.3	-999.9	0.0	3.0	97431.6	-999.9
Ntarla	1983	3	13	72	21.0	36.0	24.8	-999.9	0.0	2.6	97365.6	-999.9
Ntarla	1983	3	14	73	20.2	36.8	24.6	-999.9	0.0	2.2	97315.7	-999.9
Ntarla	1983	3	15	74	22.5	38.1	24.7	-999.9	0.0	2.8	97253.9	-999.9
Ntarla	1983	3	16	75	22.9	38.0	24.8	-999.9	0.0	2.9	97178.2	-999.9
Ntarla	1983	3	17	76	22.7	38.4	25.2	-999.9	0.0	2.7	97275.4	-999.9
Ntarla	1983	3	18	77	22.6	38.6	24.8	-999.9	0.0	2.7	97328.1	-999.9
Ntarla	1983	3	19	78	24.0	38.8	25.1	-999.9	0.0	2.9	97243.7	-999.9
Ntarla	1983	3	20	79	22.9	38.5	25.1	-999.9	0.0	2.7	97184.5	-999.9
Ntarla	1983	3	21	80	22.4	39.4	25.5	-999.9	0.0	2.8	97105.9	-999.9
Ntarla	1983	3	22	81	23.8	39.3	25.3	-999.9	0.0	2.7	97101.6	-999.9
Ntarla	1983	3	23	82	23.7	39.5	25.7	-999.9	0.0	2.3	96993.9	-999.9
Ntarla	1983	3	24	83	22.2	39.3	25.6	-999.9	0.0	2.0	97037.9	-999.9
Ntarla	1983	3	25	84	22.9	40.2	23.8	-999.9	0.0	2.2	97067.6	-999.9
Ntarla	1983	3	26	85	23.9	41.1	25.7	-999.9	0.0	2.6	96930.4	-999.9
Ntarla	1983	3	27	86	23.7	40.7	25.5	-999.9	0.0	2.1	96808.8	-999.9
Ntarla	1983	3	28	87	23.7	39.8	24.8	-999.9	0.0	1.8	96805.5	-999.9
Ntarla	1983	3	29	88	22.3	39.1	25.4	-999.9	0.0	2.2	96817.7	-999.9
Ntarla	1983	3	30	89	23.3	37.0	25.3	-999.9	0.0	2.3	96974.9	-999.9
Ntarla	1983	3	31	90	23.0	37.7	25.3	-999.9	0.0	1.8	96975.1	-999.9
Ntarla	1983	4	1	91	24.9	38.8	25.0	-999.9	0.0	2.0	96958.8	-999.9
Ntarla	1983	4	2	92	26.3	37.2	21.6	-999.9	3.0	2.1	97065.9	-999.9
Ntarla	1983	4	3	93	25.2	35.1	21.9	-999.9	6.1	2.3	97165.9	-999.9
Ntarla	1983	4	4	94	25.2	34.7	19.6	-999.9	0.0	2.0	97291.2	-999.9
Ntarla	1983	4	5	95	24.7	37.7	21.2	-999.9	0.0	2.6	97181.4	-999.9
Ntarla	1983	4	6	96	26.3	40.5	24.7	-999.9	0.0	2.6	96983.9	-999.9
Ntarla	1983	4	7	97	26.4	40.1	25.8	-999.9	0.0	2.9	96999.9	-999.9
Ntarla	1983	4	8	98	25.3	40.2	25.7	-999.9	0.0	2.6	96967.2	-999.9
Ntarla	1983	4	9	99	25.3	40.3	25.3	-999.9	0.0	2.7	96970.2	-999.9
Ntarla	1983	4	10	100	24.0	39.2	26.2	-999.9	0.0	1.5	96932.8	-999.9
Ntarla	1983	4	11	101	23.3	40.3	26.1	-999.9	0.0	1.5	96906.0	-999.9
Ntarla	1983	4	12	102	27.0	38.3	22.2	-999.9	0.0	2.6	97013.8	-999.9
Ntarla	1983	4	13	103	27.6	35.8	17.8	-999.9	0.0	2.0	97163.8	-999.9
Ntarla	1983	4	14	104	26.8	38.3	22.1	-999.9	0.0	1.8	97102.3	-999.9
Ntarla	1983	4	15	105	26.6	37.5	20.8	-999.9	0.0	1.5	97107.5	-999.9
Ntarla	1983	4	16	106	26.6	38.5	22.4	-999.9	0.0	2.0	97056.1	-999.9
Ntarla	1983	4	17	107	28.3	38.9	21.7	-999.9	0.0	2.3	96955.0	-999.9
Ntarla	1983	4	18	108	27.4	39.9	23.5	-999.9	0.0	2.7	96863.1	-999.9
Ntarla	1983	4	19	109	29.3	38.9	22.1	-999.9	0.0	1.9	97009.1	-999.9
Ntarla	1983	4	20	110	25.9	38.1	20.8	-999.9	0.0	1.8	97190.6	-999.9
Ntarla	1983	4	21	111	28.1	39.9	22.7	-999.9	0.0	1.8	97108.4	-999.9
Ntarla	1983	4	22	112	28.2	40.6	23.2	-999.9	0.0	1.7	96979.0	-999.9
Ntarla	1983	4	23	113	29.9	39.7	22.3	-999.9	0.0	2.2	96946.5	-999.9
Ntarla	1983	4	24	114	27.4	40.3	23.8	-999.9	0.0	2.9	96915.3	-999.9
Ntarla	1983	4	25	115	28.0	39.2	22.9	-999.9	5.8	2.8	96971.8	-999.9
Ntarla	1983	4	26	116	26.0	37.6	22.4	-999.9	9.6	1.9	97079.6	-999.9
Ntarla	1983	4	27	117	24.6	35.4	16.7	-999.9	3.2	2.4	97172.8	-999.9
Ntarla	1983	4	28	118	26.0	38.4	24.2	-999.9	0.0	2.1	97080.5	-999.9
Ntarla	1983	4	29	119	28.1	40.0	24.1	-999.9	0.0	2.0	97030.2	-999.9
Ntarla	1983	4	30	120	27.8	40.1	22.7	-999.9	0.0	1.7	97002.3	-999.9
Ntarla	1983	5	1	121	29.1	40.2	23.1	-999.9	0.0	2.6	96976.2	-999.9
Ntarla	1983	5	2	122	25.2	38.7	21.1	-999.9	0.0	2.8	96997.0	-999.9
Ntarla	1983	5	3	123	27.8	38.7	23.5	-999.9	0.0	2.5	96983.1	-999.9
Ntarla	1983	5	4	124	28.8	39.1	23.1	-999.9	6.5	2.2	97095.0	-999.9
Ntarla	1983	5	5	125	27.7	38.5	23.6	-999.9	6.5	2.4	97177.0	-999.9
Ntarla	1983	5	6	126	27.2	36.2	22.3	-999.9	0.0	2.6	97122.0	-999.9
Ntarla	1983	5	7	127	28.1	38.5	22.7	-999.9	2.3	2.4	97032.5	-999.9
Ntarla	1983	5	8	128	27.9	38.9	23.5	-999.9	4.6	2.3	97079.2	-999.9
Ntarla	1983	5	9	129	28.5	40.1	23.6	-999.9	0.0	2.4	97136.0	-999.9
Ntarla	1983	5	10	130	27.8	39.9	23.7	-999.9	0.0	3.1	97084.3	-999.9
Ntarla	1983	5	11	131	28.4	38.5	24.1	-999.9	0.0	3.1	96931.2	-999.9
Ntarla	1983	5	12	132	27.7	38.1	20.7	-999.9	2.8	2.9	97016.6	-999.9
Ntarla	1983	5	13	133	27.1	37.1	21.4	-999.9	2.8	1.9	97192.3	-999.9
Ntarla	1983	5	14	134	27.1	36.6	18.5	-999.9	5.6	2.1	97126.4	-999.9
Ntarla	1983	5	15	135	26.2	35.2	23.6	-999.9	0.0	2.2	97082.2	-999.9
Ntarla	1983	5	16	136	26.2	38.2	25.2	-999.9	0.0	2.1	97046.0	-999.9
Ntarla	1983	5	17	137	25.5	39.3	25.5	-999.9	0.0	2.2	97052.4	-999.9
Ntarla	1983	5	18	138	26.5	37.3	23.9	-999.9	0.0	2.2	97111.7	-999.9
Ntarla	1983	5	19	139	26.9	37.3	23.6	-999.9	0.0	2.4	97084.9	-999.9
Ntarla	1983	5	20	140	26.7	38.0	24.2	-999.9	12.0	1.8	97058.0	-999.9
Ntarla	1983	5	21	141	24.7	37.1	18.1	-999.9	9.9	2.4	97083.8	-999.9
Ntarla	1983	5	22	142	26.4	36.6	24.2	-999.9	0.0	2.3	97167.2	-999.9
Ntarla	1983	5	23	143	27.1	38.0	24.4	-999.9	0.0	2.0	97128.3	-999.9
Ntarla	1983	5	24	144	27.0	38.1	22.2	-999.9	0.0	2.9	97078.3	-999.9
Ntarla	1983	5	25	145	26.8	35.8	22.4	-999.9	6.6	2.2	97074.9	-999.9
Ntarla	1983	5	26	146	26.8	37.4	23.3	-999.9	16.9	1.9	97144.5	-999.9
Ntarla	1983	5	27	147	25.2	32.4	18.2	-999.9	0.0	1.3	97328.6	-999.9
Ntarla	1983	5	28	148	25.0	33.6	21.8	-999.9	0.0	2.0	97228.3	-999.9
Ntarla	1983	5	29	149	26.2	34.2	21.7	-999.9	0.0	2.2	97100.4	-999.9
Ntarla	1983	5	30	150	25.0	33.7	20.3	-999.9	0.0	2.1	97052.1	-999.9
Ntarla	1983	5	31	151	24.8	34.7	20.0	-999.9	0.0	2.1	97092.5	-999.9
Ntarla	1983	6	1	152	25.8	35.0	19.9	-999.9	11.9	2.1	97159.5	-999.9
Ntarla	1983	6	2	153	25.4	33.4	19.1	-999.9	0.0	1.9	97311.9	-999.9
Ntarla	1983	6	3	154	24.6	35.6	19.9	-999.9	0.0	2.3	97216.0	-999.9
Ntarla	1983	6	4	155	26.0	34.1	22.8	-999.9	0.0	2.2	97242.7	-999.9
Ntarla	1983	6	5	156	24.6	34.8	23.7	-999.9	0.0	2.1	97269.6	-999.9
Ntarla	1983	6	6	157	26.0	34.4	22.0	-999.9	12.5	2.0	97148.6	-999.9
Ntarla	1983	6	7	158	24.6	34.4	23.1	-999.9	0.0	2.1	97128.9	-999.9
Ntarla	1983	6	8	159	25.3	35.0	24.2	-999.9	0.0	1.5	97206.1	-999.9
Ntarla	1983	6	9	160	25.6	37.2	22.3	-999.9	0.0	2.6	97184.0	-999.9
Ntarla	1983	6	10	161	25.7	34.8	23.2	-999.9	0.0	2.2	97278.8	-999.9
Ntarla	1983	6	11	162	24.0	33.8	22.0	-999.9	27.7	2.1	97351.9	-999.9
Ntarla	1983	6	12	163	24.3	32.1	20.4	-999.9	0.0	1.4	97430.8	-999.9
Ntarla	1983	6	13	164	23.7	34.2	23.5	-999.9	0.0	1.9	97437.7	-999.9
Ntarla	1983	6	14	165	25.7	36.4	24.2	-999.9	0.0	3.0	97266.3	-999.9
Ntarla	1983	6	15	166	25.8	35.1	23.8	-999.9	10.5	2.9	97380.3	-999.9
Ntarla	1983	6	16	167	25.1	34.6	23.3	-999.9	0.0	2.4	97452.5	-999.9
Ntarla	1983	6	17	168	23.6	29.7	16.6	-999.9	7.9	1.6	97571.9	-999.9
Ntarla	1983	6	18	169	23.8	31.1	18.9	-999.9	15.7	1.4	97624.9	-999.9
Ntarla	1983	6	19	170	23.2	32.4	22.2	-999.9	15.7	1.6	97606.8	-999.9
Ntarla	1983	6	20	171	23.7	32.0	22.1	-999.9	0.0	1.6	97645.4	-999.9
Ntarla	1983	6	21	172	23.7	31.8	19.7	-999.9	0.0	2.2	97682.6	-999.9
Ntarla	1983	6	22	173	23.1	33.1	20.3	-999.9	7.7	1.9	97548.2	-999.9
Ntarla	1983	6	23	174	25.1	33.8	23.3	-999.9	0.0	2.4	97306.3	-999.9
Ntarla	1983	6	24	175	24.5	34.2	23.1	-999.9	0.0	2.8	97318.5	-999.9
Ntarla	1983	6	25	176	24.2	30.6	16.3	-999.9	0.0	2.3	97528.6	-999.9
Ntarla	1983	6	26	177	23.8	33.1	22.0	-999.9	0.0	2.3	97615.7	-999.9
Ntarla	1983	6	27	178	24.1	34.4	22.5	-999.9	0.0	1.5	97513.4	-999.9
Ntarla	1983	6	28	179	24.2	36.5	23.9	-999.9	0.0	2.4	97311.2	-999.9
Ntarla	1983	6	29	180	24.1	35.4	22.6	-999.9	12.1	2.8	97297.9	-999.9
Ntarla	1983	6	30	181	25.5	35.0	21.5	-999.9	0.0	2.5	97309.2	-999.9
Ntarla	1983	7	1	182	24.2	35.2	22.8	-999.9	0.0	1.7	97403.1	-999.9
Ntarla	1983	7	2	183	24.5	33.3	19.9	-999.9	0.0	2.3	97349.7	-999.9
Ntarla	1983	7	3	184	25.4	34.3	21.4	-999.9	0.0	2.4	97302.9	-999.9
Ntarla	1983	7	4	185	23.4	32.0	18.9	-999.9	7.1	2.1	97364.8	-999.9
Ntarla	1983	7	5	186	23.7	32.2	20.3	-999.9	7.1	1.7	97395.0	-999.9
Ntarla	1983	7	6	187	23.8	31.8	23.0	-999.9	0.0	2.1	97453.8	-999.9
Ntarla	1983	7	7	188	24.0	32.7	23.1	-999.9	8.7	2.0	97360.4	-999.9
Ntarla	1983	7	8	189	23.0	30.1	16.8	-999.9	8.7	1.9	97392.4	-999.9
Ntarla	1983	7	9	190	23.1	31.0	23.2	-999.9	0.0	1.6	97412.3	-999.9
Ntarla	1983	7	10	191	23.7	31.7	22.3	-999.9	0.0	1.4	97367.9	-999.9
Ntarla	1983	7	11	192	24.8	31.9	19.2	-999.9	7.7	2.5	97241.0	-999.9
Ntarla	1983	7	12	193	24.2	30.3	14.9	-999.9	6.8	2.0	97422.7	-999.9
Ntarla	1983	7	13	194	22.9	30.8	18.8	-999.9	0.0	1.7	97544.8	-999.9
Ntarla	1983	7	14	195	23.1	32.7	23.5	-999.9	6.8	2.0	97468.0	-999.9
Ntarla	1983	7	15	196	24.5	30.3	15.8	-999.9	0.0	2.6	97402.8	-999.9
Ntarla	1983	7	16	197	23.2	31.2	22.2	-999.9	0.0	2.5	97355.3	-999.9
Ntarla	1983	7	17	198	22.6	30.9	16.8	-999.9	18.2	2.4	97298.7	-999.9
Ntarla	1983	7	18	199	23.5	28.2	11.1	-999.9	0.0	2.4	97480.9	-999.9
Ntarla	1983	7	19	200	22.4	30.5	15.6	-999.9	0.0	2.1	97602.9	-999.9
Ntarla	1983	7	20	201	23.6	31.4	21.5	-999.9	0.0	1.3	97462.8	-999.9
Ntarla	1983	7	21	202	23.1	30.4	19.0	-999.9	19.5	1.9	97476.4	-999.9
Ntarla	1983	7	22	203	23.4	31.9	22.2	-999.9	9.7	1.7	97539.1	-999.9
Ntarla	1983	7	23	204	23.6	32.6	22.9	-999.9	0.0	2.2	97471.6	-999.9
Ntarla	1983	7	24	205	24.6	31.4	21.3	-999.9	11.1	2.7	97347.6	-999.9
Ntarla	1983	7	25	206	23.6	30.7	18.3	-999.9	9.7	2.8	97325.3	-999.9
Ntarla	1983	7	26	207	22.8	30.5	19.4	-999.9	0.0	2.7	97359.0	-999.9
Ntarla	1983	7	27	208	23.8	29.7	16.2	-999.9	12.4	2.3	97364.2	-999.9
Ntarla	1983	7	28	209	23.0	29.6	18.3	-999.9	0.0	2.1	97441.1	-999.9
Ntarla	1983	7	29	210	23.6	30.3	20.8	-999.9	12.4	2.1	97414.3	-999.9
Ntarla	1983	7	30	211	23.5	31.0	20.1	-999.9	12.4	2.5	97391.3	-999.9
Ntarla	1983	7	31	212	23.0	29.6	15.6	-999.9	7.1	2.5	97484.0	-999.9
Ntarla	1983	8	1	213	22.8	28.9	18.0	-999.9	0.0	2.0	97617.0	-999.9
Ntarla	1983	8	2	214	22.7	31.6	22.0	-999.9	0.0	1.6	97513.6	-999.9
Ntarla	1983	8	3	215	23.3	31.1	21.5	-999.9	0.0	2.1	97449.2	-999.9
Ntarla	1983	8	4	216	23.3	29.2	14.7	-999.9	7.1	2.2	97536.4	-999.9
Ntarla	1983	8	5	217	23.5	30.1	20.4	-999.9	0.0	1.9	97566.2	-999.9
Ntarla	1983	8	6	218	22.8	29.2	17.7	-999.9	10.5	2.2	97541.1	-999.9
Ntarla	1983	8	7	219	23.6	28.0	13.4	-999.9	48.1	1.9	97464.3	-999.9
Ntarla	1983	8	8	220	22.7	29.6	15.7	-999.9	10.5	1.8	97510.0	-999.9
Ntarla	1983	8	9	221	22.4	29.7	19.2	-999.9	10.5	1.7	97724.8	-999.9
Ntarla	1983	8	10	222	22.1	31.1	20.5	-999.9	0.0	1.7	97674.9	-999.9
Ntarla	1983	8	11	223	23.5	31.4	22.3	-999.9	0.0	3.2	97397.2	-999.9
Ntarla	1983	8	12	224	23.5	28.4	13.9	-999.9	22.8	2.5	97351.9	-999.9
Ntarla	1983	8	13	225	22.5	29.5	19.3	-999.9	0.0	2.2	97632.8	-999.9
Ntarla	1983	8	14	226	22.0	29.5	16.0	-999.9	11.4	2.2	97704.8	-999.9
Ntarla	1983	8	15	227	22.9	29.5	18.9	-999.9	0.0	1.9	97615.9	-999.9
Ntarla	1983	8	16	228	22.4	30.5	20.4	-999.9	0.0	1.8	97528.5	-999.9
Ntarla	1983	8	17	229	23.5	30.5	18.8	-999.9	0.0	2.7	97415.6	-999.9
Ntarla	1983	8	18	230	23.1	29.0	17.1	-999.9	0.0	2.4	97475.8	-999.9
Ntarla	1983	8	19	231	22.8	29.6	17.6	-999.9	0.0	1.8	97590.7	-999.9
Ntarla	1983	8	20	232	22.5	30.8	20.0	-999.9	12.8	1.5	97597.0	-999.9
Ntarla	1983	8	21	233	22.6	30.1	19.2	-999.9	30.4	1.7	97464.4	-999.9
Ntarla	1983	8	22	234	22.2	29.8	21.9	-999.9	15.2	1.6	97466.7	-999.9
Ntarla	1983	8	23	235	22.4	29.5	20.3	-999.9	0.0	2.3	97517.2	-999.9
Ntarla	1983	8	24	236	21.8	30.5	22.3	-999.9	0.0	1.7	97562.4	-999.9
Ntarla	1983	8	25	237	23.2	31.8	23.1	-999.9	0.0	1.6	97444.7	-999.9
Ntarla	1983	8	26	238	23.5	31.0	19.0	-999.9	15.4	2.1	97471.9	-999.9
Ntarla	1983	8	27	239	23.5	30.6	19.8	-999.9	7.7	2.0	97542.1	-999.9
Ntarla	1983	8	28	240	22.5	30.6	22.4	-999.9	7.7	1.5	97580.9	-999.9
Ntarla	1983	8	29	241	22.7	31.4	23.2	-999.9	7.7	1.6	97408.9	-999.9
Ntarla	1983	8	30	242	22.7	30.9	21.1	-999.9	8.8	1.5	97487.3	-999.9
Ntarla	1983	8	31	243	22.8	30.4	20.5	-999.9	0.0	1.5	97523.5	-999.9
Ntarla	1983	9	1	244	22.4	31.6	23.1	-999.9	0.0	1.9	97405.8	-999.9
Ntarla	1983	9	2	245	24.0	31.9	21.1	-999.9	7.7	2.1	97351.3	-999.9
Ntarla	1983	9	3	246	22.9	29.6	17.9	-999.9	0.0	1.7	97521.1	-999.9
Ntarla	1983	9	4	247	22.4	30.3	19.9	-999.9	0.0	1.5	97503.1	-999.9
Ntarla	1983	9	5	248	23.4	32.2	23.3	-999.9	3.8	2.1	97317.0	-999.9
Ntarla	1983	9	6	249	22.8	30.9	19.3	-999.9	5.4	2.2	97211.7	-999.9
Ntarla	1983	9	7	250	22.2	30.0	21.6	-999.9	0.0	2.2	97357.7	-999.9
Ntarla	1983	9	8	251	22.8	30.7	21.8	-999.9	10.8	1.6	97413.0	-999.9
Ntarla	1983	9	9	252	22.8	31.4	22.1	-999.9	10.8	1.4	97386.7	-999.9
Ntarla	1983	9	10	253	22.8	29.5	17.0	-999.9	10.8	1.4	97428.3	-999.9
Ntarla	1983	9	11	254	22.6	30.6	22.6	-999.9	5.3	1.5	97478.5	-999.9
Ntarla	1983	9	12	255	22.5	31.2	19.4	-999.9	0.0	1.4	97436.4	-999.9
Ntarla	1983	9	13	256	22.8	30.7	21.5	-999.9	6.1	1.8	97436.4	-999.9
Ntarla	1983	9	14	257	22.9	29.2	17.6	-999.9	0.0	2.1	97554.6	-999.9
Ntarla	1983	9	15	258	22.4	29.8	18.6	-999.9	0.0	1.8	97580.1	-999.9
Ntarla	1983	9	16	259	22.6	26.6	12.8	-999.9	7.8	2.1	97447.4	-999.9
Ntarla	1983	9	17	260	20.9	29.5	19.4	-999.9	7.8	1.3	97423.3	-999.9
Ntarla	1983	9	18	261	22.3	30.0	19.5	-999.9	0.0	1.8	97384.6	-999.9
Ntarla	1983	9	19	262	21.5	29.9	22.3	-999.9	0.0	1.9	97435.9	-999.9
Ntarla	1983	9	20	263	22.8	31.0	22.7	-999.9	0.0	1.6	97455.2	-999.9
Ntarla	1983	9	21	264	22.3	30.0	21.4	-999.9	5.3	1.5	97425.0	-999.9
Ntarla	1983	9	22	265	22.3	30.4	21.0	-999.9	15.8	1.7	97378.0	-999.9
Ntarla	1983	9	23	266	22.2	28.4	16.4	-999.9	0.0	1.4	97439.4	-999.9
Ntarla	1983	9	24	267	22.4	31.1	22.2	-999.9	0.0	1.5	97445.0	-999.9
Ntarla	1983	9	25	268	22.6	32.3	23.4	-999.9	10.5	1.5	97390.5	-999.9
Ntarla	1983	9	26	269	23.5	30.6	20.9	-999.9	0.0	1.9	97332.5	-999.9
Ntarla	1983	9	27	270	22.0	30.5	21.6	-999.9	0.0	1.3	97429.4	-999.9
Ntarla	1983	9	28	271	22.9	30.2	20.1	-999.9	9.3	1.6	97472.8	-999.9
Ntarla	1983	9	29	272	22.2	30.5	20.4	-999.9	9.3	1.2	97547.5	-999.9
Ntarla	1983	9	30	273	22.5	31.8	22.2	-999.9	0.0	1.3	97517.7	-999.9
Ntarla	1983	10	1	274	23.9	31.9	22.0	-999.9	0.0	1.9	97479.2	-999.9
Ntarla	1983	10	2	275	23.2	30.9	20.9	-999.9	3.2	2.0	97498.3	-999.9
Ntarla	1983	10	3	276	23.1	32.6	22.1	-999.9	3.2	1.9	97469.3	-999.9
Ntarla	1983	10	4	277	22.8	31.9	21.7	-999.9	0.0	1.8	97468.7	-999.9
Ntarla	1983	10	5	278	23.3	33.0	22.0	-999.9	3.2	1.5	97618.1	-999.9
Ntarla	1983	10	6	279	23.0	35.2	21.8	-999.9	0.0	1.9	97581.0	-999.9
Ntarla	1983	10	7	280	22.0	36.6	23.7	-999.9	0.0	2.0	97339.2	-999.9
Ntarla	1983	10	8	281	21.7	35.9	23.1	-999.9	0.0	2.2	97212.3	-999.9
Ntarla	1983	10	9	282	21.6	36.0	22.4	-999.9	0.0	1.8	97183.1	-999.9
Ntarla	1983	10	10	283	21.6	36.2	22.4	-999.9	0.0	2.2	97271.8	-999.9
Ntarla	1983	10	11	284	22.2	36.6	22.7	-999.9	0.0	2.0	97357.1	-999.9
Ntarla	1983	10	12	285	21.2	36.9	22.8	-999.9	0.0	1.5	97302.5	-999.9
Ntarla	1983	10	13	286	20.9	36.6	23.1	-999.9	0.0	1.6	97239.7	-999.9
Ntarla	1983	10	14	287	23.1	35.0	21.0	-999.9	0.0	1.6	97257.0	-999.9
Ntarla	1983	10	15	288	23.3	36.3	21.7	-999.9	0.0	2.0	97230.0	-999.9
Ntarla	1983	10	16	289	23.2	36.3	22.1	-999.9	0.0	1.8	97240.2	-999.9
Ntarla	1983	10	17	290	22.9	37.0	23.5	-999.9	0.0	2.1	97246.0	-999.9
Ntarla	1983	10	18	291	21.6	36.5	23.4	-999.9	0.0	1.8	97195.9	-999.9
Ntarla	1983	10	19	292	20.9	35.2	21.1	-999.9	0.0	1.4	97246.2	-999.9
Ntarla	1983	10	20	293	23.0	35.5	22.6	-999.9	0.0	1.4	97292.0	-999.9
Ntarla	1983	10	21	294	22.6	35.2	20.6	-999.9	0.0	1.6	97230.4	-999.9
Ntarla	1983	10	22	295	25.2	35.1	20.8	-999.9	0.0	1.4	97260.5	-999.9
Ntarla	1983	10	23	296	25.3	34.7	19.3	-999.9	6.3	1.8	97344.4	-999.9
Ntarla	1983	10	24	297	23.9	31.9	17.1	-999.9	0.0	1.6	97374.1	-999.9
Ntarla	1983	10	25	298	20.9	35.1	22.2	-999.9	0.0	1.8	97307.7	-999.9
Ntarla	1983	10	26	299	19.0	35.2	22.7	-999.9	0.0	1.7	97471.8	-999.9
Ntarla	1983	10	27	300	20.0	36.0	22.6	-999.9	0.0	2.0	97482.7	-999.9
Ntarla	1983	10	28	301	21.3	36.2	22.4	-999.9	0.0	2.0	97361.8	-999.9
Ntarla	1983	10	29	302	19.6	36.1	22.9	-999.9	0.0	1.9	97254.8	-999.9
Ntarla	1983	10	30	303	21.8	33.6	18.5	-999.9	0.0	1.7	97371.5	-999.9
Ntarla	1983	10	31	304	22.8	36.1	20.6	-999.9	0.0	1.9	97500.4	-999.9
Ntarla	1983	11	1	305	19.1	36.2	22.8	-999.9	0.0	2.1	97492.5	-999.9
Ntarla	1983	11	2	306	18.5	35.6	22.8	-999.9	0.0	1.7	97401.2	-999.9
Ntarla	1983	11	3	307	18.2	35.8	22.6	-999.9	0.0	1.8	97385.6	-999.9
Ntarla	1983	11	4	308	18.6	35.4	22.1	-999.9	0.0	1.5	97431.4	-999.9
Ntarla	1983	11	5	309	23.6	34.6	19.0	-999.9	0.0	1.5	97461.9	-999.9
Ntarla	1983	11	6	310	24.6	35.2	19.0	-999.9	0.0	1.5	97400.1	-999.9
Ntarla	1983	11	7	311	23.1	36.3	21.5	-999.9	0.0	1.6	97329.8	-999.9
Ntarla	1983	11	8	312	20.1	36.3	22.1	-999.9	0.0	1.9	97280.1	-999.9
Ntarla	1983	11	9	313	19.5	36.0	21.5	-999.9	0.0	1.5	97330.7	-999.9
Ntarla	1983	11	10	314	21.1	36.3	21.7	-999.9	0.0	2.1	97446.4	-999.9
Ntarla	1983	11	11	315	20.6	36.6	22.2	-999.9	0.0	2.4	97415.5	-999.9
Ntarla	1983	11	12	316	19.5	35.7	22.0	-999.9	0.0	2.1	97333.4	-999.9
Ntarla	1983	11	13	317	18.4	35.4	21.9	-999.9	0.0	2.2	97413.4	-999.9
Ntarla	1983	11	14	318	19.1	35.2	22.1	-999.9	0.0	2.2	97513.8	-999.9
Ntarla	1983	11	15	319	18.3	35.0	21.9	-999.9	0.0	2.1	97530.8	-999.9
Ntarla	1983	11	16	320	16.7	34.8	21.6	-999.9	0.0	2.0	97509.1	-999.9
Ntarla	1983	11	17	321	18.7	35.6	21.3	-999.9	0.0	2.3	97449.5	-999.9
Ntarla	1983	11	18	322	19.2	35.6	21.5	-999.9	0.0	2.2	97413.5	-999.9
Ntarla	1983	11	19	323	19.2	35.0	21.4	-999.9	0.0	2.2	97415.4	-999.9
Ntarla	1983	11	20	324	17.6	35.0	21.5	-999.9	0.0	1.8	97507.0	-999.9
Ntarla	1983	11	21	325	18.7	34.7	21.4	-999.9	0.0	2.1	97476.8	-999.9
Ntarla	1983	11	22	326	17.2	34.5	21.0	-999.9	0.0	2.1	97314.4	-999.9
Ntarla	1983	11	23	327	17.8	34.4	20.7	-999.9	0.0	1.9	97367.4	-999.9
Ntarla	1983	11	24	328	18.5	34.4	20.5	-999.9	0.0	1.9	97514.6	-999.9
Ntarla	1983	11	25	329	20.2	34.6	20.1	-999.9	0.0	2.5	97545.7	-999.9
Ntarla	1983	11	26	330	20.5	34.4	20.1	-999.9	0.0	2.3	97472.1	-999.9
Ntarla	1983	11	27	331	19.6	34.6	20.5	-999.9	0.0	2.1	97414.5	-999.9
Ntarla	1983	11	28	332	19.1	33.4	20.7	-999.9	0.0	2.2	97399.6	-999.9
Ntarla	1983	11	29	333	19.1	32.6	20.7	-999.9	0.0	2.1	97459.6	-999.9
Ntarla	1983	11	30	334	17.2	31.7	20.7	-999.9	0.0	2.0	97501.5	-999.9
Ntarla	1983	12	1	335	15.6	31.6	21.0	-999.9	0.0	1.8	97464.5	-999.9
Ntarla	1983	12	2	336	17.4	32.6	20.5	-999.9	0.0	1.9	97397.8	-999.9
Ntarla	1983	12	3	337	19.1	32.7	20.4	-999.9	0.0	2.1	97427.2	-999.9
Ntarla	1983	12	4	338	20.3	32.5	15.6	-999.9	1.1	2.1	97456.1	-999.9
Ntarla	1983	12	5	339	21.0	32.2	18.3	-999.9	0.0	2.0	97421.9	-999.9
Ntarla	1983	12	6	340	19.2	33.1	19.1	-999.9	0.0	2.1	97384.3	-999.9
Ntarla	1983	12	7	341	20.2	33.6	20.1	-999.9	0.0	2.5	97406.7	-999.9
Ntarla	1983	12	8	342	19.7	33.9	19.8	-999.9	0.0	2.6	97445.6	-999.9
Ntarla	1983	12	9	343	20.1	32.7	20.2	-999.9	0.0	2.9	97450.1	-999.9
Ntarla	1983	12	10	344	18.0	31.0	20.2	-999.9	0.0	2.5	97440.2	-999.9
Ntarla	1983	12	11	345	16.7	31.0	20.2	-999.9	0.0	2.2	97472.4	-999.9
Ntarla	1983	12	12	346	17.2	31.3	20.2	-999.9	0.0	2.3	97560.0	-999.9
Ntarla	1983	12	13	347	17.3	31.8	20.0	-999.9	0.0	2.3	97477.9	-999.9
Ntarla	1983	12	14	348	20.3	29.9	16.1	-999.9	0.0	2.1	97430.6	-999.9
Ntarla	1983	12	15	349	18.1	32.3	19.6	-999.9	0.0	2.0	97446.5	-999.9
Ntarla	1983	12	16	350	18.2	33.2	19.9	-999.9	0.0	2.0	97416.6	-999.9
Ntarla	1983	12	17	351	19.0	33.2	18.4	-999.9	0.0	2.0	97419.8	-999.9
Ntarla	1983	12	18	352	19.1	33.7	19.6	-999.9	0.0	2.5	97457.2	-999.9
Ntarla	1983	12	19	353	18.2	32.9	19.8	-999.9	0.0	2.6	97481.3	-999.9
Ntarla	1983	12	20	354	17.6	32.9	20.1	-999.9	0.0	2.3	97506.2	-999.9
Ntarla	1983	12	21	355	17.6	33.6	20.1	-999.9	0.0	2.1	97490.0	-999.9
Ntarla	1983	12	22	356	18.3	33.9	20.0	-999.9	0.0	2.2	97436.0	-999.9
Ntarla	1983	12	23	357	20.3	34.1	20.1	-999.9	0.0	2.6	97486.8	-999.9
Ntarla	1983	12	24	358	18.7	33.3	20.3	-999.9	0.0	2.4	97603.2	-999.9
Ntarla	1983	12	25	359	17.3	31.8	20.7	-999.9	0.0	2.5	97605.4	-999.9
Ntarla	1983	12	26	360	16.7	32.2	20.6	-999.9	0.0	2.4	97637.2	-999.9
Ntarla	1983	12	27	361	16.9	31.9	20.5	-999.9	0.0	2.6	97684.6	-999.9
Ntarla	1983	12	28	362	16.6	31.4	20.4	-999.9	0.0	2.1	97575.3	-999.9
Ntarla	1983	12	29	363	15.9	32.0	19.9	-999.9	0.0	1.9	97573.7	-999.9
Ntarla	1983	12	30	364	17.2	30.9	20.3	-999.9	0.0	2.6	97637.9	-999.9
Ntarla	1983	12	31	365	14.6	29.2	20.6	-999.9	0.0	2.3	97573.3	-999.9
