Ntarla	2005	1	1	1	16.8	28.8	20.3	-999.9	0.0	2.8	97769.9	-999.9
Ntarla	2005	1	2	2	15.6	28.0	20.0	-999.9	0.0	2.5	97843.1	-999.9
Ntarla	2005	1	3	3	15.2	28.7	20.6	-999.9	0.0	2.4	97694.4	-999.9
Ntarla	2005	1	4	4	15.5	30.5	20.6	-999.9	0.0	2.2	97567.1	-999.9
Ntarla	2005	1	5	5	16.8	32.5	20.5	-999.9	0.0	2.2	97561.0	-999.9
Ntarla	2005	1	6	6	19.3	32.8	20.4	-999.9	0.0	2.9	97566.1	-999.9
Ntarla	2005	1	7	7	19.0	31.5	20.6	-999.9	0.0	3.1	97581.3	-999.9
Ntarla	2005	1	8	8	17.7	29.6	20.8	-999.9	0.0	2.9	97582.0	-999.9
Ntarla	2005	1	9	9	15.3	29.5	21.1	-999.9	0.0	2.6	97475.8	-999.9
Ntarla	2005	1	10	10	16.1	30.4	21.1	-999.9	0.0	2.7	97563.0	-999.9
Ntarla	2005	1	11	11	16.3	30.0	20.8	-999.9	0.0	2.5	97626.2	-999.9
Ntarla	2005	1	12	12	16.1	29.7	19.8	-999.9	0.0	2.4	97675.4	-999.9
Ntarla	2005	1	13	13	16.4	30.2	20.6	-999.9	0.0	2.2	97583.0	-999.9
Ntarla	2005	1	14	14	16.0	30.6	21.3	-999.9	0.0	2.3	97448.0	-999.9
Ntarla	2005	1	15	15	15.5	31.5	21.1	-999.9	0.0	2.0	97304.7	-999.9
Ntarla	2005	1	16	16	17.3	32.4	21.0	-999.9	0.0	2.0	97141.3	-999.9
Ntarla	2005	1	17	17	18.1	33.3	20.8	-999.9	0.0	2.7	97260.3	-999.9
Ntarla	2005	1	18	18	18.1	31.8	21.3	-999.9	0.0	3.0	97497.4	-999.9
Ntarla	2005	1	19	19	17.1	31.1	20.6	-999.9	0.0	2.5	97402.1	-999.9
Ntarla	2005	1	20	20	16.8	30.9	21.2	-999.9	0.0	2.3	97385.6	-999.9
Ntarla	2005	1	21	21	16.7	30.0	20.5	-999.9	0.0	2.2	97413.7	-999.9
Ntarla	2005	1	22	22	15.3	31.5	20.8	-999.9	0.0	1.7	97336.4	-999.9
Ntarla	2005	1	23	23	16.8	34.1	21.4	-999.9	0.0	1.7	97298.0	-999.9
Ntarla	2005	1	24	24	17.9	35.2	21.6	-999.9	0.0	2.3	97258.3	-999.9
Ntarla	2005	1	25	25	19.6	33.3	17.7	-999.9	0.0	1.5	97318.8	-999.9
Ntarla	2005	1	26	26	22.4	34.8	19.2	-999.9	0.0	1.6	97268.3	-999.9
Ntarla	2005	1	27	27	19.4	34.4	21.0	-999.9	0.0	1.6	97202.4	-999.9
Ntarla	2005	1	28	28	19.9	34.7	21.4	-999.9	0.0	1.5	97160.5	-999.9
Ntarla	2005	1	29	29	19.9	34.0	21.5	-999.9	0.0	2.3	97177.7	-999.9
Ntarla	2005	1	30	30	20.0	33.3	19.5	-999.9	0.0	2.2	97242.5	-999.9
Ntarla	2005	1	31	31	20.5	33.9	21.3	-999.9	0.0	2.3	97276.9	-999.9
Ntarla	2005	2	1	32	21.4	35.2	21.4	-999.9	0.0	2.5	97187.9	-999.9
Ntarla	2005	2	2	33	22.2	36.3	21.7	-999.9	0.0	2.2	97112.6	-999.9
Ntarla	2005	2	3	34	21.3	35.4	21.8	-999.9	0.0	2.7	97164.1	-999.9
Ntarla	2005	2	4	35	19.5	33.5	21.9	-999.9	0.0	2.6	97297.7	-999.9
Ntarla	2005	2	5	36	19.2	32.6	20.6	-999.9	0.0	2.4	97252.8	-999.9
Ntarla	2005	2	6	37	19.5	32.1	18.5	-999.9	0.0	2.2	97259.1	-999.9
Ntarla	2005	2	7	38	20.1	33.2	20.6	-999.9	0.0	2.4	97294.2	-999.9
Ntarla	2005	2	8	39	19.1	31.8	21.9	-999.9	0.0	3.1	97356.2	-999.9
Ntarla	2005	2	9	40	18.8	32.3	21.9	-999.9	0.0	2.6	97282.4	-999.9
Ntarla	2005	2	10	41	20.7	34.5	20.8	-999.9	0.0	2.4	97198.3	-999.9
Ntarla	2005	2	11	42	23.8	35.9	20.0	-999.9	0.0	3.0	97188.3	-999.9
Ntarla	2005	2	12	43	23.8	37.5	22.2	-999.9	0.0	2.9	97174.3	-999.9
Ntarla	2005	2	13	44	24.8	36.3	22.5	-999.9	0.0	3.2	97107.7	-999.9
Ntarla	2005	2	14	45	22.3	35.0	19.3	-999.9	0.0	2.4	97064.0	-999.9
Ntarla	2005	2	15	46	22.3	35.8	22.1	-999.9	0.0	2.6	97078.2	-999.9
Ntarla	2005	2	16	47	20.5	36.9	22.5	-999.9	0.0	2.0	97017.0	-999.9
Ntarla	2005	2	17	48	20.5	38.3	23.0	-999.9	0.0	2.0	97003.9	-999.9
Ntarla	2005	2	18	49	20.6	37.4	22.4	-999.9	0.0	1.7	96912.8	-999.9
Ntarla	2005	2	19	50	23.5	35.8	20.4	-999.9	0.0	1.4	97049.9	-999.9
Ntarla	2005	2	20	51	23.7	34.9	18.1	-999.9	0.0	1.6	97090.9	-999.9
Ntarla	2005	2	21	52	23.6	33.8	22.6	-999.9	0.0	3.1	97260.8	-999.9
Ntarla	2005	2	22	53	22.8	35.8	22.2	-999.9	0.0	2.2	97232.6	-999.9
Ntarla	2005	2	23	54	23.2	37.7	22.8	-999.9	0.0	2.1	97170.5	-999.9
Ntarla	2005	2	24	55	25.6	38.7	22.3	-999.9	0.0	2.9	97139.0	-999.9
Ntarla	2005	2	25	56	24.3	35.2	22.9	-999.9	0.0	2.7	97273.9	-999.9
Ntarla	2005	2	26	57	25.1	36.6	22.9	-999.9	0.0	2.9	97279.3	-999.9
Ntarla	2005	2	27	58	24.4	36.8	22.4	-999.9	0.0	2.4	97288.3	-999.9
Ntarla	2005	2	28	59	24.7	36.8	22.1	-999.9	0.0	1.9	97188.7	-999.9
Ntarla	2005	3	1	60	25.6	37.8	22.4	-999.9	0.0	1.4	97053.9	-999.9
Ntarla	2005	3	2	61	27.1	36.6	20.9	-999.9	0.0	1.4	97116.1	-999.9
Ntarla	2005	3	3	62	24.6	34.3	16.4	-999.9	2.1	1.9	97410.4	-999.9
Ntarla	2005	3	4	63	23.9	33.2	17.6	-999.9	0.0	1.9	97516.4	-999.9
Ntarla	2005	3	5	64	24.2	36.5	20.6	-999.9	0.0	1.5	97297.2	-999.9
Ntarla	2005	3	6	65	26.2	36.9	22.7	-999.9	0.0	1.3	97219.2	-999.9
Ntarla	2005	3	7	66	25.9	37.9	23.2	-999.9	0.0	1.6	97097.2	-999.9
Ntarla	2005	3	8	67	27.3	38.9	22.3	-999.9	0.0	2.2	97015.6	-999.9
Ntarla	2005	3	9	68	26.6	38.3	23.9	-999.9	0.0	2.6	97091.3	-999.9
Ntarla	2005	3	10	69	26.7	38.0	23.7	-999.9	0.0	3.2	97142.7	-999.9
Ntarla	2005	3	11	70	24.7	37.6	24.3	-999.9	0.0	2.3	97171.4	-999.9
Ntarla	2005	3	12	71	23.9	38.2	24.3	-999.9	0.0	1.8	97044.3	-999.9
Ntarla	2005	3	13	72	25.8	37.0	20.7	-999.9	0.0	2.3	96927.8	-999.9
Ntarla	2005	3	14	73	27.2	37.0	20.2	-999.9	0.0	2.1	97056.2	-999.9
Ntarla	2005	3	15	74	26.3	36.7	20.9	-999.9	0.0	1.5	97140.7	-999.9
Ntarla	2005	3	16	75	26.7	38.5	23.7	-999.9	0.0	1.8	97075.7	-999.9
Ntarla	2005	3	17	76	26.7	39.6	24.7	-999.9	0.0	2.3	97032.7	-999.9
Ntarla	2005	3	18	77	23.3	39.1	25.1	-999.9	0.0	1.5	97092.6	-999.9
Ntarla	2005	3	19	78	25.1	38.7	25.5	-999.9	0.0	2.5	97151.1	-999.9
Ntarla	2005	3	20	79	23.6	37.5	24.6	-999.9	0.0	2.1	97193.6	-999.9
Ntarla	2005	3	21	80	23.1	37.3	25.8	-999.9	0.0	2.0	97132.7	-999.9
Ntarla	2005	3	22	81	22.6	37.4	25.9	-999.9	0.0	1.8	97135.6	-999.9
Ntarla	2005	3	23	82	22.6	38.3	25.8	-999.9	0.0	1.7	97186.1	-999.9
Ntarla	2005	3	24	83	22.9	38.5	24.9	-999.9	0.0	1.8	97218.6	-999.9
Ntarla	2005	3	25	84	23.4	39.4	25.5	-999.9	0.0	1.8	97136.4	-999.9
Ntarla	2005	3	26	85	24.9	39.1	24.6	-999.9	0.0	1.9	97087.8	-999.9
Ntarla	2005	3	27	86	25.3	38.0	22.5	-999.9	0.0	2.0	97114.1	-999.9
Ntarla	2005	3	28	87	27.5	38.3	21.4	-999.9	0.0	1.9	97143.2	-999.9
Ntarla	2005	3	29	88	25.6	39.3	23.5	-999.9	0.0	2.1	97083.5	-999.9
Ntarla	2005	3	30	89	22.0	39.6	25.7	-999.9	0.0	2.1	97074.4	-999.9
Ntarla	2005	3	31	90	21.7	39.2	25.9	-999.9	0.0	1.7	97047.8	-999.9
Ntarla	2005	4	1	91	22.7	38.5	22.8	-999.9	0.0	1.3	97022.2	-999.9
Ntarla	2005	4	2	92	27.4	38.1	22.5	-999.9	0.0	2.3	97139.3	-999.9
Ntarla	2005	4	3	93	27.9	38.4	22.1	-999.9	0.0	1.8	97218.5	-999.9
Ntarla	2005	4	4	94	28.3	39.5	23.9	-999.9	0.0	2.2	97212.5	-999.9
Ntarla	2005	4	5	95	29.2	39.7	22.4	-999.9	0.0	2.2	97173.4	-999.9
Ntarla	2005	4	6	96	27.1	39.6	23.9	-999.9	0.0	2.1	97088.0	-999.9
Ntarla	2005	4	7	97	26.7	40.4	25.0	-999.9	0.0	1.8	96963.2	-999.9
Ntarla	2005	4	8	98	22.3	39.8	26.0	-999.9	0.0	1.9	96946.9	-999.9
Ntarla	2005	4	9	99	22.8	39.9	25.9	-999.9	0.0	1.8	96873.5	-999.9
Ntarla	2005	4	10	100	24.6	39.5	25.3	-999.9	0.0	2.1	96849.0	-999.9
Ntarla	2005	4	11	101	25.1	38.4	22.5	-999.9	0.0	1.9	96886.7	-999.9
Ntarla	2005	4	12	102	26.3	38.2	22.4	-999.9	9.7	1.9	96972.9	-999.9
Ntarla	2005	4	13	103	25.2	34.4	17.6	-999.9	0.0	2.1	97054.3	-999.9
Ntarla	2005	4	14	104	26.7	37.8	23.2	-999.9	0.0	2.2	96979.0	-999.9
Ntarla	2005	4	15	105	26.9	38.2	21.7	-999.9	0.0	2.4	97002.4	-999.9
Ntarla	2005	4	16	106	28.0	39.2	23.9	-999.9	0.0	2.8	97026.7	-999.9
Ntarla	2005	4	17	107	28.0	38.3	23.8	-999.9	0.0	2.0	96969.9	-999.9
Ntarla	2005	4	18	108	28.5	38.6	24.3	-999.9	0.0	1.9	96899.6	-999.9
Ntarla	2005	4	19	109	26.7	37.4	22.1	-999.9	0.0	1.6	97010.3	-999.9
Ntarla	2005	4	20	110	25.0	38.7	23.8	-999.9	3.2	1.3	97000.6	-999.9
Ntarla	2005	4	21	111	26.1	38.5	23.6	-999.9	0.0	1.9	96977.0	-999.9
Ntarla	2005	4	22	112	25.6	39.2	25.4	-999.9	0.0	1.9	96875.3	-999.9
Ntarla	2005	4	23	113	27.8	39.2	24.1	-999.9	1.8	2.2	96905.5	-999.9
Ntarla	2005	4	24	114	25.4	37.6	18.9	-999.9	0.0	2.4	97107.0	-999.9
Ntarla	2005	4	25	115	27.7	39.1	21.7	-999.9	1.8	2.1	97048.0	-999.9
Ntarla	2005	4	26	116	26.7	39.1	23.0	-999.9	0.0	2.4	97039.4	-999.9
Ntarla	2005	4	27	117	28.4	38.6	23.7	-999.9	0.0	2.6	97153.3	-999.9
Ntarla	2005	4	28	118	30.0	40.1	22.6	-999.9	0.0	2.5	97134.8	-999.9
Ntarla	2005	4	29	119	27.9	38.3	24.0	-999.9	0.0	2.3	97150.0	-999.9
Ntarla	2005	4	30	120	27.4	40.6	23.9	-999.9	0.0	2.7	96975.3	-999.9
Ntarla	2005	5	1	121	26.6	40.1	24.1	-999.9	0.0	2.7	96922.1	-999.9
Ntarla	2005	5	2	122	25.7	39.3	25.5	-999.9	0.0	2.8	97044.0	-999.9
Ntarla	2005	5	3	123	26.9	38.5	24.3	-999.9	0.0	2.8	97174.7	-999.9
Ntarla	2005	5	4	124	28.2	38.0	23.2	-999.9	0.0	2.7	97220.2	-999.9
Ntarla	2005	5	5	125	26.0	38.0	23.8	-999.9	0.0	2.6	97215.1	-999.9
Ntarla	2005	5	6	126	24.3	35.2	22.0	-999.9	0.0	2.4	97302.8	-999.9
Ntarla	2005	5	7	127	26.8	35.5	23.3	-999.9	0.0	2.6	97311.2	-999.9
Ntarla	2005	5	8	128	26.2	38.1	24.5	-999.9	0.0	2.0	97286.0	-999.9
Ntarla	2005	5	9	129	26.0	38.1	23.8	-999.9	6.8	2.3	97232.6	-999.9
Ntarla	2005	5	10	130	26.1	36.8	22.8	-999.9	4.5	2.0	97302.5	-999.9
Ntarla	2005	5	11	131	27.3	38.1	24.0	-999.9	0.0	1.8	97318.2	-999.9
Ntarla	2005	5	12	132	28.1	39.2	22.7	-999.9	0.0	2.3	97178.1	-999.9
Ntarla	2005	5	13	133	26.5	39.0	23.7	-999.9	0.0	3.1	97153.6	-999.9
Ntarla	2005	5	14	134	28.4	39.0	23.0	-999.9	0.0	2.4	97077.0	-999.9
Ntarla	2005	5	15	135	28.9	38.7	21.8	-999.9	0.0	2.1	96979.1	-999.9
Ntarla	2005	5	16	136	26.6	37.0	22.7	-999.9	4.8	2.4	96948.5	-999.9
Ntarla	2005	5	17	137	26.1	33.9	22.5	-999.9	3.2	2.0	96974.9	-999.9
Ntarla	2005	5	18	138	27.0	34.5	22.5	-999.9	1.6	2.0	97056.2	-999.9
Ntarla	2005	5	19	139	26.6	37.2	23.6	-999.9	0.0	2.0	96994.3	-999.9
Ntarla	2005	5	20	140	27.1	38.6	24.4	-999.9	0.0	2.3	96973.5	-999.9
Ntarla	2005	5	21	141	27.1	39.3	24.5	-999.9	4.2	2.2	97013.0	-999.9
Ntarla	2005	5	22	142	26.7	36.3	20.6	-999.9	2.1	2.4	97049.6	-999.9
Ntarla	2005	5	23	143	27.0	37.0	24.4	-999.9	0.0	2.2	97148.5	-999.9
Ntarla	2005	5	24	144	27.0	39.0	24.4	-999.9	2.1	2.2	97104.7	-999.9
Ntarla	2005	5	25	145	27.5	38.7	24.6	-999.9	4.2	2.2	97156.9	-999.9
Ntarla	2005	5	26	146	26.6	37.5	24.4	-999.9	1.7	3.0	97201.0	-999.9
Ntarla	2005	5	27	147	25.7	37.3	23.4	-999.9	0.0	3.1	97209.4	-999.9
Ntarla	2005	5	28	148	27.2	37.6	24.6	-999.9	0.0	2.4	97164.7	-999.9
Ntarla	2005	5	29	149	26.5	37.9	23.9	-999.9	0.0	2.8	97159.1	-999.9
Ntarla	2005	5	30	150	27.0	37.6	22.7	-999.9	3.4	2.6	97233.4	-999.9
Ntarla	2005	5	31	151	25.5	35.4	22.9	-999.9	0.0	2.7	97291.0	-999.9
Ntarla	2005	6	1	152	25.5	35.3	22.7	-999.9	5.1	2.0	97264.4	-999.9
Ntarla	2005	6	2	153	25.8	35.7	24.0	-999.9	0.0	1.7	97147.8	-999.9
Ntarla	2005	6	3	154	24.3	32.4	21.3	-999.9	10.3	1.9	97225.4	-999.9
Ntarla	2005	6	4	155	24.3	32.9	19.3	-999.9	20.5	1.6	97377.5	-999.9
Ntarla	2005	6	5	156	23.3	29.5	15.3	-999.9	0.0	1.7	97448.8	-999.9
Ntarla	2005	6	6	157	23.8	33.7	24.6	-999.9	0.0	2.3	97300.6	-999.9
Ntarla	2005	6	7	158	26.4	35.8	24.6	-999.9	0.0	2.7	97040.9	-999.9
Ntarla	2005	6	8	159	27.5	35.7	24.3	-999.9	0.0	3.4	97045.5	-999.9
Ntarla	2005	6	9	160	25.0	34.1	23.0	-999.9	0.0	2.8	97282.0	-999.9
Ntarla	2005	6	10	161	23.9	33.2	23.5	-999.9	0.0	2.3	97418.9	-999.9
Ntarla	2005	6	11	162	24.5	35.1	24.7	-999.9	3.4	1.7	97382.3	-999.9
Ntarla	2005	6	12	163	26.5	35.8	22.8	-999.9	6.9	2.1	97276.8	-999.9
Ntarla	2005	6	13	164	24.6	34.4	21.0	-999.9	0.0	2.3	97210.0	-999.9
Ntarla	2005	6	14	165	24.6	33.6	22.1	-999.9	0.0	2.3	97366.0	-999.9
Ntarla	2005	6	15	166	24.8	33.7	21.9	-999.9	3.4	1.4	97495.4	-999.9
Ntarla	2005	6	16	167	24.5	33.6	22.8	-999.9	0.0	1.6	97448.9	-999.9
Ntarla	2005	6	17	168	26.1	35.3	21.2	-999.9	0.0	3.3	97298.6	-999.9
Ntarla	2005	6	18	169	26.5	36.6	24.7	-999.9	0.0	3.3	97239.6	-999.9
Ntarla	2005	6	19	170	26.8	34.3	20.2	-999.9	11.2	2.7	97289.8	-999.9
Ntarla	2005	6	20	171	24.8	32.1	19.1	-999.9	5.6	2.3	97348.2	-999.9
Ntarla	2005	6	21	172	24.6	31.1	16.0	-999.9	6.5	1.8	97425.3	-999.9
Ntarla	2005	6	22	173	23.4	32.3	23.5	-999.9	0.0	1.5	97406.4	-999.9
Ntarla	2005	6	23	174	25.3	33.9	23.8	-999.9	0.0	1.9	97298.5	-999.9
Ntarla	2005	6	24	175	25.4	34.1	24.0	-999.9	0.0	2.8	97164.0	-999.9
Ntarla	2005	6	25	176	24.6	32.2	18.8	-999.9	13.0	2.9	97230.7	-999.9
Ntarla	2005	6	26	177	24.7	32.7	23.2	-999.9	0.0	1.9	97454.2	-999.9
Ntarla	2005	6	27	178	24.5	31.7	20.1	-999.9	0.0	1.4	97496.5	-999.9
Ntarla	2005	6	28	179	23.9	32.0	21.9	-999.9	0.0	1.8	97471.3	-999.9
Ntarla	2005	6	29	180	24.3	32.9	23.1	-999.9	0.0	1.8	97375.3	-999.9
Ntarla	2005	6	30	181	24.8	33.4	22.7	-999.9	11.6	2.0	97349.7	-999.9
Ntarla	2005	7	1	182	24.2	31.8	21.7	-999.9	5.0	2.0	97337.7	-999.9
Ntarla	2005	7	2	183	24.5	29.7	16.2	-999.9	20.1	1.9	97429.6	-999.9
Ntarla	2005	7	3	184	23.7	30.5	21.1	-999.9	5.0	2.1	97565.9	-999.9
Ntarla	2005	7	4	185	23.9	29.4	18.4	-999.9	0.0	2.0	97536.8	-999.9
Ntarla	2005	7	5	186	23.5	32.6	23.9	-999.9	0.0	1.7	97420.0	-999.9
Ntarla	2005	7	6	187	24.4	32.0	22.3	-999.9	0.0	2.9	97397.2	-999.9
Ntarla	2005	7	7	188	23.2	30.5	17.1	-999.9	0.0	2.6	97590.1	-999.9
Ntarla	2005	7	8	189	23.1	31.2	21.3	-999.9	6.7	1.6	97488.1	-999.9
Ntarla	2005	7	9	190	23.4	28.3	14.2	-999.9	20.2	1.7	97511.3	-999.9
Ntarla	2005	7	10	191	22.6	29.3	18.8	-999.9	0.0	2.4	97584.4	-999.9
Ntarla	2005	7	11	192	22.8	29.4	18.0	-999.9	0.0	1.9	97679.9	-999.9
Ntarla	2005	7	12	193	22.9	29.8	21.9	-999.9	6.8	1.7	97556.8	-999.9
Ntarla	2005	7	13	194	23.2	31.1	22.6	-999.9	0.0	2.1	97373.2	-999.9
Ntarla	2005	7	14	195	23.7	30.1	19.6	-999.9	13.5	2.1	97424.6	-999.9
Ntarla	2005	7	15	196	22.9	29.1	15.6	-999.9	0.0	1.8	97635.0	-999.9
Ntarla	2005	7	16	197	22.5	30.8	23.0	-999.9	0.0	1.5	97719.1	-999.9
Ntarla	2005	7	17	198	24.0	31.4	22.7	-999.9	10.7	2.2	97408.5	-999.9
Ntarla	2005	7	18	199	23.9	30.3	17.3	-999.9	21.3	2.6	97173.7	-999.9
Ntarla	2005	7	19	200	22.5	28.4	15.0	-999.9	10.7	1.7	97442.8	-999.9
Ntarla	2005	7	20	201	22.1	29.9	19.9	-999.9	0.0	1.5	97562.7	-999.9
Ntarla	2005	7	21	202	23.0	30.5	20.2	-999.9	3.5	1.5	97502.4	-999.9
Ntarla	2005	7	22	203	23.1	30.4	20.1	-999.9	0.0	1.7	97515.6	-999.9
Ntarla	2005	7	23	204	23.7	31.5	22.7	-999.9	0.0	1.5	97494.5	-999.9
Ntarla	2005	7	24	205	24.3	31.9	22.6	-999.9	1.7	1.5	97525.2	-999.9
Ntarla	2005	7	25	206	24.2	32.4	20.9	-999.9	5.2	1.8	97529.7	-999.9
Ntarla	2005	7	26	207	23.6	31.2	18.7	-999.9	0.0	2.1	97543.9	-999.9
Ntarla	2005	7	27	208	24.1	31.5	21.2	-999.9	0.0	2.6	97536.8	-999.9
Ntarla	2005	7	28	209	24.0	33.1	23.8	-999.9	0.0	2.8	97393.8	-999.9
Ntarla	2005	7	29	210	23.3	30.4	16.8	-999.9	17.5	3.1	97377.8	-999.9
Ntarla	2005	7	30	211	23.7	31.3	20.6	-999.9	0.0	2.4	97352.7	-999.9
Ntarla	2005	7	31	212	23.5	31.4	21.8	-999.9	5.8	2.1	97404.6	-999.9
Ntarla	2005	8	1	213	23.4	27.5	10.9	-999.9	0.0	1.9	97462.0	-999.9
Ntarla	2005	8	2	214	22.9	29.9	18.2	-999.9	10.9	2.1	97403.6	-999.9
Ntarla	2005	8	3	215	22.7	30.7	20.8	-999.9	21.8	1.6	97436.9	-999.9
Ntarla	2005	8	4	216	22.8	30.9	22.6	-999.9	21.8	1.4	97473.6	-999.9
Ntarla	2005	8	5	217	23.9	31.1	22.7	-999.9	10.9	2.0	97473.4	-999.9
Ntarla	2005	8	6	218	23.6	30.3	18.1	-999.9	0.0	2.6	97403.1	-999.9
Ntarla	2005	8	7	219	23.9	31.2	20.5	-999.9	0.0	2.4	97393.2	-999.9
Ntarla	2005	8	8	220	24.1	30.6	20.4	-999.9	26.7	2.5	97386.0	-999.9
Ntarla	2005	8	9	221	23.2	28.6	14.1	-999.9	0.0	1.9	97539.9	-999.9
Ntarla	2005	8	10	222	22.7	28.3	16.8	-999.9	0.0	1.3	97602.0	-999.9
Ntarla	2005	8	11	223	23.1	30.5	20.6	-999.9	8.6	1.8	97433.1	-999.9
Ntarla	2005	8	12	224	22.8	30.4	19.5	-999.9	8.6	1.8	97300.8	-999.9
Ntarla	2005	8	13	225	22.5	29.5	18.1	-999.9	4.3	1.4	97309.2	-999.9
Ntarla	2005	8	14	226	21.9	28.7	17.8	-999.9	0.0	2.3	97461.5	-999.9
Ntarla	2005	8	15	227	22.7	28.6	17.9	-999.9	0.0	2.9	97543.4	-999.9
Ntarla	2005	8	16	228	22.2	29.4	21.0	-999.9	29.2	2.1	97509.6	-999.9
Ntarla	2005	8	17	229	22.8	29.3	18.5	-999.9	0.0	1.7	97423.7	-999.9
Ntarla	2005	8	18	230	22.6	24.5	6.7	-999.9	29.2	1.4	97366.6	-999.9
Ntarla	2005	8	19	231	22.0	29.1	18.8	-999.9	0.0	1.8	97497.7	-999.9
Ntarla	2005	8	20	232	22.3	29.6	20.4	-999.9	9.7	1.5	97567.7	-999.9
Ntarla	2005	8	21	233	22.4	29.3	18.5	-999.9	0.0	1.7	97470.0	-999.9
Ntarla	2005	8	22	234	22.7	30.2	23.0	-999.9	11.4	1.7	97436.9	-999.9
Ntarla	2005	8	23	235	23.1	30.1	22.4	-999.9	34.1	1.5	97476.8	-999.9
Ntarla	2005	8	24	236	22.8	29.6	18.3	-999.9	11.4	1.7	97472.0	-999.9
Ntarla	2005	8	25	237	22.9	31.1	24.6	-999.9	0.0	1.8	97478.6	-999.9
Ntarla	2005	8	26	238	23.3	31.6	23.1	-999.9	21.3	1.9	97423.7	-999.9
Ntarla	2005	8	27	239	23.3	27.8	14.3	-999.9	0.0	1.5	97337.1	-999.9
Ntarla	2005	8	28	240	22.4	28.8	17.9	-999.9	7.1	1.4	97356.3	-999.9
Ntarla	2005	8	29	241	22.6	29.2	20.8	-999.9	7.1	1.8	97279.4	-999.9
Ntarla	2005	8	30	242	22.2	28.7	18.2	-999.9	0.0	1.9	97339.0	-999.9
Ntarla	2005	8	31	243	22.7	29.1	21.0	-999.9	0.0	2.0	97369.8	-999.9
Ntarla	2005	9	1	244	22.2	29.8	21.5	-999.9	0.0	2.3	97249.9	-999.9
Ntarla	2005	9	2	245	22.4	26.1	9.0	-999.9	62.0	2.1	97257.4	-999.9
Ntarla	2005	9	3	246	20.6	28.4	18.1	-999.9	0.0	2.1	97448.9	-999.9
Ntarla	2005	9	4	247	21.6	28.9	21.2	-999.9	0.0	1.4	97609.0	-999.9
Ntarla	2005	9	5	248	21.9	29.9	23.4	-999.9	0.0	2.0	97398.5	-999.9
Ntarla	2005	9	6	249	22.1	28.3	12.6	-999.9	18.9	1.8	97337.9	-999.9
Ntarla	2005	9	7	250	21.6	28.8	17.8	-999.9	4.7	2.2	97540.7	-999.9
Ntarla	2005	9	8	251	21.6	29.8	22.2	-999.9	0.0	1.5	97703.9	-999.9
Ntarla	2005	9	9	252	22.1	30.2	20.7	-999.9	0.0	1.4	97661.6	-999.9
Ntarla	2005	9	10	253	22.2	30.9	21.5	-999.9	0.0	2.3	97464.1	-999.9
Ntarla	2005	9	11	254	24.2	31.7	21.5	-999.9	0.0	2.4	97246.8	-999.9
Ntarla	2005	9	12	255	22.8	30.2	20.3	-999.9	20.8	2.3	97265.0	-999.9
Ntarla	2005	9	13	256	22.4	29.7	20.5	-999.9	0.0	1.5	97415.6	-999.9
Ntarla	2005	9	14	257	21.7	30.1	20.8	-999.9	0.0	1.2	97541.2	-999.9
Ntarla	2005	9	15	258	23.1	31.3	23.0	-999.9	0.0	1.5	97517.7	-999.9
Ntarla	2005	9	16	259	23.7	31.8	23.8	-999.9	0.0	1.5	97395.6	-999.9
Ntarla	2005	9	17	260	23.5	31.6	24.1	-999.9	5.5	1.8	97364.7	-999.9
Ntarla	2005	9	18	261	23.4	32.0	23.6	-999.9	0.0	1.8	97467.5	-999.9
Ntarla	2005	9	19	262	24.4	32.9	24.1	-999.9	0.0	2.2	97419.3	-999.9
Ntarla	2005	9	20	263	24.1	31.2	22.3	-999.9	0.0	2.2	97263.1	-999.9
Ntarla	2005	9	21	264	22.2	31.0	21.8	-999.9	0.0	2.0	97261.5	-999.9
Ntarla	2005	9	22	265	22.6	31.3	22.9	-999.9	0.0	1.4	97326.6	-999.9
Ntarla	2005	9	23	266	24.1	31.7	22.2	-999.9	3.5	1.2	97349.0	-999.9
Ntarla	2005	9	24	267	22.6	31.8	22.3	-999.9	7.0	1.2	97303.7	-999.9
Ntarla	2005	9	25	268	23.2	28.7	15.7	-999.9	10.5	1.7	97320.3	-999.9
Ntarla	2005	9	26	269	22.2	27.3	14.1	-999.9	0.0	2.2	97441.7	-999.9
Ntarla	2005	9	27	270	20.6	28.3	18.4	-999.9	0.0	1.3	97561.4	-999.9
Ntarla	2005	9	28	271	21.9	29.8	21.4	-999.9	0.0	0.9	97481.5	-999.9
Ntarla	2005	9	29	272	22.3	31.0	23.6	-999.9	0.0	1.3	97428.2	-999.9
Ntarla	2005	9	30	273	23.0	31.6	22.6	-999.9	0.0	2.2	97336.9	-999.9
Ntarla	2005	10	1	274	23.5	31.9	21.4	-999.9	7.5	2.2	97295.0	-999.9
Ntarla	2005	10	2	275	22.8	31.5	21.5	-999.9	0.0	2.1	97291.3	-999.9
Ntarla	2005	10	3	276	23.2	30.3	18.8	-999.9	11.3	2.2	97299.8	-999.9
Ntarla	2005	10	4	277	22.1	28.9	17.7	-999.9	3.8	2.2	97419.6	-999.9
Ntarla	2005	10	5	278	21.2	30.0	22.5	-999.9	0.0	1.6	97565.7	-999.9
Ntarla	2005	10	6	279	21.1	32.0	23.2	-999.9	0.0	1.6	97499.2	-999.9
Ntarla	2005	10	7	280	22.1	33.4	23.5	-999.9	0.0	1.6	97291.1	-999.9
Ntarla	2005	10	8	281	22.8	32.4	23.0	-999.9	0.0	2.0	97416.6	-999.9
Ntarla	2005	10	9	282	21.7	32.6	22.1	-999.9	0.0	1.6	97448.7	-999.9
Ntarla	2005	10	10	283	22.1	34.1	21.8	-999.9	0.0	1.7	97306.8	-999.9
Ntarla	2005	10	11	284	23.2	32.6	21.0	-999.9	0.0	1.9	97407.8	-999.9
Ntarla	2005	10	12	285	22.8	33.1	22.8	-999.9	5.6	1.5	97417.5	-999.9
Ntarla	2005	10	13	286	23.2	33.9	22.1	-999.9	0.0	1.8	97312.5	-999.9
Ntarla	2005	10	14	287	23.2	34.3	22.8	-999.9	0.0	1.9	97259.7	-999.9
Ntarla	2005	10	15	288	23.8	33.7	22.5	-999.9	0.0	1.7	97356.5	-999.9
Ntarla	2005	10	16	289	23.6	34.1	21.8	-999.9	6.1	1.3	97292.6	-999.9
Ntarla	2005	10	17	290	22.2	33.6	21.9	-999.9	0.0	1.2	97260.1	-999.9
Ntarla	2005	10	18	291	23.0	34.1	20.9	-999.9	3.0	1.6	97251.8	-999.9
Ntarla	2005	10	19	292	22.2	33.4	21.1	-999.9	0.0	1.5	97428.5	-999.9
Ntarla	2005	10	20	293	22.8	34.5	20.6	-999.9	0.0	1.5	97372.9	-999.9
Ntarla	2005	10	21	294	22.3	34.2	20.3	-999.9	0.0	1.7	97194.4	-999.9
Ntarla	2005	10	22	295	23.4	34.1	20.5	-999.9	0.0	1.8	97198.0	-999.9
Ntarla	2005	10	23	296	23.7	32.5	18.8	-999.9	9.2	1.7	97322.7	-999.9
Ntarla	2005	10	24	297	22.7	34.3	19.7	-999.9	0.0	1.4	97347.0	-999.9
Ntarla	2005	10	25	298	21.1	34.3	22.6	-999.9	0.0	1.4	97297.3	-999.9
Ntarla	2005	10	26	299	19.5	34.7	23.0	-999.9	0.0	1.5	97234.0	-999.9
Ntarla	2005	10	27	300	20.1	34.8	22.4	-999.9	0.0	1.6	97293.7	-999.9
Ntarla	2005	10	28	301	18.9	33.9	22.5	-999.9	0.0	1.6	97386.1	-999.9
Ntarla	2005	10	29	302	22.1	32.9	20.4	-999.9	0.0	1.6	97474.7	-999.9
Ntarla	2005	10	30	303	22.0	34.3	19.7	-999.9	0.0	1.5	97466.0	-999.9
Ntarla	2005	10	31	304	18.7	34.5	22.9	-999.9	0.0	1.5	97452.2	-999.9
Ntarla	2005	11	1	305	18.2	33.7	21.2	-999.9	0.0	1.4	97496.2	-999.9
Ntarla	2005	11	2	306	21.9	32.5	19.4	-999.9	0.0	1.4	97550.4	-999.9
Ntarla	2005	11	3	307	21.9	33.6	19.2	-999.9	0.0	1.2	97482.5	-999.9
Ntarla	2005	11	4	308	20.8	34.7	22.2	-999.9	0.0	1.6	97391.7	-999.9
Ntarla	2005	11	5	309	20.0	33.8	20.8	-999.9	0.0	1.5	97350.8	-999.9
Ntarla	2005	11	6	310	22.5	32.3	18.1	-999.9	0.0	1.4	97395.7	-999.9
Ntarla	2005	11	7	311	20.5	34.6	21.6	-999.9	0.0	2.3	97404.4	-999.9
Ntarla	2005	11	8	312	21.4	33.8	22.1	-999.9	0.0	2.5	97432.2	-999.9
Ntarla	2005	11	9	313	19.3	33.8	22.1	-999.9	0.0	2.0	97388.2	-999.9
Ntarla	2005	11	10	314	19.2	34.2	21.8	-999.9	0.0	2.0	97326.8	-999.9
Ntarla	2005	11	11	315	19.0	34.2	21.7	-999.9	0.0	1.9	97264.0	-999.9
Ntarla	2005	11	12	316	19.4	34.3	21.5	-999.9	0.0	1.8	97226.2	-999.9
Ntarla	2005	11	13	317	17.9	33.9	21.8	-999.9	0.0	1.7	97210.0	-999.9
Ntarla	2005	11	14	318	17.8	33.8	21.7	-999.9	0.0	1.7	97246.4	-999.9
Ntarla	2005	11	15	319	17.9	33.9	21.5	-999.9	0.0	1.9	97266.3	-999.9
Ntarla	2005	11	16	320	16.4	33.6	21.6	-999.9	0.0	1.8	97230.4	-999.9
Ntarla	2005	11	17	321	17.9	33.8	21.2	-999.9	0.0	2.0	97200.9	-999.9
Ntarla	2005	11	18	322	17.6	33.3	21.4	-999.9	0.0	1.6	97202.0	-999.9
Ntarla	2005	11	19	323	17.5	33.8	21.2	-999.9	0.0	1.5	97199.8	-999.9
Ntarla	2005	11	20	324	17.5	33.3	20.9	-999.9	0.0	1.6	97222.4	-999.9
Ntarla	2005	11	21	325	19.4	34.1	20.8	-999.9	0.0	1.9	97178.1	-999.9
Ntarla	2005	11	22	326	17.7	34.2	21.2	-999.9	0.0	1.6	97130.2	-999.9
Ntarla	2005	11	23	327	17.6	34.3	21.1	-999.9	0.0	1.7	97151.5	-999.9
Ntarla	2005	11	24	328	17.4	33.9	21.3	-999.9	0.0	1.7	97196.7	-999.9
Ntarla	2005	11	25	329	16.9	34.3	21.2	-999.9	0.0	1.4	97097.1	-999.9
Ntarla	2005	11	26	330	18.0	33.9	21.0	-999.9	0.0	1.7	97108.2	-999.9
Ntarla	2005	11	27	331	18.4	33.4	19.9	-999.9	0.0	1.4	97145.1	-999.9
Ntarla	2005	11	28	332	18.8	33.6	19.6	-999.9	0.0	1.6	97143.2	-999.9
Ntarla	2005	11	29	333	20.0	34.2	20.7	-999.9	0.0	1.9	97233.2	-999.9
Ntarla	2005	11	30	334	19.9	34.0	20.6	-999.9	0.0	1.4	97143.2	-999.9
Ntarla	2005	12	1	335	18.6	33.3	20.6	-999.9	0.0	2.1	97076.6	-999.9
Ntarla	2005	12	2	336	19.8	32.9	20.5	-999.9	0.0	2.3	97228.7	-999.9
Ntarla	2005	12	3	337	20.0	33.9	20.6	-999.9	0.0	2.3	97247.6	-999.9
Ntarla	2005	12	4	338	18.8	33.8	20.9	-999.9	0.0	2.3	97235.2	-999.9
Ntarla	2005	12	5	339	19.0	33.4	20.8	-999.9	0.0	2.3	97112.9	-999.9
Ntarla	2005	12	6	340	18.4	32.9	20.6	-999.9	0.0	2.0	96993.1	-999.9
Ntarla	2005	12	7	341	17.4	33.4	20.4	-999.9	0.0	1.9	97058.3	-999.9
Ntarla	2005	12	8	342	17.9	32.8	20.1	-999.9	0.0	1.6	97248.4	-999.9
Ntarla	2005	12	9	343	17.1	33.2	20.5	-999.9	0.0	2.1	97285.4	-999.9
Ntarla	2005	12	10	344	16.3	32.6	20.2	-999.9	0.0	1.9	97207.7	-999.9
Ntarla	2005	12	11	345	16.0	32.7	20.3	-999.9	0.0	1.8	97252.4	-999.9
Ntarla	2005	12	12	346	17.1	33.4	20.3	-999.9	0.0	2.0	97276.9	-999.9
Ntarla	2005	12	13	347	18.8	33.3	20.1	-999.9	0.0	2.4	97262.7	-999.9
Ntarla	2005	12	14	348	19.2	32.5	20.0	-999.9	0.0	2.2	97247.8	-999.9
Ntarla	2005	12	15	349	17.8	32.2	20.1	-999.9	0.0	2.1	97281.8	-999.9
Ntarla	2005	12	16	350	17.8	32.4	20.2	-999.9	0.0	2.1	97357.6	-999.9
Ntarla	2005	12	17	351	17.3	32.4	20.4	-999.9	0.0	2.1	97423.4	-999.9
Ntarla	2005	12	18	352	18.1	33.9	20.4	-999.9	0.0	2.8	97360.2	-999.9
Ntarla	2005	12	19	353	19.9	32.4	20.3	-999.9	0.0	2.9	97388.6	-999.9
Ntarla	2005	12	20	354	18.3	31.3	20.2	-999.9	0.0	2.5	97369.1	-999.9
Ntarla	2005	12	21	355	17.4	31.3	20.2	-999.9	0.0	2.0	97322.9	-999.9
Ntarla	2005	12	22	356	16.7	32.4	20.2	-999.9	0.0	2.0	97375.6	-999.9
Ntarla	2005	12	23	357	18.2	32.7	20.4	-999.9	0.0	2.6	97502.9	-999.9
Ntarla	2005	12	24	358	18.9	32.6	20.2	-999.9	0.0	2.5	97487.5	-999.9
Ntarla	2005	12	25	359	19.2	32.4	20.0	-999.9	0.0	2.7	97480.4	-999.9
Ntarla	2005	12	26	360	19.2	32.7	20.2	-999.9	0.0	2.6	97485.4	-999.9
Ntarla	2005	12	27	361	18.2	32.1	19.9	-999.9	0.0	2.1	97408.5	-999.9
Ntarla	2005	12	28	362	17.4	32.0	20.3	-999.9	0.0	2.1	97284.5	-999.9
Ntarla	2005	12	29	363	15.7	32.5	19.9	-999.9	0.0	1.8	97294.0	-999.9
Ntarla	2005	12	30	364	18.1	29.7	20.0	-999.9	0.0	3.1	97423.2	-999.9
Ntarla	2005	12	31	365	16.0	28.9	20.3	-999.9	0.0	2.6	97452.5	-999.9
