Ntarla	1997	1	1	1	18.9	34.0	19.7	-999.9	0.0	2.1	97287.4	-999.9
Ntarla	1997	1	2	2	19.1	34.5	20.3	-999.9	0.0	2.8	97409.6	-999.9
Ntarla	1997	1	3	3	20.6	35.0	20.0	-999.9	0.0	3.0	97358.6	-999.9
Ntarla	1997	1	4	4	20.1	34.1	20.6	-999.9	0.0	2.5	97271.0	-999.9
Ntarla	1997	1	5	5	19.8	35.1	20.3	-999.9	0.0	2.2	97186.8	-999.9
Ntarla	1997	1	6	6	19.1	34.6	20.5	-999.9	0.0	2.2	97180.4	-999.9
Ntarla	1997	1	7	7	17.5	35.2	20.3	-999.9	0.0	2.0	97274.1	-999.9
Ntarla	1997	1	8	8	20.0	34.8	19.9	-999.9	0.0	2.5	97332.8	-999.9
Ntarla	1997	1	9	9	20.9	34.1	20.5	-999.9	0.0	2.7	97329.6	-999.9
Ntarla	1997	1	10	10	18.7	33.5	20.6	-999.9	0.0	2.1	97325.6	-999.9
Ntarla	1997	1	11	11	18.0	34.0	20.6	-999.9	0.0	1.9	97281.9	-999.9
Ntarla	1997	1	12	12	19.1	34.1	20.6	-999.9	0.1	2.1	97305.2	-999.9
Ntarla	1997	1	13	13	19.8	34.8	20.6	-999.9	0.0	2.0	97318.0	-999.9
Ntarla	1997	1	14	14	19.5	34.7	20.5	-999.9	0.0	1.8	97322.7	-999.9
Ntarla	1997	1	15	15	18.8	35.4	20.6	-999.9	0.0	1.9	97307.8	-999.9
Ntarla	1997	1	16	16	19.3	35.5	20.8	-999.9	0.0	1.9	97331.0	-999.9
Ntarla	1997	1	17	17	21.4	34.2	20.9	-999.9	0.0	3.0	97418.2	-999.9
Ntarla	1997	1	18	18	19.6	34.1	21.2	-999.9	0.0	2.9	97395.8	-999.9
Ntarla	1997	1	19	19	18.5	34.1	21.4	-999.9	0.0	2.2	97363.0	-999.9
Ntarla	1997	1	20	20	16.1	34.7	21.4	-999.9	0.0	1.7	97196.0	-999.9
Ntarla	1997	1	21	21	19.5	34.4	19.6	-999.9	0.1	2.7	97148.8	-999.9
Ntarla	1997	1	22	22	23.4	32.9	16.7	-999.9	0.0	1.9	97369.1	-999.9
Ntarla	1997	1	23	23	20.9	31.9	20.7	-999.9	0.0	3.1	97455.7	-999.9
Ntarla	1997	1	24	24	19.6	31.7	20.9	-999.9	0.0	2.7	97493.7	-999.9
Ntarla	1997	1	25	25	18.1	32.0	21.1	-999.9	0.0	2.2	97389.8	-999.9
Ntarla	1997	1	26	26	17.8	32.4	21.5	-999.9	0.0	2.3	97315.5	-999.9
Ntarla	1997	1	27	27	17.1	32.4	22.1	-999.9	0.0	2.4	97371.7	-999.9
Ntarla	1997	1	28	28	16.3	32.0	22.1	-999.9	0.0	2.5	97463.7	-999.9
Ntarla	1997	1	29	29	16.2	32.6	22.1	-999.9	0.0	2.6	97482.0	-999.9
Ntarla	1997	1	30	30	18.7	32.4	22.2	-999.9	0.0	3.2	97463.8	-999.9
Ntarla	1997	1	31	31	18.3	31.5	22.2	-999.9	0.0	3.3	97563.3	-999.9
Ntarla	1997	2	1	32	17.0	31.0	22.3	-999.9	0.0	2.9	97523.1	-999.9
Ntarla	1997	2	2	33	16.3	31.3	22.4	-999.9	0.0	2.6	97452.7	-999.9
Ntarla	1997	2	3	34	16.8	32.2	22.3	-999.9	0.0	2.4	97394.5	-999.9
Ntarla	1997	2	4	35	17.7	33.6	22.2	-999.9	0.0	2.5	97369.3	-999.9
Ntarla	1997	2	5	36	18.5	33.9	22.3	-999.9	0.0	2.6	97441.2	-999.9
Ntarla	1997	2	6	37	18.6	33.7	22.4	-999.9	0.0	2.8	97493.8	-999.9
Ntarla	1997	2	7	38	18.6	34.0	22.5	-999.9	0.0	2.7	97466.9	-999.9
Ntarla	1997	2	8	39	18.8	34.6	22.7	-999.9	0.0	2.9	97438.0	-999.9
Ntarla	1997	2	9	40	18.8	33.2	22.8	-999.9	0.0	2.9	97523.4	-999.9
Ntarla	1997	2	10	41	17.7	33.7	23.0	-999.9	0.0	2.8	97477.5	-999.9
Ntarla	1997	2	11	42	18.4	33.9	23.2	-999.9	0.0	2.9	97500.1	-999.9
Ntarla	1997	2	12	43	18.9	33.7	23.1	-999.9	0.0	3.3	97616.3	-999.9
Ntarla	1997	2	13	44	18.8	33.3	23.1	-999.9	0.0	3.4	97697.9	-999.9
Ntarla	1997	2	14	45	17.8	32.9	23.1	-999.9	0.0	3.0	97656.5	-999.9
Ntarla	1997	2	15	46	18.1	32.2	23.1	-999.9	0.0	2.6	97539.0	-999.9
Ntarla	1997	2	16	47	16.7	32.3	23.2	-999.9	0.0	2.3	97498.0	-999.9
Ntarla	1997	2	17	48	17.0	32.9	23.4	-999.9	0.0	2.3	97509.7	-999.9
Ntarla	1997	2	18	49	17.9	33.6	23.4	-999.9	0.0	2.4	97513.4	-999.9
Ntarla	1997	2	19	50	18.8	34.6	23.6	-999.9	0.0	2.8	97499.0	-999.9
Ntarla	1997	2	20	51	19.0	34.4	23.8	-999.9	0.0	3.0	97508.1	-999.9
Ntarla	1997	2	21	52	18.7	33.9	23.8	-999.9	0.0	2.8	97592.4	-999.9
Ntarla	1997	2	22	53	18.6	33.6	23.8	-999.9	0.0	2.7	97630.1	-999.9
Ntarla	1997	2	23	54	18.7	34.3	23.8	-999.9	0.0	2.2	97456.4	-999.9
Ntarla	1997	2	24	55	18.1	35.7	23.8	-999.9	0.0	1.7	97306.9	-999.9
Ntarla	1997	2	25	56	18.6	36.6	23.8	-999.9	0.0	1.9	97254.7	-999.9
Ntarla	1997	2	26	57	21.0	35.5	23.9	-999.9	0.0	2.7	97219.3	-999.9
Ntarla	1997	2	27	58	20.5	34.8	24.1	-999.9	0.0	2.7	97211.1	-999.9
Ntarla	1997	2	28	59	20.4	35.3	22.0	-999.9	0.0	2.4	97239.9	-999.9
Ntarla	1997	3	1	60	20.7	36.3	23.3	-999.9	0.0	2.5	97253.0	-999.9
Ntarla	1997	3	2	61	21.3	36.4	24.2	-999.9	0.0	2.7	97291.2	-999.9
Ntarla	1997	3	3	62	22.2	35.6	24.0	-999.9	0.0	2.9	97376.6	-999.9
Ntarla	1997	3	4	63	20.0	34.0	24.5	-999.9	0.0	2.7	97461.4	-999.9
Ntarla	1997	3	5	64	18.6	33.2	24.9	-999.9	0.0	2.7	97470.9	-999.9
Ntarla	1997	3	6	65	18.6	33.5	24.9	-999.9	0.0	2.9	97460.1	-999.9
Ntarla	1997	3	7	66	18.4	33.9	24.9	-999.9	0.0	2.6	97424.4	-999.9
Ntarla	1997	3	8	67	19.0	35.5	24.6	-999.9	0.0	2.3	97340.3	-999.9
Ntarla	1997	3	9	68	19.9	36.3	24.8	-999.9	0.0	2.4	97234.7	-999.9
Ntarla	1997	3	10	69	21.3	35.9	23.7	-999.9	0.0	2.7	97234.0	-999.9
Ntarla	1997	3	11	70	21.3	35.2	21.9	-999.9	0.0	2.9	97305.3	-999.9
Ntarla	1997	3	12	71	22.7	34.7	23.8	-999.9	0.0	3.2	97424.9	-999.9
Ntarla	1997	3	13	72	20.6	34.3	24.7	-999.9	0.0	3.2	97484.6	-999.9
Ntarla	1997	3	14	73	19.9	33.5	24.9	-999.9	0.0	3.1	97441.8	-999.9
Ntarla	1997	3	15	74	18.5	33.8	25.0	-999.9	2.1	2.9	97333.2	-999.9
Ntarla	1997	3	16	75	19.3	34.8	23.0	-999.9	0.0	2.6	97265.4	-999.9
Ntarla	1997	3	17	76	19.5	34.6	23.5	-999.9	0.0	2.8	97334.8	-999.9
Ntarla	1997	3	18	77	21.4	35.0	24.9	-999.9	0.0	3.1	97297.4	-999.9
Ntarla	1997	3	19	78	21.8	35.9	22.8	-999.9	0.0	2.7	97211.9	-999.9
Ntarla	1997	3	20	79	22.2	37.3	24.6	-999.9	0.0	2.5	97122.1	-999.9
Ntarla	1997	3	21	80	23.7	38.3	25.1	-999.9	0.0	2.3	96991.5	-999.9
Ntarla	1997	3	22	81	22.8	38.8	25.0	-999.9	0.0	2.1	96941.4	-999.9
Ntarla	1997	3	23	82	23.0	38.1	22.9	-999.9	0.0	1.9	96906.9	-999.9
Ntarla	1997	3	24	83	25.4	35.9	21.4	-999.9	0.0	3.1	96916.4	-999.9
Ntarla	1997	3	25	84	22.5	35.7	24.6	-999.9	0.0	2.2	96981.8	-999.9
Ntarla	1997	3	26	85	22.5	36.9	24.6	-999.9	0.0	1.7	97004.5	-999.9
Ntarla	1997	3	27	86	24.5	37.7	23.3	-999.9	0.0	2.0	97016.4	-999.9
Ntarla	1997	3	28	87	25.7	38.5	24.6	-999.9	0.0	2.1	97061.8	-999.9
Ntarla	1997	3	29	88	25.6	38.8	25.4	-999.9	0.0	2.0	96954.0	-999.9
Ntarla	1997	3	30	89	23.5	37.7	25.4	-999.9	0.0	2.1	97038.7	-999.9
Ntarla	1997	3	31	90	23.6	38.0	24.0	-999.9	0.0	1.4	97129.4	-999.9
Ntarla	1997	4	1	91	26.1	37.6	22.3	-999.9	0.0	2.1	97116.0	-999.9
Ntarla	1997	4	2	92	27.1	35.4	19.3	-999.9	4.7	1.9	97203.1	-999.9
Ntarla	1997	4	3	93	27.6	35.0	19.8	-999.9	0.0	2.0	97160.2	-999.9
Ntarla	1997	4	4	94	24.8	36.2	20.9	-999.9	0.0	1.8	97228.3	-999.9
Ntarla	1997	4	5	95	22.9	32.8	21.2	-999.9	9.4	1.8	97438.1	-999.9
Ntarla	1997	4	6	96	23.6	35.2	24.1	-999.9	0.0	1.7	97332.5	-999.9
Ntarla	1997	4	7	97	23.8	37.4	25.5	-999.9	0.0	2.1	97173.9	-999.9
Ntarla	1997	4	8	98	21.9	37.2	24.9	-999.9	0.0	2.3	97041.9	-999.9
Ntarla	1997	4	9	99	25.6	36.2	22.3	-999.9	6.3	1.8	97085.7	-999.9
Ntarla	1997	4	10	100	23.4	35.2	22.9	-999.9	6.3	1.5	97270.5	-999.9
Ntarla	1997	4	11	101	24.8	32.4	20.5	-999.9	4.3	2.1	97383.8	-999.9
Ntarla	1997	4	12	102	24.0	33.8	17.5	-999.9	0.0	1.9	97259.9	-999.9
Ntarla	1997	4	13	103	22.9	36.5	24.1	-999.9	0.0	1.6	97148.6	-999.9
Ntarla	1997	4	14	104	25.8	37.3	21.0	-999.9	0.0	1.7	97147.1	-999.9
Ntarla	1997	4	15	105	26.0	37.5	20.2	-999.9	0.0	1.9	97161.4	-999.9
Ntarla	1997	4	16	106	26.1	38.2	23.3	-999.9	0.0	2.0	97135.0	-999.9
Ntarla	1997	4	17	107	26.0	38.7	21.8	-999.9	2.4	2.8	97021.0	-999.9
Ntarla	1997	4	18	108	26.0	37.1	23.5	-999.9	0.0	2.9	97141.5	-999.9
Ntarla	1997	4	19	109	26.5	38.4	22.6	-999.9	0.0	2.0	97110.0	-999.9
Ntarla	1997	4	20	110	25.6	38.7	22.4	-999.9	11.8	2.4	97145.5	-999.9
Ntarla	1997	4	21	111	26.6	34.5	20.2	-999.9	0.0	2.1	97134.0	-999.9
Ntarla	1997	4	22	112	24.8	34.5	20.8	-999.9	6.7	1.5	97179.0	-999.9
Ntarla	1997	4	23	113	23.8	34.6	23.3	-999.9	0.0	1.8	97247.5	-999.9
Ntarla	1997	4	24	114	24.9	36.6	23.0	-999.9	0.0	1.2	97204.1	-999.9
Ntarla	1997	4	25	115	24.6	39.4	24.7	-999.9	0.0	1.5	97118.6	-999.9
Ntarla	1997	4	26	116	24.8	39.4	26.3	-999.9	0.0	1.5	97055.2	-999.9
Ntarla	1997	4	27	117	22.4	39.2	26.2	-999.9	0.0	1.4	97115.6	-999.9
Ntarla	1997	4	28	118	25.5	37.7	24.6	-999.9	0.0	1.7	97254.0	-999.9
Ntarla	1997	4	29	119	21.5	37.4	27.0	-999.9	0.0	1.9	97202.3	-999.9
Ntarla	1997	4	30	120	20.4	37.3	27.2	-999.9	0.0	1.5	97085.9	-999.9
Ntarla	1997	5	1	121	23.3	38.0	26.4	-999.9	0.0	1.7	97145.9	-999.9
Ntarla	1997	5	2	122	25.0	38.0	24.4	-999.9	0.0	1.6	97274.8	-999.9
Ntarla	1997	5	3	123	26.5	38.6	24.6	-999.9	0.0	2.0	97308.4	-999.9
Ntarla	1997	5	4	124	25.2	38.8	25.7	-999.9	0.0	1.8	97184.6	-999.9
Ntarla	1997	5	5	125	27.5	37.2	22.8	-999.9	3.2	2.1	97169.1	-999.9
Ntarla	1997	5	6	126	26.0	36.0	23.0	-999.9	3.2	2.0	97319.4	-999.9
Ntarla	1997	5	7	127	25.1	31.3	18.6	-999.9	3.2	1.3	97447.1	-999.9
Ntarla	1997	5	8	128	24.7	30.7	18.4	-999.9	0.0	1.3	97477.5	-999.9
Ntarla	1997	5	9	129	25.4	32.5	20.4	-999.9	12.8	1.7	97457.8	-999.9
Ntarla	1997	5	10	130	26.0	34.2	23.6	-999.9	3.2	1.8	97320.4	-999.9
Ntarla	1997	5	11	131	26.5	35.4	24.6	-999.9	0.0	2.0	97259.2	-999.9
Ntarla	1997	5	12	132	26.0	37.1	25.3	-999.9	0.0	1.7	97169.0	-999.9
Ntarla	1997	5	13	133	25.1	36.7	23.9	-999.9	4.3	2.4	97241.8	-999.9
Ntarla	1997	5	14	134	25.9	36.7	23.8	-999.9	0.0	2.0	97288.8	-999.9
Ntarla	1997	5	15	135	24.2	35.9	22.7	-999.9	12.9	1.5	97387.7	-999.9
Ntarla	1997	5	16	136	24.5	36.4	22.5	-999.9	0.0	1.9	97400.1	-999.9
Ntarla	1997	5	17	137	25.0	34.9	22.6	-999.9	0.0	1.2	97379.1	-999.9
Ntarla	1997	5	18	138	24.9	37.3	23.6	-999.9	0.0	1.7	97265.9	-999.9
Ntarla	1997	5	19	139	25.7	35.9	23.0	-999.9	0.0	2.0	97235.3	-999.9
Ntarla	1997	5	20	140	26.6	37.3	22.3	-999.9	7.4	2.3	97266.9	-999.9
Ntarla	1997	5	21	141	24.4	36.2	22.9	-999.9	0.0	1.8	97323.7	-999.9
Ntarla	1997	5	22	142	25.5	38.3	24.7	-999.9	0.0	2.1	97224.2	-999.9
Ntarla	1997	5	23	143	25.6	38.2	24.5	-999.9	3.6	2.8	97191.2	-999.9
Ntarla	1997	5	24	144	26.4	36.5	23.6	-999.9	0.0	2.0	97205.6	-999.9
Ntarla	1997	5	25	145	26.9	37.7	23.5	-999.9	4.1	1.9	97198.0	-999.9
Ntarla	1997	5	26	146	26.7	35.9	20.6	-999.9	0.0	2.2	97308.2	-999.9
Ntarla	1997	5	27	147	26.2	36.8	23.3	-999.9	0.0	3.1	97259.7	-999.9
Ntarla	1997	5	28	148	27.0	37.5	23.8	-999.9	4.1	2.5	97198.4	-999.9
Ntarla	1997	5	29	149	25.0	34.3	23.1	-999.9	0.0	2.0	97327.0	-999.9
Ntarla	1997	5	30	150	24.0	34.6	23.2	-999.9	4.1	1.9	97390.9	-999.9
Ntarla	1997	5	31	151	25.1	35.0	23.5	-999.9	8.2	1.7	97325.2	-999.9
Ntarla	1997	6	1	152	24.2	33.3	22.1	-999.9	9.5	2.0	97320.3	-999.9
Ntarla	1997	6	2	153	25.4	33.5	23.1	-999.9	0.0	1.9	97383.6	-999.9
Ntarla	1997	6	3	154	25.7	33.7	21.9	-999.9	9.5	1.7	97386.5	-999.9
Ntarla	1997	6	4	155	24.8	33.7	22.3	-999.9	0.0	1.7	97380.6	-999.9
Ntarla	1997	6	5	156	24.4	33.7	21.2	-999.9	10.8	1.9	97411.6	-999.9
Ntarla	1997	6	6	157	24.0	33.5	23.7	-999.9	0.0	1.5	97350.7	-999.9
Ntarla	1997	6	7	158	25.1	35.9	24.2	-999.9	0.0	1.9	97214.8	-999.9
Ntarla	1997	6	8	159	25.2	36.6	23.3	-999.9	9.7	2.1	97236.8	-999.9
Ntarla	1997	6	9	160	26.4	36.6	23.0	-999.9	0.0	2.1	97245.2	-999.9
Ntarla	1997	6	10	161	24.5	36.4	22.0	-999.9	19.5	2.6	97220.1	-999.9
Ntarla	1997	6	11	162	26.1	33.5	19.5	-999.9	3.7	2.5	97230.5	-999.9
Ntarla	1997	6	12	163	23.6	33.7	21.6	-999.9	3.7	2.0	97364.5	-999.9
Ntarla	1997	6	13	164	23.3	31.3	21.0	-999.9	7.4	1.8	97483.6	-999.9
Ntarla	1997	6	14	165	23.1	31.8	23.7	-999.9	0.0	1.5	97451.8	-999.9
Ntarla	1997	6	15	166	23.0	31.1	21.1	-999.9	0.0	1.8	97425.1	-999.9
Ntarla	1997	6	16	167	22.9	32.9	24.4	-999.9	0.0	2.1	97432.8	-999.9
Ntarla	1997	6	17	168	24.6	32.8	23.4	-999.9	10.0	1.8	97546.9	-999.9
Ntarla	1997	6	18	169	23.7	33.0	24.3	-999.9	0.0	1.6	97542.0	-999.9
Ntarla	1997	6	19	170	25.0	35.2	24.3	-999.9	0.0	2.4	97347.0	-999.9
Ntarla	1997	6	20	171	25.2	35.4	22.7	-999.9	0.0	3.0	97203.6	-999.9
Ntarla	1997	6	21	172	25.0	35.2	23.9	-999.9	0.0	2.2	97349.8	-999.9
Ntarla	1997	6	22	173	25.9	36.4	23.5	-999.9	7.0	1.6	97255.6	-999.9
Ntarla	1997	6	23	174	24.8	34.5	20.5	-999.9	4.0	2.4	97179.5	-999.9
Ntarla	1997	6	24	175	24.1	32.1	18.2	-999.9	3.5	2.3	97228.4	-999.9
Ntarla	1997	6	25	176	23.3	30.4	20.3	-999.9	7.0	2.0	97331.4	-999.9
Ntarla	1997	6	26	177	23.8	32.5	23.2	-999.9	0.0	1.8	97299.5	-999.9
Ntarla	1997	6	27	178	24.5	31.8	21.6	-999.9	9.6	1.6	97323.4	-999.9
Ntarla	1997	6	28	179	24.1	30.0	16.4	-999.9	9.6	1.6	97386.0	-999.9
Ntarla	1997	6	29	180	23.9	31.2	18.5	-999.9	0.0	1.7	97377.6	-999.9
Ntarla	1997	6	30	181	23.2	32.5	22.6	-999.9	0.0	2.3	97375.6	-999.9
Ntarla	1997	7	1	182	24.8	33.9	23.6	-999.9	0.0	2.9	97326.6	-999.9
Ntarla	1997	7	2	183	25.1	34.1	21.0	-999.9	8.1	3.1	97297.9	-999.9
Ntarla	1997	7	3	184	24.1	31.4	16.1	-999.9	8.1	2.3	97399.0	-999.9
Ntarla	1997	7	4	185	24.4	33.2	20.4	-999.9	0.0	2.4	97331.5	-999.9
Ntarla	1997	7	5	186	25.4	32.7	21.0	-999.9	0.0	3.3	97200.4	-999.9
Ntarla	1997	7	6	187	23.0	31.6	19.5	-999.9	0.0	2.8	97391.1	-999.9
Ntarla	1997	7	7	188	23.4	33.6	23.9	-999.9	0.0	2.4	97476.3	-999.9
Ntarla	1997	7	8	189	24.1	33.6	22.7	-999.9	0.0	1.6	97537.7	-999.9
Ntarla	1997	7	9	190	24.4	32.9	21.8	-999.9	0.0	1.9	97481.8	-999.9
Ntarla	1997	7	10	191	24.5	34.5	23.3	-999.9	7.9	1.7	97461.4	-999.9
Ntarla	1997	7	11	192	24.3	31.4	18.4	-999.9	4.1	1.7	97518.6	-999.9
Ntarla	1997	7	12	193	23.6	32.3	22.3	-999.9	0.0	1.9	97434.1	-999.9
Ntarla	1997	7	13	194	25.4	34.4	23.1	-999.9	0.0	2.0	97338.1	-999.9
Ntarla	1997	7	14	195	23.9	32.1	19.7	-999.9	12.3	2.2	97448.6	-999.9
Ntarla	1997	7	15	196	23.1	30.6	20.2	-999.9	4.1	2.1	97498.9	-999.9
Ntarla	1997	7	16	197	23.9	31.7	23.6	-999.9	0.0	2.2	97403.0	-999.9
Ntarla	1997	7	17	198	23.9	32.1	19.7	-999.9	0.0	2.4	97322.7	-999.9
Ntarla	1997	7	18	199	23.1	30.9	21.8	-999.9	27.1	2.3	97464.1	-999.9
Ntarla	1997	7	19	200	23.1	29.3	15.0	-999.9	0.0	2.1	97708.8	-999.9
Ntarla	1997	7	20	201	23.1	32.4	22.7	-999.9	0.0	1.8	97653.5	-999.9
Ntarla	1997	7	21	202	23.4	27.7	12.5	-999.9	25.8	2.2	97668.0	-999.9
Ntarla	1997	7	22	203	23.3	29.2	15.8	-999.9	8.6	1.9	97664.2	-999.9
Ntarla	1997	7	23	204	22.9	30.6	22.2	-999.9	17.2	1.4	97689.6	-999.9
Ntarla	1997	7	24	205	23.2	31.3	22.1	-999.9	25.8	1.5	97653.8	-999.9
Ntarla	1997	7	25	206	23.0	31.6	21.9	-999.9	0.0	1.5	97625.2	-999.9
Ntarla	1997	7	26	207	23.5	32.7	23.8	-999.9	0.0	1.7	97556.4	-999.9
Ntarla	1997	7	27	208	24.0	33.1	23.8	-999.9	8.4	2.4	97452.2	-999.9
Ntarla	1997	7	28	209	25.0	32.8	21.8	-999.9	8.4	2.3	97472.3	-999.9
Ntarla	1997	7	29	210	24.1	32.0	22.5	-999.9	0.0	2.4	97539.2	-999.9
Ntarla	1997	7	30	211	25.2	32.6	19.0	-999.9	25.3	2.6	97392.8	-999.9
Ntarla	1997	7	31	212	23.6	28.6	11.4	-999.9	25.3	2.3	97464.6	-999.9
Ntarla	1997	8	1	213	22.0	23.9	6.6	-999.9	0.0	2.2	97628.8	-999.9
Ntarla	1997	8	2	214	20.8	29.2	19.2	-999.9	0.0	1.7	97808.3	-999.9
Ntarla	1997	8	3	215	22.4	31.3	20.9	-999.9	0.0	1.9	97659.4	-999.9
Ntarla	1997	8	4	216	24.2	29.8	16.3	-999.9	0.0	2.3	97597.7	-999.9
Ntarla	1997	8	5	217	24.2	31.0	22.7	-999.9	0.0	3.2	97535.0	-999.9
Ntarla	1997	8	6	218	23.6	29.8	17.9	-999.9	29.8	3.3	97414.1	-999.9
Ntarla	1997	8	7	219	23.5	29.3	17.1	-999.9	0.0	2.6	97496.1	-999.9
Ntarla	1997	8	8	220	22.7	29.8	20.2	-999.9	0.0	2.1	97595.1	-999.9
Ntarla	1997	8	9	221	22.4	30.7	21.9	-999.9	0.0	1.5	97620.6	-999.9
Ntarla	1997	8	10	222	23.4	28.5	10.8	-999.9	34.1	1.6	97541.8	-999.9
Ntarla	1997	8	11	223	21.9	29.8	20.2	-999.9	52.8	1.6	97531.1	-999.9
Ntarla	1997	8	12	224	22.7	30.1	21.6	-999.9	35.2	1.6	97560.0	-999.9
Ntarla	1997	8	13	225	22.4	29.6	20.3	-999.9	17.6	1.6	97548.6	-999.9
Ntarla	1997	8	14	226	22.1	30.9	23.8	-999.9	17.6	1.4	97522.9	-999.9
Ntarla	1997	8	15	227	23.2	30.8	21.6	-999.9	0.0	1.8	97498.2	-999.9
Ntarla	1997	8	16	228	23.4	29.5	19.4	-999.9	13.9	1.9	97619.6	-999.9
Ntarla	1997	8	17	229	22.5	30.6	21.8	-999.9	0.0	1.3	97619.5	-999.9
Ntarla	1997	8	18	230	23.9	30.5	21.9	-999.9	6.9	1.8	97415.6	-999.9
Ntarla	1997	8	19	231	22.7	27.5	14.3	-999.9	6.9	1.9	97369.9	-999.9
Ntarla	1997	8	20	232	22.8	29.2	17.4	-999.9	20.8	1.9	97529.8	-999.9
Ntarla	1997	8	21	233	22.1	29.5	19.5	-999.9	0.0	1.3	97610.6	-999.9
Ntarla	1997	8	22	234	23.4	29.9	18.5	-999.9	12.3	1.2	97521.4	-999.9
Ntarla	1997	8	23	235	22.4	29.4	18.9	-999.9	0.0	1.3	97437.9	-999.9
Ntarla	1997	8	24	236	22.9	30.4	21.9	-999.9	0.0	1.7	97467.8	-999.9
Ntarla	1997	8	25	237	23.2	30.4	22.3	-999.9	10.7	1.4	97507.7	-999.9
Ntarla	1997	8	26	238	22.4	28.9	18.0	-999.9	0.0	1.5	97613.0	-999.9
Ntarla	1997	8	27	239	22.6	30.7	22.8	-999.9	25.7	1.3	97622.7	-999.9
Ntarla	1997	8	28	240	22.5	30.3	21.0	-999.9	12.9	1.9	97511.6	-999.9
Ntarla	1997	8	29	241	22.8	30.1	19.5	-999.9	0.0	1.9	97323.8	-999.9
Ntarla	1997	8	30	242	23.7	30.3	21.2	-999.9	0.0	2.1	97334.5	-999.9
Ntarla	1997	8	31	243	22.7	31.0	23.5	-999.9	0.0	1.5	97472.1	-999.9
Ntarla	1997	9	1	244	22.9	30.8	21.1	-999.9	15.8	1.0	97435.1	-999.9
Ntarla	1997	9	2	245	21.9	30.5	20.9	-999.9	7.9	1.3	97426.9	-999.9
Ntarla	1997	9	3	246	23.0	30.1	21.6	-999.9	15.8	1.4	97358.5	-999.9
Ntarla	1997	9	4	247	22.8	28.9	17.2	-999.9	15.8	1.5	97411.9	-999.9
Ntarla	1997	9	5	248	22.7	29.8	21.9	-999.9	0.0	1.2	97412.0	-999.9
Ntarla	1997	9	6	249	22.4	29.3	18.5	-999.9	4.8	1.5	97341.5	-999.9
Ntarla	1997	9	7	250	23.3	30.9	22.0	-999.9	4.8	1.5	97303.2	-999.9
Ntarla	1997	9	8	251	23.2	30.8	22.1	-999.9	4.8	1.4	97292.9	-999.9
Ntarla	1997	9	9	252	22.8	28.1	13.6	-999.9	14.3	1.5	97313.2	-999.9
Ntarla	1997	9	10	253	22.0	29.1	16.7	-999.9	0.0	1.7	97389.4	-999.9
Ntarla	1997	9	11	254	22.5	30.5	22.6	-999.9	11.7	1.5	97425.1	-999.9
Ntarla	1997	9	12	255	22.1	30.6	22.4	-999.9	0.0	1.2	97484.2	-999.9
Ntarla	1997	9	13	256	22.6	31.9	24.2	-999.9	0.0	1.5	97505.5	-999.9
Ntarla	1997	9	14	257	24.1	31.5	21.8	-999.9	0.0	1.7	97398.6	-999.9
Ntarla	1997	9	15	258	22.1	30.8	22.9	-999.9	0.0	1.2	97383.9	-999.9
Ntarla	1997	9	16	259	23.0	31.3	23.5	-999.9	0.0	1.3	97311.8	-999.9
Ntarla	1997	9	17	260	22.9	31.1	21.8	-999.9	12.2	1.2	97358.0	-999.9
Ntarla	1997	9	18	261	22.3	28.3	15.2	-999.9	5.3	1.5	97456.9	-999.9
Ntarla	1997	9	19	262	22.5	29.0	18.8	-999.9	5.3	2.1	97564.1	-999.9
Ntarla	1997	9	20	263	21.6	30.7	23.6	-999.9	0.0	1.3	97551.9	-999.9
Ntarla	1997	9	21	264	23.3	32.6	23.6	-999.9	12.4	1.5	97324.7	-999.9
Ntarla	1997	9	22	265	24.0	31.9	22.2	-999.9	0.0	1.4	97271.9	-999.9
Ntarla	1997	9	23	266	23.2	30.7	19.6	-999.9	0.0	1.4	97337.9	-999.9
Ntarla	1997	9	24	267	22.7	30.6	21.2	-999.9	0.0	1.3	97485.7	-999.9
Ntarla	1997	9	25	268	22.6	29.7	19.4	-999.9	12.4	1.2	97604.0	-999.9
Ntarla	1997	9	26	269	22.8	29.9	19.5	-999.9	19.5	1.3	97594.9	-999.9
Ntarla	1997	9	27	270	22.6	31.1	22.9	-999.9	4.9	1.7	97399.6	-999.9
Ntarla	1997	9	28	271	23.6	30.1	20.1	-999.9	9.8	1.8	97405.0	-999.9
Ntarla	1997	9	29	272	23.0	30.9	21.5	-999.9	0.0	1.6	97472.2	-999.9
Ntarla	1997	9	30	273	23.0	32.2	23.4	-999.9	4.9	1.3	97502.2	-999.9
Ntarla	1997	10	1	274	23.3	30.8	21.0	-999.9	3.0	1.6	97478.8	-999.9
Ntarla	1997	10	2	275	23.0	32.0	22.3	-999.9	0.0	1.8	97285.8	-999.9
Ntarla	1997	10	3	276	23.0	31.7	21.8	-999.9	0.0	1.8	97312.1	-999.9
Ntarla	1997	10	4	277	23.3	31.8	21.0	-999.9	6.8	1.4	97447.1	-999.9
Ntarla	1997	10	5	278	22.6	29.8	16.1	-999.9	6.0	2.2	97492.2	-999.9
Ntarla	1997	10	6	279	22.2	30.3	21.1	-999.9	0.0	1.5	97459.3	-999.9
Ntarla	1997	10	7	280	22.1	30.7	21.2	-999.9	0.0	1.6	97489.5	-999.9
Ntarla	1997	10	8	281	22.1	29.2	18.4	-999.9	0.0	2.3	97614.9	-999.9
Ntarla	1997	10	9	282	22.4	33.3	23.2	-999.9	0.0	2.0	97396.2	-999.9
Ntarla	1997	10	10	283	22.1	32.1	22.9	-999.9	0.0	1.2	97235.5	-999.9
Ntarla	1997	10	11	284	22.6	31.9	22.4	-999.9	0.0	1.5	97133.0	-999.9
Ntarla	1997	10	12	285	22.0	32.0	21.6	-999.9	2.1	1.4	97159.0	-999.9
Ntarla	1997	10	13	286	23.1	30.9	20.9	-999.9	0.0	1.4	97253.6	-999.9
Ntarla	1997	10	14	287	23.0	32.2	20.8	-999.9	0.0	1.3	97173.0	-999.9
Ntarla	1997	10	15	288	24.5	31.9	19.0	-999.9	2.1	1.7	97169.0	-999.9
Ntarla	1997	10	16	289	23.1	31.5	18.4	-999.9	6.9	1.4	97145.0	-999.9
Ntarla	1997	10	17	290	22.7	29.1	16.7	-999.9	3.5	1.4	97296.6	-999.9
Ntarla	1997	10	18	291	22.4	29.4	15.0	-999.9	13.8	1.4	97427.1	-999.9
Ntarla	1997	10	19	292	21.3	31.5	21.5	-999.9	0.0	1.7	97422.5	-999.9
Ntarla	1997	10	20	293	20.0	32.3	23.0	-999.9	0.0	1.3	97366.8	-999.9
Ntarla	1997	10	21	294	20.5	32.3	21.9	-999.9	0.0	1.6	97351.3	-999.9
Ntarla	1997	10	22	295	21.1	33.0	22.7	-999.9	0.0	1.7	97324.9	-999.9
Ntarla	1997	10	23	296	21.2	32.6	21.3	-999.9	0.0	1.8	97278.3	-999.9
Ntarla	1997	10	24	297	23.1	33.5	20.5	-999.9	0.0	1.4	97259.2	-999.9
Ntarla	1997	10	25	298	22.7	32.3	19.9	-999.9	0.0	1.5	97376.9	-999.9
Ntarla	1997	10	26	299	23.8	35.1	19.6	-999.9	0.0	1.4	97293.9	-999.9
Ntarla	1997	10	27	300	21.3	35.9	22.6	-999.9	0.0	1.7	97152.8	-999.9
Ntarla	1997	10	28	301	21.9	34.1	20.3	-999.9	0.0	1.5	97098.5	-999.9
Ntarla	1997	10	29	302	24.7	33.7	19.2	-999.9	16.0	1.4	97173.5	-999.9
Ntarla	1997	10	30	303	23.6	32.8	19.1	-999.9	0.0	1.1	97302.5	-999.9
Ntarla	1997	10	31	304	23.1	35.0	19.8	-999.9	0.0	1.4	97348.8	-999.9
Ntarla	1997	11	1	305	22.9	34.9	20.8	-999.9	0.0	1.4	97402.0	-999.9
Ntarla	1997	11	2	306	19.7	35.1	21.6	-999.9	0.0	1.0	97396.6	-999.9
Ntarla	1997	11	3	307	21.3	34.5	20.2	-999.9	0.0	1.3	97408.8	-999.9
Ntarla	1997	11	4	308	22.5	35.9	22.2	-999.9	0.0	2.0	97421.0	-999.9
Ntarla	1997	11	5	309	18.5	35.1	22.8	-999.9	0.0	1.7	97505.4	-999.9
Ntarla	1997	11	6	310	18.4	35.5	22.7	-999.9	0.0	1.5	97446.6	-999.9
Ntarla	1997	11	7	311	19.2	35.2	22.2	-999.9	0.0	1.3	97453.3	-999.9
Ntarla	1997	11	8	312	21.1	35.9	21.2	-999.9	0.0	1.7	97473.2	-999.9
Ntarla	1997	11	9	313	19.4	35.2	20.1	-999.9	1.8	1.8	97474.3	-999.9
Ntarla	1997	11	10	314	24.0	35.2	18.9	-999.9	0.0	1.6	97342.0	-999.9
Ntarla	1997	11	11	315	22.9	35.9	20.4	-999.9	0.0	1.6	97211.1	-999.9
Ntarla	1997	11	12	316	20.2	36.2	21.6	-999.9	0.0	1.8	97190.9	-999.9
Ntarla	1997	11	13	317	19.6	36.2	21.9	-999.9	0.0	2.2	97203.0	-999.9
Ntarla	1997	11	14	318	18.7	36.0	21.8	-999.9	0.0	1.7	97156.0	-999.9
Ntarla	1997	11	15	319	19.2	35.1	21.1	-999.9	0.0	1.8	97186.1	-999.9
Ntarla	1997	11	16	320	18.9	36.2	21.5	-999.9	0.0	2.4	97210.2	-999.9
Ntarla	1997	11	17	321	19.1	35.8	21.6	-999.9	0.0	2.4	97313.0	-999.9
Ntarla	1997	11	18	322	20.9	35.0	21.6	-999.9	0.0	2.5	97342.4	-999.9
Ntarla	1997	11	19	323	18.8	34.3	21.5	-999.9	0.0	1.5	97327.5	-999.9
Ntarla	1997	11	20	324	18.5	33.5	21.5	-999.9	0.0	1.7	97356.0	-999.9
Ntarla	1997	11	21	325	18.3	33.1	21.5	-999.9	0.0	2.0	97389.5	-999.9
Ntarla	1997	11	22	326	19.4	33.3	21.0	-999.9	0.0	2.1	97449.9	-999.9
Ntarla	1997	11	23	327	19.9	33.8	20.8	-999.9	0.0	2.2	97460.7	-999.9
Ntarla	1997	11	24	328	20.2	34.6	21.0	-999.9	0.0	2.4	97235.6	-999.9
Ntarla	1997	11	25	329	20.5	35.8	21.1	-999.9	0.0	2.5	97024.8	-999.9
Ntarla	1997	11	26	330	18.7	35.6	21.2	-999.9	0.0	2.1	97021.8	-999.9
Ntarla	1997	11	27	331	18.1	35.3	21.1	-999.9	0.0	1.9	97154.4	-999.9
Ntarla	1997	11	28	332	18.8	34.4	20.6	-999.9	0.0	1.8	97210.2	-999.9
Ntarla	1997	11	29	333	20.1	33.9	20.3	-999.9	0.0	2.0	97243.8	-999.9
Ntarla	1997	11	30	334	19.0	34.6	20.2	-999.9	0.0	1.9	97227.9	-999.9
Ntarla	1997	12	1	335	19.4	35.0	20.5	-999.9	0.0	1.9	97283.6	-999.9
Ntarla	1997	12	2	336	19.1	34.7	20.3	-999.9	0.0	1.3	97283.7	-999.9
Ntarla	1997	12	3	337	20.4	34.9	20.4	-999.9	0.0	1.3	97198.5	-999.9
Ntarla	1997	12	4	338	18.2	35.0	20.5	-999.9	0.0	1.8	97243.9	-999.9
Ntarla	1997	12	5	339	18.0	35.3	20.3	-999.9	0.0	1.8	97284.6	-999.9
Ntarla	1997	12	6	340	17.6	35.7	20.7	-999.9	0.0	2.0	97327.5	-999.9
Ntarla	1997	12	7	341	18.9	34.7	20.6	-999.9	0.0	2.1	97477.4	-999.9
Ntarla	1997	12	8	342	18.2	34.0	20.4	-999.9	0.0	2.1	97371.7	-999.9
Ntarla	1997	12	9	343	18.7	33.0	20.2	-999.9	0.0	2.3	97330.9	-999.9
Ntarla	1997	12	10	344	18.0	30.7	20.3	-999.9	0.0	2.6	97436.6	-999.9
Ntarla	1997	12	11	345	15.8	30.5	20.3	-999.9	0.0	2.5	97532.0	-999.9
Ntarla	1997	12	12	346	17.5	31.4	20.0	-999.9	0.0	2.2	97586.7	-999.9
Ntarla	1997	12	13	347	16.7	31.6	19.8	-999.9	0.0	2.3	97551.9	-999.9
Ntarla	1997	12	14	348	17.1	31.0	20.6	-999.9	0.5	2.3	97605.8	-999.9
Ntarla	1997	12	15	349	15.8	30.6	20.5	-999.9	0.0	1.8	97634.7	-999.9
Ntarla	1997	12	16	350	15.4	31.4	19.1	-999.9	0.0	1.6	97662.0	-999.9
Ntarla	1997	12	17	351	16.2	32.3	19.7	-999.9	0.0	1.9	97726.0	-999.9
Ntarla	1997	12	18	352	15.4	32.2	20.4	-999.9	0.0	1.9	97710.2	-999.9
Ntarla	1997	12	19	353	16.5	32.7	20.1	-999.9	0.0	1.9	97510.2	-999.9
Ntarla	1997	12	20	354	16.1	33.6	20.1	-999.9	0.5	1.7	97369.6	-999.9
Ntarla	1997	12	21	355	17.0	34.2	19.9	-999.9	0.0	2.0	97437.9	-999.9
Ntarla	1997	12	22	356	16.3	33.7	20.4	-999.9	0.0	2.1	97532.8	-999.9
Ntarla	1997	12	23	357	16.6	33.1	20.7	-999.9	0.0	2.3	97598.1	-999.9
Ntarla	1997	12	24	358	16.8	32.1	20.8	-999.9	0.0	2.8	97662.7	-999.9
Ntarla	1997	12	25	359	17.3	29.2	20.8	-999.9	0.0	3.1	97723.1	-999.9
Ntarla	1997	12	26	360	14.5	28.3	21.0	-999.9	0.0	2.8	97719.0	-999.9
Ntarla	1997	12	27	361	13.6	28.9	21.1	-999.9	0.0	2.5	97587.7	-999.9
Ntarla	1997	12	28	362	15.2	29.4	21.0	-999.9	0.0	2.4	97516.4	-999.9
Ntarla	1997	12	29	363	14.0	30.3	20.8	-999.9	0.0	1.9	97432.3	-999.9
Ntarla	1997	12	30	364	13.7	31.6	20.0	-999.9	0.0	1.5	97435.8	-999.9
Ntarla	1997	12	31	365	18.1	32.3	20.1	-999.9	0.0	1.9	97408.8	-999.9
