Ntarla	1993	1	1	1	22.2	34.5	20.0	-999.9	0.0	2.8	97444.5	-999.9
Ntarla	1993	1	2	2	21.7	34.2	20.1	-999.9	0.0	3.1	97412.7	-999.9
Ntarla	1993	1	3	3	20.4	34.5	19.8	-999.9	0.0	2.9	97336.6	-999.9
Ntarla	1993	1	4	4	21.2	33.4	18.9	-999.9	0.0	3.6	97405.7	-999.9
Ntarla	1993	1	5	5	19.8	29.5	20.2	-999.9	0.0	3.4	97550.9	-999.9
Ntarla	1993	1	6	6	16.2	27.2	20.1	-999.9	0.1	3.2	97663.4	-999.9
Ntarla	1993	1	7	7	15.0	25.6	20.3	-999.9	0.0	3.0	97698.8	-999.9
Ntarla	1993	1	8	8	13.6	25.8	20.6	-999.9	0.0	3.1	97726.9	-999.9
Ntarla	1993	1	9	9	13.8	26.1	20.6	-999.9	0.0	2.9	97824.1	-999.9
Ntarla	1993	1	10	10	13.3	26.6	20.6	-999.9	0.0	2.6	97943.5	-999.9
Ntarla	1993	1	11	11	13.7	27.8	20.9	-999.9	0.0	2.3	97894.1	-999.9
Ntarla	1993	1	12	12	14.3	28.5	20.9	-999.9	0.0	2.2	97650.8	-999.9
Ntarla	1993	1	13	13	15.4	30.3	20.8	-999.9	0.0	2.1	97565.4	-999.9
Ntarla	1993	1	14	14	16.6	30.1	20.8	-999.9	0.0	2.5	97622.8	-999.9
Ntarla	1993	1	15	15	16.3	30.1	20.9	-999.9	0.0	2.4	97662.5	-999.9
Ntarla	1993	1	16	16	16.1	30.6	21.1	-999.9	0.0	2.5	97722.5	-999.9
Ntarla	1993	1	17	17	16.4	30.9	21.1	-999.9	0.0	2.4	97719.2	-999.9
Ntarla	1993	1	18	18	16.9	31.5	21.1	-999.9	0.0	2.5	97610.0	-999.9
Ntarla	1993	1	19	19	17.4	32.8	21.1	-999.9	0.0	2.6	97610.8	-999.9
Ntarla	1993	1	20	20	18.3	32.9	21.1	-999.9	0.0	2.7	97603.4	-999.9
Ntarla	1993	1	21	21	17.3	32.4	21.3	-999.9	0.0	2.5	97588.3	-999.9
Ntarla	1993	1	22	22	17.8	32.0	21.5	-999.9	0.0	2.8	97609.6	-999.9
Ntarla	1993	1	23	23	16.2	31.7	21.7	-999.9	0.0	2.4	97537.8	-999.9
Ntarla	1993	1	24	24	16.8	32.3	21.7	-999.9	0.0	2.3	97565.2	-999.9
Ntarla	1993	1	25	25	17.3	32.8	21.9	-999.9	0.0	2.6	97561.1	-999.9
Ntarla	1993	1	26	26	16.7	32.1	22.0	-999.9	0.0	2.5	97564.0	-999.9
Ntarla	1993	1	27	27	16.8	30.5	22.0	-999.9	0.0	3.1	97677.5	-999.9
Ntarla	1993	1	28	28	15.7	29.4	21.9	-999.9	0.0	2.7	97642.8	-999.9
Ntarla	1993	1	29	29	14.4	29.9	22.0	-999.9	0.0	2.1	97569.8	-999.9
Ntarla	1993	1	30	30	14.3	33.5	21.8	-999.9	0.0	1.6	97367.6	-999.9
Ntarla	1993	1	31	31	17.5	34.6	21.7	-999.9	0.0	1.5	97311.4	-999.9
Ntarla	1993	2	1	32	19.6	35.0	21.2	-999.9	0.0	2.4	97331.4	-999.9
Ntarla	1993	2	2	33	21.3	34.3	20.5	-999.9	0.0	2.9	97400.3	-999.9
Ntarla	1993	2	3	34	19.1	32.7	21.1	-999.9	0.0	3.0	97526.0	-999.9
Ntarla	1993	2	4	35	19.2	35.1	21.8	-999.9	0.0	2.1	97495.1	-999.9
Ntarla	1993	2	5	36	18.8	35.4	21.5	-999.9	0.0	1.9	97456.8	-999.9
Ntarla	1993	2	6	37	20.1	35.9	20.6	-999.9	0.0	2.2	97390.2	-999.9
Ntarla	1993	2	7	38	21.9	35.9	21.0	-999.9	0.0	2.5	97402.5	-999.9
Ntarla	1993	2	8	39	20.5	34.8	22.5	-999.9	0.0	2.6	97538.9	-999.9
Ntarla	1993	2	9	40	18.9	34.3	22.7	-999.9	0.0	2.8	97600.6	-999.9
Ntarla	1993	2	10	41	18.5	34.6	22.8	-999.9	0.0	2.5	97467.3	-999.9
Ntarla	1993	2	11	42	18.8	34.9	22.7	-999.9	0.0	2.6	97280.5	-999.9
Ntarla	1993	2	12	43	19.1	35.9	22.7	-999.9	0.0	2.3	97161.2	-999.9
Ntarla	1993	2	13	44	20.5	35.7	22.6	-999.9	0.0	2.5	97193.4	-999.9
Ntarla	1993	2	14	45	20.0	34.5	22.3	-999.9	0.0	2.3	97189.6	-999.9
Ntarla	1993	2	15	46	19.7	34.7	22.7	-999.9	0.0	2.5	97302.9	-999.9
Ntarla	1993	2	16	47	19.8	34.9	22.9	-999.9	0.0	2.7	97245.2	-999.9
Ntarla	1993	2	17	48	19.1	34.8	23.1	-999.9	0.0	2.4	97132.2	-999.9
Ntarla	1993	2	18	49	18.9	35.8	23.1	-999.9	0.0	2.6	97097.4	-999.9
Ntarla	1993	2	19	50	20.2	36.5	23.1	-999.9	0.0	2.6	97239.7	-999.9
Ntarla	1993	2	20	51	21.6	36.0	23.2	-999.9	0.0	3.0	97362.7	-999.9
Ntarla	1993	2	21	52	21.1	35.2	22.5	-999.9	0.0	2.6	97377.0	-999.9
Ntarla	1993	2	22	53	20.8	34.8	20.8	-999.9	0.0	2.3	97184.9	-999.9
Ntarla	1993	2	23	54	22.8	34.6	20.9	-999.9	0.0	1.5	97150.7	-999.9
Ntarla	1993	2	24	55	21.4	33.4	19.7	-999.9	0.0	1.0	97247.4	-999.9
Ntarla	1993	2	25	56	23.1	33.4	17.6	-999.9	0.0	1.9	97396.7	-999.9
Ntarla	1993	2	26	57	22.9	35.5	21.5	-999.9	0.0	2.2	97418.4	-999.9
Ntarla	1993	2	27	58	22.5	36.5	23.2	-999.9	0.0	2.3	97197.4	-999.9
Ntarla	1993	2	28	59	21.9	36.5	23.4	-999.9	0.0	1.7	96996.2	-999.9
Ntarla	1993	3	1	60	20.9	36.8	22.3	-999.9	0.0	1.5	97005.6	-999.9
Ntarla	1993	3	2	61	24.3	35.8	21.1	-999.9	0.0	1.4	97159.9	-999.9
Ntarla	1993	3	3	62	23.5	32.0	11.6	-999.9	2.4	1.2	97437.8	-999.9
Ntarla	1993	3	4	63	20.8	37.8	23.6	-999.9	0.0	2.1	97203.8	-999.9
Ntarla	1993	3	5	64	22.1	39.9	24.1	-999.9	0.0	2.4	96986.7	-999.9
Ntarla	1993	3	6	65	22.7	39.9	24.2	-999.9	0.0	2.4	97040.6	-999.9
Ntarla	1993	3	7	66	23.6	38.4	23.6	-999.9	0.0	1.5	97094.3	-999.9
Ntarla	1993	3	8	67	22.0	38.2	23.9	-999.9	0.0	2.3	97079.7	-999.9
Ntarla	1993	3	9	68	22.1	37.7	23.9	-999.9	0.0	1.5	97201.4	-999.9
Ntarla	1993	3	10	69	23.5	37.6	22.8	-999.9	0.0	1.6	97287.3	-999.9
Ntarla	1993	3	11	70	24.7	36.0	21.9	-999.9	0.0	2.1	97380.5	-999.9
Ntarla	1993	3	12	71	24.6	36.5	21.2	-999.9	0.0	1.6	97320.0	-999.9
Ntarla	1993	3	13	72	25.6	38.4	24.5	-999.9	0.0	2.3	97235.9	-999.9
Ntarla	1993	3	14	73	23.9	38.2	24.7	-999.9	0.0	2.7	97215.7	-999.9
Ntarla	1993	3	15	74	22.0	38.5	24.6	-999.9	0.0	2.1	97112.8	-999.9
Ntarla	1993	3	16	75	27.0	36.4	19.2	-999.9	0.0	1.7	97226.7	-999.9
Ntarla	1993	3	17	76	24.4	39.0	23.2	-999.9	0.0	1.3	97117.4	-999.9
Ntarla	1993	3	18	77	27.9	39.8	21.3	-999.9	0.0	2.0	96945.0	-999.9
Ntarla	1993	3	19	78	25.8	37.9	23.1	-999.9	0.0	2.6	97151.7	-999.9
Ntarla	1993	3	20	79	22.6	36.0	26.1	-999.9	0.0	3.3	97442.7	-999.9
Ntarla	1993	3	21	80	21.8	34.5	26.0	-999.9	0.0	2.8	97575.7	-999.9
Ntarla	1993	3	22	81	20.3	34.9	26.1	-999.9	0.0	2.4	97536.4	-999.9
Ntarla	1993	3	23	82	20.6	35.5	26.0	-999.9	0.0	2.5	97438.0	-999.9
Ntarla	1993	3	24	83	20.7	36.3	26.2	-999.9	0.0	2.5	97357.9	-999.9
Ntarla	1993	3	25	84	18.8	37.3	26.1	-999.9	0.0	2.1	97270.4	-999.9
Ntarla	1993	3	26	85	19.2	37.9	25.9	-999.9	0.0	1.2	97184.5	-999.9
Ntarla	1993	3	27	86	21.0	38.2	25.1	-999.9	0.0	1.8	97078.8	-999.9
Ntarla	1993	3	28	87	21.5	37.3	23.1	-999.9	0.0	1.3	97070.3	-999.9
Ntarla	1993	3	29	88	25.0	37.4	23.4	-999.9	0.0	1.9	97085.2	-999.9
Ntarla	1993	3	30	89	24.8	37.8	22.8	-999.9	0.0	2.1	97071.6	-999.9
Ntarla	1993	3	31	90	24.4	38.6	24.3	-999.9	0.0	1.6	97086.8	-999.9
Ntarla	1993	4	1	91	25.4	38.1	23.7	-999.9	0.0	1.9	97025.2	-999.9
Ntarla	1993	4	2	92	25.4	38.3	23.0	-999.9	0.0	1.8	96985.3	-999.9
Ntarla	1993	4	3	93	26.5	37.3	20.8	-999.9	0.0	2.0	96937.2	-999.9
Ntarla	1993	4	4	94	25.9	37.6	23.3	-999.9	0.0	1.7	97020.7	-999.9
Ntarla	1993	4	5	95	23.5	39.5	24.4	-999.9	0.0	2.4	97133.3	-999.9
Ntarla	1993	4	6	96	26.0	40.1	26.1	-999.9	0.0	3.0	97093.5	-999.9
Ntarla	1993	4	7	97	25.1	39.1	26.2	-999.9	0.0	1.8	97046.4	-999.9
Ntarla	1993	4	8	98	22.1	38.1	24.9	-999.9	0.0	2.1	96965.5	-999.9
Ntarla	1993	4	9	99	24.8	38.0	23.0	-999.9	0.0	2.8	97054.7	-999.9
Ntarla	1993	4	10	100	26.3	36.4	19.8	-999.9	0.0	2.0	97244.9	-999.9
Ntarla	1993	4	11	101	26.4	38.8	23.2	-999.9	0.0	1.3	97138.4	-999.9
Ntarla	1993	4	12	102	27.9	38.2	22.5	-999.9	0.0	2.2	96983.0	-999.9
Ntarla	1993	4	13	103	27.9	38.9	22.9	-999.9	0.0	2.5	96971.8	-999.9
Ntarla	1993	4	14	104	26.1	38.3	22.9	-999.9	3.0	1.9	97073.5	-999.9
Ntarla	1993	4	15	105	26.2	36.3	17.4	-999.9	0.0	2.2	97284.7	-999.9
Ntarla	1993	4	16	106	26.5	37.4	23.8	-999.9	0.0	2.4	97314.8	-999.9
Ntarla	1993	4	17	107	26.7	39.0	22.1	-999.9	0.0	2.1	97011.9	-999.9
Ntarla	1993	4	18	108	28.5	39.2	22.8	-999.9	0.0	1.6	96901.2	-999.9
Ntarla	1993	4	19	109	27.5	38.8	23.1	-999.9	0.0	2.0	96934.8	-999.9
Ntarla	1993	4	20	110	28.7	38.8	23.6	-999.9	0.0	1.7	96923.4	-999.9
Ntarla	1993	4	21	111	28.6	38.5	22.2	-999.9	0.0	2.6	97028.0	-999.9
Ntarla	1993	4	22	112	26.4	38.6	24.3	-999.9	0.0	2.3	97052.9	-999.9
Ntarla	1993	4	23	113	25.2	37.1	19.2	-999.9	2.6	2.4	97077.7	-999.9
Ntarla	1993	4	24	114	28.1	38.9	23.4	-999.9	0.0	2.6	96973.1	-999.9
Ntarla	1993	4	25	115	28.7	38.1	22.4	-999.9	0.0	2.7	96938.9	-999.9
Ntarla	1993	4	26	116	27.3	36.7	20.9	-999.9	0.0	2.4	97016.5	-999.9
Ntarla	1993	4	27	117	27.1	36.6	18.0	-999.9	2.3	2.0	97077.5	-999.9
Ntarla	1993	4	28	118	26.9	36.7	21.9	-999.9	2.3	1.9	97105.4	-999.9
Ntarla	1993	4	29	119	26.8	37.0	21.6	-999.9	5.3	2.4	97076.5	-999.9
Ntarla	1993	4	30	120	27.4	38.5	23.6	-999.9	0.0	1.9	97096.7	-999.9
Ntarla	1993	5	1	121	27.7	37.9	23.1	-999.9	0.0	2.1	97050.9	-999.9
Ntarla	1993	5	2	122	26.5	38.0	22.6	-999.9	0.0	1.8	97059.6	-999.9
Ntarla	1993	5	3	123	27.8	38.3	22.2	-999.9	5.6	2.4	97079.4	-999.9
Ntarla	1993	5	4	124	26.0	37.7	22.7	-999.9	22.3	2.4	97155.7	-999.9
Ntarla	1993	5	5	125	25.6	39.2	24.7	-999.9	0.0	1.9	97135.6	-999.9
Ntarla	1993	5	6	126	26.5	39.9	24.4	-999.9	0.0	1.9	97008.5	-999.9
Ntarla	1993	5	7	127	27.7	38.5	23.6	-999.9	0.0	1.8	97046.9	-999.9
Ntarla	1993	5	8	128	27.9	38.7	23.7	-999.9	0.0	1.8	96997.2	-999.9
Ntarla	1993	5	9	129	28.5	40.1	23.1	-999.9	0.0	2.5	96885.7	-999.9
Ntarla	1993	5	10	130	27.8	39.2	23.4	-999.9	2.7	2.8	96931.4	-999.9
Ntarla	1993	5	11	131	28.0	39.4	23.7	-999.9	1.4	2.0	96968.4	-999.9
Ntarla	1993	5	12	132	28.9	39.5	24.2	-999.9	2.8	2.3	96939.1	-999.9
Ntarla	1993	5	13	133	26.6	38.5	23.6	-999.9	1.4	2.7	96935.7	-999.9
Ntarla	1993	5	14	134	26.6	37.9	23.7	-999.9	4.1	2.1	97034.4	-999.9
Ntarla	1993	5	15	135	26.1	36.0	23.1	-999.9	1.4	2.0	97238.2	-999.9
Ntarla	1993	5	16	136	26.5	39.5	24.4	-999.9	0.0	2.5	97147.6	-999.9
Ntarla	1993	5	17	137	27.3	38.4	24.6	-999.9	2.4	2.5	97172.9	-999.9
Ntarla	1993	5	18	138	28.2	38.6	24.5	-999.9	2.4	3.1	97058.2	-999.9
Ntarla	1993	5	19	139	28.1	39.4	25.1	-999.9	4.8	3.2	96937.0	-999.9
Ntarla	1993	5	20	140	27.6	37.6	23.9	-999.9	0.0	2.6	97114.2	-999.9
Ntarla	1993	5	21	141	27.9	37.3	23.4	-999.9	2.2	2.3	97183.8	-999.9
Ntarla	1993	5	22	142	27.6	36.7	23.6	-999.9	2.2	2.4	97176.1	-999.9
Ntarla	1993	5	23	143	26.9	37.7	23.6	-999.9	0.0	2.1	97105.0	-999.9
Ntarla	1993	5	24	144	27.6	37.9	24.4	-999.9	1.1	2.6	97096.4	-999.9
Ntarla	1993	5	25	145	26.7	37.8	23.1	-999.9	1.1	2.5	97082.2	-999.9
Ntarla	1993	5	26	146	27.5	39.0	24.5	-999.9	4.2	2.3	97048.7	-999.9
Ntarla	1993	5	27	147	28.1	38.1	22.7	-999.9	0.0	2.1	97116.5	-999.9
Ntarla	1993	5	28	148	28.7	39.2	24.2	-999.9	0.0	2.3	97166.8	-999.9
Ntarla	1993	5	29	149	28.6	38.3	23.0	-999.9	0.0	2.9	97182.4	-999.9
Ntarla	1993	5	30	150	28.4	38.1	21.5	-999.9	0.0	2.6	97170.5	-999.9
Ntarla	1993	5	31	151	28.2	36.0	22.8	-999.9	0.0	2.9	97247.4	-999.9
Ntarla	1993	6	1	152	26.4	35.9	22.9	-999.9	0.0	2.8	97383.5	-999.9
Ntarla	1993	6	2	153	24.9	35.8	22.6	-999.9	0.0	2.0	97460.8	-999.9
Ntarla	1993	6	3	154	25.3	35.0	23.4	-999.9	0.0	2.5	97444.5	-999.9
Ntarla	1993	6	4	155	25.3	36.1	24.1	-999.9	0.0	2.3	97371.2	-999.9
Ntarla	1993	6	5	156	25.4	35.9	23.4	-999.9	0.0	1.9	97420.9	-999.9
Ntarla	1993	6	6	157	25.7	35.6	22.8	-999.9	13.1	2.0	97476.1	-999.9
Ntarla	1993	6	7	158	24.8	34.4	23.2	-999.9	0.0	1.6	97432.7	-999.9
Ntarla	1993	6	8	159	26.0	35.2	20.9	-999.9	0.0	1.7	97376.4	-999.9
Ntarla	1993	6	9	160	26.5	35.9	21.6	-999.9	8.7	2.1	97345.0	-999.9
Ntarla	1993	6	10	161	26.8	35.7	21.5	-999.9	0.0	1.8	97381.2	-999.9
Ntarla	1993	6	11	162	25.8	36.6	23.6	-999.9	0.0	2.0	97414.7	-999.9
Ntarla	1993	6	12	163	26.1	38.0	23.7	-999.9	7.1	2.1	97168.3	-999.9
Ntarla	1993	6	13	164	26.8	36.6	22.8	-999.9	0.0	3.0	97064.6	-999.9
Ntarla	1993	6	14	165	25.6	33.9	20.8	-999.9	0.0	2.8	97211.4	-999.9
Ntarla	1993	6	15	166	25.1	34.4	23.3	-999.9	0.0	2.3	97417.5	-999.9
Ntarla	1993	6	16	167	24.9	34.6	23.7	-999.9	0.0	1.8	97477.2	-999.9
Ntarla	1993	6	17	168	26.0	35.8	23.7	-999.9	0.0	2.3	97424.8	-999.9
Ntarla	1993	6	18	169	26.5	37.3	23.6	-999.9	6.3	2.2	97420.8	-999.9
Ntarla	1993	6	19	170	25.0	36.6	24.0	-999.9	0.0	1.5	97491.1	-999.9
Ntarla	1993	6	20	171	26.0	37.8	24.5	-999.9	12.6	2.2	97364.7	-999.9
Ntarla	1993	6	21	172	27.0	37.7	23.7	-999.9	0.0	2.8	97235.7	-999.9
Ntarla	1993	6	22	173	24.9	36.1	22.2	-999.9	19.4	3.4	97334.1	-999.9
Ntarla	1993	6	23	174	26.1	35.1	22.7	-999.9	0.0	2.6	97492.0	-999.9
Ntarla	1993	6	24	175	26.5	35.9	22.1	-999.9	6.5	1.7	97493.2	-999.9
Ntarla	1993	6	25	176	25.5	36.8	24.1	-999.9	0.0	1.7	97350.5	-999.9
Ntarla	1993	6	26	177	25.4	34.2	21.0	-999.9	0.0	1.8	97352.8	-999.9
Ntarla	1993	6	27	178	24.5	34.6	23.7	-999.9	0.0	2.2	97333.8	-999.9
Ntarla	1993	6	28	179	24.2	32.4	20.7	-999.9	0.0	1.9	97414.1	-999.9
Ntarla	1993	6	29	180	24.0	33.7	21.9	-999.9	12.6	1.7	97456.6	-999.9
Ntarla	1993	6	30	181	24.6	34.4	22.5	-999.9	12.6	1.9	97438.9	-999.9
Ntarla	1993	7	1	182	24.8	33.9	23.3	-999.9	0.0	2.3	97372.7	-999.9
Ntarla	1993	7	2	183	25.5	35.2	23.9	-999.9	0.0	2.2	97308.3	-999.9
Ntarla	1993	7	3	184	24.1	31.5	19.2	-999.9	10.5	2.1	97375.1	-999.9
Ntarla	1993	7	4	185	24.0	31.7	21.1	-999.9	0.0	1.8	97404.2	-999.9
Ntarla	1993	7	5	186	24.4	33.5	24.5	-999.9	0.0	2.2	97446.1	-999.9
Ntarla	1993	7	6	187	24.7	34.6	23.5	-999.9	0.0	2.2	97275.1	-999.9
Ntarla	1993	7	7	188	24.1	33.6	21.7	-999.9	8.0	2.3	97290.2	-999.9
Ntarla	1993	7	8	189	25.4	33.2	23.1	-999.9	0.0	2.0	97384.8	-999.9
Ntarla	1993	7	9	190	24.4	33.5	19.5	-999.9	16.0	2.6	97446.7	-999.9
Ntarla	1993	7	10	191	23.9	31.0	18.1	-999.9	16.0	2.3	97432.1	-999.9
Ntarla	1993	7	11	192	23.2	30.6	21.4	-999.9	17.0	1.9	97400.4	-999.9
Ntarla	1993	7	12	193	23.3	31.2	20.9	-999.9	0.0	2.0	97491.2	-999.9
Ntarla	1993	7	13	194	23.8	31.0	14.1	-999.9	17.0	2.2	97500.4	-999.9
Ntarla	1993	7	14	195	24.4	31.4	18.6	-999.9	5.7	2.8	97358.7	-999.9
Ntarla	1993	7	15	196	22.9	30.7	19.0	-999.9	5.7	2.4	97332.9	-999.9
Ntarla	1993	7	16	197	23.1	29.6	18.8	-999.9	0.0	1.8	97500.2	-999.9
Ntarla	1993	7	17	198	23.1	31.1	22.3	-999.9	12.9	1.3	97563.8	-999.9
Ntarla	1993	7	18	199	23.2	32.0	24.0	-999.9	0.0	1.8	97551.1	-999.9
Ntarla	1993	7	19	200	24.6	32.0	21.6	-999.9	6.4	2.2	97403.9	-999.9
Ntarla	1993	7	20	201	23.9	32.2	23.2	-999.9	0.0	2.4	97306.1	-999.9
Ntarla	1993	7	21	202	23.2	31.1	21.2	-999.9	0.0	2.2	97430.6	-999.9
Ntarla	1993	7	22	203	24.1	31.1	21.8	-999.9	0.0	2.0	97555.9	-999.9
Ntarla	1993	7	23	204	23.6	30.3	20.8	-999.9	0.0	1.7	97643.6	-999.9
Ntarla	1993	7	24	205	22.7	30.1	20.6	-999.9	7.1	1.4	97655.7	-999.9
Ntarla	1993	7	25	206	24.1	30.6	19.9	-999.9	23.3	1.5	97471.7	-999.9
Ntarla	1993	7	26	207	23.2	30.8	21.0	-999.9	7.7	1.5	97407.0	-999.9
Ntarla	1993	7	27	208	22.8	29.9	20.6	-999.9	0.0	2.3	97467.1	-999.9
Ntarla	1993	7	28	209	22.2	30.9	22.3	-999.9	0.0	2.0	97552.5	-999.9
Ntarla	1993	7	29	210	23.9	31.0	21.4	-999.9	0.0	1.8	97555.6	-999.9
Ntarla	1993	7	30	211	22.5	31.7	22.8	-999.9	0.0	1.6	97602.7	-999.9
Ntarla	1993	7	31	212	22.9	30.8	20.6	-999.9	7.0	1.6	97530.6	-999.9
Ntarla	1993	8	1	213	23.3	30.9	22.3	-999.9	11.5	1.7	97514.2	-999.9
Ntarla	1993	8	2	214	23.0	31.0	20.1	-999.9	0.0	2.0	97576.7	-999.9
Ntarla	1993	8	3	215	23.2	30.0	17.3	-999.9	5.7	1.5	97627.6	-999.9
Ntarla	1993	8	4	216	23.0	30.3	19.8	-999.9	0.0	1.6	97593.2	-999.9
Ntarla	1993	8	5	217	22.9	31.2	21.9	-999.9	5.7	1.7	97585.3	-999.9
Ntarla	1993	8	6	218	23.5	29.5	17.9	-999.9	9.5	1.6	97485.3	-999.9
Ntarla	1993	8	7	219	22.7	32.1	24.1	-999.9	0.0	2.1	97430.8	-999.9
Ntarla	1993	8	8	220	23.4	30.3	18.7	-999.9	19.0	2.3	97408.6	-999.9
Ntarla	1993	8	9	221	23.3	31.9	21.9	-999.9	0.0	1.6	97338.9	-999.9
Ntarla	1993	8	10	222	22.8	29.8	17.9	-999.9	9.5	1.5	97490.5	-999.9
Ntarla	1993	8	11	223	22.6	29.4	19.1	-999.9	13.8	1.4	97593.7	-999.9
Ntarla	1993	8	12	224	22.2	31.9	22.9	-999.9	0.0	1.0	97564.3	-999.9
Ntarla	1993	8	13	225	24.5	33.2	22.9	-999.9	0.0	2.6	97360.4	-999.9
Ntarla	1993	8	14	226	23.3	30.3	14.3	-999.9	30.1	2.4	97353.1	-999.9
Ntarla	1993	8	15	227	22.5	27.8	14.6	-999.9	5.9	1.6	97471.7	-999.9
Ntarla	1993	8	16	228	22.4	30.6	21.2	-999.9	0.0	1.2	97555.8	-999.9
Ntarla	1993	8	17	229	22.3	28.2	11.8	-999.9	28.7	1.6	97595.1	-999.9
Ntarla	1993	8	18	230	22.2	29.0	17.3	-999.9	9.6	2.1	97506.4	-999.9
Ntarla	1993	8	19	231	21.6	24.9	7.6	-999.9	19.1	1.5	97520.3	-999.9
Ntarla	1993	8	20	232	21.5	28.9	16.5	-999.9	19.1	1.3	97630.5	-999.9
Ntarla	1993	8	21	233	22.4	30.7	23.7	-999.9	5.8	1.3	97516.4	-999.9
Ntarla	1993	8	22	234	23.6	30.8	22.0	-999.9	0.0	2.2	97451.6	-999.9
Ntarla	1993	8	23	235	22.7	29.3	18.0	-999.9	23.3	1.9	97463.7	-999.9
Ntarla	1993	8	24	236	22.1	27.5	15.1	-999.9	0.0	2.1	97603.4	-999.9
Ntarla	1993	8	25	237	21.5	29.9	23.2	-999.9	11.6	1.9	97681.3	-999.9
Ntarla	1993	8	26	238	22.5	26.5	12.7	-999.9	7.5	1.4	97613.7	-999.9
Ntarla	1993	8	27	239	21.7	30.3	22.3	-999.9	0.0	1.4	97450.4	-999.9
Ntarla	1993	8	28	240	23.0	29.8	19.0	-999.9	8.6	2.2	97321.1	-999.9
Ntarla	1993	8	29	241	23.3	28.7	17.8	-999.9	15.0	2.4	97286.8	-999.9
Ntarla	1993	8	30	242	22.1	28.7	16.6	-999.9	0.0	2.5	97277.6	-999.9
Ntarla	1993	8	31	243	21.6	28.1	14.6	-999.9	7.5	1.6	97390.0	-999.9
Ntarla	1993	9	1	244	21.5	28.3	15.7	-999.9	29.3	1.4	97496.6	-999.9
Ntarla	1993	9	2	245	21.8	25.4	9.4	-999.9	7.3	1.5	97622.2	-999.9
Ntarla	1993	9	3	246	21.7	28.2	16.1	-999.9	0.0	2.0	97716.0	-999.9
Ntarla	1993	9	4	247	20.6	30.4	24.3	-999.9	0.0	2.1	97564.7	-999.9
Ntarla	1993	9	5	248	23.0	31.9	23.9	-999.9	0.0	2.1	97316.5	-999.9
Ntarla	1993	9	6	249	22.1	27.3	13.7	-999.9	0.0	1.9	97413.4	-999.9
Ntarla	1993	9	7	250	21.9	28.9	17.2	-999.9	0.0	1.8	97611.3	-999.9
Ntarla	1993	9	8	251	22.5	30.8	23.5	-999.9	0.0	1.6	97474.2	-999.9
Ntarla	1993	9	9	252	23.0	30.5	21.8	-999.9	0.0	1.6	97377.6	-999.9
Ntarla	1993	9	10	253	22.7	31.3	22.0	-999.9	6.4	1.6	97381.5	-999.9
Ntarla	1993	9	11	254	22.7	31.2	23.1	-999.9	4.6	1.9	97417.3	-999.9
Ntarla	1993	9	12	255	23.0	30.7	18.9	-999.9	13.7	1.6	97454.4	-999.9
Ntarla	1993	9	13	256	23.1	30.8	21.2	-999.9	0.0	1.9	97430.2	-999.9
Ntarla	1993	9	14	257	22.9	29.6	19.5	-999.9	18.3	1.6	97509.2	-999.9
Ntarla	1993	9	15	258	22.2	30.4	21.9	-999.9	0.0	1.3	97550.6	-999.9
Ntarla	1993	9	16	259	22.8	29.8	19.0	-999.9	13.6	1.2	97523.4	-999.9
Ntarla	1993	9	17	260	23.1	30.1	20.5	-999.9	0.0	1.8	97325.8	-999.9
Ntarla	1993	9	18	261	22.5	31.3	22.3	-999.9	0.0	1.6	97266.6	-999.9
Ntarla	1993	9	19	262	22.5	30.4	21.3	-999.9	0.0	1.4	97246.2	-999.9
Ntarla	1993	9	20	263	22.5	27.8	13.1	-999.9	13.6	1.8	97272.2	-999.9
Ntarla	1993	9	21	264	22.5	30.4	22.3	-999.9	0.0	1.6	97381.4	-999.9
Ntarla	1993	9	22	265	22.2	30.8	22.6	-999.9	0.0	1.3	97392.7	-999.9
Ntarla	1993	9	23	266	22.3	30.8	20.2	-999.9	0.0	2.0	97390.8	-999.9
Ntarla	1993	9	24	267	22.9	32.2	22.4	-999.9	3.3	2.2	97215.4	-999.9
Ntarla	1993	9	25	268	22.2	28.2	14.8	-999.9	3.3	2.2	97381.7	-999.9
Ntarla	1993	9	26	269	21.8	29.9	19.8	-999.9	0.0	1.7	97572.2	-999.9
Ntarla	1993	9	27	270	22.9	31.0	20.6	-999.9	0.0	1.9	97468.5	-999.9
Ntarla	1993	9	28	271	22.1	31.5	23.2	-999.9	0.0	1.7	97402.8	-999.9
Ntarla	1993	9	29	272	23.0	31.5	21.1	-999.9	0.0	2.1	97322.8	-999.9
Ntarla	1993	9	30	273	23.5	30.8	20.4	-999.9	12.0	1.4	97279.3	-999.9
Ntarla	1993	10	1	274	23.1	32.7	22.1	-999.9	0.0	1.8	97295.2	-999.9
Ntarla	1993	10	2	275	23.1	33.0	22.4	-999.9	0.0	1.7	97365.5	-999.9
Ntarla	1993	10	3	276	23.0	34.1	22.5	-999.9	0.0	1.6	97334.6	-999.9
Ntarla	1993	10	4	277	23.1	35.3	23.2	-999.9	0.0	1.6	97271.8	-999.9
Ntarla	1993	10	5	278	24.1	33.2	21.1	-999.9	0.8	2.3	97456.1	-999.9
Ntarla	1993	10	6	279	23.1	34.4	22.6	-999.9	4.0	1.8	97434.3	-999.9
Ntarla	1993	10	7	280	23.9	34.4	19.6	-999.9	4.0	1.3	97404.4	-999.9
Ntarla	1993	10	8	281	23.3	33.4	20.1	-999.9	0.0	1.3	97392.1	-999.9
Ntarla	1993	10	9	282	23.7	34.1	20.9	-999.9	4.0	1.9	97446.6	-999.9
Ntarla	1993	10	10	283	23.6	31.2	16.3	-999.9	0.0	1.8	97558.7	-999.9
Ntarla	1993	10	11	284	22.9	32.6	19.6	-999.9	0.0	1.4	97498.8	-999.9
Ntarla	1993	10	12	285	24.3	34.3	18.9	-999.9	0.0	1.7	97357.2	-999.9
Ntarla	1993	10	13	286	23.2	33.2	20.2	-999.9	0.0	1.4	97321.9	-999.9
Ntarla	1993	10	14	287	23.8	33.9	21.9	-999.9	0.0	1.6	97347.6	-999.9
Ntarla	1993	10	15	288	23.6	34.3	21.5	-999.9	0.0	1.3	97258.5	-999.9
Ntarla	1993	10	16	289	24.6	34.3	20.5	-999.9	0.0	1.2	97133.5	-999.9
Ntarla	1993	10	17	290	24.7	34.2	20.3	-999.9	0.0	1.5	97173.1	-999.9
Ntarla	1993	10	18	291	24.1	34.0	20.8	-999.9	6.7	1.6	97277.0	-999.9
Ntarla	1993	10	19	292	23.2	32.2	19.5	-999.9	0.0	1.8	97293.6	-999.9
Ntarla	1993	10	20	293	22.9	33.3	20.3	-999.9	0.0	1.6	97253.6	-999.9
Ntarla	1993	10	21	294	21.9	35.0	22.5	-999.9	0.0	1.5	97159.7	-999.9
Ntarla	1993	10	22	295	22.3	34.1	21.5	-999.9	0.0	1.8	97207.1	-999.9
Ntarla	1993	10	23	296	23.7	33.5	19.7	-999.9	0.0	1.8	97272.2	-999.9
Ntarla	1993	10	24	297	23.2	32.4	19.7	-999.9	3.7	1.4	97324.8	-999.9
Ntarla	1993	10	25	298	24.1	33.9	20.9	-999.9	0.0	1.7	97334.9	-999.9
Ntarla	1993	10	26	299	23.7	34.9	20.9	-999.9	0.0	1.4	97271.2	-999.9
Ntarla	1993	10	27	300	23.8	35.4	20.5	-999.9	0.0	1.7	97216.2	-999.9
Ntarla	1993	10	28	301	23.6	36.5	20.3	-999.9	0.0	2.3	97194.2	-999.9
Ntarla	1993	10	29	302	23.9	35.8	20.2	-999.9	0.0	2.0	97250.5	-999.9
Ntarla	1993	10	30	303	25.1	35.4	20.2	-999.9	0.0	2.0	97289.3	-999.9
Ntarla	1993	10	31	304	24.7	34.9	19.6	-999.9	0.0	1.7	97326.5	-999.9
Ntarla	1993	11	1	305	24.0	35.4	19.2	-999.9	0.0	1.6	97390.5	-999.9
Ntarla	1993	11	2	306	23.3	35.4	19.5	-999.9	0.0	1.8	97419.9	-999.9
Ntarla	1993	11	3	307	24.2	34.8	18.8	-999.9	0.0	1.7	97478.6	-999.9
Ntarla	1993	11	4	308	23.0	34.8	19.8	-999.9	0.0	1.5	97384.5	-999.9
Ntarla	1993	11	5	309	24.8	34.5	17.7	-999.9	0.0	1.3	97246.5	-999.9
Ntarla	1993	11	6	310	24.3	34.8	19.2	-999.9	0.0	1.4	97131.0	-999.9
Ntarla	1993	11	7	311	24.1	34.8	19.7	-999.9	0.0	1.3	97177.0	-999.9
Ntarla	1993	11	8	312	20.7	36.0	21.2	-999.9	0.0	1.8	97181.9	-999.9
Ntarla	1993	11	9	313	21.6	34.6	19.2	-999.9	0.0	1.4	97188.1	-999.9
Ntarla	1993	11	10	314	23.5	34.6	19.5	-999.9	0.0	1.7	97203.4	-999.9
Ntarla	1993	11	11	315	25.7	35.3	19.2	-999.9	0.0	1.5	97164.8	-999.9
Ntarla	1993	11	12	316	24.3	35.5	21.2	-999.9	0.9	2.8	97151.5	-999.9
Ntarla	1993	11	13	317	23.5	34.8	21.1	-999.9	0.0	1.7	97139.8	-999.9
Ntarla	1993	11	14	318	21.8	34.1	20.0	-999.9	0.0	1.7	97170.7	-999.9
Ntarla	1993	11	15	319	23.7	35.3	20.0	-999.9	0.0	2.0	97149.8	-999.9
Ntarla	1993	11	16	320	22.6	34.5	19.1	-999.9	0.0	1.5	97095.8	-999.9
Ntarla	1993	11	17	321	23.9	35.4	19.7	-999.9	0.0	1.5	97011.9	-999.9
Ntarla	1993	11	18	322	23.9	34.6	19.3	-999.9	0.0	1.3	96979.2	-999.9
Ntarla	1993	11	19	323	25.1	34.5	18.4	-999.9	0.0	1.0	96979.0	-999.9
Ntarla	1993	11	20	324	23.7	35.1	19.8	-999.9	0.0	0.9	96955.0	-999.9
Ntarla	1993	11	21	325	24.5	33.9	18.1	-999.9	0.0	1.4	97116.3	-999.9
Ntarla	1993	11	22	326	24.0	34.7	19.8	-999.9	0.0	1.4	97266.6	-999.9
Ntarla	1993	11	23	327	22.9	35.5	19.7	-999.9	0.0	1.8	97206.8	-999.9
Ntarla	1993	11	24	328	21.3	35.5	20.7	-999.9	0.0	1.2	97066.6	-999.9
Ntarla	1993	11	25	329	22.0	34.6	18.7	-999.9	0.0	1.8	97147.0	-999.9
Ntarla	1993	11	26	330	23.2	33.7	18.6	-999.9	0.0	2.8	97324.4	-999.9
Ntarla	1993	11	27	331	22.7	33.9	19.6	-999.9	0.0	3.0	97380.0	-999.9
Ntarla	1993	11	28	332	22.3	33.0	19.8	-999.9	0.0	3.0	97435.8	-999.9
Ntarla	1993	11	29	333	20.7	32.4	20.4	-999.9	0.0	2.9	97466.0	-999.9
Ntarla	1993	11	30	334	19.0	30.8	20.0	-999.9	0.0	2.5	97424.2	-999.9
Ntarla	1993	12	1	335	17.5	30.7	20.1	-999.9	0.0	1.9	97337.1	-999.9
Ntarla	1993	12	2	336	18.0	32.2	20.5	-999.9	0.0	1.9	97311.2	-999.9
Ntarla	1993	12	3	337	19.5	33.3	20.2	-999.9	1.0	2.2	97293.6	-999.9
Ntarla	1993	12	4	338	21.5	33.0	20.0	-999.9	0.0	2.5	97291.5	-999.9
Ntarla	1993	12	5	339	20.8	33.2	19.6	-999.9	0.0	2.2	97437.0	-999.9
Ntarla	1993	12	6	340	21.1	33.3	19.9	-999.9	0.0	2.3	97483.2	-999.9
Ntarla	1993	12	7	341	19.2	34.2	20.3	-999.9	0.0	1.8	97377.9	-999.9
Ntarla	1993	12	8	342	19.5	34.6	20.2	-999.9	0.0	2.2	97368.8	-999.9
Ntarla	1993	12	9	343	19.8	34.7	20.2	-999.9	0.0	2.3	97406.7	-999.9
Ntarla	1993	12	10	344	20.6	34.2	20.4	-999.9	0.0	2.4	97473.3	-999.9
Ntarla	1993	12	11	345	18.5	32.5	20.8	-999.9	0.0	2.2	97403.1	-999.9
Ntarla	1993	12	12	346	19.3	33.2	20.5	-999.9	0.0	2.3	97287.7	-999.9
Ntarla	1993	12	13	347	19.6	32.6	20.4	-999.9	0.0	2.3	97323.3	-999.9
Ntarla	1993	12	14	348	17.7	31.9	20.5	-999.9	0.0	1.9	97331.4	-999.9
Ntarla	1993	12	15	349	15.7	32.3	19.9	-999.9	0.0	1.6	97320.3	-999.9
Ntarla	1993	12	16	350	16.6	33.0	20.4	-999.9	0.0	2.0	97325.4	-999.9
Ntarla	1993	12	17	351	17.8	32.2	20.2	-999.9	0.0	2.2	97421.9	-999.9
Ntarla	1993	12	18	352	18.2	31.9	19.9	-999.9	0.0	2.3	97496.5	-999.9
Ntarla	1993	12	19	353	18.1	32.2	20.1	-999.9	0.0	2.1	97468.4	-999.9
Ntarla	1993	12	20	354	17.6	33.1	19.9	-999.9	0.0	2.1	97336.0	-999.9
Ntarla	1993	12	21	355	18.9	32.5	19.7	-999.9	0.0	2.2	97360.0	-999.9
Ntarla	1993	12	22	356	18.0	31.8	19.7	-999.9	0.0	2.1	97468.7	-999.9
Ntarla	1993	12	23	357	18.8	31.7	19.0	-999.9	0.0	2.5	97565.8	-999.9
Ntarla	1993	12	24	358	19.4	32.0	19.9	-999.9	0.0	2.3	97520.9	-999.9
Ntarla	1993	12	25	359	17.8	31.1	20.2	-999.9	0.0	2.5	97526.1	-999.9
Ntarla	1993	12	26	360	17.7	31.6	20.0	-999.9	0.0	2.2	97511.9	-999.9
Ntarla	1993	12	27	361	17.1	31.7	20.1	-999.9	0.0	2.1	97484.1	-999.9
Ntarla	1993	12	28	362	17.2	31.4	20.2	-999.9	0.0	2.5	97425.5	-999.9
Ntarla	1993	12	29	363	16.5	29.4	19.9	-999.9	0.0	2.8	97493.6	-999.9
Ntarla	1993	12	30	364	15.0	28.2	20.9	-999.9	0.0	2.9	97589.6	-999.9
Ntarla	1993	12	31	365	13.1	28.4	21.0	-999.9	0.0	2.8	97688.0	-999.9
