Ntarla	1996	1	1	1	16.2	32.6	21.1	-999.9	0.0	2.4	97446.7	-999.9
Ntarla	1996	1	2	2	16.2	32.3	17.8	-999.9	0.0	2.0	97432.4	-999.9
Ntarla	1996	1	3	3	15.3	33.6	20.9	-999.9	0.0	2.1	97440.4	-999.9
Ntarla	1996	1	4	4	16.5	33.8	20.8	-999.9	0.0	2.0	97381.9	-999.9
Ntarla	1996	1	5	5	17.3	33.6	20.8	-999.9	0.0	1.9	97263.6	-999.9
Ntarla	1996	1	6	6	16.3	33.9	20.7	-999.9	0.0	1.9	97216.3	-999.9
Ntarla	1996	1	7	7	16.6	33.9	20.1	-999.9	0.0	2.3	97333.8	-999.9
Ntarla	1996	1	8	8	18.5	33.6	21.1	-999.9	0.0	2.6	97499.7	-999.9
Ntarla	1996	1	9	9	17.2	33.2	21.3	-999.9	0.0	2.4	97547.0	-999.9
Ntarla	1996	1	10	10	16.5	32.9	21.4	-999.9	0.0	2.3	97485.1	-999.9
Ntarla	1996	1	11	11	15.8	32.0	21.4	-999.9	0.0	2.4	97370.8	-999.9
Ntarla	1996	1	12	12	15.9	31.5	21.3	-999.9	0.0	2.3	97305.1	-999.9
Ntarla	1996	1	13	13	14.4	31.2	21.4	-999.9	0.0	2.1	97261.4	-999.9
Ntarla	1996	1	14	14	14.4	31.7	21.2	-999.9	0.0	1.9	97260.2	-999.9
Ntarla	1996	1	15	15	16.1	33.3	21.0	-999.9	0.0	2.1	97103.4	-999.9
Ntarla	1996	1	16	16	17.4	33.8	18.5	-999.9	0.0	1.6	97003.9	-999.9
Ntarla	1996	1	17	17	23.2	31.4	13.1	-999.9	0.0	1.2	97079.3	-999.9
Ntarla	1996	1	18	18	21.7	31.6	15.5	-999.9	0.0	2.4	97153.7	-999.9
Ntarla	1996	1	19	19	21.0	32.4	19.3	-999.9	0.0	2.0	97257.7	-999.9
Ntarla	1996	1	20	20	20.5	32.6	20.0	-999.9	0.0	2.4	97132.4	-999.9
Ntarla	1996	1	21	21	19.7	33.7	20.7	-999.9	0.0	2.1	97062.4	-999.9
Ntarla	1996	1	22	22	20.5	34.4	20.9	-999.9	0.0	2.2	97125.8	-999.9
Ntarla	1996	1	23	23	21.2	35.6	21.0	-999.9	0.0	2.3	97215.5	-999.9
Ntarla	1996	1	24	24	21.2	35.8	21.1	-999.9	0.0	2.1	97225.7	-999.9
Ntarla	1996	1	25	25	20.7	35.7	21.1	-999.9	0.0	2.1	97134.4	-999.9
Ntarla	1996	1	26	26	20.1	34.0	21.2	-999.9	0.0	2.1	97120.5	-999.9
Ntarla	1996	1	27	27	20.4	36.0	21.4	-999.9	0.0	2.1	97014.8	-999.9
Ntarla	1996	1	28	28	19.6	37.0	21.4	-999.9	0.0	2.4	97069.2	-999.9
Ntarla	1996	1	29	29	24.0	37.0	21.5	-999.9	0.0	3.1	97089.5	-999.9
Ntarla	1996	1	30	30	22.4	36.6	21.6	-999.9	0.0	2.5	97111.9	-999.9
Ntarla	1996	1	31	31	22.3	35.8	21.5	-999.9	0.0	2.8	97128.2	-999.9
Ntarla	1996	2	1	32	22.2	34.9	21.6	-999.9	0.0	3.0	97158.3	-999.9
Ntarla	1996	2	2	33	21.8	35.1	21.7	-999.9	0.0	2.6	97161.8	-999.9
Ntarla	1996	2	3	34	19.9	35.5	21.6	-999.9	0.0	1.6	97105.1	-999.9
Ntarla	1996	2	4	35	21.6	36.2	21.8	-999.9	0.0	2.0	96987.2	-999.9
Ntarla	1996	2	5	36	21.4	35.7	21.9	-999.9	0.0	2.0	97077.1	-999.9
Ntarla	1996	2	6	37	22.4	36.4	22.1	-999.9	0.0	2.9	97192.8	-999.9
Ntarla	1996	2	7	38	20.6	34.6	22.3	-999.9	0.0	2.5	97202.4	-999.9
Ntarla	1996	2	8	39	18.4	34.4	22.5	-999.9	0.0	2.1	97225.1	-999.9
Ntarla	1996	2	9	40	18.5	35.3	22.6	-999.9	0.0	1.9	97208.1	-999.9
Ntarla	1996	2	10	41	19.1	35.8	22.5	-999.9	0.0	1.9	97166.7	-999.9
Ntarla	1996	2	11	42	20.3	36.2	21.6	-999.9	0.0	1.7	97160.7	-999.9
Ntarla	1996	2	12	43	20.5	36.0	22.4	-999.9	0.0	2.4	97140.9	-999.9
Ntarla	1996	2	13	44	18.8	34.6	22.5	-999.9	0.0	2.5	97147.5	-999.9
Ntarla	1996	2	14	45	20.6	34.6	22.0	-999.9	0.0	1.7	97077.6	-999.9
Ntarla	1996	2	15	46	21.9	33.7	17.6	-999.9	0.0	1.3	97189.8	-999.9
Ntarla	1996	2	16	47	24.7	35.3	20.5	-999.9	0.0	2.2	97151.5	-999.9
Ntarla	1996	2	17	48	21.0	36.6	22.6	-999.9	0.0	2.1	97051.4	-999.9
Ntarla	1996	2	18	49	22.9	36.8	23.0	-999.9	0.0	3.0	97105.7	-999.9
Ntarla	1996	2	19	50	22.4	35.1	23.3	-999.9	0.0	3.0	97266.8	-999.9
Ntarla	1996	2	20	51	20.4	34.9	23.7	-999.9	0.0	2.8	97298.3	-999.9
Ntarla	1996	2	21	52	20.1	35.2	23.5	-999.9	0.0	2.4	97272.1	-999.9
Ntarla	1996	2	22	53	20.5	35.6	23.8	-999.9	0.0	2.6	97297.0	-999.9
Ntarla	1996	2	23	54	20.6	36.3	23.8	-999.9	0.0	2.9	97234.7	-999.9
Ntarla	1996	2	24	55	21.0	37.5	23.9	-999.9	0.0	2.3	97154.2	-999.9
Ntarla	1996	2	25	56	20.6	38.3	23.8	-999.9	0.0	2.1	97054.1	-999.9
Ntarla	1996	2	26	57	23.4	37.3	21.0	-999.9	0.0	2.1	96963.6	-999.9
Ntarla	1996	2	27	58	22.4	35.7	22.8	-999.9	0.0	3.1	96974.6	-999.9
Ntarla	1996	2	28	59	21.1	34.7	23.8	-999.9	0.0	2.6	97083.1	-999.9
Ntarla	1996	2	29	60	20.4	34.7	23.8	-999.9	0.0	2.7	97231.8	-999.9
Ntarla	1996	3	1	61	20.7	35.4	23.9	-999.9	0.0	2.6	97267.6	-999.9
Ntarla	1996	3	2	62	22.0	36.3	23.6	-999.9	0.0	2.1	97155.0	-999.9
Ntarla	1996	3	3	63	20.7	37.5	22.1	-999.9	0.0	1.7	97027.0	-999.9
Ntarla	1996	3	4	64	24.9	38.4	22.5	-999.9	0.0	1.9	96944.1	-999.9
Ntarla	1996	3	5	65	24.1	38.3	22.6	-999.9	0.0	1.4	97020.2	-999.9
Ntarla	1996	3	6	66	27.1	37.1	19.6	-999.9	0.0	2.8	97047.0	-999.9
Ntarla	1996	3	7	67	26.0	36.5	17.0	-999.9	0.0	1.7	96927.3	-999.9
Ntarla	1996	3	8	68	25.9	37.4	21.9	-999.9	0.0	2.2	96956.2	-999.9
Ntarla	1996	3	9	69	26.5	35.8	22.3	-999.9	0.0	3.6	97243.7	-999.9
Ntarla	1996	3	10	70	24.7	34.6	22.6	-999.9	0.0	3.4	97303.6	-999.9
Ntarla	1996	3	11	71	23.4	36.2	22.1	-999.9	0.0	1.9	96990.5	-999.9
Ntarla	1996	3	12	72	24.6	34.9	22.2	-999.9	0.0	2.3	97025.9	-999.9
Ntarla	1996	3	13	73	24.0	34.6	23.2	-999.9	0.0	2.8	97169.1	-999.9
Ntarla	1996	3	14	74	24.1	35.2	22.6	-999.9	0.0	2.5	97238.4	-999.9
Ntarla	1996	3	15	75	24.1	34.6	22.7	-999.9	0.0	2.3	97187.5	-999.9
Ntarla	1996	3	16	76	21.7	36.5	24.0	-999.9	0.0	1.7	97140.0	-999.9
Ntarla	1996	3	17	77	22.3	37.2	24.4	-999.9	0.0	2.4	97116.4	-999.9
Ntarla	1996	3	18	78	24.1	37.5	24.8	-999.9	0.0	2.6	97022.1	-999.9
Ntarla	1996	3	19	79	22.2	37.4	25.3	-999.9	0.0	1.8	97002.5	-999.9
Ntarla	1996	3	20	80	23.0	38.3	25.5	-999.9	0.0	2.0	96921.1	-999.9
Ntarla	1996	3	21	81	22.3	37.8	25.6	-999.9	0.0	1.9	96972.7	-999.9
Ntarla	1996	3	22	82	21.8	38.4	25.9	-999.9	0.0	2.7	97027.0	-999.9
Ntarla	1996	3	23	83	21.8	37.5	22.7	-999.9	0.0	2.3	97053.2	-999.9
Ntarla	1996	3	24	84	20.9	38.2	22.0	-999.9	0.0	2.3	97068.2	-999.9
Ntarla	1996	3	25	85	26.5	37.0	19.3	-999.9	0.0	1.9	97168.2	-999.9
Ntarla	1996	3	26	86	24.9	37.1	23.3	-999.9	0.0	1.7	97137.2	-999.9
Ntarla	1996	3	27	87	23.4	37.7	24.3	-999.9	0.0	1.5	97098.1	-999.9
Ntarla	1996	3	28	88	22.7	38.8	25.6	-999.9	0.0	1.9	97112.1	-999.9
Ntarla	1996	3	29	89	21.5	39.5	26.3	-999.9	0.0	2.1	97081.3	-999.9
Ntarla	1996	3	30	90	22.2	39.3	26.4	-999.9	0.0	2.6	97064.2	-999.9
Ntarla	1996	3	31	91	22.2	38.6	25.4	-999.9	0.0	2.1	97099.2	-999.9
Ntarla	1996	4	1	92	23.7	38.5	24.7	-999.9	0.0	1.8	97077.5	-999.9
Ntarla	1996	4	2	93	25.1	38.6	23.8	-999.9	0.0	1.8	96951.1	-999.9
Ntarla	1996	4	3	94	24.8	37.8	22.5	-999.9	0.0	2.2	96960.0	-999.9
Ntarla	1996	4	4	95	25.8	37.7	22.1	-999.9	0.0	2.0	97041.4	-999.9
Ntarla	1996	4	5	96	26.4	37.3	21.0	-999.9	0.0	2.0	97038.9	-999.9
Ntarla	1996	4	6	97	24.6	39.5	24.6	-999.9	0.0	2.0	96917.1	-999.9
Ntarla	1996	4	7	98	24.6	37.8	19.3	-999.9	0.0	2.2	96990.7	-999.9
Ntarla	1996	4	8	99	23.1	39.3	26.3	-999.9	0.0	1.8	97033.9	-999.9
Ntarla	1996	4	9	100	21.8	38.3	25.2	-999.9	0.0	1.6	97069.1	-999.9
Ntarla	1996	4	10	101	22.8	37.2	26.4	-999.9	0.0	2.2	97120.3	-999.9
Ntarla	1996	4	11	102	22.3	36.6	26.6	-999.9	0.0	2.3	97007.6	-999.9
Ntarla	1996	4	12	103	22.9	37.9	26.5	-999.9	0.0	1.9	96846.8	-999.9
Ntarla	1996	4	13	104	24.9	35.7	20.1	-999.9	0.0	2.6	96865.8	-999.9
Ntarla	1996	4	14	105	27.9	36.1	19.3	-999.9	3.7	2.1	96965.5	-999.9
Ntarla	1996	4	15	106	26.4	30.9	16.4	-999.9	0.0	2.0	97201.6	-999.9
Ntarla	1996	4	16	107	24.6	33.8	18.7	-999.9	0.0	1.6	97096.6	-999.9
Ntarla	1996	4	17	108	23.9	35.5	24.3	-999.9	0.0	1.6	97008.8	-999.9
Ntarla	1996	4	18	109	25.3	36.5	22.9	-999.9	0.0	2.3	97025.5	-999.9
Ntarla	1996	4	19	110	25.7	36.9	24.2	-999.9	0.0	2.1	96999.4	-999.9
Ntarla	1996	4	20	111	25.9	36.7	22.8	-999.9	0.0	2.0	96938.9	-999.9
Ntarla	1996	4	21	112	26.7	37.6	22.0	-999.9	0.0	2.2	96989.1	-999.9
Ntarla	1996	4	22	113	24.9	34.9	22.6	-999.9	0.0	1.9	97174.4	-999.9
Ntarla	1996	4	23	114	25.7	36.3	25.0	-999.9	0.0	1.7	97201.0	-999.9
Ntarla	1996	4	24	115	26.8	34.9	21.4	-999.9	7.0	2.2	97188.0	-999.9
Ntarla	1996	4	25	116	27.0	36.8	23.2	-999.9	0.0	1.8	97067.6	-999.9
Ntarla	1996	4	26	117	26.3	38.0	24.9	-999.9	0.0	2.1	97004.3	-999.9
Ntarla	1996	4	27	118	26.6	38.1	23.5	-999.9	1.9	2.3	97031.3	-999.9
Ntarla	1996	4	28	119	26.1	36.5	22.2	-999.9	5.6	2.1	97172.8	-999.9
Ntarla	1996	4	29	120	27.7	37.4	21.8	-999.9	0.0	1.6	97081.5	-999.9
Ntarla	1996	4	30	121	28.5	38.3	23.8	-999.9	0.0	1.4	97032.0	-999.9
Ntarla	1996	5	1	122	25.5	39.2	26.1	-999.9	0.0	2.1	97108.4	-999.9
Ntarla	1996	5	2	123	23.1	39.4	26.9	-999.9	0.0	2.4	97091.8	-999.9
Ntarla	1996	5	3	124	21.9	38.4	26.9	-999.9	0.0	2.0	97064.7	-999.9
Ntarla	1996	5	4	125	22.7	38.6	26.5	-999.9	0.0	1.8	97109.5	-999.9
Ntarla	1996	5	5	126	24.5	39.2	26.9	-999.9	0.0	2.2	97046.4	-999.9
Ntarla	1996	5	6	127	24.1	40.0	26.7	-999.9	0.0	2.0	96976.8	-999.9
Ntarla	1996	5	7	128	26.9	39.3	24.4	-999.9	0.0	2.4	96965.0	-999.9
Ntarla	1996	5	8	129	28.4	39.2	21.8	-999.9	0.0	2.7	97090.0	-999.9
Ntarla	1996	5	9	130	24.8	35.0	20.2	-999.9	0.0	2.6	97187.2	-999.9
Ntarla	1996	5	10	131	26.5	35.5	22.6	-999.9	5.4	2.5	97169.9	-999.9
Ntarla	1996	5	11	132	25.8	34.7	20.5	-999.9	0.0	1.7	97235.5	-999.9
Ntarla	1996	5	12	133	26.0	37.5	24.3	-999.9	0.0	1.6	97248.5	-999.9
Ntarla	1996	5	13	134	25.9	38.0	23.9	-999.9	3.9	2.6	97180.7	-999.9
Ntarla	1996	5	14	135	27.0	37.4	24.1	-999.9	7.9	3.0	97041.7	-999.9
Ntarla	1996	5	15	136	27.9	36.5	21.2	-999.9	0.0	2.1	96990.0	-999.9
Ntarla	1996	5	16	137	26.3	36.8	21.5	-999.9	2.3	2.5	97051.7	-999.9
Ntarla	1996	5	17	138	25.4	36.7	23.3	-999.9	6.8	1.9	97162.8	-999.9
Ntarla	1996	5	18	139	25.5	37.2	23.7	-999.9	2.3	2.4	97200.1	-999.9
Ntarla	1996	5	19	140	25.9	37.8	24.5	-999.9	4.5	1.9	97092.1	-999.9
Ntarla	1996	5	20	141	25.9	39.2	24.8	-999.9	0.0	3.4	97038.4	-999.9
Ntarla	1996	5	21	142	26.4	37.1	25.1	-999.9	0.0	3.1	97088.8	-999.9
Ntarla	1996	5	22	143	26.5	36.4	23.3	-999.9	0.0	2.4	97156.0	-999.9
Ntarla	1996	5	23	144	26.3	37.3	22.9	-999.9	1.9	2.2	97109.4	-999.9
Ntarla	1996	5	24	145	26.8	35.2	22.2	-999.9	0.0	1.4	97177.9	-999.9
Ntarla	1996	5	25	146	25.1	33.7	23.1	-999.9	5.7	1.9	97324.8	-999.9
Ntarla	1996	5	26	147	24.4	31.9	19.7	-999.9	19.2	1.7	97424.1	-999.9
Ntarla	1996	5	27	148	24.0	31.1	16.9	-999.9	4.2	1.8	97402.7	-999.9
Ntarla	1996	5	28	149	23.8	31.6	21.5	-999.9	8.4	2.0	97351.8	-999.9
Ntarla	1996	5	29	150	24.1	31.5	21.4	-999.9	0.0	2.6	97288.5	-999.9
Ntarla	1996	5	30	151	24.7	34.1	24.9	-999.9	8.4	3.1	97181.5	-999.9
Ntarla	1996	5	31	152	24.3	34.4	25.0	-999.9	0.0	2.3	97234.4	-999.9
Ntarla	1996	6	1	153	25.1	33.6	22.9	-999.9	0.0	2.3	97283.9	-999.9
Ntarla	1996	6	2	154	25.4	34.5	24.6	-999.9	0.0	2.8	97260.4	-999.9
Ntarla	1996	6	3	155	25.2	34.9	23.6	-999.9	7.2	2.3	97141.5	-999.9
Ntarla	1996	6	4	156	23.6	34.6	22.9	-999.9	0.0	2.8	97215.1	-999.9
Ntarla	1996	6	5	157	24.2	32.1	21.8	-999.9	7.2	2.7	97360.6	-999.9
Ntarla	1996	6	6	158	23.9	31.5	21.3	-999.9	0.0	2.6	97468.2	-999.9
Ntarla	1996	6	7	159	24.0	32.9	23.9	-999.9	0.0	2.3	97526.7	-999.9
Ntarla	1996	6	8	160	23.9	33.7	22.5	-999.9	8.5	1.8	97553.7	-999.9
Ntarla	1996	6	9	161	23.6	35.1	24.4	-999.9	0.0	2.0	97369.4	-999.9
Ntarla	1996	6	10	162	25.0	33.6	23.6	-999.9	16.9	3.1	97261.0	-999.9
Ntarla	1996	6	11	163	24.7	33.4	23.1	-999.9	0.0	2.5	97338.7	-999.9
Ntarla	1996	6	12	164	24.1	32.7	23.3	-999.9	0.0	1.9	97413.9	-999.9
Ntarla	1996	6	13	165	23.7	33.1	22.9	-999.9	0.0	1.6	97425.8	-999.9
Ntarla	1996	6	14	166	24.6	33.7	24.1	-999.9	6.3	2.0	97370.6	-999.9
Ntarla	1996	6	15	167	25.4	33.8	23.2	-999.9	0.0	2.4	97289.1	-999.9
Ntarla	1996	6	16	168	25.1	34.8	24.1	-999.9	0.0	1.9	97232.2	-999.9
Ntarla	1996	6	17	169	25.6	35.6	24.4	-999.9	0.0	1.9	97283.7	-999.9
Ntarla	1996	6	18	170	25.2	34.8	23.0	-999.9	4.7	2.0	97335.7	-999.9
Ntarla	1996	6	19	171	25.7	36.0	23.7	-999.9	0.0	1.9	97249.2	-999.9
Ntarla	1996	6	20	172	26.4	37.0	24.3	-999.9	2.4	1.6	97170.8	-999.9
Ntarla	1996	6	21	173	26.9	37.5	24.7	-999.9	4.7	2.7	97168.2	-999.9
Ntarla	1996	6	22	174	25.7	33.7	17.7	-999.9	0.0	2.9	97400.5	-999.9
Ntarla	1996	6	23	175	24.2	36.7	23.8	-999.9	2.4	1.9	97465.4	-999.9
Ntarla	1996	6	24	176	25.3	34.5	23.3	-999.9	0.0	2.4	97381.5	-999.9
Ntarla	1996	6	25	177	25.2	34.9	23.6	-999.9	4.7	2.6	97276.0	-999.9
Ntarla	1996	6	26	178	24.9	35.5	24.4	-999.9	0.0	2.5	97167.8	-999.9
Ntarla	1996	6	27	179	25.5	36.3	24.2	-999.9	10.2	2.8	97105.7	-999.9
Ntarla	1996	6	28	180	24.9	34.1	22.7	-999.9	0.0	2.8	97269.5	-999.9
Ntarla	1996	6	29	181	24.6	35.2	24.5	-999.9	0.0	2.3	97431.2	-999.9
Ntarla	1996	6	30	182	26.4	35.5	23.7	-999.9	20.3	2.0	97435.6	-999.9
Ntarla	1996	7	1	183	23.9	33.9	21.2	-999.9	8.9	2.3	97422.2	-999.9
Ntarla	1996	7	2	184	24.2	32.4	20.5	-999.9	4.5	2.1	97420.4	-999.9
Ntarla	1996	7	3	185	23.8	33.8	20.3	-999.9	0.0	1.6	97472.8	-999.9
Ntarla	1996	7	4	186	25.2	31.9	20.2	-999.9	0.0	2.2	97496.7	-999.9
Ntarla	1996	7	5	187	25.5	35.7	24.5	-999.9	0.0	2.6	97408.5	-999.9
Ntarla	1996	7	6	188	23.9	30.2	17.2	-999.9	9.6	2.1	97454.3	-999.9
Ntarla	1996	7	7	189	22.5	31.2	22.6	-999.9	4.2	1.6	97356.7	-999.9
Ntarla	1996	7	8	190	23.5	31.0	22.1	-999.9	0.0	1.7	97339.5	-999.9
Ntarla	1996	7	9	191	23.8	32.9	23.9	-999.9	0.0	1.8	97453.5	-999.9
Ntarla	1996	7	10	192	24.1	33.1	22.6	-999.9	8.4	3.2	97393.7	-999.9
Ntarla	1996	7	11	193	24.4	32.6	22.7	-999.9	0.0	2.8	97374.0	-999.9
Ntarla	1996	7	12	194	22.4	32.6	23.1	-999.9	0.0	2.0	97496.6	-999.9
Ntarla	1996	7	13	195	23.5	31.6	20.5	-999.9	15.8	1.7	97518.1	-999.9
Ntarla	1996	7	14	196	24.2	29.9	17.9	-999.9	0.0	2.6	97520.5	-999.9
Ntarla	1996	7	15	197	23.8	31.7	22.6	-999.9	0.0	2.1	97504.0	-999.9
Ntarla	1996	7	16	198	23.1	32.7	24.0	-999.9	0.0	1.8	97545.4	-999.9
Ntarla	1996	7	17	199	24.1	33.9	23.9	-999.9	6.2	1.8	97490.7	-999.9
Ntarla	1996	7	18	200	25.5	33.7	23.5	-999.9	3.1	2.4	97467.6	-999.9
Ntarla	1996	7	19	201	24.8	34.7	22.9	-999.9	0.0	2.4	97537.2	-999.9
Ntarla	1996	7	20	202	24.1	32.9	22.4	-999.9	9.3	3.2	97435.1	-999.9
Ntarla	1996	7	21	203	24.8	31.5	20.1	-999.9	11.8	2.6	97383.7	-999.9
Ntarla	1996	7	22	204	23.9	32.9	21.5	-999.9	0.0	2.2	97463.4	-999.9
Ntarla	1996	7	23	205	23.3	28.9	12.1	-999.9	0.0	1.8	97549.7	-999.9
Ntarla	1996	7	24	206	22.5	29.2	15.9	-999.9	7.8	1.7	97509.1	-999.9
Ntarla	1996	7	25	207	23.0	30.9	20.6	-999.9	0.0	1.7	97513.3	-999.9
Ntarla	1996	7	26	208	23.8	31.8	20.9	-999.9	8.8	2.5	97512.8	-999.9
Ntarla	1996	7	27	209	23.6	30.7	20.1	-999.9	17.6	2.4	97432.1	-999.9
Ntarla	1996	7	28	210	22.3	27.0	10.8	-999.9	8.8	1.7	97542.1	-999.9
Ntarla	1996	7	29	211	22.6	28.7	17.4	-999.9	8.8	1.8	97572.9	-999.9
Ntarla	1996	7	30	212	22.8	28.9	16.3	-999.9	0.0	1.8	97598.5	-999.9
Ntarla	1996	7	31	213	22.2	28.8	16.5	-999.9	0.0	2.4	97544.3	-999.9
Ntarla	1996	8	1	214	22.5	29.5	17.8	-999.9	10.8	2.6	97561.3	-999.9
Ntarla	1996	8	2	215	22.6	30.7	22.6	-999.9	0.0	1.9	97668.6	-999.9
Ntarla	1996	8	3	216	23.6	30.7	20.1	-999.9	10.8	1.6	97661.9	-999.9
Ntarla	1996	8	4	217	23.0	27.8	14.3	-999.9	10.8	1.6	97589.9	-999.9
Ntarla	1996	8	5	218	21.7	28.0	15.9	-999.9	10.8	2.3	97630.7	-999.9
Ntarla	1996	8	6	219	23.1	30.9	21.0	-999.9	24.4	1.6	97648.1	-999.9
Ntarla	1996	8	7	220	23.1	30.8	19.1	-999.9	0.0	2.1	97470.8	-999.9
Ntarla	1996	8	8	221	23.3	31.2	22.8	-999.9	0.0	2.0	97341.4	-999.9
Ntarla	1996	8	9	222	23.9	31.0	23.4	-999.9	0.0	2.2	97355.9	-999.9
Ntarla	1996	8	10	223	23.5	30.3	20.9	-999.9	12.2	2.0	97393.9	-999.9
Ntarla	1996	8	11	224	22.8	29.1	18.5	-999.9	28.6	2.1	97502.5	-999.9
Ntarla	1996	8	12	225	22.7	30.1	21.2	-999.9	0.0	2.0	97537.5	-999.9
Ntarla	1996	8	13	226	22.9	29.9	17.2	-999.9	14.3	1.6	97412.0	-999.9
Ntarla	1996	8	14	227	23.1	28.3	14.4	-999.9	28.6	1.8	97306.5	-999.9
Ntarla	1996	8	15	228	22.1	27.8	14.9	-999.9	0.0	2.0	97394.9	-999.9
Ntarla	1996	8	16	229	22.2	29.5	20.0	-999.9	3.7	2.2	97507.5	-999.9
Ntarla	1996	8	17	230	23.1	27.2	12.7	-999.9	2.2	2.1	97436.6	-999.9
Ntarla	1996	8	18	231	22.2	27.5	14.0	-999.9	9.8	1.8	97317.3	-999.9
Ntarla	1996	8	19	232	21.3	28.7	17.2	-999.9	3.9	1.7	97376.5	-999.9
Ntarla	1996	8	20	233	22.6	29.3	20.0	-999.9	21.6	1.7	97359.6	-999.9
Ntarla	1996	8	21	234	22.3	30.0	21.7	-999.9	15.2	1.4	97348.9	-999.9
Ntarla	1996	8	22	235	22.8	29.1	19.6	-999.9	0.0	2.1	97482.5	-999.9
Ntarla	1996	8	23	236	21.4	29.8	20.9	-999.9	0.0	1.1	97510.7	-999.9
Ntarla	1996	8	24	237	21.6	30.4	21.6	-999.9	0.0	2.1	97329.4	-999.9
Ntarla	1996	8	25	238	22.8	29.4	18.9	-999.9	0.0	2.1	97240.1	-999.9
Ntarla	1996	8	26	239	22.1	27.7	16.1	-999.9	0.0	2.1	97326.3	-999.9
Ntarla	1996	8	27	240	21.1	29.6	17.9	-999.9	0.0	1.4	97521.1	-999.9
Ntarla	1996	8	28	241	22.9	30.6	19.2	-999.9	0.0	1.4	97407.5	-999.9
Ntarla	1996	8	29	242	22.3	30.4	21.1	-999.9	0.0	2.3	97312.0	-999.9
Ntarla	1996	8	30	243	23.2	30.0	18.9	-999.9	10.2	2.0	97365.8	-999.9
Ntarla	1996	8	31	244	22.4	29.7	19.2	-999.9	10.2	1.2	97277.8	-999.9
Ntarla	1996	9	1	245	22.2	28.7	18.9	-999.9	0.0	1.8	97334.2	-999.9
Ntarla	1996	9	2	246	22.2	29.0	17.8	-999.9	0.0	1.9	97430.7	-999.9
Ntarla	1996	9	3	247	23.1	30.5	23.5	-999.9	10.8	1.4	97294.0	-999.9
Ntarla	1996	9	4	248	22.4	30.0	19.6	-999.9	5.4	1.3	97193.7	-999.9
Ntarla	1996	9	5	249	22.4	28.5	16.7	-999.9	0.0	1.7	97100.0	-999.9
Ntarla	1996	9	6	250	22.4	25.7	9.1	-999.9	25.1	3.1	97049.5	-999.9
Ntarla	1996	9	7	251	21.1	29.5	18.5	-999.9	0.0	1.7	97337.8	-999.9
Ntarla	1996	9	8	252	22.2	30.9	22.2	-999.9	0.0	2.5	97217.9	-999.9
Ntarla	1996	9	9	253	22.6	29.4	17.7	-999.9	25.1	2.7	97165.0	-999.9
Ntarla	1996	9	10	254	23.0	29.0	18.6	-999.9	8.4	2.2	97297.5	-999.9
Ntarla	1996	9	11	255	21.9	29.5	20.4	-999.9	15.2	1.6	97422.8	-999.9
Ntarla	1996	9	12	256	22.2	27.3	12.8	-999.9	7.6	1.3	97395.3	-999.9
Ntarla	1996	9	13	257	21.8	28.6	18.5	-999.9	0.0	1.8	97366.9	-999.9
Ntarla	1996	9	14	258	21.2	30.0	21.0	-999.9	0.0	1.4	97370.4	-999.9
Ntarla	1996	9	15	259	21.9	30.1	22.4	-999.9	7.6	1.4	97407.1	-999.9
Ntarla	1996	9	16	260	21.8	29.8	21.8	-999.9	16.6	1.3	97624.8	-999.9
Ntarla	1996	9	17	261	22.1	29.8	22.4	-999.9	0.0	1.2	97645.4	-999.9
Ntarla	1996	9	18	262	22.7	30.6	22.7	-999.9	0.0	1.8	97457.6	-999.9
Ntarla	1996	9	19	263	23.0	30.2	21.4	-999.9	33.2	2.0	97461.0	-999.9
Ntarla	1996	9	20	264	22.0	29.6	20.8	-999.9	16.6	1.1	97534.2	-999.9
Ntarla	1996	9	21	265	22.0	30.8	22.5	-999.9	8.2	1.1	97443.9	-999.9
Ntarla	1996	9	22	266	23.4	30.5	20.5	-999.9	8.2	1.8	97450.6	-999.9
Ntarla	1996	9	23	267	23.2	27.9	13.3	-999.9	0.0	1.9	97488.4	-999.9
Ntarla	1996	9	24	268	22.2	30.2	21.8	-999.9	16.4	1.6	97428.6	-999.9
Ntarla	1996	9	25	269	22.2	30.1	22.0	-999.9	0.0	1.4	97356.9	-999.9
Ntarla	1996	9	26	270	22.9	29.3	17.8	-999.9	9.4	1.7	97360.1	-999.9
Ntarla	1996	9	27	271	21.8	29.9	21.2	-999.9	0.0	1.3	97387.8	-999.9
Ntarla	1996	9	28	272	22.2	31.2	23.4	-999.9	0.0	1.6	97343.1	-999.9
Ntarla	1996	9	29	273	22.9	28.9	14.1	-999.9	18.8	1.6	97436.9	-999.9
Ntarla	1996	9	30	274	21.4	29.2	19.1	-999.9	9.4	1.4	97472.8	-999.9
Ntarla	1996	10	1	275	21.8	29.0	19.2	-999.9	9.9	1.2	97493.6	-999.9
Ntarla	1996	10	2	276	21.4	30.5	22.5	-999.9	4.9	1.4	97493.9	-999.9
Ntarla	1996	10	3	277	22.8	32.9	23.4	-999.9	0.0	1.9	97381.0	-999.9
Ntarla	1996	10	4	278	22.5	31.6	22.4	-999.9	0.0	1.9	97417.6	-999.9
Ntarla	1996	10	5	279	23.4	32.4	23.4	-999.9	0.0	2.1	97215.5	-999.9
Ntarla	1996	10	6	280	24.2	33.0	21.6	-999.9	0.0	2.0	97069.2	-999.9
Ntarla	1996	10	7	281	22.8	31.5	20.9	-999.9	0.0	2.0	97334.2	-999.9
Ntarla	1996	10	8	282	23.2	31.9	21.9	-999.9	10.3	1.2	97450.0	-999.9
Ntarla	1996	10	9	283	22.8	31.8	21.9	-999.9	0.0	1.6	97363.4	-999.9
Ntarla	1996	10	10	284	22.9	31.5	21.1	-999.9	0.0	1.8	97263.3	-999.9
Ntarla	1996	10	11	285	22.9	32.8	21.8	-999.9	0.0	1.5	97180.8	-999.9
Ntarla	1996	10	12	286	23.7	32.4	21.7	-999.9	4.6	1.7	97135.3	-999.9
Ntarla	1996	10	13	287	22.9	30.5	18.8	-999.9	4.6	1.7	97252.8	-999.9
Ntarla	1996	10	14	288	22.1	28.3	17.1	-999.9	0.0	2.0	97482.3	-999.9
Ntarla	1996	10	15	289	21.4	31.6	22.1	-999.9	0.0	1.4	97431.6	-999.9
Ntarla	1996	10	16	290	23.4	33.2	22.0	-999.9	0.0	1.2	97301.3	-999.9
Ntarla	1996	10	17	291	21.4	32.3	22.2	-999.9	0.0	1.3	97270.1	-999.9
Ntarla	1996	10	18	292	21.9	33.0	22.3	-999.9	0.0	1.4	97326.4	-999.9
Ntarla	1996	10	19	293	22.2	32.8	21.4	-999.9	0.0	1.4	97349.1	-999.9
Ntarla	1996	10	20	294	22.2	33.4	21.7	-999.9	0.0	1.4	97358.3	-999.9
Ntarla	1996	10	21	295	23.7	31.8	17.9	-999.9	0.0	1.6	97382.3	-999.9
Ntarla	1996	10	22	296	22.6	33.3	21.1	-999.9	4.2	1.4	97359.9	-999.9
Ntarla	1996	10	23	297	22.4	33.3	21.2	-999.9	0.0	1.4	97327.2	-999.9
Ntarla	1996	10	24	298	21.9	34.0	21.3	-999.9	0.0	1.5	97354.7	-999.9
Ntarla	1996	10	25	299	22.6	34.0	19.4	-999.9	0.0	1.6	97437.9	-999.9
Ntarla	1996	10	26	300	22.0	36.0	22.6	-999.9	0.0	1.4	97459.3	-999.9
Ntarla	1996	10	27	301	20.1	35.2	21.2	-999.9	0.0	1.4	97358.8	-999.9
Ntarla	1996	10	28	302	23.4	35.5	20.4	-999.9	6.0	1.2	97239.6	-999.9
Ntarla	1996	10	29	303	23.5	33.9	19.1	-999.9	6.0	1.7	97302.3	-999.9
Ntarla	1996	10	30	304	23.4	34.6	20.4	-999.9	0.0	2.1	97323.9	-999.9
Ntarla	1996	10	31	305	20.9	34.3	23.1	-999.9	0.0	2.4	97319.6	-999.9
Ntarla	1996	11	1	306	18.0	34.3	22.7	-999.9	0.0	2.0	97345.4	-999.9
Ntarla	1996	11	2	307	20.5	34.3	22.7	-999.9	0.0	2.4	97340.6	-999.9
Ntarla	1996	11	3	308	18.6	33.2	23.0	-999.9	0.0	2.2	97382.1	-999.9
Ntarla	1996	11	4	309	17.9	33.2	22.8	-999.9	0.0	2.1	97426.6	-999.9
Ntarla	1996	11	5	310	18.0	33.8	22.1	-999.9	0.0	2.0	97337.7	-999.9
Ntarla	1996	11	6	311	18.8	33.7	22.1	-999.9	0.0	2.1	97311.1	-999.9
Ntarla	1996	11	7	312	20.1	33.2	22.4	-999.9	0.0	2.3	97357.7	-999.9
Ntarla	1996	11	8	313	19.0	32.9	22.0	-999.9	0.0	2.2	97372.3	-999.9
Ntarla	1996	11	9	314	18.1	32.8	22.3	-999.9	1.8	2.0	97450.5	-999.9
Ntarla	1996	11	10	315	17.2	32.7	22.4	-999.9	0.0	2.0	97367.8	-999.9
Ntarla	1996	11	11	316	17.9	32.5	22.3	-999.9	0.0	1.9	97322.6	-999.9
Ntarla	1996	11	12	317	17.1	32.5	22.3	-999.9	0.0	1.9	97282.7	-999.9
Ntarla	1996	11	13	318	17.2	33.1	21.9	-999.9	0.0	1.4	97253.1	-999.9
Ntarla	1996	11	14	319	19.9	33.8	21.6	-999.9	0.0	1.5	97159.3	-999.9
Ntarla	1996	11	15	320	18.7	34.4	21.7	-999.9	0.0	2.1	97165.2	-999.9
Ntarla	1996	11	16	321	17.8	33.6	21.9	-999.9	0.0	2.2	97269.0	-999.9
Ntarla	1996	11	17	322	16.3	33.3	21.7	-999.9	0.0	2.0	97179.1	-999.9
Ntarla	1996	11	18	323	17.5	33.4	21.4	-999.9	0.0	1.9	97169.9	-999.9
Ntarla	1996	11	19	324	16.8	33.2	21.2	-999.9	0.0	2.0	97275.8	-999.9
Ntarla	1996	11	20	325	18.3	33.4	21.8	-999.9	0.0	2.4	97420.1	-999.9
Ntarla	1996	11	21	326	17.7	33.1	21.7	-999.9	0.0	2.2	97443.3	-999.9
Ntarla	1996	11	22	327	18.0	33.4	21.7	-999.9	0.0	2.2	97372.5	-999.9
Ntarla	1996	11	23	328	18.3	34.2	21.7	-999.9	0.0	2.3	97285.5	-999.9
Ntarla	1996	11	24	329	18.7	34.5	21.5	-999.9	0.0	2.2	97299.0	-999.9
Ntarla	1996	11	25	330	18.5	34.1	21.3	-999.9	0.0	2.3	97309.0	-999.9
Ntarla	1996	11	26	331	18.1	33.6	21.2	-999.9	0.0	2.0	97324.7	-999.9
Ntarla	1996	11	27	332	19.0	33.2	21.0	-999.9	0.0	2.2	97399.4	-999.9
Ntarla	1996	11	28	333	18.4	33.6	20.9	-999.9	0.0	2.0	97368.0	-999.9
Ntarla	1996	11	29	334	19.6	33.5	20.6	-999.9	0.0	2.2	97293.7	-999.9
Ntarla	1996	11	30	335	19.0	33.3	20.8	-999.9	0.0	2.1	97254.0	-999.9
Ntarla	1996	12	1	336	19.4	33.3	20.4	-999.9	0.0	2.0	97245.9	-999.9
Ntarla	1996	12	2	337	18.9	33.1	17.2	-999.9	0.0	2.0	97311.7	-999.9
Ntarla	1996	12	3	338	19.1	33.9	20.1	-999.9	0.0	1.9	97231.8	-999.9
Ntarla	1996	12	4	339	16.9	33.8	20.5	-999.9	0.0	1.7	97244.3	-999.9
Ntarla	1996	12	5	340	18.6	34.0	20.4	-999.9	0.0	2.0	97234.7	-999.9
Ntarla	1996	12	6	341	17.9	33.5	20.3	-999.9	0.0	2.1	97221.6	-999.9
Ntarla	1996	12	7	342	19.9	32.4	20.2	-999.9	0.0	2.6	97364.7	-999.9
Ntarla	1996	12	8	343	18.5	31.5	20.4	-999.9	0.0	2.5	97429.0	-999.9
Ntarla	1996	12	9	344	17.9	31.0	20.1	-999.9	0.0	2.6	97519.0	-999.9
Ntarla	1996	12	10	345	17.4	32.0	20.1	-999.9	0.0	2.2	97493.2	-999.9
Ntarla	1996	12	11	346	17.8	33.2	20.3	-999.9	0.0	2.2	97421.6	-999.9
Ntarla	1996	12	12	347	18.6	34.1	20.4	-999.9	0.0	2.3	97525.4	-999.9
Ntarla	1996	12	13	348	19.0	34.4	20.4	-999.9	0.0	2.7	97587.0	-999.9
Ntarla	1996	12	14	349	20.3	34.5	20.3	-999.9	0.0	2.6	97526.9	-999.9
Ntarla	1996	12	15	350	19.3	33.8	20.4	-999.9	0.0	2.1	97398.7	-999.9
Ntarla	1996	12	16	351	18.5	33.7	20.4	-999.9	0.0	2.2	97373.7	-999.9
Ntarla	1996	12	17	352	17.2	33.4	20.6	-999.9	0.0	2.1	97432.8	-999.9
Ntarla	1996	12	18	353	16.4	32.5	20.8	-999.9	0.0	2.3	97442.3	-999.9
Ntarla	1996	12	19	354	15.6	32.4	20.8	-999.9	0.0	2.1	97465.3	-999.9
Ntarla	1996	12	20	355	15.3	32.3	20.8	-999.9	0.0	1.8	97415.3	-999.9
Ntarla	1996	12	21	356	14.6	33.7	20.7	-999.9	0.0	1.6	97359.7	-999.9
Ntarla	1996	12	22	357	15.5	34.3	20.4	-999.9	0.0	1.9	97424.8	-999.9
Ntarla	1996	12	23	358	16.6	34.7	19.7	-999.9	0.0	2.0	97468.6	-999.9
Ntarla	1996	12	24	359	17.6	34.0	20.4	-999.9	0.0	2.1	97483.0	-999.9
Ntarla	1996	12	25	360	16.9	32.0	17.9	-999.9	0.5	2.1	97431.6	-999.9
Ntarla	1996	12	26	361	16.1	33.0	19.6	-999.9	0.5	1.9	97387.8	-999.9
Ntarla	1996	12	27	362	16.3	32.8	20.6	-999.9	0.0	2.3	97404.2	-999.9
Ntarla	1996	12	28	363	15.0	32.5	20.8	-999.9	0.0	2.1	97320.0	-999.9
Ntarla	1996	12	29	364	15.4	33.1	20.4	-999.9	0.0	2.0	97255.6	-999.9
Ntarla	1996	12	30	365	17.7	33.5	20.0	-999.9	0.0	2.2	97181.1	-999.9
Ntarla	1996	12	31	366	17.1	32.9	20.3	-999.9	0.0	2.3	97217.7	-999.9
