Ntarla	2000	1	1	1	18.2	29.8	13.4	-999.9	0.0	1.6	97014.0	-999.9
Ntarla	2000	1	2	2	19.9	26.9	15.5	-999.9	0.0	2.4	97198.2	-999.9
Ntarla	2000	1	3	3	17.9	27.4	15.2	-999.9	0.0	2.5	97286.0	-999.9
Ntarla	2000	1	4	4	17.5	29.0	17.1	-999.9	0.0	2.5	97240.3	-999.9
Ntarla	2000	1	5	5	17.1	29.8	19.6	-999.9	0.0	2.4	97216.5	-999.9
Ntarla	2000	1	6	6	17.5	30.7	19.3	-999.9	0.0	1.8	97176.0	-999.9
Ntarla	2000	1	7	7	19.4	32.5	20.0	-999.9	0.0	2.0	97166.7	-999.9
Ntarla	2000	1	8	8	18.7	33.4	20.1	-999.9	0.0	2.0	97128.6	-999.9
Ntarla	2000	1	9	9	19.4	33.3	20.2	-999.9	0.0	2.2	97069.4	-999.9
Ntarla	2000	1	10	10	21.3	32.1	18.2	-999.9	0.0	1.7	97080.4	-999.9
Ntarla	2000	1	11	11	20.9	32.2	19.0	-999.9	0.0	1.9	97152.9	-999.9
Ntarla	2000	1	12	12	20.1	32.6	20.3	-999.9	0.0	1.9	97157.1	-999.9
Ntarla	2000	1	13	13	20.0	30.8	19.5	-999.9	0.0	2.8	97207.5	-999.9
Ntarla	2000	1	14	14	17.7	30.8	20.4	-999.9	0.0	2.2	97134.0	-999.9
Ntarla	2000	1	15	15	17.9	32.3	20.6	-999.9	0.0	2.0	97128.1	-999.9
Ntarla	2000	1	16	16	19.7	33.8	20.7	-999.9	0.0	2.4	97252.2	-999.9
Ntarla	2000	1	17	17	20.6	34.6	20.9	-999.9	0.0	2.8	97304.2	-999.9
Ntarla	2000	1	18	18	19.9	34.4	21.0	-999.9	0.0	2.3	97265.1	-999.9
Ntarla	2000	1	19	19	18.6	34.7	21.0	-999.9	0.0	1.8	97121.3	-999.9
Ntarla	2000	1	20	20	19.3	35.0	21.1	-999.9	0.0	2.0	97182.3	-999.9
Ntarla	2000	1	21	21	18.7	34.4	20.3	-999.9	0.0	1.4	97239.9	-999.9
Ntarla	2000	1	22	22	22.8	33.8	18.4	-999.9	0.0	2.1	97262.5	-999.9
Ntarla	2000	1	23	23	22.8	35.3	20.5	-999.9	0.0	2.7	97178.7	-999.9
Ntarla	2000	1	24	24	22.3	35.9	21.2	-999.9	0.0	2.6	97143.0	-999.9
Ntarla	2000	1	25	25	19.2	35.7	21.3	-999.9	0.0	2.0	97205.7	-999.9
Ntarla	2000	1	26	26	20.2	36.4	20.6	-999.9	0.0	2.1	97243.4	-999.9
Ntarla	2000	1	27	27	19.8	36.7	21.8	-999.9	0.0	2.5	97248.4	-999.9
Ntarla	2000	1	28	28	21.2	36.6	21.9	-999.9	0.0	2.8	97239.8	-999.9
Ntarla	2000	1	29	29	21.6	35.9	21.8	-999.9	0.0	3.3	97395.5	-999.9
Ntarla	2000	1	30	30	21.3	34.5	22.0	-999.9	0.0	3.3	97580.0	-999.9
Ntarla	2000	1	31	31	19.7	32.2	21.6	-999.9	0.0	2.8	97689.8	-999.9
Ntarla	2000	2	1	32	18.5	30.3	22.1	-999.9	0.0	3.4	97733.8	-999.9
Ntarla	2000	2	2	33	16.5	29.2	22.3	-999.9	0.0	3.1	97789.5	-999.9
Ntarla	2000	2	3	34	14.7	28.9	22.7	-999.9	0.0	2.6	97736.6	-999.9
Ntarla	2000	2	4	35	14.9	29.4	22.9	-999.9	0.0	2.7	97706.8	-999.9
Ntarla	2000	2	5	36	15.1	30.6	22.6	-999.9	0.0	2.4	97658.6	-999.9
Ntarla	2000	2	6	37	15.1	30.9	22.6	-999.9	0.0	2.5	97623.1	-999.9
Ntarla	2000	2	7	38	15.5	30.3	22.9	-999.9	0.0	3.0	97690.2	-999.9
Ntarla	2000	2	8	39	15.8	29.8	22.8	-999.9	0.0	2.9	97771.5	-999.9
Ntarla	2000	2	9	40	14.7	29.2	22.8	-999.9	0.0	2.8	97744.5	-999.9
Ntarla	2000	2	10	41	14.2	29.8	23.1	-999.9	0.0	2.6	97597.6	-999.9
Ntarla	2000	2	11	42	15.6	30.8	23.0	-999.9	0.0	2.7	97522.1	-999.9
Ntarla	2000	2	12	43	15.9	31.2	23.0	-999.9	0.0	2.5	97489.6	-999.9
Ntarla	2000	2	13	44	16.1	32.0	23.0	-999.9	0.0	2.7	97479.0	-999.9
Ntarla	2000	2	14	45	16.5	31.4	23.0	-999.9	0.0	2.6	97498.1	-999.9
Ntarla	2000	2	15	46	15.7	31.6	23.2	-999.9	0.0	2.5	97478.6	-999.9
Ntarla	2000	2	16	47	16.3	32.3	23.3	-999.9	0.0	2.7	97487.6	-999.9
Ntarla	2000	2	17	48	17.0	32.0	23.4	-999.9	0.0	2.8	97459.9	-999.9
Ntarla	2000	2	18	49	16.6	32.6	23.4	-999.9	0.0	2.5	97400.5	-999.9
Ntarla	2000	2	19	50	17.7	34.0	23.3	-999.9	0.0	2.4	97353.8	-999.9
Ntarla	2000	2	20	51	18.0	35.0	23.4	-999.9	0.0	2.2	97257.1	-999.9
Ntarla	2000	2	21	52	18.8	36.6	23.4	-999.9	0.0	2.3	97233.0	-999.9
Ntarla	2000	2	22	53	19.9	37.0	23.4	-999.9	0.0	2.2	97268.7	-999.9
Ntarla	2000	2	23	54	19.3	37.7	23.5	-999.9	0.0	2.2	97118.2	-999.9
Ntarla	2000	2	24	55	19.7	37.8	23.6	-999.9	0.0	2.1	97079.5	-999.9
Ntarla	2000	2	25	56	22.1	38.0	23.9	-999.9	0.0	2.8	97165.8	-999.9
Ntarla	2000	2	26	57	22.1	37.4	24.1	-999.9	0.0	3.0	97258.0	-999.9
Ntarla	2000	2	27	58	21.7	35.4	24.1	-999.9	0.0	2.9	97260.6	-999.9
Ntarla	2000	2	28	59	20.2	35.1	24.2	-999.9	0.0	2.4	97243.1	-999.9
Ntarla	2000	2	29	60	19.5	36.0	24.3	-999.9	0.0	2.1	97312.6	-999.9
Ntarla	2000	3	1	61	20.5	36.3	24.3	-999.9	0.0	2.3	97369.0	-999.9
Ntarla	2000	3	2	62	20.5	36.3	24.4	-999.9	0.0	2.3	97297.3	-999.9
Ntarla	2000	3	3	63	20.9	37.1	24.5	-999.9	0.0	2.3	97219.3	-999.9
Ntarla	2000	3	4	64	20.7	37.6	24.7	-999.9	0.0	2.2	97214.8	-999.9
Ntarla	2000	3	5	65	21.0	38.1	24.8	-999.9	0.0	2.3	97207.6	-999.9
Ntarla	2000	3	6	66	22.7	38.3	25.2	-999.9	0.0	3.1	97244.7	-999.9
Ntarla	2000	3	7	67	22.1	37.7	25.2	-999.9	0.0	3.4	97266.6	-999.9
Ntarla	2000	3	8	68	22.5	37.5	25.3	-999.9	0.0	3.4	97319.3	-999.9
Ntarla	2000	3	9	69	21.9	36.7	25.5	-999.9	0.0	3.3	97408.0	-999.9
Ntarla	2000	3	10	70	20.9	35.7	25.5	-999.9	0.0	3.0	97325.2	-999.9
Ntarla	2000	3	11	71	20.5	35.9	25.6	-999.9	0.0	2.7	97263.9	-999.9
Ntarla	2000	3	12	72	19.4	35.9	25.6	-999.9	0.0	2.5	97214.6	-999.9
Ntarla	2000	3	13	73	20.3	35.8	25.6	-999.9	0.0	2.6	97268.7	-999.9
Ntarla	2000	3	14	74	20.2	35.9	25.5	-999.9	0.0	2.5	97249.4	-999.9
Ntarla	2000	3	15	75	18.5	36.7	25.6	-999.9	0.0	1.9	97105.3	-999.9
Ntarla	2000	3	16	76	19.9	37.5	25.6	-999.9	0.0	2.2	97012.9	-999.9
Ntarla	2000	3	17	77	19.8	38.2	25.6	-999.9	0.0	2.2	96918.2	-999.9
Ntarla	2000	3	18	78	20.9	38.6	25.6	-999.9	0.0	2.0	96897.0	-999.9
Ntarla	2000	3	19	79	21.7	37.4	25.4	-999.9	0.0	2.3	96927.2	-999.9
Ntarla	2000	3	20	80	21.2	35.7	25.7	-999.9	0.0	2.1	97054.3	-999.9
Ntarla	2000	3	21	81	20.5	36.0	25.8	-999.9	0.0	2.3	97047.2	-999.9
Ntarla	2000	3	22	82	20.5	37.1	25.8	-999.9	0.0	2.1	97055.7	-999.9
Ntarla	2000	3	23	83	20.6	38.3	25.6	-999.9	0.0	1.9	96997.8	-999.9
Ntarla	2000	3	24	84	20.8	38.5	24.7	-999.9	0.0	1.9	96993.7	-999.9
Ntarla	2000	3	25	85	21.2	39.9	25.9	-999.9	0.0	2.0	96914.7	-999.9
Ntarla	2000	3	26	86	22.5	39.2	25.1	-999.9	0.0	2.5	96821.7	-999.9
Ntarla	2000	3	27	87	26.3	37.0	21.4	-999.9	0.0	2.6	96931.1	-999.9
Ntarla	2000	3	28	88	24.4	37.3	22.5	-999.9	0.0	1.4	96949.8	-999.9
Ntarla	2000	3	29	89	25.1	37.7	23.3	-999.9	0.0	1.5	96912.1	-999.9
Ntarla	2000	3	30	90	25.5	39.3	24.9	-999.9	0.0	2.0	96884.3	-999.9
Ntarla	2000	3	31	91	26.4	39.0	24.1	-999.9	4.6	2.1	96825.3	-999.9
Ntarla	2000	4	1	92	24.0	39.9	25.6	-999.9	0.0	2.0	96719.7	-999.9
Ntarla	2000	4	2	93	25.9	39.3	24.9	-999.9	0.0	3.1	96756.4	-999.9
Ntarla	2000	4	3	94	27.9	38.6	22.9	-999.9	2.7	2.8	96971.7	-999.9
Ntarla	2000	4	4	95	26.2	36.9	22.5	-999.9	0.0	2.0	97127.6	-999.9
Ntarla	2000	4	5	96	26.2	38.3	22.8	-999.9	0.0	1.5	97096.9	-999.9
Ntarla	2000	4	6	97	25.4	39.7	24.6	-999.9	0.0	1.8	96930.7	-999.9
Ntarla	2000	4	7	98	27.8	39.1	23.2	-999.9	0.0	2.6	96869.6	-999.9
Ntarla	2000	4	8	99	28.2	39.9	23.7	-999.9	0.0	2.2	96836.7	-999.9
Ntarla	2000	4	9	100	28.0	39.6	23.9	-999.9	0.0	2.2	96818.4	-999.9
Ntarla	2000	4	10	101	27.2	39.5	23.4	-999.9	0.0	1.9	96830.9	-999.9
Ntarla	2000	4	11	102	26.0	39.5	22.9	-999.9	1.5	2.3	96876.0	-999.9
Ntarla	2000	4	12	103	27.6	38.9	23.3	-999.9	0.0	2.4	96890.9	-999.9
Ntarla	2000	4	13	104	27.4	39.4	23.9	-999.9	0.0	2.1	96866.4	-999.9
Ntarla	2000	4	14	105	28.9	39.2	23.2	-999.9	0.0	2.3	96905.3	-999.9
Ntarla	2000	4	15	106	27.4	40.5	24.3	-999.9	0.0	2.0	96851.8	-999.9
Ntarla	2000	4	16	107	28.4	40.0	24.3	-999.9	2.1	2.5	96913.1	-999.9
Ntarla	2000	4	17	108	28.9	38.8	21.7	-999.9	4.3	2.3	96961.3	-999.9
Ntarla	2000	4	18	109	27.2	39.8	24.0	-999.9	0.0	2.1	96984.9	-999.9
Ntarla	2000	4	19	110	27.1	39.5	23.7	-999.9	0.0	2.2	97075.9	-999.9
Ntarla	2000	4	20	111	25.9	41.0	27.1	-999.9	0.0	2.8	96975.3	-999.9
Ntarla	2000	4	21	112	24.8	39.9	27.1	-999.9	0.0	2.5	97055.4	-999.9
Ntarla	2000	4	22	113	23.2	39.4	26.2	-999.9	0.0	1.8	97145.6	-999.9
Ntarla	2000	4	23	114	26.7	38.8	23.4	-999.9	0.0	1.7	97145.1	-999.9
Ntarla	2000	4	24	115	27.3	38.7	22.9	-999.9	2.2	1.9	97037.9	-999.9
Ntarla	2000	4	25	116	28.1	39.6	25.2	-999.9	0.0	2.1	96977.4	-999.9
Ntarla	2000	4	26	117	27.9	39.8	24.3	-999.9	0.0	2.4	96935.0	-999.9
Ntarla	2000	4	27	118	28.3	39.5	24.0	-999.9	0.0	2.3	96972.4	-999.9
Ntarla	2000	4	28	119	29.4	39.7	23.4	-999.9	2.3	2.4	96904.6	-999.9
Ntarla	2000	4	29	120	27.6	37.7	20.6	-999.9	4.6	2.3	97023.0	-999.9
Ntarla	2000	4	30	121	27.2	37.7	23.0	-999.9	0.0	1.9	97121.7	-999.9
Ntarla	2000	5	1	122	28.4	38.2	21.6	-999.9	5.1	2.3	97047.2	-999.9
Ntarla	2000	5	2	123	24.9	36.6	22.0	-999.9	0.0	2.3	97083.2	-999.9
Ntarla	2000	5	3	124	26.4	37.9	23.5	-999.9	5.1	2.1	97159.6	-999.9
Ntarla	2000	5	4	125	25.4	37.3	23.5	-999.9	0.0	1.5	97167.6	-999.9
Ntarla	2000	5	5	126	26.5	39.4	24.1	-999.9	0.0	1.8	96926.8	-999.9
Ntarla	2000	5	6	127	28.5	39.6	20.6	-999.9	1.4	2.9	96855.4	-999.9
Ntarla	2000	5	7	128	26.6	39.4	23.6	-999.9	4.2	2.0	96960.5	-999.9
Ntarla	2000	5	8	129	28.0	38.3	23.3	-999.9	0.0	2.0	97042.3	-999.9
Ntarla	2000	5	9	130	27.9	37.7	23.3	-999.9	2.8	2.3	97020.9	-999.9
Ntarla	2000	5	10	131	27.9	39.3	22.9	-999.9	4.2	2.3	97035.9	-999.9
Ntarla	2000	5	11	132	25.8	38.3	24.6	-999.9	3.8	1.9	97123.8	-999.9
Ntarla	2000	5	12	133	26.7	37.3	24.2	-999.9	3.8	2.1	97125.4	-999.9
Ntarla	2000	5	13	134	26.4	37.4	24.5	-999.9	0.0	2.6	97063.8	-999.9
Ntarla	2000	5	14	135	25.7	37.2	24.4	-999.9	0.0	2.7	97066.8	-999.9
Ntarla	2000	5	15	136	26.3	37.0	23.3	-999.9	1.9	2.0	97173.6	-999.9
Ntarla	2000	5	16	137	25.5	36.2	24.5	-999.9	2.6	1.6	97286.8	-999.9
Ntarla	2000	5	17	138	26.5	37.1	23.6	-999.9	0.0	1.9	97201.2	-999.9
Ntarla	2000	5	18	139	27.3	38.6	23.7	-999.9	0.0	2.3	97037.2	-999.9
Ntarla	2000	5	19	140	28.6	39.8	24.3	-999.9	0.0	2.8	96965.4	-999.9
Ntarla	2000	5	20	141	27.7	38.1	23.8	-999.9	2.6	2.4	97084.1	-999.9
Ntarla	2000	5	21	142	24.5	32.9	18.6	-999.9	5.8	1.6	97279.0	-999.9
Ntarla	2000	5	22	143	25.0	31.7	17.7	-999.9	2.9	2.0	97450.1	-999.9
Ntarla	2000	5	23	144	25.1	34.5	22.6	-999.9	0.0	1.9	97444.3	-999.9
Ntarla	2000	5	24	145	25.1	34.1	23.9	-999.9	2.9	3.7	97371.5	-999.9
Ntarla	2000	5	25	146	24.1	35.3	24.4	-999.9	0.0	2.0	97376.6	-999.9
Ntarla	2000	5	26	147	25.4	36.0	25.1	-999.9	0.0	2.3	97283.3	-999.9
Ntarla	2000	5	27	148	23.7	34.2	23.1	-999.9	8.1	2.7	97205.6	-999.9
Ntarla	2000	5	28	149	25.8	34.9	22.7	-999.9	0.0	2.1	97210.0	-999.9
Ntarla	2000	5	29	150	26.6	36.2	24.8	-999.9	0.0	2.1	97155.6	-999.9
Ntarla	2000	5	30	151	26.0	36.4	24.7	-999.9	0.0	2.0	97089.5	-999.9
Ntarla	2000	5	31	152	24.9	36.3	23.9	-999.9	0.0	2.4	97134.5	-999.9
Ntarla	2000	6	1	153	25.5	35.9	24.1	-999.9	0.0	2.0	97264.6	-999.9
Ntarla	2000	6	2	154	26.8	36.0	24.0	-999.9	0.0	2.1	97247.4	-999.9
Ntarla	2000	6	3	155	26.9	38.0	24.9	-999.9	15.9	2.9	97057.1	-999.9
Ntarla	2000	6	4	156	25.4	36.8	23.6	-999.9	23.8	3.1	97135.7	-999.9
Ntarla	2000	6	5	157	26.3	34.7	24.4	-999.9	0.0	2.6	97292.2	-999.9
Ntarla	2000	6	6	158	23.1	32.2	20.4	-999.9	10.2	2.3	97442.2	-999.9
Ntarla	2000	6	7	159	24.9	32.0	22.7	-999.9	3.4	2.1	97418.8	-999.9
Ntarla	2000	6	8	160	24.3	34.1	24.4	-999.9	0.0	2.2	97424.4	-999.9
Ntarla	2000	6	9	161	24.2	35.0	24.9	-999.9	0.0	1.3	97507.1	-999.9
Ntarla	2000	6	10	162	26.1	36.3	23.7	-999.9	3.4	1.9	97373.4	-999.9
Ntarla	2000	6	11	163	26.3	35.6	23.4	-999.9	9.5	2.6	97385.7	-999.9
Ntarla	2000	6	12	164	24.8	35.7	23.8	-999.9	0.0	2.0	97390.7	-999.9
Ntarla	2000	6	13	165	26.2	36.6	24.2	-999.9	6.4	1.8	97341.2	-999.9
Ntarla	2000	6	14	166	26.2	36.3	24.3	-999.9	3.2	2.3	97247.7	-999.9
Ntarla	2000	6	15	167	26.5	36.3	24.5	-999.9	6.4	2.5	97124.3	-999.9
Ntarla	2000	6	16	168	25.9	35.7	23.0	-999.9	5.7	2.6	97112.3	-999.9
Ntarla	2000	6	17	169	25.5	32.6	19.9	-999.9	5.7	2.2	97273.9	-999.9
Ntarla	2000	6	18	170	24.9	34.2	23.7	-999.9	5.7	1.9	97379.9	-999.9
Ntarla	2000	6	19	171	25.5	34.4	22.5	-999.9	5.7	2.0	97291.9	-999.9
Ntarla	2000	6	20	172	24.3	33.4	23.4	-999.9	0.0	1.5	97292.0	-999.9
Ntarla	2000	6	21	173	24.5	32.5	21.6	-999.9	7.3	2.2	97397.3	-999.9
Ntarla	2000	6	22	174	24.5	32.9	23.3	-999.9	0.0	1.9	97470.0	-999.9
Ntarla	2000	6	23	175	24.5	32.9	21.2	-999.9	4.9	1.7	97540.7	-999.9
Ntarla	2000	6	24	176	23.8	33.9	23.5	-999.9	0.0	1.6	97419.5	-999.9
Ntarla	2000	6	25	177	23.8	33.6	23.4	-999.9	2.4	1.8	97396.3	-999.9
Ntarla	2000	6	26	178	23.4	31.1	20.9	-999.9	0.0	1.9	97463.6	-999.9
Ntarla	2000	6	27	179	24.5	33.8	24.2	-999.9	0.0	1.8	97453.5	-999.9
Ntarla	2000	6	28	180	24.5	34.5	24.1	-999.9	0.0	1.4	97402.9	-999.9
Ntarla	2000	6	29	181	23.0	35.0	24.2	-999.9	0.0	2.7	97305.0	-999.9
Ntarla	2000	6	30	182	24.8	36.0	23.6	-999.9	16.1	2.7	97145.8	-999.9
Ntarla	2000	7	1	183	24.2	34.2	22.5	-999.9	0.0	2.4	97179.8	-999.9
Ntarla	2000	7	2	184	24.2	34.5	23.3	-999.9	0.0	2.1	97278.8	-999.9
Ntarla	2000	7	3	185	25.4	34.7	22.8	-999.9	0.0	2.7	97182.6	-999.9
Ntarla	2000	7	4	186	24.5	33.1	22.3	-999.9	14.5	2.5	97127.2	-999.9
Ntarla	2000	7	5	187	24.6	32.6	22.7	-999.9	0.0	2.2	97221.5	-999.9
Ntarla	2000	7	6	188	24.1	33.6	23.3	-999.9	0.0	2.0	97418.8	-999.9
Ntarla	2000	7	7	189	24.4	31.7	19.6	-999.9	12.0	1.5	97527.6	-999.9
Ntarla	2000	7	8	190	23.7	33.4	23.1	-999.9	0.0	2.3	97388.7	-999.9
Ntarla	2000	7	9	191	24.7	33.0	21.0	-999.9	12.0	2.4	97367.8	-999.9
Ntarla	2000	7	10	192	24.3	34.1	23.8	-999.9	0.0	2.3	97273.8	-999.9
Ntarla	2000	7	11	193	24.5	32.6	21.5	-999.9	0.0	2.3	97306.8	-999.9
Ntarla	2000	7	12	194	23.3	29.2	17.6	-999.9	15.4	1.6	97470.5	-999.9
Ntarla	2000	7	13	195	23.2	32.5	23.6	-999.9	0.0	1.3	97391.5	-999.9
Ntarla	2000	7	14	196	25.1	32.2	18.7	-999.9	15.4	2.8	97302.1	-999.9
Ntarla	2000	7	15	197	23.5	30.6	17.2	-999.9	0.0	3.0	97244.6	-999.9
Ntarla	2000	7	16	198	23.4	31.5	22.4	-999.9	6.5	2.3	97333.5	-999.9
Ntarla	2000	7	17	199	24.0	31.7	20.6	-999.9	12.9	2.2	97452.5	-999.9
Ntarla	2000	7	18	200	23.2	27.2	12.9	-999.9	12.9	1.6	97517.7	-999.9
Ntarla	2000	7	19	201	22.4	29.3	17.6	-999.9	0.0	2.3	97340.0	-999.9
Ntarla	2000	7	20	202	22.1	29.7	20.9	-999.9	0.0	2.2	97292.5	-999.9
Ntarla	2000	7	21	203	22.9	29.8	20.0	-999.9	0.0	2.3	97330.0	-999.9
Ntarla	2000	7	22	204	22.4	27.2	11.7	-999.9	10.6	1.9	97367.3	-999.9
Ntarla	2000	7	23	205	21.8	29.8	20.6	-999.9	0.0	2.2	97315.6	-999.9
Ntarla	2000	7	24	206	22.2	30.1	22.3	-999.9	0.0	2.2	97322.2	-999.9
Ntarla	2000	7	25	207	22.3	26.9	12.1	-999.9	21.3	2.4	97345.0	-999.9
Ntarla	2000	7	26	208	21.8	28.1	19.4	-999.9	0.0	2.4	97440.8	-999.9
Ntarla	2000	7	27	209	22.0	29.1	20.7	-999.9	14.0	1.9	97430.1	-999.9
Ntarla	2000	7	28	210	22.3	30.3	21.8	-999.9	0.0	1.7	97277.2	-999.9
Ntarla	2000	7	29	211	22.5	30.3	20.1	-999.9	14.0	2.3	97141.5	-999.9
Ntarla	2000	7	30	212	22.6	27.7	11.8	-999.9	28.1	2.3	97308.6	-999.9
Ntarla	2000	7	31	213	22.1	27.2	13.0	-999.9	0.0	2.2	97469.4	-999.9
Ntarla	2000	8	1	214	21.3	30.2	20.2	-999.9	0.0	1.9	97363.1	-999.9
Ntarla	2000	8	2	215	22.3	27.8	11.5	-999.9	37.0	2.0	97331.4	-999.9
Ntarla	2000	8	3	216	21.8	28.2	15.5	-999.9	0.0	1.9	97617.3	-999.9
Ntarla	2000	8	4	217	22.2	28.8	19.6	-999.9	7.4	1.5	97655.0	-999.9
Ntarla	2000	8	5	218	22.4	30.1	21.0	-999.9	7.4	1.7	97548.7	-999.9
Ntarla	2000	8	6	219	22.3	31.1	23.7	-999.9	13.7	1.5	97388.5	-999.9
Ntarla	2000	8	7	220	22.2	29.0	19.3	-999.9	6.8	1.8	97475.9	-999.9
Ntarla	2000	8	8	221	21.7	30.1	23.3	-999.9	6.8	1.6	97491.4	-999.9
Ntarla	2000	8	9	222	23.6	30.4	20.8	-999.9	13.7	1.8	97517.4	-999.9
Ntarla	2000	8	10	223	22.5	25.0	8.3	-999.9	13.7	1.9	97599.8	-999.9
Ntarla	2000	8	11	224	21.3	29.0	21.8	-999.9	12.2	1.5	97579.2	-999.9
Ntarla	2000	8	12	225	21.6	30.3	20.6	-999.9	0.0	1.7	97431.5	-999.9
Ntarla	2000	8	13	226	22.3	31.0	23.5	-999.9	6.1	1.9	97425.4	-999.9
Ntarla	2000	8	14	227	22.4	29.6	17.4	-999.9	6.1	1.7	97496.1	-999.9
Ntarla	2000	8	15	228	22.1	28.8	19.5	-999.9	6.1	1.8	97550.0	-999.9
Ntarla	2000	8	16	229	21.6	29.1	18.5	-999.9	0.0	2.2	97518.9	-999.9
Ntarla	2000	8	17	230	21.9	29.8	21.6	-999.9	0.0	2.0	97439.9	-999.9
Ntarla	2000	8	18	231	21.8	29.5	21.3	-999.9	6.7	1.8	97453.7	-999.9
Ntarla	2000	8	19	232	21.9	27.6	15.2	-999.9	20.0	1.8	97596.7	-999.9
Ntarla	2000	8	20	233	21.4	28.7	21.7	-999.9	0.0	1.1	97681.4	-999.9
Ntarla	2000	8	21	234	22.3	26.3	11.6	-999.9	36.2	1.4	97607.0	-999.9
Ntarla	2000	8	22	235	21.7	30.3	23.3	-999.9	0.0	1.5	97439.5	-999.9
Ntarla	2000	8	23	236	22.3	29.9	20.6	-999.9	12.1	1.7	97486.4	-999.9
Ntarla	2000	8	24	237	21.9	29.8	21.8	-999.9	12.1	1.5	97608.2	-999.9
Ntarla	2000	8	25	238	21.9	30.3	22.9	-999.9	0.0	1.2	97465.1	-999.9
Ntarla	2000	8	26	239	22.7	29.8	21.3	-999.9	5.9	1.4	97354.4	-999.9
Ntarla	2000	8	27	240	22.7	29.8	20.2	-999.9	0.0	1.3	97327.7	-999.9
Ntarla	2000	8	28	241	23.0	31.5	23.6	-999.9	11.8	1.4	97312.6	-999.9
Ntarla	2000	8	29	242	23.4	30.7	22.4	-999.9	11.8	1.7	97351.2	-999.9
Ntarla	2000	8	30	243	22.2	30.7	23.0	-999.9	0.0	1.7	97304.0	-999.9
Ntarla	2000	8	31	244	23.0	30.3	21.8	-999.9	17.7	1.5	97305.2	-999.9
Ntarla	2000	9	1	245	22.6	29.8	17.6	-999.9	0.0	1.3	97318.2	-999.9
Ntarla	2000	9	2	246	21.5	30.6	24.4	-999.9	0.0	1.3	97402.4	-999.9
Ntarla	2000	9	3	247	23.0	30.9	23.6	-999.9	0.0	1.8	97281.1	-999.9
Ntarla	2000	9	4	248	23.9	32.0	23.9	-999.9	0.0	2.5	97143.2	-999.9
Ntarla	2000	9	5	249	24.6	30.7	20.7	-999.9	19.3	2.1	97201.6	-999.9
Ntarla	2000	9	6	250	22.7	30.6	22.8	-999.9	6.4	1.6	97291.8	-999.9
Ntarla	2000	9	7	251	22.4	30.7	22.4	-999.9	6.4	1.4	97257.0	-999.9
Ntarla	2000	9	8	252	22.0	30.9	21.2	-999.9	0.0	1.4	97133.2	-999.9
Ntarla	2000	9	9	253	22.1	28.3	15.1	-999.9	0.0	1.8	97258.3	-999.9
Ntarla	2000	9	10	254	20.8	30.2	24.4	-999.9	0.0	1.5	97386.5	-999.9
Ntarla	2000	9	11	255	23.3	31.2	23.5	-999.9	7.2	2.4	97145.3	-999.9
Ntarla	2000	9	12	256	22.8	28.5	14.4	-999.9	7.2	1.6	97139.6	-999.9
Ntarla	2000	9	13	257	21.9	28.8	19.9	-999.9	0.0	2.1	97402.7	-999.9
Ntarla	2000	9	14	258	21.2	30.1	22.6	-999.9	14.4	1.8	97494.7	-999.9
Ntarla	2000	9	15	259	22.1	30.1	19.1	-999.9	14.4	1.4	97418.1	-999.9
Ntarla	2000	9	16	260	22.3	28.4	17.7	-999.9	2.2	2.0	97444.3	-999.9
Ntarla	2000	9	17	261	21.5	29.6	21.9	-999.9	0.0	1.3	97494.8	-999.9
Ntarla	2000	9	18	262	22.6	28.9	16.3	-999.9	4.4	1.8	97430.5	-999.9
Ntarla	2000	9	19	263	21.4	28.6	18.9	-999.9	2.2	1.6	97414.3	-999.9
Ntarla	2000	9	20	264	21.0	29.1	19.2	-999.9	0.0	1.6	97406.5	-999.9
Ntarla	2000	9	21	265	21.2	29.3	20.1	-999.9	0.0	1.3	97512.9	-999.9
Ntarla	2000	9	22	266	22.4	31.2	23.0	-999.9	0.0	1.7	97392.7	-999.9
Ntarla	2000	9	23	267	23.3	30.4	22.5	-999.9	0.0	2.6	97259.2	-999.9
Ntarla	2000	9	24	268	23.1	30.3	21.5	-999.9	0.0	1.9	97244.5	-999.9
Ntarla	2000	9	25	269	22.4	29.8	21.6	-999.9	17.9	1.3	97397.5	-999.9
Ntarla	2000	9	26	270	21.9	29.6	20.9	-999.9	0.0	1.1	97496.9	-999.9
Ntarla	2000	9	27	271	23.2	30.7	21.1	-999.9	0.0	2.3	97327.5	-999.9
Ntarla	2000	9	28	272	23.3	29.5	18.6	-999.9	15.7	2.1	97301.6	-999.9
Ntarla	2000	9	29	273	22.0	29.8	20.2	-999.9	7.8	1.5	97302.4	-999.9
Ntarla	2000	9	30	274	21.2	29.3	18.3	-999.9	0.0	1.9	97420.4	-999.9
Ntarla	2000	10	1	275	22.0	30.0	21.7	-999.9	5.1	1.6	97547.6	-999.9
Ntarla	2000	10	2	276	21.9	30.0	20.3	-999.9	0.0	1.2	97572.2	-999.9
Ntarla	2000	10	3	277	22.1	29.1	18.2	-999.9	0.0	1.6	97379.6	-999.9
Ntarla	2000	10	4	278	22.9	31.2	23.1	-999.9	0.0	1.6	97218.3	-999.9
Ntarla	2000	10	5	279	21.6	30.7	22.3	-999.9	0.0	2.0	97278.6	-999.9
Ntarla	2000	10	6	280	21.5	31.7	23.3	-999.9	0.0	2.0	97319.0	-999.9
Ntarla	2000	10	7	281	20.3	32.9	24.2	-999.9	0.0	1.7	97298.8	-999.9
Ntarla	2000	10	8	282	21.5	32.4	22.3	-999.9	0.0	1.7	97328.9	-999.9
Ntarla	2000	10	9	283	23.0	32.0	21.8	-999.9	7.0	1.9	97320.5	-999.9
Ntarla	2000	10	10	284	22.5	32.7	22.2	-999.9	14.0	1.7	97226.1	-999.9
Ntarla	2000	10	11	285	21.7	27.4	14.0	-999.9	6.5	2.2	97344.4	-999.9
Ntarla	2000	10	12	286	20.9	31.2	21.9	-999.9	6.5	1.5	97439.8	-999.9
Ntarla	2000	10	13	287	22.4	30.4	17.6	-999.9	0.0	1.3	97492.5	-999.9
Ntarla	2000	10	14	288	22.2	31.8	20.5	-999.9	13.0	1.3	97374.3	-999.9
Ntarla	2000	10	15	289	22.8	32.0	22.1	-999.9	0.0	2.2	97397.7	-999.9
Ntarla	2000	10	16	290	21.7	33.4	22.4	-999.9	0.0	1.9	97476.3	-999.9
Ntarla	2000	10	17	291	22.0	34.3	22.0	-999.9	0.0	2.0	97531.9	-999.9
Ntarla	2000	10	18	292	23.0	33.4	21.3	-999.9	0.0	1.7	97492.6	-999.9
Ntarla	2000	10	19	293	24.0	32.4	19.9	-999.9	0.0	1.7	97349.1	-999.9
Ntarla	2000	10	20	294	22.9	32.2	20.4	-999.9	0.0	1.3	97278.1	-999.9
Ntarla	2000	10	21	295	21.5	32.0	19.6	-999.9	0.0	1.4	97314.4	-999.9
Ntarla	2000	10	22	296	22.8	32.7	18.2	-999.9	0.0	1.3	97320.1	-999.9
Ntarla	2000	10	23	297	23.7	32.8	19.9	-999.9	0.0	1.4	97349.9	-999.9
Ntarla	2000	10	24	298	23.3	32.7	19.5	-999.9	0.0	1.4	97250.5	-999.9
Ntarla	2000	10	25	299	22.9	31.8	16.3	-999.9	8.4	1.4	97309.7	-999.9
Ntarla	2000	10	26	300	22.5	34.7	20.1	-999.9	0.0	1.8	97279.1	-999.9
Ntarla	2000	10	27	301	20.5	36.1	23.0	-999.9	0.0	1.5	97335.7	-999.9
Ntarla	2000	10	28	302	20.4	35.1	22.1	-999.9	0.0	1.2	97325.3	-999.9
Ntarla	2000	10	29	303	21.1	33.1	19.4	-999.9	0.0	1.7	97354.7	-999.9
Ntarla	2000	10	30	304	21.9	33.2	18.9	-999.9	0.0	1.3	97295.8	-999.9
Ntarla	2000	10	31	305	22.4	33.4	18.8	-999.9	0.0	0.9	97293.9	-999.9
Ntarla	2000	11	1	306	22.8	34.1	19.0	-999.9	1.1	1.7	97268.9	-999.9
Ntarla	2000	11	2	307	22.9	34.6	22.3	-999.9	0.0	1.3	97167.3	-999.9
Ntarla	2000	11	3	308	19.2	35.3	21.8	-999.9	0.0	1.2	97072.6	-999.9
Ntarla	2000	11	4	309	22.6	35.6	19.6	-999.9	0.0	1.8	97161.2	-999.9
Ntarla	2000	11	5	310	20.2	36.8	22.5	-999.9	0.0	2.3	97170.8	-999.9
Ntarla	2000	11	6	311	20.6	35.7	21.7	-999.9	0.0	2.1	97141.9	-999.9
Ntarla	2000	11	7	312	20.0	35.2	21.8	-999.9	0.6	1.4	97005.8	-999.9
Ntarla	2000	11	8	313	19.3	35.0	22.0	-999.9	0.0	1.3	96862.4	-999.9
Ntarla	2000	11	9	314	20.5	34.6	20.6	-999.9	0.0	1.4	96972.7	-999.9
Ntarla	2000	11	10	315	21.9	34.5	20.0	-999.9	0.0	1.5	97020.6	-999.9
Ntarla	2000	11	11	316	22.4	34.2	18.3	-999.9	0.0	1.6	97053.9	-999.9
Ntarla	2000	11	12	317	23.5	33.9	20.0	-999.9	0.0	1.4	97149.5	-999.9
Ntarla	2000	11	13	318	21.3	34.7	21.0	-999.9	0.0	1.5	97107.2	-999.9
Ntarla	2000	11	14	319	19.8	34.8	21.4	-999.9	0.0	1.1	97064.8	-999.9
Ntarla	2000	11	15	320	20.0	34.5	21.3	-999.9	0.0	1.4	97174.2	-999.9
Ntarla	2000	11	16	321	21.0	35.2	20.8	-999.9	0.0	1.7	97246.4	-999.9
Ntarla	2000	11	17	322	19.6	35.8	21.9	-999.9	0.0	2.2	97272.5	-999.9
Ntarla	2000	11	18	323	20.0	34.9	21.7	-999.9	0.0	2.2	97223.5	-999.9
Ntarla	2000	11	19	324	17.8	34.5	21.5	-999.9	0.0	1.5	97230.4	-999.9
Ntarla	2000	11	20	325	19.3	34.4	21.4	-999.9	0.0	2.0	97362.6	-999.9
Ntarla	2000	11	21	326	20.1	34.7	21.5	-999.9	0.0	2.2	97406.2	-999.9
Ntarla	2000	11	22	327	19.7	34.2	21.1	-999.9	0.0	2.1	97399.2	-999.9
Ntarla	2000	11	23	328	20.5	34.5	20.7	-999.9	0.0	2.4	97448.4	-999.9
Ntarla	2000	11	24	329	19.1	33.8	21.4	-999.9	0.0	2.3	97443.2	-999.9
Ntarla	2000	11	25	330	18.7	33.2	21.4	-999.9	0.0	2.2	97454.9	-999.9
Ntarla	2000	11	26	331	18.4	33.6	20.8	-999.9	0.0	2.1	97532.2	-999.9
Ntarla	2000	11	27	332	18.3	35.1	21.3	-999.9	0.0	2.2	97560.8	-999.9
Ntarla	2000	11	28	333	19.5	35.5	21.1	-999.9	0.0	2.4	97491.2	-999.9
Ntarla	2000	11	29	334	18.3	34.7	21.1	-999.9	0.0	2.1	97469.8	-999.9
Ntarla	2000	11	30	335	16.5	33.5	21.3	-999.9	0.0	2.0	97477.7	-999.9
Ntarla	2000	12	1	336	18.6	33.2	20.8	-999.9	0.0	2.2	97509.9	-999.9
Ntarla	2000	12	2	337	18.9	32.9	20.5	-999.9	0.5	2.3	97587.6	-999.9
Ntarla	2000	12	3	338	17.3	32.1	21.0	-999.9	0.0	2.1	97579.0	-999.9
Ntarla	2000	12	4	339	16.8	32.4	20.8	-999.9	0.0	2.1	97472.2	-999.9
Ntarla	2000	12	5	340	17.8	32.8	20.6	-999.9	0.0	2.2	97454.2	-999.9
Ntarla	2000	12	6	341	18.7	32.1	19.2	-999.9	0.0	2.2	97504.5	-999.9
Ntarla	2000	12	7	342	17.6	30.8	18.1	-999.9	0.0	1.9	97580.9	-999.9
Ntarla	2000	12	8	343	18.0	31.9	19.1	-999.9	0.3	2.1	97508.9	-999.9
Ntarla	2000	12	9	344	17.1	31.9	20.1	-999.9	0.0	2.1	97457.9	-999.9
Ntarla	2000	12	10	345	17.2	31.6	20.7	-999.9	0.0	2.2	97456.8	-999.9
Ntarla	2000	12	11	346	17.4	31.4	20.6	-999.9	0.0	2.3	97572.0	-999.9
Ntarla	2000	12	12	347	18.1	30.8	19.9	-999.9	0.0	2.2	97569.2	-999.9
Ntarla	2000	12	13	348	17.0	31.0	20.1	-999.9	0.0	2.4	97447.3	-999.9
Ntarla	2000	12	14	349	18.4	29.7	17.0	-999.9	0.2	2.6	97415.5	-999.9
Ntarla	2000	12	15	350	16.9	30.1	19.0	-999.9	0.0	2.3	97312.3	-999.9
Ntarla	2000	12	16	351	15.4	31.2	20.3	-999.9	0.0	1.7	97293.7	-999.9
Ntarla	2000	12	17	352	15.0	32.1	20.3	-999.9	0.0	1.7	97308.0	-999.9
Ntarla	2000	12	18	353	15.1	32.6	20.3	-999.9	0.0	1.8	97325.0	-999.9
Ntarla	2000	12	19	354	17.2	32.6	20.4	-999.9	0.0	1.9	97423.4	-999.9
Ntarla	2000	12	20	355	16.3	32.7	20.5	-999.9	0.0	1.7	97307.7	-999.9
Ntarla	2000	12	21	356	16.5	32.8	20.4	-999.9	0.0	1.7	97375.2	-999.9
Ntarla	2000	12	22	357	16.3	32.9	20.4	-999.9	0.0	1.8	97448.6	-999.9
Ntarla	2000	12	23	358	17.7	32.6	20.2	-999.9	0.0	2.1	97490.6	-999.9
Ntarla	2000	12	24	359	16.2	33.4	20.5	-999.9	0.0	1.9	97519.6	-999.9
Ntarla	2000	12	25	360	16.7	32.9	20.2	-999.9	0.0	2.1	97464.9	-999.9
Ntarla	2000	12	26	361	17.5	33.8	19.9	-999.9	0.0	1.8	97464.6	-999.9
Ntarla	2000	12	27	362	17.3	33.9	20.5	-999.9	0.0	2.1	97470.4	-999.9
Ntarla	2000	12	28	363	18.1	33.6	20.6	-999.9	0.0	2.3	97491.8	-999.9
Ntarla	2000	12	29	364	17.4	33.5	20.6	-999.9	0.0	2.1	97435.1	-999.9
Ntarla	2000	12	30	365	15.9	33.5	20.7	-999.9	0.0	1.8	97357.4	-999.9
Ntarla	2000	12	31	366	16.0	33.8	20.9	-999.9	0.0	1.8	97321.5	-999.9
