Ntarla	2004	1	1	1	15.8	31.8	19.7	-999.9	0.0	1.9	97514.4	-999.9
Ntarla	2004	1	2	2	16.1	32.0	19.4	-999.9	0.2	1.6	97389.5	-999.9
Ntarla	2004	1	3	3	15.5	32.4	20.3	-999.9	0.0	1.7	97257.0	-999.9
Ntarla	2004	1	4	4	17.1	32.5	20.4	-999.9	0.0	1.8	97176.3	-999.9
Ntarla	2004	1	5	5	16.9	32.1	20.3	-999.9	0.0	2.1	97263.8	-999.9
Ntarla	2004	1	6	6	17.0	31.7	20.4	-999.9	0.0	2.2	97300.8	-999.9
Ntarla	2004	1	7	7	17.1	31.1	20.1	-999.9	0.0	2.5	97271.7	-999.9
Ntarla	2004	1	8	8	16.9	31.0	20.6	-999.9	0.0	2.7	97306.3	-999.9
Ntarla	2004	1	9	9	17.7	30.2	20.5	-999.9	0.0	3.1	97501.3	-999.9
Ntarla	2004	1	10	10	16.6	29.8	20.6	-999.9	0.0	2.5	97477.1	-999.9
Ntarla	2004	1	11	11	15.2	30.5	20.6	-999.9	0.0	2.0	97393.4	-999.9
Ntarla	2004	1	12	12	17.0	32.5	20.7	-999.9	0.0	2.1	97446.9	-999.9
Ntarla	2004	1	13	13	17.1	32.9	20.6	-999.9	0.0	1.9	97440.7	-999.9
Ntarla	2004	1	14	14	18.1	33.6	20.5	-999.9	0.0	2.0	97319.6	-999.9
Ntarla	2004	1	15	15	17.8	32.8	20.8	-999.9	0.0	2.0	97218.1	-999.9
Ntarla	2004	1	16	16	18.6	32.4	19.6	-999.9	0.0	1.8	97211.6	-999.9
Ntarla	2004	1	17	17	18.0	33.0	20.6	-999.9	0.0	1.6	97195.0	-999.9
Ntarla	2004	1	18	18	19.1	33.9	19.9	-999.9	0.0	1.6	97065.7	-999.9
Ntarla	2004	1	19	19	18.2	34.1	21.0	-999.9	0.0	1.8	97037.5	-999.9
Ntarla	2004	1	20	20	19.3	32.8	19.3	-999.9	0.0	2.3	97157.9	-999.9
Ntarla	2004	1	21	21	18.7	31.8	20.7	-999.9	0.0	2.8	97409.2	-999.9
Ntarla	2004	1	22	22	17.6	29.9	21.0	-999.9	0.0	2.4	97534.1	-999.9
Ntarla	2004	1	23	23	17.1	31.3	21.0	-999.9	0.0	2.0	97443.0	-999.9
Ntarla	2004	1	24	24	18.5	30.4	17.4	-999.9	0.0	2.3	97304.2	-999.9
Ntarla	2004	1	25	25	18.6	32.0	18.3	-999.9	0.0	1.6	97224.6	-999.9
Ntarla	2004	1	26	26	21.3	31.5	16.5	-999.9	0.0	1.7	97324.9	-999.9
Ntarla	2004	1	27	27	21.1	32.1	19.8	-999.9	0.0	2.8	97554.8	-999.9
Ntarla	2004	1	28	28	18.4	32.5	21.4	-999.9	0.0	2.3	97556.5	-999.9
Ntarla	2004	1	29	29	17.9	31.9	21.6	-999.9	0.0	2.2	97439.6	-999.9
Ntarla	2004	1	30	30	16.6	32.6	21.7	-999.9	0.0	1.9	97390.4	-999.9
Ntarla	2004	1	31	31	17.6	31.9	21.8	-999.9	0.0	2.6	97509.7	-999.9
Ntarla	2004	2	1	32	17.5	33.0	21.8	-999.9	0.0	2.5	97490.5	-999.9
Ntarla	2004	2	2	33	18.1	34.5	21.8	-999.9	0.0	2.3	97398.0	-999.9
Ntarla	2004	2	3	34	21.1	33.8	21.4	-999.9	0.0	3.3	97489.8	-999.9
Ntarla	2004	2	4	35	19.1	30.9	21.8	-999.9	0.0	3.2	97616.1	-999.9
Ntarla	2004	2	5	36	16.8	29.8	22.6	-999.9	0.0	3.0	97559.6	-999.9
Ntarla	2004	2	6	37	15.8	30.3	22.6	-999.9	0.0	2.6	97527.0	-999.9
Ntarla	2004	2	7	38	16.5	31.4	22.4	-999.9	0.0	2.4	97543.0	-999.9
Ntarla	2004	2	8	39	17.2	32.0	22.3	-999.9	0.0	2.6	97500.5	-999.9
Ntarla	2004	2	9	40	16.7	33.2	22.4	-999.9	0.0	1.9	97339.2	-999.9
Ntarla	2004	2	10	41	17.6	35.2	21.7	-999.9	0.0	1.7	97260.8	-999.9
Ntarla	2004	2	11	42	18.1	35.9	22.3	-999.9	0.0	2.0	97299.3	-999.9
Ntarla	2004	2	12	43	19.3	36.2	22.4	-999.9	0.0	2.3	97322.4	-999.9
Ntarla	2004	2	13	44	20.3	36.5	22.8	-999.9	0.0	2.5	97384.8	-999.9
Ntarla	2004	2	14	45	20.2	36.6	22.6	-999.9	0.0	2.0	97373.9	-999.9
Ntarla	2004	2	15	46	20.1	35.7	20.2	-999.9	0.0	2.0	97331.2	-999.9
Ntarla	2004	2	16	47	20.1	35.9	22.8	-999.9	0.0	2.3	97278.1	-999.9
Ntarla	2004	2	17	48	20.7	36.1	22.2	-999.9	0.0	2.4	97333.3	-999.9
Ntarla	2004	2	18	49	20.5	36.3	21.5	-999.9	0.0	2.1	97215.0	-999.9
Ntarla	2004	2	19	50	20.4	36.3	22.6	-999.9	0.0	2.3	97014.7	-999.9
Ntarla	2004	2	20	51	23.0	36.3	20.3	-999.9	0.0	1.9	96978.8	-999.9
Ntarla	2004	2	21	52	23.8	37.2	22.5	-999.9	0.0	1.5	97214.9	-999.9
Ntarla	2004	2	22	53	21.8	37.8	22.9	-999.9	0.0	2.1	97201.2	-999.9
Ntarla	2004	2	23	54	22.7	37.5	23.6	-999.9	0.0	2.3	97108.2	-999.9
Ntarla	2004	2	24	55	21.2	37.3	24.2	-999.9	0.0	2.4	97100.6	-999.9
Ntarla	2004	2	25	56	18.6	37.1	24.1	-999.9	0.0	2.1	97158.9	-999.9
Ntarla	2004	2	26	57	19.9	36.9	22.6	-999.9	0.0	1.6	97229.6	-999.9
Ntarla	2004	2	27	58	25.1	36.7	20.6	-999.9	0.0	1.7	97133.5	-999.9
Ntarla	2004	2	28	59	25.3	36.2	20.6	-999.9	0.9	2.1	97095.9	-999.9
Ntarla	2004	2	29	60	23.9	36.0	20.1	-999.9	0.0	1.6	97147.8	-999.9
Ntarla	2004	3	1	61	24.4	35.4	22.1	-999.9	0.0	2.0	97113.7	-999.9
Ntarla	2004	3	2	62	23.4	34.8	20.8	-999.9	0.0	1.3	97131.1	-999.9
Ntarla	2004	3	3	63	22.5	35.6	23.9	-999.9	0.0	3.3	97262.4	-999.9
Ntarla	2004	3	4	64	19.6	29.9	24.3	-999.9	0.0	3.7	97693.7	-999.9
Ntarla	2004	3	5	65	14.5	29.3	25.5	-999.9	0.0	3.0	97800.0	-999.9
Ntarla	2004	3	6	66	16.1	31.7	25.4	-999.9	0.0	3.0	97625.2	-999.9
Ntarla	2004	3	7	67	18.2	32.7	25.0	-999.9	0.0	2.6	97571.7	-999.9
Ntarla	2004	3	8	68	18.9	34.5	24.7	-999.9	0.0	2.5	97568.2	-999.9
Ntarla	2004	3	9	69	19.7	35.9	24.6	-999.9	0.0	2.0	97498.3	-999.9
Ntarla	2004	3	10	70	22.5	37.4	23.3	-999.9	0.0	2.0	97329.1	-999.9
Ntarla	2004	3	11	71	22.0	37.9	24.1	-999.9	0.0	2.2	97232.3	-999.9
Ntarla	2004	3	12	72	21.7	38.4	24.7	-999.9	0.0	2.4	97247.2	-999.9
Ntarla	2004	3	13	73	21.7	38.4	25.1	-999.9	0.0	2.6	97231.6	-999.9
Ntarla	2004	3	14	74	23.1	38.7	25.1	-999.9	0.0	2.4	97166.4	-999.9
Ntarla	2004	3	15	75	20.9	38.5	25.4	-999.9	0.0	2.3	97132.5	-999.9
Ntarla	2004	3	16	76	21.0	39.0	24.5	-999.9	0.0	2.4	97149.6	-999.9
Ntarla	2004	3	17	77	23.2	38.7	25.0	-999.9	0.0	2.4	97070.5	-999.9
Ntarla	2004	3	18	78	22.0	38.5	25.7	-999.9	0.0	2.5	97129.8	-999.9
Ntarla	2004	3	19	79	22.1	38.1	25.6	-999.9	0.0	2.4	97108.7	-999.9
Ntarla	2004	3	20	80	22.0	39.0	25.5	-999.9	0.0	1.8	96955.6	-999.9
Ntarla	2004	3	21	81	22.1	39.0	25.0	-999.9	0.0	1.6	96908.3	-999.9
Ntarla	2004	3	22	82	25.7	38.2	22.7	-999.9	0.0	1.5	96918.6	-999.9
Ntarla	2004	3	23	83	25.1	38.9	24.5	-999.9	0.0	1.7	97005.5	-999.9
Ntarla	2004	3	24	84	25.4	38.7	23.9	-999.9	0.0	1.7	97014.5	-999.9
Ntarla	2004	3	25	85	25.6	39.7	25.0	-999.9	0.0	1.6	96994.9	-999.9
Ntarla	2004	3	26	86	25.2	39.7	25.0	-999.9	0.0	2.0	96786.0	-999.9
Ntarla	2004	3	27	87	27.4	40.0	23.7	-999.9	0.0	2.1	96624.5	-999.9
Ntarla	2004	3	28	88	29.7	38.6	22.4	-999.9	0.0	2.7	96726.9	-999.9
Ntarla	2004	3	29	89	28.9	37.8	21.4	-999.9	0.0	1.7	96869.9	-999.9
Ntarla	2004	3	30	90	27.3	38.3	21.1	-999.9	0.0	1.5	97027.9	-999.9
Ntarla	2004	3	31	91	26.9	38.2	23.2	-999.9	0.0	2.7	97097.8	-999.9
Ntarla	2004	4	1	92	26.7	36.4	22.1	-999.9	2.4	1.7	97160.0	-999.9
Ntarla	2004	4	2	93	27.5	38.1	23.1	-999.9	0.0	1.9	97266.0	-999.9
Ntarla	2004	4	3	94	26.4	39.8	24.1	-999.9	0.0	2.5	97257.7	-999.9
Ntarla	2004	4	4	95	26.7	39.3	24.9	-999.9	0.0	2.5	97316.0	-999.9
Ntarla	2004	4	5	96	22.9	38.1	26.1	-999.9	0.0	1.9	97284.6	-999.9
Ntarla	2004	4	6	97	21.3	37.9	26.4	-999.9	0.0	1.3	97127.0	-999.9
Ntarla	2004	4	7	98	22.1	38.5	25.7	-999.9	0.0	1.9	97116.8	-999.9
Ntarla	2004	4	8	99	25.4	38.3	24.2	-999.9	0.0	2.1	97160.3	-999.9
Ntarla	2004	4	9	100	27.6	37.9	22.4	-999.9	0.0	2.3	97122.0	-999.9
Ntarla	2004	4	10	101	27.6	38.2	22.7	-999.9	0.0	2.3	96981.1	-999.9
Ntarla	2004	4	11	102	26.2	37.4	22.7	-999.9	2.0	1.6	97068.4	-999.9
Ntarla	2004	4	12	103	25.7	36.0	22.3	-999.9	2.0	1.4	97113.7	-999.9
Ntarla	2004	4	13	104	27.0	38.5	22.8	-999.9	0.0	1.5	96832.4	-999.9
Ntarla	2004	4	14	105	27.8	38.7	23.9	-999.9	2.0	2.1	96735.4	-999.9
Ntarla	2004	4	15	106	26.8	36.1	21.2	-999.9	0.0	2.7	97020.2	-999.9
Ntarla	2004	4	16	107	26.3	36.3	22.4	-999.9	0.0	1.7	97207.6	-999.9
Ntarla	2004	4	17	108	26.9	36.8	20.4	-999.9	0.0	1.7	97215.5	-999.9
Ntarla	2004	4	18	109	26.6	38.0	22.8	-999.9	0.0	2.5	97120.8	-999.9
Ntarla	2004	4	19	110	26.5	37.4	22.3	-999.9	0.0	2.0	97085.3	-999.9
Ntarla	2004	4	20	111	25.7	39.3	24.8	-999.9	0.0	1.5	97070.7	-999.9
Ntarla	2004	4	21	112	27.0	37.6	23.0	-999.9	0.0	2.3	97124.0	-999.9
Ntarla	2004	4	22	113	27.6	38.6	24.0	-999.9	0.0	1.8	97013.3	-999.9
Ntarla	2004	4	23	114	27.0	38.7	24.7	-999.9	0.0	2.2	96854.3	-999.9
Ntarla	2004	4	24	115	27.9	38.9	24.0	-999.9	0.0	2.3	96816.4	-999.9
Ntarla	2004	4	25	116	25.8	37.3	23.0	-999.9	0.0	2.5	96930.9	-999.9
Ntarla	2004	4	26	117	24.8	38.4	24.2	-999.9	0.0	2.6	96938.2	-999.9
Ntarla	2004	4	27	118	25.1	34.2	19.0	-999.9	6.5	3.2	97142.1	-999.9
Ntarla	2004	4	28	119	26.1	36.2	22.9	-999.9	0.0	3.0	97206.2	-999.9
Ntarla	2004	4	29	120	25.4	36.9	23.8	-999.9	0.0	2.6	97171.5	-999.9
Ntarla	2004	4	30	121	25.9	36.6	22.9	-999.9	9.8	2.0	97240.9	-999.9
Ntarla	2004	5	1	122	27.0	37.8	23.4	-999.9	0.0	2.1	97172.5	-999.9
Ntarla	2004	5	2	123	27.2	38.7	24.0	-999.9	0.0	2.1	97099.6	-999.9
Ntarla	2004	5	3	124	27.2	39.4	23.8	-999.9	2.8	2.3	96994.9	-999.9
Ntarla	2004	5	4	125	28.7	38.4	23.6	-999.9	2.8	2.5	97020.6	-999.9
Ntarla	2004	5	5	126	27.3	36.8	22.5	-999.9	8.4	2.1	97144.9	-999.9
Ntarla	2004	5	6	127	27.4	38.1	23.4	-999.9	0.0	2.1	97255.5	-999.9
Ntarla	2004	5	7	128	27.2	37.8	24.2	-999.9	0.0	1.9	97299.8	-999.9
Ntarla	2004	5	8	129	27.7	38.4	24.8	-999.9	0.0	1.7	97204.6	-999.9
Ntarla	2004	5	9	130	27.1	39.1	24.6	-999.9	0.0	2.0	97106.9	-999.9
Ntarla	2004	5	10	131	28.5	39.4	25.1	-999.9	0.0	2.2	97077.2	-999.9
Ntarla	2004	5	11	132	28.8	38.3	22.3	-999.9	0.0	2.5	97163.1	-999.9
Ntarla	2004	5	12	133	28.2	38.9	24.3	-999.9	0.0	2.2	97119.5	-999.9
Ntarla	2004	5	13	134	26.9	38.6	24.4	-999.9	0.0	2.4	97064.3	-999.9
Ntarla	2004	5	14	135	27.9	38.5	23.9	-999.9	0.0	2.6	97045.3	-999.9
Ntarla	2004	5	15	136	27.3	37.4	23.4	-999.9	14.3	2.3	97234.3	-999.9
Ntarla	2004	5	16	137	27.5	37.1	23.8	-999.9	0.0	2.0	97117.4	-999.9
Ntarla	2004	5	17	138	28.0	37.6	23.9	-999.9	0.0	2.2	96991.0	-999.9
Ntarla	2004	5	18	139	28.7	38.3	23.5	-999.9	4.0	2.7	97112.7	-999.9
Ntarla	2004	5	19	140	27.6	38.6	24.3	-999.9	0.0	2.5	97241.2	-999.9
Ntarla	2004	5	20	141	25.8	37.6	24.4	-999.9	12.1	2.7	97285.9	-999.9
Ntarla	2004	5	21	142	27.0	37.2	24.9	-999.9	4.6	2.5	97265.1	-999.9
Ntarla	2004	5	22	143	27.6	37.3	24.7	-999.9	0.0	2.3	97216.8	-999.9
Ntarla	2004	5	23	144	27.6	36.9	23.6	-999.9	9.3	2.3	97301.7	-999.9
Ntarla	2004	5	24	145	26.3	35.7	23.3	-999.9	0.0	1.8	97406.8	-999.9
Ntarla	2004	5	25	146	26.2	37.4	24.3	-999.9	0.0	2.5	97372.4	-999.9
Ntarla	2004	5	26	147	25.8	38.9	24.8	-999.9	0.0	2.8	97245.8	-999.9
Ntarla	2004	5	27	148	24.9	36.7	24.7	-999.9	0.0	2.7	97421.0	-999.9
Ntarla	2004	5	28	149	25.7	36.1	23.5	-999.9	5.6	2.3	97597.9	-999.9
Ntarla	2004	5	29	150	26.5	36.4	22.7	-999.9	0.0	2.3	97464.5	-999.9
Ntarla	2004	5	30	151	26.0	36.7	23.0	-999.9	0.0	1.9	97335.2	-999.9
Ntarla	2004	5	31	152	25.7	37.4	25.5	-999.9	0.0	2.2	97123.8	-999.9
Ntarla	2004	6	1	153	26.1	36.1	23.9	-999.9	16.1	2.6	97263.5	-999.9
Ntarla	2004	6	2	154	25.3	35.5	24.7	-999.9	24.2	2.1	97547.0	-999.9
Ntarla	2004	6	3	155	24.7	33.2	17.5	-999.9	0.0	1.3	97682.5	-999.9
Ntarla	2004	6	4	156	25.2	36.0	24.3	-999.9	0.0	2.4	97464.0	-999.9
Ntarla	2004	6	5	157	25.1	36.9	25.1	-999.9	0.0	2.5	97353.4	-999.9
Ntarla	2004	6	6	158	25.6	36.5	25.0	-999.9	0.0	3.0	97385.6	-999.9
Ntarla	2004	6	7	159	25.9	34.9	23.4	-999.9	15.9	2.2	97579.5	-999.9
Ntarla	2004	6	8	160	24.7	35.0	24.3	-999.9	0.0	1.7	97579.0	-999.9
Ntarla	2004	6	9	161	25.3	35.7	24.4	-999.9	10.6	1.7	97540.9	-999.9
Ntarla	2004	6	10	162	24.7	35.7	24.0	-999.9	0.0	2.1	97452.9	-999.9
Ntarla	2004	6	11	163	25.6	35.1	24.2	-999.9	0.0	2.2	97411.4	-999.9
Ntarla	2004	6	12	164	24.3	34.8	22.7	-999.9	0.0	2.1	97543.2	-999.9
Ntarla	2004	6	13	165	23.9	33.8	23.9	-999.9	0.0	2.1	97648.1	-999.9
Ntarla	2004	6	14	166	24.9	34.9	24.3	-999.9	0.0	1.9	97618.8	-999.9
Ntarla	2004	6	15	167	24.4	35.6	24.7	-999.9	18.4	2.2	97457.1	-999.9
Ntarla	2004	6	16	168	25.7	34.7	24.1	-999.9	0.0	2.7	97399.8	-999.9
Ntarla	2004	6	17	169	26.1	33.6	23.0	-999.9	0.0	2.6	97483.7	-999.9
Ntarla	2004	6	18	170	25.9	35.5	23.9	-999.9	0.0	2.3	97492.7	-999.9
Ntarla	2004	6	19	171	26.2	36.0	24.2	-999.9	0.0	2.5	97490.7	-999.9
Ntarla	2004	6	20	172	26.9	36.2	23.8	-999.9	0.0	2.6	97368.1	-999.9
Ntarla	2004	6	21	173	25.8	34.5	21.4	-999.9	21.2	2.5	97414.6	-999.9
Ntarla	2004	6	22	174	25.1	35.6	23.4	-999.9	0.0	2.4	97551.5	-999.9
Ntarla	2004	6	23	175	25.9	35.8	24.6	-999.9	0.0	3.1	97515.2	-999.9
Ntarla	2004	6	24	176	26.0	36.1	24.1	-999.9	0.0	2.8	97410.1	-999.9
Ntarla	2004	6	25	177	25.5	36.2	24.4	-999.9	21.2	2.2	97377.2	-999.9
Ntarla	2004	6	26	178	25.2	34.8	22.6	-999.9	4.6	2.3	97500.5	-999.9
Ntarla	2004	6	27	179	23.4	34.2	24.0	-999.9	0.0	1.6	97454.6	-999.9
Ntarla	2004	6	28	180	23.5	34.3	24.5	-999.9	0.0	2.0	97439.7	-999.9
Ntarla	2004	6	29	181	25.2	32.4	21.9	-999.9	4.6	2.3	97436.8	-999.9
Ntarla	2004	6	30	182	23.6	33.6	22.8	-999.9	4.6	1.9	97479.5	-999.9
Ntarla	2004	7	1	183	24.5	31.1	16.3	-999.9	4.8	1.7	97461.7	-999.9
Ntarla	2004	7	2	184	24.6	33.5	24.2	-999.9	9.6	2.0	97400.5	-999.9
Ntarla	2004	7	3	185	23.7	31.1	17.4	-999.9	14.4	1.5	97396.8	-999.9
Ntarla	2004	7	4	186	23.7	31.6	21.6	-999.9	0.0	1.7	97418.9	-999.9
Ntarla	2004	7	5	187	22.9	33.0	24.7	-999.9	4.8	1.4	97439.3	-999.9
Ntarla	2004	7	6	188	24.8	32.2	22.4	-999.9	0.0	1.8	97324.9	-999.9
Ntarla	2004	7	7	189	24.2	30.2	16.7	-999.9	12.0	2.1	97249.0	-999.9
Ntarla	2004	7	8	190	23.3	31.2	20.8	-999.9	0.0	1.9	97314.9	-999.9
Ntarla	2004	7	9	191	23.7	32.5	23.9	-999.9	0.0	2.0	97219.1	-999.9
Ntarla	2004	7	10	192	23.4	31.8	21.1	-999.9	0.0	1.7	97253.7	-999.9
Ntarla	2004	7	11	193	22.4	29.3	18.3	-999.9	0.0	1.9	97361.1	-999.9
Ntarla	2004	7	12	194	22.1	29.2	16.9	-999.9	0.0	2.3	97473.8	-999.9
Ntarla	2004	7	13	195	21.6	31.8	21.5	-999.9	0.0	1.8	97513.7	-999.9
Ntarla	2004	7	14	196	23.7	32.7	21.9	-999.9	21.3	2.2	97361.8	-999.9
Ntarla	2004	7	15	197	23.2	32.4	21.9	-999.9	0.0	2.7	97325.0	-999.9
Ntarla	2004	7	16	198	23.6	32.5	21.2	-999.9	0.0	2.2	97380.5	-999.9
Ntarla	2004	7	17	199	23.9	33.1	22.2	-999.9	14.1	1.7	97372.0	-999.9
Ntarla	2004	7	18	200	23.9	31.6	20.4	-999.9	0.0	1.6	97383.8	-999.9
Ntarla	2004	7	19	201	23.7	31.7	22.2	-999.9	7.1	2.0	97339.1	-999.9
Ntarla	2004	7	20	202	23.2	28.9	15.5	-999.9	28.2	1.8	97289.7	-999.9
Ntarla	2004	7	21	203	22.7	31.0	21.3	-999.9	5.6	1.5	97256.6	-999.9
Ntarla	2004	7	22	204	23.2	28.9	16.1	-999.9	11.2	1.4	97431.7	-999.9
Ntarla	2004	7	23	205	22.8	30.7	22.2	-999.9	0.0	1.7	97489.9	-999.9
Ntarla	2004	7	24	206	22.8	29.4	17.6	-999.9	11.2	1.9	97539.6	-999.9
Ntarla	2004	7	25	207	22.7	27.4	14.0	-999.9	0.0	2.3	97529.0	-999.9
Ntarla	2004	7	26	208	21.9	28.7	17.8	-999.9	0.0	2.2	97522.6	-999.9
Ntarla	2004	7	27	209	21.5	30.1	20.7	-999.9	5.8	1.5	97599.4	-999.9
Ntarla	2004	7	28	210	22.5	28.7	17.3	-999.9	5.8	1.8	97583.3	-999.9
Ntarla	2004	7	29	211	22.3	29.3	17.4	-999.9	11.6	1.3	97514.4	-999.9
Ntarla	2004	7	30	212	22.2	29.4	20.8	-999.9	0.0	1.8	97532.0	-999.9
Ntarla	2004	7	31	213	22.7	30.1	20.7	-999.9	0.0	1.6	97602.3	-999.9
Ntarla	2004	8	1	214	22.3	30.1	18.9	-999.9	15.1	1.6	97566.0	-999.9
Ntarla	2004	8	2	215	23.6	30.9	22.7	-999.9	15.1	1.9	97514.4	-999.9
Ntarla	2004	8	3	216	23.0	31.6	23.7	-999.9	0.0	1.4	97425.3	-999.9
Ntarla	2004	8	4	217	23.2	30.8	22.0	-999.9	0.0	2.1	97448.6	-999.9
Ntarla	2004	8	5	218	22.4	30.4	19.9	-999.9	0.0	2.1	97429.5	-999.9
Ntarla	2004	8	6	219	23.4	30.8	20.8	-999.9	5.9	2.3	97508.8	-999.9
Ntarla	2004	8	7	220	23.0	30.3	19.4	-999.9	0.0	1.7	97591.9	-999.9
Ntarla	2004	8	8	221	23.0	30.9	22.3	-999.9	5.9	1.8	97614.6	-999.9
Ntarla	2004	8	9	222	23.7	31.8	23.1	-999.9	0.0	2.5	97461.3	-999.9
Ntarla	2004	8	10	223	24.8	33.4	23.3	-999.9	5.9	2.8	97278.4	-999.9
Ntarla	2004	8	11	224	23.9	30.1	17.3	-999.9	0.0	2.3	97397.9	-999.9
Ntarla	2004	8	12	225	22.2	27.5	12.8	-999.9	20.5	2.0	97588.5	-999.9
Ntarla	2004	8	13	226	22.1	29.9	20.7	-999.9	0.0	2.3	97655.2	-999.9
Ntarla	2004	8	14	227	22.9	31.0	21.8	-999.9	10.2	1.9	97622.7	-999.9
Ntarla	2004	8	15	228	23.9	31.1	20.1	-999.9	20.5	2.2	97541.8	-999.9
Ntarla	2004	8	16	229	23.4	30.8	20.5	-999.9	18.0	2.5	97446.3	-999.9
Ntarla	2004	8	17	230	22.5	28.0	13.0	-999.9	0.0	1.8	97404.0	-999.9
Ntarla	2004	8	18	231	22.5	29.7	19.9	-999.9	9.0	1.6	97578.7	-999.9
Ntarla	2004	8	19	232	22.5	30.2	19.2	-999.9	18.0	1.4	97656.0	-999.9
Ntarla	2004	8	20	233	23.3	29.3	16.3	-999.9	36.1	1.8	97450.4	-999.9
Ntarla	2004	8	21	234	22.7	29.4	16.6	-999.9	0.0	2.0	97315.1	-999.9
Ntarla	2004	8	22	235	23.0	31.3	20.4	-999.9	0.0	1.9	97275.8	-999.9
Ntarla	2004	8	23	236	23.3	29.9	17.5	-999.9	32.1	1.7	97315.9	-999.9
Ntarla	2004	8	24	237	22.8	26.0	8.4	-999.9	18.3	1.7	97365.4	-999.9
Ntarla	2004	8	25	238	22.2	29.2	18.2	-999.9	0.0	1.9	97511.5	-999.9
Ntarla	2004	8	26	239	22.0	30.2	21.2	-999.9	16.5	1.3	97468.9	-999.9
Ntarla	2004	8	27	240	22.6	29.1	19.5	-999.9	5.5	1.4	97362.3	-999.9
Ntarla	2004	8	28	241	22.6	28.5	16.9	-999.9	5.5	1.5	97405.8	-999.9
Ntarla	2004	8	29	242	22.5	30.2	21.3	-999.9	0.0	1.6	97422.6	-999.9
Ntarla	2004	8	30	243	22.2	30.8	23.4	-999.9	0.0	1.5	97538.0	-999.9
Ntarla	2004	8	31	244	22.9	30.8	23.2	-999.9	11.0	1.5	97544.6	-999.9
Ntarla	2004	9	1	245	22.7	29.6	18.8	-999.9	12.2	1.5	97484.4	-999.9
Ntarla	2004	9	2	246	22.2	30.8	23.4	-999.9	12.2	1.6	97412.3	-999.9
Ntarla	2004	9	3	247	22.4	29.4	19.8	-999.9	0.0	1.4	97405.3	-999.9
Ntarla	2004	9	4	248	22.1	31.3	23.8	-999.9	12.2	1.4	97406.7	-999.9
Ntarla	2004	9	5	249	22.7	30.9	23.5	-999.9	0.0	1.3	97298.7	-999.9
Ntarla	2004	9	6	250	22.8	31.6	24.4	-999.9	0.0	1.5	97182.1	-999.9
Ntarla	2004	9	7	251	22.8	30.8	23.5	-999.9	25.1	1.4	97151.6	-999.9
Ntarla	2004	9	8	252	22.3	27.6	13.2	-999.9	0.0	1.5	97247.7	-999.9
Ntarla	2004	9	9	253	22.3	30.0	21.8	-999.9	0.0	1.6	97381.2	-999.9
Ntarla	2004	9	10	254	22.6	30.4	20.3	-999.9	0.0	1.2	97371.3	-999.9
Ntarla	2004	9	11	255	23.1	31.4	22.7	-999.9	22.3	1.4	97395.8	-999.9
Ntarla	2004	9	12	256	23.1	28.6	16.8	-999.9	0.0	1.6	97476.4	-999.9
Ntarla	2004	9	13	257	22.4	31.2	24.0	-999.9	0.0	1.8	97547.5	-999.9
Ntarla	2004	9	14	258	23.0	32.1	23.9	-999.9	0.0	1.6	97448.9	-999.9
Ntarla	2004	9	15	259	22.5	29.9	20.1	-999.9	0.0	1.8	97477.7	-999.9
Ntarla	2004	9	16	260	22.6	31.4	22.4	-999.9	0.0	1.5	97465.4	-999.9
Ntarla	2004	9	17	261	23.6	32.4	23.1	-999.9	0.0	1.4	97407.3	-999.9
Ntarla	2004	9	18	262	23.7	32.3	23.6	-999.9	0.0	1.9	97333.8	-999.9
Ntarla	2004	9	19	263	23.8	32.3	23.6	-999.9	5.4	2.1	97259.1	-999.9
Ntarla	2004	9	20	264	22.6	30.4	19.9	-999.9	10.7	1.6	97391.4	-999.9
Ntarla	2004	9	21	265	23.2	31.5	22.1	-999.9	0.0	1.5	97542.6	-999.9
Ntarla	2004	9	22	266	22.3	32.6	23.5	-999.9	0.0	1.5	97546.2	-999.9
Ntarla	2004	9	23	267	24.3	32.7	22.9	-999.9	15.8	2.4	97429.3	-999.9
Ntarla	2004	9	24	268	22.9	31.4	21.8	-999.9	7.9	2.1	97409.9	-999.9
Ntarla	2004	9	25	269	22.3	31.1	22.4	-999.9	0.0	1.8	97524.6	-999.9
Ntarla	2004	9	26	270	22.1	32.8	23.4	-999.9	8.9	1.1	97497.9	-999.9
Ntarla	2004	9	27	271	23.2	33.1	23.2	-999.9	0.0	1.7	97398.6	-999.9
Ntarla	2004	9	28	272	23.2	34.8	23.2	-999.9	4.5	2.0	97238.8	-999.9
Ntarla	2004	9	29	273	24.5	35.6	23.4	-999.9	0.0	2.3	97156.2	-999.9
Ntarla	2004	9	30	274	23.6	36.4	24.0	-999.9	0.0	2.1	97074.1	-999.9
Ntarla	2004	10	1	275	23.3	33.9	22.4	-999.9	0.0	2.2	97280.5	-999.9
Ntarla	2004	10	2	276	23.4	34.3	23.2	-999.9	3.6	1.7	97343.1	-999.9
Ntarla	2004	10	3	277	23.7	35.5	23.1	-999.9	0.0	1.7	97230.5	-999.9
Ntarla	2004	10	4	278	25.1	35.5	22.6	-999.9	3.6	1.8	97139.8	-999.9
Ntarla	2004	10	5	279	25.4	33.5	20.3	-999.9	7.2	1.8	97306.3	-999.9
Ntarla	2004	10	6	280	23.8	34.7	22.9	-999.9	0.0	1.9	97464.4	-999.9
Ntarla	2004	10	7	281	23.5	34.2	21.4	-999.9	0.0	1.3	97425.2	-999.9
Ntarla	2004	10	8	282	23.2	35.5	21.7	-999.9	0.0	1.7	97279.6	-999.9
Ntarla	2004	10	9	283	24.3	35.9	23.5	-999.9	0.0	1.8	97271.4	-999.9
Ntarla	2004	10	10	284	25.0	35.2	22.2	-999.9	0.0	1.7	97277.6	-999.9
Ntarla	2004	10	11	285	25.1	35.2	21.6	-999.9	9.5	1.6	97274.3	-999.9
Ntarla	2004	10	12	286	25.1	34.2	20.4	-999.9	0.0	1.8	97332.5	-999.9
Ntarla	2004	10	13	287	22.9	36.4	22.4	-999.9	0.0	1.8	97260.2	-999.9
Ntarla	2004	10	14	288	22.9	35.2	19.6	-999.9	0.0	2.2	97252.4	-999.9
Ntarla	2004	10	15	289	24.5	35.2	20.6	-999.9	19.1	1.8	97329.2	-999.9
Ntarla	2004	10	16	290	22.7	34.9	21.6	-999.9	0.0	1.6	97357.0	-999.9
Ntarla	2004	10	17	291	22.0	34.6	21.2	-999.9	0.0	1.5	97306.5	-999.9
Ntarla	2004	10	18	292	23.7	34.3	20.4	-999.9	0.0	1.7	97338.2	-999.9
Ntarla	2004	10	19	293	23.0	36.0	21.5	-999.9	0.0	1.7	97327.1	-999.9
Ntarla	2004	10	20	294	20.2	36.7	23.6	-999.9	0.0	1.8	97167.2	-999.9
Ntarla	2004	10	21	295	21.9	34.6	22.0	-999.9	0.0	2.1	97158.6	-999.9
Ntarla	2004	10	22	296	24.8	34.0	19.8	-999.9	0.0	1.6	97267.8	-999.9
Ntarla	2004	10	23	297	23.9	34.5	20.1	-999.9	8.4	1.9	97201.9	-999.9
Ntarla	2004	10	24	298	21.8	34.3	20.6	-999.9	0.0	1.3	97239.6	-999.9
Ntarla	2004	10	25	299	22.1	35.2	20.2	-999.9	0.0	1.6	97239.1	-999.9
Ntarla	2004	10	26	300	22.9	34.6	19.3	-999.9	0.0	1.8	97227.9	-999.9
Ntarla	2004	10	27	301	22.8	34.6	20.4	-999.9	0.0	1.7	97244.4	-999.9
Ntarla	2004	10	28	302	24.9	33.8	19.6	-999.9	0.0	1.7	97377.3	-999.9
Ntarla	2004	10	29	303	22.9	35.4	19.8	-999.9	0.0	1.7	97289.6	-999.9
Ntarla	2004	10	30	304	22.5	35.0	21.3	-999.9	0.0	1.5	97166.7	-999.9
Ntarla	2004	10	31	305	23.5	33.6	19.6	-999.9	0.0	2.0	97251.0	-999.9
Ntarla	2004	11	1	306	23.8	33.9	20.5	-999.9	0.0	1.6	97248.2	-999.9
Ntarla	2004	11	2	307	24.2	34.4	19.5	-999.9	0.0	1.4	97213.8	-999.9
Ntarla	2004	11	3	308	23.9	33.5	18.7	-999.9	0.0	1.3	97217.1	-999.9
Ntarla	2004	11	4	309	21.9	33.7	20.3	-999.9	0.0	1.2	97203.5	-999.9
Ntarla	2004	11	5	310	21.7	33.2	19.0	-999.9	0.0	1.4	97193.5	-999.9
Ntarla	2004	11	6	311	23.9	33.6	18.9	-999.9	0.0	1.4	97213.2	-999.9
Ntarla	2004	11	7	312	24.4	35.2	19.7	-999.9	0.0	1.9	97200.6	-999.9
Ntarla	2004	11	8	313	22.2	35.4	21.8	-999.9	0.0	1.8	97194.4	-999.9
Ntarla	2004	11	9	314	21.2	35.2	21.7	-999.9	0.0	1.5	97225.2	-999.9
Ntarla	2004	11	10	315	19.6	35.3	22.0	-999.9	0.0	2.1	97191.6	-999.9
Ntarla	2004	11	11	316	21.4	35.0	21.8	-999.9	0.0	2.1	97088.3	-999.9
Ntarla	2004	11	12	317	20.9	35.2	21.7	-999.9	0.0	1.6	97081.2	-999.9
Ntarla	2004	11	13	318	20.7	34.1	20.3	-999.9	0.0	1.2	97226.4	-999.9
Ntarla	2004	11	14	319	22.7	34.3	19.3	-999.9	0.0	2.0	97250.5	-999.9
Ntarla	2004	11	15	320	22.7	34.2	19.4	-999.9	0.0	2.5	97319.0	-999.9
Ntarla	2004	11	16	321	22.5	33.5	19.4	-999.9	0.0	2.5	97382.7	-999.9
Ntarla	2004	11	17	322	20.6	34.9	21.4	-999.9	0.0	2.5	97419.3	-999.9
Ntarla	2004	11	18	323	20.5	34.4	21.6	-999.9	0.0	2.5	97410.7	-999.9
Ntarla	2004	11	19	324	20.2	34.3	21.3	-999.9	0.0	2.2	97376.5	-999.9
Ntarla	2004	11	20	325	20.2	34.9	21.0	-999.9	0.0	1.8	97413.0	-999.9
Ntarla	2004	11	21	326	22.5	34.7	20.5	-999.9	0.0	1.8	97442.7	-999.9
Ntarla	2004	11	22	327	19.6	35.6	21.3	-999.9	0.0	2.2	97405.5	-999.9
Ntarla	2004	11	23	328	20.6	35.2	21.3	-999.9	0.0	2.0	97314.3	-999.9
Ntarla	2004	11	24	329	20.0	34.5	21.3	-999.9	0.0	2.0	97258.1	-999.9
Ntarla	2004	11	25	330	18.6	34.3	21.3	-999.9	0.0	1.9	97287.1	-999.9
Ntarla	2004	11	26	331	17.9	33.9	21.4	-999.9	0.0	1.9	97346.7	-999.9
Ntarla	2004	11	27	332	16.5	33.9	21.2	-999.9	0.0	2.0	97342.0	-999.9
Ntarla	2004	11	28	333	17.8	34.1	20.9	-999.9	0.0	2.0	97351.5	-999.9
Ntarla	2004	11	29	334	19.3	34.1	20.8	-999.9	0.0	1.9	97398.1	-999.9
Ntarla	2004	11	30	335	19.7	34.2	20.6	-999.9	0.0	1.8	97317.9	-999.9
Ntarla	2004	12	1	336	18.4	34.7	20.5	-999.9	0.0	1.8	97183.2	-999.9
Ntarla	2004	12	2	337	20.3	34.7	20.6	-999.9	0.0	2.1	97157.7	-999.9
Ntarla	2004	12	3	338	18.4	35.0	20.7	-999.9	0.0	2.0	97249.2	-999.9
Ntarla	2004	12	4	339	18.0	34.7	20.9	-999.9	0.0	1.9	97330.7	-999.9
Ntarla	2004	12	5	340	16.1	34.0	20.9	-999.9	0.0	1.8	97337.9	-999.9
Ntarla	2004	12	6	341	16.9	33.9	20.6	-999.9	0.0	1.7	97302.3	-999.9
Ntarla	2004	12	7	342	19.4	34.6	20.2	-999.9	0.0	1.5	97325.4	-999.9
Ntarla	2004	12	8	343	19.7	33.6	20.5	-999.9	0.0	1.9	97369.3	-999.9
Ntarla	2004	12	9	344	19.4	33.7	20.3	-999.9	0.0	2.0	97301.1	-999.9
Ntarla	2004	12	10	345	18.0	33.1	20.1	-999.9	0.0	1.5	97213.0	-999.9
Ntarla	2004	12	11	346	19.3	33.2	20.1	-999.9	0.0	1.9	97225.7	-999.9
Ntarla	2004	12	12	347	19.8	33.6	19.9	-999.9	0.0	1.7	97313.4	-999.9
Ntarla	2004	12	13	348	20.0	34.2	19.3	-999.9	0.5	1.3	97350.3	-999.9
Ntarla	2004	12	14	349	20.0	34.9	19.9	-999.9	0.0	1.6	97236.5	-999.9
Ntarla	2004	12	15	350	19.5	34.9	19.1	-999.9	0.0	1.9	97102.8	-999.9
Ntarla	2004	12	16	351	23.0	34.2	18.3	-999.9	0.0	1.3	97072.4	-999.9
Ntarla	2004	12	17	352	23.8	33.8	18.2	-999.9	0.0	1.4	97189.4	-999.9
Ntarla	2004	12	18	353	20.8	34.9	20.1	-999.9	0.0	2.0	97299.6	-999.9
Ntarla	2004	12	19	354	19.5	34.4	20.2	-999.9	0.0	1.8	97340.5	-999.9
Ntarla	2004	12	20	355	18.7	34.8	20.1	-999.9	0.4	1.6	97219.4	-999.9
Ntarla	2004	12	21	356	19.4	35.0	20.0	-999.9	0.0	1.6	97126.2	-999.9
Ntarla	2004	12	22	357	20.7	34.6	19.5	-999.9	0.0	1.6	97118.2	-999.9
Ntarla	2004	12	23	358	21.3	35.2	19.7	-999.9	0.0	1.6	97073.1	-999.9
Ntarla	2004	12	24	359	20.1	35.4	20.1	-999.9	0.0	1.8	96992.7	-999.9
Ntarla	2004	12	25	360	19.9	34.9	20.0	-999.9	0.0	1.8	97057.5	-999.9
Ntarla	2004	12	26	361	21.1	33.9	19.9	-999.9	0.0	2.2	97165.5	-999.9
Ntarla	2004	12	27	362	20.0	33.5	19.6	-999.9	0.0	1.6	97260.1	-999.9
Ntarla	2004	12	28	363	21.0	34.0	19.2	-999.9	0.0	2.1	97421.3	-999.9
Ntarla	2004	12	29	364	21.1	33.9	20.1	-999.9	0.0	2.9	97434.5	-999.9
Ntarla	2004	12	30	365	19.4	31.7	20.2	-999.9	0.0	2.7	97382.8	-999.9
Ntarla	2004	12	31	366	17.7	30.2	20.2	-999.9	0.0	2.6	97478.1	-999.9
