Ntarla	1992	1	1	1	15.5	30.5	20.3	-999.9	0.0	2.2	97527.4	-999.9
Ntarla	1992	1	2	2	16.0	31.1	20.3	-999.9	0.0	2.5	97590.1	-999.9
Ntarla	1992	1	3	3	17.2	30.3	20.3	-999.9	0.0	2.7	97779.0	-999.9
Ntarla	1992	1	4	4	17.2	30.0	20.4	-999.9	0.0	3.0	97856.4	-999.9
Ntarla	1992	1	5	5	15.8	29.4	20.6	-999.9	0.0	2.8	97794.5	-999.9
Ntarla	1992	1	6	6	14.9	27.8	19.9	-999.9	0.0	3.1	97737.1	-999.9
Ntarla	1992	1	7	7	15.4	28.3	20.4	-999.9	0.0	2.8	97664.6	-999.9
Ntarla	1992	1	8	8	14.7	30.3	20.3	-999.9	0.0	2.2	97567.2	-999.9
Ntarla	1992	1	9	9	16.7	30.3	19.6	-999.9	0.0	2.3	97503.0	-999.9
Ntarla	1992	1	10	10	16.0	30.1	18.6	-999.9	0.1	2.2	97542.2	-999.9
Ntarla	1992	1	11	11	16.1	30.0	19.8	-999.9	0.0	2.1	97520.9	-999.9
Ntarla	1992	1	12	12	14.5	30.2	20.9	-999.9	0.0	2.0	97456.5	-999.9
Ntarla	1992	1	13	13	16.3	31.2	20.3	-999.9	0.0	2.1	97417.5	-999.9
Ntarla	1992	1	14	14	16.7	29.7	20.7	-999.9	0.0	2.6	97487.7	-999.9
Ntarla	1992	1	15	15	15.2	30.7	21.0	-999.9	0.0	2.5	97422.7	-999.9
Ntarla	1992	1	16	16	15.7	31.2	20.8	-999.9	0.0	2.1	97439.9	-999.9
Ntarla	1992	1	17	17	16.2	31.9	21.1	-999.9	0.0	2.1	97479.0	-999.9
Ntarla	1992	1	18	18	19.5	31.7	16.7	-999.9	0.0	2.1	97623.1	-999.9
Ntarla	1992	1	19	19	19.6	32.1	18.1	-999.9	0.0	1.5	97540.8	-999.9
Ntarla	1992	1	20	20	18.4	34.1	20.5	-999.9	0.0	2.2	97288.6	-999.9
Ntarla	1992	1	21	21	20.5	33.3	18.3	-999.9	0.0	1.6	97210.9	-999.9
Ntarla	1992	1	22	22	18.2	24.3	17.3	-999.9	0.0	2.8	97516.1	-999.9
Ntarla	1992	1	23	23	16.0	25.4	15.6	-999.9	0.1	3.1	97682.0	-999.9
Ntarla	1992	1	24	24	15.8	26.1	17.7	-999.9	0.0	3.0	97755.9	-999.9
Ntarla	1992	1	25	25	16.5	28.6	20.3	-999.9	0.0	2.7	97675.6	-999.9
Ntarla	1992	1	26	26	17.1	28.4	20.6	-999.9	0.0	2.6	97574.6	-999.9
Ntarla	1992	1	27	27	16.1	28.3	20.7	-999.9	0.0	2.3	97377.7	-999.9
Ntarla	1992	1	28	28	15.0	29.5	20.5	-999.9	0.0	2.2	97268.6	-999.9
Ntarla	1992	1	29	29	16.1	31.1	20.7	-999.9	0.0	2.4	97341.9	-999.9
Ntarla	1992	1	30	30	18.0	32.2	20.3	-999.9	0.0	2.5	97448.7	-999.9
Ntarla	1992	1	31	31	19.7	31.9	16.7	-999.9	0.0	2.6	97451.4	-999.9
Ntarla	1992	2	1	32	20.2	33.6	21.0	-999.9	0.0	2.4	97409.2	-999.9
Ntarla	1992	2	2	33	19.9	34.3	21.2	-999.9	0.0	2.1	97391.9	-999.9
Ntarla	1992	2	3	34	21.9	35.0	21.0	-999.9	0.0	2.4	97420.3	-999.9
Ntarla	1992	2	4	35	20.7	34.4	21.4	-999.9	0.0	2.3	97369.1	-999.9
Ntarla	1992	2	5	36	20.8	34.3	21.5	-999.9	0.0	2.6	97263.1	-999.9
Ntarla	1992	2	6	37	21.1	33.7	18.7	-999.9	0.0	1.3	97260.6	-999.9
Ntarla	1992	2	7	38	21.5	35.4	21.1	-999.9	0.0	1.2	97349.4	-999.9
Ntarla	1992	2	8	39	20.6	34.5	18.8	-999.9	0.0	1.9	97402.8	-999.9
Ntarla	1992	2	9	40	21.3	35.4	21.3	-999.9	0.0	2.5	97331.3	-999.9
Ntarla	1992	2	10	41	22.2	34.8	21.2	-999.9	0.0	2.6	97285.3	-999.9
Ntarla	1992	2	11	42	21.3	35.7	20.2	-999.9	1.0	1.8	97335.7	-999.9
Ntarla	1992	2	12	43	21.5	35.7	22.0	-999.9	0.0	2.2	97369.3	-999.9
Ntarla	1992	2	13	44	22.3	35.1	22.1	-999.9	0.0	2.7	97399.3	-999.9
Ntarla	1992	2	14	45	22.2	34.8	22.2	-999.9	0.0	3.6	97461.1	-999.9
Ntarla	1992	2	15	46	21.4	34.0	22.0	-999.9	0.0	3.0	97604.5	-999.9
Ntarla	1992	2	16	47	20.8	33.7	22.6	-999.9	0.0	2.5	97551.8	-999.9
Ntarla	1992	2	17	48	19.9	34.3	22.8	-999.9	0.0	2.6	97399.0	-999.9
Ntarla	1992	2	18	49	19.9	35.1	22.9	-999.9	0.0	2.5	97315.9	-999.9
Ntarla	1992	2	19	50	19.4	35.6	23.1	-999.9	0.0	2.2	97222.4	-999.9
Ntarla	1992	2	20	51	18.3	36.1	23.5	-999.9	0.0	2.1	97127.1	-999.9
Ntarla	1992	2	21	52	18.5	36.5	23.5	-999.9	0.0	2.0	97107.9	-999.9
Ntarla	1992	2	22	53	18.4	37.2	23.4	-999.9	0.0	2.1	97162.3	-999.9
Ntarla	1992	2	23	54	20.5	37.9	23.5	-999.9	0.0	2.6	97243.0	-999.9
Ntarla	1992	2	24	55	19.5	38.6	23.6	-999.9	0.0	2.6	97372.5	-999.9
Ntarla	1992	2	25	56	22.1	37.9	23.7	-999.9	0.0	2.8	97454.2	-999.9
Ntarla	1992	2	26	57	21.3	36.3	23.9	-999.9	0.0	2.5	97460.9	-999.9
Ntarla	1992	2	27	58	19.5	36.4	24.0	-999.9	0.0	1.9	97435.1	-999.9
Ntarla	1992	2	28	59	18.9	37.0	24.0	-999.9	0.0	1.8	97232.4	-999.9
Ntarla	1992	2	29	60	19.9	37.6	23.7	-999.9	0.0	1.6	97079.8	-999.9
Ntarla	1992	3	1	61	23.6	36.2	20.9	-999.9	0.0	2.4	97236.5	-999.9
Ntarla	1992	3	2	62	22.4	35.8	21.8	-999.9	0.0	1.6	97398.1	-999.9
Ntarla	1992	3	3	63	22.4	35.8	21.6	-999.9	0.0	1.3	97424.0	-999.9
Ntarla	1992	3	4	64	24.0	36.5	21.2	-999.9	0.0	1.6	97282.9	-999.9
Ntarla	1992	3	5	65	24.0	37.0	23.6	-999.9	0.0	2.6	97238.8	-999.9
Ntarla	1992	3	6	66	24.2	37.0	23.1	-999.9	0.0	2.8	97217.9	-999.9
Ntarla	1992	3	7	67	23.4	36.7	23.9	-999.9	0.0	3.0	97167.8	-999.9
Ntarla	1992	3	8	68	23.0	36.1	24.1	-999.9	0.0	3.1	97201.1	-999.9
Ntarla	1992	3	9	69	21.8	35.1	24.3	-999.9	0.0	2.8	97197.6	-999.9
Ntarla	1992	3	10	70	21.6	35.3	24.2	-999.9	0.0	2.8	97177.1	-999.9
Ntarla	1992	3	11	71	21.3	34.4	24.3	-999.9	0.0	2.9	97197.4	-999.9
Ntarla	1992	3	12	72	20.5	34.2	24.4	-999.9	0.0	2.9	97181.9	-999.9
Ntarla	1992	3	13	73	20.9	34.5	24.1	-999.9	0.0	2.9	97220.6	-999.9
Ntarla	1992	3	14	74	20.9	34.6	23.9	-999.9	0.0	3.0	97290.3	-999.9
Ntarla	1992	3	15	75	21.7	34.7	23.9	-999.9	0.0	2.8	97318.5	-999.9
Ntarla	1992	3	16	76	19.9	34.1	24.5	-999.9	0.0	2.6	97321.9	-999.9
Ntarla	1992	3	17	77	20.2	34.4	24.7	-999.9	0.0	2.4	97276.2	-999.9
Ntarla	1992	3	18	78	20.5	35.1	24.5	-999.9	0.0	2.3	97129.8	-999.9
Ntarla	1992	3	19	79	21.0	34.9	24.6	-999.9	0.0	2.9	97053.6	-999.9
Ntarla	1992	3	20	80	23.9	33.2	19.7	-999.9	0.0	2.1	97096.9	-999.9
Ntarla	1992	3	21	81	23.1	32.8	20.0	-999.9	0.0	2.8	97228.4	-999.9
Ntarla	1992	3	22	82	23.8	33.3	21.3	-999.9	0.0	3.7	97438.8	-999.9
Ntarla	1992	3	23	83	21.7	33.6	22.8	-999.9	0.0	3.2	97414.7	-999.9
Ntarla	1992	3	24	84	21.4	35.5	24.7	-999.9	0.0	2.3	97185.8	-999.9
Ntarla	1992	3	25	85	22.9	35.4	19.2	-999.9	0.0	2.0	97121.8	-999.9
Ntarla	1992	3	26	86	24.2	37.0	21.7	-999.9	0.0	2.0	97267.1	-999.9
Ntarla	1992	3	27	87	26.3	35.2	20.3	-999.9	0.0	2.9	97362.5	-999.9
Ntarla	1992	3	28	88	24.6	36.2	23.0	-999.9	0.0	2.8	97313.0	-999.9
Ntarla	1992	3	29	89	24.2	38.0	25.1	-999.9	0.0	2.7	97251.4	-999.9
Ntarla	1992	3	30	90	24.9	38.3	22.5	-999.9	0.0	2.2	97187.2	-999.9
Ntarla	1992	3	31	91	23.5	38.5	24.3	-999.9	0.0	1.5	97073.4	-999.9
Ntarla	1992	4	1	92	26.4	39.4	24.5	-999.9	0.0	1.8	96953.2	-999.9
Ntarla	1992	4	2	93	28.3	37.8	24.7	-999.9	0.0	2.4	97057.2	-999.9
Ntarla	1992	4	3	94	26.1	38.0	24.5	-999.9	0.0	3.5	97267.9	-999.9
Ntarla	1992	4	4	95	27.0	39.0	24.5	-999.9	0.0	2.7	97247.8	-999.9
Ntarla	1992	4	5	96	24.4	38.2	24.1	-999.9	0.0	2.1	97204.9	-999.9
Ntarla	1992	4	6	97	24.9	36.5	23.6	-999.9	0.0	2.2	97281.3	-999.9
Ntarla	1992	4	7	98	25.2	33.2	17.0	-999.9	0.0	2.3	97411.0	-999.9
Ntarla	1992	4	8	99	22.9	36.6	25.0	-999.9	0.0	1.7	97258.5	-999.9
Ntarla	1992	4	9	100	23.6	37.7	23.9	-999.9	0.0	2.2	97026.1	-999.9
Ntarla	1992	4	10	101	25.8	35.8	22.1	-999.9	10.2	2.7	97006.2	-999.9
Ntarla	1992	4	11	102	26.3	37.3	22.8	-999.9	0.0	2.0	97048.7	-999.9
Ntarla	1992	4	12	103	25.1	36.8	23.9	-999.9	0.0	2.0	97098.4	-999.9
Ntarla	1992	4	13	104	25.9	37.2	22.5	-999.9	0.0	2.8	97227.9	-999.9
Ntarla	1992	4	14	105	25.8	37.3	25.8	-999.9	0.0	3.3	97235.5	-999.9
Ntarla	1992	4	15	106	24.7	37.0	25.6	-999.9	0.0	2.5	97212.7	-999.9
Ntarla	1992	4	16	107	25.1	38.5	26.0	-999.9	0.0	1.8	97152.8	-999.9
Ntarla	1992	4	17	108	24.1	38.9	25.9	-999.9	0.0	1.6	97113.1	-999.9
Ntarla	1992	4	18	109	23.4	39.4	25.9	-999.9	0.0	1.5	97046.4	-999.9
Ntarla	1992	4	19	110	24.4	38.6	24.7	-999.9	0.0	1.5	96942.2	-999.9
Ntarla	1992	4	20	111	24.5	39.2	24.8	-999.9	0.0	1.7	96957.8	-999.9
Ntarla	1992	4	21	112	27.9	38.9	23.2	-999.9	0.0	2.1	97099.1	-999.9
Ntarla	1992	4	22	113	26.0	38.4	22.9	-999.9	0.0	2.1	97185.2	-999.9
Ntarla	1992	4	23	114	23.9	31.7	14.5	-999.9	0.0	1.5	97173.3	-999.9
Ntarla	1992	4	24	115	25.7	35.2	19.8	-999.9	0.0	1.4	96979.7	-999.9
Ntarla	1992	4	25	116	24.1	36.9	25.1	-999.9	0.0	1.6	97020.1	-999.9
Ntarla	1992	4	26	117	26.0	37.1	24.3	-999.9	0.0	2.1	97173.9	-999.9
Ntarla	1992	4	27	118	26.8	38.8	23.8	-999.9	0.0	2.0	97006.8	-999.9
Ntarla	1992	4	28	119	23.7	38.8	25.3	-999.9	0.0	2.0	96879.4	-999.9
Ntarla	1992	4	29	120	27.2	39.3	23.8	-999.9	0.0	2.2	96929.9	-999.9
Ntarla	1992	4	30	121	28.2	39.1	22.8	-999.9	0.0	2.3	96991.2	-999.9
Ntarla	1992	5	1	122	26.4	37.3	19.3	-999.9	0.0	3.0	97107.8	-999.9
Ntarla	1992	5	2	123	25.9	36.4	22.4	-999.9	0.0	2.5	97097.5	-999.9
Ntarla	1992	5	3	124	27.2	37.3	22.0	-999.9	0.0	2.3	96917.6	-999.9
Ntarla	1992	5	4	125	26.7	37.5	22.5	-999.9	3.4	3.1	96921.4	-999.9
Ntarla	1992	5	5	126	26.4	38.3	23.1	-999.9	3.4	2.6	97004.2	-999.9
Ntarla	1992	5	6	127	26.6	37.8	22.1	-999.9	4.4	1.6	97231.2	-999.9
Ntarla	1992	5	7	128	26.5	39.5	23.9	-999.9	0.0	1.9	97191.1	-999.9
Ntarla	1992	5	8	129	25.4	40.1	25.3	-999.9	0.0	1.5	97086.0	-999.9
Ntarla	1992	5	9	130	27.0	39.6	23.7	-999.9	0.0	2.1	97003.5	-999.9
Ntarla	1992	5	10	131	28.6	38.8	22.8	-999.9	0.0	2.9	97122.8	-999.9
Ntarla	1992	5	11	132	27.6	38.3	21.9	-999.9	2.0	2.5	97186.5	-999.9
Ntarla	1992	5	12	133	26.5	38.4	22.4	-999.9	4.1	2.0	97080.1	-999.9
Ntarla	1992	5	13	134	26.7	37.9	23.2	-999.9	0.0	2.1	97080.5	-999.9
Ntarla	1992	5	14	135	26.0	37.8	23.8	-999.9	0.0	2.1	97070.5	-999.9
Ntarla	1992	5	15	136	27.1	36.9	22.3	-999.9	4.1	2.4	97080.2	-999.9
Ntarla	1992	5	16	137	26.9	35.8	21.3	-999.9	10.5	1.8	97194.9	-999.9
Ntarla	1992	5	17	138	25.7	34.2	22.2	-999.9	5.2	1.4	97260.0	-999.9
Ntarla	1992	5	18	139	26.9	36.5	21.9	-999.9	5.2	2.4	97169.1	-999.9
Ntarla	1992	5	19	140	25.6	36.7	21.8	-999.9	5.2	2.9	97117.9	-999.9
Ntarla	1992	5	20	141	25.7	38.4	25.0	-999.9	0.0	2.2	97033.8	-999.9
Ntarla	1992	5	21	142	26.7	37.8	24.4	-999.9	0.0	3.1	97122.5	-999.9
Ntarla	1992	5	22	143	27.0	36.2	21.7	-999.9	3.1	2.7	97290.8	-999.9
Ntarla	1992	5	23	144	25.2	35.8	22.2	-999.9	4.6	2.0	97304.9	-999.9
Ntarla	1992	5	24	145	25.5	35.4	22.0	-999.9	0.0	1.9	97340.7	-999.9
Ntarla	1992	5	25	146	24.9	36.1	23.3	-999.9	1.5	2.0	97354.2	-999.9
Ntarla	1992	5	26	147	25.5	35.4	22.5	-999.9	0.0	2.0	97268.7	-999.9
Ntarla	1992	5	27	148	23.3	33.1	20.1	-999.9	4.1	2.6	97282.1	-999.9
Ntarla	1992	5	28	149	24.9	35.0	23.1	-999.9	4.1	2.0	97170.4	-999.9
Ntarla	1992	5	29	150	25.5	35.0	22.1	-999.9	8.2	1.8	97279.7	-999.9
Ntarla	1992	5	30	151	24.2	35.1	21.2	-999.9	8.2	2.0	97316.4	-999.9
Ntarla	1992	5	31	152	24.8	34.1	23.1	-999.9	4.1	2.7	97212.8	-999.9
Ntarla	1992	6	1	153	25.4	34.9	24.7	-999.9	0.0	3.1	97089.6	-999.9
Ntarla	1992	6	2	154	25.5	34.7	22.9	-999.9	0.0	2.7	97189.1	-999.9
Ntarla	1992	6	3	155	25.6	34.0	20.9	-999.9	6.6	2.5	97363.6	-999.9
Ntarla	1992	6	4	156	25.5	35.3	22.6	-999.9	6.6	2.2	97259.9	-999.9
Ntarla	1992	6	5	157	24.9	35.0	23.7	-999.9	6.6	2.0	97284.8	-999.9
Ntarla	1992	6	6	158	24.8	35.0	23.9	-999.9	0.0	2.0	97253.8	-999.9
Ntarla	1992	6	7	159	23.5	35.1	24.2	-999.9	0.0	2.1	97331.6	-999.9
Ntarla	1992	6	8	160	24.9	34.1	22.0	-999.9	0.0	2.4	97396.3	-999.9
Ntarla	1992	6	9	161	24.7	34.9	23.6	-999.9	8.2	2.6	97349.3	-999.9
Ntarla	1992	6	10	162	26.2	35.8	23.3	-999.9	0.0	3.0	97233.6	-999.9
Ntarla	1992	6	11	163	25.4	36.5	23.9	-999.9	0.0	2.5	97356.3	-999.9
Ntarla	1992	6	12	164	26.5	36.8	23.6	-999.9	0.0	2.3	97365.0	-999.9
Ntarla	1992	6	13	165	24.7	33.1	19.6	-999.9	15.3	2.5	97303.3	-999.9
Ntarla	1992	6	14	166	23.8	33.6	23.8	-999.9	0.0	1.8	97349.5	-999.9
Ntarla	1992	6	15	167	24.3	30.5	17.0	-999.9	0.0	2.0	97463.5	-999.9
Ntarla	1992	6	16	168	23.9	33.2	22.2	-999.9	0.0	2.1	97537.9	-999.9
Ntarla	1992	6	17	169	24.8	35.8	24.4	-999.9	4.7	2.3	97404.9	-999.9
Ntarla	1992	6	18	170	25.2	35.8	23.4	-999.9	0.0	2.8	97312.2	-999.9
Ntarla	1992	6	19	171	25.1	34.1	22.6	-999.9	0.0	2.2	97399.5	-999.9
Ntarla	1992	6	20	172	25.1	33.6	19.7	-999.9	0.0	2.1	97565.5	-999.9
Ntarla	1992	6	21	173	25.3	35.0	22.9	-999.9	9.0	1.8	97537.1	-999.9
Ntarla	1992	6	22	174	25.2	35.9	23.9	-999.9	0.0	2.5	97336.7	-999.9
Ntarla	1992	6	23	175	26.1	35.9	21.5	-999.9	0.0	2.7	97315.4	-999.9
Ntarla	1992	6	24	176	25.9	35.7	23.0	-999.9	18.0	2.6	97251.0	-999.9
Ntarla	1992	6	25	177	25.8	33.8	22.0	-999.9	0.0	3.1	97357.1	-999.9
Ntarla	1992	6	26	178	25.2	33.0	20.9	-999.9	0.0	2.3	97353.3	-999.9
Ntarla	1992	6	27	179	23.0	34.5	22.8	-999.9	0.0	2.1	97382.9	-999.9
Ntarla	1992	6	28	180	25.2	33.9	23.2	-999.9	15.6	2.0	97473.2	-999.9
Ntarla	1992	6	29	181	24.7	34.2	23.4	-999.9	0.0	1.8	97552.2	-999.9
Ntarla	1992	6	30	182	23.4	34.4	24.0	-999.9	15.6	2.2	97524.7	-999.9
Ntarla	1992	7	1	183	23.8	33.6	21.5	-999.9	0.0	2.2	97463.8	-999.9
Ntarla	1992	7	2	184	24.8	33.4	22.8	-999.9	0.0	2.3	97475.1	-999.9
Ntarla	1992	7	3	185	24.1	30.9	18.0	-999.9	8.8	2.6	97442.2	-999.9
Ntarla	1992	7	4	186	23.5	32.1	21.3	-999.9	0.0	2.4	97511.1	-999.9
Ntarla	1992	7	5	187	24.0	34.0	23.5	-999.9	8.8	2.5	97364.1	-999.9
Ntarla	1992	7	6	188	25.6	32.8	20.4	-999.9	0.0	3.2	97331.3	-999.9
Ntarla	1992	7	7	189	24.0	32.4	20.5	-999.9	21.9	2.4	97491.7	-999.9
Ntarla	1992	7	8	190	24.0	30.5	16.8	-999.9	21.9	1.8	97498.1	-999.9
Ntarla	1992	7	9	191	22.9	30.1	19.5	-999.9	14.6	1.5	97484.4	-999.9
Ntarla	1992	7	10	192	23.3	30.3	19.9	-999.9	0.0	2.0	97444.6	-999.9
Ntarla	1992	7	11	193	22.5	29.8	15.9	-999.9	0.0	2.4	97448.4	-999.9
Ntarla	1992	7	12	194	23.8	30.0	17.6	-999.9	0.0	2.3	97333.3	-999.9
Ntarla	1992	7	13	195	22.5	29.8	17.2	-999.9	0.0	2.2	97425.1	-999.9
Ntarla	1992	7	14	196	22.8	29.2	14.7	-999.9	25.4	1.8	97483.8	-999.9
Ntarla	1992	7	15	197	22.0	29.8	20.2	-999.9	24.7	1.8	97532.2	-999.9
Ntarla	1992	7	16	198	22.4	26.3	11.6	-999.9	10.0	1.6	97607.4	-999.9
Ntarla	1992	7	17	199	21.4	30.4	20.5	-999.9	0.0	2.1	97614.7	-999.9
Ntarla	1992	7	18	200	22.6	31.4	22.4	-999.9	0.0	2.1	97524.4	-999.9
Ntarla	1992	7	19	201	22.8	27.9	10.0	-999.9	0.0	1.9	97544.7	-999.9
Ntarla	1992	7	20	202	22.3	30.5	21.4	-999.9	0.0	1.9	97517.2	-999.9
Ntarla	1992	7	21	203	22.5	30.8	22.3	-999.9	0.0	1.6	97544.9	-999.9
Ntarla	1992	7	22	204	22.6	30.1	20.6	-999.9	8.1	1.7	97610.6	-999.9
Ntarla	1992	7	23	205	22.2	28.4	15.7	-999.9	16.2	2.0	97614.9	-999.9
Ntarla	1992	7	24	206	22.5	26.5	14.8	-999.9	8.1	2.7	97619.4	-999.9
Ntarla	1992	7	25	207	22.2	28.7	17.2	-999.9	0.0	2.6	97577.3	-999.9
Ntarla	1992	7	26	208	21.9	29.6	19.0	-999.9	7.8	1.8	97649.3	-999.9
Ntarla	1992	7	27	209	22.2	28.2	16.4	-999.9	0.0	1.7	97663.9	-999.9
Ntarla	1992	7	28	210	22.1	28.9	17.9	-999.9	11.7	2.0	97568.1	-999.9
Ntarla	1992	7	29	211	22.2	29.7	19.0	-999.9	0.0	2.1	97554.0	-999.9
Ntarla	1992	7	30	212	22.7	30.3	21.0	-999.9	7.8	1.9	97483.3	-999.9
Ntarla	1992	7	31	213	23.0	29.9	18.8	-999.9	0.0	2.1	97463.4	-999.9
Ntarla	1992	8	1	214	23.1	30.1	22.0	-999.9	8.9	1.8	97522.3	-999.9
Ntarla	1992	8	2	215	22.4	29.5	20.9	-999.9	17.8	2.0	97534.5	-999.9
Ntarla	1992	8	3	216	23.4	30.7	21.1	-999.9	17.8	2.0	97443.2	-999.9
Ntarla	1992	8	4	217	23.0	29.3	16.4	-999.9	0.0	2.6	97384.6	-999.9
Ntarla	1992	8	5	218	22.1	27.7	13.4	-999.9	8.9	2.3	97518.5	-999.9
Ntarla	1992	8	6	219	21.9	28.9	16.1	-999.9	7.5	1.9	97617.8	-999.9
Ntarla	1992	8	7	220	21.7	29.6	21.0	-999.9	15.0	1.6	97567.1	-999.9
Ntarla	1992	8	8	221	22.3	29.9	19.8	-999.9	7.5	1.9	97542.2	-999.9
Ntarla	1992	8	9	222	22.9	29.6	19.3	-999.9	7.5	1.9	97508.2	-999.9
Ntarla	1992	8	10	223	22.7	30.7	22.8	-999.9	7.5	1.7	97489.4	-999.9
Ntarla	1992	8	11	224	22.6	27.6	13.8	-999.9	13.3	1.7	97517.5	-999.9
Ntarla	1992	8	12	225	21.6	29.5	19.9	-999.9	0.0	1.4	97637.7	-999.9
Ntarla	1992	8	13	226	22.1	28.6	18.3	-999.9	6.7	1.5	97657.9	-999.9
Ntarla	1992	8	14	227	23.1	28.0	16.3	-999.9	0.0	2.1	97474.0	-999.9
Ntarla	1992	8	15	228	22.3	28.6	18.0	-999.9	13.3	1.9	97435.3	-999.9
Ntarla	1992	8	16	229	22.2	28.5	16.0	-999.9	11.0	1.5	97573.4	-999.9
Ntarla	1992	8	17	230	22.1	30.2	21.7	-999.9	11.0	1.6	97589.1	-999.9
Ntarla	1992	8	18	231	22.7	29.3	21.1	-999.9	0.0	2.1	97633.8	-999.9
Ntarla	1992	8	19	232	22.4	29.6	21.1	-999.9	0.0	1.7	97650.3	-999.9
Ntarla	1992	8	20	233	22.9	31.6	23.7	-999.9	0.0	2.1	97579.6	-999.9
Ntarla	1992	8	21	234	23.1	31.5	23.1	-999.9	6.8	2.6	97390.0	-999.9
Ntarla	1992	8	22	235	22.7	28.9	14.3	-999.9	6.8	2.5	97371.0	-999.9
Ntarla	1992	8	23	236	22.2	27.9	12.8	-999.9	13.6	2.0	97380.2	-999.9
Ntarla	1992	8	24	237	22.1	26.4	11.9	-999.9	6.8	2.1	97430.8	-999.9
Ntarla	1992	8	25	238	21.1	29.6	21.3	-999.9	6.8	1.2	97582.9	-999.9
Ntarla	1992	8	26	239	22.2	28.1	14.0	-999.9	0.0	1.0	97610.0	-999.9
Ntarla	1992	8	27	240	21.9	27.8	14.4	-999.9	19.4	1.5	97513.7	-999.9
Ntarla	1992	8	28	241	21.5	28.3	17.4	-999.9	0.0	2.1	97558.2	-999.9
Ntarla	1992	8	29	242	22.2	27.8	16.3	-999.9	9.7	2.3	97669.1	-999.9
Ntarla	1992	8	30	243	22.2	25.3	8.8	-999.9	0.0	2.0	97641.6	-999.9
Ntarla	1992	8	31	244	20.6	27.3	13.2	-999.9	38.8	2.0	97403.4	-999.9
Ntarla	1992	9	1	245	21.5	26.8	16.9	-999.9	11.7	2.5	97355.2	-999.9
Ntarla	1992	9	2	246	20.6	28.8	17.3	-999.9	0.0	2.1	97521.5	-999.9
Ntarla	1992	9	3	247	22.0	30.3	21.6	-999.9	11.7	1.8	97329.6	-999.9
Ntarla	1992	9	4	248	21.9	28.7	18.5	-999.9	0.0	1.9	97332.1	-999.9
Ntarla	1992	9	5	249	20.9	29.4	19.5	-999.9	0.0	1.7	97380.6	-999.9
Ntarla	1992	9	6	250	22.5	30.0	21.5	-999.9	20.0	2.3	97245.0	-999.9
Ntarla	1992	9	7	251	21.4	27.4	14.3	-999.9	6.7	1.8	97341.6	-999.9
Ntarla	1992	9	8	252	20.8	28.2	15.5	-999.9	6.7	1.7	97531.2	-999.9
Ntarla	1992	9	9	253	20.7	29.9	22.8	-999.9	0.0	1.7	97442.5	-999.9
Ntarla	1992	9	10	254	22.5	29.0	18.8	-999.9	6.7	1.7	97370.0	-999.9
Ntarla	1992	9	11	255	22.8	30.0	21.0	-999.9	0.0	2.0	97417.0	-999.9
Ntarla	1992	9	12	256	21.8	29.8	22.0	-999.9	0.0	1.6	97448.6	-999.9
Ntarla	1992	9	13	257	22.2	30.4	21.9	-999.9	0.0	1.7	97204.6	-999.9
Ntarla	1992	9	14	258	22.7	30.5	20.7	-999.9	7.3	1.5	97094.7	-999.9
Ntarla	1992	9	15	259	22.3	29.7	17.5	-999.9	14.6	1.4	97215.5	-999.9
Ntarla	1992	9	16	260	21.8	25.8	10.1	-999.9	0.0	1.7	97381.5	-999.9
Ntarla	1992	9	17	261	20.8	29.0	19.7	-999.9	15.5	1.2	97390.1	-999.9
Ntarla	1992	9	18	262	22.1	29.8	21.2	-999.9	15.5	1.4	97367.6	-999.9
Ntarla	1992	9	19	263	22.2	30.4	22.5	-999.9	0.0	1.2	97300.3	-999.9
Ntarla	1992	9	20	264	22.1	29.3	19.8	-999.9	0.0	1.3	97412.2	-999.9
Ntarla	1992	9	21	265	21.4	28.4	20.8	-999.9	4.4	1.9	97471.2	-999.9
Ntarla	1992	9	22	266	22.2	29.2	21.1	-999.9	0.0	1.2	97425.6	-999.9
Ntarla	1992	9	23	267	22.2	30.3	22.1	-999.9	8.8	1.8	97431.0	-999.9
Ntarla	1992	9	24	268	21.6	31.2	23.0	-999.9	4.4	1.3	97468.0	-999.9
Ntarla	1992	9	25	269	23.0	30.8	22.9	-999.9	4.4	1.7	97403.9	-999.9
Ntarla	1992	9	26	270	22.5	30.7	22.2	-999.9	0.0	1.8	97366.2	-999.9
Ntarla	1992	9	27	271	22.7	30.6	21.3	-999.9	0.0	1.6	97405.7	-999.9
Ntarla	1992	9	28	272	23.8	31.3	19.0	-999.9	0.0	1.8	97401.1	-999.9
Ntarla	1992	9	29	273	22.0	30.9	20.8	-999.9	0.0	1.7	97318.7	-999.9
Ntarla	1992	9	30	274	22.4	30.4	21.8	-999.9	15.2	1.3	97319.9	-999.9
Ntarla	1992	10	1	275	22.1	29.1	19.9	-999.9	0.0	2.1	97356.7	-999.9
Ntarla	1992	10	2	276	21.5	30.1	21.5	-999.9	2.9	1.8	97417.6	-999.9
Ntarla	1992	10	3	277	21.4	30.6	22.1	-999.9	0.0	1.5	97418.3	-999.9
Ntarla	1992	10	4	278	22.0	30.8	21.4	-999.9	2.9	1.6	97350.6	-999.9
Ntarla	1992	10	5	279	22.3	31.2	21.9	-999.9	0.0	1.6	97294.1	-999.9
Ntarla	1992	10	6	280	23.0	31.2	22.6	-999.9	0.0	1.4	97317.7	-999.9
Ntarla	1992	10	7	281	22.9	32.1	22.1	-999.9	0.0	1.4	97348.9	-999.9
Ntarla	1992	10	8	282	23.4	31.5	20.1	-999.9	0.0	2.0	97346.4	-999.9
Ntarla	1992	10	9	283	24.3	33.0	21.9	-999.9	0.0	1.8	97353.2	-999.9
Ntarla	1992	10	10	284	23.1	32.9	22.0	-999.9	5.0	1.8	97409.3	-999.9
Ntarla	1992	10	11	285	23.7	32.3	21.0	-999.9	0.0	1.9	97333.5	-999.9
Ntarla	1992	10	12	286	24.3	31.5	19.5	-999.9	0.0	1.5	97258.1	-999.9
Ntarla	1992	10	13	287	23.0	31.9	22.0	-999.9	3.2	1.5	97393.9	-999.9
Ntarla	1992	10	14	288	23.0	32.5	21.3	-999.9	0.0	1.4	97466.2	-999.9
Ntarla	1992	10	15	289	24.0	32.9	21.4	-999.9	0.0	1.9	97410.3	-999.9
Ntarla	1992	10	16	290	23.8	32.6	21.1	-999.9	0.0	2.0	97265.9	-999.9
Ntarla	1992	10	17	291	24.1	32.9	20.9	-999.9	0.0	2.0	97261.9	-999.9
Ntarla	1992	10	18	292	23.9	32.3	21.1	-999.9	3.8	1.4	97347.5	-999.9
Ntarla	1992	10	19	293	23.0	32.7	20.3	-999.9	0.0	1.3	97387.0	-999.9
Ntarla	1992	10	20	294	22.2	36.9	21.5	-999.9	0.0	1.8	97231.5	-999.9
Ntarla	1992	10	21	295	22.8	34.4	21.1	-999.9	6.5	1.8	97381.0	-999.9
Ntarla	1992	10	22	296	23.5	33.9	18.5	-999.9	13.0	1.7	97495.6	-999.9
Ntarla	1992	10	23	297	22.8	31.6	17.8	-999.9	6.5	2.2	97397.8	-999.9
Ntarla	1992	10	24	298	23.1	30.7	18.7	-999.9	6.5	1.6	97356.5	-999.9
Ntarla	1992	10	25	299	22.4	31.2	19.1	-999.9	0.0	1.7	97425.5	-999.9
Ntarla	1992	10	26	300	21.6	32.8	19.8	-999.9	0.0	1.4	97406.9	-999.9
Ntarla	1992	10	27	301	21.1	34.2	20.6	-999.9	0.0	1.5	97321.3	-999.9
Ntarla	1992	10	28	302	20.1	35.3	22.4	-999.9	0.0	1.7	97315.9	-999.9
Ntarla	1992	10	29	303	19.2	35.7	22.4	-999.9	0.0	1.5	97278.8	-999.9
Ntarla	1992	10	30	304	18.8	35.2	21.0	-999.9	0.0	1.7	97289.9	-999.9
Ntarla	1992	10	31	305	20.5	35.1	20.9	-999.9	0.0	1.7	97294.1	-999.9
Ntarla	1992	11	1	306	22.8	34.7	19.3	-999.9	0.0	1.5	97283.6	-999.9
Ntarla	1992	11	2	307	21.8	36.6	21.7	-999.9	0.0	2.1	97262.6	-999.9
Ntarla	1992	11	3	308	19.6	36.0	22.2	-999.9	0.0	1.6	97145.9	-999.9
Ntarla	1992	11	4	309	20.7	35.0	22.0	-999.9	0.0	1.3	97023.8	-999.9
Ntarla	1992	11	5	310	20.1	34.4	21.9	-999.9	0.0	1.2	97043.0	-999.9
Ntarla	1992	11	6	311	20.3	34.5	21.9	-999.9	0.0	1.3	97180.5	-999.9
Ntarla	1992	11	7	312	21.3	33.8	19.9	-999.9	0.0	1.5	97271.9	-999.9
Ntarla	1992	11	8	313	20.3	30.0	14.6	-999.9	0.0	2.4	97372.1	-999.9
Ntarla	1992	11	9	314	19.4	29.2	15.5	-999.9	0.0	2.1	97435.4	-999.9
Ntarla	1992	11	10	315	19.7	32.5	20.8	-999.9	0.0	1.3	97403.6	-999.9
Ntarla	1992	11	11	316	21.1	32.6	15.4	-999.9	0.0	1.2	97442.7	-999.9
Ntarla	1992	11	12	317	20.9	33.9	20.2	-999.9	0.0	1.7	97407.4	-999.9
Ntarla	1992	11	13	318	19.2	33.5	21.0	-999.9	0.0	1.6	97389.8	-999.9
Ntarla	1992	11	14	319	18.7	34.1	21.2	-999.9	0.0	2.1	97361.0	-999.9
Ntarla	1992	11	15	320	18.3	33.6	19.7	-999.9	0.0	2.0	97403.3	-999.9
Ntarla	1992	11	16	321	19.1	33.5	21.4	-999.9	0.0	2.0	97297.5	-999.9
Ntarla	1992	11	17	322	18.5	33.9	21.2	-999.9	0.0	1.7	97270.9	-999.9
Ntarla	1992	11	18	323	18.7	33.7	21.2	-999.9	0.0	2.4	97356.9	-999.9
Ntarla	1992	11	19	324	18.8	32.1	21.3	-999.9	0.0	2.3	97518.5	-999.9
Ntarla	1992	11	20	325	18.6	32.7	21.1	-999.9	0.0	2.0	97460.4	-999.9
Ntarla	1992	11	21	326	19.1	34.0	20.5	-999.9	0.0	2.0	97340.3	-999.9
Ntarla	1992	11	22	327	19.7	33.6	21.1	-999.9	0.0	2.6	97331.6	-999.9
Ntarla	1992	11	23	328	20.0	32.3	20.7	-999.9	0.0	2.6	97406.2	-999.9
Ntarla	1992	11	24	329	18.0	31.4	21.0	-999.9	0.0	2.5	97523.0	-999.9
Ntarla	1992	11	25	330	18.3	32.1	20.4	-999.9	0.0	2.5	97617.8	-999.9
Ntarla	1992	11	26	331	19.2	32.4	20.8	-999.9	0.0	2.6	97596.9	-999.9
Ntarla	1992	11	27	332	18.5	31.8	21.1	-999.9	0.0	2.6	97481.7	-999.9
Ntarla	1992	11	28	333	17.5	31.3	21.1	-999.9	0.0	2.5	97466.2	-999.9
Ntarla	1992	11	29	334	18.0	31.6	20.8	-999.9	0.0	2.2	97517.2	-999.9
Ntarla	1992	11	30	335	18.1	31.4	20.7	-999.9	0.0	2.3	97566.6	-999.9
Ntarla	1992	12	1	336	17.7	31.5	20.4	-999.9	0.0	1.9	97471.5	-999.9
Ntarla	1992	12	2	337	16.9	32.3	20.6	-999.9	0.0	1.4	97493.3	-999.9
Ntarla	1992	12	3	338	17.9	32.1	20.4	-999.9	0.0	1.6	97462.5	-999.9
Ntarla	1992	12	4	339	17.5	32.3	20.3	-999.9	0.0	1.9	97455.9	-999.9
Ntarla	1992	12	5	340	17.8	32.7	20.4	-999.9	0.0	2.1	97500.6	-999.9
Ntarla	1992	12	6	341	19.0	32.6	20.4	-999.9	0.0	2.4	97509.3	-999.9
Ntarla	1992	12	7	342	18.9	31.9	18.7	-999.9	0.0	2.3	97503.1	-999.9
Ntarla	1992	12	8	343	17.6	32.3	20.1	-999.9	1.0	1.9	97415.2	-999.9
Ntarla	1992	12	9	344	17.5	33.2	20.2	-999.9	0.0	1.5	97254.8	-999.9
Ntarla	1992	12	10	345	17.5	33.9	19.4	-999.9	0.0	1.7	97248.1	-999.9
Ntarla	1992	12	11	346	17.5	34.5	19.4	-999.9	0.0	1.7	97289.3	-999.9
Ntarla	1992	12	12	347	19.1	34.5	19.1	-999.9	0.0	1.7	97308.6	-999.9
Ntarla	1992	12	13	348	20.7	34.9	20.1	-999.9	0.0	2.5	97331.3	-999.9
Ntarla	1992	12	14	349	19.4	35.3	20.2	-999.9	0.0	2.4	97366.7	-999.9
Ntarla	1992	12	15	350	19.0	34.4	20.2	-999.9	0.0	2.2	97454.8	-999.9
Ntarla	1992	12	16	351	18.2	33.6	20.4	-999.9	0.0	2.2	97407.4	-999.9
Ntarla	1992	12	17	352	17.8	33.6	20.3	-999.9	0.0	2.2	97425.8	-999.9
Ntarla	1992	12	18	353	18.6	33.4	20.4	-999.9	0.0	2.3	97437.9	-999.9
Ntarla	1992	12	19	354	19.3	33.5	19.1	-999.9	0.0	2.4	97423.4	-999.9
Ntarla	1992	12	20	355	19.5	33.1	20.0	-999.9	0.0	2.6	97376.4	-999.9
Ntarla	1992	12	21	356	19.4	33.2	19.3	-999.9	0.0	2.3	97371.8	-999.9
Ntarla	1992	12	22	357	18.5	32.9	20.0	-999.9	0.0	2.4	97442.7	-999.9
Ntarla	1992	12	23	358	18.0	32.6	20.4	-999.9	0.0	2.2	97437.2	-999.9
Ntarla	1992	12	24	359	17.2	33.0	20.4	-999.9	0.0	2.0	97388.3	-999.9
Ntarla	1992	12	25	360	16.9	33.2	20.3	-999.9	0.0	1.8	97382.2	-999.9
Ntarla	1992	12	26	361	17.6	33.4	20.4	-999.9	0.0	1.9	97335.3	-999.9
Ntarla	1992	12	27	362	16.5	33.1	20.5	-999.9	0.0	1.7	97282.7	-999.9
Ntarla	1992	12	28	363	16.0	33.2	20.3	-999.9	0.0	1.9	97191.2	-999.9
Ntarla	1992	12	29	364	16.0	33.3	19.9	-999.9	0.0	1.8	97224.2	-999.9
Ntarla	1992	12	30	365	16.7	34.4	20.2	-999.9	0.0	1.6	97243.6	-999.9
Ntarla	1992	12	31	366	19.0	34.6	19.5	-999.9	0.0	2.8	97331.2	-999.9
