Ntarla	2006	1	1	1	15.2	30.3	20.4	-999.9	0.0	2.1	97393.4	-999.9
Ntarla	2006	1	2	2	16.1	32.3	20.0	-999.9	0.0	1.9	97297.9	-999.9
Ntarla	2006	1	3	3	16.7	32.4	20.4	-999.9	0.0	1.9	97202.4	-999.9
Ntarla	2006	1	4	4	16.5	32.2	20.5	-999.9	0.0	1.9	97009.5	-999.9
Ntarla	2006	1	5	5	16.8	32.9	20.5	-999.9	0.0	1.9	96976.5	-999.9
Ntarla	2006	1	6	6	17.3	33.0	20.4	-999.9	0.0	1.9	97047.2	-999.9
Ntarla	2006	1	7	7	18.0	31.8	20.3	-999.9	0.0	2.4	97189.5	-999.9
Ntarla	2006	1	8	8	16.8	30.9	20.5	-999.9	0.0	1.9	97247.5	-999.9
Ntarla	2006	1	9	9	17.8	31.2	18.8	-999.9	0.0	1.7	97305.6	-999.9
Ntarla	2006	1	10	10	19.9	32.6	20.0	-999.9	0.0	2.2	97311.2	-999.9
Ntarla	2006	1	11	11	18.5	33.7	20.6	-999.9	0.0	2.3	97361.1	-999.9
Ntarla	2006	1	12	12	17.8	32.0	19.7	-999.9	0.0	2.2	97421.5	-999.9
Ntarla	2006	1	13	13	17.2	33.1	20.9	-999.9	0.0	2.3	97457.9	-999.9
Ntarla	2006	1	14	14	17.3	33.4	21.0	-999.9	0.0	2.2	97439.1	-999.9
Ntarla	2006	1	15	15	18.3	31.9	20.9	-999.9	0.0	2.8	97446.1	-999.9
Ntarla	2006	1	16	16	17.6	32.0	21.0	-999.9	0.0	2.5	97386.5	-999.9
Ntarla	2006	1	17	17	17.1	32.0	20.8	-999.9	0.0	2.2	97230.8	-999.9
Ntarla	2006	1	18	18	17.3	30.1	19.6	-999.9	0.0	2.8	97295.2	-999.9
Ntarla	2006	1	19	19	17.7	28.1	18.2	-999.9	0.0	3.0	97332.9	-999.9
Ntarla	2006	1	20	20	17.4	30.6	19.2	-999.9	0.0	2.7	97361.9	-999.9
Ntarla	2006	1	21	21	17.9	32.6	21.0	-999.9	0.0	3.1	97405.3	-999.9
Ntarla	2006	1	22	22	18.8	33.8	21.2	-999.9	0.0	2.9	97355.9	-999.9
Ntarla	2006	1	23	23	19.3	34.7	20.9	-999.9	0.0	2.5	97255.8	-999.9
Ntarla	2006	1	24	24	18.8	34.5	21.5	-999.9	0.0	2.3	97312.7	-999.9
Ntarla	2006	1	25	25	18.4	34.7	21.5	-999.9	0.0	2.2	97330.1	-999.9
Ntarla	2006	1	26	26	19.0	34.5	21.4	-999.9	0.0	2.1	97295.8	-999.9
Ntarla	2006	1	27	27	18.6	35.4	21.5	-999.9	0.0	1.9	97285.0	-999.9
Ntarla	2006	1	28	28	20.2	36.1	21.0	-999.9	0.0	1.8	97274.7	-999.9
Ntarla	2006	1	29	29	19.2	34.1	21.1	-999.9	0.0	1.9	97307.4	-999.9
Ntarla	2006	1	30	30	19.2	34.0	21.2	-999.9	0.0	2.3	97338.1	-999.9
Ntarla	2006	1	31	31	20.7	33.4	20.6	-999.9	0.0	2.7	97254.7	-999.9
Ntarla	2006	2	1	32	20.6	33.3	20.1	-999.9	0.0	2.5	97195.9	-999.9
Ntarla	2006	2	2	33	18.9	33.9	21.9	-999.9	0.0	2.4	97189.9	-999.9
Ntarla	2006	2	3	34	20.7	33.3	20.3	-999.9	0.0	2.5	97226.8	-999.9
Ntarla	2006	2	4	35	19.2	34.9	21.9	-999.9	0.0	2.5	97222.1	-999.9
Ntarla	2006	2	5	36	20.2	36.0	22.1	-999.9	0.0	2.6	97164.5	-999.9
Ntarla	2006	2	6	37	20.5	36.2	22.2	-999.9	0.0	2.4	97113.8	-999.9
Ntarla	2006	2	7	38	21.0	36.4	22.2	-999.9	0.0	2.3	97129.4	-999.9
Ntarla	2006	2	8	39	21.3	35.0	22.2	-999.9	0.0	2.8	97176.1	-999.9
Ntarla	2006	2	9	40	20.5	36.4	22.3	-999.9	0.0	2.0	97163.0	-999.9
Ntarla	2006	2	10	41	20.5	36.5	22.3	-999.9	0.5	2.1	97231.4	-999.9
Ntarla	2006	2	11	42	22.5	36.1	21.2	-999.9	0.0	2.2	97313.0	-999.9
Ntarla	2006	2	12	43	23.4	36.1	21.7	-999.9	0.0	2.1	97240.4	-999.9
Ntarla	2006	2	13	44	23.3	36.4	21.9	-999.9	0.0	2.5	97089.5	-999.9
Ntarla	2006	2	14	45	20.9	33.6	20.5	-999.9	0.0	2.2	97069.0	-999.9
Ntarla	2006	2	15	46	21.2	34.8	18.7	-999.9	0.0	1.9	97088.4	-999.9
Ntarla	2006	2	16	47	23.0	34.4	20.1	-999.9	0.0	3.0	97120.2	-999.9
Ntarla	2006	2	17	48	18.6	30.1	18.7	-999.9	0.6	2.9	97420.6	-999.9
Ntarla	2006	2	18	49	19.6	30.9	21.5	-999.9	0.0	2.9	97525.2	-999.9
Ntarla	2006	2	19	50	19.7	31.9	22.1	-999.9	0.0	2.4	97480.1	-999.9
Ntarla	2006	2	20	51	18.7	32.5	22.8	-999.9	0.0	2.5	97343.7	-999.9
Ntarla	2006	2	21	52	18.5	33.6	22.9	-999.9	0.0	2.2	97251.9	-999.9
Ntarla	2006	2	22	53	20.3	35.2	23.1	-999.9	0.0	2.7	97310.7	-999.9
Ntarla	2006	2	23	54	20.4	34.3	23.4	-999.9	0.0	2.9	97404.5	-999.9
Ntarla	2006	2	24	55	20.0	35.0	23.6	-999.9	0.0	2.6	97364.7	-999.9
Ntarla	2006	2	25	56	19.9	35.2	23.8	-999.9	0.0	2.4	97291.9	-999.9
Ntarla	2006	2	26	57	20.1	35.8	23.9	-999.9	0.0	2.4	97269.7	-999.9
Ntarla	2006	2	27	58	20.0	36.1	24.1	-999.9	0.0	2.5	97170.8	-999.9
Ntarla	2006	2	28	59	20.4	36.8	24.1	-999.9	0.0	1.8	97143.6	-999.9
Ntarla	2006	3	1	60	20.7	37.2	23.3	-999.9	1.8	1.7	97150.9	-999.9
Ntarla	2006	3	2	61	24.1	37.0	22.7	-999.9	0.0	2.4	97276.4	-999.9
Ntarla	2006	3	3	62	23.3	37.1	23.3	-999.9	0.0	3.1	97391.8	-999.9
Ntarla	2006	3	4	63	23.4	37.9	24.0	-999.9	0.0	3.3	97330.1	-999.9
Ntarla	2006	3	5	64	23.9	38.3	24.5	-999.9	0.0	3.0	97248.7	-999.9
Ntarla	2006	3	6	65	23.4	38.5	24.2	-999.9	0.0	3.0	97244.9	-999.9
Ntarla	2006	3	7	66	23.5	37.6	24.7	-999.9	0.0	3.1	97229.2	-999.9
Ntarla	2006	3	8	67	21.3	35.9	25.0	-999.9	0.0	2.5	97198.4	-999.9
Ntarla	2006	3	9	68	21.0	36.4	24.3	-999.9	0.0	2.1	97158.7	-999.9
Ntarla	2006	3	10	69	21.3	36.0	22.5	-999.9	0.0	1.8	97260.5	-999.9
Ntarla	2006	3	11	70	22.5	36.0	20.2	-999.9	0.0	2.1	97262.9	-999.9
Ntarla	2006	3	12	71	21.2	36.5	25.3	-999.9	0.0	2.0	97199.5	-999.9
Ntarla	2006	3	13	72	19.6	36.4	25.5	-999.9	0.0	1.9	97083.9	-999.9
Ntarla	2006	3	14	73	20.7	37.1	25.5	-999.9	0.0	2.2	97116.5	-999.9
Ntarla	2006	3	15	74	21.7	38.0	25.4	-999.9	0.0	2.3	97167.5	-999.9
Ntarla	2006	3	16	75	21.5	38.0	25.5	-999.9	0.0	2.6	97190.4	-999.9
Ntarla	2006	3	17	76	19.7	37.9	25.0	-999.9	0.0	2.0	97117.7	-999.9
Ntarla	2006	3	18	77	22.1	38.5	25.5	-999.9	0.0	2.2	97013.8	-999.9
Ntarla	2006	3	19	78	21.9	38.6	25.5	-999.9	0.0	1.8	96990.2	-999.9
Ntarla	2006	3	20	79	21.5	38.7	24.8	-999.9	0.0	1.8	97031.3	-999.9
Ntarla	2006	3	21	80	23.2	38.7	24.2	-999.9	0.0	2.0	97052.0	-999.9
Ntarla	2006	3	22	81	23.2	39.9	25.6	-999.9	0.0	2.1	97045.2	-999.9
Ntarla	2006	3	23	82	22.9	38.8	24.7	-999.9	0.0	1.6	97046.0	-999.9
Ntarla	2006	3	24	83	24.5	39.9	25.3	-999.9	0.0	2.1	97017.7	-999.9
Ntarla	2006	3	25	84	24.7	39.3	25.6	-999.9	0.0	2.0	97091.3	-999.9
Ntarla	2006	3	26	85	22.3	39.2	26.0	-999.9	0.0	1.8	97135.0	-999.9
Ntarla	2006	3	27	86	22.1	39.1	25.6	-999.9	0.0	1.8	97106.7	-999.9
Ntarla	2006	3	28	87	26.0	37.2	23.0	-999.9	0.0	2.7	97144.0	-999.9
Ntarla	2006	3	29	88	25.0	37.7	23.1	-999.9	0.0	2.1	97190.0	-999.9
Ntarla	2006	3	30	89	25.0	39.0	25.5	-999.9	0.0	2.1	97227.0	-999.9
Ntarla	2006	3	31	90	21.9	34.4	19.3	-999.9	0.0	2.3	97309.6	-999.9
Ntarla	2006	4	1	91	23.4	36.8	21.1	-999.9	0.0	1.8	97220.0	-999.9
Ntarla	2006	4	2	92	27.3	38.7	21.3	-999.9	0.0	1.7	97121.7	-999.9
Ntarla	2006	4	3	93	26.0	40.3	26.0	-999.9	0.0	2.4	97068.1	-999.9
Ntarla	2006	4	4	94	24.1	39.8	25.7	-999.9	0.0	1.9	96981.7	-999.9
Ntarla	2006	4	5	95	22.6	38.9	24.2	-999.9	0.0	2.1	96910.7	-999.9
Ntarla	2006	4	6	96	28.1	37.8	20.8	-999.9	0.0	2.2	96953.9	-999.9
Ntarla	2006	4	7	97	26.0	38.5	23.4	-999.9	0.0	1.9	96970.0	-999.9
Ntarla	2006	4	8	98	27.4	38.7	23.0	-999.9	0.0	1.8	96896.4	-999.9
Ntarla	2006	4	9	99	26.7	39.4	22.9	-999.9	0.0	1.9	96702.3	-999.9
Ntarla	2006	4	10	100	23.3	39.9	26.0	-999.9	0.0	2.1	96757.7	-999.9
Ntarla	2006	4	11	101	26.4	39.7	25.8	-999.9	0.0	2.2	96947.6	-999.9
Ntarla	2006	4	12	102	22.5	40.4	26.9	-999.9	0.0	2.1	96884.8	-999.9
Ntarla	2006	4	13	103	24.8	40.1	26.1	-999.9	0.0	1.6	96727.6	-999.9
Ntarla	2006	4	14	104	25.5	39.6	25.0	-999.9	0.0	2.0	96728.1	-999.9
Ntarla	2006	4	15	105	28.2	39.4	23.8	-999.9	0.0	2.7	96945.1	-999.9
Ntarla	2006	4	16	106	27.7	39.8	23.9	-999.9	0.0	2.2	97069.2	-999.9
Ntarla	2006	4	17	107	28.9	39.0	23.1	-999.9	0.0	1.8	96877.2	-999.9
Ntarla	2006	4	18	108	28.3	36.3	20.3	-999.9	0.0	2.5	96890.0	-999.9
Ntarla	2006	4	19	109	28.1	37.1	21.0	-999.9	4.1	2.8	97074.1	-999.9
Ntarla	2006	4	20	110	25.6	37.6	22.7	-999.9	0.0	2.8	97205.5	-999.9
Ntarla	2006	4	21	111	26.8	38.1	22.0	-999.9	0.0	2.2	97159.8	-999.9
Ntarla	2006	4	22	112	26.3	38.6	22.3	-999.9	0.0	2.7	97095.8	-999.9
Ntarla	2006	4	23	113	27.8	38.2	23.1	-999.9	9.1	2.3	97042.0	-999.9
Ntarla	2006	4	24	114	25.7	37.3	23.2	-999.9	0.0	2.3	97099.8	-999.9
Ntarla	2006	4	25	115	25.8	37.7	22.7	-999.9	0.0	1.6	97059.4	-999.9
Ntarla	2006	4	26	116	24.5	32.9	14.0	-999.9	2.7	1.2	97116.8	-999.9
Ntarla	2006	4	27	117	24.2	36.6	23.3	-999.9	0.0	1.2	97126.9	-999.9
Ntarla	2006	4	28	118	25.7	34.5	21.9	-999.9	0.0	1.7	97150.9	-999.9
Ntarla	2006	4	29	119	26.4	36.8	22.3	-999.9	0.0	1.8	97055.7	-999.9
Ntarla	2006	4	30	120	27.3	38.0	23.3	-999.9	0.0	2.4	97045.4	-999.9
Ntarla	2006	5	1	121	26.8	38.3	23.5	-999.9	0.0	2.3	97075.7	-999.9
Ntarla	2006	5	2	122	28.1	37.9	23.0	-999.9	0.0	2.3	97149.4	-999.9
Ntarla	2006	5	3	123	26.7	39.0	25.1	-999.9	0.0	2.5	97085.9	-999.9
Ntarla	2006	5	4	124	27.5	38.7	24.0	-999.9	0.0	1.9	96974.5	-999.9
Ntarla	2006	5	5	125	27.2	39.3	24.5	-999.9	0.0	2.0	96933.4	-999.9
Ntarla	2006	5	6	126	27.6	38.3	23.2	-999.9	0.0	1.7	96995.4	-999.9
Ntarla	2006	5	7	127	28.4	39.0	23.3	-999.9	0.0	2.3	96922.8	-999.9
Ntarla	2006	5	8	128	27.8	39.3	24.0	-999.9	1.5	2.6	96921.1	-999.9
Ntarla	2006	5	9	129	27.3	36.9	17.6	-999.9	3.0	2.2	97066.4	-999.9
Ntarla	2006	5	10	130	27.1	39.6	25.7	-999.9	0.0	2.2	96992.4	-999.9
Ntarla	2006	5	11	131	24.6	39.3	26.3	-999.9	0.0	2.0	97021.7	-999.9
Ntarla	2006	5	12	132	25.3	38.7	24.5	-999.9	0.0	2.0	97133.4	-999.9
Ntarla	2006	5	13	133	27.3	38.3	24.6	-999.9	0.0	2.3	97302.4	-999.9
Ntarla	2006	5	14	134	25.2	38.9	23.3	-999.9	3.1	2.6	97309.8	-999.9
Ntarla	2006	5	15	135	24.9	37.3	25.3	-999.9	3.1	2.1	97262.4	-999.9
Ntarla	2006	5	16	136	27.7	38.5	23.3	-999.9	1.7	2.7	97185.2	-999.9
Ntarla	2006	5	17	137	26.6	38.2	24.3	-999.9	3.4	2.3	97281.1	-999.9
Ntarla	2006	5	18	138	27.5	38.1	24.2	-999.9	0.0	2.4	97286.6	-999.9
Ntarla	2006	5	19	139	26.8	35.5	18.2	-999.9	3.4	2.4	97285.8	-999.9
Ntarla	2006	5	20	140	25.7	35.0	21.4	-999.9	1.7	2.2	97331.8	-999.9
Ntarla	2006	5	21	141	24.2	33.8	21.1	-999.9	0.0	2.0	97349.4	-999.9
Ntarla	2006	5	22	142	22.9	30.0	16.0	-999.9	7.8	1.3	97522.2	-999.9
Ntarla	2006	5	23	143	24.5	32.7	21.3	-999.9	7.8	1.9	97550.6	-999.9
Ntarla	2006	5	24	144	23.7	31.7	21.7	-999.9	7.8	1.8	97501.5	-999.9
Ntarla	2006	5	25	145	24.4	35.2	24.4	-999.9	0.0	1.9	97325.2	-999.9
Ntarla	2006	5	26	146	24.4	34.2	23.7	-999.9	3.1	2.9	97328.5	-999.9
Ntarla	2006	5	27	147	25.6	34.8	22.9	-999.9	0.0	2.5	97403.9	-999.9
Ntarla	2006	5	28	148	25.0	35.5	23.2	-999.9	3.1	2.4	97433.9	-999.9
Ntarla	2006	5	29	149	24.3	35.3	24.4	-999.9	0.0	2.2	97388.7	-999.9
Ntarla	2006	5	30	150	25.8	35.8	23.6	-999.9	3.1	1.9	97280.7	-999.9
Ntarla	2006	5	31	151	26.4	36.9	24.6	-999.9	9.2	2.2	97245.9	-999.9
Ntarla	2006	6	1	152	24.8	36.5	24.2	-999.9	9.1	1.2	97379.0	-999.9
Ntarla	2006	6	2	153	24.8	37.0	24.3	-999.9	3.0	1.6	97403.8	-999.9
Ntarla	2006	6	3	154	25.3	37.5	25.0	-999.9	0.0	3.1	97195.4	-999.9
Ntarla	2006	6	4	155	26.8	38.5	25.0	-999.9	0.0	2.7	97031.6	-999.9
Ntarla	2006	6	5	156	27.1	37.9	24.9	-999.9	3.0	2.9	97076.8	-999.9
Ntarla	2006	6	6	157	26.3	36.3	23.9	-999.9	3.8	2.0	97216.4	-999.9
Ntarla	2006	6	7	158	26.4	37.8	24.6	-999.9	7.7	2.0	97200.2	-999.9
Ntarla	2006	6	8	159	25.7	35.8	22.9	-999.9	0.0	2.8	97125.1	-999.9
Ntarla	2006	6	9	160	25.9	34.0	22.9	-999.9	3.8	2.3	97246.6	-999.9
Ntarla	2006	6	10	161	26.3	35.3	22.6	-999.9	0.0	1.8	97248.1	-999.9
Ntarla	2006	6	11	162	25.9	37.7	24.4	-999.9	0.0	2.2	97177.3	-999.9
Ntarla	2006	6	12	163	25.5	34.5	20.9	-999.9	0.0	2.3	97300.3	-999.9
Ntarla	2006	6	13	164	25.9	36.4	24.1	-999.9	0.0	1.8	97372.4	-999.9
Ntarla	2006	6	14	165	24.7	35.9	24.3	-999.9	14.0	1.4	97341.3	-999.9
Ntarla	2006	6	15	166	25.9	36.4	25.3	-999.9	0.0	2.3	97247.1	-999.9
Ntarla	2006	6	16	167	25.0	35.5	23.4	-999.9	0.0	2.5	97367.4	-999.9
Ntarla	2006	6	17	168	24.1	34.7	24.8	-999.9	0.0	3.0	97475.9	-999.9
Ntarla	2006	6	18	169	25.4	34.9	23.3	-999.9	0.0	2.3	97394.0	-999.9
Ntarla	2006	6	19	170	25.7	35.7	23.9	-999.9	0.0	2.5	97234.8	-999.9
Ntarla	2006	6	20	171	24.8	34.7	23.9	-999.9	0.0	2.9	97355.4	-999.9
Ntarla	2006	6	21	172	25.3	34.4	21.4	-999.9	8.4	2.0	97486.5	-999.9
Ntarla	2006	6	22	173	24.0	32.6	19.3	-999.9	4.2	1.1	97510.5	-999.9
Ntarla	2006	6	23	174	25.2	36.0	23.6	-999.9	0.0	1.8	97428.7	-999.9
Ntarla	2006	6	24	175	25.5	35.5	23.1	-999.9	8.4	1.9	97433.3	-999.9
Ntarla	2006	6	25	176	25.2	36.3	23.6	-999.9	4.2	1.7	97469.7	-999.9
Ntarla	2006	6	26	177	24.9	31.6	14.9	-999.9	6.3	2.3	97543.6	-999.9
Ntarla	2006	6	27	178	24.4	34.1	24.7	-999.9	0.0	2.3	97555.6	-999.9
Ntarla	2006	6	28	179	25.0	35.3	24.2	-999.9	0.0	2.6	97484.9	-999.9
Ntarla	2006	6	29	180	26.8	35.5	23.7	-999.9	0.0	2.5	97385.4	-999.9
Ntarla	2006	6	30	181	25.6	35.8	24.1	-999.9	9.5	2.9	97348.0	-999.9
Ntarla	2006	7	1	182	25.9	34.5	22.9	-999.9	4.1	2.5	97483.0	-999.9
Ntarla	2006	7	2	183	24.9	34.6	23.9	-999.9	0.0	2.2	97593.4	-999.9
Ntarla	2006	7	3	184	25.1	33.5	23.5	-999.9	0.0	2.0	97597.6	-999.9
Ntarla	2006	7	4	185	25.8	35.3	24.3	-999.9	4.1	2.5	97471.3	-999.9
Ntarla	2006	7	5	186	25.0	34.9	23.5	-999.9	8.3	2.8	97462.8	-999.9
Ntarla	2006	7	6	187	25.7	32.9	19.1	-999.9	0.0	2.8	97654.4	-999.9
Ntarla	2006	7	7	188	24.6	35.1	23.1	-999.9	5.4	2.0	97619.4	-999.9
Ntarla	2006	7	8	189	24.8	32.4	23.2	-999.9	5.4	2.4	97435.0	-999.9
Ntarla	2006	7	9	190	24.2	31.5	21.2	-999.9	5.4	2.0	97505.2	-999.9
Ntarla	2006	7	10	191	24.8	31.8	21.4	-999.9	0.0	1.6	97520.9	-999.9
Ntarla	2006	7	11	192	24.4	32.8	22.7	-999.9	0.0	1.7	97491.6	-999.9
Ntarla	2006	7	12	193	25.4	34.2	24.0	-999.9	3.9	2.4	97368.2	-999.9
Ntarla	2006	7	13	194	25.8	34.2	23.0	-999.9	11.6	2.3	97198.6	-999.9
Ntarla	2006	7	14	195	24.4	31.6	20.0	-999.9	3.9	2.0	97344.8	-999.9
Ntarla	2006	7	15	196	23.6	30.6	18.5	-999.9	11.6	1.9	97535.3	-999.9
Ntarla	2006	7	16	197	23.0	31.3	21.2	-999.9	0.0	1.7	97528.2	-999.9
Ntarla	2006	7	17	198	23.4	32.8	24.3	-999.9	0.0	2.4	97370.0	-999.9
Ntarla	2006	7	18	199	24.7	32.3	23.7	-999.9	0.0	2.6	97263.1	-999.9
Ntarla	2006	7	19	200	24.4	32.6	23.2	-999.9	14.6	2.1	97395.6	-999.9
Ntarla	2006	7	20	201	23.4	28.3	14.6	-999.9	0.0	2.2	97597.4	-999.9
Ntarla	2006	7	21	202	22.9	29.7	14.6	-999.9	0.0	2.4	97633.5	-999.9
Ntarla	2006	7	22	203	23.0	29.0	17.1	-999.9	19.9	2.6	97417.9	-999.9
Ntarla	2006	7	23	204	22.6	27.0	10.7	-999.9	19.9	1.2	97371.1	-999.9
Ntarla	2006	7	24	205	22.4	29.9	19.5	-999.9	0.0	1.7	97359.0	-999.9
Ntarla	2006	7	25	206	23.0	31.3	23.5	-999.9	9.9	1.6	97359.2	-999.9
Ntarla	2006	7	26	207	24.0	29.2	19.6	-999.9	0.0	1.9	97443.9	-999.9
Ntarla	2006	7	27	208	23.3	30.2	20.7	-999.9	0.0	1.6	97631.5	-999.9
Ntarla	2006	7	28	209	23.5	31.0	22.3	-999.9	3.6	1.5	97435.1	-999.9
Ntarla	2006	7	29	210	22.8	31.7	21.4	-999.9	0.0	1.2	97234.8	-999.9
Ntarla	2006	7	30	211	24.0	30.7	21.8	-999.9	0.0	1.9	97424.8	-999.9
Ntarla	2006	7	31	212	23.1	31.1	23.8	-999.9	3.6	2.0	97555.6	-999.9
Ntarla	2006	8	1	213	23.4	28.7	15.7	-999.9	27.5	2.5	97485.9	-999.9
Ntarla	2006	8	2	214	22.7	30.7	23.1	-999.9	9.2	1.7	97360.7	-999.9
Ntarla	2006	8	3	215	22.8	30.8	21.2	-999.9	0.0	2.3	97344.9	-999.9
Ntarla	2006	8	4	216	23.4	28.8	18.2	-999.9	18.3	2.7	97362.7	-999.9
Ntarla	2006	8	5	217	22.8	28.2	16.0	-999.9	0.0	1.9	97415.9	-999.9
Ntarla	2006	8	6	218	22.6	29.5	19.5	-999.9	7.6	1.5	97532.7	-999.9
Ntarla	2006	8	7	219	23.2	27.8	13.6	-999.9	15.2	1.7	97510.3	-999.9
Ntarla	2006	8	8	220	22.6	30.1	21.3	-999.9	15.2	2.1	97440.5	-999.9
Ntarla	2006	8	9	221	22.8	27.5	13.3	-999.9	7.6	2.0	97416.4	-999.9
Ntarla	2006	8	10	222	23.0	29.5	18.1	-999.9	0.0	2.0	97425.7	-999.9
Ntarla	2006	8	11	223	22.6	29.7	20.6	-999.9	9.9	1.6	97463.8	-999.9
Ntarla	2006	8	12	224	22.2	29.5	19.2	-999.9	0.0	1.3	97424.3	-999.9
Ntarla	2006	8	13	225	22.6	29.4	18.4	-999.9	0.0	1.2	97401.3	-999.9
Ntarla	2006	8	14	226	22.7	30.0	22.3	-999.9	0.0	1.6	97451.5	-999.9
Ntarla	2006	8	15	227	22.7	31.0	21.2	-999.9	9.9	1.5	97516.2	-999.9
Ntarla	2006	8	16	228	23.1	29.2	18.6	-999.9	9.5	2.3	97321.4	-999.9
Ntarla	2006	8	17	229	22.2	28.7	15.5	-999.9	0.0	2.2	97226.6	-999.9
Ntarla	2006	8	18	230	22.8	30.7	22.6	-999.9	0.0	1.5	97281.3	-999.9
Ntarla	2006	8	19	231	22.8	29.0	16.6	-999.9	19.0	1.4	97271.0	-999.9
Ntarla	2006	8	20	232	22.1	30.5	21.7	-999.9	0.0	1.9	97384.6	-999.9
Ntarla	2006	8	21	233	22.3	31.1	22.2	-999.9	0.0	2.3	97350.2	-999.9
Ntarla	2006	8	22	234	23.9	29.9	20.5	-999.9	0.0	3.0	97308.2	-999.9
Ntarla	2006	8	23	235	22.6	27.3	12.0	-999.9	36.3	2.6	97287.6	-999.9
Ntarla	2006	8	24	236	22.2	28.1	15.3	-999.9	0.0	2.1	97378.4	-999.9
Ntarla	2006	8	25	237	22.4	29.9	21.1	-999.9	6.0	1.6	97498.7	-999.9
Ntarla	2006	8	26	238	23.2	29.5	19.3	-999.9	0.0	1.6	97499.0	-999.9
Ntarla	2006	8	27	239	22.9	29.8	18.6	-999.9	6.3	1.6	97401.7	-999.9
Ntarla	2006	8	28	240	23.0	30.3	21.6	-999.9	18.8	1.7	97335.6	-999.9
Ntarla	2006	8	29	241	22.4	30.1	21.7	-999.9	0.0	1.5	97304.1	-999.9
Ntarla	2006	8	30	242	22.4	26.8	11.4	-999.9	6.3	1.4	97335.9	-999.9
Ntarla	2006	8	31	243	21.7	29.2	17.1	-999.9	0.0	1.6	97360.9	-999.9
Ntarla	2006	9	1	244	21.8	25.1	9.2	-999.9	19.5	1.3	97371.5	-999.9
Ntarla	2006	9	2	245	21.4	26.6	13.8	-999.9	0.0	1.9	97406.3	-999.9
Ntarla	2006	9	3	246	20.9	30.5	23.6	-999.9	0.0	1.7	97345.2	-999.9
Ntarla	2006	9	4	247	23.2	29.6	16.6	-999.9	4.9	1.5	97360.7	-999.9
Ntarla	2006	9	5	248	22.8	29.9	20.9	-999.9	4.9	1.7	97472.5	-999.9
Ntarla	2006	9	6	249	21.9	29.4	21.5	-999.9	16.4	1.4	97457.1	-999.9
Ntarla	2006	9	7	250	22.1	29.9	21.9	-999.9	0.0	1.7	97355.3	-999.9
Ntarla	2006	9	8	251	23.5	30.1	22.9	-999.9	5.5	2.7	97269.9	-999.9
Ntarla	2006	9	9	252	23.3	29.1	17.1	-999.9	10.9	2.6	97271.8	-999.9
Ntarla	2006	9	10	253	21.5	24.0	8.1	-999.9	27.3	1.4	97328.6	-999.9
Ntarla	2006	9	11	254	20.8	28.4	18.5	-999.9	0.0	2.2	97499.3	-999.9
Ntarla	2006	9	12	255	21.7	29.0	20.4	-999.9	0.0	1.6	97528.3	-999.9
Ntarla	2006	9	13	256	21.5	27.4	14.5	-999.9	23.8	1.6	97530.5	-999.9
Ntarla	2006	9	14	257	21.4	28.6	19.2	-999.9	0.0	1.9	97589.1	-999.9
Ntarla	2006	9	15	258	21.5	30.1	23.6	-999.9	0.0	1.3	97613.9	-999.9
Ntarla	2006	9	16	259	23.1	30.6	22.5	-999.9	6.6	1.7	97441.9	-999.9
Ntarla	2006	9	17	260	22.7	29.3	18.9	-999.9	13.1	1.9	97509.8	-999.9
Ntarla	2006	9	18	261	21.8	29.7	19.0	-999.9	6.6	1.5	97489.8	-999.9
Ntarla	2006	9	19	262	22.3	31.0	24.1	-999.9	6.6	1.3	97420.4	-999.9
Ntarla	2006	9	20	263	22.6	30.2	22.3	-999.9	0.0	1.5	97499.8	-999.9
Ntarla	2006	9	21	264	22.4	30.7	22.7	-999.9	0.0	1.4	97476.2	-999.9
Ntarla	2006	9	22	265	22.6	31.1	23.3	-999.9	0.0	1.3	97373.5	-999.9
Ntarla	2006	9	23	266	22.2	29.3	17.5	-999.9	25.2	1.6	97370.5	-999.9
Ntarla	2006	9	24	267	22.0	28.5	16.1	-999.9	9.6	1.9	97442.6	-999.9
Ntarla	2006	9	25	268	21.1	30.2	23.2	-999.9	0.0	1.2	97637.4	-999.9
Ntarla	2006	9	26	269	22.9	31.2	23.1	-999.9	6.3	1.4	97452.6	-999.9
Ntarla	2006	9	27	270	22.5	30.8	20.6	-999.9	0.0	1.9	97355.6	-999.9
Ntarla	2006	9	28	271	22.8	31.2	21.9	-999.9	6.3	1.6	97380.1	-999.9
Ntarla	2006	9	29	272	23.4	30.9	23.0	-999.9	0.0	2.1	97379.2	-999.9
Ntarla	2006	9	30	273	23.4	30.8	22.2	-999.9	0.0	2.6	97406.4	-999.9
Ntarla	2006	10	1	274	23.2	31.9	22.6	-999.9	11.1	2.0	97315.7	-999.9
Ntarla	2006	10	2	275	22.5	29.8	20.2	-999.9	11.1	1.5	97350.0	-999.9
Ntarla	2006	10	3	276	21.9	28.8	16.2	-999.9	11.1	1.8	97411.1	-999.9
Ntarla	2006	10	4	277	20.7	30.9	23.1	-999.9	0.0	1.2	97494.0	-999.9
Ntarla	2006	10	5	278	23.1	32.1	22.7	-999.9	0.0	1.7	97404.1	-999.9
Ntarla	2006	10	6	279	23.5	31.2	21.5	-999.9	12.9	1.5	97368.0	-999.9
Ntarla	2006	10	7	280	23.0	31.8	22.0	-999.9	0.0	1.3	97399.2	-999.9
Ntarla	2006	10	8	281	22.9	30.5	19.6	-999.9	0.0	1.6	97447.6	-999.9
Ntarla	2006	10	9	282	23.1	30.9	20.1	-999.9	0.0	1.6	97437.0	-999.9
Ntarla	2006	10	10	283	22.7	31.6	21.3	-999.9	0.0	1.5	97349.0	-999.9
Ntarla	2006	10	11	284	22.6	31.7	21.6	-999.9	0.0	1.5	97193.0	-999.9
Ntarla	2006	10	12	285	23.1	30.2	16.1	-999.9	6.8	2.0	97249.9	-999.9
Ntarla	2006	10	13	286	22.0	31.9	22.1	-999.9	6.8	1.3	97397.9	-999.9
Ntarla	2006	10	14	287	22.6	32.6	20.8	-999.9	0.0	1.5	97382.2	-999.9
Ntarla	2006	10	15	288	22.6	33.5	22.3	-999.9	0.0	1.5	97279.1	-999.9
Ntarla	2006	10	16	289	22.2	33.7	22.8	-999.9	0.0	1.5	97203.9	-999.9
Ntarla	2006	10	17	290	23.8	33.3	22.2	-999.9	2.6	1.5	97201.6	-999.9
Ntarla	2006	10	18	291	23.7	33.8	21.7	-999.9	0.0	1.1	97183.1	-999.9
Ntarla	2006	10	19	292	24.5	31.0	17.0	-999.9	2.6	1.9	97303.2	-999.9
Ntarla	2006	10	20	293	23.3	33.7	20.3	-999.9	0.0	1.3	97381.7	-999.9
Ntarla	2006	10	21	294	22.9	34.8	21.3	-999.9	0.0	1.4	97341.8	-999.9
Ntarla	2006	10	22	295	24.2	33.6	21.3	-999.9	0.0	1.3	97408.3	-999.9
Ntarla	2006	10	23	296	23.7	33.5	19.9	-999.9	0.0	1.2	97452.3	-999.9
Ntarla	2006	10	24	297	23.6	34.0	22.2	-999.9	0.0	1.7	97419.3	-999.9
Ntarla	2006	10	25	298	24.5	34.2	21.6	-999.9	0.0	1.7	97338.0	-999.9
Ntarla	2006	10	26	299	24.4	33.6	21.1	-999.9	0.0	2.1	97279.4	-999.9
Ntarla	2006	10	27	300	23.3	32.2	20.6	-999.9	0.0	1.9	97282.6	-999.9
Ntarla	2006	10	28	301	23.0	32.8	20.1	-999.9	0.0	1.3	97354.5	-999.9
Ntarla	2006	10	29	302	23.1	33.3	20.8	-999.9	0.0	1.0	97274.9	-999.9
Ntarla	2006	10	30	303	23.0	34.9	21.0	-999.9	0.0	1.5	97052.5	-999.9
Ntarla	2006	10	31	304	21.7	35.1	22.2	-999.9	0.0	1.5	97070.6	-999.9
Ntarla	2006	11	1	305	21.4	33.8	21.0	-999.9	0.0	1.4	97182.3	-999.9
Ntarla	2006	11	2	306	21.6	34.4	21.3	-999.9	0.0	1.7	97250.1	-999.9
Ntarla	2006	11	3	307	22.0	35.1	22.1	-999.9	0.0	1.6	97205.8	-999.9
Ntarla	2006	11	4	308	19.1	34.6	22.2	-999.9	0.0	1.5	97236.9	-999.9
Ntarla	2006	11	5	309	20.4	35.1	22.4	-999.9	0.0	1.8	97276.4	-999.9
Ntarla	2006	11	6	310	18.3	35.0	22.7	-999.9	0.0	2.3	97266.4	-999.9
Ntarla	2006	11	7	311	18.2	34.9	22.5	-999.9	0.0	1.9	97177.3	-999.9
Ntarla	2006	11	8	312	18.1	34.4	22.1	-999.9	0.0	1.4	97244.7	-999.9
Ntarla	2006	11	9	313	20.3	34.4	21.8	-999.9	0.0	1.9	97336.0	-999.9
Ntarla	2006	11	10	314	19.6	34.6	22.0	-999.9	0.0	2.4	97391.1	-999.9
Ntarla	2006	11	11	315	20.8	34.0	21.9	-999.9	0.0	2.7	97506.9	-999.9
Ntarla	2006	11	12	316	21.7	33.9	21.8	-999.9	0.0	2.6	97501.3	-999.9
Ntarla	2006	11	13	317	21.1	32.8	21.7	-999.9	0.0	2.7	97478.1	-999.9
Ntarla	2006	11	14	318	18.6	31.8	21.8	-999.9	0.0	2.1	97433.5	-999.9
Ntarla	2006	11	15	319	19.1	33.8	21.6	-999.9	0.0	2.1	97312.5	-999.9
Ntarla	2006	11	16	320	19.7	34.2	21.5	-999.9	0.0	2.4	97380.1	-999.9
Ntarla	2006	11	17	321	20.1	34.2	21.6	-999.9	0.0	2.5	97397.7	-999.9
Ntarla	2006	11	18	322	19.5	34.3	21.5	-999.9	0.0	2.1	97350.6	-999.9
Ntarla	2006	11	19	323	18.8	34.4	21.4	-999.9	0.0	2.1	97382.9	-999.9
Ntarla	2006	11	20	324	19.6	33.2	21.6	-999.9	0.0	2.3	97523.6	-999.9
Ntarla	2006	11	21	325	17.7	32.5	21.7	-999.9	0.0	2.1	97545.1	-999.9
Ntarla	2006	11	22	326	15.3	32.4	21.7	-999.9	0.0	2.0	97439.6	-999.9
Ntarla	2006	11	23	327	14.5	32.5	21.7	-999.9	0.0	1.9	97346.9	-999.9
Ntarla	2006	11	24	328	15.7	33.3	21.7	-999.9	0.0	1.9	97396.3	-999.9
Ntarla	2006	11	25	329	16.4	33.6	21.6	-999.9	0.0	2.0	97455.9	-999.9
Ntarla	2006	11	26	330	17.3	33.5	21.3	-999.9	0.0	2.1	97438.9	-999.9
Ntarla	2006	11	27	331	18.0	33.2	21.1	-999.9	0.0	2.2	97388.8	-999.9
Ntarla	2006	11	28	332	18.2	33.3	21.0	-999.9	0.0	2.3	97346.9	-999.9
Ntarla	2006	11	29	333	17.9	33.0	21.1	-999.9	0.0	2.1	97380.4	-999.9
Ntarla	2006	11	30	334	16.5	32.4	20.5	-999.9	0.0	2.3	97403.9	-999.9
Ntarla	2006	12	1	335	17.7	31.5	20.1	-999.9	0.0	2.5	97457.9	-999.9
Ntarla	2006	12	2	336	16.5	31.3	21.1	-999.9	0.0	2.1	97465.1	-999.9
Ntarla	2006	12	3	337	16.2	32.1	20.4	-999.9	0.0	2.5	97529.2	-999.9
Ntarla	2006	12	4	338	18.4	31.1	20.0	-999.9	0.0	2.8	97647.9	-999.9
Ntarla	2006	12	5	339	17.4	29.6	18.5	-999.9	1.1	2.5	97708.5	-999.9
Ntarla	2006	12	6	340	14.5	30.4	20.4	-999.9	0.0	2.2	97668.3	-999.9
Ntarla	2006	12	7	341	15.1	30.5	20.4	-999.9	0.0	2.1	97586.8	-999.9
Ntarla	2006	12	8	342	14.6	30.0	20.8	-999.9	0.0	2.3	97506.8	-999.9
Ntarla	2006	12	9	343	15.0	30.7	20.8	-999.9	0.0	2.0	97422.3	-999.9
Ntarla	2006	12	10	344	14.5	32.0	19.4	-999.9	0.0	1.6	97431.9	-999.9
Ntarla	2006	12	11	345	16.3	33.0	20.4	-999.9	0.0	2.2	97540.9	-999.9
Ntarla	2006	12	12	346	18.2	32.7	20.1	-999.9	0.0	2.8	97543.7	-999.9
Ntarla	2006	12	13	347	17.1	31.8	20.0	-999.9	0.0	2.2	97500.5	-999.9
Ntarla	2006	12	14	348	17.3	31.8	20.0	-999.9	0.0	2.1	97440.9	-999.9
Ntarla	2006	12	15	349	18.5	33.8	20.1	-999.9	0.0	2.2	97470.8	-999.9
Ntarla	2006	12	16	350	18.5	33.8	20.2	-999.9	0.0	2.6	97547.2	-999.9
Ntarla	2006	12	17	351	18.3	32.3	20.3	-999.9	0.0	2.8	97669.3	-999.9
Ntarla	2006	12	18	352	16.7	30.6	20.4	-999.9	0.0	2.6	97682.5	-999.9
Ntarla	2006	12	19	353	15.4	30.9	20.4	-999.9	0.0	2.0	97581.8	-999.9
Ntarla	2006	12	20	354	16.6	33.0	20.5	-999.9	0.0	2.1	97562.3	-999.9
Ntarla	2006	12	21	355	17.1	33.9	20.4	-999.9	0.0	2.1	97558.4	-999.9
Ntarla	2006	12	22	356	18.5	34.6	20.6	-999.9	0.0	2.3	97509.9	-999.9
Ntarla	2006	12	23	357	18.6	34.1	20.8	-999.9	0.0	2.5	97480.1	-999.9
Ntarla	2006	12	24	358	17.8	33.0	20.8	-999.9	0.0	2.5	97504.5	-999.9
Ntarla	2006	12	25	359	17.3	32.7	20.7	-999.9	0.0	2.3	97548.4	-999.9
Ntarla	2006	12	26	360	16.6	31.9	20.6	-999.9	0.0	2.6	97679.9	-999.9
Ntarla	2006	12	27	361	14.5	29.8	20.9	-999.9	0.0	2.0	97698.3	-999.9
Ntarla	2006	12	28	362	14.3	31.9	20.7	-999.9	0.0	1.8	97731.8	-999.9
Ntarla	2006	12	29	363	15.4	31.8	20.5	-999.9	0.0	1.9	97745.9	-999.9
Ntarla	2006	12	30	364	15.4	31.2	20.6	-999.9	0.0	2.2	97791.3	-999.9
Ntarla	2006	12	31	365	16.2	29.1	19.7	-999.9	0.0	2.8	97883.0	-999.9
