Ntarla	2018	1	1	1	16.8	30.9	20.8	-999.9	0.0	2.8	97549.7	-999.9
Ntarla	2018	1	2	2	17.4	31.3	20.5	-999.9	0.0	2.7	97465.2	-999.9
Ntarla	2018	1	3	3	17.2	30.9	19.3	-999.9	0.0	2.4	97552.9	-999.9
Ntarla	2018	1	4	4	18.1	31.8	19.9	-999.9	0.0	2.4	97642.3	-999.9
Ntarla	2018	1	5	5	17.4	31.9	20.5	-999.9	0.0	2.1	97572.5	-999.9
Ntarla	2018	1	6	6	15.9	32.5	20.7	-999.9	0.0	1.7	97387.5	-999.9
Ntarla	2018	1	7	7	16.4	33.4	20.5	-999.9	0.0	1.5	97244.2	-999.9
Ntarla	2018	1	8	8	17.7	33.6	19.0	-999.9	0.0	1.8	97416.3	-999.9
Ntarla	2018	1	9	9	19.3	33.1	20.3	-999.9	0.0	2.9	97587.8	-999.9
Ntarla	2018	1	10	10	18.0	32.0	20.0	-999.9	0.1	2.8	97646.8	-999.9
Ntarla	2018	1	11	11	18.2	31.3	20.4	-999.9	0.0	2.4	97598.7	-999.9
Ntarla	2018	1	12	12	14.5	31.5	21.4	-999.9	0.0	2.2	97582.6	-999.9
Ntarla	2018	1	13	13	15.8	31.9	21.5	-999.9	0.0	2.4	97504.0	-999.9
Ntarla	2018	1	14	14	15.0	32.0	21.6	-999.9	0.0	2.2	97461.4	-999.9
Ntarla	2018	1	15	15	16.1	32.8	21.6	-999.9	0.0	1.9	97415.9	-999.9
Ntarla	2018	1	16	16	14.3	34.2	21.2	-999.9	0.0	1.7	97355.4	-999.9
Ntarla	2018	1	17	17	18.3	34.8	20.6	-999.9	0.0	1.9	97348.6	-999.9
Ntarla	2018	1	18	18	19.0	33.6	21.0	-999.9	0.0	2.8	97464.0	-999.9
Ntarla	2018	1	19	19	17.6	33.4	21.4	-999.9	0.0	2.4	97449.3	-999.9
Ntarla	2018	1	20	20	17.0	33.0	21.5	-999.9	0.0	2.4	97436.4	-999.9
Ntarla	2018	1	21	21	17.3	32.8	21.5	-999.9	0.0	2.7	97514.7	-999.9
Ntarla	2018	1	22	22	16.6	32.3	21.7	-999.9	0.0	2.4	97459.1	-999.9
Ntarla	2018	1	23	23	16.7	33.5	21.8	-999.9	0.0	2.4	97368.2	-999.9
Ntarla	2018	1	24	24	17.5	33.1	21.8	-999.9	0.0	2.5	97396.4	-999.9
Ntarla	2018	1	25	25	16.9	32.5	21.9	-999.9	0.0	2.4	97403.3	-999.9
Ntarla	2018	1	26	26	16.4	32.6	21.8	-999.9	0.0	2.1	97329.8	-999.9
Ntarla	2018	1	27	27	16.7	33.8	21.0	-999.9	0.0	2.0	97259.8	-999.9
Ntarla	2018	1	28	28	19.6	35.0	20.2	-999.9	0.0	1.5	97180.2	-999.9
Ntarla	2018	1	29	29	22.5	34.1	17.2	-999.9	0.2	1.9	97320.2	-999.9
Ntarla	2018	1	30	30	22.3	35.8	20.2	-999.9	0.0	2.7	97296.8	-999.9
Ntarla	2018	1	31	31	19.3	34.5	22.1	-999.9	0.0	2.1	97146.3	-999.9
Ntarla	2018	2	1	32	16.3	35.9	21.6	-999.9	0.0	1.7	96985.3	-999.9
Ntarla	2018	2	2	33	21.8	34.9	19.0	-999.9	0.0	1.7	96986.4	-999.9
Ntarla	2018	2	3	34	20.5	28.7	15.1	-999.9	0.0	2.3	97321.0	-999.9
Ntarla	2018	2	4	35	21.8	34.4	19.9	-999.9	0.0	2.3	97245.1	-999.9
Ntarla	2018	2	5	36	22.6	36.1	21.4	-999.9	0.0	2.7	97184.1	-999.9
Ntarla	2018	2	6	37	22.8	34.5	21.6	-999.9	0.0	3.5	97245.4	-999.9
Ntarla	2018	2	7	38	20.6	33.9	21.7	-999.9	0.0	2.9	97273.7	-999.9
Ntarla	2018	2	8	39	19.6	34.3	22.1	-999.9	0.0	3.1	97337.0	-999.9
Ntarla	2018	2	9	40	19.7	31.0	21.7	-999.9	0.0	3.2	97381.6	-999.9
Ntarla	2018	2	10	41	17.7	31.6	22.1	-999.9	0.0	2.7	97247.1	-999.9
Ntarla	2018	2	11	42	17.7	30.9	22.2	-999.9	0.0	3.2	97373.6	-999.9
Ntarla	2018	2	12	43	17.4	30.6	22.4	-999.9	0.0	2.9	97458.2	-999.9
Ntarla	2018	2	13	44	17.2	32.7	22.5	-999.9	0.0	2.4	97421.6	-999.9
Ntarla	2018	2	14	45	18.4	34.7	22.6	-999.9	0.0	2.4	97401.4	-999.9
Ntarla	2018	2	15	46	19.5	35.1	22.7	-999.9	0.0	2.4	97366.0	-999.9
Ntarla	2018	2	16	47	19.3	36.4	22.9	-999.9	0.0	2.2	97341.9	-999.9
Ntarla	2018	2	17	48	20.5	37.3	22.9	-999.9	0.0	2.1	97147.6	-999.9
Ntarla	2018	2	18	49	19.0	38.1	23.0	-999.9	0.0	2.1	96977.0	-999.9
Ntarla	2018	2	19	50	23.4	37.3	20.9	-999.9	0.0	2.1	96899.4	-999.9
Ntarla	2018	2	20	51	25.3	37.7	21.4	-999.9	0.0	2.0	96912.9	-999.9
Ntarla	2018	2	21	52	24.0	36.4	22.2	-999.9	0.0	1.9	96954.5	-999.9
Ntarla	2018	2	22	53	23.4	37.9	23.0	-999.9	0.0	1.4	96778.1	-999.9
Ntarla	2018	2	23	54	23.3	37.7	22.5	-999.9	0.0	2.2	96728.9	-999.9
Ntarla	2018	2	24	55	27.3	35.4	22.5	-999.9	0.0	2.2	97054.8	-999.9
Ntarla	2018	2	25	56	23.9	35.9	22.6	-999.9	0.0	1.9	97233.9	-999.9
Ntarla	2018	2	26	57	23.6	37.3	21.6	-999.9	0.0	2.2	97209.8	-999.9
Ntarla	2018	2	27	58	25.5	37.7	21.2	-999.9	0.0	1.8	97174.8	-999.9
Ntarla	2018	2	28	59	26.0	37.3	20.7	-999.9	0.0	2.1	97272.4	-999.9
Ntarla	2018	3	1	60	26.4	38.8	20.9	-999.9	0.0	1.8	97257.2	-999.9
Ntarla	2018	3	2	61	26.1	39.0	22.6	-999.9	0.0	2.0	97221.7	-999.9
Ntarla	2018	3	3	62	22.9	39.2	23.8	-999.9	0.0	1.8	97152.4	-999.9
Ntarla	2018	3	4	63	23.6	40.3	24.1	-999.9	0.0	2.7	97069.9	-999.9
Ntarla	2018	3	5	64	23.6	38.6	23.8	-999.9	0.0	1.8	97077.1	-999.9
Ntarla	2018	3	6	65	23.7	38.8	24.2	-999.9	0.0	2.2	97044.4	-999.9
Ntarla	2018	3	7	66	24.2	39.1	24.4	-999.9	0.0	2.2	97140.6	-999.9
Ntarla	2018	3	8	67	22.0	37.5	23.2	-999.9	0.0	1.6	97221.7	-999.9
Ntarla	2018	3	9	68	24.1	39.1	23.3	-999.9	0.0	2.1	97218.5	-999.9
Ntarla	2018	3	10	69	26.9	39.4	24.5	-999.9	0.0	2.5	97199.8	-999.9
Ntarla	2018	3	11	70	23.7	39.7	24.6	-999.9	0.0	2.2	97128.1	-999.9
Ntarla	2018	3	12	71	22.6	39.1	23.2	-999.9	0.0	1.8	97119.0	-999.9
Ntarla	2018	3	13	72	26.2	37.3	20.2	-999.9	0.0	1.9	97187.8	-999.9
Ntarla	2018	3	14	73	26.0	38.1	21.4	-999.9	0.4	1.5	97115.4	-999.9
Ntarla	2018	3	15	74	26.4	39.0	22.4	-999.9	0.0	1.8	96964.0	-999.9
Ntarla	2018	3	16	75	27.0	38.9	22.3	-999.9	0.0	2.1	96919.9	-999.9
Ntarla	2018	3	17	76	26.8	36.4	20.2	-999.9	1.4	1.9	97006.4	-999.9
Ntarla	2018	3	18	77	26.2	37.9	22.0	-999.9	0.0	1.5	96994.9	-999.9
Ntarla	2018	3	19	78	23.3	38.9	24.8	-999.9	0.0	2.1	96972.9	-999.9
Ntarla	2018	3	20	79	24.9	39.1	24.8	-999.9	0.0	1.5	96970.3	-999.9
Ntarla	2018	3	21	80	25.0	38.3	23.0	-999.9	0.0	2.2	97079.8	-999.9
Ntarla	2018	3	22	81	23.4	37.7	24.3	-999.9	0.0	2.6	97231.6	-999.9
Ntarla	2018	3	23	82	23.2	35.3	25.3	-999.9	0.0	3.3	97323.7	-999.9
Ntarla	2018	3	24	83	20.8	35.5	25.3	-999.9	0.0	2.6	97241.1	-999.9
Ntarla	2018	3	25	84	20.2	36.7	25.7	-999.9	0.0	2.1	97204.1	-999.9
Ntarla	2018	3	26	85	21.8	38.2	25.3	-999.9	0.0	2.1	97214.2	-999.9
Ntarla	2018	3	27	86	24.6	39.3	25.4	-999.9	0.0	2.4	97228.8	-999.9
Ntarla	2018	3	28	87	22.6	39.0	25.9	-999.9	0.0	2.0	97088.2	-999.9
Ntarla	2018	3	29	88	23.0	39.2	26.1	-999.9	0.0	1.7	96933.8	-999.9
Ntarla	2018	3	30	89	27.3	38.6	22.4	-999.9	0.0	1.9	96955.3	-999.9
Ntarla	2018	3	31	90	23.8	29.7	15.0	-999.9	3.9	1.9	97256.6	-999.9
Ntarla	2018	4	1	91	22.7	34.6	23.4	-999.9	0.0	1.8	97113.8	-999.9
Ntarla	2018	4	2	92	22.5	37.1	24.0	-999.9	0.0	1.9	96879.8	-999.9
Ntarla	2018	4	3	93	21.7	38.3	24.7	-999.9	0.0	1.6	96785.5	-999.9
Ntarla	2018	4	4	94	25.6	39.4	25.0	-999.9	0.0	2.0	96860.6	-999.9
Ntarla	2018	4	5	95	26.5	39.0	23.9	-999.9	0.0	2.1	96827.9	-999.9
Ntarla	2018	4	6	96	26.2	39.4	25.0	-999.9	0.0	1.7	96784.4	-999.9
Ntarla	2018	4	7	97	25.4	39.2	24.5	-999.9	0.0	2.0	96797.9	-999.9
Ntarla	2018	4	8	98	27.6	38.6	23.2	-999.9	0.0	2.7	96943.4	-999.9
Ntarla	2018	4	9	99	25.3	37.4	20.5	-999.9	0.0	2.3	97101.8	-999.9
Ntarla	2018	4	10	100	27.1	37.9	22.7	-999.9	0.0	2.2	97102.8	-999.9
Ntarla	2018	4	11	101	27.4	37.9	21.9	-999.9	0.0	2.1	97070.2	-999.9
Ntarla	2018	4	12	102	26.7	39.0	25.9	-999.9	0.0	1.7	97079.0	-999.9
Ntarla	2018	4	13	103	23.0	39.1	26.3	-999.9	0.0	2.2	97132.1	-999.9
Ntarla	2018	4	14	104	22.9	38.9	25.7	-999.9	0.0	1.5	97236.6	-999.9
Ntarla	2018	4	15	105	25.3	38.9	25.3	-999.9	0.0	1.7	97321.3	-999.9
Ntarla	2018	4	16	106	24.9	39.7	25.9	-999.9	0.0	2.4	97239.3	-999.9
Ntarla	2018	4	17	107	23.8	40.2	26.3	-999.9	0.0	2.0	97245.8	-999.9
Ntarla	2018	4	18	108	23.9	39.5	24.4	-999.9	0.0	1.5	97252.8	-999.9
Ntarla	2018	4	19	109	27.1	39.0	23.2	-999.9	0.0	2.3	97200.9	-999.9
Ntarla	2018	4	20	110	28.9	38.9	22.4	-999.9	0.0	2.4	97060.9	-999.9
Ntarla	2018	4	21	111	28.2	39.0	21.4	-999.9	0.0	2.2	97012.2	-999.9
Ntarla	2018	4	22	112	29.4	38.9	22.3	-999.9	0.0	2.1	97052.2	-999.9
Ntarla	2018	4	23	113	29.5	39.7	22.7	-999.9	0.0	2.2	97062.3	-999.9
Ntarla	2018	4	24	114	28.9	40.0	23.0	-999.9	0.0	2.0	97084.5	-999.9
Ntarla	2018	4	25	115	29.4	41.2	25.5	-999.9	0.0	1.9	97010.6	-999.9
Ntarla	2018	4	26	116	27.6	37.9	23.0	-999.9	8.0	2.6	97144.5	-999.9
Ntarla	2018	4	27	117	26.7	37.6	21.8	-999.9	0.0	1.9	97147.3	-999.9
Ntarla	2018	4	28	118	27.0	39.2	24.9	-999.9	0.0	1.8	97175.5	-999.9
Ntarla	2018	4	29	119	27.3	39.9	25.0	-999.9	0.0	2.0	97075.1	-999.9
Ntarla	2018	4	30	120	27.4	39.2	23.5	-999.9	0.0	2.0	97106.8	-999.9
Ntarla	2018	5	1	121	27.8	40.1	23.4	-999.9	0.0	2.5	97129.8	-999.9
Ntarla	2018	5	2	122	24.5	41.0	26.7	-999.9	0.0	1.9	97119.8	-999.9
Ntarla	2018	5	3	123	24.6	40.0	24.9	-999.9	0.0	1.7	97013.3	-999.9
Ntarla	2018	5	4	124	27.5	39.4	23.6	-999.9	0.0	2.0	97030.1	-999.9
Ntarla	2018	5	5	125	28.6	39.3	23.5	-999.9	0.0	1.8	97085.2	-999.9
Ntarla	2018	5	6	126	27.5	38.9	22.4	-999.9	0.0	2.0	97209.5	-999.9
Ntarla	2018	5	7	127	28.2	39.6	23.2	-999.9	0.0	1.6	97194.1	-999.9
Ntarla	2018	5	8	128	29.0	40.6	24.6	-999.9	0.0	2.0	97006.1	-999.9
Ntarla	2018	5	9	129	28.6	40.5	24.9	-999.9	0.0	2.7	96920.9	-999.9
Ntarla	2018	5	10	130	28.7	39.2	23.5	-999.9	9.2	2.5	97044.4	-999.9
Ntarla	2018	5	11	131	26.5	35.7	20.8	-999.9	0.0	2.7	97310.7	-999.9
Ntarla	2018	5	12	132	25.9	35.2	18.0	-999.9	0.0	1.6	97392.7	-999.9
Ntarla	2018	5	13	133	25.9	37.5	24.6	-999.9	0.0	1.6	97216.3	-999.9
Ntarla	2018	5	14	134	27.3	38.9	23.9	-999.9	0.0	2.1	97073.3	-999.9
Ntarla	2018	5	15	135	27.6	38.8	24.2	-999.9	0.0	2.8	97093.9	-999.9
Ntarla	2018	5	16	136	24.8	37.1	23.7	-999.9	16.6	2.4	97123.2	-999.9
Ntarla	2018	5	17	137	25.8	38.7	24.1	-999.9	8.3	2.4	97165.0	-999.9
Ntarla	2018	5	18	138	25.4	35.9	24.1	-999.9	8.3	2.0	97218.7	-999.9
Ntarla	2018	5	19	139	26.7	37.0	24.3	-999.9	8.3	2.0	97169.0	-999.9
Ntarla	2018	5	20	140	27.4	38.4	25.0	-999.9	0.0	2.3	97096.6	-999.9
Ntarla	2018	5	21	141	27.8	38.2	24.2	-999.9	9.5	3.1	97087.5	-999.9
Ntarla	2018	5	22	142	27.9	37.6	23.3	-999.9	0.0	2.6	97070.4	-999.9
Ntarla	2018	5	23	143	28.4	37.7	23.2	-999.9	0.0	2.6	97200.1	-999.9
Ntarla	2018	5	24	144	27.0	38.1	24.8	-999.9	0.0	2.1	97211.6	-999.9
Ntarla	2018	5	25	145	27.5	37.6	24.5	-999.9	9.5	2.5	97085.7	-999.9
Ntarla	2018	5	26	146	25.7	38.2	25.1	-999.9	20.5	2.9	97077.8	-999.9
Ntarla	2018	5	27	147	25.6	35.8	23.7	-999.9	0.0	2.5	97237.5	-999.9
Ntarla	2018	5	28	148	25.2	35.0	20.8	-999.9	10.2	2.7	97407.3	-999.9
Ntarla	2018	5	29	149	24.9	35.7	23.3	-999.9	0.0	1.7	97365.5	-999.9
Ntarla	2018	5	30	150	27.0	37.0	24.2	-999.9	0.0	2.4	97211.4	-999.9
Ntarla	2018	5	31	151	26.9	36.9	24.4	-999.9	0.0	2.2	97233.3	-999.9
Ntarla	2018	6	1	152	26.8	35.3	23.0	-999.9	0.0	2.1	97346.6	-999.9
Ntarla	2018	6	2	153	25.6	35.6	23.9	-999.9	0.0	2.0	97356.6	-999.9
Ntarla	2018	6	3	154	27.2	36.1	22.6	-999.9	0.0	2.1	97441.6	-999.9
Ntarla	2018	6	4	155	26.5	35.6	23.4	-999.9	12.9	2.1	97340.8	-999.9
Ntarla	2018	6	5	156	25.8	36.5	23.9	-999.9	0.0	1.7	97280.8	-999.9
Ntarla	2018	6	6	157	26.5	34.1	18.0	-999.9	0.0	2.0	97352.6	-999.9
Ntarla	2018	6	7	158	26.9	36.5	23.9	-999.9	0.0	2.2	97391.1	-999.9
Ntarla	2018	6	8	159	26.9	37.6	24.5	-999.9	7.2	1.9	97354.9	-999.9
Ntarla	2018	6	9	160	28.1	38.0	23.6	-999.9	7.2	2.8	97221.9	-999.9
Ntarla	2018	6	10	161	26.8	36.1	22.8	-999.9	7.2	3.0	97223.3	-999.9
Ntarla	2018	6	11	162	26.3	35.0	23.8	-999.9	0.0	2.6	97362.9	-999.9
Ntarla	2018	6	12	163	25.2	35.8	24.0	-999.9	0.0	2.2	97474.6	-999.9
Ntarla	2018	6	13	164	27.1	36.7	24.2	-999.9	6.8	1.9	97436.2	-999.9
Ntarla	2018	6	14	165	25.1	34.9	22.2	-999.9	20.5	2.9	97397.1	-999.9
Ntarla	2018	6	15	166	25.9	35.5	22.7	-999.9	0.0	2.9	97369.7	-999.9
Ntarla	2018	6	16	167	26.9	36.5	23.4	-999.9	0.0	2.8	97321.1	-999.9
Ntarla	2018	6	17	168	26.2	35.1	21.4	-999.9	0.0	3.3	97421.7	-999.9
Ntarla	2018	6	18	169	25.3	36.4	24.0	-999.9	8.5	2.9	97454.8	-999.9
Ntarla	2018	6	19	170	24.2	35.3	21.1	-999.9	0.0	3.1	97340.6	-999.9
Ntarla	2018	6	20	171	25.9	36.0	24.6	-999.9	0.0	3.6	97283.1	-999.9
Ntarla	2018	6	21	172	27.0	37.1	24.7	-999.9	0.0	3.6	97237.9	-999.9
Ntarla	2018	6	22	173	24.2	35.0	21.0	-999.9	3.9	3.1	97337.7	-999.9
Ntarla	2018	6	23	174	24.1	34.7	23.2	-999.9	3.9	2.2	97385.2	-999.9
Ntarla	2018	6	24	175	23.8	29.6	15.0	-999.9	11.8	2.2	97325.1	-999.9
Ntarla	2018	6	25	176	23.2	30.3	18.5	-999.9	3.9	2.2	97298.1	-999.9
Ntarla	2018	6	26	177	23.6	32.6	24.7	-999.9	0.0	1.5	97378.3	-999.9
Ntarla	2018	6	27	178	23.8	31.0	17.6	-999.9	14.0	2.2	97421.9	-999.9
Ntarla	2018	6	28	179	23.6	31.9	22.7	-999.9	14.0	1.7	97400.2	-999.9
Ntarla	2018	6	29	180	24.8	32.1	21.9	-999.9	0.0	2.2	97251.2	-999.9
Ntarla	2018	6	30	181	24.1	31.5	20.9	-999.9	14.0	2.3	97171.5	-999.9
Ntarla	2018	7	1	182	23.4	30.1	19.2	-999.9	0.0	1.9	97225.3	-999.9
Ntarla	2018	7	2	183	23.2	30.2	20.3	-999.9	7.0	1.8	97300.9	-999.9
Ntarla	2018	7	3	184	22.9	30.8	20.6	-999.9	0.0	1.1	97334.4	-999.9
Ntarla	2018	7	4	185	23.1	31.3	22.4	-999.9	14.0	1.6	97359.0	-999.9
Ntarla	2018	7	5	186	24.4	31.8	21.7	-999.9	0.0	1.9	97446.6	-999.9
Ntarla	2018	7	6	187	23.5	30.8	21.1	-999.9	7.6	1.9	97472.5	-999.9
Ntarla	2018	7	7	188	22.8	30.1	16.4	-999.9	0.0	1.8	97528.5	-999.9
Ntarla	2018	7	8	189	23.3	33.4	24.4	-999.9	15.3	1.8	97496.4	-999.9
Ntarla	2018	7	9	190	23.0	31.5	22.9	-999.9	0.0	1.3	97488.9	-999.9
Ntarla	2018	7	10	191	24.8	32.1	23.5	-999.9	0.0	1.9	97582.8	-999.9
Ntarla	2018	7	11	192	24.6	32.8	23.5	-999.9	19.2	2.2	97545.3	-999.9
Ntarla	2018	7	12	193	25.0	30.7	18.2	-999.9	6.4	2.0	97519.3	-999.9
Ntarla	2018	7	13	194	23.6	31.7	21.8	-999.9	6.4	1.5	97517.3	-999.9
Ntarla	2018	7	14	195	24.5	33.3	24.1	-999.9	6.4	1.9	97432.8	-999.9
Ntarla	2018	7	15	196	25.2	31.9	20.1	-999.9	19.2	2.4	97315.6	-999.9
Ntarla	2018	7	16	197	23.6	28.6	11.3	-999.9	10.3	2.1	97459.5	-999.9
Ntarla	2018	7	17	198	23.2	29.5	15.3	-999.9	10.3	1.7	97488.2	-999.9
Ntarla	2018	7	18	199	22.2	26.6	10.3	-999.9	0.0	1.4	97553.8	-999.9
Ntarla	2018	7	19	200	22.8	29.8	20.2	-999.9	0.0	2.0	97490.6	-999.9
Ntarla	2018	7	20	201	23.5	31.0	21.9	-999.9	20.6	1.8	97382.5	-999.9
Ntarla	2018	7	21	202	24.0	29.9	17.4	-999.9	0.0	1.6	97307.6	-999.9
Ntarla	2018	7	22	203	22.7	30.5	20.8	-999.9	0.0	2.0	97393.9	-999.9
Ntarla	2018	7	23	204	24.4	30.3	20.4	-999.9	0.0	2.1	97515.6	-999.9
Ntarla	2018	7	24	205	23.3	31.6	21.3	-999.9	11.3	1.9	97422.1	-999.9
Ntarla	2018	7	25	206	23.6	27.6	9.7	-999.9	16.9	2.2	97448.4	-999.9
Ntarla	2018	7	26	207	23.9	28.0	14.6	-999.9	0.0	2.1	97509.9	-999.9
Ntarla	2018	7	27	208	22.2	28.6	16.1	-999.9	8.6	1.5	97678.5	-999.9
Ntarla	2018	7	28	209	22.3	30.5	21.4	-999.9	0.0	1.6	97627.1	-999.9
Ntarla	2018	7	29	210	22.8	31.3	22.2	-999.9	17.2	1.8	97467.0	-999.9
Ntarla	2018	7	30	211	23.9	30.6	20.4	-999.9	8.6	2.2	97391.6	-999.9
Ntarla	2018	7	31	212	22.8	29.3	19.4	-999.9	0.0	3.0	97485.9	-999.9
Ntarla	2018	8	1	213	22.9	29.4	18.4	-999.9	29.1	2.0	97447.4	-999.9
Ntarla	2018	8	2	214	22.5	29.4	18.0	-999.9	0.0	1.3	97423.1	-999.9
Ntarla	2018	8	3	215	22.3	29.9	19.9	-999.9	14.5	1.5	97457.5	-999.9
Ntarla	2018	8	4	216	22.7	26.5	13.0	-999.9	14.5	1.9	97522.6	-999.9
Ntarla	2018	8	5	217	21.9	29.2	19.3	-999.9	0.0	2.2	97569.2	-999.9
Ntarla	2018	8	6	218	22.8	29.5	21.1	-999.9	0.0	1.9	97578.3	-999.9
Ntarla	2018	8	7	219	22.8	27.3	12.3	-999.9	23.6	1.7	97524.0	-999.9
Ntarla	2018	8	8	220	22.2	28.6	17.0	-999.9	0.0	2.3	97594.0	-999.9
Ntarla	2018	8	9	221	22.4	29.4	19.9	-999.9	0.0	2.3	97565.3	-999.9
Ntarla	2018	8	10	222	22.3	28.4	13.8	-999.9	15.7	1.7	97525.8	-999.9
Ntarla	2018	8	11	223	22.8	27.8	13.6	-999.9	24.1	1.7	97492.6	-999.9
Ntarla	2018	8	12	224	22.6	27.9	17.1	-999.9	12.0	2.3	97524.5	-999.9
Ntarla	2018	8	13	225	21.6	29.4	21.4	-999.9	12.0	2.2	97575.5	-999.9
Ntarla	2018	8	14	226	22.4	28.8	16.4	-999.9	0.0	1.8	97533.0	-999.9
Ntarla	2018	8	15	227	22.2	29.3	19.0	-999.9	0.0	1.2	97591.5	-999.9
Ntarla	2018	8	16	228	22.0	30.4	22.6	-999.9	1.9	1.6	97584.9	-999.9
Ntarla	2018	8	17	229	23.8	29.9	20.8	-999.9	3.8	1.9	97480.8	-999.9
Ntarla	2018	8	18	230	23.0	26.6	12.2	-999.9	10.1	2.1	97365.2	-999.9
Ntarla	2018	8	19	231	22.3	26.4	11.5	-999.9	8.8	2.2	97487.2	-999.9
Ntarla	2018	8	20	232	22.5	28.8	19.4	-999.9	4.2	2.4	97599.8	-999.9
Ntarla	2018	8	21	233	22.5	30.2	19.7	-999.9	10.1	1.8	97442.0	-999.9
Ntarla	2018	8	22	234	22.1	27.2	12.8	-999.9	0.0	1.5	97428.8	-999.9
Ntarla	2018	8	23	235	22.6	29.3	20.5	-999.9	0.0	1.8	97419.1	-999.9
Ntarla	2018	8	24	236	22.2	30.6	21.9	-999.9	0.0	1.7	97369.6	-999.9
Ntarla	2018	8	25	237	23.8	28.6	14.3	-999.9	30.2	1.7	97254.8	-999.9
Ntarla	2018	8	26	238	22.3	27.5	13.6	-999.9	13.0	1.6	97378.3	-999.9
Ntarla	2018	8	27	239	22.4	28.7	19.1	-999.9	0.0	2.2	97455.3	-999.9
Ntarla	2018	8	28	240	22.4	28.3	16.6	-999.9	38.9	2.1	97486.6	-999.9
Ntarla	2018	8	29	241	22.7	28.8	16.7	-999.9	13.0	1.7	97377.2	-999.9
Ntarla	2018	8	30	242	22.0	29.1	19.6	-999.9	0.0	2.8	97320.9	-999.9
Ntarla	2018	8	31	243	22.4	29.1	14.1	-999.9	13.0	2.0	97256.9	-999.9
Ntarla	2018	9	1	244	21.9	28.8	19.4	-999.9	0.0	1.1	97252.7	-999.9
Ntarla	2018	9	2	245	22.6	28.0	15.4	-999.9	0.0	1.4	97303.0	-999.9
Ntarla	2018	9	3	246	22.5	29.0	18.1	-999.9	11.2	1.7	97259.0	-999.9
Ntarla	2018	9	4	247	22.5	29.5	17.9	-999.9	11.2	1.1	97238.8	-999.9
Ntarla	2018	9	5	248	22.4	28.1	13.0	-999.9	0.0	1.4	97351.0	-999.9
Ntarla	2018	9	6	249	22.2	29.6	18.5	-999.9	0.0	1.6	97328.9	-999.9
Ntarla	2018	9	7	250	22.4	30.6	23.6	-999.9	9.0	1.6	97211.8	-999.9
Ntarla	2018	9	8	251	22.0	28.5	15.0	-999.9	18.0	1.3	97318.4	-999.9
Ntarla	2018	9	9	252	22.1	28.5	15.4	-999.9	0.0	1.0	97328.7	-999.9
Ntarla	2018	9	10	253	22.1	28.7	16.8	-999.9	18.0	1.4	97392.6	-999.9
Ntarla	2018	9	11	254	22.3	28.4	18.5	-999.9	12.1	1.5	97487.9	-999.9
Ntarla	2018	9	12	255	22.3	29.2	19.8	-999.9	0.0	1.2	97548.2	-999.9
Ntarla	2018	9	13	256	20.8	30.7	22.4	-999.9	0.0	1.2	97425.5	-999.9
Ntarla	2018	9	14	257	21.5	30.9	24.3	-999.9	0.0	1.1	97339.2	-999.9
Ntarla	2018	9	15	258	22.3	30.6	22.6	-999.9	0.0	1.3	97406.1	-999.9
Ntarla	2018	9	16	259	23.3	26.9	10.7	-999.9	6.8	1.4	97452.8	-999.9
Ntarla	2018	9	17	260	21.8	29.8	21.4	-999.9	0.0	1.7	97382.8	-999.9
Ntarla	2018	9	18	261	22.1	31.3	23.7	-999.9	6.8	1.5	97346.1	-999.9
Ntarla	2018	9	19	262	22.6	31.4	22.4	-999.9	0.0	1.3	97307.9	-999.9
Ntarla	2018	9	20	263	23.6	31.2	22.4	-999.9	0.0	1.5	97265.2	-999.9
Ntarla	2018	9	21	264	23.6	31.3	22.8	-999.9	7.0	1.7	97231.8	-999.9
Ntarla	2018	9	22	265	22.6	29.9	18.1	-999.9	7.0	1.2	97335.9	-999.9
Ntarla	2018	9	23	266	22.5	30.4	19.9	-999.9	21.1	1.1	97338.1	-999.9
Ntarla	2018	9	24	267	22.4	31.0	22.8	-999.9	14.1	1.3	97384.9	-999.9
Ntarla	2018	9	25	268	22.7	30.9	21.6	-999.9	7.0	1.4	97357.5	-999.9
Ntarla	2018	9	26	269	23.4	30.9	21.9	-999.9	0.0	1.5	97298.1	-999.9
Ntarla	2018	9	27	270	23.6	31.1	21.2	-999.9	0.0	1.2	97268.9	-999.9
Ntarla	2018	9	28	271	23.5	31.0	22.1	-999.9	14.1	1.7	97253.2	-999.9
Ntarla	2018	9	29	272	22.9	30.0	17.8	-999.9	28.2	1.3	97317.6	-999.9
Ntarla	2018	9	30	273	22.8	28.8	15.4	-999.9	0.0	1.2	97390.9	-999.9
Ntarla	2018	10	1	274	22.5	30.3	22.1	-999.9	3.4	1.3	97384.4	-999.9
Ntarla	2018	10	2	275	23.1	30.6	20.8	-999.9	0.0	1.5	97338.7	-999.9
Ntarla	2018	10	3	276	22.4	30.3	21.2	-999.9	0.0	2.0	97328.1	-999.9
Ntarla	2018	10	4	277	22.7	30.6	20.4	-999.9	3.4	1.6	97340.1	-999.9
Ntarla	2018	10	5	278	22.8	30.3	19.9	-999.9	6.7	1.2	97336.1	-999.9
Ntarla	2018	10	6	279	23.9	30.7	20.6	-999.9	0.0	1.6	97438.4	-999.9
Ntarla	2018	10	7	280	22.9	30.3	20.2	-999.9	0.0	1.1	97482.2	-999.9
Ntarla	2018	10	8	281	23.5	32.8	22.2	-999.9	0.0	1.6	97279.9	-999.9
Ntarla	2018	10	9	282	23.1	31.3	20.3	-999.9	0.0	1.8	97224.2	-999.9
Ntarla	2018	10	10	283	22.9	31.8	22.6	-999.9	0.0	1.4	97283.2	-999.9
Ntarla	2018	10	11	284	23.4	31.6	21.4	-999.9	0.0	1.4	97390.2	-999.9
Ntarla	2018	10	12	285	22.4	32.0	22.4	-999.9	0.0	1.4	97373.0	-999.9
Ntarla	2018	10	13	286	23.2	30.8	20.8	-999.9	12.1	1.6	97392.3	-999.9
Ntarla	2018	10	14	287	22.6	31.1	20.8	-999.9	0.0	1.5	97328.8	-999.9
Ntarla	2018	10	15	288	22.1	30.4	20.7	-999.9	0.0	1.2	97486.0	-999.9
Ntarla	2018	10	16	289	23.2	31.8	22.3	-999.9	4.4	1.3	97514.9	-999.9
Ntarla	2018	10	17	290	23.1	32.2	22.5	-999.9	0.0	1.3	97382.6	-999.9
Ntarla	2018	10	18	291	22.4	32.1	21.4	-999.9	4.4	1.4	97212.0	-999.9
Ntarla	2018	10	19	292	23.5	31.2	21.2	-999.9	4.4	1.4	97177.5	-999.9
Ntarla	2018	10	20	293	23.3	30.5	14.8	-999.9	4.4	1.2	97270.0	-999.9
Ntarla	2018	10	21	294	22.4	32.7	21.7	-999.9	0.0	1.5	97166.0	-999.9
Ntarla	2018	10	22	295	21.8	31.9	22.2	-999.9	0.0	1.4	97283.5	-999.9
Ntarla	2018	10	23	296	21.1	33.7	22.1	-999.9	0.0	1.2	97314.6	-999.9
Ntarla	2018	10	24	297	21.6	33.8	22.7	-999.9	0.0	1.6	97255.3	-999.9
Ntarla	2018	10	25	298	21.7	32.8	22.3	-999.9	0.0	1.7	97206.3	-999.9
Ntarla	2018	10	26	299	22.7	32.7	21.7	-999.9	0.0	1.2	97266.5	-999.9
Ntarla	2018	10	27	300	23.2	33.1	21.2	-999.9	0.0	1.1	97356.9	-999.9
Ntarla	2018	10	28	301	22.5	32.8	20.8	-999.9	0.0	1.2	97380.2	-999.9
Ntarla	2018	10	29	302	24.0	29.7	16.4	-999.9	0.0	1.6	97442.8	-999.9
Ntarla	2018	10	30	303	22.5	30.9	19.9	-999.9	0.0	1.4	97395.3	-999.9
Ntarla	2018	10	31	304	23.0	31.8	17.9	-999.9	0.0	1.9	97361.7	-999.9
Ntarla	2018	11	1	305	21.9	32.5	20.5	-999.9	0.0	1.8	97293.5	-999.9
Ntarla	2018	11	2	306	23.5	33.6	21.8	-999.9	0.0	2.1	97259.4	-999.9
Ntarla	2018	11	3	307	20.5	33.5	22.0	-999.9	0.0	1.9	97154.6	-999.9
Ntarla	2018	11	4	308	20.3	32.6	21.1	-999.9	0.0	1.5	97184.6	-999.9
Ntarla	2018	11	5	309	21.9	32.2	19.1	-999.9	0.0	1.4	97213.3	-999.9
Ntarla	2018	11	6	310	22.3	33.0	18.6	-999.9	0.0	1.5	97245.0	-999.9
Ntarla	2018	11	7	311	21.7	33.5	21.1	-999.9	0.0	1.2	97273.5	-999.9
Ntarla	2018	11	8	312	20.8	33.2	20.4	-999.9	0.0	1.5	97425.2	-999.9
Ntarla	2018	11	9	313	18.9	34.0	22.2	-999.9	0.0	1.5	97346.8	-999.9
Ntarla	2018	11	10	314	18.4	33.8	22.1	-999.9	0.0	1.6	97242.5	-999.9
Ntarla	2018	11	11	315	17.6	33.3	21.8	-999.9	0.0	1.1	97194.2	-999.9
Ntarla	2018	11	12	316	19.2	33.9	21.7	-999.9	0.0	1.1	97202.6	-999.9
Ntarla	2018	11	13	317	19.1	34.2	21.6	-999.9	0.0	1.2	97156.8	-999.9
Ntarla	2018	11	14	318	21.3	33.7	19.7	-999.9	0.0	1.4	97169.7	-999.9
Ntarla	2018	11	15	319	20.0	34.0	19.6	-999.9	0.0	1.4	97188.1	-999.9
Ntarla	2018	11	16	320	19.8	34.1	20.9	-999.9	0.0	1.2	97300.0	-999.9
Ntarla	2018	11	17	321	20.3	34.1	20.9	-999.9	0.0	1.3	97282.3	-999.9
Ntarla	2018	11	18	322	22.5	32.4	17.6	-999.9	0.0	1.7	97279.1	-999.9
Ntarla	2018	11	19	323	23.0	32.8	18.4	-999.9	0.0	2.1	97324.9	-999.9
Ntarla	2018	11	20	324	22.3	33.0	19.5	-999.9	0.0	1.8	97453.4	-999.9
Ntarla	2018	11	21	325	21.9	33.3	18.3	-999.9	0.0	1.2	97418.3	-999.9
Ntarla	2018	11	22	326	20.5	33.8	18.4	-999.9	0.0	1.9	97337.3	-999.9
Ntarla	2018	11	23	327	17.9	33.9	21.4	-999.9	0.0	1.9	97282.8	-999.9
Ntarla	2018	11	24	328	18.5	34.2	21.2	-999.9	0.0	1.8	97340.2	-999.9
Ntarla	2018	11	25	329	17.7	33.7	21.2	-999.9	0.0	1.8	97362.6	-999.9
Ntarla	2018	11	26	330	17.9	33.1	20.2	-999.9	0.0	2.0	97268.7	-999.9
Ntarla	2018	11	27	331	17.5	33.9	21.0	-999.9	0.0	2.0	97213.7	-999.9
Ntarla	2018	11	28	332	17.1	33.6	21.0	-999.9	0.0	2.0	97229.3	-999.9
Ntarla	2018	11	29	333	17.4	33.6	20.7	-999.9	0.0	2.0	97250.4	-999.9
Ntarla	2018	11	30	334	18.2	33.8	21.0	-999.9	0.0	2.0	97269.2	-999.9
Ntarla	2018	12	1	335	16.5	33.0	20.5	-999.9	0.0	1.9	97333.0	-999.9
Ntarla	2018	12	2	336	15.4	32.5	21.0	-999.9	0.0	2.0	97380.9	-999.9
Ntarla	2018	12	3	337	16.7	32.0	20.8	-999.9	0.0	2.2	97273.7	-999.9
Ntarla	2018	12	4	338	17.2	32.5	20.6	-999.9	0.0	2.1	97166.6	-999.9
Ntarla	2018	12	5	339	20.1	33.4	20.0	-999.9	0.0	2.3	97263.4	-999.9
Ntarla	2018	12	6	340	19.6	33.1	20.4	-999.9	0.0	2.4	97433.4	-999.9
Ntarla	2018	12	7	341	18.7	32.8	20.5	-999.9	0.0	2.2	97550.5	-999.9
Ntarla	2018	12	8	342	17.2	32.0	20.7	-999.9	0.0	2.1	97612.6	-999.9
Ntarla	2018	12	9	343	15.8	31.7	20.7	-999.9	0.0	2.0	97676.5	-999.9
Ntarla	2018	12	10	344	15.3	31.8	20.5	-999.9	0.0	1.9	97702.8	-999.9
Ntarla	2018	12	11	345	15.2	31.5	20.6	-999.9	0.0	1.8	97596.4	-999.9
Ntarla	2018	12	12	346	17.3	32.0	20.2	-999.9	0.0	2.2	97588.2	-999.9
Ntarla	2018	12	13	347	18.2	32.8	19.3	-999.9	0.0	2.2	97688.9	-999.9
Ntarla	2018	12	14	348	18.8	32.2	19.9	-999.9	0.0	2.5	97766.1	-999.9
Ntarla	2018	12	15	349	18.5	32.4	20.1	-999.9	0.0	2.4	97820.6	-999.9
Ntarla	2018	12	16	350	17.6	31.4	20.2	-999.9	0.0	2.3	97731.4	-999.9
Ntarla	2018	12	17	351	16.1	32.3	20.2	-999.9	0.0	1.8	97653.7	-999.9
Ntarla	2018	12	18	352	16.4	33.4	20.2	-999.9	0.0	1.7	97582.9	-999.9
Ntarla	2018	12	19	353	17.9	33.4	20.1	-999.9	0.0	1.9	97523.6	-999.9
Ntarla	2018	12	20	354	17.3	33.0	20.1	-999.9	0.5	1.9	97525.4	-999.9
Ntarla	2018	12	21	355	17.4	32.2	20.4	-999.9	0.2	2.2	97532.6	-999.9
Ntarla	2018	12	22	356	17.3	31.1	20.5	-999.9	0.2	2.3	97497.5	-999.9
Ntarla	2018	12	23	357	16.7	30.8	20.6	-999.9	0.0	2.4	97480.7	-999.9
Ntarla	2018	12	24	358	15.5	30.5	20.7	-999.9	0.0	2.2	97539.3	-999.9
Ntarla	2018	12	25	359	15.7	30.3	20.7	-999.9	0.0	2.3	97536.2	-999.9
Ntarla	2018	12	26	360	14.7	30.0	20.6	-999.9	0.0	2.1	97595.0	-999.9
Ntarla	2018	12	27	361	14.8	31.3	20.6	-999.9	0.0	1.9	97481.1	-999.9
Ntarla	2018	12	28	362	14.8	32.5	20.4	-999.9	0.0	1.7	97405.3	-999.9
Ntarla	2018	12	29	363	16.7	33.6	20.0	-999.9	0.0	1.6	97337.8	-999.9
Ntarla	2018	12	30	364	18.7	33.9	18.3	-999.9	0.0	1.8	97352.7	-999.9
Ntarla	2018	12	31	365	19.0	34.0	19.8	-999.9	0.0	2.4	97557.6	-999.9
