Ntarla	2014	1	1	1	18.9	33.3	20.4	-999.9	0.0	2.4	97297.7	-999.9
Ntarla	2014	1	2	2	18.8	33.8	20.3	-999.9	0.0	2.5	97310.7	-999.9
Ntarla	2014	1	3	3	18.5	32.9	19.9	-999.9	0.0	2.7	97494.3	-999.9
Ntarla	2014	1	4	4	18.3	32.3	20.5	-999.9	0.0	2.7	97554.2	-999.9
Ntarla	2014	1	5	5	16.3	30.9	20.6	-999.9	0.0	2.3	97518.7	-999.9
Ntarla	2014	1	6	6	17.8	31.0	18.4	-999.9	0.0	2.5	97435.1	-999.9
Ntarla	2014	1	7	7	17.1	32.3	20.5	-999.9	0.0	2.0	97378.1	-999.9
Ntarla	2014	1	8	8	17.2	33.1	20.5	-999.9	0.0	1.8	97339.6	-999.9
Ntarla	2014	1	9	9	17.8	34.1	20.6	-999.9	0.0	1.6	97292.2	-999.9
Ntarla	2014	1	10	10	19.0	34.6	20.3	-999.9	0.0	2.4	97289.3	-999.9
Ntarla	2014	1	11	11	18.2	35.0	20.6	-999.9	0.0	2.2	97412.9	-999.9
Ntarla	2014	1	12	12	20.0	34.5	20.9	-999.9	0.0	2.5	97571.7	-999.9
Ntarla	2014	1	13	13	19.0	33.4	21.1	-999.9	0.0	2.4	97637.2	-999.9
Ntarla	2014	1	14	14	17.3	33.9	21.3	-999.9	0.0	2.0	97462.2	-999.9
Ntarla	2014	1	15	15	18.0	33.3	21.3	-999.9	0.0	2.1	97402.9	-999.9
Ntarla	2014	1	16	16	15.4	34.8	21.2	-999.9	0.0	1.8	97347.4	-999.9
Ntarla	2014	1	17	17	17.1	34.6	19.9	-999.9	0.0	2.3	97292.4	-999.9
Ntarla	2014	1	18	18	21.5	29.4	12.8	-999.9	0.0	1.6	97490.9	-999.9
Ntarla	2014	1	19	19	17.6	32.9	19.3	-999.9	0.0	1.5	97557.9	-999.9
Ntarla	2014	1	20	20	19.8	31.6	17.4	-999.9	0.0	1.6	97539.6	-999.9
Ntarla	2014	1	21	21	21.1	32.7	18.9	-999.9	0.0	2.1	97437.5	-999.9
Ntarla	2014	1	22	22	20.6	33.5	19.2	-999.9	0.0	2.2	97355.4	-999.9
Ntarla	2014	1	23	23	19.6	34.2	20.8	-999.9	0.1	1.7	97203.2	-999.9
Ntarla	2014	1	24	24	20.3	34.7	20.2	-999.9	0.0	2.1	97164.6	-999.9
Ntarla	2014	1	25	25	22.0	35.0	18.4	-999.9	0.0	2.3	97210.5	-999.9
Ntarla	2014	1	26	26	20.8	35.7	21.4	-999.9	0.0	2.7	97295.9	-999.9
Ntarla	2014	1	27	27	20.9	34.7	21.4	-999.9	0.0	2.7	97338.9	-999.9
Ntarla	2014	1	28	28	19.5	32.9	21.5	-999.9	0.0	2.4	97169.7	-999.9
Ntarla	2014	1	29	29	17.9	34.0	21.6	-999.9	0.0	1.6	97070.8	-999.9
Ntarla	2014	1	30	30	19.0	33.1	21.6	-999.9	0.0	2.1	97195.3	-999.9
Ntarla	2014	1	31	31	18.9	30.2	21.2	-999.9	0.0	3.4	97491.3	-999.9
Ntarla	2014	2	1	32	15.0	28.9	22.4	-999.9	0.0	2.8	97626.6	-999.9
Ntarla	2014	2	2	33	14.1	29.7	22.4	-999.9	0.0	2.5	97471.2	-999.9
Ntarla	2014	2	3	34	14.7	30.9	22.5	-999.9	0.0	2.2	97354.2	-999.9
Ntarla	2014	2	4	35	17.6	32.3	21.7	-999.9	0.0	2.5	97355.1	-999.9
Ntarla	2014	2	5	36	18.8	34.0	20.5	-999.9	0.0	2.5	97378.7	-999.9
Ntarla	2014	2	6	37	19.5	34.8	21.6	-999.9	0.0	2.4	97368.1	-999.9
Ntarla	2014	2	7	38	20.9	35.6	21.8	-999.9	0.0	2.3	97340.5	-999.9
Ntarla	2014	2	8	39	21.6	35.8	21.9	-999.9	0.0	2.6	97341.7	-999.9
Ntarla	2014	2	9	40	20.8	36.2	21.2	-999.9	0.0	2.3	97298.6	-999.9
Ntarla	2014	2	10	41	20.8	35.6	22.5	-999.9	0.0	2.8	97357.0	-999.9
Ntarla	2014	2	11	42	19.6	33.7	23.0	-999.9	0.0	2.7	97407.7	-999.9
Ntarla	2014	2	12	43	16.3	34.3	22.9	-999.9	0.0	2.3	97302.9	-999.9
Ntarla	2014	2	13	44	18.8	34.9	23.1	-999.9	0.0	2.7	97287.3	-999.9
Ntarla	2014	2	14	45	19.5	35.4	22.8	-999.9	0.0	2.6	97312.2	-999.9
Ntarla	2014	2	15	46	19.8	35.4	23.0	-999.9	0.0	2.4	97240.2	-999.9
Ntarla	2014	2	16	47	19.1	35.2	21.7	-999.9	0.0	2.3	97097.8	-999.9
Ntarla	2014	2	17	48	22.6	33.3	20.9	-999.9	0.0	2.2	97250.1	-999.9
Ntarla	2014	2	18	49	21.0	33.7	21.3	-999.9	0.0	2.4	97434.9	-999.9
Ntarla	2014	2	19	50	21.1	33.2	20.7	-999.9	0.0	2.9	97473.7	-999.9
Ntarla	2014	2	20	51	19.0	32.2	22.1	-999.9	0.0	2.8	97437.0	-999.9
Ntarla	2014	2	21	52	18.6	33.3	23.0	-999.9	0.0	2.6	97356.4	-999.9
Ntarla	2014	2	22	53	18.6	34.8	23.2	-999.9	0.0	2.1	97267.9	-999.9
Ntarla	2014	2	23	54	19.7	36.2	23.4	-999.9	0.0	2.0	97168.8	-999.9
Ntarla	2014	2	24	55	20.7	37.0	23.7	-999.9	0.0	2.4	97090.2	-999.9
Ntarla	2014	2	25	56	20.6	36.9	23.8	-999.9	0.0	2.4	97046.6	-999.9
Ntarla	2014	2	26	57	21.4	36.9	23.8	-999.9	0.0	2.6	97127.3	-999.9
Ntarla	2014	2	27	58	22.2	35.2	23.8	-999.9	0.0	3.6	97294.0	-999.9
Ntarla	2014	2	28	59	19.8	31.1	24.1	-999.9	0.0	3.4	97494.6	-999.9
Ntarla	2014	3	1	60	17.4	31.2	24.5	-999.9	0.0	3.0	97526.2	-999.9
Ntarla	2014	3	2	61	15.9	31.9	24.9	-999.9	0.0	2.5	97439.5	-999.9
Ntarla	2014	3	3	62	15.0	33.9	24.8	-999.9	0.0	2.0	97305.6	-999.9
Ntarla	2014	3	4	63	16.9	35.6	24.4	-999.9	0.0	2.0	97181.1	-999.9
Ntarla	2014	3	5	64	18.8	36.3	24.6	-999.9	0.0	1.9	97138.0	-999.9
Ntarla	2014	3	6	65	20.5	36.7	24.6	-999.9	0.0	2.1	97103.1	-999.9
Ntarla	2014	3	7	66	19.3	37.0	24.9	-999.9	0.0	2.3	97105.0	-999.9
Ntarla	2014	3	8	67	19.8	37.1	24.8	-999.9	0.0	2.5	97260.8	-999.9
Ntarla	2014	3	9	68	21.1	37.9	24.7	-999.9	0.0	2.1	97200.8	-999.9
Ntarla	2014	3	10	69	20.7	38.2	24.8	-999.9	0.0	2.2	97068.6	-999.9
Ntarla	2014	3	11	70	19.7	38.3	24.7	-999.9	0.0	2.2	97019.6	-999.9
Ntarla	2014	3	12	71	25.3	37.4	22.5	-999.9	0.0	1.9	97153.1	-999.9
Ntarla	2014	3	13	72	24.7	37.5	22.3	-999.9	0.0	1.7	97228.8	-999.9
Ntarla	2014	3	14	73	23.7	38.3	22.5	-999.9	0.0	2.3	97162.2	-999.9
Ntarla	2014	3	15	74	25.2	39.5	24.7	-999.9	0.0	3.1	97148.5	-999.9
Ntarla	2014	3	16	75	24.8	39.1	25.1	-999.9	0.0	3.0	97107.2	-999.9
Ntarla	2014	3	17	76	23.7	38.0	23.6	-999.9	0.0	2.3	97157.0	-999.9
Ntarla	2014	3	18	77	22.8	38.3	25.2	-999.9	0.0	2.2	97134.9	-999.9
Ntarla	2014	3	19	78	23.5	38.3	25.2	-999.9	0.0	1.8	97148.7	-999.9
Ntarla	2014	3	20	79	23.8	39.0	25.1	-999.9	0.0	2.3	97133.5	-999.9
Ntarla	2014	3	21	80	21.9	38.6	25.6	-999.9	0.0	2.3	97152.0	-999.9
Ntarla	2014	3	22	81	23.5	37.8	25.7	-999.9	0.0	2.4	97089.3	-999.9
Ntarla	2014	3	23	82	22.8	37.7	25.5	-999.9	0.0	2.1	97024.7	-999.9
Ntarla	2014	3	24	83	22.3	37.5	23.9	-999.9	0.0	1.6	97142.2	-999.9
Ntarla	2014	3	25	84	24.6	38.0	24.0	-999.9	0.0	1.6	97231.7	-999.9
Ntarla	2014	3	26	85	23.4	38.3	24.6	-999.9	0.0	2.2	97197.1	-999.9
Ntarla	2014	3	27	86	24.2	38.2	24.0	-999.9	0.0	1.4	97120.1	-999.9
Ntarla	2014	3	28	87	24.1	39.3	25.6	-999.9	0.0	1.6	97038.3	-999.9
Ntarla	2014	3	29	88	22.8	39.1	25.3	-999.9	0.0	1.6	97046.0	-999.9
Ntarla	2014	3	30	89	25.2	38.4	23.9	-999.9	0.0	1.2	97078.5	-999.9
Ntarla	2014	3	31	90	26.8	38.4	23.2	-999.9	0.0	2.0	97187.1	-999.9
Ntarla	2014	4	1	91	26.0	37.9	23.4	-999.9	0.0	2.0	97230.5	-999.9
Ntarla	2014	4	2	92	26.9	40.1	25.2	-999.9	0.0	2.5	97116.0	-999.9
Ntarla	2014	4	3	93	24.4	40.8	25.5	-999.9	0.0	2.0	97038.4	-999.9
Ntarla	2014	4	4	94	25.6	40.0	24.3	-999.9	0.0	1.6	97150.9	-999.9
Ntarla	2014	4	5	95	27.0	40.0	24.4	-999.9	0.0	1.8	97142.7	-999.9
Ntarla	2014	4	6	96	27.4	38.6	22.4	-999.9	0.0	2.2	97129.8	-999.9
Ntarla	2014	4	7	97	27.6	38.9	23.2	-999.9	0.0	2.1	97092.0	-999.9
Ntarla	2014	4	8	98	26.1	36.9	22.2	-999.9	0.0	2.1	97212.0	-999.9
Ntarla	2014	4	9	99	26.6	37.6	22.0	-999.9	0.0	2.2	97218.5	-999.9
Ntarla	2014	4	10	100	27.8	38.2	22.5	-999.9	0.0	1.3	97109.8	-999.9
Ntarla	2014	4	11	101	25.9	38.9	25.2	-999.9	0.0	2.0	97098.9	-999.9
Ntarla	2014	4	12	102	25.7	39.1	25.6	-999.9	0.0	1.9	97007.9	-999.9
Ntarla	2014	4	13	103	26.8	39.6	24.2	-999.9	0.0	2.2	96999.2	-999.9
Ntarla	2014	4	14	104	26.8	39.3	23.8	-999.9	0.0	2.2	97102.4	-999.9
Ntarla	2014	4	15	105	27.5	39.5	24.1	-999.9	0.0	2.0	97101.5	-999.9
Ntarla	2014	4	16	106	28.3	41.0	25.4	-999.9	0.0	2.2	97006.9	-999.9
Ntarla	2014	4	17	107	23.3	41.1	26.5	-999.9	0.0	2.4	96959.8	-999.9
Ntarla	2014	4	18	108	24.5	41.0	27.0	-999.9	0.0	1.8	96908.7	-999.9
Ntarla	2014	4	19	109	22.6	39.8	25.7	-999.9	0.0	1.9	97056.7	-999.9
Ntarla	2014	4	20	110	27.1	39.6	24.7	-999.9	0.0	1.8	97012.2	-999.9
Ntarla	2014	4	21	111	28.0	40.2	24.9	-999.9	0.0	2.6	96936.4	-999.9
Ntarla	2014	4	22	112	27.0	40.0	23.9	-999.9	0.0	1.7	97011.6	-999.9
Ntarla	2014	4	23	113	28.6	39.8	24.7	-999.9	0.0	2.0	97124.6	-999.9
Ntarla	2014	4	24	114	26.8	40.7	26.1	-999.9	0.0	1.9	97059.1	-999.9
Ntarla	2014	4	25	115	24.9	40.6	26.6	-999.9	0.0	1.4	96953.8	-999.9
Ntarla	2014	4	26	116	23.5	39.4	24.3	-999.9	0.0	2.2	96985.4	-999.9
Ntarla	2014	4	27	117	27.5	39.2	23.0	-999.9	0.0	2.2	97046.1	-999.9
Ntarla	2014	4	28	118	28.3	39.4	23.3	-999.9	6.0	2.1	97012.4	-999.9
Ntarla	2014	4	29	119	27.2	38.8	23.9	-999.9	6.0	2.5	97118.2	-999.9
Ntarla	2014	4	30	120	26.0	37.2	22.9	-999.9	6.0	2.3	97095.5	-999.9
Ntarla	2014	5	1	121	26.6	37.7	23.3	-999.9	0.0	2.3	97089.6	-999.9
Ntarla	2014	5	2	122	27.5	38.2	23.7	-999.9	0.0	1.5	97108.9	-999.9
Ntarla	2014	5	3	123	26.0	36.6	19.5	-999.9	0.0	1.5	97136.7	-999.9
Ntarla	2014	5	4	124	26.5	36.7	23.7	-999.9	4.1	2.3	97038.1	-999.9
Ntarla	2014	5	5	125	24.0	33.9	20.6	-999.9	4.1	2.9	97128.3	-999.9
Ntarla	2014	5	6	126	25.8	36.1	21.5	-999.9	0.0	2.7	97103.6	-999.9
Ntarla	2014	5	7	127	26.4	38.8	23.8	-999.9	0.0	2.5	97006.4	-999.9
Ntarla	2014	5	8	128	26.4	38.3	23.9	-999.9	3.5	3.1	96986.0	-999.9
Ntarla	2014	5	9	129	27.2	37.5	23.2	-999.9	3.5	2.8	97078.2	-999.9
Ntarla	2014	5	10	130	26.1	34.8	18.4	-999.9	3.5	2.1	97255.0	-999.9
Ntarla	2014	5	11	131	26.1	36.9	21.7	-999.9	0.0	1.9	97214.5	-999.9
Ntarla	2014	5	12	132	26.6	38.4	23.8	-999.9	0.0	1.7	97123.4	-999.9
Ntarla	2014	5	13	133	26.0	38.4	23.6	-999.9	0.0	2.4	97158.9	-999.9
Ntarla	2014	5	14	134	26.4	35.9	23.3	-999.9	0.0	2.4	97331.2	-999.9
Ntarla	2014	5	15	135	26.5	34.6	21.1	-999.9	0.0	1.6	97289.8	-999.9
Ntarla	2014	5	16	136	26.0	35.5	23.5	-999.9	0.0	1.6	97090.2	-999.9
Ntarla	2014	5	17	137	26.3	35.3	22.1	-999.9	0.0	2.6	97094.0	-999.9
Ntarla	2014	5	18	138	23.7	32.4	20.5	-999.9	6.3	1.4	97370.8	-999.9
Ntarla	2014	5	19	139	23.3	32.3	21.2	-999.9	0.0	2.0	97532.1	-999.9
Ntarla	2014	5	20	140	24.5	35.9	24.9	-999.9	0.0	2.2	97409.0	-999.9
Ntarla	2014	5	21	141	26.1	38.3	24.1	-999.9	0.0	2.8	97206.6	-999.9
Ntarla	2014	5	22	142	26.0	39.5	23.6	-999.9	0.0	2.0	97107.8	-999.9
Ntarla	2014	5	23	143	27.1	39.1	25.0	-999.9	2.3	2.7	97130.1	-999.9
Ntarla	2014	5	24	144	28.5	39.4	24.2	-999.9	0.0	2.3	97070.1	-999.9
Ntarla	2014	5	25	145	26.8	35.5	19.9	-999.9	4.5	1.9	97285.0	-999.9
Ntarla	2014	5	26	146	25.9	36.6	22.5	-999.9	0.0	2.0	97302.2	-999.9
Ntarla	2014	5	27	147	25.8	38.6	25.8	-999.9	0.0	3.1	97179.9	-999.9
Ntarla	2014	5	28	148	25.7	38.6	24.4	-999.9	0.0	2.4	96995.7	-999.9
Ntarla	2014	5	29	149	27.0	36.8	24.1	-999.9	0.0	2.6	97133.4	-999.9
Ntarla	2014	5	30	150	26.3	37.1	24.6	-999.9	12.3	1.9	97234.2	-999.9
Ntarla	2014	5	31	151	24.5	37.8	24.9	-999.9	12.3	2.0	97172.2	-999.9
Ntarla	2014	6	1	152	25.7	37.1	24.2	-999.9	10.8	2.4	97154.2	-999.9
Ntarla	2014	6	2	153	24.6	34.7	21.1	-999.9	10.8	2.1	97207.4	-999.9
Ntarla	2014	6	3	154	25.7	37.6	24.3	-999.9	3.6	2.2	97097.7	-999.9
Ntarla	2014	6	4	155	26.9	38.2	24.0	-999.9	3.6	2.0	97050.8	-999.9
Ntarla	2014	6	5	156	27.4	35.0	19.7	-999.9	7.2	2.2	97099.9	-999.9
Ntarla	2014	6	6	157	25.4	35.1	23.0	-999.9	0.0	2.7	97254.6	-999.9
Ntarla	2014	6	7	158	24.8	36.4	24.9	-999.9	0.0	2.3	97280.7	-999.9
Ntarla	2014	6	8	159	26.9	38.1	24.9	-999.9	0.0	2.5	97136.8	-999.9
Ntarla	2014	6	9	160	27.8	38.3	23.7	-999.9	27.0	2.8	97119.8	-999.9
Ntarla	2014	6	10	161	25.1	34.0	20.4	-999.9	27.0	2.6	97221.4	-999.9
Ntarla	2014	6	11	162	25.7	34.4	21.8	-999.9	0.0	2.1	97365.6	-999.9
Ntarla	2014	6	12	163	25.5	35.8	23.9	-999.9	4.7	2.1	97392.1	-999.9
Ntarla	2014	6	13	164	24.7	33.2	20.6	-999.9	2.4	1.8	97452.5	-999.9
Ntarla	2014	6	14	165	25.4	34.8	23.6	-999.9	0.0	2.2	97418.6	-999.9
Ntarla	2014	6	15	166	25.4	36.5	23.3	-999.9	7.1	2.6	97414.3	-999.9
Ntarla	2014	6	16	167	24.9	33.7	23.3	-999.9	18.2	2.0	97385.1	-999.9
Ntarla	2014	6	17	168	25.1	34.0	23.4	-999.9	0.0	1.9	97461.4	-999.9
Ntarla	2014	6	18	169	25.5	34.2	22.5	-999.9	0.0	1.8	97547.8	-999.9
Ntarla	2014	6	19	170	25.4	33.7	23.3	-999.9	0.0	1.9	97545.1	-999.9
Ntarla	2014	6	20	171	26.0	35.4	24.8	-999.9	0.0	2.1	97409.6	-999.9
Ntarla	2014	6	21	172	26.5	36.4	24.0	-999.9	0.0	2.9	97288.8	-999.9
Ntarla	2014	6	22	173	25.0	33.4	21.6	-999.9	13.0	1.7	97496.0	-999.9
Ntarla	2014	6	23	174	25.3	34.5	24.1	-999.9	4.3	2.0	97606.3	-999.9
Ntarla	2014	6	24	175	25.4	35.7	24.5	-999.9	0.0	2.5	97448.1	-999.9
Ntarla	2014	6	25	176	25.3	35.3	24.7	-999.9	0.0	2.9	97272.7	-999.9
Ntarla	2014	6	26	177	25.9	34.9	24.0	-999.9	9.7	2.6	97260.7	-999.9
Ntarla	2014	6	27	178	25.1	34.4	23.8	-999.9	0.0	2.7	97399.6	-999.9
Ntarla	2014	6	28	179	24.9	31.8	15.9	-999.9	14.6	1.8	97428.2	-999.9
Ntarla	2014	6	29	180	24.6	33.0	23.5	-999.9	0.0	2.1	97391.1	-999.9
Ntarla	2014	6	30	181	24.0	33.8	24.0	-999.9	9.7	2.2	97342.5	-999.9
Ntarla	2014	7	1	182	25.5	33.7	23.1	-999.9	13.4	2.3	97320.9	-999.9
Ntarla	2014	7	2	183	24.9	32.4	22.2	-999.9	4.5	1.8	97508.2	-999.9
Ntarla	2014	7	3	184	23.9	32.7	20.8	-999.9	13.4	1.5	97658.7	-999.9
Ntarla	2014	7	4	185	24.3	31.6	20.6	-999.9	4.5	1.3	97638.5	-999.9
Ntarla	2014	7	5	186	24.2	34.0	24.1	-999.9	0.0	2.6	97470.0	-999.9
Ntarla	2014	7	6	187	25.0	34.5	25.0	-999.9	0.0	3.8	97410.3	-999.9
Ntarla	2014	7	7	188	23.4	32.7	19.8	-999.9	25.0	2.9	97489.1	-999.9
Ntarla	2014	7	8	189	24.5	31.5	20.8	-999.9	0.0	2.6	97632.5	-999.9
Ntarla	2014	7	9	190	23.6	32.2	22.1	-999.9	0.0	1.8	97668.2	-999.9
Ntarla	2014	7	10	191	24.1	32.8	22.0	-999.9	0.0	1.3	97648.4	-999.9
Ntarla	2014	7	11	192	25.2	35.7	23.4	-999.9	0.0	2.2	97518.1	-999.9
Ntarla	2014	7	12	193	25.9	36.1	24.7	-999.9	0.0	3.0	97405.8	-999.9
Ntarla	2014	7	13	194	25.4	33.9	21.5	-999.9	19.4	2.5	97405.2	-999.9
Ntarla	2014	7	14	195	23.5	31.8	18.5	-999.9	0.0	2.1	97485.6	-999.9
Ntarla	2014	7	15	196	24.0	32.1	22.4	-999.9	0.0	1.7	97583.2	-999.9
Ntarla	2014	7	16	197	24.9	34.0	21.3	-999.9	0.0	2.5	97457.0	-999.9
Ntarla	2014	7	17	198	24.1	31.9	18.7	-999.9	5.6	2.6	97480.2	-999.9
Ntarla	2014	7	18	199	23.4	29.2	16.4	-999.9	11.3	2.1	97652.3	-999.9
Ntarla	2014	7	19	200	22.9	32.5	22.7	-999.9	0.0	1.9	97611.0	-999.9
Ntarla	2014	7	20	201	24.4	33.5	23.5	-999.9	0.0	2.3	97493.2	-999.9
Ntarla	2014	7	21	202	25.2	32.3	19.5	-999.9	8.0	2.4	97512.2	-999.9
Ntarla	2014	7	22	203	23.9	31.3	19.8	-999.9	8.0	2.3	97593.9	-999.9
Ntarla	2014	7	23	204	24.2	30.7	18.8	-999.9	0.0	2.7	97628.3	-999.9
Ntarla	2014	7	24	205	23.6	30.3	17.9	-999.9	23.9	2.1	97514.0	-999.9
Ntarla	2014	7	25	206	22.5	30.1	18.7	-999.9	0.0	1.7	97455.7	-999.9
Ntarla	2014	7	26	207	22.7	30.9	21.5	-999.9	3.2	1.8	97464.5	-999.9
Ntarla	2014	7	27	208	23.8	31.2	21.8	-999.9	0.0	1.7	97379.3	-999.9
Ntarla	2014	7	28	209	24.1	31.4	21.7	-999.9	0.0	2.2	97363.8	-999.9
Ntarla	2014	7	29	210	24.2	31.9	23.8	-999.9	0.0	2.3	97364.8	-999.9
Ntarla	2014	7	30	211	24.1	30.8	21.1	-999.9	9.7	1.7	97452.5	-999.9
Ntarla	2014	7	31	212	23.2	30.6	18.8	-999.9	0.0	1.8	97574.3	-999.9
Ntarla	2014	8	1	213	24.1	30.7	19.7	-999.9	7.0	2.7	97516.4	-999.9
Ntarla	2014	8	2	214	24.1	31.5	21.8	-999.9	13.9	2.7	97420.5	-999.9
Ntarla	2014	8	3	215	23.5	29.8	18.9	-999.9	7.0	1.7	97457.1	-999.9
Ntarla	2014	8	4	216	22.6	29.0	17.5	-999.9	20.9	2.1	97557.7	-999.9
Ntarla	2014	8	5	217	23.1	30.4	19.6	-999.9	20.9	2.1	97538.9	-999.9
Ntarla	2014	8	6	218	22.2	29.5	17.4	-999.9	0.0	1.9	97411.8	-999.9
Ntarla	2014	8	7	219	23.4	31.0	23.0	-999.9	0.0	2.0	97353.9	-999.9
Ntarla	2014	8	8	220	23.5	30.7	21.0	-999.9	13.7	2.0	97362.7	-999.9
Ntarla	2014	8	9	221	23.4	29.7	18.6	-999.9	0.0	2.0	97423.2	-999.9
Ntarla	2014	8	10	222	23.3	29.1	17.3	-999.9	6.8	1.9	97532.3	-999.9
Ntarla	2014	8	11	223	22.4	28.5	17.4	-999.9	0.0	2.2	97568.6	-999.9
Ntarla	2014	8	12	224	22.7	29.6	20.1	-999.9	18.5	2.0	97385.5	-999.9
Ntarla	2014	8	13	225	22.6	28.2	15.4	-999.9	0.0	2.2	97351.0	-999.9
Ntarla	2014	8	14	226	22.9	28.9	19.2	-999.9	0.0	2.5	97516.2	-999.9
Ntarla	2014	8	15	227	23.0	29.5	18.7	-999.9	0.0	2.2	97564.5	-999.9
Ntarla	2014	8	16	228	23.2	27.8	13.1	-999.9	12.3	2.0	97416.4	-999.9
Ntarla	2014	8	17	229	21.9	25.2	9.3	-999.9	18.4	1.7	97303.5	-999.9
Ntarla	2014	8	18	230	21.9	28.6	19.3	-999.9	0.0	2.2	97486.6	-999.9
Ntarla	2014	8	19	231	21.8	29.2	20.0	-999.9	6.1	1.9	97576.4	-999.9
Ntarla	2014	8	20	232	22.4	28.7	14.4	-999.9	18.4	1.7	97484.5	-999.9
Ntarla	2014	8	21	233	21.7	28.8	20.0	-999.9	0.0	1.3	97495.9	-999.9
Ntarla	2014	8	22	234	22.5	29.2	17.6	-999.9	12.8	2.3	97490.2	-999.9
Ntarla	2014	8	23	235	22.2	28.2	18.0	-999.9	25.7	2.4	97517.5	-999.9
Ntarla	2014	8	24	236	22.3	29.2	17.1	-999.9	12.8	1.2	97479.9	-999.9
Ntarla	2014	8	25	237	22.5	30.5	20.7	-999.9	0.0	1.2	97446.1	-999.9
Ntarla	2014	8	26	238	22.7	30.5	21.6	-999.9	13.3	2.1	97375.7	-999.9
Ntarla	2014	8	27	239	23.0	29.1	16.5	-999.9	6.6	2.0	97408.0	-999.9
Ntarla	2014	8	28	240	22.0	29.2	17.7	-999.9	0.0	2.1	97517.2	-999.9
Ntarla	2014	8	29	241	21.9	31.2	23.9	-999.9	0.0	1.9	97377.9	-999.9
Ntarla	2014	8	30	242	24.1	31.6	22.0	-999.9	6.6	2.8	97285.5	-999.9
Ntarla	2014	8	31	243	22.8	30.0	16.2	-999.9	13.3	2.7	97358.9	-999.9
Ntarla	2014	9	1	244	22.6	29.5	16.9	-999.9	20.1	2.1	97422.2	-999.9
Ntarla	2014	9	2	245	22.2	28.7	15.7	-999.9	0.0	1.6	97396.3	-999.9
Ntarla	2014	9	3	246	22.2	28.3	14.7	-999.9	0.0	2.1	97415.5	-999.9
Ntarla	2014	9	4	247	22.0	29.7	18.4	-999.9	0.0	1.9	97463.5	-999.9
Ntarla	2014	9	5	248	22.3	29.8	16.5	-999.9	10.1	1.6	97363.1	-999.9
Ntarla	2014	9	6	249	21.9	26.2	11.5	-999.9	0.0	1.6	97309.8	-999.9
Ntarla	2014	9	7	250	21.5	29.2	20.9	-999.9	0.0	1.6	97488.3	-999.9
Ntarla	2014	9	8	251	21.6	29.5	21.3	-999.9	0.0	1.7	97640.5	-999.9
Ntarla	2014	9	9	252	22.5	30.3	22.2	-999.9	12.5	1.4	97500.4	-999.9
Ntarla	2014	9	10	253	22.0	29.5	20.4	-999.9	0.0	1.4	97382.3	-999.9
Ntarla	2014	9	11	254	21.8	29.5	20.9	-999.9	26.9	1.6	97448.1	-999.9
Ntarla	2014	9	12	255	22.0	30.7	23.0	-999.9	0.0	1.3	97382.1	-999.9
Ntarla	2014	9	13	256	23.3	30.6	19.7	-999.9	0.0	1.2	97358.0	-999.9
Ntarla	2014	9	14	257	22.7	30.4	22.8	-999.9	0.0	1.6	97460.8	-999.9
Ntarla	2014	9	15	258	23.0	28.4	15.1	-999.9	0.0	1.2	97464.7	-999.9
Ntarla	2014	9	16	259	21.3	30.5	23.2	-999.9	7.3	1.4	97458.9	-999.9
Ntarla	2014	9	17	260	22.9	29.1	19.3	-999.9	0.0	1.5	97438.4	-999.9
Ntarla	2014	9	18	261	23.3	30.1	21.8	-999.9	7.3	1.9	97345.2	-999.9
Ntarla	2014	9	19	262	21.2	28.0	15.1	-999.9	7.3	1.5	97462.1	-999.9
Ntarla	2014	9	20	263	21.3	29.4	21.5	-999.9	0.0	1.0	97551.1	-999.9
Ntarla	2014	9	21	264	23.2	30.6	22.0	-999.9	10.3	1.3	97490.0	-999.9
Ntarla	2014	9	22	265	22.8	30.5	22.3	-999.9	5.1	1.2	97443.6	-999.9
Ntarla	2014	9	23	266	22.6	30.4	22.7	-999.9	0.0	1.7	97430.9	-999.9
Ntarla	2014	9	24	267	23.4	28.9	17.4	-999.9	10.3	1.6	97469.1	-999.9
Ntarla	2014	9	25	268	21.5	30.8	23.5	-999.9	0.0	1.2	97493.2	-999.9
Ntarla	2014	9	26	269	21.7	30.4	23.0	-999.9	9.2	1.7	97514.9	-999.9
Ntarla	2014	9	27	270	22.8	31.5	22.7	-999.9	18.4	2.0	97461.0	-999.9
Ntarla	2014	9	28	271	22.2	29.9	16.4	-999.9	0.0	1.6	97459.0	-999.9
Ntarla	2014	9	29	272	22.6	31.8	23.9	-999.9	0.0	1.6	97462.1	-999.9
Ntarla	2014	9	30	273	22.7	30.6	20.6	-999.9	18.4	1.6	97351.3	-999.9
Ntarla	2014	10	1	274	22.2	29.5	18.4	-999.9	13.9	1.6	97368.2	-999.9
Ntarla	2014	10	2	275	22.1	28.1	16.6	-999.9	13.9	1.3	97510.9	-999.9
Ntarla	2014	10	3	276	21.6	28.6	18.0	-999.9	0.0	1.3	97558.2	-999.9
Ntarla	2014	10	4	277	21.6	30.9	23.0	-999.9	0.0	1.1	97396.2	-999.9
Ntarla	2014	10	5	278	22.3	31.3	22.9	-999.9	0.0	1.3	97353.5	-999.9
Ntarla	2014	10	6	279	22.2	30.9	22.3	-999.9	0.0	1.4	97437.0	-999.9
Ntarla	2014	10	7	280	22.1	31.3	22.1	-999.9	21.5	1.1	97425.4	-999.9
Ntarla	2014	10	8	281	22.6	31.3	22.0	-999.9	0.0	1.1	97407.1	-999.9
Ntarla	2014	10	9	282	23.4	32.0	21.3	-999.9	0.0	1.3	97282.9	-999.9
Ntarla	2014	10	10	283	22.9	32.5	23.3	-999.9	0.0	1.4	97274.4	-999.9
Ntarla	2014	10	11	284	22.6	33.2	22.8	-999.9	0.0	1.7	97239.4	-999.9
Ntarla	2014	10	12	285	22.8	32.2	22.7	-999.9	11.5	1.7	97324.2	-999.9
Ntarla	2014	10	13	286	23.3	30.9	20.9	-999.9	5.7	1.4	97478.7	-999.9
Ntarla	2014	10	14	287	22.9	31.5	21.7	-999.9	0.0	1.4	97515.1	-999.9
Ntarla	2014	10	15	288	23.2	32.3	21.9	-999.9	0.0	1.4	97470.5	-999.9
Ntarla	2014	10	16	289	22.2	33.5	23.3	-999.9	0.0	1.7	97380.7	-999.9
Ntarla	2014	10	17	290	21.5	34.3	22.8	-999.9	0.0	1.6	97253.3	-999.9
Ntarla	2014	10	18	291	20.8	33.5	22.5	-999.9	0.0	2.0	97256.5	-999.9
Ntarla	2014	10	19	292	22.4	32.2	21.3	-999.9	0.0	1.9	97331.0	-999.9
Ntarla	2014	10	20	293	22.6	31.9	19.7	-999.9	0.0	1.5	97444.5	-999.9
Ntarla	2014	10	21	294	23.3	33.6	21.5	-999.9	0.0	1.4	97447.2	-999.9
Ntarla	2014	10	22	295	21.3	34.4	21.6	-999.9	0.0	1.7	97361.5	-999.9
Ntarla	2014	10	23	296	20.2	33.2	22.0	-999.9	0.0	1.5	97349.8	-999.9
Ntarla	2014	10	24	297	21.5	32.5	20.1	-999.9	0.0	1.6	97331.4	-999.9
Ntarla	2014	10	25	298	22.6	33.1	20.8	-999.9	0.0	1.2	97328.4	-999.9
Ntarla	2014	10	26	299	23.0	33.5	20.3	-999.9	0.0	1.2	97336.5	-999.9
Ntarla	2014	10	27	300	24.5	33.9	21.0	-999.9	0.0	1.6	97366.4	-999.9
Ntarla	2014	10	28	301	24.4	34.1	21.5	-999.9	0.0	1.4	97246.6	-999.9
Ntarla	2014	10	29	302	23.4	33.5	21.0	-999.9	12.4	1.7	97152.4	-999.9
Ntarla	2014	10	30	303	23.5	33.6	20.2	-999.9	0.0	1.7	97300.9	-999.9
Ntarla	2014	10	31	304	22.7	34.6	21.7	-999.9	0.0	1.7	97289.6	-999.9
Ntarla	2014	11	1	305	22.9	34.1	20.8	-999.9	0.0	1.8	97239.5	-999.9
Ntarla	2014	11	2	306	22.6	33.5	20.9	-999.9	0.0	1.3	97213.1	-999.9
Ntarla	2014	11	3	307	21.5	33.9	20.7	-999.9	0.0	1.5	97242.0	-999.9
Ntarla	2014	11	4	308	21.1	33.9	21.5	-999.9	0.0	1.3	97452.8	-999.9
Ntarla	2014	11	5	309	20.3	34.4	22.0	-999.9	0.0	1.6	97502.2	-999.9
Ntarla	2014	11	6	310	21.2	33.0	19.1	-999.9	0.0	1.5	97559.1	-999.9
Ntarla	2014	11	7	311	21.9	35.1	21.8	-999.9	0.0	2.1	97419.7	-999.9
Ntarla	2014	11	8	312	21.0	34.9	21.8	-999.9	0.0	2.1	97396.6	-999.9
Ntarla	2014	11	9	313	21.2	34.7	22.0	-999.9	0.0	2.0	97308.7	-999.9
Ntarla	2014	11	10	314	19.9	33.0	22.0	-999.9	0.0	1.9	97228.2	-999.9
Ntarla	2014	11	11	315	18.2	33.4	21.9	-999.9	0.0	1.6	97251.1	-999.9
Ntarla	2014	11	12	316	19.9	34.4	21.7	-999.9	0.0	1.9	97277.0	-999.9
Ntarla	2014	11	13	317	21.3	35.0	20.8	-999.9	0.0	2.0	97241.8	-999.9
Ntarla	2014	11	14	318	19.7	34.3	21.8	-999.9	0.0	1.4	97242.4	-999.9
Ntarla	2014	11	15	319	19.2	33.9	21.2	-999.9	0.0	1.3	97247.3	-999.9
Ntarla	2014	11	16	320	20.3	33.7	19.1	-999.9	0.0	1.3	97185.2	-999.9
Ntarla	2014	11	17	321	20.4	34.3	20.9	-999.9	0.0	1.3	97116.0	-999.9
Ntarla	2014	11	18	322	22.2	33.3	19.6	-999.9	0.0	1.9	97218.6	-999.9
Ntarla	2014	11	19	323	23.8	33.7	19.6	-999.9	0.0	1.7	97361.5	-999.9
Ntarla	2014	11	20	324	22.4	31.8	19.5	-999.9	0.0	1.9	97393.0	-999.9
Ntarla	2014	11	21	325	20.8	30.6	17.6	-999.9	0.0	1.4	97431.1	-999.9
Ntarla	2014	11	22	326	21.0	33.1	20.5	-999.9	0.0	1.2	97398.9	-999.9
Ntarla	2014	11	23	327	21.0	33.7	19.8	-999.9	0.0	1.4	97416.8	-999.9
Ntarla	2014	11	24	328	17.7	34.0	21.1	-999.9	0.0	1.7	97410.3	-999.9
Ntarla	2014	11	25	329	18.2	34.2	21.3	-999.9	0.0	1.8	97391.1	-999.9
Ntarla	2014	11	26	330	17.3	33.6	21.0	-999.9	0.0	1.6	97303.5	-999.9
Ntarla	2014	11	27	331	18.2	33.5	20.9	-999.9	0.0	1.2	97270.8	-999.9
Ntarla	2014	11	28	332	18.2	33.7	20.6	-999.9	0.0	1.4	97225.0	-999.9
Ntarla	2014	11	29	333	22.1	33.4	16.7	-999.9	0.0	1.6	97222.8	-999.9
Ntarla	2014	11	30	334	23.6	30.8	13.3	-999.9	0.0	1.3	97361.8	-999.9
Ntarla	2014	12	1	335	21.9	32.3	17.2	-999.9	0.0	1.1	97304.1	-999.9
Ntarla	2014	12	2	336	22.0	33.0	18.6	-999.9	0.0	1.5	97264.2	-999.9
Ntarla	2014	12	3	337	21.0	34.5	20.1	-999.9	0.0	2.1	97207.9	-999.9
Ntarla	2014	12	4	338	21.1	34.5	20.4	-999.9	0.0	2.5	97304.3	-999.9
Ntarla	2014	12	5	339	19.8	33.9	20.6	-999.9	0.0	2.6	97423.3	-999.9
Ntarla	2014	12	6	340	17.8	33.6	20.7	-999.9	0.0	2.0	97408.7	-999.9
Ntarla	2014	12	7	341	20.0	34.6	20.4	-999.9	0.0	2.2	97356.7	-999.9
Ntarla	2014	12	8	342	20.1	34.8	20.5	-999.9	0.0	2.3	97300.6	-999.9
Ntarla	2014	12	9	343	18.6	33.5	20.5	-999.9	0.0	2.3	97346.2	-999.9
Ntarla	2014	12	10	344	18.1	32.3	20.7	-999.9	0.0	2.6	97427.8	-999.9
Ntarla	2014	12	11	345	16.8	30.3	20.8	-999.9	0.0	2.6	97561.7	-999.9
Ntarla	2014	12	12	346	14.6	29.2	20.8	-999.9	0.0	2.1	97514.4	-999.9
Ntarla	2014	12	13	347	14.8	30.5	20.7	-999.9	0.0	1.8	97482.5	-999.9
Ntarla	2014	12	14	348	16.0	32.3	20.2	-999.9	0.0	1.8	97528.4	-999.9
Ntarla	2014	12	15	349	18.7	32.7	19.8	-999.9	0.0	2.1	97549.4	-999.9
Ntarla	2014	12	16	350	20.9	29.0	14.0	-999.9	0.0	2.3	97596.1	-999.9
Ntarla	2014	12	17	351	19.8	31.4	19.7	-999.9	0.0	2.2	97541.1	-999.9
Ntarla	2014	12	18	352	18.3	31.2	20.0	-999.9	0.0	2.6	97556.6	-999.9
Ntarla	2014	12	19	353	17.7	30.7	20.0	-999.9	0.0	2.7	97646.5	-999.9
Ntarla	2014	12	20	354	16.7	30.2	20.2	-999.9	0.0	2.2	97663.3	-999.9
Ntarla	2014	12	21	355	15.6	30.9	20.3	-999.9	0.0	1.9	97604.4	-999.9
Ntarla	2014	12	22	356	15.7	32.6	20.3	-999.9	0.0	1.9	97477.1	-999.9
Ntarla	2014	12	23	357	17.9	33.4	20.1	-999.9	0.0	2.4	97565.8	-999.9
Ntarla	2014	12	24	358	18.7	32.3	20.4	-999.9	0.0	2.7	97658.1	-999.9
Ntarla	2014	12	25	359	17.9	31.1	20.4	-999.9	0.0	2.7	97843.6	-999.9
Ntarla	2014	12	26	360	16.4	30.2	20.5	-999.9	0.0	2.5	97740.8	-999.9
Ntarla	2014	12	27	361	15.2	28.2	20.6	-999.9	0.0	2.7	97693.8	-999.9
Ntarla	2014	12	28	362	13.8	27.1	20.7	-999.9	0.0	2.5	97755.9	-999.9
Ntarla	2014	12	29	363	13.3	29.0	20.7	-999.9	0.0	2.3	97777.1	-999.9
Ntarla	2014	12	30	364	13.3	29.7	20.6	-999.9	0.0	2.2	97747.0	-999.9
Ntarla	2014	12	31	365	14.1	28.9	20.7	-999.9	0.0	2.4	97716.4	-999.9
