Ntarla	1989	1	1	1	16.1	28.2	20.7	-999.9	0.0	2.8	97702.4	-999.9
Ntarla	1989	1	2	2	14.1	27.4	20.9	-999.9	0.0	2.7	97726.1	-999.9
Ntarla	1989	1	3	3	13.3	26.9	21.0	-999.9	0.0	2.6	97841.2	-999.9
Ntarla	1989	1	4	4	13.2	26.8	21.1	-999.9	0.0	3.0	97895.3	-999.9
Ntarla	1989	1	5	5	12.8	26.5	21.1	-999.9	0.0	2.9	97892.6	-999.9
Ntarla	1989	1	6	6	12.5	26.3	21.1	-999.9	0.0	2.9	97756.1	-999.9
Ntarla	1989	1	7	7	12.2	27.1	20.7	-999.9	0.0	2.4	97521.0	-999.9
Ntarla	1989	1	8	8	13.7	29.7	20.5	-999.9	0.0	2.2	97385.9	-999.9
Ntarla	1989	1	9	9	15.9	31.5	20.6	-999.9	0.0	2.2	97462.2	-999.9
Ntarla	1989	1	10	10	16.0	31.4	20.9	-999.9	0.0	2.5	97480.4	-999.9
Ntarla	1989	1	11	11	16.3	32.2	21.3	-999.9	0.0	2.5	97411.9	-999.9
Ntarla	1989	1	12	12	15.1	32.6	21.3	-999.9	0.0	2.1	97440.0	-999.9
Ntarla	1989	1	13	13	15.6	33.7	21.3	-999.9	0.0	2.0	97502.9	-999.9
Ntarla	1989	1	14	14	15.9	34.0	21.3	-999.9	0.0	2.0	97556.6	-999.9
Ntarla	1989	1	15	15	15.8	33.3	21.4	-999.9	0.0	1.8	97497.9	-999.9
Ntarla	1989	1	16	16	16.3	33.0	21.4	-999.9	0.0	2.0	97541.7	-999.9
Ntarla	1989	1	17	17	16.5	33.6	21.4	-999.9	0.0	2.0	97536.9	-999.9
Ntarla	1989	1	18	18	16.8	33.8	21.3	-999.9	0.0	2.1	97415.7	-999.9
Ntarla	1989	1	19	19	17.2	33.8	21.5	-999.9	0.0	2.2	97363.6	-999.9
Ntarla	1989	1	20	20	17.6	33.6	21.7	-999.9	0.0	2.3	97417.6	-999.9
Ntarla	1989	1	21	21	17.2	33.3	21.8	-999.9	0.0	2.2	97459.9	-999.9
Ntarla	1989	1	22	22	17.8	33.0	21.7	-999.9	0.0	2.8	97442.5	-999.9
Ntarla	1989	1	23	23	17.2	30.8	22.2	-999.9	0.0	2.7	97431.4	-999.9
Ntarla	1989	1	24	24	15.6	31.6	22.0	-999.9	0.0	2.3	97401.7	-999.9
Ntarla	1989	1	25	25	18.2	33.5	21.6	-999.9	0.0	2.4	97400.2	-999.9
Ntarla	1989	1	26	26	17.5	32.9	22.0	-999.9	0.0	2.9	97436.8	-999.9
Ntarla	1989	1	27	27	17.4	33.2	22.1	-999.9	0.0	2.6	97446.6	-999.9
Ntarla	1989	1	28	28	17.6	33.2	22.1	-999.9	0.0	2.6	97396.2	-999.9
Ntarla	1989	1	29	29	17.3	33.1	22.1	-999.9	0.0	2.7	97370.6	-999.9
Ntarla	1989	1	30	30	17.8	33.2	22.1	-999.9	0.0	2.6	97383.6	-999.9
Ntarla	1989	1	31	31	18.8	33.9	21.8	-999.9	0.0	2.7	97444.0	-999.9
Ntarla	1989	2	1	32	19.7	33.7	21.9	-999.9	0.0	3.2	97501.1	-999.9
Ntarla	1989	2	2	33	18.7	32.4	22.1	-999.9	0.0	3.0	97528.7	-999.9
Ntarla	1989	2	3	34	17.7	31.1	22.3	-999.9	0.0	2.9	97554.9	-999.9
Ntarla	1989	2	4	35	16.8	30.9	22.4	-999.9	0.0	2.6	97581.4	-999.9
Ntarla	1989	2	5	36	16.4	30.9	22.4	-999.9	0.0	2.4	97535.0	-999.9
Ntarla	1989	2	6	37	17.0	32.1	22.4	-999.9	0.0	2.4	97385.4	-999.9
Ntarla	1989	2	7	38	17.8	33.5	22.5	-999.9	0.0	2.3	97324.5	-999.9
Ntarla	1989	2	8	39	18.8	34.5	22.5	-999.9	0.0	2.0	97390.9	-999.9
Ntarla	1989	2	9	40	18.7	34.9	22.5	-999.9	0.0	2.2	97484.1	-999.9
Ntarla	1989	2	10	41	19.7	34.3	22.5	-999.9	0.0	2.6	97507.2	-999.9
Ntarla	1989	2	11	42	19.6	34.3	22.6	-999.9	0.0	2.4	97319.6	-999.9
Ntarla	1989	2	12	43	18.9	35.1	22.6	-999.9	0.0	2.6	97152.0	-999.9
Ntarla	1989	2	13	44	20.8	35.2	20.9	-999.9	0.0	2.3	97200.8	-999.9
Ntarla	1989	2	14	45	22.1	35.5	22.0	-999.9	0.0	2.4	97291.7	-999.9
Ntarla	1989	2	15	46	21.5	34.4	22.4	-999.9	0.0	3.0	97234.2	-999.9
Ntarla	1989	2	16	47	20.6	34.5	23.0	-999.9	0.0	2.8	97164.1	-999.9
Ntarla	1989	2	17	48	20.4	34.4	23.1	-999.9	0.0	2.9	97256.2	-999.9
Ntarla	1989	2	18	49	20.6	34.7	23.2	-999.9	0.0	3.0	97375.5	-999.9
Ntarla	1989	2	19	50	20.5	33.6	23.3	-999.9	0.0	3.2	97579.2	-999.9
Ntarla	1989	2	20	51	19.3	32.0	23.7	-999.9	0.0	3.2	97656.0	-999.9
Ntarla	1989	2	21	52	17.1	31.9	23.8	-999.9	0.0	2.6	97566.0	-999.9
Ntarla	1989	2	22	53	16.9	32.7	24.0	-999.9	0.0	2.2	97484.3	-999.9
Ntarla	1989	2	23	54	17.2	34.0	23.9	-999.9	0.0	1.9	97423.3	-999.9
Ntarla	1989	2	24	55	17.3	35.0	23.9	-999.9	0.0	1.8	97389.8	-999.9
Ntarla	1989	2	25	56	19.3	35.7	23.8	-999.9	0.0	2.3	97376.3	-999.9
Ntarla	1989	2	26	57	19.9	36.4	23.9	-999.9	0.0	2.3	97399.0	-999.9
Ntarla	1989	2	27	58	20.7	36.4	24.0	-999.9	0.0	2.4	97411.1	-999.9
Ntarla	1989	2	28	59	21.2	37.2	24.0	-999.9	0.7	2.3	97235.8	-999.9
Ntarla	1989	3	1	60	22.5	38.2	24.0	-999.9	0.0	2.6	97164.6	-999.9
Ntarla	1989	3	2	61	22.4	38.4	24.1	-999.9	0.0	2.6	97164.4	-999.9
Ntarla	1989	3	3	62	22.9	38.8	24.6	-999.9	0.0	3.0	97173.0	-999.9
Ntarla	1989	3	4	63	23.3	38.0	24.8	-999.9	0.0	2.8	97019.2	-999.9
Ntarla	1989	3	5	64	21.6	37.8	25.0	-999.9	0.0	2.2	96931.9	-999.9
Ntarla	1989	3	6	65	21.4	37.6	25.0	-999.9	0.0	2.3	96932.2	-999.9
Ntarla	1989	3	7	66	20.5	37.3	25.1	-999.9	0.0	1.9	96923.8	-999.9
Ntarla	1989	3	8	67	20.6	37.4	24.9	-999.9	0.0	2.0	96973.0	-999.9
Ntarla	1989	3	9	68	21.6	36.9	24.9	-999.9	0.0	2.2	97037.0	-999.9
Ntarla	1989	3	10	69	22.0	37.7	24.9	-999.9	0.0	1.9	96951.8	-999.9
Ntarla	1989	3	11	70	20.7	37.2	25.0	-999.9	0.0	1.8	96963.4	-999.9
Ntarla	1989	3	12	71	19.8	37.9	25.1	-999.9	0.0	1.8	96935.2	-999.9
Ntarla	1989	3	13	72	23.9	36.4	21.7	-999.9	0.0	2.4	97046.4	-999.9
Ntarla	1989	3	14	73	25.0	35.4	20.9	-999.9	2.0	2.0	96989.5	-999.9
Ntarla	1989	3	15	74	25.0	34.5	19.2	-999.9	0.0	1.4	96883.8	-999.9
Ntarla	1989	3	16	75	23.4	34.7	21.7	-999.9	0.0	1.9	97012.5	-999.9
Ntarla	1989	3	17	76	24.6	34.7	19.8	-999.9	3.3	1.3	97052.1	-999.9
Ntarla	1989	3	18	77	23.7	35.4	22.1	-999.9	0.0	2.1	97103.7	-999.9
Ntarla	1989	3	19	78	23.0	34.6	23.3	-999.9	0.0	1.7	97130.1	-999.9
Ntarla	1989	3	20	79	22.0	34.2	23.0	-999.9	0.0	1.6	97117.4	-999.9
Ntarla	1989	3	21	80	21.9	36.0	24.8	-999.9	0.0	2.1	97056.6	-999.9
Ntarla	1989	3	22	81	21.9	36.3	22.8	-999.9	0.0	2.4	97120.8	-999.9
Ntarla	1989	3	23	82	24.0	36.1	25.2	-999.9	0.0	3.1	97225.3	-999.9
Ntarla	1989	3	24	83	21.8	34.8	25.6	-999.9	0.0	2.8	97256.7	-999.9
Ntarla	1989	3	25	84	21.0	34.7	25.7	-999.9	0.0	2.7	97238.6	-999.9
Ntarla	1989	3	26	85	20.4	34.8	26.0	-999.9	0.0	2.3	97245.6	-999.9
Ntarla	1989	3	27	86	20.2	36.1	25.7	-999.9	0.0	1.9	97253.7	-999.9
Ntarla	1989	3	28	87	21.3	37.0	26.0	-999.9	0.0	2.6	97129.5	-999.9
Ntarla	1989	3	29	88	21.8	36.9	25.5	-999.9	0.0	2.4	96994.3	-999.9
Ntarla	1989	3	30	89	20.5	37.1	25.8	-999.9	0.0	1.9	96978.2	-999.9
Ntarla	1989	3	31	90	24.3	36.7	23.0	-999.9	0.0	1.6	97076.4	-999.9
Ntarla	1989	4	1	91	24.3	37.4	21.9	-999.9	5.1	1.8	97158.4	-999.9
Ntarla	1989	4	2	92	25.6	37.5	23.4	-999.9	0.0	1.8	97075.5	-999.9
Ntarla	1989	4	3	93	25.4	38.6	24.6	-999.9	0.0	1.5	96926.4	-999.9
Ntarla	1989	4	4	94	24.3	39.3	25.4	-999.9	0.0	1.9	96959.5	-999.9
Ntarla	1989	4	5	95	25.1	39.1	25.2	-999.9	0.0	1.7	97082.0	-999.9
Ntarla	1989	4	6	96	22.8	39.2	25.9	-999.9	0.0	2.3	97061.4	-999.9
Ntarla	1989	4	7	97	22.5	39.5	26.4	-999.9	0.0	1.7	96978.2	-999.9
Ntarla	1989	4	8	98	24.0	39.8	25.9	-999.9	0.0	1.9	97012.7	-999.9
Ntarla	1989	4	9	99	22.6	39.9	26.2	-999.9	0.0	1.7	96917.6	-999.9
Ntarla	1989	4	10	100	26.3	39.1	23.5	-999.9	0.0	1.6	96872.9	-999.9
Ntarla	1989	4	11	101	24.5	39.2	26.1	-999.9	0.0	2.1	96903.5	-999.9
Ntarla	1989	4	12	102	22.9	39.0	26.2	-999.9	0.0	1.5	96928.8	-999.9
Ntarla	1989	4	13	103	22.2	39.9	26.5	-999.9	0.0	2.3	96834.7	-999.9
Ntarla	1989	4	14	104	23.1	38.8	25.1	-999.9	0.0	2.1	96877.6	-999.9
Ntarla	1989	4	15	105	26.5	39.1	24.6	-999.9	0.0	2.1	96939.8	-999.9
Ntarla	1989	4	16	106	26.8	38.4	23.6	-999.9	0.0	2.5	96893.9	-999.9
Ntarla	1989	4	17	107	26.0	39.1	25.4	-999.9	0.0	2.0	96779.8	-999.9
Ntarla	1989	4	18	108	27.1	39.4	23.3	-999.9	0.0	2.2	96770.7	-999.9
Ntarla	1989	4	19	109	26.8	36.0	13.3	-999.9	0.0	2.3	97025.3	-999.9
Ntarla	1989	4	20	110	25.4	38.1	19.9	-999.9	3.6	1.7	97018.1	-999.9
Ntarla	1989	4	21	111	28.4	38.9	19.7	-999.9	0.0	2.1	96968.2	-999.9
Ntarla	1989	4	22	112	25.7	39.2	23.9	-999.9	0.0	1.8	96996.0	-999.9
Ntarla	1989	4	23	113	26.9	39.0	23.6	-999.9	0.0	1.7	96930.2	-999.9
Ntarla	1989	4	24	114	27.2	37.2	23.6	-999.9	4.7	3.2	97053.3	-999.9
Ntarla	1989	4	25	115	25.0	38.1	23.2	-999.9	0.0	2.2	97082.9	-999.9
Ntarla	1989	4	26	116	26.7	38.9	23.0	-999.9	0.0	1.6	97088.3	-999.9
Ntarla	1989	4	27	117	26.2	39.1	24.3	-999.9	0.0	3.2	97110.6	-999.9
Ntarla	1989	4	28	118	26.9	39.9	25.2	-999.9	0.0	3.1	97028.3	-999.9
Ntarla	1989	4	29	119	26.0	39.6	26.4	-999.9	0.0	2.2	96963.4	-999.9
Ntarla	1989	4	30	120	24.5	39.3	26.5	-999.9	0.0	1.7	96936.8	-999.9
Ntarla	1989	5	1	121	24.5	38.8	24.7	-999.9	0.0	2.0	97019.9	-999.9
Ntarla	1989	5	2	122	27.6	39.2	24.9	-999.9	0.0	1.8	97005.2	-999.9
Ntarla	1989	5	3	123	26.9	39.3	24.8	-999.9	0.0	2.0	96891.4	-999.9
Ntarla	1989	5	4	124	26.8	39.4	23.4	-999.9	0.0	2.2	96813.3	-999.9
Ntarla	1989	5	5	125	27.4	39.7	24.8	-999.9	0.0	2.4	96935.7	-999.9
Ntarla	1989	5	6	126	26.3	40.0	24.8	-999.9	0.0	2.5	97093.6	-999.9
Ntarla	1989	5	7	127	27.0	39.7	24.8	-999.9	0.0	2.1	97082.0	-999.9
Ntarla	1989	5	8	128	27.1	39.8	25.3	-999.9	0.0	2.5	97044.7	-999.9
Ntarla	1989	5	9	129	26.2	37.9	23.1	-999.9	0.0	2.3	97106.0	-999.9
Ntarla	1989	5	10	130	27.3	38.2	23.6	-999.9	0.0	2.3	97108.5	-999.9
Ntarla	1989	5	11	131	26.7	37.9	23.7	-999.9	0.0	2.2	97211.2	-999.9
Ntarla	1989	5	12	132	27.0	38.1	24.2	-999.9	0.0	2.2	97247.3	-999.9
Ntarla	1989	5	13	133	27.3	38.0	24.6	-999.9	0.0	2.6	97240.1	-999.9
Ntarla	1989	5	14	134	26.5	38.1	24.3	-999.9	0.0	2.6	97295.3	-999.9
Ntarla	1989	5	15	135	26.6	38.3	23.9	-999.9	0.0	2.5	97255.8	-999.9
Ntarla	1989	5	16	136	27.3	38.3	23.5	-999.9	0.0	2.3	97290.1	-999.9
Ntarla	1989	5	17	137	27.5	39.1	23.7	-999.9	0.0	2.9	97195.5	-999.9
Ntarla	1989	5	18	138	27.4	38.0	24.6	-999.9	0.0	3.1	97215.7	-999.9
Ntarla	1989	5	19	139	27.3	38.1	24.3	-999.9	3.9	2.5	97250.5	-999.9
Ntarla	1989	5	20	140	27.4	36.4	23.2	-999.9	2.6	2.1	97378.6	-999.9
Ntarla	1989	5	21	141	26.3	36.8	24.1	-999.9	5.6	1.9	97329.2	-999.9
Ntarla	1989	5	22	142	27.3	37.2	22.9	-999.9	5.6	2.1	97169.4	-999.9
Ntarla	1989	5	23	143	27.0	35.2	21.6	-999.9	0.0	2.2	97179.9	-999.9
Ntarla	1989	5	24	144	26.5	37.3	23.0	-999.9	6.4	1.9	97206.8	-999.9
Ntarla	1989	5	25	145	26.0	33.8	18.0	-999.9	0.0	1.7	97343.7	-999.9
Ntarla	1989	5	26	146	26.9	38.1	22.3	-999.9	0.0	2.2	97208.3	-999.9
Ntarla	1989	5	27	147	28.3	39.2	23.4	-999.9	0.0	2.3	97123.9	-999.9
Ntarla	1989	5	28	148	26.8	36.5	21.7	-999.9	8.2	1.3	97273.3	-999.9
Ntarla	1989	5	29	149	26.8	36.9	23.6	-999.9	0.0	1.7	97279.4	-999.9
Ntarla	1989	5	30	150	27.5	38.3	23.7	-999.9	0.0	1.7	97250.5	-999.9
Ntarla	1989	5	31	151	28.1	39.9	24.4	-999.9	0.0	2.3	97285.0	-999.9
Ntarla	1989	6	1	152	28.1	39.1	23.1	-999.9	0.0	2.5	97292.8	-999.9
Ntarla	1989	6	2	153	27.2	37.9	23.7	-999.9	0.0	1.9	97209.6	-999.9
Ntarla	1989	6	3	154	26.5	39.6	25.0	-999.9	10.7	2.4	97126.5	-999.9
Ntarla	1989	6	4	155	26.4	37.8	23.2	-999.9	10.7	2.3	97184.5	-999.9
Ntarla	1989	6	5	156	27.1	38.7	23.8	-999.9	3.6	2.0	97221.4	-999.9
Ntarla	1989	6	6	157	26.7	38.5	24.3	-999.9	0.0	2.1	97156.8	-999.9
Ntarla	1989	6	7	158	27.3	37.0	23.3	-999.9	0.0	2.5	97185.6	-999.9
Ntarla	1989	6	8	159	26.7	39.8	24.2	-999.9	0.0	2.5	97091.9	-999.9
Ntarla	1989	6	9	160	26.6	37.0	24.0	-999.9	0.0	3.3	97218.4	-999.9
Ntarla	1989	6	10	161	26.0	34.6	21.6	-999.9	15.8	2.7	97406.9	-999.9
Ntarla	1989	6	11	162	24.5	34.1	23.4	-999.9	0.0	1.9	97471.4	-999.9
Ntarla	1989	6	12	163	26.0	34.3	21.6	-999.9	7.6	2.2	97347.3	-999.9
Ntarla	1989	6	13	164	25.4	32.1	18.3	-999.9	0.0	2.8	97275.7	-999.9
Ntarla	1989	6	14	165	24.0	34.9	23.9	-999.9	0.0	2.1	97275.5	-999.9
Ntarla	1989	6	15	166	25.4	35.7	23.7	-999.9	0.0	2.4	97417.1	-999.9
Ntarla	1989	6	16	167	25.5	36.2	23.1	-999.9	0.0	1.6	97506.3	-999.9
Ntarla	1989	6	17	168	25.6	35.7	21.8	-999.9	0.0	1.7	97427.0	-999.9
Ntarla	1989	6	18	169	24.5	35.1	23.2	-999.9	33.2	2.1	97413.8	-999.9
Ntarla	1989	6	19	170	24.7	36.2	24.3	-999.9	0.0	2.1	97425.5	-999.9
Ntarla	1989	6	20	171	24.3	33.6	23.2	-999.9	0.0	2.4	97375.0	-999.9
Ntarla	1989	6	21	172	25.0	32.4	22.5	-999.9	7.9	2.5	97303.3	-999.9
Ntarla	1989	6	22	173	24.2	31.3	19.2	-999.9	3.6	1.8	97330.1	-999.9
Ntarla	1989	6	23	174	23.1	30.2	19.2	-999.9	9.2	2.1	97484.7	-999.9
Ntarla	1989	6	24	175	23.6	30.9	19.9	-999.9	0.0	2.0	97471.1	-999.9
Ntarla	1989	6	25	176	24.3	30.3	17.9	-999.9	2.4	2.5	97273.8	-999.9
Ntarla	1989	6	26	177	23.8	31.9	24.0	-999.9	0.0	2.0	97401.1	-999.9
Ntarla	1989	6	27	178	23.3	32.1	20.5	-999.9	4.1	2.2	97418.5	-999.9
Ntarla	1989	6	28	179	23.2	31.6	18.1	-999.9	0.0	2.1	97267.8	-999.9
Ntarla	1989	6	29	180	22.8	28.8	12.5	-999.9	0.0	2.4	97335.1	-999.9
Ntarla	1989	6	30	181	22.8	29.5	18.1	-999.9	8.3	2.3	97521.3	-999.9
Ntarla	1989	7	1	182	22.2	31.1	20.4	-999.9	16.5	2.0	97537.4	-999.9
Ntarla	1989	7	2	183	22.9	28.2	15.1	-999.9	8.2	1.3	97444.8	-999.9
Ntarla	1989	7	3	184	21.1	30.2	20.1	-999.9	0.0	1.8	97407.2	-999.9
Ntarla	1989	7	4	185	22.0	31.8	24.1	-999.9	9.4	1.5	97369.1	-999.9
Ntarla	1989	7	5	186	22.6	30.7	20.7	-999.9	9.4	1.5	97466.4	-999.9
Ntarla	1989	7	6	187	23.2	30.5	22.5	-999.9	9.0	1.8	97613.1	-999.9
Ntarla	1989	7	7	188	23.1	30.7	22.2	-999.9	0.0	1.9	97558.4	-999.9
Ntarla	1989	7	8	189	24.4	33.3	24.8	-999.9	0.0	2.9	97233.0	-999.9
Ntarla	1989	7	9	190	23.4	31.3	18.4	-999.9	17.9	3.1	97166.2	-999.9
Ntarla	1989	7	10	191	22.8	26.9	12.9	-999.9	0.0	2.2	97455.8	-999.9
Ntarla	1989	7	11	192	21.9	29.1	19.2	-999.9	9.2	1.9	97609.7	-999.9
Ntarla	1989	7	12	193	22.1	28.5	18.0	-999.9	0.0	1.7	97674.2	-999.9
Ntarla	1989	7	13	194	22.5	29.6	17.4	-999.9	18.4	1.4	97663.9	-999.9
Ntarla	1989	7	14	195	22.7	28.7	16.7	-999.9	0.0	1.5	97630.6	-999.9
Ntarla	1989	7	15	196	22.7	28.3	17.7	-999.9	0.0	2.0	97737.9	-999.9
Ntarla	1989	7	16	197	22.6	30.3	22.0	-999.9	0.0	1.6	97719.9	-999.9
Ntarla	1989	7	17	198	23.5	30.6	21.0	-999.9	4.6	2.1	97586.2	-999.9
Ntarla	1989	7	18	199	23.2	29.6	15.8	-999.9	0.0	2.3	97428.6	-999.9
Ntarla	1989	7	19	200	22.7	30.1	20.1	-999.9	0.0	1.9	97473.7	-999.9
Ntarla	1989	7	20	201	23.6	29.8	19.7	-999.9	13.8	1.5	97497.5	-999.9
Ntarla	1989	7	21	202	22.8	29.8	20.9	-999.9	7.1	1.7	97616.8	-999.9
Ntarla	1989	7	22	203	23.1	29.3	18.2	-999.9	0.0	2.1	97617.2	-999.9
Ntarla	1989	7	23	204	22.7	30.4	20.5	-999.9	21.3	1.7	97444.0	-999.9
Ntarla	1989	7	24	205	22.8	30.5	20.9	-999.9	0.0	1.8	97320.2	-999.9
Ntarla	1989	7	25	206	22.5	30.0	19.0	-999.9	14.2	1.8	97425.3	-999.9
Ntarla	1989	7	26	207	22.1	30.9	21.1	-999.9	0.0	1.6	97459.8	-999.9
Ntarla	1989	7	27	208	23.3	31.2	22.6	-999.9	4.1	1.8	97345.4	-999.9
Ntarla	1989	7	28	209	24.2	30.6	20.4	-999.9	0.0	2.2	97363.5	-999.9
Ntarla	1989	7	29	210	22.7	30.7	21.8	-999.9	0.0	1.7	97454.3	-999.9
Ntarla	1989	7	30	211	23.5	29.5	15.8	-999.9	0.0	1.6	97417.7	-999.9
Ntarla	1989	7	31	212	22.7	29.6	17.2	-999.9	4.1	1.8	97369.7	-999.9
Ntarla	1989	8	1	213	22.1	29.4	17.8	-999.9	10.3	1.6	97445.3	-999.9
Ntarla	1989	8	2	214	22.2	29.0	17.4	-999.9	0.0	1.6	97509.9	-999.9
Ntarla	1989	8	3	215	21.9	30.5	20.9	-999.9	0.0	1.7	97346.5	-999.9
Ntarla	1989	8	4	216	22.4	30.2	20.8	-999.9	30.8	2.4	97312.1	-999.9
Ntarla	1989	8	5	217	23.4	29.1	18.0	-999.9	10.3	2.8	97327.6	-999.9
Ntarla	1989	8	6	218	22.2	28.8	17.5	-999.9	9.9	2.6	97401.1	-999.9
Ntarla	1989	8	7	219	22.0	25.7	10.8	-999.9	0.0	2.2	97407.9	-999.9
Ntarla	1989	8	8	220	21.7	29.0	19.3	-999.9	0.0	2.0	97357.9	-999.9
Ntarla	1989	8	9	221	21.9	25.5	10.7	-999.9	29.7	1.5	97254.8	-999.9
Ntarla	1989	8	10	222	22.0	25.7	10.4	-999.9	19.8	2.2	97275.5	-999.9
Ntarla	1989	8	11	223	22.0	27.8	15.3	-999.9	0.0	2.4	97387.4	-999.9
Ntarla	1989	8	12	224	21.3	27.6	16.4	-999.9	0.0	2.3	97522.5	-999.9
Ntarla	1989	8	13	225	22.3	28.6	18.0	-999.9	34.7	1.8	97573.4	-999.9
Ntarla	1989	8	14	226	21.6	29.0	17.8	-999.9	11.6	1.2	97491.3	-999.9
Ntarla	1989	8	15	227	22.2	28.6	20.2	-999.9	0.0	2.3	97437.6	-999.9
Ntarla	1989	8	16	228	21.6	29.0	18.3	-999.9	0.0	2.1	97483.0	-999.9
Ntarla	1989	8	17	229	22.4	29.2	19.0	-999.9	0.0	2.0	97474.1	-999.9
Ntarla	1989	8	18	230	22.3	28.7	15.6	-999.9	0.0	1.8	97444.0	-999.9
Ntarla	1989	8	19	231	22.6	29.7	19.7	-999.9	0.0	1.7	97295.0	-999.9
Ntarla	1989	8	20	232	22.1	29.1	16.6	-999.9	0.0	1.4	97296.3	-999.9
Ntarla	1989	8	21	233	22.3	28.3	16.0	-999.9	0.0	1.2	97325.4	-999.9
Ntarla	1989	8	22	234	22.3	28.2	15.0	-999.9	11.8	1.2	97321.4	-999.9
Ntarla	1989	8	23	235	22.5	25.5	11.6	-999.9	11.8	2.2	97345.0	-999.9
Ntarla	1989	8	24	236	21.6	27.5	17.1	-999.9	23.6	2.1	97436.5	-999.9
Ntarla	1989	8	25	237	21.8	24.5	9.6	-999.9	0.0	2.0	97548.7	-999.9
Ntarla	1989	8	26	238	21.6	29.2	21.9	-999.9	0.0	1.5	97492.4	-999.9
Ntarla	1989	8	27	239	21.1	29.6	21.7	-999.9	15.9	1.3	97469.2	-999.9
Ntarla	1989	8	28	240	21.8	29.9	22.2	-999.9	9.1	1.5	97441.4	-999.9
Ntarla	1989	8	29	241	22.3	29.6	18.7	-999.9	15.9	1.6	97455.6	-999.9
Ntarla	1989	8	30	242	21.7	29.8	19.3	-999.9	0.0	1.7	97428.5	-999.9
Ntarla	1989	8	31	243	23.3	30.5	21.2	-999.9	0.0	1.8	97283.4	-999.9
Ntarla	1989	9	1	244	22.3	30.4	21.0	-999.9	6.2	1.2	97260.0	-999.9
Ntarla	1989	9	2	245	21.9	30.4	20.0	-999.9	7.1	1.2	97224.3	-999.9
Ntarla	1989	9	3	246	22.3	30.0	22.0	-999.9	0.0	1.5	97176.9	-999.9
Ntarla	1989	9	4	247	23.1	29.8	21.4	-999.9	7.1	1.1	97252.0	-999.9
Ntarla	1989	9	5	248	22.2	29.6	21.2	-999.9	0.0	1.5	97269.4	-999.9
Ntarla	1989	9	6	249	21.8	30.4	21.1	-999.9	0.0	1.7	97255.6	-999.9
Ntarla	1989	9	7	250	22.5	27.6	11.9	-999.9	4.8	1.9	97150.8	-999.9
Ntarla	1989	9	8	251	22.4	25.8	10.8	-999.9	14.7	2.2	97289.4	-999.9
Ntarla	1989	9	9	252	21.6	28.2	17.9	-999.9	0.0	1.3	97335.6	-999.9
Ntarla	1989	9	10	253	22.4	30.2	20.7	-999.9	0.0	1.1	97202.7	-999.9
Ntarla	1989	9	11	254	22.2	28.7	17.4	-999.9	0.0	1.9	97242.6	-999.9
Ntarla	1989	9	12	255	22.1	29.4	22.5	-999.9	0.0	1.4	97357.7	-999.9
Ntarla	1989	9	13	256	23.0	29.8	18.8	-999.9	0.0	1.4	97249.0	-999.9
Ntarla	1989	9	14	257	22.4	29.3	19.3	-999.9	0.0	1.8	97311.4	-999.9
Ntarla	1989	9	15	258	22.4	30.0	21.5	-999.9	0.0	1.7	97451.4	-999.9
Ntarla	1989	9	16	259	21.8	30.0	20.3	-999.9	0.0	1.5	97404.4	-999.9
Ntarla	1989	9	17	260	23.4	30.1	21.6	-999.9	0.0	2.1	97319.4	-999.9
Ntarla	1989	9	18	261	20.9	29.5	17.9	-999.9	20.3	1.6	97358.5	-999.9
Ntarla	1989	9	19	262	21.7	29.6	19.8	-999.9	0.0	1.3	97374.0	-999.9
Ntarla	1989	9	20	263	21.6	30.2	21.7	-999.9	0.0	1.6	97355.1	-999.9
Ntarla	1989	9	21	264	22.8	30.4	20.8	-999.9	1.6	1.4	97354.8	-999.9
Ntarla	1989	9	22	265	22.6	30.0	21.2	-999.9	1.6	1.6	97414.9	-999.9
Ntarla	1989	9	23	266	22.5	29.4	21.4	-999.9	1.6	1.3	97440.4	-999.9
Ntarla	1989	9	24	267	22.4	31.4	23.0	-999.9	1.6	1.4	97399.6	-999.9
Ntarla	1989	9	25	268	21.9	32.0	23.6	-999.9	1.6	1.2	97317.3	-999.9
Ntarla	1989	9	26	269	23.8	31.2	20.2	-999.9	0.0	1.6	97201.9	-999.9
Ntarla	1989	9	27	270	23.5	29.6	19.3	-999.9	8.7	1.8	97336.8	-999.9
Ntarla	1989	9	28	271	21.8	30.8	22.6	-999.9	0.0	1.1	97410.6	-999.9
Ntarla	1989	9	29	272	23.2	31.7	22.4	-999.9	0.0	1.6	97352.0	-999.9
Ntarla	1989	9	30	273	23.3	30.5	23.0	-999.9	0.0	1.9	97419.0	-999.9
Ntarla	1989	10	1	274	23.8	29.6	15.2	-999.9	0.0	1.3	97480.9	-999.9
Ntarla	1989	10	2	275	23.1	30.2	19.3	-999.9	0.0	1.8	97366.2	-999.9
Ntarla	1989	10	3	276	23.6	31.2	22.2	-999.9	17.8	2.5	97208.5	-999.9
Ntarla	1989	10	4	277	22.5	27.4	13.5	-999.9	7.8	1.6	97329.0	-999.9
Ntarla	1989	10	5	278	21.9	28.4	17.9	-999.9	0.0	1.8	97465.2	-999.9
Ntarla	1989	10	6	279	21.0	30.0	20.1	-999.9	0.0	1.5	97431.6	-999.9
Ntarla	1989	10	7	280	22.5	29.6	20.7	-999.9	0.0	1.5	97322.0	-999.9
Ntarla	1989	10	8	281	22.0	30.2	21.9	-999.9	0.0	1.7	97316.5	-999.9
Ntarla	1989	10	9	282	22.3	28.2	15.0	-999.9	10.5	1.4	97414.0	-999.9
Ntarla	1989	10	10	283	21.0	30.1	20.8	-999.9	0.0	1.1	97340.1	-999.9
Ntarla	1989	10	11	284	22.3	31.8	22.5	-999.9	0.0	1.6	97294.3	-999.9
Ntarla	1989	10	12	285	23.0	32.2	22.5	-999.9	0.0	1.4	97286.2	-999.9
Ntarla	1989	10	13	286	23.1	33.1	22.3	-999.9	0.0	2.1	97186.4	-999.9
Ntarla	1989	10	14	287	23.0	32.2	22.6	-999.9	0.0	1.6	97168.9	-999.9
Ntarla	1989	10	15	288	23.5	31.7	20.3	-999.9	0.0	1.6	97136.0	-999.9
Ntarla	1989	10	16	289	21.6	31.2	21.4	-999.9	0.0	1.3	97230.3	-999.9
Ntarla	1989	10	17	290	21.9	30.6	20.2	-999.9	1.1	1.3	97456.0	-999.9
Ntarla	1989	10	18	291	21.7	31.5	21.1	-999.9	0.0	1.5	97484.4	-999.9
Ntarla	1989	10	19	292	21.0	32.1	21.3	-999.9	0.0	1.3	97384.6	-999.9
Ntarla	1989	10	20	293	20.7	32.0	21.8	-999.9	0.0	1.7	97382.0	-999.9
Ntarla	1989	10	21	294	19.8	31.6	19.8	-999.9	0.0	1.6	97522.6	-999.9
Ntarla	1989	10	22	295	19.4	32.0	21.7	-999.9	0.0	1.7	97524.7	-999.9
Ntarla	1989	10	23	296	20.0	31.6	19.6	-999.9	0.0	1.6	97430.4	-999.9
Ntarla	1989	10	24	297	21.8	32.5	20.6	-999.9	0.0	1.9	97362.6	-999.9
Ntarla	1989	10	25	298	21.5	33.0	20.4	-999.9	0.0	1.3	97411.5	-999.9
Ntarla	1989	10	26	299	21.7	34.1	22.7	-999.9	0.0	1.5	97324.0	-999.9
Ntarla	1989	10	27	300	20.0	34.1	23.0	-999.9	0.0	1.2	97294.5	-999.9
Ntarla	1989	10	28	301	19.1	34.0	22.6	-999.9	0.0	1.2	97265.1	-999.9
Ntarla	1989	10	29	302	19.9	33.8	22.2	-999.9	0.0	1.4	97382.1	-999.9
Ntarla	1989	10	30	303	20.7	33.9	21.3	-999.9	0.0	1.2	97370.9	-999.9
Ntarla	1989	10	31	304	20.0	34.8	22.8	-999.9	0.0	1.8	97276.2	-999.9
Ntarla	1989	11	1	305	18.9	33.4	20.5	-999.9	0.0	1.9	97319.2	-999.9
Ntarla	1989	11	2	306	20.0	33.7	21.8	-999.9	0.0	1.9	97383.2	-999.9
Ntarla	1989	11	3	307	19.5	32.9	22.6	-999.9	0.0	2.3	97418.4	-999.9
Ntarla	1989	11	4	308	18.8	32.9	22.7	-999.9	0.0	2.2	97339.3	-999.9
Ntarla	1989	11	5	309	18.6	33.5	21.7	-999.9	0.0	1.9	97189.2	-999.9
Ntarla	1989	11	6	310	19.1	34.0	21.4	-999.9	0.0	1.7	97088.9	-999.9
Ntarla	1989	11	7	311	20.5	34.5	21.4	-999.9	0.0	2.1	97061.5	-999.9
Ntarla	1989	11	8	312	20.2	34.8	21.6	-999.9	0.0	2.3	97096.7	-999.9
Ntarla	1989	11	9	313	23.7	33.4	16.8	-999.9	0.0	2.5	97136.8	-999.9
Ntarla	1989	11	10	314	22.3	34.3	19.1	-999.9	0.0	2.2	97123.2	-999.9
Ntarla	1989	11	11	315	20.8	33.9	21.3	-999.9	0.0	1.6	97076.8	-999.9
Ntarla	1989	11	12	316	22.0	33.7	21.3	-999.9	0.0	2.0	97079.0	-999.9
Ntarla	1989	11	13	317	19.5	33.9	21.6	-999.9	0.0	2.1	97069.4	-999.9
Ntarla	1989	11	14	318	19.7	33.2	20.4	-999.9	0.0	1.9	97167.6	-999.9
Ntarla	1989	11	15	319	20.4	33.3	20.2	-999.9	0.0	1.7	97237.4	-999.9
Ntarla	1989	11	16	320	20.1	34.3	20.9	-999.9	0.0	1.9	97152.2	-999.9
Ntarla	1989	11	17	321	19.7	33.5	20.0	-999.9	0.0	1.9	97205.6	-999.9
Ntarla	1989	11	18	322	21.3	32.5	18.9	-999.9	0.0	1.7	97370.9	-999.9
Ntarla	1989	11	19	323	22.1	33.1	18.6	-999.9	0.0	1.3	97449.9	-999.9
Ntarla	1989	11	20	324	20.3	34.6	20.9	-999.9	0.0	2.1	97442.7	-999.9
Ntarla	1989	11	21	325	19.8	34.5	21.2	-999.9	0.0	1.9	97446.0	-999.9
Ntarla	1989	11	22	326	19.0	34.0	20.9	-999.9	0.0	2.1	97357.3	-999.9
Ntarla	1989	11	23	327	19.7	34.0	20.5	-999.9	0.0	1.9	97293.8	-999.9
Ntarla	1989	11	24	328	19.6	34.6	20.7	-999.9	0.0	1.7	97255.4	-999.9
Ntarla	1989	11	25	329	20.6	34.2	20.4	-999.9	0.0	2.1	97328.7	-999.9
Ntarla	1989	11	26	330	18.4	34.7	20.9	-999.9	0.0	2.1	97447.6	-999.9
Ntarla	1989	11	27	331	19.3	35.0	21.1	-999.9	0.0	2.1	97345.4	-999.9
Ntarla	1989	11	28	332	18.6	34.2	20.8	-999.9	0.0	2.1	97241.2	-999.9
Ntarla	1989	11	29	333	17.9	33.9	20.9	-999.9	0.0	2.3	97229.5	-999.9
Ntarla	1989	11	30	334	18.4	34.2	20.8	-999.9	0.0	2.7	97342.3	-999.9
Ntarla	1989	12	1	335	18.9	33.8	20.6	-999.9	0.1	2.5	97414.7	-999.9
Ntarla	1989	12	2	336	20.7	33.4	20.6	-999.9	0.1	2.7	97437.6	-999.9
Ntarla	1989	12	3	337	19.9	33.2	19.7	-999.9	0.1	2.0	97414.2	-999.9
Ntarla	1989	12	4	338	18.6	31.9	17.2	-999.9	0.1	1.9	97483.3	-999.9
Ntarla	1989	12	5	339	21.8	33.8	18.7	-999.9	0.1	2.1	97384.3	-999.9
Ntarla	1989	12	6	340	20.1	33.3	20.0	-999.9	0.0	1.5	97287.3	-999.9
Ntarla	1989	12	7	341	20.0	33.4	18.3	-999.9	0.0	1.6	97350.0	-999.9
Ntarla	1989	12	8	342	19.4	33.6	19.4	-999.9	0.0	1.8	97384.8	-999.9
Ntarla	1989	12	9	343	21.0	33.9	19.1	-999.9	0.0	2.3	97356.1	-999.9
Ntarla	1989	12	10	344	19.6	33.9	20.5	-999.9	0.0	2.6	97359.4	-999.9
Ntarla	1989	12	11	345	17.4	34.0	20.5	-999.9	0.0	2.2	97351.5	-999.9
Ntarla	1989	12	12	346	18.7	33.8	19.7	-999.9	0.3	2.3	97330.8	-999.9
Ntarla	1989	12	13	347	19.7	32.8	19.0	-999.9	0.2	2.4	97332.5	-999.9
Ntarla	1989	12	14	348	19.8	32.8	20.0	-999.9	0.0	2.1	97386.6	-999.9
Ntarla	1989	12	15	349	17.6	34.0	20.3	-999.9	0.0	2.1	97385.9	-999.9
Ntarla	1989	12	16	350	17.7	33.9	20.3	-999.9	0.0	2.6	97357.1	-999.9
Ntarla	1989	12	17	351	19.7	32.7	20.5	-999.9	0.0	2.4	97310.0	-999.9
Ntarla	1989	12	18	352	18.4	31.9	20.5	-999.9	0.0	2.3	97412.6	-999.9
Ntarla	1989	12	19	353	18.2	31.2	20.4	-999.9	0.0	2.9	97508.8	-999.9
Ntarla	1989	12	20	354	17.0	30.2	20.6	-999.9	0.0	2.8	97570.0	-999.9
Ntarla	1989	12	21	355	16.5	29.6	20.4	-999.9	0.0	2.6	97520.5	-999.9
Ntarla	1989	12	22	356	16.0	29.8	20.7	-999.9	0.0	2.4	97514.3	-999.9
Ntarla	1989	12	23	357	14.5	29.8	20.1	-999.9	0.0	2.0	97529.1	-999.9
Ntarla	1989	12	24	358	14.5	29.8	19.8	-999.9	0.3	2.0	97509.6	-999.9
Ntarla	1989	12	25	359	15.3	30.0	20.7	-999.9	0.0	1.8	97575.8	-999.9
Ntarla	1989	12	26	360	14.8	31.0	20.5	-999.9	0.0	1.7	97445.4	-999.9
Ntarla	1989	12	27	361	15.6	31.3	20.1	-999.9	0.0	1.3	97149.5	-999.9
Ntarla	1989	12	28	362	17.7	31.6	18.8	-999.9	0.0	1.3	97013.2	-999.9
Ntarla	1989	12	29	363	18.6	32.0	19.0	-999.9	0.0	1.5	97230.7	-999.9
Ntarla	1989	12	30	364	20.7	31.1	17.5	-999.9	0.0	1.8	97493.2	-999.9
Ntarla	1989	12	31	365	19.9	31.3	18.2	-999.9	0.0	2.5	97587.4	-999.9
