Ntarla	1988	1	1	1	15.0	28.5	18.8	-999.9	0.0	2.4	97532.8	-999.9
Ntarla	1988	1	2	2	16.0	29.8	19.7	-999.9	0.0	2.4	97557.1	-999.9
Ntarla	1988	1	3	3	15.5	27.9	20.5	-999.9	0.0	3.0	97660.9	-999.9
Ntarla	1988	1	4	4	12.8	27.8	21.1	-999.9	0.0	2.4	97624.2	-999.9
Ntarla	1988	1	5	5	13.1	28.9	20.8	-999.9	0.0	2.0	97581.3	-999.9
Ntarla	1988	1	6	6	14.2	30.9	20.6	-999.9	0.0	2.0	97576.8	-999.9
Ntarla	1988	1	7	7	16.7	31.8	20.2	-999.9	0.0	2.2	97570.7	-999.9
Ntarla	1988	1	8	8	17.3	31.2	20.6	-999.9	0.0	2.7	97633.2	-999.9
Ntarla	1988	1	9	9	15.0	30.1	20.9	-999.9	0.0	2.7	97609.9	-999.9
Ntarla	1988	1	10	10	14.5	30.0	21.2	-999.9	0.0	2.4	97541.5	-999.9
Ntarla	1988	1	11	11	16.2	31.5	21.1	-999.9	0.0	2.5	97495.4	-999.9
Ntarla	1988	1	12	12	16.0	31.5	21.0	-999.9	0.0	2.3	97522.3	-999.9
Ntarla	1988	1	13	13	16.5	31.5	20.7	-999.9	0.0	2.4	97562.3	-999.9
Ntarla	1988	1	14	14	15.6	31.8	21.0	-999.9	0.0	2.1	97489.2	-999.9
Ntarla	1988	1	15	15	15.7	32.6	20.9	-999.9	0.0	2.0	97420.0	-999.9
Ntarla	1988	1	16	16	15.4	34.0	20.1	-999.9	0.0	1.7	97382.8	-999.9
Ntarla	1988	1	17	17	17.2	33.5	20.8	-999.9	0.0	2.6	97481.0	-999.9
Ntarla	1988	1	18	18	18.3	31.7	20.4	-999.9	0.0	2.9	97552.9	-999.9
Ntarla	1988	1	19	19	16.8	30.5	20.3	-999.9	0.0	2.6	97541.3	-999.9
Ntarla	1988	1	20	20	15.6	29.2	19.8	-999.9	0.0	2.4	97529.2	-999.9
Ntarla	1988	1	21	21	16.0	29.4	18.1	-999.9	0.0	2.3	97490.3	-999.9
Ntarla	1988	1	22	22	15.1	32.2	21.2	-999.9	0.0	2.5	97424.6	-999.9
Ntarla	1988	1	23	23	17.5	31.9	21.3	-999.9	0.0	2.8	97398.8	-999.9
Ntarla	1988	1	24	24	16.7	32.3	21.3	-999.9	0.0	2.4	97309.3	-999.9
Ntarla	1988	1	25	25	17.4	34.2	21.4	-999.9	0.0	2.0	97295.7	-999.9
Ntarla	1988	1	26	26	18.6	35.5	21.5	-999.9	0.0	2.2	97270.9	-999.9
Ntarla	1988	1	27	27	20.3	35.9	21.5	-999.9	0.0	2.3	97280.3	-999.9
Ntarla	1988	1	28	28	19.2	36.4	21.6	-999.9	0.0	1.7	97159.8	-999.9
Ntarla	1988	1	29	29	19.7	35.1	21.6	-999.9	0.0	2.8	97201.8	-999.9
Ntarla	1988	1	30	30	17.8	29.9	21.6	-999.9	0.0	2.4	97402.9	-999.9
Ntarla	1988	1	31	31	16.6	30.7	21.6	-999.9	0.0	2.0	97420.1	-999.9
Ntarla	1988	2	1	32	17.6	33.0	21.2	-999.9	0.0	1.9	97413.1	-999.9
Ntarla	1988	2	2	33	19.8	33.4	21.3	-999.9	0.0	2.7	97255.0	-999.9
Ntarla	1988	2	3	34	20.8	34.0	20.8	-999.9	0.0	2.8	97231.5	-999.9
Ntarla	1988	2	4	35	20.1	34.8	21.4	-999.9	0.0	2.4	97237.3	-999.9
Ntarla	1988	2	5	36	20.6	35.8	22.0	-999.9	0.0	2.4	97258.5	-999.9
Ntarla	1988	2	6	37	18.6	37.0	22.2	-999.9	0.0	2.0	97215.5	-999.9
Ntarla	1988	2	7	38	20.2	36.7	22.3	-999.9	0.0	2.0	97177.6	-999.9
Ntarla	1988	2	8	39	20.0	33.6	22.3	-999.9	0.0	3.1	97226.3	-999.9
Ntarla	1988	2	9	40	17.6	28.3	22.6	-999.9	0.0	3.6	97423.9	-999.9
Ntarla	1988	2	10	41	14.3	28.0	21.9	-999.9	0.0	2.7	97515.1	-999.9
Ntarla	1988	2	11	42	13.7	29.5	22.9	-999.9	0.0	2.4	97497.4	-999.9
Ntarla	1988	2	12	43	14.8	31.6	22.8	-999.9	0.0	2.3	97422.7	-999.9
Ntarla	1988	2	13	44	17.8	33.5	22.5	-999.9	0.0	2.3	97362.5	-999.9
Ntarla	1988	2	14	45	17.9	34.5	23.0	-999.9	0.0	2.2	97331.3	-999.9
Ntarla	1988	2	15	46	17.9	34.7	22.8	-999.9	0.0	2.1	97248.4	-999.9
Ntarla	1988	2	16	47	19.9	35.8	21.3	-999.9	0.6	2.2	97153.8	-999.9
Ntarla	1988	2	17	48	21.5	36.6	23.0	-999.9	0.0	2.7	97184.8	-999.9
Ntarla	1988	2	18	49	21.7	37.6	23.0	-999.9	0.0	3.2	97217.5	-999.9
Ntarla	1988	2	19	50	23.0	37.4	23.1	-999.9	0.0	3.2	97333.3	-999.9
Ntarla	1988	2	20	51	21.6	36.5	23.4	-999.9	0.0	3.0	97247.8	-999.9
Ntarla	1988	2	21	52	21.8	36.6	23.3	-999.9	0.0	2.4	97138.6	-999.9
Ntarla	1988	2	22	53	20.3	37.4	23.5	-999.9	0.0	2.1	97134.6	-999.9
Ntarla	1988	2	23	54	21.6	37.9	23.5	-999.9	0.0	2.4	97052.6	-999.9
Ntarla	1988	2	24	55	22.7	37.5	22.2	-999.9	0.0	2.6	96883.2	-999.9
Ntarla	1988	2	25	56	20.3	38.7	23.2	-999.9	0.7	2.1	96789.6	-999.9
Ntarla	1988	2	26	57	20.2	39.2	23.7	-999.9	0.0	1.9	96766.7	-999.9
Ntarla	1988	2	27	58	21.4	36.7	23.5	-999.9	0.0	2.8	96852.4	-999.9
Ntarla	1988	2	28	59	24.1	37.2	22.8	-999.9	0.0	2.7	96858.5	-999.9
Ntarla	1988	2	29	60	24.0	38.2	23.4	-999.9	0.0	1.9	96810.1	-999.9
Ntarla	1988	3	1	61	25.7	39.1	22.6	-999.9	0.0	2.5	96772.2	-999.9
Ntarla	1988	3	2	62	26.0	36.6	21.3	-999.9	0.0	2.2	97098.1	-999.9
Ntarla	1988	3	3	63	27.3	35.8	20.0	-999.9	0.0	2.1	97224.1	-999.9
Ntarla	1988	3	4	64	27.0	37.4	22.2	-999.9	0.0	1.6	97173.2	-999.9
Ntarla	1988	3	5	65	26.5	37.3	23.4	-999.9	0.0	2.8	97129.4	-999.9
Ntarla	1988	3	6	66	26.1	37.3	22.9	-999.9	0.0	3.1	97212.6	-999.9
Ntarla	1988	3	7	67	25.6	37.4	23.3	-999.9	0.0	3.0	97226.7	-999.9
Ntarla	1988	3	8	68	23.5	35.8	18.3	-999.9	0.0	2.3	97237.3	-999.9
Ntarla	1988	3	9	69	22.5	37.7	22.7	-999.9	0.0	2.6	97276.4	-999.9
Ntarla	1988	3	10	70	23.0	39.0	25.2	-999.9	0.0	2.8	97310.3	-999.9
Ntarla	1988	3	11	71	23.9	38.4	25.0	-999.9	0.0	3.2	97331.3	-999.9
Ntarla	1988	3	12	72	22.8	36.7	25.2	-999.9	0.0	2.9	97225.5	-999.9
Ntarla	1988	3	13	73	21.4	37.2	25.1	-999.9	0.0	2.7	97105.2	-999.9
Ntarla	1988	3	14	74	22.5	38.2	24.8	-999.9	0.0	2.3	97044.2	-999.9
Ntarla	1988	3	15	75	22.6	38.9	23.9	-999.9	0.0	1.9	97098.0	-999.9
Ntarla	1988	3	16	76	26.4	39.4	24.1	-999.9	0.0	1.6	97154.6	-999.9
Ntarla	1988	3	17	77	23.6	39.7	24.4	-999.9	0.0	2.0	97157.0	-999.9
Ntarla	1988	3	18	78	23.4	40.0	25.3	-999.9	0.0	2.4	97166.6	-999.9
Ntarla	1988	3	19	79	21.7	39.5	25.3	-999.9	0.0	1.5	97144.5	-999.9
Ntarla	1988	3	20	80	25.0	38.8	23.9	-999.9	0.0	2.4	97080.2	-999.9
Ntarla	1988	3	21	81	25.9	37.5	22.1	-999.9	0.0	2.7	97233.6	-999.9
Ntarla	1988	3	22	82	26.7	37.8	20.8	-999.9	0.0	2.1	97242.1	-999.9
Ntarla	1988	3	23	83	23.5	38.4	23.7	-999.9	0.0	1.9	97190.5	-999.9
Ntarla	1988	3	24	84	22.0	39.1	25.1	-999.9	0.0	1.9	97120.9	-999.9
Ntarla	1988	3	25	85	24.9	37.8	25.7	-999.9	0.0	3.1	97153.4	-999.9
Ntarla	1988	3	26	86	23.0	36.6	25.3	-999.9	0.0	2.3	97255.0	-999.9
Ntarla	1988	3	27	87	21.8	36.7	21.5	-999.9	0.0	1.7	97249.2	-999.9
Ntarla	1988	3	28	88	25.8	38.8	23.9	-999.9	2.6	1.9	97107.7	-999.9
Ntarla	1988	3	29	89	25.3	40.7	25.6	-999.9	0.0	2.2	96972.2	-999.9
Ntarla	1988	3	30	90	24.2	40.6	26.0	-999.9	0.0	2.7	96888.2	-999.9
Ntarla	1988	3	31	91	24.0	40.6	26.1	-999.9	0.0	2.3	96950.8	-999.9
Ntarla	1988	4	1	92	24.9	40.8	26.4	-999.9	0.0	2.3	96884.8	-999.9
Ntarla	1988	4	2	93	24.3	40.8	26.3	-999.9	0.0	1.8	96809.4	-999.9
Ntarla	1988	4	3	94	23.6	40.0	23.6	-999.9	0.0	1.9	96745.1	-999.9
Ntarla	1988	4	4	95	26.9	39.1	21.9	-999.9	0.0	1.7	96929.6	-999.9
Ntarla	1988	4	5	96	26.4	38.6	23.3	-999.9	0.0	1.5	96971.0	-999.9
Ntarla	1988	4	6	97	27.6	41.0	24.9	-999.9	0.0	2.1	96878.6	-999.9
Ntarla	1988	4	7	98	26.4	41.5	26.0	-999.9	0.0	2.2	96797.8	-999.9
Ntarla	1988	4	8	99	26.3	40.3	23.6	-999.9	0.0	1.8	96814.8	-999.9
Ntarla	1988	4	9	100	27.8	38.3	22.5	-999.9	8.7	2.0	96919.9	-999.9
Ntarla	1988	4	10	101	25.6	35.1	22.4	-999.9	0.0	1.4	97101.0	-999.9
Ntarla	1988	4	11	102	26.1	37.4	21.8	-999.9	0.0	1.8	97074.6	-999.9
Ntarla	1988	4	12	103	25.9	39.5	21.3	-999.9	0.0	3.1	97014.5	-999.9
Ntarla	1988	4	13	104	25.6	41.4	25.2	-999.9	2.5	2.6	97012.6	-999.9
Ntarla	1988	4	14	105	23.8	40.6	25.1	-999.9	0.0	1.7	96967.5	-999.9
Ntarla	1988	4	15	106	25.3	40.6	24.8	-999.9	0.0	1.6	96890.0	-999.9
Ntarla	1988	4	16	107	27.1	41.4	25.6	-999.9	0.0	2.2	96777.8	-999.9
Ntarla	1988	4	17	108	27.3	40.2	24.6	-999.9	0.0	2.2	96826.2	-999.9
Ntarla	1988	4	18	109	28.9	40.3	24.1	-999.9	0.0	2.4	96984.2	-999.9
Ntarla	1988	4	19	110	28.0	39.8	23.5	-999.9	0.0	1.6	96854.4	-999.9
Ntarla	1988	4	20	111	26.8	40.0	24.7	-999.9	0.0	2.0	96798.0	-999.9
Ntarla	1988	4	21	112	27.1	40.0	22.9	-999.9	0.0	2.9	96925.7	-999.9
Ntarla	1988	4	22	113	26.8	39.6	22.7	-999.9	2.1	2.1	97079.2	-999.9
Ntarla	1988	4	23	114	26.8	39.4	22.4	-999.9	4.2	1.6	97127.8	-999.9
Ntarla	1988	4	24	115	28.2	38.7	20.6	-999.9	0.0	2.6	96933.8	-999.9
Ntarla	1988	4	25	116	24.4	36.9	19.5	-999.9	0.0	2.7	96860.9	-999.9
Ntarla	1988	4	26	117	24.4	34.1	20.9	-999.9	4.0	2.0	97082.6	-999.9
Ntarla	1988	4	27	118	25.7	33.2	21.9	-999.9	0.0	1.9	97285.1	-999.9
Ntarla	1988	4	28	119	25.2	34.2	21.1	-999.9	4.0	1.4	97379.1	-999.9
Ntarla	1988	4	29	120	26.1	37.1	21.2	-999.9	0.0	1.7	97294.3	-999.9
Ntarla	1988	4	30	121	26.2	38.2	24.6	-999.9	0.0	2.0	97178.2	-999.9
Ntarla	1988	5	1	122	25.6	39.5	25.0	-999.9	0.0	2.2	97083.4	-999.9
Ntarla	1988	5	2	123	25.7	40.4	25.7	-999.9	0.0	1.6	97028.3	-999.9
Ntarla	1988	5	3	124	26.0	40.1	24.6	-999.9	0.0	2.0	97124.5	-999.9
Ntarla	1988	5	4	125	26.6	39.7	23.4	-999.9	0.0	2.6	97114.1	-999.9
Ntarla	1988	5	5	126	28.9	38.8	22.3	-999.9	0.0	2.4	97161.2	-999.9
Ntarla	1988	5	6	127	27.0	40.5	22.7	-999.9	0.0	2.2	97052.6	-999.9
Ntarla	1988	5	7	128	29.0	40.4	22.4	-999.9	0.0	2.0	97037.0	-999.9
Ntarla	1988	5	8	129	28.1	39.1	22.5	-999.9	0.0	2.5	96978.6	-999.9
Ntarla	1988	5	9	130	27.9	38.1	23.2	-999.9	0.0	2.4	97060.6	-999.9
Ntarla	1988	5	10	131	28.0	39.9	24.2	-999.9	0.0	2.0	96996.5	-999.9
Ntarla	1988	5	11	132	29.7	39.3	22.9	-999.9	0.0	2.4	96977.8	-999.9
Ntarla	1988	5	12	133	29.3	39.0	21.5	-999.9	0.0	2.9	96994.2	-999.9
Ntarla	1988	5	13	134	28.0	39.2	23.2	-999.9	0.0	2.0	97074.6	-999.9
Ntarla	1988	5	14	135	28.3	40.0	22.5	-999.9	0.0	1.9	97093.0	-999.9
Ntarla	1988	5	15	136	26.9	38.9	23.8	-999.9	0.0	1.9	97241.0	-999.9
Ntarla	1988	5	16	137	27.3	39.5	24.7	-999.9	0.0	1.9	97222.6	-999.9
Ntarla	1988	5	17	138	28.0	39.4	23.5	-999.9	0.0	2.4	97144.9	-999.9
Ntarla	1988	5	18	139	27.5	40.0	22.9	-999.9	0.0	2.4	97096.4	-999.9
Ntarla	1988	5	19	140	28.3	39.2	22.6	-999.9	0.0	2.3	97138.4	-999.9
Ntarla	1988	5	20	141	29.2	39.8	23.5	-999.9	0.0	2.3	97162.8	-999.9
Ntarla	1988	5	21	142	27.4	40.6	24.8	-999.9	0.0	1.7	97051.6	-999.9
Ntarla	1988	5	22	143	27.9	39.1	23.0	-999.9	0.0	2.4	97127.3	-999.9
Ntarla	1988	5	23	144	29.1	39.7	22.4	-999.9	0.0	2.6	97058.7	-999.9
Ntarla	1988	5	24	145	29.4	39.9	24.0	-999.9	8.4	2.5	96997.1	-999.9
Ntarla	1988	5	25	146	28.1	38.3	23.8	-999.9	0.0	2.5	97159.5	-999.9
Ntarla	1988	5	26	147	28.8	38.5	22.6	-999.9	12.6	1.8	97197.4	-999.9
Ntarla	1988	5	27	148	26.5	37.1	23.7	-999.9	0.0	2.2	97123.3	-999.9
Ntarla	1988	5	28	149	25.8	36.3	23.2	-999.9	0.0	2.5	97130.6	-999.9
Ntarla	1988	5	29	150	26.7	39.3	24.7	-999.9	0.0	2.2	97048.4	-999.9
Ntarla	1988	5	30	151	27.4	39.6	24.3	-999.9	0.0	2.5	96961.4	-999.9
Ntarla	1988	5	31	152	28.1	39.5	24.5	-999.9	0.0	3.0	97079.2	-999.9
Ntarla	1988	6	1	153	26.7	39.1	23.6	-999.9	13.3	3.2	97122.5	-999.9
Ntarla	1988	6	2	154	26.5	32.6	15.2	-999.9	0.0	2.8	97289.8	-999.9
Ntarla	1988	6	3	155	24.9	34.7	23.1	-999.9	0.0	2.8	97427.7	-999.9
Ntarla	1988	6	4	156	25.8	36.3	22.6	-999.9	0.0	2.1	97534.3	-999.9
Ntarla	1988	6	5	157	25.1	37.8	23.3	-999.9	0.0	2.8	97435.0	-999.9
Ntarla	1988	6	6	158	27.3	39.4	24.0	-999.9	0.0	3.0	97281.3	-999.9
Ntarla	1988	6	7	159	26.8	38.8	24.3	-999.9	0.0	2.8	97138.8	-999.9
Ntarla	1988	6	8	160	25.1	37.8	20.7	-999.9	14.1	2.5	97211.5	-999.9
Ntarla	1988	6	9	161	25.2	34.1	22.7	-999.9	0.0	2.1	97351.0	-999.9
Ntarla	1988	6	10	162	24.2	30.8	18.6	-999.9	0.0	2.0	97400.5	-999.9
Ntarla	1988	6	11	163	24.1	33.0	20.1	-999.9	0.0	1.5	97388.1	-999.9
Ntarla	1988	6	12	164	25.2	33.5	23.4	-999.9	0.0	1.7	97271.6	-999.9
Ntarla	1988	6	13	165	24.8	35.5	23.6	-999.9	0.0	2.5	97250.6	-999.9
Ntarla	1988	6	14	166	26.7	35.2	22.8	-999.9	10.9	2.0	97264.6	-999.9
Ntarla	1988	6	15	167	24.8	34.5	23.1	-999.9	0.0	1.4	97227.5	-999.9
Ntarla	1988	6	16	168	24.6	34.7	24.0	-999.9	6.1	1.8	97234.0	-999.9
Ntarla	1988	6	17	169	25.6	35.5	23.7	-999.9	0.0	2.0	97237.2	-999.9
Ntarla	1988	6	18	170	25.0	34.7	22.9	-999.9	6.1	1.7	97250.2	-999.9
Ntarla	1988	6	19	171	24.4	32.2	19.3	-999.9	0.0	1.7	97447.0	-999.9
Ntarla	1988	6	20	172	24.6	33.1	21.3	-999.9	0.0	1.7	97381.8	-999.9
Ntarla	1988	6	21	173	25.4	36.3	23.2	-999.9	0.0	2.3	97190.8	-999.9
Ntarla	1988	6	22	174	24.6	33.2	21.5	-999.9	15.3	1.8	97286.2	-999.9
Ntarla	1988	6	23	175	25.1	34.4	22.6	-999.9	0.0	2.2	97315.7	-999.9
Ntarla	1988	6	24	176	24.2	31.4	20.5	-999.9	8.7	2.0	97402.2	-999.9
Ntarla	1988	6	25	177	24.3	31.8	19.5	-999.9	7.6	2.1	97405.7	-999.9
Ntarla	1988	6	26	178	24.1	33.3	22.1	-999.9	0.0	1.8	97365.4	-999.9
Ntarla	1988	6	27	179	24.5	34.3	24.2	-999.9	0.0	2.3	97352.9	-999.9
Ntarla	1988	6	28	180	23.0	33.8	21.6	-999.9	17.0	3.4	97161.4	-999.9
Ntarla	1988	6	29	181	25.7	34.4	21.6	-999.9	0.0	3.7	96860.4	-999.9
Ntarla	1988	6	30	182	23.4	32.2	17.5	-999.9	17.0	3.0	97076.6	-999.9
Ntarla	1988	7	1	183	23.4	30.2	18.9	-999.9	0.0	1.9	97221.0	-999.9
Ntarla	1988	7	2	184	23.5	31.5	21.1	-999.9	15.7	1.9	97261.2	-999.9
Ntarla	1988	7	3	185	23.6	31.2	17.9	-999.9	0.0	2.3	97153.6	-999.9
Ntarla	1988	7	4	186	23.1	30.1	17.0	-999.9	0.0	2.2	97243.3	-999.9
Ntarla	1988	7	5	187	23.2	31.5	19.3	-999.9	0.0	2.1	97284.9	-999.9
Ntarla	1988	7	6	188	24.2	30.7	15.5	-999.9	5.3	2.1	97282.5	-999.9
Ntarla	1988	7	7	189	23.5	30.8	19.0	-999.9	0.0	2.2	97395.6	-999.9
Ntarla	1988	7	8	190	23.1	33.0	23.2	-999.9	0.0	2.1	97323.4	-999.9
Ntarla	1988	7	9	191	24.6	31.3	16.4	-999.9	14.0	2.4	97228.4	-999.9
Ntarla	1988	7	10	192	22.6	29.5	16.1	-999.9	4.7	2.0	97351.5	-999.9
Ntarla	1988	7	11	193	22.6	28.6	15.4	-999.9	12.4	1.8	97566.3	-999.9
Ntarla	1988	7	12	194	22.5	29.6	15.8	-999.9	0.0	2.3	97576.5	-999.9
Ntarla	1988	7	13	195	22.9	30.3	19.6	-999.9	24.7	2.1	97463.2	-999.9
Ntarla	1988	7	14	196	22.6	28.3	15.1	-999.9	0.0	1.6	97586.7	-999.9
Ntarla	1988	7	15	197	23.1	30.7	22.7	-999.9	0.0	1.8	97627.7	-999.9
Ntarla	1988	7	16	198	23.8	30.4	19.3	-999.9	0.0	3.0	97628.8	-999.9
Ntarla	1988	7	17	199	22.9	27.4	11.8	-999.9	18.6	2.8	97539.2	-999.9
Ntarla	1988	7	18	200	22.9	29.6	20.1	-999.9	0.0	2.2	97460.0	-999.9
Ntarla	1988	7	19	201	22.7	30.6	22.4	-999.9	0.0	1.4	97575.9	-999.9
Ntarla	1988	7	20	202	22.6	30.6	21.3	-999.9	0.0	1.9	97558.2	-999.9
Ntarla	1988	7	21	203	23.8	30.5	20.1	-999.9	10.6	2.2	97415.8	-999.9
Ntarla	1988	7	22	204	22.8	30.5	18.0	-999.9	18.5	2.1	97497.4	-999.9
Ntarla	1988	7	23	205	23.1	30.7	21.5	-999.9	2.8	1.9	97494.8	-999.9
Ntarla	1988	7	24	206	23.1	31.0	21.5	-999.9	25.2	2.3	97390.7	-999.9
Ntarla	1988	7	25	207	23.6	28.3	12.5	-999.9	0.0	2.2	97317.3	-999.9
Ntarla	1988	7	26	208	22.3	29.2	17.0	-999.9	0.0	2.8	97462.5	-999.9
Ntarla	1988	7	27	209	22.9	29.8	20.6	-999.9	0.0	2.6	97520.2	-999.9
Ntarla	1988	7	28	210	22.7	28.0	12.6	-999.9	0.0	2.0	97518.9	-999.9
Ntarla	1988	7	29	211	22.6	29.9	18.8	-999.9	17.8	2.0	97384.3	-999.9
Ntarla	1988	7	30	212	22.5	29.4	17.8	-999.9	35.7	2.1	97356.1	-999.9
Ntarla	1988	7	31	213	22.4	29.4	19.4	-999.9	0.0	1.8	97400.6	-999.9
Ntarla	1988	8	1	214	22.7	29.9	20.0	-999.9	17.1	1.3	97468.4	-999.9
Ntarla	1988	8	2	215	23.2	29.9	19.8	-999.9	17.1	1.3	97522.9	-999.9
Ntarla	1988	8	3	216	22.9	29.8	19.8	-999.9	0.0	1.9	97559.8	-999.9
Ntarla	1988	8	4	217	22.8	30.0	20.4	-999.9	0.0	2.1	97471.1	-999.9
Ntarla	1988	8	5	218	22.9	30.4	20.8	-999.9	0.0	2.5	97378.7	-999.9
Ntarla	1988	8	6	219	22.7	29.3	15.1	-999.9	38.2	2.0	97355.3	-999.9
Ntarla	1988	8	7	220	22.8	29.8	19.8	-999.9	0.0	1.7	97430.8	-999.9
Ntarla	1988	8	8	221	22.9	29.9	17.8	-999.9	38.2	1.7	97378.9	-999.9
Ntarla	1988	8	9	222	22.6	30.0	20.3	-999.9	0.0	2.0	97309.3	-999.9
Ntarla	1988	8	10	223	23.3	31.1	22.7	-999.9	0.0	2.1	97260.2	-999.9
Ntarla	1988	8	11	224	23.8	30.6	19.5	-999.9	5.0	2.1	97229.9	-999.9
Ntarla	1988	8	12	225	22.8	29.3	16.6	-999.9	15.0	1.8	97262.3	-999.9
Ntarla	1988	8	13	226	22.9	28.9	17.7	-999.9	2.4	2.3	97433.5	-999.9
Ntarla	1988	8	14	227	22.2	29.1	16.4	-999.9	17.5	1.6	97382.0	-999.9
Ntarla	1988	8	15	228	22.6	28.3	17.4	-999.9	8.7	1.4	97220.6	-999.9
Ntarla	1988	8	16	229	22.5	29.2	17.2	-999.9	25.4	1.8	97286.8	-999.9
Ntarla	1988	8	17	230	22.2	27.8	13.8	-999.9	0.0	1.9	97477.9	-999.9
Ntarla	1988	8	18	231	22.8	29.5	18.6	-999.9	8.5	1.6	97445.5	-999.9
Ntarla	1988	8	19	232	22.3	29.2	15.4	-999.9	25.4	1.6	97227.6	-999.9
Ntarla	1988	8	20	233	22.1	27.9	14.2	-999.9	0.0	1.9	97276.3	-999.9
Ntarla	1988	8	21	234	22.6	28.4	16.2	-999.9	12.4	2.1	97332.8	-999.9
Ntarla	1988	8	22	235	22.3	29.2	17.3	-999.9	12.4	2.1	97327.5	-999.9
Ntarla	1988	8	23	236	22.6	25.9	9.9	-999.9	12.4	1.6	97258.0	-999.9
Ntarla	1988	8	24	237	21.8	28.3	18.0	-999.9	0.0	1.8	97165.2	-999.9
Ntarla	1988	8	25	238	22.3	28.3	12.3	-999.9	14.2	1.8	97130.8	-999.9
Ntarla	1988	8	26	239	22.3	25.1	8.1	-999.9	27.2	1.5	97045.4	-999.9
Ntarla	1988	8	27	240	21.7	28.2	17.9	-999.9	0.0	2.1	97265.2	-999.9
Ntarla	1988	8	28	241	21.4	28.8	20.1	-999.9	18.1	1.5	97332.6	-999.9
Ntarla	1988	8	29	242	22.1	27.7	14.1	-999.9	27.2	1.4	97129.3	-999.9
Ntarla	1988	8	30	243	22.3	27.8	16.7	-999.9	18.1	2.5	97140.4	-999.9
Ntarla	1988	8	31	244	22.2	28.9	17.0	-999.9	9.1	1.5	97412.5	-999.9
Ntarla	1988	9	1	245	22.0	25.8	10.4	-999.9	8.0	1.1	97488.2	-999.9
Ntarla	1988	9	2	246	21.7	29.4	20.2	-999.9	7.6	1.1	97358.0	-999.9
Ntarla	1988	9	3	247	22.4	29.2	18.4	-999.9	9.8	1.5	97330.9	-999.9
Ntarla	1988	9	4	248	22.2	28.3	16.8	-999.9	6.8	1.5	97362.4	-999.9
Ntarla	1988	9	5	249	21.7	29.7	22.1	-999.9	1.6	1.6	97370.1	-999.9
Ntarla	1988	9	6	250	22.4	28.4	17.0	-999.9	9.7	1.6	97421.1	-999.9
Ntarla	1988	9	7	251	21.7	29.1	19.6	-999.9	0.0	2.2	97374.9	-999.9
Ntarla	1988	9	8	252	22.2	29.6	22.1	-999.9	0.0	2.0	97249.8	-999.9
Ntarla	1988	9	9	253	22.4	30.1	18.9	-999.9	33.8	2.0	97150.8	-999.9
Ntarla	1988	9	10	254	21.3	25.4	9.2	-999.9	8.4	1.6	97233.2	-999.9
Ntarla	1988	9	11	255	21.6	26.5	10.9	-999.9	11.8	1.7	97291.6	-999.9
Ntarla	1988	9	12	256	21.7	28.8	17.1	-999.9	10.3	1.3	97294.8	-999.9
Ntarla	1988	9	13	257	21.1	28.2	15.5	-999.9	1.7	1.2	97197.4	-999.9
Ntarla	1988	9	14	258	21.5	29.7	20.8	-999.9	0.2	1.3	97290.7	-999.9
Ntarla	1988	9	15	259	22.0	29.0	19.2	-999.9	2.5	0.9	97424.8	-999.9
Ntarla	1988	9	16	260	21.5	29.9	20.7	-999.9	0.0	1.1	97411.0	-999.9
Ntarla	1988	9	17	261	22.5	28.7	16.6	-999.9	0.0	1.5	97307.9	-999.9
Ntarla	1988	9	18	262	21.7	29.5	18.8	-999.9	0.0	1.5	97322.2	-999.9
Ntarla	1988	9	19	263	21.2	31.0	23.7	-999.9	0.0	1.2	97387.5	-999.9
Ntarla	1988	9	20	264	22.7	30.6	22.5	-999.9	12.6	1.6	97452.1	-999.9
Ntarla	1988	9	21	265	23.9	29.6	16.7	-999.9	11.2	2.3	97449.6	-999.9
Ntarla	1988	9	22	266	22.5	30.6	22.8	-999.9	0.0	1.6	97320.8	-999.9
Ntarla	1988	9	23	267	22.8	28.9	19.7	-999.9	11.2	1.5	97348.1	-999.9
Ntarla	1988	9	24	268	22.2	30.8	22.8	-999.9	0.0	1.7	97307.1	-999.9
Ntarla	1988	9	25	269	23.2	27.7	11.4	-999.9	5.6	1.8	97294.6	-999.9
Ntarla	1988	9	26	270	21.8	29.7	20.3	-999.9	0.0	2.0	97426.2	-999.9
Ntarla	1988	9	27	271	21.7	31.1	23.2	-999.9	0.0	1.1	97371.5	-999.9
Ntarla	1988	9	28	272	23.5	31.4	21.5	-999.9	0.0	1.6	97215.0	-999.9
Ntarla	1988	9	29	273	22.4	30.4	22.4	-999.9	0.0	1.8	97325.1	-999.9
Ntarla	1988	9	30	274	23.3	29.9	19.0	-999.9	12.4	1.6	97366.0	-999.9
Ntarla	1988	10	1	275	21.9	29.1	20.7	-999.9	0.0	1.7	97346.3	-999.9
Ntarla	1988	10	2	276	21.7	30.2	21.7	-999.9	0.0	1.1	97284.1	-999.9
Ntarla	1988	10	3	277	22.8	29.9	19.7	-999.9	0.0	1.5	97244.0	-999.9
Ntarla	1988	10	4	278	22.1	30.1	20.8	-999.9	0.0	1.3	97308.9	-999.9
Ntarla	1988	10	5	279	22.3	31.0	21.9	-999.9	0.0	1.4	97386.3	-999.9
Ntarla	1988	10	6	280	20.9	31.4	22.6	-999.9	0.0	1.4	97379.3	-999.9
Ntarla	1988	10	7	281	20.3	32.0	23.1	-999.9	0.0	1.3	97285.5	-999.9
Ntarla	1988	10	8	282	19.8	31.8	23.6	-999.9	0.0	1.4	97239.4	-999.9
Ntarla	1988	10	9	283	20.3	31.8	23.8	-999.9	0.0	1.6	97372.4	-999.9
Ntarla	1988	10	10	284	20.8	32.2	22.9	-999.9	0.0	1.4	97427.4	-999.9
Ntarla	1988	10	11	285	22.9	33.0	22.8	-999.9	0.0	1.3	97350.5	-999.9
Ntarla	1988	10	12	286	24.3	32.1	22.3	-999.9	0.0	2.0	97274.2	-999.9
Ntarla	1988	10	13	287	23.5	30.7	18.0	-999.9	0.0	1.7	97291.6	-999.9
Ntarla	1988	10	14	288	22.8	31.1	19.6	-999.9	0.0	1.1	97211.3	-999.9
Ntarla	1988	10	15	289	23.6	32.1	18.9	-999.9	2.3	1.3	97162.4	-999.9
Ntarla	1988	10	16	290	22.7	32.3	20.5	-999.9	8.1	1.5	97220.2	-999.9
Ntarla	1988	10	17	291	22.7	31.9	19.3	-999.9	4.0	1.5	97251.5	-999.9
Ntarla	1988	10	18	292	23.8	30.6	18.5	-999.9	10.3	1.6	97208.7	-999.9
Ntarla	1988	10	19	293	22.4	29.8	17.7	-999.9	0.0	2.0	97212.7	-999.9
Ntarla	1988	10	20	294	22.1	31.3	20.8	-999.9	0.0	1.2	97355.8	-999.9
Ntarla	1988	10	21	295	21.3	32.6	20.9	-999.9	0.0	1.1	97309.6	-999.9
Ntarla	1988	10	22	296	20.8	33.6	22.2	-999.9	0.0	1.3	97211.9	-999.9
Ntarla	1988	10	23	297	19.5	33.5	23.0	-999.9	0.0	1.0	97153.9	-999.9
Ntarla	1988	10	24	298	20.2	32.9	20.6	-999.9	0.0	1.3	97129.2	-999.9
Ntarla	1988	10	25	299	22.1	32.6	20.4	-999.9	0.0	1.4	97130.3	-999.9
Ntarla	1988	10	26	300	22.2	33.4	19.9	-999.9	0.0	1.5	97038.6	-999.9
Ntarla	1988	10	27	301	22.8	32.2	19.7	-999.9	0.0	1.4	97039.4	-999.9
Ntarla	1988	10	28	302	22.5	32.7	19.8	-999.9	0.0	1.6	97211.9	-999.9
Ntarla	1988	10	29	303	21.6	34.3	21.8	-999.9	0.0	1.7	97388.0	-999.9
Ntarla	1988	10	30	304	20.7	34.5	21.5	-999.9	0.0	1.6	97356.5	-999.9
Ntarla	1988	10	31	305	22.7	34.7	22.3	-999.9	0.0	1.7	97179.6	-999.9
Ntarla	1988	11	1	306	21.1	32.9	20.3	-999.9	0.0	1.5	97253.0	-999.9
Ntarla	1988	11	2	307	21.8	31.8	19.5	-999.9	0.0	1.6	97343.0	-999.9
Ntarla	1988	11	3	308	23.7	32.4	19.5	-999.9	1.9	1.7	97367.2	-999.9
Ntarla	1988	11	4	309	23.1	33.5	20.0	-999.9	0.0	1.8	97304.6	-999.9
Ntarla	1988	11	5	310	20.8	34.0	22.2	-999.9	0.0	1.6	97382.5	-999.9
Ntarla	1988	11	6	311	19.8	34.9	22.1	-999.9	0.0	1.3	97430.6	-999.9
Ntarla	1988	11	7	312	21.0	34.9	21.8	-999.9	0.0	2.1	97436.9	-999.9
Ntarla	1988	11	8	313	18.1	33.8	22.5	-999.9	0.0	2.1	97369.4	-999.9
Ntarla	1988	11	9	314	16.8	33.3	22.2	-999.9	0.0	1.5	97340.5	-999.9
Ntarla	1988	11	10	315	18.7	33.5	21.8	-999.9	0.0	1.5	97359.2	-999.9
Ntarla	1988	11	11	316	18.8	33.8	21.7	-999.9	0.0	1.8	97330.4	-999.9
Ntarla	1988	11	12	317	17.9	34.2	22.0	-999.9	0.0	1.8	97337.9	-999.9
Ntarla	1988	11	13	318	18.4	34.9	22.0	-999.9	0.0	1.8	97326.4	-999.9
Ntarla	1988	11	14	319	18.7	34.2	21.6	-999.9	0.0	2.2	97348.3	-999.9
Ntarla	1988	11	15	320	17.9	33.8	21.9	-999.9	0.0	2.2	97265.9	-999.9
Ntarla	1988	11	16	321	17.1	33.3	21.9	-999.9	0.0	2.0	97227.5	-999.9
Ntarla	1988	11	17	322	16.6	33.2	21.9	-999.9	0.0	2.0	97221.9	-999.9
Ntarla	1988	11	18	323	17.7	33.4	21.4	-999.9	0.0	2.1	97275.7	-999.9
Ntarla	1988	11	19	324	18.5	32.9	21.4	-999.9	0.0	2.3	97351.2	-999.9
Ntarla	1988	11	20	325	19.8	31.8	21.3	-999.9	0.0	2.7	97442.6	-999.9
Ntarla	1988	11	21	326	17.7	30.3	21.3	-999.9	0.0	2.2	97509.5	-999.9
Ntarla	1988	11	22	327	16.6	30.7	21.0	-999.9	0.0	1.7	97429.1	-999.9
Ntarla	1988	11	23	328	19.6	33.1	20.9	-999.9	0.0	1.9	97387.8	-999.9
Ntarla	1988	11	24	329	19.8	34.3	20.8	-999.9	0.0	1.9	97354.2	-999.9
Ntarla	1988	11	25	330	20.3	34.3	20.8	-999.9	0.0	1.9	97329.4	-999.9
Ntarla	1988	11	26	331	18.8	32.6	20.6	-999.9	0.0	1.4	97262.7	-999.9
Ntarla	1988	11	27	332	19.6	32.9	20.5	-999.9	0.0	1.3	97210.4	-999.9
Ntarla	1988	11	28	333	19.3	31.8	20.4	-999.9	0.0	1.8	97231.0	-999.9
Ntarla	1988	11	29	334	19.7	31.7	20.1	-999.9	0.0	1.9	97257.0	-999.9
Ntarla	1988	11	30	335	19.8	30.6	19.7	-999.9	0.0	2.5	97355.5	-999.9
Ntarla	1988	12	1	336	19.4	30.4	20.1	-999.9	0.0	2.2	97319.1	-999.9
Ntarla	1988	12	2	337	18.6	31.8	20.4	-999.9	0.0	2.2	97337.6	-999.9
Ntarla	1988	12	3	338	20.2	32.9	20.0	-999.9	0.0	2.7	97442.8	-999.9
Ntarla	1988	12	4	339	21.0	33.7	20.3	-999.9	0.0	2.4	97485.1	-999.9
Ntarla	1988	12	5	340	18.8	34.2	20.6	-999.9	0.0	2.3	97342.4	-999.9
Ntarla	1988	12	6	341	18.2	33.7	20.8	-999.9	0.0	1.9	97202.5	-999.9
Ntarla	1988	12	7	342	16.4	33.7	20.6	-999.9	0.0	1.7	97090.7	-999.9
Ntarla	1988	12	8	343	17.4	33.4	20.3	-999.9	0.0	1.6	97189.2	-999.9
Ntarla	1988	12	9	344	19.0	33.2	20.1	-999.9	0.0	2.3	97324.1	-999.9
Ntarla	1988	12	10	345	17.8	30.6	20.6	-999.9	0.0	2.8	97486.2	-999.9
Ntarla	1988	12	11	346	14.9	27.3	20.8	-999.9	0.0	2.7	97594.4	-999.9
Ntarla	1988	12	12	347	12.5	26.4	20.9	-999.9	0.0	2.4	97584.8	-999.9
Ntarla	1988	12	13	348	13.4	28.4	20.5	-999.9	0.0	2.3	97490.1	-999.9
Ntarla	1988	12	14	349	15.5	29.9	20.1	-999.9	0.0	2.3	97505.9	-999.9
Ntarla	1988	12	15	350	16.3	29.3	19.9	-999.9	0.0	2.6	97525.9	-999.9
Ntarla	1988	12	16	351	16.4	28.9	20.1	-999.9	0.0	2.3	97378.0	-999.9
Ntarla	1988	12	17	352	16.2	29.2	20.1	-999.9	0.0	2.2	97416.1	-999.9
Ntarla	1988	12	18	353	16.5	31.1	20.2	-999.9	0.0	2.3	97459.1	-999.9
Ntarla	1988	12	19	354	17.5	31.9	20.3	-999.9	0.0	2.6	97368.8	-999.9
Ntarla	1988	12	20	355	17.6	31.4	20.6	-999.9	0.0	2.7	97420.3	-999.9
Ntarla	1988	12	21	356	16.9	30.6	20.3	-999.9	0.0	2.4	97435.0	-999.9
Ntarla	1988	12	22	357	15.7	28.7	20.5	-999.9	0.0	2.8	97473.8	-999.9
Ntarla	1988	12	23	358	14.2	26.4	20.6	-999.9	0.0	2.8	97586.5	-999.9
Ntarla	1988	12	24	359	12.5	25.7	20.6	-999.9	0.0	2.4	97593.7	-999.9
Ntarla	1988	12	25	360	12.8	27.7	20.6	-999.9	0.0	2.0	97619.0	-999.9
Ntarla	1988	12	26	361	14.3	29.5	20.4	-999.9	0.0	1.8	97547.9	-999.9
Ntarla	1988	12	27	362	15.5	30.7	20.2	-999.9	0.0	1.7	97432.5	-999.9
Ntarla	1988	12	28	363	16.5	31.4	20.1	-999.9	0.0	1.9	97374.8	-999.9
Ntarla	1988	12	29	364	16.9	31.7	20.3	-999.9	0.0	2.0	97405.3	-999.9
Ntarla	1988	12	30	365	17.3	31.7	20.4	-999.9	0.0	2.1	97449.5	-999.9
Ntarla	1988	12	31	366	17.1	30.6	20.4	-999.9	0.0	2.6	97580.2	-999.9
