Ntarla	2008	1	1	1	13.4	27.9	20.7	-999.9	0.0	2.4	97526.0	-999.9
Ntarla	2008	1	2	2	13.1	28.2	20.6	-999.9	0.0	2.3	97624.6	-999.9
Ntarla	2008	1	3	3	12.8	28.8	20.9	-999.9	0.0	2.2	97667.4	-999.9
Ntarla	2008	1	4	4	13.6	29.6	20.7	-999.9	0.0	2.0	97607.2	-999.9
Ntarla	2008	1	5	5	14.3	29.8	20.8	-999.9	0.0	2.5	97589.1	-999.9
Ntarla	2008	1	6	6	13.8	26.8	21.1	-999.9	0.0	2.9	97719.4	-999.9
Ntarla	2008	1	7	7	11.9	25.4	21.4	-999.9	0.0	2.6	97753.9	-999.9
Ntarla	2008	1	8	8	11.9	26.0	20.1	-999.9	0.0	2.4	97623.6	-999.9
Ntarla	2008	1	9	9	11.6	27.0	21.3	-999.9	0.0	2.2	97495.8	-999.9
Ntarla	2008	1	10	10	13.3	29.3	20.9	-999.9	0.0	2.1	97404.5	-999.9
Ntarla	2008	1	11	11	14.5	30.3	20.5	-999.9	0.0	2.2	97355.1	-999.9
Ntarla	2008	1	12	12	15.7	31.5	20.2	-999.9	0.0	2.2	97367.8	-999.9
Ntarla	2008	1	13	13	17.0	32.4	20.5	-999.9	0.0	2.2	97381.7	-999.9
Ntarla	2008	1	14	14	17.6	32.9	19.6	-999.9	0.0	2.1	97392.7	-999.9
Ntarla	2008	1	15	15	17.9	33.9	20.9	-999.9	0.0	2.3	97347.3	-999.9
Ntarla	2008	1	16	16	18.1	32.1	20.9	-999.9	0.0	2.9	97406.2	-999.9
Ntarla	2008	1	17	17	17.0	30.1	21.0	-999.9	0.0	3.1	97506.2	-999.9
Ntarla	2008	1	18	18	14.9	29.9	21.2	-999.9	0.1	2.5	97477.1	-999.9
Ntarla	2008	1	19	19	15.3	30.7	21.3	-999.9	0.0	2.5	97436.0	-999.9
Ntarla	2008	1	20	20	16.0	30.9	21.3	-999.9	0.0	2.8	97464.4	-999.9
Ntarla	2008	1	21	21	16.1	30.1	21.4	-999.9	0.0	3.2	97554.7	-999.9
Ntarla	2008	1	22	22	15.3	28.7	21.7	-999.9	0.0	2.9	97670.6	-999.9
Ntarla	2008	1	23	23	14.5	28.8	22.0	-999.9	0.0	2.6	97599.2	-999.9
Ntarla	2008	1	24	24	14.3	29.1	21.9	-999.9	0.0	2.7	97542.1	-999.9
Ntarla	2008	1	25	25	14.7	29.8	22.0	-999.9	0.0	2.6	97564.5	-999.9
Ntarla	2008	1	26	26	15.2	29.8	22.1	-999.9	0.0	2.9	97567.8	-999.9
Ntarla	2008	1	27	27	15.2	29.4	22.1	-999.9	0.0	3.2	97661.7	-999.9
Ntarla	2008	1	28	28	14.7	29.1	22.2	-999.9	0.0	2.8	97621.2	-999.9
Ntarla	2008	1	29	29	15.8	29.4	22.0	-999.9	0.0	2.9	97495.3	-999.9
Ntarla	2008	1	30	30	16.1	29.6	20.2	-999.9	0.0	3.1	97499.0	-999.9
Ntarla	2008	1	31	31	16.1	30.8	21.8	-999.9	0.0	2.9	97414.1	-999.9
Ntarla	2008	2	1	32	16.2	31.8	22.2	-999.9	0.0	2.6	97398.8	-999.9
Ntarla	2008	2	2	33	15.6	32.8	22.3	-999.9	0.0	2.3	97305.2	-999.9
Ntarla	2008	2	3	34	16.2	33.7	22.4	-999.9	0.0	2.3	97361.9	-999.9
Ntarla	2008	2	4	35	17.9	35.2	22.3	-999.9	0.0	2.3	97405.9	-999.9
Ntarla	2008	2	5	36	19.3	35.9	22.1	-999.9	0.0	2.3	97412.1	-999.9
Ntarla	2008	2	6	37	19.8	36.4	22.2	-999.9	0.0	2.3	97421.6	-999.9
Ntarla	2008	2	7	38	20.2	36.1	22.3	-999.9	0.0	2.4	97354.3	-999.9
Ntarla	2008	2	8	39	20.2	34.9	22.4	-999.9	0.0	2.6	97253.6	-999.9
Ntarla	2008	2	9	40	20.2	34.5	22.4	-999.9	0.0	2.8	97288.5	-999.9
Ntarla	2008	2	10	41	20.1	35.1	22.3	-999.9	0.0	2.8	97362.2	-999.9
Ntarla	2008	2	11	42	20.2	35.6	22.0	-999.9	0.0	2.5	97377.3	-999.9
Ntarla	2008	2	12	43	19.2	35.1	22.6	-999.9	0.0	2.3	97302.9	-999.9
Ntarla	2008	2	13	44	19.2	34.7	22.7	-999.9	0.0	2.8	97342.9	-999.9
Ntarla	2008	2	14	45	18.9	34.8	22.9	-999.9	0.0	2.5	97269.6	-999.9
Ntarla	2008	2	15	46	19.0	35.6	23.1	-999.9	0.0	2.5	97258.8	-999.9
Ntarla	2008	2	16	47	19.6	36.2	23.0	-999.9	0.0	2.9	97309.0	-999.9
Ntarla	2008	2	17	48	21.9	34.8	23.1	-999.9	0.0	3.4	97416.3	-999.9
Ntarla	2008	2	18	49	20.1	34.2	23.3	-999.9	0.0	3.1	97454.6	-999.9
Ntarla	2008	2	19	50	19.8	34.1	23.5	-999.9	0.0	3.1	97430.5	-999.9
Ntarla	2008	2	20	51	19.5	33.5	23.5	-999.9	0.0	3.0	97497.9	-999.9
Ntarla	2008	2	21	52	18.8	33.3	23.6	-999.9	0.0	2.9	97472.6	-999.9
Ntarla	2008	2	22	53	18.4	34.4	23.6	-999.9	0.0	2.4	97465.6	-999.9
Ntarla	2008	2	23	54	19.3	36.1	23.7	-999.9	0.0	2.0	97425.7	-999.9
Ntarla	2008	2	24	55	18.6	37.5	23.8	-999.9	0.0	1.8	97267.0	-999.9
Ntarla	2008	2	25	56	19.8	38.0	23.9	-999.9	0.0	2.2	97174.9	-999.9
Ntarla	2008	2	26	57	20.0	36.7	22.0	-999.9	0.0	1.9	97169.8	-999.9
Ntarla	2008	2	27	58	22.8	36.1	20.1	-999.9	0.0	1.8	97179.3	-999.9
Ntarla	2008	2	28	59	22.9	37.3	23.8	-999.9	0.0	2.2	97228.4	-999.9
Ntarla	2008	2	29	60	22.1	37.1	23.9	-999.9	0.0	2.1	97249.1	-999.9
Ntarla	2008	3	1	61	20.9	37.0	24.4	-999.9	0.0	2.2	97149.9	-999.9
Ntarla	2008	3	2	62	21.6	37.5	24.4	-999.9	0.0	2.0	97042.5	-999.9
Ntarla	2008	3	3	63	22.4	37.4	24.2	-999.9	0.0	2.5	97080.2	-999.9
Ntarla	2008	3	4	64	20.3	36.9	23.8	-999.9	0.0	1.9	97098.4	-999.9
Ntarla	2008	3	5	65	22.6	37.4	24.3	-999.9	0.0	2.3	96976.6	-999.9
Ntarla	2008	3	6	66	24.2	37.1	23.4	-999.9	0.0	3.1	97043.7	-999.9
Ntarla	2008	3	7	67	23.1	36.3	24.6	-999.9	0.0	3.3	97199.6	-999.9
Ntarla	2008	3	8	68	20.8	35.4	25.2	-999.9	0.0	2.7	97254.9	-999.9
Ntarla	2008	3	9	69	20.3	35.7	25.1	-999.9	0.0	2.1	97174.8	-999.9
Ntarla	2008	3	10	70	19.7	37.5	25.0	-999.9	0.0	1.9	96963.3	-999.9
Ntarla	2008	3	11	71	20.4	36.7	24.6	-999.9	0.0	1.6	97041.6	-999.9
Ntarla	2008	3	12	72	25.1	34.5	21.2	-999.9	0.0	3.1	97238.7	-999.9
Ntarla	2008	3	13	73	23.3	34.3	20.6	-999.9	0.0	2.1	97292.9	-999.9
Ntarla	2008	3	14	74	22.4	38.0	24.6	-999.9	0.0	2.2	97157.5	-999.9
Ntarla	2008	3	15	75	22.2	38.7	25.0	-999.9	0.0	2.8	97136.4	-999.9
Ntarla	2008	3	16	76	20.9	38.3	25.4	-999.9	0.0	2.3	97208.2	-999.9
Ntarla	2008	3	17	77	22.4	38.0	25.8	-999.9	0.0	2.8	97159.7	-999.9
Ntarla	2008	3	18	78	20.5	38.2	25.9	-999.9	0.0	2.3	97144.6	-999.9
Ntarla	2008	3	19	79	20.3	37.7	25.8	-999.9	0.0	1.5	97110.9	-999.9
Ntarla	2008	3	20	80	22.0	37.7	23.9	-999.9	0.0	2.1	97090.2	-999.9
Ntarla	2008	3	21	81	26.3	36.7	21.3	-999.9	0.0	1.8	96992.8	-999.9
Ntarla	2008	3	22	82	26.7	36.1	20.3	-999.9	3.2	2.0	96943.8	-999.9
Ntarla	2008	3	23	83	24.1	36.2	22.8	-999.9	0.0	1.2	97063.7	-999.9
Ntarla	2008	3	24	84	26.0	36.2	20.5	-999.9	0.0	2.2	97154.4	-999.9
Ntarla	2008	3	25	85	25.4	37.2	23.0	-999.9	0.0	2.0	97228.9	-999.9
Ntarla	2008	3	26	86	23.2	39.7	25.5	-999.9	0.0	2.9	97068.8	-999.9
Ntarla	2008	3	27	87	27.6	40.2	25.8	-999.9	0.0	3.9	96969.5	-999.9
Ntarla	2008	3	28	88	25.4	39.5	26.1	-999.9	0.0	3.0	96908.3	-999.9
Ntarla	2008	3	29	89	22.7	38.9	26.3	-999.9	0.0	2.3	96955.9	-999.9
Ntarla	2008	3	30	90	20.8	39.0	26.4	-999.9	0.0	2.1	96886.1	-999.9
Ntarla	2008	3	31	91	21.2	39.9	26.5	-999.9	0.0	2.2	96748.5	-999.9
Ntarla	2008	4	1	92	21.8	38.6	25.2	-999.9	0.0	1.6	96716.4	-999.9
Ntarla	2008	4	2	93	24.5	39.0	25.8	-999.9	0.0	2.3	96821.4	-999.9
Ntarla	2008	4	3	94	25.5	38.3	25.9	-999.9	0.0	3.0	96964.5	-999.9
Ntarla	2008	4	4	95	21.6	36.1	26.3	-999.9	0.0	2.4	97145.3	-999.9
Ntarla	2008	4	5	96	20.8	35.4	26.8	-999.9	0.0	2.7	97168.9	-999.9
Ntarla	2008	4	6	97	20.4	36.5	25.9	-999.9	0.0	2.3	97186.5	-999.9
Ntarla	2008	4	7	98	20.4	37.8	26.2	-999.9	0.0	2.5	97224.0	-999.9
Ntarla	2008	4	8	99	23.0	38.5	26.4	-999.9	0.0	2.8	97152.2	-999.9
Ntarla	2008	4	9	100	21.1	38.5	26.5	-999.9	0.0	2.4	97130.7	-999.9
Ntarla	2008	4	10	101	22.1	38.6	27.0	-999.9	0.0	2.3	96945.5	-999.9
Ntarla	2008	4	11	102	21.7	38.4	26.7	-999.9	0.0	2.0	96864.5	-999.9
Ntarla	2008	4	12	103	23.9	36.9	21.5	-999.9	0.0	1.7	96925.8	-999.9
Ntarla	2008	4	13	104	25.9	39.2	23.8	-999.9	0.0	1.5	96841.1	-999.9
Ntarla	2008	4	14	105	22.4	39.1	25.8	-999.9	0.0	1.7	96823.5	-999.9
Ntarla	2008	4	15	106	24.9	38.8	25.4	-999.9	0.0	2.3	96836.2	-999.9
Ntarla	2008	4	16	107	27.8	37.3	22.2	-999.9	0.0	2.4	97028.5	-999.9
Ntarla	2008	4	17	108	26.1	37.3	23.1	-999.9	0.0	2.6	97121.8	-999.9
Ntarla	2008	4	18	109	27.0	38.5	21.9	-999.9	0.0	1.7	96986.7	-999.9
Ntarla	2008	4	19	110	28.6	39.0	24.1	-999.9	0.0	2.9	97031.8	-999.9
Ntarla	2008	4	20	111	28.1	39.8	24.9	-999.9	7.4	2.0	97051.7	-999.9
Ntarla	2008	4	21	112	25.4	37.9	21.7	-999.9	6.5	2.1	97029.6	-999.9
Ntarla	2008	4	22	113	26.4	39.6	25.0	-999.9	0.0	1.9	96825.5	-999.9
Ntarla	2008	4	23	114	27.0	39.1	23.0	-999.9	0.0	2.5	96863.8	-999.9
Ntarla	2008	4	24	115	26.8	38.5	24.3	-999.9	0.0	2.0	96944.9	-999.9
Ntarla	2008	4	25	116	27.0	38.7	24.4	-999.9	0.0	2.0	96930.0	-999.9
Ntarla	2008	4	26	117	26.9	39.1	24.2	-999.9	0.0	2.2	96847.6	-999.9
Ntarla	2008	4	27	118	27.9	38.2	23.4	-999.9	0.0	2.3	96936.8	-999.9
Ntarla	2008	4	28	119	27.6	37.6	23.2	-999.9	0.0	2.3	96953.4	-999.9
Ntarla	2008	4	29	120	24.4	37.1	23.0	-999.9	0.0	1.8	96980.2	-999.9
Ntarla	2008	4	30	121	23.7	33.3	22.8	-999.9	0.0	1.4	97072.8	-999.9
Ntarla	2008	5	1	122	25.5	34.9	22.7	-999.9	0.0	1.5	97088.5	-999.9
Ntarla	2008	5	2	123	25.3	38.8	25.4	-999.9	0.0	2.4	97052.2	-999.9
Ntarla	2008	5	3	124	22.2	39.6	26.0	-999.9	0.0	2.3	96933.3	-999.9
Ntarla	2008	5	4	125	25.2	39.1	25.0	-999.9	0.0	2.2	96956.8	-999.9
Ntarla	2008	5	5	126	27.5	38.9	25.3	-999.9	3.6	2.3	97054.0	-999.9
Ntarla	2008	5	6	127	26.8	37.6	25.0	-999.9	0.0	2.3	97146.9	-999.9
Ntarla	2008	5	7	128	27.1	38.1	24.7	-999.9	0.0	1.9	97118.7	-999.9
Ntarla	2008	5	8	129	28.8	38.5	23.3	-999.9	0.0	2.1	96998.6	-999.9
Ntarla	2008	5	9	130	26.7	37.9	22.9	-999.9	0.0	3.1	96983.7	-999.9
Ntarla	2008	5	10	131	26.3	37.5	23.8	-999.9	0.0	2.2	97109.7	-999.9
Ntarla	2008	5	11	132	26.0	37.4	24.0	-999.9	10.1	1.5	97191.3	-999.9
Ntarla	2008	5	12	133	25.2	34.5	20.7	-999.9	0.0	2.2	97234.9	-999.9
Ntarla	2008	5	13	134	25.9	33.9	21.1	-999.9	0.0	2.3	97290.3	-999.9
Ntarla	2008	5	14	135	26.1	36.6	22.8	-999.9	0.0	1.8	97289.9	-999.9
Ntarla	2008	5	15	136	26.0	39.3	24.6	-999.9	0.0	2.0	97225.5	-999.9
Ntarla	2008	5	16	137	27.0	39.8	24.8	-999.9	0.0	2.4	97107.3	-999.9
Ntarla	2008	5	17	138	27.4	38.8	23.9	-999.9	6.3	2.9	97168.7	-999.9
Ntarla	2008	5	18	139	26.5	36.2	21.2	-999.9	0.0	1.7	97183.3	-999.9
Ntarla	2008	5	19	140	26.1	36.3	22.5	-999.9	0.0	2.2	97111.5	-999.9
Ntarla	2008	5	20	141	25.6	37.1	22.5	-999.9	6.3	1.8	97181.9	-999.9
Ntarla	2008	5	21	142	23.8	34.9	21.5	-999.9	0.0	2.1	97203.1	-999.9
Ntarla	2008	5	22	143	26.2	37.2	24.3	-999.9	0.0	2.1	97071.9	-999.9
Ntarla	2008	5	23	144	25.7	38.6	24.9	-999.9	0.0	2.1	97008.9	-999.9
Ntarla	2008	5	24	145	25.7	37.9	24.5	-999.9	0.0	2.6	96972.8	-999.9
Ntarla	2008	5	25	146	26.0	37.1	24.5	-999.9	4.4	2.8	97067.4	-999.9
Ntarla	2008	5	26	147	24.6	35.7	22.6	-999.9	4.6	2.0	97212.5	-999.9
Ntarla	2008	5	27	148	25.0	36.6	24.4	-999.9	0.0	1.5	97175.8	-999.9
Ntarla	2008	5	28	149	26.7	40.3	24.0	-999.9	0.0	2.5	96943.8	-999.9
Ntarla	2008	5	29	150	25.9	36.7	23.4	-999.9	0.0	3.2	97096.6	-999.9
Ntarla	2008	5	30	151	25.4	36.9	23.7	-999.9	0.0	2.1	97309.2	-999.9
Ntarla	2008	5	31	152	25.6	37.1	24.7	-999.9	0.0	1.3	97274.0	-999.9
Ntarla	2008	6	1	153	26.2	38.8	24.0	-999.9	3.9	1.8	97183.5	-999.9
Ntarla	2008	6	2	154	25.2	37.7	25.2	-999.9	3.9	2.5	97135.5	-999.9
Ntarla	2008	6	3	155	26.4	37.5	24.0	-999.9	0.0	2.3	97209.4	-999.9
Ntarla	2008	6	4	156	24.1	36.2	24.0	-999.9	11.6	2.3	97368.3	-999.9
Ntarla	2008	6	5	157	25.8	37.5	24.6	-999.9	0.0	1.8	97337.5	-999.9
Ntarla	2008	6	6	158	26.8	38.3	24.1	-999.9	0.0	2.6	97201.7	-999.9
Ntarla	2008	6	7	159	26.6	37.1	24.8	-999.9	0.0	3.3	97190.0	-999.9
Ntarla	2008	6	8	160	25.8	36.8	24.6	-999.9	3.2	2.5	97230.6	-999.9
Ntarla	2008	6	9	161	27.5	37.9	23.9	-999.9	3.2	1.9	97186.2	-999.9
Ntarla	2008	6	10	162	26.4	36.9	24.1	-999.9	3.2	1.9	97211.4	-999.9
Ntarla	2008	6	11	163	25.2	34.1	23.0	-999.9	14.3	2.5	97305.3	-999.9
Ntarla	2008	6	12	164	25.7	35.9	24.2	-999.9	7.2	2.1	97292.7	-999.9
Ntarla	2008	6	13	165	23.4	35.0	24.7	-999.9	7.2	1.9	97228.3	-999.9
Ntarla	2008	6	14	166	26.5	35.5	23.8	-999.9	0.0	2.4	97247.6	-999.9
Ntarla	2008	6	15	167	26.1	36.4	24.8	-999.9	0.0	1.9	97300.5	-999.9
Ntarla	2008	6	16	168	27.1	38.4	25.0	-999.9	14.5	2.8	97130.3	-999.9
Ntarla	2008	6	17	169	26.9	36.9	25.1	-999.9	0.0	2.7	97133.2	-999.9
Ntarla	2008	6	18	170	25.5	34.5	22.4	-999.9	0.0	2.8	97297.3	-999.9
Ntarla	2008	6	19	171	25.4	35.0	24.4	-999.9	0.0	2.4	97374.7	-999.9
Ntarla	2008	6	20	172	26.0	36.0	24.4	-999.9	7.3	2.3	97165.5	-999.9
Ntarla	2008	6	21	173	25.8	36.1	23.8	-999.9	5.4	2.8	97035.6	-999.9
Ntarla	2008	6	22	174	26.6	34.2	21.8	-999.9	0.0	2.5	97178.7	-999.9
Ntarla	2008	6	23	175	25.2	34.5	22.7	-999.9	5.4	2.2	97205.4	-999.9
Ntarla	2008	6	24	176	23.6	29.4	12.3	-999.9	5.4	2.3	97292.5	-999.9
Ntarla	2008	6	25	177	23.4	30.3	19.3	-999.9	10.7	2.4	97337.8	-999.9
Ntarla	2008	6	26	178	23.3	28.2	12.6	-999.9	0.0	2.5	97497.4	-999.9
Ntarla	2008	6	27	179	22.2	30.8	20.7	-999.9	0.0	1.4	97520.2	-999.9
Ntarla	2008	6	28	180	23.9	32.1	22.3	-999.9	7.9	1.6	97492.4	-999.9
Ntarla	2008	6	29	181	23.3	29.4	16.3	-999.9	15.7	1.4	97548.8	-999.9
Ntarla	2008	6	30	182	22.8	29.9	20.3	-999.9	7.9	1.9	97564.1	-999.9
Ntarla	2008	7	1	183	22.5	29.6	20.5	-999.9	0.0	1.9	97629.1	-999.9
Ntarla	2008	7	2	184	22.3	31.4	23.8	-999.9	0.0	1.6	97559.7	-999.9
Ntarla	2008	7	3	185	23.9	32.1	23.2	-999.9	0.0	1.7	97438.2	-999.9
Ntarla	2008	7	4	186	23.2	31.3	21.8	-999.9	13.0	2.0	97440.9	-999.9
Ntarla	2008	7	5	187	23.4	29.4	17.7	-999.9	0.0	2.3	97537.7	-999.9
Ntarla	2008	7	6	188	23.0	30.3	18.6	-999.9	0.0	2.1	97461.8	-999.9
Ntarla	2008	7	7	189	22.5	30.1	19.6	-999.9	16.9	2.3	97417.6	-999.9
Ntarla	2008	7	8	190	23.0	29.9	19.4	-999.9	5.6	1.6	97446.6	-999.9
Ntarla	2008	7	9	191	22.2	29.7	16.9	-999.9	0.0	2.0	97528.6	-999.9
Ntarla	2008	7	10	192	22.4	29.6	18.6	-999.9	0.0	2.1	97607.2	-999.9
Ntarla	2008	7	11	193	22.3	31.3	21.6	-999.9	5.2	1.8	97565.6	-999.9
Ntarla	2008	7	12	194	23.0	28.4	15.4	-999.9	10.4	1.9	97370.1	-999.9
Ntarla	2008	7	13	195	22.6	29.1	18.3	-999.9	0.0	1.7	97253.6	-999.9
Ntarla	2008	7	14	196	22.9	32.2	24.6	-999.9	0.0	1.9	97302.4	-999.9
Ntarla	2008	7	15	197	24.2	31.7	22.7	-999.9	20.7	2.7	97258.7	-999.9
Ntarla	2008	7	16	198	23.5	28.3	14.6	-999.9	12.4	2.7	97302.5	-999.9
Ntarla	2008	7	17	199	22.7	28.3	18.7	-999.9	0.0	3.0	97434.7	-999.9
Ntarla	2008	7	18	200	21.9	30.7	23.8	-999.9	0.0	2.4	97484.8	-999.9
Ntarla	2008	7	19	201	23.4	29.8	18.8	-999.9	18.7	2.3	97314.5	-999.9
Ntarla	2008	7	20	202	22.7	25.1	7.2	-999.9	0.0	1.8	97245.0	-999.9
Ntarla	2008	7	21	203	21.6	28.8	16.7	-999.9	0.0	2.3	97532.4	-999.9
Ntarla	2008	7	22	204	22.0	29.7	20.1	-999.9	18.0	2.1	97443.5	-999.9
Ntarla	2008	7	23	205	22.9	29.1	16.9	-999.9	0.0	1.9	97319.2	-999.9
Ntarla	2008	7	24	206	22.6	29.8	20.8	-999.9	0.0	2.0	97410.0	-999.9
Ntarla	2008	7	25	207	23.2	30.1	22.2	-999.9	0.0	1.9	97554.6	-999.9
Ntarla	2008	7	26	208	22.8	30.3	20.5	-999.9	0.0	1.5	97498.6	-999.9
Ntarla	2008	7	27	209	22.8	28.2	16.6	-999.9	7.7	1.3	97515.8	-999.9
Ntarla	2008	7	28	210	22.7	28.6	19.0	-999.9	3.8	2.0	97471.8	-999.9
Ntarla	2008	7	29	211	22.6	29.4	19.3	-999.9	0.0	2.3	97475.0	-999.9
Ntarla	2008	7	30	212	22.9	30.7	22.6	-999.9	11.5	1.8	97410.8	-999.9
Ntarla	2008	7	31	213	22.4	29.7	18.9	-999.9	0.0	1.6	97370.8	-999.9
Ntarla	2008	8	1	214	22.9	30.7	22.4	-999.9	10.7	2.0	97274.0	-999.9
Ntarla	2008	8	2	215	23.5	29.6	19.4	-999.9	0.0	1.7	97263.5	-999.9
Ntarla	2008	8	3	216	22.9	30.3	21.3	-999.9	21.5	1.8	97303.4	-999.9
Ntarla	2008	8	4	217	22.9	29.4	17.4	-999.9	10.7	1.5	97364.8	-999.9
Ntarla	2008	8	5	218	22.5	29.4	19.0	-999.9	0.0	1.4	97443.4	-999.9
Ntarla	2008	8	6	219	22.2	29.9	22.7	-999.9	10.3	1.4	97364.4	-999.9
Ntarla	2008	8	7	220	22.9	30.3	19.6	-999.9	0.0	2.1	97324.1	-999.9
Ntarla	2008	8	8	221	23.5	29.6	15.6	-999.9	15.5	2.1	97256.8	-999.9
Ntarla	2008	8	9	222	22.1	29.8	18.2	-999.9	5.2	2.0	97404.2	-999.9
Ntarla	2008	8	10	223	22.7	29.2	18.0	-999.9	0.0	2.2	97389.8	-999.9
Ntarla	2008	8	11	224	23.1	30.9	23.1	-999.9	0.0	2.0	97254.9	-999.9
Ntarla	2008	8	12	225	23.3	27.8	13.0	-999.9	8.2	2.0	97223.3	-999.9
Ntarla	2008	8	13	226	22.4	29.3	18.1	-999.9	0.0	1.6	97294.0	-999.9
Ntarla	2008	8	14	227	22.5	29.1	18.8	-999.9	16.4	1.9	97498.1	-999.9
Ntarla	2008	8	15	228	23.1	29.7	20.5	-999.9	8.2	2.1	97400.9	-999.9
Ntarla	2008	8	16	229	21.9	29.9	19.6	-999.9	15.6	2.3	97150.6	-999.9
Ntarla	2008	8	17	230	22.3	27.3	13.0	-999.9	5.2	1.8	97180.4	-999.9
Ntarla	2008	8	18	231	21.6	27.3	15.8	-999.9	10.4	1.4	97270.8	-999.9
Ntarla	2008	8	19	232	22.0	26.3	11.4	-999.9	15.6	1.8	97269.1	-999.9
Ntarla	2008	8	20	233	22.0	26.7	14.0	-999.9	10.4	2.8	97250.9	-999.9
Ntarla	2008	8	21	234	21.9	29.3	21.0	-999.9	0.0	2.0	97330.4	-999.9
Ntarla	2008	8	22	235	22.8	29.8	20.1	-999.9	15.3	1.7	97195.6	-999.9
Ntarla	2008	8	23	236	22.4	26.3	10.4	-999.9	15.3	2.0	97263.7	-999.9
Ntarla	2008	8	24	237	21.7	27.5	13.7	-999.9	0.0	2.4	97450.6	-999.9
Ntarla	2008	8	25	238	21.4	29.6	22.6	-999.9	7.6	1.6	97457.9	-999.9
Ntarla	2008	8	26	239	22.2	27.9	14.1	-999.9	7.5	1.6	97317.9	-999.9
Ntarla	2008	8	27	240	21.8	28.7	17.0	-999.9	0.0	1.8	97238.8	-999.9
Ntarla	2008	8	28	241	21.4	28.9	18.3	-999.9	0.0	1.5	97260.8	-999.9
Ntarla	2008	8	29	242	22.3	29.8	19.5	-999.9	18.8	2.0	97222.2	-999.9
Ntarla	2008	8	30	243	21.5	28.3	16.7	-999.9	7.5	2.3	97320.8	-999.9
Ntarla	2008	8	31	244	20.6	29.3	17.8	-999.9	0.0	1.6	97357.1	-999.9
Ntarla	2008	9	1	245	22.0	29.7	21.8	-999.9	0.0	1.3	97275.7	-999.9
Ntarla	2008	9	2	246	21.9	26.1	12.6	-999.9	30.3	1.7	97297.8	-999.9
Ntarla	2008	9	3	247	21.7	27.1	11.5	-999.9	7.6	1.4	97416.1	-999.9
Ntarla	2008	9	4	248	20.0	30.8	23.4	-999.9	0.0	1.2	97387.0	-999.9
Ntarla	2008	9	5	249	23.0	28.2	17.3	-999.9	7.6	1.7	97417.5	-999.9
Ntarla	2008	9	6	250	22.4	30.6	21.3	-999.9	0.0	1.8	97505.5	-999.9
Ntarla	2008	9	7	251	22.4	31.2	23.8	-999.9	5.1	1.3	97405.8	-999.9
Ntarla	2008	9	8	252	22.4	30.5	22.7	-999.9	15.4	1.7	97353.3	-999.9
Ntarla	2008	9	9	253	22.5	30.4	21.6	-999.9	0.0	1.3	97452.8	-999.9
Ntarla	2008	9	10	254	23.2	30.3	20.2	-999.9	0.0	1.7	97505.9	-999.9
Ntarla	2008	9	11	255	22.2	28.8	16.3	-999.9	0.0	2.0	97352.6	-999.9
Ntarla	2008	9	12	256	21.9	28.9	17.3	-999.9	0.0	1.7	97311.3	-999.9
Ntarla	2008	9	13	257	22.2	29.9	21.9	-999.9	0.0	1.5	97345.9	-999.9
Ntarla	2008	9	14	258	21.9	28.3	15.8	-999.9	18.6	1.1	97430.1	-999.9
Ntarla	2008	9	15	259	21.9	29.3	19.5	-999.9	0.0	1.4	97396.8	-999.9
Ntarla	2008	9	16	260	22.3	24.9	7.7	-999.9	5.1	2.1	97372.2	-999.9
Ntarla	2008	9	17	261	21.8	29.3	19.7	-999.9	0.0	1.9	97435.9	-999.9
Ntarla	2008	9	18	262	21.9	30.8	23.0	-999.9	0.0	1.8	97426.5	-999.9
Ntarla	2008	9	19	263	23.3	29.2	17.4	-999.9	10.2	1.9	97366.3	-999.9
Ntarla	2008	9	20	264	22.1	29.4	20.2	-999.9	0.0	1.6	97552.4	-999.9
Ntarla	2008	9	21	265	22.1	30.5	22.8	-999.9	0.0	1.7	97509.4	-999.9
Ntarla	2008	9	22	266	21.8	31.5	24.2	-999.9	0.0	1.5	97376.3	-999.9
Ntarla	2008	9	23	267	23.0	31.0	21.5	-999.9	5.5	1.3	97272.0	-999.9
Ntarla	2008	9	24	268	23.0	29.3	19.2	-999.9	0.0	2.1	97377.9	-999.9
Ntarla	2008	9	25	269	22.3	31.3	23.5	-999.9	0.0	1.7	97384.1	-999.9
Ntarla	2008	9	26	270	22.6	30.5	22.2	-999.9	0.0	1.4	97356.4	-999.9
Ntarla	2008	9	27	271	22.6	30.8	22.0	-999.9	4.6	1.4	97362.3	-999.9
Ntarla	2008	9	28	272	23.0	30.7	22.5	-999.9	0.0	1.5	97458.1	-999.9
Ntarla	2008	9	29	273	23.0	30.7	22.1	-999.9	9.1	1.4	97430.1	-999.9
Ntarla	2008	9	30	274	22.7	29.8	21.1	-999.9	0.0	1.7	97450.1	-999.9
Ntarla	2008	10	1	275	22.5	30.3	21.4	-999.9	32.8	1.3	97424.1	-999.9
Ntarla	2008	10	2	276	21.9	29.9	20.3	-999.9	0.0	1.7	97404.4	-999.9
Ntarla	2008	10	3	277	22.1	31.2	23.1	-999.9	0.0	1.5	97317.3	-999.9
Ntarla	2008	10	4	278	22.5	30.2	19.5	-999.9	0.0	2.0	97260.5	-999.9
Ntarla	2008	10	5	279	22.2	31.4	22.8	-999.9	0.0	1.3	97173.6	-999.9
Ntarla	2008	10	6	280	22.5	32.5	22.2	-999.9	0.0	1.5	97236.5	-999.9
Ntarla	2008	10	7	281	23.5	33.2	23.2	-999.9	0.0	1.4	97296.1	-999.9
Ntarla	2008	10	8	282	24.3	30.6	21.2	-999.9	0.0	2.3	97311.6	-999.9
Ntarla	2008	10	9	283	22.9	32.6	23.0	-999.9	0.0	2.2	97117.7	-999.9
Ntarla	2008	10	10	284	22.9	32.6	22.0	-999.9	16.2	2.2	97117.5	-999.9
Ntarla	2008	10	11	285	22.5	28.3	13.1	-999.9	2.3	1.2	97359.3	-999.9
Ntarla	2008	10	12	286	22.2	28.7	16.6	-999.9	6.9	2.0	97493.8	-999.9
Ntarla	2008	10	13	287	22.1	30.7	19.8	-999.9	2.3	0.9	97444.4	-999.9
Ntarla	2008	10	14	288	21.9	33.3	22.2	-999.9	0.0	1.4	97282.8	-999.9
Ntarla	2008	10	15	289	22.0	33.0	22.0	-999.9	0.0	1.6	97399.2	-999.9
Ntarla	2008	10	16	290	21.9	33.5	22.3	-999.9	0.0	1.7	97514.6	-999.9
Ntarla	2008	10	17	291	21.4	33.9	22.2	-999.9	0.0	1.6	97373.5	-999.9
Ntarla	2008	10	18	292	21.6	33.2	19.6	-999.9	8.5	1.5	97327.0	-999.9
Ntarla	2008	10	19	293	23.8	33.5	21.3	-999.9	0.0	1.7	97392.3	-999.9
Ntarla	2008	10	20	294	24.2	32.2	20.6	-999.9	16.9	1.9	97514.6	-999.9
Ntarla	2008	10	21	295	22.5	31.7	20.3	-999.9	0.0	1.5	97432.2	-999.9
Ntarla	2008	10	22	296	23.3	32.6	21.2	-999.9	0.0	1.7	97289.8	-999.9
Ntarla	2008	10	23	297	22.3	31.9	20.1	-999.9	0.0	1.8	97346.9	-999.9
Ntarla	2008	10	24	298	21.3	33.2	21.1	-999.9	0.0	1.9	97457.0	-999.9
Ntarla	2008	10	25	299	21.5	34.0	20.8	-999.9	0.0	1.7	97413.7	-999.9
Ntarla	2008	10	26	300	23.3	34.3	19.1	-999.9	0.0	1.7	97300.0	-999.9
Ntarla	2008	10	27	301	22.2	33.5	19.3	-999.9	0.0	1.7	97305.3	-999.9
Ntarla	2008	10	28	302	22.5	34.0	22.4	-999.9	0.0	1.7	97307.0	-999.9
Ntarla	2008	10	29	303	22.9	33.9	20.9	-999.9	0.0	1.4	97358.9	-999.9
Ntarla	2008	10	30	304	24.0	33.0	19.7	-999.9	0.0	1.4	97332.9	-999.9
Ntarla	2008	10	31	305	24.7	32.8	19.1	-999.9	0.0	1.5	97307.2	-999.9
Ntarla	2008	11	1	306	23.2	35.0	22.0	-999.9	0.0	2.2	97340.2	-999.9
Ntarla	2008	11	2	307	20.1	35.0	22.7	-999.9	0.0	2.2	97334.2	-999.9
Ntarla	2008	11	3	308	18.1	34.4	23.0	-999.9	0.0	2.1	97323.3	-999.9
Ntarla	2008	11	4	309	17.3	34.5	22.4	-999.9	0.0	2.2	97331.5	-999.9
Ntarla	2008	11	5	310	17.9	34.3	22.7	-999.9	0.0	2.2	97381.1	-999.9
Ntarla	2008	11	6	311	19.0	34.2	22.5	-999.9	0.0	2.0	97291.3	-999.9
Ntarla	2008	11	7	312	17.7	33.7	22.5	-999.9	0.0	1.8	97189.1	-999.9
Ntarla	2008	11	8	313	18.5	33.7	22.2	-999.9	0.0	2.0	97237.7	-999.9
Ntarla	2008	11	9	314	19.0	32.6	22.2	-999.9	0.0	1.7	97379.3	-999.9
Ntarla	2008	11	10	315	18.3	32.8	22.2	-999.9	0.0	1.7	97430.0	-999.9
Ntarla	2008	11	11	316	17.9	33.9	21.8	-999.9	0.0	1.9	97416.1	-999.9
Ntarla	2008	11	12	317	18.0	34.4	22.0	-999.9	0.0	2.2	97379.6	-999.9
Ntarla	2008	11	13	318	19.3	33.5	22.2	-999.9	0.0	2.4	97342.6	-999.9
Ntarla	2008	11	14	319	18.7	33.6	21.7	-999.9	0.0	2.3	97268.4	-999.9
Ntarla	2008	11	15	320	19.6	33.9	21.0	-999.9	0.0	2.2	97192.4	-999.9
Ntarla	2008	11	16	321	20.0	34.0	20.9	-999.9	0.0	2.1	97215.0	-999.9
Ntarla	2008	11	17	322	19.1	34.4	21.6	-999.9	0.0	2.0	97220.5	-999.9
Ntarla	2008	11	18	323	17.4	33.3	21.8	-999.9	0.0	2.1	97166.7	-999.9
Ntarla	2008	11	19	324	17.3	32.8	21.6	-999.9	0.0	2.2	97173.9	-999.9
Ntarla	2008	11	20	325	19.2	33.0	21.3	-999.9	0.0	2.1	97394.8	-999.9
Ntarla	2008	11	21	326	18.5	33.8	21.1	-999.9	0.0	2.2	97517.0	-999.9
Ntarla	2008	11	22	327	19.8	34.1	20.5	-999.9	0.0	2.1	97468.2	-999.9
Ntarla	2008	11	23	328	19.8	34.8	20.4	-999.9	0.0	2.3	97279.1	-999.9
Ntarla	2008	11	24	329	19.4	35.1	20.7	-999.9	0.0	2.2	97286.4	-999.9
Ntarla	2008	11	25	330	19.2	34.8	20.9	-999.9	0.0	2.1	97350.2	-999.9
Ntarla	2008	11	26	331	20.3	34.5	20.9	-999.9	0.0	2.3	97453.1	-999.9
Ntarla	2008	11	27	332	17.5	34.9	20.8	-999.9	0.0	2.2	97329.3	-999.9
Ntarla	2008	11	28	333	20.8	34.5	20.6	-999.9	0.0	2.7	97210.5	-999.9
Ntarla	2008	11	29	334	21.1	34.5	20.7	-999.9	0.0	2.4	97244.8	-999.9
Ntarla	2008	11	30	335	17.5	34.7	20.7	-999.9	0.0	1.6	97312.4	-999.9
Ntarla	2008	12	1	336	18.0	35.3	20.8	-999.9	0.0	1.9	97331.9	-999.9
Ntarla	2008	12	2	337	18.6	34.8	20.7	-999.9	0.0	2.5	97311.6	-999.9
Ntarla	2008	12	3	338	20.0	32.4	20.7	-999.9	0.0	2.5	97214.3	-999.9
Ntarla	2008	12	4	339	17.6	30.2	20.4	-999.9	0.0	2.7	97266.5	-999.9
Ntarla	2008	12	5	340	14.4	26.8	20.7	-999.9	0.0	2.6	97541.0	-999.9
Ntarla	2008	12	6	341	13.1	26.9	21.0	-999.9	0.0	2.3	97685.2	-999.9
Ntarla	2008	12	7	342	13.7	29.7	20.5	-999.9	0.0	2.2	97658.7	-999.9
Ntarla	2008	12	8	343	16.5	30.9	20.2	-999.9	0.0	1.9	97604.4	-999.9
Ntarla	2008	12	9	344	17.1	31.7	20.2	-999.9	0.0	2.0	97491.5	-999.9
Ntarla	2008	12	10	345	16.8	32.3	20.2	-999.9	0.0	2.0	97409.7	-999.9
Ntarla	2008	12	11	346	17.4	33.1	20.2	-999.9	0.0	2.2	97471.6	-999.9
Ntarla	2008	12	12	347	17.9	33.4	20.2	-999.9	0.0	2.0	97457.5	-999.9
Ntarla	2008	12	13	348	18.2	33.3	20.2	-999.9	0.0	2.4	97336.5	-999.9
Ntarla	2008	12	14	349	19.0	33.7	19.8	-999.9	0.0	2.2	97275.0	-999.9
Ntarla	2008	12	15	350	18.2	32.9	19.8	-999.9	0.0	2.1	97168.2	-999.9
Ntarla	2008	12	16	351	19.1	32.5	18.4	-999.9	0.0	2.1	97200.3	-999.9
Ntarla	2008	12	17	352	20.2	31.1	17.6	-999.9	0.0	2.5	97325.2	-999.9
Ntarla	2008	12	18	353	20.2	30.8	18.6	-999.9	0.0	2.8	97317.4	-999.9
Ntarla	2008	12	19	354	19.0	32.1	19.6	-999.9	0.0	2.6	97235.2	-999.9
Ntarla	2008	12	20	355	18.8	32.5	20.1	-999.9	0.0	2.9	97238.0	-999.9
Ntarla	2008	12	21	356	19.4	33.8	20.3	-999.9	0.0	2.8	97290.8	-999.9
Ntarla	2008	12	22	357	18.9	34.0	20.2	-999.9	0.0	2.4	97392.8	-999.9
Ntarla	2008	12	23	358	19.1	33.9	20.1	-999.9	0.0	2.3	97371.4	-999.9
Ntarla	2008	12	24	359	19.4	33.1	20.2	-999.9	0.0	2.4	97369.7	-999.9
Ntarla	2008	12	25	360	17.9	32.5	20.4	-999.9	0.0	2.0	97322.1	-999.9
Ntarla	2008	12	26	361	17.4	33.4	20.2	-999.9	0.0	1.8	97235.9	-999.9
Ntarla	2008	12	27	362	17.9	33.9	20.3	-999.9	0.0	2.0	97172.5	-999.9
Ntarla	2008	12	28	363	19.0	34.1	20.2	-999.9	0.0	2.1	97169.1	-999.9
Ntarla	2008	12	29	364	19.3	34.6	20.2	-999.9	0.0	2.5	97202.3	-999.9
Ntarla	2008	12	30	365	19.7	34.7	20.5	-999.9	0.0	2.7	97307.4	-999.9
Ntarla	2008	12	31	366	20.0	34.0	20.3	-999.9	0.0	2.5	97446.4	-999.9
