Sikasso	1986	1	1	1	16.4	30.8	20.5	-999.9	0.0	2.4	96933.0	-999.9
Sikasso	1986	1	2	2	14.2	30.9	20.9	-999.9	0.0	2.0	96876.9	-999.9
Sikasso	1986	1	3	3	14.1	32.0	21.1	-999.9	0.0	1.7	96918.7	-999.9
Sikasso	1986	1	4	4	13.8	31.9	21.0	-999.9	0.0	2.1	96974.5	-999.9
Sikasso	1986	1	5	5	14.8	30.1	20.7	-999.9	0.0	2.2	97027.4	-999.9
Sikasso	1986	1	6	6	14.1	29.7	20.7	-999.9	0.0	2.0	96984.1	-999.9
Sikasso	1986	1	7	7	13.4	29.6	20.8	-999.9	0.0	2.0	96996.3	-999.9
Sikasso	1986	1	8	8	12.9	30.2	21.0	-999.9	0.0	2.0	97041.5	-999.9
Sikasso	1986	1	9	9	12.9	31.2	21.1	-999.9	0.0	1.9	97021.8	-999.9
Sikasso	1986	1	10	10	14.4	31.5	21.1	-999.9	0.0	2.0	97097.0	-999.9
Sikasso	1986	1	11	11	14.1	29.4	21.3	-999.9	0.0	2.6	97142.6	-999.9
Sikasso	1986	1	12	12	12.4	26.5	21.4	-999.9	0.0	2.8	97181.0	-999.9
Sikasso	1986	1	13	13	9.8	27.4	21.7	-999.9	0.0	2.2	97159.6	-999.9
Sikasso	1986	1	14	14	13.0	28.8	21.4	-999.9	0.0	2.6	97152.0	-999.9
Sikasso	1986	1	15	15	13.4	29.0	21.3	-999.9	0.0	2.5	97157.8	-999.9
Sikasso	1986	1	16	16	13.0	28.8	21.4	-999.9	0.0	2.2	97094.9	-999.9
Sikasso	1986	1	17	17	12.0	28.9	21.3	-999.9	0.0	2.0	97008.1	-999.9
Sikasso	1986	1	18	18	12.9	28.8	21.3	-999.9	0.0	2.4	97012.7	-999.9
Sikasso	1986	1	19	19	12.3	27.5	21.4	-999.9	0.0	2.6	97048.9	-999.9
Sikasso	1986	1	20	20	11.6	27.2	21.4	-999.9	0.0	2.5	97087.3	-999.9
Sikasso	1986	1	21	21	11.2	28.0	21.3	-999.9	0.0	2.0	97103.4	-999.9
Sikasso	1986	1	22	22	12.0	29.7	21.4	-999.9	0.0	1.8	97067.8	-999.9
Sikasso	1986	1	23	23	13.9	30.6	21.4	-999.9	0.0	2.0	96995.3	-999.9
Sikasso	1986	1	24	24	13.9	31.9	21.6	-999.9	0.0	2.1	96846.5	-999.9
Sikasso	1986	1	25	25	14.1	31.9	21.8	-999.9	0.0	1.9	96796.1	-999.9
Sikasso	1986	1	26	26	15.0	33.7	21.8	-999.9	0.0	1.8	96798.6	-999.9
Sikasso	1986	1	27	27	15.4	33.5	21.7	-999.9	0.0	2.0	96772.7	-999.9
Sikasso	1986	1	28	28	16.8	34.5	21.6	-999.9	0.0	2.1	96695.7	-999.9
Sikasso	1986	1	29	29	17.6	35.0	21.8	-999.9	0.8	2.1	96662.7	-999.9
Sikasso	1986	1	30	30	17.1	35.3	22.0	-999.9	0.0	2.0	96593.9	-999.9
Sikasso	1986	1	31	31	17.8	34.9	21.2	-999.9	0.0	1.8	96461.6	-999.9
Sikasso	1986	2	1	32	22.4	34.7	18.3	-999.9	0.0	1.3	96429.7	-999.9
Sikasso	1986	2	2	33	21.3	34.7	20.1	-999.9	1.0	2.3	96586.3	-999.9
Sikasso	1986	2	3	34	20.4	33.9	20.2	-999.9	0.0	2.2	96799.2	-999.9
Sikasso	1986	2	4	35	22.4	35.0	21.0	-999.9	0.0	2.3	96759.0	-999.9
Sikasso	1986	2	5	36	22.2	35.4	21.4	-999.9	0.0	2.0	96697.2	-999.9
Sikasso	1986	2	6	37	22.1	35.5	21.0	-999.9	0.0	1.4	96601.8	-999.9
Sikasso	1986	2	7	38	21.2	31.8	21.4	-999.9	0.0	2.6	96876.4	-999.9
Sikasso	1986	2	8	39	18.3	32.4	21.5	-999.9	0.0	1.8	96941.3	-999.9
Sikasso	1986	2	9	40	18.6	33.7	21.9	-999.9	0.0	1.8	96826.0	-999.9
Sikasso	1986	2	10	41	18.9	34.9	22.3	-999.9	0.0	2.0	96846.8	-999.9
Sikasso	1986	2	11	42	19.1	34.8	22.5	-999.9	0.0	2.2	96903.3	-999.9
Sikasso	1986	2	12	43	18.8	35.4	22.6	-999.9	0.0	2.3	96863.4	-999.9
Sikasso	1986	2	13	44	18.8	35.6	22.8	-999.9	0.0	2.3	96780.1	-999.9
Sikasso	1986	2	14	45	19.3	35.6	22.9	-999.9	0.0	2.5	96787.5	-999.9
Sikasso	1986	2	15	46	19.4	35.4	23.0	-999.9	0.0	2.4	96882.3	-999.9
Sikasso	1986	2	16	47	18.6	35.2	23.1	-999.9	0.0	2.3	96810.9	-999.9
Sikasso	1986	2	17	48	18.0	35.5	23.1	-999.9	0.0	1.9	96581.6	-999.9
Sikasso	1986	2	18	49	19.7	35.0	22.1	-999.9	0.0	1.4	96598.9	-999.9
Sikasso	1986	2	19	50	21.4	36.2	21.9	-999.9	0.0	1.5	96623.0	-999.9
Sikasso	1986	2	20	51	21.0	36.5	23.2	-999.9	0.0	2.0	96635.2	-999.9
Sikasso	1986	2	21	52	20.7	36.4	23.5	-999.9	0.0	2.4	96515.2	-999.9
Sikasso	1986	2	22	53	19.6	36.5	23.5	-999.9	0.0	2.1	96482.4	-999.9
Sikasso	1986	2	23	54	19.0	36.9	23.7	-999.9	0.0	1.6	96473.9	-999.9
Sikasso	1986	2	24	55	19.5	37.3	23.8	-999.9	0.0	2.0	96336.9	-999.9
Sikasso	1986	2	25	56	19.6	36.8	23.5	-999.9	0.0	1.2	96267.0	-999.9
Sikasso	1986	2	26	57	24.3	35.8	21.5	-999.9	0.0	2.7	96320.8	-999.9
Sikasso	1986	2	27	58	23.2	35.1	19.8	-999.9	0.0	2.1	96406.1	-999.9
Sikasso	1986	2	28	59	21.7	33.6	19.5	-999.9	5.5	1.8	96507.2	-999.9
Sikasso	1986	3	1	60	22.9	34.7	19.1	-999.9	0.0	1.5	96564.0	-999.9
Sikasso	1986	3	2	61	23.5	34.5	19.6	-999.9	0.0	1.4	96575.2	-999.9
Sikasso	1986	3	3	62	21.0	37.1	23.0	-999.9	0.0	1.6	96622.1	-999.9
Sikasso	1986	3	4	63	21.2	36.4	23.3	-999.9	0.0	1.7	96642.1	-999.9
Sikasso	1986	3	5	64	20.0	37.0	24.5	-999.9	0.0	1.7	96610.7	-999.9
Sikasso	1986	3	6	65	20.7	34.5	24.6	-999.9	0.0	2.4	96703.0	-999.9
Sikasso	1986	3	7	66	19.6	34.2	24.0	-999.9	0.0	2.1	96715.6	-999.9
Sikasso	1986	3	8	67	20.0	35.3	24.5	-999.9	0.0	1.8	96646.5	-999.9
Sikasso	1986	3	9	68	20.1	36.0	23.3	-999.9	0.0	1.4	96554.2	-999.9
Sikasso	1986	3	10	69	24.0	33.8	19.5	-999.9	0.0	1.6	96584.4	-999.9
Sikasso	1986	3	11	70	21.9	35.6	22.0	-999.9	3.5	2.0	96639.3	-999.9
Sikasso	1986	3	12	71	23.9	37.1	22.3	-999.9	0.0	1.6	96676.9	-999.9
Sikasso	1986	3	13	72	22.8	36.5	23.0	-999.9	0.0	2.0	96630.9	-999.9
Sikasso	1986	3	14	73	21.5	37.0	24.8	-999.9	0.0	2.0	96593.1	-999.9
Sikasso	1986	3	15	74	20.9	37.2	25.1	-999.9	0.0	1.5	96536.7	-999.9
Sikasso	1986	3	16	75	22.0	36.7	24.8	-999.9	0.0	1.0	96460.6	-999.9
Sikasso	1986	3	17	76	23.5	36.3	23.4	-999.9	0.0	1.8	96548.7	-999.9
Sikasso	1986	3	18	77	23.4	35.0	17.4	-999.9	0.0	1.2	96644.7	-999.9
Sikasso	1986	3	19	78	25.5	33.5	16.2	-999.9	0.0	1.7	96657.9	-999.9
Sikasso	1986	3	20	79	23.6	36.1	22.4	-999.9	0.0	2.0	96655.6	-999.9
Sikasso	1986	3	21	80	20.9	34.4	19.3	-999.9	0.0	2.0	96672.5	-999.9
Sikasso	1986	3	22	81	22.7	35.8	25.0	-999.9	0.0	2.4	96635.3	-999.9
Sikasso	1986	3	23	82	21.2	35.1	25.0	-999.9	0.0	2.2	96720.3	-999.9
Sikasso	1986	3	24	83	21.0	35.9	25.0	-999.9	0.0	1.9	96743.1	-999.9
Sikasso	1986	3	25	84	21.4	36.0	25.3	-999.9	0.0	1.1	96620.9	-999.9
Sikasso	1986	3	26	85	22.8	36.6	24.0	-999.9	0.0	1.4	96559.0	-999.9
Sikasso	1986	3	27	86	24.3	37.2	24.4	-999.9	0.0	1.8	96759.3	-999.9
Sikasso	1986	3	28	87	22.9	36.6	21.3	-999.9	0.0	2.0	96871.7	-999.9
Sikasso	1986	3	29	88	21.4	37.0	24.2	-999.9	0.0	2.0	96808.2	-999.9
Sikasso	1986	3	30	89	23.3	37.2	25.9	-999.9	0.0	1.8	96638.4	-999.9
Sikasso	1986	3	31	90	21.7	37.6	26.0	-999.9	0.0	1.3	96501.9	-999.9
Sikasso	1986	4	1	91	21.3	38.4	25.5	-999.9	0.0	1.5	96465.1	-999.9
Sikasso	1986	4	2	92	24.9	37.2	22.4	-999.9	0.0	1.9	96540.5	-999.9
Sikasso	1986	4	3	93	26.1	38.6	24.2	-999.9	0.0	1.8	96374.2	-999.9
Sikasso	1986	4	4	94	25.6	38.5	23.8	-999.9	5.9	2.0	96389.1	-999.9
Sikasso	1986	4	5	95	26.9	38.8	23.7	-999.9	0.0	3.0	96443.4	-999.9
Sikasso	1986	4	6	96	24.6	38.5	26.0	-999.9	0.0	2.6	96607.7	-999.9
Sikasso	1986	4	7	97	23.9	39.7	25.6	-999.9	0.0	2.1	96553.5	-999.9
Sikasso	1986	4	8	98	25.9	38.0	23.5	-999.9	0.0	2.2	96486.9	-999.9
Sikasso	1986	4	9	99	26.7	37.8	22.9	-999.9	0.0	2.0	96352.8	-999.9
Sikasso	1986	4	10	100	26.2	36.8	22.0	-999.9	17.4	2.1	96384.9	-999.9
Sikasso	1986	4	11	101	25.4	36.3	23.3	-999.9	0.0	1.5	96546.4	-999.9
Sikasso	1986	4	12	102	24.2	36.9	21.6	-999.9	0.0	2.1	96565.7	-999.9
Sikasso	1986	4	13	103	25.9	37.7	21.3	-999.9	0.0	2.0	96499.0	-999.9
Sikasso	1986	4	14	104	26.6	38.0	22.9	-999.9	6.9	2.4	96398.0	-999.9
Sikasso	1986	4	15	105	26.0	38.5	24.0	-999.9	0.0	2.3	96446.3	-999.9
Sikasso	1986	4	16	106	27.8	40.0	24.6	-999.9	0.0	2.4	96452.5	-999.9
Sikasso	1986	4	17	107	24.9	37.2	21.9	-999.9	16.9	1.9	96441.1	-999.9
Sikasso	1986	4	18	108	24.5	33.4	18.5	-999.9	0.0	2.5	96453.1	-999.9
Sikasso	1986	4	19	109	24.4	36.8	22.1	-999.9	0.0	1.7	96426.5	-999.9
Sikasso	1986	4	20	110	25.4	37.1	23.9	-999.9	0.0	2.4	96356.9	-999.9
Sikasso	1986	4	21	111	25.0	36.9	24.4	-999.9	6.8	2.2	96322.0	-999.9
Sikasso	1986	4	22	112	23.8	35.0	22.8	-999.9	7.8	2.3	96488.1	-999.9
Sikasso	1986	4	23	113	23.9	37.1	25.0	-999.9	0.0	1.8	96510.3	-999.9
Sikasso	1986	4	24	114	24.1	35.9	20.6	-999.9	0.0	2.4	96539.5	-999.9
Sikasso	1986	4	25	115	25.2	36.9	23.0	-999.9	6.8	2.1	96635.3	-999.9
Sikasso	1986	4	26	116	25.5	37.8	23.4	-999.9	0.0	1.7	96637.8	-999.9
Sikasso	1986	4	27	117	24.9	35.3	22.4	-999.9	12.4	1.7	96718.1	-999.9
Sikasso	1986	4	28	118	25.4	37.2	24.2	-999.9	0.0	1.7	96729.5	-999.9
Sikasso	1986	4	29	119	25.7	37.0	23.3	-999.9	0.0	2.1	96648.3	-999.9
Sikasso	1986	4	30	120	25.4	38.6	25.0	-999.9	0.0	1.8	96555.2	-999.9
Sikasso	1986	5	1	121	27.6	37.2	23.1	-999.9	0.0	2.3	96575.0	-999.9
Sikasso	1986	5	2	122	26.7	36.5	21.7	-999.9	6.9	2.8	96610.4	-999.9
Sikasso	1986	5	3	123	25.2	37.9	23.2	-999.9	13.7	2.4	96594.1	-999.9
Sikasso	1986	5	4	124	24.4	32.4	21.4	-999.9	6.9	1.8	96693.0	-999.9
Sikasso	1986	5	5	125	23.6	32.6	17.9	-999.9	0.0	2.0	96707.4	-999.9
Sikasso	1986	5	6	126	25.8	35.8	22.2	-999.9	0.0	1.8	96629.5	-999.9
Sikasso	1986	5	7	127	25.6	36.6	22.3	-999.9	5.1	2.0	96611.5	-999.9
Sikasso	1986	5	8	128	25.2	38.3	24.0	-999.9	0.0	2.0	96571.3	-999.9
Sikasso	1986	5	9	129	26.3	38.8	23.6	-999.9	0.0	2.1	96520.0	-999.9
Sikasso	1986	5	10	130	25.2	37.8	23.7	-999.9	0.0	2.5	96582.5	-999.9
Sikasso	1986	5	11	131	24.1	33.7	18.5	-999.9	4.1	1.9	96656.5	-999.9
Sikasso	1986	5	12	132	22.8	31.2	15.5	-999.9	22.3	1.2	96766.0	-999.9
Sikasso	1986	5	13	133	23.9	34.0	19.5	-999.9	16.9	1.0	96729.3	-999.9
Sikasso	1986	5	14	134	25.5	34.7	22.8	-999.9	0.0	2.1	96713.6	-999.9
Sikasso	1986	5	15	135	23.6	35.5	23.0	-999.9	0.0	2.5	96728.0	-999.9
Sikasso	1986	5	16	136	24.4	34.9	21.6	-999.9	10.4	2.4	96728.0	-999.9
Sikasso	1986	5	17	137	23.2	35.1	24.8	-999.9	5.2	2.1	96736.8	-999.9
Sikasso	1986	5	18	138	24.2	34.5	23.2	-999.9	10.4	2.1	96770.8	-999.9
Sikasso	1986	5	19	139	22.3	31.8	18.3	-999.9	15.6	2.1	96843.5	-999.9
Sikasso	1986	5	20	140	23.8	33.4	23.2	-999.9	0.0	1.4	96767.9	-999.9
Sikasso	1986	5	21	141	24.8	31.5	18.8	-999.9	0.0	1.7	96701.0	-999.9
Sikasso	1986	5	22	142	23.4	31.1	16.0	-999.9	6.1	1.6	96805.4	-999.9
Sikasso	1986	5	23	143	23.9	33.0	22.5	-999.9	0.0	1.4	96773.4	-999.9
Sikasso	1986	5	24	144	24.4	32.8	23.6	-999.9	0.0	1.7	96694.1	-999.9
Sikasso	1986	5	25	145	23.1	33.6	23.3	-999.9	12.2	1.8	96679.9	-999.9
Sikasso	1986	5	26	146	25.0	34.1	23.9	-999.9	0.0	2.4	96585.8	-999.9
Sikasso	1986	5	27	147	24.7	34.7	24.4	-999.9	0.0	2.1	96622.1	-999.9
Sikasso	1986	5	28	148	23.6	34.9	20.3	-999.9	16.6	1.7	96677.2	-999.9
Sikasso	1986	5	29	149	22.5	32.7	23.1	-999.9	0.0	1.6	96755.1	-999.9
Sikasso	1986	5	30	150	24.2	33.1	22.1	-999.9	5.5	1.7	96697.9	-999.9
Sikasso	1986	5	31	151	23.4	31.6	19.7	-999.9	0.0	2.3	96685.9	-999.9
Sikasso	1986	6	1	152	23.0	33.0	20.0	-999.9	50.5	1.9	96797.4	-999.9
Sikasso	1986	6	2	153	22.5	35.0	23.0	-999.9	0.0	1.3	96780.8	-999.9
Sikasso	1986	6	3	154	24.3	35.3	25.0	-999.9	0.0	2.3	96626.8	-999.9
Sikasso	1986	6	4	155	25.6	33.8	21.2	-999.9	0.0	2.6	96716.0	-999.9
Sikasso	1986	6	5	156	23.9	33.0	21.2	-999.9	0.0	2.0	96683.6	-999.9
Sikasso	1986	6	6	157	23.0	33.7	24.4	-999.9	0.0	2.2	96682.8	-999.9
Sikasso	1986	6	7	158	23.4	32.3	22.2	-999.9	0.0	2.2	96790.9	-999.9
Sikasso	1986	6	8	159	22.2	31.0	18.9	-999.9	0.0	2.2	96977.1	-999.9
Sikasso	1986	6	9	160	22.9	31.2	18.3	-999.9	0.0	1.6	96974.4	-999.9
Sikasso	1986	6	10	161	22.6	32.0	21.5	-999.9	0.0	2.1	96907.2	-999.9
Sikasso	1986	6	11	162	22.6	31.8	22.0	-999.9	0.0	2.1	96850.7	-999.9
Sikasso	1986	6	12	163	23.1	30.3	20.5	-999.9	1.8	1.9	96830.8	-999.9
Sikasso	1986	6	13	164	24.0	31.7	22.6	-999.9	48.7	1.5	96835.7	-999.9
Sikasso	1986	6	14	165	22.1	30.5	18.0	-999.9	0.0	1.4	96845.3	-999.9
Sikasso	1986	6	15	166	22.8	32.1	23.4	-999.9	0.0	1.9	96877.4	-999.9
Sikasso	1986	6	16	167	23.4	32.0	20.8	-999.9	0.0	1.7	96956.3	-999.9
Sikasso	1986	6	17	168	22.5	31.3	20.5	-999.9	2.2	2.1	96890.2	-999.9
Sikasso	1986	6	18	169	23.7	32.8	23.3	-999.9	0.0	2.2	96840.5	-999.9
Sikasso	1986	6	19	170	23.5	31.6	20.6	-999.9	5.5	2.4	96894.4	-999.9
Sikasso	1986	6	20	171	22.8	31.0	19.2	-999.9	0.0	1.8	96907.8	-999.9
Sikasso	1986	6	21	172	23.6	31.5	22.0	-999.9	0.0	1.9	96909.1	-999.9
Sikasso	1986	6	22	173	24.4	32.0	21.9	-999.9	0.0	2.2	96899.4	-999.9
Sikasso	1986	6	23	174	23.5	32.3	20.9	-999.9	0.0	2.3	96910.1	-999.9
Sikasso	1986	6	24	175	24.0	32.5	22.8	-999.9	0.0	2.6	96812.6	-999.9
Sikasso	1986	6	25	176	23.8	32.7	21.7	-999.9	15.7	3.0	96796.4	-999.9
Sikasso	1986	6	26	177	22.9	29.8	16.9	-999.9	15.2	2.8	96931.3	-999.9
Sikasso	1986	6	27	178	22.3	29.1	15.2	-999.9	0.0	2.1	97088.5	-999.9
Sikasso	1986	6	28	179	23.1	32.2	23.1	-999.9	0.0	1.7	96953.3	-999.9
Sikasso	1986	6	29	180	23.8	32.1	22.7	-999.9	7.6	2.3	96863.4	-999.9
Sikasso	1986	6	30	181	23.0	31.5	19.3	-999.9	0.0	1.8	96980.5	-999.9
Sikasso	1986	7	1	182	22.6	31.6	21.7	-999.9	0.0	1.8	97004.1	-999.9
Sikasso	1986	7	2	183	23.2	29.6	15.9	-999.9	0.0	2.5	96945.0	-999.9
Sikasso	1986	7	3	184	21.4	28.5	16.0	-999.9	0.0	2.4	96988.9	-999.9
Sikasso	1986	7	4	185	22.5	28.5	15.5	-999.9	0.0	1.9	97038.6	-999.9
Sikasso	1986	7	5	186	22.2	31.0	20.9	-999.9	24.3	2.0	97030.7	-999.9
Sikasso	1986	7	6	187	22.7	30.7	21.3	-999.9	0.0	2.0	97072.8	-999.9
Sikasso	1986	7	7	188	22.6	27.2	11.3	-999.9	7.5	1.4	97147.6	-999.9
Sikasso	1986	7	8	189	22.1	29.5	18.7	-999.9	20.3	1.8	97174.7	-999.9
Sikasso	1986	7	9	190	22.1	29.5	16.8	-999.9	9.5	1.4	97223.6	-999.9
Sikasso	1986	7	10	191	21.7	28.8	16.7	-999.9	2.1	1.8	97156.8	-999.9
Sikasso	1986	7	11	192	21.5	28.9	18.5	-999.9	11.5	1.7	97177.3	-999.9
Sikasso	1986	7	12	193	22.0	29.8	21.0	-999.9	10.1	1.5	97108.5	-999.9
Sikasso	1986	7	13	194	22.7	30.2	22.3	-999.9	0.0	2.0	97178.2	-999.9
Sikasso	1986	7	14	195	21.8	29.0	17.9	-999.9	20.2	2.1	97181.9	-999.9
Sikasso	1986	7	15	196	22.1	29.4	18.6	-999.9	10.1	1.6	97017.8	-999.9
Sikasso	1986	7	16	197	21.6	27.2	12.6	-999.9	0.0	1.6	96982.6	-999.9
Sikasso	1986	7	17	198	20.9	30.0	21.1	-999.9	0.0	1.9	96937.4	-999.9
Sikasso	1986	7	18	199	22.6	29.5	21.8	-999.9	0.0	2.5	96947.6	-999.9
Sikasso	1986	7	19	200	22.6	30.0	21.7	-999.9	0.0	2.2	96962.6	-999.9
Sikasso	1986	7	20	201	22.6	30.3	20.6	-999.9	0.0	1.5	97007.3	-999.9
Sikasso	1986	7	21	202	22.3	26.8	10.4	-999.9	18.3	2.0	96998.1	-999.9
Sikasso	1986	7	22	203	21.8	28.6	17.8	-999.9	0.0	2.4	97061.4	-999.9
Sikasso	1986	7	23	204	21.9	28.1	15.5	-999.9	0.0	2.2	97079.0	-999.9
Sikasso	1986	7	24	205	22.3	27.8	15.0	-999.9	27.4	2.1	97074.4	-999.9
Sikasso	1986	7	25	206	21.2	26.1	12.8	-999.9	0.0	1.8	97118.3	-999.9
Sikasso	1986	7	26	207	21.4	29.4	19.7	-999.9	0.0	1.9	96970.8	-999.9
Sikasso	1986	7	27	208	22.2	29.1	16.9	-999.9	29.8	3.0	96811.9	-999.9
Sikasso	1986	7	28	209	21.8	25.8	11.3	-999.9	29.8	3.2	96874.0	-999.9
Sikasso	1986	7	29	210	20.7	26.5	13.4	-999.9	0.0	2.8	97090.4	-999.9
Sikasso	1986	7	30	211	20.9	28.6	21.5	-999.9	0.0	1.6	97096.5	-999.9
Sikasso	1986	7	31	212	20.2	30.1	22.1	-999.9	0.0	2.1	96932.6	-999.9
Sikasso	1986	8	1	213	21.7	24.7	6.4	-999.9	60.5	3.0	96787.1	-999.9
Sikasso	1986	8	2	214	20.7	24.8	9.8	-999.9	0.0	2.2	97113.5	-999.9
Sikasso	1986	8	3	215	19.7	28.5	20.2	-999.9	0.0	1.7	97173.8	-999.9
Sikasso	1986	8	4	216	21.0	30.1	22.9	-999.9	0.0	1.6	96964.7	-999.9
Sikasso	1986	8	5	217	21.9	27.8	14.4	-999.9	1.9	2.0	97029.1	-999.9
Sikasso	1986	8	6	218	21.9	28.3	16.9	-999.9	37.9	1.7	97099.0	-999.9
Sikasso	1986	8	7	219	21.7	28.6	19.6	-999.9	21.6	1.7	97164.6	-999.9
Sikasso	1986	8	8	220	21.4	28.2	14.2	-999.9	0.0	1.3	97059.1	-999.9
Sikasso	1986	8	9	221	21.8	29.5	20.4	-999.9	0.0	1.5	97116.9	-999.9
Sikasso	1986	8	10	222	22.1	30.5	22.7	-999.9	0.0	1.7	97105.6	-999.9
Sikasso	1986	8	11	223	22.7	30.0	20.4	-999.9	16.3	2.1	96992.2	-999.9
Sikasso	1986	8	12	224	21.9	29.0	19.0	-999.9	0.0	2.4	97035.8	-999.9
Sikasso	1986	8	13	225	22.2	29.4	19.7	-999.9	0.0	1.8	96939.9	-999.9
Sikasso	1986	8	14	226	21.7	29.9	21.9	-999.9	8.2	1.8	96911.1	-999.9
Sikasso	1986	8	15	227	22.1	25.7	10.9	-999.9	0.0	1.6	96831.6	-999.9
Sikasso	1986	8	16	228	21.6	29.4	21.4	-999.9	0.0	2.0	96868.4	-999.9
Sikasso	1986	8	17	229	21.8	30.0	22.4	-999.9	0.0	1.4	96881.2	-999.9
Sikasso	1986	8	18	230	22.2	30.3	21.6	-999.9	12.6	1.6	96745.0	-999.9
Sikasso	1986	8	19	231	22.3	30.0	21.5	-999.9	12.6	1.5	96778.3	-999.9
Sikasso	1986	8	20	232	22.4	30.1	19.3	-999.9	0.0	1.4	96878.3	-999.9
Sikasso	1986	8	21	233	22.4	29.5	20.9	-999.9	15.0	1.8	96859.4	-999.9
Sikasso	1986	8	22	234	21.9	28.1	15.8	-999.9	20.4	1.0	96784.5	-999.9
Sikasso	1986	8	23	235	21.4	29.3	18.9	-999.9	0.0	0.9	96787.5	-999.9
Sikasso	1986	8	24	236	22.0	28.2	17.7	-999.9	0.0	1.3	96836.6	-999.9
Sikasso	1986	8	25	237	21.9	30.0	22.4	-999.9	3.9	1.4	96916.9	-999.9
Sikasso	1986	8	26	238	22.5	30.3	21.5	-999.9	17.2	1.1	96896.4	-999.9
Sikasso	1986	8	27	239	21.4	29.6	19.1	-999.9	0.0	1.1	96811.5	-999.9
Sikasso	1986	8	28	240	21.8	28.0	14.3	-999.9	25.8	1.3	96852.7	-999.9
Sikasso	1986	8	29	241	21.9	27.6	14.9	-999.9	0.0	2.3	96955.8	-999.9
Sikasso	1986	8	30	242	21.2	28.8	19.3	-999.9	8.6	1.2	97029.0	-999.9
Sikasso	1986	8	31	243	21.7	29.0	17.1	-999.9	0.0	1.5	96837.0	-999.9
Sikasso	1986	9	1	244	22.3	28.5	15.9	-999.9	21.8	1.5	96783.1	-999.9
Sikasso	1986	9	2	245	21.5	24.6	9.2	-999.9	21.8	1.4	96888.4	-999.9
Sikasso	1986	9	3	246	19.8	23.7	5.8	-999.9	0.0	1.9	96953.4	-999.9
Sikasso	1986	9	4	247	19.0	28.5	17.8	-999.9	0.0	2.2	96934.0	-999.9
Sikasso	1986	9	5	248	21.7	29.3	21.8	-999.9	10.9	2.3	96867.0	-999.9
Sikasso	1986	9	6	249	21.3	26.5	11.3	-999.9	23.5	2.2	96926.9	-999.9
Sikasso	1986	9	7	250	21.4	26.8	14.9	-999.9	0.0	2.1	96953.4	-999.9
Sikasso	1986	9	8	251	21.6	27.9	18.5	-999.9	11.8	1.8	97001.1	-999.9
Sikasso	1986	9	9	252	20.9	25.8	12.7	-999.9	0.0	1.2	97090.4	-999.9
Sikasso	1986	9	10	253	20.9	28.1	17.2	-999.9	0.0	1.4	97128.6	-999.9
Sikasso	1986	9	11	254	21.0	29.8	21.8	-999.9	10.4	1.3	97096.7	-999.9
Sikasso	1986	9	12	255	21.6	27.5	13.6	-999.9	0.0	1.1	97064.8	-999.9
Sikasso	1986	9	13	256	21.2	29.8	21.3	-999.9	0.0	1.2	97048.2	-999.9
Sikasso	1986	9	14	257	21.1	30.3	22.5	-999.9	0.0	1.0	96981.3	-999.9
Sikasso	1986	9	15	258	21.8	30.2	22.4	-999.9	10.4	1.2	96869.6	-999.9
Sikasso	1986	9	16	259	22.1	29.6	20.8	-999.9	3.8	1.2	96893.6	-999.9
Sikasso	1986	9	17	260	21.4	29.8	21.4	-999.9	7.7	1.2	96950.6	-999.9
Sikasso	1986	9	18	261	21.2	30.2	22.4	-999.9	3.8	1.3	96984.9	-999.9
Sikasso	1986	9	19	262	21.6	30.2	22.1	-999.9	7.7	1.3	97054.4	-999.9
Sikasso	1986	9	20	263	22.0	29.5	18.3	-999.9	3.8	1.3	97059.6	-999.9
Sikasso	1986	9	21	264	21.3	30.4	21.7	-999.9	4.0	1.7	96875.7	-999.9
Sikasso	1986	9	22	265	21.5	30.1	21.8	-999.9	4.0	1.5	96700.0	-999.9
Sikasso	1986	9	23	266	20.8	28.0	17.0	-999.9	7.9	1.0	96753.0	-999.9
Sikasso	1986	9	24	267	21.5	27.8	16.3	-999.9	0.0	1.6	97006.7	-999.9
Sikasso	1986	9	25	268	20.8	28.1	15.4	-999.9	19.8	0.9	97061.1	-999.9
Sikasso	1986	9	26	269	21.4	28.4	17.1	-999.9	0.0	1.2	96918.4	-999.9
Sikasso	1986	9	27	270	21.1	28.7	17.7	-999.9	0.0	1.7	96952.2	-999.9
Sikasso	1986	9	28	271	21.1	30.2	21.9	-999.9	0.0	0.8	97091.2	-999.9
Sikasso	1986	9	29	272	22.1	28.7	17.0	-999.9	3.8	1.2	97143.1	-999.9
Sikasso	1986	9	30	273	21.4	29.6	19.6	-999.9	3.8	1.7	96980.7	-999.9
Sikasso	1986	10	1	274	22.0	29.4	17.6	-999.9	0.0	1.5	96892.7	-999.9
Sikasso	1986	10	2	275	21.9	30.4	21.8	-999.9	0.0	1.2	96953.4	-999.9
Sikasso	1986	10	3	276	21.8	31.1	22.2	-999.9	6.5	1.3	96947.1	-999.9
Sikasso	1986	10	4	277	22.3	30.7	21.8	-999.9	13.0	1.4	96966.9	-999.9
Sikasso	1986	10	5	278	22.4	31.0	23.5	-999.9	0.0	1.5	96924.6	-999.9
Sikasso	1986	10	6	279	22.7	30.9	21.8	-999.9	4.3	1.4	96911.8	-999.9
Sikasso	1986	10	7	280	22.4	30.6	22.0	-999.9	0.0	1.5	96915.7	-999.9
Sikasso	1986	10	8	281	21.3	30.6	22.8	-999.9	4.3	1.1	96884.3	-999.9
Sikasso	1986	10	9	282	22.3	30.9	21.6	-999.9	0.0	1.2	96768.9	-999.9
Sikasso	1986	10	10	283	22.1	30.8	22.1	-999.9	0.0	1.3	96713.9	-999.9
Sikasso	1986	10	11	284	22.2	31.1	22.0	-999.9	0.0	1.1	96805.4	-999.9
Sikasso	1986	10	12	285	22.3	31.0	21.0	-999.9	0.0	1.2	96818.5	-999.9
Sikasso	1986	10	13	286	21.1	31.2	21.6	-999.9	0.0	1.4	96806.5	-999.9
Sikasso	1986	10	14	287	20.8	31.5	21.8	-999.9	0.0	1.3	96795.8	-999.9
Sikasso	1986	10	15	288	20.7	31.6	21.5	-999.9	0.0	1.7	96815.0	-999.9
Sikasso	1986	10	16	289	19.9	32.1	21.8	-999.9	0.0	1.4	96840.7	-999.9
Sikasso	1986	10	17	290	22.0	33.5	22.1	-999.9	0.0	1.3	96896.9	-999.9
Sikasso	1986	10	18	291	22.2	32.9	21.9	-999.9	0.0	2.1	96845.0	-999.9
Sikasso	1986	10	19	292	22.0	30.0	18.6	-999.9	0.0	2.2	96899.4	-999.9
Sikasso	1986	10	20	293	21.9	30.9	20.5	-999.9	3.1	1.4	96995.1	-999.9
Sikasso	1986	10	21	294	21.8	32.0	20.3	-999.9	0.0	1.2	96985.7	-999.9
Sikasso	1986	10	22	295	23.1	32.6	20.9	-999.9	0.0	1.3	96949.9	-999.9
Sikasso	1986	10	23	296	23.1	33.2	21.6	-999.9	5.5	1.6	96929.1	-999.9
Sikasso	1986	10	24	297	21.5	30.9	19.3	-999.9	0.0	1.6	96893.3	-999.9
Sikasso	1986	10	25	298	20.5	28.7	17.1	-999.9	0.0	1.3	96957.7	-999.9
Sikasso	1986	10	26	299	20.7	27.4	12.5	-999.9	0.0	1.1	97109.7	-999.9
Sikasso	1986	10	27	300	21.6	30.1	16.8	-999.9	0.0	1.1	96973.0	-999.9
Sikasso	1986	10	28	301	21.8	31.6	20.8	-999.9	0.0	1.9	96815.7	-999.9
Sikasso	1986	10	29	302	21.4	30.5	20.8	-999.9	0.0	1.9	96859.8	-999.9
Sikasso	1986	10	30	303	21.2	30.8	20.2	-999.9	0.0	1.4	96924.2	-999.9
Sikasso	1986	10	31	304	22.1	31.0	19.0	-999.9	0.0	1.5	96928.8	-999.9
Sikasso	1986	11	1	305	18.9	31.1	20.6	-999.9	0.0	1.4	96931.0	-999.9
Sikasso	1986	11	2	306	20.1	31.1	21.1	-999.9	0.0	1.3	96892.0	-999.9
Sikasso	1986	11	3	307	20.8	32.1	20.4	-999.9	0.0	1.2	96822.6	-999.9
Sikasso	1986	11	4	308	22.2	33.1	21.1	-999.9	0.0	1.4	96746.6	-999.9
Sikasso	1986	11	5	309	22.8	31.7	17.8	-999.9	1.8	2.0	96775.9	-999.9
Sikasso	1986	11	6	310	22.5	30.3	17.1	-999.9	5.8	1.4	96941.2	-999.9
Sikasso	1986	11	7	311	21.8	31.7	20.3	-999.9	0.0	1.2	96955.9	-999.9
Sikasso	1986	11	8	312	20.8	33.1	22.1	-999.9	0.0	1.4	96760.6	-999.9
Sikasso	1986	11	9	313	19.8	32.4	21.5	-999.9	0.0	1.3	96716.6	-999.9
Sikasso	1986	11	10	314	22.0	31.6	19.0	-999.9	0.0	1.1	96907.2	-999.9
Sikasso	1986	11	11	315	22.2	33.3	20.4	-999.9	0.0	1.7	96981.5	-999.9
Sikasso	1986	11	12	316	20.2	33.7	21.7	-999.9	0.0	1.5	96958.2	-999.9
Sikasso	1986	11	13	317	19.3	33.8	21.9	-999.9	0.0	1.9	96873.1	-999.9
Sikasso	1986	11	14	318	18.3	33.2	22.1	-999.9	0.0	2.3	96854.2	-999.9
Sikasso	1986	11	15	319	17.5	33.3	22.1	-999.9	0.0	2.0	96883.6	-999.9
Sikasso	1986	11	16	320	17.2	33.7	22.0	-999.9	0.0	1.5	96899.3	-999.9
Sikasso	1986	11	17	321	18.1	33.8	21.7	-999.9	0.0	1.3	96847.6	-999.9
Sikasso	1986	11	18	322	19.1	33.5	20.8	-999.9	0.0	1.4	96755.2	-999.9
Sikasso	1986	11	19	323	19.4	33.3	19.9	-999.9	0.0	1.4	96717.7	-999.9
Sikasso	1986	11	20	324	20.8	33.2	20.0	-999.9	0.0	1.5	96708.9	-999.9
Sikasso	1986	11	21	325	19.3	30.8	21.0	-999.9	0.0	2.2	96762.8	-999.9
Sikasso	1986	11	22	326	18.2	29.0	20.7	-999.9	0.0	2.6	96880.0	-999.9
Sikasso	1986	11	23	327	16.2	27.7	20.7	-999.9	0.0	2.1	96934.3	-999.9
Sikasso	1986	11	24	328	16.7	29.7	20.8	-999.9	0.0	1.7	96839.9	-999.9
Sikasso	1986	11	25	329	17.1	30.9	20.7	-999.9	0.0	1.8	96776.1	-999.9
Sikasso	1986	11	26	330	17.4	30.7	18.8	-999.9	0.0	1.8	96757.3	-999.9
Sikasso	1986	11	27	331	17.8	31.8	20.2	-999.9	0.0	1.8	96778.1	-999.9
Sikasso	1986	11	28	332	17.7	31.8	20.5	-999.9	0.4	1.8	96778.0	-999.9
Sikasso	1986	11	29	333	19.1	32.8	19.7	-999.9	0.2	2.1	96800.1	-999.9
Sikasso	1986	11	30	334	18.5	33.0	20.7	-999.9	0.0	2.2	96722.3	-999.9
Sikasso	1986	12	1	335	18.1	32.6	20.7	-999.9	0.0	2.0	96753.2	-999.9
Sikasso	1986	12	2	336	18.5	32.1	20.6	-999.9	0.0	2.0	96841.4	-999.9
Sikasso	1986	12	3	337	17.8	32.5	20.7	-999.9	0.0	2.1	96928.6	-999.9
Sikasso	1986	12	4	338	17.0	31.9	20.6	-999.9	0.0	1.9	96984.6	-999.9
Sikasso	1986	12	5	339	18.6	32.2	20.6	-999.9	0.0	2.3	97037.2	-999.9
Sikasso	1986	12	6	340	16.6	31.4	20.9	-999.9	0.0	2.1	97077.7	-999.9
Sikasso	1986	12	7	341	14.3	31.0	21.0	-999.9	0.0	1.9	97083.5	-999.9
Sikasso	1986	12	8	342	14.5	30.7	20.8	-999.9	0.0	2.1	97093.5	-999.9
Sikasso	1986	12	9	343	13.9	30.3	20.9	-999.9	0.0	2.1	97062.6	-999.9
Sikasso	1986	12	10	344	14.1	31.1	20.8	-999.9	0.0	2.1	97041.9	-999.9
Sikasso	1986	12	11	345	16.0	31.9	20.6	-999.9	0.0	2.2	96978.6	-999.9
Sikasso	1986	12	12	346	15.4	31.1	20.6	-999.9	0.0	2.2	96899.2	-999.9
Sikasso	1986	12	13	347	14.6	30.9	20.5	-999.9	0.0	2.1	96918.9	-999.9
Sikasso	1986	12	14	348	14.5	31.5	20.3	-999.9	0.6	2.1	96989.6	-999.9
Sikasso	1986	12	15	349	15.9	31.1	19.5	-999.9	0.0	2.1	96976.3	-999.9
Sikasso	1986	12	16	350	16.3	30.3	19.7	-999.9	0.0	2.4	97029.6	-999.9
Sikasso	1986	12	17	351	16.1	29.6	19.5	-999.9	0.0	2.4	97045.1	-999.9
Sikasso	1986	12	18	352	15.1	29.8	20.4	-999.9	0.0	2.4	97135.9	-999.9
Sikasso	1986	12	19	353	16.9	29.4	19.9	-999.9	0.0	2.8	97202.4	-999.9
Sikasso	1986	12	20	354	14.9	28.5	20.3	-999.9	0.0	2.4	97218.2	-999.9
Sikasso	1986	12	21	355	14.2	28.9	20.1	-999.9	0.0	2.1	97178.5	-999.9
Sikasso	1986	12	22	356	13.4	29.5	20.2	-999.9	0.0	1.8	97067.4	-999.9
Sikasso	1986	12	23	357	13.0	31.4	20.3	-999.9	0.0	1.6	96928.7	-999.9
Sikasso	1986	12	24	358	14.9	31.7	20.3	-999.9	0.0	1.8	96841.7	-999.9
Sikasso	1986	12	25	359	15.2	31.1	20.2	-999.9	0.0	2.1	96901.1	-999.9
Sikasso	1986	12	26	360	14.6	28.1	20.4	-999.9	0.0	2.9	97097.8	-999.9
Sikasso	1986	12	27	361	11.6	26.3	20.5	-999.9	0.0	2.3	97166.0	-999.9
Sikasso	1986	12	28	362	11.8	28.2	20.3	-999.9	0.0	2.1	97054.9	-999.9
Sikasso	1986	12	29	363	13.9	29.7	20.1	-999.9	0.0	2.0	97032.3	-999.9
Sikasso	1986	12	30	364	14.4	30.8	20.4	-999.9	0.0	1.8	96928.9	-999.9
Sikasso	1986	12	31	365	14.7	31.7	20.4	-999.9	0.0	1.9	96939.7	-999.9
