Sikasso	1981	1	1	1	16.9	31.0	20.6	-999.9	0.0	2.9	97047.8	-999.9
Sikasso	1981	1	2	2	14.9	29.7	20.7	-999.9	0.0	2.7	97074.9	-999.9
Sikasso	1981	1	3	3	13.6	29.4	20.7	-999.9	0.0	2.3	97066.7	-999.9
Sikasso	1981	1	4	4	14.1	30.5	20.7	-999.9	0.0	2.1	97070.0	-999.9
Sikasso	1981	1	5	5	14.9	30.5	20.7	-999.9	0.0	2.1	97033.9	-999.9
Sikasso	1981	1	6	6	15.0	30.7	20.8	-999.9	0.0	2.0	96987.4	-999.9
Sikasso	1981	1	7	7	14.0	30.7	21.0	-999.9	0.0	1.8	96958.0	-999.9
Sikasso	1981	1	8	8	14.5	31.5	21.1	-999.9	0.0	1.9	96925.0	-999.9
Sikasso	1981	1	9	9	14.4	31.6	21.2	-999.9	0.0	1.9	96967.6	-999.9
Sikasso	1981	1	10	10	14.6	31.7	21.2	-999.9	0.0	1.8	96953.7	-999.9
Sikasso	1981	1	11	11	14.4	33.2	21.3	-999.9	0.0	1.9	96791.5	-999.9
Sikasso	1981	1	12	12	15.4	33.8	20.8	-999.9	0.0	1.8	96802.5	-999.9
Sikasso	1981	1	13	13	18.2	33.5	18.8	-999.9	0.0	1.6	96789.6	-999.9
Sikasso	1981	1	14	14	17.6	31.9	15.6	-999.9	0.0	2.1	96907.2	-999.9
Sikasso	1981	1	15	15	18.1	32.1	20.0	-999.9	0.0	3.1	97022.2	-999.9
Sikasso	1981	1	16	16	15.5	31.2	20.9	-999.9	0.0	2.8	96985.8	-999.9
Sikasso	1981	1	17	17	15.2	31.6	21.4	-999.9	0.0	2.4	96990.2	-999.9
Sikasso	1981	1	18	18	15.1	30.9	21.5	-999.9	0.0	2.2	96948.8	-999.9
Sikasso	1981	1	19	19	14.4	32.2	21.4	-999.9	0.0	2.1	96815.2	-999.9
Sikasso	1981	1	20	20	16.1	32.8	21.7	-999.9	0.0	2.4	96817.1	-999.9
Sikasso	1981	1	21	21	17.4	32.7	21.6	-999.9	0.0	2.3	96936.3	-999.9
Sikasso	1981	1	22	22	17.3	32.7	21.7	-999.9	0.0	2.3	96941.0	-999.9
Sikasso	1981	1	23	23	14.9	32.0	21.8	-999.9	0.0	2.1	96882.2	-999.9
Sikasso	1981	1	24	24	15.4	30.8	21.7	-999.9	0.0	2.5	96843.6	-999.9
Sikasso	1981	1	25	25	14.2	29.8	21.5	-999.9	0.0	2.3	96883.6	-999.9
Sikasso	1981	1	26	26	13.7	31.4	21.3	-999.9	0.0	2.0	97018.8	-999.9
Sikasso	1981	1	27	27	16.3	32.1	21.7	-999.9	0.0	2.6	97166.5	-999.9
Sikasso	1981	1	28	28	18.6	30.4	18.6	-999.9	0.0	2.3	97277.4	-999.9
Sikasso	1981	1	29	29	16.4	31.7	21.4	-999.9	0.0	2.2	97166.4	-999.9
Sikasso	1981	1	30	30	16.7	32.6	21.0	-999.9	0.0	2.1	96969.7	-999.9
Sikasso	1981	1	31	31	17.2	33.5	21.7	-999.9	0.0	1.9	96916.9	-999.9
Sikasso	1981	2	1	32	19.2	33.8	20.2	-999.9	0.0	2.0	96918.3	-999.9
Sikasso	1981	2	2	33	17.6	33.4	21.6	-999.9	0.0	2.2	96877.8	-999.9
Sikasso	1981	2	3	34	18.4	34.5	21.3	-999.9	0.0	2.2	96793.1	-999.9
Sikasso	1981	2	4	35	18.3	34.6	21.6	-999.9	0.0	2.1	96666.9	-999.9
Sikasso	1981	2	5	36	19.1	35.2	22.1	-999.9	0.0	2.0	96695.4	-999.9
Sikasso	1981	2	6	37	19.6	35.5	21.9	-999.9	0.0	2.1	96772.2	-999.9
Sikasso	1981	2	7	38	19.7	36.4	22.5	-999.9	0.0	2.5	96794.1	-999.9
Sikasso	1981	2	8	39	19.6	35.8	22.5	-999.9	0.0	2.7	96820.4	-999.9
Sikasso	1981	2	9	40	20.3	35.2	22.5	-999.9	0.0	2.6	96810.1	-999.9
Sikasso	1981	2	10	41	20.5	34.1	22.7	-999.9	0.0	2.6	96804.6	-999.9
Sikasso	1981	2	11	42	18.7	34.3	22.9	-999.9	0.0	2.2	96765.3	-999.9
Sikasso	1981	2	12	43	16.9	34.7	22.8	-999.9	0.0	1.9	96562.2	-999.9
Sikasso	1981	2	13	44	19.4	33.0	17.6	-999.9	0.0	2.3	96490.4	-999.9
Sikasso	1981	2	14	45	21.7	34.3	20.3	-999.9	0.0	1.4	96655.6	-999.9
Sikasso	1981	2	15	46	23.0	34.7	18.4	-999.9	0.0	1.1	96666.9	-999.9
Sikasso	1981	2	16	47	22.7	36.2	22.3	-999.9	0.0	1.7	96645.4	-999.9
Sikasso	1981	2	17	48	21.6	36.6	22.8	-999.9	0.0	2.5	96602.4	-999.9
Sikasso	1981	2	18	49	22.7	36.3	22.8	-999.9	0.0	2.4	96581.6	-999.9
Sikasso	1981	2	19	50	22.5	35.5	23.0	-999.9	0.0	2.0	96548.5	-999.9
Sikasso	1981	2	20	51	19.7	36.0	23.2	-999.9	0.0	1.4	96534.1	-999.9
Sikasso	1981	2	21	52	19.8	36.0	23.3	-999.9	0.0	1.8	96589.1	-999.9
Sikasso	1981	2	22	53	21.3	34.6	23.5	-999.9	0.0	2.5	96657.9	-999.9
Sikasso	1981	2	23	54	19.0	34.5	23.8	-999.9	0.0	2.0	96603.6	-999.9
Sikasso	1981	2	24	55	18.1	34.9	23.9	-999.9	0.0	1.4	96693.4	-999.9
Sikasso	1981	2	25	56	18.2	36.4	24.1	-999.9	0.0	2.0	96735.6	-999.9
Sikasso	1981	2	26	57	19.1	37.0	24.1	-999.9	0.0	2.3	96746.2	-999.9
Sikasso	1981	2	27	58	21.0	36.8	24.2	-999.9	0.0	2.5	96651.6	-999.9
Sikasso	1981	2	28	59	22.1	37.0	23.6	-999.9	0.0	2.1	96638.1	-999.9
Sikasso	1981	3	1	60	21.9	37.6	23.5	-999.9	0.0	2.1	96604.7	-999.9
Sikasso	1981	3	2	61	23.1	37.7	24.0	-999.9	0.0	1.6	96535.6	-999.9
Sikasso	1981	3	3	62	24.4	36.7	20.9	-999.9	0.0	1.8	96561.1	-999.9
Sikasso	1981	3	4	63	23.1	36.9	22.3	-999.9	0.0	1.5	96530.9	-999.9
Sikasso	1981	3	5	64	24.9	36.0	20.5	-999.9	0.0	2.3	96529.9	-999.9
Sikasso	1981	3	6	65	22.8	32.8	20.4	-999.9	1.6	1.7	96738.2	-999.9
Sikasso	1981	3	7	66	22.1	34.4	21.4	-999.9	0.0	1.3	96763.3	-999.9
Sikasso	1981	3	8	67	20.8	36.8	24.3	-999.9	0.0	2.0	96700.4	-999.9
Sikasso	1981	3	9	68	20.4	37.1	24.6	-999.9	0.0	2.2	96667.7	-999.9
Sikasso	1981	3	10	69	19.1	37.2	24.7	-999.9	0.0	1.4	96673.9	-999.9
Sikasso	1981	3	11	70	21.8	36.5	22.5	-999.9	0.0	1.8	96649.4	-999.9
Sikasso	1981	3	12	71	23.6	34.7	20.0	-999.9	1.2	2.1	96732.5	-999.9
Sikasso	1981	3	13	72	21.9	35.3	23.4	-999.9	0.0	1.9	96692.4	-999.9
Sikasso	1981	3	14	73	19.2	35.0	24.0	-999.9	0.0	1.8	96664.2	-999.9
Sikasso	1981	3	15	74	22.9	35.5	22.0	-999.9	0.0	1.6	96747.8	-999.9
Sikasso	1981	3	16	75	23.2	30.4	14.2	-999.9	1.4	1.9	97015.6	-999.9
Sikasso	1981	3	17	76	22.7	36.3	22.3	-999.9	0.0	1.5	96772.3	-999.9
Sikasso	1981	3	18	77	23.9	38.2	24.7	-999.9	0.0	2.3	96498.3	-999.9
Sikasso	1981	3	19	78	23.5	37.5	23.0	-999.9	0.0	2.2	96452.7	-999.9
Sikasso	1981	3	20	79	24.8	36.4	22.1	-999.9	0.0	2.3	96607.9	-999.9
Sikasso	1981	3	21	80	22.3	33.8	19.0	-999.9	0.9	2.4	96881.3	-999.9
Sikasso	1981	3	22	81	23.3	35.9	23.7	-999.9	0.0	2.7	96678.2	-999.9
Sikasso	1981	3	23	82	22.8	37.7	25.2	-999.9	0.0	2.1	96540.4	-999.9
Sikasso	1981	3	24	83	22.2	37.0	25.3	-999.9	0.0	1.7	96504.1	-999.9
Sikasso	1981	3	25	84	22.1	36.8	24.2	-999.9	0.0	1.6	96609.0	-999.9
Sikasso	1981	3	26	85	24.1	37.3	23.4	-999.9	0.0	1.9	96628.5	-999.9
Sikasso	1981	3	27	86	25.1	37.9	23.7	-999.9	0.0	2.3	96489.2	-999.9
Sikasso	1981	3	28	87	23.7	36.0	23.1	-999.9	2.1	2.4	96557.6	-999.9
Sikasso	1981	3	29	88	22.0	34.9	23.9	-999.9	0.0	2.3	96649.4	-999.9
Sikasso	1981	3	30	89	23.0	35.7	23.5	-999.9	0.0	2.1	96789.8	-999.9
Sikasso	1981	3	31	90	25.4	35.9	23.1	-999.9	0.0	1.8	96819.0	-999.9
Sikasso	1981	4	1	91	23.5	35.2	22.7	-999.9	0.0	1.7	96788.4	-999.9
Sikasso	1981	4	2	92	25.6	36.8	24.1	-999.9	0.0	1.6	96630.2	-999.9
Sikasso	1981	4	3	93	26.6	36.5	21.2	-999.9	5.6	1.8	96727.5	-999.9
Sikasso	1981	4	4	94	25.3	36.2	20.9	-999.9	0.0	2.1	96717.1	-999.9
Sikasso	1981	4	5	95	25.4	36.0	21.5	-999.9	0.0	2.2	96685.5	-999.9
Sikasso	1981	4	6	96	25.8	37.0	21.0	-999.9	0.0	2.1	96509.2	-999.9
Sikasso	1981	4	7	97	25.5	37.8	24.4	-999.9	0.0	2.0	96485.3	-999.9
Sikasso	1981	4	8	98	26.7	38.4	22.0	-999.9	6.8	2.2	96468.6	-999.9
Sikasso	1981	4	9	99	27.6	38.7	23.0	-999.9	0.0	2.1	96525.9	-999.9
Sikasso	1981	4	10	100	27.2	38.8	23.0	-999.9	0.0	2.1	96495.5	-999.9
Sikasso	1981	4	11	101	27.4	38.8	23.3	-999.9	0.0	1.9	96374.4	-999.9
Sikasso	1981	4	12	102	27.2	37.7	23.2	-999.9	0.0	2.3	96464.2	-999.9
Sikasso	1981	4	13	103	27.0	38.7	24.4	-999.9	0.0	1.9	96487.4	-999.9
Sikasso	1981	4	14	104	28.2	38.5	22.8	-999.9	0.0	1.8	96487.5	-999.9
Sikasso	1981	4	15	105	27.9	37.3	22.8	-999.9	4.1	2.4	96553.8	-999.9
Sikasso	1981	4	16	106	27.7	37.4	23.9	-999.9	0.0	2.2	96500.6	-999.9
Sikasso	1981	4	17	107	26.2	36.9	22.7	-999.9	0.0	2.8	96386.4	-999.9
Sikasso	1981	4	18	108	26.6	35.6	20.0	-999.9	0.0	2.1	96476.9	-999.9
Sikasso	1981	4	19	109	26.1	35.2	22.5	-999.9	0.0	1.7	96683.3	-999.9
Sikasso	1981	4	20	110	24.4	36.3	22.6	-999.9	0.0	1.2	96785.3	-999.9
Sikasso	1981	4	21	111	26.9	38.7	21.9	-999.9	5.4	2.6	96610.1	-999.9
Sikasso	1981	4	22	112	24.6	37.1	23.4	-999.9	16.2	2.2	96493.8	-999.9
Sikasso	1981	4	23	113	24.5	36.4	23.1	-999.9	0.0	2.0	96518.4	-999.9
Sikasso	1981	4	24	114	23.8	29.2	15.9	-999.9	5.4	1.3	96772.6	-999.9
Sikasso	1981	4	25	115	22.5	33.6	24.0	-999.9	0.0	1.6	96730.0	-999.9
Sikasso	1981	4	26	116	22.6	36.5	25.5	-999.9	0.0	1.6	96491.2	-999.9
Sikasso	1981	4	27	117	24.5	37.1	25.2	-999.9	0.0	2.7	96315.9	-999.9
Sikasso	1981	4	28	118	25.5	35.4	24.0	-999.9	0.0	2.8	96394.2	-999.9
Sikasso	1981	4	29	119	24.0	33.1	18.2	-999.9	4.6	2.1	96585.9	-999.9
Sikasso	1981	4	30	120	23.7	31.8	20.0	-999.9	0.0	1.9	96591.0	-999.9
Sikasso	1981	5	1	121	23.6	31.2	20.8	-999.9	3.8	1.6	96555.0	-999.9
Sikasso	1981	5	2	122	22.5	29.9	15.3	-999.9	7.5	1.7	96674.4	-999.9
Sikasso	1981	5	3	123	22.6	30.8	19.9	-999.9	16.4	1.9	96840.6	-999.9
Sikasso	1981	5	4	124	22.4	31.5	20.6	-999.9	6.6	1.2	96782.0	-999.9
Sikasso	1981	5	5	125	22.3	30.6	21.7	-999.9	0.0	2.1	96714.4	-999.9
Sikasso	1981	5	6	126	24.0	30.9	17.9	-999.9	0.0	1.8	96744.3	-999.9
Sikasso	1981	5	7	127	23.4	32.6	24.6	-999.9	4.8	1.8	96649.3	-999.9
Sikasso	1981	5	8	128	22.6	31.5	19.6	-999.9	2.4	2.2	96579.3	-999.9
Sikasso	1981	5	9	129	23.8	33.0	23.6	-999.9	2.4	2.3	96512.6	-999.9
Sikasso	1981	5	10	130	23.4	32.5	23.2	-999.9	4.8	2.2	96577.9	-999.9
Sikasso	1981	5	11	131	24.6	30.4	19.5	-999.9	7.3	2.4	96844.0	-999.9
Sikasso	1981	5	12	132	21.6	31.7	24.1	-999.9	6.3	2.0	96832.7	-999.9
Sikasso	1981	5	13	133	23.6	32.6	22.3	-999.9	0.0	1.7	96701.2	-999.9
Sikasso	1981	5	14	134	22.9	31.6	21.2	-999.9	0.0	1.8	96761.9	-999.9
Sikasso	1981	5	15	135	24.7	34.1	24.3	-999.9	0.0	2.2	96799.2	-999.9
Sikasso	1981	5	16	136	24.9	33.2	22.0	-999.9	0.0	1.9	96826.4	-999.9
Sikasso	1981	5	17	137	24.0	35.1	24.9	-999.9	4.3	2.0	96672.4	-999.9
Sikasso	1981	5	18	138	24.6	33.3	22.9	-999.9	0.0	2.6	96747.7	-999.9
Sikasso	1981	5	19	139	24.5	33.2	22.6	-999.9	7.5	2.0	96886.8	-999.9
Sikasso	1981	5	20	140	24.2	32.8	22.0	-999.9	3.8	1.7	96891.3	-999.9
Sikasso	1981	5	21	141	24.4	32.8	20.3	-999.9	0.0	2.3	96770.4	-999.9
Sikasso	1981	5	22	142	23.4	33.2	19.7	-999.9	0.0	2.5	96821.4	-999.9
Sikasso	1981	5	23	143	23.9	34.4	24.6	-999.9	5.2	2.0	96849.7	-999.9
Sikasso	1981	5	24	144	24.3	33.2	21.8	-999.9	5.2	1.8	96832.8	-999.9
Sikasso	1981	5	25	145	25.8	33.3	21.5	-999.9	7.8	2.0	96759.8	-999.9
Sikasso	1981	5	26	146	24.0	30.1	18.2	-999.9	10.3	2.4	96778.8	-999.9
Sikasso	1981	5	27	147	22.4	31.2	19.2	-999.9	0.0	2.3	96868.3	-999.9
Sikasso	1981	5	28	148	23.8	31.4	18.0	-999.9	9.0	2.1	96916.2	-999.9
Sikasso	1981	5	29	149	22.9	34.3	24.3	-999.9	4.5	2.0	96815.1	-999.9
Sikasso	1981	5	30	150	24.9	32.3	21.0	-999.9	10.3	1.7	96786.2	-999.9
Sikasso	1981	5	31	151	23.7	31.1	17.0	-999.9	15.4	1.3	96866.4	-999.9
Sikasso	1981	6	1	152	23.5	32.5	23.3	-999.9	5.5	1.7	96911.2	-999.9
Sikasso	1981	6	2	153	24.1	34.5	24.3	-999.9	0.0	1.9	96911.4	-999.9
Sikasso	1981	6	3	154	24.6	33.8	23.3	-999.9	0.0	2.0	96927.1	-999.9
Sikasso	1981	6	4	155	25.1	34.5	23.4	-999.9	0.0	2.4	96929.2	-999.9
Sikasso	1981	6	5	156	25.2	35.7	24.4	-999.9	0.0	1.8	96882.5	-999.9
Sikasso	1981	6	6	157	24.3	36.0	22.6	-999.9	0.0	1.7	96799.2	-999.9
Sikasso	1981	6	7	158	25.2	33.8	21.6	-999.9	0.0	2.4	96813.9	-999.9
Sikasso	1981	6	8	159	24.0	34.9	23.8	-999.9	0.0	2.3	96862.9	-999.9
Sikasso	1981	6	9	160	25.0	34.3	22.5	-999.9	0.0	2.0	96872.8	-999.9
Sikasso	1981	6	10	161	24.2	34.2	20.5	-999.9	16.2	2.2	96856.7	-999.9
Sikasso	1981	6	11	162	22.9	30.9	19.5	-999.9	0.0	1.9	97027.5	-999.9
Sikasso	1981	6	12	163	23.5	30.6	17.8	-999.9	0.0	1.7	97121.2	-999.9
Sikasso	1981	6	13	164	22.6	32.1	24.4	-999.9	0.0	1.6	97040.3	-999.9
Sikasso	1981	6	14	165	23.9	32.0	22.5	-999.9	0.0	1.7	96952.8	-999.9
Sikasso	1981	6	15	166	22.3	32.2	23.5	-999.9	16.1	2.4	96855.5	-999.9
Sikasso	1981	6	16	167	24.9	32.3	23.2	-999.9	0.0	2.7	96823.4	-999.9
Sikasso	1981	6	17	168	23.5	30.3	17.7	-999.9	2.0	2.5	96863.2	-999.9
Sikasso	1981	6	18	169	23.0	31.8	20.6	-999.9	4.0	2.3	96912.6	-999.9
Sikasso	1981	6	19	170	23.0	31.4	20.5	-999.9	44.9	1.5	96936.9	-999.9
Sikasso	1981	6	20	171	23.5	32.0	19.9	-999.9	0.9	2.0	96962.4	-999.9
Sikasso	1981	6	21	172	23.7	31.9	22.2	-999.9	0.0	2.0	96918.0	-999.9
Sikasso	1981	6	22	173	24.1	32.3	22.1	-999.9	0.0	1.7	96901.0	-999.9
Sikasso	1981	6	23	174	22.9	31.9	20.7	-999.9	0.0	1.9	96884.5	-999.9
Sikasso	1981	6	24	175	22.2	28.1	11.1	-999.9	37.3	1.9	96992.4	-999.9
Sikasso	1981	6	25	176	22.6	30.1	18.6	-999.9	0.0	2.2	97054.6	-999.9
Sikasso	1981	6	26	177	22.8	30.4	19.3	-999.9	0.0	1.6	96993.6	-999.9
Sikasso	1981	6	27	178	23.1	30.3	19.4	-999.9	0.0	2.1	96809.6	-999.9
Sikasso	1981	6	28	179	22.9	30.5	20.0	-999.9	0.0	1.8	96854.0	-999.9
Sikasso	1981	6	29	180	22.2	30.2	20.6	-999.9	11.8	1.4	96914.8	-999.9
Sikasso	1981	6	30	181	22.7	28.0	14.0	-999.9	0.0	2.2	96855.2	-999.9
Sikasso	1981	7	1	182	22.5	30.6	19.8	-999.9	0.0	2.0	96781.4	-999.9
Sikasso	1981	7	2	183	23.3	30.6	19.9	-999.9	11.5	2.1	96833.5	-999.9
Sikasso	1981	7	3	184	22.4	30.7	22.0	-999.9	0.0	1.5	96952.4	-999.9
Sikasso	1981	7	4	185	23.6	31.4	20.7	-999.9	0.0	1.8	96891.2	-999.9
Sikasso	1981	7	5	186	23.2	27.9	13.8	-999.9	11.5	2.1	96857.4	-999.9
Sikasso	1981	7	6	187	22.5	28.0	15.3	-999.9	0.0	2.2	96962.3	-999.9
Sikasso	1981	7	7	188	21.2	28.4	15.6	-999.9	0.0	2.0	97082.0	-999.9
Sikasso	1981	7	8	189	22.1	27.5	13.8	-999.9	0.0	1.5	97036.4	-999.9
Sikasso	1981	7	9	190	21.7	29.6	17.3	-999.9	12.5	1.9	97018.4	-999.9
Sikasso	1981	7	10	191	21.9	29.3	17.6	-999.9	0.0	2.6	96994.9	-999.9
Sikasso	1981	7	11	192	22.5	28.5	15.9	-999.9	30.9	2.2	96892.9	-999.9
Sikasso	1981	7	12	193	21.8	28.8	17.2	-999.9	0.0	2.0	96888.8	-999.9
Sikasso	1981	7	13	194	22.4	29.9	19.8	-999.9	0.0	2.0	96931.1	-999.9
Sikasso	1981	7	14	195	22.0	29.0	14.8	-999.9	30.9	1.9	96892.5	-999.9
Sikasso	1981	7	15	196	21.8	28.6	17.7	-999.9	0.0	1.9	96874.9	-999.9
Sikasso	1981	7	16	197	21.4	29.5	17.9	-999.9	0.0	1.9	96820.4	-999.9
Sikasso	1981	7	17	198	22.7	30.9	20.7	-999.9	27.6	2.5	96823.1	-999.9
Sikasso	1981	7	18	199	22.4	27.4	12.1	-999.9	27.6	1.8	96865.7	-999.9
Sikasso	1981	7	19	200	21.8	28.0	16.6	-999.9	0.0	1.9	96972.9	-999.9
Sikasso	1981	7	20	201	22.0	30.0	19.7	-999.9	27.6	1.9	96860.6	-999.9
Sikasso	1981	7	21	202	21.5	28.0	16.6	-999.9	10.1	1.9	96798.0	-999.9
Sikasso	1981	7	22	203	21.4	28.3	14.8	-999.9	0.0	2.5	96886.2	-999.9
Sikasso	1981	7	23	204	21.9	28.3	15.3	-999.9	11.5	2.2	96978.2	-999.9
Sikasso	1981	7	24	205	21.6	26.2	11.2	-999.9	10.1	1.9	97074.7	-999.9
Sikasso	1981	7	25	206	21.5	27.9	15.0	-999.9	0.0	2.0	97094.6	-999.9
Sikasso	1981	7	26	207	21.1	26.6	12.4	-999.9	0.0	2.3	97142.8	-999.9
Sikasso	1981	7	27	208	21.1	28.7	19.4	-999.9	0.0	2.0	97057.3	-999.9
Sikasso	1981	7	28	209	21.4	28.0	16.8	-999.9	0.0	2.3	96945.6	-999.9
Sikasso	1981	7	29	210	21.8	25.8	9.6	-999.9	19.2	2.3	96990.1	-999.9
Sikasso	1981	7	30	211	21.5	24.8	9.8	-999.9	38.4	2.4	97151.9	-999.9
Sikasso	1981	7	31	212	21.4	26.8	14.0	-999.9	0.0	2.3	97124.6	-999.9
Sikasso	1981	8	1	213	21.2	28.6	19.5	-999.9	18.8	1.8	96999.8	-999.9
Sikasso	1981	8	2	214	21.1	25.8	9.7	-999.9	14.9	0.9	96923.9	-999.9
Sikasso	1981	8	3	215	21.7	28.6	16.3	-999.9	0.0	1.2	97005.8	-999.9
Sikasso	1981	8	4	216	21.9	28.9	20.4	-999.9	0.0	1.7	97041.8	-999.9
Sikasso	1981	8	5	217	22.4	29.5	20.5	-999.9	7.2	1.7	96995.3	-999.9
Sikasso	1981	8	6	218	21.9	26.2	10.7	-999.9	33.7	1.4	96943.6	-999.9
Sikasso	1981	8	7	219	21.3	28.7	18.8	-999.9	26.3	1.7	96953.5	-999.9
Sikasso	1981	8	8	220	21.5	30.2	21.7	-999.9	5.1	1.2	96982.4	-999.9
Sikasso	1981	8	9	221	22.7	30.7	21.5	-999.9	0.0	1.1	96976.2	-999.9
Sikasso	1981	8	10	222	22.6	30.0	19.6	-999.9	9.7	1.4	97030.6	-999.9
Sikasso	1981	8	11	223	22.9	30.1	18.1	-999.9	2.8	1.4	96999.5	-999.9
Sikasso	1981	8	12	224	22.8	30.7	20.8	-999.9	0.0	1.3	96872.5	-999.9
Sikasso	1981	8	13	225	23.0	29.8	19.5	-999.9	2.8	1.6	96832.1	-999.9
Sikasso	1981	8	14	226	21.9	29.7	18.2	-999.9	5.0	2.0	96932.5	-999.9
Sikasso	1981	8	15	227	21.9	29.1	16.5	-999.9	3.5	1.4	96992.3	-999.9
Sikasso	1981	8	16	228	21.2	30.2	21.9	-999.9	0.0	1.5	96901.2	-999.9
Sikasso	1981	8	17	229	22.2	29.1	15.8	-999.9	0.0	1.7	96775.4	-999.9
Sikasso	1981	8	18	230	21.8	28.8	18.2	-999.9	16.7	2.1	96864.1	-999.9
Sikasso	1981	8	19	231	21.3	27.9	18.1	-999.9	5.0	1.4	97035.3	-999.9
Sikasso	1981	8	20	232	21.3	26.2	11.0	-999.9	0.0	1.1	97015.7	-999.9
Sikasso	1981	8	21	233	21.6	28.7	19.1	-999.9	0.0	1.6	97019.2	-999.9
Sikasso	1981	8	22	234	21.6	26.1	13.1	-999.9	22.5	1.4	97137.9	-999.9
Sikasso	1981	8	23	235	21.1	29.3	19.2	-999.9	0.0	1.2	97099.2	-999.9
Sikasso	1981	8	24	236	21.4	30.9	22.6	-999.9	12.9	1.4	96869.4	-999.9
Sikasso	1981	8	25	237	22.2	28.6	15.0	-999.9	11.3	2.2	96778.2	-999.9
Sikasso	1981	8	26	238	21.4	27.0	14.9	-999.9	0.0	2.1	97008.7	-999.9
Sikasso	1981	8	27	239	21.2	28.7	19.0	-999.9	0.0	1.6	97070.8	-999.9
Sikasso	1981	8	28	240	22.0	27.5	14.2	-999.9	26.1	1.9	96919.2	-999.9
Sikasso	1981	8	29	241	21.5	26.6	12.7	-999.9	52.1	2.1	96847.6	-999.9
Sikasso	1981	8	30	242	21.7	27.8	15.1	-999.9	29.8	2.1	96912.7	-999.9
Sikasso	1981	8	31	243	21.3	27.8	17.8	-999.9	0.0	1.3	96928.4	-999.9
Sikasso	1981	9	1	244	20.3	29.9	21.1	-999.9	0.4	1.1	96879.2	-999.9
Sikasso	1981	9	2	245	22.1	29.3	18.9	-999.9	1.3	1.5	96849.2	-999.9
Sikasso	1981	9	3	246	22.5	30.7	21.1	-999.9	6.7	1.6	96765.4	-999.9
Sikasso	1981	9	4	247	21.9	29.3	18.3	-999.9	16.3	1.6	96779.3	-999.9
Sikasso	1981	9	5	248	21.2	26.6	12.4	-999.9	6.2	1.3	96982.6	-999.9
Sikasso	1981	9	6	249	21.2	26.9	14.4	-999.9	0.0	1.2	97016.5	-999.9
Sikasso	1981	9	7	250	21.0	28.3	19.6	-999.9	11.9	1.7	96980.9	-999.9
Sikasso	1981	9	8	251	20.4	29.8	21.5	-999.9	0.0	1.5	96938.7	-999.9
Sikasso	1981	9	9	252	21.2	28.6	16.3	-999.9	11.9	1.2	96977.6	-999.9
Sikasso	1981	9	10	253	21.1	28.2	17.5	-999.9	0.0	1.4	97021.3	-999.9
Sikasso	1981	9	11	254	21.1	28.9	19.6	-999.9	0.0	1.3	97092.6	-999.9
Sikasso	1981	9	12	255	20.8	30.1	22.6	-999.9	0.0	1.1	96944.7	-999.9
Sikasso	1981	9	13	256	21.8	29.9	20.5	-999.9	20.9	1.2	96881.0	-999.9
Sikasso	1981	9	14	257	22.1	29.7	20.5	-999.9	31.3	1.5	96946.6	-999.9
Sikasso	1981	9	15	258	21.8	28.8	18.0	-999.9	0.0	1.3	96995.3	-999.9
Sikasso	1981	9	16	259	21.6	29.7	20.5	-999.9	9.0	1.3	97068.0	-999.9
Sikasso	1981	9	17	260	21.4	28.8	19.6	-999.9	19.1	1.1	97099.5	-999.9
Sikasso	1981	9	18	261	21.1	29.7	21.1	-999.9	0.5	1.5	97074.2	-999.9
Sikasso	1981	9	19	262	21.1	29.7	21.9	-999.9	0.7	1.6	96972.4	-999.9
Sikasso	1981	9	20	263	21.5	30.7	22.9	-999.9	0.5	1.3	96895.3	-999.9
Sikasso	1981	9	21	264	21.6	29.5	19.1	-999.9	17.5	1.5	96939.0	-999.9
Sikasso	1981	9	22	265	22.1	29.5	20.0	-999.9	0.0	1.5	97081.5	-999.9
Sikasso	1981	9	23	266	22.1	30.7	22.3	-999.9	0.0	1.2	97154.1	-999.9
Sikasso	1981	9	24	267	21.9	29.7	16.7	-999.9	17.5	1.4	97005.6	-999.9
Sikasso	1981	9	25	268	22.1	29.5	19.7	-999.9	26.3	1.6	96878.6	-999.9
Sikasso	1981	9	26	269	22.0	30.0	18.3	-999.9	0.0	1.7	96949.5	-999.9
Sikasso	1981	9	27	270	22.6	30.3	19.8	-999.9	10.1	1.3	96988.5	-999.9
Sikasso	1981	9	28	271	22.7	28.9	17.5	-999.9	0.0	1.5	96899.2	-999.9
Sikasso	1981	9	29	272	22.4	30.2	20.0	-999.9	0.0	1.2	96864.8	-999.9
Sikasso	1981	9	30	273	22.4	30.9	21.6	-999.9	0.0	1.4	96837.2	-999.9
Sikasso	1981	10	1	274	22.7	30.6	20.2	-999.9	0.0	1.3	96878.3	-999.9
Sikasso	1981	10	2	275	22.4	32.1	23.7	-999.9	0.0	1.3	96804.3	-999.9
Sikasso	1981	10	3	276	22.7	31.9	22.8	-999.9	0.0	1.5	96724.0	-999.9
Sikasso	1981	10	4	277	23.4	31.6	23.0	-999.9	0.0	1.5	96726.0	-999.9
Sikasso	1981	10	5	278	21.7	30.4	21.4	-999.9	0.0	1.1	96751.8	-999.9
Sikasso	1981	10	6	279	22.0	31.5	22.5	-999.9	0.0	1.3	96812.8	-999.9
Sikasso	1981	10	7	280	22.3	32.6	23.2	-999.9	0.0	1.1	96718.1	-999.9
Sikasso	1981	10	8	281	22.9	31.2	22.5	-999.9	0.0	1.5	96721.3	-999.9
Sikasso	1981	10	9	282	23.4	30.6	20.8	-999.9	0.0	1.5	96847.8	-999.9
Sikasso	1981	10	10	283	22.9	30.4	20.2	-999.9	0.0	1.2	96869.5	-999.9
Sikasso	1981	10	11	284	22.2	30.7	20.9	-999.9	0.0	1.3	96791.5	-999.9
Sikasso	1981	10	12	285	22.6	30.5	20.9	-999.9	0.0	1.3	96718.7	-999.9
Sikasso	1981	10	13	286	22.0	30.3	20.0	-999.9	0.0	1.6	96845.8	-999.9
Sikasso	1981	10	14	287	21.6	31.0	21.9	-999.9	0.0	1.1	96976.3	-999.9
Sikasso	1981	10	15	288	22.7	30.2	19.5	-999.9	0.0	1.1	96957.6	-999.9
Sikasso	1981	10	16	289	21.8	30.2	18.0	-999.9	0.0	1.4	96868.2	-999.9
Sikasso	1981	10	17	290	22.0	31.1	21.7	-999.9	0.0	1.5	96798.8	-999.9
Sikasso	1981	10	18	291	22.9	31.5	21.9	-999.9	0.0	1.2	96890.3	-999.9
Sikasso	1981	10	19	292	23.1	31.5	21.2	-999.9	0.0	1.4	96858.7	-999.9
Sikasso	1981	10	20	293	22.1	31.0	21.5	-999.9	0.0	1.9	96765.0	-999.9
Sikasso	1981	10	21	294	22.2	29.5	18.3	-999.9	10.7	1.8	96843.4	-999.9
Sikasso	1981	10	22	295	22.2	30.1	19.0	-999.9	13.6	1.1	96952.4	-999.9
Sikasso	1981	10	23	296	21.7	30.8	20.2	-999.9	0.0	1.2	96983.5	-999.9
Sikasso	1981	10	24	297	21.9	31.1	19.8	-999.9	0.0	1.3	96910.3	-999.9
Sikasso	1981	10	25	298	22.0	33.2	21.2	-999.9	0.0	1.3	96776.8	-999.9
Sikasso	1981	10	26	299	22.8	31.2	21.2	-999.9	0.0	1.7	96791.3	-999.9
Sikasso	1981	10	27	300	22.9	30.9	19.0	-999.9	0.0	1.4	96760.5	-999.9
Sikasso	1981	10	28	301	22.0	32.3	20.0	-999.9	0.0	0.9	96872.8	-999.9
Sikasso	1981	10	29	302	22.1	33.2	20.1	-999.9	14.1	1.2	96867.0	-999.9
Sikasso	1981	10	30	303	21.8	32.8	20.8	-999.9	0.0	1.4	96747.4	-999.9
Sikasso	1981	10	31	304	22.9	32.6	21.5	-999.9	0.0	1.4	96739.6	-999.9
Sikasso	1981	11	1	305	21.6	34.1	21.4	-999.9	0.0	1.4	96742.3	-999.9
Sikasso	1981	11	2	306	21.5	33.6	21.3	-999.9	0.0	1.7	96810.7	-999.9
Sikasso	1981	11	3	307	21.0	33.1	20.5	-999.9	0.0	1.5	96868.7	-999.9
Sikasso	1981	11	4	308	20.6	34.1	21.1	-999.9	0.0	1.5	96815.8	-999.9
Sikasso	1981	11	5	309	20.6	32.4	19.0	-999.9	0.0	1.5	96791.8	-999.9
Sikasso	1981	11	6	310	20.3	33.2	21.3	-999.9	0.0	1.5	96878.9	-999.9
Sikasso	1981	11	7	311	17.8	33.6	22.7	-999.9	0.0	2.1	96935.1	-999.9
Sikasso	1981	11	8	312	17.3	33.6	22.5	-999.9	0.0	2.2	96903.7	-999.9
Sikasso	1981	11	9	313	19.4	32.9	22.0	-999.9	0.0	2.0	96886.3	-999.9
Sikasso	1981	11	10	314	20.3	33.6	21.2	-999.9	0.0	1.8	96879.2	-999.9
Sikasso	1981	11	11	315	20.1	34.4	21.9	-999.9	0.0	2.1	96798.6	-999.9
Sikasso	1981	11	12	316	19.3	34.5	21.6	-999.9	0.0	1.6	96765.5	-999.9
Sikasso	1981	11	13	317	20.8	34.7	21.9	-999.9	0.0	1.9	96780.8	-999.9
Sikasso	1981	11	14	318	18.0	33.5	21.5	-999.9	0.0	1.5	96839.8	-999.9
Sikasso	1981	11	15	319	18.0	33.4	21.8	-999.9	0.0	1.8	96785.7	-999.9
Sikasso	1981	11	16	320	20.7	33.7	20.6	-999.9	0.0	1.8	96849.3	-999.9
Sikasso	1981	11	17	321	19.8	34.1	21.6	-999.9	0.0	2.2	96778.7	-999.9
Sikasso	1981	11	18	322	19.9	33.8	21.7	-999.9	0.0	2.0	96655.8	-999.9
Sikasso	1981	11	19	323	18.3	33.6	21.8	-999.9	0.0	1.8	96639.6	-999.9
Sikasso	1981	11	20	324	17.3	33.3	21.2	-999.9	0.0	1.6	96743.1	-999.9
Sikasso	1981	11	21	325	19.1	33.6	21.4	-999.9	0.0	2.0	96889.4	-999.9
Sikasso	1981	11	22	326	18.6	32.4	21.6	-999.9	0.0	2.1	96898.9	-999.9
Sikasso	1981	11	23	327	17.1	31.1	21.7	-999.9	0.0	2.2	96901.7	-999.9
Sikasso	1981	11	24	328	15.1	30.6	21.7	-999.9	0.0	2.0	96924.7	-999.9
Sikasso	1981	11	25	329	14.5	30.9	21.6	-999.9	0.0	1.9	96931.8	-999.9
Sikasso	1981	11	26	330	15.4	31.5	21.3	-999.9	0.0	1.8	96901.8	-999.9
Sikasso	1981	11	27	331	17.4	32.0	21.1	-999.9	0.0	2.1	96944.2	-999.9
Sikasso	1981	11	28	332	17.6	32.5	21.1	-999.9	0.0	2.1	96908.0	-999.9
Sikasso	1981	11	29	333	16.6	32.5	20.9	-999.9	0.0	1.9	96756.2	-999.9
Sikasso	1981	11	30	334	18.8	32.7	20.3	-999.9	0.0	1.9	96694.1	-999.9
Sikasso	1981	12	1	335	18.1	33.4	20.8	-999.9	0.0	2.2	96724.2	-999.9
Sikasso	1981	12	2	336	18.3	33.6	20.9	-999.9	0.0	2.3	96933.1	-999.9
Sikasso	1981	12	3	337	17.1	32.7	20.7	-999.9	0.0	2.3	96992.5	-999.9
Sikasso	1981	12	4	338	16.2	32.5	21.1	-999.9	0.0	2.3	96978.0	-999.9
Sikasso	1981	12	5	339	16.8	32.6	21.2	-999.9	0.0	2.4	96967.3	-999.9
Sikasso	1981	12	6	340	15.0	31.7	20.4	-999.9	0.0	1.9	96975.6	-999.9
Sikasso	1981	12	7	341	14.8	32.0	20.9	-999.9	0.0	1.8	96980.6	-999.9
Sikasso	1981	12	8	342	15.4	32.5	20.6	-999.9	0.0	2.0	97052.5	-999.9
Sikasso	1981	12	9	343	16.5	33.2	20.4	-999.9	0.0	2.2	97064.0	-999.9
Sikasso	1981	12	10	344	18.2	33.3	20.5	-999.9	0.0	2.3	96972.0	-999.9
Sikasso	1981	12	11	345	16.8	33.8	20.5	-999.9	0.0	2.2	96905.8	-999.9
Sikasso	1981	12	12	346	16.1	33.4	20.5	-999.9	0.0	2.0	96841.1	-999.9
Sikasso	1981	12	13	347	17.5	32.9	20.4	-999.9	0.0	2.2	96895.7	-999.9
Sikasso	1981	12	14	348	16.7	32.5	20.7	-999.9	0.0	2.3	96981.0	-999.9
Sikasso	1981	12	15	349	16.3	32.7	20.6	-999.9	0.0	2.1	96926.4	-999.9
Sikasso	1981	12	16	350	16.3	32.2	19.9	-999.9	0.0	2.0	96821.5	-999.9
Sikasso	1981	12	17	351	15.2	32.5	19.5	-999.9	0.0	2.0	96813.5	-999.9
Sikasso	1981	12	18	352	15.2	33.1	20.5	-999.9	0.5	1.8	96851.7	-999.9
Sikasso	1981	12	19	353	15.3	33.1	20.6	-999.9	0.0	1.8	96843.1	-999.9
Sikasso	1981	12	20	354	15.0	32.8	20.5	-999.9	0.0	2.0	96795.4	-999.9
Sikasso	1981	12	21	355	15.7	32.6	19.8	-999.9	0.0	2.2	96733.6	-999.9
Sikasso	1981	12	22	356	15.3	32.2	20.1	-999.9	0.0	1.9	96771.6	-999.9
Sikasso	1981	12	23	357	15.3	31.7	20.2	-999.9	0.0	2.0	96846.0	-999.9
Sikasso	1981	12	24	358	14.6	32.4	20.7	-999.9	0.0	2.1	96817.9	-999.9
Sikasso	1981	12	25	359	14.9	32.8	20.7	-999.9	0.0	1.4	96825.5	-999.9
Sikasso	1981	12	26	360	15.2	33.5	20.6	-999.9	0.0	2.0	96807.0	-999.9
Sikasso	1981	12	27	361	15.6	33.5	20.5	-999.9	0.0	1.9	96764.8	-999.9
Sikasso	1981	12	28	362	15.8	33.5	20.6	-999.9	0.0	1.9	96706.0	-999.9
Sikasso	1981	12	29	363	15.9	33.9	20.6	-999.9	0.0	1.8	96681.7	-999.9
Sikasso	1981	12	30	364	16.7	34.4	20.6	-999.9	0.0	2.0	96714.3	-999.9
Sikasso	1981	12	31	365	17.1	34.1	20.7	-999.9	0.0	2.1	96703.0	-999.9
