Sikasso	1999	1	1	1	15.5	29.5	18.2	-999.9	0.5	2.1	96915.0	-999.9
Sikasso	1999	1	2	2	15.2	31.1	19.9	-999.9	0.0	2.3	96895.1	-999.9
Sikasso	1999	1	3	3	15.2	32.3	20.5	-999.9	0.0	2.3	96771.6	-999.9
Sikasso	1999	1	4	4	16.1	32.6	20.6	-999.9	0.0	2.3	96631.6	-999.9
Sikasso	1999	1	5	5	16.1	32.3	20.5	-999.9	0.0	2.2	96599.5	-999.9
Sikasso	1999	1	6	6	18.0	32.6	20.4	-999.9	0.0	2.2	96585.6	-999.9
Sikasso	1999	1	7	7	17.9	32.3	20.7	-999.9	0.0	2.2	96660.4	-999.9
Sikasso	1999	1	8	8	18.6	31.9	20.6	-999.9	0.0	2.0	96726.6	-999.9
Sikasso	1999	1	9	9	16.8	32.3	20.7	-999.9	0.0	2.0	96669.7	-999.9
Sikasso	1999	1	10	10	15.5	33.3	20.7	-999.9	0.0	1.7	96581.2	-999.9
Sikasso	1999	1	11	11	17.8	33.6	20.7	-999.9	0.0	1.6	96539.6	-999.9
Sikasso	1999	1	12	12	18.5	33.6	20.3	-999.9	0.0	1.9	96468.8	-999.9
Sikasso	1999	1	13	13	22.7	32.2	17.5	-999.9	0.0	1.5	96667.2	-999.9
Sikasso	1999	1	14	14	20.8	31.1	15.4	-999.9	0.0	1.5	96760.8	-999.9
Sikasso	1999	1	15	15	20.8	33.0	19.9	-999.9	0.0	2.0	96735.9	-999.9
Sikasso	1999	1	16	16	20.7	34.0	19.8	-999.9	0.0	2.3	96837.0	-999.9
Sikasso	1999	1	17	17	21.4	33.6	20.5	-999.9	0.0	2.9	96885.2	-999.9
Sikasso	1999	1	18	18	18.8	32.8	20.9	-999.9	0.0	2.5	96842.6	-999.9
Sikasso	1999	1	19	19	17.1	32.4	21.2	-999.9	0.0	1.8	96791.7	-999.9
Sikasso	1999	1	20	20	16.5	32.2	21.3	-999.9	0.0	1.8	96865.8	-999.9
Sikasso	1999	1	21	21	16.1	32.1	21.4	-999.9	0.0	2.0	96948.8	-999.9
Sikasso	1999	1	22	22	16.1	31.8	21.6	-999.9	0.0	1.9	96935.8	-999.9
Sikasso	1999	1	23	23	16.1	32.4	21.2	-999.9	0.0	2.0	96907.5	-999.9
Sikasso	1999	1	24	24	16.6	32.8	21.6	-999.9	0.0	2.6	96823.2	-999.9
Sikasso	1999	1	25	25	17.2	33.3	21.5	-999.9	0.0	2.7	96769.7	-999.9
Sikasso	1999	1	26	26	17.2	32.2	21.7	-999.9	0.0	2.8	96809.7	-999.9
Sikasso	1999	1	27	27	15.9	31.5	21.7	-999.9	0.0	2.5	96809.4	-999.9
Sikasso	1999	1	28	28	15.6	32.5	21.7	-999.9	0.0	2.2	96715.9	-999.9
Sikasso	1999	1	29	29	16.0	33.4	21.9	-999.9	0.0	2.0	96725.4	-999.9
Sikasso	1999	1	30	30	17.1	34.1	21.8	-999.9	0.0	2.0	96725.1	-999.9
Sikasso	1999	1	31	31	17.0	34.5	21.9	-999.9	0.0	1.8	96628.8	-999.9
Sikasso	1999	2	1	32	16.6	34.1	22.0	-999.9	0.0	1.7	96530.6	-999.9
Sikasso	1999	2	2	33	16.4	34.2	21.9	-999.9	2.9	1.7	96522.3	-999.9
Sikasso	1999	2	3	34	19.0	32.8	17.6	-999.9	0.0	1.2	96600.7	-999.9
Sikasso	1999	2	4	35	20.2	32.9	20.5	-999.9	0.0	3.0	96778.7	-999.9
Sikasso	1999	2	5	36	18.5	30.9	21.1	-999.9	0.0	3.3	97030.5	-999.9
Sikasso	1999	2	6	37	15.8	29.0	22.1	-999.9	0.0	3.0	97148.4	-999.9
Sikasso	1999	2	7	38	13.3	28.9	22.4	-999.9	0.0	2.1	97112.8	-999.9
Sikasso	1999	2	8	39	13.8	31.7	22.5	-999.9	0.0	1.6	96977.6	-999.9
Sikasso	1999	2	9	40	15.4	33.8	22.6	-999.9	0.0	1.7	96974.8	-999.9
Sikasso	1999	2	10	41	17.5	35.0	22.7	-999.9	0.0	1.9	96868.0	-999.9
Sikasso	1999	2	11	42	17.8	35.2	22.6	-999.9	0.0	1.9	96757.2	-999.9
Sikasso	1999	2	12	43	19.9	35.6	22.0	-999.9	0.0	1.8	96659.0	-999.9
Sikasso	1999	2	13	44	18.2	36.2	22.8	-999.9	0.0	1.6	96628.0	-999.9
Sikasso	1999	2	14	45	17.6	36.4	22.9	-999.9	0.0	1.4	96518.1	-999.9
Sikasso	1999	2	15	46	19.5	35.5	19.9	-999.9	0.0	1.2	96431.9	-999.9
Sikasso	1999	2	16	47	23.7	30.6	11.9	-999.9	0.0	1.6	96553.7	-999.9
Sikasso	1999	2	17	48	22.4	32.6	16.2	-999.9	0.0	1.0	96551.2	-999.9
Sikasso	1999	2	18	49	21.3	32.1	20.6	-999.9	0.0	1.8	96777.4	-999.9
Sikasso	1999	2	19	50	18.9	31.4	21.5	-999.9	0.0	2.5	96962.0	-999.9
Sikasso	1999	2	20	51	16.6	31.8	23.2	-999.9	0.0	2.6	97001.0	-999.9
Sikasso	1999	2	21	52	16.3	31.8	23.3	-999.9	0.0	2.6	96948.3	-999.9
Sikasso	1999	2	22	53	16.8	33.7	23.2	-999.9	0.0	2.3	96820.8	-999.9
Sikasso	1999	2	23	54	18.3	34.9	23.5	-999.9	0.0	2.3	96800.4	-999.9
Sikasso	1999	2	24	55	19.0	35.6	23.7	-999.9	0.0	2.3	96788.1	-999.9
Sikasso	1999	2	25	56	19.4	36.7	23.7	-999.9	0.0	2.0	96686.9	-999.9
Sikasso	1999	2	26	57	20.2	37.8	23.8	-999.9	0.0	2.0	96574.7	-999.9
Sikasso	1999	2	27	58	19.8	37.7	23.8	-999.9	0.0	1.9	96497.0	-999.9
Sikasso	1999	2	28	59	21.0	36.9	24.1	-999.9	0.0	2.2	96499.6	-999.9
Sikasso	1999	3	1	60	21.1	32.7	16.5	-999.9	0.0	1.9	96661.9	-999.9
Sikasso	1999	3	2	61	21.0	36.1	22.8	-999.9	0.0	1.7	96545.6	-999.9
Sikasso	1999	3	3	62	24.0	36.9	22.7	-999.9	0.0	1.6	96395.8	-999.9
Sikasso	1999	3	4	63	21.9	36.6	23.9	-999.9	0.0	2.0	96388.9	-999.9
Sikasso	1999	3	5	64	21.6	37.3	23.9	-999.9	0.0	1.8	96337.6	-999.9
Sikasso	1999	3	6	65	22.4	38.1	24.1	-999.9	0.0	2.1	96278.5	-999.9
Sikasso	1999	3	7	66	20.9	37.4	24.5	-999.9	0.0	2.1	96324.2	-999.9
Sikasso	1999	3	8	67	21.9	37.4	24.3	-999.9	0.0	1.9	96352.2	-999.9
Sikasso	1999	3	9	68	20.8	37.8	24.8	-999.9	0.0	2.0	96377.2	-999.9
Sikasso	1999	3	10	69	20.6	37.4	24.9	-999.9	0.0	2.0	96526.1	-999.9
Sikasso	1999	3	11	70	20.6	36.6	24.6	-999.9	0.0	2.2	96598.1	-999.9
Sikasso	1999	3	12	71	20.4	36.6	24.9	-999.9	0.0	2.2	96544.7	-999.9
Sikasso	1999	3	13	72	23.0	37.5	24.7	-999.9	0.0	2.2	96425.8	-999.9
Sikasso	1999	3	14	73	24.8	35.8	20.6	-999.9	0.0	2.0	96466.0	-999.9
Sikasso	1999	3	15	74	24.6	34.9	18.7	-999.9	0.0	1.5	96607.6	-999.9
Sikasso	1999	3	16	75	21.0	31.3	14.0	-999.9	0.0	1.3	96707.1	-999.9
Sikasso	1999	3	17	76	22.1	35.9	21.7	-999.9	0.0	2.0	96490.5	-999.9
Sikasso	1999	3	18	77	22.0	37.5	24.7	-999.9	0.0	2.1	96401.6	-999.9
Sikasso	1999	3	19	78	20.4	37.5	25.4	-999.9	0.0	2.3	96452.4	-999.9
Sikasso	1999	3	20	79	21.2	38.3	25.1	-999.9	0.0	2.5	96498.6	-999.9
Sikasso	1999	3	21	80	23.3	38.5	25.5	-999.9	0.0	2.8	96576.6	-999.9
Sikasso	1999	3	22	81	23.6	38.6	25.6	-999.9	0.0	2.3	96573.0	-999.9
Sikasso	1999	3	23	82	20.6	38.3	25.9	-999.9	0.0	1.7	96493.0	-999.9
Sikasso	1999	3	24	83	24.7	38.2	23.5	-999.9	0.0	2.0	96413.7	-999.9
Sikasso	1999	3	25	84	25.6	38.0	22.2	-999.9	0.0	2.1	96534.5	-999.9
Sikasso	1999	3	26	85	23.9	38.0	21.2	-999.9	7.9	2.2	96571.3	-999.9
Sikasso	1999	3	27	86	25.9	36.7	21.9	-999.9	4.0	2.1	96576.7	-999.9
Sikasso	1999	3	28	87	24.3	35.4	20.5	-999.9	0.0	1.9	96583.1	-999.9
Sikasso	1999	3	29	88	25.0	36.9	22.3	-999.9	0.0	1.8	96481.4	-999.9
Sikasso	1999	3	30	89	25.3	37.6	23.8	-999.9	0.0	1.8	96439.4	-999.9
Sikasso	1999	3	31	90	26.5	38.6	24.5	-999.9	0.0	1.6	96410.0	-999.9
Sikasso	1999	4	1	91	27.3	38.9	24.5	-999.9	7.5	1.8	96438.3	-999.9
Sikasso	1999	4	2	92	25.8	38.6	24.7	-999.9	0.0	2.1	96586.3	-999.9
Sikasso	1999	4	3	93	23.9	38.9	25.7	-999.9	0.0	2.2	96597.0	-999.9
Sikasso	1999	4	4	94	23.5	38.8	26.4	-999.9	0.0	2.2	96508.8	-999.9
Sikasso	1999	4	5	95	22.7	38.4	26.4	-999.9	0.0	1.2	96528.4	-999.9
Sikasso	1999	4	6	96	23.4	37.9	24.7	-999.9	0.0	1.4	96613.7	-999.9
Sikasso	1999	4	7	97	25.0	35.5	22.0	-999.9	0.0	2.7	96759.2	-999.9
Sikasso	1999	4	8	98	23.9	34.5	18.0	-999.9	0.0	1.5	96705.8	-999.9
Sikasso	1999	4	9	99	22.6	36.2	22.7	-999.9	0.0	2.2	96679.6	-999.9
Sikasso	1999	4	10	100	25.4	39.0	25.9	-999.9	0.0	2.4	96649.6	-999.9
Sikasso	1999	4	11	101	24.7	39.7	25.4	-999.9	0.0	1.7	96689.6	-999.9
Sikasso	1999	4	12	102	26.8	40.1	25.4	-999.9	0.0	2.4	96622.6	-999.9
Sikasso	1999	4	13	103	27.1	39.1	24.5	-999.9	4.0	2.2	96591.8	-999.9
Sikasso	1999	4	14	104	25.3	38.0	23.6	-999.9	8.0	2.6	96486.0	-999.9
Sikasso	1999	4	15	105	23.9	34.4	15.9	-999.9	8.0	2.0	96662.4	-999.9
Sikasso	1999	4	16	106	24.3	35.7	24.7	-999.9	0.0	1.8	96730.5	-999.9
Sikasso	1999	4	17	107	25.2	36.8	23.8	-999.9	2.9	1.9	96747.3	-999.9
Sikasso	1999	4	18	108	24.1	36.9	23.4	-999.9	11.5	2.2	96789.3	-999.9
Sikasso	1999	4	19	109	23.0	38.0	25.6	-999.9	0.0	1.8	96599.1	-999.9
Sikasso	1999	4	20	110	27.1	38.2	23.7	-999.9	0.0	2.1	96446.5	-999.9
Sikasso	1999	4	21	111	26.6	37.0	23.7	-999.9	2.7	2.1	96618.1	-999.9
Sikasso	1999	4	22	112	26.2	37.3	23.1	-999.9	0.0	1.8	96701.8	-999.9
Sikasso	1999	4	23	113	26.1	37.8	23.8	-999.9	0.0	2.2	96536.9	-999.9
Sikasso	1999	4	24	114	26.5	37.8	23.3	-999.9	8.2	2.8	96371.3	-999.9
Sikasso	1999	4	25	115	26.0	34.8	20.2	-999.9	0.0	2.2	96454.1	-999.9
Sikasso	1999	4	26	116	25.0	36.1	20.8	-999.9	0.0	1.4	96506.5	-999.9
Sikasso	1999	4	27	117	24.6	35.6	22.0	-999.9	0.0	1.6	96486.4	-999.9
Sikasso	1999	4	28	118	24.1	36.2	23.5	-999.9	0.0	2.0	96522.9	-999.9
Sikasso	1999	4	29	119	23.8	34.4	22.2	-999.9	3.8	1.4	96662.8	-999.9
Sikasso	1999	4	30	120	24.2	35.1	21.4	-999.9	0.0	1.5	96713.0	-999.9
Sikasso	1999	5	1	121	25.1	36.1	22.5	-999.9	0.0	2.2	96699.3	-999.9
Sikasso	1999	5	2	122	25.0	39.5	24.0	-999.9	0.0	2.1	96573.6	-999.9
Sikasso	1999	5	3	123	27.2	36.6	24.1	-999.9	5.7	2.8	96613.8	-999.9
Sikasso	1999	5	4	124	25.8	35.2	23.4	-999.9	5.0	1.7	96730.6	-999.9
Sikasso	1999	5	5	125	24.3	35.9	22.9	-999.9	9.9	1.6	96722.0	-999.9
Sikasso	1999	5	6	126	25.8	37.0	24.0	-999.9	0.0	1.7	96581.1	-999.9
Sikasso	1999	5	7	127	26.0	36.3	22.7	-999.9	2.2	2.4	96533.1	-999.9
Sikasso	1999	5	8	128	26.1	36.7	23.8	-999.9	2.2	2.2	96534.2	-999.9
Sikasso	1999	5	9	129	24.9	36.2	24.6	-999.9	0.0	2.2	96571.5	-999.9
Sikasso	1999	5	10	130	25.6	36.9	23.4	-999.9	2.2	2.1	96563.4	-999.9
Sikasso	1999	5	11	131	24.6	37.3	23.7	-999.9	0.0	2.0	96596.8	-999.9
Sikasso	1999	5	12	132	23.0	34.8	20.5	-999.9	9.3	2.8	96742.6	-999.9
Sikasso	1999	5	13	133	25.0	36.0	25.0	-999.9	4.7	2.2	96669.4	-999.9
Sikasso	1999	5	14	134	25.7	36.0	24.0	-999.9	4.7	2.8	96591.5	-999.9
Sikasso	1999	5	15	135	23.8	33.5	22.4	-999.9	0.0	2.0	96665.3	-999.9
Sikasso	1999	5	16	136	22.4	31.9	18.6	-999.9	0.0	1.9	96618.3	-999.9
Sikasso	1999	5	17	137	23.3	32.9	22.1	-999.9	0.0	2.3	96652.4	-999.9
Sikasso	1999	5	18	138	23.5	35.4	23.8	-999.9	6.4	1.1	96726.9	-999.9
Sikasso	1999	5	19	139	25.2	35.9	23.5	-999.9	0.0	1.7	96759.6	-999.9
Sikasso	1999	5	20	140	23.9	35.4	23.7	-999.9	0.0	2.3	96694.4	-999.9
Sikasso	1999	5	21	141	24.2	36.4	23.8	-999.9	0.0	2.3	96730.2	-999.9
Sikasso	1999	5	22	142	26.0	36.8	25.0	-999.9	0.0	2.1	96711.7	-999.9
Sikasso	1999	5	23	143	26.5	37.4	23.7	-999.9	0.0	2.4	96654.8	-999.9
Sikasso	1999	5	24	144	25.4	36.6	24.1	-999.9	4.3	2.3	96825.2	-999.9
Sikasso	1999	5	25	145	24.7	34.0	22.9	-999.9	8.6	2.3	96857.9	-999.9
Sikasso	1999	5	26	146	24.1	34.1	23.5	-999.9	2.4	1.6	96793.8	-999.9
Sikasso	1999	5	27	147	25.4	35.2	24.4	-999.9	2.4	1.8	96705.3	-999.9
Sikasso	1999	5	28	148	25.7	35.0	24.0	-999.9	0.0	2.4	96750.0	-999.9
Sikasso	1999	5	29	149	24.6	35.4	24.7	-999.9	0.0	1.8	96829.3	-999.9
Sikasso	1999	5	30	150	25.9	36.7	24.9	-999.9	0.0	2.1	96573.6	-999.9
Sikasso	1999	5	31	151	24.7	35.4	23.4	-999.9	0.0	2.2	96679.2	-999.9
Sikasso	1999	6	1	152	24.6	35.6	24.7	-999.9	0.0	1.8	96762.9	-999.9
Sikasso	1999	6	2	153	26.0	36.6	24.4	-999.9	5.9	2.0	96670.8	-999.9
Sikasso	1999	6	3	154	25.1	36.0	23.6	-999.9	5.9	2.3	96732.9	-999.9
Sikasso	1999	6	4	155	24.8	34.7	23.8	-999.9	0.0	2.3	96811.2	-999.9
Sikasso	1999	6	5	156	23.4	34.2	23.7	-999.9	0.0	2.3	96852.9	-999.9
Sikasso	1999	6	6	157	25.1	35.1	23.5	-999.9	0.0	1.9	96757.8	-999.9
Sikasso	1999	6	7	158	24.2	35.1	24.5	-999.9	11.9	1.8	96811.4	-999.9
Sikasso	1999	6	8	159	23.6	34.5	23.2	-999.9	11.9	1.8	96861.6	-999.9
Sikasso	1999	6	9	160	22.8	33.1	21.3	-999.9	23.8	2.1	96849.8	-999.9
Sikasso	1999	6	10	161	23.3	33.1	23.7	-999.9	0.0	2.0	96845.5	-999.9
Sikasso	1999	6	11	162	25.3	35.2	24.6	-999.9	11.9	1.9	96741.9	-999.9
Sikasso	1999	6	12	163	24.8	32.4	21.6	-999.9	11.9	2.0	96809.0	-999.9
Sikasso	1999	6	13	164	23.6	32.4	23.8	-999.9	0.0	1.6	96901.5	-999.9
Sikasso	1999	6	14	165	24.2	32.4	22.7	-999.9	35.6	1.8	96803.2	-999.9
Sikasso	1999	6	15	166	24.5	33.1	24.0	-999.9	0.0	1.8	96690.6	-999.9
Sikasso	1999	6	16	167	23.1	32.5	22.0	-999.9	0.0	2.3	96737.3	-999.9
Sikasso	1999	6	17	168	23.6	33.0	23.2	-999.9	0.0	2.2	96830.7	-999.9
Sikasso	1999	6	18	169	22.7	32.8	20.9	-999.9	38.4	2.5	96801.7	-999.9
Sikasso	1999	6	19	170	23.3	32.4	22.9	-999.9	0.0	1.7	96778.8	-999.9
Sikasso	1999	6	20	171	23.8	32.0	21.3	-999.9	0.0	2.6	96881.4	-999.9
Sikasso	1999	6	21	172	23.0	33.1	24.9	-999.9	0.0	2.3	96869.2	-999.9
Sikasso	1999	6	22	173	24.9	34.6	24.3	-999.9	9.6	2.3	96701.2	-999.9
Sikasso	1999	6	23	174	24.3	31.4	19.6	-999.9	0.0	2.7	96721.0	-999.9
Sikasso	1999	6	24	175	23.9	32.7	22.0	-999.9	0.0	2.3	96787.9	-999.9
Sikasso	1999	6	25	176	23.7	31.6	19.4	-999.9	0.0	1.9	96861.5	-999.9
Sikasso	1999	6	26	177	23.3	33.4	24.1	-999.9	0.0	1.5	96768.4	-999.9
Sikasso	1999	6	27	178	24.0	33.7	23.4	-999.9	0.0	2.2	96602.7	-999.9
Sikasso	1999	6	28	179	21.5	29.4	17.3	-999.9	20.8	1.9	96742.3	-999.9
Sikasso	1999	6	29	180	21.5	30.4	23.7	-999.9	0.0	1.9	96940.2	-999.9
Sikasso	1999	6	30	181	23.4	31.4	21.5	-999.9	0.0	1.6	96877.3	-999.9
Sikasso	1999	7	1	182	22.5	30.4	21.3	-999.9	11.2	2.0	96780.9	-999.9
Sikasso	1999	7	2	183	22.1	30.0	19.9	-999.9	19.7	1.8	96792.1	-999.9
Sikasso	1999	7	3	184	21.8	29.6	22.1	-999.9	9.8	1.6	96882.2	-999.9
Sikasso	1999	7	4	185	22.0	29.8	21.1	-999.9	0.0	1.9	96947.7	-999.9
Sikasso	1999	7	5	186	22.8	30.3	21.1	-999.9	0.0	1.2	96978.4	-999.9
Sikasso	1999	7	6	187	23.4	30.2	19.3	-999.9	18.7	1.6	96948.4	-999.9
Sikasso	1999	7	7	188	22.4	30.0	17.7	-999.9	10.7	2.2	96939.4	-999.9
Sikasso	1999	7	8	189	21.3	28.5	18.2	-999.9	9.3	2.1	96983.0	-999.9
Sikasso	1999	7	9	190	22.1	29.8	21.7	-999.9	0.0	1.7	96854.4	-999.9
Sikasso	1999	7	10	191	22.4	30.0	22.1	-999.9	9.3	1.9	96827.0	-999.9
Sikasso	1999	7	11	192	22.1	29.4	17.7	-999.9	23.2	2.1	96858.2	-999.9
Sikasso	1999	7	12	193	21.8	30.2	21.4	-999.9	7.7	1.8	96971.9	-999.9
Sikasso	1999	7	13	194	22.1	28.0	14.2	-999.9	7.7	1.4	97011.1	-999.9
Sikasso	1999	7	14	195	21.4	28.2	16.9	-999.9	0.0	2.0	97006.9	-999.9
Sikasso	1999	7	15	196	21.7	29.2	20.8	-999.9	7.7	2.2	97042.4	-999.9
Sikasso	1999	7	16	197	21.8	31.4	24.9	-999.9	0.0	1.8	96936.9	-999.9
Sikasso	1999	7	17	198	23.4	30.4	19.6	-999.9	22.3	2.1	96882.2	-999.9
Sikasso	1999	7	18	199	21.8	26.3	9.9	-999.9	0.0	2.1	97001.9	-999.9
Sikasso	1999	7	19	200	22.0	29.2	20.5	-999.9	0.0	1.6	97001.1	-999.9
Sikasso	1999	7	20	201	22.6	27.7	12.2	-999.9	22.3	1.5	96999.9	-999.9
Sikasso	1999	7	21	202	21.6	28.8	16.7	-999.9	7.2	2.3	97003.5	-999.9
Sikasso	1999	7	22	203	22.1	28.4	17.6	-999.9	14.4	2.3	97056.2	-999.9
Sikasso	1999	7	23	204	21.1	27.9	19.6	-999.9	0.0	2.7	97017.3	-999.9
Sikasso	1999	7	24	205	22.4	28.7	18.3	-999.9	21.6	2.5	96878.9	-999.9
Sikasso	1999	7	25	206	22.6	28.5	16.6	-999.9	14.4	1.9	96834.6	-999.9
Sikasso	1999	7	26	207	22.6	28.6	16.6	-999.9	42.5	2.3	96935.1	-999.9
Sikasso	1999	7	27	208	21.7	29.1	17.8	-999.9	17.0	2.0	97036.4	-999.9
Sikasso	1999	7	28	209	21.9	28.7	18.8	-999.9	17.0	2.0	96965.3	-999.9
Sikasso	1999	7	29	210	22.0	27.5	13.6	-999.9	17.0	2.5	96883.9	-999.9
Sikasso	1999	7	30	211	22.0	28.1	17.5	-999.9	0.0	2.3	96822.6	-999.9
Sikasso	1999	7	31	212	22.3	28.8	17.9	-999.9	17.0	2.0	96781.2	-999.9
Sikasso	1999	8	1	213	21.8	28.2	14.8	-999.9	25.8	1.8	96888.8	-999.9
Sikasso	1999	8	2	214	21.8	26.1	13.5	-999.9	0.0	2.4	96947.0	-999.9
Sikasso	1999	8	3	215	22.0	28.9	18.3	-999.9	17.2	2.4	96855.3	-999.9
Sikasso	1999	8	4	216	21.8	28.3	18.4	-999.9	0.0	2.1	96860.6	-999.9
Sikasso	1999	8	5	217	22.1	27.8	15.7	-999.9	25.8	1.8	96863.7	-999.9
Sikasso	1999	8	6	218	21.5	27.2	16.4	-999.9	0.0	2.7	96929.4	-999.9
Sikasso	1999	8	7	219	21.8	29.2	19.7	-999.9	11.5	2.3	96905.5	-999.9
Sikasso	1999	8	8	220	21.6	25.9	10.5	-999.9	0.0	2.5	96842.8	-999.9
Sikasso	1999	8	9	221	21.4	28.0	14.7	-999.9	0.0	2.4	96913.0	-999.9
Sikasso	1999	8	10	222	21.5	29.0	18.3	-999.9	11.5	1.7	96973.5	-999.9
Sikasso	1999	8	11	223	21.8	24.5	8.1	-999.9	34.2	2.1	96873.9	-999.9
Sikasso	1999	8	12	224	21.3	28.0	16.0	-999.9	0.0	2.0	96780.9	-999.9
Sikasso	1999	8	13	225	22.1	29.0	18.3	-999.9	17.1	1.6	96737.3	-999.9
Sikasso	1999	8	14	226	22.0	27.0	10.0	-999.9	17.1	1.8	96814.3	-999.9
Sikasso	1999	8	15	227	21.3	26.1	15.7	-999.9	17.1	2.1	96936.9	-999.9
Sikasso	1999	8	16	228	21.5	29.3	21.4	-999.9	0.0	1.5	96997.6	-999.9
Sikasso	1999	8	17	229	22.5	25.7	8.4	-999.9	28.9	1.7	96886.9	-999.9
Sikasso	1999	8	18	230	22.1	29.1	18.8	-999.9	0.0	1.6	96783.5	-999.9
Sikasso	1999	8	19	231	21.9	25.4	12.4	-999.9	0.0	1.8	96874.1	-999.9
Sikasso	1999	8	20	232	21.4	26.5	12.4	-999.9	9.6	1.6	96935.6	-999.9
Sikasso	1999	8	21	233	21.7	28.0	14.4	-999.9	0.0	1.2	96790.5	-999.9
Sikasso	1999	8	22	234	21.6	27.5	16.5	-999.9	35.2	2.3	96846.2	-999.9
Sikasso	1999	8	23	235	22.0	26.4	12.8	-999.9	0.0	2.4	97009.5	-999.9
Sikasso	1999	8	24	236	22.4	28.5	13.4	-999.9	0.0	1.9	97125.9	-999.9
Sikasso	1999	8	25	237	20.8	27.3	17.1	-999.9	17.6	1.5	97078.7	-999.9
Sikasso	1999	8	26	238	21.5	27.6	12.9	-999.9	0.0	1.7	96987.3	-999.9
Sikasso	1999	8	27	239	20.8	23.9	7.5	-999.9	0.0	1.6	96940.4	-999.9
Sikasso	1999	8	28	240	21.3	27.0	14.3	-999.9	0.0	2.1	97007.2	-999.9
Sikasso	1999	8	29	241	21.9	28.9	20.0	-999.9	0.0	1.9	97116.9	-999.9
Sikasso	1999	8	30	242	20.4	28.8	18.9	-999.9	13.3	1.5	97078.6	-999.9
Sikasso	1999	8	31	243	21.7	27.4	11.2	-999.9	13.3	1.1	96946.8	-999.9
Sikasso	1999	9	1	244	21.2	29.3	19.5	-999.9	9.5	1.3	96898.5	-999.9
Sikasso	1999	9	2	245	21.3	29.9	22.5	-999.9	0.0	1.1	96916.1	-999.9
Sikasso	1999	9	3	246	21.9	28.6	18.4	-999.9	9.5	1.2	96925.1	-999.9
Sikasso	1999	9	4	247	21.8	30.3	20.6	-999.9	19.0	1.1	96874.5	-999.9
Sikasso	1999	9	5	248	21.9	28.0	16.0	-999.9	9.5	1.3	96893.9	-999.9
Sikasso	1999	9	6	249	22.1	29.8	22.0	-999.9	0.0	1.5	96920.8	-999.9
Sikasso	1999	9	7	250	22.0	29.4	17.5	-999.9	9.3	1.8	96795.7	-999.9
Sikasso	1999	9	8	251	22.2	27.4	11.9	-999.9	0.0	1.6	96574.4	-999.9
Sikasso	1999	9	9	252	21.3	26.8	10.4	-999.9	9.3	1.8	96678.1	-999.9
Sikasso	1999	9	10	253	21.5	28.3	18.9	-999.9	18.6	1.7	96853.4	-999.9
Sikasso	1999	9	11	254	21.2	27.1	14.2	-999.9	0.0	1.1	96891.5	-999.9
Sikasso	1999	9	12	255	20.2	29.1	19.9	-999.9	0.0	1.1	96788.5	-999.9
Sikasso	1999	9	13	256	21.0	29.4	21.9	-999.9	0.0	1.5	96624.7	-999.9
Sikasso	1999	9	14	257	22.0	29.3	19.9	-999.9	14.7	1.5	96714.8	-999.9
Sikasso	1999	9	15	258	21.6	28.2	17.2	-999.9	7.4	1.1	96903.4	-999.9
Sikasso	1999	9	16	259	21.0	28.8	18.5	-999.9	25.0	1.3	96969.6	-999.9
Sikasso	1999	9	17	260	21.7	28.5	16.5	-999.9	0.0	1.8	96947.2	-999.9
Sikasso	1999	9	18	261	20.7	30.7	23.5	-999.9	12.5	0.9	96907.4	-999.9
Sikasso	1999	9	19	262	22.1	30.1	19.2	-999.9	0.0	1.4	96886.9	-999.9
Sikasso	1999	9	20	263	21.5	30.3	22.0	-999.9	12.5	1.1	96927.3	-999.9
Sikasso	1999	9	21	264	21.8	29.7	20.3	-999.9	20.1	1.2	96968.9	-999.9
Sikasso	1999	9	22	265	21.6	30.6	21.1	-999.9	10.1	1.1	96875.0	-999.9
Sikasso	1999	9	23	266	21.6	28.8	18.4	-999.9	20.1	1.2	96916.6	-999.9
Sikasso	1999	9	24	267	21.7	30.5	20.8	-999.9	0.0	1.2	96945.5	-999.9
Sikasso	1999	9	25	268	22.4	31.4	22.8	-999.9	0.0	1.7	96753.2	-999.9
Sikasso	1999	9	26	269	22.3	29.5	19.3	-999.9	11.8	2.1	96650.0	-999.9
Sikasso	1999	9	27	270	21.9	27.9	13.2	-999.9	0.0	1.5	96766.1	-999.9
Sikasso	1999	9	28	271	20.7	28.4	17.9	-999.9	0.0	1.4	96862.9	-999.9
Sikasso	1999	9	29	272	20.5	30.1	22.2	-999.9	3.9	0.8	96926.9	-999.9
Sikasso	1999	9	30	273	21.6	29.0	19.3	-999.9	0.0	1.2	96881.2	-999.9
Sikasso	1999	10	1	274	22.4	30.5	21.9	-999.9	0.0	1.7	96709.9	-999.9
Sikasso	1999	10	2	275	22.4	30.7	21.7	-999.9	0.0	1.5	96689.5	-999.9
Sikasso	1999	10	3	276	21.3	29.7	20.6	-999.9	3.6	1.5	96807.7	-999.9
Sikasso	1999	10	4	277	21.3	28.8	17.8	-999.9	10.7	1.3	96912.0	-999.9
Sikasso	1999	10	5	278	20.4	29.6	20.9	-999.9	3.6	1.4	96889.7	-999.9
Sikasso	1999	10	6	279	21.8	30.6	20.1	-999.9	4.0	1.6	96782.1	-999.9
Sikasso	1999	10	7	280	21.1	27.8	14.1	-999.9	18.5	1.6	96894.7	-999.9
Sikasso	1999	10	8	281	21.0	28.8	18.3	-999.9	0.0	1.4	96983.7	-999.9
Sikasso	1999	10	9	282	21.2	30.2	22.0	-999.9	8.1	1.1	97001.6	-999.9
Sikasso	1999	10	10	283	21.9	30.2	20.8	-999.9	4.0	1.4	97012.0	-999.9
Sikasso	1999	10	11	284	22.3	30.5	20.2	-999.9	0.0	1.5	96985.9	-999.9
Sikasso	1999	10	12	285	20.6	30.8	22.6	-999.9	0.0	1.1	96897.7	-999.9
Sikasso	1999	10	13	286	21.3	30.8	22.2	-999.9	0.0	1.0	96832.0	-999.9
Sikasso	1999	10	14	287	22.3	30.4	21.4	-999.9	2.6	1.5	96868.4	-999.9
Sikasso	1999	10	15	288	21.4	29.8	20.2	-999.9	5.3	1.0	96858.0	-999.9
Sikasso	1999	10	16	289	20.9	27.1	13.0	-999.9	16.6	1.5	96811.3	-999.9
Sikasso	1999	10	17	290	19.8	29.2	21.4	-999.9	0.0	1.3	96869.2	-999.9
Sikasso	1999	10	18	291	21.2	30.5	20.9	-999.9	0.0	0.8	96917.1	-999.9
Sikasso	1999	10	19	292	21.7	30.9	21.6	-999.9	0.0	1.1	96989.0	-999.9
Sikasso	1999	10	20	293	22.5	30.2	21.2	-999.9	0.0	1.3	96999.7	-999.9
Sikasso	1999	10	21	294	21.5	30.6	20.1	-999.9	0.0	1.2	96937.3	-999.9
Sikasso	1999	10	22	295	20.6	32.2	22.2	-999.9	0.0	1.4	96902.3	-999.9
Sikasso	1999	10	23	296	21.3	31.9	22.7	-999.9	0.0	1.3	96916.6	-999.9
Sikasso	1999	10	24	297	22.6	31.2	21.6	-999.9	0.0	1.6	96843.1	-999.9
Sikasso	1999	10	25	298	22.7	31.3	20.7	-999.9	0.0	1.3	96751.4	-999.9
Sikasso	1999	10	26	299	22.4	30.4	20.1	-999.9	0.0	1.8	96825.4	-999.9
Sikasso	1999	10	27	300	21.7	30.2	18.5	-999.9	5.4	1.3	96945.1	-999.9
Sikasso	1999	10	28	301	22.6	32.2	21.2	-999.9	5.4	1.8	96795.1	-999.9
Sikasso	1999	10	29	302	21.0	32.5	22.3	-999.9	0.0	1.3	96615.9	-999.9
Sikasso	1999	10	30	303	22.5	30.1	17.5	-999.9	0.0	1.2	96774.5	-999.9
Sikasso	1999	10	31	304	21.9	31.1	20.0	-999.9	0.0	1.4	96827.4	-999.9
Sikasso	1999	11	1	305	20.8	31.9	20.2	-999.9	0.0	1.3	96827.5	-999.9
Sikasso	1999	11	2	306	20.5	32.7	20.9	-999.9	0.0	1.0	96850.7	-999.9
Sikasso	1999	11	3	307	20.5	32.6	20.8	-999.9	0.0	1.1	96878.1	-999.9
Sikasso	1999	11	4	308	21.2	31.8	19.6	-999.9	0.0	1.1	96870.2	-999.9
Sikasso	1999	11	5	309	22.0	32.2	19.5	-999.9	0.0	1.5	96805.7	-999.9
Sikasso	1999	11	6	310	21.6	32.9	19.6	-999.9	0.0	1.7	96842.1	-999.9
Sikasso	1999	11	7	311	19.0	33.3	22.5	-999.9	0.0	2.0	96817.1	-999.9
Sikasso	1999	11	8	312	17.8	33.3	22.3	-999.9	0.0	1.8	96779.7	-999.9
Sikasso	1999	11	9	313	19.5	32.9	22.1	-999.9	0.0	1.4	96742.9	-999.9
Sikasso	1999	11	10	314	18.6	31.8	20.1	-999.9	0.0	1.3	96804.1	-999.9
Sikasso	1999	11	11	315	21.5	31.0	16.2	-999.9	2.6	1.3	96905.3	-999.9
Sikasso	1999	11	12	316	21.0	33.4	20.1	-999.9	0.0	1.4	96913.4	-999.9
Sikasso	1999	11	13	317	19.1	34.0	21.6	-999.9	0.0	1.8	96834.7	-999.9
Sikasso	1999	11	14	318	21.2	33.4	20.3	-999.9	0.0	1.2	96714.4	-999.9
Sikasso	1999	11	15	319	21.3	33.2	18.9	-999.9	0.0	1.4	96676.8	-999.9
Sikasso	1999	11	16	320	21.2	31.7	18.2	-999.9	0.0	1.6	96734.2	-999.9
Sikasso	1999	11	17	321	21.3	32.7	20.2	-999.9	0.0	1.9	96848.9	-999.9
Sikasso	1999	11	18	322	21.7	31.4	17.9	-999.9	0.7	1.4	96850.0	-999.9
Sikasso	1999	11	19	323	21.2	31.7	18.1	-999.9	2.0	1.2	96786.5	-999.9
Sikasso	1999	11	20	324	21.6	32.7	20.6	-999.9	0.0	1.6	96671.6	-999.9
Sikasso	1999	11	21	325	20.2	33.2	20.2	-999.9	0.0	1.4	96655.8	-999.9
Sikasso	1999	11	22	326	19.3	33.1	20.0	-999.9	0.0	1.8	96719.1	-999.9
Sikasso	1999	11	23	327	17.8	33.0	21.5	-999.9	0.0	2.3	96646.5	-999.9
Sikasso	1999	11	24	328	16.2	33.1	21.7	-999.9	0.0	2.0	96634.0	-999.9
Sikasso	1999	11	25	329	17.1	33.4	21.2	-999.9	0.0	1.6	96655.4	-999.9
Sikasso	1999	11	26	330	20.1	33.4	20.2	-999.9	0.0	1.5	96696.6	-999.9
Sikasso	1999	11	27	331	19.2	33.7	21.0	-999.9	0.0	1.7	96707.4	-999.9
Sikasso	1999	11	28	332	19.6	32.1	19.0	-999.9	0.0	1.3	96874.7	-999.9
Sikasso	1999	11	29	333	20.8	33.1	19.4	-999.9	0.0	1.3	96898.1	-999.9
Sikasso	1999	11	30	334	19.0	33.1	20.8	-999.9	0.0	2.1	96815.4	-999.9
Sikasso	1999	12	1	335	17.6	32.9	20.9	-999.9	0.0	2.0	96801.4	-999.9
Sikasso	1999	12	2	336	17.9	33.1	20.9	-999.9	0.0	2.2	96819.1	-999.9
Sikasso	1999	12	3	337	17.8	33.3	21.0	-999.9	0.0	2.3	96830.5	-999.9
Sikasso	1999	12	4	338	17.6	32.5	20.4	-999.9	0.0	1.8	96854.8	-999.9
Sikasso	1999	12	5	339	17.0	32.6	21.0	-999.9	0.0	1.9	96892.6	-999.9
Sikasso	1999	12	6	340	15.3	32.1	21.1	-999.9	0.0	2.1	96880.8	-999.9
Sikasso	1999	12	7	341	15.7	32.5	20.9	-999.9	0.0	2.1	96918.3	-999.9
Sikasso	1999	12	8	342	16.8	32.7	20.9	-999.9	0.0	2.1	97006.7	-999.9
Sikasso	1999	12	9	343	15.3	32.1	20.9	-999.9	0.0	2.2	96988.5	-999.9
Sikasso	1999	12	10	344	15.4	32.2	20.8	-999.9	0.0	2.1	96896.4	-999.9
Sikasso	1999	12	11	345	16.1	31.9	20.7	-999.9	0.0	2.2	96955.0	-999.9
Sikasso	1999	12	12	346	16.2	31.7	20.7	-999.9	0.0	2.3	96999.4	-999.9
Sikasso	1999	12	13	347	15.3	31.2	21.1	-999.9	0.0	2.3	97049.2	-999.9
Sikasso	1999	12	14	348	14.9	31.6	20.9	-999.9	0.0	2.2	96970.5	-999.9
Sikasso	1999	12	15	349	14.6	30.9	20.6	-999.9	0.0	2.1	96841.6	-999.9
Sikasso	1999	12	16	350	14.0	31.1	20.6	-999.9	0.0	1.8	96717.5	-999.9
Sikasso	1999	12	17	351	15.2	31.7	20.5	-999.9	0.0	1.7	96737.2	-999.9
Sikasso	1999	12	18	352	15.4	31.8	20.5	-999.9	0.0	2.2	96810.2	-999.9
Sikasso	1999	12	19	353	14.4	29.2	20.5	-999.9	0.0	2.5	96877.9	-999.9
Sikasso	1999	12	20	354	13.1	28.6	20.5	-999.9	0.0	2.2	96855.0	-999.9
Sikasso	1999	12	21	355	12.9	29.0	20.4	-999.9	0.0	2.1	96838.9	-999.9
Sikasso	1999	12	22	356	12.6	30.9	20.6	-999.9	0.0	1.9	96855.0	-999.9
Sikasso	1999	12	23	357	13.6	31.6	20.1	-999.9	0.0	2.0	96777.9	-999.9
Sikasso	1999	12	24	358	15.0	32.6	20.4	-999.9	0.0	1.9	96751.2	-999.9
Sikasso	1999	12	25	359	16.1	32.5	20.5	-999.9	0.0	2.2	96801.6	-999.9
Sikasso	1999	12	26	360	17.3	31.0	18.8	-999.9	0.0	2.5	96946.5	-999.9
Sikasso	1999	12	27	361	17.0	31.0	18.4	-999.9	0.0	2.3	97041.8	-999.9
Sikasso	1999	12	28	362	16.0	31.3	20.5	-999.9	0.0	1.9	96952.3	-999.9
Sikasso	1999	12	29	363	15.1	31.6	20.6	-999.9	0.0	1.8	96803.9	-999.9
Sikasso	1999	12	30	364	14.0	32.1	20.4	-999.9	0.0	1.2	96602.7	-999.9
Sikasso	1999	12	31	365	15.0	32.5	20.2	-999.9	0.0	1.7	96438.6	-999.9
