Sikasso	1995	1	1	1	15.0	31.6	20.7	-999.9	0.0	2.0	97007.5	-999.9
Sikasso	1995	1	2	2	14.4	32.4	20.7	-999.9	0.0	1.9	97016.4	-999.9
Sikasso	1995	1	3	3	15.2	32.4	20.8	-999.9	0.0	2.0	96946.5	-999.9
Sikasso	1995	1	4	4	15.3	31.9	20.9	-999.9	0.0	2.2	96803.6	-999.9
Sikasso	1995	1	5	5	14.9	32.8	21.0	-999.9	0.0	2.0	96844.7	-999.9
Sikasso	1995	1	6	6	15.7	31.1	21.1	-999.9	0.0	2.4	97055.3	-999.9
Sikasso	1995	1	7	7	13.1	29.8	21.2	-999.9	0.0	2.1	97043.8	-999.9
Sikasso	1995	1	8	8	12.9	28.9	18.1	-999.9	0.0	1.9	97054.1	-999.9
Sikasso	1995	1	9	9	12.2	29.5	21.2	-999.9	0.0	2.4	97010.1	-999.9
Sikasso	1995	1	10	10	12.7	27.9	21.2	-999.9	0.0	2.9	97120.7	-999.9
Sikasso	1995	1	11	11	10.6	26.4	21.3	-999.9	0.0	2.4	97161.5	-999.9
Sikasso	1995	1	12	12	10.0	27.6	21.4	-999.9	0.0	1.8	97108.2	-999.9
Sikasso	1995	1	13	13	10.1	29.5	21.5	-999.9	0.0	1.8	97059.8	-999.9
Sikasso	1995	1	14	14	12.4	31.0	21.4	-999.9	0.0	2.0	97036.8	-999.9
Sikasso	1995	1	15	15	13.7	32.2	21.4	-999.9	0.0	2.0	97042.0	-999.9
Sikasso	1995	1	16	16	13.7	31.6	21.2	-999.9	0.0	2.2	97107.2	-999.9
Sikasso	1995	1	17	17	14.3	31.1	21.4	-999.9	0.0	2.4	97124.7	-999.9
Sikasso	1995	1	18	18	14.8	31.1	21.6	-999.9	0.0	2.6	97162.2	-999.9
Sikasso	1995	1	19	19	14.3	31.3	21.6	-999.9	0.0	2.4	97222.9	-999.9
Sikasso	1995	1	20	20	14.7	31.8	21.5	-999.9	0.5	2.3	97190.5	-999.9
Sikasso	1995	1	21	21	15.6	32.5	21.5	-999.9	0.0	2.2	97069.3	-999.9
Sikasso	1995	1	22	22	15.8	33.1	21.4	-999.9	0.0	2.3	96993.8	-999.9
Sikasso	1995	1	23	23	16.9	33.8	21.6	-999.9	0.0	2.4	97009.9	-999.9
Sikasso	1995	1	24	24	16.5	33.2	21.7	-999.9	0.0	2.6	97071.3	-999.9
Sikasso	1995	1	25	25	15.9	31.9	21.5	-999.9	0.0	2.4	97076.6	-999.9
Sikasso	1995	1	26	26	15.0	31.2	22.0	-999.9	0.0	2.3	97020.0	-999.9
Sikasso	1995	1	27	27	14.6	31.4	21.7	-999.9	0.0	1.9	96968.7	-999.9
Sikasso	1995	1	28	28	14.6	32.6	21.8	-999.9	0.0	1.9	96970.0	-999.9
Sikasso	1995	1	29	29	15.8	33.1	21.6	-999.9	0.0	2.1	96947.4	-999.9
Sikasso	1995	1	30	30	16.9	32.1	21.1	-999.9	0.0	2.3	96973.4	-999.9
Sikasso	1995	1	31	31	16.4	32.5	21.9	-999.9	0.0	2.2	96849.6	-999.9
Sikasso	1995	2	1	32	16.2	32.4	22.1	-999.9	0.0	2.3	96858.9	-999.9
Sikasso	1995	2	2	33	16.3	32.5	22.3	-999.9	0.0	2.2	96935.7	-999.9
Sikasso	1995	2	3	34	16.9	33.6	21.4	-999.9	0.0	2.1	96948.0	-999.9
Sikasso	1995	2	4	35	18.8	30.1	15.8	-999.9	0.0	2.2	97058.9	-999.9
Sikasso	1995	2	5	36	17.2	31.8	19.1	-999.9	0.0	2.1	97100.5	-999.9
Sikasso	1995	2	6	37	17.0	33.2	22.1	-999.9	0.0	2.3	97120.4	-999.9
Sikasso	1995	2	7	38	16.8	33.4	22.3	-999.9	0.0	2.3	97211.6	-999.9
Sikasso	1995	2	8	39	16.5	33.3	22.6	-999.9	0.0	2.1	97201.6	-999.9
Sikasso	1995	2	9	40	16.6	34.3	22.6	-999.9	0.0	1.8	97046.5	-999.9
Sikasso	1995	2	10	41	17.1	34.7	22.6	-999.9	0.0	2.0	96965.4	-999.9
Sikasso	1995	2	11	42	16.9	32.1	23.0	-999.9	0.0	2.5	97009.2	-999.9
Sikasso	1995	2	12	43	15.8	31.1	22.6	-999.9	0.0	2.5	97110.9	-999.9
Sikasso	1995	2	13	44	15.3	32.1	23.0	-999.9	0.0	2.4	97166.6	-999.9
Sikasso	1995	2	14	45	14.8	32.5	23.1	-999.9	0.0	2.2	97126.3	-999.9
Sikasso	1995	2	15	46	14.8	33.6	23.3	-999.9	0.0	2.1	96992.4	-999.9
Sikasso	1995	2	16	47	17.0	34.5	23.3	-999.9	0.0	2.2	96866.5	-999.9
Sikasso	1995	2	17	48	17.7	35.3	23.4	-999.9	0.0	2.2	96822.9	-999.9
Sikasso	1995	2	18	49	17.9	35.6	23.5	-999.9	0.0	2.1	96741.9	-999.9
Sikasso	1995	2	19	50	17.8	35.8	23.6	-999.9	0.0	2.2	96654.8	-999.9
Sikasso	1995	2	20	51	18.7	35.5	23.6	-999.9	0.0	2.3	96662.7	-999.9
Sikasso	1995	2	21	52	18.7	35.6	23.9	-999.9	0.0	2.3	96695.3	-999.9
Sikasso	1995	2	22	53	18.6	35.7	23.9	-999.9	0.0	2.5	96685.7	-999.9
Sikasso	1995	2	23	54	18.6	35.4	24.0	-999.9	0.0	2.6	96709.6	-999.9
Sikasso	1995	2	24	55	19.1	35.7	24.0	-999.9	0.0	2.4	96782.9	-999.9
Sikasso	1995	2	25	56	17.7	35.8	24.0	-999.9	0.0	2.1	96810.0	-999.9
Sikasso	1995	2	26	57	17.7	36.2	24.1	-999.9	0.0	1.9	96736.9	-999.9
Sikasso	1995	2	27	58	18.4	36.2	24.0	-999.9	0.0	1.9	96634.5	-999.9
Sikasso	1995	2	28	59	19.6	35.4	19.1	-999.9	0.0	1.9	96676.9	-999.9
Sikasso	1995	3	1	60	23.7	33.1	17.1	-999.9	0.0	1.9	96887.1	-999.9
Sikasso	1995	3	2	61	20.9	32.9	17.1	-999.9	0.0	2.1	96890.8	-999.9
Sikasso	1995	3	3	62	20.3	35.7	24.1	-999.9	0.0	2.7	96858.9	-999.9
Sikasso	1995	3	4	63	20.7	35.6	23.9	-999.9	0.0	2.5	96889.9	-999.9
Sikasso	1995	3	5	64	21.5	36.6	24.1	-999.9	0.0	2.6	96783.8	-999.9
Sikasso	1995	3	6	65	21.5	36.9	24.4	-999.9	0.0	2.5	96615.4	-999.9
Sikasso	1995	3	7	66	20.2	36.9	24.4	-999.9	0.0	2.0	96508.5	-999.9
Sikasso	1995	3	8	67	21.3	37.6	24.2	-999.9	0.0	2.3	96538.0	-999.9
Sikasso	1995	3	9	68	21.6	37.7	24.2	-999.9	0.0	2.3	96581.7	-999.9
Sikasso	1995	3	10	69	23.0	37.4	22.7	-999.9	0.0	2.1	96576.4	-999.9
Sikasso	1995	3	11	70	25.3	37.9	23.0	-999.9	0.0	2.4	96497.2	-999.9
Sikasso	1995	3	12	71	26.1	36.5	21.2	-999.9	0.0	1.8	96474.9	-999.9
Sikasso	1995	3	13	72	24.7	34.8	17.4	-999.9	0.0	1.3	96496.8	-999.9
Sikasso	1995	3	14	73	24.4	35.8	19.9	-999.9	0.0	1.6	96469.0	-999.9
Sikasso	1995	3	15	74	24.4	36.8	21.4	-999.9	0.0	1.9	96431.1	-999.9
Sikasso	1995	3	16	75	24.8	37.8	22.7	-999.9	0.0	1.7	96414.2	-999.9
Sikasso	1995	3	17	76	25.8	37.3	20.8	-999.9	3.3	1.6	96564.9	-999.9
Sikasso	1995	3	18	77	25.3	38.0	23.5	-999.9	0.0	2.0	96663.0	-999.9
Sikasso	1995	3	19	78	24.6	36.0	21.0	-999.9	0.0	1.6	96791.4	-999.9
Sikasso	1995	3	20	79	24.4	38.6	23.9	-999.9	0.0	1.5	96687.2	-999.9
Sikasso	1995	3	21	80	23.9	37.7	22.8	-999.9	0.0	1.9	96576.8	-999.9
Sikasso	1995	3	22	81	24.6	36.9	20.6	-999.9	0.0	2.6	96481.5	-999.9
Sikasso	1995	3	23	82	25.3	34.9	16.3	-999.9	4.4	1.8	96605.1	-999.9
Sikasso	1995	3	24	83	23.4	35.1	21.7	-999.9	0.0	1.6	96637.8	-999.9
Sikasso	1995	3	25	84	23.5	35.5	22.5	-999.9	0.0	1.8	96626.8	-999.9
Sikasso	1995	3	26	85	23.2	35.0	21.0	-999.9	0.0	1.5	96644.3	-999.9
Sikasso	1995	3	27	86	25.0	33.3	19.5	-999.9	0.0	1.5	96713.2	-999.9
Sikasso	1995	3	28	87	23.7	36.3	23.6	-999.9	0.0	1.7	96620.5	-999.9
Sikasso	1995	3	29	88	22.0	38.0	25.1	-999.9	0.0	1.9	96556.0	-999.9
Sikasso	1995	3	30	89	25.8	37.2	22.0	-999.9	0.0	2.2	96442.3	-999.9
Sikasso	1995	3	31	90	25.1	37.9	20.8	-999.9	9.3	1.8	96488.9	-999.9
Sikasso	1995	4	1	91	23.0	30.6	11.4	-999.9	0.0	1.5	96728.0	-999.9
Sikasso	1995	4	2	92	22.8	37.5	23.0	-999.9	5.8	1.7	96497.8	-999.9
Sikasso	1995	4	3	93	25.4	37.9	22.1	-999.9	0.0	2.4	96448.6	-999.9
Sikasso	1995	4	4	94	25.9	36.9	22.6	-999.9	0.0	2.8	96499.8	-999.9
Sikasso	1995	4	5	95	24.6	35.9	22.1	-999.9	0.0	1.5	96627.1	-999.9
Sikasso	1995	4	6	96	24.7	36.3	23.2	-999.9	0.0	1.6	96596.3	-999.9
Sikasso	1995	4	7	97	24.8	38.0	24.0	-999.9	0.0	1.6	96510.7	-999.9
Sikasso	1995	4	8	98	25.1	33.9	17.5	-999.9	0.0	2.3	96456.7	-999.9
Sikasso	1995	4	9	99	25.2	36.1	22.7	-999.9	0.0	2.1	96365.3	-999.9
Sikasso	1995	4	10	100	25.3	33.8	20.4	-999.9	5.6	1.4	96461.1	-999.9
Sikasso	1995	4	11	101	23.5	35.0	23.1	-999.9	6.1	1.1	96593.7	-999.9
Sikasso	1995	4	12	102	26.5	36.5	20.9	-999.9	0.0	1.5	96533.0	-999.9
Sikasso	1995	4	13	103	25.8	38.5	24.4	-999.9	0.0	1.8	96398.0	-999.9
Sikasso	1995	4	14	104	25.1	37.9	24.1	-999.9	0.0	2.8	96365.4	-999.9
Sikasso	1995	4	15	105	26.5	36.4	22.0	-999.9	3.1	2.5	96397.3	-999.9
Sikasso	1995	4	16	106	24.2	33.2	21.7	-999.9	5.4	2.1	96461.8	-999.9
Sikasso	1995	4	17	107	24.5	31.2	17.6	-999.9	0.0	2.2	96611.1	-999.9
Sikasso	1995	4	18	108	23.4	34.0	20.2	-999.9	0.0	1.2	96619.8	-999.9
Sikasso	1995	4	19	109	24.5	36.1	24.2	-999.9	0.0	1.3	96478.1	-999.9
Sikasso	1995	4	20	110	24.3	37.7	24.0	-999.9	5.4	2.0	96353.2	-999.9
Sikasso	1995	4	21	111	24.3	35.0	21.3	-999.9	4.1	2.0	96360.7	-999.9
Sikasso	1995	4	22	112	24.7	35.9	20.7	-999.9	0.0	2.5	96495.5	-999.9
Sikasso	1995	4	23	113	23.9	33.9	19.5	-999.9	4.1	1.7	96601.2	-999.9
Sikasso	1995	4	24	114	24.9	32.1	18.6	-999.9	8.2	2.1	96649.0	-999.9
Sikasso	1995	4	25	115	24.8	35.4	24.5	-999.9	0.0	2.1	96539.8	-999.9
Sikasso	1995	4	26	116	25.5	35.5	22.9	-999.9	3.6	1.5	96557.0	-999.9
Sikasso	1995	4	27	117	22.7	28.6	10.9	-999.9	14.5	1.3	96734.3	-999.9
Sikasso	1995	4	28	118	22.3	34.0	25.1	-999.9	0.0	1.4	96678.3	-999.9
Sikasso	1995	4	29	119	24.4	37.0	25.0	-999.9	0.0	1.8	96534.5	-999.9
Sikasso	1995	4	30	120	23.6	35.7	24.0	-999.9	0.0	2.4	96472.3	-999.9
Sikasso	1995	5	1	121	25.2	37.0	24.9	-999.9	4.8	2.4	96403.5	-999.9
Sikasso	1995	5	2	122	25.1	36.0	23.1	-999.9	9.7	2.7	96474.9	-999.9
Sikasso	1995	5	3	123	24.1	35.7	21.7	-999.9	5.5	1.9	96693.6	-999.9
Sikasso	1995	5	4	124	26.4	37.7	23.6	-999.9	4.8	2.2	96680.1	-999.9
Sikasso	1995	5	5	125	26.1	36.0	22.8	-999.9	11.1	2.5	96643.4	-999.9
Sikasso	1995	5	6	126	25.8	36.8	23.5	-999.9	3.0	1.8	96427.4	-999.9
Sikasso	1995	5	7	127	26.7	36.7	24.4	-999.9	0.0	2.3	96534.4	-999.9
Sikasso	1995	5	8	128	26.2	37.5	23.8	-999.9	0.0	2.3	96730.3	-999.9
Sikasso	1995	5	9	129	25.8	35.4	21.6	-999.9	3.0	2.6	96816.2	-999.9
Sikasso	1995	5	10	130	25.2	35.8	20.8	-999.9	0.0	2.3	96764.0	-999.9
Sikasso	1995	5	11	131	23.1	28.1	9.2	-999.9	25.6	1.4	96877.5	-999.9
Sikasso	1995	5	12	132	21.8	30.8	22.2	-999.9	0.0	1.1	96768.2	-999.9
Sikasso	1995	5	13	133	23.3	31.4	22.4	-999.9	0.0	1.4	96810.8	-999.9
Sikasso	1995	5	14	134	23.3	31.5	19.9	-999.9	19.2	1.7	96787.8	-999.9
Sikasso	1995	5	15	135	24.1	33.5	24.7	-999.9	0.0	1.8	96717.5	-999.9
Sikasso	1995	5	16	136	24.9	33.7	23.3	-999.9	0.0	1.9	96631.0	-999.9
Sikasso	1995	5	17	137	24.1	34.1	23.5	-999.9	9.3	1.8	96668.4	-999.9
Sikasso	1995	5	18	138	24.5	33.8	23.9	-999.9	4.6	1.8	96636.1	-999.9
Sikasso	1995	5	19	139	24.1	33.0	22.4	-999.9	0.0	1.4	96726.3	-999.9
Sikasso	1995	5	20	140	25.2	34.2	24.4	-999.9	0.0	1.6	96680.2	-999.9
Sikasso	1995	5	21	141	26.2	35.2	25.1	-999.9	3.6	1.9	96529.4	-999.9
Sikasso	1995	5	22	142	23.4	33.5	23.1	-999.9	0.0	2.1	96462.6	-999.9
Sikasso	1995	5	23	143	23.0	32.5	23.8	-999.9	0.0	2.3	96571.4	-999.9
Sikasso	1995	5	24	144	24.2	32.4	21.6	-999.9	0.0	2.1	96679.2	-999.9
Sikasso	1995	5	25	145	22.6	30.0	16.7	-999.9	14.5	1.8	96885.3	-999.9
Sikasso	1995	5	26	146	23.2	33.6	23.1	-999.9	0.0	1.4	96813.0	-999.9
Sikasso	1995	5	27	147	23.6	33.4	24.5	-999.9	0.0	1.5	96761.2	-999.9
Sikasso	1995	5	28	148	24.5	31.6	21.1	-999.9	0.0	2.0	96814.3	-999.9
Sikasso	1995	5	29	149	22.1	32.5	23.8	-999.9	0.0	1.9	96831.0	-999.9
Sikasso	1995	5	30	150	24.5	32.3	23.1	-999.9	0.0	1.9	96850.8	-999.9
Sikasso	1995	5	31	151	23.6	32.6	23.1	-999.9	7.0	2.1	96829.7	-999.9
Sikasso	1995	6	1	152	24.2	33.2	23.9	-999.9	6.4	2.0	96840.4	-999.9
Sikasso	1995	6	2	153	24.1	34.3	23.5	-999.9	0.0	1.5	96807.6	-999.9
Sikasso	1995	6	3	154	23.6	34.6	24.0	-999.9	0.0	1.6	96786.4	-999.9
Sikasso	1995	6	4	155	23.5	33.0	21.3	-999.9	12.8	2.3	96814.6	-999.9
Sikasso	1995	6	5	156	25.0	34.4	23.2	-999.9	6.4	2.2	96739.5	-999.9
Sikasso	1995	6	6	157	23.3	32.1	20.4	-999.9	29.8	1.7	96752.6	-999.9
Sikasso	1995	6	7	158	22.9	31.7	22.9	-999.9	0.0	1.8	96882.1	-999.9
Sikasso	1995	6	8	159	22.9	30.5	19.0	-999.9	19.9	1.6	97011.3	-999.9
Sikasso	1995	6	9	160	23.5	32.0	22.4	-999.9	0.0	2.2	96974.5	-999.9
Sikasso	1995	6	10	161	23.7	33.6	24.5	-999.9	0.0	2.4	96877.9	-999.9
Sikasso	1995	6	11	162	24.7	35.2	24.4	-999.9	5.9	1.8	96766.5	-999.9
Sikasso	1995	6	12	163	24.4	35.1	23.3	-999.9	11.7	1.8	96714.8	-999.9
Sikasso	1995	6	13	164	25.2	32.6	21.3	-999.9	6.7	2.3	96899.3	-999.9
Sikasso	1995	6	14	165	24.2	33.9	22.6	-999.9	0.0	2.3	96960.8	-999.9
Sikasso	1995	6	15	166	24.2	35.0	23.4	-999.9	5.9	1.9	96909.7	-999.9
Sikasso	1995	6	16	167	23.3	34.2	21.2	-999.9	0.0	2.2	96747.9	-999.9
Sikasso	1995	6	17	168	25.6	34.4	23.2	-999.9	10.9	2.2	96762.3	-999.9
Sikasso	1995	6	18	169	23.4	33.6	21.8	-999.9	0.0	2.4	96827.3	-999.9
Sikasso	1995	6	19	170	25.2	34.9	23.5	-999.9	0.0	2.4	96791.7	-999.9
Sikasso	1995	6	20	171	23.6	33.6	21.4	-999.9	0.0	3.1	96704.3	-999.9
Sikasso	1995	6	21	172	23.7	32.5	21.4	-999.9	11.1	3.0	96833.6	-999.9
Sikasso	1995	6	22	173	23.5	32.9	21.3	-999.9	0.0	1.8	96975.8	-999.9
Sikasso	1995	6	23	174	23.9	32.5	19.8	-999.9	29.0	1.6	96822.2	-999.9
Sikasso	1995	6	24	175	23.1	32.2	20.7	-999.9	0.0	2.4	96759.0	-999.9
Sikasso	1995	6	25	176	23.7	32.6	19.3	-999.9	19.3	2.8	96737.3	-999.9
Sikasso	1995	6	26	177	23.1	27.6	13.1	-999.9	0.0	2.7	96905.5	-999.9
Sikasso	1995	6	27	178	22.2	29.3	15.9	-999.9	0.0	2.4	97119.9	-999.9
Sikasso	1995	6	28	179	21.6	31.8	22.8	-999.9	0.0	2.0	97002.0	-999.9
Sikasso	1995	6	29	180	22.7	32.8	22.6	-999.9	0.0	2.7	96708.5	-999.9
Sikasso	1995	6	30	181	24.4	33.9	20.8	-999.9	9.1	3.2	96692.2	-999.9
Sikasso	1995	7	1	182	23.1	27.9	11.4	-999.9	0.0	2.1	96965.8	-999.9
Sikasso	1995	7	2	183	22.6	30.0	16.9	-999.9	0.0	1.8	97018.6	-999.9
Sikasso	1995	7	3	184	22.5	31.5	18.7	-999.9	0.0	2.3	96971.2	-999.9
Sikasso	1995	7	4	185	23.5	30.2	16.0	-999.9	0.0	2.8	96754.1	-999.9
Sikasso	1995	7	5	186	22.7	28.9	15.5	-999.9	0.0	2.8	96866.9	-999.9
Sikasso	1995	7	6	187	21.7	29.5	16.0	-999.9	0.0	2.2	96978.7	-999.9
Sikasso	1995	7	7	188	23.1	31.2	20.8	-999.9	11.0	2.5	96813.2	-999.9
Sikasso	1995	7	8	189	23.1	28.9	14.9	-999.9	11.0	2.8	96751.1	-999.9
Sikasso	1995	7	9	190	23.8	28.6	15.1	-999.9	11.0	2.3	96913.0	-999.9
Sikasso	1995	7	10	191	22.7	28.7	15.4	-999.9	32.9	1.6	97008.8	-999.9
Sikasso	1995	7	11	192	21.8	30.0	21.8	-999.9	0.0	1.6	96881.4	-999.9
Sikasso	1995	7	12	193	22.7	31.1	22.0	-999.9	0.0	1.6	96871.1	-999.9
Sikasso	1995	7	13	194	23.1	30.6	16.3	-999.9	18.0	1.8	96828.1	-999.9
Sikasso	1995	7	14	195	23.0	29.4	16.1	-999.9	0.0	2.2	96803.1	-999.9
Sikasso	1995	7	15	196	21.8	30.4	19.5	-999.9	0.0	2.1	96849.8	-999.9
Sikasso	1995	7	16	197	23.0	31.7	21.6	-999.9	0.0	2.5	96683.6	-999.9
Sikasso	1995	7	17	198	23.3	29.3	16.7	-999.9	9.2	2.8	96611.4	-999.9
Sikasso	1995	7	18	199	22.4	29.8	18.0	-999.9	0.0	2.1	96832.8	-999.9
Sikasso	1995	7	19	200	22.8	31.0	21.7	-999.9	4.6	1.5	96937.1	-999.9
Sikasso	1995	7	20	201	23.5	29.0	14.5	-999.9	10.5	1.7	96817.2	-999.9
Sikasso	1995	7	21	202	22.5	30.2	19.7	-999.9	0.0	1.9	96803.6	-999.9
Sikasso	1995	7	22	203	22.3	29.2	17.8	-999.9	5.2	2.0	96905.8	-999.9
Sikasso	1995	7	23	204	22.3	30.2	19.7	-999.9	10.4	1.7	96872.9	-999.9
Sikasso	1995	7	24	205	22.1	29.5	18.7	-999.9	0.0	1.3	96887.8	-999.9
Sikasso	1995	7	25	206	22.9	30.7	21.3	-999.9	0.0	1.8	96746.1	-999.9
Sikasso	1995	7	26	207	22.8	29.5	18.3	-999.9	6.4	2.3	96691.0	-999.9
Sikasso	1995	7	27	208	22.2	29.4	18.9	-999.9	12.7	1.8	96765.2	-999.9
Sikasso	1995	7	28	209	21.7	28.1	17.3	-999.9	12.7	1.8	96862.8	-999.9
Sikasso	1995	7	29	210	22.7	29.2	17.5	-999.9	12.7	1.7	96801.3	-999.9
Sikasso	1995	7	30	211	22.3	27.9	13.4	-999.9	7.3	1.2	96626.0	-999.9
Sikasso	1995	7	31	212	22.0	29.2	19.2	-999.9	12.7	1.7	96533.8	-999.9
Sikasso	1995	8	1	213	22.3	30.1	19.7	-999.9	5.0	1.9	96646.8	-999.9
Sikasso	1995	8	2	214	23.1	28.6	16.0	-999.9	5.0	1.8	96859.1	-999.9
Sikasso	1995	8	3	215	22.2	28.5	14.7	-999.9	10.1	1.4	96874.2	-999.9
Sikasso	1995	8	4	216	21.8	29.2	17.9	-999.9	23.0	1.7	96716.2	-999.9
Sikasso	1995	8	5	217	22.4	29.0	16.9	-999.9	10.1	2.1	96764.7	-999.9
Sikasso	1995	8	6	218	22.3	27.9	12.4	-999.9	8.9	1.5	96973.2	-999.9
Sikasso	1995	8	7	219	22.0	30.4	20.5	-999.9	0.0	1.4	96863.7	-999.9
Sikasso	1995	8	8	220	22.6	29.9	17.7	-999.9	20.4	2.1	96641.5	-999.9
Sikasso	1995	8	9	221	22.3	27.2	12.9	-999.9	8.9	2.0	96701.0	-999.9
Sikasso	1995	8	10	222	21.8	28.9	19.2	-999.9	0.0	1.7	96867.9	-999.9
Sikasso	1995	8	11	223	22.4	29.5	20.4	-999.9	12.6	1.2	96921.1	-999.9
Sikasso	1995	8	12	224	21.7	27.3	13.5	-999.9	0.0	1.3	96847.4	-999.9
Sikasso	1995	8	13	225	22.0	28.9	18.2	-999.9	0.0	1.8	96686.0	-999.9
Sikasso	1995	8	14	226	22.1	29.3	17.7	-999.9	25.2	2.0	96685.4	-999.9
Sikasso	1995	8	15	227	22.2	27.9	15.4	-999.9	25.2	2.1	96810.6	-999.9
Sikasso	1995	8	16	228	22.0	25.7	9.2	-999.9	0.0	1.9	97053.0	-999.9
Sikasso	1995	8	17	229	21.1	29.6	21.2	-999.9	13.4	1.7	96977.6	-999.9
Sikasso	1995	8	18	230	22.2	26.9	13.1	-999.9	0.0	1.2	96829.1	-999.9
Sikasso	1995	8	19	231	21.3	30.3	21.5	-999.9	6.7	1.7	96902.0	-999.9
Sikasso	1995	8	20	232	21.9	27.8	16.2	-999.9	0.0	1.4	97052.8	-999.9
Sikasso	1995	8	21	233	22.0	29.0	16.1	-999.9	57.8	1.3	97020.0	-999.9
Sikasso	1995	8	22	234	22.1	29.2	16.3	-999.9	9.6	1.8	96864.9	-999.9
Sikasso	1995	8	23	235	22.0	29.0	17.8	-999.9	19.3	2.0	96896.4	-999.9
Sikasso	1995	8	24	236	21.7	26.3	12.0	-999.9	0.0	1.8	96984.8	-999.9
Sikasso	1995	8	25	237	20.9	29.2	20.1	-999.9	0.0	1.1	97021.6	-999.9
Sikasso	1995	8	26	238	22.5	29.8	18.3	-999.9	0.0	0.9	96979.4	-999.9
Sikasso	1995	8	27	239	22.9	27.5	16.9	-999.9	8.4	1.7	96998.9	-999.9
Sikasso	1995	8	28	240	21.3	30.3	21.4	-999.9	0.0	1.3	97004.0	-999.9
Sikasso	1995	8	29	241	22.3	29.8	19.5	-999.9	0.0	1.6	97040.7	-999.9
Sikasso	1995	8	30	242	23.0	29.7	18.0	-999.9	16.7	1.4	97011.3	-999.9
Sikasso	1995	8	31	243	21.9	26.0	8.6	-999.9	0.0	1.5	96980.9	-999.9
Sikasso	1995	9	1	244	21.4	28.7	17.2	-999.9	5.0	1.4	96981.7	-999.9
Sikasso	1995	9	2	245	22.0	30.4	22.1	-999.9	5.0	1.3	97017.5	-999.9
Sikasso	1995	9	3	246	22.2	29.0	16.4	-999.9	5.0	1.8	97113.8	-999.9
Sikasso	1995	9	4	247	21.6	28.6	14.6	-999.9	0.0	1.8	97094.3	-999.9
Sikasso	1995	9	5	248	21.8	30.5	22.5	-999.9	10.0	1.3	96997.7	-999.9
Sikasso	1995	9	6	249	23.0	29.6	17.3	-999.9	35.4	1.6	96900.7	-999.9
Sikasso	1995	9	7	250	23.0	29.5	17.5	-999.9	8.9	1.6	96839.0	-999.9
Sikasso	1995	9	8	251	22.0	30.0	18.3	-999.9	0.0	1.8	96860.8	-999.9
Sikasso	1995	9	9	252	21.8	29.4	18.3	-999.9	0.0	1.3	96965.2	-999.9
Sikasso	1995	9	10	253	21.2	30.4	22.7	-999.9	8.9	1.0	96894.5	-999.9
Sikasso	1995	9	11	254	21.9	29.5	20.5	-999.9	0.0	1.4	96845.8	-999.9
Sikasso	1995	9	12	255	21.7	30.7	21.5	-999.9	6.6	1.1	96801.0	-999.9
Sikasso	1995	9	13	256	22.3	29.4	17.0	-999.9	6.6	1.8	96852.6	-999.9
Sikasso	1995	9	14	257	21.5	29.9	19.9	-999.9	6.6	1.4	97010.7	-999.9
Sikasso	1995	9	15	258	20.7	30.6	21.9	-999.9	13.1	1.1	96926.5	-999.9
Sikasso	1995	9	16	259	21.6	30.1	20.2	-999.9	6.3	1.2	96818.9	-999.9
Sikasso	1995	9	17	260	22.3	27.5	11.8	-999.9	12.6	2.1	96989.4	-999.9
Sikasso	1995	9	18	261	21.9	28.8	18.9	-999.9	0.0	2.0	97169.1	-999.9
Sikasso	1995	9	19	262	21.2	30.0	21.5	-999.9	0.0	1.0	97117.5	-999.9
Sikasso	1995	9	20	263	22.0	30.3	17.9	-999.9	6.3	1.6	96944.2	-999.9
Sikasso	1995	9	21	264	21.4	28.4	14.2	-999.9	0.0	1.4	96941.9	-999.9
Sikasso	1995	9	22	265	22.0	28.0	14.0	-999.9	26.8	1.4	97039.1	-999.9
Sikasso	1995	9	23	266	22.9	29.5	17.8	-999.9	26.8	1.6	97019.1	-999.9
Sikasso	1995	9	24	267	22.7	29.7	18.5	-999.9	13.4	1.5	96912.0	-999.9
Sikasso	1995	9	25	268	22.2	26.2	10.0	-999.9	0.0	1.5	96856.2	-999.9
Sikasso	1995	9	26	269	21.6	28.8	17.2	-999.9	0.0	1.6	96949.5	-999.9
Sikasso	1995	9	27	270	21.4	29.8	17.8	-999.9	0.0	0.9	96983.2	-999.9
Sikasso	1995	9	28	271	21.6	29.7	16.1	-999.9	0.0	1.8	96928.5	-999.9
Sikasso	1995	9	29	272	23.4	31.1	20.6	-999.9	0.0	2.2	96802.6	-999.9
Sikasso	1995	9	30	273	21.9	29.6	17.7	-999.9	10.1	1.5	96803.1	-999.9
Sikasso	1995	10	1	274	22.2	29.9	19.6	-999.9	0.0	1.2	96812.8	-999.9
Sikasso	1995	10	2	275	22.6	30.8	20.9	-999.9	8.5	1.6	96928.8	-999.9
Sikasso	1995	10	3	276	22.1	27.6	11.7	-999.9	4.2	1.4	97044.8	-999.9
Sikasso	1995	10	4	277	20.1	30.9	21.2	-999.9	0.0	1.1	96957.0	-999.9
Sikasso	1995	10	5	278	22.4	30.9	21.3	-999.9	4.2	1.3	96739.9	-999.9
Sikasso	1995	10	6	279	21.8	30.6	22.0	-999.9	0.0	1.5	96738.7	-999.9
Sikasso	1995	10	7	280	21.8	30.8	22.1	-999.9	4.9	1.2	96806.5	-999.9
Sikasso	1995	10	8	281	23.1	31.1	20.3	-999.9	9.8	1.2	96732.2	-999.9
Sikasso	1995	10	9	282	22.4	27.0	11.4	-999.9	14.8	1.9	96759.8	-999.9
Sikasso	1995	10	10	283	20.6	30.1	20.9	-999.9	4.9	1.3	96801.9	-999.9
Sikasso	1995	10	11	284	21.2	30.7	20.1	-999.9	1.9	1.0	96740.1	-999.9
Sikasso	1995	10	12	285	22.6	30.5	19.6	-999.9	0.0	1.3	96766.7	-999.9
Sikasso	1995	10	13	286	22.6	30.7	21.2	-999.9	0.0	1.2	96873.2	-999.9
Sikasso	1995	10	14	287	23.1	30.5	20.4	-999.9	1.9	1.0	96941.7	-999.9
Sikasso	1995	10	15	288	22.5	31.3	21.3	-999.9	1.9	1.3	96826.2	-999.9
Sikasso	1995	10	16	289	22.1	30.4	20.5	-999.9	4.7	1.6	96728.2	-999.9
Sikasso	1995	10	17	290	22.6	30.8	22.1	-999.9	0.0	1.4	96728.4	-999.9
Sikasso	1995	10	18	291	21.9	31.2	21.0	-999.9	0.0	1.1	96910.1	-999.9
Sikasso	1995	10	19	292	21.5	29.9	19.6	-999.9	0.0	1.2	96872.0	-999.9
Sikasso	1995	10	20	293	21.7	30.5	19.6	-999.9	0.0	1.2	96847.9	-999.9
Sikasso	1995	10	21	294	22.0	30.4	20.7	-999.9	0.0	1.4	96819.0	-999.9
Sikasso	1995	10	22	295	21.8	30.1	19.8	-999.9	0.0	1.2	96835.6	-999.9
Sikasso	1995	10	23	296	21.8	30.9	20.9	-999.9	5.8	1.5	96914.7	-999.9
Sikasso	1995	10	24	297	21.1	32.5	23.0	-999.9	0.0	1.7	96806.1	-999.9
Sikasso	1995	10	25	298	19.9	31.7	23.1	-999.9	0.0	1.4	96679.2	-999.9
Sikasso	1995	10	26	299	20.8	31.0	21.2	-999.9	0.0	1.6	96667.9	-999.9
Sikasso	1995	10	27	300	21.9	29.9	18.4	-999.9	0.0	1.7	96756.1	-999.9
Sikasso	1995	10	28	301	20.4	31.7	20.5	-999.9	0.0	1.3	96795.2	-999.9
Sikasso	1995	10	29	302	22.2	32.7	20.8	-999.9	0.0	1.5	96700.1	-999.9
Sikasso	1995	10	30	303	19.1	31.9	22.3	-999.9	0.0	1.4	96745.5	-999.9
Sikasso	1995	10	31	304	21.0	32.0	20.2	-999.9	0.0	1.3	96871.0	-999.9
Sikasso	1995	11	1	305	21.2	33.9	21.3	-999.9	0.0	1.3	96879.0	-999.9
Sikasso	1995	11	2	306	20.9	31.6	20.3	-999.9	0.0	1.5	96813.9	-999.9
Sikasso	1995	11	3	307	20.2	32.9	21.4	-999.9	0.0	1.1	96747.6	-999.9
Sikasso	1995	11	4	308	18.5	33.0	22.0	-999.9	0.0	1.4	96770.5	-999.9
Sikasso	1995	11	5	309	21.2	31.8	20.2	-999.9	0.0	1.5	96920.3	-999.9
Sikasso	1995	11	6	310	22.6	31.5	17.4	-999.9	5.1	1.6	96962.1	-999.9
Sikasso	1995	11	7	311	22.0	33.6	20.0	-999.9	0.0	1.4	96864.8	-999.9
Sikasso	1995	11	8	312	20.5	33.5	21.8	-999.9	0.0	1.0	96719.9	-999.9
Sikasso	1995	11	9	313	20.4	33.5	21.5	-999.9	0.0	1.1	96660.3	-999.9
Sikasso	1995	11	10	314	19.6	33.1	20.2	-999.9	0.0	1.2	96743.6	-999.9
Sikasso	1995	11	11	315	22.8	32.3	15.8	-999.9	0.0	1.2	96896.8	-999.9
Sikasso	1995	11	12	316	19.9	34.7	22.1	-999.9	0.0	1.6	96917.1	-999.9
Sikasso	1995	11	13	317	17.5	34.2	22.4	-999.9	0.0	1.8	96902.9	-999.9
Sikasso	1995	11	14	318	17.7	33.6	22.3	-999.9	0.0	1.9	96848.2	-999.9
Sikasso	1995	11	15	319	15.9	33.6	22.3	-999.9	0.0	1.7	96802.7	-999.9
Sikasso	1995	11	16	320	16.1	33.9	22.1	-999.9	0.0	1.5	96767.2	-999.9
Sikasso	1995	11	17	321	16.5	33.9	22.1	-999.9	0.0	1.7	96814.4	-999.9
Sikasso	1995	11	18	322	15.9	33.8	22.2	-999.9	0.0	2.3	96927.3	-999.9
Sikasso	1995	11	19	323	15.8	33.7	22.1	-999.9	0.0	2.1	96910.9	-999.9
Sikasso	1995	11	20	324	16.0	32.5	22.1	-999.9	0.0	2.2	96834.6	-999.9
Sikasso	1995	11	21	325	14.8	32.2	22.1	-999.9	0.0	2.2	96850.7	-999.9
Sikasso	1995	11	22	326	14.5	32.4	21.9	-999.9	0.0	1.9	96886.1	-999.9
Sikasso	1995	11	23	327	15.8	32.7	21.8	-999.9	0.0	2.0	96880.0	-999.9
Sikasso	1995	11	24	328	15.4	32.8	21.5	-999.9	0.0	1.9	96831.8	-999.9
Sikasso	1995	11	25	329	17.3	33.4	20.8	-999.9	0.0	1.7	96732.5	-999.9
Sikasso	1995	11	26	330	17.4	33.4	21.0	-999.9	0.0	1.8	96660.7	-999.9
Sikasso	1995	11	27	331	18.3	34.0	21.0	-999.9	0.0	1.7	96708.4	-999.9
Sikasso	1995	11	28	332	18.0	34.2	20.8	-999.9	0.0	1.5	96718.2	-999.9
Sikasso	1995	11	29	333	19.2	34.4	19.7	-999.9	0.0	1.5	96751.4	-999.9
Sikasso	1995	11	30	334	19.4	35.1	21.0	-999.9	0.0	2.2	96739.6	-999.9
Sikasso	1995	12	1	335	18.6	34.1	20.9	-999.9	0.0	1.7	96746.0	-999.9
Sikasso	1995	12	2	336	17.9	32.0	20.9	-999.9	0.0	2.2	96887.1	-999.9
Sikasso	1995	12	3	337	18.1	32.4	19.1	-999.9	0.0	2.1	96963.9	-999.9
Sikasso	1995	12	4	338	19.9	31.6	20.5	-999.9	0.0	2.4	96915.5	-999.9
Sikasso	1995	12	5	339	16.3	32.3	20.6	-999.9	0.0	1.8	96778.6	-999.9
Sikasso	1995	12	6	340	18.9	32.9	20.4	-999.9	0.0	2.0	96788.5	-999.9
Sikasso	1995	12	7	341	17.0	33.0	20.2	-999.9	0.0	1.7	96821.7	-999.9
Sikasso	1995	12	8	342	19.9	32.9	17.4	-999.9	0.0	2.2	96852.1	-999.9
Sikasso	1995	12	9	343	18.1	33.8	20.2	-999.9	0.0	2.0	96710.9	-999.9
Sikasso	1995	12	10	344	18.1	31.4	19.8	-999.9	0.0	2.8	96782.6	-999.9
Sikasso	1995	12	11	345	18.8	32.0	19.8	-999.9	0.0	2.3	96808.3	-999.9
Sikasso	1995	12	12	346	18.1	33.6	20.2	-999.9	0.0	2.0	96736.0	-999.9
Sikasso	1995	12	13	347	17.4	34.0	20.1	-999.9	0.0	1.7	96703.0	-999.9
Sikasso	1995	12	14	348	20.4	33.2	19.2	-999.9	0.0	1.3	96666.4	-999.9
Sikasso	1995	12	15	349	21.2	32.3	17.4	-999.9	0.0	2.0	96753.3	-999.9
Sikasso	1995	12	16	350	20.8	31.1	16.4	-999.9	0.0	3.2	97076.8	-999.9
Sikasso	1995	12	17	351	19.1	33.9	20.1	-999.9	0.0	2.5	97025.0	-999.9
Sikasso	1995	12	18	352	18.6	34.0	20.3	-999.9	0.0	2.4	97003.1	-999.9
Sikasso	1995	12	19	353	17.5	34.2	20.3	-999.9	0.0	2.0	96944.8	-999.9
Sikasso	1995	12	20	354	18.2	33.6	20.2	-999.9	0.0	2.2	96906.5	-999.9
Sikasso	1995	12	21	355	18.0	32.3	20.2	-999.9	0.0	1.9	96919.4	-999.9
Sikasso	1995	12	22	356	17.1	32.3	20.3	-999.9	0.0	1.8	96905.8	-999.9
Sikasso	1995	12	23	357	15.5	32.2	20.4	-999.9	0.0	1.8	96967.1	-999.9
Sikasso	1995	12	24	358	16.4	33.3	20.3	-999.9	0.0	1.6	97023.6	-999.9
Sikasso	1995	12	25	359	21.2	32.2	16.1	-999.9	0.0	2.3	97071.5	-999.9
Sikasso	1995	12	26	360	18.4	31.3	19.5	-999.9	0.0	2.8	97155.8	-999.9
Sikasso	1995	12	27	361	15.7	30.2	21.1	-999.9	0.0	2.5	97136.7	-999.9
Sikasso	1995	12	28	362	14.2	30.8	19.1	-999.9	0.0	2.0	97133.0	-999.9
Sikasso	1995	12	29	363	15.7	31.4	19.6	-999.9	0.0	2.0	97124.0	-999.9
Sikasso	1995	12	30	364	15.0	31.9	20.6	-999.9	0.0	2.1	97086.0	-999.9
Sikasso	1995	12	31	365	14.8	32.2	19.5	-999.9	0.5	2.1	96994.3	-999.9
