Sikasso	1994	1	1	1	14.8	30.1	20.5	-999.9	0.0	2.6	97156.5	-999.9
Sikasso	1994	1	2	2	14.5	29.2	20.5	-999.9	0.0	2.4	97099.7	-999.9
Sikasso	1994	1	3	3	13.6	29.9	20.6	-999.9	0.0	1.8	97005.2	-999.9
Sikasso	1994	1	4	4	14.2	31.9	20.6	-999.9	0.0	1.5	96889.1	-999.9
Sikasso	1994	1	5	5	15.3	33.0	20.5	-999.9	0.0	1.5	96733.8	-999.9
Sikasso	1994	1	6	6	17.4	33.5	20.3	-999.9	0.0	1.7	96641.9	-999.9
Sikasso	1994	1	7	7	18.1	34.0	19.6	-999.9	0.0	1.7	96641.4	-999.9
Sikasso	1994	1	8	8	18.6	33.5	20.2	-999.9	0.0	2.1	96798.7	-999.9
Sikasso	1994	1	9	9	17.8	33.2	20.6	-999.9	0.0	2.2	96826.9	-999.9
Sikasso	1994	1	10	10	15.7	32.3	20.8	-999.9	0.0	1.9	96784.0	-999.9
Sikasso	1994	1	11	11	17.0	33.4	20.8	-999.9	0.0	2.0	96767.6	-999.9
Sikasso	1994	1	12	12	17.0	34.0	20.9	-999.9	0.0	2.2	96776.4	-999.9
Sikasso	1994	1	13	13	17.5	32.8	20.4	-999.9	0.0	2.3	96853.3	-999.9
Sikasso	1994	1	14	14	16.8	32.5	21.0	-999.9	0.0	2.3	96950.8	-999.9
Sikasso	1994	1	15	15	16.6	31.4	21.3	-999.9	0.0	2.4	96908.2	-999.9
Sikasso	1994	1	16	16	14.6	30.8	21.5	-999.9	0.0	2.0	96702.6	-999.9
Sikasso	1994	1	17	17	13.3	32.9	21.3	-999.9	0.0	1.7	96363.4	-999.9
Sikasso	1994	1	18	18	19.4	32.1	18.5	-999.9	0.0	2.2	96445.7	-999.9
Sikasso	1994	1	19	19	19.5	31.8	17.8	-999.9	0.0	1.7	96743.0	-999.9
Sikasso	1994	1	20	20	17.8	27.7	15.7	-999.9	0.0	2.1	96950.7	-999.9
Sikasso	1994	1	21	21	17.2	31.8	20.4	-999.9	0.0	1.8	96900.2	-999.9
Sikasso	1994	1	22	22	18.9	33.5	20.4	-999.9	0.0	2.0	96834.1	-999.9
Sikasso	1994	1	23	23	18.8	33.8	21.3	-999.9	0.0	2.2	96879.4	-999.9
Sikasso	1994	1	24	24	18.4	33.7	21.5	-999.9	0.0	2.1	96911.1	-999.9
Sikasso	1994	1	25	25	16.9	32.2	21.6	-999.9	0.0	2.4	96927.9	-999.9
Sikasso	1994	1	26	26	16.6	31.9	21.1	-999.9	0.0	2.6	96962.9	-999.9
Sikasso	1994	1	27	27	17.0	32.0	21.3	-999.9	0.0	2.4	96976.1	-999.9
Sikasso	1994	1	28	28	17.7	32.6	21.2	-999.9	0.0	2.6	96991.2	-999.9
Sikasso	1994	1	29	29	17.2	33.5	21.8	-999.9	0.0	2.7	96954.1	-999.9
Sikasso	1994	1	30	30	16.8	31.5	22.0	-999.9	0.0	2.6	96885.0	-999.9
Sikasso	1994	1	31	31	15.9	30.9	22.2	-999.9	0.0	2.4	96819.3	-999.9
Sikasso	1994	2	1	32	15.4	31.1	22.4	-999.9	0.0	2.3	96871.9	-999.9
Sikasso	1994	2	2	33	14.2	31.5	22.4	-999.9	0.0	1.8	96910.8	-999.9
Sikasso	1994	2	3	34	15.0	31.8	22.3	-999.9	0.0	1.9	96876.8	-999.9
Sikasso	1994	2	4	35	15.7	31.8	22.3	-999.9	0.0	1.9	96840.2	-999.9
Sikasso	1994	2	5	36	15.3	32.5	22.5	-999.9	0.0	2.2	96846.4	-999.9
Sikasso	1994	2	6	37	15.3	32.2	22.6	-999.9	0.0	2.3	96868.4	-999.9
Sikasso	1994	2	7	38	16.3	33.3	22.7	-999.9	0.0	2.3	96891.7	-999.9
Sikasso	1994	2	8	39	17.5	34.6	22.6	-999.9	0.0	2.1	96861.3	-999.9
Sikasso	1994	2	9	40	18.1	35.5	22.5	-999.9	0.0	2.3	96827.3	-999.9
Sikasso	1994	2	10	41	19.7	35.5	22.5	-999.9	0.0	2.3	96733.6	-999.9
Sikasso	1994	2	11	42	18.9	35.0	21.7	-999.9	0.0	1.6	96679.6	-999.9
Sikasso	1994	2	12	43	19.6	34.3	19.8	-999.9	0.0	1.5	96652.5	-999.9
Sikasso	1994	2	13	44	22.5	34.0	17.6	-999.9	3.2	1.7	96656.8	-999.9
Sikasso	1994	2	14	45	22.9	34.7	18.2	-999.9	0.0	1.6	96820.4	-999.9
Sikasso	1994	2	15	46	22.4	32.6	15.8	-999.9	0.0	1.8	96962.2	-999.9
Sikasso	1994	2	16	47	21.7	34.4	19.5	-999.9	0.0	1.4	96848.6	-999.9
Sikasso	1994	2	17	48	23.3	35.7	22.2	-999.9	0.0	1.3	96736.4	-999.9
Sikasso	1994	2	18	49	21.4	35.4	22.9	-999.9	0.0	2.3	96821.8	-999.9
Sikasso	1994	2	19	50	19.5	35.3	23.2	-999.9	0.0	2.3	96852.7	-999.9
Sikasso	1994	2	20	51	19.4	36.0	23.6	-999.9	0.0	2.4	96897.4	-999.9
Sikasso	1994	2	21	52	20.9	36.0	23.7	-999.9	0.0	2.4	96834.1	-999.9
Sikasso	1994	2	22	53	20.3	35.6	23.9	-999.9	0.0	2.4	96722.7	-999.9
Sikasso	1994	2	23	54	19.7	35.6	24.1	-999.9	0.0	2.2	96650.0	-999.9
Sikasso	1994	2	24	55	17.7	36.2	23.9	-999.9	0.0	2.0	96638.1	-999.9
Sikasso	1994	2	25	56	19.5	36.7	23.4	-999.9	0.0	1.9	96710.5	-999.9
Sikasso	1994	2	26	57	22.4	36.9	22.3	-999.9	0.0	2.1	96762.1	-999.9
Sikasso	1994	2	27	58	20.6	37.2	24.4	-999.9	0.0	2.2	96666.8	-999.9
Sikasso	1994	2	28	59	18.6	36.8	24.1	-999.9	0.0	1.7	96563.5	-999.9
Sikasso	1994	3	1	60	20.6	37.0	23.5	-999.9	0.0	1.3	96548.4	-999.9
Sikasso	1994	3	2	61	21.9	35.3	21.6	-999.9	0.0	1.8	96722.4	-999.9
Sikasso	1994	3	3	62	19.8	36.1	23.4	-999.9	0.0	1.5	96824.4	-999.9
Sikasso	1994	3	4	63	21.9	35.5	24.0	-999.9	0.0	1.9	96840.8	-999.9
Sikasso	1994	3	5	64	19.8	35.0	24.2	-999.9	0.0	2.0	96783.5	-999.9
Sikasso	1994	3	6	65	21.8	35.4	23.4	-999.9	0.0	2.0	96588.8	-999.9
Sikasso	1994	3	7	66	24.0	36.8	23.4	-999.9	0.0	1.4	96461.5	-999.9
Sikasso	1994	3	8	67	25.6	37.4	23.8	-999.9	0.0	1.6	96431.9	-999.9
Sikasso	1994	3	9	68	22.4	36.0	21.8	-999.9	1.6	2.7	96644.0	-999.9
Sikasso	1994	3	10	69	24.9	35.6	21.5	-999.9	0.5	2.6	96779.4	-999.9
Sikasso	1994	3	11	70	23.7	38.1	23.8	-999.9	0.0	2.1	96736.5	-999.9
Sikasso	1994	3	12	71	24.0	37.1	23.4	-999.9	0.0	1.6	96581.2	-999.9
Sikasso	1994	3	13	72	25.7	37.3	22.0	-999.9	0.0	2.2	96537.0	-999.9
Sikasso	1994	3	14	73	26.0	36.3	22.2	-999.9	0.0	2.3	96506.3	-999.9
Sikasso	1994	3	15	74	24.6	34.4	19.4	-999.9	1.4	1.7	96679.6	-999.9
Sikasso	1994	3	16	75	24.4	33.8	20.0	-999.9	0.0	1.8	96835.7	-999.9
Sikasso	1994	3	17	76	22.4	36.7	23.8	-999.9	0.0	2.4	96796.6	-999.9
Sikasso	1994	3	18	77	23.2	37.4	23.8	-999.9	0.0	2.5	96691.1	-999.9
Sikasso	1994	3	19	78	22.9	37.6	25.1	-999.9	0.0	2.2	96690.3	-999.9
Sikasso	1994	3	20	79	21.3	37.7	25.4	-999.9	0.0	2.0	96669.8	-999.9
Sikasso	1994	3	21	80	22.2	37.0	25.4	-999.9	0.0	2.0	96601.5	-999.9
Sikasso	1994	3	22	81	22.9	37.4	25.0	-999.9	0.0	1.6	96512.2	-999.9
Sikasso	1994	3	23	82	23.8	37.1	21.9	-999.9	0.0	1.7	96628.6	-999.9
Sikasso	1994	3	24	83	25.5	37.4	22.0	-999.9	0.0	1.8	96818.7	-999.9
Sikasso	1994	3	25	84	27.0	38.8	21.2	-999.9	0.0	2.0	96661.8	-999.9
Sikasso	1994	3	26	85	24.9	39.1	23.6	-999.9	0.0	1.4	96521.9	-999.9
Sikasso	1994	3	27	86	27.3	37.9	22.3	-999.9	4.1	2.4	96542.5	-999.9
Sikasso	1994	3	28	87	25.3	36.4	21.7	-999.9	4.1	1.4	96626.6	-999.9
Sikasso	1994	3	29	88	27.5	36.7	20.9	-999.9	0.0	1.6	96571.5	-999.9
Sikasso	1994	3	30	89	27.7	38.2	22.2	-999.9	0.0	2.1	96472.9	-999.9
Sikasso	1994	3	31	90	27.4	38.5	22.2	-999.9	0.0	2.4	96495.8	-999.9
Sikasso	1994	4	1	91	26.2	38.6	22.9	-999.9	2.8	2.4	96604.7	-999.9
Sikasso	1994	4	2	92	27.0	38.4	24.9	-999.9	0.0	2.3	96576.6	-999.9
Sikasso	1994	4	3	93	22.7	37.2	25.7	-999.9	0.0	1.4	96514.1	-999.9
Sikasso	1994	4	4	94	21.6	37.0	26.5	-999.9	0.0	1.7	96583.0	-999.9
Sikasso	1994	4	5	95	20.4	36.0	26.4	-999.9	0.0	2.3	96737.5	-999.9
Sikasso	1994	4	6	96	21.8	36.2	26.4	-999.9	0.0	2.0	96748.2	-999.9
Sikasso	1994	4	7	97	21.1	38.1	26.6	-999.9	0.0	1.9	96575.8	-999.9
Sikasso	1994	4	8	98	22.2	37.5	24.3	-999.9	0.0	1.7	96436.5	-999.9
Sikasso	1994	4	9	99	26.1	37.0	22.0	-999.9	0.0	2.5	96497.3	-999.9
Sikasso	1994	4	10	100	27.1	36.6	20.9	-999.9	0.0	1.8	96481.0	-999.9
Sikasso	1994	4	11	101	25.7	39.1	25.3	-999.9	0.0	1.8	96407.5	-999.9
Sikasso	1994	4	12	102	27.3	38.4	23.7	-999.9	0.0	2.1	96510.0	-999.9
Sikasso	1994	4	13	103	26.2	34.5	14.8	-999.9	0.0	2.2	96633.0	-999.9
Sikasso	1994	4	14	104	26.1	37.3	21.5	-999.9	0.0	1.9	96572.1	-999.9
Sikasso	1994	4	15	105	26.0	38.3	23.5	-999.9	1.9	2.0	96577.2	-999.9
Sikasso	1994	4	16	106	26.3	36.2	20.5	-999.9	3.4	2.4	96626.8	-999.9
Sikasso	1994	4	17	107	23.4	34.7	20.2	-999.9	2.0	2.6	96729.8	-999.9
Sikasso	1994	4	18	108	25.5	36.9	23.2	-999.9	0.0	1.8	96587.6	-999.9
Sikasso	1994	4	19	109	26.8	38.5	24.0	-999.9	0.0	2.6	96436.7	-999.9
Sikasso	1994	4	20	110	26.5	37.0	20.9	-999.9	3.4	2.2	96502.3	-999.9
Sikasso	1994	4	21	111	24.9	35.6	21.7	-999.9	0.0	1.8	96632.4	-999.9
Sikasso	1994	4	22	112	24.3	34.4	24.0	-999.9	0.0	1.8	96593.2	-999.9
Sikasso	1994	4	23	113	25.5	36.6	24.6	-999.9	0.0	2.0	96485.5	-999.9
Sikasso	1994	4	24	114	25.6	37.0	24.8	-999.9	0.0	2.7	96509.0	-999.9
Sikasso	1994	4	25	115	26.2	36.3	23.8	-999.9	3.4	2.1	96570.6	-999.9
Sikasso	1994	4	26	116	26.5	37.1	23.8	-999.9	6.5	2.4	96524.1	-999.9
Sikasso	1994	4	27	117	25.2	35.3	21.3	-999.9	0.0	2.3	96551.3	-999.9
Sikasso	1994	4	28	118	24.4	36.0	22.7	-999.9	0.0	2.0	96561.3	-999.9
Sikasso	1994	4	29	119	26.2	37.4	23.6	-999.9	0.0	2.4	96541.7	-999.9
Sikasso	1994	4	30	120	25.8	38.1	24.8	-999.9	0.0	2.1	96617.3	-999.9
Sikasso	1994	5	1	121	25.3	37.6	25.6	-999.9	0.0	1.8	96696.3	-999.9
Sikasso	1994	5	2	122	22.9	36.4	25.8	-999.9	0.0	1.9	96759.4	-999.9
Sikasso	1994	5	3	123	21.8	36.6	25.8	-999.9	0.0	1.9	96767.9	-999.9
Sikasso	1994	5	4	124	23.2	36.3	26.4	-999.9	0.0	1.4	96772.9	-999.9
Sikasso	1994	5	5	125	25.0	35.3	23.1	-999.9	0.0	2.3	96823.1	-999.9
Sikasso	1994	5	6	126	24.6	33.2	18.9	-999.9	34.0	1.8	96858.5	-999.9
Sikasso	1994	5	7	127	23.4	32.7	21.1	-999.9	0.0	1.8	96750.9	-999.9
Sikasso	1994	5	8	128	23.4	33.7	20.9	-999.9	0.0	1.4	96771.0	-999.9
Sikasso	1994	5	9	129	24.9	34.7	22.2	-999.9	0.0	1.3	96728.4	-999.9
Sikasso	1994	5	10	130	24.3	36.0	23.2	-999.9	0.0	2.3	96681.0	-999.9
Sikasso	1994	5	11	131	25.6	33.8	22.0	-999.9	0.0	2.3	96671.3	-999.9
Sikasso	1994	5	12	132	23.4	33.9	20.5	-999.9	0.0	2.1	96672.9	-999.9
Sikasso	1994	5	13	133	25.2	35.1	21.6	-999.9	2.5	1.8	96712.0	-999.9
Sikasso	1994	5	14	134	23.9	33.8	20.8	-999.9	2.2	1.8	96778.2	-999.9
Sikasso	1994	5	15	135	24.0	35.9	23.7	-999.9	4.4	2.3	96776.7	-999.9
Sikasso	1994	5	16	136	25.0	35.5	24.7	-999.9	0.0	2.2	96703.2	-999.9
Sikasso	1994	5	17	137	26.5	36.7	24.1	-999.9	0.0	1.9	96675.9	-999.9
Sikasso	1994	5	18	138	26.4	35.5	21.2	-999.9	7.4	1.8	96737.7	-999.9
Sikasso	1994	5	19	139	24.3	34.8	24.7	-999.9	0.0	2.0	96690.4	-999.9
Sikasso	1994	5	20	140	25.7	35.6	23.2	-999.9	2.8	1.7	96649.8	-999.9
Sikasso	1994	5	21	141	23.5	32.5	20.3	-999.9	0.0	2.0	96824.6	-999.9
Sikasso	1994	5	22	142	23.7	34.0	24.7	-999.9	0.0	2.1	96860.1	-999.9
Sikasso	1994	5	23	143	24.3	34.4	24.1	-999.9	0.0	2.4	96736.3	-999.9
Sikasso	1994	5	24	144	25.8	35.4	24.9	-999.9	0.0	2.1	96647.3	-999.9
Sikasso	1994	5	25	145	24.1	35.3	22.0	-999.9	13.1	2.8	96572.9	-999.9
Sikasso	1994	5	26	146	23.5	33.8	21.7	-999.9	3.4	2.1	96625.9	-999.9
Sikasso	1994	5	27	147	24.0	34.0	21.9	-999.9	3.4	2.5	96698.0	-999.9
Sikasso	1994	5	28	148	24.3	32.7	22.4	-999.9	6.8	1.8	96767.8	-999.9
Sikasso	1994	5	29	149	25.0	33.9	22.6	-999.9	3.9	1.6	96802.9	-999.9
Sikasso	1994	5	30	150	23.3	31.2	20.8	-999.9	3.4	1.9	96853.7	-999.9
Sikasso	1994	5	31	151	23.4	32.8	21.6	-999.9	0.0	1.4	96943.5	-999.9
Sikasso	1994	6	1	152	24.1	34.0	24.9	-999.9	0.0	2.3	96805.1	-999.9
Sikasso	1994	6	2	153	24.2	34.1	24.9	-999.9	0.0	2.4	96790.3	-999.9
Sikasso	1994	6	3	154	24.7	33.9	24.1	-999.9	0.0	2.1	96826.6	-999.9
Sikasso	1994	6	4	155	24.7	33.6	22.8	-999.9	0.0	2.2	96913.2	-999.9
Sikasso	1994	6	5	156	23.4	31.0	16.6	-999.9	16.7	2.0	96973.7	-999.9
Sikasso	1994	6	6	157	23.3	32.0	21.5	-999.9	0.0	1.6	96964.0	-999.9
Sikasso	1994	6	7	158	23.6	33.0	22.9	-999.9	26.3	2.0	96929.3	-999.9
Sikasso	1994	6	8	159	24.7	33.1	22.3	-999.9	0.0	1.7	96952.5	-999.9
Sikasso	1994	6	9	160	23.6	33.1	22.9	-999.9	0.0	1.6	96957.7	-999.9
Sikasso	1994	6	10	161	23.7	33.9	23.5	-999.9	0.0	1.5	96935.0	-999.9
Sikasso	1994	6	11	162	24.2	32.7	22.9	-999.9	0.0	2.2	96953.3	-999.9
Sikasso	1994	6	12	163	23.6	32.5	22.2	-999.9	0.0	1.6	96954.0	-999.9
Sikasso	1994	6	13	164	23.5	33.2	22.1	-999.9	0.0	1.6	97040.4	-999.9
Sikasso	1994	6	14	165	25.1	34.0	23.1	-999.9	27.0	2.0	96965.4	-999.9
Sikasso	1994	6	15	166	23.9	32.8	21.6	-999.9	0.0	2.5	96930.5	-999.9
Sikasso	1994	6	16	167	22.6	33.7	24.0	-999.9	9.1	1.7	96942.7	-999.9
Sikasso	1994	6	17	168	24.2	33.8	22.7	-999.9	9.1	2.4	96813.5	-999.9
Sikasso	1994	6	18	169	24.4	31.2	17.1	-999.9	9.1	2.0	96908.0	-999.9
Sikasso	1994	6	19	170	23.8	31.9	18.7	-999.9	0.0	1.7	96956.8	-999.9
Sikasso	1994	6	20	171	24.5	34.3	22.6	-999.9	0.0	1.4	96821.6	-999.9
Sikasso	1994	6	21	172	25.0	33.6	20.2	-999.9	5.5	2.4	96685.8	-999.9
Sikasso	1994	6	22	173	23.2	32.2	21.3	-999.9	11.1	2.2	96724.1	-999.9
Sikasso	1994	6	23	174	23.7	32.4	21.9	-999.9	0.0	1.8	96791.8	-999.9
Sikasso	1994	6	24	175	23.7	32.6	22.2	-999.9	16.6	1.8	96896.6	-999.9
Sikasso	1994	6	25	176	23.1	32.1	23.1	-999.9	5.5	1.3	96921.7	-999.9
Sikasso	1994	6	26	177	23.3	31.1	19.3	-999.9	16.4	1.5	96916.6	-999.9
Sikasso	1994	6	27	178	23.4	32.2	23.4	-999.9	8.2	1.7	96927.7	-999.9
Sikasso	1994	6	28	179	22.4	31.8	22.0	-999.9	16.4	1.4	96934.4	-999.9
Sikasso	1994	6	29	180	22.4	31.5	20.9	-999.9	0.0	2.1	96919.9	-999.9
Sikasso	1994	6	30	181	23.2	32.5	23.4	-999.9	0.0	2.1	96787.2	-999.9
Sikasso	1994	7	1	182	22.9	30.8	18.6	-999.9	17.2	2.4	96660.8	-999.9
Sikasso	1994	7	2	183	21.8	29.5	16.9	-999.9	8.6	2.2	96746.0	-999.9
Sikasso	1994	7	3	184	21.7	29.0	15.9	-999.9	0.0	2.3	96888.0	-999.9
Sikasso	1994	7	4	185	21.2	29.7	19.0	-999.9	8.6	1.4	97003.8	-999.9
Sikasso	1994	7	5	186	22.0	30.8	19.3	-999.9	8.6	1.3	96930.8	-999.9
Sikasso	1994	7	6	187	22.4	29.8	21.2	-999.9	0.0	1.9	96850.4	-999.9
Sikasso	1994	7	7	188	23.9	31.4	21.8	-999.9	0.0	2.4	96847.3	-999.9
Sikasso	1994	7	8	189	23.2	28.9	12.8	-999.9	14.2	1.7	96962.6	-999.9
Sikasso	1994	7	9	190	21.8	30.3	19.8	-999.9	0.0	1.5	97035.8	-999.9
Sikasso	1994	7	10	191	22.3	29.7	19.0	-999.9	9.5	1.7	97122.6	-999.9
Sikasso	1994	7	11	192	22.2	29.4	19.8	-999.9	10.5	1.9	97198.9	-999.9
Sikasso	1994	7	12	193	23.2	30.3	18.8	-999.9	10.5	2.0	97078.4	-999.9
Sikasso	1994	7	13	194	22.0	28.9	13.3	-999.9	10.5	1.7	97023.0	-999.9
Sikasso	1994	7	14	195	23.0	29.6	17.2	-999.9	10.5	2.1	97055.9	-999.9
Sikasso	1994	7	15	196	21.8	29.7	17.7	-999.9	0.0	1.8	97090.4	-999.9
Sikasso	1994	7	16	197	22.3	31.0	20.7	-999.9	20.2	1.9	96923.7	-999.9
Sikasso	1994	7	17	198	22.1	27.7	14.6	-999.9	0.0	1.6	96904.7	-999.9
Sikasso	1994	7	18	199	21.3	28.8	17.3	-999.9	0.0	2.3	96996.3	-999.9
Sikasso	1994	7	19	200	22.5	29.9	20.1	-999.9	10.1	1.8	96955.5	-999.9
Sikasso	1994	7	20	201	22.7	29.7	20.1	-999.9	0.0	1.8	96863.8	-999.9
Sikasso	1994	7	21	202	23.1	30.0	19.8	-999.9	17.4	2.1	96835.2	-999.9
Sikasso	1994	7	22	203	23.6	29.3	16.8	-999.9	8.7	2.1	96973.9	-999.9
Sikasso	1994	7	23	204	21.4	24.7	10.0	-999.9	8.7	1.8	97072.8	-999.9
Sikasso	1994	7	24	205	21.2	28.3	16.5	-999.9	8.7	2.2	96990.1	-999.9
Sikasso	1994	7	25	206	21.9	29.8	17.7	-999.9	17.4	1.4	96857.5	-999.9
Sikasso	1994	7	26	207	23.0	29.6	18.0	-999.9	0.0	2.2	96864.7	-999.9
Sikasso	1994	7	27	208	22.9	28.5	14.4	-999.9	14.1	2.4	96934.2	-999.9
Sikasso	1994	7	28	209	22.4	28.9	17.8	-999.9	0.0	2.0	97016.5	-999.9
Sikasso	1994	7	29	210	22.2	29.3	20.5	-999.9	0.0	1.7	97038.8	-999.9
Sikasso	1994	7	30	211	22.2	28.5	12.5	-999.9	14.1	1.7	97017.8	-999.9
Sikasso	1994	7	31	212	22.0	29.4	17.8	-999.9	0.0	1.9	96975.5	-999.9
Sikasso	1994	8	1	213	22.3	29.5	17.2	-999.9	0.0	2.5	96852.6	-999.9
Sikasso	1994	8	2	214	23.8	29.1	16.8	-999.9	8.5	2.5	96843.6	-999.9
Sikasso	1994	8	3	215	22.4	27.9	11.4	-999.9	4.2	2.1	96848.6	-999.9
Sikasso	1994	8	4	216	22.2	28.2	14.8	-999.9	8.5	2.3	96921.2	-999.9
Sikasso	1994	8	5	217	21.6	25.2	8.8	-999.9	4.2	2.3	96869.4	-999.9
Sikasso	1994	8	6	218	21.2	24.0	8.2	-999.9	0.0	2.9	96761.0	-999.9
Sikasso	1994	8	7	219	22.0	27.4	18.6	-999.9	0.0	2.9	96827.9	-999.9
Sikasso	1994	8	8	220	22.0	26.9	13.5	-999.9	0.0	1.7	96988.0	-999.9
Sikasso	1994	8	9	221	21.4	28.0	15.3	-999.9	22.4	1.9	97012.6	-999.9
Sikasso	1994	8	10	222	21.5	27.7	13.8	-999.9	22.4	2.2	96964.5	-999.9
Sikasso	1994	8	11	223	21.7	29.0	19.3	-999.9	15.7	1.9	96992.6	-999.9
Sikasso	1994	8	12	224	22.1	28.6	15.8	-999.9	0.0	1.7	96957.2	-999.9
Sikasso	1994	8	13	225	22.0	28.5	17.7	-999.9	0.0	2.0	96903.2	-999.9
Sikasso	1994	8	14	226	22.2	26.8	10.5	-999.9	15.7	2.1	96840.8	-999.9
Sikasso	1994	8	15	227	21.8	23.5	5.9	-999.9	31.3	1.9	96856.0	-999.9
Sikasso	1994	8	16	228	21.3	28.3	18.0	-999.9	0.0	1.8	96942.5	-999.9
Sikasso	1994	8	17	229	21.3	28.7	15.1	-999.9	7.6	1.3	96984.9	-999.9
Sikasso	1994	8	18	230	21.2	28.2	14.0	-999.9	0.0	2.0	96976.6	-999.9
Sikasso	1994	8	19	231	21.6	28.9	17.8	-999.9	0.0	2.2	96947.1	-999.9
Sikasso	1994	8	20	232	22.5	28.4	15.4	-999.9	22.9	2.2	96838.1	-999.9
Sikasso	1994	8	21	233	21.9	26.4	9.5	-999.9	0.0	1.6	96774.6	-999.9
Sikasso	1994	8	22	234	21.8	29.0	17.9	-999.9	0.0	1.9	96901.6	-999.9
Sikasso	1994	8	23	235	20.9	29.9	22.1	-999.9	21.7	1.3	96885.6	-999.9
Sikasso	1994	8	24	236	22.2	25.1	10.1	-999.9	19.0	1.6	96906.8	-999.9
Sikasso	1994	8	25	237	21.5	29.0	17.0	-999.9	0.0	1.6	96848.2	-999.9
Sikasso	1994	8	26	238	22.0	28.7	16.3	-999.9	7.0	1.6	96949.4	-999.9
Sikasso	1994	8	27	239	21.8	27.8	16.4	-999.9	0.0	1.8	96995.4	-999.9
Sikasso	1994	8	28	240	21.1	25.3	10.4	-999.9	14.1	1.5	96951.0	-999.9
Sikasso	1994	8	29	241	21.0	29.1	19.9	-999.9	0.0	1.8	96875.2	-999.9
Sikasso	1994	8	30	242	22.1	29.4	18.7	-999.9	21.1	1.7	96861.6	-999.9
Sikasso	1994	8	31	243	21.8	24.5	9.4	-999.9	14.1	1.9	96832.3	-999.9
Sikasso	1994	9	1	244	21.4	28.7	18.0	-999.9	0.0	1.7	96851.2	-999.9
Sikasso	1994	9	2	245	22.0	29.6	20.7	-999.9	0.0	1.3	96922.6	-999.9
Sikasso	1994	9	3	246	21.3	27.6	13.3	-999.9	7.7	1.3	96987.9	-999.9
Sikasso	1994	9	4	247	21.2	29.0	17.1	-999.9	0.0	1.8	97000.6	-999.9
Sikasso	1994	9	5	248	21.7	29.1	16.7	-999.9	7.7	2.0	96991.1	-999.9
Sikasso	1994	9	6	249	22.5	28.3	18.8	-999.9	9.3	1.7	96986.9	-999.9
Sikasso	1994	9	7	250	22.2	28.2	14.5	-999.9	27.9	1.5	96923.3	-999.9
Sikasso	1994	9	8	251	21.6	28.8	15.7	-999.9	18.6	1.5	96925.3	-999.9
Sikasso	1994	9	9	252	22.2	29.7	20.7	-999.9	9.3	1.4	97013.5	-999.9
Sikasso	1994	9	10	253	22.1	30.2	20.7	-999.9	0.0	1.1	96908.3	-999.9
Sikasso	1994	9	11	254	22.6	29.8	18.9	-999.9	13.7	1.2	96822.2	-999.9
Sikasso	1994	9	12	255	22.7	29.4	19.3	-999.9	0.0	1.8	96816.7	-999.9
Sikasso	1994	9	13	256	22.5	29.1	17.9	-999.9	13.7	1.8	96950.6	-999.9
Sikasso	1994	9	14	257	22.4	29.0	19.5	-999.9	0.0	1.5	96930.2	-999.9
Sikasso	1994	9	15	258	22.0	29.0	16.8	-999.9	7.8	1.1	96967.9	-999.9
Sikasso	1994	9	16	259	21.9	27.3	13.1	-999.9	9.8	1.2	96979.0	-999.9
Sikasso	1994	9	17	260	22.0	30.5	21.2	-999.9	0.0	1.0	96901.4	-999.9
Sikasso	1994	9	18	261	22.2	29.3	17.6	-999.9	19.7	1.3	96801.1	-999.9
Sikasso	1994	9	19	262	22.0	28.4	14.3	-999.9	0.0	1.5	96832.9	-999.9
Sikasso	1994	9	20	263	21.7	26.9	12.7	-999.9	39.4	1.4	96928.0	-999.9
Sikasso	1994	9	21	264	21.9	29.0	17.2	-999.9	0.0	1.3	96886.2	-999.9
Sikasso	1994	9	22	265	21.5	29.2	16.3	-999.9	11.4	1.3	96949.7	-999.9
Sikasso	1994	9	23	266	21.3	28.8	16.0	-999.9	45.6	1.0	96895.4	-999.9
Sikasso	1994	9	24	267	21.3	29.2	18.2	-999.9	34.2	1.7	96859.4	-999.9
Sikasso	1994	9	25	268	21.9	29.9	20.9	-999.9	0.0	1.3	96891.6	-999.9
Sikasso	1994	9	26	269	21.8	30.2	20.7	-999.9	0.0	1.0	96898.6	-999.9
Sikasso	1994	9	27	270	22.5	31.2	21.9	-999.9	6.8	1.0	96843.0	-999.9
Sikasso	1994	9	28	271	22.0	29.8	21.3	-999.9	6.8	1.4	96828.4	-999.9
Sikasso	1994	9	29	272	21.8	30.1	20.2	-999.9	0.0	1.0	96838.1	-999.9
Sikasso	1994	9	30	273	21.3	29.2	18.7	-999.9	10.1	1.0	96890.0	-999.9
Sikasso	1994	10	1	274	21.6	30.5	21.4	-999.9	0.0	1.0	96821.6	-999.9
Sikasso	1994	10	2	275	22.5	30.4	20.1	-999.9	0.0	1.1	96792.4	-999.9
Sikasso	1994	10	3	276	21.8	30.4	20.4	-999.9	7.4	1.1	96748.1	-999.9
Sikasso	1994	10	4	277	21.0	30.1	20.8	-999.9	7.4	1.3	96716.7	-999.9
Sikasso	1994	10	5	278	21.6	27.7	15.2	-999.9	0.0	1.5	96754.1	-999.9
Sikasso	1994	10	6	279	21.1	29.1	20.3	-999.9	0.0	1.6	96807.2	-999.9
Sikasso	1994	10	7	280	21.2	29.7	19.9	-999.9	10.6	1.3	96770.5	-999.9
Sikasso	1994	10	8	281	21.2	27.2	14.5	-999.9	0.0	1.4	96727.9	-999.9
Sikasso	1994	10	9	282	21.4	27.4	12.7	-999.9	10.6	1.2	96839.8	-999.9
Sikasso	1994	10	10	283	20.0	28.8	16.9	-999.9	0.0	1.2	96881.8	-999.9
Sikasso	1994	10	11	284	20.5	29.2	19.3	-999.9	1.9	1.3	96920.2	-999.9
Sikasso	1994	10	12	285	21.8	30.8	22.6	-999.9	0.0	1.3	96912.6	-999.9
Sikasso	1994	10	13	286	22.1	30.8	21.5	-999.9	0.0	1.2	96895.8	-999.9
Sikasso	1994	10	14	287	21.8	29.9	19.0	-999.9	1.9	1.2	96844.7	-999.9
Sikasso	1994	10	15	288	20.5	29.3	19.7	-999.9	1.9	1.2	96819.1	-999.9
Sikasso	1994	10	16	289	21.1	29.1	18.7	-999.9	0.0	1.5	96887.5	-999.9
Sikasso	1994	10	17	290	21.2	28.7	17.1	-999.9	15.2	1.2	96833.4	-999.9
Sikasso	1994	10	18	291	20.9	27.9	15.5	-999.9	7.6	1.0	96777.9	-999.9
Sikasso	1994	10	19	292	20.7	28.5	15.1	-999.9	7.6	0.8	96836.6	-999.9
Sikasso	1994	10	20	293	20.2	28.7	19.8	-999.9	0.0	1.3	96864.6	-999.9
Sikasso	1994	10	21	294	20.6	30.1	20.8	-999.9	0.0	1.5	96836.5	-999.9
Sikasso	1994	10	22	295	21.8	29.3	17.2	-999.9	13.7	1.2	96891.9	-999.9
Sikasso	1994	10	23	296	20.8	30.5	19.8	-999.9	0.0	1.2	96860.9	-999.9
Sikasso	1994	10	24	297	22.2	29.9	18.9	-999.9	0.0	1.2	96810.5	-999.9
Sikasso	1994	10	25	298	21.7	29.8	17.7	-999.9	0.0	1.3	96872.7	-999.9
Sikasso	1994	10	26	299	22.4	31.3	20.9	-999.9	0.0	1.3	96792.7	-999.9
Sikasso	1994	10	27	300	22.4	30.5	19.5	-999.9	7.6	1.2	96733.4	-999.9
Sikasso	1994	10	28	301	22.3	31.1	21.4	-999.9	0.0	1.1	96711.3	-999.9
Sikasso	1994	10	29	302	22.2	30.2	20.5	-999.9	11.4	1.4	96821.9	-999.9
Sikasso	1994	10	30	303	21.4	30.3	19.2	-999.9	3.8	0.9	96886.8	-999.9
Sikasso	1994	10	31	304	22.1	29.0	16.2	-999.9	0.0	1.2	96893.5	-999.9
Sikasso	1994	11	1	305	21.6	29.8	17.2	-999.9	2.0	1.0	96871.4	-999.9
Sikasso	1994	11	2	306	20.8	31.0	20.1	-999.9	0.0	0.9	96770.4	-999.9
Sikasso	1994	11	3	307	22.0	30.1	17.6	-999.9	2.0	1.1	96814.3	-999.9
Sikasso	1994	11	4	308	21.1	30.1	18.9	-999.9	0.0	0.9	96896.4	-999.9
Sikasso	1994	11	5	309	21.3	31.5	20.3	-999.9	4.0	1.0	96911.3	-999.9
Sikasso	1994	11	6	310	22.0	32.0	20.1	-999.9	0.0	1.2	96911.5	-999.9
Sikasso	1994	11	7	311	20.4	31.6	20.7	-999.9	0.0	1.4	96865.3	-999.9
Sikasso	1994	11	8	312	19.4	32.2	21.5	-999.9	0.0	1.4	96810.4	-999.9
Sikasso	1994	11	9	313	19.0	31.8	21.1	-999.9	0.0	1.5	96886.1	-999.9
Sikasso	1994	11	10	314	18.7	32.2	21.6	-999.9	0.0	1.1	96965.9	-999.9
Sikasso	1994	11	11	315	18.5	32.2	20.4	-999.9	0.0	1.3	96974.6	-999.9
Sikasso	1994	11	12	316	18.9	32.2	21.3	-999.9	0.0	1.1	96901.8	-999.9
Sikasso	1994	11	13	317	18.3	32.3	21.9	-999.9	0.0	0.8	96829.7	-999.9
Sikasso	1994	11	14	318	19.9	32.6	21.9	-999.9	0.0	1.1	96862.6	-999.9
Sikasso	1994	11	15	319	20.0	32.7	21.6	-999.9	0.0	1.2	96854.3	-999.9
Sikasso	1994	11	16	320	17.3	32.1	21.9	-999.9	0.0	2.0	96885.9	-999.9
Sikasso	1994	11	17	321	18.0	30.7	19.3	-999.9	0.0	1.7	96837.2	-999.9
Sikasso	1994	11	18	322	18.4	32.2	20.8	-999.9	0.0	1.4	96785.8	-999.9
Sikasso	1994	11	19	323	18.0	32.7	21.2	-999.9	0.0	1.6	96830.7	-999.9
Sikasso	1994	11	20	324	17.6	32.5	21.7	-999.9	0.0	2.2	96864.3	-999.9
Sikasso	1994	11	21	325	15.8	32.2	21.6	-999.9	0.0	2.1	96849.9	-999.9
Sikasso	1994	11	22	326	16.4	32.5	21.4	-999.9	0.0	2.0	96800.0	-999.9
Sikasso	1994	11	23	327	16.7	32.4	21.3	-999.9	0.0	1.8	96838.6	-999.9
Sikasso	1994	11	24	328	16.5	32.1	20.0	-999.9	0.0	1.7	96925.8	-999.9
Sikasso	1994	11	25	329	17.3	32.2	20.8	-999.9	0.0	1.7	96993.7	-999.9
Sikasso	1994	11	26	330	16.9	31.8	21.1	-999.9	0.0	1.8	96914.0	-999.9
Sikasso	1994	11	27	331	17.5	31.8	21.0	-999.9	0.0	1.7	96793.5	-999.9
Sikasso	1994	11	28	332	17.5	31.8	21.0	-999.9	0.0	1.5	96739.5	-999.9
Sikasso	1994	11	29	333	16.6	32.1	20.8	-999.9	0.0	1.6	96818.3	-999.9
Sikasso	1994	11	30	334	17.3	32.5	20.7	-999.9	0.0	1.7	96822.0	-999.9
Sikasso	1994	12	1	335	17.7	32.8	20.7	-999.9	0.0	1.9	96885.7	-999.9
Sikasso	1994	12	2	336	18.3	32.6	20.9	-999.9	0.0	2.1	96967.0	-999.9
Sikasso	1994	12	3	337	16.0	32.0	21.1	-999.9	0.0	2.0	96964.0	-999.9
Sikasso	1994	12	4	338	16.8	31.5	20.7	-999.9	0.0	2.0	96982.9	-999.9
Sikasso	1994	12	5	339	16.4	30.7	20.7	-999.9	0.0	2.2	97014.4	-999.9
Sikasso	1994	12	6	340	15.7	29.5	21.0	-999.9	0.0	2.2	97113.6	-999.9
Sikasso	1994	12	7	341	14.0	28.7	20.9	-999.9	0.0	2.2	97103.3	-999.9
Sikasso	1994	12	8	342	14.1	29.0	20.7	-999.9	0.0	2.3	97060.7	-999.9
Sikasso	1994	12	9	343	15.3	29.6	20.4	-999.9	0.0	2.3	97012.8	-999.9
Sikasso	1994	12	10	344	15.3	29.7	20.5	-999.9	0.0	2.0	96969.0	-999.9
Sikasso	1994	12	11	345	14.7	30.0	19.5	-999.9	0.0	1.9	96968.7	-999.9
Sikasso	1994	12	12	346	17.7	31.4	19.2	-999.9	0.0	1.8	96888.5	-999.9
Sikasso	1994	12	13	347	17.3	31.8	20.2	-999.9	0.0	2.0	96902.1	-999.9
Sikasso	1994	12	14	348	17.5	31.8	20.2	-999.9	0.0	2.2	96936.1	-999.9
Sikasso	1994	12	15	349	16.5	31.0	20.5	-999.9	0.0	2.3	97056.5	-999.9
Sikasso	1994	12	16	350	14.6	30.1	20.5	-999.9	0.0	2.2	97115.5	-999.9
Sikasso	1994	12	17	351	14.3	29.8	20.7	-999.9	0.0	2.2	97089.6	-999.9
Sikasso	1994	12	18	352	13.8	29.5	20.8	-999.9	0.0	2.1	97039.3	-999.9
Sikasso	1994	12	19	353	13.1	29.7	20.9	-999.9	0.0	2.0	96963.4	-999.9
Sikasso	1994	12	20	354	13.0	30.7	20.5	-999.9	0.0	1.9	96998.2	-999.9
Sikasso	1994	12	21	355	15.7	31.3	19.4	-999.9	0.3	1.9	96966.7	-999.9
Sikasso	1994	12	22	356	14.8	31.8	20.3	-999.9	0.3	2.0	96900.6	-999.9
Sikasso	1994	12	23	357	14.6	31.1	20.3	-999.9	0.0	2.1	96925.5	-999.9
Sikasso	1994	12	24	358	15.9	32.4	20.2	-999.9	0.0	1.8	96868.1	-999.9
Sikasso	1994	12	25	359	17.5	33.3	19.3	-999.9	0.0	2.0	96872.7	-999.9
Sikasso	1994	12	26	360	17.1	33.2	20.5	-999.9	0.0	2.2	96840.8	-999.9
Sikasso	1994	12	27	361	17.2	32.9	20.4	-999.9	0.0	2.5	96864.7	-999.9
Sikasso	1994	12	28	362	15.9	31.2	20.7	-999.9	0.0	2.2	97028.7	-999.9
Sikasso	1994	12	29	363	14.2	31.2	20.7	-999.9	0.0	2.1	97138.7	-999.9
Sikasso	1994	12	30	364	14.2	30.5	20.7	-999.9	0.0	2.0	97145.0	-999.9
Sikasso	1994	12	31	365	13.8	31.4	20.6	-999.9	0.0	1.9	97078.1	-999.9
