Sikasso	1997	1	1	1	18.3	33.5	20.0	-999.9	0.0	2.1	96737.3	-999.9
Sikasso	1997	1	2	2	16.2	33.1	20.1	-999.9	0.0	2.2	96866.8	-999.9
Sikasso	1997	1	3	3	17.7	34.6	20.6	-999.9	0.0	2.5	96799.4	-999.9
Sikasso	1997	1	4	4	16.9	34.3	20.8	-999.9	0.0	2.4	96707.9	-999.9
Sikasso	1997	1	5	5	16.6	34.3	20.8	-999.9	0.0	1.9	96657.1	-999.9
Sikasso	1997	1	6	6	15.5	33.6	20.8	-999.9	0.0	1.1	96641.9	-999.9
Sikasso	1997	1	7	7	16.8	34.8	20.8	-999.9	0.0	1.9	96731.4	-999.9
Sikasso	1997	1	8	8	17.7	34.7	20.3	-999.9	0.0	2.2	96766.5	-999.9
Sikasso	1997	1	9	9	19.5	34.3	20.6	-999.9	0.0	2.3	96758.8	-999.9
Sikasso	1997	1	10	10	17.1	33.7	20.7	-999.9	0.0	1.8	96763.7	-999.9
Sikasso	1997	1	11	11	17.5	33.5	20.4	-999.9	0.0	1.8	96745.2	-999.9
Sikasso	1997	1	12	12	18.9	33.6	20.7	-999.9	0.0	1.7	96766.3	-999.9
Sikasso	1997	1	13	13	18.2	34.3	20.7	-999.9	0.0	1.8	96781.0	-999.9
Sikasso	1997	1	14	14	18.2	34.2	20.0	-999.9	0.0	1.6	96800.4	-999.9
Sikasso	1997	1	15	15	20.3	33.7	19.4	-999.9	0.0	1.2	96795.9	-999.9
Sikasso	1997	1	16	16	20.5	35.1	20.3	-999.9	0.0	1.5	96798.4	-999.9
Sikasso	1997	1	17	17	18.7	34.7	21.1	-999.9	0.0	2.2	96842.6	-999.9
Sikasso	1997	1	18	18	19.6	34.5	21.3	-999.9	0.0	2.4	96801.9	-999.9
Sikasso	1997	1	19	19	17.9	34.1	21.5	-999.9	0.0	1.7	96803.2	-999.9
Sikasso	1997	1	20	20	16.8	34.3	21.5	-999.9	0.0	1.7	96674.5	-999.9
Sikasso	1997	1	21	21	19.7	32.9	18.2	-999.9	0.0	2.2	96656.0	-999.9
Sikasso	1997	1	22	22	21.1	32.3	18.4	-999.9	0.9	1.1	96847.7	-999.9
Sikasso	1997	1	23	23	20.7	32.7	20.8	-999.9	0.0	2.4	96857.7	-999.9
Sikasso	1997	1	24	24	18.8	32.4	21.1	-999.9	0.0	2.3	96905.5	-999.9
Sikasso	1997	1	25	25	17.4	32.5	21.0	-999.9	0.0	2.0	96811.3	-999.9
Sikasso	1997	1	26	26	16.2	32.9	21.6	-999.9	0.0	2.0	96740.4	-999.9
Sikasso	1997	1	27	27	16.4	33.1	22.0	-999.9	0.0	2.0	96794.0	-999.9
Sikasso	1997	1	28	28	15.6	33.2	22.2	-999.9	0.0	2.1	96877.1	-999.9
Sikasso	1997	1	29	29	15.2	33.3	22.3	-999.9	0.0	2.2	96903.3	-999.9
Sikasso	1997	1	30	30	18.0	33.5	22.3	-999.9	0.0	2.8	96874.7	-999.9
Sikasso	1997	1	31	31	17.5	32.4	22.4	-999.9	0.0	2.8	96962.9	-999.9
Sikasso	1997	2	1	32	16.2	31.8	22.5	-999.9	0.0	2.4	96925.1	-999.9
Sikasso	1997	2	2	33	15.8	32.0	22.5	-999.9	0.0	2.1	96869.8	-999.9
Sikasso	1997	2	3	34	16.2	32.9	22.4	-999.9	0.0	2.0	96822.8	-999.9
Sikasso	1997	2	4	35	17.2	33.9	22.4	-999.9	0.0	2.2	96809.1	-999.9
Sikasso	1997	2	5	36	17.9	34.6	22.5	-999.9	0.0	2.4	96865.9	-999.9
Sikasso	1997	2	6	37	18.0	34.5	22.6	-999.9	0.0	2.4	96917.9	-999.9
Sikasso	1997	2	7	38	18.1	34.5	22.6	-999.9	0.0	2.4	96888.5	-999.9
Sikasso	1997	2	8	39	18.5	34.7	22.8	-999.9	0.0	2.5	96871.6	-999.9
Sikasso	1997	2	9	40	18.4	33.9	23.0	-999.9	0.0	2.8	96943.5	-999.9
Sikasso	1997	2	10	41	17.1	34.0	23.2	-999.9	0.0	2.5	96910.8	-999.9
Sikasso	1997	2	11	42	17.0	34.5	23.2	-999.9	0.0	2.5	96928.2	-999.9
Sikasso	1997	2	12	43	17.6	34.1	23.4	-999.9	0.0	3.0	97039.4	-999.9
Sikasso	1997	2	13	44	18.4	33.7	23.3	-999.9	0.0	3.1	97103.9	-999.9
Sikasso	1997	2	14	45	17.3	33.6	23.3	-999.9	0.0	2.8	97066.5	-999.9
Sikasso	1997	2	15	46	17.1	33.1	23.3	-999.9	0.0	2.4	96954.0	-999.9
Sikasso	1997	2	16	47	16.4	33.3	23.4	-999.9	0.0	2.0	96914.8	-999.9
Sikasso	1997	2	17	48	17.0	33.8	23.5	-999.9	0.0	1.9	96933.6	-999.9
Sikasso	1997	2	18	49	17.5	34.5	23.5	-999.9	0.0	2.0	96932.5	-999.9
Sikasso	1997	2	19	50	18.0	35.6	23.7	-999.9	0.0	2.3	96912.2	-999.9
Sikasso	1997	2	20	51	18.7	35.3	23.9	-999.9	0.0	2.6	96920.9	-999.9
Sikasso	1997	2	21	52	18.8	34.7	24.0	-999.9	0.0	2.5	97009.5	-999.9
Sikasso	1997	2	22	53	17.9	34.7	24.0	-999.9	0.0	2.2	97044.6	-999.9
Sikasso	1997	2	23	54	18.2	35.0	23.9	-999.9	0.0	2.0	96885.9	-999.9
Sikasso	1997	2	24	55	17.5	36.3	24.0	-999.9	0.0	1.8	96753.2	-999.9
Sikasso	1997	2	25	56	18.1	37.1	23.9	-999.9	0.0	1.9	96705.8	-999.9
Sikasso	1997	2	26	57	18.9	36.4	24.0	-999.9	0.0	2.0	96641.0	-999.9
Sikasso	1997	2	27	58	20.0	35.6	24.2	-999.9	0.0	1.9	96646.7	-999.9
Sikasso	1997	2	28	59	19.5	35.9	24.1	-999.9	0.0	1.8	96681.2	-999.9
Sikasso	1997	3	1	60	19.9	36.3	24.3	-999.9	2.6	2.3	96702.6	-999.9
Sikasso	1997	3	2	61	20.9	36.3	24.2	-999.9	0.0	2.5	96731.2	-999.9
Sikasso	1997	3	3	62	22.3	35.9	24.2	-999.9	0.0	2.8	96797.7	-999.9
Sikasso	1997	3	4	63	20.9	35.0	24.5	-999.9	0.0	2.5	96866.3	-999.9
Sikasso	1997	3	5	64	18.9	34.5	24.9	-999.9	0.0	2.5	96871.2	-999.9
Sikasso	1997	3	6	65	19.3	34.6	24.8	-999.9	0.0	2.5	96858.7	-999.9
Sikasso	1997	3	7	66	19.2	34.9	24.9	-999.9	0.0	2.3	96831.7	-999.9
Sikasso	1997	3	8	67	19.8	36.4	24.7	-999.9	0.0	1.9	96754.3	-999.9
Sikasso	1997	3	9	68	20.2	37.0	24.7	-999.9	0.0	2.1	96657.8	-999.9
Sikasso	1997	3	10	69	20.6	36.4	23.8	-999.9	0.0	2.2	96676.5	-999.9
Sikasso	1997	3	11	70	20.9	36.0	24.5	-999.9	0.0	2.1	96724.6	-999.9
Sikasso	1997	3	12	71	21.4	35.8	24.3	-999.9	0.0	2.6	96829.3	-999.9
Sikasso	1997	3	13	72	21.0	35.6	24.8	-999.9	0.0	2.8	96889.6	-999.9
Sikasso	1997	3	14	73	20.0	35.1	25.1	-999.9	0.0	2.8	96845.6	-999.9
Sikasso	1997	3	15	74	19.1	35.4	25.2	-999.9	0.0	2.3	96738.8	-999.9
Sikasso	1997	3	16	75	21.2	36.1	23.5	-999.9	0.0	1.8	96685.0	-999.9
Sikasso	1997	3	17	76	20.4	36.0	23.9	-999.9	0.0	2.2	96756.7	-999.9
Sikasso	1997	3	18	77	21.4	36.0	24.6	-999.9	0.0	2.8	96714.2	-999.9
Sikasso	1997	3	19	78	22.4	36.5	23.0	-999.9	0.0	2.1	96633.2	-999.9
Sikasso	1997	3	20	79	22.3	37.4	25.0	-999.9	0.0	1.9	96553.5	-999.9
Sikasso	1997	3	21	80	22.9	38.7	25.2	-999.9	2.0	1.9	96437.7	-999.9
Sikasso	1997	3	22	81	22.9	38.5	25.0	-999.9	0.0	1.8	96429.5	-999.9
Sikasso	1997	3	23	82	26.0	37.3	21.9	-999.9	0.0	2.3	96446.7	-999.9
Sikasso	1997	3	24	83	23.6	33.1	18.1	-999.9	2.0	3.1	96488.0	-999.9
Sikasso	1997	3	25	84	25.1	34.5	18.8	-999.9	0.0	2.2	96452.4	-999.9
Sikasso	1997	3	26	85	21.4	36.6	24.9	-999.9	0.0	1.5	96497.4	-999.9
Sikasso	1997	3	27	86	24.6	36.9	22.7	-999.9	0.0	2.3	96544.1	-999.9
Sikasso	1997	3	28	87	25.7	37.4	23.1	-999.9	0.0	2.5	96582.3	-999.9
Sikasso	1997	3	29	88	25.3	38.2	24.4	-999.9	0.0	2.6	96462.5	-999.9
Sikasso	1997	3	30	89	26.2	38.1	24.4	-999.9	0.0	2.5	96513.7	-999.9
Sikasso	1997	3	31	90	24.5	37.1	23.2	-999.9	0.0	2.0	96638.6	-999.9
Sikasso	1997	4	1	91	26.5	36.8	22.0	-999.9	0.0	2.4	96635.8	-999.9
Sikasso	1997	4	2	92	25.0	35.2	19.5	-999.9	21.6	2.6	96701.3	-999.9
Sikasso	1997	4	3	93	25.5	35.3	22.0	-999.9	0.0	2.3	96670.7	-999.9
Sikasso	1997	4	4	94	23.7	34.7	21.4	-999.9	5.4	2.1	96744.8	-999.9
Sikasso	1997	4	5	95	22.3	33.7	22.5	-999.9	5.4	1.7	96928.3	-999.9
Sikasso	1997	4	6	96	23.5	34.8	22.6	-999.9	0.0	1.6	96819.1	-999.9
Sikasso	1997	4	7	97	24.3	37.4	24.1	-999.9	0.0	2.1	96651.5	-999.9
Sikasso	1997	4	8	98	23.9	36.0	23.7	-999.9	0.0	2.8	96577.7	-999.9
Sikasso	1997	4	9	99	24.9	34.8	22.7	-999.9	8.1	2.0	96598.6	-999.9
Sikasso	1997	4	10	100	23.0	33.8	22.8	-999.9	8.1	1.2	96784.8	-999.9
Sikasso	1997	4	11	101	22.9	30.2	18.8	-999.9	5.3	1.6	96929.2	-999.9
Sikasso	1997	4	12	102	23.7	32.5	20.8	-999.9	0.0	1.7	96786.8	-999.9
Sikasso	1997	4	13	103	23.0	33.9	24.2	-999.9	0.0	1.6	96659.6	-999.9
Sikasso	1997	4	14	104	26.5	34.5	21.5	-999.9	0.0	1.7	96658.6	-999.9
Sikasso	1997	4	15	105	24.6	35.1	21.8	-999.9	5.3	1.8	96700.7	-999.9
Sikasso	1997	4	16	106	23.8	35.5	22.4	-999.9	0.0	1.8	96697.8	-999.9
Sikasso	1997	4	17	107	24.2	34.2	19.3	-999.9	3.7	2.4	96590.1	-999.9
Sikasso	1997	4	18	108	24.1	35.2	22.7	-999.9	3.7	2.5	96692.4	-999.9
Sikasso	1997	4	19	109	25.3	35.5	23.2	-999.9	0.0	1.9	96654.3	-999.9
Sikasso	1997	4	20	110	23.1	35.8	23.4	-999.9	18.6	2.2	96690.0	-999.9
Sikasso	1997	4	21	111	24.1	32.8	18.9	-999.9	0.0	2.2	96676.8	-999.9
Sikasso	1997	4	22	112	23.0	32.7	19.7	-999.9	6.6	1.7	96710.3	-999.9
Sikasso	1997	4	23	113	22.8	31.6	22.0	-999.9	11.6	1.5	96764.9	-999.9
Sikasso	1997	4	24	114	23.6	33.7	22.6	-999.9	0.0	1.5	96730.0	-999.9
Sikasso	1997	4	25	115	24.4	35.8	23.7	-999.9	5.8	1.6	96635.2	-999.9
Sikasso	1997	4	26	116	23.5	37.2	25.9	-999.9	0.0	1.8	96565.6	-999.9
Sikasso	1997	4	27	117	24.6	36.9	25.0	-999.9	0.0	2.0	96625.3	-999.9
Sikasso	1997	4	28	118	25.3	35.0	22.5	-999.9	0.0	2.2	96750.6	-999.9
Sikasso	1997	4	29	119	23.0	36.2	26.2	-999.9	0.0	1.3	96679.0	-999.9
Sikasso	1997	4	30	120	21.8	36.2	26.0	-999.9	0.0	1.6	96576.3	-999.9
Sikasso	1997	5	1	121	24.9	35.6	23.2	-999.9	0.0	2.2	96673.4	-999.9
Sikasso	1997	5	2	122	24.8	35.8	22.6	-999.9	0.0	2.4	96798.1	-999.9
Sikasso	1997	5	3	123	25.7	36.8	23.0	-999.9	0.0	2.5	96843.3	-999.9
Sikasso	1997	5	4	124	24.3	37.1	24.9	-999.9	3.2	2.0	96706.3	-999.9
Sikasso	1997	5	5	125	25.4	35.8	22.5	-999.9	3.2	2.2	96698.3	-999.9
Sikasso	1997	5	6	126	24.0	33.0	22.8	-999.9	12.3	2.0	96828.7	-999.9
Sikasso	1997	5	7	127	23.5	31.0	19.5	-999.9	12.3	1.3	96934.1	-999.9
Sikasso	1997	5	8	128	23.7	30.9	18.0	-999.9	0.0	1.5	96976.9	-999.9
Sikasso	1997	5	9	129	22.9	31.4	19.6	-999.9	12.3	1.3	96985.9	-999.9
Sikasso	1997	5	10	130	23.4	32.4	19.5	-999.9	8.2	1.4	96854.7	-999.9
Sikasso	1997	5	11	131	24.3	34.4	24.0	-999.9	0.0	1.8	96794.8	-999.9
Sikasso	1997	5	12	132	24.4	35.3	24.4	-999.9	0.0	2.1	96699.4	-999.9
Sikasso	1997	5	13	133	25.4	33.3	22.2	-999.9	4.7	2.4	96776.2	-999.9
Sikasso	1997	5	14	134	24.4	35.1	23.7	-999.9	0.0	2.1	96797.0	-999.9
Sikasso	1997	5	15	135	23.5	35.2	24.0	-999.9	18.7	1.1	96879.7	-999.9
Sikasso	1997	5	16	136	24.8	35.4	23.4	-999.9	0.0	1.6	96904.4	-999.9
Sikasso	1997	5	17	137	25.0	33.9	23.1	-999.9	0.0	1.5	96879.0	-999.9
Sikasso	1997	5	18	138	24.9	35.9	23.2	-999.9	9.4	1.6	96785.0	-999.9
Sikasso	1997	5	19	139	25.2	33.2	19.1	-999.9	0.0	2.2	96778.4	-999.9
Sikasso	1997	5	20	140	24.9	35.1	23.8	-999.9	4.7	2.1	96792.1	-999.9
Sikasso	1997	5	21	141	23.5	33.7	22.4	-999.9	0.0	1.7	96851.9	-999.9
Sikasso	1997	5	22	142	24.2	35.4	23.5	-999.9	0.0	2.0	96759.8	-999.9
Sikasso	1997	5	23	143	23.8	35.1	23.1	-999.9	6.4	2.5	96758.8	-999.9
Sikasso	1997	5	24	144	25.4	35.1	24.0	-999.9	0.0	2.0	96717.2	-999.9
Sikasso	1997	5	25	145	25.7	35.9	24.1	-999.9	7.3	1.9	96723.5	-999.9
Sikasso	1997	5	26	146	25.5	34.0	20.1	-999.9	0.0	2.0	96822.1	-999.9
Sikasso	1997	5	27	147	24.2	32.9	21.6	-999.9	7.2	2.5	96825.3	-999.9
Sikasso	1997	5	28	148	24.7	35.1	23.7	-999.9	7.2	2.1	96744.1	-999.9
Sikasso	1997	5	29	149	23.7	31.6	21.3	-999.9	0.0	2.0	96854.0	-999.9
Sikasso	1997	5	30	150	23.3	32.4	21.9	-999.9	0.0	1.7	96904.3	-999.9
Sikasso	1997	5	31	151	23.9	33.3	23.4	-999.9	0.0	1.9	96836.8	-999.9
Sikasso	1997	6	1	152	23.1	30.9	19.3	-999.9	23.5	1.5	96847.6	-999.9
Sikasso	1997	6	2	153	23.9	33.1	23.7	-999.9	0.0	1.6	96897.6	-999.9
Sikasso	1997	6	3	154	24.9	33.6	23.0	-999.9	6.9	1.8	96897.4	-999.9
Sikasso	1997	6	4	155	23.0	32.3	21.6	-999.9	0.0	1.8	96889.1	-999.9
Sikasso	1997	6	5	156	22.6	31.8	21.5	-999.9	34.3	1.9	96920.5	-999.9
Sikasso	1997	6	6	157	23.5	31.1	21.0	-999.9	0.0	1.4	96864.0	-999.9
Sikasso	1997	6	7	158	24.3	33.0	24.0	-999.9	0.0	1.6	96718.7	-999.9
Sikasso	1997	6	8	159	24.7	34.3	23.4	-999.9	0.0	1.8	96734.6	-999.9
Sikasso	1997	6	9	160	25.3	34.5	22.7	-999.9	17.9	1.7	96778.4	-999.9
Sikasso	1997	6	10	161	23.6	32.1	18.2	-999.9	20.5	1.9	96797.9	-999.9
Sikasso	1997	6	11	162	24.0	31.2	18.3	-999.9	7.9	2.2	96776.1	-999.9
Sikasso	1997	6	12	163	22.5	31.2	19.1	-999.9	15.8	1.7	96886.8	-999.9
Sikasso	1997	6	13	164	22.2	30.0	18.6	-999.9	9.1	1.8	97003.2	-999.9
Sikasso	1997	6	14	165	22.1	30.0	18.9	-999.9	0.0	1.2	96949.1	-999.9
Sikasso	1997	6	15	166	21.8	30.2	20.7	-999.9	31.7	1.6	96929.8	-999.9
Sikasso	1997	6	16	167	22.0	31.0	23.1	-999.9	0.0	1.8	96948.3	-999.9
Sikasso	1997	6	17	168	22.7	30.5	21.0	-999.9	15.7	1.9	97070.9	-999.9
Sikasso	1997	6	18	169	22.4	31.2	23.7	-999.9	0.0	1.6	97049.7	-999.9
Sikasso	1997	6	19	170	23.7	32.3	23.7	-999.9	7.9	2.1	96899.8	-999.9
Sikasso	1997	6	20	171	23.2	31.4	19.7	-999.9	0.0	2.4	96802.2	-999.9
Sikasso	1997	6	21	172	23.2	32.2	22.5	-999.9	0.0	1.9	96885.7	-999.9
Sikasso	1997	6	22	173	24.1	33.2	23.7	-999.9	19.8	1.6	96782.8	-999.9
Sikasso	1997	6	23	174	23.9	31.8	19.0	-999.9	7.5	2.2	96735.5	-999.9
Sikasso	1997	6	24	175	23.2	29.9	17.2	-999.9	6.6	2.4	96747.2	-999.9
Sikasso	1997	6	25	176	22.1	29.0	17.4	-999.9	6.6	2.1	96842.9	-999.9
Sikasso	1997	6	26	177	22.6	31.0	23.8	-999.9	0.0	1.6	96822.0	-999.9
Sikasso	1997	6	27	178	22.7	30.8	21.4	-999.9	5.3	1.3	96823.9	-999.9
Sikasso	1997	6	28	179	22.7	30.5	20.5	-999.9	5.3	1.4	96891.8	-999.9
Sikasso	1997	6	29	180	22.7	29.7	18.3	-999.9	0.0	1.5	96905.9	-999.9
Sikasso	1997	6	30	181	22.5	30.6	19.4	-999.9	0.0	2.1	96900.3	-999.9
Sikasso	1997	7	1	182	23.7	31.3	22.5	-999.9	0.0	2.2	96883.8	-999.9
Sikasso	1997	7	2	183	23.9	30.5	20.1	-999.9	0.0	2.5	96885.6	-999.9
Sikasso	1997	7	3	184	22.8	29.9	18.3	-999.9	15.2	2.2	96915.4	-999.9
Sikasso	1997	7	4	185	22.7	30.3	20.0	-999.9	0.0	2.2	96893.4	-999.9
Sikasso	1997	7	5	186	23.1	29.6	19.4	-999.9	0.0	2.5	96788.9	-999.9
Sikasso	1997	7	6	187	21.7	29.1	19.9	-999.9	0.0	2.5	96937.1	-999.9
Sikasso	1997	7	7	188	22.3	30.2	21.0	-999.9	0.0	2.2	97011.4	-999.9
Sikasso	1997	7	8	189	22.8	30.2	21.4	-999.9	0.0	1.6	97065.5	-999.9
Sikasso	1997	7	9	190	22.3	29.6	18.8	-999.9	0.0	1.4	97008.8	-999.9
Sikasso	1997	7	10	191	23.4	31.0	22.9	-999.9	7.8	1.6	96981.4	-999.9
Sikasso	1997	7	11	192	23.5	29.0	16.2	-999.9	9.0	1.8	97035.1	-999.9
Sikasso	1997	7	12	193	21.8	30.7	21.9	-999.9	0.0	1.4	96965.7	-999.9
Sikasso	1997	7	13	194	23.9	32.6	23.3	-999.9	0.0	1.7	96876.2	-999.9
Sikasso	1997	7	14	195	23.7	31.3	21.8	-999.9	5.2	1.9	96980.3	-999.9
Sikasso	1997	7	15	196	22.5	30.0	18.8	-999.9	13.5	1.7	97016.8	-999.9
Sikasso	1997	7	16	197	22.9	30.1	19.3	-999.9	13.0	2.1	96938.2	-999.9
Sikasso	1997	7	17	198	22.6	30.3	19.7	-999.9	0.0	2.3	96860.0	-999.9
Sikasso	1997	7	18	199	22.3	29.2	19.2	-999.9	0.0	2.4	97010.6	-999.9
Sikasso	1997	7	19	200	21.7	28.3	15.1	-999.9	13.0	1.9	97215.5	-999.9
Sikasso	1997	7	20	201	22.0	30.0	21.2	-999.9	26.1	1.8	97175.8	-999.9
Sikasso	1997	7	21	202	22.2	28.1	13.3	-999.9	0.0	2.0	97179.3	-999.9
Sikasso	1997	7	22	203	21.8	27.7	14.7	-999.9	0.0	1.9	97181.0	-999.9
Sikasso	1997	7	23	204	22.1	29.8	20.1	-999.9	0.0	1.3	97193.0	-999.9
Sikasso	1997	7	24	205	22.1	29.8	19.3	-999.9	15.7	1.3	97162.2	-999.9
Sikasso	1997	7	25	206	22.9	29.7	20.5	-999.9	0.0	1.4	97125.7	-999.9
Sikasso	1997	7	26	207	22.7	30.9	22.8	-999.9	0.0	1.5	97078.1	-999.9
Sikasso	1997	7	27	208	22.8	31.4	22.1	-999.9	0.0	1.9	96983.4	-999.9
Sikasso	1997	7	28	209	23.9	31.1	22.5	-999.9	0.0	2.0	96999.5	-999.9
Sikasso	1997	7	29	210	23.2	30.8	21.5	-999.9	7.1	1.9	97071.2	-999.9
Sikasso	1997	7	30	211	24.0	30.8	18.8	-999.9	0.0	2.1	96944.0	-999.9
Sikasso	1997	7	31	212	22.5	24.6	7.0	-999.9	7.1	1.9	97017.2	-999.9
Sikasso	1997	8	1	213	21.3	24.0	6.5	-999.9	0.0	2.1	97164.0	-999.9
Sikasso	1997	8	2	214	20.3	28.1	16.2	-999.9	0.0	1.7	97311.5	-999.9
Sikasso	1997	8	3	215	20.9	30.6	20.0	-999.9	0.0	1.5	97158.4	-999.9
Sikasso	1997	8	4	216	22.6	28.1	12.6	-999.9	0.0	1.9	97139.4	-999.9
Sikasso	1997	8	5	217	22.8	30.4	20.9	-999.9	0.0	2.6	97089.9	-999.9
Sikasso	1997	8	6	218	22.5	29.3	17.0	-999.9	29.9	2.8	96985.5	-999.9
Sikasso	1997	8	7	219	22.3	28.6	14.8	-999.9	0.0	2.6	97027.8	-999.9
Sikasso	1997	8	8	220	22.1	29.4	20.0	-999.9	0.0	1.9	97094.9	-999.9
Sikasso	1997	8	9	221	22.0	29.5	20.0	-999.9	10.0	1.2	97118.7	-999.9
Sikasso	1997	8	10	222	22.5	27.4	10.8	-999.9	10.0	1.2	97048.3	-999.9
Sikasso	1997	8	11	223	22.2	29.3	17.1	-999.9	11.7	1.8	97036.8	-999.9
Sikasso	1997	8	12	224	22.3	29.6	20.5	-999.9	11.7	1.6	97067.6	-999.9
Sikasso	1997	8	13	225	22.0	29.3	18.3	-999.9	11.7	1.4	97064.7	-999.9
Sikasso	1997	8	14	226	21.1	30.4	22.0	-999.9	0.0	1.1	97023.3	-999.9
Sikasso	1997	8	15	227	22.7	30.2	21.5	-999.9	11.7	1.8	97005.6	-999.9
Sikasso	1997	8	16	228	22.0	26.4	10.2	-999.9	6.8	1.4	97143.1	-999.9
Sikasso	1997	8	17	229	22.1	29.7	19.5	-999.9	0.0	1.3	97129.6	-999.9
Sikasso	1997	8	18	230	23.2	30.0	21.5	-999.9	6.8	1.7	96927.9	-999.9
Sikasso	1997	8	19	231	22.0	26.3	11.3	-999.9	0.0	2.0	96875.5	-999.9
Sikasso	1997	8	20	232	22.1	28.7	18.5	-999.9	6.8	2.0	97015.3	-999.9
Sikasso	1997	8	21	233	21.9	29.8	20.4	-999.9	0.0	1.0	97102.3	-999.9
Sikasso	1997	8	22	234	22.4	29.2	17.2	-999.9	18.2	1.0	97028.4	-999.9
Sikasso	1997	8	23	235	22.3	28.9	17.8	-999.9	4.5	1.5	96932.9	-999.9
Sikasso	1997	8	24	236	22.4	30.2	23.0	-999.9	0.0	1.6	96972.7	-999.9
Sikasso	1997	8	25	237	23.0	30.2	20.9	-999.9	13.6	1.4	97005.5	-999.9
Sikasso	1997	8	26	238	22.5	29.6	18.0	-999.9	14.3	1.4	97104.1	-999.9
Sikasso	1997	8	27	239	21.7	30.2	20.7	-999.9	14.3	1.3	97125.3	-999.9
Sikasso	1997	8	28	240	21.1	29.9	21.0	-999.9	14.3	1.5	97007.0	-999.9
Sikasso	1997	8	29	241	22.4	29.0	16.6	-999.9	14.3	1.7	96834.6	-999.9
Sikasso	1997	8	30	242	22.5	29.6	19.2	-999.9	14.3	2.0	96846.2	-999.9
Sikasso	1997	8	31	243	22.4	30.4	23.4	-999.9	0.0	1.4	96968.5	-999.9
Sikasso	1997	9	1	244	22.7	30.8	20.8	-999.9	5.8	0.8	96916.2	-999.9
Sikasso	1997	9	2	245	22.6	29.1	18.7	-999.9	11.6	1.4	96915.8	-999.9
Sikasso	1997	9	3	246	22.9	30.1	21.4	-999.9	11.6	1.5	96851.1	-999.9
Sikasso	1997	9	4	247	22.9	29.1	15.8	-999.9	23.3	1.5	96900.2	-999.9
Sikasso	1997	9	5	248	22.1	29.6	17.1	-999.9	11.6	0.9	96903.5	-999.9
Sikasso	1997	9	6	249	21.6	28.2	16.3	-999.9	4.1	1.1	96825.8	-999.9
Sikasso	1997	9	7	250	22.3	31.0	21.8	-999.9	4.1	1.4	96800.1	-999.9
Sikasso	1997	9	8	251	22.7	30.6	21.0	-999.9	4.1	1.1	96802.9	-999.9
Sikasso	1997	9	9	252	22.1	27.4	11.0	-999.9	8.3	1.4	96794.9	-999.9
Sikasso	1997	9	10	253	22.1	28.6	15.9	-999.9	4.1	1.5	96875.2	-999.9
Sikasso	1997	9	11	254	21.8	29.9	20.3	-999.9	6.6	1.3	96923.5	-999.9
Sikasso	1997	9	12	255	22.1	30.5	21.9	-999.9	0.0	1.3	96973.0	-999.9
Sikasso	1997	9	13	256	22.4	31.1	23.7	-999.9	0.0	1.3	97001.4	-999.9
Sikasso	1997	9	14	257	22.3	30.9	20.6	-999.9	6.6	1.2	96934.8	-999.9
Sikasso	1997	9	15	258	22.0	30.9	22.3	-999.9	3.3	1.3	96877.6	-999.9
Sikasso	1997	9	16	259	23.2	31.1	23.0	-999.9	4.9	1.1	96819.2	-999.9
Sikasso	1997	9	17	260	22.5	29.9	19.1	-999.9	4.9	1.2	96852.5	-999.9
Sikasso	1997	9	18	261	22.1	27.8	14.1	-999.9	4.9	1.5	96951.4	-999.9
Sikasso	1997	9	19	262	21.8	27.8	14.4	-999.9	0.0	2.0	97056.0	-999.9
Sikasso	1997	9	20	263	20.3	30.5	22.5	-999.9	0.0	0.9	97053.2	-999.9
Sikasso	1997	9	21	264	22.2	31.8	22.7	-999.9	18.1	1.1	96855.3	-999.9
Sikasso	1997	9	22	265	23.8	31.6	21.9	-999.9	15.8	1.3	96780.0	-999.9
Sikasso	1997	9	23	266	22.9	30.7	18.3	-999.9	15.8	1.6	96847.1	-999.9
Sikasso	1997	9	24	267	22.1	30.6	20.9	-999.9	0.0	1.2	96960.9	-999.9
Sikasso	1997	9	25	268	22.3	30.0	19.5	-999.9	47.5	1.2	97084.7	-999.9
Sikasso	1997	9	26	269	22.3	29.9	17.0	-999.9	13.5	1.0	97088.6	-999.9
Sikasso	1997	9	27	270	22.9	30.7	21.1	-999.9	10.1	1.0	96923.8	-999.9
Sikasso	1997	9	28	271	22.9	29.8	19.3	-999.9	6.7	1.4	96915.2	-999.9
Sikasso	1997	9	29	272	22.4	30.3	19.2	-999.9	3.4	1.2	96992.8	-999.9
Sikasso	1997	9	30	273	22.0	31.8	22.9	-999.9	3.4	0.8	96997.5	-999.9
Sikasso	1997	10	1	274	22.9	30.9	20.0	-999.9	5.4	1.1	96981.0	-999.9
Sikasso	1997	10	2	275	22.5	30.4	19.2	-999.9	0.0	1.2	96825.4	-999.9
Sikasso	1997	10	3	276	23.5	30.3	15.2	-999.9	9.4	1.5	96840.0	-999.9
Sikasso	1997	10	4	277	22.5	30.4	19.9	-999.9	10.8	1.4	96967.7	-999.9
Sikasso	1997	10	5	278	22.1	29.3	15.0	-999.9	4.7	1.8	96997.3	-999.9
Sikasso	1997	10	6	279	22.6	30.0	19.9	-999.9	0.0	1.1	96958.7	-999.9
Sikasso	1997	10	7	280	20.7	30.0	21.7	-999.9	0.0	1.5	96963.6	-999.9
Sikasso	1997	10	8	281	21.5	29.8	20.9	-999.9	0.0	2.1	97064.9	-999.9
Sikasso	1997	10	9	282	21.0	31.7	23.6	-999.9	0.0	1.8	96894.9	-999.9
Sikasso	1997	10	10	283	22.7	31.3	22.4	-999.9	0.0	1.7	96758.5	-999.9
Sikasso	1997	10	11	284	23.2	30.8	21.5	-999.9	0.0	1.5	96659.3	-999.9
Sikasso	1997	10	12	285	23.0	30.4	21.0	-999.9	2.6	1.1	96669.4	-999.9
Sikasso	1997	10	13	286	23.4	31.1	21.3	-999.9	2.6	1.3	96760.0	-999.9
Sikasso	1997	10	14	287	23.2	30.9	20.2	-999.9	1.3	1.1	96704.4	-999.9
Sikasso	1997	10	15	288	23.8	30.7	19.9	-999.9	0.0	1.2	96688.7	-999.9
Sikasso	1997	10	16	289	22.8	31.1	20.4	-999.9	0.0	1.7	96649.4	-999.9
Sikasso	1997	10	17	290	21.9	28.4	13.9	-999.9	5.8	0.8	96795.2	-999.9
Sikasso	1997	10	18	291	21.9	28.6	13.7	-999.9	5.8	1.1	96940.8	-999.9
Sikasso	1997	10	19	292	21.2	31.1	22.4	-999.9	0.0	1.3	96917.6	-999.9
Sikasso	1997	10	20	293	19.8	31.4	23.0	-999.9	0.0	1.2	96875.7	-999.9
Sikasso	1997	10	21	294	21.3	31.4	21.0	-999.9	0.0	1.4	96860.5	-999.9
Sikasso	1997	10	22	295	21.9	31.8	22.1	-999.9	0.0	1.2	96849.7	-999.9
Sikasso	1997	10	23	296	23.0	30.9	20.1	-999.9	0.0	1.4	96810.9	-999.9
Sikasso	1997	10	24	297	23.2	31.2	19.5	-999.9	0.0	1.2	96789.2	-999.9
Sikasso	1997	10	25	298	22.5	30.5	19.7	-999.9	7.3	1.6	96881.9	-999.9
Sikasso	1997	10	26	299	22.9	32.2	20.6	-999.9	0.0	1.2	96812.7	-999.9
Sikasso	1997	10	27	300	22.8	32.4	21.8	-999.9	0.0	1.4	96682.6	-999.9
Sikasso	1997	10	28	301	23.1	32.1	21.1	-999.9	0.0	1.3	96618.7	-999.9
Sikasso	1997	10	29	302	23.3	30.3	18.3	-999.9	14.1	1.4	96704.8	-999.9
Sikasso	1997	10	30	303	22.5	29.1	15.2	-999.9	0.0	1.2	96830.0	-999.9
Sikasso	1997	10	31	304	22.3	31.0	19.8	-999.9	0.0	1.2	96877.3	-999.9
Sikasso	1997	11	1	305	22.1	32.2	21.2	-999.9	0.0	1.0	96912.0	-999.9
Sikasso	1997	11	2	306	22.8	31.8	21.3	-999.9	0.0	1.4	96919.9	-999.9
Sikasso	1997	11	3	307	22.8	32.2	20.9	-999.9	0.0	1.0	96911.1	-999.9
Sikasso	1997	11	4	308	22.6	32.6	20.6	-999.9	0.0	1.1	96895.0	-999.9
Sikasso	1997	11	5	309	20.1	32.4	21.0	-999.9	0.0	1.0	96991.0	-999.9
Sikasso	1997	11	6	310	18.8	32.7	22.5	-999.9	0.0	1.0	96956.8	-999.9
Sikasso	1997	11	7	311	20.7	32.7	21.4	-999.9	0.0	1.2	96959.3	-999.9
Sikasso	1997	11	8	312	20.2	32.9	20.2	-999.9	0.0	1.3	96978.6	-999.9
Sikasso	1997	11	9	313	22.3	32.4	20.4	-999.9	1.4	1.5	96985.1	-999.9
Sikasso	1997	11	10	314	22.1	30.0	11.9	-999.9	2.8	1.4	96885.3	-999.9
Sikasso	1997	11	11	315	22.6	32.8	20.1	-999.9	1.2	1.4	96736.1	-999.9
Sikasso	1997	11	12	316	20.4	33.4	21.6	-999.9	0.0	1.4	96693.5	-999.9
Sikasso	1997	11	13	317	19.5	33.7	21.8	-999.9	0.0	1.1	96688.1	-999.9
Sikasso	1997	11	14	318	19.0	32.9	21.5	-999.9	0.0	1.3	96659.9	-999.9
Sikasso	1997	11	15	319	20.4	32.9	21.2	-999.9	0.0	1.3	96679.3	-999.9
Sikasso	1997	11	16	320	19.7	34.2	21.7	-999.9	0.0	1.2	96690.9	-999.9
Sikasso	1997	11	17	321	19.1	33.7	21.8	-999.9	0.0	1.6	96787.9	-999.9
Sikasso	1997	11	18	322	16.6	33.2	21.8	-999.9	0.0	1.6	96806.9	-999.9
Sikasso	1997	11	19	323	17.6	33.0	21.8	-999.9	0.0	1.4	96824.3	-999.9
Sikasso	1997	11	20	324	16.7	32.2	21.4	-999.9	0.0	1.0	96834.9	-999.9
Sikasso	1997	11	21	325	17.3	32.4	21.6	-999.9	0.0	1.6	96848.3	-999.9
Sikasso	1997	11	22	326	18.5	32.4	20.9	-999.9	0.0	1.8	96909.9	-999.9
Sikasso	1997	11	23	327	19.0	32.7	20.8	-999.9	0.0	1.9	96916.6	-999.9
Sikasso	1997	11	24	328	17.6	33.4	21.2	-999.9	0.0	2.1	96687.3	-999.9
Sikasso	1997	11	25	329	17.6	34.5	21.3	-999.9	0.0	1.9	96486.9	-999.9
Sikasso	1997	11	26	330	17.6	33.8	21.3	-999.9	0.0	1.2	96501.2	-999.9
Sikasso	1997	11	27	331	16.9	33.7	21.3	-999.9	0.0	1.4	96631.2	-999.9
Sikasso	1997	11	28	332	17.0	33.0	20.9	-999.9	0.6	1.0	96692.9	-999.9
Sikasso	1997	11	29	333	17.6	32.6	20.7	-999.9	0.0	1.1	96713.3	-999.9
Sikasso	1997	11	30	334	17.6	32.6	19.4	-999.9	0.0	1.0	96703.3	-999.9
Sikasso	1997	12	1	335	18.9	33.2	20.4	-999.9	0.0	1.0	96771.9	-999.9
Sikasso	1997	12	2	336	20.3	32.6	19.1	-999.9	0.4	1.1	96777.5	-999.9
Sikasso	1997	12	3	337	21.1	33.7	19.9	-999.9	0.4	1.2	96687.3	-999.9
Sikasso	1997	12	4	338	20.2	33.7	20.5	-999.9	0.0	1.4	96737.6	-999.9
Sikasso	1997	12	5	339	18.4	34.1	20.6	-999.9	0.0	1.4	96766.0	-999.9
Sikasso	1997	12	6	340	17.7	34.6	20.7	-999.9	0.0	1.7	96803.2	-999.9
Sikasso	1997	12	7	341	17.5	33.6	20.8	-999.9	0.0	1.7	96938.1	-999.9
Sikasso	1997	12	8	342	16.3	33.6	20.7	-999.9	0.0	1.8	96826.7	-999.9
Sikasso	1997	12	9	343	17.3	32.6	20.5	-999.9	0.0	1.7	96772.1	-999.9
Sikasso	1997	12	10	344	17.4	31.3	20.5	-999.9	0.0	2.2	96863.5	-999.9
Sikasso	1997	12	11	345	15.2	31.0	20.5	-999.9	0.2	2.0	96945.5	-999.9
Sikasso	1997	12	12	346	17.4	31.2	19.7	-999.9	0.2	2.1	97017.5	-999.9
Sikasso	1997	12	13	347	16.0	31.2	19.8	-999.9	0.0	2.1	96985.3	-999.9
Sikasso	1997	12	14	348	16.2	31.0	20.5	-999.9	0.0	2.1	97034.1	-999.9
Sikasso	1997	12	15	349	15.1	30.6	20.4	-999.9	0.0	1.7	97076.3	-999.9
Sikasso	1997	12	16	350	15.0	31.1	19.7	-999.9	0.0	1.4	97124.9	-999.9
Sikasso	1997	12	17	351	15.7	31.9	19.7	-999.9	0.0	1.8	97181.4	-999.9
Sikasso	1997	12	18	352	15.3	32.2	20.4	-999.9	0.0	1.8	97153.4	-999.9
Sikasso	1997	12	19	353	16.3	32.7	20.2	-999.9	0.0	1.8	96962.8	-999.9
Sikasso	1997	12	20	354	15.7	33.2	19.3	-999.9	0.0	1.4	96833.0	-999.9
Sikasso	1997	12	21	355	16.7	33.3	20.3	-999.9	0.0	1.3	96894.9	-999.9
Sikasso	1997	12	22	356	15.6	33.6	20.5	-999.9	0.0	2.0	96971.8	-999.9
Sikasso	1997	12	23	357	15.9	32.9	20.7	-999.9	0.0	2.1	97041.0	-999.9
Sikasso	1997	12	24	358	14.9	32.5	21.0	-999.9	0.0	2.3	97079.9	-999.9
Sikasso	1997	12	25	359	15.5	30.1	20.9	-999.9	0.0	2.6	97122.5	-999.9
Sikasso	1997	12	26	360	13.3	28.6	21.2	-999.9	0.0	2.5	97125.7	-999.9
Sikasso	1997	12	27	361	11.9	29.1	21.2	-999.9	0.0	2.1	97000.3	-999.9
Sikasso	1997	12	28	362	12.7	29.8	21.1	-999.9	0.0	2.1	96937.6	-999.9
Sikasso	1997	12	29	363	12.7	30.5	20.9	-999.9	0.0	1.8	96873.4	-999.9
Sikasso	1997	12	30	364	14.0	31.7	20.2	-999.9	0.0	1.5	96884.4	-999.9
Sikasso	1997	12	31	365	16.7	32.6	20.1	-999.9	0.0	1.5	96856.1	-999.9
