Sikasso	2011	1	1	1	16.0	29.3	18.4	-999.9	0.0	2.1	96702.5	-999.9
Sikasso	2011	1	2	2	14.8	30.7	20.2	-999.9	0.0	1.8	96617.3	-999.9
Sikasso	2011	1	3	3	14.4	31.3	20.6	-999.9	0.0	1.9	96624.5	-999.9
Sikasso	2011	1	4	4	15.5	32.0	20.7	-999.9	0.0	2.1	96688.8	-999.9
Sikasso	2011	1	5	5	15.6	32.4	20.7	-999.9	0.0	1.9	96711.7	-999.9
Sikasso	2011	1	6	6	16.4	33.2	20.7	-999.9	0.0	2.1	96686.4	-999.9
Sikasso	2011	1	7	7	18.2	33.0	20.7	-999.9	0.0	2.3	96765.8	-999.9
Sikasso	2011	1	8	8	16.8	32.6	20.8	-999.9	0.0	2.4	96778.5	-999.9
Sikasso	2011	1	9	9	16.2	31.4	20.8	-999.9	0.0	2.2	96812.2	-999.9
Sikasso	2011	1	10	10	15.3	30.6	21.1	-999.9	0.0	2.0	96907.8	-999.9
Sikasso	2011	1	11	11	14.3	30.8	21.1	-999.9	0.0	2.1	96974.1	-999.9
Sikasso	2011	1	12	12	14.0	30.7	21.2	-999.9	0.0	2.0	96960.4	-999.9
Sikasso	2011	1	13	13	12.7	30.6	21.2	-999.9	0.0	2.0	96814.0	-999.9
Sikasso	2011	1	14	14	13.3	31.9	21.1	-999.9	0.0	2.0	96728.9	-999.9
Sikasso	2011	1	15	15	16.9	32.7	21.0	-999.9	0.0	2.2	96742.5	-999.9
Sikasso	2011	1	16	16	16.5	32.2	21.1	-999.9	0.0	2.1	96847.7	-999.9
Sikasso	2011	1	17	17	16.2	31.2	20.7	-999.9	0.0	2.1	96864.8	-999.9
Sikasso	2011	1	18	18	14.4	30.5	21.0	-999.9	0.0	2.0	96763.5	-999.9
Sikasso	2011	1	19	19	13.7	30.9	21.5	-999.9	0.0	1.9	96649.6	-999.9
Sikasso	2011	1	20	20	14.4	32.7	21.4	-999.9	0.0	1.9	96501.3	-999.9
Sikasso	2011	1	21	21	16.1	33.7	21.3	-999.9	0.0	2.0	96468.0	-999.9
Sikasso	2011	1	22	22	16.9	34.2	21.5	-999.9	0.0	2.0	96460.1	-999.9
Sikasso	2011	1	23	23	16.4	34.5	21.5	-999.9	0.0	2.0	96445.0	-999.9
Sikasso	2011	1	24	24	17.2	35.7	21.3	-999.9	0.0	2.2	96485.9	-999.9
Sikasso	2011	1	25	25	19.3	35.3	21.2	-999.9	0.0	1.6	96544.7	-999.9
Sikasso	2011	1	26	26	18.2	35.6	21.4	-999.9	0.0	1.8	96551.8	-999.9
Sikasso	2011	1	27	27	19.1	35.9	21.2	-999.9	0.0	2.2	96604.7	-999.9
Sikasso	2011	1	28	28	18.8	36.5	21.9	-999.9	0.0	2.4	96698.8	-999.9
Sikasso	2011	1	29	29	19.3	35.9	21.8	-999.9	0.0	2.3	96735.5	-999.9
Sikasso	2011	1	30	30	17.6	35.6	21.7	-999.9	0.0	1.6	96659.8	-999.9
Sikasso	2011	1	31	31	20.9	34.9	20.1	-999.9	0.0	1.3	96628.1	-999.9
Sikasso	2011	2	1	32	23.5	35.7	20.3	-999.9	0.0	1.4	96600.4	-999.9
Sikasso	2011	2	2	33	24.6	34.7	19.1	-999.9	0.0	2.2	96620.7	-999.9
Sikasso	2011	2	3	34	23.5	33.0	19.9	-999.9	0.0	2.9	96785.0	-999.9
Sikasso	2011	2	4	35	18.2	29.8	20.6	-999.9	0.0	3.4	96987.2	-999.9
Sikasso	2011	2	5	36	16.2	29.6	21.9	-999.9	0.0	2.7	96982.8	-999.9
Sikasso	2011	2	6	37	15.3	31.0	22.2	-999.9	0.0	2.1	96957.8	-999.9
Sikasso	2011	2	7	38	18.6	32.6	21.5	-999.9	0.0	2.1	96891.8	-999.9
Sikasso	2011	2	8	39	18.8	32.9	20.2	-999.9	0.0	1.9	96778.8	-999.9
Sikasso	2011	2	9	40	18.0	34.0	22.2	-999.9	0.0	1.9	96658.2	-999.9
Sikasso	2011	2	10	41	19.8	35.4	22.3	-999.9	0.0	1.7	96617.8	-999.9
Sikasso	2011	2	11	42	19.7	35.6	21.6	-999.9	0.0	1.7	96685.9	-999.9
Sikasso	2011	2	12	43	22.1	34.9	19.5	-999.9	0.0	2.2	96707.2	-999.9
Sikasso	2011	2	13	44	20.3	33.0	22.3	-999.9	0.0	2.5	96845.5	-999.9
Sikasso	2011	2	14	45	20.0	32.6	21.2	-999.9	0.0	2.6	96906.7	-999.9
Sikasso	2011	2	15	46	18.8	32.4	20.7	-999.9	0.0	2.3	96797.0	-999.9
Sikasso	2011	2	16	47	18.0	34.0	22.5	-999.9	0.0	2.2	96648.4	-999.9
Sikasso	2011	2	17	48	19.9	34.2	22.1	-999.9	0.0	2.2	96643.6	-999.9
Sikasso	2011	2	18	49	19.8	34.7	21.8	-999.9	0.0	2.0	96668.5	-999.9
Sikasso	2011	2	19	50	21.1	36.0	21.8	-999.9	0.0	2.4	96687.0	-999.9
Sikasso	2011	2	20	51	22.0	37.5	23.2	-999.9	0.0	2.4	96690.8	-999.9
Sikasso	2011	2	21	52	21.7	37.8	23.1	-999.9	0.0	2.2	96698.6	-999.9
Sikasso	2011	2	22	53	19.3	37.2	23.5	-999.9	0.0	2.0	96611.5	-999.9
Sikasso	2011	2	23	54	19.2	36.1	23.7	-999.9	0.0	2.1	96601.9	-999.9
Sikasso	2011	2	24	55	18.6	35.8	24.0	-999.9	0.0	1.7	96646.7	-999.9
Sikasso	2011	2	25	56	20.5	36.1	23.2	-999.9	0.0	1.6	96486.0	-999.9
Sikasso	2011	2	26	57	20.2	34.8	23.7	-999.9	0.0	2.1	96451.5	-999.9
Sikasso	2011	2	27	58	19.4	33.5	22.7	-999.9	0.0	2.1	96571.2	-999.9
Sikasso	2011	2	28	59	18.6	34.1	23.7	-999.9	0.0	2.1	96680.6	-999.9
Sikasso	2011	3	1	60	18.1	35.3	23.4	-999.9	0.0	1.7	96646.7	-999.9
Sikasso	2011	3	2	61	21.7	36.0	22.7	-999.9	0.0	2.1	96593.1	-999.9
Sikasso	2011	3	3	62	22.3	36.2	21.9	-999.9	0.0	1.2	96547.7	-999.9
Sikasso	2011	3	4	63	22.1	35.4	21.0	-999.9	0.0	1.3	96581.7	-999.9
Sikasso	2011	3	5	64	24.4	36.8	22.6	-999.9	2.3	1.5	96540.0	-999.9
Sikasso	2011	3	6	65	23.7	36.1	21.5	-999.9	2.1	1.4	96477.0	-999.9
Sikasso	2011	3	7	66	25.1	37.3	22.1	-999.9	0.0	1.7	96459.2	-999.9
Sikasso	2011	3	8	67	25.7	37.3	22.5	-999.9	0.0	2.0	96389.8	-999.9
Sikasso	2011	3	9	68	25.8	37.2	21.8	-999.9	0.0	1.9	96322.3	-999.9
Sikasso	2011	3	10	69	25.9	36.6	22.7	-999.9	1.0	2.3	96482.2	-999.9
Sikasso	2011	3	11	70	25.5	36.3	22.2	-999.9	1.4	1.7	96496.1	-999.9
Sikasso	2011	3	12	71	25.5	36.0	21.4	-999.9	1.4	1.5	96452.9	-999.9
Sikasso	2011	3	13	72	24.9	36.3	22.1	-999.9	0.0	1.7	96328.4	-999.9
Sikasso	2011	3	14	73	24.5	36.4	21.9	-999.9	0.0	1.7	96471.7	-999.9
Sikasso	2011	3	15	74	24.9	36.1	22.1	-999.9	0.0	1.4	96613.2	-999.9
Sikasso	2011	3	16	75	24.4	36.9	23.5	-999.9	0.0	1.6	96541.4	-999.9
Sikasso	2011	3	17	76	26.0	36.5	23.1	-999.9	0.0	1.8	96459.0	-999.9
Sikasso	2011	3	18	77	25.3	36.0	22.0	-999.9	0.0	2.0	96523.9	-999.9
Sikasso	2011	3	19	78	23.9	37.4	23.2	-999.9	0.0	2.0	96448.9	-999.9
Sikasso	2011	3	20	79	23.4	36.3	23.7	-999.9	0.0	1.9	96433.9	-999.9
Sikasso	2011	3	21	80	26.0	35.9	20.9	-999.9	0.0	1.9	96448.1	-999.9
Sikasso	2011	3	22	81	21.6	37.4	25.2	-999.9	0.0	2.2	96546.6	-999.9
Sikasso	2011	3	23	82	21.9	37.3	24.7	-999.9	0.0	2.0	96630.9	-999.9
Sikasso	2011	3	24	83	22.8	37.6	25.0	-999.9	0.0	1.9	96640.0	-999.9
Sikasso	2011	3	25	84	23.2	38.0	24.8	-999.9	0.0	2.0	96561.1	-999.9
Sikasso	2011	3	26	85	23.8	37.6	23.9	-999.9	0.0	1.9	96514.6	-999.9
Sikasso	2011	3	27	86	26.2	37.4	23.1	-999.9	12.6	2.3	96643.0	-999.9
Sikasso	2011	3	28	87	24.6	37.0	22.6	-999.9	0.0	1.9	96686.5	-999.9
Sikasso	2011	3	29	88	25.8	36.7	23.0	-999.9	0.0	1.9	96636.9	-999.9
Sikasso	2011	3	30	89	24.6	37.8	23.8	-999.9	0.0	2.1	96605.8	-999.9
Sikasso	2011	3	31	90	24.9	37.4	22.3	-999.9	0.0	2.1	96594.8	-999.9
Sikasso	2011	4	1	91	23.7	38.3	25.2	-999.9	0.0	2.2	96600.3	-999.9
Sikasso	2011	4	2	92	21.2	36.6	26.4	-999.9	0.0	1.7	96652.1	-999.9
Sikasso	2011	4	3	93	19.5	36.7	26.2	-999.9	0.0	1.5	96484.5	-999.9
Sikasso	2011	4	4	94	24.0	36.4	24.0	-999.9	0.0	2.1	96505.9	-999.9
Sikasso	2011	4	5	95	24.0	33.3	18.8	-999.9	0.0	2.5	96776.4	-999.9
Sikasso	2011	4	6	96	24.7	34.9	17.9	-999.9	0.0	1.6	96778.9	-999.9
Sikasso	2011	4	7	97	23.5	37.1	21.3	-999.9	0.0	2.1	96632.2	-999.9
Sikasso	2011	4	8	98	22.9	38.7	26.9	-999.9	0.0	2.5	96593.6	-999.9
Sikasso	2011	4	9	99	20.1	37.4	26.2	-999.9	0.0	1.5	96608.8	-999.9
Sikasso	2011	4	10	100	24.7	36.3	22.6	-999.9	0.0	2.3	96640.6	-999.9
Sikasso	2011	4	11	101	22.8	33.7	13.1	-999.9	0.0	1.7	96627.1	-999.9
Sikasso	2011	4	12	102	24.0	36.6	24.5	-999.9	0.0	1.8	96485.7	-999.9
Sikasso	2011	4	13	103	24.6	35.0	22.2	-999.9	0.0	2.3	96610.0	-999.9
Sikasso	2011	4	14	104	24.6	36.0	21.1	-999.9	0.0	1.4	96601.7	-999.9
Sikasso	2011	4	15	105	24.3	37.8	24.9	-999.9	0.0	1.8	96310.4	-999.9
Sikasso	2011	4	16	106	24.9	37.9	25.2	-999.9	0.0	2.2	96322.7	-999.9
Sikasso	2011	4	17	107	26.1	38.1	24.6	-999.9	0.0	1.9	96371.8	-999.9
Sikasso	2011	4	18	108	27.2	37.7	23.9	-999.9	0.0	2.5	96460.9	-999.9
Sikasso	2011	4	19	109	27.0	38.2	24.2	-999.9	0.0	2.2	96381.7	-999.9
Sikasso	2011	4	20	110	27.0	36.2	24.1	-999.9	10.4	2.5	96407.4	-999.9
Sikasso	2011	4	21	111	27.2	35.6	24.4	-999.9	0.0	1.6	96464.6	-999.9
Sikasso	2011	4	22	112	25.1	35.7	23.2	-999.9	0.0	2.4	96431.8	-999.9
Sikasso	2011	4	23	113	26.5	34.0	19.0	-999.9	13.9	2.4	96394.2	-999.9
Sikasso	2011	4	24	114	22.4	33.4	19.1	-999.9	13.9	2.1	96624.5	-999.9
Sikasso	2011	4	25	115	23.5	35.0	23.3	-999.9	0.0	1.7	96641.1	-999.9
Sikasso	2011	4	26	116	24.4	35.3	24.4	-999.9	7.6	2.1	96619.3	-999.9
Sikasso	2011	4	27	117	23.9	35.7	23.9	-999.9	0.0	1.8	96615.4	-999.9
Sikasso	2011	4	28	118	25.5	36.4	24.8	-999.9	0.0	2.1	96572.2	-999.9
Sikasso	2011	4	29	119	26.1	36.3	24.2	-999.9	7.6	2.6	96493.0	-999.9
Sikasso	2011	4	30	120	25.3	35.8	22.6	-999.9	3.8	2.6	96457.2	-999.9
Sikasso	2011	5	1	121	24.6	33.0	21.6	-999.9	0.0	2.0	96668.1	-999.9
Sikasso	2011	5	2	122	25.3	35.2	23.7	-999.9	2.5	2.0	96762.2	-999.9
Sikasso	2011	5	3	123	23.2	32.8	20.6	-999.9	5.0	1.6	96921.4	-999.9
Sikasso	2011	5	4	124	24.1	36.0	24.6	-999.9	0.0	1.8	96670.8	-999.9
Sikasso	2011	5	5	125	25.4	36.5	24.2	-999.9	0.0	2.1	96538.9	-999.9
Sikasso	2011	5	6	126	26.6	36.8	24.2	-999.9	0.0	2.2	96560.7	-999.9
Sikasso	2011	5	7	127	25.2	36.4	24.6	-999.9	2.9	2.2	96562.0	-999.9
Sikasso	2011	5	8	128	26.1	36.3	23.5	-999.9	2.9	2.2	96510.7	-999.9
Sikasso	2011	5	9	129	24.2	35.6	24.1	-999.9	0.0	2.4	96512.8	-999.9
Sikasso	2011	5	10	130	24.3	34.7	24.1	-999.9	0.0	2.2	96589.7	-999.9
Sikasso	2011	5	11	131	25.5	36.0	24.4	-999.9	6.1	2.0	96541.2	-999.9
Sikasso	2011	5	12	132	23.8	31.7	21.0	-999.9	18.4	1.7	96597.6	-999.9
Sikasso	2011	5	13	133	24.7	33.3	22.6	-999.9	0.0	1.3	96594.2	-999.9
Sikasso	2011	5	14	134	25.1	35.5	23.4	-999.9	6.1	1.9	96589.6	-999.9
Sikasso	2011	5	15	135	22.4	30.3	16.3	-999.9	18.4	1.5	96649.6	-999.9
Sikasso	2011	5	16	136	23.7	32.6	23.1	-999.9	0.0	1.4	96596.0	-999.9
Sikasso	2011	5	17	137	24.9	34.8	24.9	-999.9	4.5	1.8	96537.1	-999.9
Sikasso	2011	5	18	138	25.1	34.0	24.0	-999.9	1.5	2.2	96610.4	-999.9
Sikasso	2011	5	19	139	25.6	34.1	24.1	-999.9	0.0	2.0	96670.6	-999.9
Sikasso	2011	5	20	140	24.4	34.2	23.4	-999.9	0.0	2.0	96650.9	-999.9
Sikasso	2011	5	21	141	25.3	32.8	21.0	-999.9	7.0	2.2	96712.4	-999.9
Sikasso	2011	5	22	142	23.4	32.4	22.2	-999.9	2.3	2.4	96698.1	-999.9
Sikasso	2011	5	23	143	22.5	31.5	20.8	-999.9	4.7	2.5	96810.5	-999.9
Sikasso	2011	5	24	144	24.5	32.4	23.4	-999.9	0.0	1.8	96823.3	-999.9
Sikasso	2011	5	25	145	24.4	33.4	24.4	-999.9	0.0	2.0	96790.3	-999.9
Sikasso	2011	5	26	146	25.0	34.5	24.9	-999.9	0.0	2.2	96772.3	-999.9
Sikasso	2011	5	27	147	25.1	34.9	24.2	-999.9	0.0	2.6	96729.8	-999.9
Sikasso	2011	5	28	148	24.9	33.9	23.0	-999.9	5.8	2.6	96781.7	-999.9
Sikasso	2011	5	29	149	23.3	30.8	16.5	-999.9	5.8	2.3	96819.4	-999.9
Sikasso	2011	5	30	150	23.4	32.2	20.5	-999.9	0.0	2.1	96880.4	-999.9
Sikasso	2011	5	31	151	23.7	34.2	24.4	-999.9	0.0	1.8	96884.9	-999.9
Sikasso	2011	6	1	152	24.9	34.8	24.1	-999.9	10.9	1.7	96745.5	-999.9
Sikasso	2011	6	2	153	25.6	34.8	24.0	-999.9	5.4	1.9	96652.5	-999.9
Sikasso	2011	6	3	154	26.0	34.7	23.2	-999.9	16.3	2.0	96695.5	-999.9
Sikasso	2011	6	4	155	25.5	33.4	21.7	-999.9	0.0	1.8	96715.5	-999.9
Sikasso	2011	6	5	156	24.1	33.5	20.1	-999.9	5.4	2.1	96770.1	-999.9
Sikasso	2011	6	6	157	24.9	34.4	24.5	-999.9	0.0	1.9	96806.8	-999.9
Sikasso	2011	6	7	158	25.2	34.5	23.6	-999.9	7.7	1.8	96819.6	-999.9
Sikasso	2011	6	8	159	23.7	32.4	19.8	-999.9	7.7	2.1	96922.3	-999.9
Sikasso	2011	6	9	160	23.1	32.2	21.6	-999.9	0.0	2.0	97081.9	-999.9
Sikasso	2011	6	10	161	24.4	34.2	23.5	-999.9	3.9	2.4	96913.6	-999.9
Sikasso	2011	6	11	162	25.5	33.2	22.0	-999.9	11.3	2.9	96818.9	-999.9
Sikasso	2011	6	12	163	23.9	33.4	22.3	-999.9	11.3	2.6	96926.1	-999.9
Sikasso	2011	6	13	164	23.9	32.2	20.8	-999.9	0.0	2.2	97045.8	-999.9
Sikasso	2011	6	14	165	24.3	33.9	24.3	-999.9	0.0	1.7	96947.6	-999.9
Sikasso	2011	6	15	166	25.6	33.8	22.7	-999.9	0.0	1.5	96844.7	-999.9
Sikasso	2011	6	16	167	24.6	32.6	19.4	-999.9	19.8	1.8	96807.0	-999.9
Sikasso	2011	6	17	168	24.4	33.3	23.3	-999.9	0.0	2.1	96859.0	-999.9
Sikasso	2011	6	18	169	25.3	30.3	14.9	-999.9	4.0	2.4	96843.1	-999.9
Sikasso	2011	6	19	170	24.1	33.0	22.5	-999.9	4.0	1.7	96805.1	-999.9
Sikasso	2011	6	20	171	24.2	33.3	23.7	-999.9	11.9	1.7	96847.1	-999.9
Sikasso	2011	6	21	172	24.1	31.6	19.6	-999.9	0.0	2.0	96859.8	-999.9
Sikasso	2011	6	22	173	22.5	31.5	21.6	-999.9	0.0	2.3	96907.3	-999.9
Sikasso	2011	6	23	174	24.5	31.4	18.9	-999.9	15.8	2.1	96773.8	-999.9
Sikasso	2011	6	24	175	22.8	30.3	20.2	-999.9	0.0	2.1	96787.8	-999.9
Sikasso	2011	6	25	176	22.1	29.4	19.2	-999.9	0.0	1.6	96985.1	-999.9
Sikasso	2011	6	26	177	22.3	31.2	22.3	-999.9	0.0	1.2	96988.4	-999.9
Sikasso	2011	6	27	178	24.3	31.4	23.0	-999.9	15.3	1.9	96855.8	-999.9
Sikasso	2011	6	28	179	22.8	29.7	18.2	-999.9	0.0	2.0	96858.4	-999.9
Sikasso	2011	6	29	180	23.3	31.1	21.6	-999.9	5.1	1.9	96809.0	-999.9
Sikasso	2011	6	30	181	23.4	30.9	20.0	-999.9	5.1	1.6	96825.1	-999.9
Sikasso	2011	7	1	182	22.0	29.5	18.4	-999.9	13.5	1.9	96968.1	-999.9
Sikasso	2011	7	2	183	21.7	31.0	23.7	-999.9	0.0	1.4	96905.1	-999.9
Sikasso	2011	7	3	184	24.0	31.8	23.7	-999.9	13.5	1.9	96771.1	-999.9
Sikasso	2011	7	4	185	22.4	29.8	18.8	-999.9	0.0	2.4	96844.2	-999.9
Sikasso	2011	7	5	186	22.6	30.9	21.8	-999.9	0.0	1.7	97119.4	-999.9
Sikasso	2011	7	6	187	22.9	30.9	18.2	-999.9	5.2	1.6	96987.1	-999.9
Sikasso	2011	7	7	188	23.6	31.3	21.6	-999.9	0.0	1.7	96794.5	-999.9
Sikasso	2011	7	8	189	23.7	32.4	23.4	-999.9	0.0	2.2	96748.8	-999.9
Sikasso	2011	7	9	190	24.0	30.2	18.3	-999.9	10.3	2.4	96868.9	-999.9
Sikasso	2011	7	10	191	23.2	29.1	15.6	-999.9	10.3	1.7	96891.6	-999.9
Sikasso	2011	7	11	192	22.2	24.8	8.3	-999.9	21.8	1.9	96898.8	-999.9
Sikasso	2011	7	12	193	21.6	28.1	15.3	-999.9	10.9	1.6	96907.8	-999.9
Sikasso	2011	7	13	194	21.7	30.5	22.7	-999.9	10.9	1.6	96789.2	-999.9
Sikasso	2011	7	14	195	22.3	28.7	16.6	-999.9	0.0	1.9	96798.1	-999.9
Sikasso	2011	7	15	196	22.0	29.4	19.4	-999.9	0.0	1.8	96916.3	-999.9
Sikasso	2011	7	16	197	22.0	30.0	20.8	-999.9	12.9	1.3	96954.5	-999.9
Sikasso	2011	7	17	198	22.5	29.6	20.9	-999.9	0.0	2.0	96964.0	-999.9
Sikasso	2011	7	18	199	22.2	29.6	18.0	-999.9	12.9	1.6	97013.2	-999.9
Sikasso	2011	7	19	200	21.4	29.4	17.3	-999.9	0.0	1.7	97045.5	-999.9
Sikasso	2011	7	20	201	22.1	31.5	24.3	-999.9	6.4	1.6	96951.0	-999.9
Sikasso	2011	7	21	202	22.9	29.9	17.3	-999.9	0.0	2.3	96887.5	-999.9
Sikasso	2011	7	22	203	23.7	31.0	21.9	-999.9	6.8	2.5	96846.6	-999.9
Sikasso	2011	7	23	204	23.6	30.1	19.7	-999.9	6.8	2.5	96963.4	-999.9
Sikasso	2011	7	24	205	23.3	30.1	21.6	-999.9	0.0	2.1	97000.0	-999.9
Sikasso	2011	7	25	206	23.5	30.5	22.7	-999.9	6.8	2.1	96870.7	-999.9
Sikasso	2011	7	26	207	22.4	27.7	13.4	-999.9	31.2	2.3	96784.5	-999.9
Sikasso	2011	7	27	208	21.8	26.4	13.6	-999.9	10.4	1.9	96883.0	-999.9
Sikasso	2011	7	28	209	21.4	29.5	21.0	-999.9	0.0	1.3	96844.8	-999.9
Sikasso	2011	7	29	210	22.5	30.7	22.6	-999.9	0.0	1.8	96698.7	-999.9
Sikasso	2011	7	30	211	22.7	25.0	8.1	-999.9	41.7	1.8	96785.6	-999.9
Sikasso	2011	7	31	212	21.8	29.5	19.1	-999.9	0.0	1.9	96886.5	-999.9
Sikasso	2011	8	1	213	21.9	30.6	22.4	-999.9	14.9	1.5	96817.4	-999.9
Sikasso	2011	8	2	214	23.1	30.6	22.1	-999.9	0.0	1.3	96747.5	-999.9
Sikasso	2011	8	3	215	22.4	30.3	18.1	-999.9	0.0	1.8	96941.6	-999.9
Sikasso	2011	8	4	216	23.2	30.0	16.5	-999.9	0.0	2.1	97024.7	-999.9
Sikasso	2011	8	5	217	22.2	27.7	16.1	-999.9	0.0	2.6	97029.7	-999.9
Sikasso	2011	8	6	218	21.9	29.5	18.1	-999.9	12.2	2.0	96978.1	-999.9
Sikasso	2011	8	7	219	21.9	29.4	19.9	-999.9	12.2	2.0	96914.7	-999.9
Sikasso	2011	8	8	220	22.0	30.0	21.8	-999.9	12.2	1.3	97000.1	-999.9
Sikasso	2011	8	9	221	22.4	29.1	17.2	-999.9	0.0	1.4	96947.3	-999.9
Sikasso	2011	8	10	222	22.3	29.2	17.2	-999.9	0.0	1.8	96922.5	-999.9
Sikasso	2011	8	11	223	23.0	30.1	22.1	-999.9	0.0	1.8	96881.5	-999.9
Sikasso	2011	8	12	224	23.2	30.2	18.6	-999.9	11.7	1.8	96746.4	-999.9
Sikasso	2011	8	13	225	22.4	30.1	19.6	-999.9	0.0	2.1	96684.6	-999.9
Sikasso	2011	8	14	226	22.0	29.2	19.1	-999.9	5.8	1.7	96731.7	-999.9
Sikasso	2011	8	15	227	21.6	29.9	21.0	-999.9	5.8	1.4	96807.7	-999.9
Sikasso	2011	8	16	228	22.2	27.5	12.6	-999.9	31.6	1.2	96807.3	-999.9
Sikasso	2011	8	17	229	21.7	29.2	20.9	-999.9	0.0	2.2	96760.6	-999.9
Sikasso	2011	8	18	230	22.2	27.5	16.1	-999.9	21.1	2.2	96775.1	-999.9
Sikasso	2011	8	19	231	21.7	26.7	11.7	-999.9	10.5	1.8	96888.1	-999.9
Sikasso	2011	8	20	232	21.6	28.3	17.8	-999.9	21.1	1.5	96894.5	-999.9
Sikasso	2011	8	21	233	21.7	28.4	18.9	-999.9	0.0	2.1	96865.6	-999.9
Sikasso	2011	8	22	234	21.6	28.5	18.0	-999.9	19.8	1.5	96869.2	-999.9
Sikasso	2011	8	23	235	22.2	25.3	9.6	-999.9	19.8	1.8	96989.5	-999.9
Sikasso	2011	8	24	236	21.2	29.0	18.5	-999.9	19.8	1.6	97111.3	-999.9
Sikasso	2011	8	25	237	21.2	29.2	19.9	-999.9	0.0	1.2	97134.0	-999.9
Sikasso	2011	8	26	238	22.6	29.9	21.3	-999.9	10.5	1.4	97019.8	-999.9
Sikasso	2011	8	27	239	22.4	29.5	20.1	-999.9	0.0	1.7	96964.7	-999.9
Sikasso	2011	8	28	240	22.1	29.6	19.9	-999.9	0.0	1.6	96986.8	-999.9
Sikasso	2011	8	29	241	21.6	27.8	14.7	-999.9	20.9	1.1	97018.8	-999.9
Sikasso	2011	8	30	242	21.1	29.5	17.0	-999.9	0.0	1.0	97038.3	-999.9
Sikasso	2011	8	31	243	21.9	29.4	17.8	-999.9	10.5	1.6	97021.8	-999.9
Sikasso	2011	9	1	244	22.6	29.8	21.4	-999.9	3.8	1.6	97093.1	-999.9
Sikasso	2011	9	2	245	21.7	30.0	20.6	-999.9	0.0	1.5	97075.3	-999.9
Sikasso	2011	9	3	246	23.4	29.1	15.5	-999.9	0.0	1.4	96897.2	-999.9
Sikasso	2011	9	4	247	22.8	30.3	21.1	-999.9	3.8	1.6	96845.6	-999.9
Sikasso	2011	9	5	248	22.4	30.4	21.5	-999.9	0.0	1.5	96919.9	-999.9
Sikasso	2011	9	6	249	21.7	30.3	22.2	-999.9	6.8	1.1	96984.0	-999.9
Sikasso	2011	9	7	250	22.6	30.0	21.7	-999.9	0.0	1.4	97024.5	-999.9
Sikasso	2011	9	8	251	22.7	31.3	23.1	-999.9	6.8	1.6	96895.2	-999.9
Sikasso	2011	9	9	252	23.3	30.5	20.3	-999.9	13.6	1.8	96745.8	-999.9
Sikasso	2011	9	10	253	22.5	29.0	17.6	-999.9	13.6	1.1	96835.8	-999.9
Sikasso	2011	9	11	254	22.3	28.4	13.1	-999.9	0.0	1.3	97010.6	-999.9
Sikasso	2011	9	12	255	21.9	30.7	22.3	-999.9	0.0	1.6	96940.4	-999.9
Sikasso	2011	9	13	256	23.1	31.6	23.0	-999.9	14.2	1.7	96820.7	-999.9
Sikasso	2011	9	14	257	21.9	29.8	18.8	-999.9	7.1	2.1	96873.1	-999.9
Sikasso	2011	9	15	258	22.2	29.7	20.0	-999.9	0.0	1.5	96963.0	-999.9
Sikasso	2011	9	16	259	21.7	29.7	18.0	-999.9	19.1	1.3	96927.0	-999.9
Sikasso	2011	9	17	260	22.1	27.6	12.5	-999.9	19.1	1.5	96808.3	-999.9
Sikasso	2011	9	18	261	21.9	28.8	17.3	-999.9	19.1	2.2	96811.6	-999.9
Sikasso	2011	9	19	262	21.9	29.1	19.0	-999.9	0.0	1.7	96966.8	-999.9
Sikasso	2011	9	20	263	21.6	30.8	23.0	-999.9	9.5	1.3	96986.4	-999.9
Sikasso	2011	9	21	264	23.0	31.2	19.9	-999.9	13.0	1.4	96954.1	-999.9
Sikasso	2011	9	22	265	22.1	29.8	20.2	-999.9	8.7	1.9	97026.4	-999.9
Sikasso	2011	9	23	266	22.1	29.6	18.6	-999.9	0.0	1.5	97016.9	-999.9
Sikasso	2011	9	24	267	21.6	31.5	23.8	-999.9	4.3	1.2	96925.5	-999.9
Sikasso	2011	9	25	268	23.1	30.5	19.3	-999.9	0.0	1.7	96975.6	-999.9
Sikasso	2011	9	26	269	22.5	31.6	23.5	-999.9	0.0	1.2	97042.8	-999.9
Sikasso	2011	9	27	270	23.4	31.3	22.7	-999.9	23.8	1.3	96942.0	-999.9
Sikasso	2011	9	28	271	23.2	30.7	19.8	-999.9	7.9	1.3	96819.6	-999.9
Sikasso	2011	9	29	272	21.7	29.4	18.0	-999.9	0.0	1.6	96933.1	-999.9
Sikasso	2011	9	30	273	22.0	28.3	17.3	-999.9	0.0	1.8	96999.8	-999.9
Sikasso	2011	10	1	274	20.7	29.8	19.2	-999.9	0.0	1.1	96975.0	-999.9
Sikasso	2011	10	2	275	21.8	31.2	21.8	-999.9	0.0	1.3	96920.3	-999.9
Sikasso	2011	10	3	276	22.2	32.4	23.4	-999.9	0.0	1.3	96919.2	-999.9
Sikasso	2011	10	4	277	22.7	32.1	21.9	-999.9	14.3	1.2	96865.1	-999.9
Sikasso	2011	10	5	278	23.8	32.2	22.1	-999.9	0.0	1.3	96791.1	-999.9
Sikasso	2011	10	6	279	23.2	31.9	21.9	-999.9	0.0	1.2	96789.5	-999.9
Sikasso	2011	10	7	280	23.3	31.8	21.1	-999.9	1.7	1.3	96790.0	-999.9
Sikasso	2011	10	8	281	22.7	31.3	20.0	-999.9	0.0	1.5	96718.4	-999.9
Sikasso	2011	10	9	282	22.8	32.2	21.3	-999.9	1.7	1.6	96701.6	-999.9
Sikasso	2011	10	10	283	22.5	30.4	18.0	-999.9	1.7	1.7	96785.4	-999.9
Sikasso	2011	10	11	284	22.4	32.4	22.4	-999.9	0.0	1.8	96759.3	-999.9
Sikasso	2011	10	12	285	23.3	32.6	22.3	-999.9	4.4	1.3	96637.3	-999.9
Sikasso	2011	10	13	286	23.4	32.2	21.4	-999.9	4.4	1.4	96592.1	-999.9
Sikasso	2011	10	14	287	22.3	30.7	17.3	-999.9	6.5	1.4	96630.5	-999.9
Sikasso	2011	10	15	288	21.7	29.1	13.7	-999.9	8.7	1.2	96770.7	-999.9
Sikasso	2011	10	16	289	20.9	32.1	21.5	-999.9	0.0	1.5	96762.6	-999.9
Sikasso	2011	10	17	290	23.1	32.4	21.4	-999.9	0.0	1.3	96672.4	-999.9
Sikasso	2011	10	18	291	23.0	32.9	21.7	-999.9	0.0	1.3	96569.1	-999.9
Sikasso	2011	10	19	292	22.7	33.2	22.0	-999.9	0.0	1.4	96683.1	-999.9
Sikasso	2011	10	20	293	23.8	33.6	20.3	-999.9	2.1	1.0	96603.9	-999.9
Sikasso	2011	10	21	294	23.6	32.2	20.2	-999.9	4.9	1.5	96586.6	-999.9
Sikasso	2011	10	22	295	21.7	31.7	17.6	-999.9	4.9	1.2	96668.0	-999.9
Sikasso	2011	10	23	296	21.5	31.0	19.6	-999.9	0.0	1.5	96835.2	-999.9
Sikasso	2011	10	24	297	21.4	32.2	21.1	-999.9	0.0	1.2	96756.1	-999.9
Sikasso	2011	10	25	298	22.8	31.3	19.4	-999.9	4.9	1.5	96648.0	-999.9
Sikasso	2011	10	26	299	22.1	31.2	21.2	-999.9	4.3	1.5	96811.0	-999.9
Sikasso	2011	10	27	300	22.6	32.4	19.2	-999.9	8.6	1.2	96759.6	-999.9
Sikasso	2011	10	28	301	21.2	32.4	21.6	-999.9	0.0	1.6	96732.2	-999.9
Sikasso	2011	10	29	302	22.0	32.3	20.6	-999.9	0.0	1.3	96733.9	-999.9
Sikasso	2011	10	30	303	21.2	32.8	20.2	-999.9	0.0	1.5	96676.7	-999.9
Sikasso	2011	10	31	304	21.8	33.7	21.1	-999.9	0.0	1.5	96680.8	-999.9
Sikasso	2011	11	1	305	21.4	34.1	21.8	-999.9	0.0	1.6	96739.8	-999.9
Sikasso	2011	11	2	306	23.2	34.2	20.7	-999.9	0.0	1.5	96848.8	-999.9
Sikasso	2011	11	3	307	22.2	33.6	20.3	-999.9	0.0	1.2	96812.8	-999.9
Sikasso	2011	11	4	308	21.2	33.9	21.4	-999.9	0.0	1.2	96774.2	-999.9
Sikasso	2011	11	5	309	20.4	33.3	21.1	-999.9	0.0	1.4	96818.3	-999.9
Sikasso	2011	11	6	310	21.2	33.1	20.5	-999.9	0.0	1.3	96793.9	-999.9
Sikasso	2011	11	7	311	22.6	31.5	18.0	-999.9	0.0	1.1	96813.3	-999.9
Sikasso	2011	11	8	312	23.3	33.2	19.4	-999.9	0.0	1.3	96797.0	-999.9
Sikasso	2011	11	9	313	21.7	34.1	20.2	-999.9	0.0	1.1	96702.4	-999.9
Sikasso	2011	11	10	314	20.0	34.5	21.5	-999.9	0.0	1.3	96572.7	-999.9
Sikasso	2011	11	11	315	21.0	34.0	20.9	-999.9	0.0	1.5	96552.6	-999.9
Sikasso	2011	11	12	316	20.8	33.9	21.1	-999.9	0.0	1.6	96678.1	-999.9
Sikasso	2011	11	13	317	21.9	35.0	21.3	-999.9	0.0	1.7	96769.8	-999.9
Sikasso	2011	11	14	318	19.6	34.4	21.7	-999.9	0.0	1.5	96760.6	-999.9
Sikasso	2011	11	15	319	17.6	34.6	22.1	-999.9	0.0	1.7	96626.4	-999.9
Sikasso	2011	11	16	320	18.4	34.2	21.5	-999.9	0.0	1.8	96657.4	-999.9
Sikasso	2011	11	17	321	18.1	34.0	21.7	-999.9	0.0	1.8	96727.2	-999.9
Sikasso	2011	11	18	322	17.1	34.1	21.9	-999.9	0.0	1.7	96708.0	-999.9
Sikasso	2011	11	19	323	18.0	33.6	20.3	-999.9	0.0	1.5	96719.7	-999.9
Sikasso	2011	11	20	324	20.3	34.8	20.2	-999.9	0.0	1.7	96668.3	-999.9
Sikasso	2011	11	21	325	22.0	34.7	19.1	-999.9	0.0	1.6	96754.9	-999.9
Sikasso	2011	11	22	326	22.2	34.9	20.0	-999.9	0.0	1.3	96808.8	-999.9
Sikasso	2011	11	23	327	19.9	33.8	20.2	-999.9	0.0	1.1	96771.5	-999.9
Sikasso	2011	11	24	328	20.9	34.0	20.0	-999.9	0.0	1.6	96783.3	-999.9
Sikasso	2011	11	25	329	19.8	34.2	20.8	-999.9	0.0	1.7	96749.1	-999.9
Sikasso	2011	11	26	330	20.4	33.7	20.4	-999.9	0.0	1.3	96666.6	-999.9
Sikasso	2011	11	27	331	21.1	33.4	20.6	-999.9	0.0	1.4	96696.7	-999.9
Sikasso	2011	11	28	332	21.0	33.7	20.6	-999.9	0.0	1.4	96751.1	-999.9
Sikasso	2011	11	29	333	21.9	34.1	20.2	-999.9	0.0	1.9	96786.7	-999.9
Sikasso	2011	11	30	334	17.3	33.3	21.4	-999.9	0.0	2.1	96820.9	-999.9
Sikasso	2011	12	1	335	17.0	32.3	21.6	-999.9	0.0	2.2	96877.7	-999.9
Sikasso	2011	12	2	336	15.3	32.8	21.4	-999.9	0.0	2.2	96907.0	-999.9
Sikasso	2011	12	3	337	15.5	33.1	21.3	-999.9	0.0	2.2	96875.3	-999.9
Sikasso	2011	12	4	338	15.3	33.3	21.4	-999.9	0.0	2.0	96713.4	-999.9
Sikasso	2011	12	5	339	15.6	33.3	21.1	-999.9	0.0	1.8	96725.8	-999.9
Sikasso	2011	12	6	340	15.9	32.7	20.9	-999.9	0.0	2.1	96822.5	-999.9
Sikasso	2011	12	7	341	16.0	32.8	20.9	-999.9	0.0	2.2	96886.9	-999.9
Sikasso	2011	12	8	342	17.6	33.3	20.5	-999.9	0.0	2.3	96815.1	-999.9
Sikasso	2011	12	9	343	17.8	32.6	20.8	-999.9	0.0	2.3	96771.9	-999.9
Sikasso	2011	12	10	344	16.5	32.4	20.9	-999.9	0.0	2.1	96777.9	-999.9
Sikasso	2011	12	11	345	16.2	32.3	20.9	-999.9	0.0	2.1	96856.6	-999.9
Sikasso	2011	12	12	346	15.7	31.7	20.9	-999.9	0.0	2.1	96958.4	-999.9
Sikasso	2011	12	13	347	15.6	30.9	20.9	-999.9	0.0	2.4	97001.5	-999.9
Sikasso	2011	12	14	348	14.9	30.9	20.8	-999.9	0.0	2.0	96935.1	-999.9
Sikasso	2011	12	15	349	14.5	31.6	20.8	-999.9	0.0	1.9	96981.1	-999.9
Sikasso	2011	12	16	350	13.8	31.4	20.7	-999.9	0.0	2.2	96998.4	-999.9
Sikasso	2011	12	17	351	14.6	31.3	19.9	-999.9	0.0	1.9	96980.1	-999.9
Sikasso	2011	12	18	352	13.1	31.5	20.7	-999.9	0.0	1.9	96882.7	-999.9
Sikasso	2011	12	19	353	14.2	32.1	20.5	-999.9	0.0	1.5	96870.2	-999.9
Sikasso	2011	12	20	354	14.9	32.3	20.4	-999.9	0.0	1.8	96897.3	-999.9
Sikasso	2011	12	21	355	15.5	31.6	19.8	-999.9	0.0	2.3	96973.7	-999.9
Sikasso	2011	12	22	356	15.3	30.8	20.3	-999.9	0.0	2.4	97066.5	-999.9
Sikasso	2011	12	23	357	14.7	31.5	20.4	-999.9	0.0	2.2	97010.2	-999.9
Sikasso	2011	12	24	358	15.7	31.3	20.4	-999.9	0.0	2.2	96955.0	-999.9
Sikasso	2011	12	25	359	15.2	31.5	20.3	-999.9	0.0	2.0	96933.7	-999.9
Sikasso	2011	12	26	360	15.2	32.7	20.4	-999.9	0.0	2.0	96957.4	-999.9
Sikasso	2011	12	27	361	15.5	32.9	20.4	-999.9	0.0	2.1	97033.8	-999.9
Sikasso	2011	12	28	362	16.1	31.7	20.4	-999.9	0.0	2.2	97062.4	-999.9
Sikasso	2011	12	29	363	15.8	29.4	19.4	-999.9	0.0	2.3	97180.1	-999.9
Sikasso	2011	12	30	364	13.5	28.6	20.4	-999.9	0.0	2.4	97201.1	-999.9
Sikasso	2011	12	31	365	12.4	28.4	20.5	-999.9	0.4	2.2	97191.3	-999.9
