Sikasso	1987	1	1	1	15.1	32.1	20.4	-999.9	0.0	2.0	97052.1	-999.9
Sikasso	1987	1	2	2	15.7	32.4	20.4	-999.9	0.0	2.0	97060.9	-999.9
Sikasso	1987	1	3	3	15.9	32.9	20.4	-999.9	0.0	1.8	96950.2	-999.9
Sikasso	1987	1	4	4	16.8	32.6	20.4	-999.9	0.0	2.0	96970.2	-999.9
Sikasso	1987	1	5	5	15.6	31.9	20.4	-999.9	0.0	2.2	97034.2	-999.9
Sikasso	1987	1	6	6	15.6	31.6	20.6	-999.9	0.0	2.2	97049.4	-999.9
Sikasso	1987	1	7	7	15.6	31.3	20.7	-999.9	0.0	2.1	97013.2	-999.9
Sikasso	1987	1	8	8	15.5	31.2	20.7	-999.9	0.1	2.1	97065.5	-999.9
Sikasso	1987	1	9	9	14.9	31.0	20.9	-999.9	0.0	2.2	97015.2	-999.9
Sikasso	1987	1	10	10	13.4	30.9	21.1	-999.9	0.0	2.2	96931.0	-999.9
Sikasso	1987	1	11	11	14.8	31.7	20.2	-999.9	0.0	2.1	96914.6	-999.9
Sikasso	1987	1	12	12	15.2	32.5	20.1	-999.9	0.0	2.0	96988.0	-999.9
Sikasso	1987	1	13	13	16.5	33.4	20.7	-999.9	0.0	2.1	97061.7	-999.9
Sikasso	1987	1	14	14	16.2	33.8	21.0	-999.9	0.0	2.0	97010.1	-999.9
Sikasso	1987	1	15	15	15.6	33.8	20.7	-999.9	0.0	2.0	96834.1	-999.9
Sikasso	1987	1	16	16	15.2	33.9	21.2	-999.9	0.0	1.7	96736.8	-999.9
Sikasso	1987	1	17	17	16.3	33.6	21.1	-999.9	0.0	1.6	96796.2	-999.9
Sikasso	1987	1	18	18	17.4	34.0	21.0	-999.9	0.0	1.8	96741.8	-999.9
Sikasso	1987	1	19	19	17.1	34.0	21.2	-999.9	0.0	1.7	96704.5	-999.9
Sikasso	1987	1	20	20	17.0	34.2	21.3	-999.9	0.0	1.7	96663.0	-999.9
Sikasso	1987	1	21	21	18.0	34.8	21.2	-999.9	0.0	2.0	96674.5	-999.9
Sikasso	1987	1	22	22	19.1	35.5	20.8	-999.9	0.0	2.4	96705.8	-999.9
Sikasso	1987	1	23	23	20.0	35.6	21.4	-999.9	0.0	2.3	96790.7	-999.9
Sikasso	1987	1	24	24	20.9	35.9	21.6	-999.9	0.2	2.6	96909.3	-999.9
Sikasso	1987	1	25	25	20.8	35.4	21.6	-999.9	0.0	2.9	96920.7	-999.9
Sikasso	1987	1	26	26	18.2	34.3	21.9	-999.9	0.0	2.4	96862.4	-999.9
Sikasso	1987	1	27	27	18.1	34.3	21.9	-999.9	0.0	2.0	96830.4	-999.9
Sikasso	1987	1	28	28	17.7	34.1	21.7	-999.9	0.4	2.2	96954.8	-999.9
Sikasso	1987	1	29	29	17.5	34.8	21.6	-999.9	0.0	1.9	96941.1	-999.9
Sikasso	1987	1	30	30	18.8	35.3	21.9	-999.9	0.0	2.1	96930.6	-999.9
Sikasso	1987	1	31	31	18.1	34.3	22.2	-999.9	0.0	2.3	96955.2	-999.9
Sikasso	1987	2	1	32	16.7	34.1	22.2	-999.9	0.0	2.3	96974.9	-999.9
Sikasso	1987	2	2	33	16.7	33.9	22.1	-999.9	0.0	2.1	96872.4	-999.9
Sikasso	1987	2	3	34	17.3	34.8	22.2	-999.9	0.0	1.9	96823.1	-999.9
Sikasso	1987	2	4	35	18.0	35.1	22.0	-999.9	0.0	2.1	96831.1	-999.9
Sikasso	1987	2	5	36	18.7	35.0	22.1	-999.9	0.0	2.2	96771.4	-999.9
Sikasso	1987	2	6	37	18.8	35.4	22.0	-999.9	0.0	1.9	96754.9	-999.9
Sikasso	1987	2	7	38	20.3	35.3	21.2	-999.9	0.0	2.1	96806.9	-999.9
Sikasso	1987	2	8	39	19.1	33.6	21.1	-999.9	0.0	2.5	96975.8	-999.9
Sikasso	1987	2	9	40	18.0	34.5	22.6	-999.9	0.0	2.5	97016.1	-999.9
Sikasso	1987	2	10	41	18.4	34.8	22.3	-999.9	0.0	2.1	96921.2	-999.9
Sikasso	1987	2	11	42	17.9	34.8	21.9	-999.9	0.0	1.8	96786.7	-999.9
Sikasso	1987	2	12	43	18.8	33.6	18.4	-999.9	0.0	1.9	96754.9	-999.9
Sikasso	1987	2	13	44	18.6	33.8	22.1	-999.9	0.0	2.2	96740.6	-999.9
Sikasso	1987	2	14	45	20.3	33.8	22.1	-999.9	0.0	1.7	96713.5	-999.9
Sikasso	1987	2	15	46	19.5	34.4	22.7	-999.9	0.0	1.8	96704.2	-999.9
Sikasso	1987	2	16	47	18.7	34.8	22.7	-999.9	0.0	1.8	96718.3	-999.9
Sikasso	1987	2	17	48	20.7	35.5	21.6	-999.9	0.0	1.9	96755.5	-999.9
Sikasso	1987	2	18	49	19.2	36.8	22.8	-999.9	0.0	1.8	96743.0	-999.9
Sikasso	1987	2	19	50	21.2	36.9	22.9	-999.9	0.0	1.7	96656.7	-999.9
Sikasso	1987	2	20	51	23.7	35.7	19.5	-999.9	2.1	1.8	96615.8	-999.9
Sikasso	1987	2	21	52	24.1	35.3	19.2	-999.9	0.0	1.4	96695.6	-999.9
Sikasso	1987	2	22	53	21.3	36.7	22.1	-999.9	0.0	2.3	96746.8	-999.9
Sikasso	1987	2	23	54	22.5	37.9	23.2	-999.9	0.0	2.3	96685.2	-999.9
Sikasso	1987	2	24	55	19.6	37.7	23.1	-999.9	0.0	2.0	96690.1	-999.9
Sikasso	1987	2	25	56	20.1	38.0	23.2	-999.9	1.8	1.7	96739.2	-999.9
Sikasso	1987	2	26	57	21.2	37.8	22.7	-999.9	0.0	1.7	96836.7	-999.9
Sikasso	1987	2	27	58	20.1	37.4	24.2	-999.9	0.0	2.3	96799.6	-999.9
Sikasso	1987	2	28	59	17.6	36.3	24.5	-999.9	0.0	2.1	96746.8	-999.9
Sikasso	1987	3	1	60	18.1	36.2	24.6	-999.9	0.0	2.4	96748.4	-999.9
Sikasso	1987	3	2	61	20.6	36.0	23.5	-999.9	0.0	2.4	96747.6	-999.9
Sikasso	1987	3	3	62	20.0	35.9	24.6	-999.9	0.0	2.4	96752.9	-999.9
Sikasso	1987	3	4	63	20.4	35.9	23.9	-999.9	0.0	2.2	96701.6	-999.9
Sikasso	1987	3	5	64	21.5	35.8	24.3	-999.9	0.0	2.4	96740.9	-999.9
Sikasso	1987	3	6	65	20.4	37.0	24.5	-999.9	1.2	1.8	96671.4	-999.9
Sikasso	1987	3	7	66	20.8	37.4	24.5	-999.9	0.0	2.1	96667.6	-999.9
Sikasso	1987	3	8	67	21.1	37.7	24.2	-999.9	0.0	1.6	96549.9	-999.9
Sikasso	1987	3	9	68	21.8	37.0	24.4	-999.9	0.0	1.6	96458.9	-999.9
Sikasso	1987	3	10	69	23.9	37.8	23.6	-999.9	0.0	1.7	96390.8	-999.9
Sikasso	1987	3	11	70	23.4	36.0	22.9	-999.9	0.0	2.2	96447.0	-999.9
Sikasso	1987	3	12	71	24.8	36.4	22.1	-999.9	0.0	1.8	96503.9	-999.9
Sikasso	1987	3	13	72	26.2	37.9	18.9	-999.9	0.0	2.2	96478.7	-999.9
Sikasso	1987	3	14	73	26.2	36.7	20.6	-999.9	0.0	1.7	96558.9	-999.9
Sikasso	1987	3	15	74	25.6	37.1	21.9	-999.9	2.2	2.2	96646.3	-999.9
Sikasso	1987	3	16	75	22.9	34.8	20.0	-999.9	0.0	2.9	96705.7	-999.9
Sikasso	1987	3	17	76	24.2	35.9	22.3	-999.9	0.0	2.0	96634.1	-999.9
Sikasso	1987	3	18	77	25.4	37.6	23.0	-999.9	0.0	1.6	96594.5	-999.9
Sikasso	1987	3	19	78	26.2	37.2	21.7	-999.9	0.0	1.4	96594.9	-999.9
Sikasso	1987	3	20	79	27.5	35.7	20.9	-999.9	0.0	1.9	96476.4	-999.9
Sikasso	1987	3	21	80	24.1	35.6	22.7	-999.9	0.0	2.0	96557.5	-999.9
Sikasso	1987	3	22	81	25.5	33.7	18.4	-999.9	1.8	1.4	96641.3	-999.9
Sikasso	1987	3	23	82	23.5	37.5	24.4	-999.9	0.0	2.0	96616.4	-999.9
Sikasso	1987	3	24	83	25.1	36.9	24.7	-999.9	0.0	2.0	96586.6	-999.9
Sikasso	1987	3	25	84	23.7	36.4	24.8	-999.9	0.0	2.0	96508.9	-999.9
Sikasso	1987	3	26	85	22.5	37.5	24.8	-999.9	0.0	1.7	96452.4	-999.9
Sikasso	1987	3	27	86	22.3	37.1	25.0	-999.9	0.0	1.8	96529.9	-999.9
Sikasso	1987	3	28	87	23.6	37.3	25.3	-999.9	0.0	2.2	96557.3	-999.9
Sikasso	1987	3	29	88	23.2	35.7	22.5	-999.9	5.9	1.6	96597.7	-999.9
Sikasso	1987	3	30	89	23.5	37.2	25.2	-999.9	0.0	0.9	96601.7	-999.9
Sikasso	1987	3	31	90	22.5	38.1	26.1	-999.9	0.0	1.8	96623.0	-999.9
Sikasso	1987	4	1	91	21.9	37.7	26.0	-999.9	0.0	1.9	96560.9	-999.9
Sikasso	1987	4	2	92	21.9	37.4	25.3	-999.9	0.0	1.4	96504.9	-999.9
Sikasso	1987	4	3	93	24.2	36.3	23.0	-999.9	0.0	1.6	96657.3	-999.9
Sikasso	1987	4	4	94	24.4	37.5	24.7	-999.9	0.0	1.8	96746.3	-999.9
Sikasso	1987	4	5	95	24.4	37.9	23.6	-999.9	0.0	2.1	96815.6	-999.9
Sikasso	1987	4	6	96	24.0	39.4	24.9	-999.9	0.0	2.1	96748.7	-999.9
Sikasso	1987	4	7	97	23.4	39.9	26.4	-999.9	0.0	2.1	96683.5	-999.9
Sikasso	1987	4	8	98	26.3	36.7	21.7	-999.9	0.0	2.1	96648.0	-999.9
Sikasso	1987	4	9	99	26.8	38.5	24.3	-999.9	0.0	2.3	96600.9	-999.9
Sikasso	1987	4	10	100	27.3	38.2	23.7	-999.9	0.0	2.3	96612.8	-999.9
Sikasso	1987	4	11	101	27.7	39.1	24.8	-999.9	0.0	2.3	96520.6	-999.9
Sikasso	1987	4	12	102	27.5	38.4	24.1	-999.9	0.0	1.8	96456.2	-999.9
Sikasso	1987	4	13	103	28.2	38.0	23.1	-999.9	0.0	1.9	96438.0	-999.9
Sikasso	1987	4	14	104	27.0	38.9	23.7	-999.9	4.9	2.2	96432.5	-999.9
Sikasso	1987	4	15	105	27.9	38.0	22.3	-999.9	4.9	2.3	96472.8	-999.9
Sikasso	1987	4	16	106	25.6	39.1	25.2	-999.9	0.0	1.9	96511.6	-999.9
Sikasso	1987	4	17	107	26.6	39.1	25.0	-999.9	0.0	1.9	96640.2	-999.9
Sikasso	1987	4	18	108	26.6	39.2	25.3	-999.9	0.0	2.0	96767.2	-999.9
Sikasso	1987	4	19	109	27.9	38.7	23.5	-999.9	0.0	1.8	96729.9	-999.9
Sikasso	1987	4	20	110	24.4	38.4	24.0	-999.9	0.0	1.8	96660.5	-999.9
Sikasso	1987	4	21	111	23.8	38.6	26.9	-999.9	0.0	2.5	96692.6	-999.9
Sikasso	1987	4	22	112	21.8	38.1	26.9	-999.9	0.0	2.6	96703.1	-999.9
Sikasso	1987	4	23	113	20.9	38.4	26.8	-999.9	0.0	2.2	96655.5	-999.9
Sikasso	1987	4	24	114	20.8	38.9	26.9	-999.9	0.0	2.1	96528.9	-999.9
Sikasso	1987	4	25	115	24.2	38.6	24.1	-999.9	0.0	1.7	96464.2	-999.9
Sikasso	1987	4	26	116	26.1	40.2	24.9	-999.9	0.0	2.2	96480.0	-999.9
Sikasso	1987	4	27	117	25.3	40.2	25.2	-999.9	0.0	2.0	96482.6	-999.9
Sikasso	1987	4	28	118	28.9	37.8	21.8	-999.9	0.0	2.3	96621.6	-999.9
Sikasso	1987	4	29	119	26.4	36.9	19.7	-999.9	0.0	2.1	96687.5	-999.9
Sikasso	1987	4	30	120	28.6	39.2	23.6	-999.9	0.0	2.3	96554.5	-999.9
Sikasso	1987	5	1	121	27.6	37.3	21.6	-999.9	5.5	2.1	96524.4	-999.9
Sikasso	1987	5	2	122	25.4	35.9	21.5	-999.9	1.8	2.1	96519.2	-999.9
Sikasso	1987	5	3	123	24.9	36.8	21.7	-999.9	0.0	1.6	96510.5	-999.9
Sikasso	1987	5	4	124	26.9	37.9	24.5	-999.9	1.8	2.5	96492.4	-999.9
Sikasso	1987	5	5	125	26.6	37.7	24.3	-999.9	0.0	2.5	96556.9	-999.9
Sikasso	1987	5	6	126	27.5	37.6	23.9	-999.9	2.0	2.3	96577.0	-999.9
Sikasso	1987	5	7	127	25.4	37.6	23.8	-999.9	0.0	2.3	96590.2	-999.9
Sikasso	1987	5	8	128	27.3	37.9	23.9	-999.9	0.0	2.2	96546.8	-999.9
Sikasso	1987	5	9	129	27.6	38.4	23.7	-999.9	2.0	2.5	96512.2	-999.9
Sikasso	1987	5	10	130	28.3	38.0	23.1	-999.9	2.0	2.3	96622.6	-999.9
Sikasso	1987	5	11	131	26.9	37.4	23.0	-999.9	3.8	2.6	96645.8	-999.9
Sikasso	1987	5	12	132	24.3	37.2	22.3	-999.9	7.5	2.2	96640.8	-999.9
Sikasso	1987	5	13	133	26.0	37.7	23.5	-999.9	0.0	2.4	96602.1	-999.9
Sikasso	1987	5	14	134	24.5	35.3	22.0	-999.9	7.5	2.1	96689.1	-999.9
Sikasso	1987	5	15	135	25.5	35.8	23.6	-999.9	3.8	1.6	96556.4	-999.9
Sikasso	1987	5	16	136	25.5	35.5	22.6	-999.9	5.9	2.1	96430.6	-999.9
Sikasso	1987	5	17	137	24.6	35.6	22.1	-999.9	0.0	2.0	96425.5	-999.9
Sikasso	1987	5	18	138	24.2	35.1	19.7	-999.9	0.0	1.9	96395.7	-999.9
Sikasso	1987	5	19	139	25.0	33.8	18.7	-999.9	0.0	2.7	96469.3	-999.9
Sikasso	1987	5	20	140	24.9	34.0	23.4	-999.9	0.0	2.6	96561.8	-999.9
Sikasso	1987	5	21	141	25.8	36.2	23.5	-999.9	3.7	2.8	96538.6	-999.9
Sikasso	1987	5	22	142	25.9	36.1	24.0	-999.9	0.0	2.4	96484.1	-999.9
Sikasso	1987	5	23	143	24.2	33.6	21.5	-999.9	7.4	1.7	96502.9	-999.9
Sikasso	1987	5	24	144	25.3	32.6	22.3	-999.9	0.0	1.8	96565.6	-999.9
Sikasso	1987	5	25	145	24.1	34.8	22.7	-999.9	5.6	1.8	96683.3	-999.9
Sikasso	1987	5	26	146	24.3	32.8	20.9	-999.9	0.0	1.9	96832.1	-999.9
Sikasso	1987	5	27	147	26.3	34.9	22.6	-999.9	0.0	2.7	96819.5	-999.9
Sikasso	1987	5	28	148	23.5	35.9	24.5	-999.9	0.0	2.9	96833.3	-999.9
Sikasso	1987	5	29	149	24.0	34.3	23.8	-999.9	9.2	2.9	96821.5	-999.9
Sikasso	1987	5	30	150	23.5	33.3	22.4	-999.9	6.2	3.0	96811.1	-999.9
Sikasso	1987	5	31	151	23.2	32.9	22.5	-999.9	13.9	2.9	96877.3	-999.9
Sikasso	1987	6	1	152	24.6	33.4	23.4	-999.9	0.0	2.9	96841.7	-999.9
Sikasso	1987	6	2	153	24.3	32.3	20.3	-999.9	10.2	2.7	96809.3	-999.9
Sikasso	1987	6	3	154	23.5	32.4	21.5	-999.9	0.0	2.3	96800.2	-999.9
Sikasso	1987	6	4	155	23.7	33.6	23.2	-999.9	0.0	1.8	96741.8	-999.9
Sikasso	1987	6	5	156	25.4	34.1	23.8	-999.9	10.2	1.8	96611.5	-999.9
Sikasso	1987	6	6	157	24.2	31.1	18.5	-999.9	12.5	1.9	96744.8	-999.9
Sikasso	1987	6	7	158	23.1	29.2	15.4	-999.9	2.7	1.9	97022.8	-999.9
Sikasso	1987	6	8	159	23.2	30.7	20.1	-999.9	1.6	1.3	97103.8	-999.9
Sikasso	1987	6	9	160	22.7	31.1	21.7	-999.9	1.3	1.3	96945.2	-999.9
Sikasso	1987	6	10	161	23.9	31.4	21.1	-999.9	1.5	1.3	96866.9	-999.9
Sikasso	1987	6	11	162	24.2	31.3	20.7	-999.9	1.2	1.6	97011.7	-999.9
Sikasso	1987	6	12	163	23.9	30.0	18.4	-999.9	23.6	2.1	96983.7	-999.9
Sikasso	1987	6	13	164	24.2	32.8	23.3	-999.9	1.2	2.1	96791.1	-999.9
Sikasso	1987	6	14	165	24.7	32.8	23.1	-999.9	3.7	2.3	96714.0	-999.9
Sikasso	1987	6	15	166	24.0	32.2	22.3	-999.9	9.7	2.5	96751.8	-999.9
Sikasso	1987	6	16	167	23.5	31.3	21.6	-999.9	24.5	2.1	96916.5	-999.9
Sikasso	1987	6	17	168	24.4	32.1	19.8	-999.9	5.0	1.5	97110.2	-999.9
Sikasso	1987	6	18	169	24.5	33.8	23.3	-999.9	0.6	1.3	97029.9	-999.9
Sikasso	1987	6	19	170	25.6	33.2	22.7	-999.9	0.0	1.8	96895.6	-999.9
Sikasso	1987	6	20	171	22.7	33.2	23.6	-999.9	14.1	2.1	96986.1	-999.9
Sikasso	1987	6	21	172	24.0	29.6	15.5	-999.9	0.0	1.4	97121.8	-999.9
Sikasso	1987	6	22	173	22.5	32.4	23.2	-999.9	0.0	1.3	97163.4	-999.9
Sikasso	1987	6	23	174	23.8	33.4	22.9	-999.9	7.4	1.3	97021.9	-999.9
Sikasso	1987	6	24	175	23.9	34.5	23.7	-999.9	14.9	2.6	96849.4	-999.9
Sikasso	1987	6	25	176	23.8	34.1	23.9	-999.9	0.0	2.1	96895.4	-999.9
Sikasso	1987	6	26	177	24.2	31.6	19.5	-999.9	0.0	1.6	97033.6	-999.9
Sikasso	1987	6	27	178	23.6	32.8	22.2	-999.9	21.5	1.6	97043.7	-999.9
Sikasso	1987	6	28	179	23.9	33.7	23.7	-999.9	0.0	1.6	96998.7	-999.9
Sikasso	1987	6	29	180	22.7	32.4	22.2	-999.9	0.0	2.1	97105.3	-999.9
Sikasso	1987	6	30	181	23.2	32.9	24.0	-999.9	0.0	1.5	97045.2	-999.9
Sikasso	1987	7	1	182	23.6	32.1	21.9	-999.9	4.6	2.1	96998.9	-999.9
Sikasso	1987	7	2	183	24.1	32.0	22.0	-999.9	9.2	1.7	96951.8	-999.9
Sikasso	1987	7	3	184	23.5	33.5	23.2	-999.9	9.2	1.3	96963.7	-999.9
Sikasso	1987	7	4	185	24.0	32.8	22.9	-999.9	0.0	1.9	96923.6	-999.9
Sikasso	1987	7	5	186	23.7	34.1	24.6	-999.9	0.0	1.9	96900.5	-999.9
Sikasso	1987	7	6	187	25.6	32.1	21.9	-999.9	0.0	2.4	96909.6	-999.9
Sikasso	1987	7	7	188	24.5	32.6	22.9	-999.9	7.1	2.2	96877.8	-999.9
Sikasso	1987	7	8	189	23.9	31.9	21.3	-999.9	0.0	1.6	96864.5	-999.9
Sikasso	1987	7	9	190	24.7	32.2	20.7	-999.9	0.0	1.9	96875.2	-999.9
Sikasso	1987	7	10	191	23.7	31.5	19.0	-999.9	6.2	2.1	96825.0	-999.9
Sikasso	1987	7	11	192	22.6	31.7	16.4	-999.9	6.0	1.7	96788.6	-999.9
Sikasso	1987	7	12	193	23.8	31.1	19.5	-999.9	6.0	1.9	96779.3	-999.9
Sikasso	1987	7	13	194	22.9	30.4	19.1	-999.9	6.0	1.8	96794.7	-999.9
Sikasso	1987	7	14	195	23.7	31.8	22.4	-999.9	0.0	1.7	96827.4	-999.9
Sikasso	1987	7	15	196	24.3	32.2	19.6	-999.9	11.9	1.4	96861.8	-999.9
Sikasso	1987	7	16	197	23.3	31.5	20.8	-999.9	12.1	1.3	96856.1	-999.9
Sikasso	1987	7	17	198	23.3	30.2	16.4	-999.9	24.1	1.9	96755.1	-999.9
Sikasso	1987	7	18	199	22.1	30.1	18.4	-999.9	6.0	1.4	96837.1	-999.9
Sikasso	1987	7	19	200	22.7	29.9	19.4	-999.9	6.0	1.6	96984.1	-999.9
Sikasso	1987	7	20	201	23.3	30.9	21.8	-999.9	0.0	1.4	96955.7	-999.9
Sikasso	1987	7	21	202	24.3	30.3	18.1	-999.9	12.6	1.6	96827.9	-999.9
Sikasso	1987	7	22	203	23.2	30.9	21.2	-999.9	0.0	1.4	96718.6	-999.9
Sikasso	1987	7	23	204	23.7	30.7	21.8	-999.9	0.0	1.5	96813.0	-999.9
Sikasso	1987	7	24	205	24.2	32.4	23.9	-999.9	22.0	2.2	96762.9	-999.9
Sikasso	1987	7	25	206	23.6	30.7	17.5	-999.9	25.1	1.9	96802.2	-999.9
Sikasso	1987	7	26	207	23.1	30.8	21.1	-999.9	7.1	2.0	96755.0	-999.9
Sikasso	1987	7	27	208	22.6	29.7	16.5	-999.9	7.1	1.4	96726.6	-999.9
Sikasso	1987	7	28	209	22.6	30.2	18.1	-999.9	14.3	1.2	96760.2	-999.9
Sikasso	1987	7	29	210	22.0	31.5	22.4	-999.9	7.1	1.2	96712.5	-999.9
Sikasso	1987	7	30	211	24.4	31.4	22.6	-999.9	0.0	1.8	96717.6	-999.9
Sikasso	1987	7	31	212	23.8	31.3	16.1	-999.9	24.4	1.7	96732.8	-999.9
Sikasso	1987	8	1	213	21.9	29.6	16.2	-999.9	0.0	1.7	96766.8	-999.9
Sikasso	1987	8	2	214	22.2	30.4	18.5	-999.9	21.3	1.1	96698.9	-999.9
Sikasso	1987	8	3	215	22.7	28.7	15.8	-999.9	10.6	1.4	96668.0	-999.9
Sikasso	1987	8	4	216	21.9	30.2	20.0	-999.9	0.0	1.4	96749.7	-999.9
Sikasso	1987	8	5	217	22.1	29.6	19.6	-999.9	5.3	1.6	96837.9	-999.9
Sikasso	1987	8	6	218	22.4	30.0	20.9	-999.9	0.0	1.4	96764.3	-999.9
Sikasso	1987	8	7	219	23.2	29.9	17.2	-999.9	37.4	1.6	96793.1	-999.9
Sikasso	1987	8	8	220	22.8	29.1	13.5	-999.9	0.0	1.7	96849.5	-999.9
Sikasso	1987	8	9	221	21.7	30.7	20.9	-999.9	0.0	1.9	96894.8	-999.9
Sikasso	1987	8	10	222	22.5	29.7	17.9	-999.9	22.4	2.2	96847.5	-999.9
Sikasso	1987	8	11	223	21.1	30.9	24.4	-999.9	14.5	1.8	96883.7	-999.9
Sikasso	1987	8	12	224	23.2	30.2	20.6	-999.9	0.0	1.7	96823.8	-999.9
Sikasso	1987	8	13	225	22.1	29.4	20.1	-999.9	0.0	2.0	96876.0	-999.9
Sikasso	1987	8	14	226	21.6	30.4	19.8	-999.9	0.0	1.7	96871.7	-999.9
Sikasso	1987	8	15	227	22.7	28.5	15.8	-999.9	16.6	2.5	96680.5	-999.9
Sikasso	1987	8	16	228	22.3	28.3	14.3	-999.9	0.0	1.9	96848.0	-999.9
Sikasso	1987	8	17	229	21.6	30.0	20.7	-999.9	4.7	1.6	96886.9	-999.9
Sikasso	1987	8	18	230	23.5	29.5	13.9	-999.9	14.0	2.0	96754.1	-999.9
Sikasso	1987	8	19	231	23.0	29.9	16.8	-999.9	0.0	1.9	96776.9	-999.9
Sikasso	1987	8	20	232	22.6	29.8	18.5	-999.9	4.7	1.7	96873.3	-999.9
Sikasso	1987	8	21	233	22.6	27.4	11.5	-999.9	59.0	1.8	96862.1	-999.9
Sikasso	1987	8	22	234	22.2	26.8	11.1	-999.9	0.0	1.5	96913.3	-999.9
Sikasso	1987	8	23	235	21.8	29.3	18.9	-999.9	0.0	2.0	96997.2	-999.9
Sikasso	1987	8	24	236	22.5	29.6	19.9	-999.9	0.0	1.8	96983.1	-999.9
Sikasso	1987	8	25	237	22.9	30.9	20.4	-999.9	35.4	1.3	96949.3	-999.9
Sikasso	1987	8	26	238	22.5	26.9	11.7	-999.9	0.0	1.2	96962.2	-999.9
Sikasso	1987	8	27	239	22.3	29.3	19.8	-999.9	0.0	2.2	97001.4	-999.9
Sikasso	1987	8	28	240	22.4	28.6	15.3	-999.9	10.7	1.8	97024.1	-999.9
Sikasso	1987	8	29	241	22.6	29.8	19.0	-999.9	21.5	1.3	96890.2	-999.9
Sikasso	1987	8	30	242	23.1	30.3	19.7	-999.9	10.7	1.5	96744.0	-999.9
Sikasso	1987	8	31	243	22.2	28.4	13.3	-999.9	10.7	1.3	96840.6	-999.9
Sikasso	1987	9	1	244	22.2	29.0	15.0	-999.9	0.0	1.7	96897.5	-999.9
Sikasso	1987	9	2	245	20.9	30.8	22.8	-999.9	0.0	1.2	96820.1	-999.9
Sikasso	1987	9	3	246	23.5	31.0	21.2	-999.9	18.1	1.2	96762.7	-999.9
Sikasso	1987	9	4	247	22.9	30.2	21.3	-999.9	9.0	1.4	96786.2	-999.9
Sikasso	1987	9	5	248	22.8	30.1	20.3	-999.9	0.0	1.2	96810.4	-999.9
Sikasso	1987	9	6	249	22.5	28.6	14.8	-999.9	5.6	1.3	96806.6	-999.9
Sikasso	1987	9	7	250	22.3	30.0	20.4	-999.9	0.0	1.6	96817.2	-999.9
Sikasso	1987	9	8	251	22.0	31.7	23.8	-999.9	0.0	1.1	96753.8	-999.9
Sikasso	1987	9	9	252	23.4	31.8	23.5	-999.9	0.0	1.4	96728.3	-999.9
Sikasso	1987	9	10	253	22.3	29.4	16.9	-999.9	16.8	1.9	96871.6	-999.9
Sikasso	1987	9	11	254	22.7	29.4	18.8	-999.9	0.0	1.8	96940.4	-999.9
Sikasso	1987	9	12	255	22.8	30.2	21.0	-999.9	0.0	1.1	97025.1	-999.9
Sikasso	1987	9	13	256	23.3	31.5	22.5	-999.9	0.0	1.7	96831.7	-999.9
Sikasso	1987	9	14	257	22.6	30.2	18.0	-999.9	8.5	2.5	96809.8	-999.9
Sikasso	1987	9	15	258	22.0	28.7	15.8	-999.9	17.1	1.3	96821.6	-999.9
Sikasso	1987	9	16	259	21.8	28.5	15.5	-999.9	21.7	1.3	96926.3	-999.9
Sikasso	1987	9	17	260	21.6	30.2	21.9	-999.9	3.8	1.0	97024.7	-999.9
Sikasso	1987	9	18	261	22.3	31.0	21.1	-999.9	0.0	1.4	96933.2	-999.9
Sikasso	1987	9	19	262	22.5	29.7	17.8	-999.9	0.0	1.9	96853.0	-999.9
Sikasso	1987	9	20	263	22.3	30.2	19.2	-999.9	7.7	1.7	96890.3	-999.9
Sikasso	1987	9	21	264	22.5	29.8	17.8	-999.9	1.0	1.4	96876.1	-999.9
Sikasso	1987	9	22	265	23.2	28.8	14.8	-999.9	31.9	1.1	96933.0	-999.9
Sikasso	1987	9	23	266	21.4	26.0	9.9	-999.9	6.2	1.8	97071.8	-999.9
Sikasso	1987	9	24	267	21.3	29.9	20.7	-999.9	2.9	1.1	97089.3	-999.9
Sikasso	1987	9	25	268	21.9	30.9	21.0	-999.9	4.4	1.6	96966.1	-999.9
Sikasso	1987	9	26	269	23.8	30.0	19.1	-999.9	0.0	2.2	96968.1	-999.9
Sikasso	1987	9	27	270	22.6	28.2	13.2	-999.9	14.3	1.7	97007.2	-999.9
Sikasso	1987	9	28	271	21.9	28.2	15.2	-999.9	0.0	1.1	97002.1	-999.9
Sikasso	1987	9	29	272	21.5	30.7	22.0	-999.9	18.7	1.5	96895.5	-999.9
Sikasso	1987	9	30	273	22.0	30.8	21.0	-999.9	12.5	1.6	96809.9	-999.9
Sikasso	1987	10	1	274	23.4	30.5	21.5	-999.9	11.9	1.8	96776.7	-999.9
Sikasso	1987	10	2	275	22.7	30.3	21.2	-999.9	11.9	1.6	96920.0	-999.9
Sikasso	1987	10	3	276	22.2	31.1	22.7	-999.9	0.0	1.3	96974.1	-999.9
Sikasso	1987	10	4	277	22.5	30.5	19.6	-999.9	6.8	1.1	96850.1	-999.9
Sikasso	1987	10	5	278	23.0	30.2	19.2	-999.9	0.0	1.6	96804.9	-999.9
Sikasso	1987	10	6	279	22.7	32.0	22.8	-999.9	6.6	1.7	96812.7	-999.9
Sikasso	1987	10	7	280	23.8	30.0	17.4	-999.9	3.8	1.6	96878.8	-999.9
Sikasso	1987	10	8	281	22.4	27.9	13.9	-999.9	3.3	1.7	96855.3	-999.9
Sikasso	1987	10	9	282	22.1	29.3	18.8	-999.9	3.3	1.7	96862.3	-999.9
Sikasso	1987	10	10	283	21.6	30.0	20.8	-999.9	0.0	0.9	96829.3	-999.9
Sikasso	1987	10	11	284	21.0	29.3	18.6	-999.9	0.0	0.9	96855.1	-999.9
Sikasso	1987	10	12	285	22.2	28.4	13.1	-999.9	0.0	1.3	96849.4	-999.9
Sikasso	1987	10	13	286	21.8	29.7	18.7	-999.9	0.0	1.1	96878.2	-999.9
Sikasso	1987	10	14	287	22.1	30.7	22.1	-999.9	0.0	1.2	96860.9	-999.9
Sikasso	1987	10	15	288	23.6	31.3	20.4	-999.9	6.2	1.0	96827.1	-999.9
Sikasso	1987	10	16	289	22.0	30.5	19.0	-999.9	1.9	1.2	96871.0	-999.9
Sikasso	1987	10	17	290	22.0	29.7	18.2	-999.9	0.0	1.6	96868.0	-999.9
Sikasso	1987	10	18	291	22.9	30.1	19.5	-999.9	0.0	1.3	96815.2	-999.9
Sikasso	1987	10	19	292	22.9	30.7	20.7	-999.9	1.9	1.1	96798.1	-999.9
Sikasso	1987	10	20	293	23.1	31.4	21.9	-999.9	1.9	1.2	96743.1	-999.9
Sikasso	1987	10	21	294	22.7	30.5	20.6	-999.9	4.0	1.2	96823.9	-999.9
Sikasso	1987	10	22	295	21.9	29.4	17.8	-999.9	0.0	1.7	96822.8	-999.9
Sikasso	1987	10	23	296	20.3	31.5	22.3	-999.9	0.0	1.3	96749.1	-999.9
Sikasso	1987	10	24	297	22.3	31.2	21.9	-999.9	0.0	1.3	96861.9	-999.9
Sikasso	1987	10	25	298	21.9	31.4	21.1	-999.9	2.0	1.3	96857.7	-999.9
Sikasso	1987	10	26	299	22.8	31.4	19.7	-999.9	0.0	1.3	96858.1	-999.9
Sikasso	1987	10	27	300	21.6	30.6	19.2	-999.9	0.0	1.0	96818.8	-999.9
Sikasso	1987	10	28	301	21.7	32.1	21.7	-999.9	0.0	1.4	96684.6	-999.9
Sikasso	1987	10	29	302	20.4	32.9	22.3	-999.9	0.0	1.2	96661.0	-999.9
Sikasso	1987	10	30	303	21.2	32.2	21.3	-999.9	0.0	1.3	96707.9	-999.9
Sikasso	1987	10	31	304	21.3	33.2	21.1	-999.9	0.0	1.3	96731.1	-999.9
Sikasso	1987	11	1	305	20.8	33.5	21.7	-999.9	0.0	1.2	96762.5	-999.9
Sikasso	1987	11	2	306	20.4	32.5	20.6	-999.9	0.0	1.3	96827.8	-999.9
Sikasso	1987	11	3	307	20.9	32.7	21.0	-999.9	0.0	1.4	96860.0	-999.9
Sikasso	1987	11	4	308	19.9	33.7	22.7	-999.9	0.0	1.3	96937.8	-999.9
Sikasso	1987	11	5	309	17.8	34.2	22.6	-999.9	0.0	1.3	97001.7	-999.9
Sikasso	1987	11	6	310	18.2	34.4	21.8	-999.9	0.0	1.1	96962.1	-999.9
Sikasso	1987	11	7	311	19.4	35.0	22.7	-999.9	0.0	1.8	96831.3	-999.9
Sikasso	1987	11	8	312	18.1	34.4	22.5	-999.9	0.0	1.5	96822.0	-999.9
Sikasso	1987	11	9	313	19.7	33.8	21.1	-999.9	0.0	1.4	96904.3	-999.9
Sikasso	1987	11	10	314	22.3	32.8	19.5	-999.9	0.0	1.6	96900.7	-999.9
Sikasso	1987	11	11	315	22.5	33.8	20.4	-999.9	0.0	1.5	96815.7	-999.9
Sikasso	1987	11	12	316	23.2	33.1	17.4	-999.9	3.1	1.1	96788.5	-999.9
Sikasso	1987	11	13	317	22.6	34.8	20.5	-999.9	0.0	1.5	96796.5	-999.9
Sikasso	1987	11	14	318	22.6	34.2	19.7	-999.9	0.0	1.1	96796.2	-999.9
Sikasso	1987	11	15	319	21.3	34.9	21.6	-999.9	0.0	1.4	96789.2	-999.9
Sikasso	1987	11	16	320	20.1	34.7	21.9	-999.9	0.0	1.6	96741.2	-999.9
Sikasso	1987	11	17	321	18.3	34.3	21.9	-999.9	0.0	1.9	96728.2	-999.9
Sikasso	1987	11	18	322	19.4	34.5	21.7	-999.9	0.0	1.7	96670.5	-999.9
Sikasso	1987	11	19	323	18.9	33.4	20.1	-999.9	0.0	1.3	96732.1	-999.9
Sikasso	1987	11	20	324	22.6	33.7	19.8	-999.9	0.0	1.7	96833.2	-999.9
Sikasso	1987	11	21	325	20.9	34.0	20.8	-999.9	0.0	1.8	96758.3	-999.9
Sikasso	1987	11	22	326	18.7	34.0	21.2	-999.9	0.0	1.7	96714.3	-999.9
Sikasso	1987	11	23	327	19.0	33.9	21.1	-999.9	0.0	1.7	96775.1	-999.9
Sikasso	1987	11	24	328	20.7	32.6	17.5	-999.9	0.0	1.4	96750.9	-999.9
Sikasso	1987	11	25	329	21.8	34.5	19.6	-999.9	0.0	1.7	96690.4	-999.9
Sikasso	1987	11	26	330	21.2	34.5	19.0	-999.9	0.0	2.0	96649.0	-999.9
Sikasso	1987	11	27	331	21.5	34.6	18.3	-999.9	0.0	1.7	96595.4	-999.9
Sikasso	1987	11	28	332	18.7	35.1	21.0	-999.9	0.0	1.9	96612.4	-999.9
Sikasso	1987	11	29	333	19.1	34.6	20.4	-999.9	0.0	1.1	96689.4	-999.9
Sikasso	1987	11	30	334	20.2	35.5	20.9	-999.9	0.0	1.6	96766.6	-999.9
Sikasso	1987	12	1	335	18.7	34.8	20.9	-999.9	0.0	1.5	96840.2	-999.9
Sikasso	1987	12	2	336	19.0	34.7	20.8	-999.9	0.0	2.0	96811.3	-999.9
Sikasso	1987	12	3	337	20.5	34.1	20.6	-999.9	0.0	1.7	96734.0	-999.9
Sikasso	1987	12	4	338	21.1	34.0	18.8	-999.9	0.0	1.4	96832.3	-999.9
Sikasso	1987	12	5	339	22.5	32.4	14.5	-999.9	0.0	1.4	96933.1	-999.9
Sikasso	1987	12	6	340	20.8	34.3	18.3	-999.9	0.0	1.2	96808.0	-999.9
Sikasso	1987	12	7	341	23.9	32.4	17.0	-999.9	0.0	1.7	96848.1	-999.9
Sikasso	1987	12	8	342	23.4	33.2	17.9	-999.9	0.0	1.4	96896.8	-999.9
Sikasso	1987	12	9	343	23.8	32.6	16.7	-999.9	0.0	1.4	96995.6	-999.9
Sikasso	1987	12	10	344	19.5	34.4	20.6	-999.9	0.0	2.0	96931.8	-999.9
Sikasso	1987	12	11	345	19.3	34.2	20.8	-999.9	0.0	2.3	96797.2	-999.9
Sikasso	1987	12	12	346	18.2	33.8	20.8	-999.9	0.0	1.9	96783.7	-999.9
Sikasso	1987	12	13	347	16.7	33.9	20.8	-999.9	0.0	1.8	96862.9	-999.9
Sikasso	1987	12	14	348	16.7	33.8	20.6	-999.9	0.0	1.8	96901.8	-999.9
Sikasso	1987	12	15	349	17.5	34.3	20.6	-999.9	0.0	2.1	96874.5	-999.9
Sikasso	1987	12	16	350	18.2	33.2	20.7	-999.9	0.0	2.2	96923.2	-999.9
Sikasso	1987	12	17	351	16.9	33.0	20.9	-999.9	0.0	2.3	97020.0	-999.9
Sikasso	1987	12	18	352	16.5	32.4	21.0	-999.9	0.0	2.3	96988.6	-999.9
Sikasso	1987	12	19	353	16.1	32.0	20.7	-999.9	0.0	2.1	96904.6	-999.9
Sikasso	1987	12	20	354	15.8	32.5	20.6	-999.9	0.0	2.1	96930.9	-999.9
Sikasso	1987	12	21	355	18.2	33.1	20.2	-999.9	0.5	2.2	97052.2	-999.9
Sikasso	1987	12	22	356	17.8	32.3	20.1	-999.9	0.0	2.1	97061.4	-999.9
Sikasso	1987	12	23	357	16.2	31.9	20.3	-999.9	0.0	2.0	96881.0	-999.9
Sikasso	1987	12	24	358	15.1	32.2	20.4	-999.9	0.0	1.8	96715.4	-999.9
Sikasso	1987	12	25	359	15.9	33.0	20.3	-999.9	0.0	1.8	96668.0	-999.9
Sikasso	1987	12	26	360	17.0	31.9	20.2	-999.9	0.0	2.2	96790.4	-999.9
Sikasso	1987	12	27	361	15.6	29.8	20.2	-999.9	0.0	2.3	96915.1	-999.9
Sikasso	1987	12	28	362	14.0	28.9	20.3	-999.9	0.0	2.2	97025.4	-999.9
Sikasso	1987	12	29	363	14.7	26.9	15.3	-999.9	0.0	2.1	97068.5	-999.9
Sikasso	1987	12	30	364	15.7	28.3	18.0	-999.9	0.4	2.4	97091.4	-999.9
Sikasso	1987	12	31	365	15.2	28.3	19.7	-999.9	0.0	2.7	97097.8	-999.9
