Sikasso	2017	1	1	1	16.9	32.2	20.5	-999.9	0.0	1.9	96903.9	-999.9
Sikasso	2017	1	2	2	17.0	32.0	20.6	-999.9	0.0	2.0	96893.2	-999.9
Sikasso	2017	1	3	3	16.6	31.9	20.6	-999.9	0.0	2.1	97001.0	-999.9
Sikasso	2017	1	4	4	15.1	31.4	20.7	-999.9	0.0	2.0	96989.0	-999.9
Sikasso	2017	1	5	5	14.7	31.8	20.6	-999.9	0.0	1.9	96861.8	-999.9
Sikasso	2017	1	6	6	15.9	33.1	20.7	-999.9	0.0	1.8	96811.3	-999.9
Sikasso	2017	1	7	7	17.3	33.9	20.7	-999.9	0.0	2.0	96874.9	-999.9
Sikasso	2017	1	8	8	17.6	34.7	20.5	-999.9	0.0	2.0	96918.2	-999.9
Sikasso	2017	1	9	9	18.2	34.3	20.7	-999.9	0.0	2.2	96812.5	-999.9
Sikasso	2017	1	10	10	18.9	33.0	20.9	-999.9	0.0	2.1	96761.5	-999.9
Sikasso	2017	1	11	11	15.4	30.8	20.8	-999.9	0.0	2.0	96753.0	-999.9
Sikasso	2017	1	12	12	15.0	30.9	21.0	-999.9	0.0	1.9	96896.3	-999.9
Sikasso	2017	1	13	13	14.6	30.2	21.0	-999.9	0.0	2.4	96960.5	-999.9
Sikasso	2017	1	14	14	14.1	30.6	21.0	-999.9	0.0	2.0	96811.4	-999.9
Sikasso	2017	1	15	15	14.7	32.8	21.0	-999.9	0.0	1.8	96728.2	-999.9
Sikasso	2017	1	16	16	16.8	33.4	19.4	-999.9	0.0	1.9	96696.9	-999.9
Sikasso	2017	1	17	17	16.7	33.9	20.6	-999.9	0.0	2.1	96660.7	-999.9
Sikasso	2017	1	18	18	18.7	35.0	21.0	-999.9	0.0	1.8	96658.1	-999.9
Sikasso	2017	1	19	19	21.2	34.8	19.7	-999.9	0.0	1.2	96722.5	-999.9
Sikasso	2017	1	20	20	22.1	35.8	20.7	-999.9	0.0	1.5	96696.8	-999.9
Sikasso	2017	1	21	21	20.0	34.9	20.3	-999.9	0.0	2.2	96739.0	-999.9
Sikasso	2017	1	22	22	19.5	33.0	21.0	-999.9	0.0	2.4	96828.7	-999.9
Sikasso	2017	1	23	23	17.2	31.7	21.3	-999.9	0.0	2.2	97006.2	-999.9
Sikasso	2017	1	24	24	15.9	31.3	21.3	-999.9	0.0	2.0	97039.2	-999.9
Sikasso	2017	1	25	25	15.8	32.5	21.5	-999.9	0.0	1.9	97002.6	-999.9
Sikasso	2017	1	26	26	16.3	34.1	21.6	-999.9	0.0	1.9	97052.6	-999.9
Sikasso	2017	1	27	27	17.4	34.4	21.5	-999.9	0.0	2.2	97145.5	-999.9
Sikasso	2017	1	28	28	17.3	34.3	21.9	-999.9	0.0	2.1	97093.0	-999.9
Sikasso	2017	1	29	29	17.3	34.6	21.9	-999.9	0.0	2.2	96958.5	-999.9
Sikasso	2017	1	30	30	17.0	34.2	22.2	-999.9	0.0	2.1	96894.2	-999.9
Sikasso	2017	1	31	31	15.8	35.9	22.3	-999.9	0.0	1.2	96770.1	-999.9
Sikasso	2017	2	1	32	17.8	35.6	22.1	-999.9	0.0	1.5	96741.6	-999.9
Sikasso	2017	2	2	33	18.1	33.7	22.2	-999.9	0.0	1.9	96954.6	-999.9
Sikasso	2017	2	3	34	18.8	33.8	21.3	-999.9	0.0	2.6	96963.8	-999.9
Sikasso	2017	2	4	35	19.5	34.7	21.8	-999.9	0.0	2.4	96905.1	-999.9
Sikasso	2017	2	5	36	20.3	35.1	21.8	-999.9	0.0	2.3	96843.8	-999.9
Sikasso	2017	2	6	37	19.5	35.4	22.2	-999.9	0.0	2.7	96837.0	-999.9
Sikasso	2017	2	7	38	20.2	35.1	22.2	-999.9	0.0	2.8	96800.3	-999.9
Sikasso	2017	2	8	39	19.3	35.0	22.3	-999.9	0.0	2.3	96723.2	-999.9
Sikasso	2017	2	9	40	19.2	35.9	22.6	-999.9	1.4	2.2	96697.4	-999.9
Sikasso	2017	2	10	41	18.8	35.5	22.1	-999.9	0.0	1.9	96620.5	-999.9
Sikasso	2017	2	11	42	20.1	36.5	21.9	-999.9	0.0	2.0	96490.5	-999.9
Sikasso	2017	2	12	43	20.4	36.7	21.7	-999.9	0.0	1.7	96452.8	-999.9
Sikasso	2017	2	13	44	22.0	36.5	22.3	-999.9	0.0	2.0	96658.8	-999.9
Sikasso	2017	2	14	45	22.4	37.2	22.7	-999.9	0.0	2.2	96667.5	-999.9
Sikasso	2017	2	15	46	23.1	37.2	22.7	-999.9	0.0	2.5	96785.7	-999.9
Sikasso	2017	2	16	47	24.2	36.6	22.8	-999.9	0.0	2.7	96794.8	-999.9
Sikasso	2017	2	17	48	23.0	36.1	23.3	-999.9	0.0	2.9	96872.5	-999.9
Sikasso	2017	2	18	49	22.1	35.6	23.4	-999.9	0.0	2.6	96949.6	-999.9
Sikasso	2017	2	19	50	21.3	35.2	23.2	-999.9	0.0	2.3	96915.5	-999.9
Sikasso	2017	2	20	51	20.5	35.7	23.6	-999.9	0.0	2.1	96795.9	-999.9
Sikasso	2017	2	21	52	19.5	36.3	23.3	-999.9	0.0	1.6	96674.1	-999.9
Sikasso	2017	2	22	53	22.4	36.5	21.2	-999.9	0.0	1.5	96634.7	-999.9
Sikasso	2017	2	23	54	22.9	37.5	22.3	-999.9	0.0	1.6	96602.6	-999.9
Sikasso	2017	2	24	55	22.3	38.3	23.5	-999.9	0.0	1.6	96557.6	-999.9
Sikasso	2017	2	25	56	22.7	37.6	22.1	-999.9	0.0	1.6	96581.9	-999.9
Sikasso	2017	2	26	57	22.8	37.6	22.4	-999.9	0.0	1.5	96568.1	-999.9
Sikasso	2017	2	27	58	23.5	37.4	22.2	-999.9	0.0	1.7	96538.1	-999.9
Sikasso	2017	2	28	59	22.0	38.5	23.6	-999.9	0.0	1.9	96507.5	-999.9
Sikasso	2017	3	1	60	22.8	38.3	24.2	-999.9	0.0	2.3	96563.5	-999.9
Sikasso	2017	3	2	61	20.4	38.3	24.1	-999.9	0.0	2.1	96668.5	-999.9
Sikasso	2017	3	3	62	21.7	38.7	24.5	-999.9	0.0	2.3	96577.7	-999.9
Sikasso	2017	3	4	63	20.6	38.3	24.6	-999.9	0.0	2.1	96450.6	-999.9
Sikasso	2017	3	5	64	20.3	38.9	24.9	-999.9	0.0	2.2	96467.9	-999.9
Sikasso	2017	3	6	65	20.9	37.9	24.5	-999.9	0.0	1.9	96616.8	-999.9
Sikasso	2017	3	7	66	22.6	37.3	24.5	-999.9	0.0	2.1	96626.8	-999.9
Sikasso	2017	3	8	67	21.3	37.3	23.9	-999.9	0.0	1.9	96576.1	-999.9
Sikasso	2017	3	9	68	19.1	38.4	25.3	-999.9	0.0	2.0	96502.4	-999.9
Sikasso	2017	3	10	69	19.7	38.2	24.9	-999.9	0.0	2.1	96460.7	-999.9
Sikasso	2017	3	11	70	23.1	37.9	23.7	-999.9	0.0	1.7	96379.7	-999.9
Sikasso	2017	3	12	71	24.4	37.2	22.3	-999.9	0.0	1.9	96430.1	-999.9
Sikasso	2017	3	13	72	25.1	36.5	21.0	-999.9	0.0	1.9	96491.2	-999.9
Sikasso	2017	3	14	73	26.3	36.5	20.3	-999.9	0.0	2.0	96600.7	-999.9
Sikasso	2017	3	15	74	25.9	37.1	21.8	-999.9	0.0	1.9	96683.0	-999.9
Sikasso	2017	3	16	75	26.3	38.5	23.8	-999.9	0.0	1.6	96514.6	-999.9
Sikasso	2017	3	17	76	24.0	39.0	24.2	-999.9	0.0	1.8	96356.6	-999.9
Sikasso	2017	3	18	77	27.1	37.2	21.4	-999.9	0.0	2.3	96420.5	-999.9
Sikasso	2017	3	19	78	28.0	36.8	21.0	-999.9	0.0	2.2	96582.7	-999.9
Sikasso	2017	3	20	79	24.2	36.3	21.5	-999.9	0.0	1.8	96776.6	-999.9
Sikasso	2017	3	21	80	24.4	37.3	21.3	-999.9	0.0	1.9	96714.5	-999.9
Sikasso	2017	3	22	81	25.2	38.1	25.1	-999.9	0.0	1.8	96628.8	-999.9
Sikasso	2017	3	23	82	23.5	37.0	22.8	-999.9	0.0	1.7	96601.9	-999.9
Sikasso	2017	3	24	83	25.9	36.5	21.4	-999.9	0.0	1.7	96705.9	-999.9
Sikasso	2017	3	25	84	25.0	36.5	21.1	-999.9	0.0	1.7	96713.1	-999.9
Sikasso	2017	3	26	85	25.7	37.9	23.5	-999.9	0.0	2.0	96650.0	-999.9
Sikasso	2017	3	27	86	25.0	38.5	22.5	-999.9	0.0	1.5	96592.3	-999.9
Sikasso	2017	3	28	87	26.0	38.4	22.5	-999.9	0.0	1.8	96536.2	-999.9
Sikasso	2017	3	29	88	26.5	38.7	23.9	-999.9	0.0	1.7	96464.1	-999.9
Sikasso	2017	3	30	89	25.8	38.6	24.4	-999.9	0.0	1.5	96566.5	-999.9
Sikasso	2017	3	31	90	24.5	38.6	24.0	-999.9	0.0	1.6	96645.9	-999.9
Sikasso	2017	4	1	91	23.1	38.9	25.6	-999.9	0.0	1.1	96572.2	-999.9
Sikasso	2017	4	2	92	25.8	37.2	23.5	-999.9	0.0	2.5	96528.4	-999.9
Sikasso	2017	4	3	93	26.9	36.6	23.0	-999.9	0.0	2.4	96650.0	-999.9
Sikasso	2017	4	4	94	26.0	36.5	23.2	-999.9	0.0	1.9	96688.1	-999.9
Sikasso	2017	4	5	95	26.4	37.1	20.3	-999.9	0.0	2.1	96631.2	-999.9
Sikasso	2017	4	6	96	24.7	36.4	23.9	-999.9	12.0	2.3	96615.5	-999.9
Sikasso	2017	4	7	97	22.9	33.7	23.2	-999.9	0.0	1.8	96530.0	-999.9
Sikasso	2017	4	8	98	24.9	35.0	24.0	-999.9	0.0	1.1	96501.3	-999.9
Sikasso	2017	4	9	99	24.9	34.9	24.0	-999.9	0.0	1.7	96570.4	-999.9
Sikasso	2017	4	10	100	23.0	37.0	22.6	-999.9	0.0	1.8	96562.0	-999.9
Sikasso	2017	4	11	101	24.2	37.3	24.0	-999.9	0.0	1.8	96513.5	-999.9
Sikasso	2017	4	12	102	21.4	36.8	25.8	-999.9	0.0	2.1	96591.2	-999.9
Sikasso	2017	4	13	103	22.4	37.1	26.5	-999.9	0.0	2.1	96602.2	-999.9
Sikasso	2017	4	14	104	21.7	37.5	26.6	-999.9	0.0	1.7	96606.3	-999.9
Sikasso	2017	4	15	105	21.4	38.0	26.3	-999.9	0.0	1.8	96592.7	-999.9
Sikasso	2017	4	16	106	23.1	37.4	25.2	-999.9	0.0	2.2	96562.6	-999.9
Sikasso	2017	4	17	107	26.5	36.2	22.1	-999.9	4.4	1.8	96605.3	-999.9
Sikasso	2017	4	18	108	25.6	37.2	22.5	-999.9	0.0	1.9	96556.0	-999.9
Sikasso	2017	4	19	109	27.0	37.2	23.4	-999.9	0.0	1.7	96493.4	-999.9
Sikasso	2017	4	20	110	27.3	37.3	22.7	-999.9	0.0	2.1	96438.7	-999.9
Sikasso	2017	4	21	111	27.6	37.6	23.4	-999.9	4.8	2.8	96509.2	-999.9
Sikasso	2017	4	22	112	25.9	36.3	22.6	-999.9	0.0	2.5	96610.6	-999.9
Sikasso	2017	4	23	113	24.3	35.4	23.6	-999.9	0.0	1.6	96701.6	-999.9
Sikasso	2017	4	24	114	25.0	36.4	24.1	-999.9	4.8	1.8	96699.6	-999.9
Sikasso	2017	4	25	115	25.9	37.0	23.9	-999.9	0.0	1.7	96617.1	-999.9
Sikasso	2017	4	26	116	23.7	33.2	20.3	-999.9	4.1	2.1	96692.9	-999.9
Sikasso	2017	4	27	117	25.6	35.2	24.0	-999.9	2.0	2.0	96755.6	-999.9
Sikasso	2017	4	28	118	25.0	35.5	23.2	-999.9	2.0	2.3	96739.1	-999.9
Sikasso	2017	4	29	119	25.7	35.8	23.5	-999.9	0.0	2.2	96720.4	-999.9
Sikasso	2017	4	30	120	25.1	36.7	23.4	-999.9	0.0	2.1	96706.8	-999.9
Sikasso	2017	5	1	121	25.8	35.7	23.7	-999.9	4.2	2.4	96643.5	-999.9
Sikasso	2017	5	2	122	24.7	35.5	23.0	-999.9	4.2	2.0	96589.9	-999.9
Sikasso	2017	5	3	123	24.7	33.8	23.3	-999.9	4.2	2.1	96637.6	-999.9
Sikasso	2017	5	4	124	25.2	32.4	20.3	-999.9	0.0	1.9	96670.1	-999.9
Sikasso	2017	5	5	125	23.9	35.6	23.5	-999.9	2.1	2.0	96749.2	-999.9
Sikasso	2017	5	6	126	25.7	36.6	25.0	-999.9	0.0	1.7	96699.9	-999.9
Sikasso	2017	5	7	127	27.3	37.8	25.3	-999.9	9.7	2.3	96547.3	-999.9
Sikasso	2017	5	8	128	26.9	36.9	25.3	-999.9	0.0	2.4	96577.5	-999.9
Sikasso	2017	5	9	129	26.6	36.8	24.9	-999.9	9.7	1.9	96597.8	-999.9
Sikasso	2017	5	10	130	25.8	36.9	24.8	-999.9	0.0	2.3	96548.8	-999.9
Sikasso	2017	5	11	131	25.8	36.4	22.8	-999.9	9.0	2.7	96665.1	-999.9
Sikasso	2017	5	12	132	24.3	33.5	23.5	-999.9	9.0	2.1	96819.0	-999.9
Sikasso	2017	5	13	133	24.3	34.8	23.7	-999.9	4.5	1.2	96897.6	-999.9
Sikasso	2017	5	14	134	24.1	34.5	21.8	-999.9	0.0	2.0	96793.4	-999.9
Sikasso	2017	5	15	135	25.4	35.4	23.3	-999.9	0.0	2.7	96741.7	-999.9
Sikasso	2017	5	16	136	25.4	35.8	23.4	-999.9	0.0	3.0	96677.4	-999.9
Sikasso	2017	5	17	137	25.9	33.5	21.6	-999.9	14.2	2.6	96716.6	-999.9
Sikasso	2017	5	18	138	25.5	33.5	21.5	-999.9	0.0	2.0	96666.0	-999.9
Sikasso	2017	5	19	139	24.1	33.3	23.1	-999.9	0.0	2.0	96806.7	-999.9
Sikasso	2017	5	20	140	24.4	34.0	23.6	-999.9	0.0	1.3	96902.8	-999.9
Sikasso	2017	5	21	141	23.7	33.7	23.7	-999.9	0.0	1.6	96900.7	-999.9
Sikasso	2017	5	22	142	25.7	34.7	22.6	-999.9	0.0	1.5	96680.5	-999.9
Sikasso	2017	5	23	143	25.3	35.0	23.7	-999.9	13.9	1.5	96665.1	-999.9
Sikasso	2017	5	24	144	25.0	31.9	16.3	-999.9	13.9	2.0	96789.5	-999.9
Sikasso	2017	5	25	145	24.5	33.3	23.4	-999.9	0.0	2.3	96824.2	-999.9
Sikasso	2017	5	26	146	25.0	33.7	23.8	-999.9	0.0	2.0	96904.8	-999.9
Sikasso	2017	5	27	147	23.8	28.9	14.0	-999.9	1.9	1.0	97025.6	-999.9
Sikasso	2017	5	28	148	23.3	31.8	21.9	-999.9	0.0	1.0	97090.3	-999.9
Sikasso	2017	5	29	149	24.2	34.9	24.7	-999.9	1.9	1.5	96940.2	-999.9
Sikasso	2017	5	30	150	23.9	32.5	19.9	-999.9	3.8	2.9	96888.6	-999.9
Sikasso	2017	5	31	151	23.6	32.7	22.5	-999.9	0.0	2.3	97006.9	-999.9
Sikasso	2017	6	1	152	24.9	34.2	24.4	-999.9	0.0	1.6	96985.6	-999.9
Sikasso	2017	6	2	153	26.2	35.1	23.2	-999.9	16.0	1.9	96925.9	-999.9
Sikasso	2017	6	3	154	26.1	34.6	19.5	-999.9	16.0	1.9	96865.4	-999.9
Sikasso	2017	6	4	155	25.6	33.2	22.9	-999.9	0.0	2.1	96846.0	-999.9
Sikasso	2017	6	5	156	24.6	34.0	24.2	-999.9	0.0	2.1	96799.9	-999.9
Sikasso	2017	6	6	157	25.8	34.0	23.3	-999.9	0.0	2.1	96787.1	-999.9
Sikasso	2017	6	7	158	24.4	32.4	20.9	-999.9	0.0	1.8	96891.4	-999.9
Sikasso	2017	6	8	159	24.4	34.2	24.1	-999.9	2.9	1.2	96778.7	-999.9
Sikasso	2017	6	9	160	26.1	35.3	23.6	-999.9	5.8	1.4	96637.2	-999.9
Sikasso	2017	6	10	161	24.5	33.1	20.9	-999.9	5.8	1.6	96753.6	-999.9
Sikasso	2017	6	11	162	23.7	32.2	17.9	-999.9	17.2	1.6	96843.7	-999.9
Sikasso	2017	6	12	163	25.1	32.9	21.8	-999.9	0.0	2.5	96779.2	-999.9
Sikasso	2017	6	13	164	24.1	32.4	20.0	-999.9	0.0	3.0	96744.1	-999.9
Sikasso	2017	6	14	165	25.0	32.0	20.2	-999.9	25.8	2.5	96812.8	-999.9
Sikasso	2017	6	15	166	24.6	32.3	19.6	-999.9	0.0	1.7	96792.5	-999.9
Sikasso	2017	6	16	167	25.0	32.6	22.3	-999.9	2.4	2.1	96851.7	-999.9
Sikasso	2017	6	17	168	23.8	31.6	23.1	-999.9	0.0	2.2	96879.2	-999.9
Sikasso	2017	6	18	169	24.6	32.3	21.9	-999.9	0.0	1.5	96760.5	-999.9
Sikasso	2017	6	19	170	24.1	34.2	24.4	-999.9	2.4	1.8	96684.5	-999.9
Sikasso	2017	6	20	171	24.2	30.2	15.8	-999.9	4.8	2.3	96808.8	-999.9
Sikasso	2017	6	21	172	22.2	24.6	8.4	-999.9	5.6	2.5	96909.0	-999.9
Sikasso	2017	6	22	173	20.7	30.4	23.8	-999.9	0.0	1.2	97013.1	-999.9
Sikasso	2017	6	23	174	23.7	32.2	23.8	-999.9	0.0	2.0	96810.3	-999.9
Sikasso	2017	6	24	175	23.7	29.6	14.6	-999.9	11.3	2.2	96696.6	-999.9
Sikasso	2017	6	25	176	22.7	29.4	18.9	-999.9	0.0	2.1	96867.8	-999.9
Sikasso	2017	6	26	177	22.5	30.0	21.4	-999.9	7.9	1.4	96958.7	-999.9
Sikasso	2017	6	27	178	23.4	30.4	21.3	-999.9	0.0	1.0	96966.1	-999.9
Sikasso	2017	6	28	179	21.8	29.6	18.3	-999.9	15.7	1.5	97069.6	-999.9
Sikasso	2017	6	29	180	22.8	30.2	18.3	-999.9	0.0	1.8	96982.5	-999.9
Sikasso	2017	6	30	181	22.5	30.7	23.3	-999.9	0.0	1.6	97023.6	-999.9
Sikasso	2017	7	1	182	23.2	31.1	22.5	-999.9	0.0	1.9	97013.1	-999.9
Sikasso	2017	7	2	183	23.5	31.0	22.7	-999.9	18.6	2.1	97003.5	-999.9
Sikasso	2017	7	3	184	22.1	31.1	20.4	-999.9	9.3	2.1	96980.1	-999.9
Sikasso	2017	7	4	185	22.5	30.8	22.0	-999.9	9.3	2.0	96950.1	-999.9
Sikasso	2017	7	5	186	22.6	30.4	19.9	-999.9	9.3	1.9	96975.9	-999.9
Sikasso	2017	7	6	187	22.8	30.6	21.8	-999.9	13.7	1.6	97052.1	-999.9
Sikasso	2017	7	7	188	23.1	30.1	19.2	-999.9	0.0	1.3	97049.2	-999.9
Sikasso	2017	7	8	189	23.6	31.4	20.5	-999.9	0.0	1.7	97010.3	-999.9
Sikasso	2017	7	9	190	24.3	32.1	20.9	-999.9	13.7	2.4	96921.7	-999.9
Sikasso	2017	7	10	191	23.6	30.6	17.9	-999.9	27.5	2.7	96920.2	-999.9
Sikasso	2017	7	11	192	22.8	28.3	17.5	-999.9	0.0	3.0	97103.0	-999.9
Sikasso	2017	7	12	193	21.9	29.9	20.6	-999.9	0.0	2.0	97198.3	-999.9
Sikasso	2017	7	13	194	22.1	30.9	23.0	-999.9	0.0	1.5	97126.9	-999.9
Sikasso	2017	7	14	195	22.1	30.0	19.6	-999.9	28.5	1.4	97056.5	-999.9
Sikasso	2017	7	15	196	22.7	29.1	18.2	-999.9	0.0	2.2	97061.4	-999.9
Sikasso	2017	7	16	197	22.8	30.0	22.0	-999.9	12.6	1.9	97087.1	-999.9
Sikasso	2017	7	17	198	22.7	30.7	22.0	-999.9	0.0	1.8	96970.1	-999.9
Sikasso	2017	7	18	199	23.1	31.2	20.9	-999.9	12.6	1.3	97004.8	-999.9
Sikasso	2017	7	19	200	23.4	30.1	21.2	-999.9	0.0	1.8	97160.8	-999.9
Sikasso	2017	7	20	201	22.9	29.7	16.6	-999.9	25.1	1.9	97099.8	-999.9
Sikasso	2017	7	21	202	23.2	30.0	18.4	-999.9	0.0	2.1	96957.3	-999.9
Sikasso	2017	7	22	203	22.9	31.1	22.3	-999.9	6.6	1.6	96982.2	-999.9
Sikasso	2017	7	23	204	22.7	25.4	9.5	-999.9	6.6	1.1	97084.8	-999.9
Sikasso	2017	7	24	205	22.0	29.5	18.6	-999.9	0.0	2.1	97085.3	-999.9
Sikasso	2017	7	25	206	23.4	31.0	21.6	-999.9	13.2	2.4	96977.0	-999.9
Sikasso	2017	7	26	207	22.8	28.5	13.4	-999.9	30.1	1.6	96898.8	-999.9
Sikasso	2017	7	27	208	22.7	29.7	18.9	-999.9	0.0	1.5	96876.5	-999.9
Sikasso	2017	7	28	209	23.3	30.9	22.0	-999.9	0.0	1.5	96941.3	-999.9
Sikasso	2017	7	29	210	23.2	28.5	17.4	-999.9	20.1	1.7	97061.0	-999.9
Sikasso	2017	7	30	211	23.0	29.7	18.5	-999.9	20.1	1.9	97074.7	-999.9
Sikasso	2017	7	31	212	22.8	30.5	23.0	-999.9	10.0	1.8	97043.5	-999.9
Sikasso	2017	8	1	213	22.4	30.9	22.1	-999.9	0.0	1.1	97015.7	-999.9
Sikasso	2017	8	2	214	23.1	31.2	22.1	-999.9	37.6	1.3	97048.2	-999.9
Sikasso	2017	8	3	215	23.0	29.4	17.0	-999.9	0.0	2.0	97103.7	-999.9
Sikasso	2017	8	4	216	23.0	30.3	19.7	-999.9	0.0	1.7	97036.2	-999.9
Sikasso	2017	8	5	217	23.5	30.8	21.1	-999.9	25.1	1.7	96904.7	-999.9
Sikasso	2017	8	6	218	23.1	27.7	12.7	-999.9	18.4	2.5	96918.7	-999.9
Sikasso	2017	8	7	219	22.6	29.8	21.5	-999.9	0.0	2.0	97090.2	-999.9
Sikasso	2017	8	8	220	22.7	26.5	12.2	-999.9	9.2	1.9	97073.9	-999.9
Sikasso	2017	8	9	221	21.7	28.9	17.3	-999.9	9.2	1.6	96984.7	-999.9
Sikasso	2017	8	10	222	22.2	29.7	18.1	-999.9	0.0	1.8	96956.8	-999.9
Sikasso	2017	8	11	223	22.4	28.7	15.9	-999.9	10.0	1.1	97042.2	-999.9
Sikasso	2017	8	12	224	20.9	30.4	22.7	-999.9	5.0	1.3	97021.5	-999.9
Sikasso	2017	8	13	225	22.6	30.5	21.1	-999.9	5.0	1.3	96901.9	-999.9
Sikasso	2017	8	14	226	23.5	30.5	20.0	-999.9	10.0	1.4	96840.4	-999.9
Sikasso	2017	8	15	227	23.1	26.4	9.7	-999.9	5.0	2.1	96891.1	-999.9
Sikasso	2017	8	16	228	22.2	29.5	16.9	-999.9	0.0	2.5	96968.0	-999.9
Sikasso	2017	8	17	229	23.4	31.2	20.5	-999.9	9.0	2.8	96743.9	-999.9
Sikasso	2017	8	18	230	23.4	30.2	17.6	-999.9	18.0	2.5	96496.6	-999.9
Sikasso	2017	8	19	231	22.6	28.9	18.9	-999.9	0.0	2.2	96736.2	-999.9
Sikasso	2017	8	20	232	22.5	29.7	20.9	-999.9	0.0	1.9	96987.5	-999.9
Sikasso	2017	8	21	233	22.9	29.6	18.9	-999.9	19.3	2.0	96919.3	-999.9
Sikasso	2017	8	22	234	22.1	27.0	10.8	-999.9	6.4	1.8	96846.0	-999.9
Sikasso	2017	8	23	235	21.8	28.1	15.9	-999.9	0.0	1.8	96867.2	-999.9
Sikasso	2017	8	24	236	22.1	28.7	16.0	-999.9	12.9	1.7	96927.4	-999.9
Sikasso	2017	8	25	237	21.9	29.1	18.3	-999.9	0.0	1.3	96858.5	-999.9
Sikasso	2017	8	26	238	21.5	30.3	19.6	-999.9	15.9	1.5	96826.4	-999.9
Sikasso	2017	8	27	239	22.1	29.0	17.4	-999.9	0.0	1.9	96978.4	-999.9
Sikasso	2017	8	28	240	21.4	28.6	16.2	-999.9	0.0	1.9	97054.0	-999.9
Sikasso	2017	8	29	241	22.3	31.4	22.6	-999.9	0.0	1.7	96853.2	-999.9
Sikasso	2017	8	30	242	23.1	29.6	15.5	-999.9	23.9	2.1	96843.5	-999.9
Sikasso	2017	8	31	243	23.4	29.6	15.8	-999.9	0.0	2.1	96872.6	-999.9
Sikasso	2017	9	1	244	21.9	27.3	13.3	-999.9	18.5	1.4	96969.0	-999.9
Sikasso	2017	9	2	245	21.3	27.2	12.2	-999.9	0.0	2.0	96974.4	-999.9
Sikasso	2017	9	3	246	22.3	29.6	18.3	-999.9	0.0	2.0	97006.4	-999.9
Sikasso	2017	9	4	247	21.9	29.1	18.0	-999.9	0.0	1.5	97005.2	-999.9
Sikasso	2017	9	5	248	22.1	31.2	21.0	-999.9	0.0	1.4	97059.3	-999.9
Sikasso	2017	9	6	249	22.2	31.7	23.1	-999.9	0.0	1.2	96940.9	-999.9
Sikasso	2017	9	7	250	23.1	28.6	14.4	-999.9	25.9	1.3	96839.4	-999.9
Sikasso	2017	9	8	251	22.6	30.0	20.6	-999.9	0.0	1.4	96880.3	-999.9
Sikasso	2017	9	9	252	22.2	30.8	21.6	-999.9	0.0	1.3	96928.6	-999.9
Sikasso	2017	9	10	253	22.9	30.9	21.1	-999.9	0.0	1.1	96869.2	-999.9
Sikasso	2017	9	11	254	22.1	31.6	23.6	-999.9	16.0	1.1	96872.0	-999.9
Sikasso	2017	9	12	255	22.8	30.1	18.1	-999.9	0.0	1.1	96929.1	-999.9
Sikasso	2017	9	13	256	22.9	31.3	21.7	-999.9	0.0	1.9	97013.4	-999.9
Sikasso	2017	9	14	257	23.1	32.2	24.3	-999.9	0.0	1.8	96938.7	-999.9
Sikasso	2017	9	15	258	23.8	31.4	19.7	-999.9	16.0	1.4	96843.4	-999.9
Sikasso	2017	9	16	259	23.1	31.1	18.7	-999.9	8.7	1.8	96842.6	-999.9
Sikasso	2017	9	17	260	22.6	28.4	13.0	-999.9	4.4	1.5	96949.9	-999.9
Sikasso	2017	9	18	261	21.8	30.3	20.2	-999.9	0.0	1.2	97129.4	-999.9
Sikasso	2017	9	19	262	23.5	32.7	23.9	-999.9	0.0	1.5	96933.0	-999.9
Sikasso	2017	9	20	263	25.3	31.7	19.3	-999.9	8.7	1.8	96751.6	-999.9
Sikasso	2017	9	21	264	23.2	30.7	18.8	-999.9	29.2	1.7	96829.0	-999.9
Sikasso	2017	9	22	265	22.0	29.4	17.0	-999.9	29.2	1.3	96839.4	-999.9
Sikasso	2017	9	23	266	22.2	24.5	7.4	-999.9	0.0	2.3	96904.8	-999.9
Sikasso	2017	9	24	267	21.0	30.1	21.9	-999.9	0.0	1.6	97050.2	-999.9
Sikasso	2017	9	25	268	22.1	31.7	22.8	-999.9	0.0	1.2	96911.8	-999.9
Sikasso	2017	9	26	269	21.7	31.5	22.6	-999.9	13.6	1.5	96752.8	-999.9
Sikasso	2017	9	27	270	21.2	30.7	21.5	-999.9	6.8	1.4	96826.9	-999.9
Sikasso	2017	9	28	271	22.1	31.4	23.1	-999.9	0.0	1.1	96914.7	-999.9
Sikasso	2017	9	29	272	22.8	30.9	21.6	-999.9	13.6	1.2	96864.0	-999.9
Sikasso	2017	9	30	273	23.2	31.2	21.8	-999.9	0.0	1.6	96814.4	-999.9
Sikasso	2017	10	1	274	21.5	32.5	24.2	-999.9	0.0	1.3	96764.4	-999.9
Sikasso	2017	10	2	275	22.0	30.5	20.3	-999.9	13.6	1.5	96827.0	-999.9
Sikasso	2017	10	3	276	22.6	31.7	21.5	-999.9	13.6	1.2	96773.9	-999.9
Sikasso	2017	10	4	277	23.0	31.1	20.3	-999.9	0.0	1.2	96854.9	-999.9
Sikasso	2017	10	5	278	23.1	31.9	22.1	-999.9	0.0	1.2	96813.8	-999.9
Sikasso	2017	10	6	279	24.2	31.1	19.6	-999.9	0.0	1.4	96768.4	-999.9
Sikasso	2017	10	7	280	23.7	31.4	21.5	-999.9	0.0	1.5	96759.2	-999.9
Sikasso	2017	10	8	281	22.7	31.9	22.9	-999.9	0.0	1.4	96782.0	-999.9
Sikasso	2017	10	9	282	23.4	32.4	23.1	-999.9	0.0	1.1	96786.4	-999.9
Sikasso	2017	10	10	283	23.4	32.5	22.3	-999.9	3.3	1.3	96707.9	-999.9
Sikasso	2017	10	11	284	23.1	32.8	22.5	-999.9	0.0	1.5	96792.7	-999.9
Sikasso	2017	10	12	285	23.7	32.5	22.0	-999.9	2.9	1.4	96894.5	-999.9
Sikasso	2017	10	13	286	24.2	33.7	22.2	-999.9	0.0	1.3	96807.9	-999.9
Sikasso	2017	10	14	287	23.3	33.0	21.6	-999.9	0.0	1.3	96817.3	-999.9
Sikasso	2017	10	15	288	22.9	33.8	23.2	-999.9	0.0	2.0	96884.2	-999.9
Sikasso	2017	10	16	289	21.5	34.4	22.6	-999.9	0.0	1.9	97037.8	-999.9
Sikasso	2017	10	17	290	21.0	35.3	22.1	-999.9	0.0	1.4	97024.1	-999.9
Sikasso	2017	10	18	291	21.2	35.3	22.3	-999.9	0.0	1.8	96947.8	-999.9
Sikasso	2017	10	19	292	21.8	34.6	22.1	-999.9	0.0	1.7	96920.4	-999.9
Sikasso	2017	10	20	293	21.0	35.3	22.9	-999.9	0.0	1.6	96881.8	-999.9
Sikasso	2017	10	21	294	22.5	35.2	21.7	-999.9	0.0	1.5	96920.6	-999.9
Sikasso	2017	10	22	295	23.1	35.6	22.2	-999.9	0.0	1.7	96868.7	-999.9
Sikasso	2017	10	23	296	23.8	34.1	21.1	-999.9	0.0	1.6	96795.5	-999.9
Sikasso	2017	10	24	297	23.4	35.2	21.3	-999.9	0.0	1.3	96711.2	-999.9
Sikasso	2017	10	25	298	24.9	33.6	19.6	-999.9	0.0	1.7	96716.6	-999.9
Sikasso	2017	10	26	299	24.9	35.1	20.0	-999.9	0.0	1.9	96790.6	-999.9
Sikasso	2017	10	27	300	22.3	36.3	22.3	-999.9	0.0	1.9	96783.2	-999.9
Sikasso	2017	10	28	301	20.4	35.3	23.2	-999.9	0.0	2.0	96725.2	-999.9
Sikasso	2017	10	29	302	19.6	34.0	23.3	-999.9	0.0	1.6	96741.9	-999.9
Sikasso	2017	10	30	303	21.0	34.7	22.4	-999.9	0.0	1.2	96667.4	-999.9
Sikasso	2017	10	31	304	22.2	35.6	21.3	-999.9	0.0	1.6	96725.1	-999.9
Sikasso	2017	11	1	305	22.5	35.5	19.8	-999.9	0.0	1.7	96794.1	-999.9
Sikasso	2017	11	2	306	22.2	36.1	22.2	-999.9	0.0	1.7	96792.8	-999.9
Sikasso	2017	11	3	307	22.8	35.3	20.9	-999.9	0.0	1.2	96692.5	-999.9
Sikasso	2017	11	4	308	23.7	33.8	19.8	-999.9	0.0	1.6	96750.1	-999.9
Sikasso	2017	11	5	309	23.5	32.1	16.2	-999.9	2.0	1.5	96823.3	-999.9
Sikasso	2017	11	6	310	23.2	32.6	19.1	-999.9	0.0	1.5	96696.8	-999.9
Sikasso	2017	11	7	311	22.7	32.8	19.2	-999.9	0.0	1.4	96673.1	-999.9
Sikasso	2017	11	8	312	22.0	34.8	21.4	-999.9	0.0	1.2	96686.4	-999.9
Sikasso	2017	11	9	313	20.4	35.2	22.1	-999.9	0.0	1.3	96716.5	-999.9
Sikasso	2017	11	10	314	21.9	35.4	21.1	-999.9	0.0	1.4	96737.7	-999.9
Sikasso	2017	11	11	315	20.3	35.5	22.1	-999.9	0.0	1.6	96709.8	-999.9
Sikasso	2017	11	12	316	19.1	34.7	22.6	-999.9	0.0	2.0	96698.5	-999.9
Sikasso	2017	11	13	317	17.9	33.7	22.4	-999.9	0.0	1.3	96694.4	-999.9
Sikasso	2017	11	14	318	17.2	33.9	22.2	-999.9	0.0	1.6	96652.4	-999.9
Sikasso	2017	11	15	319	18.1	33.5	22.0	-999.9	0.0	1.2	96689.7	-999.9
Sikasso	2017	11	16	320	19.5	34.4	21.7	-999.9	0.0	1.4	96711.1	-999.9
Sikasso	2017	11	17	321	19.9	34.4	20.5	-999.9	0.0	1.3	96664.4	-999.9
Sikasso	2017	11	18	322	20.0	34.4	21.4	-999.9	0.0	1.2	96660.1	-999.9
Sikasso	2017	11	19	323	20.0	34.0	21.0	-999.9	0.0	1.2	96638.6	-999.9
Sikasso	2017	11	20	324	20.7	32.5	18.2	-999.9	1.9	1.2	96754.7	-999.9
Sikasso	2017	11	21	325	21.6	33.0	18.6	-999.9	1.2	1.2	96788.9	-999.9
Sikasso	2017	11	22	326	20.4	34.8	21.1	-999.9	0.0	1.9	96727.0	-999.9
Sikasso	2017	11	23	327	20.0	34.3	19.1	-999.9	0.0	1.5	96753.9	-999.9
Sikasso	2017	11	24	328	21.3	34.1	20.1	-999.9	0.0	1.2	96795.8	-999.9
Sikasso	2017	11	25	329	20.0	34.8	21.1	-999.9	0.0	2.0	96859.5	-999.9
Sikasso	2017	11	26	330	19.1	35.1	21.3	-999.9	0.0	2.1	96932.1	-999.9
Sikasso	2017	11	27	331	19.1	34.7	21.3	-999.9	0.0	2.0	96968.2	-999.9
Sikasso	2017	11	28	332	18.3	34.3	21.3	-999.9	0.0	2.0	96946.6	-999.9
Sikasso	2017	11	29	333	18.5	33.9	21.3	-999.9	0.0	1.6	96902.5	-999.9
Sikasso	2017	11	30	334	17.9	34.2	20.8	-999.9	0.0	1.6	96979.2	-999.9
Sikasso	2017	12	1	335	18.4	34.7	20.9	-999.9	0.0	2.0	96888.2	-999.9
Sikasso	2017	12	2	336	19.5	34.8	20.9	-999.9	0.0	1.4	96752.6	-999.9
Sikasso	2017	12	3	337	18.6	34.6	20.6	-999.9	0.0	1.6	96751.0	-999.9
Sikasso	2017	12	4	338	18.3	34.2	20.0	-999.9	0.0	1.8	96860.4	-999.9
Sikasso	2017	12	5	339	20.6	33.3	16.7	-999.9	0.0	1.8	96851.3	-999.9
Sikasso	2017	12	6	340	17.8	33.2	19.1	-999.9	0.0	2.0	96710.4	-999.9
Sikasso	2017	12	7	341	16.9	33.1	20.3	-999.9	0.0	1.8	96682.2	-999.9
Sikasso	2017	12	8	342	16.8	33.4	20.5	-999.9	0.0	1.6	96721.5	-999.9
Sikasso	2017	12	9	343	17.0	32.8	20.6	-999.9	0.0	2.0	96846.9	-999.9
Sikasso	2017	12	10	344	17.5	31.4	20.8	-999.9	0.0	2.3	96914.8	-999.9
Sikasso	2017	12	11	345	15.6	31.2	20.5	-999.9	0.0	1.7	96869.3	-999.9
Sikasso	2017	12	12	346	16.5	32.7	19.6	-999.9	0.0	1.7	96815.2	-999.9
Sikasso	2017	12	13	347	21.3	33.5	18.4	-999.9	0.6	1.4	96768.8	-999.9
Sikasso	2017	12	14	348	21.1	34.0	19.2	-999.9	0.0	1.3	96821.6	-999.9
Sikasso	2017	12	15	349	21.4	33.5	19.2	-999.9	0.0	2.2	96868.6	-999.9
Sikasso	2017	12	16	350	19.3	34.4	19.7	-999.9	0.0	2.0	96863.1	-999.9
Sikasso	2017	12	17	351	18.6	34.1	20.2	-999.9	0.0	2.0	96835.5	-999.9
Sikasso	2017	12	18	352	17.9	33.9	20.3	-999.9	0.0	1.8	96757.9	-999.9
Sikasso	2017	12	19	353	18.1	33.2	20.2	-999.9	0.0	1.6	96742.1	-999.9
Sikasso	2017	12	20	354	17.4	32.5	20.2	-999.9	0.0	2.0	96793.2	-999.9
Sikasso	2017	12	21	355	17.2	30.5	20.0	-999.9	0.0	2.8	97020.0	-999.9
Sikasso	2017	12	22	356	15.5	27.9	19.3	-999.9	0.4	2.6	97165.1	-999.9
Sikasso	2017	12	23	357	13.9	27.9	20.2	-999.9	0.0	2.3	97122.0	-999.9
Sikasso	2017	12	24	358	13.7	29.4	20.3	-999.9	0.0	1.9	96977.5	-999.9
Sikasso	2017	12	25	359	15.3	32.0	20.1	-999.9	0.0	2.0	96893.7	-999.9
Sikasso	2017	12	26	360	17.6	32.5	20.3	-999.9	0.0	2.2	96889.1	-999.9
Sikasso	2017	12	27	361	17.1	32.9	20.4	-999.9	0.0	2.1	96895.1	-999.9
Sikasso	2017	12	28	362	16.6	32.7	20.3	-999.9	0.0	2.0	96858.9	-999.9
Sikasso	2017	12	29	363	17.3	32.2	20.3	-999.9	0.0	2.1	96926.5	-999.9
Sikasso	2017	12	30	364	16.8	32.1	20.5	-999.9	0.0	2.2	97058.1	-999.9
Sikasso	2017	12	31	365	17.3	31.8	20.7	-999.9	0.0	2.5	97052.8	-999.9
