Sikasso	2009	1	1	1	17.9	33.4	20.7	-999.9	0.0	2.3	96876.8	-999.9
Sikasso	2009	1	2	2	17.2	33.2	20.8	-999.9	0.0	2.2	96887.8	-999.9
Sikasso	2009	1	3	3	16.9	32.9	20.7	-999.9	0.0	2.1	96937.1	-999.9
Sikasso	2009	1	4	4	17.7	33.4	20.6	-999.9	0.0	1.9	96866.4	-999.9
Sikasso	2009	1	5	5	17.4	33.3	20.5	-999.9	0.0	1.9	96858.4	-999.9
Sikasso	2009	1	6	6	17.6	33.3	20.2	-999.9	0.0	1.8	96746.5	-999.9
Sikasso	2009	1	7	7	18.8	32.6	20.4	-999.9	0.0	2.2	96662.3	-999.9
Sikasso	2009	1	8	8	17.1	32.0	20.6	-999.9	0.0	1.9	96721.5	-999.9
Sikasso	2009	1	9	9	16.7	32.1	20.7	-999.9	0.0	2.1	96936.6	-999.9
Sikasso	2009	1	10	10	15.7	32.5	20.6	-999.9	0.0	1.5	97009.7	-999.9
Sikasso	2009	1	11	11	17.8	32.4	20.0	-999.9	0.0	2.0	96865.8	-999.9
Sikasso	2009	1	12	12	19.0	31.3	20.6	-999.9	0.0	2.3	96844.6	-999.9
Sikasso	2009	1	13	13	17.8	30.4	20.0	-999.9	0.0	2.4	96940.9	-999.9
Sikasso	2009	1	14	14	15.7	30.9	20.8	-999.9	0.0	2.3	96952.5	-999.9
Sikasso	2009	1	15	15	16.5	32.5	20.8	-999.9	0.0	2.1	96893.8	-999.9
Sikasso	2009	1	16	16	17.5	33.8	20.4	-999.9	0.4	2.0	96755.1	-999.9
Sikasso	2009	1	17	17	18.2	31.8	20.7	-999.9	0.0	2.6	96881.5	-999.9
Sikasso	2009	1	18	18	16.7	27.3	17.5	-999.9	0.4	2.6	97044.5	-999.9
Sikasso	2009	1	19	19	14.1	27.8	20.7	-999.9	0.0	2.7	97152.2	-999.9
Sikasso	2009	1	20	20	12.6	26.0	20.5	-999.9	0.2	2.3	97098.7	-999.9
Sikasso	2009	1	21	21	12.7	27.2	20.7	-999.9	0.0	2.2	97062.6	-999.9
Sikasso	2009	1	22	22	12.7	28.4	21.5	-999.9	0.0	3.1	97119.9	-999.9
Sikasso	2009	1	23	23	12.3	27.7	21.3	-999.9	0.0	2.8	97201.0	-999.9
Sikasso	2009	1	24	24	11.7	28.3	21.7	-999.9	0.0	2.1	97099.9	-999.9
Sikasso	2009	1	25	25	12.9	30.7	21.5	-999.9	0.0	1.6	96939.5	-999.9
Sikasso	2009	1	26	26	15.6	32.1	20.8	-999.9	0.0	1.9	96927.0	-999.9
Sikasso	2009	1	27	27	16.0	33.9	21.6	-999.9	0.0	1.8	96890.5	-999.9
Sikasso	2009	1	28	28	16.8	34.0	21.7	-999.9	0.0	2.1	96830.2	-999.9
Sikasso	2009	1	29	29	17.1	35.1	22.0	-999.9	0.0	1.9	96801.5	-999.9
Sikasso	2009	1	30	30	17.3	35.3	21.9	-999.9	0.0	2.2	96781.9	-999.9
Sikasso	2009	1	31	31	17.5	35.8	22.0	-999.9	0.0	1.9	96691.3	-999.9
Sikasso	2009	2	1	32	18.0	36.3	22.1	-999.9	0.0	1.7	96617.1	-999.9
Sikasso	2009	2	2	33	19.2	36.0	21.9	-999.9	0.0	1.5	96678.1	-999.9
Sikasso	2009	2	3	34	21.0	34.9	20.2	-999.9	0.0	1.4	96751.3	-999.9
Sikasso	2009	2	4	35	23.7	35.6	18.6	-999.9	0.0	1.6	96695.1	-999.9
Sikasso	2009	2	5	36	22.8	36.2	20.8	-999.9	0.0	1.3	96724.9	-999.9
Sikasso	2009	2	6	37	22.1	36.2	20.1	-999.9	0.0	1.2	96720.0	-999.9
Sikasso	2009	2	7	38	22.1	37.1	21.2	-999.9	0.0	2.0	96670.6	-999.9
Sikasso	2009	2	8	39	20.1	33.7	21.9	-999.9	0.0	2.4	96837.2	-999.9
Sikasso	2009	2	9	40	19.2	34.7	22.5	-999.9	0.0	2.3	96889.8	-999.9
Sikasso	2009	2	10	41	18.0	35.6	22.8	-999.9	0.0	2.0	96868.7	-999.9
Sikasso	2009	2	11	42	18.3	36.7	22.9	-999.9	0.0	1.8	96716.1	-999.9
Sikasso	2009	2	12	43	20.0	36.7	22.8	-999.9	0.0	1.8	96542.3	-999.9
Sikasso	2009	2	13	44	19.4	36.4	23.0	-999.9	0.0	1.7	96445.3	-999.9
Sikasso	2009	2	14	45	18.3	35.8	23.0	-999.9	0.0	1.5	96477.5	-999.9
Sikasso	2009	2	15	46	18.9	36.2	22.9	-999.9	0.0	1.2	96397.0	-999.9
Sikasso	2009	2	16	47	21.6	34.7	19.6	-999.9	0.0	1.6	96376.3	-999.9
Sikasso	2009	2	17	48	24.0	32.3	17.4	-999.9	0.0	2.1	96594.3	-999.9
Sikasso	2009	2	18	49	22.6	34.8	18.4	-999.9	0.0	1.8	96585.8	-999.9
Sikasso	2009	2	19	50	22.0	31.6	15.1	-999.9	4.5	1.6	96706.1	-999.9
Sikasso	2009	2	20	51	21.6	35.0	21.0	-999.9	0.0	2.9	96730.0	-999.9
Sikasso	2009	2	21	52	23.7	37.0	22.8	-999.9	0.0	2.7	96640.2	-999.9
Sikasso	2009	2	22	53	23.1	37.7	23.2	-999.9	0.0	2.3	96605.1	-999.9
Sikasso	2009	2	23	54	23.2	37.2	23.5	-999.9	0.0	2.5	96429.9	-999.9
Sikasso	2009	2	24	55	20.6	36.9	23.7	-999.9	0.0	2.0	96379.8	-999.9
Sikasso	2009	2	25	56	20.1	36.5	22.4	-999.9	0.0	1.8	96436.2	-999.9
Sikasso	2009	2	26	57	22.6	36.8	22.6	-999.9	0.0	1.8	96475.2	-999.9
Sikasso	2009	2	27	58	26.0	36.2	20.8	-999.9	0.0	1.5	96469.6	-999.9
Sikasso	2009	2	28	59	26.4	36.3	20.8	-999.9	0.0	2.2	96560.3	-999.9
Sikasso	2009	3	1	60	24.8	37.2	22.0	-999.9	0.0	1.2	96646.7	-999.9
Sikasso	2009	3	2	61	23.2	37.2	23.5	-999.9	0.0	1.5	96672.9	-999.9
Sikasso	2009	3	3	62	24.4	37.5	23.1	-999.9	0.0	1.5	96573.1	-999.9
Sikasso	2009	3	4	63	25.9	37.9	22.6	-999.9	0.0	1.5	96561.4	-999.9
Sikasso	2009	3	5	64	22.9	37.5	24.3	-999.9	0.0	2.1	96595.1	-999.9
Sikasso	2009	3	6	65	20.5	37.5	24.7	-999.9	0.0	1.8	96586.9	-999.9
Sikasso	2009	3	7	66	20.1	36.9	24.8	-999.9	0.0	1.9	96571.6	-999.9
Sikasso	2009	3	8	67	20.8	37.0	24.9	-999.9	0.0	1.9	96561.6	-999.9
Sikasso	2009	3	9	68	20.1	38.1	24.8	-999.9	0.0	1.5	96471.3	-999.9
Sikasso	2009	3	10	69	22.9	37.2	22.4	-999.9	0.0	2.2	96410.6	-999.9
Sikasso	2009	3	11	70	25.4	35.1	21.5	-999.9	5.1	2.1	96479.2	-999.9
Sikasso	2009	3	12	71	23.2	35.3	21.9	-999.9	0.0	1.7	96497.1	-999.9
Sikasso	2009	3	13	72	22.7	34.7	20.6	-999.9	0.0	1.2	96578.1	-999.9
Sikasso	2009	3	14	73	23.3	36.3	23.2	-999.9	0.0	1.6	96622.9	-999.9
Sikasso	2009	3	15	74	24.0	37.4	22.3	-999.9	0.0	1.4	96621.2	-999.9
Sikasso	2009	3	16	75	25.3	36.5	21.9	-999.9	0.0	1.9	96482.7	-999.9
Sikasso	2009	3	17	76	24.7	36.2	22.2	-999.9	5.8	1.9	96453.7	-999.9
Sikasso	2009	3	18	77	23.9	33.7	22.0	-999.9	0.0	2.2	96561.6	-999.9
Sikasso	2009	3	19	78	23.7	34.4	21.7	-999.9	0.0	1.7	96610.3	-999.9
Sikasso	2009	3	20	79	21.3	31.3	22.3	-999.9	0.0	1.4	96829.6	-999.9
Sikasso	2009	3	21	80	22.3	33.4	23.4	-999.9	0.0	1.0	96715.0	-999.9
Sikasso	2009	3	22	81	23.4	36.6	24.9	-999.9	0.0	1.4	96509.6	-999.9
Sikasso	2009	3	23	82	24.2	36.5	24.1	-999.9	0.0	2.1	96453.3	-999.9
Sikasso	2009	3	24	83	25.3	37.2	23.7	-999.9	2.0	2.1	96354.9	-999.9
Sikasso	2009	3	25	84	25.9	37.5	23.3	-999.9	0.0	1.8	96290.8	-999.9
Sikasso	2009	3	26	85	25.3	36.4	20.2	-999.9	0.0	1.6	96438.8	-999.9
Sikasso	2009	3	27	86	25.1	37.1	24.0	-999.9	0.0	1.5	96425.8	-999.9
Sikasso	2009	3	28	87	25.7	36.1	21.8	-999.9	0.0	2.0	96338.5	-999.9
Sikasso	2009	3	29	88	25.2	36.6	25.1	-999.9	0.0	2.1	96402.6	-999.9
Sikasso	2009	3	30	89	24.9	36.8	23.5	-999.9	0.0	2.1	96440.4	-999.9
Sikasso	2009	3	31	90	26.5	36.4	22.8	-999.9	0.0	2.2	96372.6	-999.9
Sikasso	2009	4	1	91	26.2	36.8	23.7	-999.9	4.1	1.9	96398.0	-999.9
Sikasso	2009	4	2	92	25.0	36.0	22.5	-999.9	0.0	1.7	96540.8	-999.9
Sikasso	2009	4	3	93	25.8	36.4	23.0	-999.9	0.0	1.4	96520.3	-999.9
Sikasso	2009	4	4	94	23.3	37.5	25.3	-999.9	0.0	1.7	96530.1	-999.9
Sikasso	2009	4	5	95	23.7	36.7	24.0	-999.9	0.0	1.4	96612.1	-999.9
Sikasso	2009	4	6	96	24.5	37.2	24.8	-999.9	0.0	1.4	96632.3	-999.9
Sikasso	2009	4	7	97	23.0	37.7	24.7	-999.9	0.0	1.7	96653.1	-999.9
Sikasso	2009	4	8	98	25.6	37.6	24.8	-999.9	0.0	1.6	96668.1	-999.9
Sikasso	2009	4	9	99	26.2	37.5	24.1	-999.9	0.0	1.7	96548.9	-999.9
Sikasso	2009	4	10	100	27.1	36.9	21.9	-999.9	0.0	2.3	96499.3	-999.9
Sikasso	2009	4	11	101	27.9	36.1	21.1	-999.9	1.0	2.5	96523.3	-999.9
Sikasso	2009	4	12	102	27.1	36.5	22.3	-999.9	0.0	1.7	96562.4	-999.9
Sikasso	2009	4	13	103	26.2	37.1	21.9	-999.9	1.0	2.1	96613.4	-999.9
Sikasso	2009	4	14	104	23.2	34.7	15.1	-999.9	2.9	2.6	96798.6	-999.9
Sikasso	2009	4	15	105	24.8	37.0	22.9	-999.9	1.0	2.0	96816.3	-999.9
Sikasso	2009	4	16	106	24.4	35.2	20.2	-999.9	10.6	1.4	96903.2	-999.9
Sikasso	2009	4	17	107	25.3	37.2	22.8	-999.9	0.0	1.9	96733.4	-999.9
Sikasso	2009	4	18	108	26.5	38.1	25.1	-999.9	0.0	1.8	96585.8	-999.9
Sikasso	2009	4	19	109	25.1	37.4	24.6	-999.9	0.0	1.8	96632.8	-999.9
Sikasso	2009	4	20	110	27.7	37.9	23.1	-999.9	0.0	1.8	96727.1	-999.9
Sikasso	2009	4	21	111	26.6	37.3	22.9	-999.9	2.9	1.9	96676.2	-999.9
Sikasso	2009	4	22	112	26.5	36.3	18.3	-999.9	0.0	1.5	96495.5	-999.9
Sikasso	2009	4	23	113	25.8	38.9	25.6	-999.9	0.0	2.2	96412.5	-999.9
Sikasso	2009	4	24	114	23.3	38.6	26.7	-999.9	0.0	2.2	96567.8	-999.9
Sikasso	2009	4	25	115	21.6	37.3	25.3	-999.9	0.0	2.1	96615.2	-999.9
Sikasso	2009	4	26	116	23.1	38.2	26.3	-999.9	0.0	1.4	96617.6	-999.9
Sikasso	2009	4	27	117	27.0	37.8	23.2	-999.9	0.0	2.4	96610.4	-999.9
Sikasso	2009	4	28	118	26.1	37.6	22.4	-999.9	0.0	2.3	96642.0	-999.9
Sikasso	2009	4	29	119	26.9	37.8	23.3	-999.9	3.2	2.2	96729.9	-999.9
Sikasso	2009	4	30	120	25.8	35.8	23.3	-999.9	1.6	1.8	96710.1	-999.9
Sikasso	2009	5	1	121	24.6	37.8	23.3	-999.9	0.0	2.2	96518.3	-999.9
Sikasso	2009	5	2	122	25.8	38.2	24.6	-999.9	0.0	2.0	96400.2	-999.9
Sikasso	2009	5	3	123	26.9	37.7	24.7	-999.9	0.0	2.6	96438.1	-999.9
Sikasso	2009	5	4	124	27.3	37.1	23.6	-999.9	3.9	2.2	96550.9	-999.9
Sikasso	2009	5	5	125	25.3	36.3	20.8	-999.9	3.9	2.4	96639.9	-999.9
Sikasso	2009	5	6	126	25.9	34.2	21.3	-999.9	0.0	2.0	96653.6	-999.9
Sikasso	2009	5	7	127	24.6	33.6	22.1	-999.9	3.4	2.1	96656.7	-999.9
Sikasso	2009	5	8	128	23.9	31.5	20.3	-999.9	1.7	2.1	96708.2	-999.9
Sikasso	2009	5	9	129	25.0	34.7	24.7	-999.9	1.7	2.1	96615.0	-999.9
Sikasso	2009	5	10	130	25.9	33.2	21.4	-999.9	8.4	2.0	96652.5	-999.9
Sikasso	2009	5	11	131	24.4	33.0	21.6	-999.9	0.0	2.2	96700.0	-999.9
Sikasso	2009	5	12	132	24.2	32.7	23.6	-999.9	0.0	1.9	96762.1	-999.9
Sikasso	2009	5	13	133	23.9	34.0	24.2	-999.9	13.8	1.0	96760.2	-999.9
Sikasso	2009	5	14	134	23.6	33.8	23.3	-999.9	6.9	1.1	96760.4	-999.9
Sikasso	2009	5	15	135	25.8	34.6	23.5	-999.9	20.7	1.9	96595.7	-999.9
Sikasso	2009	5	16	136	24.9	33.6	22.6	-999.9	3.3	1.7	96626.1	-999.9
Sikasso	2009	5	17	137	25.5	34.7	23.9	-999.9	0.0	1.7	96679.2	-999.9
Sikasso	2009	5	18	138	24.7	34.5	22.9	-999.9	3.3	1.8	96696.0	-999.9
Sikasso	2009	5	19	139	26.5	36.8	24.5	-999.9	3.3	2.0	96681.9	-999.9
Sikasso	2009	5	20	140	24.0	35.3	22.6	-999.9	9.9	2.1	96748.8	-999.9
Sikasso	2009	5	21	141	25.7	37.9	25.0	-999.9	5.4	2.0	96627.6	-999.9
Sikasso	2009	5	22	142	26.5	37.4	24.9	-999.9	0.0	2.5	96635.8	-999.9
Sikasso	2009	5	23	143	26.6	35.9	24.9	-999.9	0.0	2.2	96784.3	-999.9
Sikasso	2009	5	24	144	24.7	33.3	19.3	-999.9	5.4	1.6	96814.9	-999.9
Sikasso	2009	5	25	145	24.8	35.4	23.6	-999.9	0.0	1.7	96648.2	-999.9
Sikasso	2009	5	26	146	26.1	35.6	22.9	-999.9	1.8	2.0	96654.4	-999.9
Sikasso	2009	5	27	147	25.7	35.7	24.2	-999.9	3.6	2.1	96610.7	-999.9
Sikasso	2009	5	28	148	26.1	33.7	22.2	-999.9	1.8	2.1	96673.8	-999.9
Sikasso	2009	5	29	149	24.5	35.4	24.7	-999.9	0.0	1.7	96652.6	-999.9
Sikasso	2009	5	30	150	25.5	36.0	24.4	-999.9	0.0	2.1	96650.4	-999.9
Sikasso	2009	5	31	151	25.3	36.0	24.6	-999.9	0.0	2.2	96747.3	-999.9
Sikasso	2009	6	1	152	26.5	36.0	23.5	-999.9	0.0	1.7	96771.7	-999.9
Sikasso	2009	6	2	153	27.1	36.4	23.4	-999.9	5.9	2.1	96704.1	-999.9
Sikasso	2009	6	3	154	28.1	37.7	24.3	-999.9	8.8	2.1	96705.5	-999.9
Sikasso	2009	6	4	155	27.1	34.6	22.6	-999.9	8.8	2.3	96834.4	-999.9
Sikasso	2009	6	5	156	26.8	34.7	23.9	-999.9	0.0	2.2	96903.5	-999.9
Sikasso	2009	6	6	157	24.1	33.3	23.2	-999.9	0.0	2.0	96908.3	-999.9
Sikasso	2009	6	7	158	23.3	32.8	23.6	-999.9	0.0	1.5	96899.5	-999.9
Sikasso	2009	6	8	159	25.7	33.8	23.3	-999.9	19.0	1.3	96792.1	-999.9
Sikasso	2009	6	9	160	25.3	34.5	22.7	-999.9	0.0	2.3	96694.3	-999.9
Sikasso	2009	6	10	161	25.9	34.8	23.6	-999.9	0.0	3.1	96606.5	-999.9
Sikasso	2009	6	11	162	23.3	32.2	20.7	-999.9	18.1	2.1	96770.4	-999.9
Sikasso	2009	6	12	163	22.5	31.2	21.7	-999.9	4.5	1.9	96906.1	-999.9
Sikasso	2009	6	13	164	22.4	29.8	20.2	-999.9	0.0	1.4	96997.2	-999.9
Sikasso	2009	6	14	165	22.1	30.7	22.6	-999.9	4.5	1.3	97060.5	-999.9
Sikasso	2009	6	15	166	24.0	31.9	22.6	-999.9	0.0	1.6	96892.0	-999.9
Sikasso	2009	6	16	167	23.2	31.3	23.3	-999.9	4.7	2.2	96858.2	-999.9
Sikasso	2009	6	17	168	23.0	30.4	21.6	-999.9	0.0	2.0	96882.1	-999.9
Sikasso	2009	6	18	169	23.1	31.9	23.6	-999.9	0.0	1.2	96897.3	-999.9
Sikasso	2009	6	19	170	23.3	33.4	23.2	-999.9	9.4	2.2	96792.4	-999.9
Sikasso	2009	6	20	171	23.8	29.6	15.7	-999.9	4.7	2.9	96821.1	-999.9
Sikasso	2009	6	21	172	23.0	30.5	23.1	-999.9	22.5	2.0	96957.1	-999.9
Sikasso	2009	6	22	173	22.3	29.7	19.6	-999.9	0.0	1.4	97012.7	-999.9
Sikasso	2009	6	23	174	22.4	30.7	21.3	-999.9	0.0	1.1	96969.4	-999.9
Sikasso	2009	6	24	175	24.5	32.7	23.0	-999.9	0.0	1.8	96820.3	-999.9
Sikasso	2009	6	25	176	24.1	30.3	15.0	-999.9	0.0	2.2	96918.2	-999.9
Sikasso	2009	6	26	177	23.5	32.8	24.1	-999.9	34.9	2.1	96978.3	-999.9
Sikasso	2009	6	27	178	23.7	30.4	18.5	-999.9	0.0	2.1	97008.2	-999.9
Sikasso	2009	6	28	179	22.8	31.8	20.8	-999.9	0.0	2.1	97020.8	-999.9
Sikasso	2009	6	29	180	21.8	30.9	21.7	-999.9	34.9	2.3	96974.6	-999.9
Sikasso	2009	6	30	181	22.7	30.6	21.5	-999.9	17.5	2.2	96928.6	-999.9
Sikasso	2009	7	1	182	22.9	30.7	21.7	-999.9	0.0	1.4	97051.6	-999.9
Sikasso	2009	7	2	183	23.1	30.6	21.8	-999.9	0.0	1.4	97038.8	-999.9
Sikasso	2009	7	3	184	22.7	32.2	24.3	-999.9	0.0	1.4	96986.1	-999.9
Sikasso	2009	7	4	185	24.2	31.9	23.1	-999.9	0.0	2.0	96933.4	-999.9
Sikasso	2009	7	5	186	23.2	33.6	22.4	-999.9	21.7	2.2	96841.8	-999.9
Sikasso	2009	7	6	187	22.9	32.0	22.2	-999.9	14.4	2.0	96761.2	-999.9
Sikasso	2009	7	7	188	23.7	31.8	22.2	-999.9	14.4	2.2	96762.0	-999.9
Sikasso	2009	7	8	189	23.4	30.5	18.4	-999.9	7.2	2.0	96898.8	-999.9
Sikasso	2009	7	9	190	23.0	31.5	21.7	-999.9	7.2	2.0	96954.9	-999.9
Sikasso	2009	7	10	191	23.2	30.1	15.6	-999.9	21.6	1.8	96868.0	-999.9
Sikasso	2009	7	11	192	23.1	30.1	17.1	-999.9	0.0	2.6	96915.6	-999.9
Sikasso	2009	7	12	193	22.4	29.7	18.4	-999.9	0.0	2.2	97095.3	-999.9
Sikasso	2009	7	13	194	21.5	30.5	19.4	-999.9	0.0	1.4	97109.8	-999.9
Sikasso	2009	7	14	195	22.9	30.2	19.5	-999.9	11.2	1.6	96986.2	-999.9
Sikasso	2009	7	15	196	22.3	28.6	14.9	-999.9	11.2	2.3	97106.4	-999.9
Sikasso	2009	7	16	197	21.4	29.8	18.1	-999.9	0.0	1.6	97213.5	-999.9
Sikasso	2009	7	17	198	23.0	30.9	21.4	-999.9	9.0	2.2	96967.9	-999.9
Sikasso	2009	7	18	199	22.9	28.6	17.1	-999.9	9.0	2.5	96907.9	-999.9
Sikasso	2009	7	19	200	23.4	29.3	20.0	-999.9	0.0	2.2	97012.7	-999.9
Sikasso	2009	7	20	201	22.3	30.6	22.9	-999.9	4.5	1.5	97117.6	-999.9
Sikasso	2009	7	21	202	22.2	31.5	22.6	-999.9	9.0	1.2	97031.9	-999.9
Sikasso	2009	7	22	203	23.1	30.4	19.6	-999.9	0.0	1.6	96854.6	-999.9
Sikasso	2009	7	23	204	23.1	30.4	22.2	-999.9	0.0	2.1	96848.6	-999.9
Sikasso	2009	7	24	205	23.4	31.8	23.1	-999.9	0.0	1.6	96879.5	-999.9
Sikasso	2009	7	25	206	23.2	31.1	19.5	-999.9	17.9	1.7	96895.3	-999.9
Sikasso	2009	7	26	207	23.1	30.4	20.0	-999.9	0.0	1.7	96941.3	-999.9
Sikasso	2009	7	27	208	23.2	30.9	21.9	-999.9	5.6	1.9	96924.1	-999.9
Sikasso	2009	7	28	209	22.9	29.4	15.1	-999.9	11.2	1.6	96930.6	-999.9
Sikasso	2009	7	29	210	22.1	26.5	10.9	-999.9	5.6	1.5	97042.3	-999.9
Sikasso	2009	7	30	211	21.9	30.0	19.1	-999.9	0.0	1.6	97013.1	-999.9
Sikasso	2009	7	31	212	22.9	28.5	15.4	-999.9	28.0	1.6	96999.7	-999.9
Sikasso	2009	8	1	213	22.6	27.4	13.2	-999.9	0.0	1.6	96948.4	-999.9
Sikasso	2009	8	2	214	22.0	29.2	18.4	-999.9	0.0	2.2	97010.4	-999.9
Sikasso	2009	8	3	215	22.5	30.4	21.7	-999.9	35.8	1.7	96975.3	-999.9
Sikasso	2009	8	4	216	22.7	29.9	19.1	-999.9	0.0	1.6	96989.4	-999.9
Sikasso	2009	8	5	217	22.0	28.6	15.8	-999.9	0.0	1.2	96975.6	-999.9
Sikasso	2009	8	6	218	23.2	30.2	19.8	-999.9	6.9	1.7	96977.1	-999.9
Sikasso	2009	8	7	219	22.2	28.7	16.9	-999.9	0.0	1.6	97028.4	-999.9
Sikasso	2009	8	8	220	21.7	29.6	18.1	-999.9	6.9	1.5	97002.1	-999.9
Sikasso	2009	8	9	221	22.9	30.7	21.9	-999.9	13.8	1.3	96882.6	-999.9
Sikasso	2009	8	10	222	23.0	30.3	20.8	-999.9	6.9	1.3	96936.1	-999.9
Sikasso	2009	8	11	223	22.8	30.1	21.7	-999.9	8.0	1.2	96994.4	-999.9
Sikasso	2009	8	12	224	22.9	30.2	21.7	-999.9	8.0	1.8	96959.8	-999.9
Sikasso	2009	8	13	225	22.4	29.2	16.9	-999.9	8.0	1.8	96850.6	-999.9
Sikasso	2009	8	14	226	22.6	27.6	14.5	-999.9	16.0	1.2	96854.9	-999.9
Sikasso	2009	8	15	227	22.3	30.1	21.4	-999.9	8.0	1.7	96882.5	-999.9
Sikasso	2009	8	16	228	22.1	29.7	21.4	-999.9	0.0	1.6	96952.7	-999.9
Sikasso	2009	8	17	229	23.0	29.1	14.9	-999.9	12.9	1.4	96843.0	-999.9
Sikasso	2009	8	18	230	22.8	29.8	19.8	-999.9	12.9	1.4	96786.8	-999.9
Sikasso	2009	8	19	231	22.3	25.4	8.7	-999.9	12.9	1.5	96837.0	-999.9
Sikasso	2009	8	20	232	22.1	29.0	15.9	-999.9	0.0	1.9	96856.8	-999.9
Sikasso	2009	8	21	233	22.3	29.2	18.8	-999.9	26.4	1.4	96814.0	-999.9
Sikasso	2009	8	22	234	22.0	29.6	20.1	-999.9	0.0	1.8	96823.9	-999.9
Sikasso	2009	8	23	235	21.2	27.7	14.1	-999.9	8.8	1.0	96860.8	-999.9
Sikasso	2009	8	24	236	21.8	28.1	18.7	-999.9	8.8	2.3	96861.2	-999.9
Sikasso	2009	8	25	237	21.8	30.1	22.2	-999.9	0.0	2.0	96909.2	-999.9
Sikasso	2009	8	26	238	22.2	28.5	14.9	-999.9	13.2	1.2	96880.3	-999.9
Sikasso	2009	8	27	239	22.6	28.6	15.2	-999.9	0.0	1.1	96979.8	-999.9
Sikasso	2009	8	28	240	22.4	30.2	21.7	-999.9	0.0	1.8	96893.2	-999.9
Sikasso	2009	8	29	241	22.5	28.4	13.0	-999.9	33.1	1.8	96783.2	-999.9
Sikasso	2009	8	30	242	21.9	27.4	11.4	-999.9	0.0	1.9	96827.6	-999.9
Sikasso	2009	8	31	243	21.8	28.5	16.6	-999.9	0.0	2.1	97039.0	-999.9
Sikasso	2009	9	1	244	21.6	29.3	16.6	-999.9	9.9	2.4	96991.1	-999.9
Sikasso	2009	9	2	245	22.8	27.9	15.1	-999.9	4.9	2.3	96825.9	-999.9
Sikasso	2009	9	3	246	22.1	28.4	17.4	-999.9	0.0	2.1	96983.3	-999.9
Sikasso	2009	9	4	247	22.1	27.3	14.2	-999.9	14.8	1.3	97064.7	-999.9
Sikasso	2009	9	5	248	21.6	29.2	17.0	-999.9	4.9	1.8	97040.3	-999.9
Sikasso	2009	9	6	249	21.1	29.2	17.9	-999.9	0.0	1.4	97024.9	-999.9
Sikasso	2009	9	7	250	21.8	27.1	15.0	-999.9	35.6	1.6	97036.7	-999.9
Sikasso	2009	9	8	251	20.8	29.6	20.9	-999.9	23.7	1.3	96999.1	-999.9
Sikasso	2009	9	9	252	21.7	30.4	21.5	-999.9	23.7	1.1	96923.0	-999.9
Sikasso	2009	9	10	253	23.3	29.8	18.5	-999.9	11.9	1.4	96941.9	-999.9
Sikasso	2009	9	11	254	22.5	29.0	17.2	-999.9	0.0	1.2	96979.3	-999.9
Sikasso	2009	9	12	255	21.5	30.2	21.7	-999.9	17.9	1.1	96975.2	-999.9
Sikasso	2009	9	13	256	21.7	30.7	22.8	-999.9	17.9	0.9	97128.0	-999.9
Sikasso	2009	9	14	257	22.8	30.5	19.6	-999.9	0.0	1.0	97099.5	-999.9
Sikasso	2009	9	15	258	22.4	30.5	22.4	-999.9	8.9	1.2	97037.1	-999.9
Sikasso	2009	9	16	259	22.5	29.4	18.7	-999.9	0.0	1.3	96969.3	-999.9
Sikasso	2009	9	17	260	21.9	29.1	19.5	-999.9	0.0	1.2	96988.8	-999.9
Sikasso	2009	9	18	261	21.6	31.4	21.5	-999.9	0.0	1.2	97002.5	-999.9
Sikasso	2009	9	19	262	23.1	31.6	22.6	-999.9	0.0	1.2	96954.9	-999.9
Sikasso	2009	9	20	263	21.8	29.4	17.0	-999.9	24.8	1.8	96932.5	-999.9
Sikasso	2009	9	21	264	21.4	25.2	8.2	-999.9	15.7	1.1	96894.6	-999.9
Sikasso	2009	9	22	265	20.8	29.7	19.8	-999.9	0.0	1.2	96873.6	-999.9
Sikasso	2009	9	23	266	20.9	31.6	23.6	-999.9	0.0	0.9	96877.5	-999.9
Sikasso	2009	9	24	267	22.9	31.6	21.8	-999.9	15.7	1.3	96854.3	-999.9
Sikasso	2009	9	25	268	23.3	31.2	20.1	-999.9	0.0	1.6	96951.1	-999.9
Sikasso	2009	9	26	269	22.2	29.9	17.7	-999.9	3.8	1.5	97000.9	-999.9
Sikasso	2009	9	27	270	21.9	31.8	23.7	-999.9	0.0	1.4	96916.4	-999.9
Sikasso	2009	9	28	271	22.1	31.7	23.6	-999.9	0.0	1.3	96922.9	-999.9
Sikasso	2009	9	29	272	21.8	30.8	21.1	-999.9	3.8	1.6	96970.4	-999.9
Sikasso	2009	9	30	273	23.3	31.2	21.8	-999.9	0.0	1.1	96955.1	-999.9
Sikasso	2009	10	1	274	22.6	31.7	22.8	-999.9	3.5	1.5	96992.3	-999.9
Sikasso	2009	10	2	275	22.8	31.5	21.4	-999.9	7.0	1.2	97008.2	-999.9
Sikasso	2009	10	3	276	23.4	31.3	22.4	-999.9	0.0	1.2	96936.9	-999.9
Sikasso	2009	10	4	277	23.4	32.8	23.5	-999.9	0.0	1.3	96853.4	-999.9
Sikasso	2009	10	5	278	24.5	32.5	22.9	-999.9	0.0	1.3	96811.8	-999.9
Sikasso	2009	10	6	279	22.8	31.5	20.8	-999.9	8.6	1.3	96934.5	-999.9
Sikasso	2009	10	7	280	22.8	32.0	23.2	-999.9	2.9	1.5	96990.8	-999.9
Sikasso	2009	10	8	281	23.2	31.9	21.9	-999.9	2.9	1.6	96901.7	-999.9
Sikasso	2009	10	9	282	23.7	32.3	22.0	-999.9	0.0	1.3	96803.7	-999.9
Sikasso	2009	10	10	283	23.5	32.3	22.0	-999.9	0.0	1.4	96787.4	-999.9
Sikasso	2009	10	11	284	23.7	32.1	22.1	-999.9	3.1	1.1	96729.4	-999.9
Sikasso	2009	10	12	285	22.8	32.0	21.2	-999.9	0.0	1.2	96686.0	-999.9
Sikasso	2009	10	13	286	22.1	30.6	20.5	-999.9	3.1	1.4	96734.5	-999.9
Sikasso	2009	10	14	287	22.6	30.7	20.7	-999.9	0.0	1.2	96717.9	-999.9
Sikasso	2009	10	15	288	22.2	29.6	15.8	-999.9	12.4	1.3	96733.5	-999.9
Sikasso	2009	10	16	289	21.6	31.2	20.8	-999.9	0.0	1.8	96790.4	-999.9
Sikasso	2009	10	17	290	22.2	31.1	21.3	-999.9	11.2	1.3	96798.0	-999.9
Sikasso	2009	10	18	291	23.0	31.1	19.6	-999.9	0.0	1.7	96707.0	-999.9
Sikasso	2009	10	19	292	23.2	32.1	21.7	-999.9	0.0	1.9	96633.9	-999.9
Sikasso	2009	10	20	293	23.0	31.7	22.0	-999.9	0.0	1.9	96623.0	-999.9
Sikasso	2009	10	21	294	22.5	31.3	20.6	-999.9	14.4	1.7	96771.9	-999.9
Sikasso	2009	10	22	295	21.7	29.0	16.6	-999.9	14.4	1.2	96844.6	-999.9
Sikasso	2009	10	23	296	22.0	29.8	19.4	-999.9	7.2	1.5	96889.1	-999.9
Sikasso	2009	10	24	297	21.5	29.1	16.0	-999.9	14.4	1.5	96946.9	-999.9
Sikasso	2009	10	25	298	20.5	29.6	19.1	-999.9	7.2	0.9	96811.7	-999.9
Sikasso	2009	10	26	299	21.9	31.2	20.6	-999.9	0.0	1.2	96677.9	-999.9
Sikasso	2009	10	27	300	22.5	31.7	20.8	-999.9	0.0	1.3	96718.2	-999.9
Sikasso	2009	10	28	301	22.0	31.0	20.8	-999.9	0.0	1.7	96757.7	-999.9
Sikasso	2009	10	29	302	22.6	31.6	20.6	-999.9	0.0	1.5	96661.3	-999.9
Sikasso	2009	10	30	303	22.0	30.6	19.6	-999.9	8.5	1.5	96627.7	-999.9
Sikasso	2009	10	31	304	21.9	29.7	15.7	-999.9	12.7	1.4	96774.1	-999.9
Sikasso	2009	11	1	305	21.4	27.4	12.6	-999.9	1.6	2.3	96862.1	-999.9
Sikasso	2009	11	2	306	19.8	30.2	21.0	-999.9	1.6	1.8	96782.9	-999.9
Sikasso	2009	11	3	307	20.1	30.7	18.6	-999.9	0.0	1.6	96817.0	-999.9
Sikasso	2009	11	4	308	19.0	32.1	21.4	-999.9	1.6	1.4	96851.8	-999.9
Sikasso	2009	11	5	309	20.0	32.5	20.6	-999.9	0.0	1.0	96905.1	-999.9
Sikasso	2009	11	6	310	19.3	33.1	22.0	-999.9	0.0	1.7	96735.5	-999.9
Sikasso	2009	11	7	311	19.8	33.2	21.8	-999.9	0.0	1.7	96665.8	-999.9
Sikasso	2009	11	8	312	19.5	32.9	21.5	-999.9	0.0	0.8	96698.3	-999.9
Sikasso	2009	11	9	313	20.7	32.1	20.0	-999.9	0.0	1.2	96823.3	-999.9
Sikasso	2009	11	10	314	22.1	32.2	20.0	-999.9	0.0	1.2	96793.2	-999.9
Sikasso	2009	11	11	315	21.0	33.5	20.6	-999.9	0.0	1.0	96664.3	-999.9
Sikasso	2009	11	12	316	19.8	33.5	21.7	-999.9	0.0	1.6	96664.8	-999.9
Sikasso	2009	11	13	317	20.1	33.2	21.8	-999.9	0.0	2.0	96755.6	-999.9
Sikasso	2009	11	14	318	17.6	31.8	22.1	-999.9	0.0	1.7	96821.4	-999.9
Sikasso	2009	11	15	319	17.3	33.1	21.6	-999.9	0.0	1.4	96762.1	-999.9
Sikasso	2009	11	16	320	18.5	32.9	20.9	-999.9	0.0	1.3	96753.5	-999.9
Sikasso	2009	11	17	321	20.3	33.8	21.4	-999.9	0.0	2.0	96805.6	-999.9
Sikasso	2009	11	18	322	19.1	32.8	21.8	-999.9	0.0	1.8	96929.5	-999.9
Sikasso	2009	11	19	323	17.8	31.5	21.8	-999.9	0.0	1.8	96947.5	-999.9
Sikasso	2009	11	20	324	16.9	31.8	21.6	-999.9	0.0	1.9	97041.1	-999.9
Sikasso	2009	11	21	325	17.6	32.5	21.6	-999.9	0.0	2.1	97070.1	-999.9
Sikasso	2009	11	22	326	16.6	31.9	20.1	-999.9	0.1	2.1	97049.8	-999.9
Sikasso	2009	11	23	327	15.8	31.8	21.0	-999.9	0.0	2.0	96913.6	-999.9
Sikasso	2009	11	24	328	16.9	32.8	21.2	-999.9	0.0	2.0	96862.3	-999.9
Sikasso	2009	11	25	329	18.2	33.4	21.0	-999.9	0.0	2.0	96910.5	-999.9
Sikasso	2009	11	26	330	19.2	32.9	21.0	-999.9	0.0	2.1	96986.7	-999.9
Sikasso	2009	11	27	331	16.9	32.8	21.1	-999.9	0.0	1.8	96878.9	-999.9
Sikasso	2009	11	28	332	18.3	32.8	20.8	-999.9	0.0	1.9	96876.3	-999.9
Sikasso	2009	11	29	333	18.5	32.9	19.9	-999.9	0.1	1.9	96828.0	-999.9
Sikasso	2009	11	30	334	18.8	32.7	20.7	-999.9	0.0	1.9	96837.7	-999.9
Sikasso	2009	12	1	335	17.1	32.7	20.7	-999.9	0.0	1.8	96892.4	-999.9
Sikasso	2009	12	2	336	17.5	32.7	20.5	-999.9	0.0	2.1	96876.2	-999.9
Sikasso	2009	12	3	337	16.4	32.8	21.1	-999.9	0.0	2.2	96882.6	-999.9
Sikasso	2009	12	4	338	16.1	32.4	20.9	-999.9	0.0	2.3	96905.2	-999.9
Sikasso	2009	12	5	339	15.4	32.6	21.0	-999.9	0.0	2.1	96880.5	-999.9
Sikasso	2009	12	6	340	16.5	33.1	20.8	-999.9	0.0	2.2	96844.6	-999.9
Sikasso	2009	12	7	341	16.9	32.8	20.8	-999.9	0.0	2.2	96786.9	-999.9
Sikasso	2009	12	8	342	17.4	33.0	20.5	-999.9	0.0	2.2	96874.8	-999.9
Sikasso	2009	12	9	343	17.9	31.6	20.5	-999.9	0.0	2.5	96944.0	-999.9
Sikasso	2009	12	10	344	17.1	31.7	19.3	-999.9	0.9	2.1	96909.6	-999.9
Sikasso	2009	12	11	345	16.2	32.0	19.6	-999.9	0.0	1.8	96807.7	-999.9
Sikasso	2009	12	12	346	18.8	32.7	20.0	-999.9	0.0	1.3	96734.1	-999.9
Sikasso	2009	12	13	347	18.6	32.0	19.5	-999.9	0.0	1.0	96758.0	-999.9
Sikasso	2009	12	14	348	19.0	32.4	19.2	-999.9	0.0	1.3	96820.7	-999.9
Sikasso	2009	12	15	349	19.2	33.3	19.5	-999.9	0.0	1.7	96867.1	-999.9
Sikasso	2009	12	16	350	20.9	33.9	19.8	-999.9	0.0	2.3	96858.8	-999.9
Sikasso	2009	12	17	351	18.5	34.1	20.3	-999.9	0.0	2.1	96909.6	-999.9
Sikasso	2009	12	18	352	18.2	34.7	20.3	-999.9	0.0	2.1	96849.6	-999.9
Sikasso	2009	12	19	353	18.4	34.1	20.0	-999.9	0.0	2.0	96794.2	-999.9
Sikasso	2009	12	20	354	17.3	34.4	20.3	-999.9	0.0	1.9	96801.2	-999.9
Sikasso	2009	12	21	355	16.9	34.4	20.5	-999.9	0.0	2.0	96908.7	-999.9
Sikasso	2009	12	22	356	17.5	34.6	20.5	-999.9	0.0	2.1	97035.9	-999.9
Sikasso	2009	12	23	357	16.4	34.0	20.6	-999.9	0.0	2.0	96940.9	-999.9
Sikasso	2009	12	24	358	16.6	34.3	20.7	-999.9	0.0	2.1	96920.3	-999.9
Sikasso	2009	12	25	359	16.2	33.8	20.8	-999.9	0.0	2.0	96948.9	-999.9
Sikasso	2009	12	26	360	16.2	34.2	20.8	-999.9	0.0	2.3	96936.6	-999.9
Sikasso	2009	12	27	361	17.0	33.7	20.9	-999.9	0.0	2.2	96878.8	-999.9
Sikasso	2009	12	28	362	16.3	33.6	20.9	-999.9	0.0	2.1	96815.6	-999.9
Sikasso	2009	12	29	363	16.1	34.1	20.8	-999.9	0.0	2.2	96773.9	-999.9
Sikasso	2009	12	30	364	17.3	33.3	20.8	-999.9	0.0	2.2	96784.5	-999.9
Sikasso	2009	12	31	365	16.6	33.5	21.0	-999.9	0.0	2.1	96858.7	-999.9
