Sikasso	1992	1	1	1	13.9	31.0	20.5	-999.9	0.0	2.0	96961.2	-999.9
Sikasso	1992	1	2	2	15.0	31.3	20.4	-999.9	0.0	2.2	97016.8	-999.9
Sikasso	1992	1	3	3	16.2	30.7	20.4	-999.9	0.0	2.3	97199.9	-999.9
Sikasso	1992	1	4	4	15.6	29.9	20.6	-999.9	0.0	2.5	97275.6	-999.9
Sikasso	1992	1	5	5	14.5	29.6	20.7	-999.9	0.0	2.4	97202.6	-999.9
Sikasso	1992	1	6	6	13.3	28.1	20.5	-999.9	0.0	2.8	97135.4	-999.9
Sikasso	1992	1	7	7	13.5	28.5	20.7	-999.9	0.0	2.3	97074.0	-999.9
Sikasso	1992	1	8	8	13.5	30.5	20.3	-999.9	0.0	2.0	96996.1	-999.9
Sikasso	1992	1	9	9	15.2	30.8	19.9	-999.9	0.0	2.1	96940.6	-999.9
Sikasso	1992	1	10	10	14.8	30.8	19.1	-999.9	0.0	2.0	96975.7	-999.9
Sikasso	1992	1	11	11	15.8	31.1	20.2	-999.9	0.0	1.9	96949.4	-999.9
Sikasso	1992	1	12	12	14.8	31.6	20.9	-999.9	0.0	1.9	96872.6	-999.9
Sikasso	1992	1	13	13	15.9	31.5	19.7	-999.9	0.0	1.9	96851.7	-999.9
Sikasso	1992	1	14	14	14.9	30.0	21.0	-999.9	0.0	2.3	96902.0	-999.9
Sikasso	1992	1	15	15	14.1	30.8	21.3	-999.9	0.0	2.5	96857.0	-999.9
Sikasso	1992	1	16	16	15.0	31.0	19.8	-999.9	0.0	1.9	96880.4	-999.9
Sikasso	1992	1	17	17	16.0	32.1	20.6	-999.9	0.0	1.8	96918.2	-999.9
Sikasso	1992	1	18	18	17.3	31.7	16.4	-999.9	0.7	2.1	97059.2	-999.9
Sikasso	1992	1	19	19	19.4	31.7	17.7	-999.9	0.0	1.8	96994.4	-999.9
Sikasso	1992	1	20	20	18.8	33.9	20.6	-999.9	0.0	2.1	96780.5	-999.9
Sikasso	1992	1	21	21	19.5	33.3	18.5	-999.9	0.0	1.5	96671.6	-999.9
Sikasso	1992	1	22	22	19.0	27.1	16.9	-999.9	0.0	2.5	96918.5	-999.9
Sikasso	1992	1	23	23	15.0	28.6	18.1	-999.9	0.0	2.8	97064.4	-999.9
Sikasso	1992	1	24	24	15.8	28.4	17.2	-999.9	0.0	3.4	97157.7	-999.9
Sikasso	1992	1	25	25	17.1	30.7	20.5	-999.9	0.0	2.9	97068.9	-999.9
Sikasso	1992	1	26	26	17.2	30.8	20.7	-999.9	0.0	2.5	96971.7	-999.9
Sikasso	1992	1	27	27	17.0	30.6	19.7	-999.9	0.0	2.2	96786.0	-999.9
Sikasso	1992	1	28	28	16.4	32.0	20.8	-999.9	0.0	1.9	96669.6	-999.9
Sikasso	1992	1	29	29	17.8	32.4	20.7	-999.9	0.0	2.0	96749.3	-999.9
Sikasso	1992	1	30	30	19.1	33.8	20.9	-999.9	0.0	2.1	96848.6	-999.9
Sikasso	1992	1	31	31	19.5	33.5	19.9	-999.9	0.0	2.3	96875.5	-999.9
Sikasso	1992	2	1	32	20.2	34.1	21.2	-999.9	0.0	2.1	96850.7	-999.9
Sikasso	1992	2	2	33	20.4	34.7	21.2	-999.9	0.0	2.1	96849.7	-999.9
Sikasso	1992	2	3	34	22.1	34.8	21.4	-999.9	0.0	2.4	96899.5	-999.9
Sikasso	1992	2	4	35	20.6	34.3	21.6	-999.9	0.0	2.1	96856.5	-999.9
Sikasso	1992	2	5	36	20.1	33.9	20.2	-999.9	0.0	1.9	96740.1	-999.9
Sikasso	1992	2	6	37	23.0	33.8	18.4	-999.9	0.0	1.1	96735.2	-999.9
Sikasso	1992	2	7	38	22.2	34.6	20.6	-999.9	0.0	1.3	96839.0	-999.9
Sikasso	1992	2	8	39	23.1	34.8	19.5	-999.9	0.0	1.2	96852.4	-999.9
Sikasso	1992	2	9	40	24.5	35.0	21.1	-999.9	0.0	1.6	96753.1	-999.9
Sikasso	1992	2	10	41	21.7	34.6	20.8	-999.9	0.0	1.7	96725.9	-999.9
Sikasso	1992	2	11	42	22.1	34.9	19.0	-999.9	0.0	1.5	96812.4	-999.9
Sikasso	1992	2	12	43	20.6	35.2	21.4	-999.9	0.0	1.3	96832.3	-999.9
Sikasso	1992	2	13	44	22.4	34.7	22.0	-999.9	0.0	2.3	96844.4	-999.9
Sikasso	1992	2	14	45	21.3	34.7	22.7	-999.9	0.0	3.1	96891.1	-999.9
Sikasso	1992	2	15	46	20.5	34.0	22.2	-999.9	0.0	2.7	97030.8	-999.9
Sikasso	1992	2	16	47	20.5	34.1	22.7	-999.9	0.0	2.3	96970.8	-999.9
Sikasso	1992	2	17	48	18.7	34.7	22.9	-999.9	0.0	2.3	96833.7	-999.9
Sikasso	1992	2	18	49	18.6	35.2	23.1	-999.9	0.0	2.2	96761.5	-999.9
Sikasso	1992	2	19	50	18.8	35.3	23.3	-999.9	0.0	2.2	96681.8	-999.9
Sikasso	1992	2	20	51	17.6	36.0	23.5	-999.9	0.0	2.1	96590.6	-999.9
Sikasso	1992	2	21	52	17.5	36.4	23.6	-999.9	0.0	1.9	96571.9	-999.9
Sikasso	1992	2	22	53	17.9	37.1	23.4	-999.9	0.0	2.2	96615.5	-999.9
Sikasso	1992	2	23	54	19.6	37.0	23.4	-999.9	0.0	2.3	96720.5	-999.9
Sikasso	1992	2	24	55	20.7	38.0	23.4	-999.9	0.0	2.4	96825.1	-999.9
Sikasso	1992	2	25	56	21.6	37.1	23.8	-999.9	0.0	2.5	96914.4	-999.9
Sikasso	1992	2	26	57	21.1	35.9	24.0	-999.9	0.0	2.3	96921.6	-999.9
Sikasso	1992	2	27	58	19.4	36.1	24.1	-999.9	0.0	1.9	96904.5	-999.9
Sikasso	1992	2	28	59	18.1	36.3	24.1	-999.9	0.0	1.7	96712.0	-999.9
Sikasso	1992	2	29	60	20.5	36.7	22.6	-999.9	0.0	1.8	96580.1	-999.9
Sikasso	1992	3	1	61	23.7	35.8	19.9	-999.9	0.0	1.8	96703.5	-999.9
Sikasso	1992	3	2	62	23.1	34.7	18.0	-999.9	0.0	1.4	96891.6	-999.9
Sikasso	1992	3	3	63	23.9	33.5	18.1	-999.9	0.0	1.6	96941.8	-999.9
Sikasso	1992	3	4	64	23.3	36.0	21.5	-999.9	0.0	1.1	96760.7	-999.9
Sikasso	1992	3	5	65	24.2	36.9	22.8	-999.9	2.2	1.1	96692.5	-999.9
Sikasso	1992	3	6	66	23.7	37.1	23.2	-999.9	0.0	1.9	96660.4	-999.9
Sikasso	1992	3	7	67	22.7	36.7	23.0	-999.9	0.0	2.3	96607.1	-999.9
Sikasso	1992	3	8	68	21.0	36.6	24.2	-999.9	0.0	2.3	96625.0	-999.9
Sikasso	1992	3	9	69	21.2	35.9	24.3	-999.9	0.0	2.2	96626.6	-999.9
Sikasso	1992	3	10	70	21.7	36.0	24.2	-999.9	0.0	2.3	96601.5	-999.9
Sikasso	1992	3	11	71	21.8	35.6	24.2	-999.9	0.0	2.3	96609.3	-999.9
Sikasso	1992	3	12	72	21.6	35.1	24.3	-999.9	0.0	2.1	96590.2	-999.9
Sikasso	1992	3	13	73	22.0	35.2	24.1	-999.9	0.0	2.2	96638.9	-999.9
Sikasso	1992	3	14	74	22.7	34.7	21.8	-999.9	0.0	2.2	96717.4	-999.9
Sikasso	1992	3	15	75	23.9	35.4	21.2	-999.9	0.0	2.4	96732.1	-999.9
Sikasso	1992	3	16	76	21.3	35.4	24.5	-999.9	0.0	2.2	96742.7	-999.9
Sikasso	1992	3	17	77	20.5	35.4	24.8	-999.9	0.0	1.8	96712.0	-999.9
Sikasso	1992	3	18	78	20.0	35.4	24.3	-999.9	0.0	1.7	96590.6	-999.9
Sikasso	1992	3	19	79	21.7	35.1	24.7	-999.9	0.0	1.8	96503.6	-999.9
Sikasso	1992	3	20	80	22.3	35.5	23.4	-999.9	0.0	1.7	96545.6	-999.9
Sikasso	1992	3	21	81	22.6	34.9	22.4	-999.9	0.0	2.0	96644.5	-999.9
Sikasso	1992	3	22	82	24.2	34.1	21.1	-999.9	0.0	3.2	96828.2	-999.9
Sikasso	1992	3	23	83	21.5	34.3	24.8	-999.9	0.0	2.7	96836.4	-999.9
Sikasso	1992	3	24	84	21.5	35.5	24.4	-999.9	0.0	2.1	96630.1	-999.9
Sikasso	1992	3	25	85	23.6	32.6	12.5	-999.9	0.0	1.6	96603.0	-999.9
Sikasso	1992	3	26	86	22.3	36.9	23.1	-999.9	3.0	2.1	96726.0	-999.9
Sikasso	1992	3	27	87	27.7	36.4	20.8	-999.9	0.0	2.7	96786.4	-999.9
Sikasso	1992	3	28	88	26.0	37.2	24.1	-999.9	0.0	2.4	96738.7	-999.9
Sikasso	1992	3	29	89	24.1	37.9	25.0	-999.9	0.0	2.2	96722.8	-999.9
Sikasso	1992	3	30	90	25.6	36.9	18.7	-999.9	0.0	2.4	96662.3	-999.9
Sikasso	1992	3	31	91	25.8	37.6	22.8	-999.9	0.0	1.7	96580.5	-999.9
Sikasso	1992	4	1	92	26.9	38.4	23.1	-999.9	0.0	2.4	96488.2	-999.9
Sikasso	1992	4	2	93	27.1	37.7	23.2	-999.9	0.0	1.9	96531.4	-999.9
Sikasso	1992	4	3	94	27.1	38.1	25.0	-999.9	0.0	2.6	96710.2	-999.9
Sikasso	1992	4	4	95	26.3	38.6	24.6	-999.9	0.0	1.9	96730.2	-999.9
Sikasso	1992	4	5	96	25.8	38.0	22.1	-999.9	4.7	1.9	96681.0	-999.9
Sikasso	1992	4	6	97	25.6	35.9	22.8	-999.9	0.0	1.8	96774.6	-999.9
Sikasso	1992	4	7	98	26.5	35.1	20.2	-999.9	0.0	1.6	96820.6	-999.9
Sikasso	1992	4	8	99	24.0	34.4	17.7	-999.9	0.0	1.0	96745.5	-999.9
Sikasso	1992	4	9	100	24.4	36.7	23.0	-999.9	0.0	2.1	96575.7	-999.9
Sikasso	1992	4	10	101	24.1	33.7	19.8	-999.9	4.0	2.5	96555.0	-999.9
Sikasso	1992	4	11	102	24.5	35.7	22.1	-999.9	4.0	2.0	96579.7	-999.9
Sikasso	1992	4	12	103	23.8	34.6	23.6	-999.9	0.0	2.2	96624.1	-999.9
Sikasso	1992	4	13	104	24.3	35.7	21.7	-999.9	0.0	2.0	96697.1	-999.9
Sikasso	1992	4	14	105	22.3	37.2	25.8	-999.9	0.0	2.6	96678.0	-999.9
Sikasso	1992	4	15	106	24.3	36.9	24.1	-999.9	0.0	1.6	96661.5	-999.9
Sikasso	1992	4	16	107	24.1	37.4	25.7	-999.9	0.0	1.0	96639.5	-999.9
Sikasso	1992	4	17	108	23.7	37.8	25.5	-999.9	0.0	1.5	96605.8	-999.9
Sikasso	1992	4	18	109	26.1	37.8	24.8	-999.9	0.0	2.2	96551.9	-999.9
Sikasso	1992	4	19	110	26.9	37.6	24.2	-999.9	0.0	2.2	96450.7	-999.9
Sikasso	1992	4	20	111	25.3	37.4	24.3	-999.9	3.2	2.2	96482.3	-999.9
Sikasso	1992	4	21	112	26.9	37.4	24.2	-999.9	0.0	2.6	96619.1	-999.9
Sikasso	1992	4	22	113	25.8	36.2	22.4	-999.9	3.8	1.9	96718.8	-999.9
Sikasso	1992	4	23	114	23.4	31.8	20.2	-999.9	7.7	1.5	96674.1	-999.9
Sikasso	1992	4	24	115	25.3	33.9	22.5	-999.9	0.0	1.5	96492.0	-999.9
Sikasso	1992	4	25	116	25.2	35.4	23.8	-999.9	0.0	1.8	96548.0	-999.9
Sikasso	1992	4	26	117	25.7	36.2	23.5	-999.9	0.0	2.0	96698.0	-999.9
Sikasso	1992	4	27	118	26.8	36.7	23.7	-999.9	3.2	1.7	96553.3	-999.9
Sikasso	1992	4	28	119	26.0	36.8	24.7	-999.9	0.0	2.0	96422.1	-999.9
Sikasso	1992	4	29	120	26.4	37.0	23.2	-999.9	0.0	2.2	96481.7	-999.9
Sikasso	1992	4	30	121	26.8	37.2	23.0	-999.9	5.6	2.3	96550.1	-999.9
Sikasso	1992	5	1	122	25.8	35.3	20.9	-999.9	5.9	2.7	96658.7	-999.9
Sikasso	1992	5	2	123	24.7	34.8	21.5	-999.9	5.9	2.3	96638.2	-999.9
Sikasso	1992	5	3	124	25.9	36.5	22.0	-999.9	5.9	2.3	96479.0	-999.9
Sikasso	1992	5	4	125	25.0	34.9	21.9	-999.9	2.9	2.6	96491.2	-999.9
Sikasso	1992	5	5	126	25.7	36.9	22.7	-999.9	3.4	2.5	96553.1	-999.9
Sikasso	1992	5	6	127	24.3	34.0	19.2	-999.9	5.4	1.8	96743.6	-999.9
Sikasso	1992	5	7	128	24.9	36.2	22.2	-999.9	5.4	1.6	96730.0	-999.9
Sikasso	1992	5	8	129	25.9	37.4	24.2	-999.9	0.0	2.3	96613.1	-999.9
Sikasso	1992	5	9	130	26.0	37.7	24.1	-999.9	0.0	2.5	96560.1	-999.9
Sikasso	1992	5	10	131	26.6	34.5	21.3	-999.9	0.0	2.7	96710.9	-999.9
Sikasso	1992	5	11	132	26.3	36.2	22.8	-999.9	0.0	2.2	96749.8	-999.9
Sikasso	1992	5	12	133	24.8	34.7	22.7	-999.9	6.5	2.1	96636.0	-999.9
Sikasso	1992	5	13	134	24.3	35.5	22.3	-999.9	0.0	2.0	96627.0	-999.9
Sikasso	1992	5	14	135	25.1	35.1	23.4	-999.9	0.0	2.3	96607.4	-999.9
Sikasso	1992	5	15	136	26.0	35.0	22.5	-999.9	8.7	2.0	96622.4	-999.9
Sikasso	1992	5	16	137	24.8	33.6	22.3	-999.9	9.5	2.0	96702.5	-999.9
Sikasso	1992	5	17	138	24.0	30.6	15.0	-999.9	3.2	1.3	96784.7	-999.9
Sikasso	1992	5	18	139	24.7	33.2	22.4	-999.9	9.5	2.0	96708.4	-999.9
Sikasso	1992	5	19	140	23.5	34.3	22.2	-999.9	6.3	2.4	96660.6	-999.9
Sikasso	1992	5	20	141	24.8	35.3	24.4	-999.9	0.0	2.1	96585.8	-999.9
Sikasso	1992	5	21	142	24.8	34.2	21.5	-999.9	0.0	2.9	96708.0	-999.9
Sikasso	1992	5	22	143	24.8	34.0	22.2	-999.9	2.4	2.1	96837.7	-999.9
Sikasso	1992	5	23	144	24.6	34.9	23.6	-999.9	4.9	1.8	96820.8	-999.9
Sikasso	1992	5	24	145	24.1	32.3	21.8	-999.9	0.0	1.9	96849.2	-999.9
Sikasso	1992	5	25	146	23.3	33.6	23.4	-999.9	2.8	2.0	96870.4	-999.9
Sikasso	1992	5	26	147	23.9	32.6	20.4	-999.9	6.6	1.7	96777.5	-999.9
Sikasso	1992	5	27	148	21.8	31.9	22.5	-999.9	0.0	1.8	96808.0	-999.9
Sikasso	1992	5	28	149	23.3	33.3	23.8	-999.9	6.6	1.7	96692.4	-999.9
Sikasso	1992	5	29	150	24.7	32.2	21.7	-999.9	7.6	1.5	96795.4	-999.9
Sikasso	1992	5	30	151	23.8	32.7	21.4	-999.9	13.3	1.7	96826.6	-999.9
Sikasso	1992	5	31	152	24.2	32.9	23.3	-999.9	13.3	2.4	96754.7	-999.9
Sikasso	1992	6	1	153	24.1	33.5	22.0	-999.9	5.0	2.6	96669.8	-999.9
Sikasso	1992	6	2	154	23.3	32.5	17.3	-999.9	9.9	2.6	96755.4	-999.9
Sikasso	1992	6	3	155	22.7	31.9	18.1	-999.9	0.0	2.3	96898.1	-999.9
Sikasso	1992	6	4	156	23.8	31.9	21.5	-999.9	0.0	1.9	96805.1	-999.9
Sikasso	1992	6	5	157	24.2	33.7	22.7	-999.9	9.9	2.0	96783.2	-999.9
Sikasso	1992	6	6	158	24.3	33.5	23.2	-999.9	0.0	1.8	96761.9	-999.9
Sikasso	1992	6	7	159	22.8	32.8	21.8	-999.9	7.7	2.0	96870.0	-999.9
Sikasso	1992	6	8	160	22.9	32.0	20.6	-999.9	7.7	2.1	96912.9	-999.9
Sikasso	1992	6	9	161	23.7	33.0	23.6	-999.9	0.0	2.0	96885.0	-999.9
Sikasso	1992	6	10	162	23.6	32.3	21.5	-999.9	0.0	2.6	96807.9	-999.9
Sikasso	1992	6	11	163	23.4	33.9	24.0	-999.9	0.0	2.1	96902.1	-999.9
Sikasso	1992	6	12	164	25.0	33.9	22.8	-999.9	9.7	2.3	96901.8	-999.9
Sikasso	1992	6	13	165	22.9	31.2	15.6	-999.9	19.4	1.8	96838.3	-999.9
Sikasso	1992	6	14	166	22.7	31.8	19.6	-999.9	0.0	1.7	96873.8	-999.9
Sikasso	1992	6	15	167	22.9	29.8	16.7	-999.9	0.0	1.7	96984.9	-999.9
Sikasso	1992	6	16	168	22.6	30.5	17.4	-999.9	0.0	2.2	97056.9	-999.9
Sikasso	1992	6	17	169	23.7	33.0	23.5	-999.9	16.9	1.9	96953.0	-999.9
Sikasso	1992	6	18	170	23.9	31.9	19.5	-999.9	0.0	2.3	96866.9	-999.9
Sikasso	1992	6	19	171	23.3	32.2	22.8	-999.9	0.0	2.0	96930.6	-999.9
Sikasso	1992	6	20	172	23.3	30.4	19.0	-999.9	0.0	2.0	97107.6	-999.9
Sikasso	1992	6	21	173	23.3	31.7	23.0	-999.9	0.0	1.8	97075.0	-999.9
Sikasso	1992	6	22	174	23.4	32.4	21.7	-999.9	0.0	2.3	96903.8	-999.9
Sikasso	1992	6	23	175	24.6	32.3	19.2	-999.9	0.0	2.6	96861.6	-999.9
Sikasso	1992	6	24	176	24.4	33.4	20.9	-999.9	33.2	2.4	96813.5	-999.9
Sikasso	1992	6	25	177	22.6	31.4	18.2	-999.9	0.0	2.6	96918.9	-999.9
Sikasso	1992	6	26	178	23.8	31.3	20.2	-999.9	9.6	2.2	96882.9	-999.9
Sikasso	1992	6	27	179	22.8	31.2	20.8	-999.9	0.0	2.0	96904.5	-999.9
Sikasso	1992	6	28	180	23.5	31.2	20.9	-999.9	0.0	1.8	96998.4	-999.9
Sikasso	1992	6	29	181	23.2	32.1	21.8	-999.9	9.6	1.7	97072.6	-999.9
Sikasso	1992	6	30	182	22.2	32.7	24.6	-999.9	19.2	1.9	97050.6	-999.9
Sikasso	1992	7	1	183	22.9	32.1	21.9	-999.9	0.0	2.0	96971.6	-999.9
Sikasso	1992	7	2	184	23.8	31.8	23.2	-999.9	0.0	1.7	96994.4	-999.9
Sikasso	1992	7	3	185	22.9	29.0	14.8	-999.9	54.2	2.3	96999.5	-999.9
Sikasso	1992	7	4	186	21.6	29.5	18.4	-999.9	0.0	2.2	97040.9	-999.9
Sikasso	1992	7	5	187	22.8	31.7	20.5	-999.9	0.0	2.1	96906.1	-999.9
Sikasso	1992	7	6	188	23.0	30.1	17.3	-999.9	0.0	3.0	96913.9	-999.9
Sikasso	1992	7	7	189	22.3	29.8	18.1	-999.9	0.0	2.4	97031.3	-999.9
Sikasso	1992	7	8	190	22.2	29.0	17.1	-999.9	16.1	1.5	97008.4	-999.9
Sikasso	1992	7	9	191	22.1	28.0	15.9	-999.9	16.1	1.5	97010.3	-999.9
Sikasso	1992	7	10	192	22.0	29.1	18.5	-999.9	0.0	1.9	96950.9	-999.9
Sikasso	1992	7	11	193	21.9	28.8	15.9	-999.9	0.0	2.2	96972.3	-999.9
Sikasso	1992	7	12	194	22.1	29.3	18.2	-999.9	5.5	1.9	96866.9	-999.9
Sikasso	1992	7	13	195	21.8	28.8	15.9	-999.9	0.0	1.9	96948.8	-999.9
Sikasso	1992	7	14	196	22.3	28.3	15.2	-999.9	4.7	1.9	96986.2	-999.9
Sikasso	1992	7	15	197	20.9	28.6	20.1	-999.9	47.5	1.8	97035.2	-999.9
Sikasso	1992	7	16	198	21.7	24.3	7.9	-999.9	13.2	1.4	97100.9	-999.9
Sikasso	1992	7	17	199	20.7	28.6	17.5	-999.9	0.0	2.1	97130.5	-999.9
Sikasso	1992	7	18	200	21.3	31.1	23.7	-999.9	0.0	1.9	97049.8	-999.9
Sikasso	1992	7	19	201	22.2	26.3	11.7	-999.9	0.0	1.7	97067.5	-999.9
Sikasso	1992	7	20	202	21.7	29.0	19.8	-999.9	0.0	1.7	97040.4	-999.9
Sikasso	1992	7	21	203	22.3	29.5	20.8	-999.9	0.0	1.7	97050.6	-999.9
Sikasso	1992	7	22	204	22.5	29.7	20.2	-999.9	9.9	1.6	97108.0	-999.9
Sikasso	1992	7	23	205	21.3	28.0	13.8	-999.9	9.9	1.9	97131.3	-999.9
Sikasso	1992	7	24	206	21.3	24.9	10.9	-999.9	19.9	2.5	97141.1	-999.9
Sikasso	1992	7	25	207	21.7	28.2	19.9	-999.9	0.0	2.1	97089.5	-999.9
Sikasso	1992	7	26	208	21.8	28.4	17.1	-999.9	0.0	1.6	97168.4	-999.9
Sikasso	1992	7	27	209	21.5	27.5	15.0	-999.9	0.0	1.6	97171.5	-999.9
Sikasso	1992	7	28	210	21.9	28.7	19.5	-999.9	0.0	1.8	97081.8	-999.9
Sikasso	1992	7	29	211	22.1	28.9	19.4	-999.9	0.0	1.6	97073.8	-999.9
Sikasso	1992	7	30	212	21.6	29.7	19.6	-999.9	0.0	1.8	97001.0	-999.9
Sikasso	1992	7	31	213	21.6	29.2	18.6	-999.9	9.0	2.0	96986.7	-999.9
Sikasso	1992	8	1	214	22.3	29.1	20.7	-999.9	0.0	1.8	97028.3	-999.9
Sikasso	1992	8	2	215	21.5	29.0	20.2	-999.9	0.0	1.8	97048.7	-999.9
Sikasso	1992	8	3	216	22.4	30.2	21.0	-999.9	0.0	1.8	96956.9	-999.9
Sikasso	1992	8	4	217	22.4	28.0	14.5	-999.9	0.0	2.4	96931.9	-999.9
Sikasso	1992	8	5	218	21.5	27.3	12.5	-999.9	10.8	2.3	97032.9	-999.9
Sikasso	1992	8	6	219	21.4	28.7	16.5	-999.9	9.1	2.0	97119.5	-999.9
Sikasso	1992	8	7	220	21.2	28.3	17.2	-999.9	9.1	1.7	97065.2	-999.9
Sikasso	1992	8	8	221	21.8	29.2	19.3	-999.9	18.3	1.6	97060.0	-999.9
Sikasso	1992	8	9	222	22.2	29.4	20.3	-999.9	9.1	1.6	97026.1	-999.9
Sikasso	1992	8	10	223	22.3	30.1	22.0	-999.9	18.3	1.4	96998.7	-999.9
Sikasso	1992	8	11	224	21.8	27.8	13.4	-999.9	40.2	1.3	97018.9	-999.9
Sikasso	1992	8	12	225	21.7	29.4	20.4	-999.9	20.1	1.5	97134.6	-999.9
Sikasso	1992	8	13	226	21.5	28.2	15.7	-999.9	0.0	1.2	97155.8	-999.9
Sikasso	1992	8	14	227	22.6	28.1	16.0	-999.9	0.0	1.9	97005.5	-999.9
Sikasso	1992	8	15	228	21.6	28.9	19.9	-999.9	10.1	1.8	96946.0	-999.9
Sikasso	1992	8	16	229	21.5	28.9	16.6	-999.9	10.2	1.2	97065.2	-999.9
Sikasso	1992	8	17	230	21.7	29.5	20.9	-999.9	20.5	1.6	97090.3	-999.9
Sikasso	1992	8	18	231	22.4	28.2	16.7	-999.9	0.0	2.0	97134.8	-999.9
Sikasso	1992	8	19	232	22.4	29.1	19.0	-999.9	0.0	1.5	97160.9	-999.9
Sikasso	1992	8	20	233	21.9	30.4	22.1	-999.9	0.0	1.8	97097.1	-999.9
Sikasso	1992	8	21	234	23.4	30.9	21.1	-999.9	15.5	1.9	96928.8	-999.9
Sikasso	1992	8	22	235	22.9	28.2	15.4	-999.9	7.8	2.3	96894.9	-999.9
Sikasso	1992	8	23	236	21.9	29.0	16.8	-999.9	15.5	1.9	96891.6	-999.9
Sikasso	1992	8	24	237	21.8	25.9	10.5	-999.9	7.8	2.1	96951.1	-999.9
Sikasso	1992	8	25	238	20.5	28.9	18.1	-999.9	15.5	1.2	97072.9	-999.9
Sikasso	1992	8	26	239	21.1	26.4	8.6	-999.9	27.7	1.0	97100.3	-999.9
Sikasso	1992	8	27	240	20.9	27.8	15.2	-999.9	36.9	1.6	97008.7	-999.9
Sikasso	1992	8	28	241	21.5	28.1	16.8	-999.9	0.0	2.4	97068.6	-999.9
Sikasso	1992	8	29	242	21.6	28.1	18.8	-999.9	0.0	2.0	97176.0	-999.9
Sikasso	1992	8	30	243	21.8	25.0	7.9	-999.9	0.0	1.8	97161.3	-999.9
Sikasso	1992	8	31	244	20.4	27.2	12.6	-999.9	18.5	2.0	96915.3	-999.9
Sikasso	1992	9	1	245	21.2	24.8	8.9	-999.9	20.2	2.3	96879.2	-999.9
Sikasso	1992	9	2	246	20.1	28.7	19.3	-999.9	0.0	1.7	97008.2	-999.9
Sikasso	1992	9	3	247	21.5	29.7	19.4	-999.9	10.1	1.4	96847.4	-999.9
Sikasso	1992	9	4	248	21.7	28.5	19.1	-999.9	10.1	2.0	96822.6	-999.9
Sikasso	1992	9	5	249	20.9	29.3	21.3	-999.9	0.0	1.5	96871.7	-999.9
Sikasso	1992	9	6	250	22.0	29.8	19.3	-999.9	9.5	1.7	96773.2	-999.9
Sikasso	1992	9	7	251	21.1	26.3	11.3	-999.9	9.5	1.7	96850.0	-999.9
Sikasso	1992	9	8	252	21.2	28.6	16.4	-999.9	4.8	1.6	97012.0	-999.9
Sikasso	1992	9	9	253	20.7	29.7	20.6	-999.9	0.0	1.5	96944.5	-999.9
Sikasso	1992	9	10	254	21.9	27.8	14.1	-999.9	0.0	1.4	96891.3	-999.9
Sikasso	1992	9	11	255	22.2	29.7	20.8	-999.9	0.0	1.8	96938.0	-999.9
Sikasso	1992	9	12	256	21.3	28.9	19.2	-999.9	4.6	1.4	96949.2	-999.9
Sikasso	1992	9	13	257	21.4	30.5	22.4	-999.9	4.6	1.3	96709.8	-999.9
Sikasso	1992	9	14	258	22.5	29.8	18.1	-999.9	4.6	1.2	96617.4	-999.9
Sikasso	1992	9	15	259	22.0	29.4	18.0	-999.9	13.9	1.5	96724.3	-999.9
Sikasso	1992	9	16	260	21.9	26.8	12.0	-999.9	9.4	1.7	96865.0	-999.9
Sikasso	1992	9	17	261	20.9	29.6	22.2	-999.9	9.4	1.0	96859.3	-999.9
Sikasso	1992	9	18	262	21.1	29.1	18.7	-999.9	9.4	1.2	96856.8	-999.9
Sikasso	1992	9	19	263	21.1	30.6	22.3	-999.9	0.0	1.1	96807.4	-999.9
Sikasso	1992	9	20	264	22.1	28.9	19.6	-999.9	0.0	1.3	96900.1	-999.9
Sikasso	1992	9	21	265	21.2	28.4	18.0	-999.9	0.0	1.7	96953.3	-999.9
Sikasso	1992	9	22	266	21.4	29.4	21.8	-999.9	7.9	1.2	96924.6	-999.9
Sikasso	1992	9	23	267	22.0	29.9	21.4	-999.9	0.0	1.9	96925.2	-999.9
Sikasso	1992	9	24	268	20.6	31.1	23.6	-999.9	7.9	1.2	96953.6	-999.9
Sikasso	1992	9	25	269	22.9	30.6	21.4	-999.9	7.9	1.4	96922.4	-999.9
Sikasso	1992	9	26	270	21.8	30.5	21.4	-999.9	0.0	1.5	96888.5	-999.9
Sikasso	1992	9	27	271	22.6	30.5	21.5	-999.9	0.0	1.2	96918.4	-999.9
Sikasso	1992	9	28	272	22.6	30.7	21.2	-999.9	0.0	1.3	96905.8	-999.9
Sikasso	1992	9	29	273	21.4	30.7	20.9	-999.9	0.0	1.4	96847.0	-999.9
Sikasso	1992	9	30	274	22.7	30.1	20.8	-999.9	13.3	1.4	96829.6	-999.9
Sikasso	1992	10	1	275	21.5	28.1	16.3	-999.9	3.4	1.9	96854.0	-999.9
Sikasso	1992	10	2	276	21.5	29.4	19.3	-999.9	0.0	1.8	96918.1	-999.9
Sikasso	1992	10	3	277	21.2	30.0	21.7	-999.9	0.0	1.3	96933.6	-999.9
Sikasso	1992	10	4	278	21.7	30.4	22.0	-999.9	0.0	1.3	96866.4	-999.9
Sikasso	1992	10	5	279	22.4	30.6	22.2	-999.9	3.4	1.4	96808.6	-999.9
Sikasso	1992	10	6	280	22.4	30.9	22.3	-999.9	0.0	1.1	96823.6	-999.9
Sikasso	1992	10	7	281	22.1	31.6	23.2	-999.9	0.0	1.2	96849.9	-999.9
Sikasso	1992	10	8	282	23.2	30.3	19.5	-999.9	6.1	1.8	96874.3	-999.9
Sikasso	1992	10	9	283	23.4	30.4	20.2	-999.9	0.0	1.6	96905.5	-999.9
Sikasso	1992	10	10	284	22.8	30.4	20.5	-999.9	6.1	1.6	96944.0	-999.9
Sikasso	1992	10	11	285	22.3	29.8	19.3	-999.9	3.7	1.4	96876.8	-999.9
Sikasso	1992	10	12	286	22.7	28.1	14.3	-999.9	7.3	1.2	96785.3	-999.9
Sikasso	1992	10	13	287	22.0	30.8	21.8	-999.9	0.0	1.4	96893.2	-999.9
Sikasso	1992	10	14	288	22.2	30.2	21.5	-999.9	0.0	1.3	96986.9	-999.9
Sikasso	1992	10	15	289	22.0	30.0	20.0	-999.9	0.0	1.4	96953.4	-999.9
Sikasso	1992	10	16	290	22.9	30.2	20.4	-999.9	0.0	1.7	96806.6	-999.9
Sikasso	1992	10	17	291	23.1	29.8	19.8	-999.9	0.0	1.6	96800.7	-999.9
Sikasso	1992	10	18	292	22.9	30.0	20.3	-999.9	8.3	1.4	96864.4	-999.9
Sikasso	1992	10	19	293	22.3	30.9	21.7	-999.9	0.0	1.4	96889.4	-999.9
Sikasso	1992	10	20	294	22.5	33.4	22.4	-999.9	0.0	1.6	96774.7	-999.9
Sikasso	1992	10	21	295	22.6	31.0	20.4	-999.9	0.0	1.6	96903.6	-999.9
Sikasso	1992	10	22	296	22.6	30.9	20.2	-999.9	15.2	1.6	97010.3	-999.9
Sikasso	1992	10	23	297	21.9	30.1	19.8	-999.9	7.6	1.6	96925.6	-999.9
Sikasso	1992	10	24	298	22.6	29.8	19.6	-999.9	7.6	1.4	96872.2	-999.9
Sikasso	1992	10	25	299	22.1	29.8	20.5	-999.9	7.6	1.3	96924.2	-999.9
Sikasso	1992	10	26	300	21.1	30.6	18.8	-999.9	0.0	1.2	96902.8	-999.9
Sikasso	1992	10	27	301	20.7	31.0	20.5	-999.9	0.0	1.3	96832.6	-999.9
Sikasso	1992	10	28	302	19.8	31.6	20.9	-999.9	0.0	1.2	96829.0	-999.9
Sikasso	1992	10	29	303	21.1	32.3	21.0	-999.9	0.0	1.4	96791.3	-999.9
Sikasso	1992	10	30	304	19.9	32.3	20.1	-999.9	0.0	1.5	96807.3	-999.9
Sikasso	1992	10	31	305	21.8	31.6	20.4	-999.9	0.0	1.5	96809.8	-999.9
Sikasso	1992	11	1	306	22.1	31.6	19.7	-999.9	0.0	1.4	96804.5	-999.9
Sikasso	1992	11	2	307	21.2	32.8	21.0	-999.9	0.0	1.6	96759.7	-999.9
Sikasso	1992	11	3	308	18.6	32.8	22.0	-999.9	0.0	1.1	96663.1	-999.9
Sikasso	1992	11	4	309	18.9	32.3	21.0	-999.9	0.0	1.2	96543.4	-999.9
Sikasso	1992	11	5	310	20.6	31.7	20.1	-999.9	0.0	1.0	96542.6	-999.9
Sikasso	1992	11	6	311	20.6	31.5	20.5	-999.9	0.0	1.2	96682.6	-999.9
Sikasso	1992	11	7	312	22.0	31.1	18.6	-999.9	0.0	1.3	96767.5	-999.9
Sikasso	1992	11	8	313	19.7	27.9	14.3	-999.9	0.0	1.7	96841.8	-999.9
Sikasso	1992	11	9	314	17.6	25.9	11.9	-999.9	0.0	1.9	96927.3	-999.9
Sikasso	1992	11	10	315	17.9	30.1	20.3	-999.9	0.0	1.2	96891.2	-999.9
Sikasso	1992	11	11	316	19.6	31.0	18.0	-999.9	0.0	1.2	96927.6	-999.9
Sikasso	1992	11	12	317	20.5	31.9	20.7	-999.9	0.0	1.5	96886.7	-999.9
Sikasso	1992	11	13	318	20.5	31.8	20.6	-999.9	0.0	1.6	96866.6	-999.9
Sikasso	1992	11	14	319	16.8	32.4	21.5	-999.9	0.0	1.9	96836.5	-999.9
Sikasso	1992	11	15	320	18.4	32.0	19.8	-999.9	0.0	1.6	96882.6	-999.9
Sikasso	1992	11	16	321	17.0	32.2	21.6	-999.9	0.0	1.7	96794.2	-999.9
Sikasso	1992	11	17	322	18.0	32.2	21.6	-999.9	0.0	1.7	96764.1	-999.9
Sikasso	1992	11	18	323	18.1	32.5	21.5	-999.9	0.0	2.1	96815.2	-999.9
Sikasso	1992	11	19	324	16.3	31.3	21.5	-999.9	0.0	2.0	96957.6	-999.9
Sikasso	1992	11	20	325	16.5	31.9	21.3	-999.9	0.0	1.8	96910.8	-999.9
Sikasso	1992	11	21	326	17.9	33.0	21.0	-999.9	0.0	2.0	96801.4	-999.9
Sikasso	1992	11	22	327	18.2	32.3	21.3	-999.9	0.0	2.2	96792.2	-999.9
Sikasso	1992	11	23	328	18.6	31.3	21.0	-999.9	0.0	2.4	96851.7	-999.9
Sikasso	1992	11	24	329	15.8	30.5	21.1	-999.9	0.0	2.1	96966.2	-999.9
Sikasso	1992	11	25	330	16.7	31.1	20.6	-999.9	0.0	2.1	97057.9	-999.9
Sikasso	1992	11	26	331	17.3	31.5	21.0	-999.9	0.0	2.2	97038.7	-999.9
Sikasso	1992	11	27	332	17.1	30.8	21.1	-999.9	0.0	2.3	96922.9	-999.9
Sikasso	1992	11	28	333	15.7	30.4	21.1	-999.9	0.0	2.1	96913.3	-999.9
Sikasso	1992	11	29	334	15.5	30.5	20.8	-999.9	0.0	2.1	96965.9	-999.9
Sikasso	1992	11	30	335	15.8	30.8	20.9	-999.9	0.0	2.0	97006.6	-999.9
Sikasso	1992	12	1	336	15.6	30.8	20.8	-999.9	0.0	1.8	96925.4	-999.9
Sikasso	1992	12	2	337	15.4	31.4	20.7	-999.9	0.0	1.4	96959.6	-999.9
Sikasso	1992	12	3	338	17.3	31.4	20.5	-999.9	0.0	1.5	96921.4	-999.9
Sikasso	1992	12	4	339	16.4	31.8	20.4	-999.9	0.0	1.7	96900.9	-999.9
Sikasso	1992	12	5	340	17.4	32.2	20.3	-999.9	0.0	2.0	96943.2	-999.9
Sikasso	1992	12	6	341	17.9	31.8	20.4	-999.9	0.0	2.2	96950.1	-999.9
Sikasso	1992	12	7	342	18.7	30.7	18.1	-999.9	0.0	2.2	96948.3	-999.9
Sikasso	1992	12	8	343	16.0	31.3	20.3	-999.9	0.0	1.9	96867.8	-999.9
Sikasso	1992	12	9	344	16.4	32.3	20.3	-999.9	0.0	1.5	96725.5	-999.9
Sikasso	1992	12	10	345	16.6	32.7	20.3	-999.9	0.0	1.5	96721.7	-999.9
Sikasso	1992	12	11	346	17.3	33.3	19.1	-999.9	0.0	1.6	96770.0	-999.9
Sikasso	1992	12	12	347	19.4	33.4	19.2	-999.9	0.0	1.6	96780.4	-999.9
Sikasso	1992	12	13	348	19.2	34.0	19.9	-999.9	0.0	2.2	96774.9	-999.9
Sikasso	1992	12	14	349	17.9	34.0	20.3	-999.9	0.0	2.3	96824.8	-999.9
Sikasso	1992	12	15	350	18.6	33.5	20.4	-999.9	0.0	2.1	96906.0	-999.9
Sikasso	1992	12	16	351	18.0	32.5	20.6	-999.9	0.0	2.1	96878.3	-999.9
Sikasso	1992	12	17	352	15.9	32.7	20.6	-999.9	0.0	2.1	96888.4	-999.9
Sikasso	1992	12	18	353	17.5	32.9	20.4	-999.9	0.0	2.3	96896.3	-999.9
Sikasso	1992	12	19	354	18.6	32.5	19.5	-999.9	0.0	2.1	96881.3	-999.9
Sikasso	1992	12	20	355	19.0	32.6	20.1	-999.9	0.0	2.3	96824.6	-999.9
Sikasso	1992	12	21	356	18.9	32.6	19.8	-999.9	0.0	2.1	96826.0	-999.9
Sikasso	1992	12	22	357	17.7	32.3	20.4	-999.9	0.0	2.2	96900.0	-999.9
Sikasso	1992	12	23	358	16.6	32.5	20.6	-999.9	0.0	2.0	96896.4	-999.9
Sikasso	1992	12	24	359	16.5	32.7	20.6	-999.9	0.0	1.9	96856.1	-999.9
Sikasso	1992	12	25	360	16.0	33.0	20.6	-999.9	0.0	1.8	96851.2	-999.9
Sikasso	1992	12	26	361	17.1	32.9	20.5	-999.9	0.0	1.8	96799.1	-999.9
Sikasso	1992	12	27	362	15.0	32.7	20.7	-999.9	0.0	1.7	96749.3	-999.9
Sikasso	1992	12	28	363	15.5	33.0	20.6	-999.9	0.5	1.8	96651.6	-999.9
Sikasso	1992	12	29	364	15.0	32.7	20.0	-999.9	0.0	1.5	96687.7	-999.9
Sikasso	1992	12	30	365	15.7	33.3	19.9	-999.9	0.0	1.7	96719.4	-999.9
Sikasso	1992	12	31	366	19.2	33.5	19.6	-999.9	0.0	2.5	96790.7	-999.9
