Sikasso	1985	1	1	1	14.0	29.0	20.4	-999.9	0.0	2.3	96932.8	-999.9
Sikasso	1985	1	2	2	14.4	28.1	20.3	-999.9	0.0	2.2	96901.8	-999.9
Sikasso	1985	1	3	3	13.8	30.9	19.9	-999.9	0.0	1.5	96812.0	-999.9
Sikasso	1985	1	4	4	15.4	32.3	20.4	-999.9	0.0	1.5	96906.3	-999.9
Sikasso	1985	1	5	5	17.1	32.1	20.2	-999.9	0.0	2.1	96986.2	-999.9
Sikasso	1985	1	6	6	18.3	32.1	19.5	-999.9	0.0	2.1	96869.1	-999.9
Sikasso	1985	1	7	7	17.5	32.2	19.7	-999.9	0.0	2.1	96818.7	-999.9
Sikasso	1985	1	8	8	18.5	33.3	19.1	-999.9	0.0	1.9	96768.5	-999.9
Sikasso	1985	1	9	9	19.6	33.4	19.6	-999.9	0.0	2.0	96751.2	-999.9
Sikasso	1985	1	10	10	20.0	33.4	19.8	-999.9	0.0	1.7	96661.4	-999.9
Sikasso	1985	1	11	11	19.6	32.8	18.2	-999.9	0.0	1.6	96534.6	-999.9
Sikasso	1985	1	12	12	19.4	32.1	20.0	-999.9	0.0	1.9	96583.4	-999.9
Sikasso	1985	1	13	13	20.5	31.8	19.9	-999.9	0.0	2.1	96726.7	-999.9
Sikasso	1985	1	14	14	19.8	32.1	18.2	-999.9	0.0	1.9	96752.5	-999.9
Sikasso	1985	1	15	15	21.5	28.7	17.7	-999.9	0.0	2.6	96988.9	-999.9
Sikasso	1985	1	16	16	19.0	29.8	18.2	-999.9	0.0	2.7	97020.0	-999.9
Sikasso	1985	1	17	17	17.3	29.7	20.6	-999.9	0.0	2.5	96987.8	-999.9
Sikasso	1985	1	18	18	16.6	30.0	20.2	-999.9	0.0	2.3	96957.0	-999.9
Sikasso	1985	1	19	19	16.5	30.9	21.0	-999.9	0.0	2.1	96854.5	-999.9
Sikasso	1985	1	20	20	17.6	31.5	20.9	-999.9	0.0	2.0	96742.1	-999.9
Sikasso	1985	1	21	21	15.0	32.5	21.3	-999.9	0.0	1.8	96688.7	-999.9
Sikasso	1985	1	22	22	16.2	33.9	21.3	-999.9	0.0	1.9	96642.8	-999.9
Sikasso	1985	1	23	23	16.3	34.3	21.4	-999.9	0.0	1.6	96711.2	-999.9
Sikasso	1985	1	24	24	18.7	34.7	21.1	-999.9	0.0	1.6	96749.0	-999.9
Sikasso	1985	1	25	25	19.1	33.9	21.4	-999.9	0.0	2.1	96663.0	-999.9
Sikasso	1985	1	26	26	18.1	32.9	20.3	-999.9	0.0	1.5	96578.4	-999.9
Sikasso	1985	1	27	27	18.0	33.5	21.5	-999.9	0.0	1.5	96531.5	-999.9
Sikasso	1985	1	28	28	18.3	33.9	21.3	-999.9	0.0	1.6	96596.5	-999.9
Sikasso	1985	1	29	29	18.6	34.5	21.0	-999.9	0.0	1.7	96597.2	-999.9
Sikasso	1985	1	30	30	18.9	35.0	21.7	-999.9	0.0	1.8	96541.7	-999.9
Sikasso	1985	1	31	31	18.8	34.5	21.9	-999.9	0.0	2.3	96586.8	-999.9
Sikasso	1985	2	1	32	18.4	34.2	22.1	-999.9	0.0	2.7	96681.1	-999.9
Sikasso	1985	2	2	33	20.1	33.8	22.2	-999.9	0.0	2.7	96822.3	-999.9
Sikasso	1985	2	3	34	18.6	33.2	22.3	-999.9	0.0	2.7	96929.2	-999.9
Sikasso	1985	2	4	35	17.5	32.3	22.5	-999.9	0.0	2.6	96961.8	-999.9
Sikasso	1985	2	5	36	16.0	30.6	22.6	-999.9	0.0	2.3	97005.4	-999.9
Sikasso	1985	2	6	37	15.9	31.3	22.5	-999.9	0.0	2.4	97026.1	-999.9
Sikasso	1985	2	7	38	15.8	32.6	22.6	-999.9	0.0	2.3	97005.2	-999.9
Sikasso	1985	2	8	39	15.7	32.5	22.9	-999.9	0.0	2.3	96930.3	-999.9
Sikasso	1985	2	9	40	15.2	31.6	23.6	-999.9	0.0	2.6	96935.9	-999.9
Sikasso	1985	2	10	41	13.7	31.7	23.7	-999.9	0.0	2.6	96915.0	-999.9
Sikasso	1985	2	11	42	13.6	32.4	23.6	-999.9	0.0	2.5	96964.5	-999.9
Sikasso	1985	2	12	43	14.0	33.1	23.6	-999.9	0.0	2.5	96987.3	-999.9
Sikasso	1985	2	13	44	15.0	33.4	23.8	-999.9	0.0	2.5	96968.2	-999.9
Sikasso	1985	2	14	45	15.7	34.6	23.6	-999.9	0.0	2.5	96923.6	-999.9
Sikasso	1985	2	15	46	17.5	34.9	23.5	-999.9	0.0	2.5	96843.2	-999.9
Sikasso	1985	2	16	47	17.9	34.9	23.3	-999.9	0.0	2.5	96774.7	-999.9
Sikasso	1985	2	17	48	18.8	34.8	23.4	-999.9	0.0	2.5	96755.8	-999.9
Sikasso	1985	2	18	49	17.7	35.0	23.6	-999.9	0.0	2.2	96700.1	-999.9
Sikasso	1985	2	19	50	17.0	35.9	23.7	-999.9	0.0	2.0	96665.0	-999.9
Sikasso	1985	2	20	51	18.6	36.0	23.9	-999.9	0.0	2.1	96666.4	-999.9
Sikasso	1985	2	21	52	18.0	36.0	24.0	-999.9	0.0	2.1	96608.7	-999.9
Sikasso	1985	2	22	53	17.9	35.5	24.2	-999.9	0.0	1.8	96501.5	-999.9
Sikasso	1985	2	23	54	18.0	35.6	24.0	-999.9	0.0	2.1	96503.2	-999.9
Sikasso	1985	2	24	55	18.9	36.2	24.2	-999.9	0.0	2.1	96518.8	-999.9
Sikasso	1985	2	25	56	18.1	36.1	24.2	-999.9	0.0	2.0	96479.2	-999.9
Sikasso	1985	2	26	57	19.3	36.5	23.7	-999.9	0.7	2.0	96469.2	-999.9
Sikasso	1985	2	27	58	22.3	33.8	16.2	-999.9	0.7	1.2	96687.9	-999.9
Sikasso	1985	2	28	59	23.4	34.9	20.8	-999.9	0.7	2.6	96830.1	-999.9
Sikasso	1985	3	1	60	21.1	34.9	24.2	-999.9	0.0	2.5	96860.4	-999.9
Sikasso	1985	3	2	61	21.1	35.1	22.3	-999.9	0.0	1.9	96790.9	-999.9
Sikasso	1985	3	3	62	20.3	36.3	24.4	-999.9	0.0	1.8	96637.6	-999.9
Sikasso	1985	3	4	63	19.3	36.7	24.6	-999.9	0.0	1.7	96465.2	-999.9
Sikasso	1985	3	5	64	20.0	36.9	23.4	-999.9	0.0	1.6	96414.2	-999.9
Sikasso	1985	3	6	65	23.2	37.4	23.4	-999.9	1.2	2.0	96368.8	-999.9
Sikasso	1985	3	7	66	22.4	37.9	24.4	-999.9	0.0	1.9	96340.6	-999.9
Sikasso	1985	3	8	67	23.5	37.8	24.7	-999.9	0.0	2.5	96249.1	-999.9
Sikasso	1985	3	9	68	22.4	37.5	21.9	-999.9	0.0	2.0	96257.1	-999.9
Sikasso	1985	3	10	69	24.3	37.9	24.0	-999.9	0.0	2.2	96321.3	-999.9
Sikasso	1985	3	11	70	22.8	37.2	23.2	-999.9	0.0	1.6	96295.9	-999.9
Sikasso	1985	3	12	71	27.9	37.5	21.4	-999.9	0.0	1.6	96320.0	-999.9
Sikasso	1985	3	13	72	24.3	37.6	23.6	-999.9	0.0	2.5	96396.7	-999.9
Sikasso	1985	3	14	73	23.7	37.7	24.5	-999.9	0.0	2.1	96399.8	-999.9
Sikasso	1985	3	15	74	24.1	36.5	22.9	-999.9	0.0	1.5	96475.5	-999.9
Sikasso	1985	3	16	75	24.2	36.4	21.5	-999.9	0.0	1.6	96491.4	-999.9
Sikasso	1985	3	17	76	23.6	36.9	21.6	-999.9	0.0	1.5	96464.5	-999.9
Sikasso	1985	3	18	77	23.5	32.4	14.6	-999.9	7.6	2.0	96585.4	-999.9
Sikasso	1985	3	19	78	23.8	34.0	19.8	-999.9	0.0	1.5	96545.5	-999.9
Sikasso	1985	3	20	79	23.0	35.8	23.6	-999.9	0.0	1.8	96560.4	-999.9
Sikasso	1985	3	21	80	26.0	37.9	24.1	-999.9	0.0	2.4	96520.7	-999.9
Sikasso	1985	3	22	81	28.6	38.4	24.2	-999.9	0.0	2.0	96481.0	-999.9
Sikasso	1985	3	23	82	26.2	36.5	21.8	-999.9	3.4	1.6	96501.8	-999.9
Sikasso	1985	3	24	83	22.3	38.0	25.2	-999.9	0.0	2.2	96486.6	-999.9
Sikasso	1985	3	25	84	22.3	38.6	25.2	-999.9	0.0	2.2	96541.6	-999.9
Sikasso	1985	3	26	85	24.7	36.6	22.4	-999.9	0.0	1.9	96674.3	-999.9
Sikasso	1985	3	27	86	26.0	34.8	18.4	-999.9	0.0	2.0	96686.3	-999.9
Sikasso	1985	3	28	87	24.4	35.8	22.3	-999.9	0.0	2.7	96505.2	-999.9
Sikasso	1985	3	29	88	24.4	36.9	24.0	-999.9	0.0	1.9	96418.9	-999.9
Sikasso	1985	3	30	89	21.2	36.9	25.9	-999.9	0.0	1.8	96508.1	-999.9
Sikasso	1985	3	31	90	22.1	36.9	26.1	-999.9	0.0	2.1	96554.0	-999.9
Sikasso	1985	4	1	91	23.7	36.0	22.6	-999.9	0.6	1.4	96659.3	-999.9
Sikasso	1985	4	2	92	24.3	36.8	23.8	-999.9	0.6	1.7	96678.9	-999.9
Sikasso	1985	4	3	93	21.9	36.9	24.2	-999.9	0.6	2.0	96545.8	-999.9
Sikasso	1985	4	4	94	21.1	36.9	24.8	-999.9	0.6	1.5	96436.4	-999.9
Sikasso	1985	4	5	95	24.4	35.3	20.8	-999.9	0.6	1.9	96512.7	-999.9
Sikasso	1985	4	6	96	25.6	34.8	20.2	-999.9	3.0	1.7	96707.2	-999.9
Sikasso	1985	4	7	97	23.1	34.5	19.1	-999.9	0.0	1.6	96775.5	-999.9
Sikasso	1985	4	8	98	22.7	37.8	24.7	-999.9	0.0	1.8	96545.7	-999.9
Sikasso	1985	4	9	99	21.9	38.7	25.7	-999.9	0.0	1.5	96427.1	-999.9
Sikasso	1985	4	10	100	25.6	37.8	24.3	-999.9	3.0	2.4	96522.7	-999.9
Sikasso	1985	4	11	101	26.5	36.6	22.0	-999.9	0.0	2.2	96695.3	-999.9
Sikasso	1985	4	12	102	24.0	35.8	23.1	-999.9	0.0	1.6	96677.2	-999.9
Sikasso	1985	4	13	103	24.8	34.6	19.8	-999.9	10.3	1.7	96646.2	-999.9
Sikasso	1985	4	14	104	24.0	35.6	22.6	-999.9	0.0	1.5	96533.7	-999.9
Sikasso	1985	4	15	105	24.7	35.5	22.8	-999.9	0.0	1.3	96606.7	-999.9
Sikasso	1985	4	16	106	23.7	37.5	23.9	-999.9	2.0	1.6	96656.3	-999.9
Sikasso	1985	4	17	107	23.0	37.6	25.9	-999.9	4.7	1.7	96723.7	-999.9
Sikasso	1985	4	18	108	23.0	38.0	26.6	-999.9	0.0	1.3	96688.1	-999.9
Sikasso	1985	4	19	109	24.2	37.9	24.8	-999.9	0.0	1.6	96562.6	-999.9
Sikasso	1985	4	20	110	26.2	36.9	22.6	-999.9	0.0	2.4	96465.5	-999.9
Sikasso	1985	4	21	111	25.9	35.9	19.7	-999.9	0.0	2.3	96491.6	-999.9
Sikasso	1985	4	22	112	27.0	36.7	21.5	-999.9	0.0	2.2	96567.2	-999.9
Sikasso	1985	4	23	113	24.3	36.7	22.4	-999.9	7.3	1.6	96562.4	-999.9
Sikasso	1985	4	24	114	24.4	35.8	19.1	-999.9	0.0	1.9	96409.8	-999.9
Sikasso	1985	4	25	115	23.7	34.1	18.7	-999.9	2.8	2.0	96372.7	-999.9
Sikasso	1985	4	26	116	24.3	36.5	23.6	-999.9	0.0	1.7	96436.1	-999.9
Sikasso	1985	4	27	117	25.9	36.0	22.7	-999.9	4.4	1.6	96531.3	-999.9
Sikasso	1985	4	28	118	25.1	34.8	20.8	-999.9	0.0	1.3	96517.6	-999.9
Sikasso	1985	4	29	119	23.8	35.1	20.8	-999.9	0.0	2.0	96361.8	-999.9
Sikasso	1985	4	30	120	25.7	37.3	23.1	-999.9	0.0	2.3	96319.3	-999.9
Sikasso	1985	5	1	121	25.9	35.6	21.6	-999.9	5.6	2.6	96421.9	-999.9
Sikasso	1985	5	2	122	25.2	36.8	23.7	-999.9	0.0	2.7	96558.3	-999.9
Sikasso	1985	5	3	123	25.8	34.8	19.9	-999.9	0.0	2.7	96668.9	-999.9
Sikasso	1985	5	4	124	25.3	36.5	22.4	-999.9	0.0	1.6	96647.4	-999.9
Sikasso	1985	5	5	125	26.1	34.9	19.8	-999.9	11.1	1.9	96589.2	-999.9
Sikasso	1985	5	6	126	26.0	36.8	22.0	-999.9	0.0	2.3	96549.0	-999.9
Sikasso	1985	5	7	127	24.6	38.2	25.0	-999.9	0.0	2.1	96559.5	-999.9
Sikasso	1985	5	8	128	26.1	37.9	24.7	-999.9	0.0	2.4	96538.5	-999.9
Sikasso	1985	5	9	129	26.8	36.1	19.1	-999.9	0.0	2.2	96557.5	-999.9
Sikasso	1985	5	10	130	26.8	37.4	23.2	-999.9	0.0	2.6	96456.6	-999.9
Sikasso	1985	5	11	131	26.7	37.8	23.3	-999.9	0.0	2.4	96367.3	-999.9
Sikasso	1985	5	12	132	27.4	37.4	21.6	-999.9	4.8	2.7	96454.3	-999.9
Sikasso	1985	5	13	133	25.3	36.8	22.4	-999.9	2.4	1.9	96611.8	-999.9
Sikasso	1985	5	14	134	25.2	35.4	20.1	-999.9	4.8	1.8	96600.7	-999.9
Sikasso	1985	5	15	135	25.9	35.3	23.0	-999.9	0.0	2.0	96518.5	-999.9
Sikasso	1985	5	16	136	23.6	34.6	20.2	-999.9	4.1	2.6	96570.5	-999.9
Sikasso	1985	5	17	137	25.0	35.9	24.3	-999.9	0.0	2.1	96578.1	-999.9
Sikasso	1985	5	18	138	25.9	33.7	17.9	-999.9	0.0	1.7	96687.3	-999.9
Sikasso	1985	5	19	139	23.8	36.4	24.5	-999.9	0.0	2.1	96725.6	-999.9
Sikasso	1985	5	20	140	25.4	38.3	23.8	-999.9	0.0	2.2	96621.9	-999.9
Sikasso	1985	5	21	141	26.0	35.0	19.4	-999.9	2.1	2.2	96689.9	-999.9
Sikasso	1985	5	22	142	24.0	35.6	23.0	-999.9	4.3	2.1	96751.7	-999.9
Sikasso	1985	5	23	143	26.2	37.0	24.4	-999.9	1.9	2.2	96641.0	-999.9
Sikasso	1985	5	24	144	25.8	37.2	24.9	-999.9	0.0	2.8	96639.6	-999.9
Sikasso	1985	5	25	145	25.2	35.6	22.3	-999.9	0.0	2.4	96790.5	-999.9
Sikasso	1985	5	26	146	24.9	36.0	23.1	-999.9	0.0	2.1	96826.9	-999.9
Sikasso	1985	5	27	147	24.1	37.6	23.5	-999.9	3.4	2.3	96720.2	-999.9
Sikasso	1985	5	28	148	25.7	36.8	24.6	-999.9	6.8	2.7	96654.1	-999.9
Sikasso	1985	5	29	149	25.2	35.7	23.3	-999.9	0.0	2.2	96675.6	-999.9
Sikasso	1985	5	30	150	25.8	35.6	23.5	-999.9	3.4	2.1	96733.1	-999.9
Sikasso	1985	5	31	151	24.5	34.9	23.1	-999.9	3.4	1.7	96767.0	-999.9
Sikasso	1985	6	1	152	25.1	35.1	22.1	-999.9	6.3	2.7	96711.9	-999.9
Sikasso	1985	6	2	153	24.7	34.9	23.1	-999.9	0.0	2.8	96730.0	-999.9
Sikasso	1985	6	3	154	25.5	36.3	24.2	-999.9	0.0	2.2	96693.7	-999.9
Sikasso	1985	6	4	155	26.2	37.0	24.2	-999.9	7.1	2.1	96600.5	-999.9
Sikasso	1985	6	5	156	26.4	35.8	23.3	-999.9	6.3	2.3	96673.1	-999.9
Sikasso	1985	6	6	157	24.7	33.2	19.2	-999.9	17.9	2.5	96881.7	-999.9
Sikasso	1985	6	7	158	23.4	35.1	23.0	-999.9	0.0	2.1	97009.1	-999.9
Sikasso	1985	6	8	159	23.5	36.2	23.1	-999.9	23.9	2.2	96867.6	-999.9
Sikasso	1985	6	9	160	25.7	34.6	23.7	-999.9	0.0	2.1	96857.0	-999.9
Sikasso	1985	6	10	161	25.5	34.7	24.3	-999.9	0.0	2.2	96982.2	-999.9
Sikasso	1985	6	11	162	25.6	32.1	18.0	-999.9	0.0	2.6	96981.0	-999.9
Sikasso	1985	6	12	163	23.1	31.1	17.0	-999.9	13.8	2.2	96980.3	-999.9
Sikasso	1985	6	13	164	22.9	31.9	21.3	-999.9	0.0	2.1	97004.9	-999.9
Sikasso	1985	6	14	165	23.0	32.5	22.5	-999.9	6.9	2.1	97023.6	-999.9
Sikasso	1985	6	15	166	23.6	33.4	22.7	-999.9	0.0	2.6	96960.4	-999.9
Sikasso	1985	6	16	167	23.4	34.6	23.8	-999.9	19.8	2.9	96833.4	-999.9
Sikasso	1985	6	17	168	22.9	31.0	19.4	-999.9	0.0	2.7	96945.0	-999.9
Sikasso	1985	6	18	169	23.2	31.8	20.5	-999.9	0.0	2.4	97048.3	-999.9
Sikasso	1985	6	19	170	23.1	30.7	18.4	-999.9	9.9	1.9	97026.4	-999.9
Sikasso	1985	6	20	171	22.0	30.7	20.1	-999.9	19.8	1.8	97104.6	-999.9
Sikasso	1985	6	21	172	22.2	31.2	22.2	-999.9	8.5	1.8	97107.6	-999.9
Sikasso	1985	6	22	173	22.4	29.8	19.4	-999.9	0.0	1.9	97056.0	-999.9
Sikasso	1985	6	23	174	22.8	32.8	21.9	-999.9	0.0	2.0	96924.8	-999.9
Sikasso	1985	6	24	175	23.6	33.2	22.3	-999.9	0.0	2.1	96787.0	-999.9
Sikasso	1985	6	25	176	22.8	32.6	21.7	-999.9	16.9	2.4	96786.7	-999.9
Sikasso	1985	6	26	177	22.9	33.1	22.4	-999.9	0.0	2.0	96963.6	-999.9
Sikasso	1985	6	27	178	23.0	31.8	20.7	-999.9	19.1	1.8	97059.2	-999.9
Sikasso	1985	6	28	179	22.4	27.3	13.7	-999.9	0.0	1.5	97030.0	-999.9
Sikasso	1985	6	29	180	22.2	29.3	18.2	-999.9	19.1	1.6	96970.1	-999.9
Sikasso	1985	6	30	181	22.8	30.2	17.5	-999.9	0.0	1.7	97030.5	-999.9
Sikasso	1985	7	1	182	22.4	29.5	15.3	-999.9	48.4	1.6	96963.9	-999.9
Sikasso	1985	7	2	183	22.0	27.7	15.9	-999.9	0.0	2.0	96980.2	-999.9
Sikasso	1985	7	3	184	21.8	30.2	20.7	-999.9	16.1	1.5	97012.8	-999.9
Sikasso	1985	7	4	185	21.8	28.4	17.6	-999.9	16.1	1.2	97023.7	-999.9
Sikasso	1985	7	5	186	21.9	28.0	16.3	-999.9	0.0	1.6	96937.9	-999.9
Sikasso	1985	7	6	187	21.8	28.6	18.1	-999.9	0.0	2.2	96928.2	-999.9
Sikasso	1985	7	7	188	21.4	29.8	20.1	-999.9	21.0	1.5	96905.4	-999.9
Sikasso	1985	7	8	189	21.0	28.0	16.5	-999.9	10.5	1.9	96985.4	-999.9
Sikasso	1985	7	9	190	21.2	27.9	19.3	-999.9	0.0	1.8	97115.3	-999.9
Sikasso	1985	7	10	191	21.4	29.2	20.4	-999.9	0.0	2.3	96976.7	-999.9
Sikasso	1985	7	11	192	21.4	25.5	12.7	-999.9	12.6	2.7	96869.7	-999.9
Sikasso	1985	7	12	193	21.0	25.8	12.1	-999.9	0.0	2.3	96977.4	-999.9
Sikasso	1985	7	13	194	21.1	28.4	19.8	-999.9	0.0	1.9	96988.5	-999.9
Sikasso	1985	7	14	195	20.7	28.1	17.8	-999.9	22.0	1.6	96895.0	-999.9
Sikasso	1985	7	15	196	21.9	28.6	19.1	-999.9	0.0	1.6	96789.4	-999.9
Sikasso	1985	7	16	197	21.6	28.6	21.4	-999.9	1.4	2.0	96909.6	-999.9
Sikasso	1985	7	17	198	21.7	28.5	19.7	-999.9	1.8	1.8	97052.1	-999.9
Sikasso	1985	7	18	199	21.5	29.5	21.4	-999.9	1.7	1.4	97017.6	-999.9
Sikasso	1985	7	19	200	22.0	28.4	17.8	-999.9	13.4	2.2	96982.6	-999.9
Sikasso	1985	7	20	201	22.1	26.3	12.0	-999.9	19.6	2.1	96932.8	-999.9
Sikasso	1985	7	21	202	21.7	24.7	10.2	-999.9	0.0	1.9	96914.1	-999.9
Sikasso	1985	7	22	203	21.2	27.8	17.9	-999.9	0.0	1.7	96937.6	-999.9
Sikasso	1985	7	23	204	21.1	28.1	17.8	-999.9	0.0	1.8	96945.0	-999.9
Sikasso	1985	7	24	205	20.6	27.7	15.8	-999.9	42.2	1.5	96941.9	-999.9
Sikasso	1985	7	25	206	21.5	28.2	18.2	-999.9	0.0	1.7	96963.1	-999.9
Sikasso	1985	7	26	207	21.5	29.1	21.5	-999.9	11.0	1.8	96956.1	-999.9
Sikasso	1985	7	27	208	21.0	27.2	13.4	-999.9	7.2	1.3	97008.2	-999.9
Sikasso	1985	7	28	209	21.3	29.9	21.2	-999.9	3.5	1.3	96961.1	-999.9
Sikasso	1985	7	29	210	22.9	29.2	15.8	-999.9	6.9	1.6	96885.9	-999.9
Sikasso	1985	7	30	211	21.6	28.2	18.6	-999.9	8.4	1.9	96916.7	-999.9
Sikasso	1985	7	31	212	21.6	28.8	20.5	-999.9	13.2	1.5	96967.6	-999.9
Sikasso	1985	8	1	213	21.7	29.2	20.8	-999.9	11.0	1.8	96943.5	-999.9
Sikasso	1985	8	2	214	22.3	28.2	14.4	-999.9	11.8	1.3	96912.3	-999.9
Sikasso	1985	8	3	215	21.4	28.6	17.7	-999.9	18.4	1.8	96904.4	-999.9
Sikasso	1985	8	4	216	21.4	28.7	17.5	-999.9	0.0	1.5	96900.2	-999.9
Sikasso	1985	8	5	217	21.5	24.9	9.8	-999.9	21.8	1.2	96949.2	-999.9
Sikasso	1985	8	6	218	21.9	28.7	18.4	-999.9	2.1	1.8	96955.5	-999.9
Sikasso	1985	8	7	219	20.7	28.4	16.9	-999.9	3.0	1.4	96869.6	-999.9
Sikasso	1985	8	8	220	21.6	29.0	19.0	-999.9	2.0	1.4	96825.0	-999.9
Sikasso	1985	8	9	221	21.8	27.7	16.6	-999.9	0.0	1.2	96895.5	-999.9
Sikasso	1985	8	10	222	21.5	28.7	17.6	-999.9	4.6	1.5	96875.9	-999.9
Sikasso	1985	8	11	223	22.4	27.8	14.0	-999.9	0.0	1.8	96906.0	-999.9
Sikasso	1985	8	12	224	21.3	27.8	15.7	-999.9	25.1	1.4	96966.0	-999.9
Sikasso	1985	8	13	225	21.4	28.9	18.5	-999.9	0.0	1.3	96876.4	-999.9
Sikasso	1985	8	14	226	21.3	28.0	17.7	-999.9	25.1	1.9	96798.0	-999.9
Sikasso	1985	8	15	227	21.2	28.1	18.5	-999.9	25.1	1.9	96840.5	-999.9
Sikasso	1985	8	16	228	21.0	28.3	17.1	-999.9	0.0	1.6	96806.8	-999.9
Sikasso	1985	8	17	229	21.6	24.8	7.7	-999.9	38.7	1.7	96758.9	-999.9
Sikasso	1985	8	18	230	21.3	27.0	13.1	-999.9	0.0	2.3	96964.2	-999.9
Sikasso	1985	8	19	231	21.1	29.1	21.1	-999.9	0.0	1.1	97088.0	-999.9
Sikasso	1985	8	20	232	21.4	28.4	15.5	-999.9	0.0	1.1	96945.8	-999.9
Sikasso	1985	8	21	233	21.1	30.0	22.4	-999.9	16.7	1.2	96913.4	-999.9
Sikasso	1985	8	22	234	21.7	29.9	21.3	-999.9	0.0	1.5	96917.5	-999.9
Sikasso	1985	8	23	235	21.8	30.5	22.2	-999.9	0.0	1.1	96894.0	-999.9
Sikasso	1985	8	24	236	22.1	30.1	21.2	-999.9	0.0	1.8	96895.0	-999.9
Sikasso	1985	8	25	237	22.5	29.0	19.1	-999.9	5.6	1.8	97029.7	-999.9
Sikasso	1985	8	26	238	21.8	27.9	16.6	-999.9	18.1	1.6	97088.9	-999.9
Sikasso	1985	8	27	239	21.1	27.5	15.4	-999.9	0.0	0.9	97131.9	-999.9
Sikasso	1985	8	28	240	20.7	29.9	18.9	-999.9	9.0	1.1	97029.1	-999.9
Sikasso	1985	8	29	241	21.2	30.5	23.3	-999.9	9.0	1.7	96882.8	-999.9
Sikasso	1985	8	30	242	21.2	28.6	17.3	-999.9	0.0	2.0	96842.7	-999.9
Sikasso	1985	8	31	243	21.6	28.9	17.1	-999.9	9.0	1.6	96906.3	-999.9
Sikasso	1985	9	1	244	21.5	29.0	18.6	-999.9	9.5	1.6	96912.4	-999.9
Sikasso	1985	9	2	245	21.7	29.5	20.2	-999.9	7.4	1.4	96887.4	-999.9
Sikasso	1985	9	3	246	22.0	26.6	11.2	-999.9	10.1	1.8	96800.6	-999.9
Sikasso	1985	9	4	247	21.7	26.6	12.1	-999.9	38.3	2.3	96805.8	-999.9
Sikasso	1985	9	5	248	21.5	28.5	19.6	-999.9	1.3	1.6	96940.8	-999.9
Sikasso	1985	9	6	249	21.0	29.4	21.9	-999.9	0.0	1.5	96896.3	-999.9
Sikasso	1985	9	7	250	22.9	25.5	9.5	-999.9	17.5	1.8	96795.8	-999.9
Sikasso	1985	9	8	251	22.1	28.8	18.1	-999.9	0.0	1.6	96838.7	-999.9
Sikasso	1985	9	9	252	21.4	29.1	19.4	-999.9	0.0	1.3	96761.9	-999.9
Sikasso	1985	9	10	253	20.9	28.5	17.9	-999.9	17.5	1.4	96769.7	-999.9
Sikasso	1985	9	11	254	22.2	29.3	19.6	-999.9	2.8	1.4	96901.3	-999.9
Sikasso	1985	9	12	255	21.6	29.9	22.6	-999.9	0.0	1.5	96933.6	-999.9
Sikasso	1985	9	13	256	22.1	27.8	13.4	-999.9	9.3	1.3	96738.7	-999.9
Sikasso	1985	9	14	257	21.2	26.4	14.5	-999.9	4.5	2.1	96770.3	-999.9
Sikasso	1985	9	15	258	20.7	29.0	20.9	-999.9	1.3	1.4	96900.7	-999.9
Sikasso	1985	9	16	259	22.1	30.4	21.2	-999.9	0.0	1.6	96836.9	-999.9
Sikasso	1985	9	17	260	21.3	26.6	9.8	-999.9	0.8	1.6	96848.5	-999.9
Sikasso	1985	9	18	261	20.3	27.4	14.6	-999.9	41.0	1.3	96944.8	-999.9
Sikasso	1985	9	19	262	21.0	28.5	18.2	-999.9	16.4	1.4	96974.4	-999.9
Sikasso	1985	9	20	263	20.6	29.4	20.8	-999.9	0.0	1.5	96900.8	-999.9
Sikasso	1985	9	21	264	20.3	30.0	20.7	-999.9	2.2	1.8	96895.0	-999.9
Sikasso	1985	9	22	265	21.3	30.3	21.8	-999.9	0.0	1.2	96868.8	-999.9
Sikasso	1985	9	23	266	22.0	30.3	22.8	-999.9	2.2	1.5	96954.4	-999.9
Sikasso	1985	9	24	267	22.0	30.5	22.9	-999.9	0.0	1.2	96945.1	-999.9
Sikasso	1985	9	25	268	22.1	30.3	22.4	-999.9	0.0	1.2	96797.3	-999.9
Sikasso	1985	9	26	269	21.8	27.0	13.4	-999.9	0.0	1.3	96736.6	-999.9
Sikasso	1985	9	27	270	20.4	29.7	17.9	-999.9	0.0	1.6	96781.0	-999.9
Sikasso	1985	9	28	271	21.4	29.3	19.2	-999.9	0.0	1.2	96867.1	-999.9
Sikasso	1985	9	29	272	20.4	30.1	22.0	-999.9	13.3	1.4	96883.9	-999.9
Sikasso	1985	9	30	273	21.2	29.9	22.2	-999.9	0.0	1.2	96938.7	-999.9
Sikasso	1985	10	1	274	21.8	30.5	22.3	-999.9	5.7	1.0	96868.7	-999.9
Sikasso	1985	10	2	275	22.6	30.4	21.9	-999.9	5.7	1.2	96894.7	-999.9
Sikasso	1985	10	3	276	21.8	29.9	19.6	-999.9	0.0	1.7	96978.5	-999.9
Sikasso	1985	10	4	277	20.9	29.6	21.5	-999.9	0.0	1.2	96964.6	-999.9
Sikasso	1985	10	5	278	21.3	29.7	19.0	-999.9	0.0	1.2	96878.7	-999.9
Sikasso	1985	10	6	279	21.6	30.9	21.9	-999.9	0.7	1.0	96910.2	-999.9
Sikasso	1985	10	7	280	21.5	31.5	22.5	-999.9	0.0	1.0	96927.1	-999.9
Sikasso	1985	10	8	281	22.8	31.8	22.6	-999.9	0.0	1.4	96811.7	-999.9
Sikasso	1985	10	9	282	23.0	30.4	20.7	-999.9	2.0	1.9	96700.9	-999.9
Sikasso	1985	10	10	283	22.1	30.0	20.0	-999.9	2.8	1.3	96920.5	-999.9
Sikasso	1985	10	11	284	22.0	30.4	22.0	-999.9	0.0	1.1	97021.8	-999.9
Sikasso	1985	10	12	285	21.4	29.4	19.3	-999.9	0.0	1.4	97060.0	-999.9
Sikasso	1985	10	13	286	20.7	29.7	20.0	-999.9	0.0	0.9	96976.4	-999.9
Sikasso	1985	10	14	287	20.6	30.4	20.9	-999.9	10.7	1.2	96780.0	-999.9
Sikasso	1985	10	15	288	21.9	30.1	21.6	-999.9	0.0	1.1	96722.0	-999.9
Sikasso	1985	10	16	289	20.4	30.8	21.4	-999.9	0.0	1.3	96818.5	-999.9
Sikasso	1985	10	17	290	22.0	31.2	20.9	-999.9	3.3	1.3	96860.8	-999.9
Sikasso	1985	10	18	291	21.6	31.8	22.2	-999.9	0.0	1.4	96748.0	-999.9
Sikasso	1985	10	19	292	21.7	31.1	22.0	-999.9	0.0	1.2	96616.6	-999.9
Sikasso	1985	10	20	293	21.4	31.1	21.3	-999.9	0.0	1.1	96650.9	-999.9
Sikasso	1985	10	21	294	21.4	31.2	21.4	-999.9	0.0	1.4	96796.5	-999.9
Sikasso	1985	10	22	295	19.4	32.4	23.0	-999.9	0.0	1.5	96807.2	-999.9
Sikasso	1985	10	23	296	18.6	32.6	22.9	-999.9	0.0	1.2	96692.4	-999.9
Sikasso	1985	10	24	297	19.4	32.3	22.8	-999.9	0.0	1.5	96570.8	-999.9
Sikasso	1985	10	25	298	19.8	32.2	22.6	-999.9	0.0	1.7	96592.8	-999.9
Sikasso	1985	10	26	299	19.2	32.3	21.1	-999.9	0.0	1.5	96646.1	-999.9
Sikasso	1985	10	27	300	19.6	33.0	20.4	-999.9	0.0	1.3	96631.4	-999.9
Sikasso	1985	10	28	301	22.3	32.8	21.5	-999.9	0.0	1.4	96568.0	-999.9
Sikasso	1985	10	29	302	22.2	32.7	20.9	-999.9	0.0	1.1	96485.6	-999.9
Sikasso	1985	10	30	303	22.2	33.1	21.3	-999.9	8.4	1.4	96584.8	-999.9
Sikasso	1985	10	31	304	21.5	30.9	19.2	-999.9	0.0	1.2	96697.6	-999.9
Sikasso	1985	11	1	305	21.7	32.1	18.9	-999.9	0.0	1.6	96788.9	-999.9
Sikasso	1985	11	2	306	19.8	33.3	22.2	-999.9	0.0	2.1	96816.3	-999.9
Sikasso	1985	11	3	307	16.6	32.2	23.0	-999.9	0.0	2.2	96850.8	-999.9
Sikasso	1985	11	4	308	16.9	32.7	22.9	-999.9	0.0	1.5	96898.5	-999.9
Sikasso	1985	11	5	309	16.4	32.9	22.9	-999.9	0.0	1.7	96942.1	-999.9
Sikasso	1985	11	6	310	16.3	33.0	22.6	-999.9	0.0	1.7	96895.0	-999.9
Sikasso	1985	11	7	311	17.5	32.4	21.0	-999.9	0.0	1.4	96827.5	-999.9
Sikasso	1985	11	8	312	17.5	32.7	22.1	-999.9	0.0	1.1	96807.6	-999.9
Sikasso	1985	11	9	313	19.3	32.7	21.6	-999.9	0.0	1.6	96832.4	-999.9
Sikasso	1985	11	10	314	21.1	32.4	20.4	-999.9	0.0	1.5	96879.6	-999.9
Sikasso	1985	11	11	315	21.7	32.2	18.4	-999.9	0.0	1.4	96740.3	-999.9
Sikasso	1985	11	12	316	21.4	33.0	19.7	-999.9	0.0	1.7	96698.9	-999.9
Sikasso	1985	11	13	317	23.1	31.9	18.9	-999.9	0.0	1.7	96786.3	-999.9
Sikasso	1985	11	14	318	21.7	32.8	18.1	-999.9	0.0	1.4	96762.3	-999.9
Sikasso	1985	11	15	319	20.5	34.3	21.4	-999.9	0.0	1.7	96651.1	-999.9
Sikasso	1985	11	16	320	18.4	34.3	21.7	-999.9	0.0	1.5	96605.2	-999.9
Sikasso	1985	11	17	321	20.2	34.4	20.4	-999.9	0.0	1.3	96673.4	-999.9
Sikasso	1985	11	18	322	22.5	32.5	18.7	-999.9	2.0	1.6	96777.9	-999.9
Sikasso	1985	11	19	323	21.5	31.8	18.9	-999.9	2.2	1.3	96856.4	-999.9
Sikasso	1985	11	20	324	21.6	33.0	20.8	-999.9	0.0	1.4	96735.4	-999.9
Sikasso	1985	11	21	325	21.5	33.9	21.3	-999.9	0.0	1.3	96643.1	-999.9
Sikasso	1985	11	22	326	18.9	33.7	21.4	-999.9	0.0	1.5	96630.0	-999.9
Sikasso	1985	11	23	327	18.7	33.6	21.4	-999.9	0.0	0.9	96624.6	-999.9
Sikasso	1985	11	24	328	18.4	34.0	21.3	-999.9	0.0	1.0	96595.0	-999.9
Sikasso	1985	11	25	329	18.8	33.7	20.3	-999.9	0.0	1.2	96679.1	-999.9
Sikasso	1985	11	26	330	18.9	33.8	20.1	-999.9	0.0	1.3	96719.3	-999.9
Sikasso	1985	11	27	331	21.0	33.8	19.6	-999.9	0.0	1.1	96728.4	-999.9
Sikasso	1985	11	28	332	21.7	33.6	18.2	-999.9	0.0	1.6	96741.6	-999.9
Sikasso	1985	11	29	333	19.0	34.9	20.9	-999.9	0.0	2.1	96701.5	-999.9
Sikasso	1985	11	30	334	18.3	34.9	21.1	-999.9	0.0	2.3	96697.7	-999.9
Sikasso	1985	12	1	335	18.0	33.8	21.0	-999.9	0.0	2.2	96745.1	-999.9
Sikasso	1985	12	2	336	19.9	33.7	20.7	-999.9	0.0	2.1	96852.8	-999.9
Sikasso	1985	12	3	337	18.2	32.3	20.0	-999.9	0.0	2.1	96791.5	-999.9
Sikasso	1985	12	4	338	16.5	31.5	21.1	-999.9	0.0	2.3	96763.8	-999.9
Sikasso	1985	12	5	339	15.4	30.8	21.1	-999.9	0.0	2.3	96902.5	-999.9
Sikasso	1985	12	6	340	15.7	31.0	20.7	-999.9	0.0	2.3	96951.6	-999.9
Sikasso	1985	12	7	341	16.6	31.3	20.5	-999.9	0.0	2.2	96922.5	-999.9
Sikasso	1985	12	8	342	16.4	31.5	20.4	-999.9	0.0	1.9	96824.9	-999.9
Sikasso	1985	12	9	343	16.5	30.9	20.2	-999.9	0.0	2.0	96770.9	-999.9
Sikasso	1985	12	10	344	17.7	29.6	18.8	-999.9	0.0	1.9	96796.4	-999.9
Sikasso	1985	12	11	345	15.5	29.7	20.3	-999.9	0.0	2.1	96897.9	-999.9
Sikasso	1985	12	12	346	15.2	28.6	20.1	-999.9	0.0	2.2	96939.1	-999.9
Sikasso	1985	12	13	347	13.4	27.1	20.1	-999.9	0.0	2.1	96852.1	-999.9
Sikasso	1985	12	14	348	12.4	25.6	20.3	-999.9	0.0	2.3	96895.3	-999.9
Sikasso	1985	12	15	349	11.4	25.5	20.3	-999.9	0.0	2.5	97021.1	-999.9
Sikasso	1985	12	16	350	10.6	24.4	19.7	-999.9	0.0	2.2	97185.4	-999.9
Sikasso	1985	12	17	351	10.4	26.0	20.4	-999.9	0.0	1.8	97110.4	-999.9
Sikasso	1985	12	18	352	11.4	27.9	18.7	-999.9	0.0	1.7	97072.1	-999.9
Sikasso	1985	12	19	353	14.0	29.7	19.9	-999.9	0.0	1.9	97062.2	-999.9
Sikasso	1985	12	20	354	14.6	29.6	20.4	-999.9	0.0	2.4	96942.8	-999.9
Sikasso	1985	12	21	355	14.1	29.2	20.7	-999.9	0.0	2.4	96946.0	-999.9
Sikasso	1985	12	22	356	12.9	29.6	20.7	-999.9	0.0	2.2	96983.3	-999.9
Sikasso	1985	12	23	357	13.4	30.3	20.9	-999.9	0.0	2.3	96982.0	-999.9
Sikasso	1985	12	24	358	13.4	30.1	20.5	-999.9	0.0	2.3	96995.4	-999.9
Sikasso	1985	12	25	359	15.5	30.4	20.6	-999.9	0.0	2.4	96982.3	-999.9
Sikasso	1985	12	26	360	15.7	31.5	20.5	-999.9	0.0	2.3	96894.1	-999.9
Sikasso	1985	12	27	361	16.4	32.3	20.2	-999.9	0.0	1.9	96746.2	-999.9
Sikasso	1985	12	28	362	17.2	33.6	20.1	-999.9	0.0	1.4	96591.5	-999.9
Sikasso	1985	12	29	363	19.2	34.0	19.8	-999.9	0.0	1.1	96539.1	-999.9
Sikasso	1985	12	30	364	19.6	33.4	19.8	-999.9	0.0	2.1	96775.8	-999.9
Sikasso	1985	12	31	365	18.1	31.8	20.4	-999.9	0.0	2.7	96962.0	-999.9
