Sikasso	1998	1	1	1	19.4	31.0	16.7	-999.9	0.0	2.0	96884.4	-999.9
Sikasso	1998	1	2	2	18.2	29.2	18.9	-999.9	0.2	3.2	97045.0	-999.9
Sikasso	1998	1	3	3	16.4	31.4	20.4	-999.9	0.1	2.7	97082.2	-999.9
Sikasso	1998	1	4	4	17.0	31.1	20.4	-999.9	0.0	2.1	96986.1	-999.9
Sikasso	1998	1	5	5	15.8	32.6	20.7	-999.9	0.0	2.2	96901.0	-999.9
Sikasso	1998	1	6	6	16.3	31.3	20.9	-999.9	0.0	2.3	96819.7	-999.9
Sikasso	1998	1	7	7	14.9	29.2	21.4	-999.9	0.0	2.3	96823.3	-999.9
Sikasso	1998	1	8	8	13.1	29.5	21.3	-999.9	0.0	1.9	96934.4	-999.9
Sikasso	1998	1	9	9	13.4	31.7	20.9	-999.9	0.0	1.8	96966.6	-999.9
Sikasso	1998	1	10	10	16.1	32.7	20.6	-999.9	0.0	1.9	96875.4	-999.9
Sikasso	1998	1	11	11	17.5	32.9	21.0	-999.9	0.0	2.1	96862.6	-999.9
Sikasso	1998	1	12	12	16.9	32.1	20.8	-999.9	0.0	2.1	97001.3	-999.9
Sikasso	1998	1	13	13	16.1	31.7	20.7	-999.9	0.0	2.0	97013.6	-999.9
Sikasso	1998	1	14	14	15.2	31.7	21.3	-999.9	0.0	2.1	96965.8	-999.9
Sikasso	1998	1	15	15	15.0	30.6	21.5	-999.9	0.0	2.4	97015.1	-999.9
Sikasso	1998	1	16	16	14.0	29.9	21.9	-999.9	0.0	2.4	97011.7	-999.9
Sikasso	1998	1	17	17	12.8	30.1	21.9	-999.9	0.0	2.2	96939.0	-999.9
Sikasso	1998	1	18	18	12.6	30.8	21.9	-999.9	0.0	2.3	96951.8	-999.9
Sikasso	1998	1	19	19	13.9	30.9	21.9	-999.9	0.0	2.3	97071.5	-999.9
Sikasso	1998	1	20	20	13.8	30.4	22.0	-999.9	0.0	2.3	97015.1	-999.9
Sikasso	1998	1	21	21	13.3	31.0	22.1	-999.9	0.0	2.2	96877.9	-999.9
Sikasso	1998	1	22	22	12.8	32.2	22.0	-999.9	0.0	2.0	96834.1	-999.9
Sikasso	1998	1	23	23	14.5	33.8	21.9	-999.9	0.0	1.8	96799.3	-999.9
Sikasso	1998	1	24	24	14.5	34.5	21.8	-999.9	0.0	1.5	96711.3	-999.9
Sikasso	1998	1	25	25	15.7	35.2	21.8	-999.9	0.0	1.8	96605.2	-999.9
Sikasso	1998	1	26	26	16.5	35.5	22.0	-999.9	0.0	1.9	96612.1	-999.9
Sikasso	1998	1	27	27	17.9	35.7	21.2	-999.9	0.0	1.6	96658.3	-999.9
Sikasso	1998	1	28	28	20.8	36.5	21.4	-999.9	0.0	1.3	96703.2	-999.9
Sikasso	1998	1	29	29	21.3	36.7	21.3	-999.9	0.0	2.0	96829.1	-999.9
Sikasso	1998	1	30	30	18.2	36.0	21.6	-999.9	0.3	1.4	96918.2	-999.9
Sikasso	1998	1	31	31	20.7	36.1	21.5	-999.9	0.3	1.3	96936.0	-999.9
Sikasso	1998	2	1	32	18.3	36.7	21.6	-999.9	0.0	1.9	96922.5	-999.9
Sikasso	1998	2	2	33	19.8	36.6	21.0	-999.9	0.0	1.7	96858.7	-999.9
Sikasso	1998	2	3	34	21.0	37.6	20.8	-999.9	0.0	1.7	96751.6	-999.9
Sikasso	1998	2	4	35	21.0	38.9	22.1	-999.9	0.0	2.1	96696.1	-999.9
Sikasso	1998	2	5	36	21.3	38.7	22.4	-999.9	0.0	2.2	96667.7	-999.9
Sikasso	1998	2	6	37	21.3	38.4	22.3	-999.9	0.0	1.8	96732.2	-999.9
Sikasso	1998	2	7	38	22.2	38.2	20.7	-999.9	0.0	1.7	96801.0	-999.9
Sikasso	1998	2	8	39	22.1	38.1	21.0	-999.9	0.0	2.0	96720.6	-999.9
Sikasso	1998	2	9	40	21.8	37.0	21.3	-999.9	0.0	1.5	96719.4	-999.9
Sikasso	1998	2	10	41	20.9	36.8	22.4	-999.9	0.0	1.5	96720.8	-999.9
Sikasso	1998	2	11	42	20.1	36.8	21.8	-999.9	0.0	1.7	96731.8	-999.9
Sikasso	1998	2	12	43	24.3	33.3	18.7	-999.9	2.1	2.1	96963.3	-999.9
Sikasso	1998	2	13	44	22.6	35.7	20.6	-999.9	2.1	2.2	97131.5	-999.9
Sikasso	1998	2	14	45	22.7	35.2	22.8	-999.9	0.0	3.2	97276.8	-999.9
Sikasso	1998	2	15	46	20.0	33.8	23.0	-999.9	0.0	2.6	97260.9	-999.9
Sikasso	1998	2	16	47	18.4	33.5	23.3	-999.9	0.0	2.0	97154.1	-999.9
Sikasso	1998	2	17	48	19.5	34.6	23.2	-999.9	0.0	2.3	97140.0	-999.9
Sikasso	1998	2	18	49	19.8	35.3	23.4	-999.9	0.0	2.4	97076.6	-999.9
Sikasso	1998	2	19	50	19.2	35.2	23.6	-999.9	0.0	2.3	96964.4	-999.9
Sikasso	1998	2	20	51	17.8	35.5	23.8	-999.9	0.0	2.2	96865.2	-999.9
Sikasso	1998	2	21	52	18.1	35.9	23.7	-999.9	0.0	2.4	96875.8	-999.9
Sikasso	1998	2	22	53	20.6	34.8	24.0	-999.9	0.0	2.8	96975.2	-999.9
Sikasso	1998	2	23	54	18.3	33.7	24.2	-999.9	0.0	2.2	96950.2	-999.9
Sikasso	1998	2	24	55	16.9	34.5	24.4	-999.9	0.0	1.8	96825.0	-999.9
Sikasso	1998	2	25	56	17.7	35.2	24.1	-999.9	0.0	1.7	96827.5	-999.9
Sikasso	1998	2	26	57	18.4	36.2	24.2	-999.9	0.0	2.0	96869.9	-999.9
Sikasso	1998	2	27	58	19.0	36.4	24.2	-999.9	0.0	2.2	96853.0	-999.9
Sikasso	1998	2	28	59	19.0	36.6	24.5	-999.9	0.0	2.3	96809.3	-999.9
Sikasso	1998	3	1	60	18.9	37.0	24.5	-999.9	0.0	2.3	96775.1	-999.9
Sikasso	1998	3	2	61	19.3	36.6	24.6	-999.9	0.0	2.4	96815.1	-999.9
Sikasso	1998	3	3	62	20.4	36.1	24.9	-999.9	0.0	2.7	96837.2	-999.9
Sikasso	1998	3	4	63	20.3	35.5	25.0	-999.9	1.6	2.8	96862.9	-999.9
Sikasso	1998	3	5	64	19.2	35.1	24.9	-999.9	0.0	2.4	96850.1	-999.9
Sikasso	1998	3	6	65	20.1	34.9	24.6	-999.9	0.0	2.4	96875.8	-999.9
Sikasso	1998	3	7	66	20.0	35.5	24.7	-999.9	0.0	2.3	96814.5	-999.9
Sikasso	1998	3	8	67	20.3	36.0	24.7	-999.9	0.0	2.3	96753.7	-999.9
Sikasso	1998	3	9	68	20.2	36.3	24.8	-999.9	0.0	2.1	96642.1	-999.9
Sikasso	1998	3	10	69	19.9	36.8	25.2	-999.9	0.0	2.0	96571.0	-999.9
Sikasso	1998	3	11	70	20.6	37.2	25.1	-999.9	0.0	1.7	96613.4	-999.9
Sikasso	1998	3	12	71	20.8	37.1	24.0	-999.9	0.0	1.5	96645.6	-999.9
Sikasso	1998	3	13	72	21.7	37.7	24.9	-999.9	0.0	1.8	96589.5	-999.9
Sikasso	1998	3	14	73	21.4	37.7	24.8	-999.9	0.0	1.6	96674.7	-999.9
Sikasso	1998	3	15	74	23.6	36.5	23.2	-999.9	0.0	2.4	96727.9	-999.9
Sikasso	1998	3	16	75	21.7	35.6	25.1	-999.9	0.0	2.4	96721.9	-999.9
Sikasso	1998	3	17	76	20.2	35.2	25.0	-999.9	0.0	2.1	96763.7	-999.9
Sikasso	1998	3	18	77	21.1	37.0	25.2	-999.9	0.0	1.8	96734.1	-999.9
Sikasso	1998	3	19	78	24.5	38.6	25.4	-999.9	0.0	2.2	96749.7	-999.9
Sikasso	1998	3	20	79	23.6	38.1	25.6	-999.9	0.0	2.3	96718.8	-999.9
Sikasso	1998	3	21	80	23.4	38.5	25.8	-999.9	0.0	2.2	96591.5	-999.9
Sikasso	1998	3	22	81	24.1	38.7	25.8	-999.9	0.0	2.6	96516.9	-999.9
Sikasso	1998	3	23	82	23.4	39.0	25.9	-999.9	0.0	2.4	96555.3	-999.9
Sikasso	1998	3	24	83	24.4	39.9	25.9	-999.9	0.0	2.6	96538.0	-999.9
Sikasso	1998	3	25	84	24.5	38.8	26.2	-999.9	2.2	2.4	96562.7	-999.9
Sikasso	1998	3	26	85	21.7	38.5	26.1	-999.9	0.0	2.2	96569.9	-999.9
Sikasso	1998	3	27	86	21.3	39.0	25.9	-999.9	0.0	1.6	96584.1	-999.9
Sikasso	1998	3	28	87	21.8	39.1	24.9	-999.9	0.0	1.8	96525.1	-999.9
Sikasso	1998	3	29	88	22.2	39.6	26.1	-999.9	0.0	2.3	96446.3	-999.9
Sikasso	1998	3	30	89	25.1	38.2	23.0	-999.9	0.0	2.3	96532.0	-999.9
Sikasso	1998	3	31	90	29.1	37.8	21.6	-999.9	3.7	2.2	96612.8	-999.9
Sikasso	1998	4	1	91	26.5	39.8	23.5	-999.9	3.5	1.5	96643.6	-999.9
Sikasso	1998	4	2	92	24.3	39.7	25.5	-999.9	0.0	1.8	96610.9	-999.9
Sikasso	1998	4	3	93	23.7	39.2	24.8	-999.9	0.0	2.0	96550.7	-999.9
Sikasso	1998	4	4	94	27.8	38.5	23.0	-999.9	0.0	2.3	96560.3	-999.9
Sikasso	1998	4	5	95	28.3	38.4	23.0	-999.9	0.0	2.5	96645.3	-999.9
Sikasso	1998	4	6	96	28.9	39.0	20.2	-999.9	0.0	1.8	96653.1	-999.9
Sikasso	1998	4	7	97	28.1	40.4	24.1	-999.9	0.0	2.5	96615.6	-999.9
Sikasso	1998	4	8	98	28.9	37.3	21.4	-999.9	0.0	1.9	96627.2	-999.9
Sikasso	1998	4	9	99	27.8	38.2	22.1	-999.9	3.5	2.1	96467.7	-999.9
Sikasso	1998	4	10	100	27.2	37.4	23.1	-999.9	3.5	2.5	96429.3	-999.9
Sikasso	1998	4	11	101	28.3	35.8	21.0	-999.9	0.0	1.7	96506.2	-999.9
Sikasso	1998	4	12	102	26.7	38.4	21.5	-999.9	0.0	1.8	96506.9	-999.9
Sikasso	1998	4	13	103	27.4	38.6	21.2	-999.9	0.0	1.8	96473.7	-999.9
Sikasso	1998	4	14	104	26.3	38.3	21.6	-999.9	3.7	2.3	96449.9	-999.9
Sikasso	1998	4	15	105	27.4	37.2	22.5	-999.9	0.0	2.1	96545.4	-999.9
Sikasso	1998	4	16	106	27.0	37.9	22.7	-999.9	4.3	2.4	96669.0	-999.9
Sikasso	1998	4	17	107	26.6	38.2	23.7	-999.9	0.0	2.0	96563.0	-999.9
Sikasso	1998	4	18	108	28.1	38.9	23.7	-999.9	0.0	3.0	96386.4	-999.9
Sikasso	1998	4	19	109	25.9	38.4	23.3	-999.9	4.9	3.2	96443.9	-999.9
Sikasso	1998	4	20	110	24.8	34.8	20.9	-999.9	4.3	2.6	96607.7	-999.9
Sikasso	1998	4	21	111	27.0	36.5	23.4	-999.9	4.9	2.0	96626.7	-999.9
Sikasso	1998	4	22	112	24.1	31.9	17.8	-999.9	9.7	1.8	96783.9	-999.9
Sikasso	1998	4	23	113	25.1	36.4	23.8	-999.9	0.0	1.4	96664.1	-999.9
Sikasso	1998	4	24	114	25.1	34.0	18.5	-999.9	14.6	1.5	96664.9	-999.9
Sikasso	1998	4	25	115	25.6	36.7	21.6	-999.9	0.0	1.8	96619.5	-999.9
Sikasso	1998	4	26	116	26.1	38.3	24.5	-999.9	1.9	1.8	96492.1	-999.9
Sikasso	1998	4	27	117	26.0	37.2	23.0	-999.9	1.9	2.1	96358.4	-999.9
Sikasso	1998	4	28	118	27.1	37.8	23.8	-999.9	1.9	2.5	96377.1	-999.9
Sikasso	1998	4	29	119	27.4	38.5	23.6	-999.9	1.9	2.7	96414.5	-999.9
Sikasso	1998	4	30	120	26.5	35.3	17.5	-999.9	1.9	2.8	96588.8	-999.9
Sikasso	1998	5	1	121	25.6	36.7	23.0	-999.9	0.0	2.6	96513.5	-999.9
Sikasso	1998	5	2	122	27.3	37.4	22.6	-999.9	0.0	2.0	96520.0	-999.9
Sikasso	1998	5	3	123	27.3	36.0	21.6	-999.9	0.0	2.0	96592.0	-999.9
Sikasso	1998	5	4	124	24.9	32.7	22.1	-999.9	0.0	1.7	96700.2	-999.9
Sikasso	1998	5	5	125	24.5	31.5	18.7	-999.9	9.8	1.7	96715.0	-999.9
Sikasso	1998	5	6	126	23.4	32.0	18.7	-999.9	0.0	1.5	96661.0	-999.9
Sikasso	1998	5	7	127	23.7	34.0	21.1	-999.9	0.0	1.9	96637.1	-999.9
Sikasso	1998	5	8	128	23.9	34.4	21.6	-999.9	0.0	2.0	96818.3	-999.9
Sikasso	1998	5	9	129	24.4	34.7	22.8	-999.9	6.1	2.4	96904.8	-999.9
Sikasso	1998	5	10	130	25.8	36.9	24.3	-999.9	6.1	2.7	96760.1	-999.9
Sikasso	1998	5	11	131	24.6	37.8	25.4	-999.9	0.0	2.6	96705.0	-999.9
Sikasso	1998	5	12	132	25.6	36.2	24.4	-999.9	0.0	3.1	96783.2	-999.9
Sikasso	1998	5	13	133	25.9	34.6	23.7	-999.9	3.5	2.5	96922.9	-999.9
Sikasso	1998	5	14	134	25.3	35.7	24.7	-999.9	3.5	1.7	96824.9	-999.9
Sikasso	1998	5	15	135	27.0	35.6	23.7	-999.9	7.0	1.7	96667.6	-999.9
Sikasso	1998	5	16	136	25.1	33.7	21.0	-999.9	13.3	2.2	96662.6	-999.9
Sikasso	1998	5	17	137	24.5	32.2	18.8	-999.9	33.3	1.6	96811.9	-999.9
Sikasso	1998	5	18	138	23.8	30.4	16.2	-999.9	11.6	1.3	97039.8	-999.9
Sikasso	1998	5	19	139	24.5	33.2	21.2	-999.9	0.0	1.1	96999.9	-999.9
Sikasso	1998	5	20	140	26.0	34.6	24.0	-999.9	0.0	2.0	96821.0	-999.9
Sikasso	1998	5	21	141	25.4	32.6	21.0	-999.9	2.4	2.2	96847.5	-999.9
Sikasso	1998	5	22	142	25.2	33.9	22.7	-999.9	4.7	2.1	96953.2	-999.9
Sikasso	1998	5	23	143	25.2	35.0	22.7	-999.9	4.7	1.9	96990.0	-999.9
Sikasso	1998	5	24	144	26.4	34.7	22.1	-999.9	0.0	2.2	96929.2	-999.9
Sikasso	1998	5	25	145	25.2	35.2	23.8	-999.9	0.0	2.1	96885.9	-999.9
Sikasso	1998	5	26	146	26.5	35.9	24.0	-999.9	0.0	2.1	96737.9	-999.9
Sikasso	1998	5	27	147	25.9	36.2	23.0	-999.9	0.0	2.0	96741.7	-999.9
Sikasso	1998	5	28	148	26.8	36.3	22.3	-999.9	17.0	2.2	96817.7	-999.9
Sikasso	1998	5	29	149	25.6	34.6	21.9	-999.9	0.0	2.0	96801.9	-999.9
Sikasso	1998	5	30	150	26.7	35.9	23.9	-999.9	0.0	2.1	96732.9	-999.9
Sikasso	1998	5	31	151	25.7	36.2	22.7	-999.9	0.0	2.0	96692.1	-999.9
Sikasso	1998	6	1	152	25.2	35.0	20.1	-999.9	13.4	2.1	96869.6	-999.9
Sikasso	1998	6	2	153	23.6	30.9	18.6	-999.9	0.0	2.2	96948.3	-999.9
Sikasso	1998	6	3	154	23.4	31.0	18.6	-999.9	5.8	2.1	96941.2	-999.9
Sikasso	1998	6	4	155	22.7	31.0	23.6	-999.9	0.0	2.3	97091.4	-999.9
Sikasso	1998	6	5	156	23.3	31.8	23.1	-999.9	0.0	1.5	97169.3	-999.9
Sikasso	1998	6	6	157	24.2	33.2	23.9	-999.9	8.3	1.5	97126.8	-999.9
Sikasso	1998	6	7	158	23.7	31.3	19.1	-999.9	0.0	2.2	96989.8	-999.9
Sikasso	1998	6	8	159	22.5	31.0	20.6	-999.9	24.9	2.0	96975.9	-999.9
Sikasso	1998	6	9	160	23.1	31.8	23.2	-999.9	8.3	1.5	97013.1	-999.9
Sikasso	1998	6	10	161	24.4	31.4	22.0	-999.9	0.0	1.6	97033.3	-999.9
Sikasso	1998	6	11	162	24.9	32.6	23.4	-999.9	0.0	1.5	97002.7	-999.9
Sikasso	1998	6	12	163	24.7	34.3	24.5	-999.9	11.0	1.6	97016.5	-999.9
Sikasso	1998	6	13	164	24.3	32.5	21.3	-999.9	9.6	1.7	96995.2	-999.9
Sikasso	1998	6	14	165	24.8	33.7	24.3	-999.9	0.0	2.0	96889.5	-999.9
Sikasso	1998	6	15	166	23.6	32.2	21.9	-999.9	0.0	2.2	96826.7	-999.9
Sikasso	1998	6	16	167	23.8	33.2	23.4	-999.9	7.8	2.2	96970.7	-999.9
Sikasso	1998	6	17	168	24.4	33.8	23.9	-999.9	0.0	1.2	97000.3	-999.9
Sikasso	1998	6	18	169	25.2	35.0	23.9	-999.9	0.0	1.9	96825.9	-999.9
Sikasso	1998	6	19	170	24.0	34.8	22.3	-999.9	7.8	2.4	96640.4	-999.9
Sikasso	1998	6	20	171	23.7	30.8	18.3	-999.9	0.0	2.6	96868.4	-999.9
Sikasso	1998	6	21	172	23.0	31.6	21.1	-999.9	7.6	1.5	97082.5	-999.9
Sikasso	1998	6	22	173	22.9	31.1	20.1	-999.9	0.0	1.0	97050.6	-999.9
Sikasso	1998	6	23	174	24.3	32.1	23.1	-999.9	0.0	1.5	96943.2	-999.9
Sikasso	1998	6	24	175	24.5	32.9	24.5	-999.9	0.0	1.9	96885.5	-999.9
Sikasso	1998	6	25	176	25.1	33.4	23.9	-999.9	7.6	1.9	96927.2	-999.9
Sikasso	1998	6	26	177	25.1	33.3	22.1	-999.9	9.7	1.8	96934.4	-999.9
Sikasso	1998	6	27	178	21.8	32.0	22.6	-999.9	0.0	1.8	97008.4	-999.9
Sikasso	1998	6	28	179	24.9	30.8	17.6	-999.9	0.0	2.4	97026.2	-999.9
Sikasso	1998	6	29	180	23.7	32.1	23.7	-999.9	0.0	1.6	96972.8	-999.9
Sikasso	1998	6	30	181	24.4	32.4	23.1	-999.9	0.0	2.0	97006.9	-999.9
Sikasso	1998	7	1	182	23.4	33.4	23.9	-999.9	0.0	1.9	97026.6	-999.9
Sikasso	1998	7	2	183	25.0	32.3	21.2	-999.9	0.0	1.7	97027.0	-999.9
Sikasso	1998	7	3	184	23.4	32.5	23.0	-999.9	20.5	2.2	96919.6	-999.9
Sikasso	1998	7	4	185	23.7	33.2	23.3	-999.9	0.0	2.3	96879.5	-999.9
Sikasso	1998	7	5	186	24.7	34.3	23.3	-999.9	8.9	2.2	96811.1	-999.9
Sikasso	1998	7	6	187	24.4	32.8	22.6	-999.9	11.7	1.8	96824.1	-999.9
Sikasso	1998	7	7	188	24.5	31.1	20.5	-999.9	17.5	1.8	96913.1	-999.9
Sikasso	1998	7	8	189	23.4	31.4	20.2	-999.9	17.5	1.4	97011.3	-999.9
Sikasso	1998	7	9	190	22.6	31.1	19.9	-999.9	23.3	1.6	97023.1	-999.9
Sikasso	1998	7	10	191	24.4	32.8	22.4	-999.9	5.8	2.0	96954.4	-999.9
Sikasso	1998	7	11	192	23.4	32.4	18.9	-999.9	32.5	2.5	96926.1	-999.9
Sikasso	1998	7	12	193	24.0	32.0	22.5	-999.9	0.0	2.5	96754.9	-999.9
Sikasso	1998	7	13	194	23.4	30.6	19.2	-999.9	10.8	2.5	96860.5	-999.9
Sikasso	1998	7	14	195	22.8	29.2	16.3	-999.9	0.0	1.9	96959.6	-999.9
Sikasso	1998	7	15	196	21.8	29.8	20.8	-999.9	21.7	1.9	97007.5	-999.9
Sikasso	1998	7	16	197	22.7	30.1	19.6	-999.9	26.2	2.0	96994.6	-999.9
Sikasso	1998	7	17	198	22.4	29.7	20.1	-999.9	0.0	1.9	96974.2	-999.9
Sikasso	1998	7	18	199	22.5	30.8	21.6	-999.9	13.1	1.5	96958.4	-999.9
Sikasso	1998	7	19	200	22.7	28.3	16.2	-999.9	13.1	2.0	96947.3	-999.9
Sikasso	1998	7	20	201	23.1	30.2	18.3	-999.9	0.0	2.2	96846.0	-999.9
Sikasso	1998	7	21	202	23.4	29.1	16.1	-999.9	18.6	2.1	96793.3	-999.9
Sikasso	1998	7	22	203	22.3	24.2	6.8	-999.9	0.0	1.7	96834.4	-999.9
Sikasso	1998	7	23	204	22.0	29.0	17.4	-999.9	0.0	1.7	96924.5	-999.9
Sikasso	1998	7	24	205	22.5	28.7	16.7	-999.9	21.3	1.2	96917.5	-999.9
Sikasso	1998	7	25	206	22.6	30.0	19.4	-999.9	0.0	1.6	96814.8	-999.9
Sikasso	1998	7	26	207	23.6	30.7	20.7	-999.9	11.6	1.9	96853.2	-999.9
Sikasso	1998	7	27	208	22.8	29.9	19.8	-999.9	11.6	2.2	96992.8	-999.9
Sikasso	1998	7	28	209	22.4	27.8	13.5	-999.9	5.8	1.9	97116.9	-999.9
Sikasso	1998	7	29	210	21.7	29.2	19.1	-999.9	5.8	1.6	96993.6	-999.9
Sikasso	1998	7	30	211	22.1	29.9	20.7	-999.9	5.8	2.0	96961.6	-999.9
Sikasso	1998	7	31	212	22.8	29.2	15.4	-999.9	11.6	2.6	96910.6	-999.9
Sikasso	1998	8	1	213	22.4	29.7	16.5	-999.9	48.5	2.8	96768.5	-999.9
Sikasso	1998	8	2	214	22.6	25.2	6.6	-999.9	8.5	2.4	96846.8	-999.9
Sikasso	1998	8	3	215	21.8	26.9	11.6	-999.9	8.5	2.4	97046.1	-999.9
Sikasso	1998	8	4	216	22.2	26.3	10.4	-999.9	34.0	1.6	97053.8	-999.9
Sikasso	1998	8	5	217	22.0	28.9	18.3	-999.9	0.0	1.8	97000.3	-999.9
Sikasso	1998	8	6	218	22.0	28.7	17.0	-999.9	9.6	2.0	96984.5	-999.9
Sikasso	1998	8	7	219	22.4	29.2	19.1	-999.9	0.0	1.9	96991.2	-999.9
Sikasso	1998	8	8	220	22.9	29.3	18.2	-999.9	4.8	2.1	96863.5	-999.9
Sikasso	1998	8	9	221	22.2	28.0	16.2	-999.9	0.0	2.3	96893.5	-999.9
Sikasso	1998	8	10	222	21.8	29.3	20.2	-999.9	4.8	1.7	96982.1	-999.9
Sikasso	1998	8	11	223	23.6	30.0	17.5	-999.9	0.0	1.9	96920.6	-999.9
Sikasso	1998	8	12	224	22.2	26.7	10.6	-999.9	20.1	1.7	96956.6	-999.9
Sikasso	1998	8	13	225	22.2	28.1	16.8	-999.9	3.2	2.1	96998.0	-999.9
Sikasso	1998	8	14	226	21.8	28.6	19.9	-999.9	27.3	2.7	96897.1	-999.9
Sikasso	1998	8	15	227	22.2	24.5	6.7	-999.9	27.9	1.9	96834.1	-999.9
Sikasso	1998	8	16	228	21.9	25.2	8.7	-999.9	12.8	1.9	96910.6	-999.9
Sikasso	1998	8	17	229	21.5	28.4	17.1	-999.9	0.0	2.0	96899.9	-999.9
Sikasso	1998	8	18	230	22.1	30.8	20.9	-999.9	6.4	1.7	96680.4	-999.9
Sikasso	1998	8	19	231	22.5	29.0	16.7	-999.9	25.6	1.8	96731.6	-999.9
Sikasso	1998	8	20	232	21.6	29.2	20.4	-999.9	6.4	1.6	96979.5	-999.9
Sikasso	1998	8	21	233	21.6	28.3	17.2	-999.9	29.5	1.9	96994.2	-999.9
Sikasso	1998	8	22	234	22.0	29.1	16.3	-999.9	0.0	1.8	96937.9	-999.9
Sikasso	1998	8	23	235	22.3	31.0	22.3	-999.9	0.0	1.7	96771.5	-999.9
Sikasso	1998	8	24	236	23.6	28.1	10.2	-999.9	0.0	1.3	96722.0	-999.9
Sikasso	1998	8	25	237	22.9	29.3	16.7	-999.9	0.0	1.7	96776.2	-999.9
Sikasso	1998	8	26	238	22.3	25.6	10.2	-999.9	25.6	1.6	96862.1	-999.9
Sikasso	1998	8	27	239	21.5	29.5	22.3	-999.9	0.0	1.9	96971.1	-999.9
Sikasso	1998	8	28	240	21.5	31.5	23.0	-999.9	0.0	1.5	96832.2	-999.9
Sikasso	1998	8	29	241	22.9	31.4	20.8	-999.9	14.7	1.8	96796.6	-999.9
Sikasso	1998	8	30	242	22.9	29.6	16.0	-999.9	25.6	1.9	96899.4	-999.9
Sikasso	1998	8	31	243	22.0	28.5	14.3	-999.9	0.0	1.6	96904.5	-999.9
Sikasso	1998	9	1	244	22.3	28.5	15.6	-999.9	0.0	1.2	96886.7	-999.9
Sikasso	1998	9	2	245	22.4	29.8	17.6	-999.9	0.0	1.5	96930.1	-999.9
Sikasso	1998	9	3	246	22.8	29.4	16.0	-999.9	0.0	2.0	96903.5	-999.9
Sikasso	1998	9	4	247	22.1	30.1	20.7	-999.9	0.0	2.0	96838.6	-999.9
Sikasso	1998	9	5	248	22.5	29.6	18.1	-999.9	25.5	1.3	96881.4	-999.9
Sikasso	1998	9	6	249	22.8	29.1	16.5	-999.9	28.1	1.8	96828.6	-999.9
Sikasso	1998	9	7	250	22.1	26.5	10.2	-999.9	7.0	2.4	96768.4	-999.9
Sikasso	1998	9	8	251	22.1	27.6	15.7	-999.9	0.0	1.5	96883.5	-999.9
Sikasso	1998	9	9	252	21.4	30.0	20.9	-999.9	7.0	1.0	96871.0	-999.9
Sikasso	1998	9	10	253	22.5	26.9	11.6	-999.9	14.0	1.3	96875.6	-999.9
Sikasso	1998	9	11	254	22.5	30.0	20.7	-999.9	9.6	1.4	96866.3	-999.9
Sikasso	1998	9	12	255	21.9	30.0	20.1	-999.9	0.0	1.2	96800.3	-999.9
Sikasso	1998	9	13	256	22.6	30.7	19.9	-999.9	0.0	1.0	96758.6	-999.9
Sikasso	1998	9	14	257	22.7	30.9	21.5	-999.9	19.2	1.4	96785.0	-999.9
Sikasso	1998	9	15	258	22.4	26.6	10.8	-999.9	0.0	1.2	96955.9	-999.9
Sikasso	1998	9	16	259	22.3	28.9	16.6	-999.9	0.0	1.3	97017.7	-999.9
Sikasso	1998	9	17	260	21.8	30.1	21.2	-999.9	0.0	1.1	96901.2	-999.9
Sikasso	1998	9	18	261	22.5	30.3	19.7	-999.9	13.1	1.4	96786.8	-999.9
Sikasso	1998	9	19	262	21.9	29.3	16.6	-999.9	39.2	1.6	96866.7	-999.9
Sikasso	1998	9	20	263	21.9	29.0	17.8	-999.9	0.0	1.7	96928.0	-999.9
Sikasso	1998	9	21	264	22.1	30.1	20.8	-999.9	12.1	1.0	96897.8	-999.9
Sikasso	1998	9	22	265	22.3	29.1	18.2	-999.9	6.0	1.5	96866.0	-999.9
Sikasso	1998	9	23	266	21.6	26.5	10.6	-999.9	18.1	1.4	96901.8	-999.9
Sikasso	1998	9	24	267	21.5	27.4	13.0	-999.9	0.0	2.0	97005.2	-999.9
Sikasso	1998	9	25	268	21.4	28.7	19.0	-999.9	0.0	1.6	97076.6	-999.9
Sikasso	1998	9	26	269	21.6	31.3	23.1	-999.9	0.0	1.2	96956.5	-999.9
Sikasso	1998	9	27	270	21.8	31.3	20.0	-999.9	6.6	1.1	96846.9	-999.9
Sikasso	1998	9	28	271	22.5	29.9	18.7	-999.9	6.6	1.6	96882.8	-999.9
Sikasso	1998	9	29	272	21.3	30.6	22.6	-999.9	0.0	1.3	96931.8	-999.9
Sikasso	1998	9	30	273	21.6	31.3	22.6	-999.9	7.5	1.1	96841.1	-999.9
Sikasso	1998	10	1	274	22.9	30.6	20.9	-999.9	4.4	1.7	96888.3	-999.9
Sikasso	1998	10	2	275	22.3	30.2	20.7	-999.9	0.0	1.2	97025.9	-999.9
Sikasso	1998	10	3	276	22.3	31.8	23.1	-999.9	4.4	1.0	96967.8	-999.9
Sikasso	1998	10	4	277	23.7	31.7	21.9	-999.9	8.7	1.4	96751.2	-999.9
Sikasso	1998	10	5	278	23.2	30.5	20.2	-999.9	8.7	1.8	96763.1	-999.9
Sikasso	1998	10	6	279	21.8	32.2	23.5	-999.9	0.0	1.2	96800.5	-999.9
Sikasso	1998	10	7	280	22.6	32.3	22.6	-999.9	0.0	1.1	96785.6	-999.9
Sikasso	1998	10	8	281	24.1	30.7	18.6	-999.9	0.0	1.9	96695.9	-999.9
Sikasso	1998	10	9	282	23.2	30.0	18.0	-999.9	0.0	1.9	96738.5	-999.9
Sikasso	1998	10	10	283	22.0	28.0	15.7	-999.9	0.0	1.9	96844.4	-999.9
Sikasso	1998	10	11	284	21.6	29.7	18.8	-999.9	0.0	1.5	96927.3	-999.9
Sikasso	1998	10	12	285	23.3	30.8	18.9	-999.9	0.0	1.6	96784.8	-999.9
Sikasso	1998	10	13	286	23.3	30.9	20.1	-999.9	0.0	1.7	96773.8	-999.9
Sikasso	1998	10	14	287	22.8	30.9	20.9	-999.9	0.0	1.4	96855.7	-999.9
Sikasso	1998	10	15	288	22.4	31.6	21.8	-999.9	0.0	1.3	96831.3	-999.9
Sikasso	1998	10	16	289	22.5	31.8	20.4	-999.9	0.0	1.2	96784.5	-999.9
Sikasso	1998	10	17	290	23.2	32.0	21.7	-999.9	0.0	1.3	96768.6	-999.9
Sikasso	1998	10	18	291	23.9	31.1	19.5	-999.9	9.7	1.3	96867.2	-999.9
Sikasso	1998	10	19	292	22.4	31.8	19.6	-999.9	0.0	1.4	96893.5	-999.9
Sikasso	1998	10	20	293	22.6	32.8	21.9	-999.9	0.0	1.5	96868.4	-999.9
Sikasso	1998	10	21	294	24.1	32.7	21.1	-999.9	0.0	1.5	96891.9	-999.9
Sikasso	1998	10	22	295	22.8	31.8	21.1	-999.9	4.4	1.5	96974.4	-999.9
Sikasso	1998	10	23	296	23.0	31.9	20.8	-999.9	4.4	1.4	96942.1	-999.9
Sikasso	1998	10	24	297	22.6	30.0	17.2	-999.9	0.0	1.4	96910.8	-999.9
Sikasso	1998	10	25	298	22.4	31.5	20.8	-999.9	8.7	1.5	97002.6	-999.9
Sikasso	1998	10	26	299	21.6	32.4	21.2	-999.9	0.0	1.2	97016.7	-999.9
Sikasso	1998	10	27	300	21.5	32.9	21.1	-999.9	0.0	1.2	96980.5	-999.9
Sikasso	1998	10	28	301	23.4	32.4	20.7	-999.9	0.0	1.7	96860.9	-999.9
Sikasso	1998	10	29	302	22.6	31.6	19.6	-999.9	0.0	1.7	96845.6	-999.9
Sikasso	1998	10	30	303	22.3	30.9	20.0	-999.9	0.0	1.3	96939.6	-999.9
Sikasso	1998	10	31	304	22.6	32.6	20.5	-999.9	0.0	1.4	96914.0	-999.9
Sikasso	1998	11	1	305	20.1	34.0	22.6	-999.9	0.0	2.0	96827.8	-999.9
Sikasso	1998	11	2	306	19.8	33.3	22.5	-999.9	0.0	1.6	96789.8	-999.9
Sikasso	1998	11	3	307	18.2	33.4	22.9	-999.9	0.0	1.6	96752.4	-999.9
Sikasso	1998	11	4	308	18.8	33.8	22.6	-999.9	0.0	1.2	96727.1	-999.9
Sikasso	1998	11	5	309	19.0	33.9	22.2	-999.9	0.0	1.6	96797.3	-999.9
Sikasso	1998	11	6	310	20.8	34.0	21.0	-999.9	0.0	1.2	96826.8	-999.9
Sikasso	1998	11	7	311	22.0	34.7	21.1	-999.9	0.0	1.3	96723.8	-999.9
Sikasso	1998	11	8	312	19.7	34.1	22.3	-999.9	0.0	1.7	96771.2	-999.9
Sikasso	1998	11	9	313	16.4	33.5	22.4	-999.9	0.0	1.5	96803.2	-999.9
Sikasso	1998	11	10	314	18.5	31.8	19.3	-999.9	0.0	1.4	96894.2	-999.9
Sikasso	1998	11	11	315	21.1	33.1	20.1	-999.9	0.0	1.4	96858.7	-999.9
Sikasso	1998	11	12	316	18.0	32.8	22.0	-999.9	0.0	1.5	96866.8	-999.9
Sikasso	1998	11	13	317	17.4	32.8	21.8	-999.9	0.0	2.0	96867.3	-999.9
Sikasso	1998	11	14	318	17.5	32.8	21.0	-999.9	0.0	1.8	96762.2	-999.9
Sikasso	1998	11	15	319	19.1	33.5	21.4	-999.9	0.0	2.0	96745.3	-999.9
Sikasso	1998	11	16	320	20.0	33.9	21.6	-999.9	0.0	2.2	96791.2	-999.9
Sikasso	1998	11	17	321	20.4	33.6	21.1	-999.9	0.0	2.0	96786.5	-999.9
Sikasso	1998	11	18	322	17.9	34.2	21.7	-999.9	0.0	1.6	96637.0	-999.9
Sikasso	1998	11	19	323	20.5	33.8	21.4	-999.9	0.0	1.1	96600.0	-999.9
Sikasso	1998	11	20	324	20.1	33.0	19.7	-999.9	0.0	0.9	96644.1	-999.9
Sikasso	1998	11	21	325	22.0	33.6	19.8	-999.9	0.0	1.0	96680.6	-999.9
Sikasso	1998	11	22	326	20.3	32.7	19.9	-999.9	0.0	1.3	96779.0	-999.9
Sikasso	1998	11	23	327	19.8	33.9	20.1	-999.9	2.8	1.9	96741.7	-999.9
Sikasso	1998	11	24	328	18.1	33.6	21.0	-999.9	0.0	1.8	96738.7	-999.9
Sikasso	1998	11	25	329	19.9	33.9	20.5	-999.9	0.0	2.1	96751.3	-999.9
Sikasso	1998	11	26	330	18.8	33.6	21.0	-999.9	0.0	1.8	96673.1	-999.9
Sikasso	1998	11	27	331	17.5	33.4	21.3	-999.9	0.0	1.7	96713.4	-999.9
Sikasso	1998	11	28	332	17.3	33.4	21.2	-999.9	0.0	2.1	96740.5	-999.9
Sikasso	1998	11	29	333	17.0	33.5	21.1	-999.9	0.0	2.1	96659.6	-999.9
Sikasso	1998	11	30	334	15.8	33.0	20.9	-999.9	0.0	1.7	96587.4	-999.9
Sikasso	1998	12	1	335	19.5	32.8	19.0	-999.9	0.0	1.4	96664.4	-999.9
Sikasso	1998	12	2	336	19.7	34.1	20.6	-999.9	0.0	1.6	96680.3	-999.9
Sikasso	1998	12	3	337	19.6	34.1	20.3	-999.9	0.0	1.1	96668.2	-999.9
Sikasso	1998	12	4	338	19.1	33.1	19.2	-999.9	0.0	0.9	96776.3	-999.9
Sikasso	1998	12	5	339	22.2	33.0	18.5	-999.9	0.0	1.4	96830.5	-999.9
Sikasso	1998	12	6	340	22.1	35.0	19.7	-999.9	0.0	1.8	96804.2	-999.9
Sikasso	1998	12	7	341	19.6	33.5	18.9	-999.9	0.0	1.1	96752.7	-999.9
Sikasso	1998	12	8	342	20.5	32.6	19.8	-999.9	0.0	1.9	96791.0	-999.9
Sikasso	1998	12	9	343	17.5	30.4	19.3	-999.9	1.0	1.9	96941.2	-999.9
Sikasso	1998	12	10	344	16.8	31.0	20.0	-999.9	0.0	2.1	97012.9	-999.9
Sikasso	1998	12	11	345	17.3	31.9	20.1	-999.9	0.0	2.0	96991.4	-999.9
Sikasso	1998	12	12	346	17.1	32.7	20.2	-999.9	0.0	2.0	96975.3	-999.9
Sikasso	1998	12	13	347	17.8	33.4	19.2	-999.9	0.0	2.0	96911.5	-999.9
Sikasso	1998	12	14	348	18.7	33.2	20.2	-999.9	0.0	1.9	96999.2	-999.9
Sikasso	1998	12	15	349	18.7	31.8	20.5	-999.9	0.0	2.2	97041.0	-999.9
Sikasso	1998	12	16	350	17.2	31.8	20.4	-999.9	0.0	2.1	97005.7	-999.9
Sikasso	1998	12	17	351	17.1	31.6	20.4	-999.9	0.0	2.0	96986.4	-999.9
Sikasso	1998	12	18	352	16.3	32.3	20.5	-999.9	0.0	2.1	96888.6	-999.9
Sikasso	1998	12	19	353	16.8	31.9	20.4	-999.9	0.0	2.4	96926.6	-999.9
Sikasso	1998	12	20	354	16.5	30.8	20.5	-999.9	0.0	2.2	96889.7	-999.9
Sikasso	1998	12	21	355	13.8	30.6	20.2	-999.9	0.4	1.9	96779.5	-999.9
Sikasso	1998	12	22	356	14.2	31.8	20.5	-999.9	0.0	1.6	96776.5	-999.9
Sikasso	1998	12	23	357	16.2	32.3	20.4	-999.9	0.0	1.8	96755.2	-999.9
Sikasso	1998	12	24	358	15.9	33.3	20.3	-999.9	0.0	1.7	96805.8	-999.9
Sikasso	1998	12	25	359	16.5	34.0	20.5	-999.9	0.0	2.0	96805.7	-999.9
Sikasso	1998	12	26	360	17.2	34.1	20.5	-999.9	0.0	2.1	96785.6	-999.9
Sikasso	1998	12	27	361	17.6	33.2	20.5	-999.9	0.0	1.9	96702.5	-999.9
Sikasso	1998	12	28	362	16.4	32.6	20.3	-999.9	0.0	1.7	96719.7	-999.9
Sikasso	1998	12	29	363	15.5	32.2	20.5	-999.9	0.0	2.0	96877.5	-999.9
Sikasso	1998	12	30	364	15.9	32.0	19.9	-999.9	0.0	1.9	96931.8	-999.9
Sikasso	1998	12	31	365	16.5	31.0	20.0	-999.9	0.0	2.4	96970.0	-999.9
