Sikasso	2022	1	1	1	17.4	32.5	20.6	-999.9	0.0	2.3	96921.1	-999.9
Sikasso	2022	1	2	2	17.8	32.0	19.3	-999.9	0.0	2.2	96882.2	-999.9
Sikasso	2022	1	3	3	18.3	31.9	20.5	-999.9	0.0	2.2	96867.8	-999.9
Sikasso	2022	1	4	4	16.5	31.7	20.8	-999.9	0.0	2.0	96883.1	-999.9
Sikasso	2022	1	5	5	16.5	31.4	20.6	-999.9	0.0	2.2	96916.3	-999.9
Sikasso	2022	1	6	6	15.1	31.5	20.8	-999.9	0.0	2.0	96882.9	-999.9
Sikasso	2022	1	7	7	15.0	31.9	20.8	-999.9	0.0	2.1	96851.9	-999.9
Sikasso	2022	1	8	8	15.1	31.3	20.5	-999.9	0.0	2.2	96895.4	-999.9
Sikasso	2022	1	9	9	15.0	31.4	21.0	-999.9	0.0	2.3	96912.4	-999.9
Sikasso	2022	1	10	10	13.5	30.8	20.8	-999.9	0.0	2.1	96826.7	-999.9
Sikasso	2022	1	11	11	14.5	32.0	19.7	-999.9	0.0	1.8	96774.2	-999.9
Sikasso	2022	1	12	12	16.2	32.8	20.9	-999.9	0.0	2.1	96898.8	-999.9
Sikasso	2022	1	13	13	16.7	33.2	20.5	-999.9	0.0	2.1	97001.9	-999.9
Sikasso	2022	1	14	14	17.2	33.4	20.9	-999.9	0.0	2.3	97059.4	-999.9
Sikasso	2022	1	15	15	18.3	32.3	20.8	-999.9	0.0	2.3	97041.1	-999.9
Sikasso	2022	1	16	16	17.6	31.6	20.7	-999.9	0.0	2.4	97126.2	-999.9
Sikasso	2022	1	17	17	15.7	30.2	21.1	-999.9	0.0	2.1	97162.4	-999.9
Sikasso	2022	1	18	18	15.9	30.8	21.4	-999.9	0.0	2.3	97175.7	-999.9
Sikasso	2022	1	19	19	14.7	30.4	21.7	-999.9	0.0	2.3	97155.5	-999.9
Sikasso	2022	1	20	20	14.1	30.5	21.7	-999.9	0.0	2.3	97100.2	-999.9
Sikasso	2022	1	21	21	13.9	30.5	21.7	-999.9	0.0	2.4	97030.8	-999.9
Sikasso	2022	1	22	22	14.8	31.2	21.7	-999.9	0.0	2.5	97017.6	-999.9
Sikasso	2022	1	23	23	15.1	31.3	21.7	-999.9	0.0	2.5	97011.0	-999.9
Sikasso	2022	1	24	24	14.9	31.2	21.7	-999.9	0.0	2.4	96957.9	-999.9
Sikasso	2022	1	25	25	15.2	31.5	21.9	-999.9	0.0	2.4	96906.7	-999.9
Sikasso	2022	1	26	26	14.2	32.1	22.0	-999.9	0.0	2.1	96796.0	-999.9
Sikasso	2022	1	27	27	15.0	33.4	21.8	-999.9	0.0	1.8	96744.8	-999.9
Sikasso	2022	1	28	28	16.4	34.6	21.9	-999.9	0.0	2.2	96738.9	-999.9
Sikasso	2022	1	29	29	18.4	34.5	22.0	-999.9	0.0	2.4	96901.4	-999.9
Sikasso	2022	1	30	30	18.4	33.7	22.2	-999.9	0.0	2.7	96911.7	-999.9
Sikasso	2022	1	31	31	17.2	33.4	22.2	-999.9	0.0	2.5	96900.6	-999.9
Sikasso	2022	2	1	32	16.8	32.2	22.0	-999.9	0.0	2.7	96920.2	-999.9
Sikasso	2022	2	2	33	15.1	31.5	22.6	-999.9	2.7	2.3	96988.0	-999.9
Sikasso	2022	2	3	34	14.7	32.2	22.5	-999.9	0.0	2.0	96949.4	-999.9
Sikasso	2022	2	4	35	16.0	33.4	22.5	-999.9	0.0	2.0	96911.8	-999.9
Sikasso	2022	2	5	36	16.1	33.6	22.8	-999.9	0.0	2.1	96863.3	-999.9
Sikasso	2022	2	6	37	16.0	34.1	22.8	-999.9	0.0	2.0	96826.9	-999.9
Sikasso	2022	2	7	38	15.6	34.2	22.7	-999.9	0.0	2.1	96809.2	-999.9
Sikasso	2022	2	8	39	16.3	34.2	22.6	-999.9	0.0	2.2	96817.4	-999.9
Sikasso	2022	2	9	40	17.2	34.9	22.7	-999.9	0.0	2.2	96832.6	-999.9
Sikasso	2022	2	10	41	18.3	35.3	22.9	-999.9	0.0	2.4	96755.3	-999.9
Sikasso	2022	2	11	42	17.4	34.4	23.0	-999.9	0.0	2.6	96721.7	-999.9
Sikasso	2022	2	12	43	16.2	33.4	23.0	-999.9	0.0	2.0	96737.2	-999.9
Sikasso	2022	2	13	44	16.5	33.7	22.9	-999.9	0.0	2.1	96774.9	-999.9
Sikasso	2022	2	14	45	18.2	34.2	22.3	-999.9	0.0	2.3	96820.7	-999.9
Sikasso	2022	2	15	46	18.4	34.5	22.6	-999.9	0.0	2.3	96861.9	-999.9
Sikasso	2022	2	16	47	18.4	34.7	23.0	-999.9	0.0	2.1	96789.4	-999.9
Sikasso	2022	2	17	48	17.8	35.7	23.2	-999.9	0.0	1.9	96653.2	-999.9
Sikasso	2022	2	18	49	18.2	36.6	23.3	-999.9	0.0	2.1	96619.4	-999.9
Sikasso	2022	2	19	50	19.3	37.1	23.4	-999.9	0.0	2.3	96620.2	-999.9
Sikasso	2022	2	20	51	19.2	36.5	22.9	-999.9	0.0	2.2	96672.5	-999.9
Sikasso	2022	2	21	52	20.7	37.2	22.6	-999.9	0.0	2.0	96715.3	-999.9
Sikasso	2022	2	22	53	21.2	36.2	23.8	-999.9	0.0	2.1	96751.6	-999.9
Sikasso	2022	2	23	54	18.8	36.2	24.1	-999.9	0.0	2.2	96752.1	-999.9
Sikasso	2022	2	24	55	17.4	37.6	24.1	-999.9	0.0	1.9	96673.6	-999.9
Sikasso	2022	2	25	56	19.8	37.9	23.8	-999.9	0.0	1.6	96618.0	-999.9
Sikasso	2022	2	26	57	20.5	37.5	23.9	-999.9	0.0	2.0	96514.2	-999.9
Sikasso	2022	2	27	58	21.8	35.1	20.1	-999.9	0.0	2.1	96483.9	-999.9
Sikasso	2022	2	28	59	24.5	36.5	20.9	-999.9	0.0	2.3	96546.6	-999.9
Sikasso	2022	3	1	60	22.5	33.4	15.0	-999.9	0.0	1.5	96705.2	-999.9
Sikasso	2022	3	2	61	22.5	35.5	22.1	-999.9	0.0	1.2	96656.5	-999.9
Sikasso	2022	3	3	62	23.7	36.0	22.7	-999.9	0.0	2.1	96653.6	-999.9
Sikasso	2022	3	4	63	22.8	35.0	23.3	-999.9	0.0	2.0	96627.4	-999.9
Sikasso	2022	3	5	64	21.2	35.2	24.0	-999.9	0.0	1.8	96555.1	-999.9
Sikasso	2022	3	6	65	21.7	35.8	23.7	-999.9	0.0	1.6	96498.8	-999.9
Sikasso	2022	3	7	66	22.7	35.9	24.4	-999.9	0.0	2.1	96532.6	-999.9
Sikasso	2022	3	8	67	21.9	35.8	24.0	-999.9	0.0	2.2	96524.7	-999.9
Sikasso	2022	3	9	68	22.4	36.4	22.4	-999.9	0.0	2.0	96486.1	-999.9
Sikasso	2022	3	10	69	21.8	38.1	24.4	-999.9	0.0	2.0	96462.2	-999.9
Sikasso	2022	3	11	70	22.6	38.2	24.9	-999.9	0.0	2.2	96488.1	-999.9
Sikasso	2022	3	12	71	23.1	38.3	24.5	-999.9	0.0	2.2	96523.1	-999.9
Sikasso	2022	3	13	72	21.9	37.7	24.7	-999.9	0.0	1.5	96483.1	-999.9
Sikasso	2022	3	14	73	21.9	36.5	22.1	-999.9	1.1	1.7	96467.9	-999.9
Sikasso	2022	3	15	74	25.2	36.7	21.6	-999.9	0.0	1.6	96532.0	-999.9
Sikasso	2022	3	16	75	26.8	36.4	22.4	-999.9	4.0	1.8	96538.8	-999.9
Sikasso	2022	3	17	76	24.8	35.4	21.8	-999.9	4.0	1.3	96597.4	-999.9
Sikasso	2022	3	18	77	25.8	35.9	21.8	-999.9	0.0	1.2	96510.9	-999.9
Sikasso	2022	3	19	78	25.3	36.6	22.8	-999.9	0.0	1.4	96482.8	-999.9
Sikasso	2022	3	20	79	24.8	36.3	22.1	-999.9	0.0	2.1	96564.1	-999.9
Sikasso	2022	3	21	80	26.6	36.3	21.2	-999.9	3.5	2.0	96572.5	-999.9
Sikasso	2022	3	22	81	23.6	37.3	23.3	-999.9	0.0	1.5	96548.9	-999.9
Sikasso	2022	3	23	82	24.4	37.3	24.2	-999.9	0.0	1.4	96544.1	-999.9
Sikasso	2022	3	24	83	26.7	36.8	22.7	-999.9	0.0	1.9	96456.8	-999.9
Sikasso	2022	3	25	84	25.3	35.9	22.5	-999.9	0.0	2.1	96496.4	-999.9
Sikasso	2022	3	26	85	23.3	36.1	21.0	-999.9	0.0	1.7	96560.0	-999.9
Sikasso	2022	3	27	86	24.8	37.1	24.2	-999.9	0.0	1.6	96659.2	-999.9
Sikasso	2022	3	28	87	25.0	38.0	24.3	-999.9	0.0	1.6	96673.5	-999.9
Sikasso	2022	3	29	88	23.2	38.7	25.7	-999.9	0.0	1.7	96427.6	-999.9
Sikasso	2022	3	30	89	21.4	37.7	25.6	-999.9	0.0	1.7	96265.8	-999.9
Sikasso	2022	3	31	90	25.3	37.6	25.1	-999.9	0.0	2.0	96306.1	-999.9
Sikasso	2022	4	1	91	27.1	37.1	22.3	-999.9	0.0	2.3	96432.7	-999.9
Sikasso	2022	4	2	92	26.2	36.0	22.8	-999.9	7.2	2.6	96512.1	-999.9
Sikasso	2022	4	3	93	24.1	37.1	23.5	-999.9	7.2	2.1	96535.7	-999.9
Sikasso	2022	4	4	94	26.1	36.8	22.0	-999.9	0.0	1.9	96497.1	-999.9
Sikasso	2022	4	5	95	25.9	36.8	20.7	-999.9	14.5	2.0	96554.5	-999.9
Sikasso	2022	4	6	96	25.8	36.1	22.7	-999.9	9.8	1.9	96557.8	-999.9
Sikasso	2022	4	7	97	24.5	36.3	23.3	-999.9	0.0	2.0	96595.7	-999.9
Sikasso	2022	4	8	98	24.7	36.4	21.7	-999.9	0.0	2.0	96603.8	-999.9
Sikasso	2022	4	9	99	26.4	38.6	24.6	-999.9	0.0	2.0	96393.9	-999.9
Sikasso	2022	4	10	100	26.6	37.4	24.4	-999.9	0.0	2.5	96335.3	-999.9
Sikasso	2022	4	11	101	27.5	36.2	20.8	-999.9	0.0	1.9	96396.9	-999.9
Sikasso	2022	4	12	102	26.6	36.7	23.7	-999.9	0.0	2.1	96453.6	-999.9
Sikasso	2022	4	13	103	25.1	36.7	24.5	-999.9	3.8	1.8	96385.2	-999.9
Sikasso	2022	4	14	104	24.9	36.7	22.4	-999.9	0.0	2.2	96361.1	-999.9
Sikasso	2022	4	15	105	26.0	36.5	23.6	-999.9	0.0	2.3	96440.9	-999.9
Sikasso	2022	4	16	106	26.1	33.6	21.8	-999.9	5.2	1.9	96643.5	-999.9
Sikasso	2022	4	17	107	23.2	34.9	24.3	-999.9	2.6	1.3	96613.9	-999.9
Sikasso	2022	4	18	108	25.8	35.5	24.2	-999.9	0.0	1.6	96604.1	-999.9
Sikasso	2022	4	19	109	25.5	36.5	24.1	-999.9	0.0	1.9	96636.1	-999.9
Sikasso	2022	4	20	110	25.8	36.9	25.1	-999.9	0.0	2.0	96603.8	-999.9
Sikasso	2022	4	21	111	25.6	37.5	26.0	-999.9	1.8	2.3	96516.2	-999.9
Sikasso	2022	4	22	112	25.4	36.0	24.4	-999.9	0.0	2.4	96525.7	-999.9
Sikasso	2022	4	23	113	27.7	37.4	23.0	-999.9	0.0	1.7	96514.4	-999.9
Sikasso	2022	4	24	114	27.2	38.8	25.3	-999.9	0.0	2.0	96513.9	-999.9
Sikasso	2022	4	25	115	22.9	37.5	25.9	-999.9	0.0	1.8	96498.3	-999.9
Sikasso	2022	4	26	116	23.0	37.2	24.6	-999.9	0.0	1.8	96437.1	-999.9
Sikasso	2022	4	27	117	25.6	36.3	23.0	-999.9	0.0	2.0	96467.1	-999.9
Sikasso	2022	4	28	118	24.5	32.9	20.4	-999.9	6.8	1.8	96721.7	-999.9
Sikasso	2022	4	29	119	24.4	35.0	22.8	-999.9	0.0	2.0	96691.4	-999.9
Sikasso	2022	4	30	120	25.4	35.6	24.5	-999.9	0.0	2.2	96755.0	-999.9
Sikasso	2022	5	1	121	26.0	36.0	23.7	-999.9	0.0	1.9	96859.4	-999.9
Sikasso	2022	5	2	122	24.1	34.3	20.1	-999.9	3.1	2.1	96726.0	-999.9
Sikasso	2022	5	3	123	24.7	35.7	25.1	-999.9	0.0	1.8	96698.0	-999.9
Sikasso	2022	5	4	124	26.0	36.3	24.0	-999.9	0.0	1.7	96672.1	-999.9
Sikasso	2022	5	5	125	26.4	35.8	19.7	-999.9	0.0	2.3	96757.3	-999.9
Sikasso	2022	5	6	126	27.3	37.7	25.0	-999.9	0.0	2.5	96670.9	-999.9
Sikasso	2022	5	7	127	27.4	36.4	23.1	-999.9	6.4	2.1	96650.6	-999.9
Sikasso	2022	5	8	128	25.0	35.4	22.6	-999.9	6.4	2.0	96628.2	-999.9
Sikasso	2022	5	9	129	24.7	34.4	23.7	-999.9	12.8	2.0	96720.3	-999.9
Sikasso	2022	5	10	130	24.5	35.5	24.2	-999.9	3.2	1.9	96680.2	-999.9
Sikasso	2022	5	11	131	25.9	35.9	24.4	-999.9	0.0	2.0	96639.1	-999.9
Sikasso	2022	5	12	132	26.1	36.5	24.6	-999.9	9.4	2.2	96725.4	-999.9
Sikasso	2022	5	13	133	25.3	37.1	22.6	-999.9	9.4	2.1	96755.8	-999.9
Sikasso	2022	5	14	134	26.0	36.3	25.1	-999.9	0.0	1.9	96671.5	-999.9
Sikasso	2022	5	15	135	26.0	36.4	24.7	-999.9	0.0	2.0	96695.2	-999.9
Sikasso	2022	5	16	136	26.6	36.5	23.9	-999.9	0.0	2.2	96799.9	-999.9
Sikasso	2022	5	17	137	26.7	37.1	24.2	-999.9	2.5	1.7	96767.2	-999.9
Sikasso	2022	5	18	138	28.5	36.7	23.7	-999.9	2.5	2.6	96569.1	-999.9
Sikasso	2022	5	19	139	25.9	36.2	23.6	-999.9	0.0	2.4	96559.3	-999.9
Sikasso	2022	5	20	140	27.6	36.2	24.1	-999.9	5.0	2.2	96733.3	-999.9
Sikasso	2022	5	21	141	26.3	34.2	22.0	-999.9	10.0	2.4	96880.8	-999.9
Sikasso	2022	5	22	142	23.4	32.5	20.4	-999.9	0.0	2.0	96929.5	-999.9
Sikasso	2022	5	23	143	22.6	30.2	17.2	-999.9	0.0	1.9	96898.0	-999.9
Sikasso	2022	5	24	144	23.9	28.8	14.4	-999.9	3.3	1.8	96938.8	-999.9
Sikasso	2022	5	25	145	22.7	32.1	20.1	-999.9	0.0	2.0	97084.5	-999.9
Sikasso	2022	5	26	146	23.8	32.4	23.3	-999.9	0.0	1.7	97161.2	-999.9
Sikasso	2022	5	27	147	23.4	32.4	22.3	-999.9	7.7	1.8	97101.3	-999.9
Sikasso	2022	5	28	148	24.4	34.2	24.3	-999.9	0.0	2.0	96856.9	-999.9
Sikasso	2022	5	29	149	25.7	35.0	23.4	-999.9	3.8	2.4	96686.0	-999.9
Sikasso	2022	5	30	150	25.1	34.3	23.8	-999.9	11.5	1.9	96718.5	-999.9
Sikasso	2022	5	31	151	24.6	34.8	24.9	-999.9	0.0	1.8	96743.5	-999.9
Sikasso	2022	6	1	152	25.9	34.6	23.8	-999.9	0.0	2.0	96661.3	-999.9
Sikasso	2022	6	2	153	25.0	35.9	24.7	-999.9	2.5	1.9	96473.5	-999.9
Sikasso	2022	6	3	154	26.4	34.9	24.1	-999.9	5.0	2.4	96545.3	-999.9
Sikasso	2022	6	4	155	25.9	34.7	25.1	-999.9	2.5	2.3	96662.8	-999.9
Sikasso	2022	6	5	156	25.2	34.6	24.7	-999.9	2.5	2.2	96689.7	-999.9
Sikasso	2022	6	6	157	25.9	34.5	24.2	-999.9	23.8	2.2	96750.6	-999.9
Sikasso	2022	6	7	158	23.9	31.2	19.4	-999.9	7.9	1.7	96945.3	-999.9
Sikasso	2022	6	8	159	23.6	33.4	24.8	-999.9	0.0	1.5	96878.3	-999.9
Sikasso	2022	6	9	160	25.0	34.5	24.3	-999.9	0.0	1.7	96712.4	-999.9
Sikasso	2022	6	10	161	25.4	35.1	24.9	-999.9	0.0	2.3	96640.3	-999.9
Sikasso	2022	6	11	162	25.3	34.4	24.2	-999.9	7.6	2.6	96696.6	-999.9
Sikasso	2022	6	12	163	23.8	32.1	21.2	-999.9	15.2	1.9	96890.0	-999.9
Sikasso	2022	6	13	164	23.1	30.6	21.7	-999.9	7.6	1.6	96921.7	-999.9
Sikasso	2022	6	14	165	23.5	31.8	22.7	-999.9	22.7	2.0	96800.6	-999.9
Sikasso	2022	6	15	166	23.5	32.6	22.0	-999.9	0.0	2.7	96684.1	-999.9
Sikasso	2022	6	16	167	22.3	29.3	14.5	-999.9	1.8	2.3	96638.1	-999.9
Sikasso	2022	6	17	168	22.5	28.6	18.5	-999.9	5.3	2.9	96742.5	-999.9
Sikasso	2022	6	18	169	22.1	29.1	19.4	-999.9	0.9	1.9	97008.3	-999.9
Sikasso	2022	6	19	170	22.7	29.4	18.7	-999.9	6.7	1.1	97028.3	-999.9
Sikasso	2022	6	20	171	22.9	30.4	21.6	-999.9	1.2	1.5	96991.1	-999.9
Sikasso	2022	6	21	172	22.3	30.1	19.3	-999.9	32.7	1.3	96961.0	-999.9
Sikasso	2022	6	22	173	22.6	30.0	21.5	-999.9	16.3	1.7	96901.2	-999.9
Sikasso	2022	6	23	174	21.7	30.6	23.0	-999.9	0.0	1.5	96885.8	-999.9
Sikasso	2022	6	24	175	22.9	31.7	24.0	-999.9	0.0	1.5	96830.1	-999.9
Sikasso	2022	6	25	176	24.0	30.5	20.1	-999.9	16.3	2.0	96806.3	-999.9
Sikasso	2022	6	26	177	23.0	31.3	23.4	-999.9	0.0	1.8	96816.3	-999.9
Sikasso	2022	6	27	178	23.5	30.6	22.0	-999.9	12.5	1.4	96917.6	-999.9
Sikasso	2022	6	28	179	23.3	30.1	21.9	-999.9	0.0	1.7	96966.4	-999.9
Sikasso	2022	6	29	180	23.0	32.4	24.7	-999.9	0.0	1.5	96933.1	-999.9
Sikasso	2022	6	30	181	24.0	29.8	19.8	-999.9	0.0	2.5	96817.4	-999.9
Sikasso	2022	7	1	182	22.5	28.5	15.7	-999.9	28.2	1.7	96859.6	-999.9
Sikasso	2022	7	2	183	22.5	26.0	10.2	-999.9	42.3	1.6	97013.0	-999.9
Sikasso	2022	7	3	184	21.8	28.4	17.1	-999.9	0.0	1.9	97074.2	-999.9
Sikasso	2022	7	4	185	22.6	30.0	21.0	-999.9	0.0	2.0	97016.8	-999.9
Sikasso	2022	7	5	186	22.9	29.9	20.7	-999.9	14.1	2.2	96935.7	-999.9
Sikasso	2022	7	6	187	23.7	30.4	22.1	-999.9	23.7	1.9	96967.3	-999.9
Sikasso	2022	7	7	188	22.5	30.0	21.8	-999.9	7.9	1.5	97020.5	-999.9
Sikasso	2022	7	8	189	24.4	31.1	21.6	-999.9	0.0	1.6	96993.7	-999.9
Sikasso	2022	7	9	190	22.3	29.9	17.6	-999.9	7.9	2.0	96988.6	-999.9
Sikasso	2022	7	10	191	22.8	29.6	18.2	-999.9	0.0	1.9	96917.9	-999.9
Sikasso	2022	7	11	192	23.6	30.6	22.6	-999.9	4.4	1.9	96776.5	-999.9
Sikasso	2022	7	12	193	23.2	30.8	22.8	-999.9	0.0	1.7	96932.8	-999.9
Sikasso	2022	7	13	194	23.7	30.8	21.9	-999.9	0.0	1.9	97013.6	-999.9
Sikasso	2022	7	14	195	23.7	30.8	23.0	-999.9	4.4	1.9	96886.3	-999.9
Sikasso	2022	7	15	196	22.8	30.0	19.1	-999.9	4.4	2.2	96779.5	-999.9
Sikasso	2022	7	16	197	23.8	30.0	20.9	-999.9	40.8	2.4	96776.0	-999.9
Sikasso	2022	7	17	198	22.8	27.8	12.1	-999.9	0.0	1.8	96888.5	-999.9
Sikasso	2022	7	18	199	22.8	27.0	13.9	-999.9	0.0	2.9	96901.4	-999.9
Sikasso	2022	7	19	200	22.7	25.5	10.4	-999.9	0.0	2.7	96856.8	-999.9
Sikasso	2022	7	20	201	22.0	23.4	5.5	-999.9	0.0	2.9	96751.8	-999.9
Sikasso	2022	7	21	202	21.2	28.0	18.9	-999.9	0.0	2.2	96887.7	-999.9
Sikasso	2022	7	22	203	21.5	29.1	21.0	-999.9	0.0	1.5	96886.6	-999.9
Sikasso	2022	7	23	204	23.0	29.2	15.1	-999.9	15.8	1.4	96863.0	-999.9
Sikasso	2022	7	24	205	22.6	25.6	10.8	-999.9	10.6	1.5	96867.0	-999.9
Sikasso	2022	7	25	206	21.8	28.8	20.7	-999.9	0.0	1.9	96989.3	-999.9
Sikasso	2022	7	26	207	22.6	31.1	21.1	-999.9	24.9	1.5	96919.7	-999.9
Sikasso	2022	7	27	208	23.5	29.3	16.5	-999.9	0.0	2.4	96782.2	-999.9
Sikasso	2022	7	28	209	23.0	29.3	18.9	-999.9	0.0	2.4	96807.4	-999.9
Sikasso	2022	7	29	210	22.2	27.3	15.4	-999.9	37.3	2.4	96984.1	-999.9
Sikasso	2022	7	30	211	21.7	28.7	18.3	-999.9	0.0	1.4	97049.5	-999.9
Sikasso	2022	7	31	212	21.8	30.1	21.3	-999.9	12.4	1.4	96992.8	-999.9
Sikasso	2022	8	1	213	21.0	27.9	11.9	-999.9	8.5	1.5	96964.4	-999.9
Sikasso	2022	8	2	214	21.0	28.6	19.6	-999.9	0.0	1.8	96926.5	-999.9
Sikasso	2022	8	3	215	22.3	29.3	21.9	-999.9	4.2	1.7	96831.0	-999.9
Sikasso	2022	8	4	216	23.0	28.7	19.8	-999.9	8.5	2.1	96832.0	-999.9
Sikasso	2022	8	5	217	22.4	28.1	14.3	-999.9	4.2	1.7	96907.3	-999.9
Sikasso	2022	8	6	218	22.0	29.8	21.2	-999.9	0.0	1.7	96952.8	-999.9
Sikasso	2022	8	7	219	21.6	29.9	21.7	-999.9	0.0	1.4	96861.0	-999.9
Sikasso	2022	8	8	220	22.9	30.4	22.1	-999.9	15.0	1.7	96786.0	-999.9
Sikasso	2022	8	9	221	22.9	30.7	19.5	-999.9	15.0	1.6	96864.9	-999.9
Sikasso	2022	8	10	222	22.6	29.5	18.1	-999.9	15.0	1.7	96843.1	-999.9
Sikasso	2022	8	11	223	22.7	29.8	18.5	-999.9	13.2	1.6	96881.4	-999.9
Sikasso	2022	8	12	224	22.8	29.2	16.7	-999.9	13.2	1.5	96923.0	-999.9
Sikasso	2022	8	13	225	22.7	28.4	14.5	-999.9	26.3	1.3	96970.2	-999.9
Sikasso	2022	8	14	226	22.2	28.3	15.4	-999.9	13.2	1.9	96851.1	-999.9
Sikasso	2022	8	15	227	22.2	30.7	23.8	-999.9	13.2	1.6	96584.2	-999.9
Sikasso	2022	8	16	228	22.3	24.8	6.9	-999.9	37.6	2.5	96694.4	-999.9
Sikasso	2022	8	17	229	21.9	28.6	19.0	-999.9	0.0	2.6	96805.0	-999.9
Sikasso	2022	8	18	230	22.3	29.6	21.2	-999.9	0.0	2.2	96877.8	-999.9
Sikasso	2022	8	19	231	22.5	30.0	20.6	-999.9	0.0	1.6	96860.2	-999.9
Sikasso	2022	8	20	232	21.7	24.7	7.7	-999.9	37.6	1.3	96985.6	-999.9
Sikasso	2022	8	21	233	22.0	28.9	18.2	-999.9	0.0	1.7	96978.5	-999.9
Sikasso	2022	8	22	234	21.6	30.2	22.0	-999.9	0.0	1.3	96738.0	-999.9
Sikasso	2022	8	23	235	22.8	27.9	15.8	-999.9	38.8	2.1	96652.7	-999.9
Sikasso	2022	8	24	236	22.0	25.0	8.1	-999.9	0.0	2.7	96862.4	-999.9
Sikasso	2022	8	25	237	21.2	28.8	21.2	-999.9	0.0	2.2	97052.4	-999.9
Sikasso	2022	8	26	238	22.6	28.6	16.1	-999.9	16.2	1.9	96881.8	-999.9
Sikasso	2022	8	27	239	22.3	27.0	10.2	-999.9	32.4	2.0	96599.1	-999.9
Sikasso	2022	8	28	240	21.6	27.0	12.1	-999.9	0.0	1.7	96643.7	-999.9
Sikasso	2022	8	29	241	21.8	27.7	15.4	-999.9	0.0	2.0	96861.2	-999.9
Sikasso	2022	8	30	242	21.5	29.3	20.8	-999.9	0.0	1.8	96965.9	-999.9
Sikasso	2022	8	31	243	22.6	29.6	15.6	-999.9	0.0	1.9	96853.9	-999.9
Sikasso	2022	9	1	244	21.8	25.4	7.8	-999.9	36.9	1.4	96876.2	-999.9
Sikasso	2022	9	2	245	21.8	28.8	16.6	-999.9	0.0	1.8	97033.0	-999.9
Sikasso	2022	9	3	246	21.7	29.1	17.5	-999.9	18.4	0.9	97097.5	-999.9
Sikasso	2022	9	4	247	20.8	30.1	22.5	-999.9	9.2	0.9	97118.8	-999.9
Sikasso	2022	9	5	248	21.9	30.6	21.7	-999.9	18.4	1.6	97089.8	-999.9
Sikasso	2022	9	6	249	22.3	29.5	18.6	-999.9	5.7	1.6	96995.1	-999.9
Sikasso	2022	9	7	250	21.8	29.7	21.8	-999.9	0.0	1.3	96936.1	-999.9
Sikasso	2022	9	8	251	21.8	29.3	18.4	-999.9	5.7	1.6	96895.7	-999.9
Sikasso	2022	9	9	252	22.4	28.4	14.9	-999.9	23.0	1.9	96941.5	-999.9
Sikasso	2022	9	10	253	22.0	25.8	8.4	-999.9	23.0	1.1	96940.2	-999.9
Sikasso	2022	9	11	254	21.6	28.9	18.2	-999.9	0.0	1.9	96960.8	-999.9
Sikasso	2022	9	12	255	21.1	30.0	22.2	-999.9	12.9	1.4	96948.8	-999.9
Sikasso	2022	9	13	256	22.3	26.0	7.5	-999.9	12.9	1.3	96837.0	-999.9
Sikasso	2022	9	14	257	20.1	30.9	22.2	-999.9	0.0	1.6	96855.1	-999.9
Sikasso	2022	9	15	258	21.6	31.0	23.4	-999.9	12.9	1.1	96945.3	-999.9
Sikasso	2022	9	16	259	22.3	30.4	20.4	-999.9	0.0	1.2	96817.1	-999.9
Sikasso	2022	9	17	260	22.4	29.4	21.5	-999.9	0.0	2.0	96781.6	-999.9
Sikasso	2022	9	18	261	21.9	28.8	17.0	-999.9	0.0	2.1	96839.1	-999.9
Sikasso	2022	9	19	262	22.3	30.1	20.3	-999.9	11.6	1.3	96824.6	-999.9
Sikasso	2022	9	20	263	22.5	26.6	10.5	-999.9	11.6	1.5	96639.4	-999.9
Sikasso	2022	9	21	264	22.0	27.3	13.3	-999.9	0.0	2.4	96790.0	-999.9
Sikasso	2022	9	22	265	21.7	30.0	20.8	-999.9	13.6	1.3	96918.7	-999.9
Sikasso	2022	9	23	266	22.0	30.0	19.8	-999.9	27.2	1.1	96868.9	-999.9
Sikasso	2022	9	24	267	22.2	31.0	21.6	-999.9	0.0	1.2	96831.6	-999.9
Sikasso	2022	9	25	268	21.8	30.6	22.4	-999.9	0.0	1.3	96805.1	-999.9
Sikasso	2022	9	26	269	21.6	30.1	21.2	-999.9	10.1	1.2	96875.6	-999.9
Sikasso	2022	9	27	270	20.9	29.7	20.6	-999.9	13.5	1.2	96944.7	-999.9
Sikasso	2022	9	28	271	22.9	30.6	21.1	-999.9	0.3	1.5	96871.3	-999.9
Sikasso	2022	9	29	272	22.1	30.5	21.9	-999.9	0.0	1.6	96852.7	-999.9
Sikasso	2022	9	30	273	22.1	31.0	23.8	-999.9	1.9	1.5	96811.1	-999.9
Sikasso	2022	10	1	274	21.4	28.9	14.8	-999.9	31.4	1.4	96853.9	-999.9
Sikasso	2022	10	2	275	21.8	28.3	15.1	-999.9	10.5	1.4	97007.1	-999.9
Sikasso	2022	10	3	276	20.2	30.6	22.6	-999.9	0.0	1.2	96985.9	-999.9
Sikasso	2022	10	4	277	23.3	31.5	23.3	-999.9	0.0	1.7	96700.6	-999.9
Sikasso	2022	10	5	278	22.4	29.5	17.1	-999.9	0.0	1.6	96806.9	-999.9
Sikasso	2022	10	6	279	21.4	30.4	20.8	-999.9	3.6	1.2	96866.3	-999.9
Sikasso	2022	10	7	280	21.0	30.3	21.2	-999.9	0.0	1.3	96863.3	-999.9
Sikasso	2022	10	8	281	21.5	29.8	20.5	-999.9	0.0	1.5	96863.8	-999.9
Sikasso	2022	10	9	282	22.3	31.6	22.7	-999.9	0.0	1.2	96926.3	-999.9
Sikasso	2022	10	10	283	21.9	32.0	22.4	-999.9	3.6	1.1	96954.0	-999.9
Sikasso	2022	10	11	284	22.2	30.9	21.8	-999.9	0.0	1.6	96927.9	-999.9
Sikasso	2022	10	12	285	20.9	31.2	22.2	-999.9	0.0	1.3	96876.6	-999.9
Sikasso	2022	10	13	286	22.4	32.6	22.6	-999.9	2.3	1.3	96821.7	-999.9
Sikasso	2022	10	14	287	22.5	31.9	21.8	-999.9	4.7	1.3	96813.6	-999.9
Sikasso	2022	10	15	288	20.9	28.3	13.4	-999.9	2.3	1.9	96879.0	-999.9
Sikasso	2022	10	16	289	20.6	30.2	22.5	-999.9	0.0	1.3	96889.0	-999.9
Sikasso	2022	10	17	290	20.8	32.3	21.9	-999.9	0.0	1.2	96941.7	-999.9
Sikasso	2022	10	18	291	20.7	32.4	22.3	-999.9	0.0	1.5	96989.8	-999.9
Sikasso	2022	10	19	292	20.6	32.0	22.5	-999.9	0.0	1.2	96897.2	-999.9
Sikasso	2022	10	20	293	22.1	31.6	21.3	-999.9	0.0	1.5	96805.5	-999.9
Sikasso	2022	10	21	294	21.7	31.7	21.2	-999.9	2.2	1.1	96785.2	-999.9
Sikasso	2022	10	22	295	22.2	31.5	20.4	-999.9	4.4	1.2	96883.3	-999.9
Sikasso	2022	10	23	296	21.6	31.7	19.9	-999.9	0.0	1.1	96971.6	-999.9
Sikasso	2022	10	24	297	21.6	33.0	20.8	-999.9	0.0	1.1	96934.1	-999.9
Sikasso	2022	10	25	298	21.7	34.5	22.5	-999.9	0.0	1.5	96788.1	-999.9
Sikasso	2022	10	26	299	21.0	33.0	19.2	-999.9	0.0	1.7	96740.3	-999.9
Sikasso	2022	10	27	300	22.9	33.5	20.7	-999.9	0.0	1.8	96851.2	-999.9
Sikasso	2022	10	28	301	21.4	33.8	21.6	-999.9	0.0	1.3	96848.2	-999.9
Sikasso	2022	10	29	302	19.9	32.8	21.9	-999.9	0.0	0.9	96792.6	-999.9
Sikasso	2022	10	30	303	19.6	33.1	22.8	-999.9	0.0	1.5	96716.1	-999.9
Sikasso	2022	10	31	304	18.9	33.6	21.9	-999.9	0.0	1.6	96776.4	-999.9
Sikasso	2022	11	1	305	20.0	33.6	21.6	-999.9	0.0	1.9	96907.6	-999.9
Sikasso	2022	11	2	306	20.1	33.3	21.8	-999.9	0.0	2.0	96959.9	-999.9
Sikasso	2022	11	3	307	20.8	33.1	20.8	-999.9	0.0	2.0	96922.6	-999.9
Sikasso	2022	11	4	308	19.8	33.4	21.9	-999.9	0.0	1.9	96851.3	-999.9
Sikasso	2022	11	5	309	18.8	33.9	22.3	-999.9	0.0	1.6	96806.2	-999.9
Sikasso	2022	11	6	310	21.2	33.2	19.5	-999.9	0.0	1.6	96890.8	-999.9
Sikasso	2022	11	7	311	20.0	33.9	22.2	-999.9	0.0	1.9	96950.8	-999.9
Sikasso	2022	11	8	312	18.6	33.3	22.6	-999.9	0.0	2.0	96933.9	-999.9
Sikasso	2022	11	9	313	20.1	33.6	22.4	-999.9	0.0	1.3	96927.7	-999.9
Sikasso	2022	11	10	314	19.7	33.6	22.2	-999.9	0.0	1.6	96791.5	-999.9
Sikasso	2022	11	11	315	19.0	33.2	22.0	-999.9	0.0	1.1	96761.6	-999.9
Sikasso	2022	11	12	316	19.6	33.3	21.2	-999.9	0.0	1.2	96798.3	-999.9
Sikasso	2022	11	13	317	21.9	31.7	18.4	-999.9	0.0	1.4	96925.1	-999.9
Sikasso	2022	11	14	318	21.2	32.0	19.0	-999.9	3.4	1.0	96965.3	-999.9
Sikasso	2022	11	15	319	21.4	33.1	20.7	-999.9	0.0	1.6	96987.7	-999.9
Sikasso	2022	11	16	320	18.9	32.7	21.7	-999.9	0.0	2.2	96956.8	-999.9
Sikasso	2022	11	17	321	16.7	31.8	21.8	-999.9	0.0	2.2	96897.9	-999.9
Sikasso	2022	11	18	322	16.4	32.0	21.5	-999.9	2.4	1.7	96819.7	-999.9
Sikasso	2022	11	19	323	16.4	31.9	21.5	-999.9	0.0	2.0	96902.5	-999.9
Sikasso	2022	11	20	324	17.6	32.7	21.3	-999.9	0.0	1.4	96874.8	-999.9
Sikasso	2022	11	21	325	18.9	32.7	20.2	-999.9	0.0	2.3	96924.6	-999.9
Sikasso	2022	11	22	326	17.1	31.8	21.5	-999.9	0.0	2.2	96863.8	-999.9
Sikasso	2022	11	23	327	16.7	32.7	21.3	-999.9	0.0	1.9	96759.7	-999.9
Sikasso	2022	11	24	328	16.4	33.4	21.5	-999.9	0.0	2.0	96746.0	-999.9
Sikasso	2022	11	25	329	16.3	33.2	21.4	-999.9	0.0	1.8	96838.1	-999.9
Sikasso	2022	11	26	330	17.1	33.0	21.4	-999.9	0.0	1.5	96813.0	-999.9
Sikasso	2022	11	27	331	18.4	32.8	20.6	-999.9	0.0	1.3	96650.3	-999.9
Sikasso	2022	11	28	332	17.6	32.7	20.0	-999.9	0.0	1.2	96499.8	-999.9
Sikasso	2022	11	29	333	17.0	32.5	20.5	-999.9	0.0	1.5	96487.7	-999.9
Sikasso	2022	11	30	334	18.8	33.2	20.0	-999.9	0.0	1.6	96529.1	-999.9
Sikasso	2022	12	1	335	19.5	32.9	20.5	-999.9	0.0	1.1	96600.7	-999.9
Sikasso	2022	12	2	336	22.1	32.4	18.4	-999.9	0.0	1.4	96565.6	-999.9
Sikasso	2022	12	3	337	21.3	29.6	15.0	-999.9	0.4	1.7	96547.9	-999.9
Sikasso	2022	12	4	338	20.5	31.6	19.1	-999.9	0.0	0.7	96688.0	-999.9
Sikasso	2022	12	5	339	21.1	32.7	19.4	-999.9	0.4	1.4	96877.8	-999.9
Sikasso	2022	12	6	340	19.9	33.5	20.3	-999.9	0.0	2.1	96863.1	-999.9
Sikasso	2022	12	7	341	18.8	33.2	20.3	-999.9	0.0	2.0	96754.1	-999.9
Sikasso	2022	12	8	342	17.4	33.3	20.7	-999.9	0.0	2.0	96732.0	-999.9
Sikasso	2022	12	9	343	16.7	32.7	20.5	-999.9	0.0	2.0	96895.0	-999.9
Sikasso	2022	12	10	344	16.5	32.8	20.6	-999.9	0.0	2.1	96964.9	-999.9
Sikasso	2022	12	11	345	16.2	32.3	20.7	-999.9	0.0	2.1	96897.0	-999.9
Sikasso	2022	12	12	346	15.6	32.2	20.8	-999.9	0.0	2.2	96872.0	-999.9
Sikasso	2022	12	13	347	15.4	32.1	20.7	-999.9	0.0	2.1	96915.7	-999.9
Sikasso	2022	12	14	348	15.7	32.7	20.6	-999.9	0.0	2.0	96858.7	-999.9
Sikasso	2022	12	15	349	15.9	33.3	20.7	-999.9	0.0	2.0	96767.7	-999.9
Sikasso	2022	12	16	350	15.3	33.1	20.7	-999.9	0.0	2.2	96673.7	-999.9
Sikasso	2022	12	17	351	15.1	33.1	20.8	-999.9	0.0	2.0	96673.0	-999.9
Sikasso	2022	12	18	352	15.7	33.7	20.5	-999.9	0.0	2.3	96828.6	-999.9
Sikasso	2022	12	19	353	17.2	32.9	20.3	-999.9	0.0	2.3	96868.2	-999.9
Sikasso	2022	12	20	354	17.1	31.9	19.4	-999.9	0.2	2.1	96861.1	-999.9
Sikasso	2022	12	21	355	18.1	30.0	14.4	-999.9	0.2	2.2	96959.9	-999.9
Sikasso	2022	12	22	356	16.1	29.9	19.7	-999.9	0.0	2.3	97063.8	-999.9
Sikasso	2022	12	23	357	15.8	30.3	20.2	-999.9	0.0	2.1	97040.1	-999.9
Sikasso	2022	12	24	358	15.5	29.6	20.3	-999.9	0.0	2.2	97072.1	-999.9
Sikasso	2022	12	25	359	14.1	29.7	20.5	-999.9	0.0	2.1	97066.5	-999.9
Sikasso	2022	12	26	360	14.8	30.5	20.4	-999.9	0.0	1.9	97011.6	-999.9
Sikasso	2022	12	27	361	16.1	31.8	20.5	-999.9	0.0	2.0	97016.9	-999.9
Sikasso	2022	12	28	362	17.7	32.1	20.4	-999.9	0.0	2.2	96983.6	-999.9
Sikasso	2022	12	29	363	16.9	32.1	20.5	-999.9	0.0	2.3	96995.7	-999.9
Sikasso	2022	12	30	364	17.8	31.1	20.6	-999.9	0.0	2.5	97107.3	-999.9
Sikasso	2022	12	31	365	16.2	30.6	20.4	-999.9	0.0	2.4	97065.4	-999.9
