Sikasso	2010	1	1	1	16.7	33.1	20.7	-999.9	0.0	2.0	96867.6	-999.9
Sikasso	2010	1	2	2	15.8	33.3	20.7	-999.9	0.0	2.1	96923.3	-999.9
Sikasso	2010	1	3	3	16.6	32.7	20.9	-999.9	0.0	2.2	96958.2	-999.9
Sikasso	2010	1	4	4	15.5	32.5	21.0	-999.9	0.0	2.1	96890.5	-999.9
Sikasso	2010	1	5	5	15.5	33.0	21.1	-999.9	0.0	1.6	96818.2	-999.9
Sikasso	2010	1	6	6	14.8	33.0	21.0	-999.9	0.0	1.0	96778.6	-999.9
Sikasso	2010	1	7	7	16.1	33.6	20.8	-999.9	0.0	1.6	96808.7	-999.9
Sikasso	2010	1	8	8	15.6	33.7	20.7	-999.9	0.0	2.0	96799.9	-999.9
Sikasso	2010	1	9	9	15.9	33.2	20.6	-999.9	0.0	2.1	96774.8	-999.9
Sikasso	2010	1	10	10	14.6	33.1	21.3	-999.9	0.0	2.2	96799.8	-999.9
Sikasso	2010	1	11	11	15.4	33.1	21.4	-999.9	0.0	2.1	96915.3	-999.9
Sikasso	2010	1	12	12	16.0	33.3	21.2	-999.9	0.0	2.3	96945.6	-999.9
Sikasso	2010	1	13	13	15.2	33.1	20.4	-999.9	0.0	2.2	96932.5	-999.9
Sikasso	2010	1	14	14	15.1	33.7	21.3	-999.9	0.0	2.1	96956.1	-999.9
Sikasso	2010	1	15	15	15.3	34.1	21.4	-999.9	0.0	2.1	97015.9	-999.9
Sikasso	2010	1	16	16	15.7	34.3	21.7	-999.9	0.0	2.2	97067.5	-999.9
Sikasso	2010	1	17	17	16.5	33.6	21.7	-999.9	0.0	2.3	97109.5	-999.9
Sikasso	2010	1	18	18	16.1	33.5	21.8	-999.9	0.0	2.4	97059.7	-999.9
Sikasso	2010	1	19	19	17.0	33.0	21.8	-999.9	0.0	2.4	97077.0	-999.9
Sikasso	2010	1	20	20	15.9	32.2	22.1	-999.9	0.0	2.4	96997.1	-999.9
Sikasso	2010	1	21	21	15.5	33.3	22.0	-999.9	0.0	2.1	97002.8	-999.9
Sikasso	2010	1	22	22	16.9	33.9	21.1	-999.9	0.0	2.2	96942.1	-999.9
Sikasso	2010	1	23	23	16.7	34.2	21.7	-999.9	0.0	2.1	96805.2	-999.9
Sikasso	2010	1	24	24	17.5	34.6	21.4	-999.9	0.0	2.1	96707.7	-999.9
Sikasso	2010	1	25	25	18.4	34.9	20.7	-999.9	0.0	1.8	96653.5	-999.9
Sikasso	2010	1	26	26	18.8	35.0	20.5	-999.9	0.4	1.7	96623.6	-999.9
Sikasso	2010	1	27	27	19.2	35.7	21.4	-999.9	0.0	1.8	96659.6	-999.9
Sikasso	2010	1	28	28	18.8	35.4	20.3	-999.9	0.4	1.5	96733.6	-999.9
Sikasso	2010	1	29	29	19.5	35.5	21.5	-999.9	0.0	2.2	96758.0	-999.9
Sikasso	2010	1	30	30	18.6	35.3	22.0	-999.9	0.0	2.4	96769.1	-999.9
Sikasso	2010	1	31	31	19.4	35.8	21.9	-999.9	0.0	2.7	96812.9	-999.9
Sikasso	2010	2	1	32	19.5	34.2	22.4	-999.9	0.0	2.7	96982.5	-999.9
Sikasso	2010	2	2	33	18.9	35.3	22.4	-999.9	0.0	2.7	97024.9	-999.9
Sikasso	2010	2	3	34	19.3	36.6	22.4	-999.9	0.0	2.2	96824.1	-999.9
Sikasso	2010	2	4	35	19.9	36.9	22.4	-999.9	0.0	2.4	96822.8	-999.9
Sikasso	2010	2	5	36	20.8	36.5	22.2	-999.9	0.0	2.8	96872.8	-999.9
Sikasso	2010	2	6	37	20.4	34.5	22.7	-999.9	0.0	3.0	96827.4	-999.9
Sikasso	2010	2	7	38	17.9	33.8	22.2	-999.9	0.0	2.3	96766.4	-999.9
Sikasso	2010	2	8	39	17.9	34.0	22.3	-999.9	0.0	2.1	96698.2	-999.9
Sikasso	2010	2	9	40	18.3	35.3	22.8	-999.9	0.0	1.7	96591.0	-999.9
Sikasso	2010	2	10	41	18.4	35.4	22.8	-999.9	0.0	1.4	96575.5	-999.9
Sikasso	2010	2	11	42	19.6	35.5	22.6	-999.9	0.0	1.8	96514.5	-999.9
Sikasso	2010	2	12	43	17.9	35.5	22.4	-999.9	0.0	1.4	96522.4	-999.9
Sikasso	2010	2	13	44	24.1	34.1	17.7	-999.9	6.6	1.9	96698.3	-999.9
Sikasso	2010	2	14	45	22.8	35.3	19.6	-999.9	0.0	1.3	96660.4	-999.9
Sikasso	2010	2	15	46	24.5	35.5	20.2	-999.9	0.0	1.7	96652.0	-999.9
Sikasso	2010	2	16	47	22.6	36.1	21.2	-999.9	0.0	1.4	96673.9	-999.9
Sikasso	2010	2	17	48	21.6	36.9	22.5	-999.9	0.0	1.3	96687.1	-999.9
Sikasso	2010	2	18	49	25.3	37.1	21.4	-999.9	0.0	1.6	96779.1	-999.9
Sikasso	2010	2	19	50	26.2	37.6	21.1	-999.9	0.0	1.7	96760.0	-999.9
Sikasso	2010	2	20	51	25.2	38.3	22.6	-999.9	0.0	1.5	96685.4	-999.9
Sikasso	2010	2	21	52	22.2	38.3	23.2	-999.9	0.0	1.8	96609.4	-999.9
Sikasso	2010	2	22	53	21.1	39.1	23.4	-999.9	0.0	2.1	96522.9	-999.9
Sikasso	2010	2	23	54	22.1	38.4	22.6	-999.9	0.0	1.9	96619.4	-999.9
Sikasso	2010	2	24	55	22.0	38.8	21.8	-999.9	0.0	2.0	96618.1	-999.9
Sikasso	2010	2	25	56	20.8	39.3	24.0	-999.9	0.0	2.0	96510.6	-999.9
Sikasso	2010	2	26	57	22.9	37.6	23.1	-999.9	0.0	1.6	96522.2	-999.9
Sikasso	2010	2	27	58	26.3	37.8	21.0	-999.9	0.0	1.9	96599.1	-999.9
Sikasso	2010	2	28	59	25.5	38.7	20.5	-999.9	0.0	1.9	96624.6	-999.9
Sikasso	2010	3	1	60	25.2	38.1	22.6	-999.9	0.0	1.9	96674.0	-999.9
Sikasso	2010	3	2	61	26.4	36.8	20.5	-999.9	0.0	1.7	96773.3	-999.9
Sikasso	2010	3	3	62	24.4	38.4	23.4	-999.9	0.0	1.7	96709.0	-999.9
Sikasso	2010	3	4	63	23.8	38.0	23.8	-999.9	0.0	1.6	96630.9	-999.9
Sikasso	2010	3	5	64	24.2	37.6	23.4	-999.9	0.0	1.5	96562.4	-999.9
Sikasso	2010	3	6	65	26.5	37.5	21.8	-999.9	1.8	1.9	96519.9	-999.9
Sikasso	2010	3	7	66	26.6	36.6	20.0	-999.9	0.0	1.6	96592.6	-999.9
Sikasso	2010	3	8	67	27.5	37.5	22.1	-999.9	0.0	1.7	96567.9	-999.9
Sikasso	2010	3	9	68	27.0	37.9	23.8	-999.9	1.8	1.9	96581.2	-999.9
Sikasso	2010	3	10	69	24.3	37.3	22.8	-999.9	0.0	1.3	96580.8	-999.9
Sikasso	2010	3	11	70	26.8	37.9	23.4	-999.9	0.0	1.1	96639.8	-999.9
Sikasso	2010	3	12	71	26.5	36.3	17.1	-999.9	0.0	1.3	96730.4	-999.9
Sikasso	2010	3	13	72	23.7	38.6	23.2	-999.9	0.0	1.6	96690.6	-999.9
Sikasso	2010	3	14	73	22.6	38.2	24.8	-999.9	0.0	1.5	96574.5	-999.9
Sikasso	2010	3	15	74	25.4	38.3	23.7	-999.9	0.0	1.8	96538.1	-999.9
Sikasso	2010	3	16	75	23.9	38.7	25.0	-999.9	0.0	1.8	96621.6	-999.9
Sikasso	2010	3	17	76	23.3	37.2	23.8	-999.9	0.9	1.7	96791.6	-999.9
Sikasso	2010	3	18	77	22.3	37.1	24.0	-999.9	0.0	1.4	96849.6	-999.9
Sikasso	2010	3	19	78	23.9	39.1	25.1	-999.9	0.0	1.9	96724.2	-999.9
Sikasso	2010	3	20	79	25.9	37.4	21.4	-999.9	0.0	2.2	96695.9	-999.9
Sikasso	2010	3	21	80	23.3	37.5	24.6	-999.9	0.0	1.8	96791.6	-999.9
Sikasso	2010	3	22	81	23.4	37.1	25.7	-999.9	0.0	2.4	96700.1	-999.9
Sikasso	2010	3	23	82	22.6	37.3	26.1	-999.9	0.0	2.1	96558.5	-999.9
Sikasso	2010	3	24	83	20.6	37.1	26.2	-999.9	0.0	2.0	96432.5	-999.9
Sikasso	2010	3	25	84	22.6	37.2	25.3	-999.9	0.0	1.7	96515.5	-999.9
Sikasso	2010	3	26	85	22.0	37.7	25.2	-999.9	0.0	1.7	96735.6	-999.9
Sikasso	2010	3	27	86	23.0	38.6	26.4	-999.9	0.0	2.2	96722.4	-999.9
Sikasso	2010	3	28	87	22.0	38.3	26.4	-999.9	0.0	2.1	96722.4	-999.9
Sikasso	2010	3	29	88	21.9	38.0	26.0	-999.9	0.0	1.9	96673.9	-999.9
Sikasso	2010	3	30	89	22.1	38.4	26.3	-999.9	0.0	2.0	96652.2	-999.9
Sikasso	2010	3	31	90	22.1	38.0	25.3	-999.9	0.0	1.7	96579.0	-999.9
Sikasso	2010	4	1	91	23.6	38.6	26.0	-999.9	0.0	1.7	96497.9	-999.9
Sikasso	2010	4	2	92	23.8	39.3	25.6	-999.9	0.0	1.8	96417.7	-999.9
Sikasso	2010	4	3	93	24.7	38.8	24.4	-999.9	0.0	2.1	96391.3	-999.9
Sikasso	2010	4	4	94	27.1	38.2	23.8	-999.9	0.0	2.0	96423.8	-999.9
Sikasso	2010	4	5	95	25.2	38.8	23.1	-999.9	6.7	2.2	96521.9	-999.9
Sikasso	2010	4	6	96	24.3	36.8	24.6	-999.9	9.8	2.2	96536.9	-999.9
Sikasso	2010	4	7	97	25.3	37.8	24.0	-999.9	0.0	2.0	96379.3	-999.9
Sikasso	2010	4	8	98	26.4	38.6	24.6	-999.9	0.0	2.1	96422.3	-999.9
Sikasso	2010	4	9	99	27.5	37.9	22.2	-999.9	0.0	2.1	96493.0	-999.9
Sikasso	2010	4	10	100	26.6	36.1	21.9	-999.9	0.0	2.2	96562.6	-999.9
Sikasso	2010	4	11	101	24.9	37.6	24.2	-999.9	0.0	2.1	96407.3	-999.9
Sikasso	2010	4	12	102	27.2	37.3	22.4	-999.9	0.0	2.1	96378.9	-999.9
Sikasso	2010	4	13	103	27.0	37.4	22.0	-999.9	0.0	2.2	96438.3	-999.9
Sikasso	2010	4	14	104	26.0	32.5	11.1	-999.9	5.9	2.0	96611.0	-999.9
Sikasso	2010	4	15	105	26.0	38.0	23.8	-999.9	0.0	1.8	96517.8	-999.9
Sikasso	2010	4	16	106	26.7	35.7	21.1	-999.9	2.1	2.2	96614.7	-999.9
Sikasso	2010	4	17	107	26.0	37.1	24.8	-999.9	0.0	2.1	96653.2	-999.9
Sikasso	2010	4	18	108	26.5	37.3	23.9	-999.9	0.0	2.0	96637.3	-999.9
Sikasso	2010	4	19	109	27.9	38.6	24.2	-999.9	4.3	1.9	96596.7	-999.9
Sikasso	2010	4	20	110	25.9	37.4	24.0	-999.9	2.1	2.3	96608.8	-999.9
Sikasso	2010	4	21	111	27.1	38.2	23.2	-999.9	4.1	2.3	96572.8	-999.9
Sikasso	2010	4	22	112	27.6	37.7	23.8	-999.9	0.0	2.4	96589.3	-999.9
Sikasso	2010	4	23	113	27.3	31.4	14.0	-999.9	4.1	2.2	96763.2	-999.9
Sikasso	2010	4	24	114	26.0	34.3	22.3	-999.9	0.0	1.6	96754.3	-999.9
Sikasso	2010	4	25	115	23.9	36.1	24.5	-999.9	4.1	1.9	96688.7	-999.9
Sikasso	2010	4	26	116	26.4	36.3	22.3	-999.9	0.0	2.1	96552.4	-999.9
Sikasso	2010	4	27	117	25.2	35.0	21.5	-999.9	21.0	2.0	96658.7	-999.9
Sikasso	2010	4	28	118	25.9	35.4	23.1	-999.9	7.0	2.0	96685.9	-999.9
Sikasso	2010	4	29	119	25.9	36.9	23.9	-999.9	14.0	1.8	96661.1	-999.9
Sikasso	2010	4	30	120	23.8	32.4	19.4	-999.9	7.0	1.6	96707.9	-999.9
Sikasso	2010	5	1	121	25.2	35.2	24.1	-999.9	0.0	1.8	96723.2	-999.9
Sikasso	2010	5	2	122	23.5	30.6	13.4	-999.9	14.8	1.7	96843.6	-999.9
Sikasso	2010	5	3	123	24.2	32.8	21.1	-999.9	4.9	2.2	96786.4	-999.9
Sikasso	2010	5	4	124	24.9	34.3	24.2	-999.9	4.9	2.3	96596.1	-999.9
Sikasso	2010	5	5	125	25.8	35.3	24.5	-999.9	0.0	2.2	96496.5	-999.9
Sikasso	2010	5	6	126	24.6	32.2	18.1	-999.9	8.1	2.6	96649.9	-999.9
Sikasso	2010	5	7	127	24.5	34.1	24.7	-999.9	8.1	2.0	96693.0	-999.9
Sikasso	2010	5	8	128	23.6	32.3	19.5	-999.9	8.1	1.6	96750.7	-999.9
Sikasso	2010	5	9	129	24.1	35.1	24.9	-999.9	0.0	1.5	96695.1	-999.9
Sikasso	2010	5	10	130	26.3	35.2	22.5	-999.9	0.0	2.0	96667.1	-999.9
Sikasso	2010	5	11	131	25.1	35.5	25.0	-999.9	0.0	2.0	96642.4	-999.9
Sikasso	2010	5	12	132	25.4	35.4	23.5	-999.9	11.4	1.9	96700.5	-999.9
Sikasso	2010	5	13	133	24.7	35.3	24.9	-999.9	0.0	2.1	96700.2	-999.9
Sikasso	2010	5	14	134	26.2	36.0	25.0	-999.9	0.0	1.9	96760.0	-999.9
Sikasso	2010	5	15	135	24.8	35.2	21.9	-999.9	22.9	1.9	96724.4	-999.9
Sikasso	2010	5	16	136	25.7	33.6	23.0	-999.9	0.0	1.9	96740.6	-999.9
Sikasso	2010	5	17	137	26.3	34.8	22.2	-999.9	5.7	1.8	96724.7	-999.9
Sikasso	2010	5	18	138	25.9	34.9	23.0	-999.9	2.8	2.1	96623.9	-999.9
Sikasso	2010	5	19	139	25.7	35.3	24.5	-999.9	0.0	2.1	96497.3	-999.9
Sikasso	2010	5	20	140	24.1	33.3	21.4	-999.9	5.7	2.0	96649.5	-999.9
Sikasso	2010	5	21	141	24.3	32.7	22.2	-999.9	0.0	1.7	96800.8	-999.9
Sikasso	2010	5	22	142	23.8	32.2	22.5	-999.9	0.0	1.8	96782.3	-999.9
Sikasso	2010	5	23	143	24.7	34.2	24.0	-999.9	0.0	1.8	96677.6	-999.9
Sikasso	2010	5	24	144	25.5	33.2	21.3	-999.9	18.8	1.9	96710.2	-999.9
Sikasso	2010	5	25	145	23.3	34.3	23.1	-999.9	0.0	1.9	96709.8	-999.9
Sikasso	2010	5	26	146	26.7	35.5	23.0	-999.9	0.0	2.4	96605.6	-999.9
Sikasso	2010	5	27	147	26.1	35.4	22.9	-999.9	0.0	2.6	96579.7	-999.9
Sikasso	2010	5	28	148	26.3	34.7	23.0	-999.9	0.0	2.4	96705.7	-999.9
Sikasso	2010	5	29	149	24.5	34.4	23.8	-999.9	8.0	2.1	96815.4	-999.9
Sikasso	2010	5	30	150	24.4	33.1	22.2	-999.9	8.0	1.6	96870.2	-999.9
Sikasso	2010	5	31	151	25.6	34.5	24.3	-999.9	0.0	2.0	96826.4	-999.9
Sikasso	2010	6	1	152	25.7	33.0	20.0	-999.9	13.8	1.7	96920.3	-999.9
Sikasso	2010	6	2	153	25.8	32.1	18.9	-999.9	0.0	1.9	96949.7	-999.9
Sikasso	2010	6	3	154	24.7	33.5	24.5	-999.9	0.0	1.9	96961.9	-999.9
Sikasso	2010	6	4	155	24.5	31.9	19.8	-999.9	13.8	1.7	96991.0	-999.9
Sikasso	2010	6	5	156	23.1	31.6	20.7	-999.9	0.0	1.9	97078.1	-999.9
Sikasso	2010	6	6	157	23.9	33.4	24.1	-999.9	0.0	1.6	97054.7	-999.9
Sikasso	2010	6	7	158	24.5	33.4	21.8	-999.9	23.5	2.1	96911.6	-999.9
Sikasso	2010	6	8	159	23.1	31.4	18.3	-999.9	15.7	2.3	96891.0	-999.9
Sikasso	2010	6	9	160	22.6	31.3	19.9	-999.9	0.0	2.6	96897.8	-999.9
Sikasso	2010	6	10	161	23.6	29.7	17.2	-999.9	23.5	1.6	97011.8	-999.9
Sikasso	2010	6	11	162	23.0	30.7	19.1	-999.9	0.0	1.1	97119.2	-999.9
Sikasso	2010	6	12	163	22.9	31.7	23.2	-999.9	0.0	1.3	96992.1	-999.9
Sikasso	2010	6	13	164	24.8	34.4	22.3	-999.9	18.7	2.2	96802.0	-999.9
Sikasso	2010	6	14	165	23.7	31.9	20.4	-999.9	9.3	2.7	96865.2	-999.9
Sikasso	2010	6	15	166	22.6	30.3	15.8	-999.9	0.0	2.2	97027.5	-999.9
Sikasso	2010	6	16	167	22.8	31.3	22.4	-999.9	0.0	1.9	96996.9	-999.9
Sikasso	2010	6	17	168	23.9	31.1	19.1	-999.9	23.9	1.8	96966.0	-999.9
Sikasso	2010	6	18	169	23.7	32.1	21.6	-999.9	0.0	1.7	96811.2	-999.9
Sikasso	2010	6	19	170	23.6	31.9	22.1	-999.9	8.0	2.0	96739.6	-999.9
Sikasso	2010	6	20	171	24.4	32.8	23.8	-999.9	0.0	1.9	96741.6	-999.9
Sikasso	2010	6	21	172	24.7	33.0	23.4	-999.9	9.2	1.9	96804.1	-999.9
Sikasso	2010	6	22	173	23.3	31.9	21.7	-999.9	27.6	1.2	96826.2	-999.9
Sikasso	2010	6	23	174	24.1	31.4	21.8	-999.9	0.0	1.8	96792.5	-999.9
Sikasso	2010	6	24	175	23.2	32.0	20.6	-999.9	0.0	2.9	96820.9	-999.9
Sikasso	2010	6	25	176	22.5	30.3	17.5	-999.9	27.6	3.0	96823.7	-999.9
Sikasso	2010	6	26	177	23.8	30.0	19.3	-999.9	0.0	2.0	96828.8	-999.9
Sikasso	2010	6	27	178	22.6	26.7	10.3	-999.9	0.0	1.4	96865.2	-999.9
Sikasso	2010	6	28	179	23.0	30.3	19.9	-999.9	0.0	1.7	96948.9	-999.9
Sikasso	2010	6	29	180	23.4	31.5	19.9	-999.9	0.0	1.5	96941.7	-999.9
Sikasso	2010	6	30	181	24.8	32.4	22.3	-999.9	20.9	1.8	96798.4	-999.9
Sikasso	2010	7	1	182	23.9	31.5	21.6	-999.9	0.0	2.1	96833.1	-999.9
Sikasso	2010	7	2	183	23.0	30.1	18.3	-999.9	0.0	2.1	96905.3	-999.9
Sikasso	2010	7	3	184	22.8	29.9	20.1	-999.9	13.9	1.6	96905.9	-999.9
Sikasso	2010	7	4	185	22.5	31.9	23.8	-999.9	27.7	1.4	96922.1	-999.9
Sikasso	2010	7	5	186	23.4	32.7	21.8	-999.9	13.9	2.2	96830.7	-999.9
Sikasso	2010	7	6	187	23.5	31.2	20.1	-999.9	12.4	2.4	96666.5	-999.9
Sikasso	2010	7	7	188	23.5	30.7	21.0	-999.9	0.0	2.0	96802.1	-999.9
Sikasso	2010	7	8	189	23.0	30.6	21.7	-999.9	0.0	1.5	96945.6	-999.9
Sikasso	2010	7	9	190	24.2	29.8	16.0	-999.9	12.4	1.7	96830.6	-999.9
Sikasso	2010	7	10	191	22.5	30.0	20.1	-999.9	0.0	2.0	96789.0	-999.9
Sikasso	2010	7	11	192	22.7	29.5	17.5	-999.9	17.4	2.3	96883.2	-999.9
Sikasso	2010	7	12	193	22.4	26.7	10.1	-999.9	26.0	1.6	96914.3	-999.9
Sikasso	2010	7	13	194	21.6	29.1	15.9	-999.9	0.0	1.6	96911.3	-999.9
Sikasso	2010	7	14	195	22.4	31.1	22.5	-999.9	17.4	1.5	96888.1	-999.9
Sikasso	2010	7	15	196	22.8	31.0	18.0	-999.9	0.0	2.8	96788.7	-999.9
Sikasso	2010	7	16	197	22.6	29.5	15.3	-999.9	15.8	3.2	96658.4	-999.9
Sikasso	2010	7	17	198	22.7	25.9	8.8	-999.9	5.3	2.3	96809.7	-999.9
Sikasso	2010	7	18	199	22.3	28.8	18.7	-999.9	0.0	1.9	97076.0	-999.9
Sikasso	2010	7	19	200	22.9	29.7	21.6	-999.9	5.3	1.8	97069.6	-999.9
Sikasso	2010	7	20	201	23.2	29.2	17.4	-999.9	5.3	2.7	96946.5	-999.9
Sikasso	2010	7	21	202	22.2	28.4	17.9	-999.9	23.3	2.9	97091.7	-999.9
Sikasso	2010	7	22	203	22.4	29.3	19.1	-999.9	7.8	2.6	97056.1	-999.9
Sikasso	2010	7	23	204	21.7	23.4	6.0	-999.9	7.8	2.6	96938.3	-999.9
Sikasso	2010	7	24	205	21.4	24.8	8.6	-999.9	0.0	2.4	97060.1	-999.9
Sikasso	2010	7	25	206	21.9	28.6	18.7	-999.9	0.0	2.2	97043.2	-999.9
Sikasso	2010	7	26	207	21.8	31.0	23.5	-999.9	0.0	1.9	96815.4	-999.9
Sikasso	2010	7	27	208	22.4	28.3	15.0	-999.9	21.9	1.7	96828.6	-999.9
Sikasso	2010	7	28	209	22.6	29.0	18.9	-999.9	10.9	2.2	97034.4	-999.9
Sikasso	2010	7	29	210	22.3	28.8	18.3	-999.9	32.8	1.6	97028.6	-999.9
Sikasso	2010	7	30	211	22.4	29.3	20.7	-999.9	0.0	1.9	96759.3	-999.9
Sikasso	2010	7	31	212	22.7	29.1	18.4	-999.9	0.0	1.9	96690.9	-999.9
Sikasso	2010	8	1	213	22.1	28.1	16.9	-999.9	0.0	1.9	96804.3	-999.9
Sikasso	2010	8	2	214	22.2	29.4	20.2	-999.9	0.0	1.2	96906.2	-999.9
Sikasso	2010	8	3	215	22.4	30.1	20.7	-999.9	21.8	1.5	96865.2	-999.9
Sikasso	2010	8	4	216	23.0	28.2	14.8	-999.9	10.9	2.2	96837.8	-999.9
Sikasso	2010	8	5	217	22.3	29.6	19.3	-999.9	0.0	2.2	96824.5	-999.9
Sikasso	2010	8	6	218	22.9	27.9	13.8	-999.9	6.8	1.7	96889.9	-999.9
Sikasso	2010	8	7	219	22.4	28.1	13.2	-999.9	0.0	1.6	96972.6	-999.9
Sikasso	2010	8	8	220	22.7	25.5	10.0	-999.9	6.8	2.0	96974.9	-999.9
Sikasso	2010	8	9	221	21.5	25.8	8.8	-999.9	0.0	2.3	97064.7	-999.9
Sikasso	2010	8	10	222	21.4	29.1	19.0	-999.9	6.8	2.2	96947.6	-999.9
Sikasso	2010	8	11	223	22.7	28.8	13.4	-999.9	11.9	1.7	96849.9	-999.9
Sikasso	2010	8	12	224	22.2	26.7	10.3	-999.9	0.0	1.9	96826.4	-999.9
Sikasso	2010	8	13	225	22.3	28.1	16.0	-999.9	0.0	2.4	96915.5	-999.9
Sikasso	2010	8	14	226	22.0	28.0	14.7	-999.9	23.8	1.6	96925.1	-999.9
Sikasso	2010	8	15	227	21.8	27.8	16.2	-999.9	35.7	1.6	96938.8	-999.9
Sikasso	2010	8	16	228	21.9	30.2	22.1	-999.9	0.0	1.2	96992.9	-999.9
Sikasso	2010	8	17	229	22.2	29.2	17.6	-999.9	46.7	1.9	96988.1	-999.9
Sikasso	2010	8	18	230	22.1	28.9	16.6	-999.9	0.0	1.9	96825.1	-999.9
Sikasso	2010	8	19	231	22.5	28.9	20.1	-999.9	0.0	2.1	96829.4	-999.9
Sikasso	2010	8	20	232	23.0	29.4	18.7	-999.9	0.0	1.9	97012.7	-999.9
Sikasso	2010	8	21	233	22.5	27.2	12.1	-999.9	19.1	1.5	97063.0	-999.9
Sikasso	2010	8	22	234	22.1	29.3	18.7	-999.9	0.0	1.9	96976.1	-999.9
Sikasso	2010	8	23	235	23.6	28.1	15.8	-999.9	0.0	1.8	96992.1	-999.9
Sikasso	2010	8	24	236	22.1	29.9	20.6	-999.9	12.7	1.5	97004.0	-999.9
Sikasso	2010	8	25	237	21.6	30.1	21.1	-999.9	0.0	1.3	97022.8	-999.9
Sikasso	2010	8	26	238	21.0	30.9	22.0	-999.9	24.7	1.1	97011.0	-999.9
Sikasso	2010	8	27	239	22.7	29.9	18.5	-999.9	0.0	1.8	96775.1	-999.9
Sikasso	2010	8	28	240	22.8	29.7	18.6	-999.9	0.0	1.4	96717.2	-999.9
Sikasso	2010	8	29	241	21.8	29.1	16.5	-999.9	12.4	1.7	96745.3	-999.9
Sikasso	2010	8	30	242	22.5	29.1	18.7	-999.9	0.0	1.7	96812.5	-999.9
Sikasso	2010	8	31	243	22.8	29.2	17.2	-999.9	12.4	1.9	96739.5	-999.9
Sikasso	2010	9	1	244	22.0	25.9	9.4	-999.9	11.1	1.9	96676.2	-999.9
Sikasso	2010	9	2	245	22.9	28.9	16.9	-999.9	33.3	2.2	96864.9	-999.9
Sikasso	2010	9	3	246	22.2	26.5	10.7	-999.9	44.5	1.4	97023.5	-999.9
Sikasso	2010	9	4	247	22.5	28.0	13.0	-999.9	0.0	1.5	96905.5	-999.9
Sikasso	2010	9	5	248	21.6	30.0	21.6	-999.9	22.2	1.4	96896.0	-999.9
Sikasso	2010	9	6	249	22.2	25.1	8.5	-999.9	17.3	2.3	96950.0	-999.9
Sikasso	2010	9	7	250	21.3	28.2	16.3	-999.9	0.0	2.2	96950.6	-999.9
Sikasso	2010	9	8	251	22.0	28.3	16.2	-999.9	26.0	2.1	96964.1	-999.9
Sikasso	2010	9	9	252	21.9	24.2	6.0	-999.9	34.6	0.9	96982.9	-999.9
Sikasso	2010	9	10	253	21.2	29.0	16.4	-999.9	0.0	2.0	96876.0	-999.9
Sikasso	2010	9	11	254	21.3	29.5	19.9	-999.9	8.1	1.6	96864.3	-999.9
Sikasso	2010	9	12	255	21.8	30.1	21.9	-999.9	0.0	1.1	96889.9	-999.9
Sikasso	2010	9	13	256	22.0	26.5	11.4	-999.9	24.4	1.2	96897.2	-999.9
Sikasso	2010	9	14	257	21.1	28.3	13.9	-999.9	0.0	1.1	96875.7	-999.9
Sikasso	2010	9	15	258	21.5	29.9	22.3	-999.9	8.1	1.4	96802.5	-999.9
Sikasso	2010	9	16	259	21.5	29.9	20.9	-999.9	19.4	0.9	96794.8	-999.9
Sikasso	2010	9	17	260	21.4	29.1	17.1	-999.9	6.5	0.9	96835.1	-999.9
Sikasso	2010	9	18	261	22.3	29.2	17.5	-999.9	12.9	1.5	96848.4	-999.9
Sikasso	2010	9	19	262	22.2	28.4	18.9	-999.9	0.0	1.6	96915.2	-999.9
Sikasso	2010	9	20	263	21.0	29.6	20.8	-999.9	12.9	1.4	96923.1	-999.9
Sikasso	2010	9	21	264	20.7	29.6	20.3	-999.9	0.0	1.1	96738.0	-999.9
Sikasso	2010	9	22	265	21.5	30.4	22.1	-999.9	0.0	1.1	96761.4	-999.9
Sikasso	2010	9	23	266	21.8	29.8	19.3	-999.9	0.0	1.0	96865.4	-999.9
Sikasso	2010	9	24	267	21.9	30.9	21.6	-999.9	0.0	1.2	96865.2	-999.9
Sikasso	2010	9	25	268	22.5	31.0	23.1	-999.9	0.0	1.3	96815.5	-999.9
Sikasso	2010	9	26	269	22.2	30.9	22.3	-999.9	0.0	1.2	96794.2	-999.9
Sikasso	2010	9	27	270	22.4	30.9	22.9	-999.9	0.0	1.1	96782.2	-999.9
Sikasso	2010	9	28	271	21.6	29.6	17.8	-999.9	22.7	1.4	96778.6	-999.9
Sikasso	2010	9	29	272	21.8	28.9	17.9	-999.9	0.0	1.4	96779.7	-999.9
Sikasso	2010	9	30	273	20.6	30.9	21.7	-999.9	0.0	1.2	96821.5	-999.9
Sikasso	2010	10	1	274	23.4	31.2	21.9	-999.9	11.3	1.6	96631.2	-999.9
Sikasso	2010	10	2	275	21.2	29.6	17.0	-999.9	0.0	1.2	96696.4	-999.9
Sikasso	2010	10	3	276	21.8	31.3	21.5	-999.9	5.7	1.1	96782.2	-999.9
Sikasso	2010	10	4	277	22.5	29.9	17.5	-999.9	0.0	1.3	96719.4	-999.9
Sikasso	2010	10	5	278	22.2	29.7	18.9	-999.9	0.0	1.8	96814.0	-999.9
Sikasso	2010	10	6	279	21.2	29.3	18.9	-999.9	0.0	1.6	96888.9	-999.9
Sikasso	2010	10	7	280	21.2	29.0	17.6	-999.9	12.4	1.3	96994.9	-999.9
Sikasso	2010	10	8	281	21.8	26.8	13.1	-999.9	6.2	1.4	97025.6	-999.9
Sikasso	2010	10	9	282	21.2	29.3	18.1	-999.9	6.2	1.3	97025.6	-999.9
Sikasso	2010	10	10	283	22.4	31.7	22.6	-999.9	0.0	1.2	96823.0	-999.9
Sikasso	2010	10	11	284	21.5	30.4	21.3	-999.9	0.0	1.6	96755.3	-999.9
Sikasso	2010	10	12	285	22.7	30.6	20.8	-999.9	7.3	1.3	96857.8	-999.9
Sikasso	2010	10	13	286	22.3	29.4	15.7	-999.9	7.3	1.1	96905.9	-999.9
Sikasso	2010	10	14	287	21.6	29.4	18.6	-999.9	3.7	1.2	96935.0	-999.9
Sikasso	2010	10	15	288	22.1	30.2	19.0	-999.9	7.3	1.3	96878.6	-999.9
Sikasso	2010	10	16	289	21.8	31.3	21.4	-999.9	0.0	1.1	96794.4	-999.9
Sikasso	2010	10	17	290	23.3	32.0	21.8	-999.9	7.8	1.3	96732.0	-999.9
Sikasso	2010	10	18	291	23.8	30.5	19.8	-999.9	0.0	1.8	96696.5	-999.9
Sikasso	2010	10	19	292	22.6	29.4	18.1	-999.9	0.0	1.8	96775.1	-999.9
Sikasso	2010	10	20	293	22.3	30.4	20.8	-999.9	11.8	1.4	96859.8	-999.9
Sikasso	2010	10	21	294	22.3	30.4	21.2	-999.9	0.0	1.3	96874.7	-999.9
Sikasso	2010	10	22	295	22.0	31.4	21.8	-999.9	0.0	1.5	96764.7	-999.9
Sikasso	2010	10	23	296	22.7	30.6	20.1	-999.9	0.0	1.5	96696.8	-999.9
Sikasso	2010	10	24	297	23.6	30.8	20.1	-999.9	4.6	1.4	96646.9	-999.9
Sikasso	2010	10	25	298	22.9	31.3	22.0	-999.9	4.6	1.4	96649.9	-999.9
Sikasso	2010	10	26	299	21.6	29.9	17.5	-999.9	4.4	1.4	96732.7	-999.9
Sikasso	2010	10	27	300	21.6	29.8	20.3	-999.9	4.4	1.8	96749.4	-999.9
Sikasso	2010	10	28	301	21.2	29.4	17.6	-999.9	0.0	1.1	96831.1	-999.9
Sikasso	2010	10	29	302	20.7	30.4	20.6	-999.9	4.4	1.1	96765.8	-999.9
Sikasso	2010	10	30	303	21.7	31.1	20.7	-999.9	0.0	1.1	96776.5	-999.9
Sikasso	2010	10	31	304	22.5	31.7	20.2	-999.9	0.0	1.0	96810.8	-999.9
Sikasso	2010	11	1	305	22.3	31.5	21.0	-999.9	0.0	1.2	96770.7	-999.9
Sikasso	2010	11	2	306	23.1	30.9	19.9	-999.9	0.0	1.3	96720.2	-999.9
Sikasso	2010	11	3	307	22.9	32.2	19.8	-999.9	0.0	1.1	96661.0	-999.9
Sikasso	2010	11	4	308	22.4	32.8	20.9	-999.9	0.0	1.1	96701.8	-999.9
Sikasso	2010	11	5	309	19.9	30.6	19.7	-999.9	0.0	1.5	96766.7	-999.9
Sikasso	2010	11	6	310	20.8	31.2	19.9	-999.9	0.0	1.3	96867.6	-999.9
Sikasso	2010	11	7	311	20.6	30.9	19.5	-999.9	0.0	1.2	96776.2	-999.9
Sikasso	2010	11	8	312	22.3	29.9	16.5	-999.9	0.0	1.1	96753.5	-999.9
Sikasso	2010	11	9	313	20.7	31.9	20.0	-999.9	0.0	1.3	96672.2	-999.9
Sikasso	2010	11	10	314	20.6	32.0	19.8	-999.9	0.0	1.3	96776.0	-999.9
Sikasso	2010	11	11	315	20.9	32.3	21.8	-999.9	0.0	2.3	96982.4	-999.9
Sikasso	2010	11	12	316	18.8	32.9	22.0	-999.9	0.0	2.2	96825.1	-999.9
Sikasso	2010	11	13	317	18.6	32.5	22.0	-999.9	0.0	1.7	96510.7	-999.9
Sikasso	2010	11	14	318	19.0	31.9	20.4	-999.9	0.0	1.4	96564.3	-999.9
Sikasso	2010	11	15	319	22.3	31.0	18.0	-999.9	0.0	1.6	96810.3	-999.9
Sikasso	2010	11	16	320	21.4	32.0	18.7	-999.9	0.0	1.2	96931.3	-999.9
Sikasso	2010	11	17	321	21.7	33.9	20.3	-999.9	0.0	1.2	96714.1	-999.9
Sikasso	2010	11	18	322	20.0	32.9	20.3	-999.9	0.0	1.3	96600.3	-999.9
Sikasso	2010	11	19	323	19.8	32.6	19.7	-999.9	0.0	1.5	96678.9	-999.9
Sikasso	2010	11	20	324	20.4	33.4	20.7	-999.9	0.0	1.7	96747.0	-999.9
Sikasso	2010	11	21	325	19.8	33.6	20.6	-999.9	0.0	1.9	96592.1	-999.9
Sikasso	2010	11	22	326	20.3	33.6	19.6	-999.9	0.0	1.6	96474.5	-999.9
Sikasso	2010	11	23	327	20.9	32.9	19.2	-999.9	0.0	1.7	96542.0	-999.9
Sikasso	2010	11	24	328	18.2	34.3	21.3	-999.9	0.0	2.0	96604.7	-999.9
Sikasso	2010	11	25	329	17.9	33.4	21.4	-999.9	0.0	2.1	96689.7	-999.9
Sikasso	2010	11	26	330	16.7	33.3	21.3	-999.9	0.0	2.2	96671.0	-999.9
Sikasso	2010	11	27	331	16.8	33.6	21.3	-999.9	0.0	2.0	96670.2	-999.9
Sikasso	2010	11	28	332	17.5	33.9	21.1	-999.9	0.0	2.1	96766.3	-999.9
Sikasso	2010	11	29	333	17.9	34.0	21.2	-999.9	0.0	2.2	96742.3	-999.9
Sikasso	2010	11	30	334	18.5	34.3	21.2	-999.9	0.0	2.0	96735.7	-999.9
Sikasso	2010	12	1	335	16.9	33.6	21.2	-999.9	0.0	1.8	96637.3	-999.9
Sikasso	2010	12	2	336	15.8	33.3	21.4	-999.9	0.0	2.0	96585.7	-999.9
Sikasso	2010	12	3	337	16.4	33.1	21.1	-999.9	0.0	1.3	96684.4	-999.9
Sikasso	2010	12	4	338	16.6	33.1	20.8	-999.9	0.0	1.6	96711.1	-999.9
Sikasso	2010	12	5	339	18.5	33.6	20.6	-999.9	0.0	1.7	96781.1	-999.9
Sikasso	2010	12	6	340	17.0	33.3	20.8	-999.9	0.0	1.8	96734.6	-999.9
Sikasso	2010	12	7	341	16.3	32.8	20.9	-999.9	0.0	1.7	96697.1	-999.9
Sikasso	2010	12	8	342	16.8	32.1	20.8	-999.9	0.0	1.9	96710.3	-999.9
Sikasso	2010	12	9	343	17.8	32.0	20.6	-999.9	0.0	2.2	96791.9	-999.9
Sikasso	2010	12	10	344	17.1	32.1	20.7	-999.9	0.0	2.4	96844.7	-999.9
Sikasso	2010	12	11	345	14.8	31.2	20.9	-999.9	0.0	2.1	96738.4	-999.9
Sikasso	2010	12	12	346	12.3	30.8	21.2	-999.9	0.0	1.8	96536.4	-999.9
Sikasso	2010	12	13	347	13.8	31.7	20.8	-999.9	0.0	1.4	96427.1	-999.9
Sikasso	2010	12	14	348	16.4	32.6	20.3	-999.9	0.0	2.0	96621.3	-999.9
Sikasso	2010	12	15	349	17.5	33.0	20.2	-999.9	0.0	2.1	96745.4	-999.9
Sikasso	2010	12	16	350	17.8	33.4	20.0	-999.9	0.0	2.0	96625.9	-999.9
Sikasso	2010	12	17	351	17.2	34.2	20.3	-999.9	0.0	1.8	96525.5	-999.9
Sikasso	2010	12	18	352	17.7	34.2	20.2	-999.9	0.0	1.9	96507.0	-999.9
Sikasso	2010	12	19	353	19.1	34.5	19.8	-999.9	0.0	1.7	96698.9	-999.9
Sikasso	2010	12	20	354	19.4	34.7	20.2	-999.9	0.0	2.0	96829.6	-999.9
Sikasso	2010	12	21	355	17.8	33.9	20.6	-999.9	0.0	2.1	96763.7	-999.9
Sikasso	2010	12	22	356	17.5	33.5	20.6	-999.9	0.0	1.9	96647.3	-999.9
Sikasso	2010	12	23	357	15.8	33.2	20.3	-999.9	0.0	1.5	96602.5	-999.9
Sikasso	2010	12	24	358	17.0	34.1	20.5	-999.9	0.0	2.0	96610.6	-999.9
Sikasso	2010	12	25	359	18.3	33.8	20.7	-999.9	0.0	2.0	96688.5	-999.9
Sikasso	2010	12	26	360	16.1	32.8	20.0	-999.9	0.0	1.7	96707.8	-999.9
Sikasso	2010	12	27	361	17.2	33.4	20.7	-999.9	0.0	1.8	96637.1	-999.9
Sikasso	2010	12	28	362	17.4	32.9	20.6	-999.9	0.0	2.3	96619.5	-999.9
Sikasso	2010	12	29	363	17.6	32.4	20.2	-999.9	0.0	2.3	96658.3	-999.9
Sikasso	2010	12	30	364	18.3	32.1	20.0	-999.9	0.0	2.2	96728.3	-999.9
Sikasso	2010	12	31	365	17.5	30.6	19.9	-999.9	0.4	2.2	96761.2	-999.9
