Sikasso	2008	1	1	1	13.5	30.4	20.7	-999.9	0.0	2.2	96927.2	-999.9
Sikasso	2008	1	2	2	12.3	29.9	20.8	-999.9	0.0	2.2	97032.9	-999.9
Sikasso	2008	1	3	3	13.2	30.6	20.8	-999.9	0.0	2.0	97076.5	-999.9
Sikasso	2008	1	4	4	13.6	31.3	20.6	-999.9	0.0	1.8	97035.6	-999.9
Sikasso	2008	1	5	5	14.4	32.0	20.6	-999.9	0.0	2.0	96999.0	-999.9
Sikasso	2008	1	6	6	13.9	28.8	21.1	-999.9	0.0	2.8	97115.4	-999.9
Sikasso	2008	1	7	7	11.8	26.9	21.4	-999.9	0.0	2.5	97148.0	-999.9
Sikasso	2008	1	8	8	9.9	27.2	21.2	-999.9	0.0	2.1	97038.3	-999.9
Sikasso	2008	1	9	9	9.6	28.3	21.4	-999.9	0.0	2.0	96908.9	-999.9
Sikasso	2008	1	10	10	12.5	30.8	20.9	-999.9	0.0	2.0	96822.0	-999.9
Sikasso	2008	1	11	11	13.6	31.4	20.5	-999.9	0.4	2.0	96777.6	-999.9
Sikasso	2008	1	12	12	15.1	33.1	20.6	-999.9	0.0	2.0	96785.8	-999.9
Sikasso	2008	1	13	13	16.6	33.5	20.4	-999.9	0.0	2.1	96811.7	-999.9
Sikasso	2008	1	14	14	18.2	34.1	19.7	-999.9	0.0	2.0	96825.0	-999.9
Sikasso	2008	1	15	15	18.2	34.8	21.0	-999.9	0.0	2.1	96775.5	-999.9
Sikasso	2008	1	16	16	17.8	33.4	21.1	-999.9	0.0	2.6	96815.4	-999.9
Sikasso	2008	1	17	17	17.3	31.5	21.1	-999.9	0.0	3.0	96898.1	-999.9
Sikasso	2008	1	18	18	15.3	31.3	21.3	-999.9	0.0	2.4	96879.1	-999.9
Sikasso	2008	1	19	19	15.3	31.8	21.3	-999.9	0.0	2.3	96850.2	-999.9
Sikasso	2008	1	20	20	15.8	32.1	21.4	-999.9	0.0	2.5	96873.9	-999.9
Sikasso	2008	1	21	21	15.7	31.3	21.5	-999.9	0.0	2.8	96950.4	-999.9
Sikasso	2008	1	22	22	15.1	30.0	21.7	-999.9	0.0	2.7	97062.2	-999.9
Sikasso	2008	1	23	23	13.6	29.7	22.1	-999.9	0.0	2.3	97010.5	-999.9
Sikasso	2008	1	24	24	13.2	30.1	22.1	-999.9	0.0	2.3	96956.3	-999.9
Sikasso	2008	1	25	25	13.8	30.9	22.1	-999.9	0.0	2.3	96975.6	-999.9
Sikasso	2008	1	26	26	14.4	30.9	22.3	-999.9	0.0	2.6	96974.3	-999.9
Sikasso	2008	1	27	27	14.5	30.6	22.1	-999.9	0.0	2.9	97056.0	-999.9
Sikasso	2008	1	28	28	14.1	29.9	22.4	-999.9	0.0	2.6	97028.3	-999.9
Sikasso	2008	1	29	29	14.0	30.0	22.3	-999.9	0.0	2.5	96916.1	-999.9
Sikasso	2008	1	30	30	14.5	31.2	22.0	-999.9	0.0	2.8	96900.1	-999.9
Sikasso	2008	1	31	31	16.0	32.1	21.9	-999.9	0.0	2.6	96809.6	-999.9
Sikasso	2008	2	1	32	16.6	33.3	22.1	-999.9	0.0	2.4	96807.8	-999.9
Sikasso	2008	2	2	33	16.1	34.1	22.3	-999.9	0.0	2.1	96731.7	-999.9
Sikasso	2008	2	3	34	16.1	34.7	22.6	-999.9	0.0	2.2	96794.7	-999.9
Sikasso	2008	2	4	35	16.8	35.6	22.4	-999.9	0.0	2.2	96859.6	-999.9
Sikasso	2008	2	5	36	18.6	36.1	22.2	-999.9	0.0	2.3	96857.5	-999.9
Sikasso	2008	2	6	37	19.6	36.9	22.4	-999.9	0.0	2.3	96870.0	-999.9
Sikasso	2008	2	7	38	20.5	36.2	22.5	-999.9	0.0	2.4	96808.5	-999.9
Sikasso	2008	2	8	39	19.4	35.5	22.4	-999.9	0.0	2.2	96708.9	-999.9
Sikasso	2008	2	9	40	19.9	34.9	22.5	-999.9	0.0	2.3	96748.5	-999.9
Sikasso	2008	2	10	41	18.9	35.5	22.4	-999.9	0.0	2.2	96824.5	-999.9
Sikasso	2008	2	11	42	20.7	35.6	22.3	-999.9	0.0	2.3	96832.2	-999.9
Sikasso	2008	2	12	43	19.9	35.3	22.7	-999.9	0.0	2.3	96760.4	-999.9
Sikasso	2008	2	13	44	19.9	35.2	22.5	-999.9	0.0	2.5	96768.1	-999.9
Sikasso	2008	2	14	45	18.9	35.2	23.1	-999.9	0.0	2.3	96715.4	-999.9
Sikasso	2008	2	15	46	18.7	35.7	23.2	-999.9	0.0	2.3	96705.7	-999.9
Sikasso	2008	2	16	47	19.2	36.2	23.2	-999.9	0.0	2.5	96751.0	-999.9
Sikasso	2008	2	17	48	20.6	35.4	23.3	-999.9	0.0	3.0	96834.9	-999.9
Sikasso	2008	2	18	49	19.1	34.5	23.6	-999.9	0.0	2.8	96878.3	-999.9
Sikasso	2008	2	19	50	19.4	34.6	23.7	-999.9	0.0	2.8	96851.5	-999.9
Sikasso	2008	2	20	51	18.8	34.3	23.5	-999.9	0.0	2.7	96914.5	-999.9
Sikasso	2008	2	21	52	18.6	34.4	23.6	-999.9	0.0	2.6	96879.8	-999.9
Sikasso	2008	2	22	53	18.3	35.3	23.7	-999.9	0.0	2.2	96889.1	-999.9
Sikasso	2008	2	23	54	19.1	36.6	23.8	-999.9	0.0	2.0	96879.9	-999.9
Sikasso	2008	2	24	55	20.6	38.3	23.9	-999.9	0.0	1.8	96714.0	-999.9
Sikasso	2008	2	25	56	19.4	37.4	23.9	-999.9	0.0	1.9	96656.8	-999.9
Sikasso	2008	2	26	57	21.3	36.4	22.5	-999.9	0.0	1.9	96667.1	-999.9
Sikasso	2008	2	27	58	24.1	36.5	21.1	-999.9	0.0	1.7	96656.9	-999.9
Sikasso	2008	2	28	59	24.0	36.2	21.9	-999.9	0.0	1.3	96680.9	-999.9
Sikasso	2008	2	29	60	21.9	37.3	23.5	-999.9	0.0	1.8	96717.2	-999.9
Sikasso	2008	3	1	61	18.8	37.2	24.4	-999.9	0.0	2.0	96607.0	-999.9
Sikasso	2008	3	2	62	20.3	37.5	24.4	-999.9	0.0	1.8	96520.5	-999.9
Sikasso	2008	3	3	63	20.7	37.2	22.9	-999.9	0.0	1.7	96526.0	-999.9
Sikasso	2008	3	4	64	21.9	37.2	22.4	-999.9	0.0	1.7	96553.3	-999.9
Sikasso	2008	3	5	65	21.4	37.9	24.2	-999.9	0.0	1.9	96424.8	-999.9
Sikasso	2008	3	6	66	20.4	37.2	24.3	-999.9	0.0	2.2	96501.8	-999.9
Sikasso	2008	3	7	67	20.4	36.9	24.8	-999.9	0.0	2.5	96624.0	-999.9
Sikasso	2008	3	8	68	21.4	36.2	25.2	-999.9	0.0	2.2	96687.6	-999.9
Sikasso	2008	3	9	69	19.0	36.2	25.3	-999.9	0.0	1.9	96636.1	-999.9
Sikasso	2008	3	10	70	20.1	37.5	25.1	-999.9	0.0	1.6	96460.3	-999.9
Sikasso	2008	3	11	71	22.0	36.3	22.6	-999.9	0.0	2.3	96522.5	-999.9
Sikasso	2008	3	12	72	24.7	32.1	15.2	-999.9	0.0	2.5	96750.9	-999.9
Sikasso	2008	3	13	73	22.6	34.4	21.4	-999.9	0.0	1.8	96777.3	-999.9
Sikasso	2008	3	14	74	22.4	38.1	24.5	-999.9	0.0	1.9	96624.5	-999.9
Sikasso	2008	3	15	75	21.1	38.3	25.3	-999.9	0.0	2.6	96609.7	-999.9
Sikasso	2008	3	16	76	20.5	37.6	22.9	-999.9	0.0	1.9	96661.8	-999.9
Sikasso	2008	3	17	77	21.0	37.5	25.9	-999.9	0.0	2.3	96622.9	-999.9
Sikasso	2008	3	18	78	19.6	38.0	25.7	-999.9	0.0	2.0	96612.0	-999.9
Sikasso	2008	3	19	79	20.0	37.6	25.2	-999.9	0.0	1.5	96579.8	-999.9
Sikasso	2008	3	20	80	25.2	36.4	21.3	-999.9	0.0	1.9	96610.0	-999.9
Sikasso	2008	3	21	81	25.9	36.6	20.9	-999.9	1.1	1.8	96522.6	-999.9
Sikasso	2008	3	22	82	24.7	36.0	21.0	-999.9	3.3	2.0	96485.7	-999.9
Sikasso	2008	3	23	83	24.7	34.3	20.9	-999.9	0.0	1.4	96569.6	-999.9
Sikasso	2008	3	24	84	23.5	33.1	20.4	-999.9	3.3	1.4	96693.4	-999.9
Sikasso	2008	3	25	85	22.2	33.4	22.4	-999.9	0.0	1.5	96738.2	-999.9
Sikasso	2008	3	26	86	20.4	36.6	25.6	-999.9	0.0	1.7	96559.2	-999.9
Sikasso	2008	3	27	87	21.4	36.9	26.0	-999.9	0.0	2.3	96471.2	-999.9
Sikasso	2008	3	28	88	17.8	36.9	26.0	-999.9	0.0	1.6	96419.9	-999.9
Sikasso	2008	3	29	89	20.7	36.7	25.1	-999.9	0.0	1.7	96426.8	-999.9
Sikasso	2008	3	30	90	21.1	36.3	24.7	-999.9	0.0	1.3	96364.0	-999.9
Sikasso	2008	3	31	91	20.8	37.7	25.4	-999.9	0.0	1.8	96231.4	-999.9
Sikasso	2008	4	1	92	23.5	37.0	23.9	-999.9	0.0	2.0	96215.5	-999.9
Sikasso	2008	4	2	93	25.2	37.8	24.7	-999.9	0.0	2.0	96285.5	-999.9
Sikasso	2008	4	3	94	23.1	37.4	25.0	-999.9	0.0	1.8	96427.2	-999.9
Sikasso	2008	4	4	95	21.5	36.7	25.8	-999.9	0.0	2.1	96587.2	-999.9
Sikasso	2008	4	5	96	20.0	35.3	26.7	-999.9	0.0	2.3	96609.3	-999.9
Sikasso	2008	4	6	97	18.6	35.9	25.7	-999.9	3.1	2.1	96651.5	-999.9
Sikasso	2008	4	7	98	19.9	37.3	26.7	-999.9	0.0	2.3	96681.4	-999.9
Sikasso	2008	4	8	99	21.8	37.9	26.0	-999.9	0.0	2.2	96623.6	-999.9
Sikasso	2008	4	9	100	22.2	37.4	24.7	-999.9	0.0	1.6	96597.2	-999.9
Sikasso	2008	4	10	101	21.2	38.2	26.9	-999.9	0.0	2.1	96442.8	-999.9
Sikasso	2008	4	11	102	23.4	37.1	24.5	-999.9	0.0	2.0	96347.7	-999.9
Sikasso	2008	4	12	103	25.7	36.5	20.9	-999.9	2.7	1.9	96421.0	-999.9
Sikasso	2008	4	13	104	26.9	38.1	21.6	-999.9	0.0	1.8	96351.4	-999.9
Sikasso	2008	4	14	105	26.1	38.7	24.1	-999.9	0.0	1.9	96325.5	-999.9
Sikasso	2008	4	15	106	26.5	37.6	24.1	-999.9	0.0	2.7	96376.4	-999.9
Sikasso	2008	4	16	107	27.1	36.0	21.3	-999.9	3.5	2.4	96574.0	-999.9
Sikasso	2008	4	17	108	23.9	36.2	21.8	-999.9	1.7	2.2	96661.1	-999.9
Sikasso	2008	4	18	109	26.1	37.7	22.6	-999.9	1.7	2.0	96519.6	-999.9
Sikasso	2008	4	19	110	25.5	37.1	23.2	-999.9	0.0	2.7	96592.6	-999.9
Sikasso	2008	4	20	111	26.6	38.8	25.1	-999.9	0.0	2.1	96568.1	-999.9
Sikasso	2008	4	21	112	23.9	37.3	23.8	-999.9	3.3	1.9	96554.1	-999.9
Sikasso	2008	4	22	113	26.4	38.0	24.9	-999.9	0.0	1.9	96372.3	-999.9
Sikasso	2008	4	23	114	26.7	37.6	22.6	-999.9	2.2	2.4	96398.6	-999.9
Sikasso	2008	4	24	115	25.1	36.5	23.4	-999.9	3.3	1.8	96495.6	-999.9
Sikasso	2008	4	25	116	25.3	35.5	23.8	-999.9	0.0	2.1	96508.8	-999.9
Sikasso	2008	4	26	117	24.9	36.8	23.7	-999.9	0.0	1.9	96394.0	-999.9
Sikasso	2008	4	27	118	25.9	34.1	17.0	-999.9	0.0	2.0	96501.7	-999.9
Sikasso	2008	4	28	119	25.1	36.0	23.4	-999.9	0.0	2.2	96474.8	-999.9
Sikasso	2008	4	29	120	24.3	35.9	23.0	-999.9	0.0	1.5	96476.2	-999.9
Sikasso	2008	4	30	121	22.8	32.3	22.8	-999.9	3.3	1.0	96554.9	-999.9
Sikasso	2008	5	1	122	24.0	31.5	17.4	-999.9	0.0	1.3	96581.3	-999.9
Sikasso	2008	5	2	123	24.8	36.2	24.0	-999.9	0.0	1.9	96564.0	-999.9
Sikasso	2008	5	3	124	23.3	37.7	25.5	-999.9	0.0	2.3	96466.1	-999.9
Sikasso	2008	5	4	125	24.6	37.3	24.0	-999.9	2.7	2.1	96487.9	-999.9
Sikasso	2008	5	5	126	26.2	37.2	24.6	-999.9	2.7	2.4	96593.4	-999.9
Sikasso	2008	5	6	127	25.7	35.7	24.7	-999.9	0.0	2.3	96679.4	-999.9
Sikasso	2008	5	7	128	25.9	36.1	24.1	-999.9	0.0	1.7	96652.6	-999.9
Sikasso	2008	5	8	129	27.0	37.1	24.3	-999.9	0.0	2.1	96535.2	-999.9
Sikasso	2008	5	9	130	24.8	35.7	21.7	-999.9	7.6	3.0	96573.3	-999.9
Sikasso	2008	5	10	131	25.2	36.4	23.0	-999.9	0.0	2.3	96637.9	-999.9
Sikasso	2008	5	11	132	24.5	37.0	24.3	-999.9	7.4	1.7	96695.5	-999.9
Sikasso	2008	5	12	133	24.6	32.2	17.0	-999.9	11.1	1.9	96763.4	-999.9
Sikasso	2008	5	13	134	24.3	30.0	15.7	-999.9	0.0	2.2	96830.0	-999.9
Sikasso	2008	5	14	135	24.1	32.3	21.3	-999.9	3.7	1.9	96832.2	-999.9
Sikasso	2008	5	15	136	23.9	35.7	24.5	-999.9	0.0	1.9	96759.7	-999.9
Sikasso	2008	5	16	137	24.6	36.6	24.7	-999.9	0.0	2.3	96686.5	-999.9
Sikasso	2008	5	17	138	25.1	35.9	23.8	-999.9	11.8	2.7	96733.9	-999.9
Sikasso	2008	5	18	139	25.3	33.3	18.5	-999.9	0.0	1.7	96717.8	-999.9
Sikasso	2008	5	19	140	23.2	30.9	19.8	-999.9	0.0	1.7	96669.9	-999.9
Sikasso	2008	5	20	141	23.4	32.9	22.4	-999.9	11.8	1.9	96700.9	-999.9
Sikasso	2008	5	21	142	23.4	31.2	17.3	-999.9	10.1	1.3	96722.2	-999.9
Sikasso	2008	5	22	143	23.9	32.1	24.0	-999.9	0.0	1.9	96637.5	-999.9
Sikasso	2008	5	23	144	24.5	34.4	24.7	-999.9	0.0	2.0	96558.9	-999.9
Sikasso	2008	5	24	145	24.2	34.5	24.4	-999.9	0.0	2.7	96527.8	-999.9
Sikasso	2008	5	25	146	24.2	33.7	23.5	-999.9	6.8	2.7	96627.4	-999.9
Sikasso	2008	5	26	147	23.5	32.8	23.5	-999.9	7.5	2.1	96732.1	-999.9
Sikasso	2008	5	27	148	23.7	34.0	24.1	-999.9	0.0	1.5	96686.7	-999.9
Sikasso	2008	5	28	149	25.9	37.3	23.5	-999.9	0.0	2.6	96453.8	-999.9
Sikasso	2008	5	29	150	24.4	33.1	21.8	-999.9	0.0	3.0	96660.8	-999.9
Sikasso	2008	5	30	151	23.2	33.8	21.6	-999.9	0.0	2.0	96830.8	-999.9
Sikasso	2008	5	31	152	23.9	34.8	25.1	-999.9	0.0	1.4	96793.9	-999.9
Sikasso	2008	6	1	153	25.0	35.8	24.7	-999.9	9.5	1.8	96711.5	-999.9
Sikasso	2008	6	2	154	23.3	34.3	22.9	-999.9	9.5	2.1	96707.6	-999.9
Sikasso	2008	6	3	155	25.2	35.1	23.8	-999.9	0.0	2.0	96750.5	-999.9
Sikasso	2008	6	4	156	24.1	33.1	23.2	-999.9	9.5	1.9	96901.6	-999.9
Sikasso	2008	6	5	157	23.6	35.0	24.5	-999.9	0.0	1.6	96864.0	-999.9
Sikasso	2008	6	6	158	25.3	34.3	22.5	-999.9	3.6	2.1	96778.2	-999.9
Sikasso	2008	6	7	159	24.2	34.3	24.2	-999.9	0.0	2.8	96774.2	-999.9
Sikasso	2008	6	8	160	23.6	33.7	24.1	-999.9	0.0	2.3	96785.4	-999.9
Sikasso	2008	6	9	161	25.1	35.1	24.3	-999.9	3.6	2.0	96729.3	-999.9
Sikasso	2008	6	10	162	25.6	33.7	22.7	-999.9	7.2	1.8	96750.8	-999.9
Sikasso	2008	6	11	163	23.3	31.4	19.8	-999.9	3.9	2.3	96833.8	-999.9
Sikasso	2008	6	12	164	24.3	33.9	24.2	-999.9	7.9	1.8	96804.1	-999.9
Sikasso	2008	6	13	165	23.0	31.8	20.8	-999.9	3.9	1.6	96766.5	-999.9
Sikasso	2008	6	14	166	24.3	33.0	23.3	-999.9	0.0	2.4	96794.8	-999.9
Sikasso	2008	6	15	167	23.7	34.3	24.8	-999.9	0.0	1.7	96823.4	-999.9
Sikasso	2008	6	16	168	25.4	35.9	24.2	-999.9	10.4	2.4	96702.6	-999.9
Sikasso	2008	6	17	169	25.5	34.5	23.5	-999.9	10.4	2.5	96700.0	-999.9
Sikasso	2008	6	18	170	23.0	31.4	19.7	-999.9	0.0	2.5	96845.6	-999.9
Sikasso	2008	6	19	171	23.4	32.8	22.9	-999.9	0.0	2.2	96917.1	-999.9
Sikasso	2008	6	20	172	24.0	34.3	24.5	-999.9	0.0	1.8	96709.5	-999.9
Sikasso	2008	6	21	173	23.4	33.2	21.9	-999.9	3.5	2.4	96598.1	-999.9
Sikasso	2008	6	22	174	25.2	32.3	21.0	-999.9	3.5	2.4	96716.9	-999.9
Sikasso	2008	6	23	175	25.2	33.1	22.3	-999.9	6.9	1.8	96732.6	-999.9
Sikasso	2008	6	24	176	22.8	28.6	13.6	-999.9	13.8	1.7	96827.2	-999.9
Sikasso	2008	6	25	177	22.4	29.3	17.0	-999.9	6.9	2.3	96872.4	-999.9
Sikasso	2008	6	26	178	22.3	25.5	10.0	-999.9	4.5	2.2	97029.4	-999.9
Sikasso	2008	6	27	179	21.1	29.8	21.1	-999.9	0.0	1.1	97018.8	-999.9
Sikasso	2008	6	28	180	22.8	30.3	20.1	-999.9	13.5	1.3	96990.4	-999.9
Sikasso	2008	6	29	181	22.8	26.2	10.2	-999.9	9.0	1.3	97042.1	-999.9
Sikasso	2008	6	30	182	21.9	28.7	19.1	-999.9	4.5	1.7	97054.2	-999.9
Sikasso	2008	7	1	183	21.9	28.1	18.4	-999.9	0.0	1.8	97125.7	-999.9
Sikasso	2008	7	2	184	20.8	30.1	22.8	-999.9	0.0	1.6	97066.4	-999.9
Sikasso	2008	7	3	185	23.1	31.0	22.7	-999.9	0.0	1.5	96943.6	-999.9
Sikasso	2008	7	4	186	21.2	30.5	21.2	-999.9	26.6	1.8	96963.9	-999.9
Sikasso	2008	7	5	187	22.2	28.7	16.4	-999.9	0.0	2.2	97047.2	-999.9
Sikasso	2008	7	6	188	21.5	29.3	19.2	-999.9	6.6	1.9	96973.2	-999.9
Sikasso	2008	7	7	189	21.9	28.8	16.6	-999.9	33.2	1.9	96950.9	-999.9
Sikasso	2008	7	8	190	21.9	29.1	19.1	-999.9	6.6	1.4	96961.0	-999.9
Sikasso	2008	7	9	191	21.8	28.9	18.8	-999.9	6.6	2.2	97030.5	-999.9
Sikasso	2008	7	10	192	21.8	28.7	18.9	-999.9	0.0	2.1	97125.8	-999.9
Sikasso	2008	7	11	193	22.5	29.9	18.7	-999.9	0.0	1.5	97073.6	-999.9
Sikasso	2008	7	12	194	22.7	27.7	14.9	-999.9	18.1	1.7	96888.2	-999.9
Sikasso	2008	7	13	195	21.4	28.7	16.8	-999.9	18.1	1.8	96762.7	-999.9
Sikasso	2008	7	14	196	21.9	30.6	22.2	-999.9	0.0	1.5	96817.4	-999.9
Sikasso	2008	7	15	197	23.8	30.3	19.8	-999.9	18.1	2.2	96809.2	-999.9
Sikasso	2008	7	16	198	22.4	28.1	14.3	-999.9	0.0	2.7	96840.3	-999.9
Sikasso	2008	7	17	199	21.9	28.3	19.0	-999.9	0.0	2.9	96944.1	-999.9
Sikasso	2008	7	18	200	21.6	30.1	22.4	-999.9	0.0	2.1	96981.8	-999.9
Sikasso	2008	7	19	201	22.2	29.1	15.0	-999.9	73.1	2.2	96834.1	-999.9
Sikasso	2008	7	20	202	21.9	24.4	7.5	-999.9	12.2	2.8	96797.2	-999.9
Sikasso	2008	7	21	203	21.4	28.4	16.3	-999.9	0.0	2.2	97015.5	-999.9
Sikasso	2008	7	22	204	22.0	28.9	18.5	-999.9	20.9	2.0	96962.5	-999.9
Sikasso	2008	7	23	205	21.7	28.5	16.9	-999.9	0.0	1.8	96837.5	-999.9
Sikasso	2008	7	24	206	21.6	29.3	19.6	-999.9	0.0	2.0	96916.0	-999.9
Sikasso	2008	7	25	207	22.5	29.4	21.7	-999.9	0.0	2.0	97055.5	-999.9
Sikasso	2008	7	26	208	21.8	28.9	18.5	-999.9	16.0	1.5	97006.5	-999.9
Sikasso	2008	7	27	209	22.4	28.8	17.9	-999.9	8.0	1.3	96998.8	-999.9
Sikasso	2008	7	28	210	22.1	28.4	16.2	-999.9	0.0	2.2	96972.3	-999.9
Sikasso	2008	7	29	211	21.8	28.9	20.4	-999.9	0.0	2.0	96981.2	-999.9
Sikasso	2008	7	30	212	21.6	29.9	22.3	-999.9	16.0	1.5	96910.6	-999.9
Sikasso	2008	7	31	213	22.0	28.7	15.5	-999.9	0.0	1.7	96882.4	-999.9
Sikasso	2008	8	1	214	22.2	30.2	20.0	-999.9	0.0	1.7	96796.4	-999.9
Sikasso	2008	8	2	215	22.7	29.4	20.1	-999.9	12.4	1.9	96770.6	-999.9
Sikasso	2008	8	3	216	22.9	30.2	21.1	-999.9	24.9	1.6	96804.8	-999.9
Sikasso	2008	8	4	217	21.7	29.5	18.6	-999.9	12.4	1.6	96866.8	-999.9
Sikasso	2008	8	5	218	22.0	29.0	17.9	-999.9	0.0	1.7	96933.1	-999.9
Sikasso	2008	8	6	219	21.7	29.8	22.2	-999.9	0.0	1.3	96863.9	-999.9
Sikasso	2008	8	7	220	22.2	29.4	20.2	-999.9	6.7	1.8	96827.9	-999.9
Sikasso	2008	8	8	221	22.9	28.9	16.0	-999.9	20.1	1.9	96785.4	-999.9
Sikasso	2008	8	9	222	21.9	28.7	18.4	-999.9	13.4	1.8	96902.9	-999.9
Sikasso	2008	8	10	223	22.2	28.9	17.5	-999.9	0.0	2.1	96897.3	-999.9
Sikasso	2008	8	11	224	22.4	30.2	21.8	-999.9	6.3	1.5	96776.3	-999.9
Sikasso	2008	8	12	225	22.3	27.0	12.0	-999.9	18.8	1.5	96744.7	-999.9
Sikasso	2008	8	13	226	21.4	28.8	17.9	-999.9	0.0	1.5	96803.9	-999.9
Sikasso	2008	8	14	227	21.9	29.3	18.8	-999.9	0.0	2.1	97001.5	-999.9
Sikasso	2008	8	15	228	22.2	28.7	20.0	-999.9	0.0	2.2	96921.9	-999.9
Sikasso	2008	8	16	229	21.4	28.6	15.6	-999.9	11.4	1.9	96695.4	-999.9
Sikasso	2008	8	17	230	21.5	27.4	13.1	-999.9	11.4	1.5	96688.7	-999.9
Sikasso	2008	8	18	231	21.1	27.0	14.0	-999.9	5.7	1.4	96772.3	-999.9
Sikasso	2008	8	19	232	21.5	25.9	10.5	-999.9	11.4	2.0	96777.3	-999.9
Sikasso	2008	8	20	233	21.7	26.3	12.9	-999.9	11.4	2.5	96788.3	-999.9
Sikasso	2008	8	21	234	19.6	28.9	19.8	-999.9	0.0	1.9	96832.6	-999.9
Sikasso	2008	8	22	235	22.9	28.5	15.7	-999.9	12.9	1.4	96724.8	-999.9
Sikasso	2008	8	23	236	21.7	24.4	7.8	-999.9	12.9	2.1	96786.7	-999.9
Sikasso	2008	8	24	237	20.8	27.2	14.6	-999.9	0.0	2.0	96961.2	-999.9
Sikasso	2008	8	25	238	20.8	29.4	20.5	-999.9	25.7	1.3	96942.6	-999.9
Sikasso	2008	8	26	239	22.2	24.6	8.2	-999.9	0.0	1.4	96808.5	-999.9
Sikasso	2008	8	27	240	21.2	28.5	17.6	-999.9	0.0	2.2	96705.4	-999.9
Sikasso	2008	8	28	241	21.2	28.4	17.0	-999.9	10.3	1.7	96746.5	-999.9
Sikasso	2008	8	29	242	21.3	29.6	19.1	-999.9	10.3	1.5	96731.0	-999.9
Sikasso	2008	8	30	243	21.3	27.5	16.4	-999.9	10.3	2.5	96789.2	-999.9
Sikasso	2008	8	31	244	21.0	29.0	16.3	-999.9	0.0	1.3	96838.3	-999.9
Sikasso	2008	9	1	245	21.5	29.6	20.9	-999.9	0.0	1.2	96774.9	-999.9
Sikasso	2008	9	2	246	22.2	28.4	14.5	-999.9	11.4	1.6	96758.2	-999.9
Sikasso	2008	9	3	247	21.7	27.4	14.4	-999.9	11.4	1.3	96886.2	-999.9
Sikasso	2008	9	4	248	20.6	30.5	19.2	-999.9	11.4	1.2	96879.9	-999.9
Sikasso	2008	9	5	249	22.3	29.1	17.0	-999.9	0.0	1.7	96919.4	-999.9
Sikasso	2008	9	6	250	22.1	29.4	17.2	-999.9	0.0	1.4	97000.4	-999.9
Sikasso	2008	9	7	251	22.5	31.2	23.7	-999.9	0.0	1.0	96900.0	-999.9
Sikasso	2008	9	8	252	21.8	30.5	22.1	-999.9	14.8	1.5	96854.5	-999.9
Sikasso	2008	9	9	253	22.5	31.0	21.6	-999.9	4.9	1.1	96957.5	-999.9
Sikasso	2008	9	10	254	22.6	30.0	19.7	-999.9	14.8	1.4	97008.7	-999.9
Sikasso	2008	9	11	255	21.7	28.1	15.2	-999.9	12.3	1.5	96889.9	-999.9
Sikasso	2008	9	12	256	22.0	29.6	19.5	-999.9	0.0	1.4	96819.3	-999.9
Sikasso	2008	9	13	257	21.7	30.0	21.0	-999.9	0.0	1.2	96833.9	-999.9
Sikasso	2008	9	14	258	21.8	28.4	15.9	-999.9	37.0	1.3	96916.3	-999.9
Sikasso	2008	9	15	259	22.0	29.5	17.9	-999.9	0.0	1.3	96895.6	-999.9
Sikasso	2008	9	16	260	22.4	24.9	7.8	-999.9	13.9	1.9	96888.3	-999.9
Sikasso	2008	9	17	261	21.3	29.4	20.2	-999.9	6.9	1.5	96924.0	-999.9
Sikasso	2008	9	18	262	21.7	30.7	22.4	-999.9	0.0	1.6	96916.5	-999.9
Sikasso	2008	9	19	263	22.2	29.0	14.7	-999.9	13.9	1.5	96910.7	-999.9
Sikasso	2008	9	20	264	22.2	28.9	20.4	-999.9	0.0	1.8	97053.2	-999.9
Sikasso	2008	9	21	265	21.2	30.4	21.4	-999.9	0.0	1.6	97007.3	-999.9
Sikasso	2008	9	22	266	21.3	32.1	24.4	-999.9	0.0	1.1	96880.6	-999.9
Sikasso	2008	9	23	267	22.4	31.2	22.8	-999.9	10.7	1.3	96773.2	-999.9
Sikasso	2008	9	24	268	22.0	29.0	16.5	-999.9	10.7	1.8	96879.6	-999.9
Sikasso	2008	9	25	269	21.3	31.7	23.6	-999.9	10.7	1.5	96876.2	-999.9
Sikasso	2008	9	26	270	21.8	30.2	19.8	-999.9	14.1	1.2	96861.8	-999.9
Sikasso	2008	9	27	271	21.9	30.6	22.2	-999.9	0.0	1.4	96866.2	-999.9
Sikasso	2008	9	28	272	22.3	30.6	22.5	-999.9	0.0	1.4	96949.3	-999.9
Sikasso	2008	9	29	273	22.0	30.2	20.1	-999.9	28.1	1.3	96938.4	-999.9
Sikasso	2008	9	30	274	22.5	29.1	19.1	-999.9	0.0	1.6	96957.7	-999.9
Sikasso	2008	10	1	275	21.5	29.8	18.4	-999.9	22.2	1.1	96921.9	-999.9
Sikasso	2008	10	2	276	22.1	29.6	18.4	-999.9	0.0	1.5	96891.2	-999.9
Sikasso	2008	10	3	277	20.8	30.9	23.4	-999.9	0.0	1.2	96816.0	-999.9
Sikasso	2008	10	4	278	21.3	29.6	17.9	-999.9	0.0	1.5	96793.9	-999.9
Sikasso	2008	10	5	279	21.1	31.2	22.4	-999.9	0.0	1.2	96666.2	-999.9
Sikasso	2008	10	6	280	22.3	31.1	21.1	-999.9	0.0	1.2	96754.8	-999.9
Sikasso	2008	10	7	281	23.3	31.9	22.9	-999.9	0.0	1.3	96807.7	-999.9
Sikasso	2008	10	8	282	22.7	30.1	20.9	-999.9	0.0	2.0	96843.5	-999.9
Sikasso	2008	10	9	283	22.2	31.3	21.7	-999.9	0.0	1.8	96655.1	-999.9
Sikasso	2008	10	10	284	22.8	30.3	21.1	-999.9	17.0	1.6	96657.3	-999.9
Sikasso	2008	10	11	285	22.4	26.7	12.5	-999.9	5.8	1.1	96868.6	-999.9
Sikasso	2008	10	12	286	21.3	27.8	14.3	-999.9	0.0	1.5	96961.9	-999.9
Sikasso	2008	10	13	287	20.6	29.3	19.2	-999.9	0.0	0.8	96928.0	-999.9
Sikasso	2008	10	14	288	21.1	31.0	21.5	-999.9	0.0	1.0	96782.5	-999.9
Sikasso	2008	10	15	289	21.7	31.1	22.0	-999.9	0.0	1.7	96895.5	-999.9
Sikasso	2008	10	16	290	20.5	31.9	23.2	-999.9	0.0	1.5	97018.6	-999.9
Sikasso	2008	10	17	291	22.2	31.9	22.2	-999.9	0.0	1.3	96887.6	-999.9
Sikasso	2008	10	18	292	22.4	30.5	19.9	-999.9	0.0	1.5	96847.1	-999.9
Sikasso	2008	10	19	293	23.3	31.2	21.7	-999.9	0.0	1.7	96908.8	-999.9
Sikasso	2008	10	20	294	22.6	30.3	21.1	-999.9	8.2	1.7	97029.1	-999.9
Sikasso	2008	10	21	295	21.9	29.2	16.9	-999.9	4.9	1.1	96958.3	-999.9
Sikasso	2008	10	22	296	21.8	30.4	18.8	-999.9	0.0	1.2	96833.0	-999.9
Sikasso	2008	10	23	297	22.2	30.4	20.6	-999.9	0.0	1.7	96845.5	-999.9
Sikasso	2008	10	24	298	20.5	30.7	20.5	-999.9	0.0	1.5	96963.7	-999.9
Sikasso	2008	10	25	299	21.2	31.8	20.6	-999.9	0.0	1.3	96913.0	-999.9
Sikasso	2008	10	26	300	21.3	32.1	20.4	-999.9	0.0	1.4	96819.5	-999.9
Sikasso	2008	10	27	301	20.9	31.4	20.4	-999.9	0.0	1.9	96835.2	-999.9
Sikasso	2008	10	28	302	20.7	32.3	22.7	-999.9	0.0	1.7	96815.9	-999.9
Sikasso	2008	10	29	303	23.6	32.3	20.3	-999.9	3.7	1.1	96856.2	-999.9
Sikasso	2008	10	30	304	22.7	31.5	20.0	-999.9	0.0	1.5	96839.0	-999.9
Sikasso	2008	10	31	305	23.1	31.5	19.8	-999.9	0.0	1.2	96820.3	-999.9
Sikasso	2008	11	1	306	21.5	33.6	21.8	-999.9	0.0	1.3	96810.4	-999.9
Sikasso	2008	11	2	307	20.9	34.5	22.6	-999.9	0.0	1.6	96792.2	-999.9
Sikasso	2008	11	3	308	17.8	33.2	22.7	-999.9	0.0	1.5	96800.0	-999.9
Sikasso	2008	11	4	309	18.0	33.7	22.8	-999.9	0.0	1.5	96808.2	-999.9
Sikasso	2008	11	5	310	18.2	33.6	22.8	-999.9	0.0	1.6	96849.2	-999.9
Sikasso	2008	11	6	311	19.9	33.8	22.8	-999.9	0.0	1.5	96759.7	-999.9
Sikasso	2008	11	7	312	16.9	32.8	22.5	-999.9	0.0	1.4	96662.6	-999.9
Sikasso	2008	11	8	313	18.4	33.1	22.5	-999.9	0.0	1.5	96707.4	-999.9
Sikasso	2008	11	9	314	18.3	33.1	22.4	-999.9	0.0	1.6	96826.3	-999.9
Sikasso	2008	11	10	315	17.2	32.6	22.4	-999.9	0.0	1.1	96890.0	-999.9
Sikasso	2008	11	11	316	19.0	33.4	21.7	-999.9	0.0	1.2	96885.2	-999.9
Sikasso	2008	11	12	317	19.9	34.0	21.9	-999.9	0.0	1.7	96844.2	-999.9
Sikasso	2008	11	13	318	17.8	33.3	22.4	-999.9	0.0	2.2	96797.7	-999.9
Sikasso	2008	11	14	319	17.7	33.2	21.7	-999.9	0.0	2.1	96723.9	-999.9
Sikasso	2008	11	15	320	18.1	33.8	21.5	-999.9	0.0	2.0	96647.7	-999.9
Sikasso	2008	11	16	321	18.7	33.9	21.1	-999.9	0.0	2.0	96671.2	-999.9
Sikasso	2008	11	17	322	18.4	34.4	21.8	-999.9	0.0	2.1	96683.2	-999.9
Sikasso	2008	11	18	323	17.5	33.9	22.0	-999.9	0.0	1.9	96618.5	-999.9
Sikasso	2008	11	19	324	16.7	32.8	21.8	-999.9	0.0	1.8	96629.7	-999.9
Sikasso	2008	11	20	325	17.5	32.5	21.2	-999.9	0.0	1.7	96862.1	-999.9
Sikasso	2008	11	21	326	18.3	33.7	21.3	-999.9	0.0	2.1	96979.4	-999.9
Sikasso	2008	11	22	327	19.9	34.2	21.1	-999.9	0.0	1.9	96922.3	-999.9
Sikasso	2008	11	23	328	18.5	34.9	21.0	-999.9	0.0	2.2	96741.1	-999.9
Sikasso	2008	11	24	329	18.4	35.3	20.8	-999.9	0.0	2.0	96738.9	-999.9
Sikasso	2008	11	25	330	20.5	34.8	21.1	-999.9	0.0	1.9	96813.8	-999.9
Sikasso	2008	11	26	331	19.1	34.5	21.1	-999.9	0.0	2.2	96903.3	-999.9
Sikasso	2008	11	27	332	19.0	34.8	20.7	-999.9	0.0	2.0	96784.2	-999.9
Sikasso	2008	11	28	333	19.7	35.0	20.9	-999.9	0.0	2.3	96655.8	-999.9
Sikasso	2008	11	29	334	19.8	34.8	20.9	-999.9	0.0	1.9	96698.7	-999.9
Sikasso	2008	11	30	335	18.5	34.5	20.7	-999.9	0.0	1.5	96773.5	-999.9
Sikasso	2008	12	1	336	19.2	35.1	20.6	-999.9	0.0	1.3	96803.0	-999.9
Sikasso	2008	12	2	337	18.8	34.8	20.8	-999.9	0.0	1.3	96764.8	-999.9
Sikasso	2008	12	3	338	19.9	33.8	20.9	-999.9	0.0	2.1	96657.3	-999.9
Sikasso	2008	12	4	339	17.3	31.9	20.7	-999.9	0.0	1.8	96683.6	-999.9
Sikasso	2008	12	5	340	14.7	28.9	20.7	-999.9	0.0	2.2	96939.6	-999.9
Sikasso	2008	12	6	341	13.6	28.6	20.8	-999.9	0.0	2.0	97089.5	-999.9
Sikasso	2008	12	7	342	14.7	30.7	20.6	-999.9	0.0	1.8	97077.4	-999.9
Sikasso	2008	12	8	343	16.3	32.1	19.9	-999.9	0.0	1.8	97033.5	-999.9
Sikasso	2008	12	9	344	17.3	32.8	20.4	-999.9	0.0	1.9	96926.2	-999.9
Sikasso	2008	12	10	345	17.8	33.2	19.9	-999.9	0.0	1.7	96851.2	-999.9
Sikasso	2008	12	11	346	17.8	34.1	20.4	-999.9	0.0	1.8	96898.9	-999.9
Sikasso	2008	12	12	347	18.3	34.2	20.4	-999.9	0.0	1.9	96896.3	-999.9
Sikasso	2008	12	13	348	18.4	34.3	20.0	-999.9	0.0	2.0	96770.2	-999.9
Sikasso	2008	12	14	349	18.6	33.9	19.7	-999.9	0.0	1.7	96719.4	-999.9
Sikasso	2008	12	15	350	17.8	33.6	20.0	-999.9	0.0	1.5	96609.8	-999.9
Sikasso	2008	12	16	351	20.0	33.0	18.9	-999.9	0.0	1.4	96651.1	-999.9
Sikasso	2008	12	17	352	20.5	32.9	19.9	-999.9	0.0	2.4	96739.4	-999.9
Sikasso	2008	12	18	353	20.0	32.7	19.2	-999.9	0.0	2.8	96717.3	-999.9
Sikasso	2008	12	19	354	19.5	33.5	19.9	-999.9	0.0	2.3	96649.6	-999.9
Sikasso	2008	12	20	355	18.2	33.5	20.3	-999.9	0.0	2.4	96647.3	-999.9
Sikasso	2008	12	21	356	18.1	33.9	20.4	-999.9	0.0	2.4	96720.0	-999.9
Sikasso	2008	12	22	357	18.1	34.0	20.4	-999.9	0.0	2.1	96835.9	-999.9
Sikasso	2008	12	23	358	18.7	34.1	20.3	-999.9	0.0	2.0	96823.6	-999.9
Sikasso	2008	12	24	359	19.3	33.6	20.3	-999.9	0.0	2.2	96809.9	-999.9
Sikasso	2008	12	25	360	18.0	32.9	20.5	-999.9	0.0	2.0	96767.7	-999.9
Sikasso	2008	12	26	361	16.5	33.6	20.1	-999.9	0.0	1.7	96683.9	-999.9
Sikasso	2008	12	27	362	18.8	34.2	20.3	-999.9	0.0	2.1	96627.3	-999.9
Sikasso	2008	12	28	363	17.4	34.2	20.3	-999.9	0.0	2.0	96620.3	-999.9
Sikasso	2008	12	29	364	18.4	34.6	20.3	-999.9	0.0	2.1	96650.7	-999.9
Sikasso	2008	12	30	365	19.3	34.5	20.5	-999.9	0.0	2.2	96756.2	-999.9
Sikasso	2008	12	31	366	19.0	34.2	20.5	-999.9	0.0	2.4	96879.1	-999.9
