Sikasso	2018	1	1	1	16.3	31.6	20.8	-999.9	0.0	2.3	96961.4	-999.9
Sikasso	2018	1	2	2	16.9	32.1	20.6	-999.9	0.0	2.4	96874.1	-999.9
Sikasso	2018	1	3	3	16.8	31.8	19.9	-999.9	0.0	1.9	96971.0	-999.9
Sikasso	2018	1	4	4	17.3	32.3	20.3	-999.9	0.0	2.1	97065.2	-999.9
Sikasso	2018	1	5	5	17.3	32.3	20.5	-999.9	0.0	1.9	97009.4	-999.9
Sikasso	2018	1	6	6	15.9	32.9	20.9	-999.9	0.0	1.4	96850.7	-999.9
Sikasso	2018	1	7	7	15.0	33.0	20.4	-999.9	0.0	1.5	96728.0	-999.9
Sikasso	2018	1	8	8	18.4	33.9	19.5	-999.9	0.0	1.3	96855.4	-999.9
Sikasso	2018	1	9	9	18.1	33.4	19.3	-999.9	0.0	2.3	97005.0	-999.9
Sikasso	2018	1	10	10	17.5	32.1	18.8	-999.9	0.4	2.5	97068.2	-999.9
Sikasso	2018	1	11	11	17.1	32.1	21.5	-999.9	0.0	2.3	97018.1	-999.9
Sikasso	2018	1	12	12	14.1	31.8	21.6	-999.9	0.0	2.0	97013.7	-999.9
Sikasso	2018	1	13	13	14.6	32.0	21.7	-999.9	0.0	2.1	96942.8	-999.9
Sikasso	2018	1	14	14	14.4	32.2	21.7	-999.9	0.0	2.0	96901.3	-999.9
Sikasso	2018	1	15	15	14.8	33.4	21.8	-999.9	0.0	1.6	96868.4	-999.9
Sikasso	2018	1	16	16	15.0	34.3	21.2	-999.9	0.0	1.7	96823.8	-999.9
Sikasso	2018	1	17	17	18.5	34.4	20.2	-999.9	0.0	1.7	96813.0	-999.9
Sikasso	2018	1	18	18	18.9	34.4	21.3	-999.9	0.0	2.1	96868.8	-999.9
Sikasso	2018	1	19	19	17.1	34.0	21.6	-999.9	0.0	2.2	96876.4	-999.9
Sikasso	2018	1	20	20	15.5	34.0	21.8	-999.9	0.0	2.1	96855.5	-999.9
Sikasso	2018	1	21	21	16.5	33.6	21.7	-999.9	0.0	2.4	96922.8	-999.9
Sikasso	2018	1	22	22	16.6	33.0	21.9	-999.9	0.0	2.2	96873.4	-999.9
Sikasso	2018	1	23	23	16.5	33.6	21.9	-999.9	0.0	2.2	96804.1	-999.9
Sikasso	2018	1	24	24	16.8	33.4	21.9	-999.9	0.0	2.1	96825.4	-999.9
Sikasso	2018	1	25	25	16.8	32.8	21.9	-999.9	0.0	2.3	96830.2	-999.9
Sikasso	2018	1	26	26	16.1	33.3	21.8	-999.9	0.0	2.0	96757.2	-999.9
Sikasso	2018	1	27	27	16.5	34.5	21.6	-999.9	0.0	2.0	96696.9	-999.9
Sikasso	2018	1	28	28	19.0	35.4	20.6	-999.9	0.0	1.4	96633.6	-999.9
Sikasso	2018	1	29	29	21.0	34.5	19.3	-999.9	0.0	2.1	96779.0	-999.9
Sikasso	2018	1	30	30	21.5	35.4	21.3	-999.9	0.0	2.7	96750.3	-999.9
Sikasso	2018	1	31	31	18.5	34.3	22.2	-999.9	0.0	1.8	96604.4	-999.9
Sikasso	2018	2	1	32	18.0	35.7	21.7	-999.9	0.0	1.6	96456.5	-999.9
Sikasso	2018	2	2	33	23.4	33.5	17.3	-999.9	0.0	1.4	96486.4	-999.9
Sikasso	2018	2	3	34	21.0	30.1	16.8	-999.9	0.0	1.9	96749.6	-999.9
Sikasso	2018	2	4	35	20.5	35.3	21.2	-999.9	0.0	2.2	96664.8	-999.9
Sikasso	2018	2	5	36	21.1	36.4	21.8	-999.9	0.0	2.5	96616.6	-999.9
Sikasso	2018	2	6	37	22.2	35.9	21.9	-999.9	0.0	3.0	96647.3	-999.9
Sikasso	2018	2	7	38	20.4	35.5	22.0	-999.9	0.0	2.6	96680.8	-999.9
Sikasso	2018	2	8	39	20.0	35.4	22.1	-999.9	0.0	2.7	96740.9	-999.9
Sikasso	2018	2	9	40	19.5	33.3	22.1	-999.9	0.0	2.9	96777.6	-999.9
Sikasso	2018	2	10	41	17.9	32.8	22.3	-999.9	0.0	2.2	96646.8	-999.9
Sikasso	2018	2	11	42	17.6	32.4	22.4	-999.9	0.0	2.8	96767.0	-999.9
Sikasso	2018	2	12	43	17.5	32.0	22.6	-999.9	0.0	2.6	96846.8	-999.9
Sikasso	2018	2	13	44	17.0	33.6	22.7	-999.9	0.0	2.0	96830.2	-999.9
Sikasso	2018	2	14	45	18.0	34.9	22.8	-999.9	0.0	2.2	96832.7	-999.9
Sikasso	2018	2	15	46	19.3	35.9	22.8	-999.9	0.0	2.2	96791.3	-999.9
Sikasso	2018	2	16	47	20.0	36.7	23.0	-999.9	0.0	2.1	96775.8	-999.9
Sikasso	2018	2	17	48	20.6	37.7	23.0	-999.9	0.0	1.7	96589.9	-999.9
Sikasso	2018	2	18	49	20.0	37.5	22.8	-999.9	0.0	1.9	96451.3	-999.9
Sikasso	2018	2	19	50	26.2	35.9	19.2	-999.9	0.0	2.1	96432.6	-999.9
Sikasso	2018	2	20	51	26.2	36.3	20.8	-999.9	0.0	2.0	96408.0	-999.9
Sikasso	2018	2	21	52	23.2	36.3	21.7	-999.9	0.0	1.6	96433.4	-999.9
Sikasso	2018	2	22	53	23.0	37.2	22.3	-999.9	0.0	1.4	96282.4	-999.9
Sikasso	2018	2	23	54	26.7	36.7	21.2	-999.9	0.0	2.5	96256.6	-999.9
Sikasso	2018	2	24	55	25.1	36.0	21.4	-999.9	0.0	1.9	96530.0	-999.9
Sikasso	2018	2	25	56	24.9	35.7	21.5	-999.9	0.0	1.3	96688.7	-999.9
Sikasso	2018	2	26	57	25.6	36.4	19.8	-999.9	0.0	1.8	96745.5	-999.9
Sikasso	2018	2	27	58	25.4	37.1	21.3	-999.9	0.0	1.9	96690.5	-999.9
Sikasso	2018	2	28	59	23.7	36.7	20.6	-999.9	3.0	2.0	96794.4	-999.9
Sikasso	2018	3	1	60	25.8	38.6	20.4	-999.9	0.0	1.8	96743.3	-999.9
Sikasso	2018	3	2	61	25.4	38.7	22.8	-999.9	0.0	2.1	96712.4	-999.9
Sikasso	2018	3	3	62	24.6	38.8	22.8	-999.9	0.0	2.0	96628.9	-999.9
Sikasso	2018	3	4	63	25.4	39.4	23.3	-999.9	0.0	2.0	96547.2	-999.9
Sikasso	2018	3	5	64	24.7	37.2	21.9	-999.9	0.0	1.8	96572.7	-999.9
Sikasso	2018	3	6	65	22.9	37.5	22.0	-999.9	0.0	1.9	96530.8	-999.9
Sikasso	2018	3	7	66	22.7	36.6	22.2	-999.9	0.0	1.4	96635.4	-999.9
Sikasso	2018	3	8	67	24.8	36.4	21.9	-999.9	0.0	1.6	96722.4	-999.9
Sikasso	2018	3	9	68	28.0	37.4	19.5	-999.9	0.0	1.8	96697.7	-999.9
Sikasso	2018	3	10	69	23.1	38.9	24.2	-999.9	0.0	1.8	96669.6	-999.9
Sikasso	2018	3	11	70	24.1	38.4	23.1	-999.9	0.0	1.6	96611.4	-999.9
Sikasso	2018	3	12	71	26.4	36.9	21.8	-999.9	0.0	2.0	96635.2	-999.9
Sikasso	2018	3	13	72	26.8	36.7	21.5	-999.9	1.4	2.1	96717.4	-999.9
Sikasso	2018	3	14	73	25.5	35.6	20.7	-999.9	1.4	1.7	96643.4	-999.9
Sikasso	2018	3	15	74	26.4	36.5	21.5	-999.9	0.0	2.3	96520.2	-999.9
Sikasso	2018	3	16	75	26.5	37.0	21.7	-999.9	0.0	2.4	96491.0	-999.9
Sikasso	2018	3	17	76	24.2	34.6	19.7	-999.9	6.6	2.2	96542.5	-999.9
Sikasso	2018	3	18	77	24.6	34.6	18.7	-999.9	6.6	1.8	96512.9	-999.9
Sikasso	2018	3	19	78	24.2	36.6	23.5	-999.9	0.0	1.5	96460.5	-999.9
Sikasso	2018	3	20	79	24.5	37.0	23.4	-999.9	0.0	1.9	96482.3	-999.9
Sikasso	2018	3	21	80	26.5	36.6	22.8	-999.9	0.0	2.4	96612.6	-999.9
Sikasso	2018	3	22	81	25.7	37.1	22.9	-999.9	0.0	1.5	96678.3	-999.9
Sikasso	2018	3	23	82	22.8	36.0	25.6	-999.9	0.0	2.7	96725.8	-999.9
Sikasso	2018	3	24	83	20.0	35.5	25.9	-999.9	1.8	2.2	96667.8	-999.9
Sikasso	2018	3	25	84	20.3	36.4	25.8	-999.9	0.0	1.9	96646.5	-999.9
Sikasso	2018	3	26	85	20.4	37.2	25.1	-999.9	0.0	1.6	96688.3	-999.9
Sikasso	2018	3	27	86	22.9	38.4	25.6	-999.9	0.0	1.9	96692.6	-999.9
Sikasso	2018	3	28	87	20.9	38.6	26.0	-999.9	0.0	1.9	96564.2	-999.9
Sikasso	2018	3	29	88	22.8	37.6	25.0	-999.9	0.0	2.2	96446.4	-999.9
Sikasso	2018	3	30	89	26.8	37.1	22.9	-999.9	0.0	2.2	96471.4	-999.9
Sikasso	2018	3	31	90	22.3	28.9	16.4	-999.9	5.8	2.0	96703.1	-999.9
Sikasso	2018	4	1	91	22.0	34.7	24.7	-999.9	0.0	1.7	96585.9	-999.9
Sikasso	2018	4	2	92	21.8	36.0	25.0	-999.9	0.0	1.6	96368.2	-999.9
Sikasso	2018	4	3	93	21.2	36.2	24.4	-999.9	0.0	1.9	96304.6	-999.9
Sikasso	2018	4	4	94	25.0	36.8	24.5	-999.9	0.0	2.2	96400.9	-999.9
Sikasso	2018	4	5	95	26.3	36.3	24.1	-999.9	3.2	2.4	96360.9	-999.9
Sikasso	2018	4	6	96	25.0	36.2	23.9	-999.9	0.0	1.9	96315.8	-999.9
Sikasso	2018	4	7	97	26.1	36.8	24.9	-999.9	0.0	2.4	96345.4	-999.9
Sikasso	2018	4	8	98	25.4	36.2	23.7	-999.9	5.6	2.5	96519.5	-999.9
Sikasso	2018	4	9	99	22.1	35.4	22.7	-999.9	5.6	1.7	96639.5	-999.9
Sikasso	2018	4	10	100	25.4	35.4	22.6	-999.9	0.0	2.2	96645.3	-999.9
Sikasso	2018	4	11	101	24.4	34.7	21.5	-999.9	0.0	2.0	96608.6	-999.9
Sikasso	2018	4	12	102	25.7	35.7	22.7	-999.9	0.0	1.7	96583.8	-999.9
Sikasso	2018	4	13	103	25.7	37.1	24.1	-999.9	0.0	1.9	96603.7	-999.9
Sikasso	2018	4	14	104	26.4	35.2	22.4	-999.9	0.0	2.5	96751.4	-999.9
Sikasso	2018	4	15	105	25.7	35.9	21.7	-999.9	0.0	1.6	96807.8	-999.9
Sikasso	2018	4	16	106	25.1	37.8	24.1	-999.9	0.0	1.6	96725.8	-999.9
Sikasso	2018	4	17	107	26.6	38.2	23.2	-999.9	0.0	1.8	96732.8	-999.9
Sikasso	2018	4	18	108	26.9	38.0	24.6	-999.9	0.0	2.0	96759.4	-999.9
Sikasso	2018	4	19	109	26.7	37.3	21.8	-999.9	0.0	2.6	96756.0	-999.9
Sikasso	2018	4	20	110	26.8	37.1	21.6	-999.9	0.0	2.4	96608.8	-999.9
Sikasso	2018	4	21	111	26.1	38.0	20.0	-999.9	0.0	2.7	96549.6	-999.9
Sikasso	2018	4	22	112	27.6	37.6	23.4	-999.9	0.0	2.3	96582.8	-999.9
Sikasso	2018	4	23	113	27.8	38.0	22.9	-999.9	2.7	2.3	96611.5	-999.9
Sikasso	2018	4	24	114	27.5	38.0	23.3	-999.9	0.0	2.0	96632.7	-999.9
Sikasso	2018	4	25	115	27.6	38.5	24.2	-999.9	0.0	2.2	96561.9	-999.9
Sikasso	2018	4	26	116	24.2	35.5	22.5	-999.9	13.4	2.4	96680.2	-999.9
Sikasso	2018	4	27	117	24.3	35.0	22.2	-999.9	0.0	1.7	96690.4	-999.9
Sikasso	2018	4	28	118	24.8	36.7	24.3	-999.9	0.0	1.8	96713.7	-999.9
Sikasso	2018	4	29	119	26.4	37.0	24.4	-999.9	0.0	2.2	96615.2	-999.9
Sikasso	2018	4	30	120	25.5	35.9	22.4	-999.9	3.4	2.4	96656.4	-999.9
Sikasso	2018	5	1	121	26.1	38.3	24.1	-999.9	0.0	2.2	96643.0	-999.9
Sikasso	2018	5	2	122	26.4	39.0	24.8	-999.9	0.0	2.1	96601.9	-999.9
Sikasso	2018	5	3	123	26.9	38.1	24.4	-999.9	0.0	2.3	96527.8	-999.9
Sikasso	2018	5	4	124	27.2	36.7	22.5	-999.9	0.0	2.4	96587.6	-999.9
Sikasso	2018	5	5	125	27.2	37.6	23.8	-999.9	2.6	1.9	96620.2	-999.9
Sikasso	2018	5	6	126	25.2	35.8	20.3	-999.9	8.0	2.6	96772.6	-999.9
Sikasso	2018	5	7	127	26.4	37.7	23.6	-999.9	0.0	2.1	96731.8	-999.9
Sikasso	2018	5	8	128	27.2	38.9	24.6	-999.9	0.0	2.3	96537.5	-999.9
Sikasso	2018	5	9	129	28.0	38.9	24.7	-999.9	0.0	2.9	96485.3	-999.9
Sikasso	2018	5	10	130	27.3	35.5	21.8	-999.9	8.0	2.7	96603.2	-999.9
Sikasso	2018	5	11	131	23.7	32.1	18.2	-999.9	0.0	2.2	96867.5	-999.9
Sikasso	2018	5	12	132	24.5	31.8	16.1	-999.9	0.0	1.5	96905.6	-999.9
Sikasso	2018	5	13	133	24.5	35.0	23.4	-999.9	0.0	1.6	96761.6	-999.9
Sikasso	2018	5	14	134	25.7	37.5	24.6	-999.9	0.0	2.1	96615.4	-999.9
Sikasso	2018	5	15	135	25.6	37.1	23.9	-999.9	3.5	2.3	96663.9	-999.9
Sikasso	2018	5	16	136	24.2	34.2	23.1	-999.9	11.1	2.2	96678.4	-999.9
Sikasso	2018	5	17	137	24.0	36.5	25.1	-999.9	11.1	2.4	96703.6	-999.9
Sikasso	2018	5	18	138	25.6	35.7	23.1	-999.9	5.6	1.9	96729.3	-999.9
Sikasso	2018	5	19	139	25.9	36.5	24.0	-999.9	0.0	1.8	96702.0	-999.9
Sikasso	2018	5	20	140	26.6	38.5	25.0	-999.9	0.0	2.1	96630.9	-999.9
Sikasso	2018	5	21	141	27.0	37.1	24.7	-999.9	14.9	2.7	96635.7	-999.9
Sikasso	2018	5	22	142	27.7	37.3	24.1	-999.9	0.0	2.3	96627.3	-999.9
Sikasso	2018	5	23	143	26.9	35.9	22.4	-999.9	0.0	2.6	96753.3	-999.9
Sikasso	2018	5	24	144	25.6	36.5	24.6	-999.9	0.0	2.2	96750.5	-999.9
Sikasso	2018	5	25	145	26.3	36.9	24.6	-999.9	0.0	2.2	96637.1	-999.9
Sikasso	2018	5	26	146	24.9	36.8	24.5	-999.9	13.7	2.8	96651.2	-999.9
Sikasso	2018	5	27	147	24.6	33.6	20.4	-999.9	0.0	2.5	96795.7	-999.9
Sikasso	2018	5	28	148	24.5	33.7	22.6	-999.9	6.8	2.5	96927.5	-999.9
Sikasso	2018	5	29	149	24.5	34.6	23.1	-999.9	0.0	1.8	96866.8	-999.9
Sikasso	2018	5	30	150	26.2	36.0	24.0	-999.9	6.8	1.9	96770.7	-999.9
Sikasso	2018	5	31	151	26.1	35.8	24.6	-999.9	0.0	2.2	96766.8	-999.9
Sikasso	2018	6	1	152	24.8	34.1	22.5	-999.9	0.0	1.8	96876.5	-999.9
Sikasso	2018	6	2	153	24.4	33.6	24.0	-999.9	0.0	1.9	96881.9	-999.9
Sikasso	2018	6	3	154	26.0	33.4	23.6	-999.9	0.0	2.0	96977.5	-999.9
Sikasso	2018	6	4	155	25.1	32.5	20.2	-999.9	0.0	2.0	96876.4	-999.9
Sikasso	2018	6	5	156	23.7	33.7	23.6	-999.9	0.0	1.7	96827.4	-999.9
Sikasso	2018	6	6	157	24.9	32.6	18.5	-999.9	6.1	1.7	96894.5	-999.9
Sikasso	2018	6	7	158	25.4	33.8	23.8	-999.9	6.1	1.7	96937.7	-999.9
Sikasso	2018	6	8	159	25.3	35.0	24.3	-999.9	6.1	1.5	96890.5	-999.9
Sikasso	2018	6	9	160	26.6	36.1	24.3	-999.9	12.3	2.4	96786.3	-999.9
Sikasso	2018	6	10	161	24.3	33.4	21.4	-999.9	6.1	2.5	96800.8	-999.9
Sikasso	2018	6	11	162	24.1	32.5	21.8	-999.9	0.0	2.2	96911.6	-999.9
Sikasso	2018	6	12	163	24.1	33.1	23.4	-999.9	0.0	2.0	97007.8	-999.9
Sikasso	2018	6	13	164	25.2	34.4	23.9	-999.9	8.4	1.6	96965.9	-999.9
Sikasso	2018	6	14	165	24.1	32.7	18.7	-999.9	42.0	2.4	96952.2	-999.9
Sikasso	2018	6	15	166	24.4	33.3	21.8	-999.9	8.4	2.4	96934.9	-999.9
Sikasso	2018	6	16	167	24.9	34.1	23.7	-999.9	0.0	2.6	96885.3	-999.9
Sikasso	2018	6	17	168	23.6	31.2	19.3	-999.9	7.8	2.8	96999.1	-999.9
Sikasso	2018	6	18	169	22.9	33.2	22.4	-999.9	0.0	2.7	97024.1	-999.9
Sikasso	2018	6	19	170	23.1	32.0	21.1	-999.9	0.0	2.6	96926.4	-999.9
Sikasso	2018	6	20	171	23.6	33.2	24.4	-999.9	0.0	3.1	96871.1	-999.9
Sikasso	2018	6	21	172	24.3	34.2	22.5	-999.9	0.0	3.2	96842.5	-999.9
Sikasso	2018	6	22	173	22.6	29.8	15.8	-999.9	15.0	2.7	96928.7	-999.9
Sikasso	2018	6	23	174	22.4	30.7	20.0	-999.9	0.0	2.6	96935.2	-999.9
Sikasso	2018	6	24	175	22.4	27.4	12.5	-999.9	11.2	2.0	96845.2	-999.9
Sikasso	2018	6	25	176	22.4	29.2	18.0	-999.9	3.7	2.0	96801.1	-999.9
Sikasso	2018	6	26	177	22.5	31.7	23.0	-999.9	0.0	1.4	96877.1	-999.9
Sikasso	2018	6	27	178	22.6	29.3	14.0	-999.9	21.4	1.4	96950.1	-999.9
Sikasso	2018	6	28	179	22.7	31.2	21.0	-999.9	7.1	1.5	96912.6	-999.9
Sikasso	2018	6	29	180	23.2	30.1	19.9	-999.9	0.0	2.0	96782.5	-999.9
Sikasso	2018	6	30	181	22.6	30.9	21.0	-999.9	14.2	1.9	96695.3	-999.9
Sikasso	2018	7	1	182	22.9	28.6	16.7	-999.9	0.0	1.7	96747.3	-999.9
Sikasso	2018	7	2	183	21.7	26.8	13.2	-999.9	13.4	1.7	96837.4	-999.9
Sikasso	2018	7	3	184	21.5	29.6	20.6	-999.9	0.0	1.3	96814.2	-999.9
Sikasso	2018	7	4	185	22.5	29.4	17.0	-999.9	13.4	1.7	96875.4	-999.9
Sikasso	2018	7	5	186	23.0	30.3	20.2	-999.9	0.0	2.0	96973.9	-999.9
Sikasso	2018	7	6	187	22.2	29.7	18.5	-999.9	14.8	1.7	96980.4	-999.9
Sikasso	2018	7	7	188	22.6	29.4	16.1	-999.9	0.0	1.5	97028.6	-999.9
Sikasso	2018	7	8	189	22.0	31.8	23.3	-999.9	4.9	1.3	97004.9	-999.9
Sikasso	2018	7	9	190	22.0	30.7	20.3	-999.9	4.9	1.3	96990.5	-999.9
Sikasso	2018	7	10	191	22.8	30.8	23.2	-999.9	0.0	2.0	97092.8	-999.9
Sikasso	2018	7	11	192	23.3	31.9	23.7	-999.9	12.7	1.9	97075.4	-999.9
Sikasso	2018	7	12	193	22.8	28.4	13.1	-999.9	6.4	1.8	97045.9	-999.9
Sikasso	2018	7	13	194	23.0	30.7	19.0	-999.9	6.4	1.4	97023.3	-999.9
Sikasso	2018	7	14	195	23.2	32.2	23.2	-999.9	0.0	1.6	96954.7	-999.9
Sikasso	2018	7	15	196	24.0	31.5	18.8	-999.9	19.1	2.0	96862.6	-999.9
Sikasso	2018	7	16	197	23.6	29.8	17.2	-999.9	9.6	1.9	96963.2	-999.9
Sikasso	2018	7	17	198	22.9	27.9	14.5	-999.9	28.7	1.7	97002.5	-999.9
Sikasso	2018	7	18	199	22.0	25.2	8.1	-999.9	0.0	1.6	97052.5	-999.9
Sikasso	2018	7	19	200	22.8	29.9	20.8	-999.9	0.0	1.8	96995.9	-999.9
Sikasso	2018	7	20	201	23.1	30.3	21.6	-999.9	38.2	1.8	96897.1	-999.9
Sikasso	2018	7	21	202	22.6	28.3	13.8	-999.9	9.5	1.4	96839.9	-999.9
Sikasso	2018	7	22	203	22.6	29.5	19.7	-999.9	9.5	2.1	96914.7	-999.9
Sikasso	2018	7	23	204	22.7	30.0	19.8	-999.9	0.0	1.6	97027.5	-999.9
Sikasso	2018	7	24	205	22.6	30.8	22.2	-999.9	18.9	1.8	96933.2	-999.9
Sikasso	2018	7	25	206	22.7	27.2	10.4	-999.9	37.8	2.0	96992.6	-999.9
Sikasso	2018	7	26	207	22.5	27.6	13.3	-999.9	28.7	1.9	97036.0	-999.9
Sikasso	2018	7	27	208	21.5	27.1	13.1	-999.9	19.1	1.2	97162.7	-999.9
Sikasso	2018	7	28	209	21.9	29.4	21.5	-999.9	0.0	1.5	97131.9	-999.9
Sikasso	2018	7	29	210	22.0	29.5	16.0	-999.9	9.6	1.5	96990.4	-999.9
Sikasso	2018	7	30	211	22.8	29.3	18.9	-999.9	9.6	2.5	96926.7	-999.9
Sikasso	2018	7	31	212	22.1	28.0	16.1	-999.9	0.0	2.9	97021.5	-999.9
Sikasso	2018	8	1	213	22.1	28.5	16.5	-999.9	22.9	2.0	96959.1	-999.9
Sikasso	2018	8	2	214	22.1	28.8	16.5	-999.9	0.0	1.6	96932.5	-999.9
Sikasso	2018	8	3	215	21.4	29.7	19.3	-999.9	11.4	1.5	96961.9	-999.9
Sikasso	2018	8	4	216	21.7	25.4	8.9	-999.9	45.7	1.5	97040.1	-999.9
Sikasso	2018	8	5	217	21.7	29.0	20.1	-999.9	0.0	2.0	97079.4	-999.9
Sikasso	2018	8	6	218	22.6	29.2	21.2	-999.9	0.0	1.8	97090.3	-999.9
Sikasso	2018	8	7	219	22.7	26.4	11.9	-999.9	37.0	1.8	97039.9	-999.9
Sikasso	2018	8	8	220	21.8	27.3	15.2	-999.9	0.0	2.3	97106.2	-999.9
Sikasso	2018	8	9	221	22.0	28.6	19.6	-999.9	0.0	2.4	97091.0	-999.9
Sikasso	2018	8	10	222	22.3	25.3	10.6	-999.9	37.0	1.8	97038.4	-999.9
Sikasso	2018	8	11	223	21.9	26.4	11.1	-999.9	13.6	2.0	97016.3	-999.9
Sikasso	2018	8	12	224	21.8	28.4	17.6	-999.9	6.8	2.2	97031.0	-999.9
Sikasso	2018	8	13	225	21.6	28.9	20.9	-999.9	13.6	2.0	97073.5	-999.9
Sikasso	2018	8	14	226	22.4	27.5	16.1	-999.9	13.6	1.8	97039.4	-999.9
Sikasso	2018	8	15	227	21.9	29.3	18.0	-999.9	6.8	1.0	97082.3	-999.9
Sikasso	2018	8	16	228	22.1	30.3	22.0	-999.9	4.8	1.5	97082.2	-999.9
Sikasso	2018	8	17	229	23.0	29.9	20.0	-999.9	6.4	1.9	97004.9	-999.9
Sikasso	2018	8	18	230	22.4	27.2	12.2	-999.9	11.8	2.2	96877.7	-999.9
Sikasso	2018	8	19	231	21.4	26.3	11.0	-999.9	39.0	2.4	96995.5	-999.9
Sikasso	2018	8	20	232	22.0	29.0	20.7	-999.9	5.8	2.2	97106.2	-999.9
Sikasso	2018	8	21	233	22.3	29.6	19.3	-999.9	0.0	1.7	96959.2	-999.9
Sikasso	2018	8	22	234	21.0	26.6	11.8	-999.9	15.7	1.4	96936.0	-999.9
Sikasso	2018	8	23	235	21.6	28.8	18.9	-999.9	0.0	1.5	96916.4	-999.9
Sikasso	2018	8	24	236	21.8	29.5	21.3	-999.9	0.0	1.7	96881.3	-999.9
Sikasso	2018	8	25	237	21.9	25.6	8.4	-999.9	31.4	1.9	96785.9	-999.9
Sikasso	2018	8	26	238	21.4	27.5	15.5	-999.9	0.0	1.4	96869.6	-999.9
Sikasso	2018	8	27	239	22.1	28.5	18.4	-999.9	0.0	2.2	96961.7	-999.9
Sikasso	2018	8	28	240	22.8	28.5	16.6	-999.9	21.7	2.0	96997.5	-999.9
Sikasso	2018	8	29	241	21.9	27.5	14.3	-999.9	14.4	2.2	96896.2	-999.9
Sikasso	2018	8	30	242	21.6	29.2	19.1	-999.9	0.0	2.4	96833.0	-999.9
Sikasso	2018	8	31	243	21.9	29.6	19.8	-999.9	14.4	2.0	96759.4	-999.9
Sikasso	2018	9	1	244	21.8	26.8	14.2	-999.9	0.0	1.1	96768.5	-999.9
Sikasso	2018	9	2	245	21.4	27.7	14.5	-999.9	17.5	1.4	96795.6	-999.9
Sikasso	2018	9	3	246	21.6	28.6	16.4	-999.9	17.5	1.7	96753.3	-999.9
Sikasso	2018	9	4	247	21.8	29.0	16.7	-999.9	17.5	1.2	96733.9	-999.9
Sikasso	2018	9	5	248	22.3	27.2	12.3	-999.9	0.0	1.4	96829.7	-999.9
Sikasso	2018	9	6	249	21.5	29.2	17.9	-999.9	0.0	1.4	96827.0	-999.9
Sikasso	2018	9	7	250	22.0	30.4	20.9	-999.9	0.0	1.3	96730.5	-999.9
Sikasso	2018	9	8	251	22.1	28.9	16.4	-999.9	64.4	1.2	96819.0	-999.9
Sikasso	2018	9	9	252	21.8	28.5	16.0	-999.9	12.9	1.1	96814.5	-999.9
Sikasso	2018	9	10	253	21.9	28.8	16.9	-999.9	12.9	1.7	96883.6	-999.9
Sikasso	2018	9	11	254	21.9	27.7	15.3	-999.9	0.0	1.4	96970.2	-999.9
Sikasso	2018	9	12	255	21.9	27.5	15.4	-999.9	0.0	1.3	97037.6	-999.9
Sikasso	2018	9	13	256	20.9	30.1	21.5	-999.9	0.0	0.8	96917.1	-999.9
Sikasso	2018	9	14	257	21.5	31.1	23.0	-999.9	0.0	1.1	96848.9	-999.9
Sikasso	2018	9	15	258	22.2	30.3	21.6	-999.9	19.4	1.4	96911.9	-999.9
Sikasso	2018	9	16	259	22.4	26.5	11.8	-999.9	29.6	1.1	96935.0	-999.9
Sikasso	2018	9	17	260	21.5	29.7	20.5	-999.9	7.4	1.5	96861.5	-999.9
Sikasso	2018	9	18	261	21.8	31.6	23.5	-999.9	0.0	1.5	96837.7	-999.9
Sikasso	2018	9	19	262	22.9	32.1	22.5	-999.9	0.0	1.2	96800.4	-999.9
Sikasso	2018	9	20	263	23.4	31.5	21.4	-999.9	7.4	1.2	96769.6	-999.9
Sikasso	2018	9	21	264	24.0	31.0	22.4	-999.9	6.5	1.6	96734.5	-999.9
Sikasso	2018	9	22	265	23.0	29.9	18.2	-999.9	6.5	1.2	96833.5	-999.9
Sikasso	2018	9	23	266	22.3	29.8	17.5	-999.9	19.4	1.1	96835.0	-999.9
Sikasso	2018	9	24	267	21.7	30.8	21.7	-999.9	19.4	1.2	96872.0	-999.9
Sikasso	2018	9	25	268	22.1	30.8	21.4	-999.9	12.9	1.3	96864.1	-999.9
Sikasso	2018	9	26	269	22.6	30.2	18.0	-999.9	12.4	1.2	96801.2	-999.9
Sikasso	2018	9	27	270	22.8	31.2	22.5	-999.9	0.0	1.5	96771.1	-999.9
Sikasso	2018	9	28	271	23.4	30.5	21.8	-999.9	12.4	1.5	96770.1	-999.9
Sikasso	2018	9	29	272	22.3	30.3	20.5	-999.9	24.7	1.1	96812.9	-999.9
Sikasso	2018	9	30	273	22.0	29.0	16.3	-999.9	24.7	1.0	96880.8	-999.9
Sikasso	2018	10	1	274	21.7	30.5	21.4	-999.9	5.4	0.9	96875.3	-999.9
Sikasso	2018	10	2	275	22.6	30.2	20.1	-999.9	0.0	1.2	96843.3	-999.9
Sikasso	2018	10	3	276	22.8	30.5	19.6	-999.9	5.4	1.5	96860.3	-999.9
Sikasso	2018	10	4	277	22.2	30.5	19.8	-999.9	5.4	1.2	96840.7	-999.9
Sikasso	2018	10	5	278	23.2	30.5	19.2	-999.9	5.4	1.4	96831.5	-999.9
Sikasso	2018	10	6	279	22.1	30.0	18.8	-999.9	4.2	1.5	96940.6	-999.9
Sikasso	2018	10	7	280	22.5	29.3	15.1	-999.9	4.2	1.3	96975.5	-999.9
Sikasso	2018	10	8	281	22.3	31.7	18.4	-999.9	8.4	1.2	96804.7	-999.9
Sikasso	2018	10	9	282	23.1	30.2	18.8	-999.9	4.2	1.6	96746.6	-999.9
Sikasso	2018	10	10	283	22.7	31.5	22.5	-999.9	4.2	1.2	96790.6	-999.9
Sikasso	2018	10	11	284	23.4	31.0	21.3	-999.9	0.0	1.3	96903.0	-999.9
Sikasso	2018	10	12	285	22.4	31.0	21.4	-999.9	0.0	1.3	96891.5	-999.9
Sikasso	2018	10	13	286	23.2	30.5	20.7	-999.9	7.7	1.4	96897.1	-999.9
Sikasso	2018	10	14	287	22.4	30.7	21.8	-999.9	0.0	1.4	96825.3	-999.9
Sikasso	2018	10	15	288	20.9	30.3	21.4	-999.9	0.0	1.1	96973.2	-999.9
Sikasso	2018	10	16	289	22.3	31.1	21.0	-999.9	3.5	1.1	97015.0	-999.9
Sikasso	2018	10	17	290	22.6	30.8	20.6	-999.9	0.0	1.1	96909.0	-999.9
Sikasso	2018	10	18	291	23.3	31.2	21.5	-999.9	7.1	1.4	96726.5	-999.9
Sikasso	2018	10	19	292	23.5	31.1	20.1	-999.9	3.5	1.5	96683.2	-999.9
Sikasso	2018	10	20	293	22.8	31.8	20.0	-999.9	3.5	1.4	96743.4	-999.9
Sikasso	2018	10	21	294	23.3	32.1	20.5	-999.9	7.5	1.0	96667.6	-999.9
Sikasso	2018	10	22	295	21.9	33.0	22.6	-999.9	0.0	1.4	96764.7	-999.9
Sikasso	2018	10	23	296	20.8	33.1	21.9	-999.9	0.0	1.1	96817.6	-999.9
Sikasso	2018	10	24	297	22.2	33.3	22.4	-999.9	0.0	1.1	96764.2	-999.9
Sikasso	2018	10	25	298	23.0	32.2	21.2	-999.9	7.5	1.5	96721.8	-999.9
Sikasso	2018	10	26	299	23.9	32.1	20.9	-999.9	0.0	1.3	96780.9	-999.9
Sikasso	2018	10	27	300	23.5	32.1	21.1	-999.9	5.6	1.3	96855.6	-999.9
Sikasso	2018	10	28	301	23.8	31.8	19.8	-999.9	3.8	1.1	96886.2	-999.9
Sikasso	2018	10	29	302	23.6	29.8	15.2	-999.9	3.8	1.5	96944.8	-999.9
Sikasso	2018	10	30	303	22.5	30.2	19.3	-999.9	0.0	1.0	96902.3	-999.9
Sikasso	2018	10	31	304	22.3	30.2	14.6	-999.9	1.9	1.2	96848.1	-999.9
Sikasso	2018	11	1	305	20.6	32.0	21.0	-999.9	0.0	1.4	96769.9	-999.9
Sikasso	2018	11	2	306	21.9	32.3	21.8	-999.9	0.0	1.4	96751.9	-999.9
Sikasso	2018	11	3	307	20.2	32.1	21.7	-999.9	0.0	1.0	96659.5	-999.9
Sikasso	2018	11	4	308	22.3	31.0	19.8	-999.9	0.0	1.2	96694.3	-999.9
Sikasso	2018	11	5	309	22.3	31.8	19.4	-999.9	0.0	1.3	96716.0	-999.9
Sikasso	2018	11	6	310	22.7	32.4	19.8	-999.9	0.0	1.3	96746.3	-999.9
Sikasso	2018	11	7	311	22.0	32.7	20.7	-999.9	0.0	1.2	96796.6	-999.9
Sikasso	2018	11	8	312	22.3	33.2	20.5	-999.9	0.0	1.5	96899.9	-999.9
Sikasso	2018	11	9	313	20.1	33.7	21.4	-999.9	0.0	1.4	96814.1	-999.9
Sikasso	2018	11	10	314	20.5	33.1	22.0	-999.9	0.0	1.0	96731.8	-999.9
Sikasso	2018	11	11	315	19.2	33.2	21.4	-999.9	0.0	1.4	96663.1	-999.9
Sikasso	2018	11	12	316	21.9	33.8	21.7	-999.9	0.0	1.0	96684.5	-999.9
Sikasso	2018	11	13	317	20.8	33.9	21.4	-999.9	0.0	1.3	96647.9	-999.9
Sikasso	2018	11	14	318	21.7	34.4	20.8	-999.9	0.0	1.4	96644.5	-999.9
Sikasso	2018	11	15	319	20.3	33.0	17.7	-999.9	0.0	0.9	96684.3	-999.9
Sikasso	2018	11	16	320	21.7	34.0	20.4	-999.9	0.0	0.9	96779.4	-999.9
Sikasso	2018	11	17	321	22.5	33.1	19.3	-999.9	0.0	1.5	96789.8	-999.9
Sikasso	2018	11	18	322	22.6	32.3	18.5	-999.9	0.0	1.4	96792.8	-999.9
Sikasso	2018	11	19	323	22.1	32.5	17.8	-999.9	3.8	1.3	96807.6	-999.9
Sikasso	2018	11	20	324	21.4	32.6	18.7	-999.9	0.0	1.5	96932.2	-999.9
Sikasso	2018	11	21	325	21.1	33.4	18.6	-999.9	0.0	1.0	96892.7	-999.9
Sikasso	2018	11	22	326	21.9	34.2	19.6	-999.9	0.0	1.6	96806.9	-999.9
Sikasso	2018	11	23	327	19.6	34.1	21.4	-999.9	0.0	1.6	96745.8	-999.9
Sikasso	2018	11	24	328	21.1	34.6	21.2	-999.9	0.0	1.5	96812.3	-999.9
Sikasso	2018	11	25	329	19.5	34.2	21.3	-999.9	0.0	1.6	96827.8	-999.9
Sikasso	2018	11	26	330	18.3	33.9	20.8	-999.9	0.0	1.9	96727.1	-999.9
Sikasso	2018	11	27	331	19.9	34.3	21.1	-999.9	0.0	1.7	96679.1	-999.9
Sikasso	2018	11	28	332	18.2	34.2	21.2	-999.9	0.0	1.7	96686.0	-999.9
Sikasso	2018	11	29	333	17.8	34.2	20.6	-999.9	0.0	1.8	96700.7	-999.9
Sikasso	2018	11	30	334	19.0	34.0	20.7	-999.9	0.0	2.0	96723.4	-999.9
Sikasso	2018	12	1	335	16.4	33.5	20.9	-999.9	0.9	2.0	96787.1	-999.9
Sikasso	2018	12	2	336	16.7	33.1	21.1	-999.9	0.0	1.9	96828.6	-999.9
Sikasso	2018	12	3	337	18.4	32.8	20.5	-999.9	0.0	1.9	96711.8	-999.9
Sikasso	2018	12	4	338	17.8	33.3	20.6	-999.9	0.0	2.1	96604.0	-999.9
Sikasso	2018	12	5	339	18.0	33.6	20.5	-999.9	0.0	2.1	96705.2	-999.9
Sikasso	2018	12	6	340	19.1	33.4	20.6	-999.9	0.0	2.1	96872.6	-999.9
Sikasso	2018	12	7	341	18.4	33.2	20.3	-999.9	0.0	2.1	96987.3	-999.9
Sikasso	2018	12	8	342	16.2	32.5	20.8	-999.9	0.0	2.0	97047.4	-999.9
Sikasso	2018	12	9	343	15.5	32.3	20.8	-999.9	0.0	2.0	97115.8	-999.9
Sikasso	2018	12	10	344	15.9	32.4	20.6	-999.9	0.0	2.0	97148.9	-999.9
Sikasso	2018	12	11	345	16.3	32.1	20.6	-999.9	0.0	1.9	97047.5	-999.9
Sikasso	2018	12	12	346	17.4	32.3	20.2	-999.9	0.0	2.1	97030.0	-999.9
Sikasso	2018	12	13	347	17.4	32.7	18.9	-999.9	0.0	1.9	97123.4	-999.9
Sikasso	2018	12	14	348	18.5	32.8	20.2	-999.9	0.0	2.3	97189.6	-999.9
Sikasso	2018	12	15	349	16.6	33.1	20.3	-999.9	0.0	2.2	97244.5	-999.9
Sikasso	2018	12	16	350	16.0	32.3	20.4	-999.9	0.0	2.1	97158.3	-999.9
Sikasso	2018	12	17	351	15.7	32.9	20.4	-999.9	0.0	1.8	97093.5	-999.9
Sikasso	2018	12	18	352	16.2	33.7	20.3	-999.9	0.0	1.9	97037.5	-999.9
Sikasso	2018	12	19	353	17.7	33.6	20.3	-999.9	0.0	2.0	96978.5	-999.9
Sikasso	2018	12	20	354	16.9	33.2	20.2	-999.9	0.0	1.9	96972.3	-999.9
Sikasso	2018	12	21	355	17.2	32.3	20.4	-999.9	0.2	2.0	96968.7	-999.9
Sikasso	2018	12	22	356	16.2	31.4	20.6	-999.9	0.0	2.0	96923.6	-999.9
Sikasso	2018	12	23	357	15.7	31.1	20.7	-999.9	0.1	2.2	96907.8	-999.9
Sikasso	2018	12	24	358	14.1	30.8	20.8	-999.9	0.0	2.1	96965.4	-999.9
Sikasso	2018	12	25	359	14.6	30.6	20.9	-999.9	0.0	2.2	96964.4	-999.9
Sikasso	2018	12	26	360	13.5	30.2	20.7	-999.9	0.0	2.0	97025.4	-999.9
Sikasso	2018	12	27	361	13.6	31.2	20.6	-999.9	0.0	2.0	96922.0	-999.9
Sikasso	2018	12	28	362	14.6	32.8	20.5	-999.9	0.0	1.8	96852.3	-999.9
Sikasso	2018	12	29	363	16.2	33.7	20.3	-999.9	0.0	1.8	96797.1	-999.9
Sikasso	2018	12	30	364	18.3	33.2	17.7	-999.9	0.0	2.0	96812.9	-999.9
Sikasso	2018	12	31	365	19.2	33.9	20.1	-999.9	0.0	2.2	96997.7	-999.9
