Sikasso	2000	1	1	1	18.9	29.9	14.3	-999.9	0.0	1.4	96498.4	-999.9
Sikasso	2000	1	2	2	19.9	28.2	12.5	-999.9	0.0	1.9	96613.1	-999.9
Sikasso	2000	1	3	3	17.9	26.0	14.3	-999.9	0.0	1.9	96728.3	-999.9
Sikasso	2000	1	4	4	15.8	28.8	17.5	-999.9	0.0	2.0	96661.1	-999.9
Sikasso	2000	1	5	5	15.7	29.4	19.0	-999.9	0.0	2.2	96649.4	-999.9
Sikasso	2000	1	6	6	15.4	30.6	19.7	-999.9	0.0	1.7	96622.5	-999.9
Sikasso	2000	1	7	7	16.9	31.9	20.3	-999.9	0.0	1.6	96623.4	-999.9
Sikasso	2000	1	8	8	17.1	32.9	20.1	-999.9	0.0	1.8	96598.7	-999.9
Sikasso	2000	1	9	9	17.0	32.6	20.2	-999.9	0.0	1.7	96554.2	-999.9
Sikasso	2000	1	10	10	20.0	31.0	18.0	-999.9	0.0	1.0	96524.2	-999.9
Sikasso	2000	1	11	11	20.4	31.8	19.7	-999.9	0.0	1.3	96598.3	-999.9
Sikasso	2000	1	12	12	20.9	31.8	19.2	-999.9	0.0	1.2	96597.4	-999.9
Sikasso	2000	1	13	13	20.3	32.1	20.4	-999.9	0.0	2.0	96622.6	-999.9
Sikasso	2000	1	14	14	17.7	31.4	20.6	-999.9	0.0	1.8	96560.5	-999.9
Sikasso	2000	1	15	15	17.8	32.4	19.6	-999.9	0.0	1.7	96571.1	-999.9
Sikasso	2000	1	16	16	18.9	33.9	20.8	-999.9	0.0	2.2	96682.2	-999.9
Sikasso	2000	1	17	17	19.7	34.6	20.9	-999.9	0.0	2.3	96740.3	-999.9
Sikasso	2000	1	18	18	19.4	34.3	21.1	-999.9	0.0	2.2	96711.2	-999.9
Sikasso	2000	1	19	19	18.1	35.0	21.2	-999.9	0.0	1.8	96573.9	-999.9
Sikasso	2000	1	20	20	17.6	34.6	20.8	-999.9	0.0	1.4	96640.1	-999.9
Sikasso	2000	1	21	21	22.1	32.6	17.1	-999.9	0.0	1.7	96740.7	-999.9
Sikasso	2000	1	22	22	22.5	34.1	18.1	-999.9	0.0	1.7	96720.8	-999.9
Sikasso	2000	1	23	23	21.5	34.7	20.1	-999.9	0.0	2.1	96624.2	-999.9
Sikasso	2000	1	24	24	19.8	35.1	21.0	-999.9	0.0	1.9	96612.9	-999.9
Sikasso	2000	1	25	25	18.4	34.8	20.2	-999.9	0.0	1.5	96680.9	-999.9
Sikasso	2000	1	26	26	22.6	35.9	20.0	-999.9	0.0	1.6	96726.1	-999.9
Sikasso	2000	1	27	27	20.8	36.4	21.3	-999.9	0.0	2.0	96709.7	-999.9
Sikasso	2000	1	28	28	18.8	35.9	22.0	-999.9	0.0	2.3	96695.5	-999.9
Sikasso	2000	1	29	29	19.7	35.3	22.0	-999.9	0.0	2.6	96842.3	-999.9
Sikasso	2000	1	30	30	20.0	34.3	22.1	-999.9	0.0	2.9	97006.7	-999.9
Sikasso	2000	1	31	31	19.0	33.0	22.0	-999.9	0.0	2.6	97101.7	-999.9
Sikasso	2000	2	1	32	17.7	30.8	22.1	-999.9	0.0	2.9	97131.6	-999.9
Sikasso	2000	2	2	33	15.6	29.9	22.4	-999.9	0.0	2.7	97186.0	-999.9
Sikasso	2000	2	3	34	13.8	29.3	22.5	-999.9	0.0	2.3	97141.1	-999.9
Sikasso	2000	2	4	35	13.4	29.8	22.9	-999.9	0.0	2.1	97120.8	-999.9
Sikasso	2000	2	5	36	13.7	30.9	22.6	-999.9	0.0	2.0	97077.6	-999.9
Sikasso	2000	2	6	37	14.4	31.4	22.7	-999.9	0.0	2.2	97036.9	-999.9
Sikasso	2000	2	7	38	15.0	31.0	22.9	-999.9	0.0	2.6	97083.8	-999.9
Sikasso	2000	2	8	39	14.8	30.5	23.0	-999.9	0.0	2.6	97167.8	-999.9
Sikasso	2000	2	9	40	14.3	29.8	22.9	-999.9	0.0	2.5	97142.0	-999.9
Sikasso	2000	2	10	41	13.6	30.5	23.1	-999.9	0.0	2.2	97003.8	-999.9
Sikasso	2000	2	11	42	14.7	31.3	23.1	-999.9	0.0	2.3	96933.4	-999.9
Sikasso	2000	2	12	43	15.3	32.0	23.1	-999.9	0.0	2.2	96902.5	-999.9
Sikasso	2000	2	13	44	15.7	32.8	23.1	-999.9	0.0	2.3	96895.6	-999.9
Sikasso	2000	2	14	45	15.9	32.4	23.2	-999.9	0.0	2.4	96905.5	-999.9
Sikasso	2000	2	15	46	15.7	32.5	23.2	-999.9	0.0	2.3	96886.5	-999.9
Sikasso	2000	2	16	47	16.6	33.1	23.4	-999.9	0.0	2.3	96895.5	-999.9
Sikasso	2000	2	17	48	16.7	32.8	23.3	-999.9	0.0	2.3	96870.6	-999.9
Sikasso	2000	2	18	49	16.3	33.4	23.4	-999.9	0.0	2.0	96816.8	-999.9
Sikasso	2000	2	19	50	17.3	34.5	23.5	-999.9	0.0	2.1	96786.9	-999.9
Sikasso	2000	2	20	51	17.9	35.5	23.5	-999.9	0.0	2.1	96700.0	-999.9
Sikasso	2000	2	21	52	19.5	35.9	23.6	-999.9	0.0	2.1	96717.2	-999.9
Sikasso	2000	2	22	53	17.9	36.6	23.6	-999.9	0.0	1.9	96743.2	-999.9
Sikasso	2000	2	23	54	19.2	37.2	23.8	-999.9	0.0	2.0	96604.2	-999.9
Sikasso	2000	2	24	55	19.5	37.4	23.7	-999.9	0.0	2.3	96541.6	-999.9
Sikasso	2000	2	25	56	22.0	37.1	24.0	-999.9	0.0	2.3	96633.4	-999.9
Sikasso	2000	2	26	57	21.3	36.4	24.3	-999.9	0.0	2.7	96717.6	-999.9
Sikasso	2000	2	27	58	20.5	35.1	24.2	-999.9	0.0	2.5	96707.0	-999.9
Sikasso	2000	2	28	59	19.6	35.3	24.4	-999.9	0.0	2.1	96685.5	-999.9
Sikasso	2000	2	29	60	19.4	36.2	24.4	-999.9	0.0	1.9	96762.3	-999.9
Sikasso	2000	3	1	61	20.2	36.1	24.4	-999.9	0.0	2.2	96816.9	-999.9
Sikasso	2000	3	2	62	20.2	36.6	24.4	-999.9	0.0	2.1	96741.3	-999.9
Sikasso	2000	3	3	63	20.6	36.7	24.7	-999.9	0.0	2.2	96683.1	-999.9
Sikasso	2000	3	4	64	19.7	37.1	24.8	-999.9	0.0	2.3	96686.1	-999.9
Sikasso	2000	3	5	65	20.9	37.5	25.0	-999.9	0.0	2.2	96671.7	-999.9
Sikasso	2000	3	6	66	21.1	37.7	25.4	-999.9	0.0	2.6	96708.0	-999.9
Sikasso	2000	3	7	67	21.2	37.2	25.4	-999.9	0.0	2.8	96709.9	-999.9
Sikasso	2000	3	8	68	21.2	37.1	25.4	-999.9	0.0	2.9	96754.7	-999.9
Sikasso	2000	3	9	69	21.4	36.8	25.6	-999.9	0.0	2.9	96834.3	-999.9
Sikasso	2000	3	10	70	20.0	35.9	25.7	-999.9	0.0	2.5	96752.4	-999.9
Sikasso	2000	3	11	71	19.4	36.0	25.7	-999.9	0.0	2.3	96699.4	-999.9
Sikasso	2000	3	12	72	19.4	36.0	25.8	-999.9	0.0	2.2	96653.8	-999.9
Sikasso	2000	3	13	73	19.6	36.1	25.7	-999.9	0.0	2.4	96696.8	-999.9
Sikasso	2000	3	14	74	19.6	36.4	25.6	-999.9	0.0	2.3	96680.2	-999.9
Sikasso	2000	3	15	75	18.4	36.9	25.7	-999.9	0.0	1.3	96548.9	-999.9
Sikasso	2000	3	16	76	19.3	37.2	25.7	-999.9	0.0	1.9	96480.3	-999.9
Sikasso	2000	3	17	77	20.4	37.7	25.6	-999.9	0.0	1.7	96386.4	-999.9
Sikasso	2000	3	18	78	19.0	37.6	25.6	-999.9	0.0	1.3	96366.0	-999.9
Sikasso	2000	3	19	79	22.7	35.9	22.5	-999.9	0.0	1.4	96375.7	-999.9
Sikasso	2000	3	20	80	21.0	36.4	24.7	-999.9	0.0	1.5	96480.2	-999.9
Sikasso	2000	3	21	81	19.1	36.3	25.7	-999.9	0.0	1.9	96486.9	-999.9
Sikasso	2000	3	22	82	19.2	36.8	25.8	-999.9	0.0	2.0	96529.6	-999.9
Sikasso	2000	3	23	83	20.0	37.8	25.3	-999.9	0.0	1.7	96490.1	-999.9
Sikasso	2000	3	24	84	23.8	37.3	22.7	-999.9	0.0	1.8	96488.8	-999.9
Sikasso	2000	3	25	85	21.3	39.1	26.0	-999.9	0.0	1.6	96411.7	-999.9
Sikasso	2000	3	26	86	23.1	37.7	24.3	-999.9	0.0	2.6	96360.3	-999.9
Sikasso	2000	3	27	87	24.6	35.2	22.8	-999.9	0.0	2.1	96470.0	-999.9
Sikasso	2000	3	28	88	23.7	37.0	22.2	-999.9	0.0	1.5	96444.6	-999.9
Sikasso	2000	3	29	89	24.9	36.8	23.3	-999.9	0.0	1.9	96416.2	-999.9
Sikasso	2000	3	30	90	26.7	37.8	23.4	-999.9	0.0	2.3	96406.5	-999.9
Sikasso	2000	3	31	91	25.1	37.9	23.9	-999.9	15.8	2.1	96357.3	-999.9
Sikasso	2000	4	1	92	26.0	38.5	24.1	-999.9	0.0	2.2	96239.9	-999.9
Sikasso	2000	4	2	93	26.5	37.5	23.4	-999.9	2.4	3.0	96326.2	-999.9
Sikasso	2000	4	3	94	26.9	37.3	23.5	-999.9	0.0	2.5	96519.5	-999.9
Sikasso	2000	4	4	95	24.3	35.4	21.4	-999.9	0.0	1.6	96655.9	-999.9
Sikasso	2000	4	5	96	23.5	35.9	19.7	-999.9	2.4	1.6	96618.8	-999.9
Sikasso	2000	4	6	97	25.8	36.9	22.0	-999.9	0.0	1.8	96452.5	-999.9
Sikasso	2000	4	7	98	26.7	37.4	23.2	-999.9	0.0	2.6	96426.8	-999.9
Sikasso	2000	4	8	99	27.3	37.8	22.9	-999.9	1.8	2.3	96391.5	-999.9
Sikasso	2000	4	9	100	27.4	38.4	23.5	-999.9	3.6	2.3	96357.5	-999.9
Sikasso	2000	4	10	101	25.3	38.2	24.1	-999.9	5.4	2.1	96355.6	-999.9
Sikasso	2000	4	11	102	24.0	38.1	23.9	-999.9	3.5	2.3	96432.6	-999.9
Sikasso	2000	4	12	103	24.9	37.6	23.8	-999.9	1.7	2.3	96442.5	-999.9
Sikasso	2000	4	13	104	25.4	37.2	23.2	-999.9	0.0	2.1	96407.2	-999.9
Sikasso	2000	4	14	105	26.2	37.3	24.1	-999.9	0.0	2.0	96449.3	-999.9
Sikasso	2000	4	15	106	26.3	38.2	24.2	-999.9	0.0	2.1	96378.7	-999.9
Sikasso	2000	4	16	107	26.2	37.7	23.6	-999.9	6.1	2.3	96456.5	-999.9
Sikasso	2000	4	17	108	26.4	37.4	23.6	-999.9	6.1	2.1	96501.4	-999.9
Sikasso	2000	4	18	109	26.0	37.3	24.3	-999.9	0.0	2.3	96530.3	-999.9
Sikasso	2000	4	19	110	25.8	37.6	23.7	-999.9	0.0	2.1	96588.3	-999.9
Sikasso	2000	4	20	111	24.6	38.6	24.2	-999.9	0.0	1.8	96461.4	-999.9
Sikasso	2000	4	21	112	22.4	37.8	26.7	-999.9	0.0	1.7	96553.5	-999.9
Sikasso	2000	4	22	113	24.4	36.4	23.5	-999.9	0.0	2.1	96653.3	-999.9
Sikasso	2000	4	23	114	25.6	37.1	22.4	-999.9	0.0	2.0	96648.5	-999.9
Sikasso	2000	4	24	115	23.6	35.7	23.0	-999.9	3.4	1.5	96593.7	-999.9
Sikasso	2000	4	25	116	23.3	36.3	24.4	-999.9	0.0	2.0	96526.0	-999.9
Sikasso	2000	4	26	117	25.7	36.3	24.1	-999.9	0.0	2.2	96498.1	-999.9
Sikasso	2000	4	27	118	25.9	37.4	25.2	-999.9	0.0	2.3	96513.9	-999.9
Sikasso	2000	4	28	119	26.3	37.8	23.7	-999.9	3.2	2.2	96484.7	-999.9
Sikasso	2000	4	29	120	23.7	35.8	21.4	-999.9	4.8	2.2	96571.6	-999.9
Sikasso	2000	4	30	121	23.9	34.8	23.6	-999.9	0.0	2.0	96676.8	-999.9
Sikasso	2000	5	1	122	25.6	36.3	22.6	-999.9	5.5	2.0	96587.4	-999.9
Sikasso	2000	5	2	123	23.1	33.3	21.7	-999.9	0.0	1.9	96637.3	-999.9
Sikasso	2000	5	3	124	24.2	34.1	24.2	-999.9	5.5	1.9	96689.3	-999.9
Sikasso	2000	5	4	125	24.5	34.0	23.9	-999.9	0.0	1.4	96695.0	-999.9
Sikasso	2000	5	5	126	26.1	36.6	24.4	-999.9	0.0	1.8	96462.8	-999.9
Sikasso	2000	5	6	127	26.4	37.1	22.9	-999.9	4.4	2.6	96427.6	-999.9
Sikasso	2000	5	7	128	23.9	35.8	24.5	-999.9	2.2	2.0	96498.9	-999.9
Sikasso	2000	5	8	129	26.3	35.9	23.9	-999.9	2.2	2.1	96586.1	-999.9
Sikasso	2000	5	9	130	25.5	35.6	22.4	-999.9	0.0	2.0	96575.3	-999.9
Sikasso	2000	5	10	131	27.1	36.4	24.0	-999.9	4.4	2.0	96561.3	-999.9
Sikasso	2000	5	11	132	25.3	36.2	24.2	-999.9	4.2	1.8	96657.4	-999.9
Sikasso	2000	5	12	133	24.7	35.5	24.4	-999.9	4.2	2.0	96662.7	-999.9
Sikasso	2000	5	13	134	24.7	36.1	23.6	-999.9	0.0	2.3	96622.7	-999.9
Sikasso	2000	5	14	135	24.3	34.5	23.2	-999.9	0.0	2.2	96636.8	-999.9
Sikasso	2000	5	15	136	25.1	34.1	23.9	-999.9	0.0	2.1	96689.6	-999.9
Sikasso	2000	5	16	137	24.2	34.2	23.6	-999.9	0.0	1.6	96812.9	-999.9
Sikasso	2000	5	17	138	25.0	35.7	24.5	-999.9	0.0	1.8	96731.5	-999.9
Sikasso	2000	5	18	139	26.5	36.9	24.2	-999.9	5.2	2.1	96579.1	-999.9
Sikasso	2000	5	19	140	26.8	37.3	24.6	-999.9	0.0	2.8	96517.2	-999.9
Sikasso	2000	5	20	141	25.7	35.9	23.0	-999.9	7.7	2.4	96626.8	-999.9
Sikasso	2000	5	21	142	24.2	32.1	17.4	-999.9	6.7	1.9	96799.1	-999.9
Sikasso	2000	5	22	143	23.6	29.4	14.2	-999.9	3.3	1.8	96968.1	-999.9
Sikasso	2000	5	23	144	23.7	32.3	21.3	-999.9	0.0	1.8	96978.7	-999.9
Sikasso	2000	5	24	145	22.6	30.8	19.0	-999.9	6.7	2.8	96961.5	-999.9
Sikasso	2000	5	25	146	23.0	32.9	23.8	-999.9	0.0	1.6	96905.2	-999.9
Sikasso	2000	5	26	147	23.5	34.5	25.2	-999.9	4.9	1.8	96816.6	-999.9
Sikasso	2000	5	27	148	24.0	32.5	21.4	-999.9	4.9	2.5	96758.3	-999.9
Sikasso	2000	5	28	149	24.2	33.5	23.0	-999.9	9.7	1.9	96747.1	-999.9
Sikasso	2000	5	29	150	24.7	34.9	24.2	-999.9	9.7	1.8	96691.8	-999.9
Sikasso	2000	5	30	151	25.1	33.7	23.6	-999.9	4.9	1.9	96629.6	-999.9
Sikasso	2000	5	31	152	23.8	33.4	21.0	-999.9	4.9	2.4	96698.4	-999.9
Sikasso	2000	6	1	153	23.5	34.0	24.0	-999.9	0.0	2.0	96797.0	-999.9
Sikasso	2000	6	2	154	24.0	34.7	24.0	-999.9	0.0	2.2	96796.7	-999.9
Sikasso	2000	6	3	155	25.4	35.6	24.5	-999.9	12.8	2.6	96632.3	-999.9
Sikasso	2000	6	4	156	24.4	34.1	21.6	-999.9	38.3	2.7	96710.5	-999.9
Sikasso	2000	6	5	157	24.0	32.9	22.7	-999.9	0.0	2.2	96842.9	-999.9
Sikasso	2000	6	6	158	22.6	31.0	19.7	-999.9	9.1	2.2	96976.5	-999.9
Sikasso	2000	6	7	159	23.4	30.5	20.0	-999.9	4.6	1.7	96951.9	-999.9
Sikasso	2000	6	8	160	22.9	32.2	24.0	-999.9	0.0	1.9	96947.8	-999.9
Sikasso	2000	6	9	161	23.3	33.5	24.7	-999.9	0.0	1.2	97007.5	-999.9
Sikasso	2000	6	10	162	24.9	33.8	23.5	-999.9	9.1	1.9	96899.8	-999.9
Sikasso	2000	6	11	163	24.6	32.1	19.5	-999.9	7.0	2.1	96942.0	-999.9
Sikasso	2000	6	12	164	22.7	33.7	24.2	-999.9	0.0	2.1	96917.9	-999.9
Sikasso	2000	6	13	165	24.5	34.2	24.4	-999.9	3.5	1.8	96870.8	-999.9
Sikasso	2000	6	14	166	24.8	34.1	23.9	-999.9	3.5	1.8	96793.9	-999.9
Sikasso	2000	6	15	167	25.6	34.4	23.1	-999.9	7.0	2.3	96676.0	-999.9
Sikasso	2000	6	16	168	24.1	32.6	21.1	-999.9	0.0	2.5	96667.7	-999.9
Sikasso	2000	6	17	169	24.4	31.4	17.1	-999.9	15.2	2.2	96815.7	-999.9
Sikasso	2000	6	18	170	23.6	31.7	18.8	-999.9	0.0	1.8	96912.0	-999.9
Sikasso	2000	6	19	171	23.4	33.1	22.8	-999.9	7.6	1.6	96814.0	-999.9
Sikasso	2000	6	20	172	23.5	32.1	22.3	-999.9	7.6	1.5	96806.9	-999.9
Sikasso	2000	6	21	173	22.6	30.8	20.1	-999.9	12.5	1.5	96923.9	-999.9
Sikasso	2000	6	22	174	22.1	31.1	22.6	-999.9	0.0	1.5	97005.0	-999.9
Sikasso	2000	6	23	175	23.6	30.6	21.2	-999.9	6.2	1.8	97065.3	-999.9
Sikasso	2000	6	24	176	22.8	31.6	21.8	-999.9	0.0	1.5	96940.3	-999.9
Sikasso	2000	6	25	177	23.0	31.1	22.9	-999.9	0.0	1.6	96908.8	-999.9
Sikasso	2000	6	26	178	22.4	30.7	19.4	-999.9	7.4	1.2	96982.2	-999.9
Sikasso	2000	6	27	179	22.5	31.1	22.3	-999.9	0.0	1.7	96974.2	-999.9
Sikasso	2000	6	28	180	23.3	31.7	24.0	-999.9	0.0	1.5	96927.4	-999.9
Sikasso	2000	6	29	181	23.0	31.5	23.5	-999.9	0.0	2.0	96853.9	-999.9
Sikasso	2000	6	30	182	23.6	31.7	22.0	-999.9	29.8	2.2	96741.6	-999.9
Sikasso	2000	7	1	183	23.1	29.7	18.7	-999.9	0.0	2.1	96727.5	-999.9
Sikasso	2000	7	2	184	22.5	30.8	21.3	-999.9	0.0	2.0	96817.5	-999.9
Sikasso	2000	7	3	185	23.3	31.7	22.8	-999.9	5.8	2.1	96738.8	-999.9
Sikasso	2000	7	4	186	23.1	30.5	21.1	-999.9	11.6	2.2	96683.0	-999.9
Sikasso	2000	7	5	187	22.3	29.9	18.2	-999.9	0.0	1.9	96753.9	-999.9
Sikasso	2000	7	6	188	22.4	31.4	23.0	-999.9	0.0	1.8	96925.1	-999.9
Sikasso	2000	7	7	189	23.6	28.6	15.4	-999.9	9.5	1.4	97028.7	-999.9
Sikasso	2000	7	8	190	22.6	31.7	23.3	-999.9	0.0	1.9	96920.9	-999.9
Sikasso	2000	7	9	191	23.3	31.9	23.4	-999.9	19.0	2.0	96907.1	-999.9
Sikasso	2000	7	10	192	23.2	32.0	23.4	-999.9	0.0	2.0	96814.4	-999.9
Sikasso	2000	7	11	193	23.4	31.1	20.7	-999.9	0.0	2.0	96827.0	-999.9
Sikasso	2000	7	12	194	22.6	29.1	16.6	-999.9	0.0	1.3	96961.7	-999.9
Sikasso	2000	7	13	195	22.7	31.5	22.1	-999.9	0.0	1.1	96909.2	-999.9
Sikasso	2000	7	14	196	23.0	30.1	16.5	-999.9	36.0	2.5	96859.4	-999.9
Sikasso	2000	7	15	197	22.5	28.9	15.1	-999.9	0.0	2.7	96794.1	-999.9
Sikasso	2000	7	16	198	23.3	29.5	20.3	-999.9	5.1	2.1	96863.1	-999.9
Sikasso	2000	7	17	199	22.8	30.2	21.2	-999.9	5.1	1.7	96977.2	-999.9
Sikasso	2000	7	18	200	22.3	24.3	5.6	-999.9	0.0	1.5	97028.1	-999.9
Sikasso	2000	7	19	201	21.6	28.3	17.3	-999.9	0.0	2.5	96856.5	-999.9
Sikasso	2000	7	20	202	21.7	28.9	20.3	-999.9	0.0	2.2	96805.1	-999.9
Sikasso	2000	7	21	203	22.5	29.5	20.7	-999.9	21.1	2.0	96837.8	-999.9
Sikasso	2000	7	22	204	21.3	25.1	9.4	-999.9	10.5	1.7	96872.0	-999.9
Sikasso	2000	7	23	205	21.0	28.4	17.0	-999.9	0.0	1.7	96825.8	-999.9
Sikasso	2000	7	24	206	21.7	29.1	19.4	-999.9	0.0	2.2	96849.9	-999.9
Sikasso	2000	7	25	207	21.7	25.7	10.1	-999.9	21.1	2.0	96873.7	-999.9
Sikasso	2000	7	26	208	21.0	27.7	19.1	-999.9	32.0	2.1	96952.6	-999.9
Sikasso	2000	7	27	209	20.8	28.5	20.7	-999.9	0.0	1.7	96922.0	-999.9
Sikasso	2000	7	28	210	21.5	30.1	22.6	-999.9	0.0	1.6	96787.0	-999.9
Sikasso	2000	7	29	211	21.9	29.2	18.9	-999.9	32.0	2.3	96677.4	-999.9
Sikasso	2000	7	30	212	21.6	27.3	12.8	-999.9	21.3	2.4	96830.6	-999.9
Sikasso	2000	7	31	213	21.4	26.6	12.7	-999.9	0.0	1.9	96968.3	-999.9
Sikasso	2000	8	1	214	20.9	29.4	21.0	-999.9	0.0	1.7	96858.6	-999.9
Sikasso	2000	8	2	215	21.6	24.1	8.2	-999.9	42.3	2.0	96863.3	-999.9
Sikasso	2000	8	3	216	21.6	27.5	15.6	-999.9	7.1	2.0	97102.5	-999.9
Sikasso	2000	8	4	217	21.1	28.7	19.2	-999.9	7.1	1.4	97152.4	-999.9
Sikasso	2000	8	5	218	22.0	29.6	20.5	-999.9	14.1	1.7	97042.4	-999.9
Sikasso	2000	8	6	219	21.4	29.8	19.3	-999.9	17.6	1.6	96914.6	-999.9
Sikasso	2000	8	7	220	21.3	28.8	19.4	-999.9	0.0	1.7	96966.2	-999.9
Sikasso	2000	8	8	221	21.2	29.4	21.7	-999.9	0.0	1.4	96991.9	-999.9
Sikasso	2000	8	9	222	21.5	28.6	16.3	-999.9	8.8	1.8	97036.7	-999.9
Sikasso	2000	8	10	223	21.7	25.9	9.6	-999.9	8.8	1.7	97106.0	-999.9
Sikasso	2000	8	11	224	20.9	28.7	21.8	-999.9	10.2	1.6	97072.2	-999.9
Sikasso	2000	8	12	225	21.4	29.3	18.9	-999.9	0.0	1.6	96933.1	-999.9
Sikasso	2000	8	13	226	21.8	30.4	23.5	-999.9	10.2	1.6	96939.3	-999.9
Sikasso	2000	8	14	227	22.2	28.8	16.3	-999.9	10.2	1.4	97016.1	-999.9
Sikasso	2000	8	15	228	21.6	26.6	15.4	-999.9	20.4	2.3	97048.7	-999.9
Sikasso	2000	8	16	229	21.4	28.6	19.2	-999.9	0.0	2.0	97030.0	-999.9
Sikasso	2000	8	17	230	21.7	29.5	22.4	-999.9	0.0	1.6	96953.8	-999.9
Sikasso	2000	8	18	231	21.8	29.4	20.9	-999.9	0.0	1.7	96959.3	-999.9
Sikasso	2000	8	19	232	21.5	25.9	12.8	-999.9	23.6	1.8	97102.2	-999.9
Sikasso	2000	8	20	233	21.3	28.6	20.8	-999.9	7.9	1.2	97163.7	-999.9
Sikasso	2000	8	21	234	22.3	26.3	11.8	-999.9	28.5	1.5	97085.9	-999.9
Sikasso	2000	8	22	235	21.8	30.0	21.8	-999.9	0.0	1.5	96941.7	-999.9
Sikasso	2000	8	23	236	21.6	29.6	18.7	-999.9	28.5	1.5	97000.5	-999.9
Sikasso	2000	8	24	237	21.9	29.9	20.3	-999.9	9.5	1.6	97100.0	-999.9
Sikasso	2000	8	25	238	21.6	30.2	21.8	-999.9	19.0	1.1	96960.3	-999.9
Sikasso	2000	8	26	239	22.2	29.4	20.7	-999.9	14.0	1.3	96852.6	-999.9
Sikasso	2000	8	27	240	22.1	29.3	17.3	-999.9	0.0	1.4	96828.0	-999.9
Sikasso	2000	8	28	241	21.7	31.2	23.0	-999.9	7.0	1.3	96810.1	-999.9
Sikasso	2000	8	29	242	23.2	30.5	21.3	-999.9	21.0	1.5	96861.8	-999.9
Sikasso	2000	8	30	243	21.8	30.5	23.0	-999.9	7.0	1.6	96802.5	-999.9
Sikasso	2000	8	31	244	22.7	29.7	17.9	-999.9	7.0	1.4	96811.7	-999.9
Sikasso	2000	9	1	245	22.2	29.3	16.5	-999.9	0.0	1.5	96809.6	-999.9
Sikasso	2000	9	2	246	20.9	30.2	20.3	-999.9	0.0	1.0	96889.0	-999.9
Sikasso	2000	9	3	247	21.9	30.8	22.5	-999.9	0.0	1.3	96802.7	-999.9
Sikasso	2000	9	4	248	24.0	31.1	21.0	-999.9	18.7	1.9	96683.3	-999.9
Sikasso	2000	9	5	249	24.0	30.5	19.4	-999.9	18.7	1.9	96730.4	-999.9
Sikasso	2000	9	6	250	22.4	29.8	20.1	-999.9	8.5	1.6	96802.2	-999.9
Sikasso	2000	9	7	251	22.0	30.5	22.4	-999.9	0.0	1.3	96762.9	-999.9
Sikasso	2000	9	8	252	22.6	30.1	21.0	-999.9	16.9	1.5	96636.0	-999.9
Sikasso	2000	9	9	253	21.7	27.2	13.5	-999.9	0.0	1.7	96756.1	-999.9
Sikasso	2000	9	10	254	20.7	30.1	23.6	-999.9	8.5	1.1	96876.8	-999.9
Sikasso	2000	9	11	255	22.7	30.0	21.9	-999.9	11.3	1.7	96691.2	-999.9
Sikasso	2000	9	12	256	21.9	30.0	17.0	-999.9	11.3	1.7	96655.9	-999.9
Sikasso	2000	9	13	257	21.2	27.7	15.3	-999.9	0.0	2.0	96901.6	-999.9
Sikasso	2000	9	14	258	21.8	29.9	22.3	-999.9	11.3	1.7	96990.8	-999.9
Sikasso	2000	9	15	259	22.4	29.3	18.4	-999.9	0.0	1.5	96931.7	-999.9
Sikasso	2000	9	16	260	21.3	28.1	18.7	-999.9	0.0	1.8	96947.1	-999.9
Sikasso	2000	9	17	261	21.1	29.3	21.0	-999.9	0.0	1.2	96995.4	-999.9
Sikasso	2000	9	18	262	21.9	27.2	10.9	-999.9	21.4	1.4	96938.5	-999.9
Sikasso	2000	9	19	263	21.3	28.5	16.6	-999.9	0.0	1.5	96891.7	-999.9
Sikasso	2000	9	20	264	21.2	29.1	19.3	-999.9	0.0	1.5	96892.3	-999.9
Sikasso	2000	9	21	265	21.1	28.5	16.8	-999.9	0.0	1.1	97006.7	-999.9
Sikasso	2000	9	22	266	21.7	31.2	22.4	-999.9	0.0	1.3	96901.2	-999.9
Sikasso	2000	9	23	267	20.6	30.5	23.1	-999.9	0.0	2.0	96790.0	-999.9
Sikasso	2000	9	24	268	21.0	29.5	17.8	-999.9	22.3	1.6	96783.0	-999.9
Sikasso	2000	9	25	269	22.2	29.4	19.8	-999.9	22.3	1.3	96889.6	-999.9
Sikasso	2000	9	26	270	21.6	29.0	18.9	-999.9	0.0	1.2	96982.3	-999.9
Sikasso	2000	9	27	271	22.3	30.1	21.1	-999.9	7.7	1.7	96860.9	-999.9
Sikasso	2000	9	28	272	22.0	28.2	15.1	-999.9	15.4	1.7	96836.2	-999.9
Sikasso	2000	9	29	273	21.0	28.6	17.3	-999.9	7.7	1.5	96827.2	-999.9
Sikasso	2000	9	30	274	21.1	28.9	17.7	-999.9	0.0	1.8	96910.7	-999.9
Sikasso	2000	10	1	275	21.4	29.7	20.9	-999.9	4.5	1.3	97055.3	-999.9
Sikasso	2000	10	2	276	21.0	30.3	21.3	-999.9	0.0	0.9	97060.1	-999.9
Sikasso	2000	10	3	277	21.7	29.0	16.0	-999.9	0.0	1.2	96886.6	-999.9
Sikasso	2000	10	4	278	22.5	30.6	22.6	-999.9	0.0	1.6	96740.8	-999.9
Sikasso	2000	10	5	279	21.8	29.9	20.9	-999.9	0.0	1.8	96811.8	-999.9
Sikasso	2000	10	6	280	22.0	31.0	22.6	-999.9	0.0	1.5	96833.7	-999.9
Sikasso	2000	10	7	281	20.9	32.0	23.8	-999.9	0.0	1.4	96808.4	-999.9
Sikasso	2000	10	8	282	22.3	31.0	21.8	-999.9	0.0	1.6	96847.4	-999.9
Sikasso	2000	10	9	283	22.5	30.8	21.1	-999.9	15.4	1.8	96843.2	-999.9
Sikasso	2000	10	10	284	21.2	30.3	19.4	-999.9	15.4	1.6	96745.6	-999.9
Sikasso	2000	10	11	285	20.9	26.8	10.4	-999.9	12.8	1.8	96828.0	-999.9
Sikasso	2000	10	12	286	21.1	30.1	20.4	-999.9	0.0	1.4	96928.8	-999.9
Sikasso	2000	10	13	287	20.9	29.1	17.3	-999.9	0.0	1.1	96980.0	-999.9
Sikasso	2000	10	14	288	22.0	30.0	18.2	-999.9	0.0	1.2	96869.5	-999.9
Sikasso	2000	10	15	289	21.8	29.6	20.5	-999.9	0.0	1.4	96886.9	-999.9
Sikasso	2000	10	16	290	20.5	30.7	22.0	-999.9	0.0	1.3	96974.6	-999.9
Sikasso	2000	10	17	291	20.4	31.1	20.8	-999.9	0.0	1.1	97050.8	-999.9
Sikasso	2000	10	18	292	21.6	31.1	22.1	-999.9	0.0	1.4	97015.3	-999.9
Sikasso	2000	10	19	293	22.4	31.0	20.4	-999.9	2.2	1.5	96877.9	-999.9
Sikasso	2000	10	20	294	21.9	30.1	18.5	-999.9	0.0	1.1	96801.1	-999.9
Sikasso	2000	10	21	295	21.6	30.1	19.6	-999.9	0.0	1.0	96827.6	-999.9
Sikasso	2000	10	22	296	22.1	30.1	19.7	-999.9	6.8	1.1	96827.7	-999.9
Sikasso	2000	10	23	297	22.0	30.4	20.3	-999.9	0.0	1.3	96864.8	-999.9
Sikasso	2000	10	24	298	22.3	30.2	20.3	-999.9	0.0	1.4	96760.4	-999.9
Sikasso	2000	10	25	299	21.4	31.0	19.0	-999.9	3.4	1.0	96796.0	-999.9
Sikasso	2000	10	26	300	21.1	32.0	20.5	-999.9	0.0	1.5	96788.2	-999.9
Sikasso	2000	10	27	301	18.9	32.9	22.3	-999.9	0.0	1.5	96838.3	-999.9
Sikasso	2000	10	28	302	19.8	32.4	21.3	-999.9	0.0	1.4	96844.0	-999.9
Sikasso	2000	10	29	303	22.0	31.7	20.7	-999.9	0.0	1.5	96864.5	-999.9
Sikasso	2000	10	30	304	22.2	31.5	19.6	-999.9	0.0	1.1	96802.8	-999.9
Sikasso	2000	10	31	305	22.6	31.8	20.1	-999.9	3.0	1.2	96799.3	-999.9
Sikasso	2000	11	1	306	22.1	32.3	18.4	-999.9	0.0	1.4	96749.1	-999.9
Sikasso	2000	11	2	307	20.5	32.9	22.1	-999.9	0.0	1.0	96666.3	-999.9
Sikasso	2000	11	3	308	19.9	32.8	21.1	-999.9	0.0	1.2	96587.9	-999.9
Sikasso	2000	11	4	309	21.9	33.9	20.2	-999.9	0.0	1.4	96656.7	-999.9
Sikasso	2000	11	5	310	21.3	34.3	22.1	-999.9	0.0	1.3	96661.3	-999.9
Sikasso	2000	11	6	311	21.2	33.5	21.1	-999.9	0.0	1.7	96634.8	-999.9
Sikasso	2000	11	7	312	19.8	33.4	21.2	-999.9	0.0	1.3	96497.3	-999.9
Sikasso	2000	11	8	313	18.8	33.5	21.9	-999.9	0.0	1.5	96351.3	-999.9
Sikasso	2000	11	9	314	19.8	32.6	19.4	-999.9	0.0	1.5	96476.6	-999.9
Sikasso	2000	11	10	315	21.8	33.3	20.2	-999.9	0.0	1.5	96527.0	-999.9
Sikasso	2000	11	11	316	22.4	32.5	18.0	-999.9	0.0	1.3	96560.6	-999.9
Sikasso	2000	11	12	317	21.7	32.4	20.0	-999.9	3.6	1.1	96637.2	-999.9
Sikasso	2000	11	13	318	21.2	32.8	19.3	-999.9	0.0	1.2	96595.9	-999.9
Sikasso	2000	11	14	319	20.6	32.9	20.2	-999.9	0.0	1.2	96560.7	-999.9
Sikasso	2000	11	15	320	21.1	32.4	19.3	-999.9	0.0	1.3	96681.0	-999.9
Sikasso	2000	11	16	321	21.3	34.1	20.7	-999.9	0.0	1.5	96721.6	-999.9
Sikasso	2000	11	17	322	19.8	34.5	21.6	-999.9	0.0	1.8	96738.1	-999.9
Sikasso	2000	11	18	323	17.3	33.5	21.9	-999.9	0.0	1.6	96711.3	-999.9
Sikasso	2000	11	19	324	18.9	32.4	20.9	-999.9	0.0	1.0	96722.4	-999.9
Sikasso	2000	11	20	325	19.2	33.4	21.0	-999.9	0.0	1.4	96838.0	-999.9
Sikasso	2000	11	21	326	18.1	33.6	21.2	-999.9	0.0	1.7	96868.3	-999.9
Sikasso	2000	11	22	327	18.4	33.0	21.2	-999.9	0.0	1.3	96862.5	-999.9
Sikasso	2000	11	23	328	18.3	33.2	21.2	-999.9	0.0	1.8	96908.8	-999.9
Sikasso	2000	11	24	329	16.9	33.6	21.5	-999.9	0.0	1.9	96881.8	-999.9
Sikasso	2000	11	25	330	17.2	33.0	21.6	-999.9	0.0	1.9	96902.4	-999.9
Sikasso	2000	11	26	331	16.1	33.4	21.3	-999.9	0.0	1.8	96976.1	-999.9
Sikasso	2000	11	27	332	15.7	34.2	21.3	-999.9	0.0	2.1	97021.8	-999.9
Sikasso	2000	11	28	333	16.4	34.5	21.3	-999.9	0.0	2.0	96955.9	-999.9
Sikasso	2000	11	29	334	17.6	34.0	21.3	-999.9	0.0	2.2	96931.8	-999.9
Sikasso	2000	11	30	335	18.2	33.1	21.3	-999.9	0.0	2.1	96933.0	-999.9
Sikasso	2000	12	1	336	16.6	32.7	20.8	-999.9	0.0	2.1	96966.2	-999.9
Sikasso	2000	12	2	337	17.1	32.7	20.7	-999.9	0.0	2.0	97026.9	-999.9
Sikasso	2000	12	3	338	16.6	32.2	21.1	-999.9	0.0	2.2	97018.1	-999.9
Sikasso	2000	12	4	339	15.4	32.5	21.0	-999.9	0.0	2.0	96915.1	-999.9
Sikasso	2000	12	5	340	16.1	32.8	20.8	-999.9	0.0	1.9	96892.1	-999.9
Sikasso	2000	12	6	341	18.9	31.9	19.0	-999.9	0.2	2.0	96942.4	-999.9
Sikasso	2000	12	7	342	17.5	31.3	19.1	-999.9	0.0	1.9	97017.0	-999.9
Sikasso	2000	12	8	343	16.8	31.8	19.4	-999.9	0.4	1.8	96955.2	-999.9
Sikasso	2000	12	9	344	16.9	31.3	19.5	-999.9	0.0	1.8	96906.4	-999.9
Sikasso	2000	12	10	345	15.9	31.5	20.7	-999.9	0.0	1.9	96893.7	-999.9
Sikasso	2000	12	11	346	15.4	31.3	20.7	-999.9	0.0	1.9	97008.6	-999.9
Sikasso	2000	12	12	347	16.5	31.1	20.3	-999.9	0.0	2.0	96998.1	-999.9
Sikasso	2000	12	13	348	16.2	31.1	20.1	-999.9	0.0	2.0	96876.9	-999.9
Sikasso	2000	12	14	349	16.4	30.7	19.5	-999.9	0.4	2.2	96838.6	-999.9
Sikasso	2000	12	15	350	15.5	30.6	20.1	-999.9	0.0	2.0	96741.6	-999.9
Sikasso	2000	12	16	351	14.7	31.5	20.4	-999.9	0.0	1.7	96738.5	-999.9
Sikasso	2000	12	17	352	15.0	32.3	20.3	-999.9	0.0	1.7	96758.0	-999.9
Sikasso	2000	12	18	353	16.0	32.8	20.3	-999.9	0.0	1.8	96773.4	-999.9
Sikasso	2000	12	19	354	16.1	32.8	20.4	-999.9	0.0	1.8	96868.4	-999.9
Sikasso	2000	12	20	355	15.0	32.9	20.7	-999.9	0.0	1.6	96760.0	-999.9
Sikasso	2000	12	21	356	14.8	32.3	20.5	-999.9	0.0	1.2	96838.9	-999.9
Sikasso	2000	12	22	357	15.2	33.0	20.5	-999.9	0.0	1.7	96896.5	-999.9
Sikasso	2000	12	23	358	15.4	32.8	20.6	-999.9	0.0	2.0	96936.1	-999.9
Sikasso	2000	12	24	359	14.1	33.4	20.7	-999.9	0.0	2.0	96965.2	-999.9
Sikasso	2000	12	25	360	14.9	33.3	20.6	-999.9	0.0	2.0	96909.1	-999.9
Sikasso	2000	12	26	361	15.3	33.8	20.3	-999.9	0.0	1.2	96914.4	-999.9
Sikasso	2000	12	27	362	16.5	34.1	20.7	-999.9	0.0	1.9	96923.7	-999.9
Sikasso	2000	12	28	363	16.3	34.3	20.7	-999.9	0.0	2.1	96925.1	-999.9
Sikasso	2000	12	29	364	16.2	33.6	20.7	-999.9	0.0	1.9	96876.7	-999.9
Sikasso	2000	12	30	365	15.4	33.6	20.8	-999.9	0.0	1.8	96805.1	-999.9
Sikasso	2000	12	31	366	15.1	33.5	20.9	-999.9	0.0	1.5	96784.8	-999.9
