Sikasso	2016	1	1	1	14.8	30.5	20.4	-999.9	0.0	2.1	97117.7	-999.9
Sikasso	2016	1	2	2	14.7	29.9	20.1	-999.9	0.0	2.1	97119.9	-999.9
Sikasso	2016	1	3	3	15.7	30.2	19.7	-999.9	0.0	2.2	97108.0	-999.9
Sikasso	2016	1	4	4	15.0	30.1	20.3	-999.9	0.0	2.1	97069.4	-999.9
Sikasso	2016	1	5	5	14.9	28.9	17.0	-999.9	0.4	2.4	97173.5	-999.9
Sikasso	2016	1	6	6	11.9	23.7	11.6	-999.9	0.1	2.0	97393.9	-999.9
Sikasso	2016	1	7	7	16.4	26.9	11.7	-999.9	0.2	1.3	97294.2	-999.9
Sikasso	2016	1	8	8	18.1	28.6	14.9	-999.9	0.1	1.9	97154.6	-999.9
Sikasso	2016	1	9	9	19.4	32.1	19.7	-999.9	0.0	2.0	97134.8	-999.9
Sikasso	2016	1	10	10	17.4	31.3	19.2	-999.9	0.0	2.0	97025.3	-999.9
Sikasso	2016	1	11	11	16.4	33.6	21.0	-999.9	0.0	2.2	96867.2	-999.9
Sikasso	2016	1	12	12	16.8	34.1	21.0	-999.9	0.0	2.3	96790.0	-999.9
Sikasso	2016	1	13	13	17.2	33.4	21.2	-999.9	0.0	2.2	96857.5	-999.9
Sikasso	2016	1	14	14	16.0	32.1	21.4	-999.9	0.0	2.1	96859.9	-999.9
Sikasso	2016	1	15	15	14.4	32.9	21.2	-999.9	0.0	2.0	96895.3	-999.9
Sikasso	2016	1	16	16	15.7	32.7	20.7	-999.9	0.0	2.0	96876.4	-999.9
Sikasso	2016	1	17	17	16.5	32.9	21.1	-999.9	0.0	2.1	96848.7	-999.9
Sikasso	2016	1	18	18	17.1	33.7	21.3	-999.9	0.0	2.1	96837.6	-999.9
Sikasso	2016	1	19	19	17.7	33.6	20.6	-999.9	0.0	2.0	96817.7	-999.9
Sikasso	2016	1	20	20	17.3	33.6	21.3	-999.9	0.0	2.1	96824.5	-999.9
Sikasso	2016	1	21	21	17.4	32.6	20.0	-999.9	0.0	2.2	96955.5	-999.9
Sikasso	2016	1	22	22	18.1	32.3	19.9	-999.9	0.2	2.4	97100.3	-999.9
Sikasso	2016	1	23	23	16.5	30.6	19.0	-999.9	0.0	2.9	97265.2	-999.9
Sikasso	2016	1	24	24	16.7	32.6	21.5	-999.9	0.0	2.2	97232.9	-999.9
Sikasso	2016	1	25	25	17.3	32.1	21.6	-999.9	0.0	2.4	97263.3	-999.9
Sikasso	2016	1	26	26	17.3	31.8	21.6	-999.9	0.0	2.4	97292.7	-999.9
Sikasso	2016	1	27	27	18.1	30.6	19.9	-999.9	0.0	2.5	97229.7	-999.9
Sikasso	2016	1	28	28	17.8	30.9	21.7	-999.9	0.0	2.7	97183.0	-999.9
Sikasso	2016	1	29	29	15.9	29.9	22.1	-999.9	0.0	3.0	97178.4	-999.9
Sikasso	2016	1	30	30	14.6	30.7	22.2	-999.9	0.0	2.2	97147.8	-999.9
Sikasso	2016	1	31	31	15.4	31.4	22.0	-999.9	0.0	2.1	97166.7	-999.9
Sikasso	2016	2	1	32	14.3	31.1	22.3	-999.9	0.0	2.5	97094.4	-999.9
Sikasso	2016	2	2	33	14.2	29.1	22.4	-999.9	0.0	2.3	97066.6	-999.9
Sikasso	2016	2	3	34	12.7	30.6	22.5	-999.9	0.0	2.1	96991.4	-999.9
Sikasso	2016	2	4	35	14.1	33.3	22.5	-999.9	0.0	2.1	97034.6	-999.9
Sikasso	2016	2	5	36	16.3	33.9	22.4	-999.9	0.0	2.1	97031.0	-999.9
Sikasso	2016	2	6	37	17.6	34.7	22.4	-999.9	0.0	2.2	97070.2	-999.9
Sikasso	2016	2	7	38	18.6	33.5	22.8	-999.9	0.0	3.0	97164.6	-999.9
Sikasso	2016	2	8	39	17.4	33.0	23.0	-999.9	0.0	2.6	97229.0	-999.9
Sikasso	2016	2	9	40	17.0	33.0	22.9	-999.9	0.0	2.3	97241.7	-999.9
Sikasso	2016	2	10	41	16.7	32.9	23.0	-999.9	0.0	2.3	97061.3	-999.9
Sikasso	2016	2	11	42	16.7	33.4	23.1	-999.9	0.0	2.1	96955.2	-999.9
Sikasso	2016	2	12	43	16.7	33.5	23.1	-999.9	0.0	2.1	96962.3	-999.9
Sikasso	2016	2	13	44	16.3	33.9	23.3	-999.9	0.0	2.1	96942.4	-999.9
Sikasso	2016	2	14	45	17.4	34.1	22.1	-999.9	0.0	1.9	96906.3	-999.9
Sikasso	2016	2	15	46	18.0	34.0	21.9	-999.9	0.0	1.9	96761.4	-999.9
Sikasso	2016	2	16	47	18.3	34.4	20.6	-999.9	0.0	1.7	96784.8	-999.9
Sikasso	2016	2	17	48	20.4	35.3	20.9	-999.9	0.0	2.4	96920.4	-999.9
Sikasso	2016	2	18	49	19.4	34.8	23.0	-999.9	0.0	2.2	96907.3	-999.9
Sikasso	2016	2	19	50	18.1	36.2	23.0	-999.9	0.0	1.8	96698.7	-999.9
Sikasso	2016	2	20	51	20.7	37.2	23.1	-999.9	0.0	2.3	96645.9	-999.9
Sikasso	2016	2	21	52	20.4	37.8	23.8	-999.9	0.0	2.6	96699.3	-999.9
Sikasso	2016	2	22	53	20.7	37.2	23.7	-999.9	0.0	2.3	96721.5	-999.9
Sikasso	2016	2	23	54	20.0	37.8	23.6	-999.9	0.0	2.2	96699.0	-999.9
Sikasso	2016	2	24	55	21.0	37.6	24.0	-999.9	0.0	2.1	96668.6	-999.9
Sikasso	2016	2	25	56	20.9	37.5	24.2	-999.9	0.0	2.1	96706.4	-999.9
Sikasso	2016	2	26	57	20.7	37.4	24.4	-999.9	0.0	2.0	96695.8	-999.9
Sikasso	2016	2	27	58	18.9	37.8	24.4	-999.9	0.0	1.6	96561.4	-999.9
Sikasso	2016	2	28	59	18.6	37.1	24.3	-999.9	0.0	1.7	96564.3	-999.9
Sikasso	2016	2	29	60	19.2	36.8	23.8	-999.9	0.0	1.8	96733.7	-999.9
Sikasso	2016	3	1	61	22.4	35.7	18.9	-999.9	0.0	1.4	96987.2	-999.9
Sikasso	2016	3	2	62	23.8	38.2	23.8	-999.9	0.0	2.4	96854.1	-999.9
Sikasso	2016	3	3	63	21.8	37.0	24.3	-999.9	0.0	2.4	96637.4	-999.9
Sikasso	2016	3	4	64	20.5	37.1	24.6	-999.9	0.0	1.9	96636.7	-999.9
Sikasso	2016	3	5	65	19.5	37.3	25.0	-999.9	0.0	2.2	96772.8	-999.9
Sikasso	2016	3	6	66	20.5	37.7	24.7	-999.9	0.0	2.2	96718.1	-999.9
Sikasso	2016	3	7	67	20.7	37.5	24.7	-999.9	0.0	2.2	96663.7	-999.9
Sikasso	2016	3	8	68	22.9	37.7	23.3	-999.9	0.0	2.0	96640.0	-999.9
Sikasso	2016	3	9	69	23.9	37.1	22.6	-999.9	0.0	2.0	96665.0	-999.9
Sikasso	2016	3	10	70	24.7	37.6	22.8	-999.9	0.0	1.7	96609.5	-999.9
Sikasso	2016	3	11	71	24.8	38.1	22.4	-999.9	0.0	2.1	96539.7	-999.9
Sikasso	2016	3	12	72	27.3	38.1	22.8	-999.9	0.0	1.9	96609.2	-999.9
Sikasso	2016	3	13	73	26.5	37.7	23.0	-999.9	0.0	2.0	96619.5	-999.9
Sikasso	2016	3	14	74	26.6	37.2	22.3	-999.9	0.0	2.5	96759.0	-999.9
Sikasso	2016	3	15	75	25.7	36.9	22.4	-999.9	0.0	1.8	96833.0	-999.9
Sikasso	2016	3	16	76	26.5	36.9	22.8	-999.9	0.0	1.6	96828.8	-999.9
Sikasso	2016	3	17	77	24.9	36.5	23.0	-999.9	0.0	1.1	96860.1	-999.9
Sikasso	2016	3	18	78	22.1	37.6	25.6	-999.9	0.0	1.7	96799.7	-999.9
Sikasso	2016	3	19	79	21.1	37.4	24.8	-999.9	0.0	1.7	96701.2	-999.9
Sikasso	2016	3	20	80	27.3	36.3	21.2	-999.9	0.0	1.7	96758.9	-999.9
Sikasso	2016	3	21	81	24.9	37.9	22.8	-999.9	2.9	1.9	96816.2	-999.9
Sikasso	2016	3	22	82	24.9	38.0	22.3	-999.9	0.0	1.9	96819.1	-999.9
Sikasso	2016	3	23	83	25.2	38.3	25.2	-999.9	0.0	2.0	96696.0	-999.9
Sikasso	2016	3	24	84	21.7	37.5	25.5	-999.9	2.9	1.6	96672.1	-999.9
Sikasso	2016	3	25	85	23.0	34.8	21.2	-999.9	0.0	2.3	96931.3	-999.9
Sikasso	2016	3	26	86	21.3	35.9	25.5	-999.9	0.0	2.0	96972.0	-999.9
Sikasso	2016	3	27	87	22.1	37.3	25.5	-999.9	0.0	1.9	96829.3	-999.9
Sikasso	2016	3	28	88	23.6	38.5	25.5	-999.9	0.0	1.8	96679.0	-999.9
Sikasso	2016	3	29	89	22.7	38.9	25.0	-999.9	0.0	1.7	96582.4	-999.9
Sikasso	2016	3	30	90	25.1	39.5	25.1	-999.9	0.0	1.9	96596.4	-999.9
Sikasso	2016	3	31	91	27.7	38.4	23.2	-999.9	0.0	2.8	96665.4	-999.9
Sikasso	2016	4	1	92	25.4	39.2	25.1	-999.9	0.0	1.9	96646.7	-999.9
Sikasso	2016	4	2	93	24.3	38.5	25.4	-999.9	0.0	2.1	96577.9	-999.9
Sikasso	2016	4	3	94	27.9	38.2	22.5	-999.9	0.0	2.0	96597.7	-999.9
Sikasso	2016	4	4	95	26.6	38.4	22.5	-999.9	8.3	1.8	96687.4	-999.9
Sikasso	2016	4	5	96	26.7	34.1	18.2	-999.9	0.0	2.1	96732.5	-999.9
Sikasso	2016	4	6	97	26.6	36.4	22.2	-999.9	0.0	1.8	96499.8	-999.9
Sikasso	2016	4	7	98	26.0	35.9	22.3	-999.9	0.0	2.6	96481.4	-999.9
Sikasso	2016	4	8	99	25.1	36.1	22.7	-999.9	0.0	2.4	96659.1	-999.9
Sikasso	2016	4	9	100	25.0	36.4	22.5	-999.9	13.6	1.9	96768.3	-999.9
Sikasso	2016	4	10	101	25.0	34.3	20.0	-999.9	0.0	1.9	96703.3	-999.9
Sikasso	2016	4	11	102	24.1	35.4	18.3	-999.9	19.0	1.8	96737.7	-999.9
Sikasso	2016	4	12	103	25.5	38.3	24.3	-999.9	0.0	2.1	96680.9	-999.9
Sikasso	2016	4	13	104	25.3	40.0	25.8	-999.9	0.0	2.1	96520.0	-999.9
Sikasso	2016	4	14	105	25.0	39.6	25.4	-999.9	0.0	2.0	96495.5	-999.9
Sikasso	2016	4	15	106	27.2	39.2	24.9	-999.9	0.0	2.2	96540.3	-999.9
Sikasso	2016	4	16	107	27.6	38.6	24.3	-999.9	0.0	2.0	96663.9	-999.9
Sikasso	2016	4	17	108	25.9	40.4	25.6	-999.9	0.0	2.0	96727.2	-999.9
Sikasso	2016	4	18	109	27.2	38.4	23.5	-999.9	0.0	2.1	96792.2	-999.9
Sikasso	2016	4	19	110	27.1	38.6	24.0	-999.9	0.0	1.8	96734.1	-999.9
Sikasso	2016	4	20	111	28.2	38.9	23.5	-999.9	0.0	2.0	96632.4	-999.9
Sikasso	2016	4	21	112	27.7	38.4	24.1	-999.9	0.0	2.3	96653.8	-999.9
Sikasso	2016	4	22	113	27.4	39.8	24.1	-999.9	5.1	2.5	96580.1	-999.9
Sikasso	2016	4	23	114	29.5	39.0	24.0	-999.9	0.0	2.2	96527.8	-999.9
Sikasso	2016	4	24	115	28.2	37.7	22.2	-999.9	0.0	2.5	96476.3	-999.9
Sikasso	2016	4	25	116	25.9	37.9	23.6	-999.9	10.1	1.9	96426.3	-999.9
Sikasso	2016	4	26	117	27.9	38.2	23.2	-999.9	4.9	2.2	96435.1	-999.9
Sikasso	2016	4	27	118	24.9	35.3	17.0	-999.9	14.8	2.3	96601.2	-999.9
Sikasso	2016	4	28	119	26.4	37.5	23.8	-999.9	0.0	1.7	96590.4	-999.9
Sikasso	2016	4	29	120	25.2	37.9	24.5	-999.9	0.0	2.0	96593.3	-999.9
Sikasso	2016	4	30	121	28.4	38.3	24.6	-999.9	0.0	2.0	96568.1	-999.9
Sikasso	2016	5	1	122	28.8	38.6	23.9	-999.9	2.4	2.1	96481.8	-999.9
Sikasso	2016	5	2	123	26.9	37.0	23.4	-999.9	2.4	2.3	96527.5	-999.9
Sikasso	2016	5	3	124	27.7	36.9	21.9	-999.9	0.0	2.2	96605.1	-999.9
Sikasso	2016	5	4	125	25.0	37.3	24.6	-999.9	0.0	2.3	96660.4	-999.9
Sikasso	2016	5	5	126	28.6	37.6	24.5	-999.9	0.0	2.2	96689.8	-999.9
Sikasso	2016	5	6	127	25.4	35.8	23.9	-999.9	5.1	2.5	96766.1	-999.9
Sikasso	2016	5	7	128	25.7	34.0	20.7	-999.9	1.7	1.9	96807.3	-999.9
Sikasso	2016	5	8	129	26.5	36.0	24.1	-999.9	0.0	1.9	96742.2	-999.9
Sikasso	2016	5	9	130	27.2	36.9	24.2	-999.9	0.0	2.2	96799.9	-999.9
Sikasso	2016	5	10	131	25.8	38.1	24.0	-999.9	1.7	2.1	96786.7	-999.9
Sikasso	2016	5	11	132	28.3	37.9	24.6	-999.9	5.9	1.6	96747.4	-999.9
Sikasso	2016	5	12	133	26.1	38.0	24.6	-999.9	5.9	2.4	96697.3	-999.9
Sikasso	2016	5	13	134	25.6	36.2	23.0	-999.9	5.9	2.9	96675.9	-999.9
Sikasso	2016	5	14	135	25.9	33.1	15.6	-999.9	0.0	2.6	96845.3	-999.9
Sikasso	2016	5	15	136	25.9	35.5	23.1	-999.9	0.0	2.0	96860.3	-999.9
Sikasso	2016	5	16	137	27.0	36.2	24.2	-999.9	3.9	2.1	96924.4	-999.9
Sikasso	2016	5	17	138	26.5	37.1	24.6	-999.9	3.9	2.2	96802.3	-999.9
Sikasso	2016	5	18	139	25.2	34.0	22.8	-999.9	3.9	2.8	96867.2	-999.9
Sikasso	2016	5	19	140	25.6	35.2	24.0	-999.9	0.0	2.0	96904.9	-999.9
Sikasso	2016	5	20	141	26.3	36.0	23.0	-999.9	7.8	1.7	96859.5	-999.9
Sikasso	2016	5	21	142	25.8	36.3	24.2	-999.9	0.0	1.7	96790.4	-999.9
Sikasso	2016	5	22	143	26.5	37.7	24.9	-999.9	0.0	2.6	96796.7	-999.9
Sikasso	2016	5	23	144	26.6	37.8	24.8	-999.9	0.0	2.7	96854.1	-999.9
Sikasso	2016	5	24	145	26.5	36.5	23.7	-999.9	16.9	2.6	96879.0	-999.9
Sikasso	2016	5	25	146	25.3	30.3	13.9	-999.9	0.0	2.4	96978.3	-999.9
Sikasso	2016	5	26	147	24.7	34.2	22.8	-999.9	0.0	1.6	96922.2	-999.9
Sikasso	2016	5	27	148	26.6	35.5	23.1	-999.9	5.3	1.9	96946.3	-999.9
Sikasso	2016	5	28	149	25.4	34.0	20.5	-999.9	5.3	2.7	97032.9	-999.9
Sikasso	2016	5	29	150	25.5	34.8	23.5	-999.9	5.3	2.5	96828.8	-999.9
Sikasso	2016	5	30	151	26.4	35.3	23.5	-999.9	0.0	2.4	96748.4	-999.9
Sikasso	2016	5	31	152	25.8	35.6	24.0	-999.9	0.0	2.2	96808.6	-999.9
Sikasso	2016	6	1	153	26.0	36.8	24.1	-999.9	0.0	2.4	96855.9	-999.9
Sikasso	2016	6	2	154	26.7	36.9	24.5	-999.9	0.0	2.2	96838.8	-999.9
Sikasso	2016	6	3	155	26.9	36.1	24.1	-999.9	0.0	2.8	96879.9	-999.9
Sikasso	2016	6	4	156	26.7	36.3	23.9	-999.9	0.0	1.9	96921.4	-999.9
Sikasso	2016	6	5	157	23.3	34.4	19.6	-999.9	19.9	1.8	96908.1	-999.9
Sikasso	2016	6	6	158	25.6	35.3	20.7	-999.9	0.0	1.6	96830.8	-999.9
Sikasso	2016	6	7	159	26.4	35.1	23.3	-999.9	6.3	2.0	96862.8	-999.9
Sikasso	2016	6	8	160	25.7	35.5	23.9	-999.9	6.3	1.9	96856.8	-999.9
Sikasso	2016	6	9	161	24.1	35.6	24.4	-999.9	19.0	2.6	96824.4	-999.9
Sikasso	2016	6	10	162	23.7	31.2	18.0	-999.9	19.0	1.9	96903.5	-999.9
Sikasso	2016	6	11	163	23.3	30.3	18.8	-999.9	0.0	2.2	97043.4	-999.9
Sikasso	2016	6	12	164	22.8	30.7	19.7	-999.9	7.0	2.3	97185.4	-999.9
Sikasso	2016	6	13	165	22.9	30.6	20.3	-999.9	21.0	2.6	97117.1	-999.9
Sikasso	2016	6	14	166	24.2	32.3	24.1	-999.9	0.0	2.7	97121.4	-999.9
Sikasso	2016	6	15	167	23.9	30.0	17.0	-999.9	7.0	2.7	97187.3	-999.9
Sikasso	2016	6	16	168	23.5	30.5	20.6	-999.9	22.6	2.6	97011.1	-999.9
Sikasso	2016	6	17	169	23.3	27.0	10.7	-999.9	0.0	1.6	97036.6	-999.9
Sikasso	2016	6	18	170	22.2	30.7	20.9	-999.9	0.0	1.5	97121.6	-999.9
Sikasso	2016	6	19	171	23.8	33.0	23.8	-999.9	0.0	2.7	96926.1	-999.9
Sikasso	2016	6	20	172	24.9	33.3	22.9	-999.9	0.0	3.7	96657.1	-999.9
Sikasso	2016	6	21	173	24.5	30.4	18.4	-999.9	0.0	3.4	96814.5	-999.9
Sikasso	2016	6	22	174	23.5	30.5	19.5	-999.9	0.0	2.4	96968.2	-999.9
Sikasso	2016	6	23	175	22.7	30.3	19.4	-999.9	0.0	1.8	97034.2	-999.9
Sikasso	2016	6	24	176	23.1	30.8	20.5	-999.9	11.5	1.3	96957.5	-999.9
Sikasso	2016	6	25	177	23.1	30.0	16.1	-999.9	11.5	1.6	96960.4	-999.9
Sikasso	2016	6	26	178	22.5	31.3	22.8	-999.9	0.0	1.6	97024.8	-999.9
Sikasso	2016	6	27	179	23.0	30.8	18.1	-999.9	10.8	1.8	97043.3	-999.9
Sikasso	2016	6	28	180	23.1	31.2	22.6	-999.9	0.0	1.8	97084.1	-999.9
Sikasso	2016	6	29	181	23.0	31.1	18.2	-999.9	5.4	2.0	97082.5	-999.9
Sikasso	2016	6	30	182	24.3	32.5	22.4	-999.9	27.1	1.6	97019.1	-999.9
Sikasso	2016	7	1	183	23.1	31.5	22.1	-999.9	0.0	1.7	97078.1	-999.9
Sikasso	2016	7	2	184	23.4	31.3	21.8	-999.9	6.4	1.7	97092.8	-999.9
Sikasso	2016	7	3	185	23.5	31.5	22.1	-999.9	12.7	1.6	97130.2	-999.9
Sikasso	2016	7	4	186	22.8	29.6	14.6	-999.9	12.7	2.0	97125.9	-999.9
Sikasso	2016	7	5	187	24.1	30.8	19.6	-999.9	0.0	2.1	97085.8	-999.9
Sikasso	2016	7	6	188	23.6	31.5	22.0	-999.9	10.2	1.8	96974.0	-999.9
Sikasso	2016	7	7	189	23.6	31.7	21.0	-999.9	0.0	1.8	96967.6	-999.9
Sikasso	2016	7	8	190	24.2	32.1	22.8	-999.9	0.0	1.8	97051.3	-999.9
Sikasso	2016	7	9	191	25.0	31.6	19.6	-999.9	30.5	2.6	96938.6	-999.9
Sikasso	2016	7	10	192	24.3	30.6	18.7	-999.9	0.0	3.0	96853.0	-999.9
Sikasso	2016	7	11	193	23.1	30.5	18.8	-999.9	18.3	2.4	96851.6	-999.9
Sikasso	2016	7	12	194	22.5	27.5	11.1	-999.9	18.3	2.0	96965.2	-999.9
Sikasso	2016	7	13	195	22.1	30.0	21.3	-999.9	0.0	1.8	96940.0	-999.9
Sikasso	2016	7	14	196	22.7	30.7	19.6	-999.9	36.5	1.8	96880.0	-999.9
Sikasso	2016	7	15	197	22.3	28.9	13.6	-999.9	0.0	1.6	96811.5	-999.9
Sikasso	2016	7	16	198	22.1	30.4	20.3	-999.9	0.0	2.3	96788.2	-999.9
Sikasso	2016	7	17	199	23.5	30.4	21.6	-999.9	0.0	2.1	96769.3	-999.9
Sikasso	2016	7	18	200	22.7	29.6	18.5	-999.9	5.4	2.0	96931.9	-999.9
Sikasso	2016	7	19	201	23.0	29.4	18.7	-999.9	0.0	1.9	96988.4	-999.9
Sikasso	2016	7	20	202	22.3	27.9	12.7	-999.9	16.1	2.4	96927.9	-999.9
Sikasso	2016	7	21	203	21.8	27.2	17.8	-999.9	0.0	3.0	96904.4	-999.9
Sikasso	2016	7	22	204	22.7	28.6	16.8	-999.9	0.0	2.8	96921.9	-999.9
Sikasso	2016	7	23	205	22.1	29.0	18.8	-999.9	0.0	2.6	96924.9	-999.9
Sikasso	2016	7	24	206	22.5	28.7	18.3	-999.9	17.3	2.0	96926.1	-999.9
Sikasso	2016	7	25	207	22.3	27.9	16.3	-999.9	8.6	1.3	96887.7	-999.9
Sikasso	2016	7	26	208	22.4	29.2	18.4	-999.9	13.3	1.2	96883.5	-999.9
Sikasso	2016	7	27	209	22.8	30.1	20.3	-999.9	0.0	2.1	96827.6	-999.9
Sikasso	2016	7	28	210	23.1	29.7	19.9	-999.9	13.3	1.8	96918.0	-999.9
Sikasso	2016	7	29	211	21.8	29.7	19.3	-999.9	13.3	1.3	96944.3	-999.9
Sikasso	2016	7	30	212	21.9	29.8	19.4	-999.9	0.0	1.8	96948.4	-999.9
Sikasso	2016	7	31	213	22.7	29.1	18.0	-999.9	39.8	1.8	96923.5	-999.9
Sikasso	2016	8	1	214	21.8	30.0	20.7	-999.9	9.1	1.7	97024.1	-999.9
Sikasso	2016	8	2	215	22.4	30.5	21.5	-999.9	9.1	1.7	97050.3	-999.9
Sikasso	2016	8	3	216	23.0	28.4	14.3	-999.9	18.2	2.0	96927.1	-999.9
Sikasso	2016	8	4	217	23.0	28.4	13.4	-999.9	0.0	1.6	96909.8	-999.9
Sikasso	2016	8	5	218	22.5	29.4	20.2	-999.9	0.0	1.8	97009.4	-999.9
Sikasso	2016	8	6	219	22.2	29.9	17.5	-999.9	29.0	2.3	97073.2	-999.9
Sikasso	2016	8	7	220	22.6	29.1	15.6	-999.9	14.5	2.3	96960.6	-999.9
Sikasso	2016	8	8	221	23.1	31.0	22.5	-999.9	0.0	1.8	96908.1	-999.9
Sikasso	2016	8	9	222	23.2	30.5	18.9	-999.9	29.0	1.5	96933.1	-999.9
Sikasso	2016	8	10	223	22.7	28.8	16.5	-999.9	29.0	2.1	96931.4	-999.9
Sikasso	2016	8	11	224	22.5	28.5	16.8	-999.9	23.3	1.4	97003.1	-999.9
Sikasso	2016	8	12	225	22.1	29.8	20.7	-999.9	23.3	1.2	97064.1	-999.9
Sikasso	2016	8	13	226	22.3	27.3	13.1	-999.9	0.0	1.3	96960.8	-999.9
Sikasso	2016	8	14	227	21.7	29.3	18.2	-999.9	0.0	2.4	96890.5	-999.9
Sikasso	2016	8	15	228	21.9	29.7	19.9	-999.9	11.6	1.8	96996.0	-999.9
Sikasso	2016	8	16	229	22.0	29.7	19.9	-999.9	29.2	1.8	97011.8	-999.9
Sikasso	2016	8	17	230	22.5	28.7	16.1	-999.9	0.0	1.5	96932.5	-999.9
Sikasso	2016	8	18	231	21.9	25.1	6.7	-999.9	19.5	1.9	96960.9	-999.9
Sikasso	2016	8	19	232	21.6	29.2	19.4	-999.9	19.5	2.1	96934.1	-999.9
Sikasso	2016	8	20	233	22.0	30.3	21.6	-999.9	19.5	1.5	96944.3	-999.9
Sikasso	2016	8	21	234	22.6	30.6	21.8	-999.9	14.5	1.5	96999.5	-999.9
Sikasso	2016	8	22	235	22.7	29.9	17.6	-999.9	14.5	2.0	96952.0	-999.9
Sikasso	2016	8	23	236	23.7	30.4	20.5	-999.9	7.3	1.6	96957.9	-999.9
Sikasso	2016	8	24	237	22.9	29.8	17.6	-999.9	21.8	1.4	96886.9	-999.9
Sikasso	2016	8	25	238	22.8	29.0	18.8	-999.9	14.5	1.8	96840.3	-999.9
Sikasso	2016	8	26	239	22.2	29.4	20.3	-999.9	0.0	1.8	96842.9	-999.9
Sikasso	2016	8	27	240	22.6	30.6	21.9	-999.9	23.4	1.7	96790.8	-999.9
Sikasso	2016	8	28	241	22.5	26.3	10.7	-999.9	11.7	1.2	96815.8	-999.9
Sikasso	2016	8	29	242	22.0	29.0	18.0	-999.9	0.0	2.6	96952.6	-999.9
Sikasso	2016	8	30	243	22.2	29.0	19.1	-999.9	0.0	1.5	97115.8	-999.9
Sikasso	2016	8	31	244	22.1	30.0	17.7	-999.9	23.4	1.4	97035.3	-999.9
Sikasso	2016	9	1	245	21.8	30.1	20.5	-999.9	14.4	1.3	97074.1	-999.9
Sikasso	2016	9	2	246	22.4	30.7	23.7	-999.9	28.8	1.5	96981.7	-999.9
Sikasso	2016	9	3	247	22.9	30.2	18.7	-999.9	0.0	1.3	96892.1	-999.9
Sikasso	2016	9	4	248	22.3	30.8	20.0	-999.9	0.0	1.4	96879.6	-999.9
Sikasso	2016	9	5	249	23.1	29.7	19.5	-999.9	14.4	1.8	96970.9	-999.9
Sikasso	2016	9	6	250	22.3	30.0	18.7	-999.9	5.1	1.6	97066.8	-999.9
Sikasso	2016	9	7	251	22.8	30.5	20.3	-999.9	0.0	1.1	97080.4	-999.9
Sikasso	2016	9	8	252	22.9	31.2	23.0	-999.9	0.0	1.2	97009.3	-999.9
Sikasso	2016	9	9	253	23.5	29.9	20.3	-999.9	15.3	1.2	97034.7	-999.9
Sikasso	2016	9	10	254	22.9	30.1	21.0	-999.9	10.2	1.2	97110.3	-999.9
Sikasso	2016	9	11	255	22.4	29.3	17.6	-999.9	9.6	1.2	97014.8	-999.9
Sikasso	2016	9	12	256	22.5	29.8	15.6	-999.9	9.6	1.3	96960.4	-999.9
Sikasso	2016	9	13	257	22.9	29.8	19.2	-999.9	19.2	1.6	96945.5	-999.9
Sikasso	2016	9	14	258	22.0	29.7	18.1	-999.9	19.2	1.0	96886.9	-999.9
Sikasso	2016	9	15	259	21.8	29.1	18.8	-999.9	19.2	1.5	96878.0	-999.9
Sikasso	2016	9	16	260	22.9	29.4	20.0	-999.9	0.0	1.8	97004.8	-999.9
Sikasso	2016	9	17	261	21.5	30.4	21.8	-999.9	0.0	1.1	97006.3	-999.9
Sikasso	2016	9	18	262	21.8	30.2	20.3	-999.9	10.3	1.3	97006.8	-999.9
Sikasso	2016	9	19	263	21.2	30.0	21.2	-999.9	10.3	1.2	97012.3	-999.9
Sikasso	2016	9	20	264	22.4	30.7	22.0	-999.9	5.2	1.2	96927.5	-999.9
Sikasso	2016	9	21	265	22.8	30.6	19.8	-999.9	0.0	1.1	96857.9	-999.9
Sikasso	2016	9	22	266	22.7	30.9	22.6	-999.9	0.0	1.4	96951.3	-999.9
Sikasso	2016	9	23	267	22.4	30.7	21.3	-999.9	0.0	1.3	97083.2	-999.9
Sikasso	2016	9	24	268	22.2	30.1	18.8	-999.9	0.0	0.9	96992.2	-999.9
Sikasso	2016	9	25	269	22.8	30.7	18.0	-999.9	27.8	1.4	96783.4	-999.9
Sikasso	2016	9	26	270	22.6	28.9	14.6	-999.9	10.6	2.1	96854.1	-999.9
Sikasso	2016	9	27	271	21.7	29.7	18.8	-999.9	0.0	0.9	96988.5	-999.9
Sikasso	2016	9	28	272	22.1	30.9	22.0	-999.9	21.2	1.1	96909.9	-999.9
Sikasso	2016	9	29	273	22.7	31.0	21.3	-999.9	0.0	1.4	96910.6	-999.9
Sikasso	2016	9	30	274	22.6	31.4	22.1	-999.9	0.0	1.1	96941.8	-999.9
Sikasso	2016	10	1	275	22.5	31.7	22.2	-999.9	0.0	1.1	96876.3	-999.9
Sikasso	2016	10	2	276	22.5	32.2	22.8	-999.9	7.1	1.3	96795.1	-999.9
Sikasso	2016	10	3	277	22.5	31.5	22.7	-999.9	0.0	1.1	96836.0	-999.9
Sikasso	2016	10	4	278	23.4	32.2	23.4	-999.9	0.0	1.3	96840.9	-999.9
Sikasso	2016	10	5	279	23.2	32.4	23.1	-999.9	3.6	1.2	96686.0	-999.9
Sikasso	2016	10	6	280	24.0	32.7	22.0	-999.9	5.4	1.0	96605.1	-999.9
Sikasso	2016	10	7	281	22.8	33.2	22.4	-999.9	0.0	1.2	96692.2	-999.9
Sikasso	2016	10	8	282	23.4	32.7	22.1	-999.9	0.0	1.5	96771.6	-999.9
Sikasso	2016	10	9	283	22.4	31.9	21.8	-999.9	0.0	2.2	96875.2	-999.9
Sikasso	2016	10	10	284	22.6	32.3	22.4	-999.9	0.0	1.5	96883.0	-999.9
Sikasso	2016	10	11	285	23.7	33.5	21.9	-999.9	4.7	1.2	96813.4	-999.9
Sikasso	2016	10	12	286	24.2	33.5	22.5	-999.9	0.0	2.0	96766.6	-999.9
Sikasso	2016	10	13	287	23.8	33.3	22.5	-999.9	0.0	1.4	96840.1	-999.9
Sikasso	2016	10	14	288	24.2	33.2	21.5	-999.9	2.4	1.4	96806.8	-999.9
Sikasso	2016	10	15	289	22.1	32.4	19.9	-999.9	2.4	1.2	96808.8	-999.9
Sikasso	2016	10	16	290	22.5	32.4	21.4	-999.9	2.9	1.4	96842.6	-999.9
Sikasso	2016	10	17	291	23.9	34.7	22.6	-999.9	0.0	1.5	96793.9	-999.9
Sikasso	2016	10	18	292	23.1	33.4	22.2	-999.9	2.9	1.5	96791.2	-999.9
Sikasso	2016	10	19	293	22.8	33.2	22.1	-999.9	2.9	1.7	96824.8	-999.9
Sikasso	2016	10	20	294	21.4	33.4	22.4	-999.9	0.0	1.1	96800.5	-999.9
Sikasso	2016	10	21	295	23.2	33.6	20.9	-999.9	0.0	1.1	96829.2	-999.9
Sikasso	2016	10	22	296	23.2	32.8	20.7	-999.9	0.0	1.5	96932.9	-999.9
Sikasso	2016	10	23	297	24.1	33.8	20.4	-999.9	0.0	1.6	96874.6	-999.9
Sikasso	2016	10	24	298	22.6	34.2	21.0	-999.9	0.0	1.4	96711.9	-999.9
Sikasso	2016	10	25	299	23.1	34.5	21.3	-999.9	0.0	1.5	96613.2	-999.9
Sikasso	2016	10	26	300	23.6	34.4	21.4	-999.9	0.0	1.6	96537.3	-999.9
Sikasso	2016	10	27	301	24.1	33.6	20.3	-999.9	0.0	1.3	96638.4	-999.9
Sikasso	2016	10	28	302	22.4	35.4	22.6	-999.9	0.0	1.6	96719.0	-999.9
Sikasso	2016	10	29	303	22.6	33.4	19.4	-999.9	0.0	1.5	96782.8	-999.9
Sikasso	2016	10	30	304	23.2	33.1	19.4	-999.9	0.0	1.5	96700.2	-999.9
Sikasso	2016	10	31	305	22.7	33.4	20.1	-999.9	0.0	1.3	96833.5	-999.9
Sikasso	2016	11	1	306	22.3	32.8	20.0	-999.9	3.9	1.2	96971.9	-999.9
Sikasso	2016	11	2	307	22.6	32.8	18.6	-999.9	0.0	1.7	96955.6	-999.9
Sikasso	2016	11	3	308	23.2	34.8	20.5	-999.9	0.0	1.3	96857.9	-999.9
Sikasso	2016	11	4	309	23.1	33.2	19.2	-999.9	7.9	1.6	97054.2	-999.9
Sikasso	2016	11	5	310	21.8	32.2	19.2	-999.9	3.9	1.5	97052.1	-999.9
Sikasso	2016	11	6	311	18.5	33.0	22.5	-999.9	0.0	1.2	96940.8	-999.9
Sikasso	2016	11	7	312	19.3	33.6	22.1	-999.9	0.0	1.4	96859.0	-999.9
Sikasso	2016	11	8	313	21.6	34.3	22.1	-999.9	0.0	1.4	96891.9	-999.9
Sikasso	2016	11	9	314	19.1	34.4	22.7	-999.9	0.0	2.1	96995.8	-999.9
Sikasso	2016	11	10	315	16.8	33.7	22.5	-999.9	0.0	2.1	96927.4	-999.9
Sikasso	2016	11	11	316	16.6	33.5	22.2	-999.9	0.0	1.6	96759.0	-999.9
Sikasso	2016	11	12	317	17.9	32.8	21.2	-999.9	0.0	1.2	96651.8	-999.9
Sikasso	2016	11	13	318	18.2	32.8	21.5	-999.9	0.0	1.2	96621.0	-999.9
Sikasso	2016	11	14	319	21.8	34.1	20.0	-999.9	0.0	1.5	96596.6	-999.9
Sikasso	2016	11	15	320	21.1	34.6	21.1	-999.9	0.0	1.8	96619.5	-999.9
Sikasso	2016	11	16	321	19.3	34.5	20.9	-999.9	0.0	1.5	96677.2	-999.9
Sikasso	2016	11	17	322	19.6	35.0	21.7	-999.9	0.0	1.6	96627.3	-999.9
Sikasso	2016	11	18	323	19.6	35.2	21.7	-999.9	0.0	1.8	96595.8	-999.9
Sikasso	2016	11	19	324	20.1	35.4	21.3	-999.9	0.0	1.7	96657.3	-999.9
Sikasso	2016	11	20	325	21.2	34.9	21.0	-999.9	0.0	1.9	96674.8	-999.9
Sikasso	2016	11	21	326	20.5	34.6	21.0	-999.9	0.0	1.8	96698.1	-999.9
Sikasso	2016	11	22	327	19.2	34.5	21.2	-999.9	0.0	1.4	96695.0	-999.9
Sikasso	2016	11	23	328	19.5	35.1	21.0	-999.9	0.0	1.8	96799.5	-999.9
Sikasso	2016	11	24	329	22.5	34.9	19.7	-999.9	0.0	1.6	96874.5	-999.9
Sikasso	2016	11	25	330	21.1	35.6	19.3	-999.9	0.6	1.7	96745.8	-999.9
Sikasso	2016	11	26	331	21.0	35.9	20.8	-999.9	0.0	1.9	96591.1	-999.9
Sikasso	2016	11	27	332	20.9	34.9	20.0	-999.9	0.0	1.2	96604.9	-999.9
Sikasso	2016	11	28	333	22.4	33.9	18.6	-999.9	0.0	1.3	96614.4	-999.9
Sikasso	2016	11	29	334	23.7	33.2	18.4	-999.9	0.0	1.5	96730.0	-999.9
Sikasso	2016	11	30	335	23.2	35.0	19.2	-999.9	0.0	1.8	96865.6	-999.9
Sikasso	2016	12	1	336	21.1	36.1	20.9	-999.9	0.0	2.2	96867.5	-999.9
Sikasso	2016	12	2	337	21.4	35.8	20.8	-999.9	0.0	2.1	96848.1	-999.9
Sikasso	2016	12	3	338	20.8	35.3	20.8	-999.9	0.0	2.2	96823.7	-999.9
Sikasso	2016	12	4	339	20.0	33.9	20.8	-999.9	0.0	2.1	96841.0	-999.9
Sikasso	2016	12	5	340	18.4	33.6	20.0	-999.9	0.0	1.3	96886.8	-999.9
Sikasso	2016	12	6	341	20.8	34.3	20.4	-999.9	0.0	1.5	96872.5	-999.9
Sikasso	2016	12	7	342	19.0	34.6	20.5	-999.9	0.0	1.8	96804.6	-999.9
Sikasso	2016	12	8	343	19.9	34.6	20.2	-999.9	0.0	2.0	96864.4	-999.9
Sikasso	2016	12	9	344	19.8	34.2	20.1	-999.9	0.0	2.0	96905.5	-999.9
Sikasso	2016	12	10	345	19.8	32.9	19.0	-999.9	0.0	2.3	96874.6	-999.9
Sikasso	2016	12	11	346	18.2	32.3	19.6	-999.9	0.0	2.0	96842.4	-999.9
Sikasso	2016	12	12	347	18.4	32.3	15.7	-999.9	0.0	1.8	96812.4	-999.9
Sikasso	2016	12	13	348	20.7	32.1	14.8	-999.9	0.0	1.6	96858.8	-999.9
Sikasso	2016	12	14	349	18.8	32.4	19.7	-999.9	0.0	2.4	96900.8	-999.9
Sikasso	2016	12	15	350	17.0	31.7	20.4	-999.9	0.0	2.2	96991.7	-999.9
Sikasso	2016	12	16	351	16.9	31.6	20.2	-999.9	0.0	2.2	96994.3	-999.9
Sikasso	2016	12	17	352	15.7	32.4	20.0	-999.9	0.0	1.7	96783.5	-999.9
Sikasso	2016	12	18	353	17.9	33.5	19.5	-999.9	0.5	1.7	96790.9	-999.9
Sikasso	2016	12	19	354	20.3	32.4	19.7	-999.9	0.0	2.2	96821.1	-999.9
Sikasso	2016	12	20	355	17.4	32.6	20.3	-999.9	0.0	2.2	96778.7	-999.9
Sikasso	2016	12	21	356	16.4	33.0	20.7	-999.9	0.0	2.1	96636.8	-999.9
Sikasso	2016	12	22	357	15.8	33.1	20.7	-999.9	0.0	2.1	96741.9	-999.9
Sikasso	2016	12	23	358	16.7	33.5	20.8	-999.9	0.0	2.2	96786.8	-999.9
Sikasso	2016	12	24	359	16.2	33.0	20.2	-999.9	0.0	2.3	96738.1	-999.9
Sikasso	2016	12	25	360	16.6	33.1	20.4	-999.9	0.0	2.2	96760.4	-999.9
Sikasso	2016	12	26	361	17.8	32.5	20.5	-999.9	0.0	2.3	96843.4	-999.9
Sikasso	2016	12	27	362	17.1	31.8	20.5	-999.9	0.0	2.2	96984.5	-999.9
Sikasso	2016	12	28	363	15.6	31.4	20.6	-999.9	0.0	2.0	96989.2	-999.9
Sikasso	2016	12	29	364	16.2	32.1	20.3	-999.9	0.0	2.0	96978.7	-999.9
Sikasso	2016	12	30	365	17.0	32.2	20.3	-999.9	0.0	2.1	97002.9	-999.9
Sikasso	2016	12	31	366	17.2	32.1	20.4	-999.9	0.0	2.1	96969.4	-999.9
