Sikasso	2014	1	1	1	18.1	33.3	20.5	-999.9	0.0	2.0	96724.5	-999.9
Sikasso	2014	1	2	2	17.2	33.6	20.4	-999.9	0.0	2.2	96745.8	-999.9
Sikasso	2014	1	3	3	19.0	33.5	20.3	-999.9	0.0	2.5	96912.7	-999.9
Sikasso	2014	1	4	4	17.7	32.8	20.4	-999.9	0.0	2.3	96972.3	-999.9
Sikasso	2014	1	5	5	16.0	31.5	20.4	-999.9	0.0	2.0	96939.4	-999.9
Sikasso	2014	1	6	6	17.4	31.9	20.4	-999.9	0.0	2.2	96853.2	-999.9
Sikasso	2014	1	7	7	15.8	32.3	20.6	-999.9	0.0	1.9	96819.6	-999.9
Sikasso	2014	1	8	8	16.1	33.2	20.7	-999.9	0.0	1.9	96792.0	-999.9
Sikasso	2014	1	9	9	16.5	33.9	20.7	-999.9	0.0	1.7	96760.0	-999.9
Sikasso	2014	1	10	10	17.2	33.9	20.4	-999.9	0.0	2.1	96770.0	-999.9
Sikasso	2014	1	11	11	17.2	33.9	20.7	-999.9	0.0	1.9	96879.7	-999.9
Sikasso	2014	1	12	12	19.4	34.3	21.1	-999.9	0.0	2.2	97013.6	-999.9
Sikasso	2014	1	13	13	17.3	32.9	21.3	-999.9	0.0	2.2	97082.3	-999.9
Sikasso	2014	1	14	14	15.7	33.3	21.4	-999.9	0.0	1.8	96921.8	-999.9
Sikasso	2014	1	15	15	15.8	33.6	21.3	-999.9	0.0	2.0	96854.7	-999.9
Sikasso	2014	1	16	16	17.7	34.4	21.3	-999.9	0.0	1.9	96828.8	-999.9
Sikasso	2014	1	17	17	20.1	33.3	18.9	-999.9	0.0	2.3	96815.1	-999.9
Sikasso	2014	1	18	18	20.7	31.2	16.5	-999.9	0.4	1.7	96970.0	-999.9
Sikasso	2014	1	19	19	19.2	32.5	19.1	-999.9	0.0	1.2	97023.2	-999.9
Sikasso	2014	1	20	20	20.9	32.8	18.6	-999.9	0.0	1.6	96981.8	-999.9
Sikasso	2014	1	21	21	22.1	33.2	19.4	-999.9	0.0	2.0	96882.1	-999.9
Sikasso	2014	1	22	22	19.8	33.6	21.0	-999.9	0.0	2.0	96796.1	-999.9
Sikasso	2014	1	23	23	19.0	34.1	20.8	-999.9	0.0	1.6	96663.3	-999.9
Sikasso	2014	1	24	24	19.5	34.4	20.7	-999.9	0.0	1.9	96627.9	-999.9
Sikasso	2014	1	25	25	22.1	35.0	20.2	-999.9	0.0	1.5	96652.4	-999.9
Sikasso	2014	1	26	26	19.8	34.7	21.4	-999.9	0.0	2.2	96745.1	-999.9
Sikasso	2014	1	27	27	18.0	34.5	21.5	-999.9	0.0	2.1	96766.9	-999.9
Sikasso	2014	1	28	28	18.6	32.9	21.6	-999.9	0.0	1.9	96607.8	-999.9
Sikasso	2014	1	29	29	17.2	33.4	21.7	-999.9	0.0	1.5	96550.0	-999.9
Sikasso	2014	1	30	30	17.2	32.7	21.6	-999.9	0.0	1.6	96653.0	-999.9
Sikasso	2014	1	31	31	18.8	30.9	20.5	-999.9	0.0	2.8	96893.2	-999.9
Sikasso	2014	2	1	32	15.7	29.4	21.8	-999.9	0.0	2.6	97023.2	-999.9
Sikasso	2014	2	2	33	14.3	30.0	22.3	-999.9	0.0	2.2	96876.9	-999.9
Sikasso	2014	2	3	34	14.6	31.0	22.2	-999.9	0.0	2.0	96783.4	-999.9
Sikasso	2014	2	4	35	16.4	32.9	22.1	-999.9	0.0	2.1	96771.3	-999.9
Sikasso	2014	2	5	36	18.1	33.8	21.1	-999.9	0.0	2.3	96807.0	-999.9
Sikasso	2014	2	6	37	19.1	34.9	21.7	-999.9	0.0	2.2	96785.6	-999.9
Sikasso	2014	2	7	38	21.7	35.6	21.7	-999.9	0.0	2.1	96771.6	-999.9
Sikasso	2014	2	8	39	21.5	35.5	22.2	-999.9	0.0	2.2	96771.5	-999.9
Sikasso	2014	2	9	40	20.1	35.7	22.1	-999.9	0.0	1.9	96753.3	-999.9
Sikasso	2014	2	10	41	20.1	35.4	22.5	-999.9	0.0	2.2	96790.6	-999.9
Sikasso	2014	2	11	42	18.9	34.3	22.4	-999.9	0.0	2.3	96834.7	-999.9
Sikasso	2014	2	12	43	15.9	34.7	22.9	-999.9	0.0	2.2	96733.1	-999.9
Sikasso	2014	2	13	44	18.4	34.7	23.1	-999.9	0.0	2.4	96711.4	-999.9
Sikasso	2014	2	14	45	18.5	34.7	23.1	-999.9	0.0	2.4	96761.1	-999.9
Sikasso	2014	2	15	46	19.2	34.5	23.2	-999.9	0.0	2.1	96723.3	-999.9
Sikasso	2014	2	16	47	17.9	34.4	20.3	-999.9	2.6	1.7	96598.4	-999.9
Sikasso	2014	2	17	48	22.5	32.4	17.7	-999.9	0.0	1.0	96701.5	-999.9
Sikasso	2014	2	18	49	20.4	33.4	20.1	-999.9	0.0	2.0	96867.9	-999.9
Sikasso	2014	2	19	50	20.3	34.1	22.1	-999.9	0.0	2.3	96888.2	-999.9
Sikasso	2014	2	20	51	19.7	33.6	22.8	-999.9	0.0	2.3	96837.5	-999.9
Sikasso	2014	2	21	52	18.6	33.6	23.2	-999.9	0.0	2.1	96770.4	-999.9
Sikasso	2014	2	22	53	17.6	34.9	23.5	-999.9	0.0	1.8	96698.9	-999.9
Sikasso	2014	2	23	54	18.7	36.2	23.6	-999.9	0.0	1.8	96620.1	-999.9
Sikasso	2014	2	24	55	19.9	36.7	23.8	-999.9	0.0	2.1	96545.8	-999.9
Sikasso	2014	2	25	56	19.8	36.9	24.0	-999.9	0.0	2.1	96497.3	-999.9
Sikasso	2014	2	26	57	20.0	36.8	24.0	-999.9	0.0	1.8	96574.3	-999.9
Sikasso	2014	2	27	58	22.1	36.3	23.9	-999.9	0.0	3.0	96701.8	-999.9
Sikasso	2014	2	28	59	20.1	32.5	24.2	-999.9	0.0	2.8	96885.8	-999.9
Sikasso	2014	3	1	60	17.3	31.9	24.3	-999.9	0.0	2.6	96921.3	-999.9
Sikasso	2014	3	2	61	15.5	32.4	24.6	-999.9	0.0	2.2	96855.6	-999.9
Sikasso	2014	3	3	62	15.4	34.3	24.7	-999.9	0.0	1.8	96736.2	-999.9
Sikasso	2014	3	4	63	17.0	35.6	24.5	-999.9	0.0	2.0	96631.4	-999.9
Sikasso	2014	3	5	64	18.6	36.0	24.7	-999.9	0.0	1.9	96610.4	-999.9
Sikasso	2014	3	6	65	18.4	36.1	24.5	-999.9	0.0	1.8	96585.3	-999.9
Sikasso	2014	3	7	66	19.0	36.1	24.4	-999.9	0.0	1.8	96577.9	-999.9
Sikasso	2014	3	8	67	19.5	36.7	24.4	-999.9	0.0	2.0	96715.8	-999.9
Sikasso	2014	3	9	68	23.1	37.1	24.3	-999.9	0.0	2.0	96669.5	-999.9
Sikasso	2014	3	10	69	19.0	37.3	24.2	-999.9	0.0	1.8	96570.2	-999.9
Sikasso	2014	3	11	70	21.1	37.0	24.6	-999.9	0.0	2.1	96543.0	-999.9
Sikasso	2014	3	12	71	25.5	36.3	21.8	-999.9	0.0	2.1	96677.7	-999.9
Sikasso	2014	3	13	72	25.3	37.5	22.6	-999.9	0.0	1.7	96694.8	-999.9
Sikasso	2014	3	14	73	25.0	37.4	22.0	-999.9	0.0	1.6	96617.0	-999.9
Sikasso	2014	3	15	74	24.1	38.7	24.8	-999.9	0.0	2.1	96617.0	-999.9
Sikasso	2014	3	16	75	21.5	38.3	25.2	-999.9	0.0	2.2	96578.1	-999.9
Sikasso	2014	3	17	76	23.0	37.1	23.3	-999.9	0.7	1.8	96630.5	-999.9
Sikasso	2014	3	18	77	20.0	37.8	25.3	-999.9	0.0	1.7	96604.5	-999.9
Sikasso	2014	3	19	78	21.2	37.7	24.5	-999.9	0.0	1.6	96634.3	-999.9
Sikasso	2014	3	20	79	22.9	38.3	24.9	-999.9	0.0	1.6	96604.3	-999.9
Sikasso	2014	3	21	80	22.9	37.9	24.9	-999.9	0.0	1.9	96615.4	-999.9
Sikasso	2014	3	22	81	20.3	37.6	25.7	-999.9	0.0	2.0	96547.4	-999.9
Sikasso	2014	3	23	82	20.8	37.3	25.4	-999.9	0.0	1.7	96493.9	-999.9
Sikasso	2014	3	24	83	25.8	35.8	21.5	-999.9	1.2	1.6	96652.5	-999.9
Sikasso	2014	3	25	84	24.7	36.9	22.6	-999.9	0.0	1.8	96704.1	-999.9
Sikasso	2014	3	26	85	25.0	37.9	23.9	-999.9	0.0	1.6	96659.3	-999.9
Sikasso	2014	3	27	86	24.2	36.6	19.0	-999.9	0.0	1.7	96645.5	-999.9
Sikasso	2014	3	28	87	26.2	38.3	24.9	-999.9	0.0	1.2	96530.8	-999.9
Sikasso	2014	3	29	88	25.0	38.2	24.5	-999.9	0.0	1.6	96560.2	-999.9
Sikasso	2014	3	30	89	27.4	37.3	22.5	-999.9	0.0	2.3	96576.2	-999.9
Sikasso	2014	3	31	90	26.1	37.8	21.8	-999.9	7.5	2.3	96685.3	-999.9
Sikasso	2014	4	1	91	25.1	35.4	22.6	-999.9	0.0	1.6	96760.3	-999.9
Sikasso	2014	4	2	92	26.1	38.0	23.4	-999.9	0.0	1.7	96610.2	-999.9
Sikasso	2014	4	3	93	25.9	39.5	24.9	-999.9	0.0	2.1	96555.9	-999.9
Sikasso	2014	4	4	94	26.9	39.2	22.9	-999.9	0.0	2.0	96653.9	-999.9
Sikasso	2014	4	5	95	27.6	38.3	23.0	-999.9	0.0	2.3	96663.4	-999.9
Sikasso	2014	4	6	96	26.5	37.5	22.5	-999.9	0.0	2.6	96673.1	-999.9
Sikasso	2014	4	7	97	27.0	36.7	21.8	-999.9	4.9	2.3	96647.9	-999.9
Sikasso	2014	4	8	98	24.3	36.7	22.8	-999.9	9.7	2.3	96761.0	-999.9
Sikasso	2014	4	9	99	23.8	36.6	22.1	-999.9	0.0	2.4	96760.1	-999.9
Sikasso	2014	4	10	100	25.7	36.4	21.7	-999.9	0.0	2.1	96641.4	-999.9
Sikasso	2014	4	11	101	24.3	37.4	24.2	-999.9	0.0	1.9	96611.9	-999.9
Sikasso	2014	4	12	102	25.6	37.7	24.1	-999.9	0.0	2.1	96536.5	-999.9
Sikasso	2014	4	13	103	26.3	38.1	23.4	-999.9	0.0	2.5	96549.8	-999.9
Sikasso	2014	4	14	104	26.2	37.5	23.0	-999.9	9.6	2.9	96644.0	-999.9
Sikasso	2014	4	15	105	25.8	38.3	23.9	-999.9	0.0	2.2	96630.1	-999.9
Sikasso	2014	4	16	106	27.7	39.4	24.4	-999.9	0.0	2.1	96514.6	-999.9
Sikasso	2014	4	17	107	27.3	40.2	25.9	-999.9	0.0	2.2	96447.2	-999.9
Sikasso	2014	4	18	108	25.0	39.4	26.0	-999.9	0.0	1.9	96433.2	-999.9
Sikasso	2014	4	19	109	27.1	38.3	24.7	-999.9	0.0	2.1	96576.5	-999.9
Sikasso	2014	4	20	110	27.7	38.0	23.6	-999.9	0.0	2.1	96551.7	-999.9
Sikasso	2014	4	21	111	28.2	38.8	22.1	-999.9	15.9	3.0	96491.2	-999.9
Sikasso	2014	4	22	112	27.6	38.6	24.2	-999.9	8.0	2.4	96546.2	-999.9
Sikasso	2014	4	23	113	27.9	37.4	24.0	-999.9	8.0	2.4	96665.8	-999.9
Sikasso	2014	4	24	114	26.5	38.0	24.2	-999.9	0.0	1.8	96565.4	-999.9
Sikasso	2014	4	25	115	25.7	38.4	24.8	-999.9	0.0	1.8	96466.3	-999.9
Sikasso	2014	4	26	116	27.3	37.2	24.2	-999.9	0.0	2.5	96531.1	-999.9
Sikasso	2014	4	27	117	25.0	36.7	23.6	-999.9	0.0	2.6	96596.2	-999.9
Sikasso	2014	4	28	118	26.5	37.6	23.7	-999.9	9.3	2.1	96559.2	-999.9
Sikasso	2014	4	29	119	24.3	36.3	23.2	-999.9	13.9	2.2	96665.8	-999.9
Sikasso	2014	4	30	120	25.0	33.0	20.4	-999.9	4.6	2.1	96635.6	-999.9
Sikasso	2014	5	1	121	24.7	35.1	24.3	-999.9	0.0	2.1	96610.3	-999.9
Sikasso	2014	5	2	122	25.6	35.2	24.4	-999.9	0.0	1.4	96633.0	-999.9
Sikasso	2014	5	3	123	24.3	33.1	21.8	-999.9	8.0	1.4	96659.4	-999.9
Sikasso	2014	5	4	124	24.5	32.9	22.8	-999.9	4.0	2.1	96590.3	-999.9
Sikasso	2014	5	5	125	22.8	31.7	18.5	-999.9	4.0	2.8	96691.9	-999.9
Sikasso	2014	5	6	126	25.0	32.5	19.4	-999.9	1.9	2.3	96673.9	-999.9
Sikasso	2014	5	7	127	25.0	35.3	22.9	-999.9	0.0	2.3	96586.4	-999.9
Sikasso	2014	5	8	128	26.0	36.3	24.4	-999.9	3.8	2.7	96548.5	-999.9
Sikasso	2014	5	9	129	25.9	34.2	17.9	-999.9	3.8	2.5	96623.3	-999.9
Sikasso	2014	5	10	130	24.4	32.5	19.1	-999.9	0.0	2.1	96754.0	-999.9
Sikasso	2014	5	11	131	24.7	34.5	22.2	-999.9	0.0	1.5	96714.8	-999.9
Sikasso	2014	5	12	132	24.7	34.6	21.5	-999.9	5.1	1.8	96664.6	-999.9
Sikasso	2014	5	13	133	24.6	34.8	23.3	-999.9	10.3	1.9	96723.6	-999.9
Sikasso	2014	5	14	134	24.4	33.5	23.5	-999.9	5.1	2.1	96865.8	-999.9
Sikasso	2014	5	15	135	25.2	33.5	23.2	-999.9	10.3	1.5	96779.8	-999.9
Sikasso	2014	5	16	136	22.9	33.4	22.8	-999.9	0.0	1.5	96602.5	-999.9
Sikasso	2014	5	17	137	24.3	32.1	19.9	-999.9	0.0	2.3	96634.8	-999.9
Sikasso	2014	5	18	138	22.6	31.2	21.1	-999.9	7.3	1.1	96837.2	-999.9
Sikasso	2014	5	19	139	22.7	30.3	20.2	-999.9	0.0	1.7	97002.8	-999.9
Sikasso	2014	5	20	140	23.4	33.5	24.5	-999.9	0.0	1.7	96875.0	-999.9
Sikasso	2014	5	21	141	25.0	35.2	22.9	-999.9	0.0	2.0	96692.6	-999.9
Sikasso	2014	5	22	142	24.3	34.8	25.4	-999.9	0.0	2.7	96694.5	-999.9
Sikasso	2014	5	23	143	24.9	35.1	24.8	-999.9	3.7	2.1	96703.5	-999.9
Sikasso	2014	5	24	144	25.9	35.5	24.8	-999.9	3.7	2.0	96627.1	-999.9
Sikasso	2014	5	25	145	25.0	33.0	21.1	-999.9	3.7	1.8	96795.0	-999.9
Sikasso	2014	5	26	146	23.8	33.1	20.1	-999.9	0.0	1.7	96860.0	-999.9
Sikasso	2014	5	27	147	23.5	33.9	25.0	-999.9	0.0	2.9	96761.2	-999.9
Sikasso	2014	5	28	148	24.5	34.0	23.8	-999.9	0.0	2.5	96565.4	-999.9
Sikasso	2014	5	29	149	25.2	33.6	23.8	-999.9	0.0	2.4	96689.1	-999.9
Sikasso	2014	5	30	150	24.7	33.9	24.5	-999.9	0.0	2.0	96772.1	-999.9
Sikasso	2014	5	31	151	22.5	34.6	24.7	-999.9	18.3	1.8	96703.4	-999.9
Sikasso	2014	6	1	152	24.0	34.1	23.8	-999.9	7.2	2.0	96693.6	-999.9
Sikasso	2014	6	2	153	23.8	32.2	19.8	-999.9	14.3	1.9	96751.5	-999.9
Sikasso	2014	6	3	154	24.4	34.2	23.7	-999.9	14.3	1.9	96638.2	-999.9
Sikasso	2014	6	4	155	24.6	34.3	24.0	-999.9	7.2	1.7	96599.6	-999.9
Sikasso	2014	6	5	156	24.2	32.5	18.0	-999.9	14.3	1.8	96629.7	-999.9
Sikasso	2014	6	6	157	24.9	30.5	16.2	-999.9	0.0	2.2	96795.9	-999.9
Sikasso	2014	6	7	158	22.9	33.3	23.4	-999.9	0.0	2.2	96818.7	-999.9
Sikasso	2014	6	8	159	25.0	35.8	24.9	-999.9	0.0	2.3	96690.7	-999.9
Sikasso	2014	6	9	160	26.4	35.5	23.8	-999.9	25.4	2.5	96671.0	-999.9
Sikasso	2014	6	10	161	23.3	31.1	17.6	-999.9	25.4	2.1	96773.0	-999.9
Sikasso	2014	6	11	162	24.1	33.2	23.0	-999.9	0.0	1.8	96889.9	-999.9
Sikasso	2014	6	12	163	22.7	32.3	22.1	-999.9	12.1	1.7	96933.6	-999.9
Sikasso	2014	6	13	164	24.3	31.6	21.2	-999.9	0.0	1.6	96953.3	-999.9
Sikasso	2014	6	14	165	24.5	33.4	23.5	-999.9	0.0	1.9	96948.0	-999.9
Sikasso	2014	6	15	166	25.0	34.2	23.6	-999.9	12.1	2.0	96955.6	-999.9
Sikasso	2014	6	16	167	24.0	32.3	20.9	-999.9	13.0	1.8	96910.0	-999.9
Sikasso	2014	6	17	168	24.5	32.3	21.5	-999.9	26.1	1.8	96988.4	-999.9
Sikasso	2014	6	18	169	24.8	32.8	21.9	-999.9	0.0	1.8	97067.9	-999.9
Sikasso	2014	6	19	170	23.2	32.6	19.9	-999.9	26.1	1.6	97067.8	-999.9
Sikasso	2014	6	20	171	24.8	33.6	23.5	-999.9	0.0	1.7	96947.2	-999.9
Sikasso	2014	6	21	172	24.4	34.3	24.5	-999.9	16.0	2.5	96856.6	-999.9
Sikasso	2014	6	22	173	24.0	32.0	19.7	-999.9	32.0	1.8	97003.9	-999.9
Sikasso	2014	6	23	174	24.3	33.2	22.5	-999.9	0.0	1.8	97134.3	-999.9
Sikasso	2014	6	24	175	24.5	33.9	24.3	-999.9	0.0	2.0	96998.3	-999.9
Sikasso	2014	6	25	176	24.1	33.5	24.4	-999.9	0.0	2.5	96836.6	-999.9
Sikasso	2014	6	26	177	24.7	33.8	23.6	-999.9	8.3	2.2	96801.0	-999.9
Sikasso	2014	6	27	178	24.4	32.8	23.1	-999.9	0.0	2.2	96947.5	-999.9
Sikasso	2014	6	28	179	24.8	31.5	17.4	-999.9	16.5	1.7	96949.6	-999.9
Sikasso	2014	6	29	180	23.7	31.6	21.4	-999.9	8.3	1.7	96916.0	-999.9
Sikasso	2014	6	30	181	23.8	32.2	23.1	-999.9	8.3	2.0	96863.4	-999.9
Sikasso	2014	7	1	182	23.4	31.7	21.8	-999.9	6.2	1.9	96871.8	-999.9
Sikasso	2014	7	2	183	22.9	31.2	21.3	-999.9	6.2	1.6	97027.7	-999.9
Sikasso	2014	7	3	184	22.6	30.9	21.4	-999.9	18.7	1.3	97160.7	-999.9
Sikasso	2014	7	4	185	22.8	30.5	20.0	-999.9	0.0	1.2	97132.3	-999.9
Sikasso	2014	7	5	186	23.0	31.9	22.7	-999.9	6.2	2.2	97011.5	-999.9
Sikasso	2014	7	6	187	23.8	33.0	25.0	-999.9	0.0	2.9	96966.4	-999.9
Sikasso	2014	7	7	188	23.0	30.6	19.1	-999.9	20.9	2.4	97049.6	-999.9
Sikasso	2014	7	8	189	22.7	30.6	20.3	-999.9	0.0	2.5	97171.2	-999.9
Sikasso	2014	7	9	190	23.1	31.0	22.0	-999.9	0.0	1.6	97177.1	-999.9
Sikasso	2014	7	10	191	23.7	31.5	21.5	-999.9	0.0	1.2	97150.1	-999.9
Sikasso	2014	7	11	192	23.2	31.9	21.3	-999.9	19.2	1.9	97082.0	-999.9
Sikasso	2014	7	12	193	24.4	33.0	21.0	-999.9	0.0	2.5	96986.1	-999.9
Sikasso	2014	7	13	194	24.4	32.0	22.1	-999.9	9.6	2.3	96953.6	-999.9
Sikasso	2014	7	14	195	23.3	29.8	16.7	-999.9	0.0	2.0	97003.5	-999.9
Sikasso	2014	7	15	196	23.5	30.7	22.3	-999.9	9.6	1.6	97090.7	-999.9
Sikasso	2014	7	16	197	23.6	31.8	20.8	-999.9	0.0	2.3	96995.5	-999.9
Sikasso	2014	7	17	198	23.3	30.1	18.8	-999.9	9.1	2.4	97028.4	-999.9
Sikasso	2014	7	18	199	22.3	28.5	17.0	-999.9	18.1	2.2	97166.0	-999.9
Sikasso	2014	7	19	200	22.4	30.3	19.1	-999.9	0.0	1.6	97129.9	-999.9
Sikasso	2014	7	20	201	23.6	31.8	22.9	-999.9	0.0	1.7	97031.3	-999.9
Sikasso	2014	7	21	202	24.7	31.0	21.4	-999.9	9.6	2.2	97042.1	-999.9
Sikasso	2014	7	22	203	23.2	30.1	19.6	-999.9	0.0	2.2	97112.8	-999.9
Sikasso	2014	7	23	204	23.8	28.9	17.6	-999.9	9.6	2.3	97165.2	-999.9
Sikasso	2014	7	24	205	23.1	28.9	14.7	-999.9	19.2	1.9	97044.9	-999.9
Sikasso	2014	7	25	206	22.7	28.2	13.7	-999.9	0.0	1.8	96979.9	-999.9
Sikasso	2014	7	26	207	22.1	29.9	20.6	-999.9	0.0	1.6	96977.7	-999.9
Sikasso	2014	7	27	208	22.3	30.8	21.8	-999.9	13.1	1.4	96904.4	-999.9
Sikasso	2014	7	28	209	23.4	30.4	20.3	-999.9	0.0	2.0	96894.5	-999.9
Sikasso	2014	7	29	210	23.1	30.5	21.1	-999.9	0.0	2.1	96898.7	-999.9
Sikasso	2014	7	30	211	23.5	30.0	19.7	-999.9	8.7	1.8	96970.1	-999.9
Sikasso	2014	7	31	212	22.3	29.6	18.0	-999.9	0.0	1.6	97087.8	-999.9
Sikasso	2014	8	1	213	23.4	29.6	17.7	-999.9	8.8	2.4	97049.1	-999.9
Sikasso	2014	8	2	214	23.2	30.9	21.7	-999.9	17.7	2.3	96950.0	-999.9
Sikasso	2014	8	3	215	23.3	29.8	19.3	-999.9	17.7	1.7	96959.4	-999.9
Sikasso	2014	8	4	216	22.3	28.4	15.7	-999.9	0.0	2.1	97067.0	-999.9
Sikasso	2014	8	5	217	22.2	29.4	19.4	-999.9	8.8	2.0	97053.3	-999.9
Sikasso	2014	8	6	218	22.3	28.9	15.0	-999.9	0.0	2.0	96947.0	-999.9
Sikasso	2014	8	7	219	22.5	30.5	20.1	-999.9	0.0	1.7	96876.8	-999.9
Sikasso	2014	8	8	220	22.3	30.4	21.2	-999.9	15.3	1.9	96895.7	-999.9
Sikasso	2014	8	9	221	22.5	29.4	18.2	-999.9	0.0	2.2	96928.8	-999.9
Sikasso	2014	8	10	222	22.8	28.3	15.7	-999.9	30.6	1.9	97049.8	-999.9
Sikasso	2014	8	11	223	21.9	28.8	15.2	-999.9	11.5	1.8	97083.1	-999.9
Sikasso	2014	8	12	224	22.0	29.1	19.7	-999.9	22.9	1.9	96904.7	-999.9
Sikasso	2014	8	13	225	21.9	27.5	14.1	-999.9	22.9	2.2	96885.8	-999.9
Sikasso	2014	8	14	226	22.1	28.0	17.2	-999.9	0.0	2.2	97024.9	-999.9
Sikasso	2014	8	15	227	22.5	29.6	20.4	-999.9	0.0	2.0	97075.4	-999.9
Sikasso	2014	8	16	228	22.2	27.2	11.1	-999.9	20.2	1.9	96923.0	-999.9
Sikasso	2014	8	17	229	21.5	26.1	10.7	-999.9	20.2	1.9	96837.0	-999.9
Sikasso	2014	8	18	230	22.0	28.3	17.4	-999.9	0.0	2.1	96989.9	-999.9
Sikasso	2014	8	19	231	21.5	29.2	19.3	-999.9	10.1	1.7	97053.4	-999.9
Sikasso	2014	8	20	232	21.7	29.5	18.6	-999.9	30.2	1.2	96970.6	-999.9
Sikasso	2014	8	21	233	21.7	28.0	16.0	-999.9	14.5	1.2	97010.7	-999.9
Sikasso	2014	8	22	234	22.2	29.3	18.7	-999.9	0.0	2.3	97004.2	-999.9
Sikasso	2014	8	23	235	21.5	27.3	14.8	-999.9	28.9	2.1	97030.5	-999.9
Sikasso	2014	8	24	236	22.0	29.0	18.9	-999.9	14.5	1.4	96971.9	-999.9
Sikasso	2014	8	25	237	22.1	30.7	20.9	-999.9	0.0	1.0	96922.7	-999.9
Sikasso	2014	8	26	238	22.6	30.7	21.0	-999.9	29.0	1.8	96888.0	-999.9
Sikasso	2014	8	27	239	22.4	29.1	16.2	-999.9	9.7	1.9	96911.0	-999.9
Sikasso	2014	8	28	240	22.0	29.1	16.3	-999.9	0.0	2.1	97002.1	-999.9
Sikasso	2014	8	29	241	21.4	31.3	24.4	-999.9	0.0	1.6	96878.4	-999.9
Sikasso	2014	8	30	242	22.9	30.4	19.9	-999.9	9.7	2.2	96854.3	-999.9
Sikasso	2014	8	31	243	22.4	29.9	16.9	-999.9	19.3	2.2	96893.7	-999.9
Sikasso	2014	9	1	244	22.7	29.9	17.3	-999.9	13.9	1.5	96931.0	-999.9
Sikasso	2014	9	2	245	21.5	28.4	15.2	-999.9	13.9	1.4	96900.4	-999.9
Sikasso	2014	9	3	246	21.5	28.4	15.8	-999.9	0.0	2.2	96907.5	-999.9
Sikasso	2014	9	4	247	21.2	28.9	18.1	-999.9	0.0	1.7	96971.4	-999.9
Sikasso	2014	9	5	248	21.8	30.6	19.9	-999.9	27.7	1.3	96862.7	-999.9
Sikasso	2014	9	6	249	23.0	27.2	13.9	-999.9	0.0	1.5	96806.0	-999.9
Sikasso	2014	9	7	250	22.0	29.0	18.9	-999.9	0.0	1.7	96985.3	-999.9
Sikasso	2014	9	8	251	21.8	28.5	17.6	-999.9	16.7	1.4	97139.5	-999.9
Sikasso	2014	9	9	252	21.4	30.5	21.2	-999.9	16.7	1.0	96995.0	-999.9
Sikasso	2014	9	10	253	22.2	29.9	21.4	-999.9	8.3	1.2	96877.6	-999.9
Sikasso	2014	9	11	254	22.0	29.4	18.1	-999.9	0.0	1.1	96935.3	-999.9
Sikasso	2014	9	12	255	21.5	31.1	23.0	-999.9	0.0	1.3	96881.7	-999.9
Sikasso	2014	9	13	256	23.1	29.3	18.1	-999.9	0.0	1.3	96866.1	-999.9
Sikasso	2014	9	14	257	22.6	30.2	21.0	-999.9	14.0	1.3	96966.5	-999.9
Sikasso	2014	9	15	258	22.0	26.3	9.8	-999.9	0.0	1.1	96961.9	-999.9
Sikasso	2014	9	16	259	21.9	30.3	21.0	-999.9	0.0	1.5	96952.7	-999.9
Sikasso	2014	9	17	260	22.1	29.2	18.1	-999.9	0.0	1.4	96932.7	-999.9
Sikasso	2014	9	18	261	21.7	30.2	21.2	-999.9	0.0	1.6	96862.2	-999.9
Sikasso	2014	9	19	262	21.8	27.3	12.1	-999.9	0.0	1.0	96942.0	-999.9
Sikasso	2014	9	20	263	20.8	29.7	20.8	-999.9	0.0	0.7	97034.3	-999.9
Sikasso	2014	9	21	264	22.3	30.4	20.2	-999.9	26.4	1.1	97001.2	-999.9
Sikasso	2014	9	22	265	22.2	29.5	17.0	-999.9	17.6	1.2	96944.2	-999.9
Sikasso	2014	9	23	266	21.2	31.5	23.7	-999.9	0.0	1.4	96922.3	-999.9
Sikasso	2014	9	24	267	21.8	29.2	17.0	-999.9	17.6	1.4	96989.5	-999.9
Sikasso	2014	9	25	268	20.9	30.7	22.0	-999.9	0.0	1.3	96985.0	-999.9
Sikasso	2014	9	26	269	22.6	31.0	23.1	-999.9	0.0	1.2	97010.4	-999.9
Sikasso	2014	9	27	270	23.0	30.6	22.0	-999.9	17.4	1.4	96987.0	-999.9
Sikasso	2014	9	28	271	22.3	30.3	17.0	-999.9	0.0	1.6	96961.5	-999.9
Sikasso	2014	9	29	272	22.8	31.9	23.8	-999.9	8.7	1.3	96968.8	-999.9
Sikasso	2014	9	30	273	22.2	31.1	22.1	-999.9	17.4	1.5	96868.1	-999.9
Sikasso	2014	10	1	274	22.3	29.5	16.0	-999.9	6.5	1.4	96872.6	-999.9
Sikasso	2014	10	2	275	21.5	28.7	18.3	-999.9	12.9	1.3	96983.5	-999.9
Sikasso	2014	10	3	276	21.5	29.3	19.1	-999.9	6.5	1.1	97048.0	-999.9
Sikasso	2014	10	4	277	21.1	31.0	22.2	-999.9	0.0	0.9	96883.1	-999.9
Sikasso	2014	10	5	278	22.1	31.2	21.2	-999.9	6.5	1.3	96856.1	-999.9
Sikasso	2014	10	6	279	22.0	30.6	21.8	-999.9	7.7	1.4	96927.0	-999.9
Sikasso	2014	10	7	280	21.6	31.1	21.8	-999.9	7.7	0.9	96917.3	-999.9
Sikasso	2014	10	8	281	22.3	31.3	21.8	-999.9	0.0	1.1	96905.5	-999.9
Sikasso	2014	10	9	282	22.6	31.8	22.0	-999.9	0.0	1.2	96778.7	-999.9
Sikasso	2014	10	10	283	22.8	32.4	23.5	-999.9	0.0	1.3	96789.4	-999.9
Sikasso	2014	10	11	284	23.3	32.6	23.0	-999.9	4.4	1.4	96771.6	-999.9
Sikasso	2014	10	12	285	23.5	32.0	21.5	-999.9	13.3	1.6	96851.4	-999.9
Sikasso	2014	10	13	286	22.0	30.4	18.6	-999.9	0.0	1.5	96988.8	-999.9
Sikasso	2014	10	14	287	22.6	31.0	20.6	-999.9	4.4	1.4	97030.3	-999.9
Sikasso	2014	10	15	288	22.9	32.0	21.6	-999.9	0.0	1.3	96987.4	-999.9
Sikasso	2014	10	16	289	22.7	32.4	21.9	-999.9	0.0	1.3	96904.2	-999.9
Sikasso	2014	10	17	290	22.9	33.2	22.2	-999.9	0.0	1.5	96779.9	-999.9
Sikasso	2014	10	18	291	22.5	32.6	22.5	-999.9	0.0	2.0	96782.5	-999.9
Sikasso	2014	10	19	292	23.3	32.1	21.0	-999.9	13.3	1.5	96844.4	-999.9
Sikasso	2014	10	20	293	21.8	32.3	21.3	-999.9	0.0	1.4	96927.6	-999.9
Sikasso	2014	10	21	294	22.4	33.2	21.4	-999.9	0.0	1.3	96931.5	-999.9
Sikasso	2014	10	22	295	22.4	34.1	21.2	-999.9	0.0	1.4	96865.7	-999.9
Sikasso	2014	10	23	296	22.1	33.1	21.6	-999.9	0.0	1.4	96855.7	-999.9
Sikasso	2014	10	24	297	22.6	31.9	19.8	-999.9	0.0	1.5	96844.1	-999.9
Sikasso	2014	10	25	298	23.2	33.7	20.7	-999.9	0.0	1.0	96825.1	-999.9
Sikasso	2014	10	26	299	23.5	33.0	20.2	-999.9	0.0	1.5	96846.5	-999.9
Sikasso	2014	10	27	300	23.3	33.4	20.9	-999.9	0.0	1.3	96876.6	-999.9
Sikasso	2014	10	28	301	23.9	33.8	21.3	-999.9	0.0	1.4	96760.2	-999.9
Sikasso	2014	10	29	302	23.8	33.2	20.7	-999.9	15.6	1.5	96670.1	-999.9
Sikasso	2014	10	30	303	22.3	32.0	19.7	-999.9	0.0	1.5	96830.3	-999.9
Sikasso	2014	10	31	304	23.0	33.0	20.6	-999.9	0.0	1.6	96832.9	-999.9
Sikasso	2014	11	1	305	23.2	33.2	21.0	-999.9	6.1	1.7	96761.6	-999.9
Sikasso	2014	11	2	306	22.3	33.1	20.6	-999.9	0.0	1.4	96710.9	-999.9
Sikasso	2014	11	3	307	22.7	33.0	20.2	-999.9	0.0	1.3	96732.9	-999.9
Sikasso	2014	11	4	308	22.4	34.1	21.5	-999.9	0.0	1.1	96928.0	-999.9
Sikasso	2014	11	5	309	22.6	34.0	20.9	-999.9	0.0	1.7	97006.1	-999.9
Sikasso	2014	11	6	310	23.5	31.4	14.8	-999.9	0.0	1.6	97048.8	-999.9
Sikasso	2014	11	7	311	23.2	35.1	21.4	-999.9	0.0	1.9	96884.7	-999.9
Sikasso	2014	11	8	312	21.5	35.3	22.1	-999.9	0.0	1.7	96858.0	-999.9
Sikasso	2014	11	9	313	19.7	35.3	22.3	-999.9	0.0	1.8	96776.8	-999.9
Sikasso	2014	11	10	314	19.2	34.8	22.0	-999.9	0.0	1.6	96690.4	-999.9
Sikasso	2014	11	11	315	18.8	34.6	22.0	-999.9	0.0	1.5	96716.5	-999.9
Sikasso	2014	11	12	316	19.1	35.2	21.5	-999.9	0.0	1.4	96733.6	-999.9
Sikasso	2014	11	13	317	22.5	35.6	20.9	-999.9	0.0	1.7	96717.1	-999.9
Sikasso	2014	11	14	318	21.9	35.3	21.2	-999.9	0.0	1.5	96706.9	-999.9
Sikasso	2014	11	15	319	23.3	34.0	19.5	-999.9	0.0	1.5	96726.6	-999.9
Sikasso	2014	11	16	320	22.5	34.4	18.6	-999.9	0.0	1.2	96660.1	-999.9
Sikasso	2014	11	17	321	23.1	34.7	20.0	-999.9	0.0	1.2	96614.2	-999.9
Sikasso	2014	11	18	322	23.3	33.8	19.5	-999.9	0.0	1.9	96747.3	-999.9
Sikasso	2014	11	19	323	22.8	33.6	18.9	-999.9	0.0	1.4	96892.7	-999.9
Sikasso	2014	11	20	324	22.1	30.7	16.6	-999.9	0.0	1.6	96902.5	-999.9
Sikasso	2014	11	21	325	20.7	29.4	16.2	-999.9	0.0	0.9	96918.5	-999.9
Sikasso	2014	11	22	326	21.4	32.5	18.6	-999.9	0.0	1.2	96884.7	-999.9
Sikasso	2014	11	23	327	22.2	33.7	18.9	-999.9	0.0	1.3	96889.4	-999.9
Sikasso	2014	11	24	328	18.5	34.0	21.3	-999.9	0.0	1.6	96890.6	-999.9
Sikasso	2014	11	25	329	19.0	34.4	21.3	-999.9	0.0	1.6	96860.8	-999.9
Sikasso	2014	11	26	330	18.8	34.0	21.2	-999.9	0.0	1.3	96769.3	-999.9
Sikasso	2014	11	27	331	19.2	33.7	20.9	-999.9	0.0	1.0	96755.1	-999.9
Sikasso	2014	11	28	332	19.3	33.7	20.3	-999.9	0.0	1.4	96719.5	-999.9
Sikasso	2014	11	29	333	22.5	32.5	17.4	-999.9	0.0	1.5	96745.0	-999.9
Sikasso	2014	11	30	334	22.2	32.4	16.5	-999.9	0.0	1.2	96866.1	-999.9
Sikasso	2014	12	1	335	21.6	32.3	17.4	-999.9	0.0	0.9	96795.7	-999.9
Sikasso	2014	12	2	336	22.9	33.1	18.3	-999.9	0.0	1.3	96756.4	-999.9
Sikasso	2014	12	3	337	22.1	34.4	19.9	-999.9	0.0	1.7	96672.3	-999.9
Sikasso	2014	12	4	338	21.6	34.9	20.8	-999.9	0.0	2.5	96766.7	-999.9
Sikasso	2014	12	5	339	18.1	34.0	21.0	-999.9	0.0	2.2	96884.4	-999.9
Sikasso	2014	12	6	340	17.8	34.5	20.6	-999.9	0.0	2.0	96856.0	-999.9
Sikasso	2014	12	7	341	19.6	35.1	20.5	-999.9	0.0	1.9	96814.4	-999.9
Sikasso	2014	12	8	342	19.8	35.3	20.8	-999.9	0.0	2.0	96760.4	-999.9
Sikasso	2014	12	9	343	17.9	34.3	20.8	-999.9	0.0	1.8	96788.5	-999.9
Sikasso	2014	12	10	344	16.6	33.4	20.2	-999.9	0.0	2.1	96853.2	-999.9
Sikasso	2014	12	11	345	16.5	31.9	21.0	-999.9	0.0	2.2	96972.9	-999.9
Sikasso	2014	12	12	346	14.3	30.8	20.9	-999.9	0.0	2.0	96931.7	-999.9
Sikasso	2014	12	13	347	14.0	31.9	20.7	-999.9	0.0	1.7	96913.2	-999.9
Sikasso	2014	12	14	348	15.9	33.1	20.3	-999.9	0.0	1.8	96972.9	-999.9
Sikasso	2014	12	15	349	17.6	33.6	20.1	-999.9	0.0	1.9	96987.3	-999.9
Sikasso	2014	12	16	350	19.0	32.9	19.6	-999.9	0.0	2.1	97009.5	-999.9
Sikasso	2014	12	17	351	19.2	32.5	20.1	-999.9	0.0	2.0	96966.5	-999.9
Sikasso	2014	12	18	352	17.5	32.6	20.1	-999.9	0.0	2.1	96971.4	-999.9
Sikasso	2014	12	19	353	17.5	32.0	20.1	-999.9	0.0	2.2	97061.4	-999.9
Sikasso	2014	12	20	354	16.7	31.5	20.2	-999.9	0.0	1.9	97078.1	-999.9
Sikasso	2014	12	21	355	15.6	31.9	20.2	-999.9	0.0	1.7	97034.6	-999.9
Sikasso	2014	12	22	356	15.4	33.3	20.4	-999.9	0.0	2.1	96922.0	-999.9
Sikasso	2014	12	23	357	16.7	33.7	20.2	-999.9	0.0	2.2	97011.5	-999.9
Sikasso	2014	12	24	358	18.3	32.5	20.6	-999.9	0.0	2.4	97092.6	-999.9
Sikasso	2014	12	25	359	16.2	31.4	20.6	-999.9	0.0	2.3	97266.0	-999.9
Sikasso	2014	12	26	360	15.6	30.8	20.6	-999.9	0.0	2.2	97159.8	-999.9
Sikasso	2014	12	27	361	14.2	29.3	20.7	-999.9	0.0	2.3	97100.4	-999.9
Sikasso	2014	12	28	362	13.0	28.2	20.8	-999.9	0.0	2.3	97162.8	-999.9
Sikasso	2014	12	29	363	12.0	29.9	20.8	-999.9	0.0	2.1	97192.8	-999.9
Sikasso	2014	12	30	364	13.0	30.8	20.6	-999.9	0.0	2.0	97168.2	-999.9
Sikasso	2014	12	31	365	13.7	29.7	20.6	-999.9	0.0	2.2	97132.3	-999.9
