Sikasso	2023	1	1	1	15.7	30.3	20.6	-999.9	0.0	2.2	97015.5	-999.9
Sikasso	2023	1	2	2	14.5	30.3	20.7	-999.9	0.0	2.2	97010.1	-999.9
Sikasso	2023	1	3	3	14.5	29.8	20.8	-999.9	0.0	2.1	97042.6	-999.9
Sikasso	2023	1	4	4	13.5	30.1	20.8	-999.9	0.0	2.0	97072.9	-999.9
Sikasso	2023	1	5	5	13.9	31.2	20.6	-999.9	0.0	1.9	97005.3	-999.9
Sikasso	2023	1	6	6	15.6	32.6	20.6	-999.9	0.0	2.0	97034.0	-999.9
Sikasso	2023	1	7	7	17.1	33.4	20.5	-999.9	0.0	2.0	97028.2	-999.9
Sikasso	2023	1	8	8	18.2	33.4	20.7	-999.9	0.0	2.2	97030.6	-999.9
Sikasso	2023	1	9	9	17.9	33.1	20.8	-999.9	0.0	2.6	97087.9	-999.9
Sikasso	2023	1	10	10	17.1	33.1	21.1	-999.9	0.0	2.3	97160.6	-999.9
Sikasso	2023	1	11	11	16.8	32.1	20.8	-999.9	0.3	2.0	97128.2	-999.9
Sikasso	2023	1	12	12	15.6	32.4	20.9	-999.9	0.0	1.8	96945.4	-999.9
Sikasso	2023	1	13	13	16.3	32.5	21.2	-999.9	0.0	2.1	96905.9	-999.9
Sikasso	2023	1	14	14	15.7	31.7	21.1	-999.9	0.0	2.0	96904.3	-999.9
Sikasso	2023	1	15	15	14.9	32.1	20.9	-999.9	0.0	2.0	96898.9	-999.9
Sikasso	2023	1	16	16	15.1	32.7	21.3	-999.9	0.0	2.1	96903.7	-999.9
Sikasso	2023	1	17	17	16.0	33.0	21.4	-999.9	0.0	2.0	96919.5	-999.9
Sikasso	2023	1	18	18	15.6	32.4	21.5	-999.9	0.0	1.9	96914.0	-999.9
Sikasso	2023	1	19	19	16.1	32.8	21.5	-999.9	0.0	1.9	96898.3	-999.9
Sikasso	2023	1	20	20	16.3	33.6	21.5	-999.9	0.0	1.7	96835.3	-999.9
Sikasso	2023	1	21	21	16.9	34.3	21.5	-999.9	0.0	1.5	96757.2	-999.9
Sikasso	2023	1	22	22	17.6	35.1	21.5	-999.9	0.0	1.5	96625.4	-999.9
Sikasso	2023	1	23	23	17.7	34.4	21.0	-999.9	0.0	1.4	96604.2	-999.9
Sikasso	2023	1	24	24	22.3	34.3	19.9	-999.9	0.0	1.5	96615.7	-999.9
Sikasso	2023	1	25	25	21.9	35.3	20.8	-999.9	0.0	1.4	96607.5	-999.9
Sikasso	2023	1	26	26	20.0	35.7	21.6	-999.9	0.0	1.9	96610.1	-999.9
Sikasso	2023	1	27	27	18.8	35.0	21.7	-999.9	0.0	2.4	96702.5	-999.9
Sikasso	2023	1	28	28	18.4	32.7	21.7	-999.9	0.0	2.3	96771.2	-999.9
Sikasso	2023	1	29	29	15.4	30.9	21.9	-999.9	0.0	1.8	96833.7	-999.9
Sikasso	2023	1	30	30	15.0	32.2	21.8	-999.9	0.0	2.1	96868.0	-999.9
Sikasso	2023	1	31	31	15.9	33.8	21.9	-999.9	0.0	2.1	96898.2	-999.9
Sikasso	2023	2	1	32	17.2	34.3	21.9	-999.9	0.0	2.2	96876.4	-999.9
Sikasso	2023	2	2	33	17.7	35.4	22.0	-999.9	0.0	2.1	96844.5	-999.9
Sikasso	2023	2	3	34	18.3	34.4	22.2	-999.9	0.0	2.1	96926.6	-999.9
Sikasso	2023	2	4	35	17.3	34.8	22.4	-999.9	0.0	2.1	96929.5	-999.9
Sikasso	2023	2	5	36	17.6	34.8	22.1	-999.9	0.0	2.0	96878.5	-999.9
Sikasso	2023	2	6	37	18.3	36.3	21.9	-999.9	0.0	2.0	96722.6	-999.9
Sikasso	2023	2	7	38	20.1	35.9	21.4	-999.9	0.0	1.4	96626.3	-999.9
Sikasso	2023	2	8	39	21.3	35.7	20.7	-999.9	0.0	1.6	96662.0	-999.9
Sikasso	2023	2	9	40	19.5	36.3	22.1	-999.9	0.0	1.9	96704.2	-999.9
Sikasso	2023	2	10	41	19.6	35.9	22.1	-999.9	0.0	1.7	96698.9	-999.9
Sikasso	2023	2	11	42	20.3	36.8	22.4	-999.9	0.0	1.6	96660.2	-999.9
Sikasso	2023	2	12	43	19.6	37.1	23.0	-999.9	0.0	2.4	96653.5	-999.9
Sikasso	2023	2	13	44	19.3	36.0	22.6	-999.9	0.0	2.3	96725.5	-999.9
Sikasso	2023	2	14	45	19.9	35.8	23.0	-999.9	0.0	2.4	96749.7	-999.9
Sikasso	2023	2	15	46	20.2	34.9	21.7	-999.9	0.0	2.6	96668.0	-999.9
Sikasso	2023	2	16	47	20.8	33.9	23.0	-999.9	0.0	2.6	96664.3	-999.9
Sikasso	2023	2	17	48	20.8	34.6	23.0	-999.9	0.0	2.5	96655.5	-999.9
Sikasso	2023	2	18	49	20.6	35.0	23.2	-999.9	0.0	2.2	96755.5	-999.9
Sikasso	2023	2	19	50	19.2	35.0	23.3	-999.9	0.0	2.0	96731.0	-999.9
Sikasso	2023	2	20	51	19.4	35.7	23.4	-999.9	0.0	2.2	96752.0	-999.9
Sikasso	2023	2	21	52	20.3	36.4	23.5	-999.9	0.0	2.2	96722.4	-999.9
Sikasso	2023	2	22	53	20.6	36.6	23.5	-999.9	0.0	2.1	96752.1	-999.9
Sikasso	2023	2	23	54	20.7	37.0	23.6	-999.9	0.0	2.0	96680.2	-999.9
Sikasso	2023	2	24	55	20.4	37.1	23.7	-999.9	0.0	1.6	96624.7	-999.9
Sikasso	2023	2	25	56	21.2	36.1	20.7	-999.9	0.0	1.5	96626.0	-999.9
Sikasso	2023	2	26	57	22.0	36.2	23.4	-999.9	0.0	1.6	96771.1	-999.9
Sikasso	2023	2	27	58	21.4	37.2	23.8	-999.9	0.0	2.1	96821.3	-999.9
Sikasso	2023	2	28	59	22.4	36.5	23.4	-999.9	0.0	2.0	96962.3	-999.9
Sikasso	2023	3	1	60	22.2	37.4	23.6	-999.9	0.0	2.2	96874.5	-999.9
Sikasso	2023	3	2	61	22.1	37.6	24.0	-999.9	0.0	2.4	96748.2	-999.9
Sikasso	2023	3	3	62	22.2	37.6	24.3	-999.9	0.0	2.0	96664.1	-999.9
Sikasso	2023	3	4	63	20.3	37.3	24.1	-999.9	0.0	2.0	96657.8	-999.9
Sikasso	2023	3	5	64	24.7	37.1	22.7	-999.9	0.0	1.5	96667.1	-999.9
Sikasso	2023	3	6	65	22.3	38.7	23.9	-999.9	0.0	2.1	96591.3	-999.9
Sikasso	2023	3	7	66	24.9	39.0	22.9	-999.9	0.0	2.7	96562.7	-999.9
Sikasso	2023	3	8	67	23.1	37.4	23.7	-999.9	0.0	2.6	96578.3	-999.9
Sikasso	2023	3	9	68	20.9	37.2	24.4	-999.9	0.0	1.8	96622.6	-999.9
Sikasso	2023	3	10	69	23.1	37.5	24.2	-999.9	0.0	1.4	96625.8	-999.9
Sikasso	2023	3	11	70	22.4	38.0	22.6	-999.9	0.0	1.2	96527.3	-999.9
Sikasso	2023	3	12	71	26.3	36.4	19.2	-999.9	0.0	2.2	96557.5	-999.9
Sikasso	2023	3	13	72	24.6	37.4	20.9	-999.9	0.0	1.6	96582.7	-999.9
Sikasso	2023	3	14	73	24.1	37.8	23.4	-999.9	0.0	1.4	96472.1	-999.9
Sikasso	2023	3	15	74	24.3	37.0	22.9	-999.9	0.0	1.7	96430.7	-999.9
Sikasso	2023	3	16	75	25.3	36.9	22.1	-999.9	0.0	1.7	96396.6	-999.9
Sikasso	2023	3	17	76	23.6	37.0	22.5	-999.9	0.0	1.3	96426.2	-999.9
Sikasso	2023	3	18	77	23.8	36.5	23.4	-999.9	0.0	2.1	96573.5	-999.9
Sikasso	2023	3	19	78	22.2	36.2	23.9	-999.9	0.0	1.6	96611.2	-999.9
Sikasso	2023	3	20	79	21.9	36.7	23.8	-999.9	0.0	1.9	96540.2	-999.9
Sikasso	2023	3	21	80	25.7	35.5	21.4	-999.9	0.0	2.1	96536.5	-999.9
Sikasso	2023	3	22	81	24.4	34.2	19.8	-999.9	0.0	2.0	96638.9	-999.9
Sikasso	2023	3	23	82	24.2	34.8	21.5	-999.9	0.0	1.6	96721.2	-999.9
Sikasso	2023	3	24	83	24.1	36.4	22.6	-999.9	0.0	1.7	96650.2	-999.9
Sikasso	2023	3	25	84	24.3	36.5	23.9	-999.9	0.0	1.1	96664.8	-999.9
Sikasso	2023	3	26	85	26.8	36.9	23.2	-999.9	0.0	1.8	96650.2	-999.9
Sikasso	2023	3	27	86	26.2	36.4	22.4	-999.9	0.0	2.1	96596.5	-999.9
Sikasso	2023	3	28	87	26.3	36.6	22.0	-999.9	0.0	1.8	96570.1	-999.9
Sikasso	2023	3	29	88	25.7	36.3	21.9	-999.9	13.1	2.2	96724.9	-999.9
Sikasso	2023	3	30	89	24.4	37.2	24.0	-999.9	0.0	1.8	96789.5	-999.9
Sikasso	2023	3	31	90	20.6	37.1	24.3	-999.9	0.0	1.6	96686.3	-999.9
Sikasso	2023	4	1	91	23.3	37.2	23.4	-999.9	0.0	1.8	96648.6	-999.9
Sikasso	2023	4	2	92	23.0	37.8	25.6	-999.9	0.0	1.5	96579.5	-999.9
Sikasso	2023	4	3	93	25.3	37.1	23.6	-999.9	0.0	1.7	96462.0	-999.9
Sikasso	2023	4	4	94	24.2	37.0	24.1	-999.9	0.0	2.0	96390.8	-999.9
Sikasso	2023	4	5	95	26.5	36.9	23.2	-999.9	0.0	2.3	96414.3	-999.9
Sikasso	2023	4	6	96	24.8	33.0	19.8	-999.9	0.0	1.7	96608.9	-999.9
Sikasso	2023	4	7	97	25.4	36.1	23.5	-999.9	14.8	1.6	96530.4	-999.9
Sikasso	2023	4	8	98	23.4	33.8	20.5	-999.9	7.4	1.3	96667.7	-999.9
Sikasso	2023	4	9	99	25.5	36.9	22.5	-999.9	7.4	1.3	96622.6	-999.9
Sikasso	2023	4	10	100	24.9	37.3	24.8	-999.9	0.0	1.9	96664.6	-999.9
Sikasso	2023	4	11	101	26.5	37.4	23.5	-999.9	0.0	2.9	96659.2	-999.9
Sikasso	2023	4	12	102	25.3	37.9	25.8	-999.9	0.0	2.7	96604.2	-999.9
Sikasso	2023	4	13	103	23.6	38.9	25.8	-999.9	0.0	2.4	96559.9	-999.9
Sikasso	2023	4	14	104	23.1	38.0	25.4	-999.9	0.0	1.6	96559.8	-999.9
Sikasso	2023	4	15	105	27.9	38.6	24.3	-999.9	0.0	1.7	96610.1	-999.9
Sikasso	2023	4	16	106	25.3	39.1	25.6	-999.9	0.0	1.8	96474.9	-999.9
Sikasso	2023	4	17	107	23.9	38.2	25.1	-999.9	0.0	1.7	96366.6	-999.9
Sikasso	2023	4	18	108	24.7	39.0	24.7	-999.9	0.0	2.3	96390.1	-999.9
Sikasso	2023	4	19	109	25.7	38.6	24.6	-999.9	0.0	2.4	96544.5	-999.9
Sikasso	2023	4	20	110	28.2	39.3	24.1	-999.9	0.0	1.9	96457.5	-999.9
Sikasso	2023	4	21	111	28.5	37.9	22.1	-999.9	6.0	2.4	96373.5	-999.9
Sikasso	2023	4	22	112	28.0	38.1	21.7	-999.9	0.0	1.7	96301.0	-999.9
Sikasso	2023	4	23	113	25.0	38.7	26.2	-999.9	0.0	1.7	96410.5	-999.9
Sikasso	2023	4	24	114	25.5	37.9	24.3	-999.9	0.0	2.0	96538.2	-999.9
Sikasso	2023	4	25	115	27.5	38.2	22.0	-999.9	6.0	2.1	96545.2	-999.9
Sikasso	2023	4	26	116	27.0	37.1	23.1	-999.9	0.0	2.2	96582.5	-999.9
Sikasso	2023	4	27	117	26.3	38.4	25.4	-999.9	0.0	2.2	96529.8	-999.9
Sikasso	2023	4	28	118	26.4	37.5	25.0	-999.9	0.0	2.7	96650.6	-999.9
Sikasso	2023	4	29	119	26.5	37.9	23.9	-999.9	0.0	2.6	96711.4	-999.9
Sikasso	2023	4	30	120	25.6	35.4	21.6	-999.9	0.0	2.6	96732.0	-999.9
Sikasso	2023	5	1	121	26.7	36.9	24.5	-999.9	0.0	2.3	96620.6	-999.9
Sikasso	2023	5	2	122	26.8	38.3	24.7	-999.9	0.0	2.0	96653.6	-999.9
Sikasso	2023	5	3	123	27.7	38.2	24.9	-999.9	7.1	1.7	96761.3	-999.9
Sikasso	2023	5	4	124	28.3	36.8	23.2	-999.9	14.1	1.9	96866.6	-999.9
Sikasso	2023	5	5	125	25.4	35.9	21.4	-999.9	7.1	2.4	96830.3	-999.9
Sikasso	2023	5	6	126	25.4	37.1	25.2	-999.9	0.0	2.2	96680.8	-999.9
Sikasso	2023	5	7	127	26.0	35.6	22.7	-999.9	0.0	2.0	96681.8	-999.9
Sikasso	2023	5	8	128	25.5	34.6	21.4	-999.9	6.7	1.8	96898.3	-999.9
Sikasso	2023	5	9	129	23.7	35.6	24.1	-999.9	0.0	1.4	96798.1	-999.9
Sikasso	2023	5	10	130	27.0	37.9	23.1	-999.9	0.0	1.7	96531.6	-999.9
Sikasso	2023	5	11	131	26.4	37.4	23.9	-999.9	0.0	2.4	96459.4	-999.9
Sikasso	2023	5	12	132	28.1	35.7	23.9	-999.9	0.0	2.5	96640.8	-999.9
Sikasso	2023	5	13	133	27.7	35.6	24.3	-999.9	5.0	1.9	96806.3	-999.9
Sikasso	2023	5	14	134	26.9	32.4	18.1	-999.9	7.5	2.0	97023.0	-999.9
Sikasso	2023	5	15	135	25.8	33.2	19.7	-999.9	2.5	1.3	96960.2	-999.9
Sikasso	2023	5	16	136	26.4	35.2	23.7	-999.9	0.0	1.9	96764.5	-999.9
Sikasso	2023	5	17	137	25.7	35.7	24.7	-999.9	4.7	1.7	96741.5	-999.9
Sikasso	2023	5	18	138	24.8	34.2	23.5	-999.9	11.8	1.8	96811.0	-999.9
Sikasso	2023	5	19	139	25.7	34.0	19.4	-999.9	0.0	1.6	96803.3	-999.9
Sikasso	2023	5	20	140	25.1	34.6	24.0	-999.9	2.4	1.8	96748.3	-999.9
Sikasso	2023	5	21	141	24.3	34.2	22.1	-999.9	5.4	2.2	96814.8	-999.9
Sikasso	2023	5	22	142	24.5	33.1	18.3	-999.9	13.4	1.5	96766.9	-999.9
Sikasso	2023	5	23	143	25.9	33.7	23.2	-999.9	0.0	1.8	96730.5	-999.9
Sikasso	2023	5	24	144	26.5	34.9	22.9	-999.9	2.7	1.7	96665.9	-999.9
Sikasso	2023	5	25	145	25.2	30.6	17.5	-999.9	8.1	1.5	96822.7	-999.9
Sikasso	2023	5	26	146	23.6	35.1	25.2	-999.9	0.0	1.7	96753.8	-999.9
Sikasso	2023	5	27	147	25.2	36.9	25.0	-999.9	0.0	2.2	96639.7	-999.9
Sikasso	2023	5	28	148	26.0	36.1	24.8	-999.9	0.0	2.3	96653.8	-999.9
Sikasso	2023	5	29	149	26.5	36.3	24.9	-999.9	3.5	2.1	96653.0	-999.9
Sikasso	2023	5	30	150	27.3	35.4	23.7	-999.9	10.6	2.2	96776.2	-999.9
Sikasso	2023	5	31	151	27.2	34.6	23.2	-999.9	3.5	2.1	96814.6	-999.9
Sikasso	2023	6	1	152	27.0	36.0	23.8	-999.9	10.9	2.3	96730.5	-999.9
Sikasso	2023	6	2	153	25.7	35.8	23.4	-999.9	0.0	2.4	96686.0	-999.9
Sikasso	2023	6	3	154	24.0	33.3	21.3	-999.9	7.3	2.6	96828.1	-999.9
Sikasso	2023	6	4	155	25.0	34.6	24.0	-999.9	7.3	1.8	96886.4	-999.9
Sikasso	2023	6	5	156	24.4	34.3	21.3	-999.9	10.9	2.1	96886.5	-999.9
Sikasso	2023	6	6	157	25.7	35.9	24.6	-999.9	0.0	1.9	96783.3	-999.9
Sikasso	2023	6	7	158	24.7	35.9	24.5	-999.9	6.4	2.4	96844.0	-999.9
Sikasso	2023	6	8	159	24.9	35.3	25.0	-999.9	0.0	2.9	96885.0	-999.9
Sikasso	2023	6	9	160	26.2	35.5	24.8	-999.9	0.0	2.7	96813.0	-999.9
Sikasso	2023	6	10	161	25.9	35.9	25.1	-999.9	3.2	2.4	96782.4	-999.9
Sikasso	2023	6	11	162	26.5	31.1	14.5	-999.9	0.0	2.5	96853.9	-999.9
Sikasso	2023	6	12	163	24.6	32.2	21.6	-999.9	0.0	2.5	96954.5	-999.9
Sikasso	2023	6	13	164	23.6	30.3	17.0	-999.9	15.0	2.1	96941.7	-999.9
Sikasso	2023	6	14	165	24.6	32.1	21.3	-999.9	5.0	2.0	96904.9	-999.9
Sikasso	2023	6	15	166	23.1	31.0	19.8	-999.9	10.0	1.6	96920.3	-999.9
Sikasso	2023	6	16	167	23.7	32.0	22.8	-999.9	13.2	1.6	96917.6	-999.9
Sikasso	2023	6	17	168	23.9	31.9	23.3	-999.9	0.0	1.4	96910.2	-999.9
Sikasso	2023	6	18	169	23.9	32.4	23.1	-999.9	0.0	1.9	96922.2	-999.9
Sikasso	2023	6	19	170	25.1	32.9	24.6	-999.9	0.0	2.2	96886.7	-999.9
Sikasso	2023	6	20	171	24.5	31.8	18.1	-999.9	13.2	1.8	96844.5	-999.9
Sikasso	2023	6	21	172	24.5	31.4	22.6	-999.9	0.0	2.0	96851.2	-999.9
Sikasso	2023	6	22	173	23.3	32.2	20.8	-999.9	0.0	2.0	96955.0	-999.9
Sikasso	2023	6	23	174	24.0	32.8	23.5	-999.9	0.0	2.1	96848.8	-999.9
Sikasso	2023	6	24	175	24.4	32.9	23.5	-999.9	0.0	2.2	96753.3	-999.9
Sikasso	2023	6	25	176	24.9	30.0	16.8	-999.9	22.1	1.9	96877.5	-999.9
Sikasso	2023	6	26	177	23.4	31.3	22.1	-999.9	0.0	2.0	96901.9	-999.9
Sikasso	2023	6	27	178	23.0	30.7	19.7	-999.9	7.0	1.9	96931.6	-999.9
Sikasso	2023	6	28	179	22.9	31.0	21.0	-999.9	14.0	1.7	96960.0	-999.9
Sikasso	2023	6	29	180	23.3	31.1	21.7	-999.9	7.0	1.7	97029.3	-999.9
Sikasso	2023	6	30	181	22.4	28.1	12.6	-999.9	21.0	1.3	97113.3	-999.9
Sikasso	2023	7	1	182	23.4	30.6	21.3	-999.9	4.2	1.3	97023.2	-999.9
Sikasso	2023	7	2	183	22.9	30.8	21.3	-999.9	0.0	1.2	96990.1	-999.9
Sikasso	2023	7	3	184	23.4	30.9	20.1	-999.9	0.0	2.0	97088.1	-999.9
Sikasso	2023	7	4	185	23.2	32.2	24.0	-999.9	8.5	1.4	97087.3	-999.9
Sikasso	2023	7	5	186	24.3	31.4	23.2	-999.9	8.5	1.6	97027.8	-999.9
Sikasso	2023	7	6	187	24.0	31.4	23.5	-999.9	5.9	1.7	96839.7	-999.9
Sikasso	2023	7	7	188	23.8	31.6	22.4	-999.9	5.9	1.8	96958.5	-999.9
Sikasso	2023	7	8	189	24.7	30.8	19.3	-999.9	11.8	1.5	96981.1	-999.9
Sikasso	2023	7	9	190	23.5	31.6	23.2	-999.9	0.0	1.7	96980.0	-999.9
Sikasso	2023	7	10	191	24.1	31.0	22.5	-999.9	11.8	2.0	97009.4	-999.9
Sikasso	2023	7	11	192	22.9	30.3	20.2	-999.9	8.8	1.3	96912.7	-999.9
Sikasso	2023	7	12	193	22.8	31.2	21.0	-999.9	8.8	1.5	96788.2	-999.9
Sikasso	2023	7	13	194	24.5	30.3	20.6	-999.9	8.8	1.8	96812.7	-999.9
Sikasso	2023	7	14	195	23.5	30.0	20.8	-999.9	0.0	2.2	96930.7	-999.9
Sikasso	2023	7	15	196	23.0	30.8	21.0	-999.9	0.0	1.7	97023.6	-999.9
Sikasso	2023	7	16	197	23.6	29.1	16.5	-999.9	18.8	1.5	96946.5	-999.9
Sikasso	2023	7	17	198	22.6	30.6	22.2	-999.9	18.8	1.2	97025.6	-999.9
Sikasso	2023	7	18	199	23.7	30.7	21.9	-999.9	0.0	1.2	97126.0	-999.9
Sikasso	2023	7	19	200	24.9	30.7	21.9	-999.9	12.6	1.8	97098.2	-999.9
Sikasso	2023	7	20	201	24.3	31.6	23.8	-999.9	0.0	2.2	96970.2	-999.9
Sikasso	2023	7	21	202	24.9	31.1	21.2	-999.9	0.0	2.3	96945.0	-999.9
Sikasso	2023	7	22	203	24.2	29.8	18.4	-999.9	16.5	2.0	97027.6	-999.9
Sikasso	2023	7	23	204	23.2	28.8	16.6	-999.9	0.0	1.5	97164.7	-999.9
Sikasso	2023	7	24	205	23.1	29.5	18.1	-999.9	0.0	1.3	97149.8	-999.9
Sikasso	2023	7	25	206	23.7	30.2	21.6	-999.9	0.0	1.5	97010.5	-999.9
Sikasso	2023	7	26	207	23.1	31.0	21.6	-999.9	0.0	1.5	96955.5	-999.9
Sikasso	2023	7	27	208	24.0	31.3	20.9	-999.9	5.6	1.7	96959.5	-999.9
Sikasso	2023	7	28	209	24.0	29.7	14.9	-999.9	11.2	2.0	96965.7	-999.9
Sikasso	2023	7	29	210	23.1	28.3	14.9	-999.9	0.0	1.9	97087.0	-999.9
Sikasso	2023	7	30	211	22.9	30.2	19.5	-999.9	0.0	1.7	97221.5	-999.9
Sikasso	2023	7	31	212	23.1	28.8	14.5	-999.9	11.2	1.6	97197.3	-999.9
Sikasso	2023	8	1	213	23.8	31.1	21.5	-999.9	16.1	1.8	97021.2	-999.9
Sikasso	2023	8	2	214	23.5	28.6	15.0	-999.9	0.0	2.0	97049.4	-999.9
Sikasso	2023	8	3	215	23.7	28.6	14.9	-999.9	0.0	1.9	97085.2	-999.9
Sikasso	2023	8	4	216	23.5	31.0	19.0	-999.9	8.0	1.4	97013.6	-999.9
Sikasso	2023	8	5	217	24.9	31.2	22.5	-999.9	16.1	1.9	97104.0	-999.9
Sikasso	2023	8	6	218	24.3	28.4	12.4	-999.9	30.5	2.2	97211.0	-999.9
Sikasso	2023	8	7	219	23.4	29.5	19.0	-999.9	0.0	1.6	97131.8	-999.9
Sikasso	2023	8	8	220	23.5	29.1	17.3	-999.9	20.3	1.6	96944.3	-999.9
Sikasso	2023	8	9	221	24.0	30.5	20.6	-999.9	20.3	2.1	96805.6	-999.9
Sikasso	2023	8	10	222	23.3	25.5	8.4	-999.9	20.3	2.3	96830.4	-999.9
Sikasso	2023	8	11	223	22.5	28.7	17.1	-999.9	6.6	1.8	96922.6	-999.9
Sikasso	2023	8	12	224	22.4	29.9	21.1	-999.9	6.6	1.9	96838.1	-999.9
Sikasso	2023	8	13	225	22.8	28.8	14.2	-999.9	26.5	1.9	96776.7	-999.9
Sikasso	2023	8	14	226	22.9	28.2	14.2	-999.9	13.3	1.6	96762.9	-999.9
Sikasso	2023	8	15	227	22.8	28.3	18.7	-999.9	0.0	2.9	96884.0	-999.9
Sikasso	2023	8	16	228	22.8	29.7	19.4	-999.9	0.0	1.5	97033.1	-999.9
Sikasso	2023	8	17	229	22.6	29.4	17.8	-999.9	16.9	1.6	96929.2	-999.9
Sikasso	2023	8	18	230	22.5	30.2	20.9	-999.9	5.6	1.7	96748.5	-999.9
Sikasso	2023	8	19	231	23.2	29.5	17.1	-999.9	0.0	2.1	96875.4	-999.9
Sikasso	2023	8	20	232	22.5	31.2	23.6	-999.9	11.3	1.4	96859.3	-999.9
Sikasso	2023	8	21	233	23.3	31.2	19.3	-999.9	12.6	1.1	96819.0	-999.9
Sikasso	2023	8	22	234	22.3	29.4	16.3	-999.9	12.6	1.1	96753.5	-999.9
Sikasso	2023	8	23	235	23.2	30.4	21.2	-999.9	25.2	1.1	96787.6	-999.9
Sikasso	2023	8	24	236	23.1	30.8	18.2	-999.9	0.0	1.3	96778.7	-999.9
Sikasso	2023	8	25	237	23.2	31.7	22.7	-999.9	0.0	1.1	96733.6	-999.9
Sikasso	2023	8	26	238	24.4	29.7	16.3	-999.9	36.2	1.9	96677.9	-999.9
Sikasso	2023	8	27	239	23.7	29.0	17.3	-999.9	12.1	2.1	96824.4	-999.9
Sikasso	2023	8	28	240	23.5	30.2	21.7	-999.9	12.1	1.7	97053.7	-999.9
Sikasso	2023	8	29	241	22.6	26.8	10.6	-999.9	24.1	1.3	97064.4	-999.9
Sikasso	2023	8	30	242	21.7	30.4	20.4	-999.9	0.0	2.3	97027.1	-999.9
Sikasso	2023	8	31	243	24.0	31.6	21.5	-999.9	12.1	1.0	96947.0	-999.9
Sikasso	2023	9	1	244	23.0	31.5	22.7	-999.9	0.0	1.2	96917.1	-999.9
Sikasso	2023	9	2	245	23.9	31.1	21.1	-999.9	8.5	1.9	96845.3	-999.9
Sikasso	2023	9	3	246	22.5	26.3	9.6	-999.9	17.0	1.9	96787.1	-999.9
Sikasso	2023	9	4	247	21.9	28.8	16.7	-999.9	0.0	2.2	96931.7	-999.9
Sikasso	2023	9	5	248	22.5	29.8	19.7	-999.9	0.0	1.3	96959.1	-999.9
Sikasso	2023	9	6	249	22.4	27.5	12.6	-999.9	16.6	1.2	96998.8	-999.9
Sikasso	2023	9	7	250	22.0	30.9	22.4	-999.9	0.0	1.3	96990.3	-999.9
Sikasso	2023	9	8	251	21.8	31.8	24.8	-999.9	5.5	1.2	96944.1	-999.9
Sikasso	2023	9	9	252	23.4	30.0	19.0	-999.9	16.6	1.6	96991.3	-999.9
Sikasso	2023	9	10	253	22.2	29.6	18.8	-999.9	0.0	1.3	97102.2	-999.9
Sikasso	2023	9	11	254	22.0	31.4	24.1	-999.9	0.0	1.5	96986.2	-999.9
Sikasso	2023	9	12	255	23.6	32.2	23.6	-999.9	9.5	1.7	96772.7	-999.9
Sikasso	2023	9	13	256	23.8	29.6	16.4	-999.9	37.9	1.9	96774.7	-999.9
Sikasso	2023	9	14	257	23.2	30.2	19.8	-999.9	0.0	1.5	96808.8	-999.9
Sikasso	2023	9	15	258	22.3	30.0	18.7	-999.9	18.9	0.9	96888.5	-999.9
Sikasso	2023	9	16	259	23.3	29.8	19.0	-999.9	14.5	1.4	96878.0	-999.9
Sikasso	2023	9	17	260	22.2	30.1	19.7	-999.9	29.0	1.0	96872.1	-999.9
Sikasso	2023	9	18	261	22.9	29.6	19.2	-999.9	0.0	1.6	96783.3	-999.9
Sikasso	2023	9	19	262	23.2	30.2	20.7	-999.9	0.0	1.5	96812.7	-999.9
Sikasso	2023	9	20	263	21.7	30.7	21.1	-999.9	0.0	1.4	96877.4	-999.9
Sikasso	2023	9	21	264	22.8	30.7	20.7	-999.9	5.0	1.0	96847.6	-999.9
Sikasso	2023	9	22	265	23.1	30.8	22.3	-999.9	5.0	1.4	96846.5	-999.9
Sikasso	2023	9	23	266	22.9	31.8	23.6	-999.9	5.0	1.5	96866.5	-999.9
Sikasso	2023	9	24	267	22.0	31.1	21.9	-999.9	5.0	1.5	96980.6	-999.9
Sikasso	2023	9	25	268	23.9	32.3	23.2	-999.9	10.0	1.3	96947.2	-999.9
Sikasso	2023	9	26	269	23.1	30.4	21.1	-999.9	6.4	1.5	96905.7	-999.9
Sikasso	2023	9	27	270	23.0	31.9	23.7	-999.9	0.0	1.1	96804.5	-999.9
Sikasso	2023	9	28	271	24.5	32.1	23.4	-999.9	12.8	1.5	96687.6	-999.9
Sikasso	2023	9	29	272	24.1	32.5	24.0	-999.9	6.4	1.5	96827.6	-999.9
Sikasso	2023	9	30	273	22.9	32.6	22.5	-999.9	0.0	1.2	96846.5	-999.9
Sikasso	2023	10	1	274	24.1	32.9	22.8	-999.9	8.2	1.1	96750.2	-999.9
Sikasso	2023	10	2	275	24.8	31.9	22.9	-999.9	8.2	1.5	96752.9	-999.9
Sikasso	2023	10	3	276	23.5	32.1	20.9	-999.9	12.2	1.3	96762.5	-999.9
Sikasso	2023	10	4	277	23.8	31.1	17.9	-999.9	0.0	1.3	96825.2	-999.9
Sikasso	2023	10	5	278	22.9	30.3	18.6	-999.9	4.1	1.2	96848.5	-999.9
Sikasso	2023	10	6	279	23.4	31.7	21.9	-999.9	0.0	1.2	96855.1	-999.9
Sikasso	2023	10	7	280	23.7	32.3	21.9	-999.9	0.0	1.1	96832.8	-999.9
Sikasso	2023	10	8	281	23.8	31.9	22.4	-999.9	0.0	1.6	96918.5	-999.9
Sikasso	2023	10	9	282	23.2	30.1	18.1	-999.9	0.0	1.8	97039.9	-999.9
Sikasso	2023	10	10	283	23.0	32.3	21.2	-999.9	11.1	1.2	96991.7	-999.9
Sikasso	2023	10	11	284	23.4	31.0	20.6	-999.9	12.6	1.4	96924.3	-999.9
Sikasso	2023	10	12	285	23.3	31.0	18.3	-999.9	12.6	1.2	96954.9	-999.9
Sikasso	2023	10	13	286	22.5	30.7	18.8	-999.9	0.0	1.0	97010.0	-999.9
Sikasso	2023	10	14	287	22.9	32.8	21.6	-999.9	0.0	0.9	96970.6	-999.9
Sikasso	2023	10	15	288	22.9	32.8	22.5	-999.9	0.0	1.2	96839.7	-999.9
Sikasso	2023	10	16	289	23.2	31.7	22.3	-999.9	0.0	1.7	96774.1	-999.9
Sikasso	2023	10	17	290	22.6	30.4	20.3	-999.9	0.0	1.5	96960.0	-999.9
Sikasso	2023	10	18	291	23.0	31.8	21.2	-999.9	0.0	1.0	97011.9	-999.9
Sikasso	2023	10	19	292	23.2	33.1	21.5	-999.9	0.0	1.1	96941.9	-999.9
Sikasso	2023	10	20	293	23.9	32.6	22.0	-999.9	0.0	1.3	96899.0	-999.9
Sikasso	2023	10	21	294	23.4	32.0	21.5	-999.9	0.0	1.6	96900.2	-999.9
Sikasso	2023	10	22	295	22.7	31.9	21.3	-999.9	0.0	1.0	96835.6	-999.9
Sikasso	2023	10	23	296	23.2	32.7	20.9	-999.9	3.3	0.9	96773.8	-999.9
Sikasso	2023	10	24	297	23.5	33.1	20.7	-999.9	3.3	0.9	96750.5	-999.9
Sikasso	2023	10	25	298	24.0	33.2	21.0	-999.9	0.0	1.3	96743.4	-999.9
Sikasso	2023	10	26	299	23.2	34.2	21.7	-999.9	0.0	1.6	96750.2	-999.9
Sikasso	2023	10	27	300	23.6	32.0	19.8	-999.9	0.0	1.6	96757.4	-999.9
Sikasso	2023	10	28	301	23.8	31.9	20.8	-999.9	0.0	1.5	96693.1	-999.9
Sikasso	2023	10	29	302	22.0	32.7	21.2	-999.9	0.0	1.2	96629.3	-999.9
Sikasso	2023	10	30	303	22.4	34.1	21.3	-999.9	0.0	1.0	96574.9	-999.9
Sikasso	2023	10	31	304	22.9	34.9	20.6	-999.9	0.0	1.6	96586.5	-999.9
Sikasso	2023	11	1	305	23.9	33.2	21.1	-999.9	0.0	1.5	96799.2	-999.9
Sikasso	2023	11	2	306	23.5	33.9	20.6	-999.9	0.0	1.2	96820.2	-999.9
Sikasso	2023	11	3	307	23.6	34.2	20.5	-999.9	0.0	1.4	96689.5	-999.9
Sikasso	2023	11	4	308	23.2	32.3	18.9	-999.9	0.0	1.6	96678.9	-999.9
Sikasso	2023	11	5	309	23.7	33.0	19.1	-999.9	0.0	1.5	96747.1	-999.9
Sikasso	2023	11	6	310	24.0	33.7	19.5	-999.9	0.0	1.4	96835.4	-999.9
Sikasso	2023	11	7	311	23.1	34.3	20.4	-999.9	0.0	1.2	96721.6	-999.9
Sikasso	2023	11	8	312	23.8	32.7	18.2	-999.9	0.0	1.5	96711.9	-999.9
Sikasso	2023	11	9	313	23.9	32.9	18.3	-999.9	5.4	1.4	96751.7	-999.9
Sikasso	2023	11	10	314	24.7	33.5	20.4	-999.9	0.0	1.3	96816.0	-999.9
Sikasso	2023	11	11	315	23.2	34.2	20.0	-999.9	0.0	1.1	96829.7	-999.9
Sikasso	2023	11	12	316	22.1	34.7	21.5	-999.9	0.0	1.7	96825.4	-999.9
Sikasso	2023	11	13	317	19.5	34.9	22.1	-999.9	0.0	1.6	96870.2	-999.9
Sikasso	2023	11	14	318	21.8	34.4	22.1	-999.9	0.0	1.9	96843.7	-999.9
Sikasso	2023	11	15	319	17.6	34.3	22.1	-999.9	0.0	2.0	96778.0	-999.9
Sikasso	2023	11	16	320	20.1	34.6	21.8	-999.9	0.0	1.7	96751.2	-999.9
Sikasso	2023	11	17	321	21.1	33.1	19.0	-999.9	0.0	1.7	96776.2	-999.9
Sikasso	2023	11	18	322	24.2	34.0	18.7	-999.9	0.0	1.5	96870.5	-999.9
Sikasso	2023	11	19	323	20.9	34.2	21.1	-999.9	0.0	1.8	96899.2	-999.9
Sikasso	2023	11	20	324	20.3	34.3	21.1	-999.9	0.0	2.1	96865.4	-999.9
Sikasso	2023	11	21	325	19.5	34.0	21.5	-999.9	0.0	2.0	96854.0	-999.9
Sikasso	2023	11	22	326	17.9	33.7	21.5	-999.9	0.0	1.4	96754.2	-999.9
Sikasso	2023	11	23	327	20.0	33.9	20.9	-999.9	0.0	1.3	96729.5	-999.9
Sikasso	2023	11	24	328	18.3	33.1	21.2	-999.9	0.0	1.1	96681.4	-999.9
Sikasso	2023	11	25	329	18.6	32.7	20.7	-999.9	0.0	1.4	96630.4	-999.9
Sikasso	2023	11	26	330	22.2	32.7	18.6	-999.9	0.0	1.4	96801.9	-999.9
Sikasso	2023	11	27	331	22.1	32.0	17.7	-999.9	0.0	1.5	96950.1	-999.9
Sikasso	2023	11	28	332	24.3	33.5	17.9	-999.9	0.0	1.3	96804.4	-999.9
Sikasso	2023	11	29	333	23.3	33.9	19.7	-999.9	0.0	1.4	96769.7	-999.9
Sikasso	2023	11	30	334	21.6	34.4	19.9	-999.9	0.0	1.3	96842.4	-999.9
Sikasso	2023	12	1	335	22.8	34.8	19.1	-999.9	0.0	1.5	96876.8	-999.9
Sikasso	2023	12	2	336	22.5	35.5	20.3	-999.9	0.0	1.6	96864.1	-999.9
Sikasso	2023	12	3	337	20.0	34.7	20.7	-999.9	0.0	1.9	96870.5	-999.9
Sikasso	2023	12	4	338	18.9	33.8	20.7	-999.9	0.0	2.2	96926.2	-999.9
Sikasso	2023	12	5	339	18.0	33.6	20.8	-999.9	0.0	2.0	96916.8	-999.9
Sikasso	2023	12	6	340	19.9	34.1	20.9	-999.9	0.0	1.8	96895.7	-999.9
Sikasso	2023	12	7	341	18.4	34.2	20.7	-999.9	0.0	1.4	96946.0	-999.9
Sikasso	2023	12	8	342	19.0	33.6	20.1	-999.9	0.0	2.0	97000.4	-999.9
Sikasso	2023	12	9	343	18.6	32.9	20.6	-999.9	0.0	2.2	96881.4	-999.9
Sikasso	2023	12	10	344	15.8	32.6	20.8	-999.9	0.0	2.1	96879.6	-999.9
Sikasso	2023	12	11	345	15.8	32.8	20.8	-999.9	0.0	2.2	96866.8	-999.9
Sikasso	2023	12	12	346	16.4	32.1	20.8	-999.9	0.0	2.1	96962.5	-999.9
Sikasso	2023	12	13	347	16.1	30.9	20.9	-999.9	0.0	2.0	96937.4	-999.9
Sikasso	2023	12	14	348	13.9	31.0	20.9	-999.9	0.0	1.8	96876.9	-999.9
Sikasso	2023	12	15	349	15.6	31.6	20.3	-999.9	0.0	2.0	96857.1	-999.9
Sikasso	2023	12	16	350	16.8	31.5	19.5	-999.9	0.0	2.0	96812.5	-999.9
Sikasso	2023	12	17	351	17.0	30.7	18.3	-999.9	0.5	2.0	96850.2	-999.9
Sikasso	2023	12	18	352	15.9	29.4	18.2	-999.9	0.0	2.3	96966.3	-999.9
Sikasso	2023	12	19	353	13.2	28.4	20.7	-999.9	0.0	2.3	97105.9	-999.9
Sikasso	2023	12	20	354	12.2	27.5	20.6	-999.9	0.0	2.3	97240.5	-999.9
Sikasso	2023	12	21	355	11.9	27.4	20.5	-999.9	0.0	2.0	97110.2	-999.9
Sikasso	2023	12	22	356	12.3	29.9	20.5	-999.9	0.0	1.8	97059.2	-999.9
Sikasso	2023	12	23	357	14.5	32.3	20.5	-999.9	0.0	1.9	97025.8	-999.9
Sikasso	2023	12	24	358	17.7	33.5	19.8	-999.9	0.0	2.1	97054.7	-999.9
Sikasso	2023	12	25	359	16.6	32.0	20.7	-999.9	0.0	2.0	97021.1	-999.9
Sikasso	2023	12	26	360	14.7	31.6	20.8	-999.9	0.0	2.0	96972.5	-999.9
Sikasso	2023	12	27	361	14.2	31.9	20.9	-999.9	0.0	1.9	96962.9	-999.9
Sikasso	2023	12	28	362	14.7	32.0	20.9	-999.9	0.0	1.9	97080.0	-999.9
Sikasso	2023	12	29	363	14.3	31.4	21.0	-999.9	0.0	2.0	97026.4	-999.9
Sikasso	2023	12	30	364	14.3	32.3	20.9	-999.9	0.0	1.8	96947.6	-999.9
Sikasso	2023	12	31	365	14.6	33.0	20.8	-999.9	0.0	2.0	96942.8	-999.9
