Sikasso	2006	1	1	1	14.6	32.1	20.5	-999.9	0.0	1.9	96813.8	-999.9
Sikasso	2006	1	2	2	15.1	33.9	20.5	-999.9	0.0	1.8	96732.0	-999.9
Sikasso	2006	1	3	3	16.2	34.2	20.6	-999.9	0.0	1.8	96645.4	-999.9
Sikasso	2006	1	4	4	17.3	34.2	20.7	-999.9	0.0	1.6	96442.4	-999.9
Sikasso	2006	1	5	5	17.1	34.4	20.6	-999.9	0.0	1.7	96413.8	-999.9
Sikasso	2006	1	6	6	17.5	34.2	20.6	-999.9	0.0	1.5	96483.9	-999.9
Sikasso	2006	1	7	7	17.6	33.4	20.3	-999.9	0.0	1.8	96613.0	-999.9
Sikasso	2006	1	8	8	16.5	32.0	19.4	-999.9	0.0	1.5	96685.1	-999.9
Sikasso	2006	1	9	9	17.9	31.7	17.3	-999.9	0.0	1.4	96745.0	-999.9
Sikasso	2006	1	10	10	20.6	33.9	20.4	-999.9	0.0	1.6	96733.1	-999.9
Sikasso	2006	1	11	11	18.1	34.5	20.8	-999.9	0.0	1.9	96799.9	-999.9
Sikasso	2006	1	12	12	16.9	33.5	20.5	-999.9	0.0	1.9	96842.3	-999.9
Sikasso	2006	1	13	13	16.5	34.3	20.9	-999.9	0.0	2.0	96885.1	-999.9
Sikasso	2006	1	14	14	17.2	34.4	21.1	-999.9	0.0	2.0	96869.1	-999.9
Sikasso	2006	1	15	15	17.2	33.6	21.1	-999.9	0.0	2.1	96857.8	-999.9
Sikasso	2006	1	16	16	17.2	33.4	21.2	-999.9	0.0	2.1	96803.4	-999.9
Sikasso	2006	1	17	17	16.5	33.5	20.7	-999.9	0.0	1.6	96662.0	-999.9
Sikasso	2006	1	18	18	17.9	32.3	19.8	-999.9	0.0	2.3	96706.8	-999.9
Sikasso	2006	1	19	19	17.4	31.2	20.7	-999.9	0.0	2.6	96722.4	-999.9
Sikasso	2006	1	20	20	18.3	32.2	19.9	-999.9	0.0	2.3	96765.7	-999.9
Sikasso	2006	1	21	21	18.0	33.9	21.1	-999.9	0.0	2.5	96804.8	-999.9
Sikasso	2006	1	22	22	19.2	35.0	21.3	-999.9	0.0	2.6	96763.2	-999.9
Sikasso	2006	1	23	23	19.6	35.7	21.1	-999.9	0.0	2.4	96677.5	-999.9
Sikasso	2006	1	24	24	17.9	35.6	21.6	-999.9	0.0	2.1	96744.8	-999.9
Sikasso	2006	1	25	25	17.1	35.8	21.6	-999.9	0.0	2.0	96766.6	-999.9
Sikasso	2006	1	26	26	18.0	35.9	21.5	-999.9	0.0	1.7	96731.8	-999.9
Sikasso	2006	1	27	27	18.0	36.0	21.7	-999.9	0.0	1.6	96740.7	-999.9
Sikasso	2006	1	28	28	19.9	36.1	20.5	-999.9	0.0	1.8	96752.5	-999.9
Sikasso	2006	1	29	29	21.1	35.0	19.9	-999.9	0.8	1.6	96757.4	-999.9
Sikasso	2006	1	30	30	21.3	34.8	20.3	-999.9	0.0	1.3	96771.0	-999.9
Sikasso	2006	1	31	31	22.1	34.9	21.2	-999.9	0.0	2.1	96667.9	-999.9
Sikasso	2006	2	1	32	19.8	35.3	21.8	-999.9	0.0	1.9	96608.5	-999.9
Sikasso	2006	2	2	33	19.7	35.1	22.0	-999.9	0.0	1.8	96617.4	-999.9
Sikasso	2006	2	3	34	20.6	35.1	21.6	-999.9	2.1	2.0	96650.3	-999.9
Sikasso	2006	2	4	35	18.9	35.9	22.2	-999.9	0.0	2.1	96651.3	-999.9
Sikasso	2006	2	5	36	19.4	37.0	22.3	-999.9	0.0	2.2	96590.1	-999.9
Sikasso	2006	2	6	37	19.8	36.2	22.5	-999.9	0.0	2.2	96568.5	-999.9
Sikasso	2006	2	7	38	19.3	36.6	22.3	-999.9	0.0	1.9	96576.2	-999.9
Sikasso	2006	2	8	39	19.7	35.6	22.4	-999.9	0.0	2.3	96619.4	-999.9
Sikasso	2006	2	9	40	19.1	36.7	22.1	-999.9	0.0	1.6	96618.1	-999.9
Sikasso	2006	2	10	41	19.4	36.8	22.1	-999.9	1.5	1.4	96684.7	-999.9
Sikasso	2006	2	11	42	22.3	35.8	20.2	-999.9	0.0	1.2	96780.2	-999.9
Sikasso	2006	2	12	43	23.9	36.5	20.6	-999.9	0.0	1.6	96716.9	-999.9
Sikasso	2006	2	13	44	23.0	37.1	22.3	-999.9	0.0	1.5	96539.2	-999.9
Sikasso	2006	2	14	45	20.5	35.5	21.1	-999.9	0.0	1.6	96521.7	-999.9
Sikasso	2006	2	15	46	23.1	36.6	21.9	-999.9	0.0	1.0	96529.8	-999.9
Sikasso	2006	2	16	47	23.0	35.9	20.3	-999.9	0.0	1.4	96537.4	-999.9
Sikasso	2006	2	17	48	21.6	33.0	20.4	-999.9	1.6	2.2	96785.2	-999.9
Sikasso	2006	2	18	49	21.2	32.3	20.3	-999.9	0.0	2.5	96924.9	-999.9
Sikasso	2006	2	19	50	21.6	34.1	22.4	-999.9	0.0	2.3	96877.4	-999.9
Sikasso	2006	2	20	51	20.7	34.5	22.8	-999.9	0.0	2.2	96752.5	-999.9
Sikasso	2006	2	21	52	20.3	35.0	22.9	-999.9	0.0	1.5	96679.8	-999.9
Sikasso	2006	2	22	53	21.2	36.2	23.1	-999.9	0.0	1.8	96736.9	-999.9
Sikasso	2006	2	23	54	21.5	35.6	23.5	-999.9	0.0	2.4	96817.8	-999.9
Sikasso	2006	2	24	55	21.1	36.2	23.7	-999.9	0.0	2.4	96780.7	-999.9
Sikasso	2006	2	25	56	20.2	36.6	24.0	-999.9	0.0	2.0	96716.0	-999.9
Sikasso	2006	2	26	57	20.2	37.1	24.1	-999.9	0.0	2.0	96699.5	-999.9
Sikasso	2006	2	27	58	19.7	37.3	24.4	-999.9	0.0	2.0	96607.2	-999.9
Sikasso	2006	2	28	59	20.7	37.7	24.2	-999.9	0.0	2.0	96607.9	-999.9
Sikasso	2006	3	1	60	22.9	37.3	22.4	-999.9	0.0	1.6	96633.2	-999.9
Sikasso	2006	3	2	61	25.3	37.8	21.7	-999.9	0.0	1.4	96724.5	-999.9
Sikasso	2006	3	3	62	23.6	37.6	23.2	-999.9	0.0	2.4	96840.2	-999.9
Sikasso	2006	3	4	63	22.3	38.1	24.0	-999.9	0.0	2.3	96777.5	-999.9
Sikasso	2006	3	5	64	21.0	38.1	24.7	-999.9	0.0	2.0	96715.1	-999.9
Sikasso	2006	3	6	65	20.6	38.3	24.0	-999.9	0.0	2.2	96712.8	-999.9
Sikasso	2006	3	7	66	22.4	37.7	24.9	-999.9	0.0	2.5	96679.4	-999.9
Sikasso	2006	3	8	67	19.4	37.2	25.1	-999.9	0.0	2.2	96616.1	-999.9
Sikasso	2006	3	9	68	19.3	37.1	23.8	-999.9	0.0	2.1	96590.5	-999.9
Sikasso	2006	3	10	69	21.6	37.2	23.9	-999.9	0.0	1.8	96702.6	-999.9
Sikasso	2006	3	11	70	21.7	36.6	22.5	-999.9	0.0	1.9	96714.2	-999.9
Sikasso	2006	3	12	71	20.9	37.2	24.8	-999.9	0.0	1.6	96632.0	-999.9
Sikasso	2006	3	13	72	19.7	37.1	25.1	-999.9	0.0	1.6	96528.3	-999.9
Sikasso	2006	3	14	73	20.6	37.9	25.2	-999.9	0.0	1.8	96563.7	-999.9
Sikasso	2006	3	15	74	22.2	37.7	24.1	-999.9	0.0	1.6	96612.3	-999.9
Sikasso	2006	3	16	75	23.2	37.9	24.9	-999.9	0.0	1.8	96651.6	-999.9
Sikasso	2006	3	17	76	22.8	38.0	23.7	-999.9	0.0	1.8	96576.9	-999.9
Sikasso	2006	3	18	77	20.8	38.5	24.9	-999.9	0.0	1.8	96492.5	-999.9
Sikasso	2006	3	19	78	22.1	38.2	23.7	-999.9	0.0	1.7	96478.9	-999.9
Sikasso	2006	3	20	79	25.7	39.0	24.4	-999.9	0.0	1.7	96519.3	-999.9
Sikasso	2006	3	21	80	26.3	38.9	24.5	-999.9	0.0	2.0	96535.2	-999.9
Sikasso	2006	3	22	81	25.5	39.4	24.8	-999.9	0.0	2.0	96524.0	-999.9
Sikasso	2006	3	23	82	26.3	38.1	23.4	-999.9	0.0	2.1	96522.0	-999.9
Sikasso	2006	3	24	83	26.9	38.4	23.2	-999.9	0.0	2.1	96488.8	-999.9
Sikasso	2006	3	25	84	24.7	38.7	24.6	-999.9	0.0	2.1	96565.9	-999.9
Sikasso	2006	3	26	85	22.2	39.0	25.3	-999.9	0.0	1.9	96622.0	-999.9
Sikasso	2006	3	27	86	24.5	38.0	24.2	-999.9	0.0	1.9	96615.2	-999.9
Sikasso	2006	3	28	87	26.9	36.5	22.9	-999.9	4.7	2.8	96676.7	-999.9
Sikasso	2006	3	29	88	23.5	37.1	22.2	-999.9	4.7	1.9	96686.6	-999.9
Sikasso	2006	3	30	89	24.6	37.5	24.8	-999.9	0.0	1.8	96700.9	-999.9
Sikasso	2006	3	31	90	20.8	33.9	18.0	-999.9	0.0	2.4	96798.9	-999.9
Sikasso	2006	4	1	91	24.4	37.1	20.2	-999.9	0.0	1.5	96691.9	-999.9
Sikasso	2006	4	2	92	26.0	39.0	25.3	-999.9	0.0	1.6	96582.6	-999.9
Sikasso	2006	4	3	93	24.2	38.5	24.4	-999.9	0.0	1.9	96547.7	-999.9
Sikasso	2006	4	4	94	26.2	38.7	24.7	-999.9	0.0	1.9	96470.1	-999.9
Sikasso	2006	4	5	95	26.9	37.3	23.3	-999.9	0.0	2.5	96454.1	-999.9
Sikasso	2006	4	6	96	27.2	37.4	21.4	-999.9	4.3	2.4	96502.7	-999.9
Sikasso	2006	4	7	97	25.3	36.2	22.4	-999.9	0.0	1.9	96502.0	-999.9
Sikasso	2006	4	8	98	26.0	36.1	22.5	-999.9	4.3	1.8	96422.9	-999.9
Sikasso	2006	4	9	99	27.1	37.2	22.1	-999.9	0.0	1.9	96219.9	-999.9
Sikasso	2006	4	10	100	25.9	37.8	24.3	-999.9	0.0	2.0	96277.0	-999.9
Sikasso	2006	4	11	101	26.2	38.1	24.9	-999.9	0.0	2.0	96458.9	-999.9
Sikasso	2006	4	12	102	25.9	38.8	26.2	-999.9	0.0	1.6	96382.7	-999.9
Sikasso	2006	4	13	103	27.5	38.4	24.8	-999.9	0.0	1.9	96244.8	-999.9
Sikasso	2006	4	14	104	27.9	37.9	23.2	-999.9	0.0	2.2	96256.9	-999.9
Sikasso	2006	4	15	105	26.4	36.7	22.8	-999.9	4.8	2.8	96513.9	-999.9
Sikasso	2006	4	16	106	26.7	37.7	23.8	-999.9	4.2	2.2	96603.2	-999.9
Sikasso	2006	4	17	107	28.0	37.3	24.2	-999.9	0.0	2.4	96421.4	-999.9
Sikasso	2006	4	18	108	26.2	34.1	18.3	-999.9	8.3	2.4	96451.1	-999.9
Sikasso	2006	4	19	109	25.6	35.9	21.7	-999.9	4.2	2.3	96619.4	-999.9
Sikasso	2006	4	20	110	23.6	34.5	20.6	-999.9	12.5	2.1	96770.1	-999.9
Sikasso	2006	4	21	111	25.3	34.7	22.1	-999.9	0.0	1.8	96726.0	-999.9
Sikasso	2006	4	22	112	24.3	35.7	22.7	-999.9	8.0	2.2	96661.0	-999.9
Sikasso	2006	4	23	113	25.2	34.9	23.6	-999.9	0.0	2.0	96604.9	-999.9
Sikasso	2006	4	24	114	23.7	34.5	23.3	-999.9	0.0	1.6	96630.2	-999.9
Sikasso	2006	4	25	115	24.4	33.3	22.2	-999.9	0.0	1.4	96597.4	-999.9
Sikasso	2006	4	26	116	23.3	32.5	19.7	-999.9	3.9	1.2	96613.8	-999.9
Sikasso	2006	4	27	117	24.2	33.1	22.6	-999.9	0.0	1.0	96633.1	-999.9
Sikasso	2006	4	28	118	24.0	32.2	21.2	-999.9	3.9	1.5	96672.3	-999.9
Sikasso	2006	4	29	119	24.4	34.2	23.8	-999.9	0.0	1.5	96573.7	-999.9
Sikasso	2006	4	30	120	25.0	35.1	23.6	-999.9	0.0	2.1	96582.1	-999.9
Sikasso	2006	5	1	121	24.5	36.0	24.5	-999.9	3.3	1.9	96624.9	-999.9
Sikasso	2006	5	2	122	25.9	36.0	23.8	-999.9	6.7	2.0	96710.4	-999.9
Sikasso	2006	5	3	123	24.2	35.9	23.7	-999.9	6.7	2.3	96654.2	-999.9
Sikasso	2006	5	4	124	26.1	35.7	23.4	-999.9	0.0	1.9	96513.3	-999.9
Sikasso	2006	5	5	125	26.4	36.5	23.9	-999.9	0.0	2.3	96472.1	-999.9
Sikasso	2006	5	6	126	25.8	35.6	23.0	-999.9	0.0	1.8	96536.3	-999.9
Sikasso	2006	5	7	127	26.3	36.4	23.0	-999.9	3.0	2.3	96476.5	-999.9
Sikasso	2006	5	8	128	24.7	35.2	22.5	-999.9	3.0	1.9	96506.6	-999.9
Sikasso	2006	5	9	129	24.7	34.7	21.7	-999.9	5.9	1.8	96586.6	-999.9
Sikasso	2006	5	10	130	25.6	36.7	25.2	-999.9	0.0	2.3	96522.5	-999.9
Sikasso	2006	5	11	131	24.5	36.5	25.8	-999.9	0.0	2.3	96567.6	-999.9
Sikasso	2006	5	12	132	25.2	36.7	25.1	-999.9	0.0	2.2	96666.8	-999.9
Sikasso	2006	5	13	133	26.8	35.6	23.9	-999.9	0.0	2.2	96845.4	-999.9
Sikasso	2006	5	14	134	23.8	36.1	24.4	-999.9	13.5	2.3	96864.6	-999.9
Sikasso	2006	5	15	135	23.9	33.8	23.6	-999.9	4.5	2.2	96809.4	-999.9
Sikasso	2006	5	16	136	25.0	35.4	24.8	-999.9	0.0	2.4	96766.5	-999.9
Sikasso	2006	5	17	137	24.8	34.9	24.3	-999.9	0.0	2.1	96825.0	-999.9
Sikasso	2006	5	18	138	25.4	35.8	24.8	-999.9	0.0	2.0	96818.2	-999.9
Sikasso	2006	5	19	139	24.7	32.3	15.6	-999.9	8.5	1.9	96820.9	-999.9
Sikasso	2006	5	20	140	23.1	31.8	21.9	-999.9	8.5	2.1	96851.5	-999.9
Sikasso	2006	5	21	141	23.4	31.1	18.6	-999.9	5.1	1.5	96865.2	-999.9
Sikasso	2006	5	22	142	22.9	30.1	21.3	-999.9	0.0	1.6	96982.5	-999.9
Sikasso	2006	5	23	143	23.4	31.5	20.7	-999.9	10.3	1.7	97052.2	-999.9
Sikasso	2006	5	24	144	22.8	31.3	20.4	-999.9	15.4	1.4	96984.5	-999.9
Sikasso	2006	5	25	145	23.3	33.1	24.2	-999.9	0.0	1.7	96844.6	-999.9
Sikasso	2006	5	26	146	22.5	32.3	23.0	-999.9	0.0	2.2	96874.5	-999.9
Sikasso	2006	5	27	147	24.4	32.5	22.7	-999.9	7.3	1.9	96949.9	-999.9
Sikasso	2006	5	28	148	24.0	33.9	23.4	-999.9	7.3	1.8	96965.8	-999.9
Sikasso	2006	5	29	149	23.6	33.8	22.9	-999.9	3.6	1.8	96926.7	-999.9
Sikasso	2006	5	30	150	24.7	34.3	24.2	-999.9	3.6	1.9	96808.5	-999.9
Sikasso	2006	5	31	151	25.6	34.8	24.3	-999.9	3.6	1.9	96763.5	-999.9
Sikasso	2006	6	1	152	24.1	33.1	22.7	-999.9	9.2	1.7	96907.8	-999.9
Sikasso	2006	6	2	153	24.4	35.1	24.0	-999.9	4.6	1.1	96909.1	-999.9
Sikasso	2006	6	3	154	23.2	34.0	23.4	-999.9	4.6	2.6	96767.1	-999.9
Sikasso	2006	6	4	155	25.3	35.3	24.7	-999.9	0.0	2.7	96610.0	-999.9
Sikasso	2006	6	5	156	25.0	34.5	24.4	-999.9	4.6	2.5	96647.5	-999.9
Sikasso	2006	6	6	157	25.1	34.0	24.3	-999.9	7.5	1.9	96725.4	-999.9
Sikasso	2006	6	7	158	24.0	34.3	24.4	-999.9	15.0	1.8	96735.4	-999.9
Sikasso	2006	6	8	159	24.3	32.6	20.3	-999.9	0.0	2.3	96678.8	-999.9
Sikasso	2006	6	9	160	23.3	30.6	15.9	-999.9	15.0	1.8	96790.4	-999.9
Sikasso	2006	6	10	161	24.0	32.9	23.3	-999.9	0.0	1.8	96769.3	-999.9
Sikasso	2006	6	11	162	24.7	34.6	24.4	-999.9	0.0	1.6	96704.5	-999.9
Sikasso	2006	6	12	163	23.5	31.5	18.3	-999.9	23.8	2.3	96839.2	-999.9
Sikasso	2006	6	13	164	23.9	33.3	24.1	-999.9	0.0	1.7	96890.1	-999.9
Sikasso	2006	6	14	165	23.5	33.9	23.7	-999.9	7.9	1.1	96843.1	-999.9
Sikasso	2006	6	15	166	25.0	33.7	24.4	-999.9	0.0	2.3	96811.8	-999.9
Sikasso	2006	6	16	167	24.3	32.7	23.5	-999.9	0.0	2.4	96915.4	-999.9
Sikasso	2006	6	17	168	23.4	32.9	24.4	-999.9	0.0	2.5	97006.6	-999.9
Sikasso	2006	6	18	169	24.7	33.3	22.6	-999.9	6.8	1.7	96944.0	-999.9
Sikasso	2006	6	19	170	24.0	33.4	22.3	-999.9	0.0	2.3	96802.6	-999.9
Sikasso	2006	6	20	171	22.7	31.6	19.4	-999.9	0.0	2.7	96903.2	-999.9
Sikasso	2006	6	21	172	22.8	32.1	22.7	-999.9	8.3	1.8	97003.0	-999.9
Sikasso	2006	6	22	173	22.6	31.1	19.9	-999.9	16.6	1.2	97009.5	-999.9
Sikasso	2006	6	23	174	22.2	32.5	22.3	-999.9	0.0	1.5	96964.0	-999.9
Sikasso	2006	6	24	175	23.5	32.4	23.3	-999.9	0.0	1.8	96958.2	-999.9
Sikasso	2006	6	25	176	23.7	33.5	24.4	-999.9	8.3	1.6	96992.2	-999.9
Sikasso	2006	6	26	177	24.4	28.7	13.3	-999.9	10.8	1.9	97074.6	-999.9
Sikasso	2006	6	27	178	23.5	32.5	22.1	-999.9	0.0	1.9	97095.9	-999.9
Sikasso	2006	6	28	179	24.6	33.5	23.9	-999.9	0.0	2.1	97026.5	-999.9
Sikasso	2006	6	29	180	25.7	33.4	21.9	-999.9	5.4	2.3	96950.3	-999.9
Sikasso	2006	6	30	181	23.2	31.1	18.8	-999.9	10.8	2.4	96919.2	-999.9
Sikasso	2006	7	1	182	24.3	29.8	14.0	-999.9	3.8	2.3	97021.2	-999.9
Sikasso	2006	7	2	183	23.4	32.2	22.4	-999.9	0.0	2.1	97118.0	-999.9
Sikasso	2006	7	3	184	23.7	32.4	21.9	-999.9	0.0	1.8	97112.6	-999.9
Sikasso	2006	7	4	185	23.7	34.1	24.0	-999.9	7.5	2.2	97014.2	-999.9
Sikasso	2006	7	5	186	23.1	31.4	20.9	-999.9	7.5	2.6	97025.8	-999.9
Sikasso	2006	7	6	187	24.2	29.9	16.4	-999.9	0.0	2.4	97207.3	-999.9
Sikasso	2006	7	7	188	23.4	32.5	21.4	-999.9	0.0	1.8	97140.1	-999.9
Sikasso	2006	7	8	189	23.2	31.9	21.8	-999.9	0.0	2.0	96986.3	-999.9
Sikasso	2006	7	9	190	22.9	31.2	21.4	-999.9	10.3	1.7	97015.1	-999.9
Sikasso	2006	7	10	191	23.7	31.2	22.6	-999.9	10.3	1.3	97037.6	-999.9
Sikasso	2006	7	11	192	23.7	31.4	22.3	-999.9	0.0	1.6	97009.2	-999.9
Sikasso	2006	7	12	193	24.0	33.3	24.7	-999.9	0.0	1.9	96899.0	-999.9
Sikasso	2006	7	13	194	24.4	32.3	23.4	-999.9	9.0	1.9	96746.6	-999.9
Sikasso	2006	7	14	195	24.1	31.6	20.5	-999.9	0.0	2.0	96841.7	-999.9
Sikasso	2006	7	15	196	22.7	29.6	16.9	-999.9	18.0	1.7	97044.7	-999.9
Sikasso	2006	7	16	197	22.0	29.7	15.5	-999.9	0.0	1.5	97038.4	-999.9
Sikasso	2006	7	17	198	22.4	31.8	21.9	-999.9	0.0	1.9	96907.7	-999.9
Sikasso	2006	7	18	199	24.1	31.8	23.5	-999.9	0.0	2.4	96806.7	-999.9
Sikasso	2006	7	19	200	24.0	31.3	20.6	-999.9	15.7	2.1	96919.1	-999.9
Sikasso	2006	7	20	201	22.4	26.6	11.3	-999.9	0.0	2.1	97100.0	-999.9
Sikasso	2006	7	21	202	22.3	29.0	13.9	-999.9	0.0	2.2	97153.1	-999.9
Sikasso	2006	7	22	203	21.7	29.3	16.6	-999.9	16.2	2.2	96941.4	-999.9
Sikasso	2006	7	23	204	22.3	25.9	10.0	-999.9	24.3	1.2	96882.4	-999.9
Sikasso	2006	7	24	205	21.5	29.9	21.4	-999.9	16.2	1.5	96860.6	-999.9
Sikasso	2006	7	25	206	22.4	30.5	22.1	-999.9	8.1	1.5	96866.9	-999.9
Sikasso	2006	7	26	207	22.3	29.1	17.0	-999.9	0.0	2.0	96951.0	-999.9
Sikasso	2006	7	27	208	22.9	30.1	21.2	-999.9	0.0	1.3	97123.3	-999.9
Sikasso	2006	7	28	209	23.3	31.2	21.7	-999.9	6.5	1.4	96924.7	-999.9
Sikasso	2006	7	29	210	22.7	30.1	20.5	-999.9	0.0	1.5	96740.3	-999.9
Sikasso	2006	7	30	211	23.0	30.5	21.6	-999.9	0.0	1.9	96942.1	-999.9
Sikasso	2006	7	31	212	22.2	30.3	21.9	-999.9	6.5	1.9	97070.0	-999.9
Sikasso	2006	8	1	213	22.2	27.6	12.2	-999.9	15.7	2.1	96999.5	-999.9
Sikasso	2006	8	2	214	22.5	30.0	21.0	-999.9	15.7	1.5	96885.3	-999.9
Sikasso	2006	8	3	215	22.5	30.1	22.6	-999.9	0.0	2.3	96879.6	-999.9
Sikasso	2006	8	4	216	22.2	27.4	14.0	-999.9	15.7	2.3	96902.1	-999.9
Sikasso	2006	8	5	217	22.2	27.8	16.3	-999.9	0.0	1.9	96931.9	-999.9
Sikasso	2006	8	6	218	22.1	28.5	18.3	-999.9	6.6	1.6	97039.4	-999.9
Sikasso	2006	8	7	219	22.0	27.2	12.4	-999.9	6.6	1.6	97013.5	-999.9
Sikasso	2006	8	8	220	22.4	29.2	18.8	-999.9	6.6	2.0	96956.5	-999.9
Sikasso	2006	8	9	221	22.7	27.9	14.0	-999.9	6.6	1.9	96930.3	-999.9
Sikasso	2006	8	10	222	22.2	28.2	14.7	-999.9	0.0	1.9	96943.3	-999.9
Sikasso	2006	8	11	223	22.5	29.7	19.0	-999.9	12.8	1.5	96957.9	-999.9
Sikasso	2006	8	12	224	22.1	29.4	16.9	-999.9	6.4	1.3	96918.6	-999.9
Sikasso	2006	8	13	225	22.1	28.9	16.4	-999.9	0.0	1.0	96898.1	-999.9
Sikasso	2006	8	14	226	22.6	29.7	21.1	-999.9	0.0	1.4	96955.9	-999.9
Sikasso	2006	8	15	227	22.3	28.7	12.1	-999.9	12.8	1.5	97020.1	-999.9
Sikasso	2006	8	16	228	22.5	28.2	14.9	-999.9	28.0	2.1	96854.8	-999.9
Sikasso	2006	8	17	229	22.1	28.6	14.3	-999.9	0.0	2.0	96757.9	-999.9
Sikasso	2006	8	18	230	22.3	30.1	21.0	-999.9	0.0	1.5	96789.0	-999.9
Sikasso	2006	8	19	231	22.3	29.2	16.2	-999.9	14.0	1.2	96772.3	-999.9
Sikasso	2006	8	20	232	22.0	29.6	18.0	-999.9	0.0	1.4	96897.8	-999.9
Sikasso	2006	8	21	233	23.1	30.0	20.0	-999.9	0.0	2.0	96884.3	-999.9
Sikasso	2006	8	22	234	23.5	29.7	20.6	-999.9	4.2	2.6	96854.5	-999.9
Sikasso	2006	8	23	235	22.0	27.0	12.8	-999.9	20.9	2.6	96832.7	-999.9
Sikasso	2006	8	24	236	21.9	27.2	14.6	-999.9	4.2	2.2	96886.6	-999.9
Sikasso	2006	8	25	237	22.0	29.9	20.7	-999.9	0.0	1.6	96991.1	-999.9
Sikasso	2006	8	26	238	22.1	29.9	20.4	-999.9	0.0	1.2	97001.7	-999.9
Sikasso	2006	8	27	239	22.3	29.8	18.2	-999.9	19.6	1.2	96900.7	-999.9
Sikasso	2006	8	28	240	23.0	29.7	20.5	-999.9	13.1	1.3	96845.4	-999.9
Sikasso	2006	8	29	241	22.8	29.8	19.9	-999.9	13.1	1.3	96804.4	-999.9
Sikasso	2006	8	30	242	21.9	27.0	11.2	-999.9	0.0	1.2	96819.8	-999.9
Sikasso	2006	8	31	243	21.4	28.6	15.9	-999.9	6.5	1.5	96856.9	-999.9
Sikasso	2006	9	1	244	21.9	26.8	11.3	-999.9	33.3	1.3	96860.5	-999.9
Sikasso	2006	9	2	245	20.5	25.4	10.6	-999.9	0.0	1.7	96907.7	-999.9
Sikasso	2006	9	3	246	19.8	30.6	22.4	-999.9	0.0	1.6	96848.8	-999.9
Sikasso	2006	9	4	247	22.5	29.2	18.8	-999.9	5.5	1.3	96871.9	-999.9
Sikasso	2006	9	5	248	21.8	29.8	21.7	-999.9	5.5	1.6	96975.3	-999.9
Sikasso	2006	9	6	249	21.4	29.6	21.8	-999.9	17.5	1.4	96940.1	-999.9
Sikasso	2006	9	7	250	22.0	30.0	22.0	-999.9	0.0	1.7	96852.0	-999.9
Sikasso	2006	9	8	251	22.9	30.1	19.8	-999.9	8.7	2.4	96806.5	-999.9
Sikasso	2006	9	9	252	22.1	28.0	14.3	-999.9	8.7	2.2	96823.1	-999.9
Sikasso	2006	9	10	253	21.6	24.6	7.3	-999.9	43.7	1.9	96832.7	-999.9
Sikasso	2006	9	11	254	21.4	28.6	19.6	-999.9	0.0	2.2	96991.3	-999.9
Sikasso	2006	9	12	255	21.3	29.0	18.8	-999.9	8.8	1.6	97026.7	-999.9
Sikasso	2006	9	13	256	21.6	26.5	13.8	-999.9	26.5	1.5	97007.3	-999.9
Sikasso	2006	9	14	257	21.5	29.0	20.4	-999.9	0.0	2.0	97062.6	-999.9
Sikasso	2006	9	15	258	21.1	30.2	22.7	-999.9	8.8	1.2	97092.7	-999.9
Sikasso	2006	9	16	259	21.8	30.0	19.4	-999.9	13.4	1.5	96961.9	-999.9
Sikasso	2006	9	17	260	22.1	28.7	16.1	-999.9	13.4	1.5	97013.2	-999.9
Sikasso	2006	9	18	261	22.2	29.5	19.5	-999.9	0.0	1.4	96970.4	-999.9
Sikasso	2006	9	19	262	22.0	30.4	22.3	-999.9	13.4	1.0	96935.0	-999.9
Sikasso	2006	9	20	263	22.1	30.1	22.4	-999.9	0.0	1.3	97005.1	-999.9
Sikasso	2006	9	21	264	21.6	30.8	22.2	-999.9	8.7	0.9	96979.2	-999.9
Sikasso	2006	9	22	265	22.3	31.1	23.0	-999.9	17.4	1.3	96875.4	-999.9
Sikasso	2006	9	23	266	21.9	30.0	19.3	-999.9	34.8	1.2	96860.2	-999.9
Sikasso	2006	9	24	267	21.8	28.9	17.0	-999.9	0.0	1.8	96918.6	-999.9
Sikasso	2006	9	25	268	21.0	30.1	21.2	-999.9	0.0	0.9	97112.0	-999.9
Sikasso	2006	9	26	269	21.7	30.9	20.5	-999.9	11.2	1.1	96972.9	-999.9
Sikasso	2006	9	27	270	23.1	30.9	19.7	-999.9	0.0	1.6	96859.1	-999.9
Sikasso	2006	9	28	271	21.7	31.1	22.5	-999.9	0.0	1.2	96884.5	-999.9
Sikasso	2006	9	29	272	22.2	30.9	23.0	-999.9	0.0	1.7	96916.4	-999.9
Sikasso	2006	9	30	273	23.0	30.5	22.6	-999.9	11.2	2.0	96950.8	-999.9
Sikasso	2006	10	1	274	22.7	31.1	22.1	-999.9	6.9	1.4	96839.7	-999.9
Sikasso	2006	10	2	275	22.1	29.4	17.6	-999.9	13.9	1.0	96855.6	-999.9
Sikasso	2006	10	3	276	21.9	27.8	15.1	-999.9	6.9	1.6	96893.6	-999.9
Sikasso	2006	10	4	277	20.1	30.9	22.8	-999.9	0.0	1.4	96972.9	-999.9
Sikasso	2006	10	5	278	22.1	31.7	22.7	-999.9	13.9	1.1	96932.9	-999.9
Sikasso	2006	10	6	279	23.6	30.9	21.3	-999.9	8.0	1.3	96885.6	-999.9
Sikasso	2006	10	7	280	23.2	30.9	20.5	-999.9	8.0	1.2	96912.1	-999.9
Sikasso	2006	10	8	281	22.9	30.3	20.4	-999.9	8.0	1.2	96936.2	-999.9
Sikasso	2006	10	9	282	22.3	30.5	19.9	-999.9	12.0	1.3	96930.0	-999.9
Sikasso	2006	10	10	283	22.5	30.2	20.1	-999.9	12.0	1.3	96867.3	-999.9
Sikasso	2006	10	11	284	22.2	31.2	21.6	-999.9	5.3	1.1	96708.3	-999.9
Sikasso	2006	10	12	285	22.3	29.6	15.3	-999.9	21.1	1.6	96761.7	-999.9
Sikasso	2006	10	13	286	21.4	30.6	21.4	-999.9	0.0	1.3	96894.1	-999.9
Sikasso	2006	10	14	287	21.3	30.9	20.6	-999.9	5.3	1.3	96892.1	-999.9
Sikasso	2006	10	15	288	22.0	31.5	21.8	-999.9	0.0	1.3	96798.1	-999.9
Sikasso	2006	10	16	289	22.7	32.4	23.2	-999.9	0.0	1.5	96715.4	-999.9
Sikasso	2006	10	17	290	23.0	31.9	22.7	-999.9	0.0	1.4	96718.2	-999.9
Sikasso	2006	10	18	291	22.8	32.5	22.4	-999.9	0.0	1.1	96692.1	-999.9
Sikasso	2006	10	19	292	22.7	30.7	17.0	-999.9	4.6	1.6	96822.6	-999.9
Sikasso	2006	10	20	293	22.2	31.7	19.9	-999.9	2.3	1.4	96870.7	-999.9
Sikasso	2006	10	21	294	21.6	33.7	21.9	-999.9	0.0	1.1	96845.0	-999.9
Sikasso	2006	10	22	295	23.6	32.6	21.8	-999.9	0.0	1.2	96925.8	-999.9
Sikasso	2006	10	23	296	22.6	32.1	21.6	-999.9	0.0	1.2	96959.1	-999.9
Sikasso	2006	10	24	297	21.7	32.1	22.2	-999.9	0.0	1.7	96956.1	-999.9
Sikasso	2006	10	25	298	22.7	32.4	21.7	-999.9	0.0	1.3	96863.3	-999.9
Sikasso	2006	10	26	299	23.3	32.0	21.7	-999.9	5.5	1.8	96811.6	-999.9
Sikasso	2006	10	27	300	23.0	31.5	21.2	-999.9	0.0	1.5	96788.1	-999.9
Sikasso	2006	10	28	301	22.1	30.7	20.2	-999.9	0.0	1.0	96858.2	-999.9
Sikasso	2006	10	29	302	22.5	31.5	20.7	-999.9	5.5	0.9	96769.9	-999.9
Sikasso	2006	10	30	303	22.5	32.1	19.6	-999.9	0.0	1.3	96569.1	-999.9
Sikasso	2006	10	31	304	21.8	33.2	21.0	-999.9	0.0	1.3	96574.7	-999.9
Sikasso	2006	11	1	305	21.2	32.2	20.3	-999.9	3.4	1.4	96694.6	-999.9
Sikasso	2006	11	2	306	20.9	33.0	21.3	-999.9	0.0	1.6	96751.7	-999.9
Sikasso	2006	11	3	307	21.6	33.4	20.7	-999.9	0.0	1.4	96699.3	-999.9
Sikasso	2006	11	4	308	20.6	33.3	20.9	-999.9	0.0	1.4	96715.3	-999.9
Sikasso	2006	11	5	309	20.9	33.7	21.3	-999.9	0.0	1.5	96744.7	-999.9
Sikasso	2006	11	6	310	19.9	34.0	22.7	-999.9	0.0	1.8	96737.6	-999.9
Sikasso	2006	11	7	311	19.1	34.3	22.8	-999.9	0.0	1.5	96652.7	-999.9
Sikasso	2006	11	8	312	18.4	34.0	22.1	-999.9	0.0	1.7	96726.3	-999.9
Sikasso	2006	11	9	313	20.6	33.9	22.2	-999.9	0.0	2.0	96813.2	-999.9
Sikasso	2006	11	10	314	19.6	33.9	22.1	-999.9	0.0	2.2	96854.2	-999.9
Sikasso	2006	11	11	315	19.9	33.6	22.1	-999.9	0.0	2.3	96952.3	-999.9
Sikasso	2006	11	12	316	21.6	33.4	21.6	-999.9	0.0	2.3	96946.7	-999.9
Sikasso	2006	11	13	317	19.6	32.5	21.5	-999.9	0.0	2.3	96921.6	-999.9
Sikasso	2006	11	14	318	17.5	31.8	22.0	-999.9	0.0	2.0	96881.7	-999.9
Sikasso	2006	11	15	319	17.7	33.2	21.8	-999.9	0.0	2.0	96776.9	-999.9
Sikasso	2006	11	16	320	18.8	33.7	21.7	-999.9	0.0	2.1	96837.3	-999.9
Sikasso	2006	11	17	321	19.1	33.6	21.8	-999.9	0.0	2.3	96849.6	-999.9
Sikasso	2006	11	18	322	18.8	34.0	21.7	-999.9	0.0	2.2	96803.5	-999.9
Sikasso	2006	11	19	323	18.0	33.9	21.5	-999.9	0.0	2.0	96844.0	-999.9
Sikasso	2006	11	20	324	19.1	32.9	21.7	-999.9	0.0	2.2	96976.1	-999.9
Sikasso	2006	11	21	325	15.8	32.0	21.9	-999.9	0.0	1.9	97005.6	-999.9
Sikasso	2006	11	22	326	15.5	32.1	21.7	-999.9	0.0	1.7	96891.1	-999.9
Sikasso	2006	11	23	327	15.3	32.4	22.0	-999.9	0.0	1.8	96811.0	-999.9
Sikasso	2006	11	24	328	15.1	33.0	21.8	-999.9	0.0	2.0	96859.4	-999.9
Sikasso	2006	11	25	329	15.8	33.2	21.7	-999.9	0.0	2.1	96915.4	-999.9
Sikasso	2006	11	26	330	16.9	33.2	21.4	-999.9	0.0	2.0	96888.3	-999.9
Sikasso	2006	11	27	331	16.2	33.3	21.3	-999.9	0.0	2.0	96837.2	-999.9
Sikasso	2006	11	28	332	17.6	32.8	21.5	-999.9	0.0	2.2	96805.3	-999.9
Sikasso	2006	11	29	333	16.2	32.6	21.4	-999.9	0.0	2.2	96839.0	-999.9
Sikasso	2006	11	30	334	15.5	32.3	20.9	-999.9	0.0	2.1	96849.7	-999.9
Sikasso	2006	12	1	335	15.6	31.9	20.9	-999.9	0.0	2.0	96891.4	-999.9
Sikasso	2006	12	2	336	14.9	31.5	21.2	-999.9	0.0	2.1	96903.4	-999.9
Sikasso	2006	12	3	337	14.7	32.3	20.5	-999.9	0.0	2.2	96963.3	-999.9
Sikasso	2006	12	4	338	17.6	30.4	18.7	-999.9	0.6	2.5	97076.7	-999.9
Sikasso	2006	12	5	339	16.7	30.4	20.5	-999.9	0.3	2.3	97123.5	-999.9
Sikasso	2006	12	6	340	13.9	30.8	20.7	-999.9	0.0	2.0	97097.7	-999.9
Sikasso	2006	12	7	341	14.1	31.0	20.5	-999.9	0.0	2.0	97013.2	-999.9
Sikasso	2006	12	8	342	14.1	30.4	20.8	-999.9	0.0	2.0	96927.2	-999.9
Sikasso	2006	12	9	343	14.6	30.9	20.8	-999.9	0.0	1.9	96856.8	-999.9
Sikasso	2006	12	10	344	14.4	32.3	19.8	-999.9	0.0	1.7	96877.7	-999.9
Sikasso	2006	12	11	345	15.9	33.0	20.4	-999.9	0.0	2.0	96982.8	-999.9
Sikasso	2006	12	12	346	17.3	33.0	20.2	-999.9	0.0	2.2	96964.2	-999.9
Sikasso	2006	12	13	347	16.4	32.5	20.2	-999.9	0.0	2.0	96925.5	-999.9
Sikasso	2006	12	14	348	16.3	32.0	20.1	-999.9	0.0	1.8	96875.0	-999.9
Sikasso	2006	12	15	349	17.1	33.6	20.2	-999.9	0.0	2.1	96917.0	-999.9
Sikasso	2006	12	16	350	16.7	33.5	20.5	-999.9	0.0	2.2	96982.3	-999.9
Sikasso	2006	12	17	351	16.5	32.9	20.5	-999.9	0.0	2.3	97081.4	-999.9
Sikasso	2006	12	18	352	15.9	31.5	20.5	-999.9	0.0	2.1	97095.5	-999.9
Sikasso	2006	12	19	353	14.7	31.4	20.5	-999.9	0.0	2.0	97010.4	-999.9
Sikasso	2006	12	20	354	15.0	33.2	20.6	-999.9	0.0	2.1	96998.5	-999.9
Sikasso	2006	12	21	355	15.9	33.8	20.5	-999.9	0.0	2.1	96997.8	-999.9
Sikasso	2006	12	22	356	17.1	34.2	20.8	-999.9	0.0	2.2	96966.0	-999.9
Sikasso	2006	12	23	357	18.0	33.8	20.9	-999.9	0.0	2.2	96933.6	-999.9
Sikasso	2006	12	24	358	16.5	32.9	20.9	-999.9	0.0	2.3	96952.2	-999.9
Sikasso	2006	12	25	359	15.8	32.7	20.9	-999.9	0.0	2.2	96985.2	-999.9
Sikasso	2006	12	26	360	14.9	32.3	21.0	-999.9	0.0	2.3	97102.0	-999.9
Sikasso	2006	12	27	361	13.6	30.8	21.0	-999.9	0.0	1.9	97117.9	-999.9
Sikasso	2006	12	28	362	13.3	31.9	20.8	-999.9	0.0	1.9	97171.5	-999.9
Sikasso	2006	12	29	363	14.6	32.3	20.8	-999.9	0.0	2.0	97183.4	-999.9
Sikasso	2006	12	30	364	14.8	31.6	20.8	-999.9	0.0	2.1	97216.0	-999.9
Sikasso	2006	12	31	365	14.4	30.1	20.8	-999.9	0.3	2.4	97289.4	-999.9
