Sikasso	2004	1	1	1	15.8	33.2	20.2	-999.9	0.0	1.8	96947.7	-999.9
Sikasso	2004	1	2	2	15.8	33.5	20.1	-999.9	0.0	1.5	96833.5	-999.9
Sikasso	2004	1	3	3	16.5	33.4	20.5	-999.9	0.0	1.5	96712.4	-999.9
Sikasso	2004	1	4	4	17.0	33.9	20.5	-999.9	0.0	1.5	96618.6	-999.9
Sikasso	2004	1	5	5	17.0	34.0	20.5	-999.9	0.0	1.8	96691.0	-999.9
Sikasso	2004	1	6	6	18.7	34.5	20.6	-999.9	0.0	2.1	96717.5	-999.9
Sikasso	2004	1	7	7	17.1	32.7	20.4	-999.9	0.0	2.2	96689.0	-999.9
Sikasso	2004	1	8	8	16.4	32.6	20.7	-999.9	0.0	2.3	96712.7	-999.9
Sikasso	2004	1	9	9	17.5	31.8	20.5	-999.9	0.4	2.9	96894.6	-999.9
Sikasso	2004	1	10	10	15.2	31.1	20.8	-999.9	0.0	2.3	96893.3	-999.9
Sikasso	2004	1	11	11	15.6	31.8	20.7	-999.9	0.0	1.9	96813.8	-999.9
Sikasso	2004	1	12	12	16.5	33.3	20.8	-999.9	0.0	2.0	96883.3	-999.9
Sikasso	2004	1	13	13	16.2	33.8	20.8	-999.9	0.0	1.9	96877.6	-999.9
Sikasso	2004	1	14	14	17.7	34.4	20.7	-999.9	0.0	1.9	96755.8	-999.9
Sikasso	2004	1	15	15	18.5	33.7	20.9	-999.9	0.0	1.9	96643.6	-999.9
Sikasso	2004	1	16	16	20.4	33.0	19.4	-999.9	0.0	1.5	96656.9	-999.9
Sikasso	2004	1	17	17	19.0	33.4	20.5	-999.9	0.0	1.2	96646.3	-999.9
Sikasso	2004	1	18	18	20.6	34.5	20.4	-999.9	0.0	1.5	96523.0	-999.9
Sikasso	2004	1	19	19	19.4	34.6	20.9	-999.9	0.0	1.5	96499.3	-999.9
Sikasso	2004	1	20	20	19.0	33.5	18.9	-999.9	0.0	1.6	96611.2	-999.9
Sikasso	2004	1	21	21	19.2	32.8	20.5	-999.9	0.0	2.5	96832.5	-999.9
Sikasso	2004	1	22	22	16.8	31.4	21.0	-999.9	0.0	2.1	96933.5	-999.9
Sikasso	2004	1	23	23	18.5	31.0	17.1	-999.9	0.0	1.8	96877.1	-999.9
Sikasso	2004	1	24	24	17.8	32.6	20.6	-999.9	0.0	2.1	96719.5	-999.9
Sikasso	2004	1	25	25	17.8	33.1	20.3	-999.9	0.0	2.0	96675.4	-999.9
Sikasso	2004	1	26	26	20.8	32.6	17.3	-999.9	0.0	2.0	96769.5	-999.9
Sikasso	2004	1	27	27	20.4	33.7	21.2	-999.9	0.0	2.5	96960.2	-999.9
Sikasso	2004	1	28	28	19.4	33.5	21.5	-999.9	0.0	2.1	96973.1	-999.9
Sikasso	2004	1	29	29	18.3	33.5	21.6	-999.9	0.0	2.0	96862.8	-999.9
Sikasso	2004	1	30	30	17.7	34.1	21.8	-999.9	0.0	1.6	96811.2	-999.9
Sikasso	2004	1	31	31	17.9	33.7	21.9	-999.9	0.0	2.1	96926.1	-999.9
Sikasso	2004	2	1	32	17.0	34.2	22.0	-999.9	0.0	2.1	96914.2	-999.9
Sikasso	2004	2	2	33	17.9	35.1	22.0	-999.9	0.0	2.0	96825.3	-999.9
Sikasso	2004	2	3	34	20.7	34.4	21.8	-999.9	0.0	2.7	96917.3	-999.9
Sikasso	2004	2	4	35	19.1	32.3	22.0	-999.9	0.0	2.9	97008.0	-999.9
Sikasso	2004	2	5	36	16.5	31.0	22.4	-999.9	0.0	2.6	96953.4	-999.9
Sikasso	2004	2	6	37	15.5	31.7	22.5	-999.9	0.0	2.3	96927.9	-999.9
Sikasso	2004	2	7	38	16.1	32.6	22.5	-999.9	0.0	2.2	96954.3	-999.9
Sikasso	2004	2	8	39	16.9	33.2	22.5	-999.9	0.0	2.3	96911.1	-999.9
Sikasso	2004	2	9	40	17.2	34.4	22.5	-999.9	0.0	1.9	96771.3	-999.9
Sikasso	2004	2	10	41	17.3	35.6	22.0	-999.9	0.0	1.4	96721.9	-999.9
Sikasso	2004	2	11	42	19.0	36.1	22.6	-999.9	0.0	1.9	96760.6	-999.9
Sikasso	2004	2	12	43	19.4	36.9	22.5	-999.9	0.0	2.1	96764.1	-999.9
Sikasso	2004	2	13	44	20.9	37.2	23.0	-999.9	0.0	2.5	96817.5	-999.9
Sikasso	2004	2	14	45	20.5	36.2	22.8	-999.9	0.0	1.7	96833.6	-999.9
Sikasso	2004	2	15	46	20.6	36.1	21.5	-999.9	0.0	2.1	96782.2	-999.9
Sikasso	2004	2	16	47	20.8	36.7	22.9	-999.9	3.5	2.1	96714.3	-999.9
Sikasso	2004	2	17	48	20.9	36.2	22.7	-999.9	0.0	2.1	96784.2	-999.9
Sikasso	2004	2	18	49	19.8	36.1	22.5	-999.9	0.0	2.0	96675.4	-999.9
Sikasso	2004	2	19	50	19.6	35.7	21.4	-999.9	0.0	1.5	96499.2	-999.9
Sikasso	2004	2	20	51	25.1	35.7	20.1	-999.9	0.0	1.7	96485.5	-999.9
Sikasso	2004	2	21	52	24.4	37.3	21.8	-999.9	0.0	1.4	96698.0	-999.9
Sikasso	2004	2	22	53	22.8	37.7	22.6	-999.9	0.0	1.8	96660.3	-999.9
Sikasso	2004	2	23	54	21.8	37.6	23.4	-999.9	0.0	1.8	96568.2	-999.9
Sikasso	2004	2	24	55	20.7	37.0	24.1	-999.9	0.0	2.1	96567.1	-999.9
Sikasso	2004	2	25	56	18.5	36.6	23.4	-999.9	0.0	1.7	96629.2	-999.9
Sikasso	2004	2	26	57	24.4	36.3	21.3	-999.9	0.0	2.1	96722.5	-999.9
Sikasso	2004	2	27	58	26.3	35.9	20.2	-999.9	0.0	2.1	96662.0	-999.9
Sikasso	2004	2	28	59	23.8	35.6	20.3	-999.9	2.3	2.0	96628.6	-999.9
Sikasso	2004	2	29	60	22.6	34.4	20.0	-999.9	2.3	1.4	96667.5	-999.9
Sikasso	2004	3	1	61	24.0	34.5	19.1	-999.9	0.0	1.1	96605.4	-999.9
Sikasso	2004	3	2	62	22.7	31.3	17.5	-999.9	0.0	1.6	96642.4	-999.9
Sikasso	2004	3	3	63	21.9	34.1	22.0	-999.9	0.0	2.0	96676.3	-999.9
Sikasso	2004	3	4	64	19.0	31.8	23.5	-999.9	0.0	2.9	97061.7	-999.9
Sikasso	2004	3	5	65	14.0	30.2	25.1	-999.9	0.0	2.6	97176.1	-999.9
Sikasso	2004	3	6	66	14.1	31.7	24.6	-999.9	0.0	2.3	97028.9	-999.9
Sikasso	2004	3	7	67	15.4	33.1	25.2	-999.9	0.0	2.1	96983.0	-999.9
Sikasso	2004	3	8	68	17.4	34.6	24.7	-999.9	0.0	2.3	96999.3	-999.9
Sikasso	2004	3	9	69	18.8	35.6	24.3	-999.9	0.0	1.9	96948.8	-999.9
Sikasso	2004	3	10	70	19.8	37.4	24.3	-999.9	0.0	1.7	96788.6	-999.9
Sikasso	2004	3	11	71	19.7	36.7	23.7	-999.9	0.0	1.7	96714.1	-999.9
Sikasso	2004	3	12	72	21.6	37.7	23.6	-999.9	0.0	1.9	96711.3	-999.9
Sikasso	2004	3	13	73	20.6	37.9	24.6	-999.9	0.0	1.9	96710.2	-999.9
Sikasso	2004	3	14	74	22.1	38.6	25.2	-999.9	0.0	2.4	96635.1	-999.9
Sikasso	2004	3	15	75	20.5	37.7	25.2	-999.9	0.0	2.1	96609.2	-999.9
Sikasso	2004	3	16	76	19.8	38.0	24.6	-999.9	0.0	2.0	96635.4	-999.9
Sikasso	2004	3	17	77	21.0	36.3	20.6	-999.9	0.0	2.1	96555.3	-999.9
Sikasso	2004	3	18	78	23.2	38.2	25.6	-999.9	0.0	2.3	96576.1	-999.9
Sikasso	2004	3	19	79	22.2	38.2	25.7	-999.9	0.0	2.3	96555.7	-999.9
Sikasso	2004	3	20	80	20.7	38.0	25.3	-999.9	0.0	1.8	96445.8	-999.9
Sikasso	2004	3	21	81	24.2	38.2	24.3	-999.9	0.0	1.7	96414.2	-999.9
Sikasso	2004	3	22	82	26.3	36.8	21.2	-999.9	0.0	2.0	96432.0	-999.9
Sikasso	2004	3	23	83	24.6	38.7	23.9	-999.9	0.0	1.9	96513.2	-999.9
Sikasso	2004	3	24	84	26.2	38.2	23.5	-999.9	0.0	1.8	96510.8	-999.9
Sikasso	2004	3	25	85	26.7	38.5	23.7	-999.9	0.0	1.5	96487.2	-999.9
Sikasso	2004	3	26	86	27.0	39.0	23.7	-999.9	0.0	2.2	96302.7	-999.9
Sikasso	2004	3	27	87	27.7	39.1	23.6	-999.9	0.0	2.3	96168.8	-999.9
Sikasso	2004	3	28	88	28.6	36.8	22.0	-999.9	0.0	2.3	96290.7	-999.9
Sikasso	2004	3	29	89	28.6	36.3	19.7	-999.9	0.0	1.5	96389.4	-999.9
Sikasso	2004	3	30	90	26.7	37.7	21.3	-999.9	0.0	1.3	96537.0	-999.9
Sikasso	2004	3	31	91	25.7	37.9	23.3	-999.9	12.4	1.6	96598.8	-999.9
Sikasso	2004	4	1	92	24.2	33.7	18.7	-999.9	2.9	1.8	96686.3	-999.9
Sikasso	2004	4	2	93	24.3	35.8	21.9	-999.9	8.6	1.6	96791.8	-999.9
Sikasso	2004	4	3	94	25.3	38.5	23.5	-999.9	0.0	1.5	96737.0	-999.9
Sikasso	2004	4	4	95	24.8	39.0	24.8	-999.9	0.0	1.9	96792.0	-999.9
Sikasso	2004	4	5	96	23.4	38.5	25.9	-999.9	0.0	1.0	96749.9	-999.9
Sikasso	2004	4	6	97	23.2	37.3	23.9	-999.9	0.0	1.8	96599.7	-999.9
Sikasso	2004	4	7	98	25.7	36.7	22.9	-999.9	0.0	2.3	96626.6	-999.9
Sikasso	2004	4	8	99	25.3	37.1	22.5	-999.9	5.3	2.7	96692.3	-999.9
Sikasso	2004	4	9	100	26.0	37.1	22.9	-999.9	0.0	2.1	96648.1	-999.9
Sikasso	2004	4	10	101	26.3	35.6	23.0	-999.9	0.0	2.2	96527.4	-999.9
Sikasso	2004	4	11	102	24.9	36.2	23.0	-999.9	4.7	1.5	96570.4	-999.9
Sikasso	2004	4	12	103	23.6	34.0	23.0	-999.9	4.7	1.2	96620.4	-999.9
Sikasso	2004	4	13	104	26.4	35.4	23.1	-999.9	0.0	1.5	96370.9	-999.9
Sikasso	2004	4	14	105	26.8	36.6	22.5	-999.9	0.0	2.5	96275.7	-999.9
Sikasso	2004	4	15	106	25.4	33.0	19.3	-999.9	14.1	2.2	96569.2	-999.9
Sikasso	2004	4	16	107	23.8	35.2	23.7	-999.9	2.7	1.7	96728.6	-999.9
Sikasso	2004	4	17	108	25.1	35.9	21.6	-999.9	0.0	1.6	96724.8	-999.9
Sikasso	2004	4	18	109	24.9	36.5	23.3	-999.9	0.0	2.4	96679.8	-999.9
Sikasso	2004	4	19	110	24.7	35.9	22.5	-999.9	0.0	1.9	96638.9	-999.9
Sikasso	2004	4	20	111	26.8	38.3	24.0	-999.9	2.7	2.1	96571.3	-999.9
Sikasso	2004	4	21	112	26.3	35.9	21.7	-999.9	0.0	2.4	96666.5	-999.9
Sikasso	2004	4	22	113	25.0	37.9	23.3	-999.9	7.6	2.0	96555.5	-999.9
Sikasso	2004	4	23	114	24.0	36.5	23.8	-999.9	7.6	2.2	96404.6	-999.9
Sikasso	2004	4	24	115	25.7	36.7	24.2	-999.9	0.0	2.0	96371.4	-999.9
Sikasso	2004	4	25	116	23.3	34.9	22.6	-999.9	11.3	2.1	96479.2	-999.9
Sikasso	2004	4	26	117	23.4	34.6	23.1	-999.9	0.0	1.9	96501.5	-999.9
Sikasso	2004	4	27	118	23.6	30.2	15.1	-999.9	23.6	2.5	96707.4	-999.9
Sikasso	2004	4	28	119	24.4	34.1	22.8	-999.9	0.0	2.3	96745.2	-999.9
Sikasso	2004	4	29	120	24.0	34.0	24.6	-999.9	0.0	2.4	96740.7	-999.9
Sikasso	2004	4	30	121	23.7	33.6	21.5	-999.9	5.9	1.9	96761.4	-999.9
Sikasso	2004	5	1	122	24.5	35.1	23.2	-999.9	2.6	2.0	96709.2	-999.9
Sikasso	2004	5	2	123	25.3	36.3	24.9	-999.9	0.0	2.0	96639.1	-999.9
Sikasso	2004	5	3	124	25.7	37.5	25.3	-999.9	0.0	2.4	96546.1	-999.9
Sikasso	2004	5	4	125	26.8	36.7	23.1	-999.9	0.0	2.7	96572.5	-999.9
Sikasso	2004	5	5	126	26.8	33.1	19.3	-999.9	10.3	2.1	96699.2	-999.9
Sikasso	2004	5	6	127	25.4	35.7	23.5	-999.9	0.0	2.1	96793.9	-999.9
Sikasso	2004	5	7	128	26.0	35.7	23.5	-999.9	0.0	1.7	96836.9	-999.9
Sikasso	2004	5	8	129	26.6	36.1	23.8	-999.9	0.0	2.2	96746.2	-999.9
Sikasso	2004	5	9	130	26.1	37.7	24.3	-999.9	0.0	2.2	96635.6	-999.9
Sikasso	2004	5	10	131	27.4	37.1	24.2	-999.9	0.0	2.3	96632.3	-999.9
Sikasso	2004	5	11	132	26.7	37.0	23.9	-999.9	0.0	2.4	96701.9	-999.9
Sikasso	2004	5	12	133	26.2	37.3	23.2	-999.9	10.0	2.3	96680.6	-999.9
Sikasso	2004	5	13	134	24.5	35.7	23.0	-999.9	0.0	2.4	96625.6	-999.9
Sikasso	2004	5	14	135	26.3	36.6	24.0	-999.9	0.0	2.6	96592.9	-999.9
Sikasso	2004	5	15	136	25.9	36.6	24.3	-999.9	14.9	2.0	96759.6	-999.9
Sikasso	2004	5	16	137	24.7	35.6	24.6	-999.9	0.0	1.9	96646.5	-999.9
Sikasso	2004	5	17	138	25.8	35.4	24.1	-999.9	2.9	2.2	96545.2	-999.9
Sikasso	2004	5	18	139	26.5	36.3	23.4	-999.9	8.6	2.4	96680.4	-999.9
Sikasso	2004	5	19	140	25.8	36.7	23.5	-999.9	0.0	2.3	96800.1	-999.9
Sikasso	2004	5	20	141	24.6	35.3	22.5	-999.9	11.5	2.4	96831.4	-999.9
Sikasso	2004	5	21	142	25.1	35.3	24.6	-999.9	0.0	2.1	96813.4	-999.9
Sikasso	2004	5	22	143	26.2	35.3	24.0	-999.9	0.0	2.2	96768.4	-999.9
Sikasso	2004	5	23	144	25.9	35.2	23.8	-999.9	9.8	2.3	96839.4	-999.9
Sikasso	2004	5	24	145	24.1	32.7	20.3	-999.9	3.3	1.9	96943.8	-999.9
Sikasso	2004	5	25	146	24.2	34.8	23.1	-999.9	0.0	2.1	96937.2	-999.9
Sikasso	2004	5	26	147	24.5	35.5	23.4	-999.9	4.6	2.8	96830.1	-999.9
Sikasso	2004	5	27	148	23.3	32.6	23.7	-999.9	0.0	2.6	96955.1	-999.9
Sikasso	2004	5	28	149	23.5	33.4	24.8	-999.9	0.0	2.2	97126.4	-999.9
Sikasso	2004	5	29	150	24.3	33.7	21.9	-999.9	4.6	1.9	97012.1	-999.9
Sikasso	2004	5	30	151	23.3	33.2	22.7	-999.9	0.0	1.7	96894.6	-999.9
Sikasso	2004	5	31	152	24.3	34.1	24.5	-999.9	0.0	2.3	96688.3	-999.9
Sikasso	2004	6	1	153	23.9	33.6	23.2	-999.9	18.7	2.6	96804.4	-999.9
Sikasso	2004	6	2	154	22.9	32.6	23.0	-999.9	37.3	2.0	97072.2	-999.9
Sikasso	2004	6	3	155	23.6	31.0	17.3	-999.9	0.0	1.3	97181.1	-999.9
Sikasso	2004	6	4	156	23.9	34.4	24.2	-999.9	0.0	2.0	97007.1	-999.9
Sikasso	2004	6	5	157	23.5	34.5	24.5	-999.9	0.0	2.3	96900.1	-999.9
Sikasso	2004	6	6	158	23.8	34.2	25.1	-999.9	0.0	2.6	96936.7	-999.9
Sikasso	2004	6	7	159	23.8	33.8	24.4	-999.9	0.0	2.0	97100.9	-999.9
Sikasso	2004	6	8	160	22.4	34.1	23.0	-999.9	10.5	1.5	97092.6	-999.9
Sikasso	2004	6	9	161	23.8	34.1	24.2	-999.9	20.9	1.6	97060.0	-999.9
Sikasso	2004	6	10	162	25.2	33.8	22.9	-999.9	0.0	1.9	96970.1	-999.9
Sikasso	2004	6	11	163	23.0	33.6	24.3	-999.9	0.0	2.0	96949.3	-999.9
Sikasso	2004	6	12	164	24.3	34.1	24.1	-999.9	0.0	1.7	97056.8	-999.9
Sikasso	2004	6	13	165	23.6	32.3	23.3	-999.9	0.0	1.8	97168.0	-999.9
Sikasso	2004	6	14	166	24.3	32.8	22.6	-999.9	0.0	1.6	97148.5	-999.9
Sikasso	2004	6	15	167	22.9	32.7	23.9	-999.9	0.0	1.9	97021.1	-999.9
Sikasso	2004	6	16	168	23.7	31.1	17.6	-999.9	0.0	2.3	96967.3	-999.9
Sikasso	2004	6	17	169	24.0	31.9	22.1	-999.9	0.0	2.1	97027.0	-999.9
Sikasso	2004	6	18	170	24.3	32.9	22.6	-999.9	0.0	2.0	97042.5	-999.9
Sikasso	2004	6	19	171	23.8	33.7	23.6	-999.9	10.6	2.2	97039.2	-999.9
Sikasso	2004	6	20	172	25.0	35.0	23.5	-999.9	0.0	2.3	96917.6	-999.9
Sikasso	2004	6	21	173	24.2	31.9	19.7	-999.9	0.0	2.2	96966.4	-999.9
Sikasso	2004	6	22	174	22.9	32.6	21.3	-999.9	0.0	1.9	97095.5	-999.9
Sikasso	2004	6	23	175	23.1	32.9	23.6	-999.9	0.0	2.6	97095.0	-999.9
Sikasso	2004	6	24	176	24.5	33.1	22.5	-999.9	0.0	2.6	96959.8	-999.9
Sikasso	2004	6	25	177	23.5	33.7	23.0	-999.9	24.0	2.5	96913.9	-999.9
Sikasso	2004	6	26	178	23.5	32.6	21.7	-999.9	0.0	1.8	97027.3	-999.9
Sikasso	2004	6	27	179	22.9	33.6	24.0	-999.9	12.0	1.4	96947.2	-999.9
Sikasso	2004	6	28	180	22.3	32.8	22.6	-999.9	12.0	1.8	96968.0	-999.9
Sikasso	2004	6	29	181	22.8	31.7	21.9	-999.9	0.0	1.8	96980.6	-999.9
Sikasso	2004	6	30	182	22.4	31.8	22.0	-999.9	23.9	1.7	96992.6	-999.9
Sikasso	2004	7	1	183	24.6	29.6	16.5	-999.9	4.6	1.5	96966.6	-999.9
Sikasso	2004	7	2	184	23.4	32.4	23.4	-999.9	4.6	2.0	96919.5	-999.9
Sikasso	2004	7	3	185	23.1	30.1	17.5	-999.9	23.0	1.6	96905.1	-999.9
Sikasso	2004	7	4	186	22.5	29.3	17.6	-999.9	0.0	1.4	96943.6	-999.9
Sikasso	2004	7	5	187	22.1	31.2	23.5	-999.9	4.6	1.2	96945.4	-999.9
Sikasso	2004	7	6	188	22.3	30.6	21.8	-999.9	4.7	1.4	96841.7	-999.9
Sikasso	2004	7	7	189	22.2	27.7	14.5	-999.9	18.9	1.7	96784.2	-999.9
Sikasso	2004	7	8	190	22.2	29.1	19.7	-999.9	0.0	1.6	96830.4	-999.9
Sikasso	2004	7	9	191	22.3	30.4	22.2	-999.9	0.0	1.7	96746.0	-999.9
Sikasso	2004	7	10	192	22.3	29.8	19.1	-999.9	0.0	1.4	96763.4	-999.9
Sikasso	2004	7	11	193	21.5	28.4	17.6	-999.9	6.2	1.7	96867.1	-999.9
Sikasso	2004	7	12	194	21.9	26.9	11.5	-999.9	0.0	2.0	96974.1	-999.9
Sikasso	2004	7	13	195	21.4	29.9	17.8	-999.9	0.0	1.5	97019.9	-999.9
Sikasso	2004	7	14	196	22.6	31.4	20.5	-999.9	12.5	1.8	96887.2	-999.9
Sikasso	2004	7	15	197	22.4	29.0	16.9	-999.9	0.0	2.3	96888.7	-999.9
Sikasso	2004	7	16	198	22.1	29.8	17.9	-999.9	0.0	2.0	96916.3	-999.9
Sikasso	2004	7	17	199	22.6	31.3	22.9	-999.9	0.0	1.5	96889.4	-999.9
Sikasso	2004	7	18	200	22.9	30.0	19.8	-999.9	0.0	1.3	96893.9	-999.9
Sikasso	2004	7	19	201	22.9	29.7	20.1	-999.9	5.6	2.0	96866.7	-999.9
Sikasso	2004	7	20	202	21.9	27.6	11.6	-999.9	22.4	1.3	96817.0	-999.9
Sikasso	2004	7	21	203	21.6	29.5	19.9	-999.9	8.1	1.7	96767.7	-999.9
Sikasso	2004	7	22	204	22.2	28.0	16.8	-999.9	0.0	1.7	96927.9	-999.9
Sikasso	2004	7	23	205	22.2	29.6	21.7	-999.9	0.0	1.7	96989.6	-999.9
Sikasso	2004	7	24	206	22.0	28.7	17.2	-999.9	8.1	2.0	97056.0	-999.9
Sikasso	2004	7	25	207	21.6	25.3	10.1	-999.9	0.0	2.4	97065.2	-999.9
Sikasso	2004	7	26	208	20.9	28.4	19.4	-999.9	0.0	2.2	97029.9	-999.9
Sikasso	2004	7	27	209	21.8	29.1	20.0	-999.9	8.7	1.6	97098.1	-999.9
Sikasso	2004	7	28	210	21.5	28.3	16.7	-999.9	0.0	1.5	97086.9	-999.9
Sikasso	2004	7	29	211	21.2	28.6	15.8	-999.9	26.2	1.1	97012.0	-999.9
Sikasso	2004	7	30	212	21.6	29.1	19.5	-999.9	0.0	1.7	97035.2	-999.9
Sikasso	2004	7	31	213	21.9	28.3	16.8	-999.9	8.7	1.5	97109.1	-999.9
Sikasso	2004	8	1	214	22.2	29.3	16.0	-999.9	11.3	1.6	97060.8	-999.9
Sikasso	2004	8	2	215	22.4	30.2	22.0	-999.9	22.6	1.4	97021.6	-999.9
Sikasso	2004	8	3	216	22.5	30.8	22.2	-999.9	0.0	1.4	96937.8	-999.9
Sikasso	2004	8	4	217	22.3	29.1	17.4	-999.9	11.3	2.0	96974.4	-999.9
Sikasso	2004	8	5	218	22.3	29.3	18.5	-999.9	0.0	2.1	96943.6	-999.9
Sikasso	2004	8	6	219	22.3	28.8	17.8	-999.9	0.0	2.0	97042.0	-999.9
Sikasso	2004	8	7	220	22.2	29.3	19.2	-999.9	0.0	1.6	97102.4	-999.9
Sikasso	2004	8	8	221	22.1	29.8	20.4	-999.9	19.9	1.5	97129.3	-999.9
Sikasso	2004	8	9	222	22.8	30.7	21.0	-999.9	0.0	2.0	96989.5	-999.9
Sikasso	2004	8	10	223	24.2	30.9	21.3	-999.9	19.9	2.5	96855.3	-999.9
Sikasso	2004	8	11	224	23.4	28.9	15.6	-999.9	18.1	2.3	96922.4	-999.9
Sikasso	2004	8	12	225	22.7	28.2	14.8	-999.9	0.0	2.1	97087.8	-999.9
Sikasso	2004	8	13	226	21.7	28.9	19.5	-999.9	0.0	2.1	97167.1	-999.9
Sikasso	2004	8	14	227	22.6	29.3	18.2	-999.9	18.1	1.7	97138.2	-999.9
Sikasso	2004	8	15	228	21.8	29.6	17.2	-999.9	18.1	2.1	97103.8	-999.9
Sikasso	2004	8	16	229	23.2	30.0	19.2	-999.9	32.9	2.1	96985.0	-999.9
Sikasso	2004	8	17	230	22.0	28.6	15.9	-999.9	16.5	1.7	96902.8	-999.9
Sikasso	2004	8	18	231	22.5	29.3	18.0	-999.9	0.0	1.6	97069.2	-999.9
Sikasso	2004	8	19	232	22.4	30.0	19.8	-999.9	16.5	1.4	97151.2	-999.9
Sikasso	2004	8	20	233	22.1	28.8	15.4	-999.9	0.0	1.6	96960.3	-999.9
Sikasso	2004	8	21	234	22.5	28.9	12.9	-999.9	0.0	1.8	96829.8	-999.9
Sikasso	2004	8	22	235	22.0	30.8	20.3	-999.9	8.1	1.8	96791.3	-999.9
Sikasso	2004	8	23	236	23.1	28.9	15.6	-999.9	8.1	1.8	96838.2	-999.9
Sikasso	2004	8	24	237	22.1	26.1	9.7	-999.9	16.1	2.2	96892.3	-999.9
Sikasso	2004	8	25	238	22.1	28.9	17.6	-999.9	0.0	1.8	97001.8	-999.9
Sikasso	2004	8	26	239	22.3	29.5	18.7	-999.9	7.2	1.1	96963.0	-999.9
Sikasso	2004	8	27	240	22.3	28.1	15.8	-999.9	14.5	1.7	96864.2	-999.9
Sikasso	2004	8	28	241	21.5	28.2	15.9	-999.9	7.2	1.2	96905.4	-999.9
Sikasso	2004	8	29	242	22.0	29.6	20.5	-999.9	14.5	1.4	96918.2	-999.9
Sikasso	2004	8	30	243	21.8	30.5	23.2	-999.9	0.0	1.4	97028.5	-999.9
Sikasso	2004	8	31	244	21.9	30.5	22.1	-999.9	14.5	1.5	97036.8	-999.9
Sikasso	2004	9	1	245	22.0	28.8	18.8	-999.9	17.9	1.6	96997.8	-999.9
Sikasso	2004	9	2	246	21.3	30.4	21.2	-999.9	17.9	1.5	96909.2	-999.9
Sikasso	2004	9	3	247	22.0	29.2	17.3	-999.9	0.0	1.3	96899.2	-999.9
Sikasso	2004	9	4	248	21.2	30.9	23.9	-999.9	17.9	1.3	96891.2	-999.9
Sikasso	2004	9	5	249	22.1	30.3	22.0	-999.9	0.0	1.5	96793.3	-999.9
Sikasso	2004	9	6	250	22.3	30.4	22.2	-999.9	0.0	1.7	96688.3	-999.9
Sikasso	2004	9	7	251	22.0	30.3	22.8	-999.9	12.4	1.3	96660.5	-999.9
Sikasso	2004	9	8	252	21.6	27.2	15.5	-999.9	12.4	1.3	96738.2	-999.9
Sikasso	2004	9	9	253	21.1	30.1	22.4	-999.9	12.4	1.3	96869.6	-999.9
Sikasso	2004	9	10	254	21.6	29.5	18.9	-999.9	0.0	1.1	96883.7	-999.9
Sikasso	2004	9	11	255	22.3	31.4	23.5	-999.9	21.6	1.3	96896.8	-999.9
Sikasso	2004	9	12	256	22.3	28.1	15.0	-999.9	0.0	1.7	96970.3	-999.9
Sikasso	2004	9	13	257	22.0	30.7	19.6	-999.9	0.0	1.5	97044.2	-999.9
Sikasso	2004	9	14	258	22.0	31.1	23.3	-999.9	21.6	1.4	96955.3	-999.9
Sikasso	2004	9	15	259	21.9	29.5	19.3	-999.9	0.0	1.6	96975.9	-999.9
Sikasso	2004	9	16	260	22.5	30.5	20.0	-999.9	0.0	1.4	96956.8	-999.9
Sikasso	2004	9	17	261	22.6	31.2	22.8	-999.9	0.0	1.4	96936.1	-999.9
Sikasso	2004	9	18	262	22.4	31.4	23.9	-999.9	12.7	1.8	96860.8	-999.9
Sikasso	2004	9	19	263	22.6	31.2	23.3	-999.9	0.0	1.7	96777.0	-999.9
Sikasso	2004	9	20	264	21.7	30.1	21.3	-999.9	0.0	1.5	96890.1	-999.9
Sikasso	2004	9	21	265	23.0	30.8	22.5	-999.9	0.0	1.4	97040.0	-999.9
Sikasso	2004	9	22	266	21.5	31.0	22.6	-999.9	0.0	1.2	97047.3	-999.9
Sikasso	2004	9	23	267	21.9	30.1	20.6	-999.9	23.4	1.9	96983.5	-999.9
Sikasso	2004	9	24	268	22.4	29.4	19.3	-999.9	23.4	1.7	96940.5	-999.9
Sikasso	2004	9	25	269	21.9	29.3	19.6	-999.9	0.0	1.8	97033.2	-999.9
Sikasso	2004	9	26	270	20.8	30.7	22.9	-999.9	5.1	1.1	97011.1	-999.9
Sikasso	2004	9	27	271	22.8	30.5	21.1	-999.9	0.0	1.3	96931.4	-999.9
Sikasso	2004	9	28	272	22.8	31.4	23.0	-999.9	0.0	1.6	96787.8	-999.9
Sikasso	2004	9	29	273	23.0	31.7	21.3	-999.9	5.1	1.7	96709.3	-999.9
Sikasso	2004	9	30	274	23.4	32.5	22.6	-999.9	5.1	2.1	96639.2	-999.9
Sikasso	2004	10	1	275	22.4	30.6	19.3	-999.9	0.0	2.0	96813.1	-999.9
Sikasso	2004	10	2	276	21.1	32.2	23.7	-999.9	0.0	1.7	96850.4	-999.9
Sikasso	2004	10	3	277	23.1	33.0	22.9	-999.9	0.0	1.4	96760.2	-999.9
Sikasso	2004	10	4	278	24.7	32.6	21.8	-999.9	11.0	1.6	96681.9	-999.9
Sikasso	2004	10	5	279	24.2	31.5	18.4	-999.9	3.7	2.1	96827.7	-999.9
Sikasso	2004	10	6	280	22.4	32.0	21.7	-999.9	0.0	1.8	96973.9	-999.9
Sikasso	2004	10	7	281	22.0	32.8	21.4	-999.9	0.0	1.1	96923.5	-999.9
Sikasso	2004	10	8	282	23.1	33.8	22.0	-999.9	0.0	1.3	96798.7	-999.9
Sikasso	2004	10	9	283	23.6	33.4	23.0	-999.9	0.0	1.6	96801.3	-999.9
Sikasso	2004	10	10	284	23.8	33.8	22.6	-999.9	0.0	1.5	96799.8	-999.9
Sikasso	2004	10	11	285	24.7	33.5	21.5	-999.9	5.3	1.7	96798.0	-999.9
Sikasso	2004	10	12	286	23.8	33.2	21.2	-999.9	0.0	1.7	96842.0	-999.9
Sikasso	2004	10	13	287	23.2	35.5	22.9	-999.9	0.0	1.4	96760.9	-999.9
Sikasso	2004	10	14	288	22.2	33.8	21.1	-999.9	5.3	1.9	96758.8	-999.9
Sikasso	2004	10	15	289	22.8	32.9	20.6	-999.9	5.3	1.8	96859.7	-999.9
Sikasso	2004	10	16	290	22.0	32.9	22.4	-999.9	0.0	1.4	96862.3	-999.9
Sikasso	2004	10	17	291	22.8	33.0	21.8	-999.9	4.9	1.4	96820.3	-999.9
Sikasso	2004	10	18	292	22.2	33.9	21.5	-999.9	0.0	1.3	96832.7	-999.9
Sikasso	2004	10	19	293	23.4	34.9	21.5	-999.9	0.0	1.2	96830.2	-999.9
Sikasso	2004	10	20	294	21.8	35.6	23.2	-999.9	0.0	1.4	96669.8	-999.9
Sikasso	2004	10	21	295	23.1	33.2	20.7	-999.9	3.6	2.1	96692.8	-999.9
Sikasso	2004	10	22	296	23.7	33.0	20.9	-999.9	0.0	1.6	96764.5	-999.9
Sikasso	2004	10	23	297	22.4	32.9	19.6	-999.9	3.6	1.4	96740.4	-999.9
Sikasso	2004	10	24	298	21.6	32.8	21.5	-999.9	3.6	1.1	96743.8	-999.9
Sikasso	2004	10	25	299	23.4	34.3	19.5	-999.9	0.0	1.6	96742.9	-999.9
Sikasso	2004	10	26	300	22.9	33.6	19.7	-999.9	0.0	1.7	96742.3	-999.9
Sikasso	2004	10	27	301	23.7	33.6	20.1	-999.9	0.0	1.7	96749.3	-999.9
Sikasso	2004	10	28	302	24.1	33.7	19.6	-999.9	0.0	1.6	96874.1	-999.9
Sikasso	2004	10	29	303	23.5	35.2	20.6	-999.9	0.0	1.3	96777.3	-999.9
Sikasso	2004	10	30	304	23.2	34.2	20.6	-999.9	0.0	1.7	96699.5	-999.9
Sikasso	2004	10	31	305	24.4	33.2	19.9	-999.9	0.0	2.1	96779.3	-999.9
Sikasso	2004	11	1	306	22.3	33.4	19.3	-999.9	0.0	1.5	96777.9	-999.9
Sikasso	2004	11	2	307	22.7	32.0	19.9	-999.9	10.3	1.3	96757.5	-999.9
Sikasso	2004	11	3	308	23.6	32.1	18.7	-999.9	0.0	1.3	96731.8	-999.9
Sikasso	2004	11	4	309	23.1	31.9	19.9	-999.9	0.0	1.3	96717.8	-999.9
Sikasso	2004	11	5	310	23.2	31.8	19.1	-999.9	0.0	1.4	96711.9	-999.9
Sikasso	2004	11	6	311	23.0	33.1	20.0	-999.9	0.0	1.2	96702.9	-999.9
Sikasso	2004	11	7	312	23.5	34.3	20.5	-999.9	0.0	1.6	96690.3	-999.9
Sikasso	2004	11	8	313	22.4	33.5	20.9	-999.9	0.0	1.6	96692.4	-999.9
Sikasso	2004	11	9	314	22.5	32.8	19.5	-999.9	0.0	1.4	96712.6	-999.9
Sikasso	2004	11	10	315	21.5	35.0	22.2	-999.9	0.0	1.3	96659.2	-999.9
Sikasso	2004	11	11	316	19.4	35.0	22.2	-999.9	0.0	1.5	96553.5	-999.9
Sikasso	2004	11	12	317	20.1	34.3	21.9	-999.9	0.0	1.2	96570.8	-999.9
Sikasso	2004	11	13	318	22.7	34.0	20.0	-999.9	0.0	1.6	96708.6	-999.9
Sikasso	2004	11	14	319	23.3	34.2	18.8	-999.9	0.0	1.7	96698.8	-999.9
Sikasso	2004	11	15	320	23.8	34.3	20.2	-999.9	1.5	1.9	96766.9	-999.9
Sikasso	2004	11	16	321	20.0	34.6	21.2	-999.9	0.0	2.0	96819.6	-999.9
Sikasso	2004	11	17	322	18.9	34.9	21.5	-999.9	0.0	2.0	96865.4	-999.9
Sikasso	2004	11	18	323	20.2	34.9	21.8	-999.9	0.0	2.0	96851.3	-999.9
Sikasso	2004	11	19	324	18.6	34.5	21.4	-999.9	0.0	1.6	96834.4	-999.9
Sikasso	2004	11	20	325	21.5	34.2	19.5	-999.9	0.0	1.6	96878.3	-999.9
Sikasso	2004	11	21	326	22.5	34.9	20.2	-999.9	0.0	1.7	96914.1	-999.9
Sikasso	2004	11	22	327	20.6	35.5	21.4	-999.9	0.0	1.8	96861.5	-999.9
Sikasso	2004	11	23	328	20.1	35.4	21.5	-999.9	0.0	1.8	96771.1	-999.9
Sikasso	2004	11	24	329	20.5	34.3	21.5	-999.9	0.0	1.7	96726.8	-999.9
Sikasso	2004	11	25	330	20.3	34.1	20.9	-999.9	0.0	1.5	96750.9	-999.9
Sikasso	2004	11	26	331	19.8	34.0	21.5	-999.9	0.0	1.9	96799.2	-999.9
Sikasso	2004	11	27	332	18.3	34.4	21.1	-999.9	0.0	1.8	96787.8	-999.9
Sikasso	2004	11	28	333	20.7	34.6	20.9	-999.9	0.0	1.9	96796.4	-999.9
Sikasso	2004	11	29	334	20.9	34.5	20.9	-999.9	0.0	1.8	96847.7	-999.9
Sikasso	2004	11	30	335	20.6	34.8	20.9	-999.9	0.0	1.9	96779.8	-999.9
Sikasso	2004	12	1	336	19.9	34.9	20.6	-999.9	0.0	1.6	96650.8	-999.9
Sikasso	2004	12	2	337	20.5	35.0	20.6	-999.9	0.0	1.7	96625.5	-999.9
Sikasso	2004	12	3	338	18.9	35.1	20.8	-999.9	0.0	1.7	96716.0	-999.9
Sikasso	2004	12	4	339	17.7	34.4	20.9	-999.9	0.0	1.6	96802.8	-999.9
Sikasso	2004	12	5	340	17.8	34.2	20.8	-999.9	0.0	1.5	96808.0	-999.9
Sikasso	2004	12	6	341	18.3	33.9	20.4	-999.9	0.0	1.2	96778.5	-999.9
Sikasso	2004	12	7	342	20.3	34.6	20.0	-999.9	0.0	1.3	96799.8	-999.9
Sikasso	2004	12	8	343	20.5	34.2	20.0	-999.9	0.0	1.4	96804.6	-999.9
Sikasso	2004	12	9	344	18.4	34.5	20.5	-999.9	0.0	1.4	96741.9	-999.9
Sikasso	2004	12	10	345	20.5	33.5	19.5	-999.9	0.0	0.9	96666.2	-999.9
Sikasso	2004	12	11	346	21.2	34.4	20.1	-999.9	0.0	1.4	96662.9	-999.9
Sikasso	2004	12	12	347	20.4	34.4	19.3	-999.9	0.0	1.2	96759.3	-999.9
Sikasso	2004	12	13	348	21.1	34.6	18.6	-999.9	0.0	1.3	96816.4	-999.9
Sikasso	2004	12	14	349	20.6	35.0	19.8	-999.9	0.0	1.3	96709.7	-999.9
Sikasso	2004	12	15	350	23.0	34.4	18.9	-999.9	0.0	1.9	96614.5	-999.9
Sikasso	2004	12	16	351	24.5	33.8	17.7	-999.9	0.0	1.3	96571.4	-999.9
Sikasso	2004	12	17	352	23.5	33.2	17.9	-999.9	0.0	1.2	96682.1	-999.9
Sikasso	2004	12	18	353	23.2	34.9	19.3	-999.9	0.0	1.5	96750.1	-999.9
Sikasso	2004	12	19	354	19.9	34.8	20.3	-999.9	0.0	1.7	96800.3	-999.9
Sikasso	2004	12	20	355	20.3	34.9	20.2	-999.9	0.0	1.5	96698.4	-999.9
Sikasso	2004	12	21	356	20.0	34.7	19.6	-999.9	0.0	1.5	96609.8	-999.9
Sikasso	2004	12	22	357	23.0	34.0	18.6	-999.9	0.0	1.4	96609.6	-999.9
Sikasso	2004	12	23	358	21.9	35.0	18.5	-999.9	0.0	1.2	96551.3	-999.9
Sikasso	2004	12	24	359	21.4	35.7	19.5	-999.9	0.0	1.4	96451.1	-999.9
Sikasso	2004	12	25	360	21.8	36.2	19.4	-999.9	0.0	1.7	96492.0	-999.9
Sikasso	2004	12	26	361	21.0	33.7	18.1	-999.9	0.0	1.0	96608.1	-999.9
Sikasso	2004	12	27	362	23.4	34.2	18.6	-999.9	0.0	1.3	96717.6	-999.9
Sikasso	2004	12	28	363	23.4	34.8	18.4	-999.9	0.0	1.8	96844.7	-999.9
Sikasso	2004	12	29	364	22.7	35.9	20.0	-999.9	0.0	2.6	96833.8	-999.9
Sikasso	2004	12	30	365	20.2	34.5	20.3	-999.9	0.0	2.0	96778.6	-999.9
Sikasso	2004	12	31	366	17.5	33.0	20.6	-999.9	0.0	1.9	96876.8	-999.9
