Sikasso	1988	1	1	1	13.8	29.1	19.7	-999.9	0.0	2.1	96944.2	-999.9
Sikasso	1988	1	2	2	15.7	30.5	19.3	-999.9	0.0	2.1	96972.0	-999.9
Sikasso	1988	1	3	3	15.2	28.7	20.4	-999.9	0.0	2.4	97055.0	-999.9
Sikasso	1988	1	4	4	12.0	27.7	20.9	-999.9	0.0	2.1	97032.3	-999.9
Sikasso	1988	1	5	5	12.9	28.8	20.5	-999.9	0.0	1.8	97005.2	-999.9
Sikasso	1988	1	6	6	13.9	30.1	20.1	-999.9	0.0	1.9	97023.3	-999.9
Sikasso	1988	1	7	7	15.8	31.2	20.0	-999.9	0.0	1.9	97001.2	-999.9
Sikasso	1988	1	8	8	16.0	31.2	20.6	-999.9	0.0	2.3	97041.1	-999.9
Sikasso	1988	1	9	9	15.0	29.8	20.6	-999.9	0.0	2.4	97018.9	-999.9
Sikasso	1988	1	10	10	13.9	29.9	21.0	-999.9	0.0	2.2	96953.4	-999.9
Sikasso	1988	1	11	11	15.2	31.3	21.0	-999.9	0.0	2.2	96916.4	-999.9
Sikasso	1988	1	12	12	15.1	31.3	21.1	-999.9	0.0	2.1	96952.2	-999.9
Sikasso	1988	1	13	13	15.2	31.5	21.1	-999.9	0.0	2.1	96989.0	-999.9
Sikasso	1988	1	14	14	14.4	32.3	21.1	-999.9	0.0	1.9	96924.5	-999.9
Sikasso	1988	1	15	15	15.2	32.9	21.2	-999.9	0.0	1.8	96868.9	-999.9
Sikasso	1988	1	16	16	16.1	33.8	20.0	-999.9	0.0	1.2	96846.7	-999.9
Sikasso	1988	1	17	17	17.5	34.1	20.9	-999.9	0.0	2.0	96905.1	-999.9
Sikasso	1988	1	18	18	17.8	32.9	20.6	-999.9	0.0	2.4	96954.3	-999.9
Sikasso	1988	1	19	19	16.6	31.5	20.4	-999.9	0.0	2.3	96950.7	-999.9
Sikasso	1988	1	20	20	15.6	30.6	20.3	-999.9	0.0	2.2	96942.8	-999.9
Sikasso	1988	1	21	21	15.5	30.3	20.0	-999.9	0.0	2.1	96910.4	-999.9
Sikasso	1988	1	22	22	14.3	32.1	21.2	-999.9	0.0	2.2	96848.6	-999.9
Sikasso	1988	1	23	23	16.3	32.1	21.3	-999.9	0.0	2.3	96813.4	-999.9
Sikasso	1988	1	24	24	15.8	32.5	21.6	-999.9	0.0	2.1	96734.1	-999.9
Sikasso	1988	1	25	25	15.8	34.0	21.6	-999.9	0.0	1.9	96736.0	-999.9
Sikasso	1988	1	26	26	17.6	35.0	21.6	-999.9	0.0	2.2	96713.7	-999.9
Sikasso	1988	1	27	27	19.4	35.2	21.6	-999.9	0.0	2.1	96733.8	-999.9
Sikasso	1988	1	28	28	18.7	35.7	21.7	-999.9	0.0	1.5	96638.3	-999.9
Sikasso	1988	1	29	29	18.8	35.5	21.5	-999.9	0.0	1.6	96642.2	-999.9
Sikasso	1988	1	30	30	18.5	31.5	21.6	-999.9	0.0	2.0	96826.3	-999.9
Sikasso	1988	1	31	31	16.8	31.5	21.6	-999.9	0.0	1.7	96861.1	-999.9
Sikasso	1988	2	1	32	17.7	33.8	20.8	-999.9	0.0	1.7	96846.9	-999.9
Sikasso	1988	2	2	33	19.7	34.3	21.5	-999.9	0.0	2.3	96666.6	-999.9
Sikasso	1988	2	3	34	21.5	34.5	21.4	-999.9	0.0	2.3	96652.9	-999.9
Sikasso	1988	2	4	35	19.0	35.3	22.0	-999.9	0.0	2.1	96668.6	-999.9
Sikasso	1988	2	5	36	18.7	35.6	22.2	-999.9	0.0	2.3	96708.4	-999.9
Sikasso	1988	2	6	37	18.7	36.5	22.4	-999.9	0.0	2.0	96675.8	-999.9
Sikasso	1988	2	7	38	19.7	36.4	22.4	-999.9	0.0	1.5	96624.9	-999.9
Sikasso	1988	2	8	39	19.1	35.1	22.4	-999.9	0.0	2.3	96634.8	-999.9
Sikasso	1988	2	9	40	18.0	30.8	22.6	-999.9	0.0	3.0	96790.5	-999.9
Sikasso	1988	2	10	41	14.2	29.0	21.8	-999.9	0.0	2.5	96903.5	-999.9
Sikasso	1988	2	11	42	13.7	29.9	23.0	-999.9	0.0	2.4	96905.4	-999.9
Sikasso	1988	2	12	43	13.8	31.6	23.0	-999.9	0.0	2.2	96853.2	-999.9
Sikasso	1988	2	13	44	15.4	33.5	22.7	-999.9	0.0	1.9	96789.0	-999.9
Sikasso	1988	2	14	45	17.0	34.5	23.0	-999.9	0.0	2.0	96769.4	-999.9
Sikasso	1988	2	15	46	17.7	34.7	22.9	-999.9	0.0	2.1	96691.1	-999.9
Sikasso	1988	2	16	47	19.2	35.3	20.6	-999.9	0.0	2.0	96598.0	-999.9
Sikasso	1988	2	17	48	20.8	36.3	23.1	-999.9	0.0	2.4	96621.2	-999.9
Sikasso	1988	2	18	49	20.8	36.2	23.2	-999.9	0.0	2.6	96678.2	-999.9
Sikasso	1988	2	19	50	22.5	37.3	23.0	-999.9	0.0	2.9	96760.3	-999.9
Sikasso	1988	2	20	51	20.8	36.1	23.6	-999.9	0.0	2.4	96683.7	-999.9
Sikasso	1988	2	21	52	20.6	36.2	23.4	-999.9	0.0	2.2	96593.4	-999.9
Sikasso	1988	2	22	53	18.5	36.9	23.6	-999.9	0.0	2.1	96591.6	-999.9
Sikasso	1988	2	23	54	21.3	36.9	23.5	-999.9	0.0	2.3	96524.2	-999.9
Sikasso	1988	2	24	55	22.9	37.0	23.1	-999.9	0.0	2.2	96351.2	-999.9
Sikasso	1988	2	25	56	21.9	38.1	23.6	-999.9	0.0	1.9	96269.8	-999.9
Sikasso	1988	2	26	57	21.4	38.2	23.9	-999.9	0.0	2.1	96252.5	-999.9
Sikasso	1988	2	27	58	22.1	36.4	21.7	-999.9	0.0	1.9	96303.3	-999.9
Sikasso	1988	2	28	59	23.1	37.7	23.6	-999.9	0.0	1.9	96305.2	-999.9
Sikasso	1988	2	29	60	22.5	37.9	23.7	-999.9	0.0	1.9	96297.1	-999.9
Sikasso	1988	3	1	61	27.2	37.9	19.6	-999.9	0.0	2.9	96316.4	-999.9
Sikasso	1988	3	2	62	25.9	36.0	18.7	-999.9	0.0	1.9	96588.7	-999.9
Sikasso	1988	3	3	63	24.1	35.8	19.7	-999.9	2.2	1.6	96708.9	-999.9
Sikasso	1988	3	4	64	24.1	36.7	22.1	-999.9	0.0	1.2	96687.9	-999.9
Sikasso	1988	3	5	65	25.9	37.5	23.1	-999.9	0.0	1.7	96574.8	-999.9
Sikasso	1988	3	6	66	26.7	37.5	21.8	-999.9	0.0	2.1	96647.9	-999.9
Sikasso	1988	3	7	67	27.9	38.5	23.7	-999.9	0.0	2.6	96632.6	-999.9
Sikasso	1988	3	8	68	25.9	36.5	18.5	-999.9	2.2	1.3	96686.5	-999.9
Sikasso	1988	3	9	69	25.2	37.5	21.4	-999.9	0.0	1.7	96725.8	-999.9
Sikasso	1988	3	10	70	22.0	38.7	25.4	-999.9	0.0	2.5	96754.2	-999.9
Sikasso	1988	3	11	71	22.1	38.6	25.2	-999.9	0.0	2.5	96757.5	-999.9
Sikasso	1988	3	12	72	22.8	37.2	25.2	-999.9	0.0	2.3	96661.1	-999.9
Sikasso	1988	3	13	73	21.6	37.4	24.9	-999.9	0.0	2.2	96550.4	-999.9
Sikasso	1988	3	14	74	20.8	38.0	24.5	-999.9	0.0	1.6	96529.5	-999.9
Sikasso	1988	3	15	75	24.8	38.4	23.1	-999.9	0.0	1.9	96585.6	-999.9
Sikasso	1988	3	16	76	26.1	38.9	23.0	-999.9	0.0	2.0	96639.1	-999.9
Sikasso	1988	3	17	77	25.8	39.5	23.7	-999.9	0.0	2.1	96625.3	-999.9
Sikasso	1988	3	18	78	23.3	39.3	24.5	-999.9	0.0	1.7	96628.8	-999.9
Sikasso	1988	3	19	79	24.7	38.6	24.2	-999.9	0.0	1.7	96632.1	-999.9
Sikasso	1988	3	20	80	26.6	37.2	21.4	-999.9	0.0	2.8	96624.4	-999.9
Sikasso	1988	3	21	81	24.0	36.2	22.0	-999.9	0.0	2.2	96741.3	-999.9
Sikasso	1988	3	22	82	22.9	36.9	20.7	-999.9	0.0	1.9	96729.3	-999.9
Sikasso	1988	3	23	83	24.7	37.7	22.3	-999.9	0.0	1.9	96671.1	-999.9
Sikasso	1988	3	24	84	25.5	38.6	24.0	-999.9	0.0	1.8	96583.8	-999.9
Sikasso	1988	3	25	85	25.0	37.7	23.1	-999.9	0.0	2.2	96579.5	-999.9
Sikasso	1988	3	26	86	22.2	36.7	24.0	-999.9	0.0	2.0	96708.4	-999.9
Sikasso	1988	3	27	87	24.5	37.2	23.6	-999.9	0.0	1.5	96717.2	-999.9
Sikasso	1988	3	28	88	26.2	37.6	22.3	-999.9	2.0	1.8	96610.5	-999.9
Sikasso	1988	3	29	89	25.1	40.0	25.5	-999.9	0.0	2.0	96449.0	-999.9
Sikasso	1988	3	30	90	24.5	39.9	25.2	-999.9	0.0	1.8	96360.0	-999.9
Sikasso	1988	3	31	91	25.2	40.1	25.1	-999.9	0.0	1.9	96419.1	-999.9
Sikasso	1988	4	1	92	23.6	40.2	25.9	-999.9	0.0	1.9	96376.5	-999.9
Sikasso	1988	4	2	93	23.0	39.5	24.0	-999.9	0.0	1.8	96327.3	-999.9
Sikasso	1988	4	3	94	26.8	39.1	23.7	-999.9	0.0	2.2	96283.3	-999.9
Sikasso	1988	4	4	95	26.7	37.5	22.3	-999.9	0.0	2.0	96451.8	-999.9
Sikasso	1988	4	5	96	25.4	36.6	22.4	-999.9	0.0	1.4	96489.1	-999.9
Sikasso	1988	4	6	97	25.7	40.0	24.6	-999.9	0.0	1.3	96354.7	-999.9
Sikasso	1988	4	7	98	24.4	40.0	25.1	-999.9	0.0	1.8	96310.9	-999.9
Sikasso	1988	4	8	99	27.4	38.2	22.3	-999.9	0.0	2.6	96346.1	-999.9
Sikasso	1988	4	9	100	28.6	36.8	20.4	-999.9	0.0	2.1	96435.9	-999.9
Sikasso	1988	4	10	101	24.9	35.1	21.1	-999.9	11.6	1.2	96598.1	-999.9
Sikasso	1988	4	11	102	25.1	35.6	22.4	-999.9	2.6	1.7	96580.3	-999.9
Sikasso	1988	4	12	103	25.1	38.8	24.0	-999.9	0.0	2.3	96485.2	-999.9
Sikasso	1988	4	13	104	22.8	39.3	24.4	-999.9	0.0	2.0	96518.6	-999.9
Sikasso	1988	4	14	105	26.0	38.6	23.4	-999.9	2.6	2.3	96500.3	-999.9
Sikasso	1988	4	15	106	27.6	38.9	23.6	-999.9	0.0	2.6	96417.8	-999.9
Sikasso	1988	4	16	107	27.6	39.4	24.1	-999.9	0.0	2.7	96315.9	-999.9
Sikasso	1988	4	17	108	27.9	39.3	23.7	-999.9	0.0	2.6	96353.3	-999.9
Sikasso	1988	4	18	109	27.5	39.1	23.9	-999.9	0.0	2.8	96547.2	-999.9
Sikasso	1988	4	19	110	27.4	38.4	22.8	-999.9	0.0	2.6	96394.5	-999.9
Sikasso	1988	4	20	111	24.8	38.5	24.2	-999.9	0.0	2.5	96349.0	-999.9
Sikasso	1988	4	21	112	25.6	37.9	23.3	-999.9	4.8	2.6	96509.1	-999.9
Sikasso	1988	4	22	113	24.7	36.4	23.8	-999.9	4.8	2.2	96638.4	-999.9
Sikasso	1988	4	23	114	25.4	34.7	22.3	-999.9	2.4	1.5	96684.0	-999.9
Sikasso	1988	4	24	115	25.2	34.9	22.4	-999.9	0.0	2.1	96525.6	-999.9
Sikasso	1988	4	25	116	25.6	35.1	20.8	-999.9	0.0	2.4	96413.6	-999.9
Sikasso	1988	4	26	117	23.6	31.4	18.7	-999.9	8.2	2.0	96604.2	-999.9
Sikasso	1988	4	27	118	23.8	32.3	21.8	-999.9	0.0	1.7	96787.8	-999.9
Sikasso	1988	4	28	119	23.9	33.8	23.5	-999.9	8.2	1.5	96851.1	-999.9
Sikasso	1988	4	29	120	24.6	34.9	20.6	-999.9	4.7	1.5	96813.0	-999.9
Sikasso	1988	4	30	121	25.3	35.6	23.0	-999.9	0.0	2.1	96694.1	-999.9
Sikasso	1988	5	1	122	25.6	37.0	24.1	-999.9	0.0	2.1	96605.9	-999.9
Sikasso	1988	5	2	123	24.9	37.8	25.0	-999.9	0.0	2.1	96539.4	-999.9
Sikasso	1988	5	3	124	26.6	38.3	24.3	-999.9	4.3	2.7	96666.8	-999.9
Sikasso	1988	5	4	125	25.8	37.5	23.6	-999.9	0.0	2.5	96661.2	-999.9
Sikasso	1988	5	5	126	26.9	35.5	20.9	-999.9	0.0	2.0	96704.9	-999.9
Sikasso	1988	5	6	127	24.0	38.6	23.4	-999.9	0.0	1.8	96611.9	-999.9
Sikasso	1988	5	7	128	26.7	38.2	23.9	-999.9	0.0	2.5	96545.3	-999.9
Sikasso	1988	5	8	129	27.1	37.3	23.3	-999.9	0.0	2.4	96542.3	-999.9
Sikasso	1988	5	9	130	26.6	36.3	22.8	-999.9	0.0	2.2	96587.6	-999.9
Sikasso	1988	5	10	131	27.7	37.6	23.1	-999.9	0.0	2.0	96529.9	-999.9
Sikasso	1988	5	11	132	27.7	38.0	23.1	-999.9	0.0	2.4	96532.2	-999.9
Sikasso	1988	5	12	133	27.5	35.8	20.0	-999.9	0.0	2.7	96597.6	-999.9
Sikasso	1988	5	13	134	26.0	35.1	19.9	-999.9	5.6	2.4	96662.1	-999.9
Sikasso	1988	5	14	135	26.1	35.0	19.9	-999.9	0.0	2.3	96656.0	-999.9
Sikasso	1988	5	15	136	25.1	35.6	21.8	-999.9	2.8	2.6	96789.2	-999.9
Sikasso	1988	5	16	137	25.5	37.6	24.6	-999.9	0.0	2.2	96751.8	-999.9
Sikasso	1988	5	17	138	26.6	37.1	23.5	-999.9	0.0	2.4	96706.2	-999.9
Sikasso	1988	5	18	139	24.8	37.4	22.7	-999.9	0.0	2.4	96651.8	-999.9
Sikasso	1988	5	19	140	25.2	37.3	24.0	-999.9	0.0	2.3	96690.2	-999.9
Sikasso	1988	5	20	141	27.7	38.3	24.0	-999.9	0.0	2.4	96693.6	-999.9
Sikasso	1988	5	21	142	27.7	37.9	23.1	-999.9	0.0	2.2	96589.2	-999.9
Sikasso	1988	5	22	143	27.5	36.9	22.4	-999.9	0.0	2.8	96673.5	-999.9
Sikasso	1988	5	23	144	27.1	38.4	22.9	-999.9	3.7	2.3	96616.4	-999.9
Sikasso	1988	5	24	145	26.9	36.3	23.3	-999.9	7.5	2.5	96552.2	-999.9
Sikasso	1988	5	25	146	24.8	35.3	23.6	-999.9	0.0	2.5	96699.4	-999.9
Sikasso	1988	5	26	147	26.0	34.5	22.6	-999.9	0.0	2.0	96740.4	-999.9
Sikasso	1988	5	27	148	24.0	34.6	22.6	-999.9	7.4	1.8	96661.3	-999.9
Sikasso	1988	5	28	149	24.4	32.3	18.6	-999.9	6.5	1.9	96690.6	-999.9
Sikasso	1988	5	29	150	23.9	35.4	24.2	-999.9	0.0	1.8	96613.8	-999.9
Sikasso	1988	5	30	151	26.1	35.5	23.1	-999.9	0.0	2.4	96543.9	-999.9
Sikasso	1988	5	31	152	25.8	35.1	20.8	-999.9	0.0	2.5	96669.7	-999.9
Sikasso	1988	6	1	153	24.4	32.4	20.5	-999.9	12.9	2.7	96730.1	-999.9
Sikasso	1988	6	2	154	23.9	28.4	14.1	-999.9	0.0	2.4	96834.7	-999.9
Sikasso	1988	6	3	155	23.0	30.5	21.4	-999.9	0.0	2.5	96973.5	-999.9
Sikasso	1988	6	4	156	23.6	31.5	20.1	-999.9	0.0	2.0	97076.1	-999.9
Sikasso	1988	6	5	157	22.9	33.3	22.4	-999.9	11.3	2.5	97011.1	-999.9
Sikasso	1988	6	6	158	23.4	34.8	23.9	-999.9	0.0	2.5	96886.6	-999.9
Sikasso	1988	6	7	159	25.1	34.5	24.0	-999.9	0.0	2.8	96748.1	-999.9
Sikasso	1988	6	8	160	23.8	34.1	21.8	-999.9	12.0	2.3	96761.9	-999.9
Sikasso	1988	6	9	161	23.1	32.7	22.2	-999.9	12.0	2.0	96871.0	-999.9
Sikasso	1988	6	10	162	23.9	30.8	19.9	-999.9	12.0	2.1	96881.6	-999.9
Sikasso	1988	6	11	163	22.9	31.1	17.2	-999.9	0.0	1.6	96880.7	-999.9
Sikasso	1988	6	12	164	24.5	32.4	22.6	-999.9	1.4	1.6	96799.8	-999.9
Sikasso	1988	6	13	165	23.3	32.0	20.1	-999.9	7.8	2.1	96806.4	-999.9
Sikasso	1988	6	14	166	25.1	32.9	21.8	-999.9	6.4	1.8	96803.7	-999.9
Sikasso	1988	6	15	167	23.8	32.2	22.9	-999.9	0.0	1.5	96753.7	-999.9
Sikasso	1988	6	16	168	23.2	32.3	22.4	-999.9	0.0	1.9	96765.9	-999.9
Sikasso	1988	6	17	169	23.6	32.0	23.4	-999.9	9.5	1.8	96764.0	-999.9
Sikasso	1988	6	18	170	23.6	33.7	23.1	-999.9	0.0	1.4	96739.1	-999.9
Sikasso	1988	6	19	171	23.6	30.4	16.6	-999.9	19.0	1.3	96952.7	-999.9
Sikasso	1988	6	20	172	22.7	31.6	21.2	-999.9	0.0	1.3	96898.2	-999.9
Sikasso	1988	6	21	173	24.3	33.6	22.9	-999.9	0.0	1.8	96733.1	-999.9
Sikasso	1988	6	22	174	23.3	31.4	20.7	-999.9	17.8	1.6	96817.0	-999.9
Sikasso	1988	6	23	175	23.5	31.7	18.3	-999.9	0.0	1.8	96834.1	-999.9
Sikasso	1988	6	24	176	23.0	29.2	14.4	-999.9	20.4	1.6	96918.2	-999.9
Sikasso	1988	6	25	177	22.8	29.4	17.3	-999.9	8.9	1.6	96930.1	-999.9
Sikasso	1988	6	26	178	22.2	29.9	19.7	-999.9	0.0	1.3	96909.0	-999.9
Sikasso	1988	6	27	179	23.2	31.6	21.6	-999.9	0.0	2.3	96884.0	-999.9
Sikasso	1988	6	28	180	22.6	32.1	21.7	-999.9	10.2	2.5	96740.1	-999.9
Sikasso	1988	6	29	181	23.0	30.3	16.6	-999.9	20.5	3.3	96482.2	-999.9
Sikasso	1988	6	30	182	21.9	29.2	14.2	-999.9	0.0	2.9	96640.3	-999.9
Sikasso	1988	7	1	183	22.4	29.2	16.6	-999.9	0.0	1.9	96736.3	-999.9
Sikasso	1988	7	2	184	22.0	29.6	18.1	-999.9	13.3	1.9	96777.2	-999.9
Sikasso	1988	7	3	185	23.5	29.7	15.6	-999.9	0.0	1.5	96691.8	-999.9
Sikasso	1988	7	4	186	22.6	29.0	17.4	-999.9	0.0	2.0	96758.7	-999.9
Sikasso	1988	7	5	187	22.8	29.9	19.5	-999.9	0.0	2.0	96805.5	-999.9
Sikasso	1988	7	6	188	22.3	28.8	14.7	-999.9	16.3	2.1	96824.6	-999.9
Sikasso	1988	7	7	189	22.4	29.5	19.4	-999.9	0.0	2.1	96902.0	-999.9
Sikasso	1988	7	8	190	23.0	30.9	21.2	-999.9	0.0	2.0	96852.5	-999.9
Sikasso	1988	7	9	191	23.2	29.8	17.6	-999.9	27.1	2.2	96756.8	-999.9
Sikasso	1988	7	10	192	21.8	28.1	15.2	-999.9	10.8	2.0	96875.1	-999.9
Sikasso	1988	7	11	193	22.6	26.9	13.9	-999.9	0.0	2.2	97065.0	-999.9
Sikasso	1988	7	12	194	22.0	29.3	17.2	-999.9	0.0	2.4	97092.9	-999.9
Sikasso	1988	7	13	195	22.4	28.4	14.1	-999.9	24.7	2.1	97006.1	-999.9
Sikasso	1988	7	14	196	21.9	28.4	15.6	-999.9	0.0	1.8	97076.4	-999.9
Sikasso	1988	7	15	197	22.2	29.0	19.5	-999.9	0.0	2.0	97151.4	-999.9
Sikasso	1988	7	16	198	22.3	29.5	19.4	-999.9	0.0	2.7	97167.1	-999.9
Sikasso	1988	7	17	199	21.9	26.7	9.4	-999.9	52.7	2.3	97089.5	-999.9
Sikasso	1988	7	18	200	22.2	29.0	18.4	-999.9	0.0	2.0	96990.6	-999.9
Sikasso	1988	7	19	201	22.4	28.8	17.9	-999.9	13.2	1.7	97079.5	-999.9
Sikasso	1988	7	20	202	21.9	29.7	20.5	-999.9	0.0	1.8	97076.6	-999.9
Sikasso	1988	7	21	203	22.8	29.4	18.4	-999.9	22.8	2.3	96943.6	-999.9
Sikasso	1988	7	22	204	22.1	28.9	19.3	-999.9	14.3	2.1	97008.2	-999.9
Sikasso	1988	7	23	205	22.1	29.7	21.6	-999.9	10.6	1.7	97005.1	-999.9
Sikasso	1988	7	24	206	22.6	29.4	18.5	-999.9	25.9	1.9	96910.4	-999.9
Sikasso	1988	7	25	207	22.1	26.1	10.5	-999.9	14.9	2.3	96867.8	-999.9
Sikasso	1988	7	26	208	21.7	28.4	16.6	-999.9	0.0	2.8	96990.3	-999.9
Sikasso	1988	7	27	209	22.1	28.5	20.2	-999.9	0.0	2.2	97038.5	-999.9
Sikasso	1988	7	28	210	21.8	28.0	16.4	-999.9	0.0	1.8	97036.1	-999.9
Sikasso	1988	7	29	211	21.9	29.7	20.0	-999.9	10.0	1.7	96897.2	-999.9
Sikasso	1988	7	30	212	22.3	28.6	16.2	-999.9	30.1	2.3	96880.4	-999.9
Sikasso	1988	7	31	213	21.9	28.7	17.5	-999.9	10.0	1.9	96908.2	-999.9
Sikasso	1988	8	1	214	21.7	28.4	15.6	-999.9	31.9	1.3	96976.6	-999.9
Sikasso	1988	8	2	215	21.0	29.7	19.7	-999.9	10.6	1.5	97012.7	-999.9
Sikasso	1988	8	3	216	22.5	29.3	20.3	-999.9	10.6	2.0	97060.9	-999.9
Sikasso	1988	8	4	217	22.6	29.7	20.1	-999.9	0.0	1.9	96979.0	-999.9
Sikasso	1988	8	5	218	21.9	29.8	19.4	-999.9	0.0	2.3	96906.9	-999.9
Sikasso	1988	8	6	219	21.9	28.4	14.6	-999.9	26.7	1.8	96882.6	-999.9
Sikasso	1988	8	7	220	22.1	28.8	17.4	-999.9	0.0	1.7	96945.3	-999.9
Sikasso	1988	8	8	221	21.9	29.0	17.2	-999.9	26.7	1.7	96886.6	-999.9
Sikasso	1988	8	9	222	21.9	28.8	16.2	-999.9	0.0	1.8	96833.2	-999.9
Sikasso	1988	8	10	223	22.7	29.5	18.9	-999.9	8.9	1.8	96792.2	-999.9
Sikasso	1988	8	11	224	22.9	29.8	19.4	-999.9	2.2	1.8	96752.1	-999.9
Sikasso	1988	8	12	225	22.3	28.0	15.0	-999.9	13.3	1.7	96784.8	-999.9
Sikasso	1988	8	13	226	22.4	27.6	16.8	-999.9	1.9	2.3	96952.7	-999.9
Sikasso	1988	8	14	227	22.1	27.0	12.3	-999.9	12.9	1.7	96896.6	-999.9
Sikasso	1988	8	15	228	21.5	26.8	13.1	-999.9	29.6	1.6	96741.2	-999.9
Sikasso	1988	8	16	229	22.0	26.3	14.3	-999.9	15.6	2.7	96808.0	-999.9
Sikasso	1988	8	17	230	21.7	28.9	15.4	-999.9	5.2	2.0	96987.0	-999.9
Sikasso	1988	8	18	231	21.8	27.7	17.6	-999.9	5.2	1.8	96957.9	-999.9
Sikasso	1988	8	19	232	22.3	28.2	13.6	-999.9	20.7	1.7	96748.1	-999.9
Sikasso	1988	8	20	233	21.9	26.9	12.7	-999.9	15.6	2.3	96789.3	-999.9
Sikasso	1988	8	21	234	22.2	28.5	17.2	-999.9	11.0	1.9	96852.2	-999.9
Sikasso	1988	8	22	235	22.6	29.0	18.6	-999.9	11.0	2.2	96835.8	-999.9
Sikasso	1988	8	23	236	21.7	24.8	6.5	-999.9	0.0	1.4	96780.5	-999.9
Sikasso	1988	8	24	237	21.7	27.6	16.6	-999.9	0.0	2.0	96674.7	-999.9
Sikasso	1988	8	25	238	22.0	27.6	11.2	-999.9	11.0	2.1	96647.0	-999.9
Sikasso	1988	8	26	239	21.8	25.4	7.1	-999.9	15.1	1.8	96564.9	-999.9
Sikasso	1988	8	27	240	21.4	24.9	10.5	-999.9	0.0	2.0	96782.1	-999.9
Sikasso	1988	8	28	241	20.8	28.1	16.0	-999.9	7.6	1.6	96830.1	-999.9
Sikasso	1988	8	29	242	21.6	26.1	10.6	-999.9	7.6	1.4	96616.5	-999.9
Sikasso	1988	8	30	243	21.6	27.2	15.2	-999.9	7.6	2.8	96624.3	-999.9
Sikasso	1988	8	31	244	21.7	29.1	17.3	-999.9	0.0	1.3	96902.4	-999.9
Sikasso	1988	9	1	245	21.6	26.0	10.6	-999.9	8.6	1.2	96957.4	-999.9
Sikasso	1988	9	2	246	21.3	28.7	18.0	-999.9	4.1	1.5	96862.9	-999.9
Sikasso	1988	9	3	247	22.0	27.7	14.8	-999.9	5.9	1.6	96842.2	-999.9
Sikasso	1988	9	4	248	21.9	28.0	15.8	-999.9	7.0	1.2	96861.7	-999.9
Sikasso	1988	9	5	249	21.5	28.0	18.4	-999.9	4.1	1.6	96876.4	-999.9
Sikasso	1988	9	6	250	21.9	26.9	11.5	-999.9	0.0	1.8	96922.7	-999.9
Sikasso	1988	9	7	251	20.8	28.6	19.9	-999.9	0.0	2.1	96881.1	-999.9
Sikasso	1988	9	8	252	21.7	29.3	18.7	-999.9	7.0	1.7	96759.3	-999.9
Sikasso	1988	9	9	253	21.9	28.7	13.5	-999.9	12.2	1.4	96688.5	-999.9
Sikasso	1988	9	10	254	21.1	25.0	8.9	-999.9	0.0	1.3	96727.9	-999.9
Sikasso	1988	9	11	255	21.4	27.3	11.3	-999.9	6.2	1.9	96793.2	-999.9
Sikasso	1988	9	12	256	21.5	28.7	16.7	-999.9	19.9	1.4	96774.3	-999.9
Sikasso	1988	9	13	257	20.5	27.7	13.6	-999.9	7.4	1.1	96701.2	-999.9
Sikasso	1988	9	14	258	21.9	29.1	18.8	-999.9	2.8	1.3	96777.4	-999.9
Sikasso	1988	9	15	259	21.3	28.7	17.7	-999.9	1.7	1.0	96907.3	-999.9
Sikasso	1988	9	16	260	21.3	29.5	20.4	-999.9	21.2	1.1	96916.2	-999.9
Sikasso	1988	9	17	261	22.3	29.3	17.4	-999.9	7.1	1.4	96820.1	-999.9
Sikasso	1988	9	18	262	21.6	28.2	14.4	-999.9	0.0	1.5	96813.3	-999.9
Sikasso	1988	9	19	263	21.5	30.9	23.0	-999.9	0.0	1.2	96887.4	-999.9
Sikasso	1988	9	20	264	22.9	30.4	21.0	-999.9	0.0	1.5	96960.5	-999.9
Sikasso	1988	9	21	265	22.1	29.3	17.3	-999.9	4.3	2.0	96974.2	-999.9
Sikasso	1988	9	22	266	22.6	30.6	21.0	-999.9	4.3	1.4	96840.7	-999.9
Sikasso	1988	9	23	267	21.8	29.1	17.1	-999.9	0.0	1.5	96862.2	-999.9
Sikasso	1988	9	24	268	21.6	30.4	21.4	-999.9	0.0	1.2	96829.3	-999.9
Sikasso	1988	9	25	269	22.8	25.4	7.1	-999.9	21.7	1.3	96815.9	-999.9
Sikasso	1988	9	26	270	21.7	29.1	18.2	-999.9	8.4	1.6	96920.2	-999.9
Sikasso	1988	9	27	271	21.1	30.8	22.5	-999.9	0.0	1.1	96878.0	-999.9
Sikasso	1988	9	28	272	22.9	31.5	23.4	-999.9	8.4	1.4	96724.6	-999.9
Sikasso	1988	9	29	273	22.3	30.6	22.1	-999.9	0.0	1.6	96828.8	-999.9
Sikasso	1988	9	30	274	22.9	30.3	21.3	-999.9	8.4	1.6	96874.7	-999.9
Sikasso	1988	10	1	275	21.6	30.0	21.4	-999.9	8.3	1.3	96845.4	-999.9
Sikasso	1988	10	2	276	22.0	30.3	21.7	-999.9	0.0	0.8	96786.3	-999.9
Sikasso	1988	10	3	277	22.2	30.2	20.8	-999.9	8.3	1.5	96753.0	-999.9
Sikasso	1988	10	4	278	21.9	28.8	16.6	-999.9	16.7	1.3	96810.5	-999.9
Sikasso	1988	10	5	279	21.1	30.6	22.2	-999.9	0.0	1.6	96880.8	-999.9
Sikasso	1988	10	6	280	20.3	31.4	22.7	-999.9	0.0	1.3	96875.9	-999.9
Sikasso	1988	10	7	281	20.5	32.2	23.5	-999.9	0.0	1.2	96781.6	-999.9
Sikasso	1988	10	8	282	19.5	32.0	24.1	-999.9	0.0	1.5	96740.8	-999.9
Sikasso	1988	10	9	283	19.6	31.7	23.3	-999.9	0.0	1.6	96863.2	-999.9
Sikasso	1988	10	10	284	21.7	31.7	22.8	-999.9	0.0	1.3	96932.5	-999.9
Sikasso	1988	10	11	285	22.4	32.2	21.7	-999.9	0.0	1.1	96868.9	-999.9
Sikasso	1988	10	12	286	23.1	29.9	13.1	-999.9	1.1	1.6	96804.5	-999.9
Sikasso	1988	10	13	287	22.1	31.4	20.8	-999.9	1.5	1.2	96790.8	-999.9
Sikasso	1988	10	14	288	22.6	31.5	21.6	-999.9	3.8	1.2	96713.1	-999.9
Sikasso	1988	10	15	289	22.9	31.1	19.6	-999.9	1.9	1.4	96650.1	-999.9
Sikasso	1988	10	16	290	22.1	31.0	20.5	-999.9	4.1	1.3	96724.8	-999.9
Sikasso	1988	10	17	291	22.8	31.6	21.2	-999.9	3.1	1.4	96753.9	-999.9
Sikasso	1988	10	18	292	22.9	30.4	18.5	-999.9	3.3	1.5	96711.3	-999.9
Sikasso	1988	10	19	293	21.7	29.0	15.3	-999.9	5.9	1.3	96736.0	-999.9
Sikasso	1988	10	20	294	21.8	31.1	20.9	-999.9	0.0	1.4	96833.4	-999.9
Sikasso	1988	10	21	295	21.6	32.2	21.1	-999.9	0.0	1.1	96807.2	-999.9
Sikasso	1988	10	22	296	22.1	32.2	19.5	-999.9	0.0	1.0	96710.5	-999.9
Sikasso	1988	10	23	297	20.1	33.0	22.0	-999.9	0.0	1.3	96648.3	-999.9
Sikasso	1988	10	24	298	22.3	32.4	20.9	-999.9	0.0	1.3	96636.5	-999.9
Sikasso	1988	10	25	299	23.2	32.3	20.1	-999.9	0.0	1.3	96651.4	-999.9
Sikasso	1988	10	26	300	22.3	31.7	20.4	-999.9	0.0	1.1	96558.2	-999.9
Sikasso	1988	10	27	301	22.8	31.3	20.0	-999.9	0.0	1.4	96544.7	-999.9
Sikasso	1988	10	28	302	21.5	32.1	21.4	-999.9	9.2	1.4	96717.8	-999.9
Sikasso	1988	10	29	303	21.3	32.9	21.9	-999.9	0.0	1.5	96884.5	-999.9
Sikasso	1988	10	30	304	21.4	33.2	20.4	-999.9	0.0	1.2	96842.2	-999.9
Sikasso	1988	10	31	305	22.7	33.8	21.0	-999.9	0.0	1.2	96672.3	-999.9
Sikasso	1988	11	1	306	22.1	31.8	19.3	-999.9	0.0	1.4	96773.3	-999.9
Sikasso	1988	11	2	307	22.4	31.6	18.8	-999.9	0.0	1.4	96863.0	-999.9
Sikasso	1988	11	3	308	23.0	31.6	19.5	-999.9	1.0	1.9	96870.2	-999.9
Sikasso	1988	11	4	309	23.1	32.8	19.9	-999.9	0.6	1.7	96816.2	-999.9
Sikasso	1988	11	5	310	20.9	33.5	21.2	-999.9	0.0	1.2	96873.1	-999.9
Sikasso	1988	11	6	311	20.5	34.3	21.4	-999.9	0.0	1.1	96926.0	-999.9
Sikasso	1988	11	7	312	20.6	34.4	21.5	-999.9	0.0	1.6	96930.4	-999.9
Sikasso	1988	11	8	313	16.8	33.5	22.5	-999.9	0.0	1.7	96851.3	-999.9
Sikasso	1988	11	9	314	19.1	33.4	21.6	-999.9	0.0	1.5	96817.0	-999.9
Sikasso	1988	11	10	315	21.0	33.5	20.9	-999.9	0.0	1.3	96851.7	-999.9
Sikasso	1988	11	11	316	21.5	33.9	20.8	-999.9	0.0	1.5	96807.2	-999.9
Sikasso	1988	11	12	317	19.4	34.3	21.9	-999.9	0.0	1.7	96826.9	-999.9
Sikasso	1988	11	13	318	19.1	35.0	22.1	-999.9	0.0	1.7	96805.1	-999.9
Sikasso	1988	11	14	319	20.2	34.1	20.4	-999.9	0.0	1.7	96820.5	-999.9
Sikasso	1988	11	15	320	19.0	34.0	21.7	-999.9	0.0	1.8	96749.2	-999.9
Sikasso	1988	11	16	321	18.0	33.8	22.1	-999.9	0.9	1.7	96697.9	-999.9
Sikasso	1988	11	17	322	17.0	33.7	21.9	-999.9	0.0	1.8	96684.5	-999.9
Sikasso	1988	11	18	323	19.1	33.7	21.5	-999.9	0.0	1.7	96736.7	-999.9
Sikasso	1988	11	19	324	19.1	33.3	21.4	-999.9	0.0	1.8	96795.7	-999.9
Sikasso	1988	11	20	325	18.5	32.2	21.4	-999.9	0.0	2.3	96878.3	-999.9
Sikasso	1988	11	21	326	17.2	31.1	21.3	-999.9	0.0	1.9	96941.3	-999.9
Sikasso	1988	11	22	327	16.4	31.9	21.2	-999.9	0.0	1.5	96869.0	-999.9
Sikasso	1988	11	23	328	18.6	33.4	21.1	-999.9	0.0	1.9	96843.8	-999.9
Sikasso	1988	11	24	329	18.9	34.5	21.1	-999.9	0.0	1.9	96810.6	-999.9
Sikasso	1988	11	25	330	19.3	34.2	20.9	-999.9	0.0	1.5	96795.5	-999.9
Sikasso	1988	11	26	331	20.8	31.9	18.2	-999.9	0.0	1.6	96750.8	-999.9
Sikasso	1988	11	27	332	22.1	32.7	19.4	-999.9	0.0	1.4	96685.8	-999.9
Sikasso	1988	11	28	333	20.9	32.7	19.8	-999.9	0.0	1.0	96682.9	-999.9
Sikasso	1988	11	29	334	21.5	32.8	20.0	-999.9	0.0	1.1	96701.5	-999.9
Sikasso	1988	11	30	335	21.0	31.5	18.9	-999.9	0.0	1.9	96786.2	-999.9
Sikasso	1988	12	1	336	20.3	31.4	19.7	-999.9	0.0	2.0	96753.3	-999.9
Sikasso	1988	12	2	337	19.9	32.7	20.0	-999.9	0.0	1.9	96766.7	-999.9
Sikasso	1988	12	3	338	19.9	33.4	19.7	-999.9	0.0	2.3	96870.8	-999.9
Sikasso	1988	12	4	339	20.1	34.2	20.7	-999.9	0.0	2.3	96932.0	-999.9
Sikasso	1988	12	5	340	17.8	34.6	21.0	-999.9	0.0	2.4	96794.1	-999.9
Sikasso	1988	12	6	341	17.3	33.6	20.8	-999.9	0.0	1.6	96674.5	-999.9
Sikasso	1988	12	7	342	17.0	33.6	20.2	-999.9	0.0	1.5	96564.3	-999.9
Sikasso	1988	12	8	343	20.1	33.8	19.3	-999.9	0.0	1.4	96648.4	-999.9
Sikasso	1988	12	9	344	20.8	33.4	19.4	-999.9	0.0	1.7	96769.3	-999.9
Sikasso	1988	12	10	345	17.6	31.6	20.7	-999.9	0.0	2.3	96897.7	-999.9
Sikasso	1988	12	11	346	15.0	28.7	20.7	-999.9	0.0	2.3	96998.1	-999.9
Sikasso	1988	12	12	347	12.1	27.8	20.7	-999.9	0.0	2.1	96987.1	-999.9
Sikasso	1988	12	13	348	12.9	29.1	20.3	-999.9	0.0	2.0	96906.9	-999.9
Sikasso	1988	12	14	349	16.6	30.3	19.5	-999.9	0.0	2.0	96927.0	-999.9
Sikasso	1988	12	15	350	16.0	30.3	19.5	-999.9	0.0	2.2	96934.5	-999.9
Sikasso	1988	12	16	351	15.9	29.7	20.2	-999.9	0.0	1.9	96794.9	-999.9
Sikasso	1988	12	17	352	14.8	29.7	20.2	-999.9	0.0	1.9	96838.6	-999.9
Sikasso	1988	12	18	353	15.2	31.2	20.4	-999.9	0.0	2.2	96889.2	-999.9
Sikasso	1988	12	19	354	16.3	32.0	20.5	-999.9	0.0	2.3	96793.6	-999.9
Sikasso	1988	12	20	355	16.8	31.7	20.6	-999.9	0.0	2.4	96840.6	-999.9
Sikasso	1988	12	21	356	14.4	31.1	20.5	-999.9	0.0	2.0	96861.1	-999.9
Sikasso	1988	12	22	357	15.3	29.6	20.6	-999.9	0.0	2.3	96879.4	-999.9
Sikasso	1988	12	23	358	13.4	27.5	20.7	-999.9	0.0	2.6	96976.2	-999.9
Sikasso	1988	12	24	359	11.3	26.2	20.9	-999.9	0.0	2.2	97004.2	-999.9
Sikasso	1988	12	25	360	11.0	28.5	20.8	-999.9	0.0	1.8	97040.8	-999.9
Sikasso	1988	12	26	361	12.8	30.0	20.4	-999.9	0.0	1.7	96981.5	-999.9
Sikasso	1988	12	27	362	14.8	30.8	20.1	-999.9	0.0	1.7	96874.5	-999.9
Sikasso	1988	12	28	363	16.1	31.4	20.2	-999.9	0.0	1.9	96820.3	-999.9
Sikasso	1988	12	29	364	15.7	31.7	20.4	-999.9	0.0	1.9	96848.5	-999.9
Sikasso	1988	12	30	365	16.2	31.9	20.5	-999.9	0.0	1.9	96886.3	-999.9
Sikasso	1988	12	31	366	15.9	31.0	20.6	-999.9	0.0	2.2	97001.0	-999.9
