Sikasso	2021	1	1	1	17.7	34.7	20.6	-999.9	0.0	1.5	96759.4	-999.9
Sikasso	2021	1	2	2	19.0	34.8	20.5	-999.9	0.0	1.2	96683.8	-999.9
Sikasso	2021	1	3	3	19.0	34.7	20.4	-999.9	0.0	1.0	96669.4	-999.9
Sikasso	2021	1	4	4	19.9	34.9	20.4	-999.9	0.0	1.3	96686.1	-999.9
Sikasso	2021	1	5	5	19.6	34.8	20.7	-999.9	0.0	2.4	96714.5	-999.9
Sikasso	2021	1	6	6	16.5	34.7	20.9	-999.9	0.0	2.3	96773.6	-999.9
Sikasso	2021	1	7	7	20.0	34.9	20.5	-999.9	0.0	1.8	96791.1	-999.9
Sikasso	2021	1	8	8	19.5	35.2	20.7	-999.9	0.0	1.4	96746.1	-999.9
Sikasso	2021	1	9	9	19.6	35.1	20.2	-999.9	0.0	1.6	96698.0	-999.9
Sikasso	2021	1	10	10	19.0	36.0	20.6	-999.9	0.0	1.6	96594.6	-999.9
Sikasso	2021	1	11	11	17.6	34.1	21.0	-999.9	0.0	1.8	96668.9	-999.9
Sikasso	2021	1	12	12	17.3	34.0	21.0	-999.9	0.0	2.0	96810.0	-999.9
Sikasso	2021	1	13	13	16.5	34.0	21.3	-999.9	0.0	2.2	96893.1	-999.9
Sikasso	2021	1	14	14	17.5	33.6	21.5	-999.9	0.0	2.3	96868.1	-999.9
Sikasso	2021	1	15	15	16.4	33.0	21.5	-999.9	0.0	2.3	96792.4	-999.9
Sikasso	2021	1	16	16	15.5	32.6	21.4	-999.9	0.0	2.2	96728.4	-999.9
Sikasso	2021	1	17	17	15.6	32.5	21.4	-999.9	0.0	2.3	96801.8	-999.9
Sikasso	2021	1	18	18	15.5	33.3	21.3	-999.9	0.0	2.4	96837.4	-999.9
Sikasso	2021	1	19	19	15.6	33.8	21.5	-999.9	0.0	2.4	96877.2	-999.9
Sikasso	2021	1	20	20	17.7	33.8	21.7	-999.9	0.0	2.4	96849.7	-999.9
Sikasso	2021	1	21	21	18.5	32.8	21.9	-999.9	0.0	2.4	96903.5	-999.9
Sikasso	2021	1	22	22	16.8	32.4	21.8	-999.9	0.0	2.2	96968.2	-999.9
Sikasso	2021	1	23	23	15.8	32.0	22.0	-999.9	0.0	2.1	96934.2	-999.9
Sikasso	2021	1	24	24	15.3	32.2	22.0	-999.9	0.0	2.1	96842.6	-999.9
Sikasso	2021	1	25	25	15.7	33.5	22.0	-999.9	0.0	2.1	96816.4	-999.9
Sikasso	2021	1	26	26	16.2	34.2	21.9	-999.9	0.0	2.2	96817.4	-999.9
Sikasso	2021	1	27	27	17.2	34.6	22.0	-999.9	0.0	2.2	96805.1	-999.9
Sikasso	2021	1	28	28	17.2	34.4	22.0	-999.9	0.0	2.2	96780.3	-999.9
Sikasso	2021	1	29	29	17.5	35.0	22.0	-999.9	0.0	2.3	96843.9	-999.9
Sikasso	2021	1	30	30	18.3	34.8	21.9	-999.9	0.0	2.2	96857.5	-999.9
Sikasso	2021	1	31	31	17.0	33.9	22.1	-999.9	0.8	2.2	96839.6	-999.9
Sikasso	2021	2	1	32	15.5	33.6	22.3	-999.9	0.0	2.1	96844.9	-999.9
Sikasso	2021	2	2	33	16.1	34.1	22.4	-999.9	0.0	2.1	96872.7	-999.9
Sikasso	2021	2	3	34	16.7	35.0	22.4	-999.9	0.0	1.8	96864.9	-999.9
Sikasso	2021	2	4	35	17.1	35.8	22.1	-999.9	0.0	1.7	96743.1	-999.9
Sikasso	2021	2	5	36	18.7	36.2	22.1	-999.9	0.0	1.9	96736.5	-999.9
Sikasso	2021	2	6	37	19.0	36.4	22.0	-999.9	0.0	1.6	96729.4	-999.9
Sikasso	2021	2	7	38	21.6	35.0	21.5	-999.9	0.0	2.1	96718.7	-999.9
Sikasso	2021	2	8	39	18.7	35.1	22.2	-999.9	0.0	2.3	96732.8	-999.9
Sikasso	2021	2	9	40	17.6	35.2	22.4	-999.9	0.0	2.1	96735.7	-999.9
Sikasso	2021	2	10	41	18.2	36.1	22.6	-999.9	0.0	2.2	96718.3	-999.9
Sikasso	2021	2	11	42	18.3	36.5	22.7	-999.9	0.0	1.9	96689.8	-999.9
Sikasso	2021	2	12	43	19.1	37.1	22.7	-999.9	0.0	1.8	96610.6	-999.9
Sikasso	2021	2	13	44	19.0	37.4	22.7	-999.9	0.0	1.5	96486.6	-999.9
Sikasso	2021	2	14	45	19.9	36.2	21.1	-999.9	0.0	1.5	96427.0	-999.9
Sikasso	2021	2	15	46	22.3	37.0	21.5	-999.9	0.0	2.0	96447.9	-999.9
Sikasso	2021	2	16	47	24.9	36.7	20.8	-999.9	0.0	1.7	96460.6	-999.9
Sikasso	2021	2	17	48	25.6	35.3	19.5	-999.9	0.0	2.3	96603.1	-999.9
Sikasso	2021	2	18	49	23.4	33.3	17.6	-999.9	0.0	1.4	96835.9	-999.9
Sikasso	2021	2	19	50	21.1	34.7	22.7	-999.9	0.0	2.0	96926.4	-999.9
Sikasso	2021	2	20	51	21.1	34.5	22.6	-999.9	0.0	2.2	96982.8	-999.9
Sikasso	2021	2	21	52	21.2	34.9	23.0	-999.9	0.0	2.3	96853.8	-999.9
Sikasso	2021	2	22	53	20.4	34.5	23.6	-999.9	0.0	2.5	96818.8	-999.9
Sikasso	2021	2	23	54	19.0	34.3	24.0	-999.9	0.0	2.3	96864.4	-999.9
Sikasso	2021	2	24	55	18.3	35.0	24.0	-999.9	0.0	2.2	96868.3	-999.9
Sikasso	2021	2	25	56	17.6	34.6	24.0	-999.9	0.0	2.4	96829.9	-999.9
Sikasso	2021	2	26	57	17.7	34.0	24.0	-999.9	0.0	2.2	96771.1	-999.9
Sikasso	2021	2	27	58	18.4	34.5	23.8	-999.9	0.0	1.9	96619.9	-999.9
Sikasso	2021	2	28	59	19.5	36.2	23.7	-999.9	0.0	1.7	96495.1	-999.9
Sikasso	2021	3	1	60	20.2	37.3	23.6	-999.9	0.0	1.8	96469.4	-999.9
Sikasso	2021	3	2	61	23.9	37.6	24.1	-999.9	0.0	2.7	96527.8	-999.9
Sikasso	2021	3	3	62	20.7	38.2	24.2	-999.9	0.0	1.8	96547.0	-999.9
Sikasso	2021	3	4	63	22.2	38.3	24.0	-999.9	0.0	2.0	96468.2	-999.9
Sikasso	2021	3	5	64	22.3	37.2	24.2	-999.9	0.0	2.0	96485.0	-999.9
Sikasso	2021	3	6	65	25.2	36.7	22.0	-999.9	0.0	2.1	96624.0	-999.9
Sikasso	2021	3	7	66	25.1	37.0	21.4	-999.9	0.0	1.5	96662.0	-999.9
Sikasso	2021	3	8	67	25.5	36.8	22.6	-999.9	0.0	1.5	96512.2	-999.9
Sikasso	2021	3	9	68	25.1	36.8	22.3	-999.9	0.0	1.2	96410.1	-999.9
Sikasso	2021	3	10	69	23.4	36.6	23.9	-999.9	0.0	1.9	96488.4	-999.9
Sikasso	2021	3	11	70	22.2	36.4	24.7	-999.9	0.0	1.9	96527.5	-999.9
Sikasso	2021	3	12	71	20.6	34.2	24.8	-999.9	0.0	2.0	96619.2	-999.9
Sikasso	2021	3	13	72	20.8	34.6	24.6	-999.9	0.0	2.2	96707.7	-999.9
Sikasso	2021	3	14	73	21.1	35.5	24.3	-999.9	0.0	1.5	96739.2	-999.9
Sikasso	2021	3	15	74	22.1	36.4	24.5	-999.9	0.0	1.2	96602.8	-999.9
Sikasso	2021	3	16	75	23.5	36.7	24.4	-999.9	0.0	1.3	96473.0	-999.9
Sikasso	2021	3	17	76	25.0	36.7	22.9	-999.9	0.0	1.6	96478.1	-999.9
Sikasso	2021	3	18	77	23.8	35.9	21.8	-999.9	0.0	1.8	96567.7	-999.9
Sikasso	2021	3	19	78	24.2	36.1	23.2	-999.9	0.0	1.8	96511.6	-999.9
Sikasso	2021	3	20	79	24.9	36.4	22.2	-999.9	2.2	2.0	96531.3	-999.9
Sikasso	2021	3	21	80	23.5	34.7	21.0	-999.9	8.3	1.9	96573.5	-999.9
Sikasso	2021	3	22	81	24.0	34.0	20.2	-999.9	2.1	2.1	96557.7	-999.9
Sikasso	2021	3	23	82	24.9	36.8	22.7	-999.9	2.1	1.5	96667.8	-999.9
Sikasso	2021	3	24	83	21.1	36.8	24.0	-999.9	0.0	1.3	96785.2	-999.9
Sikasso	2021	3	25	84	22.0	37.7	25.1	-999.9	0.0	1.4	96705.1	-999.9
Sikasso	2021	3	26	85	21.2	37.8	26.0	-999.9	0.0	2.3	96664.5	-999.9
Sikasso	2021	3	27	86	21.9	37.7	25.9	-999.9	0.0	2.0	96561.2	-999.9
Sikasso	2021	3	28	87	25.9	35.3	22.0	-999.9	0.0	2.0	96661.7	-999.9
Sikasso	2021	3	29	88	23.6	36.2	23.8	-999.9	0.0	1.8	96688.0	-999.9
Sikasso	2021	3	30	89	20.9	37.1	26.1	-999.9	0.0	1.7	96668.1	-999.9
Sikasso	2021	3	31	90	21.6	37.5	25.6	-999.9	0.0	1.7	96548.6	-999.9
Sikasso	2021	4	1	91	21.3	37.8	26.1	-999.9	0.0	2.2	96598.5	-999.9
Sikasso	2021	4	2	92	22.1	38.0	26.6	-999.9	0.0	2.3	96677.6	-999.9
Sikasso	2021	4	3	93	19.9	37.3	26.4	-999.9	0.0	1.9	96622.4	-999.9
Sikasso	2021	4	4	94	20.7	37.3	25.7	-999.9	0.0	1.5	96568.9	-999.9
Sikasso	2021	4	5	95	23.7	37.8	24.4	-999.9	0.0	1.8	96530.0	-999.9
Sikasso	2021	4	6	96	26.0	37.9	23.4	-999.9	0.0	1.9	96517.4	-999.9
Sikasso	2021	4	7	97	25.9	38.3	23.0	-999.9	0.0	1.7	96591.2	-999.9
Sikasso	2021	4	8	98	25.4	39.7	26.4	-999.9	0.0	1.8	96580.5	-999.9
Sikasso	2021	4	9	99	22.4	39.3	26.3	-999.9	0.0	2.2	96477.8	-999.9
Sikasso	2021	4	10	100	24.7	38.7	25.1	-999.9	0.0	1.8	96382.5	-999.9
Sikasso	2021	4	11	101	25.2	38.3	24.5	-999.9	0.0	2.2	96416.0	-999.9
Sikasso	2021	4	12	102	26.0	38.4	24.7	-999.9	0.0	2.3	96533.7	-999.9
Sikasso	2021	4	13	103	27.6	37.1	22.7	-999.9	6.6	2.3	96614.5	-999.9
Sikasso	2021	4	14	104	25.5	35.6	23.0	-999.9	6.6	2.4	96664.6	-999.9
Sikasso	2021	4	15	105	25.1	36.4	23.9	-999.9	0.0	1.8	96556.8	-999.9
Sikasso	2021	4	16	106	26.6	37.0	24.4	-999.9	2.0	2.2	96378.8	-999.9
Sikasso	2021	4	17	107	24.9	33.7	19.1	-999.9	2.0	2.6	96572.4	-999.9
Sikasso	2021	4	18	108	24.0	36.2	24.5	-999.9	0.0	1.5	96635.1	-999.9
Sikasso	2021	4	19	109	25.5	36.8	24.9	-999.9	0.0	2.1	96587.3	-999.9
Sikasso	2021	4	20	110	26.6	36.8	22.8	-999.9	0.0	2.3	96483.0	-999.9
Sikasso	2021	4	21	111	26.7	36.6	23.4	-999.9	0.0	2.3	96507.2	-999.9
Sikasso	2021	4	22	112	24.9	37.0	22.3	-999.9	8.5	2.2	96608.3	-999.9
Sikasso	2021	4	23	113	23.8	36.7	19.2	-999.9	8.5	1.9	96578.0	-999.9
Sikasso	2021	4	24	114	24.8	36.3	25.0	-999.9	0.0	2.1	96466.5	-999.9
Sikasso	2021	4	25	115	24.6	36.2	25.1	-999.9	0.0	2.3	96502.1	-999.9
Sikasso	2021	4	26	116	25.1	36.6	24.5	-999.9	0.0	2.0	96521.6	-999.9
Sikasso	2021	4	27	117	26.6	36.5	24.3	-999.9	6.9	2.1	96414.5	-999.9
Sikasso	2021	4	28	118	24.7	36.0	21.0	-999.9	6.9	2.3	96444.8	-999.9
Sikasso	2021	4	29	119	25.7	36.2	24.6	-999.9	0.0	2.4	96510.6	-999.9
Sikasso	2021	4	30	120	26.1	36.2	23.7	-999.9	0.0	2.1	96504.2	-999.9
Sikasso	2021	5	1	121	26.0	36.0	23.3	-999.9	2.4	1.5	96548.7	-999.9
Sikasso	2021	5	2	122	26.5	36.8	23.8	-999.9	0.0	2.4	96452.1	-999.9
Sikasso	2021	5	3	123	25.7	35.6	21.6	-999.9	7.3	2.2	96492.5	-999.9
Sikasso	2021	5	4	124	23.7	34.7	24.6	-999.9	0.0	2.6	96569.5	-999.9
Sikasso	2021	5	5	125	25.7	35.5	23.7	-999.9	0.0	2.5	96574.4	-999.9
Sikasso	2021	5	6	126	25.0	34.7	21.5	-999.9	12.7	2.4	96682.4	-999.9
Sikasso	2021	5	7	127	25.2	33.1	20.2	-999.9	0.0	2.5	96886.4	-999.9
Sikasso	2021	5	8	128	24.2	35.3	25.4	-999.9	0.0	2.1	96806.8	-999.9
Sikasso	2021	5	9	129	25.0	34.3	24.1	-999.9	0.0	2.6	96774.3	-999.9
Sikasso	2021	5	10	130	25.9	34.9	24.6	-999.9	0.0	2.1	96749.3	-999.9
Sikasso	2021	5	11	131	26.2	35.3	25.1	-999.9	0.0	2.0	96802.1	-999.9
Sikasso	2021	5	12	132	24.1	35.1	22.8	-999.9	0.0	1.7	96873.5	-999.9
Sikasso	2021	5	13	133	25.5	37.1	25.6	-999.9	0.0	2.2	96616.2	-999.9
Sikasso	2021	5	14	134	26.7	37.0	25.5	-999.9	0.0	2.2	96506.3	-999.9
Sikasso	2021	5	15	135	27.2	36.6	24.9	-999.9	12.1	2.2	96606.3	-999.9
Sikasso	2021	5	16	136	25.3	35.1	24.0	-999.9	0.0	1.8	96682.2	-999.9
Sikasso	2021	5	17	137	26.1	37.1	25.2	-999.9	5.5	1.8	96637.4	-999.9
Sikasso	2021	5	18	138	26.8	36.8	25.2	-999.9	11.1	2.5	96664.6	-999.9
Sikasso	2021	5	19	139	26.3	35.5	24.8	-999.9	5.5	2.0	96774.7	-999.9
Sikasso	2021	5	20	140	26.1	35.4	24.4	-999.9	0.0	1.9	96821.6	-999.9
Sikasso	2021	5	21	141	26.7	35.0	24.2	-999.9	0.0	1.6	96796.8	-999.9
Sikasso	2021	5	22	142	25.0	35.7	24.7	-999.9	7.2	1.8	96820.2	-999.9
Sikasso	2021	5	23	143	26.8	36.2	24.6	-999.9	10.8	1.9	96830.9	-999.9
Sikasso	2021	5	24	144	25.1	35.5	23.4	-999.9	3.6	1.3	96803.5	-999.9
Sikasso	2021	5	25	145	25.8	33.5	21.9	-999.9	7.2	1.7	96806.0	-999.9
Sikasso	2021	5	26	146	25.5	35.6	25.1	-999.9	0.0	1.7	96741.8	-999.9
Sikasso	2021	5	27	147	26.6	35.6	24.5	-999.9	10.9	2.2	96646.8	-999.9
Sikasso	2021	5	28	148	26.2	34.6	23.9	-999.9	21.9	2.1	96629.8	-999.9
Sikasso	2021	5	29	149	25.6	34.4	24.1	-999.9	5.5	1.7	96667.8	-999.9
Sikasso	2021	5	30	150	27.1	34.6	24.2	-999.9	10.9	1.9	96615.3	-999.9
Sikasso	2021	5	31	151	24.7	32.4	19.0	-999.9	0.0	2.3	96733.3	-999.9
Sikasso	2021	6	1	152	25.1	32.9	23.1	-999.9	0.0	2.5	96705.3	-999.9
Sikasso	2021	6	2	153	24.7	34.4	24.7	-999.9	0.0	1.9	96685.8	-999.9
Sikasso	2021	6	3	154	26.3	34.5	24.4	-999.9	26.1	2.0	96780.7	-999.9
Sikasso	2021	6	4	155	24.6	34.7	24.3	-999.9	0.0	1.9	96780.4	-999.9
Sikasso	2021	6	5	156	24.8	34.8	24.8	-999.9	0.0	2.4	96736.5	-999.9
Sikasso	2021	6	6	157	25.6	33.9	24.3	-999.9	16.5	2.2	96621.6	-999.9
Sikasso	2021	6	7	158	24.9	30.5	19.0	-999.9	0.0	2.0	96736.9	-999.9
Sikasso	2021	6	8	159	24.6	33.8	24.7	-999.9	0.0	1.7	96746.2	-999.9
Sikasso	2021	6	9	160	24.9	32.5	19.0	-999.9	11.0	1.2	96749.3	-999.9
Sikasso	2021	6	10	161	23.3	32.8	21.6	-999.9	11.0	1.8	96750.9	-999.9
Sikasso	2021	6	11	162	23.3	32.4	23.9	-999.9	0.0	1.9	96796.4	-999.9
Sikasso	2021	6	12	163	24.2	33.1	23.2	-999.9	0.0	1.7	96867.7	-999.9
Sikasso	2021	6	13	164	24.6	33.2	23.7	-999.9	0.0	1.8	96860.5	-999.9
Sikasso	2021	6	14	165	23.4	32.0	23.2	-999.9	0.0	1.9	96918.7	-999.9
Sikasso	2021	6	15	166	24.6	30.8	20.8	-999.9	0.0	1.9	96907.2	-999.9
Sikasso	2021	6	16	167	23.5	31.5	21.9	-999.9	7.0	2.1	96916.6	-999.9
Sikasso	2021	6	17	168	24.2	32.2	24.1	-999.9	7.0	2.2	96948.5	-999.9
Sikasso	2021	6	18	169	24.6	32.6	24.3	-999.9	3.5	2.1	96913.1	-999.9
Sikasso	2021	6	19	170	23.9	31.8	22.8	-999.9	7.0	1.7	96918.4	-999.9
Sikasso	2021	6	20	171	24.0	32.2	23.3	-999.9	3.5	2.0	96941.9	-999.9
Sikasso	2021	6	21	172	23.8	31.7	22.8	-999.9	18.7	2.2	96992.9	-999.9
Sikasso	2021	6	22	173	22.4	29.5	17.8	-999.9	28.0	1.9	96954.9	-999.9
Sikasso	2021	6	23	174	21.6	31.6	24.4	-999.9	9.3	1.5	96766.4	-999.9
Sikasso	2021	6	24	175	22.3	29.8	18.5	-999.9	9.3	1.9	96885.8	-999.9
Sikasso	2021	6	25	176	22.1	31.0	22.6	-999.9	0.0	1.6	96964.3	-999.9
Sikasso	2021	6	26	177	22.9	30.5	22.3	-999.9	6.6	1.4	96881.9	-999.9
Sikasso	2021	6	27	178	22.5	32.0	23.2	-999.9	0.0	1.4	96862.4	-999.9
Sikasso	2021	6	28	179	24.0	32.6	24.7	-999.9	0.0	2.4	96883.3	-999.9
Sikasso	2021	6	29	180	23.2	33.2	24.9	-999.9	0.0	2.2	96947.5	-999.9
Sikasso	2021	6	30	181	25.0	30.9	18.5	-999.9	6.6	1.9	97006.5	-999.9
Sikasso	2021	7	1	182	23.6	31.7	23.4	-999.9	7.2	1.9	97036.6	-999.9
Sikasso	2021	7	2	183	23.8	31.3	22.6	-999.9	7.2	1.9	96996.8	-999.9
Sikasso	2021	7	3	184	23.8	31.2	21.3	-999.9	0.0	2.2	96965.3	-999.9
Sikasso	2021	7	4	185	22.4	30.8	23.0	-999.9	7.2	2.1	97027.6	-999.9
Sikasso	2021	7	5	186	22.7	27.9	13.7	-999.9	14.4	1.2	97133.2	-999.9
Sikasso	2021	7	6	187	22.7	30.6	20.4	-999.9	0.0	1.4	97026.1	-999.9
Sikasso	2021	7	7	188	23.5	32.5	24.5	-999.9	0.0	2.3	96815.1	-999.9
Sikasso	2021	7	8	189	25.0	31.7	20.7	-999.9	0.0	3.0	96802.2	-999.9
Sikasso	2021	7	9	190	24.3	29.7	16.0	-999.9	11.5	3.1	96842.1	-999.9
Sikasso	2021	7	10	191	22.6	26.5	13.2	-999.9	0.0	2.4	96948.7	-999.9
Sikasso	2021	7	11	192	22.7	29.3	18.8	-999.9	14.8	1.7	97044.6	-999.9
Sikasso	2021	7	12	193	22.0	30.2	18.4	-999.9	7.4	1.5	97083.7	-999.9
Sikasso	2021	7	13	194	23.3	31.0	22.3	-999.9	14.8	1.8	96960.8	-999.9
Sikasso	2021	7	14	195	22.1	29.3	17.8	-999.9	0.0	2.0	96898.5	-999.9
Sikasso	2021	7	15	196	22.7	30.6	21.7	-999.9	7.4	1.6	96873.2	-999.9
Sikasso	2021	7	16	197	22.3	29.4	18.6	-999.9	18.1	1.8	96899.5	-999.9
Sikasso	2021	7	17	198	24.0	30.0	18.4	-999.9	6.0	1.8	96971.6	-999.9
Sikasso	2021	7	18	199	22.6	29.7	15.5	-999.9	0.0	2.4	97015.0	-999.9
Sikasso	2021	7	19	200	22.8	31.0	21.2	-999.9	0.0	2.0	96908.4	-999.9
Sikasso	2021	7	20	201	24.1	31.1	19.9	-999.9	0.0	2.3	96975.8	-999.9
Sikasso	2021	7	21	202	23.7	30.4	17.9	-999.9	33.2	2.5	97127.4	-999.9
Sikasso	2021	7	22	203	23.5	27.9	13.2	-999.9	33.2	1.9	97136.6	-999.9
Sikasso	2021	7	23	204	23.0	26.1	11.1	-999.9	16.6	1.8	97018.5	-999.9
Sikasso	2021	7	24	205	22.6	27.6	14.3	-999.9	0.0	2.3	96987.3	-999.9
Sikasso	2021	7	25	206	22.5	29.4	20.7	-999.9	16.6	2.2	96975.5	-999.9
Sikasso	2021	7	26	207	22.3	29.8	21.1	-999.9	12.8	2.2	96885.3	-999.9
Sikasso	2021	7	27	208	23.3	29.6	18.3	-999.9	12.8	2.2	96883.7	-999.9
Sikasso	2021	7	28	209	22.7	28.3	16.5	-999.9	25.6	2.3	96844.2	-999.9
Sikasso	2021	7	29	210	22.4	26.0	13.0	-999.9	0.0	3.1	96921.6	-999.9
Sikasso	2021	7	30	211	22.4	26.9	12.7	-999.9	0.0	2.5	96958.1	-999.9
Sikasso	2021	7	31	212	22.5	28.0	15.3	-999.9	25.6	1.9	96999.4	-999.9
Sikasso	2021	8	1	213	22.2	26.2	13.4	-999.9	0.0	2.7	97141.2	-999.9
Sikasso	2021	8	2	214	21.1	29.1	20.2	-999.9	0.0	1.9	97160.0	-999.9
Sikasso	2021	8	3	215	22.9	29.6	18.6	-999.9	0.0	1.8	97082.5	-999.9
Sikasso	2021	8	4	216	22.6	27.2	10.9	-999.9	42.9	1.7	97061.5	-999.9
Sikasso	2021	8	5	217	22.4	28.7	17.4	-999.9	0.0	2.0	97123.9	-999.9
Sikasso	2021	8	6	218	22.1	27.4	15.4	-999.9	31.3	2.0	97238.9	-999.9
Sikasso	2021	8	7	219	22.8	29.0	16.1	-999.9	10.4	2.2	97165.8	-999.9
Sikasso	2021	8	8	220	21.8	30.0	21.2	-999.9	10.4	1.8	97021.3	-999.9
Sikasso	2021	8	9	221	22.2	30.3	21.0	-999.9	10.4	1.9	97043.0	-999.9
Sikasso	2021	8	10	222	21.8	26.4	9.2	-999.9	41.7	1.4	97055.6	-999.9
Sikasso	2021	8	11	223	22.4	28.6	16.0	-999.9	11.2	1.2	96916.4	-999.9
Sikasso	2021	8	12	224	22.2	29.5	18.4	-999.9	0.0	1.4	96807.3	-999.9
Sikasso	2021	8	13	225	22.7	27.3	13.8	-999.9	22.5	2.6	96951.7	-999.9
Sikasso	2021	8	14	226	22.3	28.5	17.6	-999.9	45.0	2.1	96944.9	-999.9
Sikasso	2021	8	15	227	22.8	26.4	10.4	-999.9	0.0	2.0	96740.6	-999.9
Sikasso	2021	8	16	228	21.9	28.6	18.6	-999.9	9.2	2.0	96834.9	-999.9
Sikasso	2021	8	17	229	22.6	28.0	13.1	-999.9	18.5	2.1	96981.2	-999.9
Sikasso	2021	8	18	230	21.8	26.3	11.2	-999.9	0.0	2.1	97035.5	-999.9
Sikasso	2021	8	19	231	21.5	29.4	19.6	-999.9	0.0	1.5	96967.8	-999.9
Sikasso	2021	8	20	232	22.4	29.5	20.2	-999.9	9.2	1.4	96841.5	-999.9
Sikasso	2021	8	21	233	21.7	30.4	20.3	-999.9	17.6	1.4	96756.5	-999.9
Sikasso	2021	8	22	234	21.8	29.6	21.6	-999.9	0.0	1.8	96761.6	-999.9
Sikasso	2021	8	23	235	22.1	29.6	22.2	-999.9	0.0	1.3	96784.6	-999.9
Sikasso	2021	8	24	236	22.6	30.6	21.9	-999.9	17.6	1.3	96677.1	-999.9
Sikasso	2021	8	25	237	22.6	29.7	18.3	-999.9	17.6	1.8	96636.9	-999.9
Sikasso	2021	8	26	238	22.8	28.0	15.8	-999.9	9.3	1.8	96851.8	-999.9
Sikasso	2021	8	27	239	22.6	29.2	18.8	-999.9	18.6	1.7	96990.8	-999.9
Sikasso	2021	8	28	240	22.3	29.9	20.6	-999.9	18.6	1.6	96933.6	-999.9
Sikasso	2021	8	29	241	22.2	29.1	13.1	-999.9	9.3	1.4	96749.5	-999.9
Sikasso	2021	8	30	242	22.6	30.2	21.4	-999.9	9.3	1.6	96710.0	-999.9
Sikasso	2021	8	31	243	22.1	28.8	16.0	-999.9	0.0	1.4	96846.7	-999.9
Sikasso	2021	9	1	244	21.4	30.5	21.0	-999.9	0.0	1.7	96915.2	-999.9
Sikasso	2021	9	2	245	23.1	30.6	21.3	-999.9	5.4	1.8	96791.9	-999.9
Sikasso	2021	9	3	246	22.9	28.6	18.2	-999.9	0.0	1.8	96826.1	-999.9
Sikasso	2021	9	4	247	21.7	29.7	18.7	-999.9	0.0	1.6	96892.1	-999.9
Sikasso	2021	9	5	248	21.9	31.0	24.2	-999.9	5.4	1.6	96935.1	-999.9
Sikasso	2021	9	6	249	23.3	29.9	18.9	-999.9	0.0	1.1	96907.5	-999.9
Sikasso	2021	9	7	250	21.8	31.0	22.5	-999.9	0.0	1.4	96903.7	-999.9
Sikasso	2021	9	8	251	23.1	31.8	23.6	-999.9	14.9	1.5	96797.7	-999.9
Sikasso	2021	9	9	252	22.8	28.0	13.6	-999.9	22.4	1.7	96721.9	-999.9
Sikasso	2021	9	10	253	22.3	29.0	17.7	-999.9	0.0	2.3	96977.2	-999.9
Sikasso	2021	9	11	254	21.5	29.5	19.0	-999.9	25.0	1.3	97184.1	-999.9
Sikasso	2021	9	12	255	21.9	29.8	18.9	-999.9	25.0	1.4	96964.9	-999.9
Sikasso	2021	9	13	256	20.9	30.8	24.0	-999.9	0.0	1.8	96847.8	-999.9
Sikasso	2021	9	14	257	22.3	31.5	23.8	-999.9	0.0	1.3	96778.2	-999.9
Sikasso	2021	9	15	258	22.1	29.5	17.4	-999.9	0.0	1.8	96864.5	-999.9
Sikasso	2021	9	16	259	22.8	29.5	17.7	-999.9	13.4	1.3	97047.8	-999.9
Sikasso	2021	9	17	260	22.0	30.2	22.1	-999.9	0.0	0.9	96992.1	-999.9
Sikasso	2021	9	18	261	22.5	31.3	22.4	-999.9	0.0	0.9	96873.3	-999.9
Sikasso	2021	9	19	262	22.5	31.2	23.5	-999.9	0.0	1.4	96851.7	-999.9
Sikasso	2021	9	20	263	22.7	31.8	23.7	-999.9	0.0	1.1	96883.0	-999.9
Sikasso	2021	9	21	264	23.0	31.4	23.4	-999.9	10.6	1.4	96805.4	-999.9
Sikasso	2021	9	22	265	23.3	31.1	22.1	-999.9	10.6	1.4	96831.1	-999.9
Sikasso	2021	9	23	266	23.0	30.6	18.7	-999.9	21.3	1.1	96890.3	-999.9
Sikasso	2021	9	24	267	23.3	31.4	23.2	-999.9	10.6	1.1	96953.1	-999.9
Sikasso	2021	9	25	268	22.5	30.9	21.3	-999.9	10.6	1.4	96882.1	-999.9
Sikasso	2021	9	26	269	22.0	31.1	24.3	-999.9	0.0	1.6	96938.2	-999.9
Sikasso	2021	9	27	270	22.2	31.0	23.5	-999.9	3.9	1.2	96905.4	-999.9
Sikasso	2021	9	28	271	23.2	31.6	22.8	-999.9	3.9	1.1	96724.9	-999.9
Sikasso	2021	9	29	272	23.3	32.5	23.7	-999.9	0.0	1.2	96717.4	-999.9
Sikasso	2021	9	30	273	23.5	29.7	18.1	-999.9	3.9	1.6	96843.0	-999.9
Sikasso	2021	10	1	274	22.5	30.7	21.5	-999.9	10.1	1.4	96910.5	-999.9
Sikasso	2021	10	2	275	22.5	28.6	13.9	-999.9	15.1	1.7	96876.2	-999.9
Sikasso	2021	10	3	276	21.5	32.0	22.8	-999.9	0.0	1.2	96834.9	-999.9
Sikasso	2021	10	4	277	22.7	32.3	22.6	-999.9	5.0	1.2	96734.9	-999.9
Sikasso	2021	10	5	278	23.6	31.5	21.5	-999.9	0.0	1.3	96799.3	-999.9
Sikasso	2021	10	6	279	23.6	32.2	22.3	-999.9	3.1	1.0	96796.5	-999.9
Sikasso	2021	10	7	280	23.8	32.4	23.1	-999.9	0.0	1.4	96707.5	-999.9
Sikasso	2021	10	8	281	24.4	33.0	21.8	-999.9	6.1	1.1	96659.8	-999.9
Sikasso	2021	10	9	282	23.0	32.4	21.8	-999.9	0.0	0.8	96717.4	-999.9
Sikasso	2021	10	10	283	24.1	31.8	22.3	-999.9	6.1	1.3	96751.0	-999.9
Sikasso	2021	10	11	284	23.2	31.3	20.4	-999.9	0.0	1.6	96878.8	-999.9
Sikasso	2021	10	12	285	23.3	32.8	22.1	-999.9	0.0	1.1	96868.4	-999.9
Sikasso	2021	10	13	286	23.5	32.4	20.3	-999.9	0.0	1.4	96734.9	-999.9
Sikasso	2021	10	14	287	23.7	33.3	22.9	-999.9	0.0	1.5	96691.6	-999.9
Sikasso	2021	10	15	288	23.6	32.8	22.1	-999.9	4.6	1.3	96738.6	-999.9
Sikasso	2021	10	16	289	23.7	32.7	21.5	-999.9	4.6	1.2	96749.7	-999.9
Sikasso	2021	10	17	290	21.9	32.6	22.2	-999.9	0.0	1.2	96693.4	-999.9
Sikasso	2021	10	18	291	22.7	33.4	22.6	-999.9	0.0	1.7	96659.3	-999.9
Sikasso	2021	10	19	292	24.2	31.3	16.2	-999.9	9.2	1.7	96734.9	-999.9
Sikasso	2021	10	20	293	22.4	30.0	17.9	-999.9	0.0	1.5	96885.4	-999.9
Sikasso	2021	10	21	294	22.0	30.6	20.1	-999.9	7.4	1.1	96834.7	-999.9
Sikasso	2021	10	22	295	22.1	31.1	21.2	-999.9	0.0	0.9	96805.7	-999.9
Sikasso	2021	10	23	296	23.4	30.9	20.9	-999.9	0.0	1.4	96894.7	-999.9
Sikasso	2021	10	24	297	22.4	31.3	20.1	-999.9	7.4	1.3	96996.8	-999.9
Sikasso	2021	10	25	298	22.9	32.4	21.9	-999.9	0.0	1.3	96970.1	-999.9
Sikasso	2021	10	26	299	23.2	32.1	21.4	-999.9	6.0	1.5	96927.4	-999.9
Sikasso	2021	10	27	300	22.7	32.0	21.6	-999.9	6.0	1.1	96786.3	-999.9
Sikasso	2021	10	28	301	24.0	32.1	21.0	-999.9	0.0	1.4	96821.6	-999.9
Sikasso	2021	10	29	302	22.3	32.2	21.3	-999.9	6.0	1.2	96785.6	-999.9
Sikasso	2021	10	30	303	21.7	31.5	20.9	-999.9	0.0	1.0	96887.5	-999.9
Sikasso	2021	10	31	304	23.4	33.0	20.5	-999.9	0.0	1.4	96926.3	-999.9
Sikasso	2021	11	1	305	22.8	32.2	20.5	-999.9	3.3	1.4	96924.7	-999.9
Sikasso	2021	11	2	306	22.4	31.4	20.5	-999.9	0.0	1.3	96921.4	-999.9
Sikasso	2021	11	3	307	21.6	32.2	21.6	-999.9	0.0	1.0	96855.8	-999.9
Sikasso	2021	11	4	308	23.3	33.1	21.3	-999.9	0.0	0.9	96789.9	-999.9
Sikasso	2021	11	5	309	22.8	33.4	21.5	-999.9	0.0	1.1	96764.6	-999.9
Sikasso	2021	11	6	310	22.6	33.7	20.5	-999.9	0.0	1.4	96677.5	-999.9
Sikasso	2021	11	7	311	23.0	32.8	19.5	-999.9	0.0	1.2	96666.2	-999.9
Sikasso	2021	11	8	312	22.5	33.2	20.0	-999.9	0.0	1.1	96584.9	-999.9
Sikasso	2021	11	9	313	22.4	32.9	19.2	-999.9	0.0	1.1	96616.2	-999.9
Sikasso	2021	11	10	314	23.0	32.6	19.2	-999.9	2.5	1.4	96720.4	-999.9
Sikasso	2021	11	11	315	23.1	32.9	20.0	-999.9	0.0	1.1	96798.7	-999.9
Sikasso	2021	11	12	316	20.0	31.5	18.1	-999.9	0.0	1.3	96717.4	-999.9
Sikasso	2021	11	13	317	19.5	31.9	21.8	-999.9	0.0	2.0	96717.7	-999.9
Sikasso	2021	11	14	318	18.5	32.3	21.1	-999.9	0.0	1.8	96799.1	-999.9
Sikasso	2021	11	15	319	18.7	33.2	21.6	-999.9	0.0	1.4	96839.5	-999.9
Sikasso	2021	11	16	320	18.7	33.5	21.7	-999.9	0.0	2.1	96700.9	-999.9
Sikasso	2021	11	17	321	18.6	33.4	21.5	-999.9	0.0	1.8	96661.0	-999.9
Sikasso	2021	11	18	322	20.0	34.2	21.6	-999.9	0.0	2.2	96746.5	-999.9
Sikasso	2021	11	19	323	18.6	34.1	21.6	-999.9	0.0	2.0	96809.1	-999.9
Sikasso	2021	11	20	324	18.9	34.8	21.6	-999.9	0.0	2.0	96743.5	-999.9
Sikasso	2021	11	21	325	18.4	34.7	21.8	-999.9	0.0	2.3	96660.4	-999.9
Sikasso	2021	11	22	326	18.5	33.6	21.5	-999.9	0.0	1.7	96748.0	-999.9
Sikasso	2021	11	23	327	18.4	34.1	21.5	-999.9	0.0	2.0	96863.9	-999.9
Sikasso	2021	11	24	328	18.6	34.4	21.3	-999.9	0.0	2.2	96837.4	-999.9
Sikasso	2021	11	25	329	19.8	34.7	21.2	-999.9	0.0	1.9	96733.7	-999.9
Sikasso	2021	11	26	330	19.1	35.1	21.2	-999.9	0.0	1.5	96710.3	-999.9
Sikasso	2021	11	27	331	21.9	34.9	20.5	-999.9	0.0	1.0	96743.4	-999.9
Sikasso	2021	11	28	332	20.5	34.6	20.3	-999.9	0.0	1.6	96710.3	-999.9
Sikasso	2021	11	29	333	19.6	34.1	21.0	-999.9	0.0	2.0	96725.2	-999.9
Sikasso	2021	11	30	334	19.1	33.1	20.5	-999.9	0.0	1.4	96758.7	-999.9
Sikasso	2021	12	1	335	20.7	34.4	20.4	-999.9	0.0	1.8	96734.9	-999.9
Sikasso	2021	12	2	336	19.1	34.8	20.9	-999.9	0.0	1.7	96625.8	-999.9
Sikasso	2021	12	3	337	19.2	35.0	20.7	-999.9	0.0	1.5	96631.6	-999.9
Sikasso	2021	12	4	338	20.6	34.6	20.5	-999.9	0.0	1.7	96749.5	-999.9
Sikasso	2021	12	5	339	19.8	34.1	20.8	-999.9	0.0	2.0	96834.4	-999.9
Sikasso	2021	12	6	340	18.4	33.3	20.7	-999.9	0.0	2.1	96855.5	-999.9
Sikasso	2021	12	7	341	17.1	33.7	20.7	-999.9	0.0	1.9	96877.0	-999.9
Sikasso	2021	12	8	342	17.7	34.4	20.8	-999.9	0.0	1.8	96886.8	-999.9
Sikasso	2021	12	9	343	19.1	34.0	20.8	-999.9	0.0	2.0	96729.8	-999.9
Sikasso	2021	12	10	344	18.3	32.7	20.4	-999.9	0.0	2.0	96684.3	-999.9
Sikasso	2021	12	11	345	17.4	33.3	20.7	-999.9	0.0	1.6	96617.7	-999.9
Sikasso	2021	12	12	346	17.6	33.4	20.4	-999.9	0.0	1.8	96696.3	-999.9
Sikasso	2021	12	13	347	19.7	34.4	20.3	-999.9	0.0	1.7	96687.2	-999.9
Sikasso	2021	12	14	348	19.6	34.4	20.2	-999.9	0.0	1.4	96606.0	-999.9
Sikasso	2021	12	15	349	21.3	33.2	18.9	-999.9	0.0	1.1	96648.5	-999.9
Sikasso	2021	12	16	350	20.6	33.0	19.8	-999.9	0.0	2.3	96791.9	-999.9
Sikasso	2021	12	17	351	19.1	32.7	20.1	-999.9	0.0	2.2	96865.9	-999.9
Sikasso	2021	12	18	352	19.8	32.9	20.2	-999.9	0.0	2.5	96864.2	-999.9
Sikasso	2021	12	19	353	19.2	31.8	20.3	-999.9	0.0	2.3	96847.5	-999.9
Sikasso	2021	12	20	354	17.6	30.8	20.3	-999.9	0.0	2.3	96904.7	-999.9
Sikasso	2021	12	21	355	16.1	31.0	20.4	-999.9	0.0	2.0	96952.4	-999.9
Sikasso	2021	12	22	356	17.7	31.5	20.5	-999.9	0.0	2.3	97006.4	-999.9
Sikasso	2021	12	23	357	17.4	31.8	20.5	-999.9	0.0	2.2	96862.1	-999.9
Sikasso	2021	12	24	358	16.7	32.7	20.4	-999.9	0.0	2.1	96792.1	-999.9
Sikasso	2021	12	25	359	16.8	32.8	19.9	-999.9	0.0	1.8	96846.7	-999.9
Sikasso	2021	12	26	360	17.4	33.2	19.7	-999.9	0.0	2.0	96838.9	-999.9
Sikasso	2021	12	27	361	18.6	31.8	17.4	-999.9	0.0	2.2	96921.9	-999.9
Sikasso	2021	12	28	362	18.6	31.6	18.8	-999.9	0.0	2.3	96973.2	-999.9
Sikasso	2021	12	29	363	16.1	32.3	20.4	-999.9	0.0	2.0	96959.6	-999.9
Sikasso	2021	12	30	364	16.0	32.6	20.7	-999.9	0.0	2.0	96880.8	-999.9
Sikasso	2021	12	31	365	18.7	32.6	20.6	-999.9	0.0	2.1	96908.8	-999.9
