Sikasso	1983	1	1	1	16.8	32.0	20.1	-999.9	0.0	2.1	96938.2	-999.9
Sikasso	1983	1	2	2	16.7	31.9	20.4	-999.9	0.0	2.3	96987.1	-999.9
Sikasso	1983	1	3	3	16.5	31.6	20.4	-999.9	0.0	2.6	97052.8	-999.9
Sikasso	1983	1	4	4	16.2	30.8	20.4	-999.9	0.0	3.0	97145.4	-999.9
Sikasso	1983	1	5	5	16.3	28.3	20.4	-999.9	0.0	3.0	97243.4	-999.9
Sikasso	1983	1	6	6	13.3	26.8	20.6	-999.9	0.0	2.7	97294.6	-999.9
Sikasso	1983	1	7	7	12.2	26.7	20.7	-999.9	0.0	2.4	97216.2	-999.9
Sikasso	1983	1	8	8	12.0	27.7	20.8	-999.9	0.0	2.3	97101.0	-999.9
Sikasso	1983	1	9	9	13.0	29.2	20.6	-999.9	0.0	2.1	97016.4	-999.9
Sikasso	1983	1	10	10	14.4	29.8	20.7	-999.9	0.0	2.5	96961.8	-999.9
Sikasso	1983	1	11	11	14.8	30.1	20.7	-999.9	0.0	2.3	96939.6	-999.9
Sikasso	1983	1	12	12	14.8	29.9	20.7	-999.9	0.0	2.6	97002.2	-999.9
Sikasso	1983	1	13	13	15.2	29.4	20.8	-999.9	0.0	2.6	96994.2	-999.9
Sikasso	1983	1	14	14	14.3	30.0	21.0	-999.9	0.0	2.2	96931.3	-999.9
Sikasso	1983	1	15	15	14.9	31.5	20.9	-999.9	0.0	2.2	96967.9	-999.9
Sikasso	1983	1	16	16	16.0	31.9	20.9	-999.9	0.0	2.3	97010.7	-999.9
Sikasso	1983	1	17	17	16.4	31.8	21.1	-999.9	0.0	2.5	97044.8	-999.9
Sikasso	1983	1	18	18	15.7	31.9	21.4	-999.9	0.0	2.5	97005.7	-999.9
Sikasso	1983	1	19	19	15.6	32.0	21.4	-999.9	0.0	2.4	96933.5	-999.9
Sikasso	1983	1	20	20	15.8	31.8	21.3	-999.9	0.0	2.3	96900.3	-999.9
Sikasso	1983	1	21	21	14.8	32.0	21.3	-999.9	0.0	2.0	97008.8	-999.9
Sikasso	1983	1	22	22	15.4	32.0	21.4	-999.9	0.0	2.1	97110.9	-999.9
Sikasso	1983	1	23	23	16.1	32.2	21.5	-999.9	0.0	2.4	97210.2	-999.9
Sikasso	1983	1	24	24	15.4	30.5	21.6	-999.9	0.0	2.6	97236.0	-999.9
Sikasso	1983	1	25	25	14.4	30.1	21.7	-999.9	0.0	2.6	97207.4	-999.9
Sikasso	1983	1	26	26	14.0	29.2	22.0	-999.9	0.0	2.8	97235.2	-999.9
Sikasso	1983	1	27	27	13.0	27.9	21.9	-999.9	0.0	2.9	97291.2	-999.9
Sikasso	1983	1	28	28	13.1	27.6	21.8	-999.9	0.0	2.8	97294.2	-999.9
Sikasso	1983	1	29	29	12.8	27.6	21.8	-999.9	0.0	2.8	97203.2	-999.9
Sikasso	1983	1	30	30	12.1	27.4	22.2	-999.9	0.0	2.4	97197.4	-999.9
Sikasso	1983	1	31	31	11.9	28.3	22.2	-999.9	0.0	2.4	97161.8	-999.9
Sikasso	1983	2	1	32	12.1	29.2	22.3	-999.9	0.0	2.2	97073.4	-999.9
Sikasso	1983	2	2	33	12.7	30.5	22.1	-999.9	0.0	1.9	96922.5	-999.9
Sikasso	1983	2	3	34	14.0	31.6	22.0	-999.9	0.0	2.1	96892.9	-999.9
Sikasso	1983	2	4	35	14.1	32.5	22.1	-999.9	0.0	1.9	96894.9	-999.9
Sikasso	1983	2	5	36	15.3	33.7	22.1	-999.9	0.0	2.1	96831.4	-999.9
Sikasso	1983	2	6	37	17.1	34.6	22.0	-999.9	0.0	1.8	96710.4	-999.9
Sikasso	1983	2	7	38	17.8	34.9	21.4	-999.9	0.0	1.4	96553.5	-999.9
Sikasso	1983	2	8	39	21.9	34.2	19.4	-999.9	0.0	1.3	96517.1	-999.9
Sikasso	1983	2	9	40	20.8	31.0	13.3	-999.9	0.0	2.0	96734.7	-999.9
Sikasso	1983	2	10	41	21.0	34.0	20.6	-999.9	0.0	2.2	96718.0	-999.9
Sikasso	1983	2	11	42	19.6	35.9	21.9	-999.9	0.0	1.5	96552.0	-999.9
Sikasso	1983	2	12	43	21.2	34.2	21.3	-999.9	0.0	1.5	96640.2	-999.9
Sikasso	1983	2	13	44	21.2	34.7	21.4	-999.9	0.0	1.7	96713.6	-999.9
Sikasso	1983	2	14	45	22.6	32.4	18.7	-999.9	0.0	2.2	96814.0	-999.9
Sikasso	1983	2	15	46	23.0	34.4	20.4	-999.9	0.0	2.0	96944.3	-999.9
Sikasso	1983	2	16	47	23.4	36.3	22.3	-999.9	0.0	2.5	96859.0	-999.9
Sikasso	1983	2	17	48	21.4	37.1	22.6	-999.9	0.0	2.1	96783.1	-999.9
Sikasso	1983	2	18	49	20.2	37.3	22.6	-999.9	0.0	2.4	96805.4	-999.9
Sikasso	1983	2	19	50	21.9	37.4	22.8	-999.9	0.0	2.5	96827.4	-999.9
Sikasso	1983	2	20	51	20.2	36.3	20.1	-999.9	0.0	1.9	96894.9	-999.9
Sikasso	1983	2	21	52	22.2	37.3	22.7	-999.9	0.0	2.6	96851.6	-999.9
Sikasso	1983	2	22	53	20.0	36.6	23.5	-999.9	0.0	2.5	96836.6	-999.9
Sikasso	1983	2	23	54	18.7	35.9	24.2	-999.9	0.0	2.2	96841.2	-999.9
Sikasso	1983	2	24	55	17.9	36.5	23.9	-999.9	0.0	2.3	96810.7	-999.9
Sikasso	1983	2	25	56	20.6	37.6	23.4	-999.9	0.0	2.6	96764.2	-999.9
Sikasso	1983	2	26	57	21.6	36.6	23.9	-999.9	0.0	2.9	96889.2	-999.9
Sikasso	1983	2	27	58	21.8	34.9	23.5	-999.9	0.0	2.6	96952.3	-999.9
Sikasso	1983	2	28	59	19.5	35.2	24.0	-999.9	0.0	2.2	96900.3	-999.9
Sikasso	1983	3	1	60	21.7	35.2	22.4	-999.9	0.0	2.2	96863.8	-999.9
Sikasso	1983	3	2	61	22.0	33.4	20.6	-999.9	3.6	2.9	97109.5	-999.9
Sikasso	1983	3	3	62	21.0	31.4	19.2	-999.9	0.0	2.1	97162.2	-999.9
Sikasso	1983	3	4	63	22.0	31.8	17.4	-999.9	0.0	2.4	97062.2	-999.9
Sikasso	1983	3	5	64	22.4	34.7	20.8	-999.9	0.0	2.9	96962.1	-999.9
Sikasso	1983	3	6	65	23.3	35.0	23.1	-999.9	0.0	2.7	96887.8	-999.9
Sikasso	1983	3	7	66	21.7	36.1	24.0	-999.9	0.0	2.4	96834.4	-999.9
Sikasso	1983	3	8	67	23.0	37.0	23.9	-999.9	0.0	2.7	96834.6	-999.9
Sikasso	1983	3	9	68	23.1	36.6	23.6	-999.9	0.0	2.7	96862.9	-999.9
Sikasso	1983	3	10	69	23.5	36.7	24.5	-999.9	0.0	3.0	96897.3	-999.9
Sikasso	1983	3	11	70	22.1	36.4	24.7	-999.9	0.0	2.7	96881.1	-999.9
Sikasso	1983	3	12	71	21.4	36.1	24.6	-999.9	0.0	2.4	96856.3	-999.9
Sikasso	1983	3	13	72	20.9	36.0	24.8	-999.9	0.0	2.2	96790.5	-999.9
Sikasso	1983	3	14	73	19.6	36.4	24.9	-999.9	0.0	2.0	96761.3	-999.9
Sikasso	1983	3	15	74	21.0	37.6	24.9	-999.9	0.0	2.3	96698.6	-999.9
Sikasso	1983	3	16	75	21.5	37.7	25.1	-999.9	0.0	2.3	96620.8	-999.9
Sikasso	1983	3	17	76	21.7	37.3	25.3	-999.9	0.0	2.4	96734.8	-999.9
Sikasso	1983	3	18	77	21.1	37.2	25.2	-999.9	0.0	2.3	96785.3	-999.9
Sikasso	1983	3	19	78	20.9	37.7	25.3	-999.9	0.0	2.4	96702.0	-999.9
Sikasso	1983	3	20	79	21.1	37.8	24.6	-999.9	0.0	2.5	96634.3	-999.9
Sikasso	1983	3	21	80	21.1	38.5	25.6	-999.9	0.0	2.3	96564.4	-999.9
Sikasso	1983	3	22	81	24.7	38.1	25.3	-999.9	0.0	2.6	96590.3	-999.9
Sikasso	1983	3	23	82	21.0	38.2	25.7	-999.9	0.0	2.2	96487.4	-999.9
Sikasso	1983	3	24	83	20.3	38.3	24.8	-999.9	0.0	1.6	96537.9	-999.9
Sikasso	1983	3	25	84	23.7	39.1	24.3	-999.9	0.0	1.8	96544.7	-999.9
Sikasso	1983	3	26	85	23.7	39.7	25.7	-999.9	0.0	2.1	96405.7	-999.9
Sikasso	1983	3	27	86	21.7	39.0	25.0	-999.9	0.0	1.6	96303.9	-999.9
Sikasso	1983	3	28	87	27.4	38.5	23.9	-999.9	0.0	2.2	96311.8	-999.9
Sikasso	1983	3	29	88	26.7	38.9	24.5	-999.9	0.0	2.4	96309.4	-999.9
Sikasso	1983	3	30	89	23.1	37.2	25.1	-999.9	0.0	1.6	96438.0	-999.9
Sikasso	1983	3	31	90	22.9	37.1	25.3	-999.9	0.0	1.5	96453.0	-999.9
Sikasso	1983	4	1	91	23.6	37.7	24.3	-999.9	0.0	2.1	96432.8	-999.9
Sikasso	1983	4	2	92	26.5	35.7	21.2	-999.9	0.0	2.1	96567.6	-999.9
Sikasso	1983	4	3	93	24.1	34.7	22.3	-999.9	3.3	2.1	96668.6	-999.9
Sikasso	1983	4	4	94	24.6	31.7	13.0	-999.9	3.3	1.3	96809.1	-999.9
Sikasso	1983	4	5	95	24.3	36.7	20.6	-999.9	0.0	1.8	96661.0	-999.9
Sikasso	1983	4	6	96	26.5	39.8	24.2	-999.9	0.4	2.4	96464.5	-999.9
Sikasso	1983	4	7	97	24.5	39.2	25.0	-999.9	0.4	2.0	96460.6	-999.9
Sikasso	1983	4	8	98	22.5	39.5	24.7	-999.9	0.4	1.8	96448.4	-999.9
Sikasso	1983	4	9	99	24.6	39.9	26.0	-999.9	0.4	2.3	96455.3	-999.9
Sikasso	1983	4	10	100	23.9	39.8	25.9	-999.9	0.4	1.3	96414.4	-999.9
Sikasso	1983	4	11	101	26.1	38.4	23.8	-999.9	0.0	1.9	96420.1	-999.9
Sikasso	1983	4	12	102	26.6	37.6	23.2	-999.9	0.0	2.2	96536.2	-999.9
Sikasso	1983	4	13	103	24.7	34.7	18.0	-999.9	0.0	1.5	96713.0	-999.9
Sikasso	1983	4	14	104	24.8	36.2	22.0	-999.9	0.0	1.4	96641.2	-999.9
Sikasso	1983	4	15	105	24.4	35.6	19.8	-999.9	0.0	1.6	96655.7	-999.9
Sikasso	1983	4	16	106	26.2	35.9	21.6	-999.9	4.3	2.1	96613.9	-999.9
Sikasso	1983	4	17	107	26.3	37.6	22.4	-999.9	2.2	2.1	96504.4	-999.9
Sikasso	1983	4	18	108	24.8	37.2	22.1	-999.9	8.7	2.1	96445.4	-999.9
Sikasso	1983	4	19	109	25.3	37.1	22.3	-999.9	0.0	2.0	96542.1	-999.9
Sikasso	1983	4	20	110	24.4	36.7	22.3	-999.9	0.0	1.8	96713.8	-999.9
Sikasso	1983	4	21	111	26.6	39.2	23.3	-999.9	0.0	1.7	96632.9	-999.9
Sikasso	1983	4	22	112	28.5	38.9	21.6	-999.9	2.4	1.9	96522.9	-999.9
Sikasso	1983	4	23	113	26.7	37.6	21.0	-999.9	0.0	2.2	96528.9	-999.9
Sikasso	1983	4	24	114	24.1	35.0	18.1	-999.9	0.0	2.9	96518.9	-999.9
Sikasso	1983	4	25	115	25.6	36.7	22.6	-999.9	0.0	2.3	96533.5	-999.9
Sikasso	1983	4	26	116	24.3	35.7	20.9	-999.9	2.9	1.5	96600.2	-999.9
Sikasso	1983	4	27	117	23.8	34.3	17.3	-999.9	5.8	2.2	96690.9	-999.9
Sikasso	1983	4	28	118	24.8	37.1	23.8	-999.9	0.0	1.9	96606.2	-999.9
Sikasso	1983	4	29	119	26.3	38.9	24.5	-999.9	0.0	1.8	96556.3	-999.9
Sikasso	1983	4	30	120	26.9	39.5	24.2	-999.9	0.0	2.1	96541.1	-999.9
Sikasso	1983	5	1	121	25.2	37.4	21.8	-999.9	4.7	2.2	96524.2	-999.9
Sikasso	1983	5	2	122	25.1	35.4	19.1	-999.9	2.4	2.4	96574.7	-999.9
Sikasso	1983	5	3	123	25.2	36.3	22.9	-999.9	0.0	2.3	96551.3	-999.9
Sikasso	1983	5	4	124	27.2	35.5	21.7	-999.9	2.4	2.2	96643.6	-999.9
Sikasso	1983	5	5	125	25.9	36.5	22.9	-999.9	2.4	2.1	96727.8	-999.9
Sikasso	1983	5	6	126	25.5	36.3	22.9	-999.9	0.0	2.2	96681.1	-999.9
Sikasso	1983	5	7	127	25.7	35.1	22.7	-999.9	1.7	2.0	96616.3	-999.9
Sikasso	1983	5	8	128	25.4	35.7	23.2	-999.9	0.0	2.1	96652.6	-999.9
Sikasso	1983	5	9	129	26.4	36.9	23.8	-999.9	3.4	2.0	96693.8	-999.9
Sikasso	1983	5	10	130	25.3	35.6	22.4	-999.9	0.0	2.7	96663.6	-999.9
Sikasso	1983	5	11	131	26.2	36.2	23.0	-999.9	1.9	2.7	96526.4	-999.9
Sikasso	1983	5	12	132	25.8	35.3	21.5	-999.9	5.6	2.3	96588.7	-999.9
Sikasso	1983	5	13	133	24.6	35.9	21.3	-999.9	1.9	1.6	96715.3	-999.9
Sikasso	1983	5	14	134	26.5	34.6	19.0	-999.9	2.1	2.1	96661.9	-999.9
Sikasso	1983	5	15	135	24.1	32.3	20.7	-999.9	1.9	2.1	96647.7	-999.9
Sikasso	1983	5	16	136	24.7	35.3	23.5	-999.9	0.0	1.8	96588.2	-999.9
Sikasso	1983	5	17	137	24.9	36.6	24.0	-999.9	0.0	2.1	96591.3	-999.9
Sikasso	1983	5	18	138	26.3	34.6	21.8	-999.9	0.0	2.0	96658.7	-999.9
Sikasso	1983	5	19	139	25.0	33.8	20.8	-999.9	0.0	2.3	96651.8	-999.9
Sikasso	1983	5	20	140	24.4	36.6	24.2	-999.9	0.0	2.0	96599.2	-999.9
Sikasso	1983	5	21	141	23.3	35.7	19.3	-999.9	7.1	1.7	96620.0	-999.9
Sikasso	1983	5	22	142	25.3	34.7	20.9	-999.9	0.0	2.0	96706.1	-999.9
Sikasso	1983	5	23	143	25.4	36.2	23.5	-999.9	0.0	1.8	96671.6	-999.9
Sikasso	1983	5	24	144	24.8	33.2	18.8	-999.9	0.0	2.5	96673.0	-999.9
Sikasso	1983	5	25	145	25.2	34.5	22.3	-999.9	0.0	2.0	96622.3	-999.9
Sikasso	1983	5	26	146	25.6	34.3	22.6	-999.9	8.1	2.0	96670.0	-999.9
Sikasso	1983	5	27	147	24.0	32.7	20.9	-999.9	0.0	1.1	96820.3	-999.9
Sikasso	1983	5	28	148	24.4	30.7	15.4	-999.9	16.2	1.8	96769.2	-999.9
Sikasso	1983	5	29	149	24.2	33.3	22.5	-999.9	0.0	2.2	96615.8	-999.9
Sikasso	1983	5	30	150	24.9	33.4	21.7	-999.9	0.0	1.8	96586.5	-999.9
Sikasso	1983	5	31	151	23.8	33.8	22.2	-999.9	16.2	1.8	96631.5	-999.9
Sikasso	1983	6	1	152	24.6	32.2	18.1	-999.9	17.1	2.1	96708.7	-999.9
Sikasso	1983	6	2	153	23.9	30.4	16.4	-999.9	0.0	1.9	96819.2	-999.9
Sikasso	1983	6	3	154	23.0	33.3	21.0	-999.9	0.0	1.9	96747.7	-999.9
Sikasso	1983	6	4	155	24.9	32.3	19.8	-999.9	0.0	2.1	96770.6	-999.9
Sikasso	1983	6	5	156	23.9	33.7	24.5	-999.9	0.0	1.7	96790.2	-999.9
Sikasso	1983	6	6	157	25.1	33.2	22.5	-999.9	14.0	1.9	96662.7	-999.9
Sikasso	1983	6	7	158	23.8	33.5	22.5	-999.9	0.0	1.7	96640.1	-999.9
Sikasso	1983	6	8	159	24.7	34.1	23.7	-999.9	0.0	1.5	96726.8	-999.9
Sikasso	1983	6	9	160	23.1	35.0	22.3	-999.9	0.0	2.1	96744.9	-999.9
Sikasso	1983	6	10	161	25.6	32.8	21.0	-999.9	0.0	2.3	96798.8	-999.9
Sikasso	1983	6	11	162	23.6	33.0	20.3	-999.9	21.8	2.0	96879.3	-999.9
Sikasso	1983	6	12	163	23.5	30.7	15.3	-999.9	0.0	1.8	96943.5	-999.9
Sikasso	1983	6	13	164	22.4	32.6	22.3	-999.9	0.0	1.7	96969.6	-999.9
Sikasso	1983	6	14	165	23.5	33.4	21.4	-999.9	0.0	2.8	96861.6	-999.9
Sikasso	1983	6	15	166	23.8	33.5	21.5	-999.9	10.9	2.7	96942.5	-999.9
Sikasso	1983	6	16	167	23.6	32.5	21.5	-999.9	0.0	2.2	96986.9	-999.9
Sikasso	1983	6	17	168	22.6	28.0	13.4	-999.9	0.0	1.5	97083.6	-999.9
Sikasso	1983	6	18	169	22.5	30.5	20.4	-999.9	0.0	1.6	97119.1	-999.9
Sikasso	1983	6	19	170	22.3	30.1	20.0	-999.9	27.4	1.6	97114.0	-999.9
Sikasso	1983	6	20	171	22.6	29.9	18.4	-999.9	0.0	1.6	97151.8	-999.9
Sikasso	1983	6	21	172	22.7	29.3	16.7	-999.9	0.0	1.9	97230.1	-999.9
Sikasso	1983	6	22	173	22.1	30.2	18.2	-999.9	5.9	1.7	97069.9	-999.9
Sikasso	1983	6	23	174	23.6	31.0	21.5	-999.9	0.0	2.1	96864.2	-999.9
Sikasso	1983	6	24	175	22.8	29.4	16.6	-999.9	0.0	2.5	96888.5	-999.9
Sikasso	1983	6	25	176	22.8	29.3	16.8	-999.9	11.7	2.1	97046.4	-999.9
Sikasso	1983	6	26	177	22.6	29.5	19.4	-999.9	0.0	1.9	97139.1	-999.9
Sikasso	1983	6	27	178	22.7	30.5	22.1	-999.9	0.0	1.6	97050.5	-999.9
Sikasso	1983	6	28	179	22.6	31.6	22.3	-999.9	0.0	2.3	96882.5	-999.9
Sikasso	1983	6	29	180	22.5	30.5	17.5	-999.9	13.4	2.2	96855.8	-999.9
Sikasso	1983	6	30	181	23.4	31.3	21.2	-999.9	0.0	2.4	96860.2	-999.9
Sikasso	1983	7	1	182	23.6	31.6	23.5	-999.9	7.2	2.0	96936.6	-999.9
Sikasso	1983	7	2	183	23.6	30.0	16.9	-999.9	0.0	2.3	96890.8	-999.9
Sikasso	1983	7	3	184	23.7	31.5	21.8	-999.9	7.2	2.3	96840.8	-999.9
Sikasso	1983	7	4	185	22.8	29.8	18.3	-999.9	7.2	2.0	96887.4	-999.9
Sikasso	1983	7	5	186	21.9	30.2	18.2	-999.9	14.4	1.4	96910.5	-999.9
Sikasso	1983	7	6	187	22.2	30.0	17.8	-999.9	0.0	1.8	96969.1	-999.9
Sikasso	1983	7	7	188	23.1	30.5	21.4	-999.9	0.0	1.7	96898.3	-999.9
Sikasso	1983	7	8	189	21.9	28.3	13.7	-999.9	26.7	1.9	96901.6	-999.9
Sikasso	1983	7	9	190	22.4	30.2	21.5	-999.9	0.0	1.5	96901.6	-999.9
Sikasso	1983	7	10	191	22.7	30.9	22.7	-999.9	0.0	1.3	96878.9	-999.9
Sikasso	1983	7	11	192	23.7	30.0	19.2	-999.9	19.7	1.9	96791.9	-999.9
Sikasso	1983	7	12	193	22.6	29.5	15.0	-999.9	6.6	2.2	96939.1	-999.9
Sikasso	1983	7	13	194	21.7	29.3	19.8	-999.9	0.0	1.5	97052.3	-999.9
Sikasso	1983	7	14	195	21.7	30.5	21.6	-999.9	6.6	1.6	96999.7	-999.9
Sikasso	1983	7	15	196	23.0	28.7	15.3	-999.9	0.0	2.2	96939.1	-999.9
Sikasso	1983	7	16	197	22.4	30.1	20.5	-999.9	0.0	2.0	96892.7	-999.9
Sikasso	1983	7	17	198	21.7	29.5	15.6	-999.9	14.1	2.1	96849.6	-999.9
Sikasso	1983	7	18	199	22.1	26.7	9.9	-999.9	0.0	2.2	96998.1	-999.9
Sikasso	1983	7	19	200	20.9	28.5	15.0	-999.9	0.0	2.0	97125.6	-999.9
Sikasso	1983	7	20	201	23.0	29.9	21.0	-999.9	0.0	1.4	96979.9	-999.9
Sikasso	1983	7	21	202	22.0	29.8	18.5	-999.9	20.2	1.5	96979.9	-999.9
Sikasso	1983	7	22	203	22.4	30.4	21.2	-999.9	13.4	1.5	97057.5	-999.9
Sikasso	1983	7	23	204	22.9	30.7	20.8	-999.9	0.0	1.7	96997.3	-999.9
Sikasso	1983	7	24	205	23.8	30.4	20.3	-999.9	13.4	2.1	96884.2	-999.9
Sikasso	1983	7	25	206	22.4	29.6	16.9	-999.9	6.7	2.1	96883.4	-999.9
Sikasso	1983	7	26	207	22.4	29.5	18.5	-999.9	0.0	2.2	96895.8	-999.9
Sikasso	1983	7	27	208	22.9	29.2	17.6	-999.9	0.0	2.1	96908.1	-999.9
Sikasso	1983	7	28	209	22.0	29.6	19.3	-999.9	7.2	1.9	96943.4	-999.9
Sikasso	1983	7	29	210	22.8	29.9	21.8	-999.9	7.2	2.0	96927.4	-999.9
Sikasso	1983	7	30	211	22.8	29.6	19.1	-999.9	7.2	2.2	96930.6	-999.9
Sikasso	1983	7	31	212	22.8	28.9	16.0	-999.9	8.2	2.3	96993.3	-999.9
Sikasso	1983	8	1	213	21.7	26.6	14.3	-999.9	0.0	1.9	97128.8	-999.9
Sikasso	1983	8	2	214	21.9	30.2	19.1	-999.9	0.0	1.4	97016.3	-999.9
Sikasso	1983	8	3	215	22.9	30.2	19.1	-999.9	0.0	2.2	96970.5	-999.9
Sikasso	1983	8	4	216	22.2	28.8	15.9	-999.9	16.2	2.1	97047.6	-999.9
Sikasso	1983	8	5	217	23.0	29.3	19.6	-999.9	8.1	1.8	97075.0	-999.9
Sikasso	1983	8	6	218	21.8	27.9	15.7	-999.9	0.0	1.8	97060.4	-999.9
Sikasso	1983	8	7	219	22.6	28.4	14.8	-999.9	36.5	1.9	96982.3	-999.9
Sikasso	1983	8	8	220	22.5	29.6	19.2	-999.9	9.1	1.9	97005.1	-999.9
Sikasso	1983	8	9	221	22.0	28.4	16.7	-999.9	9.1	1.7	97230.4	-999.9
Sikasso	1983	8	10	222	21.6	30.1	18.1	-999.9	0.0	1.5	97176.2	-999.9
Sikasso	1983	8	11	223	23.1	30.0	18.9	-999.9	7.4	2.7	96970.6	-999.9
Sikasso	1983	8	12	224	22.0	27.8	14.2	-999.9	29.7	2.2	96900.1	-999.9
Sikasso	1983	8	13	225	22.5	28.5	18.7	-999.9	0.0	2.3	97138.0	-999.9
Sikasso	1983	8	14	226	21.4	28.9	16.0	-999.9	7.4	2.0	97212.0	-999.9
Sikasso	1983	8	15	227	22.1	29.1	18.4	-999.9	0.0	1.8	97136.8	-999.9
Sikasso	1983	8	16	228	22.1	29.4	19.8	-999.9	0.0	1.5	97049.3	-999.9
Sikasso	1983	8	17	229	23.1	29.9	19.7	-999.9	0.0	2.3	96955.3	-999.9
Sikasso	1983	8	18	230	22.4	29.5	18.4	-999.9	0.0	2.4	97002.1	-999.9
Sikasso	1983	8	19	231	22.3	29.8	17.8	-999.9	0.0	1.7	97091.6	-999.9
Sikasso	1983	8	20	232	21.9	29.8	18.9	-999.9	0.0	1.1	97084.8	-999.9
Sikasso	1983	8	21	233	22.5	29.6	17.9	-999.9	14.3	1.8	96960.2	-999.9
Sikasso	1983	8	22	234	21.8	29.5	20.6	-999.9	0.0	2.0	96971.2	-999.9
Sikasso	1983	8	23	235	21.4	29.2	19.5	-999.9	0.0	2.1	97028.1	-999.9
Sikasso	1983	8	24	236	21.4	29.8	22.0	-999.9	0.0	1.3	97064.9	-999.9
Sikasso	1983	8	25	237	22.5	30.8	21.8	-999.9	0.0	1.3	96963.9	-999.9
Sikasso	1983	8	26	238	22.7	29.5	19.1	-999.9	6.1	1.8	97007.9	-999.9
Sikasso	1983	8	27	239	22.9	29.2	18.3	-999.9	0.0	1.9	97057.3	-999.9
Sikasso	1983	8	28	240	22.3	29.8	21.2	-999.9	6.1	1.5	97076.4	-999.9
Sikasso	1983	8	29	241	22.1	30.6	21.8	-999.9	0.0	1.4	96915.0	-999.9
Sikasso	1983	8	30	242	22.2	30.3	19.6	-999.9	12.2	1.4	96991.2	-999.9
Sikasso	1983	8	31	243	22.4	30.1	20.4	-999.9	7.0	1.3	97020.9	-999.9
Sikasso	1983	9	1	244	21.4	31.2	21.1	-999.9	0.0	1.6	96914.1	-999.9
Sikasso	1983	9	2	245	23.8	31.3	19.3	-999.9	7.4	1.8	96897.4	-999.9
Sikasso	1983	9	3	246	22.5	30.3	19.4	-999.9	0.0	1.7	97016.9	-999.9
Sikasso	1983	9	4	247	22.1	30.1	21.7	-999.9	0.0	1.3	96995.0	-999.9
Sikasso	1983	9	5	248	23.1	31.5	23.0	-999.9	7.4	1.6	96840.4	-999.9
Sikasso	1983	9	6	249	23.2	29.3	17.0	-999.9	14.2	1.6	96758.8	-999.9
Sikasso	1983	9	7	250	22.0	29.1	18.1	-999.9	7.1	2.1	96883.9	-999.9
Sikasso	1983	9	8	251	22.2	30.2	20.8	-999.9	14.2	1.3	96927.5	-999.9
Sikasso	1983	9	9	252	22.6	31.1	20.1	-999.9	14.2	1.0	96889.4	-999.9
Sikasso	1983	9	10	253	23.0	29.8	17.1	-999.9	7.1	1.5	96912.9	-999.9
Sikasso	1983	9	11	254	22.2	30.0	21.3	-999.9	12.7	1.4	96977.7	-999.9
Sikasso	1983	9	12	255	22.1	29.8	15.5	-999.9	0.0	1.4	96935.8	-999.9
Sikasso	1983	9	13	256	21.9	30.8	21.8	-999.9	21.8	1.5	96957.6	-999.9
Sikasso	1983	9	14	257	22.4	29.3	16.3	-999.9	0.0	2.0	97066.0	-999.9
Sikasso	1983	9	15	258	21.5	29.8	19.1	-999.9	0.0	1.4	97095.0	-999.9
Sikasso	1983	9	16	259	21.6	27.3	12.5	-999.9	12.4	1.7	96953.2	-999.9
Sikasso	1983	9	17	260	21.2	29.3	19.0	-999.9	0.0	1.1	96913.6	-999.9
Sikasso	1983	9	18	261	21.4	29.7	19.3	-999.9	0.0	1.7	96865.3	-999.9
Sikasso	1983	9	19	262	22.2	29.3	19.5	-999.9	0.0	1.7	96927.6	-999.9
Sikasso	1983	9	20	263	21.8	30.4	21.2	-999.9	0.0	1.0	96969.5	-999.9
Sikasso	1983	9	21	264	22.2	31.1	22.3	-999.9	0.0	1.4	96916.2	-999.9
Sikasso	1983	9	22	265	22.6	30.6	21.7	-999.9	18.5	1.6	96886.9	-999.9
Sikasso	1983	9	23	266	21.6	28.8	18.6	-999.9	0.0	1.3	96927.1	-999.9
Sikasso	1983	9	24	267	21.7	31.1	22.1	-999.9	0.0	1.5	96933.1	-999.9
Sikasso	1983	9	25	268	22.1	31.3	22.8	-999.9	9.2	1.2	96903.5	-999.9
Sikasso	1983	9	26	269	23.3	30.5	21.3	-999.9	0.0	2.2	96851.1	-999.9
Sikasso	1983	9	27	270	22.0	29.5	19.6	-999.9	11.5	1.4	96938.7	-999.9
Sikasso	1983	9	28	271	22.1	29.2	19.4	-999.9	10.1	1.5	96972.0	-999.9
Sikasso	1983	9	29	272	21.2	30.5	21.3	-999.9	10.1	0.9	97036.7	-999.9
Sikasso	1983	9	30	273	21.7	31.3	21.3	-999.9	10.1	1.0	97021.1	-999.9
Sikasso	1983	10	1	274	23.2	31.0	19.9	-999.9	4.4	1.5	97009.3	-999.9
Sikasso	1983	10	2	275	22.9	30.1	20.4	-999.9	0.0	1.8	97011.0	-999.9
Sikasso	1983	10	3	276	22.3	30.6	21.6	-999.9	8.7	1.6	96994.1	-999.9
Sikasso	1983	10	4	277	22.7	30.3	20.0	-999.9	0.0	1.6	96989.0	-999.9
Sikasso	1983	10	5	278	21.4	31.0	21.5	-999.9	4.4	1.1	97115.2	-999.9
Sikasso	1983	10	6	279	22.0	32.8	21.7	-999.9	0.0	1.4	97088.2	-999.9
Sikasso	1983	10	7	280	21.8	34.4	22.9	-999.9	0.0	1.6	96842.1	-999.9
Sikasso	1983	10	8	281	22.6	33.7	22.9	-999.9	0.0	1.9	96730.9	-999.9
Sikasso	1983	10	9	282	22.1	33.9	22.1	-999.9	0.0	1.6	96696.0	-999.9
Sikasso	1983	10	10	283	22.1	33.6	21.4	-999.9	0.0	1.8	96786.8	-999.9
Sikasso	1983	10	11	284	21.8	34.4	21.7	-999.9	0.0	1.5	96859.4	-999.9
Sikasso	1983	10	12	285	22.7	34.8	22.8	-999.9	0.0	1.5	96820.2	-999.9
Sikasso	1983	10	13	286	23.1	33.8	21.5	-999.9	0.0	1.6	96769.0	-999.9
Sikasso	1983	10	14	287	23.0	33.6	21.8	-999.9	0.0	1.3	96749.9	-999.9
Sikasso	1983	10	15	288	22.6	33.6	21.3	-999.9	0.0	1.7	96770.5	-999.9
Sikasso	1983	10	16	289	21.9	32.7	20.5	-999.9	0.0	1.2	96774.5	-999.9
Sikasso	1983	10	17	290	23.2	34.4	21.2	-999.9	0.0	1.3	96750.5	-999.9
Sikasso	1983	10	18	291	22.0	33.8	21.4	-999.9	0.0	1.3	96698.7	-999.9
Sikasso	1983	10	19	292	22.3	33.3	20.6	-999.9	0.0	1.4	96770.9	-999.9
Sikasso	1983	10	20	293	22.7	33.5	20.5	-999.9	0.0	1.3	96801.3	-999.9
Sikasso	1983	10	21	294	22.9	33.0	20.6	-999.9	0.0	1.6	96759.1	-999.9
Sikasso	1983	10	22	295	23.3	32.6	19.5	-999.9	0.0	1.4	96802.8	-999.9
Sikasso	1983	10	23	296	23.1	32.4	19.9	-999.9	13.8	1.7	96887.9	-999.9
Sikasso	1983	10	24	297	22.2	31.5	18.5	-999.9	13.8	1.3	96866.8	-999.9
Sikasso	1983	10	25	298	20.6	33.6	21.9	-999.9	0.0	1.6	96804.3	-999.9
Sikasso	1983	10	26	299	20.9	33.6	20.5	-999.9	0.0	1.2	96942.0	-999.9
Sikasso	1983	10	27	300	21.4	34.7	21.7	-999.9	0.0	1.1	96950.7	-999.9
Sikasso	1983	10	28	301	20.9	35.4	22.7	-999.9	0.0	1.3	96833.0	-999.9
Sikasso	1983	10	29	302	20.4	33.7	21.6	-999.9	0.0	1.6	96752.5	-999.9
Sikasso	1983	10	30	303	23.0	32.8	19.2	-999.9	0.0	1.7	96876.3	-999.9
Sikasso	1983	10	31	304	23.0	33.4	19.8	-999.9	0.0	1.3	96983.5	-999.9
Sikasso	1983	11	1	305	19.0	35.3	22.9	-999.9	0.0	1.5	96961.3	-999.9
Sikasso	1983	11	2	306	19.5	34.7	22.9	-999.9	0.0	0.7	96881.4	-999.9
Sikasso	1983	11	3	307	19.1	35.2	22.8	-999.9	0.0	0.9	96855.5	-999.9
Sikasso	1983	11	4	308	20.6	33.6	20.3	-999.9	0.0	1.6	96946.7	-999.9
Sikasso	1983	11	5	309	24.3	33.1	19.1	-999.9	4.6	1.4	96976.7	-999.9
Sikasso	1983	11	6	310	24.0	33.0	18.5	-999.9	0.0	1.5	96919.4	-999.9
Sikasso	1983	11	7	311	22.9	34.6	19.8	-999.9	0.0	1.2	96836.2	-999.9
Sikasso	1983	11	8	312	20.8	35.0	21.8	-999.9	0.0	1.2	96771.1	-999.9
Sikasso	1983	11	9	313	22.7	33.6	19.2	-999.9	0.0	1.3	96842.0	-999.9
Sikasso	1983	11	10	314	22.4	35.4	21.2	-999.9	0.0	1.7	96918.9	-999.9
Sikasso	1983	11	11	315	19.0	35.9	22.3	-999.9	0.0	1.8	96887.4	-999.9
Sikasso	1983	11	12	316	18.9	34.3	21.3	-999.9	0.0	1.5	96815.4	-999.9
Sikasso	1983	11	13	317	20.2	34.4	21.3	-999.9	0.0	1.5	96885.4	-999.9
Sikasso	1983	11	14	318	18.3	34.8	22.1	-999.9	0.0	1.8	96982.4	-999.9
Sikasso	1983	11	15	319	17.8	34.4	21.8	-999.9	0.0	1.6	97004.0	-999.9
Sikasso	1983	11	16	320	18.4	34.1	21.0	-999.9	0.0	1.6	96974.1	-999.9
Sikasso	1983	11	17	321	18.8	35.2	21.5	-999.9	0.0	1.8	96918.1	-999.9
Sikasso	1983	11	18	322	19.6	35.2	21.0	-999.9	0.0	1.7	96877.2	-999.9
Sikasso	1983	11	19	323	19.8	34.2	20.0	-999.9	0.0	1.8	96884.9	-999.9
Sikasso	1983	11	20	324	19.9	34.5	21.0	-999.9	0.0	1.6	96972.3	-999.9
Sikasso	1983	11	21	325	17.9	34.3	21.5	-999.9	0.0	1.6	96939.0	-999.9
Sikasso	1983	11	22	326	17.2	33.9	20.6	-999.9	0.0	1.6	96787.9	-999.9
Sikasso	1983	11	23	327	19.0	32.0	18.3	-999.9	0.0	1.4	96859.1	-999.9
Sikasso	1983	11	24	328	20.3	33.7	19.3	-999.9	0.0	1.8	96976.2	-999.9
Sikasso	1983	11	25	329	18.2	34.2	20.7	-999.9	0.0	1.9	97004.9	-999.9
Sikasso	1983	11	26	330	18.7	34.0	20.8	-999.9	0.0	2.0	96921.6	-999.9
Sikasso	1983	11	27	331	17.4	33.8	20.2	-999.9	0.0	1.5	96875.8	-999.9
Sikasso	1983	11	28	332	18.3	33.3	20.4	-999.9	0.0	1.7	96847.2	-999.9
Sikasso	1983	11	29	333	19.0	32.2	19.5	-999.9	0.6	1.9	96910.7	-999.9
Sikasso	1983	11	30	334	16.7	31.5	20.1	-999.9	1.1	1.6	96950.3	-999.9
Sikasso	1983	12	1	335	15.2	31.9	21.0	-999.9	0.0	1.5	96911.4	-999.9
Sikasso	1983	12	2	336	16.2	32.6	20.7	-999.9	0.0	1.8	96850.8	-999.9
Sikasso	1983	12	3	337	18.6	32.2	19.7	-999.9	0.0	1.1	96881.0	-999.9
Sikasso	1983	12	4	338	20.1	31.9	16.0	-999.9	0.6	1.0	96910.2	-999.9
Sikasso	1983	12	5	339	20.4	30.6	12.2	-999.9	0.6	1.7	96890.3	-999.9
Sikasso	1983	12	6	340	18.6	33.2	19.6	-999.9	0.0	2.0	96823.1	-999.9
Sikasso	1983	12	7	341	18.7	33.5	20.4	-999.9	0.0	2.1	96844.0	-999.9
Sikasso	1983	12	8	342	18.4	33.7	20.2	-999.9	0.0	2.2	96880.9	-999.9
Sikasso	1983	12	9	343	19.1	32.8	20.4	-999.9	0.0	2.4	96866.5	-999.9
Sikasso	1983	12	10	344	17.4	32.0	20.5	-999.9	0.0	2.0	96858.5	-999.9
Sikasso	1983	12	11	345	15.5	31.8	20.1	-999.9	0.0	1.7	96903.1	-999.9
Sikasso	1983	12	12	346	16.5	32.3	20.2	-999.9	0.0	1.9	96985.0	-999.9
Sikasso	1983	12	13	347	16.6	32.8	20.2	-999.9	0.0	1.9	96899.1	-999.9
Sikasso	1983	12	14	348	20.0	32.5	19.0	-999.9	0.0	1.8	96840.9	-999.9
Sikasso	1983	12	15	349	15.9	32.8	20.3	-999.9	0.0	1.7	96883.7	-999.9
Sikasso	1983	12	16	350	16.6	33.7	20.1	-999.9	0.0	1.7	96856.1	-999.9
Sikasso	1983	12	17	351	17.3	33.5	20.2	-999.9	0.0	1.7	96868.4	-999.9
Sikasso	1983	12	18	352	16.3	33.9	20.3	-999.9	0.0	1.9	96894.7	-999.9
Sikasso	1983	12	19	353	17.7	33.0	20.1	-999.9	0.0	2.0	96908.8	-999.9
Sikasso	1983	12	20	354	17.0	33.2	20.3	-999.9	0.0	1.9	96931.1	-999.9
Sikasso	1983	12	21	355	16.4	33.6	20.2	-999.9	0.0	1.7	96926.2	-999.9
Sikasso	1983	12	22	356	16.9	34.2	20.2	-999.9	0.0	2.0	96879.2	-999.9
Sikasso	1983	12	23	357	17.8	33.8	19.8	-999.9	0.0	1.9	96934.2	-999.9
Sikasso	1983	12	24	358	17.9	33.3	20.4	-999.9	0.0	2.1	97041.1	-999.9
Sikasso	1983	12	25	359	17.3	32.1	20.7	-999.9	0.0	2.2	97037.4	-999.9
Sikasso	1983	12	26	360	16.3	32.2	20.7	-999.9	0.0	2.2	97074.8	-999.9
Sikasso	1983	12	27	361	16.0	31.8	20.6	-999.9	0.0	2.4	97112.7	-999.9
Sikasso	1983	12	28	362	16.0	31.7	20.5	-999.9	0.0	2.2	97015.3	-999.9
Sikasso	1983	12	29	363	16.1	32.4	20.3	-999.9	0.0	1.6	97011.0	-999.9
Sikasso	1983	12	30	364	16.6	31.6	20.0	-999.9	0.0	2.1	97052.5	-999.9
Sikasso	1983	12	31	365	14.8	30.3	20.4	-999.9	0.0	2.0	96981.2	-999.9
