Sikasso	2013	1	1	1	13.0	28.7	21.1	-999.9	0.0	2.3	96994.6	-999.9
Sikasso	2013	1	2	2	11.7	29.9	21.0	-999.9	0.0	1.9	97041.3	-999.9
Sikasso	2013	1	3	3	13.9	31.1	20.8	-999.9	0.0	2.2	97164.0	-999.9
Sikasso	2013	1	4	4	14.6	30.0	20.8	-999.9	0.0	2.5	97313.2	-999.9
Sikasso	2013	1	5	5	11.7	28.2	21.2	-999.9	0.0	2.2	97246.4	-999.9
Sikasso	2013	1	6	6	10.2	28.0	20.9	-999.9	0.0	1.8	97149.8	-999.9
Sikasso	2013	1	7	7	10.3	30.0	20.8	-999.9	0.0	1.6	97122.3	-999.9
Sikasso	2013	1	8	8	13.7	32.2	20.8	-999.9	0.0	2.1	97086.1	-999.9
Sikasso	2013	1	9	9	16.2	33.0	20.8	-999.9	0.4	2.1	97045.6	-999.9
Sikasso	2013	1	10	10	15.8	32.8	20.8	-999.9	0.0	2.2	97012.7	-999.9
Sikasso	2013	1	11	11	16.7	32.7	20.8	-999.9	0.0	2.1	96887.0	-999.9
Sikasso	2013	1	12	12	16.2	31.9	21.4	-999.9	0.0	2.4	96860.3	-999.9
Sikasso	2013	1	13	13	14.5	32.6	21.0	-999.9	0.0	2.3	96787.3	-999.9
Sikasso	2013	1	14	14	14.6	32.7	21.4	-999.9	0.0	2.1	96716.4	-999.9
Sikasso	2013	1	15	15	14.4	32.8	21.4	-999.9	0.0	2.2	96785.9	-999.9
Sikasso	2013	1	16	16	15.5	32.4	21.3	-999.9	0.0	2.4	96895.0	-999.9
Sikasso	2013	1	17	17	15.7	32.0	20.9	-999.9	0.0	2.3	97007.8	-999.9
Sikasso	2013	1	18	18	14.7	32.5	21.5	-999.9	0.0	2.1	96937.2	-999.9
Sikasso	2013	1	19	19	14.6	33.4	21.5	-999.9	0.0	1.6	96825.7	-999.9
Sikasso	2013	1	20	20	15.8	33.7	21.5	-999.9	0.0	2.0	96773.1	-999.9
Sikasso	2013	1	21	21	15.7	34.2	21.5	-999.9	0.0	1.9	96776.5	-999.9
Sikasso	2013	1	22	22	16.9	34.7	21.3	-999.9	0.0	1.7	96811.0	-999.9
Sikasso	2013	1	23	23	17.2	34.8	21.2	-999.9	0.0	1.7	96851.0	-999.9
Sikasso	2013	1	24	24	18.6	34.8	20.6	-999.9	0.0	1.9	96828.1	-999.9
Sikasso	2013	1	25	25	19.6	34.2	21.0	-999.9	0.0	1.8	96876.7	-999.9
Sikasso	2013	1	26	26	19.3	31.5	18.5	-999.9	0.0	2.6	97018.8	-999.9
Sikasso	2013	1	27	27	19.1	31.1	21.0	-999.9	0.0	3.5	97166.2	-999.9
Sikasso	2013	1	28	28	19.0	32.2	20.0	-999.9	0.0	2.2	97203.7	-999.9
Sikasso	2013	1	29	29	19.7	32.9	20.3	-999.9	0.0	2.1	97079.1	-999.9
Sikasso	2013	1	30	30	19.0	33.7	21.6	-999.9	0.0	2.6	96960.9	-999.9
Sikasso	2013	1	31	31	20.8	33.7	21.7	-999.9	0.0	2.9	97022.1	-999.9
Sikasso	2013	2	1	32	18.2	30.9	22.2	-999.9	0.0	2.7	97118.4	-999.9
Sikasso	2013	2	2	33	15.2	30.6	22.8	-999.9	0.0	2.2	96975.8	-999.9
Sikasso	2013	2	3	34	13.5	31.6	22.7	-999.9	0.0	1.9	96785.1	-999.9
Sikasso	2013	2	4	35	16.1	33.0	22.3	-999.9	0.0	2.3	96808.5	-999.9
Sikasso	2013	2	5	36	17.6	33.8	22.1	-999.9	0.0	2.6	96875.3	-999.9
Sikasso	2013	2	6	37	17.3	33.6	22.3	-999.9	0.0	2.2	96892.7	-999.9
Sikasso	2013	2	7	38	17.3	34.9	22.4	-999.9	0.0	2.0	96782.8	-999.9
Sikasso	2013	2	8	39	17.8	35.2	22.5	-999.9	4.2	1.9	96700.6	-999.9
Sikasso	2013	2	9	40	19.2	35.4	21.8	-999.9	0.0	2.1	96649.0	-999.9
Sikasso	2013	2	10	41	19.5	35.7	22.4	-999.9	0.0	2.4	96690.9	-999.9
Sikasso	2013	2	11	42	19.4	36.5	22.7	-999.9	0.0	2.3	96671.9	-999.9
Sikasso	2013	2	12	43	21.2	36.2	22.6	-999.9	0.0	2.4	96657.5	-999.9
Sikasso	2013	2	13	44	19.9	36.2	22.8	-999.9	0.0	2.5	96694.0	-999.9
Sikasso	2013	2	14	45	18.7	36.0	23.1	-999.9	0.0	2.3	96670.1	-999.9
Sikasso	2013	2	15	46	17.7	36.0	23.2	-999.9	0.0	2.0	96665.5	-999.9
Sikasso	2013	2	16	47	18.1	36.8	23.2	-999.9	0.0	2.1	96660.3	-999.9
Sikasso	2013	2	17	48	18.7	36.9	23.3	-999.9	0.0	2.2	96626.7	-999.9
Sikasso	2013	2	18	49	18.0	35.8	23.4	-999.9	0.0	1.6	96596.5	-999.9
Sikasso	2013	2	19	50	19.0	36.5	23.3	-999.9	0.0	1.4	96601.7	-999.9
Sikasso	2013	2	20	51	19.2	36.0	23.4	-999.9	0.0	1.9	96687.3	-999.9
Sikasso	2013	2	21	52	19.0	35.5	23.5	-999.9	0.0	2.0	96755.7	-999.9
Sikasso	2013	2	22	53	19.9	35.5	22.6	-999.9	0.0	1.8	96687.5	-999.9
Sikasso	2013	2	23	54	20.2	37.1	22.8	-999.9	0.0	1.9	96602.2	-999.9
Sikasso	2013	2	24	55	22.9	37.4	22.5	-999.9	0.0	2.0	96546.1	-999.9
Sikasso	2013	2	25	56	20.6	37.7	23.8	-999.9	0.0	1.9	96582.1	-999.9
Sikasso	2013	2	26	57	20.8	37.4	23.4	-999.9	0.0	1.5	96616.2	-999.9
Sikasso	2013	2	27	58	24.4	37.2	22.3	-999.9	0.0	2.0	96641.1	-999.9
Sikasso	2013	2	28	59	25.5	37.3	21.8	-999.9	0.0	1.5	96631.0	-999.9
Sikasso	2013	3	1	60	26.4	36.4	20.7	-999.9	0.0	2.3	96564.2	-999.9
Sikasso	2013	3	2	61	25.6	37.8	21.5	-999.9	0.0	1.6	96601.5	-999.9
Sikasso	2013	3	3	62	22.1	38.4	22.9	-999.9	0.0	1.7	96642.9	-999.9
Sikasso	2013	3	4	63	24.0	37.6	21.7	-999.9	0.0	2.1	96594.6	-999.9
Sikasso	2013	3	5	64	25.9	36.8	21.7	-999.9	0.0	2.1	96701.4	-999.9
Sikasso	2013	3	6	65	27.0	38.6	21.5	-999.9	0.0	1.6	96619.2	-999.9
Sikasso	2013	3	7	66	26.6	40.1	24.3	-999.9	0.0	2.4	96613.1	-999.9
Sikasso	2013	3	8	67	24.2	39.0	23.5	-999.9	0.0	1.9	96642.3	-999.9
Sikasso	2013	3	9	68	22.3	39.6	24.4	-999.9	0.0	1.8	96582.7	-999.9
Sikasso	2013	3	10	69	26.0	37.2	21.2	-999.9	0.0	2.5	96609.2	-999.9
Sikasso	2013	3	11	70	27.1	37.2	20.3	-999.9	0.0	2.1	96545.9	-999.9
Sikasso	2013	3	12	71	25.3	36.8	21.3	-999.9	0.0	2.1	96543.7	-999.9
Sikasso	2013	3	13	72	26.0	37.3	21.5	-999.9	0.0	2.1	96505.4	-999.9
Sikasso	2013	3	14	73	25.5	37.0	22.3	-999.9	0.0	1.5	96512.8	-999.9
Sikasso	2013	3	15	74	24.8	38.2	23.3	-999.9	0.7	1.8	96540.9	-999.9
Sikasso	2013	3	16	75	23.5	38.0	22.1	-999.9	0.0	1.4	96608.0	-999.9
Sikasso	2013	3	17	76	23.2	38.3	24.4	-999.9	0.0	1.5	96537.2	-999.9
Sikasso	2013	3	18	77	27.0	37.4	22.2	-999.9	0.0	2.3	96566.1	-999.9
Sikasso	2013	3	19	78	25.6	34.8	18.2	-999.9	3.4	2.1	96535.0	-999.9
Sikasso	2013	3	20	79	27.4	38.4	20.2	-999.9	0.0	1.6	96423.6	-999.9
Sikasso	2013	3	21	80	25.1	39.4	24.2	-999.9	0.0	1.9	96408.7	-999.9
Sikasso	2013	3	22	81	26.2	37.8	23.4	-999.9	0.0	2.3	96455.7	-999.9
Sikasso	2013	3	23	82	26.3	37.4	22.4	-999.9	0.0	2.0	96415.2	-999.9
Sikasso	2013	3	24	83	25.5	37.5	23.5	-999.9	0.0	1.9	96425.4	-999.9
Sikasso	2013	3	25	84	26.5	36.2	20.9	-999.9	1.8	2.1	96552.7	-999.9
Sikasso	2013	3	26	85	25.2	36.3	20.9	-999.9	5.9	2.1	96632.1	-999.9
Sikasso	2013	3	27	86	25.5	36.7	22.2	-999.9	0.0	2.0	96574.6	-999.9
Sikasso	2013	3	28	87	27.4	36.2	19.0	-999.9	8.9	2.5	96736.0	-999.9
Sikasso	2013	3	29	88	24.0	37.0	23.5	-999.9	0.0	1.6	96831.2	-999.9
Sikasso	2013	3	30	89	25.1	38.4	24.8	-999.9	0.0	1.7	96773.3	-999.9
Sikasso	2013	3	31	90	22.5	37.9	25.4	-999.9	0.0	1.2	96677.6	-999.9
Sikasso	2013	4	1	91	25.3	37.2	24.0	-999.9	0.0	1.7	96698.0	-999.9
Sikasso	2013	4	2	92	26.3	36.7	21.8	-999.9	0.0	2.0	96686.9	-999.9
Sikasso	2013	4	3	93	26.1	37.5	20.3	-999.9	0.0	2.5	96617.7	-999.9
Sikasso	2013	4	4	94	25.5	32.5	10.7	-999.9	0.0	1.8	96727.6	-999.9
Sikasso	2013	4	5	95	26.0	36.3	18.1	-999.9	7.5	2.0	96769.3	-999.9
Sikasso	2013	4	6	96	24.6	35.4	17.7	-999.9	0.0	1.6	96849.1	-999.9
Sikasso	2013	4	7	97	24.9	37.8	23.0	-999.9	0.0	1.6	96638.2	-999.9
Sikasso	2013	4	8	98	25.1	38.3	25.4	-999.9	0.0	1.9	96578.9	-999.9
Sikasso	2013	4	9	99	26.2	37.9	22.6	-999.9	0.0	2.4	96633.9	-999.9
Sikasso	2013	4	10	100	26.5	37.4	21.4	-999.9	6.5	2.9	96674.6	-999.9
Sikasso	2013	4	11	101	26.5	38.6	23.2	-999.9	0.0	2.1	96567.6	-999.9
Sikasso	2013	4	12	102	27.0	38.8	22.7	-999.9	0.0	2.5	96457.9	-999.9
Sikasso	2013	4	13	103	24.2	35.6	22.6	-999.9	0.0	2.7	96670.9	-999.9
Sikasso	2013	4	14	104	25.6	37.8	23.9	-999.9	0.0	1.7	96701.1	-999.9
Sikasso	2013	4	15	105	25.1	38.4	23.8	-999.9	0.0	2.3	96667.6	-999.9
Sikasso	2013	4	16	106	25.2	37.8	22.9	-999.9	0.0	2.4	96471.1	-999.9
Sikasso	2013	4	17	107	25.7	37.2	24.0	-999.9	0.0	3.1	96508.9	-999.9
Sikasso	2013	4	18	108	26.0	36.3	22.5	-999.9	4.9	2.5	96452.2	-999.9
Sikasso	2013	4	19	109	26.3	34.5	22.0	-999.9	9.8	2.6	96466.3	-999.9
Sikasso	2013	4	20	110	26.3	35.4	22.3	-999.9	0.0	2.1	96521.2	-999.9
Sikasso	2013	4	21	111	26.0	36.1	23.5	-999.9	0.0	2.0	96549.0	-999.9
Sikasso	2013	4	22	112	26.2	36.0	22.6	-999.9	6.1	2.3	96515.3	-999.9
Sikasso	2013	4	23	113	25.7	35.9	22.2	-999.9	0.0	3.0	96423.3	-999.9
Sikasso	2013	4	24	114	25.8	35.9	22.8	-999.9	0.0	2.8	96534.0	-999.9
Sikasso	2013	4	25	115	27.2	35.6	22.5	-999.9	6.1	2.2	96744.4	-999.9
Sikasso	2013	4	26	116	25.4	37.2	23.1	-999.9	0.0	2.2	96738.1	-999.9
Sikasso	2013	4	27	117	25.6	36.7	22.7	-999.9	0.0	2.2	96595.0	-999.9
Sikasso	2013	4	28	118	26.9	37.6	24.3	-999.9	0.0	1.7	96522.4	-999.9
Sikasso	2013	4	29	119	26.6	37.7	24.1	-999.9	0.0	2.6	96490.5	-999.9
Sikasso	2013	4	30	120	27.4	37.6	24.3	-999.9	0.0	2.6	96567.9	-999.9
Sikasso	2013	5	1	121	28.1	37.3	23.0	-999.9	4.5	2.8	96694.0	-999.9
Sikasso	2013	5	2	122	26.0	37.2	24.0	-999.9	0.0	2.1	96643.7	-999.9
Sikasso	2013	5	3	123	27.4	38.4	24.7	-999.9	0.0	1.9	96544.0	-999.9
Sikasso	2013	5	4	124	27.7	38.5	23.2	-999.9	4.5	2.2	96574.5	-999.9
Sikasso	2013	5	5	125	26.7	38.5	24.2	-999.9	0.0	2.4	96644.0	-999.9
Sikasso	2013	5	6	126	26.6	36.5	22.3	-999.9	0.0	2.3	96778.1	-999.9
Sikasso	2013	5	7	127	26.1	37.9	23.8	-999.9	0.0	2.6	96786.9	-999.9
Sikasso	2013	5	8	128	26.8	36.2	22.2	-999.9	0.0	2.4	96823.7	-999.9
Sikasso	2013	5	9	129	24.9	37.2	24.5	-999.9	0.0	2.2	96759.5	-999.9
Sikasso	2013	5	10	130	26.5	37.2	24.2	-999.9	0.0	2.8	96723.7	-999.9
Sikasso	2013	5	11	131	26.5	36.1	24.0	-999.9	0.0	2.9	96752.1	-999.9
Sikasso	2013	5	12	132	26.0	36.0	23.2	-999.9	0.0	2.3	96777.4	-999.9
Sikasso	2013	5	13	133	26.5	38.1	24.8	-999.9	0.0	2.3	96781.2	-999.9
Sikasso	2013	5	14	134	27.6	36.8	23.9	-999.9	0.0	2.4	96778.5	-999.9
Sikasso	2013	5	15	135	27.4	36.5	23.2	-999.9	0.0	2.6	96616.5	-999.9
Sikasso	2013	5	16	136	25.9	35.0	22.3	-999.9	3.8	2.1	96664.8	-999.9
Sikasso	2013	5	17	137	26.0	34.9	22.2	-999.9	0.0	1.6	96747.2	-999.9
Sikasso	2013	5	18	138	24.8	33.7	19.1	-999.9	1.9	1.8	96903.5	-999.9
Sikasso	2013	5	19	139	25.0	36.9	24.4	-999.9	0.0	1.7	96785.8	-999.9
Sikasso	2013	5	20	140	25.6	36.2	24.1	-999.9	0.0	2.0	96730.0	-999.9
Sikasso	2013	5	21	141	25.8	34.6	22.2	-999.9	0.0	2.5	96711.5	-999.9
Sikasso	2013	5	22	142	24.5	34.0	22.6	-999.9	4.6	2.2	96796.3	-999.9
Sikasso	2013	5	23	143	23.4	34.4	22.7	-999.9	4.6	1.6	96842.7	-999.9
Sikasso	2013	5	24	144	25.8	36.5	25.4	-999.9	0.0	1.7	96729.3	-999.9
Sikasso	2013	5	25	145	25.6	36.3	25.3	-999.9	2.3	2.3	96672.9	-999.9
Sikasso	2013	5	26	146	25.2	35.6	22.5	-999.9	0.0	2.6	96696.8	-999.9
Sikasso	2013	5	27	147	25.1	33.1	21.2	-999.9	4.3	2.3	96786.3	-999.9
Sikasso	2013	5	28	148	22.4	29.6	14.4	-999.9	0.7	1.3	96822.7	-999.9
Sikasso	2013	5	29	149	24.3	35.1	25.1	-999.9	0.0	2.2	96722.8	-999.9
Sikasso	2013	5	30	150	26.2	34.2	23.6	-999.9	0.0	2.4	96747.6	-999.9
Sikasso	2013	5	31	151	23.2	34.8	25.1	-999.9	43.6	1.9	96788.2	-999.9
Sikasso	2013	6	1	152	24.7	33.1	23.0	-999.9	0.0	2.0	96769.2	-999.9
Sikasso	2013	6	2	153	24.3	33.9	21.8	-999.9	7.2	2.7	96763.6	-999.9
Sikasso	2013	6	3	154	25.2	34.8	24.3	-999.9	0.0	2.5	96838.1	-999.9
Sikasso	2013	6	4	155	23.6	34.5	24.4	-999.9	0.0	2.6	96885.0	-999.9
Sikasso	2013	6	5	156	23.5	33.5	22.5	-999.9	35.8	1.9	96917.2	-999.9
Sikasso	2013	6	6	157	24.3	33.7	23.2	-999.9	0.0	1.8	96915.7	-999.9
Sikasso	2013	6	7	158	24.6	34.3	24.6	-999.9	0.0	2.0	96952.4	-999.9
Sikasso	2013	6	8	159	24.9	34.8	24.6	-999.9	0.0	1.8	96919.0	-999.9
Sikasso	2013	6	9	160	24.5	34.6	23.7	-999.9	23.4	1.8	96839.7	-999.9
Sikasso	2013	6	10	161	23.0	33.8	23.7	-999.9	0.0	2.3	96883.1	-999.9
Sikasso	2013	6	11	162	24.0	34.5	24.1	-999.9	0.0	2.1	96962.6	-999.9
Sikasso	2013	6	12	163	24.9	35.5	24.6	-999.9	0.0	1.8	96920.2	-999.9
Sikasso	2013	6	13	164	26.3	36.6	24.8	-999.9	0.0	2.5	96749.9	-999.9
Sikasso	2013	6	14	165	25.7	35.0	23.2	-999.9	16.3	2.5	96762.6	-999.9
Sikasso	2013	6	15	166	26.4	34.7	23.4	-999.9	0.0	1.6	96796.1	-999.9
Sikasso	2013	6	16	167	25.5	35.6	23.9	-999.9	0.0	1.6	96807.0	-999.9
Sikasso	2013	6	17	168	24.4	33.8	23.2	-999.9	11.2	2.1	96845.3	-999.9
Sikasso	2013	6	18	169	24.8	33.7	21.4	-999.9	11.2	2.1	96781.8	-999.9
Sikasso	2013	6	19	170	24.9	33.9	23.8	-999.9	0.0	2.2	96736.4	-999.9
Sikasso	2013	6	20	171	24.3	33.4	21.3	-999.9	11.2	2.5	96771.5	-999.9
Sikasso	2013	6	21	172	24.7	32.6	21.4	-999.9	0.0	2.6	96788.0	-999.9
Sikasso	2013	6	22	173	25.4	34.3	23.7	-999.9	6.1	2.0	96795.1	-999.9
Sikasso	2013	6	23	174	23.8	34.4	23.6	-999.9	6.1	2.1	96758.5	-999.9
Sikasso	2013	6	24	175	24.6	33.7	21.2	-999.9	12.3	2.8	96696.1	-999.9
Sikasso	2013	6	25	176	24.2	31.4	17.8	-999.9	6.1	2.5	96821.4	-999.9
Sikasso	2013	6	26	177	23.1	30.7	15.3	-999.9	0.0	2.3	96923.3	-999.9
Sikasso	2013	6	27	178	23.4	32.1	21.4	-999.9	22.3	1.6	96965.1	-999.9
Sikasso	2013	6	28	179	22.7	28.9	17.1	-999.9	0.0	1.7	96839.6	-999.9
Sikasso	2013	6	29	180	22.4	30.2	20.7	-999.9	0.0	1.7	96871.4	-999.9
Sikasso	2013	6	30	181	22.7	29.5	17.2	-999.9	11.1	1.5	96907.9	-999.9
Sikasso	2013	7	1	182	22.2	29.1	16.6	-999.9	0.0	2.2	97001.4	-999.9
Sikasso	2013	7	2	183	21.7	30.6	22.9	-999.9	9.4	1.3	97012.9	-999.9
Sikasso	2013	7	3	184	23.6	29.8	20.7	-999.9	0.0	1.4	96898.1	-999.9
Sikasso	2013	7	4	185	23.9	32.1	22.8	-999.9	0.0	2.1	96785.7	-999.9
Sikasso	2013	7	5	186	22.4	28.9	17.8	-999.9	14.2	2.2	96862.9	-999.9
Sikasso	2013	7	6	187	23.0	29.3	18.2	-999.9	18.2	1.5	96904.1	-999.9
Sikasso	2013	7	7	188	21.6	30.0	18.2	-999.9	0.0	1.9	96907.9	-999.9
Sikasso	2013	7	8	189	22.7	28.7	15.9	-999.9	18.2	2.4	96977.0	-999.9
Sikasso	2013	7	9	190	21.6	27.8	14.6	-999.9	18.2	2.2	97099.1	-999.9
Sikasso	2013	7	10	191	21.5	29.0	18.5	-999.9	0.0	1.8	97017.2	-999.9
Sikasso	2013	7	11	192	21.7	28.5	15.9	-999.9	9.2	1.3	96888.0	-999.9
Sikasso	2013	7	12	193	21.6	29.2	18.6	-999.9	0.0	1.4	97008.5	-999.9
Sikasso	2013	7	13	194	22.0	30.7	23.7	-999.9	4.6	1.5	97068.4	-999.9
Sikasso	2013	7	14	195	22.3	31.0	23.7	-999.9	9.2	1.9	96951.0	-999.9
Sikasso	2013	7	15	196	23.2	29.2	17.8	-999.9	9.2	1.6	96962.8	-999.9
Sikasso	2013	7	16	197	22.7	29.4	18.3	-999.9	0.0	2.2	97103.3	-999.9
Sikasso	2013	7	17	198	22.9	30.6	22.3	-999.9	0.0	2.0	97094.1	-999.9
Sikasso	2013	7	18	199	23.3	30.3	17.6	-999.9	11.5	1.9	96902.9	-999.9
Sikasso	2013	7	19	200	22.5	30.3	21.7	-999.9	0.0	1.7	96913.4	-999.9
Sikasso	2013	7	20	201	22.4	29.3	17.9	-999.9	5.7	1.5	96949.5	-999.9
Sikasso	2013	7	21	202	22.5	29.8	19.4	-999.9	8.0	1.5	96947.9	-999.9
Sikasso	2013	7	22	203	22.0	29.4	19.1	-999.9	24.0	1.4	96898.8	-999.9
Sikasso	2013	7	23	204	22.7	30.3	21.1	-999.9	0.0	1.6	96861.8	-999.9
Sikasso	2013	7	24	205	23.3	31.0	21.3	-999.9	0.0	1.6	96961.3	-999.9
Sikasso	2013	7	25	206	22.2	30.0	20.7	-999.9	0.0	1.9	97076.4	-999.9
Sikasso	2013	7	26	207	22.8	30.0	21.2	-999.9	0.0	1.9	97162.1	-999.9
Sikasso	2013	7	27	208	22.6	30.9	20.7	-999.9	0.0	2.0	96993.3	-999.9
Sikasso	2013	7	28	209	22.5	29.6	18.1	-999.9	0.0	2.5	96904.2	-999.9
Sikasso	2013	7	29	210	23.1	29.0	16.3	-999.9	26.5	2.8	96977.4	-999.9
Sikasso	2013	7	30	211	23.0	28.3	16.5	-999.9	0.0	1.9	97159.0	-999.9
Sikasso	2013	7	31	212	21.3	29.0	19.9	-999.9	0.0	2.0	97083.6	-999.9
Sikasso	2013	8	1	213	21.9	28.9	17.1	-999.9	16.1	1.9	96998.2	-999.9
Sikasso	2013	8	2	214	21.6	28.7	17.2	-999.9	8.1	1.8	97100.3	-999.9
Sikasso	2013	8	3	215	21.5	28.9	17.3	-999.9	0.0	1.6	97011.1	-999.9
Sikasso	2013	8	4	216	22.2	28.4	15.8	-999.9	8.1	1.6	96969.1	-999.9
Sikasso	2013	8	5	217	22.4	28.4	17.8	-999.9	0.0	1.9	96877.6	-999.9
Sikasso	2013	8	6	218	22.8	29.0	18.8	-999.9	4.4	2.2	96857.5	-999.9
Sikasso	2013	8	7	219	21.9	29.0	16.9	-999.9	8.8	1.9	96687.6	-999.9
Sikasso	2013	8	8	220	21.8	27.6	13.7	-999.9	13.1	2.3	96637.7	-999.9
Sikasso	2013	8	9	221	21.9	28.4	15.3	-999.9	4.4	2.3	96754.1	-999.9
Sikasso	2013	8	10	222	21.9	28.6	17.6	-999.9	0.0	1.8	96921.1	-999.9
Sikasso	2013	8	11	223	22.2	28.1	17.2	-999.9	13.4	1.7	96904.9	-999.9
Sikasso	2013	8	12	224	21.6	28.5	15.9	-999.9	26.7	2.1	96923.2	-999.9
Sikasso	2013	8	13	225	21.7	25.0	8.8	-999.9	0.0	2.1	96992.4	-999.9
Sikasso	2013	8	14	226	21.3	29.0	20.9	-999.9	0.0	1.9	97014.2	-999.9
Sikasso	2013	8	15	227	22.1	29.7	19.7	-999.9	40.1	2.0	96908.5	-999.9
Sikasso	2013	8	16	228	21.7	26.2	10.2	-999.9	0.0	1.3	96748.9	-999.9
Sikasso	2013	8	17	229	22.1	27.6	15.5	-999.9	0.0	2.7	96831.0	-999.9
Sikasso	2013	8	18	230	21.5	27.3	16.8	-999.9	25.4	2.0	96935.2	-999.9
Sikasso	2013	8	19	231	22.1	27.8	13.8	-999.9	33.1	1.8	96990.5	-999.9
Sikasso	2013	8	20	232	22.5	29.0	16.6	-999.9	18.6	1.6	96904.3	-999.9
Sikasso	2013	8	21	233	21.7	28.8	16.9	-999.9	2.4	1.4	96869.2	-999.9
Sikasso	2013	8	22	234	22.1	28.2	16.6	-999.9	3.0	2.1	96863.6	-999.9
Sikasso	2013	8	23	235	21.5	30.2	22.4	-999.9	0.0	1.2	96827.0	-999.9
Sikasso	2013	8	24	236	21.9	29.3	17.9	-999.9	0.0	1.2	96833.7	-999.9
Sikasso	2013	8	25	237	22.1	30.0	19.3	-999.9	53.9	1.6	96821.3	-999.9
Sikasso	2013	8	26	238	22.3	28.0	13.4	-999.9	5.9	1.1	96843.7	-999.9
Sikasso	2013	8	27	239	22.0	29.4	20.2	-999.9	11.7	1.3	96870.0	-999.9
Sikasso	2013	8	28	240	21.9	27.3	14.8	-999.9	5.9	2.0	96945.8	-999.9
Sikasso	2013	8	29	241	22.0	29.4	20.3	-999.9	11.7	1.9	97066.3	-999.9
Sikasso	2013	8	30	242	21.7	27.6	13.6	-999.9	11.7	2.2	97052.3	-999.9
Sikasso	2013	8	31	243	21.3	27.6	11.3	-999.9	23.4	2.0	96896.3	-999.9
Sikasso	2013	9	1	244	20.0	30.1	22.5	-999.9	0.0	1.4	96770.6	-999.9
Sikasso	2013	9	2	245	21.8	28.9	19.8	-999.9	0.0	2.2	96789.4	-999.9
Sikasso	2013	9	3	246	22.1	29.3	21.1	-999.9	0.0	1.5	97055.6	-999.9
Sikasso	2013	9	4	247	21.6	29.1	19.1	-999.9	19.7	1.1	97073.4	-999.9
Sikasso	2013	9	5	248	21.8	27.2	12.1	-999.9	19.7	1.2	96961.0	-999.9
Sikasso	2013	9	6	249	21.3	28.6	19.2	-999.9	0.0	1.6	96921.1	-999.9
Sikasso	2013	9	7	250	21.4	28.4	17.6	-999.9	5.5	1.3	96975.4	-999.9
Sikasso	2013	9	8	251	22.2	29.6	20.2	-999.9	0.0	1.3	97053.8	-999.9
Sikasso	2013	9	9	252	22.5	30.4	22.7	-999.9	16.5	1.3	97017.0	-999.9
Sikasso	2013	9	10	253	21.6	30.1	22.0	-999.9	11.0	1.5	96902.8	-999.9
Sikasso	2013	9	11	254	22.0	30.2	22.2	-999.9	5.9	1.4	96770.9	-999.9
Sikasso	2013	9	12	255	22.3	28.8	17.1	-999.9	11.7	1.3	96759.8	-999.9
Sikasso	2013	9	13	256	21.7	25.8	12.2	-999.9	5.9	2.3	96957.4	-999.9
Sikasso	2013	9	14	257	21.0	29.0	20.5	-999.9	5.9	1.2	97167.8	-999.9
Sikasso	2013	9	15	258	21.4	29.4	18.5	-999.9	0.0	1.3	97076.7	-999.9
Sikasso	2013	9	16	259	21.8	30.0	21.3	-999.9	0.0	1.4	97008.8	-999.9
Sikasso	2013	9	17	260	21.8	30.5	22.3	-999.9	10.7	1.2	97019.1	-999.9
Sikasso	2013	9	18	261	22.2	31.6	23.9	-999.9	0.0	1.1	96952.8	-999.9
Sikasso	2013	9	19	262	23.2	32.7	23.3	-999.9	0.0	1.1	96809.9	-999.9
Sikasso	2013	9	20	263	22.7	31.1	21.7	-999.9	10.7	1.7	96713.8	-999.9
Sikasso	2013	9	21	264	21.7	29.5	18.2	-999.9	6.0	1.5	96873.2	-999.9
Sikasso	2013	9	22	265	21.8	31.1	22.2	-999.9	0.0	1.2	96936.5	-999.9
Sikasso	2013	9	23	266	23.8	32.0	22.8	-999.9	0.0	2.4	96824.9	-999.9
Sikasso	2013	9	24	267	23.0	29.1	15.0	-999.9	0.0	2.0	96839.1	-999.9
Sikasso	2013	9	25	268	22.1	26.9	14.3	-999.9	6.0	2.0	96943.5	-999.9
Sikasso	2013	9	26	269	21.7	29.4	19.6	-999.9	0.0	2.1	97067.8	-999.9
Sikasso	2013	9	27	270	21.5	30.6	21.5	-999.9	8.9	1.4	97038.1	-999.9
Sikasso	2013	9	28	271	21.9	30.6	20.5	-999.9	0.0	1.4	96983.4	-999.9
Sikasso	2013	9	29	272	21.5	31.8	23.4	-999.9	17.8	1.5	97000.3	-999.9
Sikasso	2013	9	30	273	22.7	32.0	23.0	-999.9	0.0	1.6	96863.1	-999.9
Sikasso	2013	10	1	274	22.3	30.2	18.6	-999.9	7.2	1.6	96813.1	-999.9
Sikasso	2013	10	2	275	22.3	30.7	21.3	-999.9	5.4	1.3	96852.3	-999.9
Sikasso	2013	10	3	276	23.1	29.8	18.4	-999.9	5.4	1.2	96825.3	-999.9
Sikasso	2013	10	4	277	21.9	30.2	19.9	-999.9	0.0	1.4	96920.4	-999.9
Sikasso	2013	10	5	278	22.3	30.8	22.6	-999.9	5.4	1.5	96945.3	-999.9
Sikasso	2013	10	6	279	22.1	32.0	23.3	-999.9	0.0	1.1	96899.3	-999.9
Sikasso	2013	10	7	280	23.1	31.8	23.3	-999.9	0.0	1.3	96953.9	-999.9
Sikasso	2013	10	8	281	22.5	32.5	22.7	-999.9	13.2	1.2	96907.8	-999.9
Sikasso	2013	10	9	282	21.6	30.8	21.3	-999.9	0.0	1.3	96851.8	-999.9
Sikasso	2013	10	10	283	21.6	29.4	18.5	-999.9	0.0	1.8	96928.9	-999.9
Sikasso	2013	10	11	284	20.9	30.3	20.7	-999.9	0.0	1.1	97008.0	-999.9
Sikasso	2013	10	12	285	22.3	31.7	22.1	-999.9	0.0	1.4	97013.4	-999.9
Sikasso	2013	10	13	286	22.1	32.9	22.4	-999.9	0.0	1.3	96889.7	-999.9
Sikasso	2013	10	14	287	21.6	33.7	23.2	-999.9	0.0	1.3	96734.3	-999.9
Sikasso	2013	10	15	288	23.2	31.8	20.9	-999.9	8.8	1.5	96830.1	-999.9
Sikasso	2013	10	16	289	22.5	29.4	16.1	-999.9	0.0	1.8	96963.0	-999.9
Sikasso	2013	10	17	290	22.0	31.9	21.8	-999.9	5.7	1.2	96964.0	-999.9
Sikasso	2013	10	18	291	22.7	33.4	22.2	-999.9	0.0	1.2	96830.8	-999.9
Sikasso	2013	10	19	292	23.7	32.0	20.7	-999.9	2.8	1.6	96820.1	-999.9
Sikasso	2013	10	20	293	23.8	32.3	21.1	-999.9	0.0	1.3	96804.7	-999.9
Sikasso	2013	10	21	294	22.9	31.9	21.0	-999.9	0.0	1.2	96851.1	-999.9
Sikasso	2013	10	22	295	22.1	32.7	21.9	-999.9	0.0	1.3	96809.8	-999.9
Sikasso	2013	10	23	296	22.6	32.6	20.9	-999.9	0.0	1.3	96872.6	-999.9
Sikasso	2013	10	24	297	23.0	32.5	20.4	-999.9	0.0	1.3	96883.0	-999.9
Sikasso	2013	10	25	298	22.8	32.3	21.5	-999.9	0.0	1.6	96831.4	-999.9
Sikasso	2013	10	26	299	22.3	31.9	20.9	-999.9	0.0	1.2	96868.6	-999.9
Sikasso	2013	10	27	300	21.3	31.8	20.4	-999.9	6.7	0.9	96917.2	-999.9
Sikasso	2013	10	28	301	22.9	31.5	20.1	-999.9	0.0	1.4	96982.7	-999.9
Sikasso	2013	10	29	302	22.2	34.3	22.2	-999.9	0.0	1.2	96786.5	-999.9
Sikasso	2013	10	30	303	22.1	33.0	21.4	-999.9	0.0	1.5	96722.9	-999.9
Sikasso	2013	10	31	304	22.6	31.4	19.1	-999.9	0.0	1.4	96721.8	-999.9
Sikasso	2013	11	1	305	23.7	32.4	18.8	-999.9	2.3	1.4	96641.9	-999.9
Sikasso	2013	11	2	306	23.1	33.6	20.2	-999.9	0.0	1.4	96643.7	-999.9
Sikasso	2013	11	3	307	21.3	34.4	22.2	-999.9	0.0	1.4	96661.2	-999.9
Sikasso	2013	11	4	308	20.3	34.3	22.5	-999.9	0.0	1.8	96805.2	-999.9
Sikasso	2013	11	5	309	19.1	34.3	22.9	-999.9	0.0	1.9	96912.0	-999.9
Sikasso	2013	11	6	310	17.3	33.6	22.8	-999.9	0.0	1.7	96921.4	-999.9
Sikasso	2013	11	7	311	16.5	33.8	22.8	-999.9	0.0	1.4	96888.4	-999.9
Sikasso	2013	11	8	312	21.5	34.3	21.8	-999.9	0.0	1.2	96815.9	-999.9
Sikasso	2013	11	9	313	20.1	34.7	21.0	-999.9	0.0	1.1	96756.4	-999.9
Sikasso	2013	11	10	314	23.0	34.5	20.1	-999.9	0.0	1.7	96754.4	-999.9
Sikasso	2013	11	11	315	22.9	35.2	20.9	-999.9	0.0	1.6	96647.9	-999.9
Sikasso	2013	11	12	316	21.4	34.3	20.9	-999.9	0.0	1.4	96648.4	-999.9
Sikasso	2013	11	13	317	22.1	33.9	20.4	-999.9	0.0	1.9	96730.5	-999.9
Sikasso	2013	11	14	318	18.2	34.1	22.0	-999.9	0.0	1.8	96709.4	-999.9
Sikasso	2013	11	15	319	18.7	33.8	21.9	-999.9	0.0	1.4	96722.6	-999.9
Sikasso	2013	11	16	320	19.8	34.4	21.5	-999.9	0.0	1.4	96744.1	-999.9
Sikasso	2013	11	17	321	20.8	33.5	19.0	-999.9	0.0	1.2	96710.1	-999.9
Sikasso	2013	11	18	322	22.0	34.2	18.9	-999.9	0.0	1.5	96611.6	-999.9
Sikasso	2013	11	19	323	22.8	34.1	19.3	-999.9	0.0	1.4	96614.6	-999.9
Sikasso	2013	11	20	324	21.8	33.9	19.9	-999.9	0.0	1.3	96705.4	-999.9
Sikasso	2013	11	21	325	21.3	34.2	20.6	-999.9	0.0	1.3	96659.2	-999.9
Sikasso	2013	11	22	326	20.2	34.2	20.9	-999.9	0.0	1.8	96599.4	-999.9
Sikasso	2013	11	23	327	18.7	34.4	21.1	-999.9	0.8	1.4	96701.1	-999.9
Sikasso	2013	11	24	328	19.6	33.9	20.2	-999.9	0.0	1.5	96736.9	-999.9
Sikasso	2013	11	25	329	18.0	34.0	21.1	-999.9	0.0	1.1	96589.2	-999.9
Sikasso	2013	11	26	330	19.1	33.8	20.6	-999.9	0.0	1.2	96506.4	-999.9
Sikasso	2013	11	27	331	22.8	32.8	18.7	-999.9	0.0	1.7	96607.8	-999.9
Sikasso	2013	11	28	332	23.0	34.3	17.7	-999.9	0.0	1.6	96757.4	-999.9
Sikasso	2013	11	29	333	21.2	36.6	20.8	-999.9	0.0	2.1	96721.1	-999.9
Sikasso	2013	11	30	334	21.9	35.5	20.9	-999.9	0.0	2.0	96669.8	-999.9
Sikasso	2013	12	1	335	19.6	34.0	20.8	-999.9	0.0	1.2	96648.2	-999.9
Sikasso	2013	12	2	336	19.4	34.5	20.7	-999.9	0.0	1.6	96791.0	-999.9
Sikasso	2013	12	3	337	21.0	35.2	20.6	-999.9	0.0	2.2	96923.1	-999.9
Sikasso	2013	12	4	338	21.8	34.7	20.5	-999.9	0.0	3.0	97041.7	-999.9
Sikasso	2013	12	5	339	19.8	33.5	20.8	-999.9	0.0	2.6	97011.7	-999.9
Sikasso	2013	12	6	340	18.2	32.3	20.8	-999.9	0.0	2.8	96958.2	-999.9
Sikasso	2013	12	7	341	16.5	30.6	20.9	-999.9	0.0	2.2	97018.1	-999.9
Sikasso	2013	12	8	342	15.1	30.1	20.9	-999.9	0.0	2.3	97043.7	-999.9
Sikasso	2013	12	9	343	14.9	30.9	20.7	-999.9	0.0	2.1	97014.8	-999.9
Sikasso	2013	12	10	344	15.0	30.4	20.6	-999.9	0.0	2.0	97066.7	-999.9
Sikasso	2013	12	11	345	15.0	31.3	20.5	-999.9	0.0	1.7	97051.4	-999.9
Sikasso	2013	12	12	346	16.3	32.8	20.4	-999.9	0.0	1.7	97021.4	-999.9
Sikasso	2013	12	13	347	17.4	33.8	20.3	-999.9	0.0	1.6	96865.5	-999.9
Sikasso	2013	12	14	348	17.6	33.7	20.2	-999.9	0.1	1.8	96801.4	-999.9
Sikasso	2013	12	15	349	22.6	31.5	15.6	-999.9	0.7	1.8	96892.3	-999.9
Sikasso	2013	12	16	350	19.7	31.1	18.6	-999.9	0.4	1.9	96933.2	-999.9
Sikasso	2013	12	17	351	18.4	31.4	20.2	-999.9	0.0	2.3	96939.6	-999.9
Sikasso	2013	12	18	352	16.0	30.5	20.6	-999.9	0.0	2.4	96925.7	-999.9
Sikasso	2013	12	19	353	14.6	29.9	20.8	-999.9	0.0	2.4	96874.2	-999.9
Sikasso	2013	12	20	354	13.1	30.5	20.2	-999.9	0.0	2.0	96821.1	-999.9
Sikasso	2013	12	21	355	14.8	30.7	20.5	-999.9	0.0	2.1	96892.2	-999.9
Sikasso	2013	12	22	356	14.4	31.1	19.7	-999.9	0.0	2.4	96972.7	-999.9
Sikasso	2013	12	23	357	15.0	30.5	20.3	-999.9	0.0	2.4	96970.3	-999.9
Sikasso	2013	12	24	358	15.0	31.5	20.3	-999.9	0.0	2.0	96988.8	-999.9
Sikasso	2013	12	25	359	15.9	32.7	20.3	-999.9	0.0	2.2	97014.6	-999.9
Sikasso	2013	12	26	360	16.0	33.8	20.4	-999.9	0.0	2.3	96971.4	-999.9
Sikasso	2013	12	27	361	16.1	34.0	20.4	-999.9	0.0	2.0	96961.5	-999.9
Sikasso	2013	12	28	362	16.5	34.3	20.5	-999.9	0.0	1.7	96919.9	-999.9
Sikasso	2013	12	29	363	17.1	34.6	20.5	-999.9	0.0	1.8	96823.5	-999.9
Sikasso	2013	12	30	364	17.7	34.8	20.5	-999.9	0.0	1.3	96786.2	-999.9
Sikasso	2013	12	31	365	19.4	34.2	20.0	-999.9	0.0	1.5	96738.4	-999.9
