Sikasso	1982	1	1	1	16.5	34.2	20.9	-999.9	0.0	2.0	96712.4	-999.9
Sikasso	1982	1	2	2	16.0	33.5	20.8	-999.9	0.0	2.1	96636.4	-999.9
Sikasso	1982	1	3	3	14.7	33.0	21.0	-999.9	0.0	2.1	96676.4	-999.9
Sikasso	1982	1	4	4	14.7	33.0	20.7	-999.9	0.0	2.2	96764.6	-999.9
Sikasso	1982	1	5	5	17.3	32.3	21.2	-999.9	0.0	2.8	96829.6	-999.9
Sikasso	1982	1	6	6	14.2	29.7	21.5	-999.9	0.0	2.3	96897.6	-999.9
Sikasso	1982	1	7	7	13.0	29.9	21.4	-999.9	0.0	2.3	96953.0	-999.9
Sikasso	1982	1	8	8	12.9	30.4	21.5	-999.9	0.0	2.4	97030.6	-999.9
Sikasso	1982	1	9	9	12.7	30.5	21.6	-999.9	0.0	2.4	97141.9	-999.9
Sikasso	1982	1	10	10	12.9	30.5	21.5	-999.9	0.0	2.3	97094.2	-999.9
Sikasso	1982	1	11	11	12.4	31.0	21.4	-999.9	0.0	1.9	96879.9	-999.9
Sikasso	1982	1	12	12	14.3	32.6	21.1	-999.9	0.0	1.6	96768.8	-999.9
Sikasso	1982	1	13	13	17.4	34.0	20.1	-999.9	0.0	1.5	96782.4	-999.9
Sikasso	1982	1	14	14	19.4	34.0	20.3	-999.9	0.0	1.7	96753.2	-999.9
Sikasso	1982	1	15	15	19.7	33.0	20.4	-999.9	0.0	2.6	96751.9	-999.9
Sikasso	1982	1	16	16	16.4	32.0	20.4	-999.9	0.0	2.2	96789.5	-999.9
Sikasso	1982	1	17	17	16.3	31.8	19.3	-999.9	0.0	1.9	96790.2	-999.9
Sikasso	1982	1	18	18	15.8	31.8	20.7	-999.9	0.0	1.9	96831.2	-999.9
Sikasso	1982	1	19	19	15.0	31.8	21.2	-999.9	0.0	2.1	96901.2	-999.9
Sikasso	1982	1	20	20	15.0	30.5	21.0	-999.9	0.0	2.5	96923.2	-999.9
Sikasso	1982	1	21	21	13.7	28.6	21.5	-999.9	0.0	2.7	97050.1	-999.9
Sikasso	1982	1	22	22	12.8	27.3	21.6	-999.9	0.0	2.6	97085.2	-999.9
Sikasso	1982	1	23	23	11.9	27.7	21.7	-999.9	0.0	2.7	97051.5	-999.9
Sikasso	1982	1	24	24	11.8	28.0	21.9	-999.9	0.0	2.6	97072.8	-999.9
Sikasso	1982	1	25	25	12.2	28.5	22.1	-999.9	0.0	2.6	97038.6	-999.9
Sikasso	1982	1	26	26	12.6	29.9	22.2	-999.9	0.0	2.4	97053.6	-999.9
Sikasso	1982	1	27	27	13.5	30.5	22.0	-999.9	0.0	2.5	97104.7	-999.9
Sikasso	1982	1	28	28	12.9	31.5	22.2	-999.9	0.0	2.2	97081.6	-999.9
Sikasso	1982	1	29	29	13.7	32.5	22.2	-999.9	0.0	2.0	97053.1	-999.9
Sikasso	1982	1	30	30	15.3	32.7	22.2	-999.9	0.0	2.4	97067.3	-999.9
Sikasso	1982	1	31	31	15.8	32.8	22.4	-999.9	0.0	2.3	97038.7	-999.9
Sikasso	1982	2	1	32	15.4	33.2	22.3	-999.9	0.0	2.1	96932.6	-999.9
Sikasso	1982	2	2	33	15.3	34.0	22.4	-999.9	0.0	1.9	96721.1	-999.9
Sikasso	1982	2	3	34	16.4	34.9	22.1	-999.9	0.0	2.0	96571.3	-999.9
Sikasso	1982	2	4	35	17.8	35.3	22.0	-999.9	0.0	2.4	96689.6	-999.9
Sikasso	1982	2	5	36	20.2	35.8	22.0	-999.9	0.0	2.5	96781.4	-999.9
Sikasso	1982	2	6	37	19.3	35.4	22.1	-999.9	0.0	2.6	96782.3	-999.9
Sikasso	1982	2	7	38	18.8	34.0	22.6	-999.9	0.0	2.4	96723.8	-999.9
Sikasso	1982	2	8	39	17.6	33.5	22.7	-999.9	0.0	2.3	96734.8	-999.9
Sikasso	1982	2	9	40	17.7	33.5	22.6	-999.9	0.0	2.3	96736.4	-999.9
Sikasso	1982	2	10	41	19.5	34.3	22.1	-999.9	0.0	1.9	96755.4	-999.9
Sikasso	1982	2	11	42	19.7	34.9	22.0	-999.9	1.8	1.5	96821.1	-999.9
Sikasso	1982	2	12	43	20.8	34.9	21.8	-999.9	0.0	1.4	96785.2	-999.9
Sikasso	1982	2	13	44	19.7	35.3	22.4	-999.9	0.0	1.3	96758.8	-999.9
Sikasso	1982	2	14	45	20.6	35.1	22.2	-999.9	0.0	1.8	96728.9	-999.9
Sikasso	1982	2	15	46	22.9	36.0	21.9	-999.9	0.0	1.8	96557.1	-999.9
Sikasso	1982	2	16	47	20.0	35.1	22.0	-999.9	0.0	1.6	96472.2	-999.9
Sikasso	1982	2	17	48	19.7	34.9	21.9	-999.9	0.1	1.4	96484.0	-999.9
Sikasso	1982	2	18	49	22.5	34.1	20.9	-999.9	0.3	2.0	96538.3	-999.9
Sikasso	1982	2	19	50	21.8	32.1	18.3	-999.9	0.3	1.4	96565.5	-999.9
Sikasso	1982	2	20	51	21.5	34.5	20.7	-999.9	0.0	1.7	96642.4	-999.9
Sikasso	1982	2	21	52	20.4	33.6	23.0	-999.9	0.0	2.8	96811.8	-999.9
Sikasso	1982	2	22	53	18.5	34.0	22.9	-999.9	0.0	2.0	96754.8	-999.9
Sikasso	1982	2	23	54	19.2	34.6	23.1	-999.9	0.0	1.7	96673.5	-999.9
Sikasso	1982	2	24	55	20.8	35.1	21.8	-999.9	0.0	1.7	96684.2	-999.9
Sikasso	1982	2	25	56	22.3	35.1	20.8	-999.9	1.7	2.2	96809.9	-999.9
Sikasso	1982	2	26	57	20.6	35.2	23.2	-999.9	0.0	2.2	96838.1	-999.9
Sikasso	1982	2	27	58	20.3	35.7	23.6	-999.9	0.0	1.6	96760.7	-999.9
Sikasso	1982	2	28	59	21.0	36.2	23.9	-999.9	0.0	1.9	96753.1	-999.9
Sikasso	1982	3	1	60	23.4	34.7	22.0	-999.9	0.0	2.6	96975.0	-999.9
Sikasso	1982	3	2	61	20.1	34.3	24.2	-999.9	0.0	2.4	97059.2	-999.9
Sikasso	1982	3	3	62	19.1	34.7	24.5	-999.9	0.0	2.5	96895.6	-999.9
Sikasso	1982	3	4	63	19.5	34.4	24.8	-999.9	0.0	2.5	96868.0	-999.9
Sikasso	1982	3	5	64	18.7	34.5	24.9	-999.9	0.0	2.3	96850.5	-999.9
Sikasso	1982	3	6	65	18.1	34.9	25.0	-999.9	0.0	2.2	96798.1	-999.9
Sikasso	1982	3	7	66	17.8	35.5	25.0	-999.9	0.0	2.1	96788.9	-999.9
Sikasso	1982	3	8	67	19.0	36.4	24.8	-999.9	0.0	2.2	96673.2	-999.9
Sikasso	1982	3	9	68	18.9	36.9	24.8	-999.9	0.0	1.9	96449.5	-999.9
Sikasso	1982	3	10	69	21.6	36.3	22.3	-999.9	0.0	3.1	96309.0	-999.9
Sikasso	1982	3	11	70	23.5	34.4	20.9	-999.9	0.0	2.2	96443.1	-999.9
Sikasso	1982	3	12	71	23.1	32.7	20.0	-999.9	5.4	1.8	96690.8	-999.9
Sikasso	1982	3	13	72	22.0	33.1	20.4	-999.9	5.4	1.3	96767.6	-999.9
Sikasso	1982	3	14	73	23.2	34.4	21.0	-999.9	6.1	1.5	96618.9	-999.9
Sikasso	1982	3	15	74	23.6	36.4	24.0	-999.9	0.0	1.3	96492.9	-999.9
Sikasso	1982	3	16	75	23.5	36.2	22.6	-999.9	0.0	1.6	96426.4	-999.9
Sikasso	1982	3	17	76	24.0	36.4	22.2	-999.9	0.0	2.2	96492.2	-999.9
Sikasso	1982	3	18	77	23.5	31.7	16.3	-999.9	0.0	1.9	96634.0	-999.9
Sikasso	1982	3	19	78	23.1	35.3	18.4	-999.9	0.0	1.3	96610.8	-999.9
Sikasso	1982	3	20	79	24.5	35.0	21.0	-999.9	3.1	1.3	96651.5	-999.9
Sikasso	1982	3	21	80	22.7	34.5	21.2	-999.9	0.0	1.2	96593.2	-999.9
Sikasso	1982	3	22	81	22.3	31.9	19.4	-999.9	0.0	1.3	96634.6	-999.9
Sikasso	1982	3	23	82	21.2	33.9	23.3	-999.9	0.0	1.1	96550.7	-999.9
Sikasso	1982	3	24	83	22.7	34.8	22.3	-999.9	0.0	1.7	96596.9	-999.9
Sikasso	1982	3	25	84	20.4	36.3	24.5	-999.9	0.0	1.8	96625.6	-999.9
Sikasso	1982	3	26	85	20.4	37.0	23.8	-999.9	0.0	1.3	96657.2	-999.9
Sikasso	1982	3	27	86	23.0	39.0	24.5	-999.9	0.0	1.5	96543.2	-999.9
Sikasso	1982	3	28	87	25.1	37.1	22.7	-999.9	0.0	2.4	96506.7	-999.9
Sikasso	1982	3	29	88	23.6	35.8	20.2	-999.9	0.0	2.1	96672.2	-999.9
Sikasso	1982	3	30	89	23.6	36.8	20.1	-999.9	0.0	1.7	96737.8	-999.9
Sikasso	1982	3	31	90	26.1	36.6	20.9	-999.9	0.0	1.7	96630.6	-999.9
Sikasso	1982	4	1	91	25.7	36.8	22.6	-999.9	0.0	2.0	96566.8	-999.9
Sikasso	1982	4	2	92	25.7	36.0	22.5	-999.9	0.0	2.0	96616.2	-999.9
Sikasso	1982	4	3	93	26.2	37.4	23.0	-999.9	0.0	2.0	96607.0	-999.9
Sikasso	1982	4	4	94	26.4	37.8	21.9	-999.9	0.0	2.4	96592.2	-999.9
Sikasso	1982	4	5	95	25.0	37.3	22.6	-999.9	0.0	2.2	96514.0	-999.9
Sikasso	1982	4	6	96	25.0	35.8	22.8	-999.9	0.0	2.2	96553.7	-999.9
Sikasso	1982	4	7	97	24.6	33.2	19.2	-999.9	4.5	2.1	96627.9	-999.9
Sikasso	1982	4	8	98	24.7	35.2	22.2	-999.9	0.0	1.4	96560.2	-999.9
Sikasso	1982	4	9	99	23.4	38.3	25.5	-999.9	0.0	1.4	96498.6	-999.9
Sikasso	1982	4	10	100	24.3	38.0	25.0	-999.9	0.0	2.1	96498.7	-999.9
Sikasso	1982	4	11	101	26.2	36.9	22.1	-999.9	0.0	1.8	96570.0	-999.9
Sikasso	1982	4	12	102	25.7	37.5	21.7	-999.9	0.0	2.0	96517.2	-999.9
Sikasso	1982	4	13	103	23.7	34.9	18.7	-999.9	10.2	2.3	96467.2	-999.9
Sikasso	1982	4	14	104	24.7	35.4	22.1	-999.9	0.0	2.3	96415.4	-999.9
Sikasso	1982	4	15	105	25.1	36.5	21.1	-999.9	3.4	1.9	96598.6	-999.9
Sikasso	1982	4	16	106	24.6	35.7	20.9	-999.9	0.0	1.8	96657.1	-999.9
Sikasso	1982	4	17	107	24.4	35.6	20.2	-999.9	6.5	1.9	96659.0	-999.9
Sikasso	1982	4	18	108	22.5	34.2	19.8	-999.9	6.5	1.7	96599.0	-999.9
Sikasso	1982	4	19	109	24.0	34.5	20.6	-999.9	0.0	1.9	96422.2	-999.9
Sikasso	1982	4	20	110	24.9	32.0	19.2	-999.9	7.5	2.3	96576.7	-999.9
Sikasso	1982	4	21	111	22.8	32.3	20.0	-999.9	12.1	2.0	96766.8	-999.9
Sikasso	1982	4	22	112	22.0	28.5	11.7	-999.9	20.1	2.0	96838.8	-999.9
Sikasso	1982	4	23	113	22.3	33.2	24.6	-999.9	0.0	1.5	96818.5	-999.9
Sikasso	1982	4	24	114	24.4	30.7	17.6	-999.9	9.2	1.4	96824.1	-999.9
Sikasso	1982	4	25	115	23.8	30.3	18.4	-999.9	4.0	2.0	96839.5	-999.9
Sikasso	1982	4	26	116	23.1	31.1	21.0	-999.9	4.2	2.4	96826.2	-999.9
Sikasso	1982	4	27	117	22.8	30.9	20.4	-999.9	0.0	1.8	96853.8	-999.9
Sikasso	1982	4	28	118	23.8	32.0	22.9	-999.9	0.0	1.7	96671.5	-999.9
Sikasso	1982	4	29	119	23.9	32.9	23.8	-999.9	0.0	2.0	96556.5	-999.9
Sikasso	1982	4	30	120	23.5	33.1	23.8	-999.9	0.0	1.9	96623.6	-999.9
Sikasso	1982	5	1	121	24.1	33.0	22.1	-999.9	0.0	2.5	96737.8	-999.9
Sikasso	1982	5	2	122	24.1	32.6	20.8	-999.9	0.0	1.9	96850.8	-999.9
Sikasso	1982	5	3	123	24.2	34.2	19.9	-999.9	5.5	2.1	96881.1	-999.9
Sikasso	1982	5	4	124	23.2	32.1	20.9	-999.9	0.0	2.2	96914.9	-999.9
Sikasso	1982	5	5	125	23.9	34.6	23.9	-999.9	0.0	2.0	96801.6	-999.9
Sikasso	1982	5	6	126	24.0	34.1	23.3	-999.9	0.0	2.2	96717.7	-999.9
Sikasso	1982	5	7	127	25.1	34.7	22.7	-999.9	2.5	2.9	96682.5	-999.9
Sikasso	1982	5	8	128	24.0	31.9	17.1	-999.9	0.0	2.9	96777.6	-999.9
Sikasso	1982	5	9	129	24.0	33.1	22.1	-999.9	0.0	2.4	96717.0	-999.9
Sikasso	1982	5	10	130	23.0	33.1	23.4	-999.9	2.5	1.5	96759.5	-999.9
Sikasso	1982	5	11	131	24.1	33.0	21.2	-999.9	7.0	1.3	96766.8	-999.9
Sikasso	1982	5	12	132	23.4	35.2	24.4	-999.9	0.0	1.4	96656.4	-999.9
Sikasso	1982	5	13	133	23.5	35.8	25.3	-999.9	0.0	2.3	96587.0	-999.9
Sikasso	1982	5	14	134	24.1	33.2	22.8	-999.9	3.5	2.7	96698.1	-999.9
Sikasso	1982	5	15	135	24.6	35.3	24.3	-999.9	0.0	2.6	96681.1	-999.9
Sikasso	1982	5	16	136	25.1	36.9	24.7	-999.9	1.8	1.8	96632.6	-999.9
Sikasso	1982	5	17	137	25.0	35.9	23.9	-999.9	3.6	1.8	96634.8	-999.9
Sikasso	1982	5	18	138	24.9	34.8	22.3	-999.9	3.6	1.6	96571.6	-999.9
Sikasso	1982	5	19	139	24.2	33.0	21.0	-999.9	0.0	2.3	96617.9	-999.9
Sikasso	1982	5	20	140	23.5	34.4	23.7	-999.9	0.0	2.1	96761.9	-999.9
Sikasso	1982	5	21	141	24.2	36.3	23.1	-999.9	2.8	1.5	96787.4	-999.9
Sikasso	1982	5	22	142	24.1	35.3	22.5	-999.9	0.0	2.2	96667.2	-999.9
Sikasso	1982	5	23	143	25.6	36.4	22.8	-999.9	0.0	2.5	96568.7	-999.9
Sikasso	1982	5	24	144	23.9	34.0	21.4	-999.9	5.5	2.3	96563.9	-999.9
Sikasso	1982	5	25	145	24.9	33.2	20.0	-999.9	11.1	1.8	96675.9	-999.9
Sikasso	1982	5	26	146	24.1	34.9	22.6	-999.9	0.0	2.2	96804.1	-999.9
Sikasso	1982	5	27	147	23.6	34.1	20.2	-999.9	13.0	1.7	96816.8	-999.9
Sikasso	1982	5	28	148	22.9	33.1	19.6	-999.9	6.5	1.5	96784.7	-999.9
Sikasso	1982	5	29	149	23.4	31.6	17.4	-999.9	7.4	1.8	96840.7	-999.9
Sikasso	1982	5	30	150	23.5	32.0	19.8	-999.9	19.4	1.6	96980.9	-999.9
Sikasso	1982	5	31	151	23.7	31.4	20.3	-999.9	0.0	1.7	97079.2	-999.9
Sikasso	1982	6	1	152	23.8	31.9	22.0	-999.9	8.4	2.6	97020.1	-999.9
Sikasso	1982	6	2	153	24.2	32.4	21.5	-999.9	8.4	2.3	96977.8	-999.9
Sikasso	1982	6	3	154	22.4	31.3	20.2	-999.9	8.4	2.1	97041.7	-999.9
Sikasso	1982	6	4	155	22.0	32.4	21.1	-999.9	16.8	1.4	97051.7	-999.9
Sikasso	1982	6	5	156	22.4	32.1	21.5	-999.9	42.0	1.3	97110.8	-999.9
Sikasso	1982	6	6	157	24.1	32.6	22.8	-999.9	15.1	1.7	96965.9	-999.9
Sikasso	1982	6	7	158	23.9	32.1	18.8	-999.9	0.0	1.7	96875.8	-999.9
Sikasso	1982	6	8	159	24.2	34.2	23.4	-999.9	0.0	2.4	96825.1	-999.9
Sikasso	1982	6	9	160	23.8	33.7	19.4	-999.9	15.1	1.6	96961.4	-999.9
Sikasso	1982	6	10	161	23.0	32.4	20.2	-999.9	0.0	2.0	96999.8	-999.9
Sikasso	1982	6	11	162	23.4	33.9	23.3	-999.9	0.0	2.1	96907.4	-999.9
Sikasso	1982	6	12	163	24.6	33.3	21.6	-999.9	0.0	2.0	96975.6	-999.9
Sikasso	1982	6	13	164	22.5	32.0	18.1	-999.9	12.1	1.6	97050.8	-999.9
Sikasso	1982	6	14	165	23.6	33.5	23.1	-999.9	0.0	1.7	96989.4	-999.9
Sikasso	1982	6	15	166	24.0	34.6	23.5	-999.9	4.0	2.2	96903.2	-999.9
Sikasso	1982	6	16	167	23.2	31.9	18.5	-999.9	0.0	2.8	96931.1	-999.9
Sikasso	1982	6	17	168	24.2	33.1	21.3	-999.9	0.0	2.1	96997.5	-999.9
Sikasso	1982	6	18	169	23.2	30.5	18.1	-999.9	0.0	2.1	97012.0	-999.9
Sikasso	1982	6	19	170	23.5	31.6	20.7	-999.9	0.0	1.7	96934.4	-999.9
Sikasso	1982	6	20	171	24.1	32.2	21.6	-999.9	0.0	2.0	96889.8	-999.9
Sikasso	1982	6	21	172	24.0	31.9	19.6	-999.9	18.2	2.2	97019.3	-999.9
Sikasso	1982	6	22	173	23.0	32.3	20.9	-999.9	0.0	2.0	97083.7	-999.9
Sikasso	1982	6	23	174	23.7	31.5	18.8	-999.9	0.0	1.8	96987.7	-999.9
Sikasso	1982	6	24	175	22.3	30.1	17.1	-999.9	9.1	1.5	96995.9	-999.9
Sikasso	1982	6	25	176	21.9	31.0	21.5	-999.9	0.0	1.1	97006.2	-999.9
Sikasso	1982	6	26	177	23.1	31.4	20.0	-999.9	0.0	2.1	97016.8	-999.9
Sikasso	1982	6	27	178	23.1	30.8	18.6	-999.9	0.0	2.2	96965.3	-999.9
Sikasso	1982	6	28	179	23.2	31.0	21.0	-999.9	0.0	1.4	96832.3	-999.9
Sikasso	1982	6	29	180	22.5	30.3	16.9	-999.9	0.0	2.0	96937.6	-999.9
Sikasso	1982	6	30	181	22.2	30.3	20.7	-999.9	0.0	1.5	97194.5	-999.9
Sikasso	1982	7	1	182	22.3	31.8	22.2	-999.9	0.0	1.1	97262.5	-999.9
Sikasso	1982	7	2	183	23.6	31.3	19.9	-999.9	0.0	2.2	97031.3	-999.9
Sikasso	1982	7	3	184	22.7	30.2	15.7	-999.9	16.8	2.7	96928.0	-999.9
Sikasso	1982	7	4	185	22.3	30.3	17.3	-999.9	0.0	2.0	96912.6	-999.9
Sikasso	1982	7	5	186	23.1	31.7	21.9	-999.9	8.4	1.4	96993.8	-999.9
Sikasso	1982	7	6	187	24.1	29.9	15.9	-999.9	14.1	2.0	97003.8	-999.9
Sikasso	1982	7	7	188	22.9	31.3	17.7	-999.9	0.0	2.2	96920.6	-999.9
Sikasso	1982	7	8	189	23.4	32.7	22.8	-999.9	0.0	1.8	96780.1	-999.9
Sikasso	1982	7	9	190	24.1	31.1	20.2	-999.9	14.1	1.7	96842.2	-999.9
Sikasso	1982	7	10	191	22.3	29.3	16.1	-999.9	14.1	1.4	96914.6	-999.9
Sikasso	1982	7	11	192	22.1	28.6	18.0	-999.9	0.0	1.6	96950.2	-999.9
Sikasso	1982	7	12	193	22.2	28.7	15.7	-999.9	22.2	1.5	96978.1	-999.9
Sikasso	1982	7	13	194	21.6	27.5	14.4	-999.9	0.0	1.2	97026.2	-999.9
Sikasso	1982	7	14	195	21.4	30.1	21.3	-999.9	11.1	1.3	97033.4	-999.9
Sikasso	1982	7	15	196	22.7	30.0	20.4	-999.9	11.1	1.3	97004.7	-999.9
Sikasso	1982	7	16	197	22.3	29.3	17.1	-999.9	0.0	2.5	96995.6	-999.9
Sikasso	1982	7	17	198	21.6	30.1	20.5	-999.9	36.4	2.0	96957.3	-999.9
Sikasso	1982	7	18	199	21.8	29.1	16.3	-999.9	0.0	1.6	96963.7	-999.9
Sikasso	1982	7	19	200	21.8	30.0	21.1	-999.9	18.2	1.4	96891.1	-999.9
Sikasso	1982	7	20	201	21.4	30.1	20.8	-999.9	0.0	1.5	96932.0	-999.9
Sikasso	1982	7	21	202	22.2	30.7	21.3	-999.9	0.0	1.6	96965.8	-999.9
Sikasso	1982	7	22	203	22.5	29.3	19.8	-999.9	20.2	2.3	96901.2	-999.9
Sikasso	1982	7	23	204	22.1	28.2	16.0	-999.9	0.0	2.6	96979.3	-999.9
Sikasso	1982	7	24	205	21.4	27.7	13.3	-999.9	10.1	2.0	97102.1	-999.9
Sikasso	1982	7	25	206	21.3	29.2	17.5	-999.9	0.0	1.9	96976.3	-999.9
Sikasso	1982	7	26	207	22.2	29.0	19.8	-999.9	0.0	1.9	96993.3	-999.9
Sikasso	1982	7	27	208	22.3	29.4	21.2	-999.9	0.0	1.6	97015.9	-999.9
Sikasso	1982	7	28	209	22.2	29.4	19.0	-999.9	13.6	1.7	97014.5	-999.9
Sikasso	1982	7	29	210	22.0	30.3	21.6	-999.9	0.0	1.9	97058.0	-999.9
Sikasso	1982	7	30	211	22.9	30.3	21.6	-999.9	6.8	1.6	97070.0	-999.9
Sikasso	1982	7	31	212	21.7	28.7	16.0	-999.9	15.5	1.8	97061.8	-999.9
Sikasso	1982	8	1	213	22.1	28.6	15.4	-999.9	0.0	2.1	96955.0	-999.9
Sikasso	1982	8	2	214	21.9	28.8	17.6	-999.9	0.0	2.5	96874.5	-999.9
Sikasso	1982	8	3	215	23.0	28.7	16.9	-999.9	0.0	2.0	96813.2	-999.9
Sikasso	1982	8	4	216	21.8	27.8	13.1	-999.9	6.6	2.0	96825.4	-999.9
Sikasso	1982	8	5	217	22.5	29.3	17.2	-999.9	5.8	2.4	96829.7	-999.9
Sikasso	1982	8	6	218	21.6	24.6	9.1	-999.9	0.0	2.0	96921.5	-999.9
Sikasso	1982	8	7	219	20.7	28.8	18.2	-999.9	0.0	2.2	96941.7	-999.9
Sikasso	1982	8	8	220	20.8	28.3	16.5	-999.9	14.1	1.4	96983.8	-999.9
Sikasso	1982	8	9	221	21.5	28.4	18.4	-999.9	0.0	1.4	96944.9	-999.9
Sikasso	1982	8	10	222	21.9	27.4	15.6	-999.9	0.0	2.1	97010.8	-999.9
Sikasso	1982	8	11	223	21.9	26.5	12.2	-999.9	17.0	2.0	97111.6	-999.9
Sikasso	1982	8	12	224	21.0	29.3	20.7	-999.9	0.0	1.6	97154.4	-999.9
Sikasso	1982	8	13	225	21.7	29.7	19.4	-999.9	17.0	1.5	96990.8	-999.9
Sikasso	1982	8	14	226	21.6	28.6	17.2	-999.9	0.0	1.8	96989.9	-999.9
Sikasso	1982	8	15	227	21.8	28.3	18.0	-999.9	0.0	2.2	97105.4	-999.9
Sikasso	1982	8	16	228	21.7	29.3	20.2	-999.9	4.9	1.4	97073.3	-999.9
Sikasso	1982	8	17	229	21.0	30.3	21.6	-999.9	0.0	1.5	96987.0	-999.9
Sikasso	1982	8	18	230	23.0	30.1	18.6	-999.9	14.8	2.3	96819.6	-999.9
Sikasso	1982	8	19	231	22.1	28.3	15.7	-999.9	4.9	2.5	96992.9	-999.9
Sikasso	1982	8	20	232	22.0	29.1	19.4	-999.9	0.0	1.8	97033.9	-999.9
Sikasso	1982	8	21	233	22.1	28.9	18.4	-999.9	14.1	1.8	97026.8	-999.9
Sikasso	1982	8	22	234	21.8	23.6	6.0	-999.9	42.4	2.0	97054.1	-999.9
Sikasso	1982	8	23	235	21.8	28.6	16.6	-999.9	0.0	1.7	97135.3	-999.9
Sikasso	1982	8	24	236	22.0	28.8	18.6	-999.9	28.3	1.5	96994.1	-999.9
Sikasso	1982	8	25	237	21.8	27.3	15.6	-999.9	0.0	2.0	96930.0	-999.9
Sikasso	1982	8	26	238	21.7	28.2	19.4	-999.9	0.0	1.8	96945.1	-999.9
Sikasso	1982	8	27	239	21.9	29.0	19.0	-999.9	38.3	1.5	96968.6	-999.9
Sikasso	1982	8	28	240	21.7	27.6	12.3	-999.9	0.0	1.4	96925.6	-999.9
Sikasso	1982	8	29	241	20.9	29.2	19.3	-999.9	0.0	1.2	96936.2	-999.9
Sikasso	1982	8	30	242	20.9	29.6	21.7	-999.9	0.0	1.2	96887.9	-999.9
Sikasso	1982	8	31	243	22.1	29.5	21.2	-999.9	0.0	1.7	96918.7	-999.9
Sikasso	1982	9	1	244	22.3	29.7	19.7	-999.9	27.4	1.3	96922.9	-999.9
Sikasso	1982	9	2	245	21.4	29.5	19.3	-999.9	0.0	1.4	96961.3	-999.9
Sikasso	1982	9	3	246	22.0	29.8	21.2	-999.9	0.0	1.2	96938.8	-999.9
Sikasso	1982	9	4	247	22.2	29.1	17.5	-999.9	24.0	1.4	96866.2	-999.9
Sikasso	1982	9	5	248	22.0	28.4	13.1	-999.9	0.0	1.0	96927.6	-999.9
Sikasso	1982	9	6	249	20.7	29.8	21.4	-999.9	0.0	1.1	97018.3	-999.9
Sikasso	1982	9	7	250	21.4	29.6	20.1	-999.9	4.4	1.2	97030.4	-999.9
Sikasso	1982	9	8	251	21.5	29.5	18.7	-999.9	0.0	1.2	96980.4	-999.9
Sikasso	1982	9	9	252	21.8	29.1	17.9	-999.9	4.4	1.6	96994.2	-999.9
Sikasso	1982	9	10	253	22.1	29.0	18.6	-999.9	8.8	1.4	97003.2	-999.9
Sikasso	1982	9	11	254	22.1	29.0	17.7	-999.9	9.5	1.3	97046.9	-999.9
Sikasso	1982	9	12	255	20.9	29.4	20.5	-999.9	0.0	1.3	97065.2	-999.9
Sikasso	1982	9	13	256	22.0	29.5	20.2	-999.9	5.4	1.0	96983.2	-999.9
Sikasso	1982	9	14	257	21.4	30.9	21.7	-999.9	10.8	1.6	96854.4	-999.9
Sikasso	1982	9	15	258	21.7	27.9	16.1	-999.9	4.7	1.4	96921.8	-999.9
Sikasso	1982	9	16	259	21.4	29.2	19.4	-999.9	0.0	1.6	97059.7	-999.9
Sikasso	1982	9	17	260	20.8	30.4	21.5	-999.9	0.0	1.1	97034.4	-999.9
Sikasso	1982	9	18	261	22.6	30.4	21.1	-999.9	0.0	1.9	96861.5	-999.9
Sikasso	1982	9	19	262	22.1	30.0	19.5	-999.9	7.2	1.8	96922.1	-999.9
Sikasso	1982	9	20	263	21.8	30.3	20.1	-999.9	0.0	1.3	97065.8	-999.9
Sikasso	1982	9	21	264	21.0	30.4	21.2	-999.9	0.0	1.1	97075.9	-999.9
Sikasso	1982	9	22	265	21.8	30.3	20.6	-999.9	0.0	1.0	97024.8	-999.9
Sikasso	1982	9	23	266	22.0	30.5	20.4	-999.9	6.2	1.6	96886.0	-999.9
Sikasso	1982	9	24	267	22.7	29.4	17.9	-999.9	0.0	1.8	96836.5	-999.9
Sikasso	1982	9	25	268	21.6	28.3	15.7	-999.9	12.5	1.2	96947.8	-999.9
Sikasso	1982	9	26	269	20.6	30.2	20.4	-999.9	0.0	1.3	97015.5	-999.9
Sikasso	1982	9	27	270	22.3	31.4	22.4	-999.9	5.7	1.2	96915.9	-999.9
Sikasso	1982	9	28	271	23.6	30.8	20.4	-999.9	10.0	1.6	96753.4	-999.9
Sikasso	1982	9	29	272	22.8	30.7	21.8	-999.9	5.0	1.8	96882.8	-999.9
Sikasso	1982	9	30	273	21.5	29.8	21.0	-999.9	0.0	1.3	96951.2	-999.9
Sikasso	1982	10	1	274	21.4	30.1	22.0	-999.9	0.0	1.3	96879.9	-999.9
Sikasso	1982	10	2	275	21.0	30.2	21.2	-999.9	0.0	1.3	96813.7	-999.9
Sikasso	1982	10	3	276	21.6	28.3	17.4	-999.9	0.0	1.4	96904.2	-999.9
Sikasso	1982	10	4	277	20.6	29.8	20.3	-999.9	6.4	1.1	96929.3	-999.9
Sikasso	1982	10	5	278	22.3	30.3	20.3	-999.9	0.0	1.3	96912.0	-999.9
Sikasso	1982	10	6	279	22.2	30.7	21.4	-999.9	4.7	1.4	96887.6	-999.9
Sikasso	1982	10	7	280	20.9	30.0	20.8	-999.9	16.0	1.4	96913.2	-999.9
Sikasso	1982	10	8	281	21.3	29.8	18.0	-999.9	5.3	1.3	96890.8	-999.9
Sikasso	1982	10	9	282	21.1	28.4	15.8	-999.9	0.0	1.3	96846.0	-999.9
Sikasso	1982	10	10	283	20.9	30.6	21.0	-999.9	0.0	1.5	96768.9	-999.9
Sikasso	1982	10	11	284	22.4	29.6	18.3	-999.9	6.6	1.5	96757.9	-999.9
Sikasso	1982	10	12	285	22.0	29.4	20.3	-999.9	0.0	1.5	96856.9	-999.9
Sikasso	1982	10	13	286	21.3	29.1	17.3	-999.9	5.8	1.1	96836.9	-999.9
Sikasso	1982	10	14	287	21.4	29.9	19.2	-999.9	5.8	1.3	96821.4	-999.9
Sikasso	1982	10	15	288	22.0	29.9	19.9	-999.9	0.0	1.6	96881.0	-999.9
Sikasso	1982	10	16	289	22.1	30.1	20.8	-999.9	0.0	1.1	96889.7	-999.9
Sikasso	1982	10	17	290	21.2	29.1	16.8	-999.9	0.0	0.9	96842.9	-999.9
Sikasso	1982	10	18	291	21.1	30.0	19.9	-999.9	1.5	1.3	96801.0	-999.9
Sikasso	1982	10	19	292	21.6	28.9	17.1	-999.9	3.0	1.3	96843.7	-999.9
Sikasso	1982	10	20	293	22.0	29.9	20.1	-999.9	3.5	1.3	96906.9	-999.9
Sikasso	1982	10	21	294	21.8	28.3	14.4	-999.9	1.6	1.3	96801.1	-999.9
Sikasso	1982	10	22	295	21.5	30.1	19.7	-999.9	0.0	1.3	96626.0	-999.9
Sikasso	1982	10	23	296	21.5	30.1	19.7	-999.9	3.2	1.2	96777.4	-999.9
Sikasso	1982	10	24	297	21.3	30.1	18.7	-999.9	0.0	1.1	96921.7	-999.9
Sikasso	1982	10	25	298	21.6	30.7	21.1	-999.9	0.0	1.2	96930.8	-999.9
Sikasso	1982	10	26	299	21.6	30.3	20.8	-999.9	0.0	1.5	96813.1	-999.9
Sikasso	1982	10	27	300	21.6	29.6	20.2	-999.9	0.0	2.0	96749.9	-999.9
Sikasso	1982	10	28	301	21.6	29.2	18.7	-999.9	1.7	1.6	96798.1	-999.9
Sikasso	1982	10	29	302	21.1	29.0	17.8	-999.9	0.0	1.5	96903.8	-999.9
Sikasso	1982	10	30	303	21.1	29.0	17.0	-999.9	3.3	1.4	96930.9	-999.9
Sikasso	1982	10	31	304	20.4	27.9	16.5	-999.9	0.0	0.9	96862.9	-999.9
Sikasso	1982	11	1	305	19.0	29.6	19.9	-999.9	0.0	1.0	96699.6	-999.9
Sikasso	1982	11	2	306	20.4	29.4	18.5	-999.9	3.6	0.9	96696.4	-999.9
Sikasso	1982	11	3	307	20.0	31.5	20.7	-999.9	0.0	1.3	96831.2	-999.9
Sikasso	1982	11	4	308	20.9	31.0	19.6	-999.9	0.0	1.3	96904.8	-999.9
Sikasso	1982	11	5	309	19.5	32.2	21.0	-999.9	0.0	1.3	96798.5	-999.9
Sikasso	1982	11	6	310	21.2	31.7	19.6	-999.9	0.0	1.2	96651.8	-999.9
Sikasso	1982	11	7	311	21.0	30.5	19.6	-999.9	0.0	1.3	96684.2	-999.9
Sikasso	1982	11	8	312	21.2	30.5	18.7	-999.9	0.0	1.3	96949.8	-999.9
Sikasso	1982	11	9	313	20.9	32.2	19.7	-999.9	0.0	1.2	96950.4	-999.9
Sikasso	1982	11	10	314	20.3	33.4	21.6	-999.9	0.0	1.3	96787.3	-999.9
Sikasso	1982	11	11	315	19.3	32.0	20.3	-999.9	0.0	1.2	96763.4	-999.9
Sikasso	1982	11	12	316	19.0	32.3	20.0	-999.9	0.0	1.0	96752.0	-999.9
Sikasso	1982	11	13	317	17.4	32.6	21.7	-999.9	0.0	1.3	96869.8	-999.9
Sikasso	1982	11	14	318	16.8	32.2	21.6	-999.9	0.0	1.5	96893.2	-999.9
Sikasso	1982	11	15	319	16.5	32.5	21.5	-999.9	0.0	1.6	96874.8	-999.9
Sikasso	1982	11	16	320	18.0	32.4	21.2	-999.9	0.0	1.4	96831.7	-999.9
Sikasso	1982	11	17	321	17.8	32.5	21.2	-999.9	0.0	1.4	96801.9	-999.9
Sikasso	1982	11	18	322	17.4	32.2	21.3	-999.9	0.0	1.8	96785.5	-999.9
Sikasso	1982	11	19	323	15.1	31.5	21.4	-999.9	0.0	1.7	96854.0	-999.9
Sikasso	1982	11	20	324	15.3	32.1	21.3	-999.9	0.0	1.8	96875.5	-999.9
Sikasso	1982	11	21	325	17.0	31.7	21.2	-999.9	0.0	2.2	96868.0	-999.9
Sikasso	1982	11	22	326	15.4	30.8	20.4	-999.9	0.0	1.7	96861.8	-999.9
Sikasso	1982	11	23	327	15.2	31.0	20.9	-999.9	0.0	1.9	96914.0	-999.9
Sikasso	1982	11	24	328	17.4	31.6	20.8	-999.9	0.0	2.1	96934.9	-999.9
Sikasso	1982	11	25	329	16.5	31.3	20.6	-999.9	0.0	1.8	96960.8	-999.9
Sikasso	1982	11	26	330	15.3	31.0	21.0	-999.9	0.0	1.6	96919.9	-999.9
Sikasso	1982	11	27	331	14.4	31.1	21.0	-999.9	0.0	1.8	96861.4	-999.9
Sikasso	1982	11	28	332	15.0	30.5	20.9	-999.9	0.0	1.8	96925.6	-999.9
Sikasso	1982	11	29	333	14.8	30.4	21.1	-999.9	0.0	1.8	97054.7	-999.9
Sikasso	1982	11	30	334	13.7	31.2	21.1	-999.9	0.0	1.9	97111.2	-999.9
Sikasso	1982	12	1	335	13.8	31.9	20.9	-999.9	0.0	2.0	97100.4	-999.9
Sikasso	1982	12	2	336	15.6	32.0	20.9	-999.9	0.0	2.1	97054.2	-999.9
Sikasso	1982	12	3	337	15.5	31.9	21.0	-999.9	0.0	2.3	96979.8	-999.9
Sikasso	1982	12	4	338	13.7	32.0	20.9	-999.9	0.0	2.1	96860.1	-999.9
Sikasso	1982	12	5	339	16.6	29.2	19.3	-999.9	0.0	2.6	96870.1	-999.9
Sikasso	1982	12	6	340	13.7	25.6	19.9	-999.9	0.0	2.4	97004.8	-999.9
Sikasso	1982	12	7	341	11.3	25.3	20.4	-999.9	0.0	2.3	97103.0	-999.9
Sikasso	1982	12	8	342	11.9	26.3	19.4	-999.9	0.0	2.2	97239.1	-999.9
Sikasso	1982	12	9	343	14.7	27.4	17.3	-999.9	0.8	2.3	97287.6	-999.9
Sikasso	1982	12	10	344	16.7	28.7	16.1	-999.9	0.0	2.5	97218.5	-999.9
Sikasso	1982	12	11	345	16.9	30.5	19.5	-999.9	0.0	2.3	96999.4	-999.9
Sikasso	1982	12	12	346	16.6	31.2	18.9	-999.9	0.0	1.9	96879.2	-999.9
Sikasso	1982	12	13	347	16.0	32.0	20.0	-999.9	0.0	1.7	96854.4	-999.9
Sikasso	1982	12	14	348	14.9	32.1	20.1	-999.9	0.0	1.7	96895.9	-999.9
Sikasso	1982	12	15	349	16.5	32.7	19.5	-999.9	0.0	1.5	96881.1	-999.9
Sikasso	1982	12	16	350	19.0	32.9	19.7	-999.9	0.0	1.7	96864.3	-999.9
Sikasso	1982	12	17	351	17.1	30.7	19.6	-999.9	0.4	2.2	96885.8	-999.9
Sikasso	1982	12	18	352	14.8	29.1	18.6	-999.9	0.0	1.9	96890.7	-999.9
Sikasso	1982	12	19	353	13.8	31.2	20.0	-999.9	0.0	1.7	96967.9	-999.9
Sikasso	1982	12	20	354	14.6	31.6	20.1	-999.9	0.0	1.9	97072.7	-999.9
Sikasso	1982	12	21	355	15.5	32.7	20.2	-999.9	0.0	1.8	96962.5	-999.9
Sikasso	1982	12	22	356	15.2	33.0	20.2	-999.9	0.0	1.7	96794.8	-999.9
Sikasso	1982	12	23	357	16.0	32.6	20.0	-999.9	0.0	2.1	96808.0	-999.9
Sikasso	1982	12	24	358	16.2	31.9	19.6	-999.9	0.0	2.2	96818.2	-999.9
Sikasso	1982	12	25	359	17.9	30.9	19.2	-999.9	0.0	2.6	97003.2	-999.9
Sikasso	1982	12	26	360	16.2	30.8	19.9	-999.9	0.0	2.7	97111.8	-999.9
Sikasso	1982	12	27	361	14.8	29.6	20.1	-999.9	0.0	2.3	97029.3	-999.9
Sikasso	1982	12	28	362	13.5	29.6	20.2	-999.9	0.0	1.9	96870.4	-999.9
Sikasso	1982	12	29	363	13.6	31.1	20.2	-999.9	0.0	1.9	96807.1	-999.9
Sikasso	1982	12	30	364	14.9	32.2	20.3	-999.9	0.0	2.1	96770.9	-999.9
Sikasso	1982	12	31	365	16.3	32.2	19.7	-999.9	0.0	2.0	96865.4	-999.9
