Sikasso	1984	1	1	1	13.9	31.9	20.5	-999.9	0.0	2.0	96901.1	-999.9
Sikasso	1984	1	2	2	16.5	32.6	20.4	-999.9	0.0	2.2	96897.1	-999.9
Sikasso	1984	1	3	3	17.7	32.9	20.1	-999.9	0.0	2.2	96997.1	-999.9
Sikasso	1984	1	4	4	16.7	32.6	20.5	-999.9	0.0	2.0	96970.0	-999.9
Sikasso	1984	1	5	5	16.8	32.6	20.4	-999.9	0.0	2.0	96918.1	-999.9
Sikasso	1984	1	6	6	15.6	31.7	20.5	-999.9	0.0	2.0	96918.8	-999.9
Sikasso	1984	1	7	7	15.4	29.4	20.5	-999.9	0.0	2.7	97096.2	-999.9
Sikasso	1984	1	8	8	13.5	28.4	20.5	-999.9	0.0	2.2	97091.2	-999.9
Sikasso	1984	1	9	9	12.7	30.4	20.7	-999.9	0.0	1.6	96885.8	-999.9
Sikasso	1984	1	10	10	14.8	32.4	20.6	-999.9	0.0	1.9	96824.9	-999.9
Sikasso	1984	1	11	11	15.7	33.1	20.5	-999.9	0.4	2.1	96813.8	-999.9
Sikasso	1984	1	12	12	16.5	33.0	20.7	-999.9	0.0	2.2	96854.6	-999.9
Sikasso	1984	1	13	13	17.2	33.3	21.0	-999.9	0.0	2.5	96914.1	-999.9
Sikasso	1984	1	14	14	16.3	33.1	21.1	-999.9	0.0	2.5	96902.5	-999.9
Sikasso	1984	1	15	15	16.9	33.6	21.2	-999.9	0.0	2.3	96787.5	-999.9
Sikasso	1984	1	16	16	17.8	33.0	21.1	-999.9	0.0	2.1	96833.8	-999.9
Sikasso	1984	1	17	17	17.1	32.3	21.2	-999.9	0.0	2.0	96893.2	-999.9
Sikasso	1984	1	18	18	16.1	32.0	21.3	-999.9	0.0	1.8	96812.7	-999.9
Sikasso	1984	1	19	19	15.9	32.4	21.3	-999.9	0.0	1.7	96721.9	-999.9
Sikasso	1984	1	20	20	16.2	32.6	21.3	-999.9	0.0	1.8	96686.5	-999.9
Sikasso	1984	1	21	21	17.0	32.9	21.4	-999.9	0.0	2.2	96768.8	-999.9
Sikasso	1984	1	22	22	17.0	33.2	21.5	-999.9	0.0	2.1	96827.1	-999.9
Sikasso	1984	1	23	23	17.7	33.0	21.6	-999.9	0.0	2.6	96799.5	-999.9
Sikasso	1984	1	24	24	16.1	32.1	21.9	-999.9	0.0	2.3	96766.7	-999.9
Sikasso	1984	1	25	25	15.5	32.9	22.0	-999.9	0.0	2.2	96728.8	-999.9
Sikasso	1984	1	26	26	15.5	34.0	21.9	-999.9	0.0	1.9	96672.4	-999.9
Sikasso	1984	1	27	27	16.5	34.4	21.9	-999.9	0.0	2.0	96635.3	-999.9
Sikasso	1984	1	28	28	16.8	34.8	21.9	-999.9	0.0	1.8	96600.2	-999.9
Sikasso	1984	1	29	29	17.4	35.4	21.8	-999.9	0.0	1.7	96591.6	-999.9
Sikasso	1984	1	30	30	16.9	34.0	22.0	-999.9	0.0	1.9	96627.2	-999.9
Sikasso	1984	1	31	31	17.5	32.8	21.8	-999.9	0.0	2.6	96744.3	-999.9
Sikasso	1984	2	1	32	16.3	31.6	22.0	-999.9	0.0	2.6	96781.2	-999.9
Sikasso	1984	2	2	33	15.2	31.5	22.0	-999.9	0.0	2.1	96777.4	-999.9
Sikasso	1984	2	3	34	15.8	31.8	22.1	-999.9	0.0	2.3	96757.1	-999.9
Sikasso	1984	2	4	35	15.9	31.2	22.2	-999.9	0.0	2.8	96861.2	-999.9
Sikasso	1984	2	5	36	14.0	29.2	22.9	-999.9	0.0	2.9	96896.9	-999.9
Sikasso	1984	2	6	37	12.0	29.7	23.2	-999.9	0.0	2.5	96880.9	-999.9
Sikasso	1984	2	7	38	12.7	29.9	23.1	-999.9	0.0	2.4	96951.2	-999.9
Sikasso	1984	2	8	39	13.0	30.2	23.1	-999.9	0.0	2.4	96943.8	-999.9
Sikasso	1984	2	9	40	13.1	30.8	22.9	-999.9	0.0	2.0	96837.3	-999.9
Sikasso	1984	2	10	41	14.2	31.9	22.9	-999.9	0.0	2.0	96777.6	-999.9
Sikasso	1984	2	11	42	15.5	33.3	22.8	-999.9	0.0	2.0	96766.4	-999.9
Sikasso	1984	2	12	43	15.2	33.5	22.8	-999.9	0.0	2.1	96786.8	-999.9
Sikasso	1984	2	13	44	16.6	34.1	22.8	-999.9	0.0	2.1	96773.7	-999.9
Sikasso	1984	2	14	45	17.1	33.9	23.0	-999.9	0.0	2.1	96733.0	-999.9
Sikasso	1984	2	15	46	16.8	35.0	23.1	-999.9	0.0	2.1	96694.1	-999.9
Sikasso	1984	2	16	47	17.6	35.6	23.0	-999.9	0.0	2.2	96632.2	-999.9
Sikasso	1984	2	17	48	17.4	35.6	23.3	-999.9	0.0	2.3	96562.2	-999.9
Sikasso	1984	2	18	49	19.2	35.6	23.4	-999.9	0.0	2.5	96605.2	-999.9
Sikasso	1984	2	19	50	18.4	35.4	23.6	-999.9	0.0	2.2	96638.0	-999.9
Sikasso	1984	2	20	51	17.7	36.2	23.7	-999.9	0.0	2.1	96624.7	-999.9
Sikasso	1984	2	21	52	18.7	36.4	23.7	-999.9	0.0	2.2	96624.0	-999.9
Sikasso	1984	2	22	53	19.3	36.4	23.5	-999.9	0.0	2.3	96637.3	-999.9
Sikasso	1984	2	23	54	20.3	36.5	23.4	-999.9	0.0	2.4	96638.7	-999.9
Sikasso	1984	2	24	55	19.4	35.6	23.7	-999.9	0.0	2.1	96570.1	-999.9
Sikasso	1984	2	25	56	18.9	36.8	23.6	-999.9	0.0	2.2	96450.7	-999.9
Sikasso	1984	2	26	57	19.2	36.5	23.9	-999.9	0.0	2.2	96427.3	-999.9
Sikasso	1984	2	27	58	18.6	37.5	23.2	-999.9	0.0	1.7	96429.1	-999.9
Sikasso	1984	2	28	59	22.9	36.5	21.4	-999.9	0.0	1.7	96510.9	-999.9
Sikasso	1984	2	29	60	23.6	37.4	21.4	-999.9	0.0	1.7	96459.4	-999.9
Sikasso	1984	3	1	61	21.7	37.9	24.0	-999.9	0.0	1.7	96440.8	-999.9
Sikasso	1984	3	2	62	21.1	36.8	22.8	-999.9	0.0	1.7	96577.4	-999.9
Sikasso	1984	3	3	63	23.6	36.9	21.8	-999.9	0.0	1.6	96544.8	-999.9
Sikasso	1984	3	4	64	21.4	37.8	24.0	-999.9	0.0	1.3	96469.1	-999.9
Sikasso	1984	3	5	65	26.9	37.9	22.4	-999.9	0.0	2.3	96489.5	-999.9
Sikasso	1984	3	6	66	25.1	37.0	21.0	-999.9	0.0	2.1	96470.9	-999.9
Sikasso	1984	3	7	67	24.4	36.2	21.1	-999.9	0.0	2.4	96331.9	-999.9
Sikasso	1984	3	8	68	24.6	38.3	23.2	-999.9	0.0	1.6	96267.0	-999.9
Sikasso	1984	3	9	69	23.7	36.2	22.5	-999.9	0.0	2.0	96336.6	-999.9
Sikasso	1984	3	10	70	25.1	36.5	21.7	-999.9	0.0	1.8	96409.1	-999.9
Sikasso	1984	3	11	71	23.4	32.4	18.5	-999.9	2.5	1.4	96672.2	-999.9
Sikasso	1984	3	12	72	21.8	30.6	16.9	-999.9	2.5	1.7	96826.9	-999.9
Sikasso	1984	3	13	73	20.8	34.2	23.6	-999.9	0.0	1.4	96651.8	-999.9
Sikasso	1984	3	14	74	24.9	34.8	21.6	-999.9	0.0	1.4	96518.8	-999.9
Sikasso	1984	3	15	75	24.3	35.0	20.5	-999.9	0.0	1.3	96433.1	-999.9
Sikasso	1984	3	16	76	23.2	35.8	23.6	-999.9	0.0	1.8	96426.7	-999.9
Sikasso	1984	3	17	77	21.6	37.4	24.7	-999.9	0.0	1.8	96363.7	-999.9
Sikasso	1984	3	18	78	23.7	38.0	23.7	-999.9	0.0	1.4	96389.2	-999.9
Sikasso	1984	3	19	79	24.2	38.7	24.3	-999.9	0.0	1.3	96308.1	-999.9
Sikasso	1984	3	20	80	27.4	38.6	23.0	-999.9	0.0	2.5	96243.7	-999.9
Sikasso	1984	3	21	81	26.1	36.0	20.7	-999.9	0.0	2.6	96400.4	-999.9
Sikasso	1984	3	22	82	26.2	36.8	21.3	-999.9	0.0	2.3	96449.7	-999.9
Sikasso	1984	3	23	83	24.3	36.2	23.6	-999.9	0.0	2.0	96699.2	-999.9
Sikasso	1984	3	24	84	23.6	36.6	24.6	-999.9	0.0	2.6	96755.1	-999.9
Sikasso	1984	3	25	85	24.3	37.3	24.8	-999.9	0.0	2.2	96652.0	-999.9
Sikasso	1984	3	26	86	21.2	37.8	25.9	-999.9	0.0	2.1	96572.3	-999.9
Sikasso	1984	3	27	87	21.1	38.1	25.4	-999.9	0.0	1.7	96487.9	-999.9
Sikasso	1984	3	28	88	21.1	38.7	25.6	-999.9	0.0	2.0	96523.6	-999.9
Sikasso	1984	3	29	89	22.0	38.7	25.2	-999.9	0.0	1.9	96611.6	-999.9
Sikasso	1984	3	30	90	22.9	38.9	26.0	-999.9	0.0	2.7	96547.2	-999.9
Sikasso	1984	3	31	91	21.8	38.6	25.9	-999.9	0.0	2.1	96461.6	-999.9
Sikasso	1984	4	1	92	22.3	38.4	25.4	-999.9	0.0	1.5	96427.4	-999.9
Sikasso	1984	4	2	93	25.1	38.5	24.6	-999.9	0.0	1.8	96374.8	-999.9
Sikasso	1984	4	3	94	25.8	36.7	21.7	-999.9	4.0	2.0	96446.6	-999.9
Sikasso	1984	4	4	95	25.1	35.9	19.2	-999.9	0.0	2.1	96503.7	-999.9
Sikasso	1984	4	5	96	24.8	38.3	21.9	-999.9	0.0	1.9	96459.9	-999.9
Sikasso	1984	4	6	97	25.5	38.5	24.5	-999.9	0.0	1.7	96510.0	-999.9
Sikasso	1984	4	7	98	25.8	38.8	23.6	-999.9	0.0	2.1	96374.2	-999.9
Sikasso	1984	4	8	99	26.7	38.6	23.7	-999.9	0.0	2.4	96364.9	-999.9
Sikasso	1984	4	9	100	27.0	37.9	22.6	-999.9	0.0	2.8	96424.3	-999.9
Sikasso	1984	4	10	101	27.0	36.7	20.7	-999.9	3.2	2.5	96562.7	-999.9
Sikasso	1984	4	11	102	23.8	35.8	22.0	-999.9	0.0	1.6	96649.9	-999.9
Sikasso	1984	4	12	103	27.0	36.9	21.2	-999.9	0.0	2.0	96574.5	-999.9
Sikasso	1984	4	13	104	25.7	37.8	23.1	-999.9	0.0	2.6	96491.1	-999.9
Sikasso	1984	4	14	105	23.9	36.2	21.4	-999.9	0.0	2.5	96580.1	-999.9
Sikasso	1984	4	15	106	26.1	37.4	23.4	-999.9	0.0	1.9	96539.6	-999.9
Sikasso	1984	4	16	107	25.1	36.2	22.7	-999.9	0.0	1.3	96520.2	-999.9
Sikasso	1984	4	17	108	27.0	37.0	21.4	-999.9	0.0	1.4	96420.5	-999.9
Sikasso	1984	4	18	109	25.6	36.6	22.3	-999.9	0.0	2.0	96462.1	-999.9
Sikasso	1984	4	19	110	26.0	37.8	23.9	-999.9	3.3	1.8	96442.9	-999.9
Sikasso	1984	4	20	111	25.3	38.2	25.1	-999.9	3.3	2.1	96401.9	-999.9
Sikasso	1984	4	21	112	26.8	38.9	24.6	-999.9	0.0	2.2	96352.4	-999.9
Sikasso	1984	4	22	113	26.4	38.8	25.4	-999.9	0.0	2.2	96436.7	-999.9
Sikasso	1984	4	23	114	26.6	37.6	22.5	-999.9	0.0	2.3	96572.9	-999.9
Sikasso	1984	4	24	115	25.0	37.3	21.4	-999.9	4.8	2.4	96644.2	-999.9
Sikasso	1984	4	25	116	24.4	35.0	23.8	-999.9	7.2	2.3	96609.4	-999.9
Sikasso	1984	4	26	117	23.8	34.1	22.7	-999.9	0.0	1.8	96588.4	-999.9
Sikasso	1984	4	27	118	22.7	32.8	23.1	-999.9	0.0	1.2	96669.0	-999.9
Sikasso	1984	4	28	119	23.5	33.8	20.1	-999.9	8.3	1.4	96616.3	-999.9
Sikasso	1984	4	29	120	23.7	35.5	20.6	-999.9	0.0	2.5	96494.7	-999.9
Sikasso	1984	4	30	121	25.5	31.9	20.6	-999.9	12.5	2.4	96673.0	-999.9
Sikasso	1984	5	1	122	25.2	35.8	21.5	-999.9	2.7	1.6	96661.9	-999.9
Sikasso	1984	5	2	123	24.4	31.0	16.2	-999.9	2.7	1.6	96811.9	-999.9
Sikasso	1984	5	3	124	24.0	35.0	23.0	-999.9	2.7	2.0	96644.8	-999.9
Sikasso	1984	5	4	125	24.7	38.3	25.5	-999.9	2.7	3.0	96431.4	-999.9
Sikasso	1984	5	5	126	26.3	35.9	23.6	-999.9	2.7	2.2	96520.8	-999.9
Sikasso	1984	5	6	127	25.2	35.8	24.2	-999.9	6.5	1.9	96625.3	-999.9
Sikasso	1984	5	7	128	24.8	36.3	22.4	-999.9	6.5	2.1	96518.9	-999.9
Sikasso	1984	5	8	129	24.7	35.1	22.5	-999.9	3.2	2.7	96487.4	-999.9
Sikasso	1984	5	9	130	23.5	32.9	18.0	-999.9	9.7	1.7	96569.9	-999.9
Sikasso	1984	5	10	131	24.4	32.5	20.3	-999.9	0.0	1.7	96503.1	-999.9
Sikasso	1984	5	11	132	23.5	31.9	18.3	-999.9	14.9	1.6	96569.6	-999.9
Sikasso	1984	5	12	133	23.3	35.2	23.8	-999.9	0.0	1.6	96555.4	-999.9
Sikasso	1984	5	13	134	24.5	35.8	24.9	-999.9	0.0	2.2	96515.0	-999.9
Sikasso	1984	5	14	135	24.9	36.3	24.8	-999.9	0.0	2.3	96419.9	-999.9
Sikasso	1984	5	15	136	25.7	36.4	23.8	-999.9	0.0	2.2	96320.7	-999.9
Sikasso	1984	5	16	137	25.8	34.7	22.3	-999.9	7.5	2.4	96476.5	-999.9
Sikasso	1984	5	17	138	23.9	33.8	22.6	-999.9	3.8	1.8	96720.2	-999.9
Sikasso	1984	5	18	139	24.5	35.4	24.0	-999.9	0.0	1.4	96695.2	-999.9
Sikasso	1984	5	19	140	25.4	35.7	23.5	-999.9	3.8	2.0	96611.1	-999.9
Sikasso	1984	5	20	141	23.6	36.0	23.7	-999.9	0.0	2.0	96530.3	-999.9
Sikasso	1984	5	21	142	24.1	34.1	21.9	-999.9	0.0	2.2	96642.8	-999.9
Sikasso	1984	5	22	143	24.9	33.1	20.8	-999.9	12.2	2.2	96707.2	-999.9
Sikasso	1984	5	23	144	24.3	35.1	23.5	-999.9	0.0	1.9	96692.5	-999.9
Sikasso	1984	5	24	145	24.3	32.3	19.7	-999.9	0.0	1.5	96614.7	-999.9
Sikasso	1984	5	25	146	24.4	34.2	23.1	-999.9	0.0	1.7	96484.9	-999.9
Sikasso	1984	5	26	147	23.2	32.7	21.9	-999.9	13.2	1.6	96562.4	-999.9
Sikasso	1984	5	27	148	24.2	33.1	23.1	-999.9	0.0	1.7	96752.8	-999.9
Sikasso	1984	5	28	149	24.1	34.1	24.2	-999.9	0.0	1.7	96812.6	-999.9
Sikasso	1984	5	29	150	23.2	36.0	23.5	-999.9	6.6	2.2	96543.7	-999.9
Sikasso	1984	5	30	151	25.1	34.0	22.9	-999.9	6.6	2.4	96537.5	-999.9
Sikasso	1984	5	31	152	23.1	30.6	16.8	-999.9	6.6	1.9	96852.4	-999.9
Sikasso	1984	6	1	153	22.1	27.4	13.4	-999.9	12.8	1.1	97072.6	-999.9
Sikasso	1984	6	2	154	22.2	30.3	21.9	-999.9	0.0	1.1	97050.9	-999.9
Sikasso	1984	6	3	155	22.7	31.1	23.3	-999.9	0.0	1.6	96878.5	-999.9
Sikasso	1984	6	4	156	23.0	33.3	24.8	-999.9	0.0	2.2	96700.6	-999.9
Sikasso	1984	6	5	157	23.8	33.5	24.6	-999.9	0.0	2.2	96774.3	-999.9
Sikasso	1984	6	6	158	24.2	32.2	19.5	-999.9	0.0	1.9	96816.5	-999.9
Sikasso	1984	6	7	159	22.5	31.8	22.4	-999.9	0.0	1.7	96827.2	-999.9
Sikasso	1984	6	8	160	23.2	32.5	23.9	-999.9	0.0	1.4	96723.4	-999.9
Sikasso	1984	6	9	161	24.2	32.1	22.6	-999.9	0.0	1.8	96663.7	-999.9
Sikasso	1984	6	10	162	23.7	33.1	24.1	-999.9	0.0	2.0	96725.5	-999.9
Sikasso	1984	6	11	163	24.4	33.1	23.9	-999.9	9.5	2.1	96707.2	-999.9
Sikasso	1984	6	12	164	24.9	34.4	23.7	-999.9	0.0	3.1	96446.3	-999.9
Sikasso	1984	6	13	165	23.3	31.9	20.9	-999.9	19.0	2.4	96645.8	-999.9
Sikasso	1984	6	14	166	22.6	30.1	18.5	-999.9	0.0	2.3	96966.2	-999.9
Sikasso	1984	6	15	167	22.1	32.5	23.6	-999.9	0.0	1.2	96960.9	-999.9
Sikasso	1984	6	16	168	25.1	32.8	21.3	-999.9	7.7	2.0	96697.3	-999.9
Sikasso	1984	6	17	169	22.7	31.8	20.1	-999.9	3.9	2.8	96634.0	-999.9
Sikasso	1984	6	18	170	22.2	30.9	20.9	-999.9	0.0	1.5	96857.8	-999.9
Sikasso	1984	6	19	171	22.7	31.1	16.5	-999.9	7.7	1.6	96971.3	-999.9
Sikasso	1984	6	20	172	23.4	30.3	17.5	-999.9	0.0	2.2	96844.1	-999.9
Sikasso	1984	6	21	173	22.5	29.8	19.3	-999.9	21.6	2.1	96806.0	-999.9
Sikasso	1984	6	22	174	22.9	29.8	19.3	-999.9	0.0	1.9	96845.0	-999.9
Sikasso	1984	6	23	175	23.0	31.4	22.8	-999.9	0.0	1.6	96844.1	-999.9
Sikasso	1984	6	24	176	22.3	30.4	21.2	-999.9	32.5	1.5	96882.2	-999.9
Sikasso	1984	6	25	177	21.8	30.5	22.5	-999.9	0.0	1.4	96886.4	-999.9
Sikasso	1984	6	26	178	21.9	29.5	19.1	-999.9	16.2	1.4	96857.6	-999.9
Sikasso	1984	6	27	179	21.8	30.3	22.0	-999.9	8.1	1.6	96927.1	-999.9
Sikasso	1984	6	28	180	22.3	29.9	19.6	-999.9	0.0	1.4	97000.2	-999.9
Sikasso	1984	6	29	181	22.1	32.0	23.9	-999.9	0.0	1.6	96889.6	-999.9
Sikasso	1984	6	30	182	23.6	31.1	22.0	-999.9	8.1	2.6	96729.8	-999.9
Sikasso	1984	7	1	183	21.8	30.7	18.5	-999.9	10.4	2.7	96799.9	-999.9
Sikasso	1984	7	2	184	22.2	30.0	21.5	-999.9	0.0	1.9	96955.1	-999.9
Sikasso	1984	7	3	185	22.7	30.9	22.6	-999.9	3.5	1.4	96880.9	-999.9
Sikasso	1984	7	4	186	22.4	31.2	22.9	-999.9	6.9	1.2	96697.4	-999.9
Sikasso	1984	7	5	187	22.6	30.4	20.5	-999.9	3.5	1.8	96673.9	-999.9
Sikasso	1984	7	6	188	22.2	31.4	21.5	-999.9	12.7	2.1	96613.0	-999.9
Sikasso	1984	7	7	189	22.1	27.9	13.8	-999.9	19.0	1.7	96738.3	-999.9
Sikasso	1984	7	8	190	22.2	28.7	16.8	-999.9	0.0	1.3	96864.2	-999.9
Sikasso	1984	7	9	191	22.8	30.3	20.9	-999.9	0.0	1.4	96759.7	-999.9
Sikasso	1984	7	10	192	23.7	31.0	21.5	-999.9	19.0	2.1	96552.1	-999.9
Sikasso	1984	7	11	193	22.8	30.7	23.5	-999.9	5.5	2.2	96587.2	-999.9
Sikasso	1984	7	12	194	22.5	29.9	22.5	-999.9	0.0	2.0	96852.9	-999.9
Sikasso	1984	7	13	195	22.0	28.8	19.5	-999.9	0.0	1.7	97034.2	-999.9
Sikasso	1984	7	14	196	22.3	30.5	22.0	-999.9	9.6	2.0	96964.2	-999.9
Sikasso	1984	7	15	197	21.9	25.6	12.5	-999.9	14.4	2.5	96929.8	-999.9
Sikasso	1984	7	16	198	21.3	26.3	14.1	-999.9	3.1	1.6	96858.6	-999.9
Sikasso	1984	7	17	199	21.2	28.0	17.0	-999.9	0.0	2.3	96815.9	-999.9
Sikasso	1984	7	18	200	21.3	28.7	20.6	-999.9	0.0	1.8	96938.4	-999.9
Sikasso	1984	7	19	201	22.0	29.1	20.1	-999.9	0.0	1.2	97031.6	-999.9
Sikasso	1984	7	20	202	21.2	29.5	22.1	-999.9	3.1	1.3	96914.2	-999.9
Sikasso	1984	7	21	203	22.1	29.1	19.9	-999.9	12.4	1.9	96817.2	-999.9
Sikasso	1984	7	22	204	21.7	30.5	22.9	-999.9	0.0	1.3	96762.1	-999.9
Sikasso	1984	7	23	205	21.9	31.3	24.0	-999.9	7.1	1.5	96721.8	-999.9
Sikasso	1984	7	24	206	22.2	30.2	23.1	-999.9	12.4	1.6	96716.3	-999.9
Sikasso	1984	7	25	207	21.1	30.1	22.1	-999.9	6.2	1.2	96797.1	-999.9
Sikasso	1984	7	26	208	21.4	29.8	19.6	-999.9	4.0	1.1	96851.1	-999.9
Sikasso	1984	7	27	209	22.4	27.8	14.9	-999.9	18.8	1.5	96851.7	-999.9
Sikasso	1984	7	28	210	21.3	29.4	19.2	-999.9	1.6	2.0	96929.0	-999.9
Sikasso	1984	7	29	211	22.0	30.1	21.1	-999.9	0.9	2.0	96919.3	-999.9
Sikasso	1984	7	30	212	23.2	29.2	16.4	-999.9	26.5	1.6	96922.8	-999.9
Sikasso	1984	7	31	213	21.2	30.4	21.8	-999.9	5.6	1.3	96952.0	-999.9
Sikasso	1984	8	1	214	21.7	27.4	14.2	-999.9	3.0	1.4	97052.7	-999.9
Sikasso	1984	8	2	215	21.7	28.8	17.7	-999.9	0.0	1.3	97081.4	-999.9
Sikasso	1984	8	3	216	22.3	29.9	22.1	-999.9	7.5	1.5	97028.6	-999.9
Sikasso	1984	8	4	217	22.1	29.7	22.5	-999.9	6.6	1.8	96994.4	-999.9
Sikasso	1984	8	5	218	22.3	30.5	23.2	-999.9	28.0	1.4	96975.9	-999.9
Sikasso	1984	8	6	219	22.0	29.3	20.2	-999.9	0.0	1.7	96887.6	-999.9
Sikasso	1984	8	7	220	22.1	29.0	17.1	-999.9	9.3	1.6	96852.1	-999.9
Sikasso	1984	8	8	221	21.7	29.0	19.0	-999.9	20.0	1.7	96899.5	-999.9
Sikasso	1984	8	9	222	22.2	30.2	22.6	-999.9	0.0	1.4	96870.3	-999.9
Sikasso	1984	8	10	223	22.2	29.7	20.1	-999.9	0.0	1.6	96865.1	-999.9
Sikasso	1984	8	11	224	23.1	30.0	21.4	-999.9	11.7	1.9	96898.4	-999.9
Sikasso	1984	8	12	225	22.1	30.1	21.0	-999.9	28.8	1.5	96885.4	-999.9
Sikasso	1984	8	13	226	22.2	29.9	20.5	-999.9	0.0	1.3	96897.5	-999.9
Sikasso	1984	8	14	227	22.3	29.9	18.9	-999.9	0.0	1.5	96882.1	-999.9
Sikasso	1984	8	15	228	22.3	30.5	23.0	-999.9	7.8	1.3	96911.7	-999.9
Sikasso	1984	8	16	229	22.2	30.2	21.4	-999.9	12.3	1.4	96880.1	-999.9
Sikasso	1984	8	17	230	21.1	31.2	23.6	-999.9	12.3	1.3	96911.5	-999.9
Sikasso	1984	8	18	231	22.3	28.9	16.0	-999.9	0.0	1.5	96934.5	-999.9
Sikasso	1984	8	19	232	21.8	26.5	12.3	-999.9	24.7	2.0	96888.4	-999.9
Sikasso	1984	8	20	233	21.7	29.5	19.0	-999.9	12.3	1.5	96905.2	-999.9
Sikasso	1984	8	21	234	22.0	29.8	20.0	-999.9	0.0	1.3	96953.5	-999.9
Sikasso	1984	8	22	235	22.2	31.0	23.6	-999.9	0.0	1.2	96793.4	-999.9
Sikasso	1984	8	23	236	21.9	31.2	22.9	-999.9	0.0	1.5	96756.5	-999.9
Sikasso	1984	8	24	237	22.1	30.7	21.7	-999.9	0.0	1.6	96832.9	-999.9
Sikasso	1984	8	25	238	22.7	30.1	20.3	-999.9	23.6	1.3	96885.9	-999.9
Sikasso	1984	8	26	239	22.9	30.8	22.2	-999.9	0.0	1.0	96849.0	-999.9
Sikasso	1984	8	27	240	23.0	30.4	20.7	-999.9	9.3	1.5	96915.9	-999.9
Sikasso	1984	8	28	241	22.6	30.3	21.5	-999.9	0.0	0.8	96940.6	-999.9
Sikasso	1984	8	29	242	22.1	30.8	21.5	-999.9	0.0	1.4	96880.7	-999.9
Sikasso	1984	8	30	243	22.0	31.6	19.3	-999.9	0.0	1.8	96769.7	-999.9
Sikasso	1984	8	31	244	23.3	29.2	16.5	-999.9	0.0	1.7	96899.5	-999.9
Sikasso	1984	9	1	245	22.7	28.1	16.8	-999.9	1.8	1.9	96972.3	-999.9
Sikasso	1984	9	2	246	20.6	28.3	15.8	-999.9	0.0	2.0	97048.4	-999.9
Sikasso	1984	9	3	247	21.6	29.9	21.8	-999.9	0.0	1.9	97129.5	-999.9
Sikasso	1984	9	4	248	21.3	29.6	21.2	-999.9	0.0	2.1	97040.3	-999.9
Sikasso	1984	9	5	249	21.3	28.7	17.2	-999.9	7.7	1.8	96895.4	-999.9
Sikasso	1984	9	6	250	21.5	28.9	19.5	-999.9	30.5	1.5	96911.1	-999.9
Sikasso	1984	9	7	251	21.3	28.7	18.2	-999.9	7.5	1.3	97016.1	-999.9
Sikasso	1984	9	8	252	20.7	29.5	21.1	-999.9	0.0	0.9	96987.6	-999.9
Sikasso	1984	9	9	253	21.6	29.9	20.8	-999.9	0.0	1.6	96766.4	-999.9
Sikasso	1984	9	10	254	22.3	30.4	22.5	-999.9	1.2	1.8	96654.0	-999.9
Sikasso	1984	9	11	255	21.2	30.0	21.0	-999.9	11.0	1.3	96734.7	-999.9
Sikasso	1984	9	12	256	22.0	27.9	14.6	-999.9	11.0	1.4	96794.1	-999.9
Sikasso	1984	9	13	257	21.0	28.5	17.6	-999.9	22.0	1.2	96843.8	-999.9
Sikasso	1984	9	14	258	21.3	29.9	22.4	-999.9	11.0	1.6	96754.5	-999.9
Sikasso	1984	9	15	259	21.0	27.1	13.0	-999.9	22.0	1.1	96788.7	-999.9
Sikasso	1984	9	16	260	21.0	30.2	22.6	-999.9	0.0	1.4	96802.9	-999.9
Sikasso	1984	9	17	261	22.4	31.3	22.3	-999.9	2.2	1.4	96729.8	-999.9
Sikasso	1984	9	18	262	21.6	29.4	19.2	-999.9	12.1	1.9	96813.6	-999.9
Sikasso	1984	9	19	263	21.3	28.0	16.1	-999.9	0.0	1.2	96716.3	-999.9
Sikasso	1984	9	20	264	21.0	29.7	21.3	-999.9	0.0	1.6	96643.4	-999.9
Sikasso	1984	9	21	265	21.5	29.6	19.2	-999.9	5.2	1.2	96722.8	-999.9
Sikasso	1984	9	22	266	21.7	28.0	14.5	-999.9	10.5	1.6	96860.6	-999.9
Sikasso	1984	9	23	267	19.9	30.4	22.0	-999.9	0.0	1.2	96803.4	-999.9
Sikasso	1984	9	24	268	21.7	30.6	22.9	-999.9	5.2	1.6	96655.1	-999.9
Sikasso	1984	9	25	269	22.0	31.3	23.3	-999.9	0.0	1.4	96676.9	-999.9
Sikasso	1984	9	26	270	22.7	31.6	23.7	-999.9	0.0	1.7	96731.0	-999.9
Sikasso	1984	9	27	271	21.9	30.1	18.3	-999.9	11.6	1.8	96813.4	-999.9
Sikasso	1984	9	28	272	21.7	27.5	12.8	-999.9	0.0	1.3	96854.2	-999.9
Sikasso	1984	9	29	273	21.6	27.9	15.0	-999.9	11.6	1.5	96926.6	-999.9
Sikasso	1984	9	30	274	21.2	27.6	14.7	-999.9	0.0	1.9	96995.8	-999.9
Sikasso	1984	10	1	275	20.8	27.3	15.3	-999.9	0.0	2.0	96959.4	-999.9
Sikasso	1984	10	2	276	20.8	28.2	18.2	-999.9	9.4	1.6	96859.6	-999.9
Sikasso	1984	10	3	277	20.9	27.4	13.7	-999.9	14.7	1.2	96924.0	-999.9
Sikasso	1984	10	4	278	20.5	28.4	16.5	-999.9	3.6	0.7	96939.9	-999.9
Sikasso	1984	10	5	279	20.8	30.4	21.9	-999.9	2.6	1.2	96888.9	-999.9
Sikasso	1984	10	6	280	22.4	30.1	20.6	-999.9	7.4	1.5	96882.5	-999.9
Sikasso	1984	10	7	281	21.8	30.0	19.2	-999.9	0.0	1.6	96914.7	-999.9
Sikasso	1984	10	8	282	21.4	29.3	18.4	-999.9	0.0	1.7	96926.5	-999.9
Sikasso	1984	10	9	283	22.1	31.0	22.8	-999.9	2.5	1.5	96957.1	-999.9
Sikasso	1984	10	10	284	21.1	27.6	14.6	-999.9	2.8	0.9	97088.2	-999.9
Sikasso	1984	10	11	285	20.6	30.8	21.0	-999.9	0.0	1.1	97051.7	-999.9
Sikasso	1984	10	12	286	21.3	29.8	19.9	-999.9	0.0	1.4	96880.8	-999.9
Sikasso	1984	10	13	287	21.0	29.3	19.5	-999.9	0.0	1.5	96814.5	-999.9
Sikasso	1984	10	14	288	20.7	30.7	21.6	-999.9	6.4	1.2	96816.8	-999.9
Sikasso	1984	10	15	289	21.4	30.4	18.5	-999.9	0.0	1.2	96884.6	-999.9
Sikasso	1984	10	16	290	22.4	31.0	19.7	-999.9	0.0	1.4	96807.7	-999.9
Sikasso	1984	10	17	291	21.5	29.7	18.2	-999.9	5.9	1.4	96887.1	-999.9
Sikasso	1984	10	18	292	22.0	30.8	20.8	-999.9	3.0	1.3	96802.6	-999.9
Sikasso	1984	10	19	293	23.1	30.0	18.4	-999.9	0.0	1.4	96816.4	-999.9
Sikasso	1984	10	20	294	21.9	31.4	20.6	-999.9	3.0	1.1	96858.8	-999.9
Sikasso	1984	10	21	295	22.8	31.8	22.1	-999.9	0.0	1.2	96756.3	-999.9
Sikasso	1984	10	22	296	22.7	31.2	21.2	-999.9	0.0	1.4	96772.3	-999.9
Sikasso	1984	10	23	297	22.7	30.9	20.1	-999.9	0.0	1.2	96723.4	-999.9
Sikasso	1984	10	24	298	23.0	31.7	20.3	-999.9	0.0	1.3	96679.0	-999.9
Sikasso	1984	10	25	299	21.8	31.6	20.9	-999.9	0.0	1.2	96678.4	-999.9
Sikasso	1984	10	26	300	21.5	32.2	20.5	-999.9	0.0	1.3	96613.9	-999.9
Sikasso	1984	10	27	301	20.9	33.4	22.6	-999.9	0.0	1.0	96519.8	-999.9
Sikasso	1984	10	28	302	21.3	32.8	21.6	-999.9	0.0	1.2	96535.3	-999.9
Sikasso	1984	10	29	303	20.9	32.4	21.1	-999.9	0.0	1.3	96439.4	-999.9
Sikasso	1984	10	30	304	21.4	32.3	21.4	-999.9	0.0	1.7	96459.1	-999.9
Sikasso	1984	10	31	305	21.8	31.5	19.6	-999.9	0.0	1.2	96621.8	-999.9
Sikasso	1984	11	1	306	22.1	34.0	21.4	-999.9	0.6	1.2	96626.8	-999.9
Sikasso	1984	11	2	307	23.0	33.2	19.4	-999.9	0.0	1.2	96697.9	-999.9
Sikasso	1984	11	3	308	20.4	33.9	21.5	-999.9	0.0	1.4	96697.6	-999.9
Sikasso	1984	11	4	309	20.5	33.5	22.3	-999.9	0.0	1.6	96713.8	-999.9
Sikasso	1984	11	5	310	18.4	33.2	22.4	-999.9	0.0	1.4	96603.5	-999.9
Sikasso	1984	11	6	311	18.8	33.1	22.2	-999.9	0.0	1.2	96608.0	-999.9
Sikasso	1984	11	7	312	19.4	33.1	21.3	-999.9	0.0	1.1	96717.5	-999.9
Sikasso	1984	11	8	313	22.0	33.1	19.3	-999.9	0.0	1.3	96682.8	-999.9
Sikasso	1984	11	9	314	23.1	31.9	18.3	-999.9	0.2	1.6	96574.2	-999.9
Sikasso	1984	11	10	315	21.9	32.6	19.5	-999.9	0.3	1.6	96487.2	-999.9
Sikasso	1984	11	11	316	22.2	32.6	19.7	-999.9	0.0	1.8	96594.0	-999.9
Sikasso	1984	11	12	317	22.4	31.1	17.8	-999.9	2.5	1.5	96784.8	-999.9
Sikasso	1984	11	13	318	20.8	31.8	19.8	-999.9	0.0	1.6	96857.7	-999.9
Sikasso	1984	11	14	319	21.2	31.6	19.4	-999.9	0.0	1.0	96841.4	-999.9
Sikasso	1984	11	15	320	21.2	30.0	17.4	-999.9	0.0	1.0	96832.3	-999.9
Sikasso	1984	11	16	321	20.6	31.9	19.8	-999.9	0.9	1.4	96895.4	-999.9
Sikasso	1984	11	17	322	21.4	33.3	21.1	-999.9	0.0	2.2	96917.6	-999.9
Sikasso	1984	11	18	323	21.8	33.7	21.2	-999.9	0.0	2.5	96892.7	-999.9
Sikasso	1984	11	19	324	21.1	34.1	21.0	-999.9	0.0	2.4	96871.1	-999.9
Sikasso	1984	11	20	325	18.5	33.3	20.9	-999.9	0.0	1.2	96933.3	-999.9
Sikasso	1984	11	21	326	20.9	32.6	18.2	-999.9	0.0	1.2	96904.0	-999.9
Sikasso	1984	11	22	327	20.0	33.7	19.8	-999.9	0.0	1.5	96842.9	-999.9
Sikasso	1984	11	23	328	18.5	34.4	21.3	-999.9	0.0	2.1	96895.7	-999.9
Sikasso	1984	11	24	329	17.8	34.7	21.5	-999.9	0.0	2.2	96890.4	-999.9
Sikasso	1984	11	25	330	17.4	34.6	21.4	-999.9	0.0	2.3	96909.0	-999.9
Sikasso	1984	11	26	331	17.6	33.7	21.5	-999.9	0.0	1.9	96894.5	-999.9
Sikasso	1984	11	27	332	16.1	33.1	21.4	-999.9	0.0	1.4	96943.3	-999.9
Sikasso	1984	11	28	333	16.1	33.0	21.2	-999.9	0.0	1.1	96871.4	-999.9
Sikasso	1984	11	29	334	17.4	33.0	20.8	-999.9	0.0	0.9	96755.6	-999.9
Sikasso	1984	11	30	335	19.2	33.2	20.7	-999.9	0.0	1.0	96779.8	-999.9
Sikasso	1984	12	1	336	19.4	33.2	20.6	-999.9	0.0	1.6	96860.0	-999.9
Sikasso	1984	12	2	337	17.7	33.5	20.8	-999.9	0.0	2.1	96832.1	-999.9
Sikasso	1984	12	3	338	17.8	33.3	20.7	-999.9	0.0	1.7	96791.3	-999.9
Sikasso	1984	12	4	339	15.9	33.0	20.9	-999.9	0.0	2.1	96861.4	-999.9
Sikasso	1984	12	5	340	15.9	32.8	20.8	-999.9	0.8	1.9	96862.1	-999.9
Sikasso	1984	12	6	341	15.0	32.7	20.8	-999.9	0.0	1.9	96807.2	-999.9
Sikasso	1984	12	7	342	16.4	32.9	20.5	-999.9	0.0	2.0	96820.1	-999.9
Sikasso	1984	12	8	343	19.3	33.1	19.6	-999.9	0.0	1.8	96864.8	-999.9
Sikasso	1984	12	9	344	19.1	33.1	20.2	-999.9	0.0	2.1	96841.3	-999.9
Sikasso	1984	12	10	345	18.3	32.1	20.7	-999.9	0.0	2.2	96821.9	-999.9
Sikasso	1984	12	11	346	17.4	31.7	20.3	-999.9	0.0	2.2	96836.6	-999.9
Sikasso	1984	12	12	347	16.1	31.1	20.6	-999.9	0.0	2.2	96879.6	-999.9
Sikasso	1984	12	13	348	15.0	30.2	20.5	-999.9	0.0	2.1	96823.5	-999.9
Sikasso	1984	12	14	349	15.9	31.1	20.4	-999.9	0.0	1.8	96770.8	-999.9
Sikasso	1984	12	15	350	16.2	31.6	20.3	-999.9	0.0	1.9	96803.2	-999.9
Sikasso	1984	12	16	351	15.6	31.7	20.4	-999.9	0.0	1.8	96789.8	-999.9
Sikasso	1984	12	17	352	15.3	31.5	20.4	-999.9	0.0	1.8	96753.3	-999.9
Sikasso	1984	12	18	353	14.8	31.4	20.6	-999.9	0.0	2.1	96720.1	-999.9
Sikasso	1984	12	19	354	13.7	30.9	20.7	-999.9	0.0	2.1	96718.1	-999.9
Sikasso	1984	12	20	355	13.8	30.8	20.1	-999.9	0.0	2.0	96760.6	-999.9
Sikasso	1984	12	21	356	13.6	29.6	20.7	-999.9	0.0	2.0	96686.7	-999.9
Sikasso	1984	12	22	357	12.8	28.8	20.7	-999.9	0.0	1.8	96540.4	-999.9
Sikasso	1984	12	23	358	12.2	28.7	20.5	-999.9	0.0	1.4	96532.0	-999.9
Sikasso	1984	12	24	359	12.8	30.4	20.3	-999.9	0.0	1.5	96604.3	-999.9
Sikasso	1984	12	25	360	13.9	30.4	20.3	-999.9	0.0	1.7	96715.0	-999.9
Sikasso	1984	12	26	361	14.8	31.5	20.1	-999.9	0.0	2.0	96797.4	-999.9
Sikasso	1984	12	27	362	15.8	32.3	20.1	-999.9	0.0	2.1	96844.5	-999.9
Sikasso	1984	12	28	363	17.5	32.2	19.6	-999.9	0.0	2.1	96880.9	-999.9
Sikasso	1984	12	29	364	17.2	31.2	19.0	-999.9	0.1	2.2	96859.9	-999.9
Sikasso	1984	12	30	365	16.5	29.3	19.4	-999.9	0.1	2.4	96904.3	-999.9
Sikasso	1984	12	31	366	13.1	29.8	20.6	-999.9	0.0	2.2	96869.6	-999.9
