Sikasso	1991	1	1	1	15.7	29.2	21.4	-999.9	0.0	2.3	96938.9	-999.9
Sikasso	1991	1	2	2	13.7	29.4	21.1	-999.9	0.0	2.1	96954.4	-999.9
Sikasso	1991	1	3	3	13.3	29.6	21.1	-999.9	0.0	2.1	96946.7	-999.9
Sikasso	1991	1	4	4	12.0	30.6	21.0	-999.9	0.0	1.9	96973.5	-999.9
Sikasso	1991	1	5	5	15.1	31.7	20.4	-999.9	0.0	1.7	96987.5	-999.9
Sikasso	1991	1	6	6	18.9	31.2	18.4	-999.9	0.2	2.1	96972.3	-999.9
Sikasso	1991	1	7	7	16.0	31.2	20.0	-999.9	0.0	2.0	97020.5	-999.9
Sikasso	1991	1	8	8	17.2	30.6	16.8	-999.9	0.0	2.0	96977.0	-999.9
Sikasso	1991	1	9	9	16.2	32.6	20.5	-999.9	0.0	1.7	96941.2	-999.9
Sikasso	1991	1	10	10	17.9	33.7	20.8	-999.9	0.0	2.2	96962.3	-999.9
Sikasso	1991	1	11	11	18.3	33.9	20.8	-999.9	0.0	2.2	96943.3	-999.9
Sikasso	1991	1	12	12	18.8	33.9	20.9	-999.9	0.0	2.4	96868.7	-999.9
Sikasso	1991	1	13	13	18.5	33.1	20.9	-999.9	0.0	2.1	96774.2	-999.9
Sikasso	1991	1	14	14	17.1	33.2	19.4	-999.9	0.0	1.7	96635.3	-999.9
Sikasso	1991	1	15	15	17.9	34.3	20.9	-999.9	0.0	1.5	96608.0	-999.9
Sikasso	1991	1	16	16	19.6	34.7	19.9	-999.9	0.0	1.3	96732.0	-999.9
Sikasso	1991	1	17	17	21.2	34.6	20.1	-999.9	0.0	2.4	96951.8	-999.9
Sikasso	1991	1	18	18	20.6	33.9	20.6	-999.9	0.0	2.1	96908.6	-999.9
Sikasso	1991	1	19	19	19.0	34.5	21.0	-999.9	0.0	1.8	96785.0	-999.9
Sikasso	1991	1	20	20	19.8	35.4	21.0	-999.9	0.0	1.9	96725.4	-999.9
Sikasso	1991	1	21	21	21.2	35.2	21.2	-999.9	0.0	2.4	96769.0	-999.9
Sikasso	1991	1	22	22	23.1	35.2	20.8	-999.9	0.0	2.2	96807.9	-999.9
Sikasso	1991	1	23	23	21.9	35.3	20.6	-999.9	0.0	2.3	96848.7	-999.9
Sikasso	1991	1	24	24	19.5	35.0	21.6	-999.9	0.0	1.9	96846.3	-999.9
Sikasso	1991	1	25	25	19.4	35.0	19.9	-999.9	0.0	1.9	96858.1	-999.9
Sikasso	1991	1	26	26	19.5	35.4	21.4	-999.9	0.0	1.9	96912.5	-999.9
Sikasso	1991	1	27	27	19.5	35.8	21.6	-999.9	0.0	2.1	96947.2	-999.9
Sikasso	1991	1	28	28	21.1	36.1	21.6	-999.9	0.0	2.2	96881.0	-999.9
Sikasso	1991	1	29	29	19.7	35.3	21.8	-999.9	0.7	2.3	96835.5	-999.9
Sikasso	1991	1	30	30	20.6	36.1	21.8	-999.9	0.0	2.5	96727.8	-999.9
Sikasso	1991	1	31	31	20.1	36.4	22.0	-999.9	0.0	2.4	96728.0	-999.9
Sikasso	1991	2	1	32	19.5	35.2	22.2	-999.9	0.0	2.9	96770.3	-999.9
Sikasso	1991	2	2	33	19.0	35.1	22.1	-999.9	0.0	2.3	96746.0	-999.9
Sikasso	1991	2	3	34	19.1	35.1	22.1	-999.9	0.0	2.5	96735.8	-999.9
Sikasso	1991	2	4	35	18.9	33.2	21.4	-999.9	0.0	2.6	96835.1	-999.9
Sikasso	1991	2	5	36	17.5	32.6	20.9	-999.9	0.0	2.2	96955.3	-999.9
Sikasso	1991	2	6	37	18.0	33.6	21.7	-999.9	0.0	2.1	97009.2	-999.9
Sikasso	1991	2	7	38	18.5	34.6	21.7	-999.9	0.0	1.9	96963.6	-999.9
Sikasso	1991	2	8	39	19.0	35.5	22.3	-999.9	0.0	2.0	96817.8	-999.9
Sikasso	1991	2	9	40	18.9	35.8	22.5	-999.9	0.0	1.5	96725.2	-999.9
Sikasso	1991	2	10	41	18.6	36.3	22.4	-999.9	0.0	1.8	96743.1	-999.9
Sikasso	1991	2	11	42	20.8	36.1	20.8	-999.9	0.0	1.8	96744.6	-999.9
Sikasso	1991	2	12	43	23.2	33.4	15.2	-999.9	0.0	1.8	96684.4	-999.9
Sikasso	1991	2	13	44	20.4	35.3	18.8	-999.9	0.0	1.6	96597.0	-999.9
Sikasso	1991	2	14	45	22.5	35.8	19.2	-999.9	0.0	2.3	96679.5	-999.9
Sikasso	1991	2	15	46	20.9	33.3	19.3	-999.9	4.8	1.6	96931.0	-999.9
Sikasso	1991	2	16	47	22.8	33.2	19.9	-999.9	0.0	1.9	96889.3	-999.9
Sikasso	1991	2	17	48	22.0	34.2	20.9	-999.9	0.0	1.9	96726.8	-999.9
Sikasso	1991	2	18	49	20.3	35.7	22.4	-999.9	0.0	1.6	96588.5	-999.9
Sikasso	1991	2	19	50	22.2	36.7	22.3	-999.9	0.0	1.7	96672.0	-999.9
Sikasso	1991	2	20	51	22.6	37.0	22.6	-999.9	0.0	2.2	96676.6	-999.9
Sikasso	1991	2	21	52	21.6	36.5	22.7	-999.9	2.7	2.1	96679.6	-999.9
Sikasso	1991	2	22	53	20.9	37.0	23.3	-999.9	0.0	2.0	96814.5	-999.9
Sikasso	1991	2	23	54	22.2	38.7	23.4	-999.9	0.0	2.2	96886.6	-999.9
Sikasso	1991	2	24	55	22.0	38.2	23.6	-999.9	0.0	2.2	96851.2	-999.9
Sikasso	1991	2	25	56	20.6	37.0	23.6	-999.9	0.0	1.7	96777.5	-999.9
Sikasso	1991	2	26	57	20.0	36.0	23.7	-999.9	0.0	1.7	96755.0	-999.9
Sikasso	1991	2	27	58	19.9	36.5	23.3	-999.9	0.0	1.5	96765.1	-999.9
Sikasso	1991	2	28	59	24.1	36.2	20.6	-999.9	0.0	1.8	96781.4	-999.9
Sikasso	1991	3	1	60	24.9	33.6	13.6	-999.9	0.0	2.0	96678.0	-999.9
Sikasso	1991	3	2	61	22.0	35.9	22.6	-999.9	0.0	2.0	96613.1	-999.9
Sikasso	1991	3	3	62	23.0	36.0	20.8	-999.9	0.0	1.7	96698.3	-999.9
Sikasso	1991	3	4	63	24.1	37.8	23.5	-999.9	0.0	2.2	96716.2	-999.9
Sikasso	1991	3	5	64	25.6	37.9	23.7	-999.9	0.0	1.4	96658.7	-999.9
Sikasso	1991	3	6	65	24.5	37.4	21.3	-999.9	0.0	1.9	96502.9	-999.9
Sikasso	1991	3	7	66	26.3	35.8	19.8	-999.9	0.0	2.3	96415.2	-999.9
Sikasso	1991	3	8	67	24.8	34.0	19.6	-999.9	2.9	1.9	96592.4	-999.9
Sikasso	1991	3	9	68	25.5	35.7	19.5	-999.9	0.0	1.4	96616.7	-999.9
Sikasso	1991	3	10	69	25.9	38.1	22.4	-999.9	0.0	1.3	96536.5	-999.9
Sikasso	1991	3	11	70	25.4	39.1	23.3	-999.9	0.0	1.4	96451.7	-999.9
Sikasso	1991	3	12	71	26.4	38.8	22.2	-999.9	0.0	2.0	96419.7	-999.9
Sikasso	1991	3	13	72	26.5	37.0	21.4	-999.9	0.0	2.6	96421.8	-999.9
Sikasso	1991	3	14	73	25.0	35.6	20.1	-999.9	0.0	2.6	96472.2	-999.9
Sikasso	1991	3	15	74	24.4	35.9	22.1	-999.9	0.0	1.5	96640.6	-999.9
Sikasso	1991	3	16	75	24.7	36.5	24.0	-999.9	0.0	2.1	96674.8	-999.9
Sikasso	1991	3	17	76	21.2	37.1	25.2	-999.9	0.0	2.1	96651.6	-999.9
Sikasso	1991	3	18	77	21.0	37.4	24.8	-999.9	0.0	1.8	96699.4	-999.9
Sikasso	1991	3	19	78	23.2	37.7	25.4	-999.9	0.0	2.1	96728.2	-999.9
Sikasso	1991	3	20	79	23.9	38.0	25.2	-999.9	0.0	1.9	96646.6	-999.9
Sikasso	1991	3	21	80	23.5	37.2	24.0	-999.9	0.0	1.6	96629.8	-999.9
Sikasso	1991	3	22	81	24.1	37.7	24.0	-999.9	0.0	1.4	96543.3	-999.9
Sikasso	1991	3	23	82	25.7	37.7	19.1	-999.9	0.0	1.5	96497.1	-999.9
Sikasso	1991	3	24	83	26.4	37.2	22.6	-999.9	0.0	1.6	96511.9	-999.9
Sikasso	1991	3	25	84	23.3	37.3	23.8	-999.9	0.0	1.9	96495.5	-999.9
Sikasso	1991	3	26	85	24.7	36.3	22.0	-999.9	0.0	1.8	96513.6	-999.9
Sikasso	1991	3	27	86	25.0	36.2	19.8	-999.9	0.0	1.7	96473.9	-999.9
Sikasso	1991	3	28	87	25.7	36.7	17.6	-999.9	0.0	1.4	96488.9	-999.9
Sikasso	1991	3	29	88	24.2	39.2	25.0	-999.9	0.0	1.4	96394.4	-999.9
Sikasso	1991	3	30	89	27.1	37.8	22.0	-999.9	0.0	2.0	96472.2	-999.9
Sikasso	1991	3	31	90	26.1	34.9	20.0	-999.9	7.2	1.8	96608.3	-999.9
Sikasso	1991	4	1	91	26.5	37.5	22.7	-999.9	3.9	1.8	96494.6	-999.9
Sikasso	1991	4	2	92	26.7	36.0	18.1	-999.9	0.0	2.1	96599.5	-999.9
Sikasso	1991	4	3	93	25.5	37.6	23.0	-999.9	0.0	1.4	96735.1	-999.9
Sikasso	1991	4	4	94	24.7	39.0	25.9	-999.9	0.0	1.8	96774.5	-999.9
Sikasso	1991	4	5	95	24.9	38.1	25.8	-999.9	0.0	1.2	96734.1	-999.9
Sikasso	1991	4	6	96	25.8	38.3	24.2	-999.9	0.0	1.5	96665.3	-999.9
Sikasso	1991	4	7	97	26.4	38.5	25.0	-999.9	0.0	1.4	96611.6	-999.9
Sikasso	1991	4	8	98	27.0	38.0	24.2	-999.9	0.0	2.2	96598.1	-999.9
Sikasso	1991	4	9	99	26.9	36.9	22.0	-999.9	0.0	2.0	96496.1	-999.9
Sikasso	1991	4	10	100	27.4	37.8	24.1	-999.9	0.0	2.5	96420.1	-999.9
Sikasso	1991	4	11	101	25.3	37.1	22.2	-999.9	0.0	2.3	96440.2	-999.9
Sikasso	1991	4	12	102	23.9	37.6	24.5	-999.9	0.0	1.6	96411.1	-999.9
Sikasso	1991	4	13	103	26.9	36.4	22.5	-999.9	3.2	2.2	96413.1	-999.9
Sikasso	1991	4	14	104	25.0	36.6	22.4	-999.9	0.0	1.9	96525.6	-999.9
Sikasso	1991	4	15	105	22.8	34.1	20.6	-999.9	3.2	2.5	96730.1	-999.9
Sikasso	1991	4	16	106	24.7	36.0	23.5	-999.9	0.0	2.3	96632.5	-999.9
Sikasso	1991	4	17	107	24.9	36.9	23.0	-999.9	5.0	1.7	96454.5	-999.9
Sikasso	1991	4	18	108	25.4	35.6	23.0	-999.9	2.5	1.3	96566.7	-999.9
Sikasso	1991	4	19	109	25.9	34.5	20.9	-999.9	5.0	1.5	96679.3	-999.9
Sikasso	1991	4	20	110	26.0	38.5	23.5	-999.9	0.0	2.8	96618.7	-999.9
Sikasso	1991	4	21	111	25.7	37.0	23.2	-999.9	0.0	2.2	96627.5	-999.9
Sikasso	1991	4	22	112	25.8	38.1	24.4	-999.9	3.7	1.9	96597.1	-999.9
Sikasso	1991	4	23	113	25.9	39.8	24.5	-999.9	8.4	1.7	96599.4	-999.9
Sikasso	1991	4	24	114	25.4	36.8	21.9	-999.9	11.0	2.3	96672.6	-999.9
Sikasso	1991	4	25	115	27.2	38.8	23.2	-999.9	0.0	2.8	96521.2	-999.9
Sikasso	1991	4	26	116	26.8	38.3	24.6	-999.9	0.0	2.6	96395.0	-999.9
Sikasso	1991	4	27	117	27.2	37.7	22.3	-999.9	0.0	2.3	96399.9	-999.9
Sikasso	1991	4	28	118	24.8	35.6	22.2	-999.9	6.3	2.5	96494.4	-999.9
Sikasso	1991	4	29	119	24.6	35.7	23.3	-999.9	0.0	2.1	96590.9	-999.9
Sikasso	1991	4	30	120	25.0	33.4	19.7	-999.9	0.0	1.5	96745.4	-999.9
Sikasso	1991	5	1	121	24.8	35.6	23.3	-999.9	0.0	1.7	96636.8	-999.9
Sikasso	1991	5	2	122	26.7	36.8	22.8	-999.9	0.0	1.7	96502.2	-999.9
Sikasso	1991	5	3	123	25.5	37.3	24.9	-999.9	0.0	1.8	96527.0	-999.9
Sikasso	1991	5	4	124	26.8	36.0	21.5	-999.9	0.0	2.1	96574.5	-999.9
Sikasso	1991	5	5	125	24.5	35.6	21.8	-999.9	5.7	2.5	96683.1	-999.9
Sikasso	1991	5	6	126	24.7	34.5	22.1	-999.9	0.0	2.3	96681.0	-999.9
Sikasso	1991	5	7	127	26.5	37.1	24.4	-999.9	0.0	2.2	96600.4	-999.9
Sikasso	1991	5	8	128	26.8	37.0	22.7	-999.9	0.0	1.6	96655.8	-999.9
Sikasso	1991	5	9	129	26.5	36.1	20.6	-999.9	7.5	1.3	96708.9	-999.9
Sikasso	1991	5	10	130	27.1	37.9	22.2	-999.9	0.0	1.9	96663.1	-999.9
Sikasso	1991	5	11	131	25.7	35.3	18.2	-999.9	1.9	1.8	96639.4	-999.9
Sikasso	1991	5	12	132	25.7	35.9	21.7	-999.9	0.0	1.8	96558.5	-999.9
Sikasso	1991	5	13	133	26.1	35.6	22.2	-999.9	3.8	2.2	96564.4	-999.9
Sikasso	1991	5	14	134	25.3	36.5	23.5	-999.9	0.0	2.1	96533.5	-999.9
Sikasso	1991	5	15	135	26.8	36.0	22.6	-999.9	3.8	1.8	96565.5	-999.9
Sikasso	1991	5	16	136	26.1	33.5	22.0	-999.9	9.2	1.9	96698.2	-999.9
Sikasso	1991	5	17	137	25.0	33.2	20.1	-999.9	2.7	1.9	96816.8	-999.9
Sikasso	1991	5	18	138	24.0	34.0	22.6	-999.9	15.7	2.0	96721.9	-999.9
Sikasso	1991	5	19	139	24.8	32.3	17.7	-999.9	12.3	2.1	96604.7	-999.9
Sikasso	1991	5	20	140	24.3	32.3	20.4	-999.9	1.1	2.1	96636.4	-999.9
Sikasso	1991	5	21	141	23.7	31.3	17.5	-999.9	5.2	2.5	96872.7	-999.9
Sikasso	1991	5	22	142	23.0	32.6	20.0	-999.9	2.6	1.6	96968.5	-999.9
Sikasso	1991	5	23	143	24.4	32.3	21.3	-999.9	0.0	1.9	96758.6	-999.9
Sikasso	1991	5	24	144	24.0	32.6	18.6	-999.9	2.6	2.9	96486.0	-999.9
Sikasso	1991	5	25	145	23.2	32.3	18.1	-999.9	0.0	2.6	96526.0	-999.9
Sikasso	1991	5	26	146	23.9	33.1	22.5	-999.9	5.3	2.4	96655.7	-999.9
Sikasso	1991	5	27	147	24.3	32.7	21.3	-999.9	6.1	2.0	96737.9	-999.9
Sikasso	1991	5	28	148	23.9	32.0	20.4	-999.9	5.3	2.0	96636.5	-999.9
Sikasso	1991	5	29	149	23.2	29.5	14.4	-999.9	15.9	2.0	96617.7	-999.9
Sikasso	1991	5	30	150	21.9	25.5	7.8	-999.9	5.3	2.3	96822.9	-999.9
Sikasso	1991	5	31	151	21.8	30.1	21.6	-999.9	0.0	1.6	96833.8	-999.9
Sikasso	1991	6	1	152	22.6	31.9	23.5	-999.9	13.6	1.4	96738.2	-999.9
Sikasso	1991	6	2	153	22.7	29.7	17.6	-999.9	6.0	1.2	96832.0	-999.9
Sikasso	1991	6	3	154	23.1	31.5	23.4	-999.9	11.9	1.3	96870.9	-999.9
Sikasso	1991	6	4	155	23.6	30.4	17.2	-999.9	0.0	1.5	96826.2	-999.9
Sikasso	1991	6	5	156	24.4	33.7	24.5	-999.9	0.0	2.1	96668.1	-999.9
Sikasso	1991	6	6	157	23.6	32.9	24.9	-999.9	0.0	2.4	96798.2	-999.9
Sikasso	1991	6	7	158	24.8	33.1	22.8	-999.9	8.3	2.0	96911.3	-999.9
Sikasso	1991	6	8	159	24.6	32.6	24.2	-999.9	4.2	1.7	96856.8	-999.9
Sikasso	1991	6	9	160	24.0	33.0	23.9	-999.9	0.0	1.9	96857.5	-999.9
Sikasso	1991	6	10	161	25.5	34.0	23.6	-999.9	0.0	2.1	96858.5	-999.9
Sikasso	1991	6	11	162	26.0	33.4	21.0	-999.9	0.0	2.4	96820.4	-999.9
Sikasso	1991	6	12	163	25.3	32.1	20.3	-999.9	21.2	2.1	96770.2	-999.9
Sikasso	1991	6	13	164	24.3	32.0	21.1	-999.9	0.0	1.9	96829.5	-999.9
Sikasso	1991	6	14	165	24.8	31.7	21.6	-999.9	0.0	2.3	96844.8	-999.9
Sikasso	1991	6	15	166	23.1	32.9	23.0	-999.9	9.3	2.2	96863.5	-999.9
Sikasso	1991	6	16	167	23.8	30.8	15.7	-999.9	31.1	2.0	96869.7	-999.9
Sikasso	1991	6	17	168	22.9	32.6	21.5	-999.9	0.0	1.8	96943.3	-999.9
Sikasso	1991	6	18	169	24.2	33.7	24.0	-999.9	0.0	1.7	96892.8	-999.9
Sikasso	1991	6	19	170	25.4	34.7	24.1	-999.9	0.0	2.3	96823.2	-999.9
Sikasso	1991	6	20	171	24.8	33.9	24.0	-999.9	0.0	2.7	96830.8	-999.9
Sikasso	1991	6	21	172	23.8	31.5	18.3	-999.9	5.9	2.1	96930.2	-999.9
Sikasso	1991	6	22	173	23.3	29.5	16.9	-999.9	5.9	1.7	96988.5	-999.9
Sikasso	1991	6	23	174	23.4	30.4	20.8	-999.9	11.9	1.5	97127.4	-999.9
Sikasso	1991	6	24	175	23.3	31.7	21.6	-999.9	0.0	1.6	97001.6	-999.9
Sikasso	1991	6	25	176	24.4	32.6	23.8	-999.9	0.0	1.8	96797.1	-999.9
Sikasso	1991	6	26	177	24.7	31.9	21.1	-999.9	20.8	2.4	96851.8	-999.9
Sikasso	1991	6	27	178	23.7	31.6	22.3	-999.9	10.4	2.1	96966.4	-999.9
Sikasso	1991	6	28	179	23.5	30.5	19.8	-999.9	0.0	2.0	96957.3	-999.9
Sikasso	1991	6	29	180	22.7	31.3	22.4	-999.9	0.0	2.0	96934.1	-999.9
Sikasso	1991	6	30	181	22.8	32.8	24.0	-999.9	11.9	1.7	96976.6	-999.9
Sikasso	1991	7	1	182	23.8	32.1	21.5	-999.9	11.5	1.7	96944.6	-999.9
Sikasso	1991	7	2	183	23.9	32.2	20.9	-999.9	0.0	1.8	96920.2	-999.9
Sikasso	1991	7	3	184	22.4	27.1	12.6	-999.9	45.9	2.0	96942.9	-999.9
Sikasso	1991	7	4	185	22.4	28.4	18.1	-999.9	0.0	2.4	97089.1	-999.9
Sikasso	1991	7	5	186	22.4	30.5	21.2	-999.9	0.0	1.8	97056.1	-999.9
Sikasso	1991	7	6	187	22.6	30.5	18.9	-999.9	0.0	2.0	96951.4	-999.9
Sikasso	1991	7	7	188	22.7	30.4	21.6	-999.9	0.0	2.5	96852.0	-999.9
Sikasso	1991	7	8	189	23.7	30.3	20.6	-999.9	6.4	1.8	96934.3	-999.9
Sikasso	1991	7	9	190	23.3	29.8	18.4	-999.9	6.4	1.5	96942.3	-999.9
Sikasso	1991	7	10	191	22.5	28.4	16.9	-999.9	6.4	1.9	96883.0	-999.9
Sikasso	1991	7	11	192	21.9	29.1	17.3	-999.9	4.6	2.0	96972.8	-999.9
Sikasso	1991	7	12	193	21.8	30.3	22.3	-999.9	0.0	1.3	96983.0	-999.9
Sikasso	1991	7	13	194	23.5	30.9	22.2	-999.9	0.0	1.9	96883.4	-999.9
Sikasso	1991	7	14	195	22.6	29.7	19.1	-999.9	4.6	2.4	96812.2	-999.9
Sikasso	1991	7	15	196	22.7	29.3	15.6	-999.9	9.2	2.7	96846.4	-999.9
Sikasso	1991	7	16	197	22.7	28.7	16.5	-999.9	0.0	2.3	97026.6	-999.9
Sikasso	1991	7	17	198	21.6	29.7	21.6	-999.9	0.0	1.6	97177.2	-999.9
Sikasso	1991	7	18	199	22.9	29.0	17.0	-999.9	13.9	1.9	97029.0	-999.9
Sikasso	1991	7	19	200	23.3	28.1	16.5	-999.9	6.9	2.4	96860.8	-999.9
Sikasso	1991	7	20	201	23.0	29.5	19.7	-999.9	0.0	2.4	96924.1	-999.9
Sikasso	1991	7	21	202	23.3	27.6	15.1	-999.9	20.3	2.2	97002.4	-999.9
Sikasso	1991	7	22	203	22.2	29.2	19.7	-999.9	10.2	2.1	97063.8	-999.9
Sikasso	1991	7	23	204	22.6	27.0	13.4	-999.9	0.0	1.8	97092.1	-999.9
Sikasso	1991	7	24	205	21.3	29.0	19.9	-999.9	0.0	2.1	96980.8	-999.9
Sikasso	1991	7	25	206	22.4	29.5	20.7	-999.9	10.2	2.1	97024.1	-999.9
Sikasso	1991	7	26	207	22.1	28.0	14.4	-999.9	35.8	2.1	97101.4	-999.9
Sikasso	1991	7	27	208	19.9	26.5	15.9	-999.9	0.0	2.3	97210.1	-999.9
Sikasso	1991	7	28	209	21.2	28.7	19.9	-999.9	0.0	1.6	97116.7	-999.9
Sikasso	1991	7	29	210	21.4	29.0	19.9	-999.9	0.0	1.9	97018.3	-999.9
Sikasso	1991	7	30	211	22.4	29.1	18.2	-999.9	9.0	2.1	97042.8	-999.9
Sikasso	1991	7	31	212	22.0	28.7	18.5	-999.9	17.9	2.0	97048.2	-999.9
Sikasso	1991	8	1	213	22.0	26.0	12.2	-999.9	0.0	1.4	97018.3	-999.9
Sikasso	1991	8	2	214	21.6	29.6	18.5	-999.9	14.5	1.6	96904.2	-999.9
Sikasso	1991	8	3	215	22.9	29.6	19.9	-999.9	0.0	2.1	96921.4	-999.9
Sikasso	1991	8	4	216	22.7	28.8	16.5	-999.9	29.0	2.3	96905.7	-999.9
Sikasso	1991	8	5	217	21.8	27.6	14.1	-999.9	16.5	1.7	96915.7	-999.9
Sikasso	1991	8	6	218	21.9	28.8	18.9	-999.9	15.1	1.7	96916.9	-999.9
Sikasso	1991	8	7	219	22.1	28.4	14.4	-999.9	22.7	1.4	96868.0	-999.9
Sikasso	1991	8	8	220	21.6	27.8	16.8	-999.9	0.0	2.0	96844.9	-999.9
Sikasso	1991	8	9	221	22.1	27.8	13.9	-999.9	22.7	1.9	96854.8	-999.9
Sikasso	1991	8	10	222	21.5	28.9	19.5	-999.9	7.6	1.6	96892.8	-999.9
Sikasso	1991	8	11	223	22.4	28.2	14.7	-999.9	14.3	1.3	96851.2	-999.9
Sikasso	1991	8	12	224	21.4	25.3	9.9	-999.9	0.0	2.0	97010.7	-999.9
Sikasso	1991	8	13	225	21.4	28.8	17.8	-999.9	0.0	1.9	97139.4	-999.9
Sikasso	1991	8	14	226	21.7	30.2	21.4	-999.9	14.3	1.4	97045.5	-999.9
Sikasso	1991	8	15	227	21.9	26.9	13.2	-999.9	7.1	1.8	97086.6	-999.9
Sikasso	1991	8	16	228	21.6	28.9	18.3	-999.9	0.0	2.1	97111.1	-999.9
Sikasso	1991	8	17	229	22.1	28.8	18.3	-999.9	19.5	2.0	97060.5	-999.9
Sikasso	1991	8	18	230	21.7	23.9	7.4	-999.9	0.0	2.0	96958.5	-999.9
Sikasso	1991	8	19	231	21.5	27.2	12.5	-999.9	0.0	1.8	97016.8	-999.9
Sikasso	1991	8	20	232	21.6	29.1	18.5	-999.9	19.5	1.6	97104.8	-999.9
Sikasso	1991	8	21	233	21.4	28.4	16.4	-999.9	37.4	1.5	97071.5	-999.9
Sikasso	1991	8	22	234	21.2	27.2	16.5	-999.9	0.0	1.7	97059.3	-999.9
Sikasso	1991	8	23	235	21.4	28.7	18.5	-999.9	37.4	1.7	97186.6	-999.9
Sikasso	1991	8	24	236	21.5	28.5	15.5	-999.9	18.7	1.1	97230.6	-999.9
Sikasso	1991	8	25	237	21.8	29.7	21.7	-999.9	0.0	1.5	97038.7	-999.9
Sikasso	1991	8	26	238	22.6	30.5	22.4	-999.9	0.0	1.9	96931.7	-999.9
Sikasso	1991	8	27	239	22.0	28.8	16.4	-999.9	0.0	1.7	97064.8	-999.9
Sikasso	1991	8	28	240	21.7	28.8	16.7	-999.9	11.9	1.4	97118.8	-999.9
Sikasso	1991	8	29	241	21.8	28.9	18.7	-999.9	47.4	1.6	97033.5	-999.9
Sikasso	1991	8	30	242	21.8	27.6	17.2	-999.9	11.9	1.6	97022.5	-999.9
Sikasso	1991	8	31	243	21.4	25.8	10.9	-999.9	35.6	1.3	97005.1	-999.9
Sikasso	1991	9	1	244	21.4	28.3	16.9	-999.9	0.0	1.8	97068.5	-999.9
Sikasso	1991	9	2	245	22.0	29.1	18.5	-999.9	12.7	1.2	97169.7	-999.9
Sikasso	1991	9	3	246	21.5	27.6	14.2	-999.9	0.0	1.0	97153.1	-999.9
Sikasso	1991	9	4	247	20.7	28.9	18.4	-999.9	25.5	1.2	97069.0	-999.9
Sikasso	1991	9	5	248	21.7	29.8	21.5	-999.9	0.0	1.4	97073.4	-999.9
Sikasso	1991	9	6	249	22.0	30.9	22.6	-999.9	0.0	1.3	97126.4	-999.9
Sikasso	1991	9	7	250	22.4	28.4	15.5	-999.9	4.0	1.7	97237.3	-999.9
Sikasso	1991	9	8	251	21.3	29.3	20.3	-999.9	0.0	1.3	97189.8	-999.9
Sikasso	1991	9	9	252	21.8	30.5	22.8	-999.9	0.0	1.1	97126.2	-999.9
Sikasso	1991	9	10	253	23.0	30.6	20.9	-999.9	11.9	1.4	97106.8	-999.9
Sikasso	1991	9	11	254	23.0	29.9	19.6	-999.9	12.4	1.4	97104.8	-999.9
Sikasso	1991	9	12	255	22.4	31.0	22.6	-999.9	0.0	1.3	96995.1	-999.9
Sikasso	1991	9	13	256	22.7	30.0	20.3	-999.9	0.0	1.7	96956.8	-999.9
Sikasso	1991	9	14	257	22.2	30.6	22.7	-999.9	0.0	1.2	96966.5	-999.9
Sikasso	1991	9	15	258	23.0	29.6	16.3	-999.9	0.0	1.6	96857.0	-999.9
Sikasso	1991	9	16	259	23.6	30.7	20.7	-999.9	0.0	1.6	96791.8	-999.9
Sikasso	1991	9	17	260	21.4	30.5	20.6	-999.9	4.3	1.7	96832.8	-999.9
Sikasso	1991	9	18	261	22.1	30.6	21.7	-999.9	8.5	1.4	96866.5	-999.9
Sikasso	1991	9	19	262	22.2	28.0	13.5	-999.9	4.3	1.5	96893.2	-999.9
Sikasso	1991	9	20	263	21.0	29.6	20.7	-999.9	0.0	1.0	96969.7	-999.9
Sikasso	1991	9	21	264	21.4	30.0	19.5	-999.9	6.8	1.2	96938.4	-999.9
Sikasso	1991	9	22	265	21.5	29.8	19.3	-999.9	0.0	1.4	96811.1	-999.9
Sikasso	1991	9	23	266	24.1	30.4	19.6	-999.9	13.5	1.8	96827.6	-999.9
Sikasso	1991	9	24	267	22.4	30.0	19.2	-999.9	13.5	1.5	96867.5	-999.9
Sikasso	1991	9	25	268	22.3	29.1	15.9	-999.9	6.8	1.2	96832.3	-999.9
Sikasso	1991	9	26	269	21.6	30.4	20.4	-999.9	5.8	1.3	96837.0	-999.9
Sikasso	1991	9	27	270	22.2	32.3	23.6	-999.9	5.8	1.4	96892.9	-999.9
Sikasso	1991	9	28	271	23.0	30.8	21.4	-999.9	0.0	1.3	96972.7	-999.9
Sikasso	1991	9	29	272	23.4	31.5	22.3	-999.9	5.8	1.7	96768.7	-999.9
Sikasso	1991	9	30	273	23.1	30.4	19.5	-999.9	5.8	1.8	96710.9	-999.9
Sikasso	1991	10	1	274	21.8	30.3	20.5	-999.9	5.7	1.2	96748.3	-999.9
Sikasso	1991	10	2	275	22.8	30.5	21.0	-999.9	0.0	1.2	96672.1	-999.9
Sikasso	1991	10	3	276	21.7	29.3	17.7	-999.9	5.7	1.5	96690.7	-999.9
Sikasso	1991	10	4	277	22.6	28.8	15.0	-999.9	17.2	1.5	96599.6	-999.9
Sikasso	1991	10	5	278	21.6	27.2	13.5	-999.9	11.5	1.7	96717.7	-999.9
Sikasso	1991	10	6	279	21.4	26.6	13.3	-999.9	0.0	1.1	96873.1	-999.9
Sikasso	1991	10	7	280	21.0	28.3	16.4	-999.9	18.7	1.1	96915.5	-999.9
Sikasso	1991	10	8	281	20.6	29.7	20.1	-999.9	12.5	1.2	96960.7	-999.9
Sikasso	1991	10	9	282	21.9	30.9	22.3	-999.9	0.0	1.4	96936.3	-999.9
Sikasso	1991	10	10	283	21.3	30.4	22.1	-999.9	0.0	1.2	97039.4	-999.9
Sikasso	1991	10	11	284	22.4	29.1	17.6	-999.9	0.0	1.0	97103.7	-999.9
Sikasso	1991	10	12	285	22.0	27.3	14.0	-999.9	0.0	1.9	96967.9	-999.9
Sikasso	1991	10	13	286	22.1	29.1	18.0	-999.9	0.0	1.7	96933.9	-999.9
Sikasso	1991	10	14	287	21.3	29.0	19.2	-999.9	0.0	1.5	96955.1	-999.9
Sikasso	1991	10	15	288	21.0	28.6	16.6	-999.9	0.0	1.2	96980.7	-999.9
Sikasso	1991	10	16	289	21.0	29.6	20.5	-999.9	0.0	1.4	96936.4	-999.9
Sikasso	1991	10	17	290	21.8	29.4	20.8	-999.9	0.0	1.5	96891.7	-999.9
Sikasso	1991	10	18	291	21.6	29.3	20.1	-999.9	13.3	1.4	96972.1	-999.9
Sikasso	1991	10	19	292	20.7	27.6	15.3	-999.9	0.0	1.4	97043.3	-999.9
Sikasso	1991	10	20	293	20.8	30.9	23.0	-999.9	0.0	1.7	96831.8	-999.9
Sikasso	1991	10	21	294	19.5	30.7	21.1	-999.9	0.0	1.4	96757.8	-999.9
Sikasso	1991	10	22	295	21.7	29.9	21.0	-999.9	0.0	1.5	96875.2	-999.9
Sikasso	1991	10	23	296	20.2	29.9	22.0	-999.9	0.0	1.2	96995.6	-999.9
Sikasso	1991	10	24	297	21.4	30.1	21.2	-999.9	0.0	1.2	96955.9	-999.9
Sikasso	1991	10	25	298	21.0	29.8	20.1	-999.9	11.7	1.3	96877.2	-999.9
Sikasso	1991	10	26	299	21.8	30.5	20.5	-999.9	0.0	1.2	96768.1	-999.9
Sikasso	1991	10	27	300	21.9	30.1	20.3	-999.9	0.0	1.1	96810.6	-999.9
Sikasso	1991	10	28	301	20.9	30.8	19.9	-999.9	0.0	1.1	96847.8	-999.9
Sikasso	1991	10	29	302	21.9	30.6	21.0	-999.9	0.0	1.2	96867.8	-999.9
Sikasso	1991	10	30	303	21.4	31.6	21.2	-999.9	0.0	1.3	96821.7	-999.9
Sikasso	1991	10	31	304	21.0	30.8	21.1	-999.9	0.0	1.6	96800.2	-999.9
Sikasso	1991	11	1	305	21.8	31.1	20.6	-999.9	2.5	1.3	96861.3	-999.9
Sikasso	1991	11	2	306	22.1	30.7	17.9	-999.9	0.0	1.2	96898.8	-999.9
Sikasso	1991	11	3	307	22.2	31.0	19.8	-999.9	0.0	1.4	96843.3	-999.9
Sikasso	1991	11	4	308	22.0	31.9	20.3	-999.9	0.0	1.4	96766.3	-999.9
Sikasso	1991	11	5	309	21.8	31.7	19.5	-999.9	0.0	1.5	96737.9	-999.9
Sikasso	1991	11	6	310	21.9	31.9	20.3	-999.9	3.8	1.5	96867.0	-999.9
Sikasso	1991	11	7	311	19.0	32.7	21.3	-999.9	0.0	1.5	96948.3	-999.9
Sikasso	1991	11	8	312	16.8	33.2	22.2	-999.9	0.0	1.7	96857.9	-999.9
Sikasso	1991	11	9	313	18.6	32.2	22.0	-999.9	0.0	1.2	96723.7	-999.9
Sikasso	1991	11	10	314	16.7	31.7	21.7	-999.9	0.0	1.3	96683.5	-999.9
Sikasso	1991	11	11	315	18.2	32.2	21.2	-999.9	0.0	1.3	96737.8	-999.9
Sikasso	1991	11	12	316	18.9	32.7	21.0	-999.9	0.0	1.3	96801.1	-999.9
Sikasso	1991	11	13	317	17.8	32.9	21.6	-999.9	0.0	1.5	96822.2	-999.9
Sikasso	1991	11	14	318	17.2	32.8	21.2	-999.9	0.0	1.2	96809.8	-999.9
Sikasso	1991	11	15	319	17.0	32.4	20.9	-999.9	0.0	1.6	96760.0	-999.9
Sikasso	1991	11	16	320	16.0	32.1	20.8	-999.9	1.7	1.8	96722.3	-999.9
Sikasso	1991	11	17	321	17.1	31.1	17.2	-999.9	0.0	1.8	96854.9	-999.9
Sikasso	1991	11	18	322	17.2	32.1	19.5	-999.9	0.0	1.6	96975.0	-999.9
Sikasso	1991	11	19	323	16.8	33.3	20.5	-999.9	0.0	1.6	96902.5	-999.9
Sikasso	1991	11	20	324	18.7	32.4	20.3	-999.9	0.0	1.7	96886.0	-999.9
Sikasso	1991	11	21	325	21.4	32.2	18.7	-999.9	0.0	1.3	96848.6	-999.9
Sikasso	1991	11	22	326	21.2	32.5	18.7	-999.9	0.0	0.9	96779.4	-999.9
Sikasso	1991	11	23	327	20.1	33.8	20.5	-999.9	0.0	1.6	96789.3	-999.9
Sikasso	1991	11	24	328	18.2	33.1	20.8	-999.9	0.0	1.7	96834.3	-999.9
Sikasso	1991	11	25	329	17.0	33.2	20.9	-999.9	0.0	1.8	96816.9	-999.9
Sikasso	1991	11	26	330	16.7	33.5	20.8	-999.9	0.0	2.0	96832.8	-999.9
Sikasso	1991	11	27	331	16.4	33.0	20.9	-999.9	0.0	1.6	96877.0	-999.9
Sikasso	1991	11	28	332	17.2	32.7	20.1	-999.9	0.0	1.4	96873.0	-999.9
Sikasso	1991	11	29	333	20.1	33.5	19.6	-999.9	0.0	1.5	96877.1	-999.9
Sikasso	1991	11	30	334	18.5	33.8	20.5	-999.9	0.0	1.3	96852.2	-999.9
Sikasso	1991	12	1	335	17.7	33.4	20.7	-999.9	0.0	1.5	96827.2	-999.9
Sikasso	1991	12	2	336	19.5	33.1	20.4	-999.9	0.0	1.0	96813.4	-999.9
Sikasso	1991	12	3	337	16.3	33.0	20.7	-999.9	0.0	1.5	96789.4	-999.9
Sikasso	1991	12	4	338	16.8	32.4	20.3	-999.9	0.0	1.2	96811.2	-999.9
Sikasso	1991	12	5	339	20.5	31.9	16.0	-999.9	0.8	1.2	96785.2	-999.9
Sikasso	1991	12	6	340	20.9	33.2	17.7	-999.9	0.0	1.1	96702.9	-999.9
Sikasso	1991	12	7	341	18.8	32.3	17.4	-999.9	0.0	1.4	96728.5	-999.9
Sikasso	1991	12	8	342	18.9	34.2	19.2	-999.9	0.0	1.5	96675.9	-999.9
Sikasso	1991	12	9	343	17.7	34.0	19.9	-999.9	0.0	1.6	96635.3	-999.9
Sikasso	1991	12	10	344	16.9	33.3	20.0	-999.9	0.0	1.8	96685.2	-999.9
Sikasso	1991	12	11	345	17.1	33.1	20.0	-999.9	0.0	2.2	96747.0	-999.9
Sikasso	1991	12	12	346	17.6	32.6	20.1	-999.9	0.0	2.2	96802.1	-999.9
Sikasso	1991	12	13	347	18.7	32.5	20.0	-999.9	0.0	2.4	96871.5	-999.9
Sikasso	1991	12	14	348	19.1	32.4	19.8	-999.9	0.0	2.5	96906.7	-999.9
Sikasso	1991	12	15	349	17.2	31.6	20.2	-999.9	0.0	2.4	96927.8	-999.9
Sikasso	1991	12	16	350	16.2	30.1	20.0	-999.9	0.0	2.3	96966.5	-999.9
Sikasso	1991	12	17	351	14.6	29.4	20.2	-999.9	0.0	2.1	96888.6	-999.9
Sikasso	1991	12	18	352	14.0	30.4	20.1	-999.9	0.0	1.8	96900.4	-999.9
Sikasso	1991	12	19	353	16.0	31.2	19.2	-999.9	0.0	1.7	96984.7	-999.9
Sikasso	1991	12	20	354	16.6	31.2	19.9	-999.9	0.0	1.9	97063.9	-999.9
Sikasso	1991	12	21	355	16.2	31.0	19.9	-999.9	0.0	2.1	97052.7	-999.9
Sikasso	1991	12	22	356	16.2	31.0	19.7	-999.9	0.0	2.0	97024.9	-999.9
Sikasso	1991	12	23	357	16.7	30.4	20.1	-999.9	0.0	2.2	97023.4	-999.9
Sikasso	1991	12	24	358	15.0	29.1	20.4	-999.9	0.0	2.1	97116.7	-999.9
Sikasso	1991	12	25	359	13.6	29.9	20.2	-999.9	0.0	2.0	97102.0	-999.9
Sikasso	1991	12	26	360	14.7	31.8	20.2	-999.9	0.0	1.8	97020.3	-999.9
Sikasso	1991	12	27	361	16.4	31.6	20.0	-999.9	0.0	2.0	96956.3	-999.9
Sikasso	1991	12	28	362	16.9	31.9	19.7	-999.9	0.1	1.9	96903.0	-999.9
Sikasso	1991	12	29	363	17.0	31.8	20.0	-999.9	0.0	2.0	96969.5	-999.9
Sikasso	1991	12	30	364	16.0	30.5	20.1	-999.9	0.0	2.3	97114.6	-999.9
Sikasso	1991	12	31	365	14.2	30.3	20.5	-999.9	0.1	2.1	97054.5	-999.9
