Sikasso	2015	1	1	1	13.3	29.5	20.7	-999.9	0.0	2.1	97130.5	-999.9
Sikasso	2015	1	2	2	15.3	30.5	19.8	-999.9	0.0	2.1	97129.6	-999.9
Sikasso	2015	1	3	3	15.6	31.5	20.5	-999.9	0.0	2.3	97207.6	-999.9
Sikasso	2015	1	4	4	15.6	31.2	20.6	-999.9	0.4	2.5	97305.0	-999.9
Sikasso	2015	1	5	5	15.0	30.7	20.8	-999.9	0.0	2.3	97254.3	-999.9
Sikasso	2015	1	6	6	12.7	29.9	21.2	-999.9	0.0	2.0	97150.3	-999.9
Sikasso	2015	1	7	7	13.4	31.0	21.2	-999.9	0.0	2.0	97077.0	-999.9
Sikasso	2015	1	8	8	14.0	31.8	21.0	-999.9	0.0	2.0	97087.1	-999.9
Sikasso	2015	1	9	9	16.1	32.4	20.9	-999.9	0.0	2.4	97157.4	-999.9
Sikasso	2015	1	10	10	16.7	31.8	21.2	-999.9	0.0	2.6	97263.6	-999.9
Sikasso	2015	1	11	11	14.7	31.2	21.4	-999.9	0.0	2.3	97240.7	-999.9
Sikasso	2015	1	12	12	14.2	31.0	21.5	-999.9	0.0	2.3	97170.9	-999.9
Sikasso	2015	1	13	13	14.7	30.2	20.6	-999.9	0.3	2.3	97072.6	-999.9
Sikasso	2015	1	14	14	13.8	30.9	21.4	-999.9	0.0	2.0	96982.9	-999.9
Sikasso	2015	1	15	15	13.5	31.8	21.0	-999.9	0.0	2.0	97042.4	-999.9
Sikasso	2015	1	16	16	15.3	33.1	21.2	-999.9	0.0	1.8	97036.6	-999.9
Sikasso	2015	1	17	17	17.2	33.8	21.0	-999.9	0.0	2.0	97039.3	-999.9
Sikasso	2015	1	18	18	17.1	33.4	21.1	-999.9	0.0	2.0	97054.8	-999.9
Sikasso	2015	1	19	19	16.6	33.9	21.3	-999.9	0.0	1.9	96893.5	-999.9
Sikasso	2015	1	20	20	16.8	34.3	21.1	-999.9	0.0	1.3	96692.8	-999.9
Sikasso	2015	1	21	21	16.7	34.2	21.2	-999.9	0.0	1.6	96791.0	-999.9
Sikasso	2015	1	22	22	20.6	34.0	19.3	-999.9	0.0	1.6	96989.4	-999.9
Sikasso	2015	1	23	23	18.7	34.9	21.3	-999.9	0.0	2.1	96965.6	-999.9
Sikasso	2015	1	24	24	18.2	34.9	21.4	-999.9	0.0	2.1	96813.9	-999.9
Sikasso	2015	1	25	25	17.7	34.5	21.4	-999.9	0.0	1.9	96741.1	-999.9
Sikasso	2015	1	26	26	17.5	33.3	21.6	-999.9	0.0	2.2	96936.6	-999.9
Sikasso	2015	1	27	27	16.3	33.1	21.8	-999.9	0.0	2.3	97012.3	-999.9
Sikasso	2015	1	28	28	16.9	32.6	21.8	-999.9	0.0	2.3	96967.9	-999.9
Sikasso	2015	1	29	29	15.9	32.6	22.2	-999.9	0.0	2.3	96931.4	-999.9
Sikasso	2015	1	30	30	15.8	33.8	22.1	-999.9	0.0	1.9	96898.9	-999.9
Sikasso	2015	1	31	31	15.9	34.5	22.2	-999.9	0.0	1.8	96887.5	-999.9
Sikasso	2015	2	1	32	17.2	35.0	22.1	-999.9	0.0	1.7	96821.9	-999.9
Sikasso	2015	2	2	33	17.8	35.2	22.1	-999.9	0.0	1.6	96770.4	-999.9
Sikasso	2015	2	3	34	17.9	36.6	22.2	-999.9	0.0	1.8	96694.7	-999.9
Sikasso	2015	2	4	35	19.2	36.6	22.1	-999.9	0.0	1.6	96705.2	-999.9
Sikasso	2015	2	5	36	19.0	37.2	22.3	-999.9	0.0	1.8	96671.0	-999.9
Sikasso	2015	2	6	37	18.3	36.4	22.2	-999.9	0.0	1.7	96670.8	-999.9
Sikasso	2015	2	7	38	18.4	36.5	22.2	-999.9	0.0	1.4	96713.1	-999.9
Sikasso	2015	2	8	39	19.6	37.3	22.3	-999.9	0.0	1.5	96652.8	-999.9
Sikasso	2015	2	9	40	20.1	36.8	21.4	-999.9	0.0	1.5	96566.8	-999.9
Sikasso	2015	2	10	41	24.5	36.8	20.1	-999.9	0.0	1.7	96534.7	-999.9
Sikasso	2015	2	11	42	24.9	36.0	18.5	-999.9	0.0	1.9	96658.8	-999.9
Sikasso	2015	2	12	43	23.4	36.4	20.1	-999.9	0.0	2.1	96841.6	-999.9
Sikasso	2015	2	13	44	23.3	35.1	16.8	-999.9	0.0	1.5	96878.8	-999.9
Sikasso	2015	2	14	45	23.3	36.5	20.6	-999.9	0.0	1.4	96779.6	-999.9
Sikasso	2015	2	15	46	23.2	36.4	21.5	-999.9	0.0	0.9	96751.6	-999.9
Sikasso	2015	2	16	47	22.3	36.0	22.3	-999.9	0.0	1.9	96824.1	-999.9
Sikasso	2015	2	17	48	20.7	35.1	22.3	-999.9	0.0	1.8	96765.3	-999.9
Sikasso	2015	2	18	49	19.8	35.9	23.1	-999.9	0.0	1.2	96534.9	-999.9
Sikasso	2015	2	19	50	20.9	35.9	22.6	-999.9	0.0	1.2	96508.6	-999.9
Sikasso	2015	2	20	51	22.3	32.2	20.0	-999.9	0.0	1.5	96611.0	-999.9
Sikasso	2015	2	21	52	21.8	30.9	15.0	-999.9	0.0	1.5	96730.0	-999.9
Sikasso	2015	2	22	53	22.5	33.5	22.3	-999.9	0.0	2.1	96860.4	-999.9
Sikasso	2015	2	23	54	21.9	33.9	23.3	-999.9	0.0	2.7	96981.4	-999.9
Sikasso	2015	2	24	55	20.7	34.8	23.4	-999.9	0.0	2.4	96970.6	-999.9
Sikasso	2015	2	25	56	20.7	35.2	23.4	-999.9	0.0	2.4	96790.1	-999.9
Sikasso	2015	2	26	57	19.4	34.4	24.0	-999.9	0.0	2.7	96711.0	-999.9
Sikasso	2015	2	27	58	19.1	33.7	24.3	-999.9	0.0	3.0	96847.1	-999.9
Sikasso	2015	2	28	59	18.1	34.1	24.4	-999.9	0.0	2.5	96965.4	-999.9
Sikasso	2015	3	1	60	19.0	34.2	24.5	-999.9	0.0	2.7	96967.5	-999.9
Sikasso	2015	3	2	61	18.7	34.4	24.6	-999.9	0.0	2.5	96901.5	-999.9
Sikasso	2015	3	3	62	18.2	35.1	24.6	-999.9	0.0	2.3	96810.7	-999.9
Sikasso	2015	3	4	63	18.6	36.6	24.6	-999.9	0.0	2.2	96762.9	-999.9
Sikasso	2015	3	5	64	20.9	36.8	24.6	-999.9	0.0	2.2	96737.3	-999.9
Sikasso	2015	3	6	65	21.6	37.2	24.6	-999.9	0.0	2.3	96714.9	-999.9
Sikasso	2015	3	7	66	21.7	37.4	24.8	-999.9	0.0	1.7	96697.8	-999.9
Sikasso	2015	3	8	67	19.7	37.1	25.0	-999.9	0.0	2.1	96638.6	-999.9
Sikasso	2015	3	9	68	19.1	37.1	23.4	-999.9	0.0	1.8	96630.5	-999.9
Sikasso	2015	3	10	69	22.6	36.8	22.7	-999.9	0.0	1.4	96660.1	-999.9
Sikasso	2015	3	11	70	25.0	37.8	21.7	-999.9	0.0	1.6	96700.0	-999.9
Sikasso	2015	3	12	71	23.3	38.2	24.4	-999.9	0.0	2.1	96554.3	-999.9
Sikasso	2015	3	13	72	23.5	38.0	24.4	-999.9	0.0	1.3	96483.3	-999.9
Sikasso	2015	3	14	73	25.0	37.0	22.5	-999.9	0.0	1.9	96454.9	-999.9
Sikasso	2015	3	15	74	24.8	38.0	22.2	-999.9	2.5	1.3	96469.2	-999.9
Sikasso	2015	3	16	75	26.4	36.8	20.5	-999.9	0.0	1.7	96561.5	-999.9
Sikasso	2015	3	17	76	26.1	36.5	19.0	-999.9	0.0	1.8	96612.0	-999.9
Sikasso	2015	3	18	77	24.8	35.9	20.4	-999.9	0.0	1.2	96587.1	-999.9
Sikasso	2015	3	19	78	25.2	35.6	18.6	-999.9	0.0	2.1	96574.4	-999.9
Sikasso	2015	3	20	79	25.3	37.1	24.1	-999.9	0.0	2.2	96459.4	-999.9
Sikasso	2015	3	21	80	26.3	37.2	24.0	-999.9	0.0	2.3	96502.4	-999.9
Sikasso	2015	3	22	81	27.4	36.2	22.2	-999.9	0.0	2.4	96564.3	-999.9
Sikasso	2015	3	23	82	25.0	35.3	18.7	-999.9	2.0	2.5	96610.1	-999.9
Sikasso	2015	3	24	83	25.5	36.6	25.0	-999.9	0.0	2.1	96569.2	-999.9
Sikasso	2015	3	25	84	24.4	36.9	24.8	-999.9	0.0	1.2	96576.5	-999.9
Sikasso	2015	3	26	85	25.4	36.6	24.4	-999.9	0.0	2.1	96797.1	-999.9
Sikasso	2015	3	27	86	24.6	35.8	20.6	-999.9	1.0	1.6	96988.0	-999.9
Sikasso	2015	3	28	87	24.3	37.6	25.7	-999.9	0.0	2.5	96941.0	-999.9
Sikasso	2015	3	29	88	21.6	35.5	26.0	-999.9	0.0	2.2	96831.9	-999.9
Sikasso	2015	3	30	89	20.8	35.6	26.5	-999.9	0.0	2.2	96758.2	-999.9
Sikasso	2015	3	31	90	19.0	36.3	26.8	-999.9	0.0	1.8	96761.2	-999.9
Sikasso	2015	4	1	91	20.1	37.6	26.6	-999.9	0.0	1.9	96710.4	-999.9
Sikasso	2015	4	2	92	26.0	35.8	21.7	-999.9	0.0	1.9	96775.1	-999.9
Sikasso	2015	4	3	93	25.6	37.8	23.0	-999.9	0.0	1.9	96661.0	-999.9
Sikasso	2015	4	4	94	23.6	37.1	22.5	-999.9	0.0	1.8	96553.4	-999.9
Sikasso	2015	4	5	95	26.2	36.9	23.4	-999.9	0.0	1.9	96497.6	-999.9
Sikasso	2015	4	6	96	26.7	35.8	21.6	-999.9	0.0	1.9	96594.6	-999.9
Sikasso	2015	4	7	97	26.6	38.0	21.8	-999.9	0.0	1.9	96646.8	-999.9
Sikasso	2015	4	8	98	26.5	36.8	20.4	-999.9	0.0	1.8	96706.7	-999.9
Sikasso	2015	4	9	99	25.4	39.2	25.1	-999.9	0.0	2.6	96614.9	-999.9
Sikasso	2015	4	10	100	23.7	38.7	25.9	-999.9	0.0	2.1	96665.8	-999.9
Sikasso	2015	4	11	101	21.6	38.5	26.3	-999.9	0.0	1.7	96638.7	-999.9
Sikasso	2015	4	12	102	25.9	36.5	21.4	-999.9	0.0	2.7	96766.2	-999.9
Sikasso	2015	4	13	103	26.4	37.3	23.7	-999.9	0.0	2.4	96897.2	-999.9
Sikasso	2015	4	14	104	23.1	37.7	26.5	-999.9	0.0	2.1	96810.9	-999.9
Sikasso	2015	4	15	105	20.6	37.3	26.9	-999.9	0.0	2.1	96665.2	-999.9
Sikasso	2015	4	16	106	20.7	37.1	26.1	-999.9	0.0	2.1	96721.5	-999.9
Sikasso	2015	4	17	107	21.8	37.5	26.3	-999.9	0.0	1.8	96776.5	-999.9
Sikasso	2015	4	18	108	21.3	37.3	26.2	-999.9	0.0	1.8	96723.9	-999.9
Sikasso	2015	4	19	109	24.9	37.7	24.8	-999.9	0.0	2.0	96610.3	-999.9
Sikasso	2015	4	20	110	27.1	37.2	22.7	-999.9	0.0	1.8	96596.2	-999.9
Sikasso	2015	4	21	111	27.0	38.5	24.5	-999.9	0.0	2.1	96583.5	-999.9
Sikasso	2015	4	22	112	27.5	38.3	23.9	-999.9	0.0	2.0	96640.4	-999.9
Sikasso	2015	4	23	113	26.9	38.6	25.3	-999.9	0.0	2.0	96656.5	-999.9
Sikasso	2015	4	24	114	27.8	38.7	23.7	-999.9	0.0	2.1	96645.5	-999.9
Sikasso	2015	4	25	115	26.5	37.6	23.3	-999.9	0.0	2.4	96736.8	-999.9
Sikasso	2015	4	26	116	27.8	38.2	23.6	-999.9	10.6	2.5	96701.1	-999.9
Sikasso	2015	4	27	117	26.7	36.3	21.4	-999.9	0.0	2.1	96779.0	-999.9
Sikasso	2015	4	28	118	26.6	36.5	22.6	-999.9	0.0	2.1	96690.7	-999.9
Sikasso	2015	4	29	119	26.1	37.7	23.9	-999.9	0.0	1.9	96622.7	-999.9
Sikasso	2015	4	30	120	27.4	38.3	23.5	-999.9	0.0	2.3	96528.0	-999.9
Sikasso	2015	5	1	121	28.4	38.5	23.4	-999.9	0.0	2.2	96487.5	-999.9
Sikasso	2015	5	2	122	28.5	38.7	23.9	-999.9	0.0	2.5	96482.7	-999.9
Sikasso	2015	5	3	123	28.6	38.0	23.1	-999.9	0.0	2.2	96559.0	-999.9
Sikasso	2015	5	4	124	26.6	34.5	19.9	-999.9	0.0	2.7	96663.2	-999.9
Sikasso	2015	5	5	125	27.1	38.1	24.0	-999.9	0.0	2.6	96648.2	-999.9
Sikasso	2015	5	6	126	26.2	36.9	22.4	-999.9	7.2	2.3	96756.6	-999.9
Sikasso	2015	5	7	127	26.5	38.1	24.0	-999.9	0.0	2.3	96690.0	-999.9
Sikasso	2015	5	8	128	26.7	37.2	24.5	-999.9	7.2	2.6	96736.6	-999.9
Sikasso	2015	5	9	129	27.4	36.1	22.3	-999.9	14.4	2.5	96796.8	-999.9
Sikasso	2015	5	10	130	25.0	35.9	24.4	-999.9	0.0	2.3	96744.7	-999.9
Sikasso	2015	5	11	131	25.4	34.5	22.7	-999.9	0.0	2.1	96721.5	-999.9
Sikasso	2015	5	12	132	26.0	35.2	23.3	-999.9	0.0	1.8	96773.7	-999.9
Sikasso	2015	5	13	133	26.0	36.6	22.7	-999.9	0.0	1.7	96782.8	-999.9
Sikasso	2015	5	14	134	25.4	36.8	23.8	-999.9	0.0	1.8	96624.2	-999.9
Sikasso	2015	5	15	135	27.3	36.5	23.2	-999.9	0.0	2.4	96646.9	-999.9
Sikasso	2015	5	16	136	27.2	36.1	23.6	-999.9	2.8	2.0	96824.0	-999.9
Sikasso	2015	5	17	137	26.6	36.9	22.6	-999.9	8.5	2.0	96787.6	-999.9
Sikasso	2015	5	18	138	25.4	35.4	22.9	-999.9	5.7	2.2	96789.4	-999.9
Sikasso	2015	5	19	139	23.7	32.8	19.6	-999.9	8.5	2.3	96859.1	-999.9
Sikasso	2015	5	20	140	24.8	34.5	24.3	-999.9	0.0	1.7	96813.0	-999.9
Sikasso	2015	5	21	141	24.4	34.6	23.8	-999.9	5.0	1.8	96883.4	-999.9
Sikasso	2015	5	22	142	25.3	35.5	21.6	-999.9	0.0	1.9	96911.5	-999.9
Sikasso	2015	5	23	143	23.5	34.1	22.4	-999.9	0.0	2.8	96858.8	-999.9
Sikasso	2015	5	24	144	24.2	33.3	22.3	-999.9	5.0	2.5	96898.9	-999.9
Sikasso	2015	5	25	145	25.4	35.9	24.4	-999.9	5.0	2.0	96803.4	-999.9
Sikasso	2015	5	26	146	25.1	36.0	24.0	-999.9	0.0	1.6	96702.1	-999.9
Sikasso	2015	5	27	147	26.7	36.0	22.9	-999.9	0.0	2.5	96675.1	-999.9
Sikasso	2015	5	28	148	26.4	36.4	24.3	-999.9	0.0	2.2	96670.9	-999.9
Sikasso	2015	5	29	149	26.9	36.7	24.4	-999.9	4.3	2.4	96669.7	-999.9
Sikasso	2015	5	30	150	26.3	36.6	24.6	-999.9	0.0	2.2	96683.4	-999.9
Sikasso	2015	5	31	151	25.9	36.5	24.8	-999.9	12.8	2.3	96675.5	-999.9
Sikasso	2015	6	1	152	25.9	35.0	23.5	-999.9	12.5	2.2	96672.7	-999.9
Sikasso	2015	6	2	153	24.6	33.7	21.1	-999.9	0.0	2.2	96706.7	-999.9
Sikasso	2015	6	3	154	25.8	32.1	20.9	-999.9	9.3	2.2	96884.9	-999.9
Sikasso	2015	6	4	155	24.5	32.4	22.3	-999.9	0.0	1.7	96908.9	-999.9
Sikasso	2015	6	5	156	23.5	33.1	23.2	-999.9	6.2	2.1	96870.4	-999.9
Sikasso	2015	6	6	157	24.0	34.7	24.3	-999.9	2.1	2.2	96769.1	-999.9
Sikasso	2015	6	7	158	24.7	34.9	24.5	-999.9	0.0	2.5	96747.9	-999.9
Sikasso	2015	6	8	159	24.9	34.8	23.8	-999.9	4.2	2.5	96726.6	-999.9
Sikasso	2015	6	9	160	25.9	34.0	22.3	-999.9	0.0	2.2	96801.9	-999.9
Sikasso	2015	6	10	161	24.3	32.4	22.5	-999.9	0.0	1.8	96967.9	-999.9
Sikasso	2015	6	11	162	24.0	33.4	22.2	-999.9	6.3	1.8	96969.4	-999.9
Sikasso	2015	6	12	163	25.9	34.5	24.2	-999.9	0.0	1.8	96862.3	-999.9
Sikasso	2015	6	13	164	26.2	34.5	23.1	-999.9	12.6	2.8	96796.4	-999.9
Sikasso	2015	6	14	165	23.4	33.2	21.4	-999.9	0.0	2.2	96829.5	-999.9
Sikasso	2015	6	15	166	24.6	33.5	24.5	-999.9	6.3	1.9	96928.5	-999.9
Sikasso	2015	6	16	167	24.9	32.9	22.8	-999.9	0.0	1.9	96906.0	-999.9
Sikasso	2015	6	17	168	25.2	33.7	23.7	-999.9	0.0	2.0	96840.4	-999.9
Sikasso	2015	6	18	169	25.6	33.5	22.2	-999.9	7.5	2.6	96740.3	-999.9
Sikasso	2015	6	19	170	25.0	31.5	17.2	-999.9	11.2	2.7	96850.6	-999.9
Sikasso	2015	6	20	171	24.5	32.7	22.6	-999.9	0.0	2.0	96975.0	-999.9
Sikasso	2015	6	21	172	23.1	33.3	23.6	-999.9	0.0	2.3	97034.5	-999.9
Sikasso	2015	6	22	173	25.4	33.4	22.1	-999.9	0.0	2.7	97037.9	-999.9
Sikasso	2015	6	23	174	25.0	32.1	17.1	-999.9	0.0	2.6	97127.3	-999.9
Sikasso	2015	6	24	175	24.8	33.4	22.5	-999.9	17.8	1.9	97208.2	-999.9
Sikasso	2015	6	25	176	24.8	31.8	18.1	-999.9	0.0	2.4	97268.4	-999.9
Sikasso	2015	6	26	177	25.3	32.3	22.4	-999.9	0.0	2.7	97092.3	-999.9
Sikasso	2015	6	27	178	25.1	32.2	22.7	-999.9	0.0	2.4	96973.7	-999.9
Sikasso	2015	6	28	179	23.6	31.1	20.9	-999.9	8.7	1.7	97053.6	-999.9
Sikasso	2015	6	29	180	23.6	31.8	22.7	-999.9	8.7	1.9	97092.7	-999.9
Sikasso	2015	6	30	181	23.9	31.5	22.6	-999.9	8.7	1.8	97048.0	-999.9
Sikasso	2015	7	1	182	22.6	31.9	23.7	-999.9	0.0	1.7	97024.9	-999.9
Sikasso	2015	7	2	183	23.0	31.5	22.8	-999.9	11.7	2.3	96957.9	-999.9
Sikasso	2015	7	3	184	24.6	33.4	23.1	-999.9	5.9	2.3	96867.8	-999.9
Sikasso	2015	7	4	185	24.4	32.2	22.4	-999.9	0.0	2.2	96929.7	-999.9
Sikasso	2015	7	5	186	23.5	33.0	23.5	-999.9	0.0	1.8	96857.6	-999.9
Sikasso	2015	7	6	187	23.7	31.4	19.7	-999.9	33.3	1.2	96871.3	-999.9
Sikasso	2015	7	7	188	23.5	32.1	21.7	-999.9	20.0	1.3	96916.8	-999.9
Sikasso	2015	7	8	189	23.6	31.1	20.0	-999.9	6.7	1.0	96945.7	-999.9
Sikasso	2015	7	9	190	23.6	30.0	17.6	-999.9	13.3	1.3	97058.2	-999.9
Sikasso	2015	7	10	191	23.0	30.3	17.2	-999.9	13.3	1.4	97144.2	-999.9
Sikasso	2015	7	11	192	22.8	30.7	21.2	-999.9	7.5	1.3	97144.5	-999.9
Sikasso	2015	7	12	193	22.2	30.9	20.2	-999.9	22.4	1.5	97088.5	-999.9
Sikasso	2015	7	13	194	22.8	29.9	17.4	-999.9	0.0	1.3	96992.2	-999.9
Sikasso	2015	7	14	195	23.7	31.9	23.5	-999.9	0.0	1.8	96852.7	-999.9
Sikasso	2015	7	15	196	23.6	32.0	21.9	-999.9	7.5	2.2	96831.9	-999.9
Sikasso	2015	7	16	197	22.9	29.0	14.8	-999.9	21.8	2.2	96957.4	-999.9
Sikasso	2015	7	17	198	23.2	30.3	18.9	-999.9	0.0	1.7	97052.2	-999.9
Sikasso	2015	7	18	199	24.1	31.4	18.8	-999.9	21.8	1.3	97028.2	-999.9
Sikasso	2015	7	19	200	23.4	31.0	19.7	-999.9	0.0	2.3	96902.3	-999.9
Sikasso	2015	7	20	201	24.0	31.1	19.0	-999.9	21.8	1.9	96915.4	-999.9
Sikasso	2015	7	21	202	22.9	29.3	17.7	-999.9	13.4	1.9	96937.8	-999.9
Sikasso	2015	7	22	203	23.0	26.3	9.8	-999.9	0.0	2.5	97038.8	-999.9
Sikasso	2015	7	23	204	22.3	28.7	16.8	-999.9	0.0	2.2	97011.4	-999.9
Sikasso	2015	7	24	205	23.7	29.6	18.2	-999.9	26.8	1.9	96988.0	-999.9
Sikasso	2015	7	25	206	22.9	29.3	19.6	-999.9	0.0	1.9	96992.8	-999.9
Sikasso	2015	7	26	207	22.4	30.0	21.7	-999.9	7.0	1.7	97040.3	-999.9
Sikasso	2015	7	27	208	22.9	29.5	19.7	-999.9	0.0	2.0	96970.9	-999.9
Sikasso	2015	7	28	209	21.9	26.1	9.6	-999.9	14.1	1.9	96975.7	-999.9
Sikasso	2015	7	29	210	21.9	28.7	19.3	-999.9	0.0	2.4	97077.4	-999.9
Sikasso	2015	7	30	211	22.3	29.6	20.5	-999.9	0.0	1.9	97075.5	-999.9
Sikasso	2015	7	31	212	22.7	28.8	17.6	-999.9	14.1	2.1	97023.4	-999.9
Sikasso	2015	8	1	213	22.7	29.6	19.2	-999.9	8.0	1.7	96955.9	-999.9
Sikasso	2015	8	2	214	23.0	29.0	15.6	-999.9	8.0	1.2	96986.2	-999.9
Sikasso	2015	8	3	215	22.9	27.9	14.8	-999.9	0.0	1.6	96998.9	-999.9
Sikasso	2015	8	4	216	22.6	29.5	18.6	-999.9	0.0	2.5	96948.4	-999.9
Sikasso	2015	8	5	217	23.4	29.7	20.1	-999.9	0.0	2.2	96946.0	-999.9
Sikasso	2015	8	6	218	22.7	28.4	14.3	-999.9	27.5	2.0	96864.2	-999.9
Sikasso	2015	8	7	219	22.2	26.9	13.5	-999.9	0.0	2.2	96739.6	-999.9
Sikasso	2015	8	8	220	22.2	28.8	16.3	-999.9	0.0	2.6	96816.5	-999.9
Sikasso	2015	8	9	221	22.7	29.6	20.3	-999.9	18.3	1.7	96947.4	-999.9
Sikasso	2015	8	10	222	21.7	29.4	18.8	-999.9	18.3	1.8	96914.1	-999.9
Sikasso	2015	8	11	223	22.8	24.3	7.1	-999.9	0.0	1.6	96792.4	-999.9
Sikasso	2015	8	12	224	21.7	27.7	15.2	-999.9	0.0	2.6	97104.4	-999.9
Sikasso	2015	8	13	225	22.7	28.5	13.8	-999.9	19.5	1.2	97104.0	-999.9
Sikasso	2015	8	14	226	22.2	31.3	21.8	-999.9	39.0	1.5	96941.0	-999.9
Sikasso	2015	8	15	227	22.8	29.9	18.4	-999.9	0.0	1.7	96905.1	-999.9
Sikasso	2015	8	16	228	22.9	28.8	19.2	-999.9	0.0	2.3	97055.2	-999.9
Sikasso	2015	8	17	229	23.0	30.2	21.0	-999.9	12.5	1.7	97029.5	-999.9
Sikasso	2015	8	18	230	21.9	25.4	7.5	-999.9	24.9	1.7	96891.8	-999.9
Sikasso	2015	8	19	231	22.9	30.0	21.1	-999.9	0.0	2.1	96821.2	-999.9
Sikasso	2015	8	20	232	22.8	28.9	17.3	-999.9	37.4	1.3	96889.9	-999.9
Sikasso	2015	8	21	233	22.3	30.5	21.3	-999.9	23.1	1.3	96880.5	-999.9
Sikasso	2015	8	22	234	22.6	25.9	10.0	-999.9	0.0	2.0	96911.6	-999.9
Sikasso	2015	8	23	235	21.6	29.6	17.2	-999.9	0.0	1.1	96944.1	-999.9
Sikasso	2015	8	24	236	22.9	30.8	21.8	-999.9	11.5	1.6	96857.6	-999.9
Sikasso	2015	8	25	237	23.1	29.2	14.9	-999.9	34.6	2.5	96954.3	-999.9
Sikasso	2015	8	26	238	22.3	29.2	19.7	-999.9	0.0	1.8	97000.7	-999.9
Sikasso	2015	8	27	239	22.4	28.9	12.7	-999.9	25.1	1.6	96830.3	-999.9
Sikasso	2015	8	28	240	22.2	28.6	16.1	-999.9	0.0	1.9	96781.8	-999.9
Sikasso	2015	8	29	241	22.5	30.0	19.9	-999.9	0.0	2.4	97001.6	-999.9
Sikasso	2015	8	30	242	22.5	28.6	17.0	-999.9	8.4	1.7	97111.5	-999.9
Sikasso	2015	8	31	243	22.3	27.1	12.9	-999.9	0.0	1.8	97107.5	-999.9
Sikasso	2015	9	1	244	22.3	29.3	18.0	-999.9	12.9	1.7	97042.7	-999.9
Sikasso	2015	9	2	245	21.7	27.5	16.2	-999.9	0.0	2.2	97010.8	-999.9
Sikasso	2015	9	3	246	21.8	29.2	16.9	-999.9	0.0	1.8	97020.0	-999.9
Sikasso	2015	9	4	247	22.6	30.6	21.3	-999.9	38.7	1.6	96964.3	-999.9
Sikasso	2015	9	5	248	22.4	28.9	16.5	-999.9	38.7	1.4	97022.2	-999.9
Sikasso	2015	9	6	249	22.7	29.6	19.6	-999.9	23.1	1.5	97065.7	-999.9
Sikasso	2015	9	7	250	22.5	28.8	15.1	-999.9	15.4	1.9	97061.9	-999.9
Sikasso	2015	9	8	251	22.4	30.1	21.5	-999.9	7.7	1.3	96885.7	-999.9
Sikasso	2015	9	9	252	23.1	30.6	20.2	-999.9	7.7	1.4	96769.4	-999.9
Sikasso	2015	9	10	253	22.6	29.3	18.8	-999.9	0.0	1.9	96892.9	-999.9
Sikasso	2015	9	11	254	21.9	30.0	20.6	-999.9	0.0	1.1	96957.8	-999.9
Sikasso	2015	9	12	255	22.4	30.8	21.4	-999.9	8.3	1.1	96868.7	-999.9
Sikasso	2015	9	13	256	22.5	30.6	21.1	-999.9	8.3	1.3	96884.3	-999.9
Sikasso	2015	9	14	257	23.1	30.0	19.5	-999.9	50.0	1.6	97012.5	-999.9
Sikasso	2015	9	15	258	22.5	30.1	19.4	-999.9	0.0	1.4	97033.8	-999.9
Sikasso	2015	9	16	259	22.4	30.0	19.0	-999.9	9.1	1.2	96968.9	-999.9
Sikasso	2015	9	17	260	22.9	30.8	21.6	-999.9	9.1	1.6	96867.8	-999.9
Sikasso	2015	9	18	261	21.5	28.9	16.7	-999.9	27.4	1.3	96843.1	-999.9
Sikasso	2015	9	19	262	21.8	29.3	18.2	-999.9	9.1	1.3	96974.1	-999.9
Sikasso	2015	9	20	263	22.3	30.6	20.4	-999.9	18.3	1.3	97009.9	-999.9
Sikasso	2015	9	21	264	22.3	28.8	14.3	-999.9	29.6	1.3	97032.3	-999.9
Sikasso	2015	9	22	265	22.3	30.1	20.4	-999.9	0.0	1.3	96997.7	-999.9
Sikasso	2015	9	23	266	21.9	29.9	19.8	-999.9	0.0	1.2	97024.0	-999.9
Sikasso	2015	9	24	267	22.6	31.2	22.2	-999.9	9.9	1.4	96991.1	-999.9
Sikasso	2015	9	25	268	22.2	29.8	16.2	-999.9	29.6	1.4	96977.7	-999.9
Sikasso	2015	9	26	269	21.7	29.8	18.3	-999.9	17.0	1.4	96873.7	-999.9
Sikasso	2015	9	27	270	22.4	30.7	20.5	-999.9	17.0	1.3	96813.0	-999.9
Sikasso	2015	9	28	271	23.0	30.9	21.4	-999.9	12.7	1.1	96813.8	-999.9
Sikasso	2015	9	29	272	22.1	30.2	19.5	-999.9	4.2	1.3	96842.4	-999.9
Sikasso	2015	9	30	273	22.1	31.1	22.5	-999.9	4.2	1.3	96832.1	-999.9
Sikasso	2015	10	1	274	22.8	30.4	17.3	-999.9	2.5	1.6	96837.0	-999.9
Sikasso	2015	10	2	275	22.7	32.3	22.9	-999.9	0.0	1.3	96749.1	-999.9
Sikasso	2015	10	3	276	23.7	29.5	14.3	-999.9	0.0	1.6	96865.8	-999.9
Sikasso	2015	10	4	277	22.8	31.2	20.2	-999.9	0.0	1.2	97017.0	-999.9
Sikasso	2015	10	5	278	23.4	28.8	14.7	-999.9	5.1	1.5	97050.3	-999.9
Sikasso	2015	10	6	279	21.5	30.1	20.5	-999.9	0.0	1.5	97034.2	-999.9
Sikasso	2015	10	7	280	21.9	29.6	18.7	-999.9	3.2	1.7	97026.8	-999.9
Sikasso	2015	10	8	281	22.6	31.1	21.9	-999.9	1.6	1.5	96897.8	-999.9
Sikasso	2015	10	9	282	23.0	31.2	21.4	-999.9	0.0	1.3	96861.2	-999.9
Sikasso	2015	10	10	283	21.8	29.4	18.9	-999.9	1.6	1.3	96958.9	-999.9
Sikasso	2015	10	11	284	22.7	30.1	20.4	-999.9	7.5	1.3	96985.3	-999.9
Sikasso	2015	10	12	285	22.2	30.6	20.3	-999.9	7.5	1.1	97034.1	-999.9
Sikasso	2015	10	13	286	22.5	31.0	20.4	-999.9	11.3	1.0	97000.2	-999.9
Sikasso	2015	10	14	287	22.5	30.7	20.8	-999.9	0.0	1.6	96883.1	-999.9
Sikasso	2015	10	15	288	23.2	31.1	20.5	-999.9	0.0	1.3	96842.2	-999.9
Sikasso	2015	10	16	289	22.4	31.9	22.4	-999.9	3.3	1.1	96850.8	-999.9
Sikasso	2015	10	17	290	24.0	31.5	21.4	-999.9	3.3	1.2	96880.4	-999.9
Sikasso	2015	10	18	291	23.5	31.7	21.2	-999.9	6.6	1.5	96983.3	-999.9
Sikasso	2015	10	19	292	21.9	31.6	21.4	-999.9	3.3	1.0	96977.8	-999.9
Sikasso	2015	10	20	293	23.1	31.1	20.2	-999.9	3.3	1.2	96945.7	-999.9
Sikasso	2015	10	21	294	21.1	31.7	20.5	-999.9	0.0	1.2	96918.3	-999.9
Sikasso	2015	10	22	295	23.9	30.3	16.6	-999.9	5.7	1.3	96898.4	-999.9
Sikasso	2015	10	23	296	23.4	30.6	18.0	-999.9	0.0	1.5	96965.6	-999.9
Sikasso	2015	10	24	297	22.9	32.5	22.3	-999.9	0.0	1.3	96887.0	-999.9
Sikasso	2015	10	25	298	22.1	31.9	21.7	-999.9	0.0	1.2	96905.5	-999.9
Sikasso	2015	10	26	299	22.7	31.0	19.4	-999.9	4.9	1.3	96929.6	-999.9
Sikasso	2015	10	27	300	23.0	31.6	21.0	-999.9	2.5	1.2	96932.8	-999.9
Sikasso	2015	10	28	301	22.3	30.6	19.4	-999.9	0.0	1.3	96882.5	-999.9
Sikasso	2015	10	29	302	22.7	30.5	18.3	-999.9	2.5	1.0	96817.2	-999.9
Sikasso	2015	10	30	303	22.1	30.4	19.3	-999.9	0.0	1.3	96760.8	-999.9
Sikasso	2015	10	31	304	21.6	30.4	17.8	-999.9	2.5	1.2	96794.7	-999.9
Sikasso	2015	11	1	305	21.7	28.3	13.4	-999.9	4.6	1.5	96913.9	-999.9
Sikasso	2015	11	2	306	21.2	29.8	17.9	-999.9	0.0	1.2	96961.4	-999.9
Sikasso	2015	11	3	307	21.6	32.1	20.5	-999.9	0.0	1.4	96890.9	-999.9
Sikasso	2015	11	4	308	20.1	32.4	21.7	-999.9	0.0	1.5	96856.6	-999.9
Sikasso	2015	11	5	309	21.7	32.4	22.1	-999.9	0.0	0.9	96864.8	-999.9
Sikasso	2015	11	6	310	20.6	31.8	20.8	-999.9	0.0	1.3	96890.5	-999.9
Sikasso	2015	11	7	311	19.2	32.4	20.7	-999.9	0.0	1.2	96851.3	-999.9
Sikasso	2015	11	8	312	17.8	31.2	19.2	-999.9	0.0	1.4	96964.0	-999.9
Sikasso	2015	11	9	313	19.1	31.7	20.6	-999.9	0.0	1.1	97060.5	-999.9
Sikasso	2015	11	10	314	20.5	32.0	19.8	-999.9	0.0	1.1	96950.7	-999.9
Sikasso	2015	11	11	315	22.5	32.2	19.9	-999.9	0.0	1.2	96834.8	-999.9
Sikasso	2015	11	12	316	23.0	33.0	19.4	-999.9	0.0	1.5	96813.7	-999.9
Sikasso	2015	11	13	317	21.0	33.8	21.9	-999.9	0.0	2.2	96997.8	-999.9
Sikasso	2015	11	14	318	19.3	33.4	22.0	-999.9	0.0	2.2	97039.3	-999.9
Sikasso	2015	11	15	319	17.2	32.9	22.1	-999.9	0.0	1.9	96984.6	-999.9
Sikasso	2015	11	16	320	16.6	32.5	22.0	-999.9	0.0	1.5	96830.3	-999.9
Sikasso	2015	11	17	321	16.9	32.6	21.7	-999.9	0.0	1.8	96772.0	-999.9
Sikasso	2015	11	18	322	18.3	32.8	21.4	-999.9	0.0	2.0	96746.1	-999.9
Sikasso	2015	11	19	323	19.2	33.2	21.6	-999.9	0.0	2.1	96808.8	-999.9
Sikasso	2015	11	20	324	17.5	33.0	21.6	-999.9	0.0	2.2	96882.9	-999.9
Sikasso	2015	11	21	325	19.8	32.8	21.3	-999.9	0.0	2.2	96752.8	-999.9
Sikasso	2015	11	22	326	17.8	32.9	21.3	-999.9	0.0	1.5	96696.6	-999.9
Sikasso	2015	11	23	327	19.2	33.6	21.0	-999.9	0.0	1.4	96698.9	-999.9
Sikasso	2015	11	24	328	18.9	33.8	21.0	-999.9	0.0	1.9	96862.4	-999.9
Sikasso	2015	11	25	329	19.6	33.9	20.9	-999.9	0.0	2.2	96876.3	-999.9
Sikasso	2015	11	26	330	19.0	33.9	21.0	-999.9	0.0	1.9	96768.0	-999.9
Sikasso	2015	11	27	331	19.0	33.5	20.9	-999.9	0.0	1.8	96783.6	-999.9
Sikasso	2015	11	28	332	17.9	33.9	21.0	-999.9	0.0	1.8	96872.3	-999.9
Sikasso	2015	11	29	333	17.8	33.9	21.2	-999.9	0.0	2.0	97029.8	-999.9
Sikasso	2015	11	30	334	16.8	33.9	21.2	-999.9	0.0	2.0	97120.4	-999.9
Sikasso	2015	12	1	335	16.6	33.7	21.4	-999.9	0.0	2.1	96982.4	-999.9
Sikasso	2015	12	2	336	17.2	32.7	21.1	-999.9	0.0	2.2	97019.0	-999.9
Sikasso	2015	12	3	337	17.8	32.4	20.9	-999.9	0.0	2.2	97052.0	-999.9
Sikasso	2015	12	4	338	17.6	31.7	20.8	-999.9	0.0	2.3	97142.0	-999.9
Sikasso	2015	12	5	339	16.0	31.1	21.0	-999.9	0.0	2.2	97138.7	-999.9
Sikasso	2015	12	6	340	15.1	30.9	20.9	-999.9	0.0	2.0	97150.1	-999.9
Sikasso	2015	12	7	341	17.2	31.1	18.8	-999.9	0.8	2.0	97179.5	-999.9
Sikasso	2015	12	8	342	17.6	31.2	20.4	-999.9	0.0	2.0	97115.3	-999.9
Sikasso	2015	12	9	343	17.0	30.8	20.5	-999.9	0.0	2.1	97132.4	-999.9
Sikasso	2015	12	10	344	15.8	31.0	20.6	-999.9	0.0	2.0	97147.5	-999.9
Sikasso	2015	12	11	345	15.7	31.6	20.5	-999.9	0.0	1.9	97224.3	-999.9
Sikasso	2015	12	12	346	15.4	31.9	20.7	-999.9	0.0	1.8	97119.4	-999.9
Sikasso	2015	12	13	347	16.4	31.5	20.3	-999.9	0.0	2.1	97011.7	-999.9
Sikasso	2015	12	14	348	16.2	30.8	20.5	-999.9	0.0	2.0	97010.4	-999.9
Sikasso	2015	12	15	349	15.2	31.0	19.6	-999.9	0.0	2.2	97165.1	-999.9
Sikasso	2015	12	16	350	15.3	31.3	20.6	-999.9	0.0	2.4	97183.2	-999.9
Sikasso	2015	12	17	351	14.3	31.0	20.8	-999.9	0.0	2.1	97136.1	-999.9
Sikasso	2015	12	18	352	15.3	30.3	20.8	-999.9	0.0	2.3	97231.1	-999.9
Sikasso	2015	12	19	353	14.0	29.5	20.9	-999.9	0.0	2.1	97232.7	-999.9
Sikasso	2015	12	20	354	13.6	29.7	20.6	-999.9	0.0	2.1	97182.5	-999.9
Sikasso	2015	12	21	355	15.3	30.1	18.9	-999.9	0.0	2.0	97134.0	-999.9
Sikasso	2015	12	22	356	16.1	30.8	19.2	-999.9	0.0	2.0	97144.2	-999.9
Sikasso	2015	12	23	357	16.2	30.3	18.4	-999.9	0.0	2.0	97120.6	-999.9
Sikasso	2015	12	24	358	16.2	30.4	19.6	-999.9	0.0	2.3	97178.3	-999.9
Sikasso	2015	12	25	359	14.9	29.9	20.6	-999.9	0.0	2.3	97216.5	-999.9
Sikasso	2015	12	26	360	13.8	30.1	20.6	-999.9	0.0	2.1	97173.7	-999.9
Sikasso	2015	12	27	361	15.1	30.0	19.7	-999.9	0.0	2.3	97109.8	-999.9
Sikasso	2015	12	28	362	13.0	29.0	18.5	-999.9	0.4	2.2	97251.5	-999.9
Sikasso	2015	12	29	363	13.2	29.5	19.9	-999.9	0.0	2.1	97262.8	-999.9
Sikasso	2015	12	30	364	14.9	31.1	20.1	-999.9	0.0	2.0	97213.2	-999.9
Sikasso	2015	12	31	365	16.7	30.9	19.0	-999.9	0.0	2.0	97110.5	-999.9
