Sikasso	1993	1	1	1	20.5	33.9	20.0	-999.9	0.0	2.4	96881.9	-999.9
Sikasso	1993	1	2	2	19.7	33.8	20.2	-999.9	0.0	2.5	96836.5	-999.9
Sikasso	1993	1	3	3	18.8	33.8	20.2	-999.9	0.0	2.4	96775.9	-999.9
Sikasso	1993	1	4	4	20.3	33.1	18.6	-999.9	0.0	2.9	96818.3	-999.9
Sikasso	1993	1	5	5	19.3	30.6	20.3	-999.9	0.0	3.0	96933.4	-999.9
Sikasso	1993	1	6	6	15.7	27.4	19.8	-999.9	0.0	2.8	97047.3	-999.9
Sikasso	1993	1	7	7	13.6	26.1	20.4	-999.9	0.0	2.7	97086.9	-999.9
Sikasso	1993	1	8	8	12.4	26.1	20.6	-999.9	0.0	2.8	97114.8	-999.9
Sikasso	1993	1	9	9	12.6	26.5	20.7	-999.9	0.0	2.6	97214.5	-999.9
Sikasso	1993	1	10	10	12.5	26.8	20.7	-999.9	0.0	2.5	97342.3	-999.9
Sikasso	1993	1	11	11	12.4	27.8	21.0	-999.9	0.0	2.1	97309.5	-999.9
Sikasso	1993	1	12	12	12.7	28.7	21.1	-999.9	0.0	1.9	97079.7	-999.9
Sikasso	1993	1	13	13	13.3	30.5	21.0	-999.9	0.0	1.8	96998.9	-999.9
Sikasso	1993	1	14	14	15.5	30.6	20.9	-999.9	0.0	2.2	97041.6	-999.9
Sikasso	1993	1	15	15	15.3	30.4	21.0	-999.9	0.0	2.1	97079.1	-999.9
Sikasso	1993	1	16	16	15.5	30.8	21.1	-999.9	0.0	2.2	97148.8	-999.9
Sikasso	1993	1	17	17	15.2	31.1	21.3	-999.9	0.0	2.1	97143.5	-999.9
Sikasso	1993	1	18	18	15.5	31.5	21.2	-999.9	0.0	2.1	97048.0	-999.9
Sikasso	1993	1	19	19	17.1	32.4	21.3	-999.9	0.0	2.3	97061.5	-999.9
Sikasso	1993	1	20	20	17.6	32.7	21.3	-999.9	0.0	2.4	97045.7	-999.9
Sikasso	1993	1	21	21	16.8	32.2	21.5	-999.9	0.0	2.2	97026.8	-999.9
Sikasso	1993	1	22	22	16.4	31.9	21.7	-999.9	0.0	2.4	97040.5	-999.9
Sikasso	1993	1	23	23	15.4	31.8	21.9	-999.9	0.0	2.0	96971.1	-999.9
Sikasso	1993	1	24	24	15.3	32.4	21.9	-999.9	0.0	2.0	97000.5	-999.9
Sikasso	1993	1	25	25	15.9	32.6	21.9	-999.9	0.0	2.2	96989.5	-999.9
Sikasso	1993	1	26	26	15.5	32.2	22.2	-999.9	0.0	2.3	96995.0	-999.9
Sikasso	1993	1	27	27	14.4	31.1	22.1	-999.9	0.0	2.6	97090.2	-999.9
Sikasso	1993	1	28	28	14.6	30.1	22.0	-999.9	0.0	2.3	97051.7	-999.9
Sikasso	1993	1	29	29	13.2	30.5	22.0	-999.9	0.0	1.9	96999.3	-999.9
Sikasso	1993	1	30	30	14.5	33.7	21.9	-999.9	0.0	1.2	96827.8	-999.9
Sikasso	1993	1	31	31	16.8	34.1	21.8	-999.9	0.0	1.6	96787.8	-999.9
Sikasso	1993	2	1	32	17.6	35.0	21.1	-999.9	0.0	2.0	96761.7	-999.9
Sikasso	1993	2	2	33	19.2	33.5	21.0	-999.9	0.0	2.2	96837.6	-999.9
Sikasso	1993	2	3	34	19.1	32.1	21.5	-999.9	0.0	2.9	96964.2	-999.9
Sikasso	1993	2	4	35	16.9	34.6	22.0	-999.9	0.0	2.0	96953.0	-999.9
Sikasso	1993	2	5	36	18.5	35.1	22.2	-999.9	0.0	2.0	96913.0	-999.9
Sikasso	1993	2	6	37	19.3	35.2	20.9	-999.9	0.0	2.0	96849.8	-999.9
Sikasso	1993	2	7	38	20.9	35.4	22.1	-999.9	0.0	2.2	96864.0	-999.9
Sikasso	1993	2	8	39	19.9	34.7	22.6	-999.9	0.0	2.3	96974.0	-999.9
Sikasso	1993	2	9	40	18.0	34.1	22.8	-999.9	0.0	2.4	97031.3	-999.9
Sikasso	1993	2	10	41	17.8	34.5	23.0	-999.9	0.0	2.2	96901.4	-999.9
Sikasso	1993	2	11	42	17.5	34.6	22.9	-999.9	0.0	2.3	96729.3	-999.9
Sikasso	1993	2	12	43	18.4	35.4	22.8	-999.9	0.0	2.2	96617.2	-999.9
Sikasso	1993	2	13	44	18.3	35.9	22.8	-999.9	0.0	2.1	96625.5	-999.9
Sikasso	1993	2	14	45	17.9	34.3	22.6	-999.9	3.5	1.9	96635.8	-999.9
Sikasso	1993	2	15	46	17.7	34.2	22.4	-999.9	0.0	2.1	96753.5	-999.9
Sikasso	1993	2	16	47	18.6	34.9	22.9	-999.9	0.0	2.2	96680.9	-999.9
Sikasso	1993	2	17	48	18.0	35.0	23.3	-999.9	0.0	2.3	96574.4	-999.9
Sikasso	1993	2	18	49	18.8	35.2	23.3	-999.9	0.0	2.4	96545.9	-999.9
Sikasso	1993	2	19	50	19.5	35.7	23.3	-999.9	0.0	2.4	96696.7	-999.9
Sikasso	1993	2	20	51	21.0	35.2	23.4	-999.9	0.0	2.8	96825.0	-999.9
Sikasso	1993	2	21	52	20.2	34.9	22.2	-999.9	0.0	2.4	96856.4	-999.9
Sikasso	1993	2	22	53	18.5	34.5	20.4	-999.9	0.0	1.7	96703.7	-999.9
Sikasso	1993	2	23	54	23.4	34.6	20.5	-999.9	0.0	1.7	96640.2	-999.9
Sikasso	1993	2	24	55	23.7	33.0	17.4	-999.9	0.0	1.2	96729.2	-999.9
Sikasso	1993	2	25	56	21.8	33.2	17.7	-999.9	0.0	1.4	96883.2	-999.9
Sikasso	1993	2	26	57	22.2	34.9	20.7	-999.9	0.0	1.5	96875.4	-999.9
Sikasso	1993	2	27	58	21.6	36.3	23.3	-999.9	0.0	1.8	96651.0	-999.9
Sikasso	1993	2	28	59	22.6	36.3	23.6	-999.9	0.0	1.3	96470.8	-999.9
Sikasso	1993	3	1	60	23.2	35.8	21.5	-999.9	0.0	2.2	96503.7	-999.9
Sikasso	1993	3	2	61	23.4	35.3	20.4	-999.9	2.1	1.5	96658.1	-999.9
Sikasso	1993	3	3	62	21.7	30.4	12.4	-999.9	2.1	1.1	96920.7	-999.9
Sikasso	1993	3	4	63	21.1	35.0	23.6	-999.9	0.0	1.6	96704.5	-999.9
Sikasso	1993	3	5	64	20.3	37.4	23.6	-999.9	0.0	1.5	96482.1	-999.9
Sikasso	1993	3	6	65	19.8	37.5	22.9	-999.9	0.0	1.8	96553.3	-999.9
Sikasso	1993	3	7	66	23.9	36.6	22.6	-999.9	0.0	2.0	96619.0	-999.9
Sikasso	1993	3	8	67	23.1	36.7	23.2	-999.9	0.0	1.9	96571.3	-999.9
Sikasso	1993	3	9	68	24.4	36.2	22.4	-999.9	0.0	2.0	96713.2	-999.9
Sikasso	1993	3	10	69	23.4	36.3	22.4	-999.9	0.0	1.8	96817.0	-999.9
Sikasso	1993	3	11	70	21.8	34.0	21.5	-999.9	1.7	2.2	96898.7	-999.9
Sikasso	1993	3	12	71	23.4	36.3	21.0	-999.9	1.7	1.5	96816.8	-999.9
Sikasso	1993	3	13	72	24.1	37.5	24.0	-999.9	0.0	1.7	96721.8	-999.9
Sikasso	1993	3	14	73	23.4	37.3	23.6	-999.9	0.0	2.1	96673.7	-999.9
Sikasso	1993	3	15	74	23.3	37.0	24.1	-999.9	0.0	1.9	96601.4	-999.9
Sikasso	1993	3	16	75	25.0	35.8	21.3	-999.9	0.0	1.9	96747.7	-999.9
Sikasso	1993	3	17	76	24.8	37.2	21.4	-999.9	0.0	1.6	96640.2	-999.9
Sikasso	1993	3	18	77	26.8	37.2	19.5	-999.9	0.0	2.4	96480.4	-999.9
Sikasso	1993	3	19	78	24.3	36.3	22.4	-999.9	2.3	2.0	96658.3	-999.9
Sikasso	1993	3	20	79	20.4	35.2	25.9	-999.9	0.0	2.5	96890.5	-999.9
Sikasso	1993	3	21	80	19.5	34.0	26.1	-999.9	0.0	2.4	97025.1	-999.9
Sikasso	1993	3	22	81	17.4	34.3	26.2	-999.9	0.0	2.2	96996.4	-999.9
Sikasso	1993	3	23	82	17.4	34.9	26.2	-999.9	0.0	2.3	96896.9	-999.9
Sikasso	1993	3	24	83	17.6	35.9	26.3	-999.9	0.0	2.2	96822.1	-999.9
Sikasso	1993	3	25	84	18.3	37.1	26.0	-999.9	0.0	1.6	96735.2	-999.9
Sikasso	1993	3	26	85	20.0	37.3	25.6	-999.9	0.0	1.4	96673.0	-999.9
Sikasso	1993	3	27	86	23.9	37.2	24.0	-999.9	0.0	1.7	96568.4	-999.9
Sikasso	1993	3	28	87	24.2	35.9	21.6	-999.9	0.0	2.3	96580.3	-999.9
Sikasso	1993	3	29	88	24.3	36.5	21.4	-999.9	0.0	2.0	96583.4	-999.9
Sikasso	1993	3	30	89	24.4	36.8	21.7	-999.9	0.0	2.2	96610.7	-999.9
Sikasso	1993	3	31	90	24.8	37.5	23.0	-999.9	0.0	1.9	96592.6	-999.9
Sikasso	1993	4	1	91	26.6	37.2	22.9	-999.9	0.0	2.5	96553.8	-999.9
Sikasso	1993	4	2	92	25.0	37.7	22.0	-999.9	0.0	2.2	96494.5	-999.9
Sikasso	1993	4	3	93	25.5	35.8	20.7	-999.9	0.0	1.9	96472.6	-999.9
Sikasso	1993	4	4	94	23.5	35.7	20.1	-999.9	0.0	1.6	96554.5	-999.9
Sikasso	1993	4	5	95	25.7	38.8	24.1	-999.9	0.0	2.0	96595.4	-999.9
Sikasso	1993	4	6	96	22.9	39.0	26.0	-999.9	0.0	2.2	96582.6	-999.9
Sikasso	1993	4	7	97	23.1	38.0	24.8	-999.9	0.0	1.7	96563.9	-999.9
Sikasso	1993	4	8	98	25.4	37.1	23.5	-999.9	0.0	2.0	96483.0	-999.9
Sikasso	1993	4	9	99	25.1	36.2	22.0	-999.9	0.0	2.5	96607.7	-999.9
Sikasso	1993	4	10	100	24.3	35.4	20.3	-999.9	0.0	2.0	96755.2	-999.9
Sikasso	1993	4	11	101	25.1	37.6	22.9	-999.9	0.0	1.8	96660.7	-999.9
Sikasso	1993	4	12	102	25.9	37.2	22.7	-999.9	0.0	2.3	96527.0	-999.9
Sikasso	1993	4	13	103	25.3	36.5	23.0	-999.9	8.2	2.3	96526.8	-999.9
Sikasso	1993	4	14	104	24.5	36.3	22.4	-999.9	0.0	1.6	96629.6	-999.9
Sikasso	1993	4	15	105	23.4	34.2	18.5	-999.9	0.0	1.5	96832.7	-999.9
Sikasso	1993	4	16	106	25.1	35.5	20.8	-999.9	0.0	1.7	96811.9	-999.9
Sikasso	1993	4	17	107	24.2	38.1	24.2	-999.9	0.0	1.7	96521.3	-999.9
Sikasso	1993	4	18	108	27.3	38.2	22.5	-999.9	0.0	1.8	96419.5	-999.9
Sikasso	1993	4	19	109	25.7	37.6	23.4	-999.9	10.6	1.8	96472.5	-999.9
Sikasso	1993	4	20	110	26.6	37.9	23.3	-999.9	0.0	2.3	96466.8	-999.9
Sikasso	1993	4	21	111	27.0	37.5	22.3	-999.9	0.0	2.1	96581.3	-999.9
Sikasso	1993	4	22	112	25.0	37.0	23.4	-999.9	0.0	2.1	96616.1	-999.9
Sikasso	1993	4	23	113	24.4	35.8	21.3	-999.9	0.0	2.2	96634.1	-999.9
Sikasso	1993	4	24	114	26.0	36.6	23.5	-999.9	0.0	2.3	96542.8	-999.9
Sikasso	1993	4	25	115	26.5	36.8	23.1	-999.9	0.0	2.3	96473.4	-999.9
Sikasso	1993	4	26	116	24.7	34.8	21.5	-999.9	13.7	2.3	96572.0	-999.9
Sikasso	1993	4	27	117	25.0	34.2	19.3	-999.9	9.1	1.6	96636.5	-999.9
Sikasso	1993	4	28	118	24.6	35.3	21.8	-999.9	0.0	1.8	96636.1	-999.9
Sikasso	1993	4	29	119	24.8	34.5	22.2	-999.9	10.4	1.9	96626.6	-999.9
Sikasso	1993	4	30	120	25.3	34.7	22.1	-999.9	0.0	1.8	96637.6	-999.9
Sikasso	1993	5	1	121	25.8	35.1	21.6	-999.9	6.0	2.0	96601.3	-999.9
Sikasso	1993	5	2	122	24.9	34.8	21.0	-999.9	0.0	1.8	96613.0	-999.9
Sikasso	1993	5	3	123	26.0	35.3	20.6	-999.9	6.0	2.3	96641.2	-999.9
Sikasso	1993	5	4	124	24.1	33.5	21.2	-999.9	24.0	1.9	96725.4	-999.9
Sikasso	1993	5	5	125	23.4	35.5	24.0	-999.9	0.0	1.6	96689.5	-999.9
Sikasso	1993	5	6	126	25.3	36.0	24.2	-999.9	0.0	2.0	96564.7	-999.9
Sikasso	1993	5	7	127	24.7	34.8	23.3	-999.9	0.0	1.7	96593.6	-999.9
Sikasso	1993	5	8	128	25.0	34.9	22.9	-999.9	0.0	2.0	96551.3	-999.9
Sikasso	1993	5	9	129	26.4	37.9	24.3	-999.9	1.9	2.6	96437.1	-999.9
Sikasso	1993	5	10	130	26.2	36.9	24.0	-999.9	0.0	2.7	96492.6	-999.9
Sikasso	1993	5	11	131	26.4	37.5	24.6	-999.9	0.0	2.0	96510.6	-999.9
Sikasso	1993	5	12	132	27.3	38.2	24.4	-999.9	3.5	2.4	96486.7	-999.9
Sikasso	1993	5	13	133	26.6	36.6	23.2	-999.9	1.7	2.5	96490.2	-999.9
Sikasso	1993	5	14	134	25.7	36.5	24.2	-999.9	3.5	2.0	96571.9	-999.9
Sikasso	1993	5	15	135	25.7	34.7	23.6	-999.9	1.7	1.6	96760.6	-999.9
Sikasso	1993	5	16	136	25.5	36.8	24.2	-999.9	2.0	2.2	96727.8	-999.9
Sikasso	1993	5	17	137	25.3	36.2	23.2	-999.9	2.3	2.5	96721.6	-999.9
Sikasso	1993	5	18	138	26.3	36.4	23.5	-999.9	0.0	2.8	96635.3	-999.9
Sikasso	1993	5	19	139	25.2	37.2	23.6	-999.9	4.0	3.1	96518.7	-999.9
Sikasso	1993	5	20	140	25.2	35.5	23.7	-999.9	2.0	2.3	96676.8	-999.9
Sikasso	1993	5	21	141	26.0	36.1	23.6	-999.9	0.0	2.1	96725.9	-999.9
Sikasso	1993	5	22	142	25.8	35.3	23.8	-999.9	3.9	2.2	96723.0	-999.9
Sikasso	1993	5	23	143	24.1	34.9	23.1	-999.9	0.0	2.0	96670.4	-999.9
Sikasso	1993	5	24	144	25.4	35.8	23.4	-999.9	2.0	2.4	96663.2	-999.9
Sikasso	1993	5	25	145	24.6	35.8	23.6	-999.9	2.0	2.4	96649.3	-999.9
Sikasso	1993	5	26	146	25.7	36.9	24.5	-999.9	0.0	2.1	96599.7	-999.9
Sikasso	1993	5	27	147	26.2	37.2	23.9	-999.9	0.0	2.4	96658.2	-999.9
Sikasso	1993	5	28	148	27.1	37.0	23.2	-999.9	0.0	2.7	96734.4	-999.9
Sikasso	1993	5	29	149	27.0	36.6	23.2	-999.9	0.0	2.4	96742.2	-999.9
Sikasso	1993	5	30	150	26.1	36.0	20.7	-999.9	5.5	2.6	96724.1	-999.9
Sikasso	1993	5	31	151	25.8	32.8	20.8	-999.9	5.5	2.8	96814.4	-999.9
Sikasso	1993	6	1	152	23.2	34.6	22.7	-999.9	14.6	2.6	96926.2	-999.9
Sikasso	1993	6	2	153	23.5	34.3	23.6	-999.9	7.3	1.8	97000.0	-999.9
Sikasso	1993	6	3	154	23.6	32.5	22.5	-999.9	0.0	2.3	96991.5	-999.9
Sikasso	1993	6	4	155	22.9	32.7	22.7	-999.9	7.3	2.1	96919.7	-999.9
Sikasso	1993	6	5	156	22.9	33.1	23.8	-999.9	7.3	2.0	96954.2	-999.9
Sikasso	1993	6	6	157	24.3	32.6	21.8	-999.9	7.7	1.6	96993.9	-999.9
Sikasso	1993	6	7	158	23.7	31.6	20.5	-999.9	0.0	1.7	96967.9	-999.9
Sikasso	1993	6	8	159	24.0	31.9	21.3	-999.9	7.7	1.6	96887.0	-999.9
Sikasso	1993	6	9	160	24.3	32.1	21.5	-999.9	0.0	1.7	96869.2	-999.9
Sikasso	1993	6	10	161	24.2	32.5	19.6	-999.9	0.0	1.8	96930.0	-999.9
Sikasso	1993	6	11	162	23.8	33.7	23.5	-999.9	0.0	2.1	96930.6	-999.9
Sikasso	1993	6	12	163	25.6	35.4	23.9	-999.9	0.0	1.9	96720.5	-999.9
Sikasso	1993	6	13	164	25.5	34.0	22.1	-999.9	7.6	2.7	96654.3	-999.9
Sikasso	1993	6	14	165	24.8	30.9	18.9	-999.9	7.6	2.5	96762.4	-999.9
Sikasso	1993	6	15	166	23.0	31.9	20.2	-999.9	0.0	2.2	96962.2	-999.9
Sikasso	1993	6	16	167	23.8	33.3	22.5	-999.9	0.0	1.8	97006.9	-999.9
Sikasso	1993	6	17	168	24.3	34.6	24.4	-999.9	0.0	2.2	96957.1	-999.9
Sikasso	1993	6	18	169	24.8	35.5	24.3	-999.9	4.6	2.1	96952.2	-999.9
Sikasso	1993	6	19	170	25.2	34.3	22.0	-999.9	9.2	1.6	96990.3	-999.9
Sikasso	1993	6	20	171	25.3	35.9	23.8	-999.9	9.2	1.9	96901.0	-999.9
Sikasso	1993	6	21	172	23.9	34.8	21.9	-999.9	0.0	2.9	96838.0	-999.9
Sikasso	1993	6	22	173	23.3	32.1	18.5	-999.9	13.0	2.9	96913.6	-999.9
Sikasso	1993	6	23	174	23.8	33.2	22.0	-999.9	0.0	2.6	97032.3	-999.9
Sikasso	1993	6	24	175	24.6	35.4	23.1	-999.9	11.4	1.5	96999.9	-999.9
Sikasso	1993	6	25	176	24.5	35.1	23.0	-999.9	0.0	1.7	96873.4	-999.9
Sikasso	1993	6	26	177	24.5	32.5	20.2	-999.9	13.7	1.9	96877.5	-999.9
Sikasso	1993	6	27	178	23.6	31.8	21.2	-999.9	0.0	2.1	96861.7	-999.9
Sikasso	1993	6	28	179	23.1	30.3	19.2	-999.9	0.0	1.4	96951.9	-999.9
Sikasso	1993	6	29	180	23.7	33.2	22.4	-999.9	0.0	1.5	96966.9	-999.9
Sikasso	1993	6	30	181	23.7	33.7	23.7	-999.9	13.7	1.6	96950.8	-999.9
Sikasso	1993	7	1	182	24.0	32.2	22.6	-999.9	0.0	1.9	96899.7	-999.9
Sikasso	1993	7	2	183	24.6	33.0	22.7	-999.9	0.0	2.1	96831.4	-999.9
Sikasso	1993	7	3	184	24.0	32.1	20.3	-999.9	15.8	1.6	96872.1	-999.9
Sikasso	1993	7	4	185	23.2	30.4	20.2	-999.9	0.0	1.8	96900.5	-999.9
Sikasso	1993	7	5	186	22.4	32.0	21.5	-999.9	0.0	2.3	96970.7	-999.9
Sikasso	1993	7	6	187	23.3	33.0	23.9	-999.9	9.4	1.9	96817.8	-999.9
Sikasso	1993	7	7	188	23.1	31.6	19.9	-999.9	28.2	2.1	96817.6	-999.9
Sikasso	1993	7	8	189	24.0	32.0	21.3	-999.9	0.0	2.1	96900.6	-999.9
Sikasso	1993	7	9	190	23.3	31.3	18.9	-999.9	9.4	2.3	96980.3	-999.9
Sikasso	1993	7	10	191	22.3	27.7	13.3	-999.9	0.0	2.2	96961.2	-999.9
Sikasso	1993	7	11	192	22.3	29.9	21.2	-999.9	14.9	1.7	96920.6	-999.9
Sikasso	1993	7	12	193	22.9	29.9	19.0	-999.9	0.0	1.8	97004.4	-999.9
Sikasso	1993	7	13	194	22.7	29.7	19.0	-999.9	14.9	1.7	97036.8	-999.9
Sikasso	1993	7	14	195	22.4	30.1	17.3	-999.9	7.5	2.5	96900.0	-999.9
Sikasso	1993	7	15	196	21.6	28.8	16.0	-999.9	14.9	2.3	96860.8	-999.9
Sikasso	1993	7	16	197	21.5	28.2	16.8	-999.9	10.8	2.0	97017.9	-999.9
Sikasso	1993	7	17	198	22.3	30.2	21.6	-999.9	10.8	1.2	97068.3	-999.9
Sikasso	1993	7	18	199	22.4	30.6	22.4	-999.9	0.0	1.5	97056.5	-999.9
Sikasso	1993	7	19	200	23.7	30.5	19.2	-999.9	10.8	1.8	96935.9	-999.9
Sikasso	1993	7	20	201	22.7	30.6	21.5	-999.9	10.8	1.9	96844.9	-999.9
Sikasso	1993	7	21	202	23.0	29.7	20.4	-999.9	2.0	2.2	96949.3	-999.9
Sikasso	1993	7	22	203	22.5	29.5	17.6	-999.9	0.0	1.7	97076.3	-999.9
Sikasso	1993	7	23	204	22.8	29.5	20.6	-999.9	0.0	1.7	97160.1	-999.9
Sikasso	1993	7	24	205	21.9	29.3	20.0	-999.9	21.3	1.5	97158.5	-999.9
Sikasso	1993	7	25	206	23.6	28.9	18.0	-999.9	12.6	1.5	96976.0	-999.9
Sikasso	1993	7	26	207	22.7	29.3	16.8	-999.9	18.1	1.6	96923.3	-999.9
Sikasso	1993	7	27	208	21.7	26.7	12.2	-999.9	15.2	2.1	96991.3	-999.9
Sikasso	1993	7	28	209	21.2	29.0	20.4	-999.9	0.0	1.7	97077.4	-999.9
Sikasso	1993	7	29	210	22.3	28.4	16.1	-999.9	0.0	1.6	97074.8	-999.9
Sikasso	1993	7	30	211	21.4	30.1	21.3	-999.9	0.0	1.7	97098.7	-999.9
Sikasso	1993	7	31	212	22.6	29.3	19.7	-999.9	16.0	1.7	97045.9	-999.9
Sikasso	1993	8	1	213	22.3	30.1	21.5	-999.9	7.4	1.8	97023.4	-999.9
Sikasso	1993	8	2	214	22.1	29.7	18.1	-999.9	0.0	1.9	97090.0	-999.9
Sikasso	1993	8	3	215	23.0	30.0	18.9	-999.9	14.8	1.4	97141.5	-999.9
Sikasso	1993	8	4	216	22.4	29.8	18.8	-999.9	0.0	1.8	97095.7	-999.9
Sikasso	1993	8	5	217	22.4	30.6	21.3	-999.9	7.4	1.6	97080.6	-999.9
Sikasso	1993	8	6	218	22.9	27.8	12.6	-999.9	0.0	1.4	97002.9	-999.9
Sikasso	1993	8	7	219	21.7	29.7	19.2	-999.9	0.0	2.1	96955.8	-999.9
Sikasso	1993	8	8	220	21.5	29.6	20.5	-999.9	9.7	1.8	96915.1	-999.9
Sikasso	1993	8	9	221	22.5	30.3	20.9	-999.9	0.0	1.7	96857.2	-999.9
Sikasso	1993	8	10	222	22.7	29.1	16.6	-999.9	9.7	1.3	96971.0	-999.9
Sikasso	1993	8	11	223	22.3	29.0	17.5	-999.9	9.0	1.3	97084.4	-999.9
Sikasso	1993	8	12	224	21.4	30.4	22.0	-999.9	0.0	0.8	97055.6	-999.9
Sikasso	1993	8	13	225	23.3	31.5	21.3	-999.9	0.0	2.1	96905.2	-999.9
Sikasso	1993	8	14	226	22.2	28.8	13.9	-999.9	29.2	2.2	96899.3	-999.9
Sikasso	1993	8	15	227	21.6	28.8	16.5	-999.9	11.5	1.8	96962.4	-999.9
Sikasso	1993	8	16	228	21.6	30.1	20.4	-999.9	0.0	1.2	97043.1	-999.9
Sikasso	1993	8	17	229	22.3	27.6	14.1	-999.9	23.7	1.3	97095.7	-999.9
Sikasso	1993	8	18	230	21.5	29.4	18.7	-999.9	10.4	1.7	97014.9	-999.9
Sikasso	1993	8	19	231	21.1	24.2	6.7	-999.9	41.5	1.5	97021.1	-999.9
Sikasso	1993	8	20	232	21.3	28.6	16.3	-999.9	20.8	1.3	97119.7	-999.9
Sikasso	1993	8	21	233	21.4	30.3	21.8	-999.9	24.1	1.3	97023.0	-999.9
Sikasso	1993	8	22	234	22.6	30.3	21.2	-999.9	8.0	1.8	96978.7	-999.9
Sikasso	1993	8	23	235	22.2	28.8	17.2	-999.9	16.1	2.0	96965.9	-999.9
Sikasso	1993	8	24	236	21.4	27.8	13.7	-999.9	0.0	1.8	97091.9	-999.9
Sikasso	1993	8	25	237	21.3	29.8	22.2	-999.9	9.2	1.7	97169.9	-999.9
Sikasso	1993	8	26	238	21.5	27.0	12.1	-999.9	9.6	1.0	97089.5	-999.9
Sikasso	1993	8	27	239	20.6	29.9	20.4	-999.9	0.0	1.0	96963.7	-999.9
Sikasso	1993	8	28	240	21.7	30.1	20.0	-999.9	0.0	2.1	96849.3	-999.9
Sikasso	1993	8	29	241	22.1	29.2	18.8	-999.9	28.8	2.1	96813.2	-999.9
Sikasso	1993	8	30	242	21.2	29.1	19.8	-999.9	9.6	1.9	96804.7	-999.9
Sikasso	1993	8	31	243	20.7	28.5	16.1	-999.9	9.6	1.6	96889.1	-999.9
Sikasso	1993	9	1	244	21.4	27.7	13.8	-999.9	15.0	1.7	97003.1	-999.9
Sikasso	1993	9	2	245	21.8	24.9	8.5	-999.9	15.0	2.2	97122.4	-999.9
Sikasso	1993	9	3	246	21.1	26.8	13.6	-999.9	0.0	1.6	97197.2	-999.9
Sikasso	1993	9	4	247	20.0	29.8	23.0	-999.9	0.0	2.0	97044.8	-999.9
Sikasso	1993	9	5	248	22.2	30.5	20.1	-999.9	15.0	1.6	96863.7	-999.9
Sikasso	1993	9	6	249	21.1	26.6	10.9	-999.9	7.6	1.6	96920.0	-999.9
Sikasso	1993	9	7	250	21.8	29.1	18.5	-999.9	0.0	1.5	97108.2	-999.9
Sikasso	1993	9	8	251	21.8	30.9	21.9	-999.9	0.0	1.3	96978.5	-999.9
Sikasso	1993	9	9	252	21.5	29.8	18.8	-999.9	3.8	1.3	96891.1	-999.9
Sikasso	1993	9	10	253	21.6	30.9	22.0	-999.9	8.7	1.3	96882.4	-999.9
Sikasso	1993	9	11	254	22.2	31.0	20.7	-999.9	0.0	1.9	96922.6	-999.9
Sikasso	1993	9	12	255	22.3	30.1	18.9	-999.9	21.6	1.8	96962.4	-999.9
Sikasso	1993	9	13	256	22.8	30.8	21.7	-999.9	7.2	1.7	96950.0	-999.9
Sikasso	1993	9	14	257	22.7	30.0	18.7	-999.9	14.4	1.6	97007.4	-999.9
Sikasso	1993	9	15	258	22.3	30.4	21.9	-999.9	14.4	1.2	97052.5	-999.9
Sikasso	1993	9	16	259	21.7	29.9	19.1	-999.9	7.6	1.2	97024.9	-999.9
Sikasso	1993	9	17	260	21.6	30.6	20.3	-999.9	7.6	1.4	96841.4	-999.9
Sikasso	1993	9	18	261	21.9	30.9	21.4	-999.9	0.0	1.6	96769.9	-999.9
Sikasso	1993	9	19	262	21.7	29.6	19.6	-999.9	7.6	1.3	96750.2	-999.9
Sikasso	1993	9	20	263	22.2	28.0	13.9	-999.9	15.3	1.6	96772.6	-999.9
Sikasso	1993	9	21	264	22.1	29.8	20.6	-999.9	0.0	1.3	96882.5	-999.9
Sikasso	1993	9	22	265	22.0	29.6	20.5	-999.9	0.0	1.2	96880.6	-999.9
Sikasso	1993	9	23	266	20.8	30.4	22.1	-999.9	6.3	1.3	96886.6	-999.9
Sikasso	1993	9	24	267	22.8	30.8	20.9	-999.9	19.0	1.7	96762.6	-999.9
Sikasso	1993	9	25	268	22.1	28.3	14.7	-999.9	0.0	2.1	96868.9	-999.9
Sikasso	1993	9	26	269	21.7	29.3	18.7	-999.9	18.0	1.5	97067.5	-999.9
Sikasso	1993	9	27	270	21.8	30.0	19.1	-999.9	18.0	1.4	96974.4	-999.9
Sikasso	1993	9	28	271	22.4	29.9	20.0	-999.9	0.0	1.5	96937.8	-999.9
Sikasso	1993	9	29	272	22.8	30.8	21.2	-999.9	0.0	1.7	96843.3	-999.9
Sikasso	1993	9	30	273	22.6	29.9	18.8	-999.9	0.0	1.1	96805.2	-999.9
Sikasso	1993	10	1	274	22.0	31.3	20.8	-999.9	0.0	1.6	96812.7	-999.9
Sikasso	1993	10	2	275	22.5	31.3	23.3	-999.9	8.8	1.8	96873.3	-999.9
Sikasso	1993	10	3	276	22.0	32.4	23.2	-999.9	0.0	1.3	96833.6	-999.9
Sikasso	1993	10	4	277	23.1	31.3	20.2	-999.9	0.0	1.4	96826.6	-999.9
Sikasso	1993	10	5	278	22.7	29.4	13.8	-999.9	3.2	1.9	96993.5	-999.9
Sikasso	1993	10	6	279	22.1	31.3	21.5	-999.9	5.3	1.6	96956.8	-999.9
Sikasso	1993	10	7	280	22.4	32.7	22.0	-999.9	0.0	0.9	96910.1	-999.9
Sikasso	1993	10	8	281	22.7	32.5	21.5	-999.9	0.0	1.3	96899.1	-999.9
Sikasso	1993	10	9	282	22.4	31.1	18.9	-999.9	5.3	1.6	96986.4	-999.9
Sikasso	1993	10	10	283	22.6	30.6	17.9	-999.9	0.0	1.8	97053.6	-999.9
Sikasso	1993	10	11	284	22.3	30.1	15.5	-999.9	0.0	1.4	97006.6	-999.9
Sikasso	1993	10	12	285	22.6	31.7	21.5	-999.9	0.0	1.4	96863.9	-999.9
Sikasso	1993	10	13	286	22.1	32.0	20.5	-999.9	0.0	1.0	96836.2	-999.9
Sikasso	1993	10	14	287	23.2	31.8	21.2	-999.9	0.0	1.5	96861.9	-999.9
Sikasso	1993	10	15	288	22.7	32.6	21.4	-999.9	0.0	1.3	96756.2	-999.9
Sikasso	1993	10	16	289	23.6	32.7	21.8	-999.9	0.0	1.3	96652.1	-999.9
Sikasso	1993	10	17	290	23.5	32.5	20.8	-999.9	6.8	1.3	96691.1	-999.9
Sikasso	1993	10	18	291	23.1	32.5	22.1	-999.9	2.5	1.3	96784.4	-999.9
Sikasso	1993	10	19	292	22.0	32.3	21.4	-999.9	0.0	1.6	96808.3	-999.9
Sikasso	1993	10	20	293	21.6	32.3	20.8	-999.9	0.0	1.2	96782.8	-999.9
Sikasso	1993	10	21	294	21.9	33.3	21.5	-999.9	0.0	1.4	96682.6	-999.9
Sikasso	1993	10	22	295	23.1	32.2	21.0	-999.9	0.0	1.6	96744.8	-999.9
Sikasso	1993	10	23	296	23.7	32.0	20.2	-999.9	0.0	1.7	96800.7	-999.9
Sikasso	1993	10	24	297	22.9	31.8	19.1	-999.9	3.7	1.7	96827.7	-999.9
Sikasso	1993	10	25	298	22.8	31.9	20.1	-999.9	0.0	1.6	96836.2	-999.9
Sikasso	1993	10	26	299	23.0	33.7	21.4	-999.9	0.0	1.2	96759.0	-999.9
Sikasso	1993	10	27	300	23.9	33.8	20.7	-999.9	0.0	1.7	96724.1	-999.9
Sikasso	1993	10	28	301	23.3	34.5	21.7	-999.9	0.0	1.7	96730.1	-999.9
Sikasso	1993	10	29	302	24.2	33.5	20.8	-999.9	0.0	1.8	96776.6	-999.9
Sikasso	1993	10	30	303	23.6	33.2	20.8	-999.9	6.2	1.4	96827.8	-999.9
Sikasso	1993	10	31	304	23.9	32.8	20.0	-999.9	6.2	1.3	96863.7	-999.9
Sikasso	1993	11	1	305	23.6	33.4	18.9	-999.9	3.4	1.2	96909.0	-999.9
Sikasso	1993	11	2	306	22.0	33.5	19.4	-999.9	0.0	1.5	96945.6	-999.9
Sikasso	1993	11	3	307	23.7	33.2	19.8	-999.9	3.4	1.6	97001.4	-999.9
Sikasso	1993	11	4	308	23.3	33.5	20.4	-999.9	0.0	1.4	96902.8	-999.9
Sikasso	1993	11	5	309	24.1	33.4	19.6	-999.9	0.0	1.5	96754.2	-999.9
Sikasso	1993	11	6	310	23.6	32.6	19.0	-999.9	0.0	1.4	96658.2	-999.9
Sikasso	1993	11	7	311	23.8	32.7	19.0	-999.9	0.0	1.3	96706.6	-999.9
Sikasso	1993	11	8	312	22.4	34.7	20.1	-999.9	0.0	1.6	96677.1	-999.9
Sikasso	1993	11	9	313	23.1	33.4	18.9	-999.9	0.0	1.9	96690.2	-999.9
Sikasso	1993	11	10	314	23.1	33.5	19.9	-999.9	0.0	1.6	96707.3	-999.9
Sikasso	1993	11	11	315	24.4	34.2	19.7	-999.9	0.0	1.4	96679.4	-999.9
Sikasso	1993	11	12	316	24.0	35.3	21.2	-999.9	0.0	2.0	96613.9	-999.9
Sikasso	1993	11	13	317	21.9	34.4	21.1	-999.9	0.0	1.2	96611.1	-999.9
Sikasso	1993	11	14	318	21.3	34.5	20.8	-999.9	0.0	0.7	96626.3	-999.9
Sikasso	1993	11	15	319	22.6	35.2	20.2	-999.9	0.0	1.1	96623.7	-999.9
Sikasso	1993	11	16	320	24.7	33.7	17.1	-999.9	0.0	1.3	96593.6	-999.9
Sikasso	1993	11	17	321	24.3	33.4	18.3	-999.9	0.0	1.6	96530.9	-999.9
Sikasso	1993	11	18	322	22.9	33.3	18.2	-999.9	0.0	1.3	96490.0	-999.9
Sikasso	1993	11	19	323	23.2	34.0	19.3	-999.9	0.0	1.1	96489.2	-999.9
Sikasso	1993	11	20	324	24.3	34.7	19.2	-999.9	0.0	1.3	96466.5	-999.9
Sikasso	1993	11	21	325	23.6	32.8	17.1	-999.9	0.0	1.7	96643.8	-999.9
Sikasso	1993	11	22	326	22.4	33.3	18.2	-999.9	0.0	1.1	96768.4	-999.9
Sikasso	1993	11	23	327	23.6	34.9	20.1	-999.9	0.0	1.1	96691.6	-999.9
Sikasso	1993	11	24	328	21.5	34.9	19.6	-999.9	0.0	1.3	96567.0	-999.9
Sikasso	1993	11	25	329	23.2	34.6	19.2	-999.9	0.0	1.4	96620.5	-999.9
Sikasso	1993	11	26	330	23.4	33.7	18.1	-999.9	0.0	1.8	96769.0	-999.9
Sikasso	1993	11	27	331	23.0	34.6	20.3	-999.9	0.0	2.5	96804.9	-999.9
Sikasso	1993	11	28	332	22.8	33.7	18.3	-999.9	0.0	2.4	96864.1	-999.9
Sikasso	1993	11	29	333	20.8	33.7	20.5	-999.9	0.0	2.3	96877.4	-999.9
Sikasso	1993	11	30	334	19.5	32.5	20.1	-999.9	0.0	2.0	96834.5	-999.9
Sikasso	1993	12	1	335	18.3	32.0	20.5	-999.9	0.0	1.6	96765.9	-999.9
Sikasso	1993	12	2	336	18.0	33.2	20.5	-999.9	0.0	1.2	96747.8	-999.9
Sikasso	1993	12	3	337	20.1	34.0	20.0	-999.9	0.0	1.6	96739.3	-999.9
Sikasso	1993	12	4	338	22.3	34.2	19.9	-999.9	0.0	2.1	96707.8	-999.9
Sikasso	1993	12	5	339	20.7	33.4	17.5	-999.9	0.0	1.9	96878.4	-999.9
Sikasso	1993	12	6	340	21.4	34.2	20.3	-999.9	0.0	2.1	96903.0	-999.9
Sikasso	1993	12	7	341	18.8	34.6	20.4	-999.9	0.0	1.8	96827.9	-999.9
Sikasso	1993	12	8	342	19.3	34.5	20.3	-999.9	0.0	1.9	96822.9	-999.9
Sikasso	1993	12	9	343	20.2	34.6	20.3	-999.9	0.0	2.1	96867.3	-999.9
Sikasso	1993	12	10	344	20.9	34.6	20.6	-999.9	0.0	2.3	96918.4	-999.9
Sikasso	1993	12	11	345	17.3	32.8	20.9	-999.9	0.0	2.0	96852.0	-999.9
Sikasso	1993	12	12	346	17.9	33.3	20.6	-999.9	0.0	2.1	96731.9	-999.9
Sikasso	1993	12	13	347	18.4	32.6	20.4	-999.9	0.0	2.1	96768.3	-999.9
Sikasso	1993	12	14	348	17.0	32.3	20.6	-999.9	0.0	1.8	96782.7	-999.9
Sikasso	1993	12	15	349	15.9	32.9	20.3	-999.9	0.0	1.6	96772.2	-999.9
Sikasso	1993	12	16	350	16.3	33.6	20.4	-999.9	0.0	1.7	96771.4	-999.9
Sikasso	1993	12	17	351	17.4	33.1	20.1	-999.9	0.0	1.8	96848.5	-999.9
Sikasso	1993	12	18	352	17.8	33.0	20.2	-999.9	0.0	1.9	96914.0	-999.9
Sikasso	1993	12	19	353	18.1	33.3	20.1	-999.9	0.0	1.8	96898.0	-999.9
Sikasso	1993	12	20	354	17.9	33.9	20.0	-999.9	0.0	1.8	96769.6	-999.9
Sikasso	1993	12	21	355	19.8	33.3	20.0	-999.9	0.0	1.7	96791.2	-999.9
Sikasso	1993	12	22	356	18.6	32.4	19.3	-999.9	0.0	1.7	96898.6	-999.9
Sikasso	1993	12	23	357	18.2	32.0	19.8	-999.9	0.0	2.2	96995.5	-999.9
Sikasso	1993	12	24	358	18.3	32.6	20.0	-999.9	0.0	1.9	96947.6	-999.9
Sikasso	1993	12	25	359	17.5	31.9	20.1	-999.9	0.0	2.3	96947.7	-999.9
Sikasso	1993	12	26	360	17.5	32.4	20.1	-999.9	0.0	2.1	96938.1	-999.9
Sikasso	1993	12	27	361	16.6	32.7	20.3	-999.9	0.0	1.9	96914.3	-999.9
Sikasso	1993	12	28	362	16.6	32.7	20.3	-999.9	0.0	2.0	96847.7	-999.9
Sikasso	1993	12	29	363	16.0	31.1	20.5	-999.9	0.0	2.5	96894.3	-999.9
Sikasso	1993	12	30	364	15.1	29.6	20.7	-999.9	0.0	2.7	96980.2	-999.9
Sikasso	1993	12	31	365	13.5	29.8	20.9	-999.9	0.0	2.5	97078.3	-999.9
