Sikasso	2003	1	1	1	14.9	31.3	21.3	-999.9	0.0	2.4	97102.1	-999.9
Sikasso	2003	1	2	2	14.0	31.5	21.3	-999.9	0.0	2.2	97129.2	-999.9
Sikasso	2003	1	3	3	14.3	32.2	21.2	-999.9	0.0	2.1	97129.9	-999.9
Sikasso	2003	1	4	4	14.3	32.9	20.9	-999.9	0.0	2.0	97032.1	-999.9
Sikasso	2003	1	5	5	14.5	33.2	20.8	-999.9	0.0	1.7	96898.0	-999.9
Sikasso	2003	1	6	6	15.3	33.8	20.8	-999.9	0.0	1.5	96928.2	-999.9
Sikasso	2003	1	7	7	16.4	34.3	20.8	-999.9	0.0	1.7	96962.8	-999.9
Sikasso	2003	1	8	8	16.1	34.3	20.9	-999.9	0.0	2.0	96983.0	-999.9
Sikasso	2003	1	9	9	16.2	34.1	20.8	-999.9	0.0	1.9	96980.8	-999.9
Sikasso	2003	1	10	10	16.3	33.4	20.5	-999.9	0.0	1.3	96822.1	-999.9
Sikasso	2003	1	11	11	15.6	33.1	20.6	-999.9	0.0	1.7	96790.4	-999.9
Sikasso	2003	1	12	12	18.0	33.8	19.7	-999.9	0.0	1.8	96809.3	-999.9
Sikasso	2003	1	13	13	18.2	30.5	12.8	-999.9	0.0	1.8	96996.5	-999.9
Sikasso	2003	1	14	14	20.9	32.9	20.3	-999.9	0.0	2.4	97020.6	-999.9
Sikasso	2003	1	15	15	20.3	33.7	20.5	-999.9	0.0	2.5	97025.9	-999.9
Sikasso	2003	1	16	16	20.8	34.0	18.8	-999.9	0.0	2.5	97006.4	-999.9
Sikasso	2003	1	17	17	22.5	33.0	14.4	-999.9	0.0	1.9	96913.4	-999.9
Sikasso	2003	1	18	18	22.4	32.3	15.9	-999.9	0.0	1.7	96989.0	-999.9
Sikasso	2003	1	19	19	20.4	31.1	14.4	-999.9	0.4	1.6	97014.5	-999.9
Sikasso	2003	1	20	20	21.1	34.1	20.5	-999.9	0.2	2.4	96912.6	-999.9
Sikasso	2003	1	21	21	20.6	34.7	20.4	-999.9	0.0	2.3	96801.9	-999.9
Sikasso	2003	1	22	22	19.7	34.6	21.0	-999.9	0.0	2.2	96818.6	-999.9
Sikasso	2003	1	23	23	19.5	34.0	21.2	-999.9	0.0	2.5	96912.2	-999.9
Sikasso	2003	1	24	24	19.1	34.9	21.4	-999.9	0.0	2.1	96826.9	-999.9
Sikasso	2003	1	25	25	23.0	34.9	21.2	-999.9	0.0	3.0	96851.6	-999.9
Sikasso	2003	1	26	26	20.9	32.8	20.5	-999.9	0.0	3.0	97018.7	-999.9
Sikasso	2003	1	27	27	15.3	29.5	21.8	-999.9	0.0	2.6	97130.6	-999.9
Sikasso	2003	1	28	28	13.6	30.0	22.1	-999.9	0.0	2.3	97142.6	-999.9
Sikasso	2003	1	29	29	13.2	30.4	22.2	-999.9	0.0	1.9	97018.8	-999.9
Sikasso	2003	1	30	30	13.2	32.2	22.2	-999.9	0.0	1.8	96903.2	-999.9
Sikasso	2003	1	31	31	14.8	34.6	22.2	-999.9	0.0	2.1	96740.1	-999.9
Sikasso	2003	2	1	32	16.9	35.9	22.1	-999.9	0.0	2.1	96807.2	-999.9
Sikasso	2003	2	2	33	19.2	36.2	22.1	-999.9	0.0	2.4	96866.9	-999.9
Sikasso	2003	2	3	34	20.3	36.6	22.3	-999.9	0.0	2.4	96853.3	-999.9
Sikasso	2003	2	4	35	20.9	36.3	22.5	-999.9	0.0	2.7	96812.8	-999.9
Sikasso	2003	2	5	36	19.6	35.5	22.6	-999.9	0.0	2.3	96763.6	-999.9
Sikasso	2003	2	6	37	18.2	36.2	22.7	-999.9	0.0	2.0	96687.0	-999.9
Sikasso	2003	2	7	38	18.3	36.5	22.8	-999.9	0.0	1.9	96637.0	-999.9
Sikasso	2003	2	8	39	19.1	36.9	22.6	-999.9	0.0	2.1	96502.2	-999.9
Sikasso	2003	2	9	40	18.5	36.5	21.8	-999.9	0.0	1.5	96429.0	-999.9
Sikasso	2003	2	10	41	23.8	37.0	21.4	-999.9	0.0	1.2	96432.1	-999.9
Sikasso	2003	2	11	42	22.8	37.2	22.2	-999.9	0.0	1.8	96520.9	-999.9
Sikasso	2003	2	12	43	25.7	35.8	19.6	-999.9	0.0	2.1	96592.5	-999.9
Sikasso	2003	2	13	44	25.5	35.1	19.1	-999.9	0.0	1.5	96641.5	-999.9
Sikasso	2003	2	14	45	25.0	36.4	19.9	-999.9	0.0	1.1	96594.5	-999.9
Sikasso	2003	2	15	46	24.5	36.6	21.0	-999.9	0.0	1.3	96532.6	-999.9
Sikasso	2003	2	16	47	23.6	36.1	22.3	-999.9	0.0	2.6	96580.8	-999.9
Sikasso	2003	2	17	48	21.5	34.1	22.1	-999.9	0.0	2.3	96831.9	-999.9
Sikasso	2003	2	18	49	20.0	34.3	22.6	-999.9	0.0	2.3	96895.6	-999.9
Sikasso	2003	2	19	50	20.3	34.9	22.8	-999.9	0.0	2.1	96830.0	-999.9
Sikasso	2003	2	20	51	20.6	35.4	22.4	-999.9	0.0	2.0	96638.3	-999.9
Sikasso	2003	2	21	52	21.0	36.5	23.3	-999.9	0.0	1.8	96591.6	-999.9
Sikasso	2003	2	22	53	21.2	37.3	22.9	-999.9	0.0	1.9	96712.4	-999.9
Sikasso	2003	2	23	54	20.9	37.5	22.3	-999.9	0.0	1.6	96774.0	-999.9
Sikasso	2003	2	24	55	23.3	37.4	21.6	-999.9	0.0	1.8	96645.9	-999.9
Sikasso	2003	2	25	56	26.0	36.5	19.7	-999.9	0.0	2.6	96596.1	-999.9
Sikasso	2003	2	26	57	26.0	34.4	18.5	-999.9	0.0	1.8	96758.9	-999.9
Sikasso	2003	2	27	58	24.7	35.4	18.6	-999.9	0.0	1.2	96803.3	-999.9
Sikasso	2003	2	28	59	24.2	36.7	22.3	-999.9	0.0	1.9	96772.6	-999.9
Sikasso	2003	3	1	60	22.4	36.6	24.0	-999.9	0.0	2.6	96700.4	-999.9
Sikasso	2003	3	2	61	21.1	36.3	24.3	-999.9	0.0	2.4	96712.3	-999.9
Sikasso	2003	3	3	62	19.7	37.1	24.2	-999.9	0.0	2.4	96685.6	-999.9
Sikasso	2003	3	4	63	21.6	37.0	24.3	-999.9	1.4	2.0	96648.4	-999.9
Sikasso	2003	3	5	64	23.1	37.3	24.3	-999.9	0.0	2.2	96491.1	-999.9
Sikasso	2003	3	6	65	23.5	37.1	24.2	-999.9	0.0	1.9	96450.0	-999.9
Sikasso	2003	3	7	66	21.8	37.3	22.2	-999.9	1.5	2.1	96578.3	-999.9
Sikasso	2003	3	8	67	22.2	38.0	24.6	-999.9	0.0	1.8	96663.3	-999.9
Sikasso	2003	3	9	68	22.3	38.7	24.9	-999.9	0.0	2.3	96651.6	-999.9
Sikasso	2003	3	10	69	21.5	38.5	25.1	-999.9	0.0	1.7	96536.2	-999.9
Sikasso	2003	3	11	70	22.3	37.5	23.2	-999.9	2.1	2.1	96556.6	-999.9
Sikasso	2003	3	12	71	25.4	35.7	19.6	-999.9	0.0	2.0	96616.4	-999.9
Sikasso	2003	3	13	72	23.0	37.1	21.3	-999.9	0.0	1.9	96717.6	-999.9
Sikasso	2003	3	14	73	24.3	36.4	23.4	-999.9	0.0	2.7	96775.6	-999.9
Sikasso	2003	3	15	74	21.5	36.6	25.6	-999.9	0.0	2.8	96761.3	-999.9
Sikasso	2003	3	16	75	21.0	37.1	25.9	-999.9	0.0	2.5	96616.2	-999.9
Sikasso	2003	3	17	76	19.1	38.0	25.9	-999.9	0.0	2.1	96534.2	-999.9
Sikasso	2003	3	18	77	21.0	38.2	25.3	-999.9	0.0	1.6	96541.5	-999.9
Sikasso	2003	3	19	78	21.7	39.2	24.8	-999.9	0.0	1.8	96522.6	-999.9
Sikasso	2003	3	20	79	21.9	38.7	24.8	-999.9	0.0	1.7	96374.3	-999.9
Sikasso	2003	3	21	80	26.8	37.4	22.3	-999.9	0.0	3.1	96355.3	-999.9
Sikasso	2003	3	22	81	25.5	36.2	21.1	-999.9	0.0	2.1	96538.8	-999.9
Sikasso	2003	3	23	82	24.4	31.3	10.8	-999.9	0.0	1.6	96830.0	-999.9
Sikasso	2003	3	24	83	22.5	35.4	22.1	-999.9	0.0	1.8	96766.0	-999.9
Sikasso	2003	3	25	84	22.9	37.3	25.1	-999.9	0.0	1.8	96616.0	-999.9
Sikasso	2003	3	26	85	22.5	37.7	25.2	-999.9	0.0	1.9	96555.8	-999.9
Sikasso	2003	3	27	86	23.0	37.7	25.5	-999.9	0.0	1.9	96750.4	-999.9
Sikasso	2003	3	28	87	23.8	38.5	26.0	-999.9	0.0	2.1	96774.1	-999.9
Sikasso	2003	3	29	88	21.9	38.0	23.8	-999.9	0.0	1.6	96631.1	-999.9
Sikasso	2003	3	30	89	23.5	37.6	23.0	-999.9	0.0	2.2	96528.8	-999.9
Sikasso	2003	3	31	90	26.9	39.2	23.6	-999.9	0.0	2.2	96500.1	-999.9
Sikasso	2003	4	1	91	25.1	39.3	26.3	-999.9	0.0	2.3	96519.2	-999.9
Sikasso	2003	4	2	92	22.0	38.5	25.6	-999.9	0.0	1.4	96465.1	-999.9
Sikasso	2003	4	3	93	25.5	38.4	25.1	-999.9	0.0	2.5	96359.3	-999.9
Sikasso	2003	4	4	94	27.2	38.2	25.1	-999.9	0.0	2.3	96446.5	-999.9
Sikasso	2003	4	5	95	28.3	37.2	21.6	-999.9	0.0	2.3	96507.0	-999.9
Sikasso	2003	4	6	96	26.4	38.3	23.4	-999.9	0.0	2.1	96492.9	-999.9
Sikasso	2003	4	7	97	24.0	31.0	16.6	-999.9	12.7	2.1	96559.3	-999.9
Sikasso	2003	4	8	98	24.1	37.1	22.4	-999.9	0.0	1.8	96609.3	-999.9
Sikasso	2003	4	9	99	26.0	38.5	23.7	-999.9	0.0	1.2	96550.4	-999.9
Sikasso	2003	4	10	100	23.8	39.5	23.8	-999.9	3.2	2.0	96526.7	-999.9
Sikasso	2003	4	11	101	27.5	40.5	25.1	-999.9	0.0	2.6	96519.2	-999.9
Sikasso	2003	4	12	102	28.1	35.5	21.0	-999.9	2.7	1.9	96756.5	-999.9
Sikasso	2003	4	13	103	25.6	39.7	24.2	-999.9	0.0	2.4	96739.7	-999.9
Sikasso	2003	4	14	104	26.9	39.1	22.6	-999.9	0.0	2.9	96460.1	-999.9
Sikasso	2003	4	15	105	25.9	38.8	23.9	-999.9	1.4	2.5	96374.1	-999.9
Sikasso	2003	4	16	106	24.3	35.8	23.0	-999.9	0.0	2.0	96567.1	-999.9
Sikasso	2003	4	17	107	25.3	35.9	22.8	-999.9	5.0	2.1	96741.5	-999.9
Sikasso	2003	4	18	108	23.4	34.1	18.2	-999.9	9.9	1.8	96791.8	-999.9
Sikasso	2003	4	19	109	23.0	36.2	22.8	-999.9	14.9	2.3	96696.9	-999.9
Sikasso	2003	4	20	110	23.9	33.2	18.5	-999.9	9.9	2.1	96757.0	-999.9
Sikasso	2003	4	21	111	25.3	36.5	24.2	-999.9	0.0	1.9	96719.5	-999.9
Sikasso	2003	4	22	112	24.3	37.6	22.5	-999.9	0.0	2.0	96586.6	-999.9
Sikasso	2003	4	23	113	26.1	37.4	23.4	-999.9	3.1	2.4	96470.2	-999.9
Sikasso	2003	4	24	114	26.4	36.0	22.2	-999.9	6.2	2.0	96550.2	-999.9
Sikasso	2003	4	25	115	25.5	37.5	22.7	-999.9	6.2	1.9	96571.5	-999.9
Sikasso	2003	4	26	116	24.8	37.4	22.4	-999.9	3.8	2.0	96654.7	-999.9
Sikasso	2003	4	27	117	26.5	38.8	24.6	-999.9	0.0	2.4	96608.8	-999.9
Sikasso	2003	4	28	118	26.1	37.5	23.8	-999.9	0.0	2.5	96526.7	-999.9
Sikasso	2003	4	29	119	26.6	36.6	23.2	-999.9	0.0	2.1	96694.2	-999.9
Sikasso	2003	4	30	120	24.8	36.8	23.7	-999.9	0.0	2.1	96783.1	-999.9
Sikasso	2003	5	1	121	25.6	36.6	23.9	-999.9	0.0	2.3	96789.3	-999.9
Sikasso	2003	5	2	122	26.2	38.6	25.0	-999.9	0.0	2.3	96637.1	-999.9
Sikasso	2003	5	3	123	27.0	38.8	24.5	-999.9	0.0	2.5	96584.7	-999.9
Sikasso	2003	5	4	124	27.3	38.3	25.0	-999.9	0.0	2.7	96659.8	-999.9
Sikasso	2003	5	5	125	27.1	38.5	24.8	-999.9	0.0	2.5	96658.7	-999.9
Sikasso	2003	5	6	126	27.1	37.8	24.3	-999.9	0.0	2.5	96553.9	-999.9
Sikasso	2003	5	7	127	27.2	36.7	23.8	-999.9	0.0	2.5	96573.4	-999.9
Sikasso	2003	5	8	128	27.7	36.4	22.5	-999.9	0.0	2.2	96639.1	-999.9
Sikasso	2003	5	9	129	25.4	36.7	23.0	-999.9	7.8	1.7	96662.5	-999.9
Sikasso	2003	5	10	130	25.5	33.4	22.0	-999.9	0.0	2.2	96701.9	-999.9
Sikasso	2003	5	11	131	24.5	35.9	24.4	-999.9	3.2	1.9	96734.2	-999.9
Sikasso	2003	5	12	132	23.7	35.7	21.7	-999.9	6.4	2.6	96757.1	-999.9
Sikasso	2003	5	13	133	24.8	36.0	23.5	-999.9	0.0	2.6	96740.2	-999.9
Sikasso	2003	5	14	134	26.0	36.6	24.1	-999.9	0.0	2.2	96729.7	-999.9
Sikasso	2003	5	15	135	27.0	36.7	24.1	-999.9	3.2	2.1	96699.6	-999.9
Sikasso	2003	5	16	136	25.8	35.4	22.8	-999.9	2.5	2.0	96690.6	-999.9
Sikasso	2003	5	17	137	23.4	32.7	22.1	-999.9	1.4	1.6	96751.9	-999.9
Sikasso	2003	5	18	138	24.8	35.1	24.6	-999.9	1.2	1.6	96711.3	-999.9
Sikasso	2003	5	19	139	25.1	36.7	24.6	-999.9	2.5	2.0	96529.7	-999.9
Sikasso	2003	5	20	140	25.1	36.4	24.4	-999.9	0.0	2.6	96553.5	-999.9
Sikasso	2003	5	21	141	26.5	38.0	25.0	-999.9	7.8	2.2	96633.3	-999.9
Sikasso	2003	5	22	142	25.0	36.3	23.6	-999.9	7.8	1.9	96769.7	-999.9
Sikasso	2003	5	23	143	25.9	35.5	23.8	-999.9	0.0	2.0	96732.3	-999.9
Sikasso	2003	5	24	144	25.0	37.8	23.5	-999.9	0.0	2.2	96577.5	-999.9
Sikasso	2003	5	25	145	24.5	33.6	20.4	-999.9	11.7	1.8	96725.7	-999.9
Sikasso	2003	5	26	146	25.4	34.2	23.5	-999.9	0.0	1.9	96738.7	-999.9
Sikasso	2003	5	27	147	25.1	34.9	22.2	-999.9	2.6	2.4	96700.0	-999.9
Sikasso	2003	5	28	148	24.1	32.9	22.8	-999.9	7.9	1.8	96757.9	-999.9
Sikasso	2003	5	29	149	23.9	32.8	23.6	-999.9	0.0	1.8	96777.8	-999.9
Sikasso	2003	5	30	150	25.2	32.9	21.5	-999.9	2.6	2.1	96798.7	-999.9
Sikasso	2003	5	31	151	24.3	32.9	23.1	-999.9	2.6	2.0	96880.0	-999.9
Sikasso	2003	6	1	152	23.5	33.5	23.9	-999.9	0.0	2.2	96853.8	-999.9
Sikasso	2003	6	2	153	22.6	30.5	16.9	-999.9	34.2	2.0	96869.0	-999.9
Sikasso	2003	6	3	154	23.8	30.4	20.2	-999.9	0.0	1.4	96852.1	-999.9
Sikasso	2003	6	4	155	23.0	32.3	23.5	-999.9	0.0	1.5	96759.4	-999.9
Sikasso	2003	6	5	156	22.9	31.6	19.7	-999.9	22.8	1.4	96775.8	-999.9
Sikasso	2003	6	6	157	22.6	32.1	20.5	-999.9	19.6	2.0	96777.6	-999.9
Sikasso	2003	6	7	158	22.4	31.8	23.3	-999.9	0.0	1.6	96817.5	-999.9
Sikasso	2003	6	8	159	24.2	31.9	24.0	-999.9	9.8	2.2	96813.7	-999.9
Sikasso	2003	6	9	160	23.7	32.5	24.4	-999.9	0.0	1.5	96916.4	-999.9
Sikasso	2003	6	10	161	22.9	33.5	24.7	-999.9	0.0	1.7	96808.4	-999.9
Sikasso	2003	6	11	162	23.9	32.9	23.4	-999.9	0.0	2.1	96769.1	-999.9
Sikasso	2003	6	12	163	23.2	31.4	22.0	-999.9	30.1	1.6	96838.0	-999.9
Sikasso	2003	6	13	164	22.7	29.7	18.4	-999.9	0.0	1.5	96924.0	-999.9
Sikasso	2003	6	14	165	22.9	31.6	22.5	-999.9	0.0	1.2	96974.5	-999.9
Sikasso	2003	6	15	166	22.7	32.2	24.4	-999.9	0.0	1.4	96894.6	-999.9
Sikasso	2003	6	16	167	24.6	33.0	24.4	-999.9	10.5	2.1	96716.3	-999.9
Sikasso	2003	6	17	168	25.1	33.9	23.9	-999.9	0.0	2.1	96691.4	-999.9
Sikasso	2003	6	18	169	25.0	32.1	21.4	-999.9	5.2	2.1	96806.3	-999.9
Sikasso	2003	6	19	170	23.6	33.6	24.0	-999.9	0.0	1.5	96841.0	-999.9
Sikasso	2003	6	20	171	25.6	32.9	21.7	-999.9	10.5	2.2	96719.3	-999.9
Sikasso	2003	6	21	172	23.3	31.7	22.5	-999.9	0.0	2.1	96754.5	-999.9
Sikasso	2003	6	22	173	23.0	31.7	19.0	-999.9	0.0	2.0	96793.6	-999.9
Sikasso	2003	6	23	174	22.6	31.1	18.6	-999.9	10.9	1.7	96918.8	-999.9
Sikasso	2003	6	24	175	21.9	30.6	22.6	-999.9	10.9	1.5	97013.9	-999.9
Sikasso	2003	6	25	176	22.5	31.2	22.2	-999.9	21.8	1.9	96854.8	-999.9
Sikasso	2003	6	26	177	22.5	28.2	13.6	-999.9	38.7	1.7	96883.1	-999.9
Sikasso	2003	6	27	178	22.2	29.3	20.7	-999.9	9.7	2.0	96970.3	-999.9
Sikasso	2003	6	28	179	21.9	29.9	22.0	-999.9	0.0	2.0	97010.4	-999.9
Sikasso	2003	6	29	180	22.5	30.5	22.3	-999.9	19.4	1.7	97001.6	-999.9
Sikasso	2003	6	30	181	22.4	29.3	19.9	-999.9	9.7	1.8	96973.4	-999.9
Sikasso	2003	7	1	182	22.7	30.6	21.2	-999.9	0.0	2.0	96933.0	-999.9
Sikasso	2003	7	2	183	22.8	30.0	19.1	-999.9	0.0	2.4	96996.9	-999.9
Sikasso	2003	7	3	184	22.6	31.3	23.3	-999.9	0.0	1.6	96959.5	-999.9
Sikasso	2003	7	4	185	22.4	31.8	20.5	-999.9	15.8	1.3	96908.6	-999.9
Sikasso	2003	7	5	186	23.6	30.3	19.3	-999.9	0.0	2.0	96802.4	-999.9
Sikasso	2003	7	6	187	22.2	30.8	22.0	-999.9	0.0	1.4	96848.0	-999.9
Sikasso	2003	7	7	188	22.2	30.7	21.1	-999.9	7.0	1.8	96922.2	-999.9
Sikasso	2003	7	8	189	22.1	29.3	18.6	-999.9	14.0	2.1	96848.4	-999.9
Sikasso	2003	7	9	190	21.8	25.3	11.5	-999.9	0.0	2.4	96863.5	-999.9
Sikasso	2003	7	10	191	21.0	28.5	18.0	-999.9	14.0	2.0	96976.7	-999.9
Sikasso	2003	7	11	192	22.1	28.0	16.2	-999.9	0.0	1.3	96965.5	-999.9
Sikasso	2003	7	12	193	21.5	30.0	21.9	-999.9	0.0	1.6	96913.8	-999.9
Sikasso	2003	7	13	194	22.6	30.0	20.8	-999.9	9.9	2.0	96946.5	-999.9
Sikasso	2003	7	14	195	21.9	28.8	17.1	-999.9	39.6	1.9	96906.9	-999.9
Sikasso	2003	7	15	196	22.1	27.5	12.3	-999.9	19.8	1.7	97002.9	-999.9
Sikasso	2003	7	16	197	21.6	29.3	21.1	-999.9	0.0	2.1	97062.8	-999.9
Sikasso	2003	7	17	198	22.8	30.5	20.4	-999.9	24.9	1.6	97046.9	-999.9
Sikasso	2003	7	18	199	22.2	29.4	19.2	-999.9	0.0	1.8	97078.5	-999.9
Sikasso	2003	7	19	200	22.2	29.4	20.9	-999.9	0.0	2.4	97160.8	-999.9
Sikasso	2003	7	20	201	21.8	28.8	16.0	-999.9	24.9	1.8	97057.4	-999.9
Sikasso	2003	7	21	202	21.9	29.6	20.8	-999.9	10.5	2.0	97067.6	-999.9
Sikasso	2003	7	22	203	22.1	29.4	18.5	-999.9	10.5	2.0	97113.2	-999.9
Sikasso	2003	7	23	204	22.2	29.2	19.8	-999.9	0.0	1.8	97039.1	-999.9
Sikasso	2003	7	24	205	23.5	30.0	20.2	-999.9	0.0	1.8	97012.3	-999.9
Sikasso	2003	7	25	206	22.5	28.8	17.1	-999.9	0.0	1.4	97080.0	-999.9
Sikasso	2003	7	26	207	22.0	29.6	20.9	-999.9	9.0	1.2	97095.2	-999.9
Sikasso	2003	7	27	208	22.6	30.9	20.7	-999.9	18.0	1.5	96998.2	-999.9
Sikasso	2003	7	28	209	22.8	29.9	18.3	-999.9	27.0	1.7	96960.2	-999.9
Sikasso	2003	7	29	210	23.9	31.6	23.3	-999.9	18.0	1.7	96966.3	-999.9
Sikasso	2003	7	30	211	22.9	29.3	16.9	-999.9	0.0	1.8	96966.6	-999.9
Sikasso	2003	7	31	212	22.0	28.9	18.6	-999.9	0.0	1.9	96991.0	-999.9
Sikasso	2003	8	1	213	23.0	30.3	20.5	-999.9	0.0	1.5	96940.6	-999.9
Sikasso	2003	8	2	214	22.3	29.3	18.9	-999.9	6.8	1.8	96962.8	-999.9
Sikasso	2003	8	3	215	23.1	30.4	21.3	-999.9	6.8	1.9	96899.2	-999.9
Sikasso	2003	8	4	216	22.1	29.4	19.4	-999.9	13.7	1.7	96844.4	-999.9
Sikasso	2003	8	5	217	22.4	27.7	15.6	-999.9	0.0	1.6	96818.2	-999.9
Sikasso	2003	8	6	218	22.7	29.3	19.5	-999.9	8.2	2.1	96800.8	-999.9
Sikasso	2003	8	7	219	22.5	28.4	13.6	-999.9	8.2	2.7	96820.0	-999.9
Sikasso	2003	8	8	220	22.0	28.2	16.2	-999.9	8.2	2.2	96951.8	-999.9
Sikasso	2003	8	9	221	22.5	28.2	13.4	-999.9	8.2	1.7	97014.3	-999.9
Sikasso	2003	8	10	222	22.2	29.9	20.5	-999.9	0.0	1.9	96937.2	-999.9
Sikasso	2003	8	11	223	22.5	28.6	17.8	-999.9	5.6	1.5	96976.4	-999.9
Sikasso	2003	8	12	224	22.0	27.4	11.4	-999.9	5.6	1.8	96947.8	-999.9
Sikasso	2003	8	13	225	21.3	29.5	19.3	-999.9	5.6	1.5	96978.0	-999.9
Sikasso	2003	8	14	226	21.8	28.4	15.8	-999.9	0.0	1.4	97054.6	-999.9
Sikasso	2003	8	15	227	21.8	29.5	20.7	-999.9	11.1	1.8	97077.5	-999.9
Sikasso	2003	8	16	228	22.0	27.5	13.4	-999.9	15.9	1.3	96981.0	-999.9
Sikasso	2003	8	17	229	22.1	26.7	11.8	-999.9	15.9	1.7	97008.8	-999.9
Sikasso	2003	8	18	230	21.3	28.8	16.4	-999.9	5.3	1.7	97141.5	-999.9
Sikasso	2003	8	19	231	21.7	29.7	20.6	-999.9	5.3	1.6	97084.6	-999.9
Sikasso	2003	8	20	232	22.2	26.9	10.9	-999.9	15.9	2.4	96839.8	-999.9
Sikasso	2003	8	21	233	21.8	26.0	14.1	-999.9	0.0	2.4	96805.6	-999.9
Sikasso	2003	8	22	234	21.3	28.4	16.4	-999.9	0.0	1.9	96942.3	-999.9
Sikasso	2003	8	23	235	21.9	29.3	18.7	-999.9	13.2	1.3	96984.3	-999.9
Sikasso	2003	8	24	236	22.2	24.8	6.2	-999.9	39.6	1.8	96927.0	-999.9
Sikasso	2003	8	25	237	21.4	28.4	15.3	-999.9	0.0	2.1	96979.4	-999.9
Sikasso	2003	8	26	238	22.7	30.0	21.9	-999.9	0.0	1.5	96963.4	-999.9
Sikasso	2003	8	27	239	23.1	30.3	21.6	-999.9	11.4	1.5	96939.5	-999.9
Sikasso	2003	8	28	240	21.8	29.4	16.9	-999.9	22.8	1.5	96920.0	-999.9
Sikasso	2003	8	29	241	22.6	29.6	20.7	-999.9	11.4	1.5	96998.8	-999.9
Sikasso	2003	8	30	242	22.3	28.0	14.7	-999.9	22.8	1.3	97038.9	-999.9
Sikasso	2003	8	31	243	21.8	29.6	17.8	-999.9	0.0	1.0	96941.9	-999.9
Sikasso	2003	9	1	244	21.7	28.0	13.9	-999.9	40.1	1.5	96878.1	-999.9
Sikasso	2003	9	2	245	21.8	24.9	8.6	-999.9	26.7	1.8	96920.1	-999.9
Sikasso	2003	9	3	246	21.7	28.7	19.3	-999.9	26.7	2.0	97056.6	-999.9
Sikasso	2003	9	4	247	21.3	29.0	18.1	-999.9	0.0	1.4	97057.9	-999.9
Sikasso	2003	9	5	248	21.1	29.9	20.8	-999.9	13.4	1.1	96963.7	-999.9
Sikasso	2003	9	6	249	20.7	29.5	19.4	-999.9	6.3	1.3	96913.5	-999.9
Sikasso	2003	9	7	250	21.9	26.6	11.8	-999.9	6.3	1.5	96854.5	-999.9
Sikasso	2003	9	8	251	21.7	27.6	15.3	-999.9	0.0	1.6	96996.2	-999.9
Sikasso	2003	9	9	252	21.6	30.0	22.1	-999.9	0.0	1.0	97019.8	-999.9
Sikasso	2003	9	10	253	22.1	30.0	20.1	-999.9	0.0	1.1	96967.6	-999.9
Sikasso	2003	9	11	254	21.9	30.0	20.4	-999.9	16.4	1.4	96945.0	-999.9
Sikasso	2003	9	12	255	22.0	29.9	22.4	-999.9	0.0	1.8	96983.9	-999.9
Sikasso	2003	9	13	256	21.8	29.4	19.4	-999.9	8.2	1.4	96998.5	-999.9
Sikasso	2003	9	14	257	21.5	26.5	10.2	-999.9	16.4	1.3	96944.8	-999.9
Sikasso	2003	9	15	258	21.7	27.4	15.2	-999.9	8.2	2.0	96906.6	-999.9
Sikasso	2003	9	16	259	21.9	29.2	19.8	-999.9	6.9	1.6	96988.0	-999.9
Sikasso	2003	9	17	260	21.8	29.8	20.2	-999.9	0.0	1.3	96921.3	-999.9
Sikasso	2003	9	18	261	21.6	30.9	20.7	-999.9	0.0	1.2	96862.4	-999.9
Sikasso	2003	9	19	262	22.3	30.2	18.9	-999.9	20.8	1.3	96790.4	-999.9
Sikasso	2003	9	20	263	21.6	28.9	17.0	-999.9	0.0	1.3	96896.2	-999.9
Sikasso	2003	9	21	264	22.0	28.4	16.4	-999.9	0.0	1.8	97037.0	-999.9
Sikasso	2003	9	22	265	21.2	29.7	20.5	-999.9	0.0	1.0	96988.3	-999.9
Sikasso	2003	9	23	266	22.1	31.0	21.0	-999.9	23.1	1.0	96830.6	-999.9
Sikasso	2003	9	24	267	22.8	31.0	21.6	-999.9	7.7	1.1	96872.1	-999.9
Sikasso	2003	9	25	268	21.8	29.8	18.6	-999.9	23.1	1.1	96939.8	-999.9
Sikasso	2003	9	26	269	22.3	31.2	22.5	-999.9	6.6	1.0	96829.1	-999.9
Sikasso	2003	9	27	270	24.2	31.3	22.3	-999.9	6.6	1.5	96719.8	-999.9
Sikasso	2003	9	28	271	23.3	30.6	22.2	-999.9	26.2	1.5	96849.0	-999.9
Sikasso	2003	9	29	272	22.3	30.4	20.4	-999.9	0.0	1.3	96906.1	-999.9
Sikasso	2003	9	30	273	21.7	30.3	21.7	-999.9	0.0	1.2	96912.2	-999.9
Sikasso	2003	10	1	274	22.1	30.8	21.1	-999.9	11.7	1.3	96837.9	-999.9
Sikasso	2003	10	2	275	22.8	31.7	23.2	-999.9	5.8	1.1	96779.3	-999.9
Sikasso	2003	10	3	276	22.9	30.6	19.6	-999.9	0.0	1.5	96733.5	-999.9
Sikasso	2003	10	4	277	22.6	30.9	21.7	-999.9	0.0	2.0	96763.8	-999.9
Sikasso	2003	10	5	278	22.3	31.3	23.3	-999.9	0.0	1.5	96761.3	-999.9
Sikasso	2003	10	6	279	23.1	31.3	21.3	-999.9	5.4	1.2	96793.6	-999.9
Sikasso	2003	10	7	280	23.0	32.0	20.9	-999.9	0.0	1.4	96820.5	-999.9
Sikasso	2003	10	8	281	22.4	32.0	22.4	-999.9	0.0	1.2	96822.3	-999.9
Sikasso	2003	10	9	282	22.7	32.7	23.0	-999.9	2.7	1.1	96690.0	-999.9
Sikasso	2003	10	10	283	24.0	32.7	22.6	-999.9	0.0	1.2	96648.2	-999.9
Sikasso	2003	10	11	284	23.8	32.8	22.8	-999.9	0.0	1.3	96721.6	-999.9
Sikasso	2003	10	12	285	24.9	32.7	22.2	-999.9	3.5	1.4	96686.0	-999.9
Sikasso	2003	10	13	286	24.1	32.3	21.3	-999.9	0.0	1.6	96575.3	-999.9
Sikasso	2003	10	14	287	23.2	31.9	20.9	-999.9	0.0	1.7	96632.1	-999.9
Sikasso	2003	10	15	288	22.2	31.6	20.7	-999.9	7.1	1.5	96800.0	-999.9
Sikasso	2003	10	16	289	21.9	31.5	19.6	-999.9	6.7	1.2	96861.6	-999.9
Sikasso	2003	10	17	290	21.6	29.9	16.1	-999.9	0.0	1.3	96846.7	-999.9
Sikasso	2003	10	18	291	21.6	30.8	20.7	-999.9	0.0	1.6	96839.6	-999.9
Sikasso	2003	10	19	292	22.3	31.7	22.3	-999.9	0.0	1.7	96894.0	-999.9
Sikasso	2003	10	20	293	22.7	31.2	20.5	-999.9	6.7	1.1	96825.4	-999.9
Sikasso	2003	10	21	294	22.9	30.5	19.1	-999.9	0.0	1.2	96874.6	-999.9
Sikasso	2003	10	22	295	22.6	31.4	20.3	-999.9	0.0	0.6	96867.9	-999.9
Sikasso	2003	10	23	296	24.0	32.9	20.9	-999.9	0.0	1.2	96865.1	-999.9
Sikasso	2003	10	24	297	23.3	32.5	21.0	-999.9	0.0	1.3	96746.3	-999.9
Sikasso	2003	10	25	298	23.7	32.2	21.0	-999.9	10.6	1.8	96697.2	-999.9
Sikasso	2003	10	26	299	22.9	32.4	21.0	-999.9	0.0	1.7	96684.5	-999.9
Sikasso	2003	10	27	300	23.2	32.5	20.2	-999.9	0.0	1.5	96704.5	-999.9
Sikasso	2003	10	28	301	23.0	31.7	19.9	-999.9	7.1	1.2	96811.1	-999.9
Sikasso	2003	10	29	302	22.3	33.5	21.8	-999.9	0.0	1.0	96825.8	-999.9
Sikasso	2003	10	30	303	23.2	33.7	20.3	-999.9	0.0	1.4	96638.5	-999.9
Sikasso	2003	10	31	304	24.0	32.6	20.1	-999.9	7.1	1.8	96607.0	-999.9
Sikasso	2003	11	1	305	23.5	32.8	20.5	-999.9	0.0	1.2	96613.1	-999.9
Sikasso	2003	11	2	306	23.6	33.1	20.3	-999.9	1.8	1.2	96659.8	-999.9
Sikasso	2003	11	3	307	22.0	32.6	20.6	-999.9	3.6	1.4	96776.8	-999.9
Sikasso	2003	11	4	308	22.2	33.5	21.1	-999.9	0.0	1.5	96726.7	-999.9
Sikasso	2003	11	5	309	22.3	33.9	19.6	-999.9	0.0	1.3	96608.6	-999.9
Sikasso	2003	11	6	310	22.5	32.8	19.3	-999.9	0.0	1.6	96638.4	-999.9
Sikasso	2003	11	7	311	22.3	30.3	15.3	-999.9	0.0	1.4	96781.6	-999.9
Sikasso	2003	11	8	312	22.3	31.7	17.9	-999.9	0.6	1.2	96881.1	-999.9
Sikasso	2003	11	9	313	23.0	31.8	16.8	-999.9	0.6	1.3	96878.8	-999.9
Sikasso	2003	11	10	314	22.5	32.4	18.7	-999.9	0.0	1.5	96761.0	-999.9
Sikasso	2003	11	11	315	22.8	33.6	20.0	-999.9	0.0	1.5	96686.6	-999.9
Sikasso	2003	11	12	316	20.8	34.0	20.8	-999.9	0.0	1.5	96761.9	-999.9
Sikasso	2003	11	13	317	20.9	33.9	20.7	-999.9	0.0	1.5	96949.6	-999.9
Sikasso	2003	11	14	318	18.3	33.1	22.1	-999.9	0.0	1.6	96985.7	-999.9
Sikasso	2003	11	15	319	20.2	33.9	21.4	-999.9	0.0	1.4	96919.1	-999.9
Sikasso	2003	11	16	320	19.1	34.7	21.6	-999.9	0.0	1.7	96702.2	-999.9
Sikasso	2003	11	17	321	21.4	33.8	19.2	-999.9	0.0	1.4	96602.4	-999.9
Sikasso	2003	11	18	322	23.2	33.8	18.7	-999.9	0.0	1.3	96660.0	-999.9
Sikasso	2003	11	19	323	22.0	34.7	19.9	-999.9	0.0	1.5	96664.9	-999.9
Sikasso	2003	11	20	324	20.9	34.6	19.7	-999.9	0.0	1.3	96696.6	-999.9
Sikasso	2003	11	21	325	20.9	34.5	20.3	-999.9	0.0	1.4	96741.8	-999.9
Sikasso	2003	11	22	326	21.9	34.3	20.4	-999.9	0.0	1.2	96724.6	-999.9
Sikasso	2003	11	23	327	21.0	34.9	21.2	-999.9	0.0	1.8	96754.2	-999.9
Sikasso	2003	11	24	328	18.3	34.5	21.2	-999.9	0.0	1.5	96800.7	-999.9
Sikasso	2003	11	25	329	21.1	34.2	19.4	-999.9	0.0	1.6	96786.2	-999.9
Sikasso	2003	11	26	330	19.9	34.8	19.3	-999.9	0.0	1.4	96759.1	-999.9
Sikasso	2003	11	27	331	19.0	34.3	19.6	-999.9	0.0	1.3	96714.5	-999.9
Sikasso	2003	11	28	332	20.3	34.5	20.6	-999.9	0.0	1.4	96661.3	-999.9
Sikasso	2003	11	29	333	18.3	34.4	21.2	-999.9	0.0	2.1	96705.7	-999.9
Sikasso	2003	11	30	334	19.2	33.9	21.0	-999.9	0.0	2.3	96713.4	-999.9
Sikasso	2003	12	1	335	17.9	33.3	20.8	-999.9	0.0	1.9	96737.8	-999.9
Sikasso	2003	12	2	336	19.4	33.6	20.3	-999.9	0.3	1.4	96737.6	-999.9
Sikasso	2003	12	3	337	20.7	33.9	20.2	-999.9	0.7	1.4	96703.0	-999.9
Sikasso	2003	12	4	338	19.5	33.9	19.8	-999.9	0.0	1.4	96673.0	-999.9
Sikasso	2003	12	5	339	19.5	34.7	19.8	-999.9	0.0	1.4	96710.2	-999.9
Sikasso	2003	12	6	340	19.0	34.9	20.1	-999.9	0.0	1.7	96795.5	-999.9
Sikasso	2003	12	7	341	17.8	34.5	20.5	-999.9	0.0	2.0	96846.9	-999.9
Sikasso	2003	12	8	342	17.7	34.6	20.8	-999.9	0.0	2.3	96914.5	-999.9
Sikasso	2003	12	9	343	18.4	34.4	20.7	-999.9	0.0	2.4	96967.9	-999.9
Sikasso	2003	12	10	344	17.0	33.9	20.6	-999.9	0.0	1.6	96863.8	-999.9
Sikasso	2003	12	11	345	17.3	33.6	20.4	-999.9	0.0	1.5	96843.0	-999.9
Sikasso	2003	12	12	346	19.0	33.8	20.3	-999.9	0.0	1.5	96783.4	-999.9
Sikasso	2003	12	13	347	17.6	33.1	20.4	-999.9	0.0	1.7	96829.8	-999.9
Sikasso	2003	12	14	348	19.1	33.0	20.0	-999.9	0.0	1.7	96932.2	-999.9
Sikasso	2003	12	15	349	18.5	33.0	19.8	-999.9	0.0	1.8	96844.3	-999.9
Sikasso	2003	12	16	350	17.4	32.8	20.3	-999.9	0.0	1.6	96852.8	-999.9
Sikasso	2003	12	17	351	17.0	33.3	20.3	-999.9	0.0	1.6	96880.7	-999.9
Sikasso	2003	12	18	352	17.7	33.7	20.3	-999.9	0.0	2.0	96956.0	-999.9
Sikasso	2003	12	19	353	18.1	33.1	20.4	-999.9	0.0	2.1	96989.2	-999.9
Sikasso	2003	12	20	354	17.8	33.0	20.2	-999.9	0.0	2.0	96996.1	-999.9
Sikasso	2003	12	21	355	17.1	33.1	20.5	-999.9	0.0	1.9	96979.0	-999.9
Sikasso	2003	12	22	356	17.6	33.3	20.4	-999.9	0.0	2.0	96986.9	-999.9
Sikasso	2003	12	23	357	17.7	33.8	20.1	-999.9	0.0	1.8	96946.0	-999.9
Sikasso	2003	12	24	358	17.0	33.5	20.1	-999.9	0.0	1.7	96915.0	-999.9
Sikasso	2003	12	25	359	15.8	32.4	20.3	-999.9	0.0	2.1	96952.8	-999.9
Sikasso	2003	12	26	360	15.5	31.3	20.4	-999.9	0.0	2.2	96944.9	-999.9
Sikasso	2003	12	27	361	15.5	31.3	20.4	-999.9	0.0	2.2	96846.8	-999.9
Sikasso	2003	12	28	362	15.5	30.2	20.6	-999.9	0.0	2.3	96805.6	-999.9
Sikasso	2003	12	29	363	14.3	29.4	20.5	-999.9	0.0	2.1	96815.6	-999.9
Sikasso	2003	12	30	364	13.6	31.3	20.0	-999.9	0.0	1.9	96912.2	-999.9
Sikasso	2003	12	31	365	15.7	32.7	19.8	-999.9	0.0	1.8	97062.1	-999.9
