Sikasso	2005	1	1	1	17.7	31.3	19.6	-999.9	0.0	2.4	97160.4	-999.9
Sikasso	2005	1	2	2	16.0	30.4	19.9	-999.9	0.0	2.4	97231.6	-999.9
Sikasso	2005	1	3	3	15.7	31.2	20.6	-999.9	0.0	2.1	97091.3	-999.9
Sikasso	2005	1	4	4	15.8	32.3	20.7	-999.9	0.0	1.9	96980.6	-999.9
Sikasso	2005	1	5	5	16.8	33.9	20.7	-999.9	0.0	1.9	96975.3	-999.9
Sikasso	2005	1	6	6	19.4	33.8	20.5	-999.9	0.0	2.6	96983.7	-999.9
Sikasso	2005	1	7	7	19.0	32.9	20.7	-999.9	0.0	2.7	96975.7	-999.9
Sikasso	2005	1	8	8	17.5	31.2	21.0	-999.9	0.0	2.8	96972.3	-999.9
Sikasso	2005	1	9	9	15.3	30.8	21.3	-999.9	0.0	2.2	96879.5	-999.9
Sikasso	2005	1	10	10	15.6	31.4	21.3	-999.9	0.0	2.3	96974.0	-999.9
Sikasso	2005	1	11	11	16.0	31.4	20.8	-999.9	0.4	2.1	97029.5	-999.9
Sikasso	2005	1	12	12	16.2	30.9	19.9	-999.9	0.0	2.1	97086.6	-999.9
Sikasso	2005	1	13	13	15.3	31.4	20.8	-999.9	0.0	2.0	96998.0	-999.9
Sikasso	2005	1	14	14	16.2	31.7	21.1	-999.9	0.0	2.1	96868.2	-999.9
Sikasso	2005	1	15	15	15.2	32.7	21.4	-999.9	0.0	1.8	96732.0	-999.9
Sikasso	2005	1	16	16	16.6	33.3	21.1	-999.9	0.4	1.8	96588.8	-999.9
Sikasso	2005	1	17	17	17.5	34.2	21.2	-999.9	0.0	2.3	96688.0	-999.9
Sikasso	2005	1	18	18	18.3	33.1	21.4	-999.9	0.0	2.7	96898.8	-999.9
Sikasso	2005	1	19	19	17.0	32.6	20.9	-999.9	0.0	2.5	96813.2	-999.9
Sikasso	2005	1	20	20	16.1	32.6	21.3	-999.9	0.0	2.1	96796.4	-999.9
Sikasso	2005	1	21	21	15.8	32.0	21.2	-999.9	0.0	2.0	96832.0	-999.9
Sikasso	2005	1	22	22	15.2	33.1	21.5	-999.9	0.0	1.7	96766.1	-999.9
Sikasso	2005	1	23	23	16.6	35.0	21.6	-999.9	0.0	1.7	96750.7	-999.9
Sikasso	2005	1	24	24	18.0	34.8	21.1	-999.9	0.0	2.1	96741.7	-999.9
Sikasso	2005	1	25	25	22.9	33.8	18.5	-999.9	0.0	1.5	96809.0	-999.9
Sikasso	2005	1	26	26	23.5	35.3	18.3	-999.9	0.0	1.4	96776.2	-999.9
Sikasso	2005	1	27	27	22.0	34.9	19.9	-999.9	0.0	1.3	96652.5	-999.9
Sikasso	2005	1	28	28	20.5	35.2	21.0	-999.9	0.0	1.2	96622.7	-999.9
Sikasso	2005	1	29	29	20.6	35.4	21.5	-999.9	0.0	1.6	96604.1	-999.9
Sikasso	2005	1	30	30	21.8	32.9	18.0	-999.9	0.0	1.4	96662.8	-999.9
Sikasso	2005	1	31	31	20.7	35.4	21.6	-999.9	0.0	1.9	96692.5	-999.9
Sikasso	2005	2	1	32	20.6	36.0	21.8	-999.9	0.0	2.4	96627.3	-999.9
Sikasso	2005	2	2	33	20.9	37.3	22.0	-999.9	0.0	2.1	96548.5	-999.9
Sikasso	2005	2	3	34	20.1	36.9	22.0	-999.9	0.0	1.8	96579.9	-999.9
Sikasso	2005	2	4	35	20.2	35.5	22.1	-999.9	0.0	2.1	96710.0	-999.9
Sikasso	2005	2	5	36	20.2	34.7	21.0	-999.9	0.0	2.0	96671.7	-999.9
Sikasso	2005	2	6	37	21.5	32.1	15.7	-999.9	0.0	2.1	96699.3	-999.9
Sikasso	2005	2	7	38	20.7	35.2	21.0	-999.9	0.0	1.9	96707.7	-999.9
Sikasso	2005	2	8	39	20.6	34.4	21.1	-999.9	0.0	2.8	96748.8	-999.9
Sikasso	2005	2	9	40	19.7	34.5	21.9	-999.9	0.0	2.1	96684.9	-999.9
Sikasso	2005	2	10	41	20.3	35.1	20.6	-999.9	0.0	2.0	96648.4	-999.9
Sikasso	2005	2	11	42	24.9	37.5	21.4	-999.9	0.0	2.6	96592.6	-999.9
Sikasso	2005	2	12	43	24.3	38.0	22.3	-999.9	0.0	2.5	96594.6	-999.9
Sikasso	2005	2	13	44	24.2	36.9	22.8	-999.9	0.0	2.8	96548.8	-999.9
Sikasso	2005	2	14	45	22.4	36.0	20.6	-999.9	0.0	2.1	96493.9	-999.9
Sikasso	2005	2	15	46	22.9	36.0	21.0	-999.9	0.0	2.2	96520.5	-999.9
Sikasso	2005	2	16	47	22.6	38.1	22.9	-999.9	0.0	1.7	96448.8	-999.9
Sikasso	2005	2	17	48	21.4	38.2	23.0	-999.9	0.0	1.5	96486.7	-999.9
Sikasso	2005	2	18	49	22.5	37.3	21.7	-999.9	0.0	1.8	96400.9	-999.9
Sikasso	2005	2	19	50	24.9	36.4	20.7	-999.9	0.0	1.5	96516.4	-999.9
Sikasso	2005	2	20	51	25.0	36.2	20.3	-999.9	0.0	1.3	96542.1	-999.9
Sikasso	2005	2	21	52	25.5	34.6	20.9	-999.9	0.0	2.0	96665.3	-999.9
Sikasso	2005	2	22	53	21.5	36.4	22.9	-999.9	0.0	1.9	96689.9	-999.9
Sikasso	2005	2	23	54	22.6	38.6	22.9	-999.9	0.0	2.0	96620.9	-999.9
Sikasso	2005	2	24	55	25.2	39.4	22.9	-999.9	0.0	2.0	96591.0	-999.9
Sikasso	2005	2	25	56	25.4	37.3	23.1	-999.9	0.0	2.6	96679.2	-999.9
Sikasso	2005	2	26	57	25.1	37.8	23.2	-999.9	0.0	2.3	96707.6	-999.9
Sikasso	2005	2	27	58	25.1	37.5	21.9	-999.9	0.0	1.4	96725.3	-999.9
Sikasso	2005	2	28	59	26.9	36.3	19.5	-999.9	0.0	1.7	96657.3	-999.9
Sikasso	2005	3	1	60	26.4	37.9	20.3	-999.9	0.0	1.7	96556.1	-999.9
Sikasso	2005	3	2	61	25.2	36.7	20.5	-999.9	1.9	1.3	96644.4	-999.9
Sikasso	2005	3	3	62	23.1	34.1	18.5	-999.9	1.9	1.6	96897.6	-999.9
Sikasso	2005	3	4	63	23.4	34.0	18.5	-999.9	0.0	1.7	96977.0	-999.9
Sikasso	2005	3	5	64	24.6	36.9	21.8	-999.9	0.0	1.2	96777.8	-999.9
Sikasso	2005	3	6	65	24.6	37.1	22.2	-999.9	0.0	1.2	96702.9	-999.9
Sikasso	2005	3	7	66	25.6	37.4	22.1	-999.9	0.0	1.4	96581.3	-999.9
Sikasso	2005	3	8	67	25.9	38.4	21.7	-999.9	0.0	1.7	96506.0	-999.9
Sikasso	2005	3	9	68	26.3	38.9	22.5	-999.9	0.0	1.8	96528.3	-999.9
Sikasso	2005	3	10	69	25.1	38.8	24.0	-999.9	0.0	2.3	96580.0	-999.9
Sikasso	2005	3	11	70	23.8	39.0	24.5	-999.9	0.0	1.8	96602.2	-999.9
Sikasso	2005	3	12	71	24.4	39.3	24.4	-999.9	0.0	1.7	96507.4	-999.9
Sikasso	2005	3	13	72	26.8	37.2	21.7	-999.9	0.0	3.3	96452.3	-999.9
Sikasso	2005	3	14	73	25.6	36.6	21.4	-999.9	0.0	1.6	96577.6	-999.9
Sikasso	2005	3	15	74	26.5	36.9	20.4	-999.9	0.0	1.3	96627.3	-999.9
Sikasso	2005	3	16	75	26.7	39.5	22.2	-999.9	0.0	1.6	96532.4	-999.9
Sikasso	2005	3	17	76	26.4	40.0	24.5	-999.9	0.0	1.7	96490.1	-999.9
Sikasso	2005	3	18	77	26.2	38.6	23.6	-999.9	0.0	1.2	96568.2	-999.9
Sikasso	2005	3	19	78	24.8	39.4	24.7	-999.9	0.0	1.7	96600.8	-999.9
Sikasso	2005	3	20	79	22.9	38.4	23.8	-999.9	0.0	1.7	96634.3	-999.9
Sikasso	2005	3	21	80	22.9	38.3	25.6	-999.9	0.0	1.5	96573.3	-999.9
Sikasso	2005	3	22	81	21.6	38.3	25.9	-999.9	0.0	1.3	96593.4	-999.9
Sikasso	2005	3	23	82	23.9	38.3	24.3	-999.9	0.0	1.3	96653.4	-999.9
Sikasso	2005	3	24	83	26.3	37.0	22.2	-999.9	0.0	1.8	96716.4	-999.9
Sikasso	2005	3	25	84	25.5	39.0	22.3	-999.9	0.0	1.6	96610.4	-999.9
Sikasso	2005	3	26	85	26.4	38.7	22.6	-999.9	0.0	2.1	96567.4	-999.9
Sikasso	2005	3	27	86	26.8	37.2	21.0	-999.9	5.6	2.2	96637.1	-999.9
Sikasso	2005	3	28	87	26.7	38.6	21.8	-999.9	0.0	2.2	96633.0	-999.9
Sikasso	2005	3	29	88	28.6	38.9	22.5	-999.9	0.0	2.1	96593.5	-999.9
Sikasso	2005	3	30	89	26.3	39.1	24.6	-999.9	0.0	2.0	96554.5	-999.9
Sikasso	2005	3	31	90	25.4	39.1	25.3	-999.9	0.0	1.8	96511.0	-999.9
Sikasso	2005	4	1	91	28.0	37.6	21.1	-999.9	0.0	1.9	96523.6	-999.9
Sikasso	2005	4	2	92	27.5	37.8	22.7	-999.9	2.3	2.3	96672.0	-999.9
Sikasso	2005	4	3	93	27.5	37.6	21.4	-999.9	0.0	1.9	96746.2	-999.9
Sikasso	2005	4	4	94	27.1	39.3	23.7	-999.9	2.3	2.1	96744.6	-999.9
Sikasso	2005	4	5	95	27.5	39.0	23.3	-999.9	0.0	2.2	96684.7	-999.9
Sikasso	2005	4	6	96	27.9	38.5	22.8	-999.9	0.0	2.2	96612.5	-999.9
Sikasso	2005	4	7	97	27.6	38.4	23.3	-999.9	0.0	1.9	96476.7	-999.9
Sikasso	2005	4	8	98	27.0	38.8	23.8	-999.9	0.0	1.8	96429.3	-999.9
Sikasso	2005	4	9	99	28.1	38.9	23.7	-999.9	0.0	1.9	96365.6	-999.9
Sikasso	2005	4	10	100	27.9	38.2	23.1	-999.9	0.0	2.0	96356.7	-999.9
Sikasso	2005	4	11	101	28.0	37.8	22.7	-999.9	0.0	2.4	96415.8	-999.9
Sikasso	2005	4	12	102	26.3	37.4	22.4	-999.9	2.5	1.8	96491.0	-999.9
Sikasso	2005	4	13	103	23.9	34.4	19.8	-999.9	7.5	1.8	96592.9	-999.9
Sikasso	2005	4	14	104	26.5	36.9	23.5	-999.9	0.0	2.3	96518.1	-999.9
Sikasso	2005	4	15	105	26.1	36.1	19.1	-999.9	0.0	2.3	96568.8	-999.9
Sikasso	2005	4	16	106	25.9	37.5	23.3	-999.9	5.8	2.7	96590.6	-999.9
Sikasso	2005	4	17	107	26.6	37.0	23.1	-999.9	0.0	2.0	96518.8	-999.9
Sikasso	2005	4	18	108	28.4	37.6	22.9	-999.9	0.0	2.0	96431.6	-999.9
Sikasso	2005	4	19	109	26.9	36.2	21.3	-999.9	0.0	1.9	96516.7	-999.9
Sikasso	2005	4	20	110	26.2	37.1	22.3	-999.9	11.6	2.1	96514.6	-999.9
Sikasso	2005	4	21	111	26.8	37.2	22.9	-999.9	0.0	2.4	96494.1	-999.9
Sikasso	2005	4	22	112	26.7	37.1	23.0	-999.9	0.0	2.2	96411.6	-999.9
Sikasso	2005	4	23	113	25.9	38.2	24.3	-999.9	7.9	2.1	96426.7	-999.9
Sikasso	2005	4	24	114	24.2	32.8	13.5	-999.9	0.0	2.1	96650.1	-999.9
Sikasso	2005	4	25	115	26.2	37.9	23.9	-999.9	1.6	1.9	96580.5	-999.9
Sikasso	2005	4	26	116	25.6	37.4	22.4	-999.9	0.0	2.4	96621.5	-999.9
Sikasso	2005	4	27	117	26.7	37.2	23.2	-999.9	2.5	2.1	96697.6	-999.9
Sikasso	2005	4	28	118	28.5	38.2	22.9	-999.9	7.6	2.4	96689.5	-999.9
Sikasso	2005	4	29	119	25.9	34.4	21.5	-999.9	0.0	2.0	96711.9	-999.9
Sikasso	2005	4	30	120	24.8	39.2	24.2	-999.9	0.0	2.7	96501.4	-999.9
Sikasso	2005	5	1	121	25.5	37.7	23.2	-999.9	4.9	2.8	96499.6	-999.9
Sikasso	2005	5	2	122	25.2	37.6	23.9	-999.9	2.4	3.1	96604.5	-999.9
Sikasso	2005	5	3	123	26.3	36.7	23.2	-999.9	0.0	2.7	96736.9	-999.9
Sikasso	2005	5	4	124	26.6	35.9	22.6	-999.9	0.0	2.5	96770.1	-999.9
Sikasso	2005	5	5	125	23.0	35.2	23.6	-999.9	2.4	2.2	96780.5	-999.9
Sikasso	2005	5	6	126	23.2	32.1	19.7	-999.9	3.6	2.3	96827.0	-999.9
Sikasso	2005	5	7	127	23.4	32.7	21.3	-999.9	0.0	2.5	96856.5	-999.9
Sikasso	2005	5	8	128	24.1	35.0	23.7	-999.9	0.0	2.1	96812.6	-999.9
Sikasso	2005	5	9	129	24.2	34.2	23.8	-999.9	7.2	2.1	96791.3	-999.9
Sikasso	2005	5	10	130	23.6	34.3	23.0	-999.9	7.2	2.2	96820.3	-999.9
Sikasso	2005	5	11	131	24.8	36.0	24.9	-999.9	2.3	1.6	96836.6	-999.9
Sikasso	2005	5	12	132	26.2	36.5	22.5	-999.9	4.6	1.8	96725.1	-999.9
Sikasso	2005	5	13	133	24.6	36.0	21.7	-999.9	0.0	2.4	96738.7	-999.9
Sikasso	2005	5	14	134	25.7	37.4	24.3	-999.9	0.0	2.1	96620.6	-999.9
Sikasso	2005	5	15	135	27.4	37.4	22.3	-999.9	0.0	1.8	96527.5	-999.9
Sikasso	2005	5	16	136	27.2	34.8	21.5	-999.9	5.9	2.0	96485.9	-999.9
Sikasso	2005	5	17	137	22.8	33.8	20.5	-999.9	5.9	1.9	96505.9	-999.9
Sikasso	2005	5	18	138	25.5	35.5	23.2	-999.9	3.0	1.8	96581.2	-999.9
Sikasso	2005	5	19	139	25.8	35.3	23.2	-999.9	0.0	1.6	96540.7	-999.9
Sikasso	2005	5	20	140	26.0	36.6	23.3	-999.9	0.0	2.3	96540.2	-999.9
Sikasso	2005	5	21	141	25.8	37.8	24.0	-999.9	4.4	2.0	96552.7	-999.9
Sikasso	2005	5	22	142	24.8	35.7	23.3	-999.9	4.4	2.1	96594.0	-999.9
Sikasso	2005	5	23	143	25.6	35.4	23.3	-999.9	0.0	2.0	96692.4	-999.9
Sikasso	2005	5	24	144	26.4	37.8	24.8	-999.9	4.4	2.0	96633.8	-999.9
Sikasso	2005	5	25	145	27.0	37.1	24.2	-999.9	4.4	2.2	96714.2	-999.9
Sikasso	2005	5	26	146	25.0	36.0	23.2	-999.9	1.8	2.5	96775.0	-999.9
Sikasso	2005	5	27	147	23.1	34.5	23.2	-999.9	0.0	2.1	96784.1	-999.9
Sikasso	2005	5	28	148	25.1	35.6	24.5	-999.9	0.0	2.3	96723.1	-999.9
Sikasso	2005	5	29	149	24.3	34.1	23.0	-999.9	3.5	2.3	96738.0	-999.9
Sikasso	2005	5	30	150	25.1	34.2	22.0	-999.9	0.0	2.3	96806.3	-999.9
Sikasso	2005	5	31	151	24.9	33.1	19.3	-999.9	3.5	2.4	96844.2	-999.9
Sikasso	2005	6	1	152	23.8	34.5	22.9	-999.9	4.9	1.6	96790.3	-999.9
Sikasso	2005	6	2	153	24.4	32.5	21.9	-999.9	4.9	1.7	96675.3	-999.9
Sikasso	2005	6	3	154	23.4	30.8	17.4	-999.9	14.6	1.5	96736.4	-999.9
Sikasso	2005	6	4	155	23.1	31.4	18.9	-999.9	19.5	1.6	96869.9	-999.9
Sikasso	2005	6	5	156	22.5	29.6	16.5	-999.9	0.0	1.5	96953.4	-999.9
Sikasso	2005	6	6	157	22.5	32.9	24.2	-999.9	0.0	1.7	96820.3	-999.9
Sikasso	2005	6	7	158	25.7	34.4	23.7	-999.9	0.0	2.3	96600.2	-999.9
Sikasso	2005	6	8	159	25.5	32.7	21.2	-999.9	6.0	3.1	96653.6	-999.9
Sikasso	2005	6	9	160	23.9	32.7	20.9	-999.9	0.0	2.6	96821.5	-999.9
Sikasso	2005	6	10	161	22.9	32.8	22.4	-999.9	0.0	2.0	96946.3	-999.9
Sikasso	2005	6	11	162	23.6	34.5	24.2	-999.9	0.0	1.4	96897.8	-999.9
Sikasso	2005	6	12	163	25.2	34.0	21.5	-999.9	3.1	2.1	96821.2	-999.9
Sikasso	2005	6	13	164	23.5	30.5	16.2	-999.9	6.2	2.1	96780.6	-999.9
Sikasso	2005	6	14	165	23.5	30.9	21.0	-999.9	0.0	2.1	96896.2	-999.9
Sikasso	2005	6	15	166	23.9	31.5	21.8	-999.9	6.2	1.8	96996.7	-999.9
Sikasso	2005	6	16	167	23.5	31.6	19.8	-999.9	0.0	1.8	96976.9	-999.9
Sikasso	2005	6	17	168	24.1	32.3	21.4	-999.9	0.0	2.7	96881.6	-999.9
Sikasso	2005	6	18	169	25.1	34.2	22.8	-999.9	0.0	3.0	96821.1	-999.9
Sikasso	2005	6	19	170	25.3	31.9	20.0	-999.9	7.9	2.5	96839.3	-999.9
Sikasso	2005	6	20	171	23.6	30.8	17.8	-999.9	15.8	2.2	96881.6	-999.9
Sikasso	2005	6	21	172	24.1	30.7	17.5	-999.9	9.0	1.5	96938.6	-999.9
Sikasso	2005	6	22	173	23.0	31.9	23.3	-999.9	9.0	1.2	96900.5	-999.9
Sikasso	2005	6	23	174	24.4	32.4	21.6	-999.9	18.0	1.7	96840.2	-999.9
Sikasso	2005	6	24	175	24.0	31.5	19.0	-999.9	18.0	2.8	96729.4	-999.9
Sikasso	2005	6	25	176	23.0	30.1	15.8	-999.9	18.0	2.7	96787.2	-999.9
Sikasso	2005	6	26	177	23.2	30.8	20.5	-999.9	0.0	1.7	96976.1	-999.9
Sikasso	2005	6	27	178	23.4	31.0	20.7	-999.9	14.3	1.6	96997.4	-999.9
Sikasso	2005	6	28	179	23.5	30.8	20.9	-999.9	0.0	1.8	96979.2	-999.9
Sikasso	2005	6	29	180	23.8	31.6	18.9	-999.9	0.0	1.7	96895.9	-999.9
Sikasso	2005	6	30	181	24.1	32.3	21.4	-999.9	0.0	1.8	96870.4	-999.9
Sikasso	2005	7	1	182	23.5	32.1	21.6	-999.9	8.3	1.8	96848.4	-999.9
Sikasso	2005	7	2	183	24.2	30.7	18.0	-999.9	8.3	1.9	96943.6	-999.9
Sikasso	2005	7	3	184	22.9	30.2	20.0	-999.9	8.3	1.9	97070.1	-999.9
Sikasso	2005	7	4	185	23.5	29.5	19.2	-999.9	8.3	1.7	97045.3	-999.9
Sikasso	2005	7	5	186	22.4	32.0	23.5	-999.9	0.0	1.4	96929.4	-999.9
Sikasso	2005	7	6	187	23.2	31.0	19.8	-999.9	0.0	2.9	96948.1	-999.9
Sikasso	2005	7	7	188	22.5	30.1	18.3	-999.9	0.0	2.2	97109.7	-999.9
Sikasso	2005	7	8	189	23.4	31.4	20.8	-999.9	6.2	1.4	96993.1	-999.9
Sikasso	2005	7	9	190	22.9	28.2	13.8	-999.9	24.7	1.8	97009.5	-999.9
Sikasso	2005	7	10	191	21.7	29.3	18.2	-999.9	6.2	2.4	97096.6	-999.9
Sikasso	2005	7	11	192	22.7	29.0	16.3	-999.9	7.3	1.7	97181.5	-999.9
Sikasso	2005	7	12	193	22.2	29.5	21.2	-999.9	7.3	1.6	97065.9	-999.9
Sikasso	2005	7	13	194	22.9	30.3	20.3	-999.9	0.0	1.9	96902.5	-999.9
Sikasso	2005	7	14	195	22.0	29.8	18.3	-999.9	21.9	1.8	96942.7	-999.9
Sikasso	2005	7	15	196	22.2	25.7	11.4	-999.9	0.0	1.6	97129.0	-999.9
Sikasso	2005	7	16	197	21.4	30.2	22.7	-999.9	0.0	1.4	97214.9	-999.9
Sikasso	2005	7	17	198	22.7	31.2	23.0	-999.9	14.0	1.8	96929.2	-999.9
Sikasso	2005	7	18	199	22.8	30.1	18.4	-999.9	7.0	2.6	96719.1	-999.9
Sikasso	2005	7	19	200	22.3	28.2	16.1	-999.9	7.0	2.0	96946.1	-999.9
Sikasso	2005	7	20	201	21.9	29.3	17.0	-999.9	0.0	1.5	97050.2	-999.9
Sikasso	2005	7	21	202	21.7	29.6	17.7	-999.9	10.7	1.4	97012.5	-999.9
Sikasso	2005	7	22	203	22.2	30.3	20.2	-999.9	0.0	1.7	97015.3	-999.9
Sikasso	2005	7	23	204	23.0	31.0	22.4	-999.9	0.0	1.4	96993.0	-999.9
Sikasso	2005	7	24	205	23.8	31.5	22.0	-999.9	10.7	1.3	97039.6	-999.9
Sikasso	2005	7	25	206	23.5	31.2	19.8	-999.9	0.0	1.6	97040.2	-999.9
Sikasso	2005	7	26	207	22.8	30.4	18.5	-999.9	0.0	2.2	97069.0	-999.9
Sikasso	2005	7	27	208	23.4	30.1	17.1	-999.9	0.0	2.2	97067.6	-999.9
Sikasso	2005	7	28	209	23.0	32.3	23.4	-999.9	21.5	2.4	96945.1	-999.9
Sikasso	2005	7	29	210	22.3	30.1	17.5	-999.9	32.3	2.6	96937.0	-999.9
Sikasso	2005	7	30	211	23.2	29.6	17.4	-999.9	0.0	2.4	96894.6	-999.9
Sikasso	2005	7	31	212	22.4	29.7	19.6	-999.9	0.0	1.9	96925.5	-999.9
Sikasso	2005	8	1	213	22.2	25.0	8.1	-999.9	11.3	1.9	96982.7	-999.9
Sikasso	2005	8	2	214	22.6	29.8	20.9	-999.9	22.6	1.7	96918.9	-999.9
Sikasso	2005	8	3	215	22.4	30.4	20.9	-999.9	11.3	1.6	96942.6	-999.9
Sikasso	2005	8	4	216	22.2	30.2	21.3	-999.9	11.3	1.5	96980.6	-999.9
Sikasso	2005	8	5	217	23.1	30.4	21.6	-999.9	0.0	1.7	96996.7	-999.9
Sikasso	2005	8	6	218	22.9	29.8	17.3	-999.9	0.0	2.2	96945.2	-999.9
Sikasso	2005	8	7	219	22.7	30.8	20.9	-999.9	0.0	2.1	96931.2	-999.9
Sikasso	2005	8	8	220	23.2	30.3	20.0	-999.9	26.4	2.3	96914.9	-999.9
Sikasso	2005	8	9	221	22.8	29.2	13.4	-999.9	0.0	1.8	97048.4	-999.9
Sikasso	2005	8	10	222	22.5	29.0	15.9	-999.9	0.0	1.5	97094.7	-999.9
Sikasso	2005	8	11	223	22.7	29.8	19.9	-999.9	9.4	1.7	96945.1	-999.9
Sikasso	2005	8	12	224	22.6	29.6	14.9	-999.9	18.9	1.7	96809.2	-999.9
Sikasso	2005	8	13	225	22.0	28.8	16.9	-999.9	0.0	1.1	96815.1	-999.9
Sikasso	2005	8	14	226	22.4	27.2	12.6	-999.9	0.0	2.6	96979.7	-999.9
Sikasso	2005	8	15	227	21.9	28.0	15.4	-999.9	0.0	2.5	97046.1	-999.9
Sikasso	2005	8	16	228	22.1	29.4	20.2	-999.9	10.3	1.9	97016.8	-999.9
Sikasso	2005	8	17	229	22.2	27.8	13.8	-999.9	10.3	1.5	96948.5	-999.9
Sikasso	2005	8	18	230	22.0	27.0	11.2	-999.9	10.3	1.3	96894.7	-999.9
Sikasso	2005	8	19	231	21.7	28.8	20.3	-999.9	0.0	1.9	96995.1	-999.9
Sikasso	2005	8	20	232	22.6	29.7	20.2	-999.9	0.0	1.3	97065.0	-999.9
Sikasso	2005	8	21	233	21.6	29.0	17.6	-999.9	16.3	1.5	96989.9	-999.9
Sikasso	2005	8	22	234	22.1	30.2	21.2	-999.9	16.3	1.5	96937.8	-999.9
Sikasso	2005	8	23	235	22.4	29.4	18.8	-999.9	16.3	1.5	96983.3	-999.9
Sikasso	2005	8	24	236	22.2	29.5	17.9	-999.9	8.1	1.7	96977.2	-999.9
Sikasso	2005	8	25	237	21.7	30.7	20.7	-999.9	0.0	1.6	97001.9	-999.9
Sikasso	2005	8	26	238	23.0	31.7	24.0	-999.9	8.0	1.5	96926.9	-999.9
Sikasso	2005	8	27	239	22.9	27.7	12.6	-999.9	16.0	1.2	96845.9	-999.9
Sikasso	2005	8	28	240	21.6	28.9	18.1	-999.9	16.0	1.5	96858.6	-999.9
Sikasso	2005	8	29	241	22.4	28.8	17.5	-999.9	8.0	1.6	96793.3	-999.9
Sikasso	2005	8	30	242	21.7	28.4	17.7	-999.9	0.0	2.0	96854.2	-999.9
Sikasso	2005	8	31	243	21.6	28.6	19.3	-999.9	0.0	2.0	96874.3	-999.9
Sikasso	2005	9	1	244	21.5	29.8	21.0	-999.9	0.0	1.9	96750.9	-999.9
Sikasso	2005	9	2	245	21.8	26.6	8.9	-999.9	58.3	1.7	96764.4	-999.9
Sikasso	2005	9	3	246	19.9	27.8	17.2	-999.9	0.0	2.5	96934.4	-999.9
Sikasso	2005	9	4	247	21.4	29.1	21.2	-999.9	0.0	1.4	97088.1	-999.9
Sikasso	2005	9	5	248	21.2	30.1	22.2	-999.9	0.0	1.7	96902.1	-999.9
Sikasso	2005	9	6	249	22.0	24.9	7.8	-999.9	20.2	1.6	96872.4	-999.9
Sikasso	2005	9	7	250	22.1	28.6	19.0	-999.9	0.0	2.1	97027.6	-999.9
Sikasso	2005	9	8	251	21.4	29.7	21.2	-999.9	6.7	1.4	97195.6	-999.9
Sikasso	2005	9	9	252	21.6	29.3	18.7	-999.9	0.0	0.9	97156.3	-999.9
Sikasso	2005	9	10	253	21.4	30.6	21.6	-999.9	13.5	1.6	96993.7	-999.9
Sikasso	2005	9	11	254	23.8	30.9	19.3	-999.9	25.2	1.9	96800.2	-999.9
Sikasso	2005	9	12	255	22.0	30.1	20.7	-999.9	16.8	1.8	96790.2	-999.9
Sikasso	2005	9	13	256	22.6	30.0	20.5	-999.9	0.0	1.5	96912.1	-999.9
Sikasso	2005	9	14	257	22.1	29.6	20.1	-999.9	0.0	1.2	97027.3	-999.9
Sikasso	2005	9	15	258	22.7	31.3	22.4	-999.9	0.0	1.2	97018.0	-999.9
Sikasso	2005	9	16	259	23.1	32.3	24.8	-999.9	0.0	1.6	96906.7	-999.9
Sikasso	2005	9	17	260	23.1	31.2	23.2	-999.9	0.0	1.4	96877.8	-999.9
Sikasso	2005	9	18	261	22.8	32.1	23.8	-999.9	0.0	1.3	96978.5	-999.9
Sikasso	2005	9	19	262	24.2	31.9	22.8	-999.9	10.2	1.6	96958.2	-999.9
Sikasso	2005	9	20	263	22.4	30.4	18.6	-999.9	20.4	2.0	96807.8	-999.9
Sikasso	2005	9	21	264	22.5	30.0	18.3	-999.9	6.2	1.9	96781.4	-999.9
Sikasso	2005	9	22	265	21.7	31.1	22.5	-999.9	0.0	1.1	96831.1	-999.9
Sikasso	2005	9	23	266	23.1	32.0	22.3	-999.9	0.0	1.1	96837.5	-999.9
Sikasso	2005	9	24	267	22.9	32.2	22.1	-999.9	24.6	1.0	96800.6	-999.9
Sikasso	2005	9	25	268	22.0	29.1	16.1	-999.9	12.3	1.6	96808.4	-999.9
Sikasso	2005	9	26	269	21.5	26.1	10.0	-999.9	0.0	2.2	96937.6	-999.9
Sikasso	2005	9	27	270	20.3	28.6	17.6	-999.9	0.0	1.2	97034.2	-999.9
Sikasso	2005	9	28	271	21.2	29.2	17.8	-999.9	16.1	1.1	96979.1	-999.9
Sikasso	2005	9	29	272	21.7	30.8	23.1	-999.9	0.0	1.1	96923.7	-999.9
Sikasso	2005	9	30	273	22.5	30.7	21.6	-999.9	0.0	1.7	96871.1	-999.9
Sikasso	2005	10	1	274	23.0	30.9	21.0	-999.9	11.9	1.6	96845.5	-999.9
Sikasso	2005	10	2	275	22.7	30.3	19.1	-999.9	0.0	1.7	96823.0	-999.9
Sikasso	2005	10	3	276	22.6	29.4	15.9	-999.9	4.0	1.7	96837.2	-999.9
Sikasso	2005	10	4	277	22.0	28.5	16.5	-999.9	0.0	2.0	96918.8	-999.9
Sikasso	2005	10	5	278	20.8	29.4	20.8	-999.9	0.0	1.4	97063.2	-999.9
Sikasso	2005	10	6	279	20.5	31.2	23.5	-999.9	0.0	1.3	96995.1	-999.9
Sikasso	2005	10	7	280	22.0	32.0	22.9	-999.9	4.4	1.8	96834.4	-999.9
Sikasso	2005	10	8	281	22.1	31.0	22.2	-999.9	0.0	1.8	96935.8	-999.9
Sikasso	2005	10	9	282	21.5	31.4	22.4	-999.9	0.0	1.3	96953.9	-999.9
Sikasso	2005	10	10	283	22.7	32.7	22.6	-999.9	0.0	1.3	96836.5	-999.9
Sikasso	2005	10	11	284	22.6	30.6	18.3	-999.9	0.0	1.9	96921.2	-999.9
Sikasso	2005	10	12	285	21.0	33.0	23.3	-999.9	0.0	1.2	96895.2	-999.9
Sikasso	2005	10	13	286	23.0	32.6	21.9	-999.9	6.0	1.3	96838.8	-999.9
Sikasso	2005	10	14	287	23.8	32.8	22.6	-999.9	0.0	1.6	96804.5	-999.9
Sikasso	2005	10	15	288	23.4	32.5	21.7	-999.9	3.0	1.4	96882.3	-999.9
Sikasso	2005	10	16	289	23.3	33.7	21.2	-999.9	5.9	1.1	96800.4	-999.9
Sikasso	2005	10	17	290	22.9	32.8	21.7	-999.9	0.0	1.1	96774.7	-999.9
Sikasso	2005	10	18	291	23.2	33.0	21.8	-999.9	3.0	1.5	96767.0	-999.9
Sikasso	2005	10	19	292	22.8	33.0	21.5	-999.9	0.0	1.4	96930.3	-999.9
Sikasso	2005	10	20	293	23.1	34.3	21.6	-999.9	0.0	1.4	96878.5	-999.9
Sikasso	2005	10	21	294	23.8	34.0	20.4	-999.9	0.0	1.6	96716.0	-999.9
Sikasso	2005	10	22	295	23.6	33.4	20.0	-999.9	3.5	1.9	96711.7	-999.9
Sikasso	2005	10	23	296	22.9	32.1	19.4	-999.9	0.0	1.5	96822.8	-999.9
Sikasso	2005	10	24	297	22.3	34.1	21.7	-999.9	0.0	1.4	96843.5	-999.9
Sikasso	2005	10	25	298	22.8	34.4	21.9	-999.9	0.0	1.3	96791.2	-999.9
Sikasso	2005	10	26	299	21.0	34.1	22.1	-999.9	0.0	1.5	96730.3	-999.9
Sikasso	2005	10	27	300	23.0	34.3	20.5	-999.9	0.0	1.4	96778.6	-999.9
Sikasso	2005	10	28	301	22.6	34.1	22.0	-999.9	0.0	1.8	96876.1	-999.9
Sikasso	2005	10	29	302	22.9	33.2	20.5	-999.9	0.0	1.5	96968.9	-999.9
Sikasso	2005	10	30	303	23.4	34.1	19.1	-999.9	0.0	1.4	96952.6	-999.9
Sikasso	2005	10	31	304	20.6	35.0	22.6	-999.9	0.0	1.3	96927.3	-999.9
Sikasso	2005	11	1	305	22.6	33.6	20.9	-999.9	0.0	1.5	96988.1	-999.9
Sikasso	2005	11	2	306	23.2	33.4	19.9	-999.9	0.0	1.6	97044.7	-999.9
Sikasso	2005	11	3	307	23.3	34.1	19.4	-999.9	3.2	1.1	96970.7	-999.9
Sikasso	2005	11	4	308	21.8	34.1	19.1	-999.9	0.0	1.3	96862.2	-999.9
Sikasso	2005	11	5	309	22.6	34.2	21.0	-999.9	0.0	1.8	96838.6	-999.9
Sikasso	2005	11	6	310	23.9	32.9	17.0	-999.9	0.0	1.6	96883.0	-999.9
Sikasso	2005	11	7	311	24.4	35.2	21.1	-999.9	0.0	1.9	96842.5	-999.9
Sikasso	2005	11	8	312	21.7	34.7	22.3	-999.9	0.0	2.3	96863.6	-999.9
Sikasso	2005	11	9	313	19.9	34.8	22.3	-999.9	0.0	1.5	96830.9	-999.9
Sikasso	2005	11	10	314	19.5	35.0	22.0	-999.9	0.0	2.0	96778.6	-999.9
Sikasso	2005	11	11	315	19.4	35.1	21.8	-999.9	0.0	1.6	96714.4	-999.9
Sikasso	2005	11	12	316	19.6	34.9	21.5	-999.9	0.0	1.5	96683.6	-999.9
Sikasso	2005	11	13	317	19.1	34.8	21.9	-999.9	0.0	1.1	96671.5	-999.9
Sikasso	2005	11	14	318	19.5	34.7	21.9	-999.9	0.0	1.1	96712.3	-999.9
Sikasso	2005	11	15	319	21.6	34.7	21.7	-999.9	0.0	0.9	96718.2	-999.9
Sikasso	2005	11	16	320	19.2	34.7	21.8	-999.9	0.0	1.5	96683.4	-999.9
Sikasso	2005	11	17	321	19.4	34.7	21.5	-999.9	0.0	1.6	96659.4	-999.9
Sikasso	2005	11	18	322	19.4	34.2	21.3	-999.9	0.0	1.6	96668.3	-999.9
Sikasso	2005	11	19	323	19.6	34.3	21.2	-999.9	0.0	1.4	96684.6	-999.9
Sikasso	2005	11	20	324	19.7	34.2	20.4	-999.9	0.0	1.2	96692.1	-999.9
Sikasso	2005	11	21	325	20.6	35.2	20.7	-999.9	0.0	1.4	96638.1	-999.9
Sikasso	2005	11	22	326	19.3	35.1	21.2	-999.9	0.0	1.3	96599.0	-999.9
Sikasso	2005	11	23	327	20.4	35.2	21.3	-999.9	0.0	1.4	96625.4	-999.9
Sikasso	2005	11	24	328	18.6	35.0	21.3	-999.9	0.0	1.1	96674.7	-999.9
Sikasso	2005	11	25	329	21.5	35.7	21.3	-999.9	0.0	0.9	96584.4	-999.9
Sikasso	2005	11	26	330	19.8	34.8	20.9	-999.9	0.0	1.0	96596.1	-999.9
Sikasso	2005	11	27	331	20.7	34.5	19.4	-999.9	0.0	1.1	96621.2	-999.9
Sikasso	2005	11	28	332	20.6	35.2	20.6	-999.9	0.0	1.2	96601.5	-999.9
Sikasso	2005	11	29	333	19.3	35.2	20.9	-999.9	0.0	1.5	96700.1	-999.9
Sikasso	2005	11	30	334	21.5	35.1	20.8	-999.9	0.0	0.9	96619.0	-999.9
Sikasso	2005	12	1	335	20.6	35.1	20.1	-999.9	0.0	1.3	96526.2	-999.9
Sikasso	2005	12	2	336	20.5	34.2	20.5	-999.9	0.0	2.2	96664.8	-999.9
Sikasso	2005	12	3	337	19.4	34.9	20.6	-999.9	0.0	1.9	96697.4	-999.9
Sikasso	2005	12	4	338	18.0	34.8	21.0	-999.9	0.0	2.1	96678.9	-999.9
Sikasso	2005	12	5	339	19.0	34.3	20.8	-999.9	0.0	1.9	96565.2	-999.9
Sikasso	2005	12	6	340	18.1	33.7	20.6	-999.9	0.0	1.2	96461.2	-999.9
Sikasso	2005	12	7	341	18.5	34.6	20.4	-999.9	0.0	1.4	96507.3	-999.9
Sikasso	2005	12	8	342	21.1	33.6	19.0	-999.9	0.0	1.3	96708.2	-999.9
Sikasso	2005	12	9	343	19.0	34.0	20.4	-999.9	0.0	1.7	96750.1	-999.9
Sikasso	2005	12	10	344	17.4	33.6	20.4	-999.9	0.0	1.6	96666.3	-999.9
Sikasso	2005	12	11	345	18.3	33.9	20.4	-999.9	0.0	1.8	96716.9	-999.9
Sikasso	2005	12	12	346	17.8	34.2	20.1	-999.9	0.0	1.7	96734.8	-999.9
Sikasso	2005	12	13	347	18.8	33.9	19.5	-999.9	0.0	2.0	96710.6	-999.9
Sikasso	2005	12	14	348	19.8	34.1	20.2	-999.9	0.0	2.2	96680.4	-999.9
Sikasso	2005	12	15	349	19.3	34.1	20.3	-999.9	0.0	2.1	96707.4	-999.9
Sikasso	2005	12	16	350	19.6	34.1	20.4	-999.9	0.0	2.1	96792.1	-999.9
Sikasso	2005	12	17	351	17.6	34.1	20.5	-999.9	0.0	1.9	96860.8	-999.9
Sikasso	2005	12	18	352	18.6	35.2	20.5	-999.9	0.0	2.5	96785.9	-999.9
Sikasso	2005	12	19	353	19.9	33.9	20.4	-999.9	0.0	2.6	96811.8	-999.9
Sikasso	2005	12	20	354	18.4	33.0	20.5	-999.9	0.0	2.1	96796.4	-999.9
Sikasso	2005	12	21	355	16.4	33.1	20.3	-999.9	0.0	1.8	96755.9	-999.9
Sikasso	2005	12	22	356	16.5	33.6	20.2	-999.9	0.0	1.9	96817.7	-999.9
Sikasso	2005	12	23	357	17.5	33.6	20.3	-999.9	0.0	2.3	96932.4	-999.9
Sikasso	2005	12	24	358	18.4	33.6	20.2	-999.9	0.0	2.3	96916.4	-999.9
Sikasso	2005	12	25	359	18.9	33.4	20.3	-999.9	0.0	2.3	96905.0	-999.9
Sikasso	2005	12	26	360	18.5	33.6	20.4	-999.9	0.0	2.4	96910.1	-999.9
Sikasso	2005	12	27	361	18.1	33.6	19.8	-999.9	0.0	1.9	96833.7	-999.9
Sikasso	2005	12	28	362	17.5	33.4	20.4	-999.9	0.0	1.9	96717.3	-999.9
Sikasso	2005	12	29	363	17.0	33.8	19.9	-999.9	0.0	1.6	96735.5	-999.9
Sikasso	2005	12	30	364	17.9	31.7	19.1	-999.9	0.0	2.6	96826.6	-999.9
Sikasso	2005	12	31	365	16.1	31.0	20.5	-999.9	0.0	2.3	96850.8	-999.9
