Sikasso	2007	1	1	1	13.9	29.0	20.3	-999.9	0.0	2.3	97280.1	-999.9
Sikasso	2007	1	2	2	15.1	28.6	18.5	-999.9	0.4	2.4	97307.8	-999.9
Sikasso	2007	1	3	3	13.7	27.9	19.0	-999.9	0.0	2.6	97286.4	-999.9
Sikasso	2007	1	4	4	13.7	27.7	20.4	-999.9	0.0	2.6	97230.2	-999.9
Sikasso	2007	1	5	5	12.6	28.4	20.8	-999.9	0.0	2.3	97195.7	-999.9
Sikasso	2007	1	6	6	13.2	29.7	20.7	-999.9	0.0	2.1	97166.2	-999.9
Sikasso	2007	1	7	7	14.9	31.2	20.6	-999.9	0.0	2.1	97077.1	-999.9
Sikasso	2007	1	8	8	16.2	33.0	20.7	-999.9	0.0	2.1	96939.2	-999.9
Sikasso	2007	1	9	9	17.2	33.5	20.8	-999.9	0.0	2.2	96898.7	-999.9
Sikasso	2007	1	10	10	17.1	33.7	21.0	-999.9	0.0	2.5	96923.6	-999.9
Sikasso	2007	1	11	11	17.5	32.7	21.1	-999.9	0.0	2.6	96998.1	-999.9
Sikasso	2007	1	12	12	16.9	31.8	21.2	-999.9	0.0	2.7	97113.0	-999.9
Sikasso	2007	1	13	13	15.4	30.4	21.4	-999.9	0.0	2.5	97096.6	-999.9
Sikasso	2007	1	14	14	14.3	29.9	21.5	-999.9	0.0	2.4	97064.1	-999.9
Sikasso	2007	1	15	15	13.5	29.6	21.5	-999.9	0.0	2.2	96973.8	-999.9
Sikasso	2007	1	16	16	14.0	31.2	21.3	-999.9	0.0	2.1	96943.9	-999.9
Sikasso	2007	1	17	17	15.4	32.4	21.3	-999.9	0.0	2.2	96966.9	-999.9
Sikasso	2007	1	18	18	16.4	32.2	21.3	-999.9	0.0	2.5	97059.9	-999.9
Sikasso	2007	1	19	19	16.7	31.8	21.4	-999.9	0.0	2.5	97099.2	-999.9
Sikasso	2007	1	20	20	14.6	31.3	21.7	-999.9	0.0	2.1	97074.7	-999.9
Sikasso	2007	1	21	21	15.0	31.7	21.6	-999.9	0.0	1.9	96901.8	-999.9
Sikasso	2007	1	22	22	15.7	32.6	21.5	-999.9	0.0	1.8	96909.1	-999.9
Sikasso	2007	1	23	23	16.1	33.8	21.6	-999.9	0.0	2.0	96988.1	-999.9
Sikasso	2007	1	24	24	16.9	35.0	21.7	-999.9	0.0	2.1	97033.8	-999.9
Sikasso	2007	1	25	25	17.5	35.7	21.8	-999.9	0.0	2.0	96866.0	-999.9
Sikasso	2007	1	26	26	17.1	36.5	21.8	-999.9	0.0	1.6	96732.4	-999.9
Sikasso	2007	1	27	27	17.6	37.0	21.8	-999.9	0.0	2.2	96703.6	-999.9
Sikasso	2007	1	28	28	18.1	36.1	21.7	-999.9	0.0	2.1	96863.0	-999.9
Sikasso	2007	1	29	29	17.5	36.0	21.7	-999.9	0.0	1.8	96836.5	-999.9
Sikasso	2007	1	30	30	17.5	36.1	22.2	-999.9	0.0	2.2	96714.6	-999.9
Sikasso	2007	1	31	31	18.8	35.8	22.2	-999.9	0.0	2.1	96735.8	-999.9
Sikasso	2007	2	1	32	22.9	36.4	21.6	-999.9	0.0	2.1	96840.4	-999.9
Sikasso	2007	2	2	33	20.1	36.5	22.1	-999.9	0.0	1.9	96886.1	-999.9
Sikasso	2007	2	3	34	19.8	37.9	22.5	-999.9	0.0	2.5	96775.4	-999.9
Sikasso	2007	2	4	35	20.1	36.7	22.5	-999.9	0.0	2.2	96782.0	-999.9
Sikasso	2007	2	5	36	18.3	36.3	22.5	-999.9	0.0	1.8	96721.6	-999.9
Sikasso	2007	2	6	37	19.6	36.5	22.0	-999.9	0.0	1.5	96558.0	-999.9
Sikasso	2007	2	7	38	22.7	36.9	21.5	-999.9	0.0	1.7	96552.7	-999.9
Sikasso	2007	2	8	39	20.7	35.4	22.3	-999.9	0.0	2.4	96764.3	-999.9
Sikasso	2007	2	9	40	19.4	35.4	22.6	-999.9	0.0	2.2	96892.4	-999.9
Sikasso	2007	2	10	41	19.7	35.5	22.7	-999.9	0.0	2.3	96916.3	-999.9
Sikasso	2007	2	11	42	18.1	35.1	22.9	-999.9	0.0	2.2	96953.1	-999.9
Sikasso	2007	2	12	43	18.4	35.1	22.2	-999.9	0.0	2.3	96944.5	-999.9
Sikasso	2007	2	13	44	19.4	35.1	23.2	-999.9	0.0	2.5	96954.9	-999.9
Sikasso	2007	2	14	45	19.0	34.5	23.5	-999.9	0.0	2.7	96918.8	-999.9
Sikasso	2007	2	15	46	18.0	34.5	23.5	-999.9	0.0	2.4	96853.0	-999.9
Sikasso	2007	2	16	47	17.5	34.7	23.4	-999.9	0.0	2.3	96704.8	-999.9
Sikasso	2007	2	17	48	16.4	35.2	23.0	-999.9	0.0	2.1	96585.2	-999.9
Sikasso	2007	2	18	49	17.1	35.8	23.3	-999.9	0.0	2.0	96540.6	-999.9
Sikasso	2007	2	19	50	19.2	36.4	22.2	-999.9	0.0	1.8	96505.7	-999.9
Sikasso	2007	2	20	51	19.1	36.3	22.6	-999.9	0.0	1.7	96528.9	-999.9
Sikasso	2007	2	21	52	19.9	35.8	23.3	-999.9	0.0	2.3	96701.6	-999.9
Sikasso	2007	2	22	53	19.5	34.0	23.7	-999.9	0.0	2.4	96973.8	-999.9
Sikasso	2007	2	23	54	17.9	33.8	23.9	-999.9	0.0	2.8	96992.9	-999.9
Sikasso	2007	2	24	55	16.5	33.5	24.1	-999.9	0.0	2.1	96923.6	-999.9
Sikasso	2007	2	25	56	15.5	34.3	24.3	-999.9	0.0	2.0	96919.8	-999.9
Sikasso	2007	2	26	57	16.4	35.2	24.2	-999.9	0.0	2.0	96924.0	-999.9
Sikasso	2007	2	27	58	18.6	35.8	24.3	-999.9	0.0	2.5	96863.8	-999.9
Sikasso	2007	2	28	59	20.0	35.5	24.3	-999.9	0.0	2.6	96760.8	-999.9
Sikasso	2007	3	1	60	19.5	36.3	24.4	-999.9	0.0	2.6	96689.2	-999.9
Sikasso	2007	3	2	61	20.4	36.5	24.4	-999.9	0.0	2.6	96716.6	-999.9
Sikasso	2007	3	3	62	20.6	36.7	24.4	-999.9	0.0	2.4	96706.5	-999.9
Sikasso	2007	3	4	63	20.6	37.2	24.6	-999.9	0.0	2.5	96681.0	-999.9
Sikasso	2007	3	5	64	21.0	37.7	25.0	-999.9	0.0	2.4	96691.6	-999.9
Sikasso	2007	3	6	65	21.3	38.0	24.8	-999.9	0.0	2.7	96764.1	-999.9
Sikasso	2007	3	7	66	21.6	37.6	25.2	-999.9	0.0	2.8	96835.9	-999.9
Sikasso	2007	3	8	67	20.5	36.8	25.0	-999.9	0.0	2.3	96742.9	-999.9
Sikasso	2007	3	9	68	19.0	36.6	25.4	-999.9	0.0	2.3	96725.7	-999.9
Sikasso	2007	3	10	69	20.1	35.5	25.4	-999.9	0.0	2.4	96801.8	-999.9
Sikasso	2007	3	11	70	18.0	35.1	25.1	-999.9	0.0	2.0	96825.2	-999.9
Sikasso	2007	3	12	71	19.5	35.7	25.1	-999.9	0.0	2.2	96767.3	-999.9
Sikasso	2007	3	13	72	20.0	36.5	24.9	-999.9	0.0	2.1	96689.6	-999.9
Sikasso	2007	3	14	73	20.1	37.8	25.2	-999.9	0.0	2.1	96596.6	-999.9
Sikasso	2007	3	15	74	20.8	37.2	23.6	-999.9	0.0	1.3	96554.9	-999.9
Sikasso	2007	3	16	75	24.7	38.0	22.8	-999.9	0.0	1.4	96523.0	-999.9
Sikasso	2007	3	17	76	26.4	38.5	23.8	-999.9	0.0	1.6	96519.7	-999.9
Sikasso	2007	3	18	77	23.8	38.7	23.4	-999.9	0.0	1.6	96559.3	-999.9
Sikasso	2007	3	19	78	24.7	38.3	23.1	-999.9	0.0	2.2	96567.6	-999.9
Sikasso	2007	3	20	79	26.2	38.2	23.6	-999.9	0.0	2.0	96471.6	-999.9
Sikasso	2007	3	21	80	27.8	38.4	21.4	-999.9	2.3	2.1	96380.1	-999.9
Sikasso	2007	3	22	81	27.8	39.8	24.3	-999.9	0.0	1.6	96449.1	-999.9
Sikasso	2007	3	23	82	25.6	38.6	23.8	-999.9	0.0	2.3	96569.1	-999.9
Sikasso	2007	3	24	83	24.2	39.3	24.8	-999.9	0.0	2.0	96589.2	-999.9
Sikasso	2007	3	25	84	23.9	39.1	24.3	-999.9	0.0	1.9	96581.5	-999.9
Sikasso	2007	3	26	85	25.9	38.5	23.4	-999.9	0.0	2.1	96511.7	-999.9
Sikasso	2007	3	27	86	26.5	38.9	23.9	-999.9	0.0	2.3	96472.5	-999.9
Sikasso	2007	3	28	87	27.2	36.9	22.4	-999.9	0.0	1.6	96515.9	-999.9
Sikasso	2007	3	29	88	25.4	36.5	22.4	-999.9	4.9	1.4	96595.8	-999.9
Sikasso	2007	3	30	89	25.7	37.6	23.9	-999.9	0.0	1.5	96433.0	-999.9
Sikasso	2007	3	31	90	26.4	38.6	23.4	-999.9	0.0	1.9	96338.2	-999.9
Sikasso	2007	4	1	91	26.3	38.6	24.4	-999.9	0.0	2.0	96336.5	-999.9
Sikasso	2007	4	2	92	27.4	36.7	21.7	-999.9	0.0	2.4	96468.7	-999.9
Sikasso	2007	4	3	93	25.4	38.6	24.2	-999.9	0.0	1.6	96382.8	-999.9
Sikasso	2007	4	4	94	27.3	39.1	24.2	-999.9	0.0	2.2	96288.3	-999.9
Sikasso	2007	4	5	95	27.9	37.9	23.8	-999.9	5.5	2.6	96444.3	-999.9
Sikasso	2007	4	6	96	27.2	37.8	24.3	-999.9	0.0	1.9	96560.2	-999.9
Sikasso	2007	4	7	97	26.3	37.0	21.6	-999.9	3.4	1.5	96726.3	-999.9
Sikasso	2007	4	8	98	24.3	35.5	19.6	-999.9	10.3	1.8	96794.8	-999.9
Sikasso	2007	4	9	99	25.0	38.2	24.5	-999.9	0.0	1.6	96675.6	-999.9
Sikasso	2007	4	10	100	26.8	38.6	24.4	-999.9	0.0	1.9	96609.3	-999.9
Sikasso	2007	4	11	101	27.9	39.1	24.7	-999.9	0.0	2.4	96574.6	-999.9
Sikasso	2007	4	12	102	28.3	38.7	23.8	-999.9	3.3	2.2	96480.1	-999.9
Sikasso	2007	4	13	103	28.5	35.9	22.2	-999.9	0.0	1.7	96592.5	-999.9
Sikasso	2007	4	14	104	26.9	36.9	22.4	-999.9	0.0	1.3	96622.5	-999.9
Sikasso	2007	4	15	105	27.7	37.2	22.3	-999.9	6.6	2.0	96606.9	-999.9
Sikasso	2007	4	16	106	26.3	37.2	24.8	-999.9	3.8	2.6	96545.1	-999.9
Sikasso	2007	4	17	107	25.5	37.0	24.2	-999.9	0.0	2.4	96495.0	-999.9
Sikasso	2007	4	18	108	26.2	36.0	23.0	-999.9	7.6	2.5	96596.6	-999.9
Sikasso	2007	4	19	109	25.9	36.5	23.1	-999.9	0.0	2.3	96622.2	-999.9
Sikasso	2007	4	20	110	27.3	37.0	24.1	-999.9	0.0	1.9	96568.3	-999.9
Sikasso	2007	4	21	111	23.9	36.3	22.9	-999.9	11.0	1.5	96543.4	-999.9
Sikasso	2007	4	22	112	24.0	34.5	20.0	-999.9	16.5	1.5	96578.4	-999.9
Sikasso	2007	4	23	113	23.0	32.3	23.5	-999.9	0.0	1.6	96711.2	-999.9
Sikasso	2007	4	24	114	25.2	34.7	23.5	-999.9	0.0	1.7	96500.3	-999.9
Sikasso	2007	4	25	115	25.4	33.8	22.1	-999.9	16.5	2.3	96421.7	-999.9
Sikasso	2007	4	26	116	24.4	34.9	23.2	-999.9	5.9	2.8	96441.9	-999.9
Sikasso	2007	4	27	117	24.3	34.4	24.3	-999.9	3.0	2.8	96669.5	-999.9
Sikasso	2007	4	28	118	25.6	33.9	22.3	-999.9	0.0	1.7	96833.9	-999.9
Sikasso	2007	4	29	119	26.6	35.1	23.7	-999.9	0.0	1.2	96728.6	-999.9
Sikasso	2007	4	30	120	23.1	32.4	20.7	-999.9	11.8	1.8	96670.2	-999.9
Sikasso	2007	5	1	121	24.5	33.8	23.6	-999.9	0.0	1.4	96652.1	-999.9
Sikasso	2007	5	2	122	25.1	33.2	20.4	-999.9	0.0	1.7	96761.6	-999.9
Sikasso	2007	5	3	123	24.7	33.0	20.0	-999.9	0.0	1.7	96705.7	-999.9
Sikasso	2007	5	4	124	24.6	36.1	23.7	-999.9	6.4	2.1	96579.4	-999.9
Sikasso	2007	5	5	125	25.8	36.8	24.5	-999.9	3.2	2.5	96493.7	-999.9
Sikasso	2007	5	6	126	26.0	34.5	22.9	-999.9	4.2	2.6	96563.3	-999.9
Sikasso	2007	5	7	127	25.0	35.5	23.7	-999.9	0.0	1.8	96614.6	-999.9
Sikasso	2007	5	8	128	23.5	35.9	23.1	-999.9	4.2	1.5	96655.9	-999.9
Sikasso	2007	5	9	129	24.2	34.2	19.6	-999.9	2.8	1.5	96721.9	-999.9
Sikasso	2007	5	10	130	22.7	37.4	25.6	-999.9	0.0	1.5	96605.9	-999.9
Sikasso	2007	5	11	131	26.0	37.7	24.5	-999.9	0.0	2.1	96590.5	-999.9
Sikasso	2007	5	12	132	26.2	37.7	23.2	-999.9	0.0	2.8	96712.0	-999.9
Sikasso	2007	5	13	133	25.9	37.6	25.0	-999.9	2.4	2.7	96724.6	-999.9
Sikasso	2007	5	14	134	26.6	33.9	20.7	-999.9	2.4	3.4	96875.6	-999.9
Sikasso	2007	5	15	135	24.0	34.6	23.8	-999.9	0.0	2.5	96805.5	-999.9
Sikasso	2007	5	16	136	25.9	34.9	24.2	-999.9	0.0	2.1	96816.4	-999.9
Sikasso	2007	5	17	137	23.4	35.8	22.5	-999.9	0.0	1.9	96833.2	-999.9
Sikasso	2007	5	18	138	26.5	37.2	23.8	-999.9	0.0	2.3	96675.7	-999.9
Sikasso	2007	5	19	139	26.6	36.3	22.4	-999.9	8.8	1.9	96658.4	-999.9
Sikasso	2007	5	20	140	26.8	36.7	23.4	-999.9	0.0	2.0	96655.7	-999.9
Sikasso	2007	5	21	141	25.3	38.3	24.1	-999.9	0.0	2.4	96521.0	-999.9
Sikasso	2007	5	22	142	26.1	37.7	24.8	-999.9	0.0	2.6	96449.1	-999.9
Sikasso	2007	5	23	143	27.0	37.3	23.7	-999.9	1.6	2.5	96495.3	-999.9
Sikasso	2007	5	24	144	27.2	36.8	24.7	-999.9	4.7	2.2	96601.7	-999.9
Sikasso	2007	5	25	145	26.7	36.3	24.9	-999.9	0.0	2.1	96765.8	-999.9
Sikasso	2007	5	26	146	26.2	37.0	24.1	-999.9	6.3	1.8	96726.2	-999.9
Sikasso	2007	5	27	147	26.4	37.2	24.8	-999.9	3.1	1.8	96747.9	-999.9
Sikasso	2007	5	28	148	25.3	35.7	23.7	-999.9	3.1	2.5	96753.9	-999.9
Sikasso	2007	5	29	149	25.9	35.4	24.8	-999.9	0.0	2.3	96715.4	-999.9
Sikasso	2007	5	30	150	26.6	36.5	24.9	-999.9	6.3	2.0	96755.2	-999.9
Sikasso	2007	5	31	151	26.3	35.2	23.8	-999.9	0.0	1.9	96778.5	-999.9
Sikasso	2007	6	1	152	26.2	36.2	24.4	-999.9	0.0	2.0	96789.8	-999.9
Sikasso	2007	6	2	153	24.8	37.4	24.3	-999.9	9.6	2.9	96604.1	-999.9
Sikasso	2007	6	3	154	24.2	34.1	22.7	-999.9	0.0	3.1	96637.5	-999.9
Sikasso	2007	6	4	155	25.5	33.1	23.2	-999.9	0.0	3.0	96838.2	-999.9
Sikasso	2007	6	5	156	24.4	35.4	24.6	-999.9	6.4	2.2	96861.0	-999.9
Sikasso	2007	6	6	157	23.6	33.7	20.7	-999.9	15.7	2.3	96859.4	-999.9
Sikasso	2007	6	7	158	23.6	32.5	18.6	-999.9	0.0	2.0	96829.2	-999.9
Sikasso	2007	6	8	159	24.6	34.0	22.1	-999.9	5.2	2.3	96862.7	-999.9
Sikasso	2007	6	9	160	23.6	34.2	24.7	-999.9	0.0	2.5	96818.5	-999.9
Sikasso	2007	6	10	161	24.3	34.8	23.1	-999.9	0.0	3.0	96764.5	-999.9
Sikasso	2007	6	11	162	25.7	33.9	22.9	-999.9	11.2	2.7	96734.3	-999.9
Sikasso	2007	6	12	163	24.5	33.8	22.1	-999.9	5.6	2.6	96783.5	-999.9
Sikasso	2007	6	13	164	25.0	33.7	24.0	-999.9	0.0	2.0	96829.1	-999.9
Sikasso	2007	6	14	165	23.8	33.8	21.1	-999.9	5.6	1.8	96873.2	-999.9
Sikasso	2007	6	15	166	22.9	34.6	24.0	-999.9	0.0	2.2	96847.2	-999.9
Sikasso	2007	6	16	167	25.9	35.8	24.6	-999.9	0.0	2.8	96746.5	-999.9
Sikasso	2007	6	17	168	24.3	32.7	20.3	-999.9	13.9	2.6	96806.7	-999.9
Sikasso	2007	6	18	169	25.9	34.3	23.2	-999.9	0.0	2.3	96815.4	-999.9
Sikasso	2007	6	19	170	24.7	35.3	24.8	-999.9	13.9	1.9	96881.7	-999.9
Sikasso	2007	6	20	171	25.3	34.6	24.0	-999.9	0.0	2.6	96851.8	-999.9
Sikasso	2007	6	21	172	24.9	34.0	23.4	-999.9	0.0	3.0	96778.0	-999.9
Sikasso	2007	6	22	173	23.9	30.8	17.6	-999.9	32.7	2.4	96760.9	-999.9
Sikasso	2007	6	23	174	23.6	32.3	22.5	-999.9	0.0	1.9	96737.0	-999.9
Sikasso	2007	6	24	175	22.8	32.6	20.5	-999.9	16.4	2.0	96906.6	-999.9
Sikasso	2007	6	25	176	24.8	31.3	19.7	-999.9	8.2	2.3	97015.2	-999.9
Sikasso	2007	6	26	177	23.3	32.3	21.7	-999.9	0.0	2.1	96983.1	-999.9
Sikasso	2007	6	27	178	24.8	32.5	20.3	-999.9	0.0	2.1	96881.4	-999.9
Sikasso	2007	6	28	179	23.5	31.3	19.0	-999.9	0.0	2.6	96860.7	-999.9
Sikasso	2007	6	29	180	24.6	32.3	19.4	-999.9	0.0	2.7	96912.7	-999.9
Sikasso	2007	6	30	181	23.5	31.3	18.5	-999.9	16.8	2.6	97007.1	-999.9
Sikasso	2007	7	1	182	22.7	27.6	11.6	-999.9	13.8	2.7	97102.7	-999.9
Sikasso	2007	7	2	183	22.0	27.5	11.8	-999.9	13.8	2.1	97086.3	-999.9
Sikasso	2007	7	3	184	22.0	30.0	18.5	-999.9	0.0	2.3	97115.2	-999.9
Sikasso	2007	7	4	185	22.1	31.7	23.3	-999.9	0.0	1.6	97201.7	-999.9
Sikasso	2007	7	5	186	22.7	31.8	21.2	-999.9	0.0	1.8	97143.8	-999.9
Sikasso	2007	7	6	187	23.9	32.7	23.6	-999.9	0.0	2.4	96907.7	-999.9
Sikasso	2007	7	7	188	23.7	31.4	18.8	-999.9	0.0	2.8	96827.5	-999.9
Sikasso	2007	7	8	189	23.5	31.8	20.4	-999.9	0.0	2.4	96945.4	-999.9
Sikasso	2007	7	9	190	23.3	32.6	22.0	-999.9	0.0	2.3	96996.4	-999.9
Sikasso	2007	7	10	191	23.7	32.6	21.4	-999.9	28.4	1.7	96905.4	-999.9
Sikasso	2007	7	11	192	23.4	32.2	22.5	-999.9	0.0	1.5	96920.2	-999.9
Sikasso	2007	7	12	193	22.8	31.9	18.0	-999.9	0.0	1.8	96916.6	-999.9
Sikasso	2007	7	13	194	24.0	31.9	17.9	-999.9	0.0	2.6	96810.9	-999.9
Sikasso	2007	7	14	195	22.8	33.1	22.2	-999.9	37.5	2.8	96798.6	-999.9
Sikasso	2007	7	15	196	22.8	26.2	9.5	-999.9	37.5	1.9	96903.0	-999.9
Sikasso	2007	7	16	197	22.7	30.3	20.8	-999.9	0.0	1.6	96973.8	-999.9
Sikasso	2007	7	17	198	22.9	31.2	21.2	-999.9	0.0	1.6	96907.5	-999.9
Sikasso	2007	7	18	199	22.1	24.6	7.6	-999.9	53.6	1.7	96845.6	-999.9
Sikasso	2007	7	19	200	21.4	28.4	17.8	-999.9	0.0	1.7	96776.9	-999.9
Sikasso	2007	7	20	201	21.7	29.7	21.9	-999.9	0.0	2.3	96868.6	-999.9
Sikasso	2007	7	21	202	23.1	28.4	15.7	-999.9	41.1	2.0	96873.3	-999.9
Sikasso	2007	7	22	203	22.3	30.2	21.4	-999.9	0.0	1.9	96813.3	-999.9
Sikasso	2007	7	23	204	22.6	27.5	12.6	-999.9	27.4	1.4	96843.7	-999.9
Sikasso	2007	7	24	205	21.8	28.9	18.7	-999.9	0.0	2.2	96947.6	-999.9
Sikasso	2007	7	25	206	22.0	29.5	19.2	-999.9	0.0	2.2	96943.5	-999.9
Sikasso	2007	7	26	207	22.5	26.8	10.1	-999.9	29.0	1.7	96734.9	-999.9
Sikasso	2007	7	27	208	21.7	27.9	16.5	-999.9	0.0	2.5	96735.9	-999.9
Sikasso	2007	7	28	209	21.6	28.4	18.1	-999.9	0.0	2.6	96874.0	-999.9
Sikasso	2007	7	29	210	22.0	27.8	16.0	-999.9	21.8	2.2	96849.3	-999.9
Sikasso	2007	7	30	211	22.1	28.1	18.4	-999.9	0.0	2.7	96802.5	-999.9
Sikasso	2007	7	31	212	22.4	29.1	17.0	-999.9	0.0	2.5	96908.6	-999.9
Sikasso	2007	8	1	213	22.1	26.9	11.7	-999.9	0.0	1.7	97015.0	-999.9
Sikasso	2007	8	2	214	21.7	29.0	17.9	-999.9	0.0	1.8	97013.4	-999.9
Sikasso	2007	8	3	215	22.4	28.7	15.7	-999.9	15.8	1.4	97023.9	-999.9
Sikasso	2007	8	4	216	21.8	29.6	17.3	-999.9	0.0	1.9	96949.0	-999.9
Sikasso	2007	8	5	217	22.9	29.3	16.5	-999.9	39.6	2.7	96817.2	-999.9
Sikasso	2007	8	6	218	22.4	26.9	12.9	-999.9	36.5	3.0	96802.4	-999.9
Sikasso	2007	8	7	219	22.4	28.4	16.1	-999.9	0.0	1.8	96989.6	-999.9
Sikasso	2007	8	8	220	22.1	28.7	16.4	-999.9	0.0	1.7	96974.5	-999.9
Sikasso	2007	8	9	221	22.1	26.2	8.3	-999.9	54.8	2.0	96820.4	-999.9
Sikasso	2007	8	10	222	21.9	28.9	17.2	-999.9	0.0	1.7	96772.7	-999.9
Sikasso	2007	8	11	223	22.1	29.9	21.2	-999.9	5.2	1.8	96836.5	-999.9
Sikasso	2007	8	12	224	22.4	27.5	15.8	-999.9	0.0	1.4	96888.0	-999.9
Sikasso	2007	8	13	225	22.0	27.9	14.6	-999.9	10.3	1.5	96832.8	-999.9
Sikasso	2007	8	14	226	21.7	29.2	16.8	-999.9	5.2	1.7	96753.1	-999.9
Sikasso	2007	8	15	227	21.9	27.3	14.8	-999.9	0.0	2.3	96796.5	-999.9
Sikasso	2007	8	16	228	21.5	28.5	18.5	-999.9	0.0	2.0	96878.4	-999.9
Sikasso	2007	8	17	229	21.4	29.8	18.8	-999.9	10.2	1.6	96864.3	-999.9
Sikasso	2007	8	18	230	22.0	28.1	15.2	-999.9	0.0	1.1	96884.3	-999.9
Sikasso	2007	8	19	231	21.5	30.1	22.1	-999.9	0.0	1.4	96889.1	-999.9
Sikasso	2007	8	20	232	22.8	29.5	20.6	-999.9	20.3	1.4	96891.5	-999.9
Sikasso	2007	8	21	233	22.4	27.8	13.4	-999.9	10.3	1.9	96859.9	-999.9
Sikasso	2007	8	22	234	22.1	27.6	15.3	-999.9	10.3	1.6	96856.4	-999.9
Sikasso	2007	8	23	235	21.9	29.3	21.2	-999.9	0.0	1.7	96752.0	-999.9
Sikasso	2007	8	24	236	21.7	28.9	16.0	-999.9	20.7	2.1	96642.4	-999.9
Sikasso	2007	8	25	237	21.2	25.2	11.0	-999.9	0.0	1.9	96663.3	-999.9
Sikasso	2007	8	26	238	21.4	27.9	14.2	-999.9	6.5	2.1	96764.0	-999.9
Sikasso	2007	8	27	239	21.8	26.9	12.8	-999.9	19.6	1.7	96811.9	-999.9
Sikasso	2007	8	28	240	21.4	25.6	10.5	-999.9	13.1	2.0	96874.5	-999.9
Sikasso	2007	8	29	241	21.4	26.8	15.4	-999.9	0.0	2.0	96971.6	-999.9
Sikasso	2007	8	30	242	20.9	28.3	16.8	-999.9	19.6	1.7	96978.3	-999.9
Sikasso	2007	8	31	243	21.5	27.9	15.3	-999.9	19.6	1.6	96880.6	-999.9
Sikasso	2007	9	1	244	21.3	27.6	15.9	-999.9	9.7	2.3	96926.6	-999.9
Sikasso	2007	9	2	245	21.2	25.9	13.4	-999.9	0.0	2.2	97069.4	-999.9
Sikasso	2007	9	3	246	21.3	28.9	18.1	-999.9	0.0	2.2	97052.6	-999.9
Sikasso	2007	9	4	247	21.3	28.3	15.0	-999.9	9.7	1.8	96915.6	-999.9
Sikasso	2007	9	5	248	21.4	28.1	15.8	-999.9	0.0	1.8	96880.3	-999.9
Sikasso	2007	9	6	249	21.5	28.1	15.7	-999.9	33.1	1.8	96964.9	-999.9
Sikasso	2007	9	7	250	21.5	27.7	16.3	-999.9	0.0	1.8	96986.9	-999.9
Sikasso	2007	9	8	251	21.4	29.1	19.0	-999.9	0.0	1.5	97010.2	-999.9
Sikasso	2007	9	9	252	20.8	30.1	21.1	-999.9	11.0	1.1	96906.5	-999.9
Sikasso	2007	9	10	253	22.4	28.8	16.1	-999.9	0.0	1.5	96914.8	-999.9
Sikasso	2007	9	11	254	21.0	27.1	15.1	-999.9	0.0	1.8	97008.1	-999.9
Sikasso	2007	9	12	255	20.1	30.0	22.7	-999.9	0.0	1.0	96984.1	-999.9
Sikasso	2007	9	13	256	21.8	30.2	20.5	-999.9	15.6	1.1	96938.2	-999.9
Sikasso	2007	9	14	257	21.7	30.3	22.5	-999.9	7.8	1.2	96873.9	-999.9
Sikasso	2007	9	15	258	22.8	29.3	19.2	-999.9	15.6	1.2	96894.3	-999.9
Sikasso	2007	9	16	259	21.2	30.6	22.5	-999.9	0.0	1.1	96798.0	-999.9
Sikasso	2007	9	17	260	23.0	30.1	20.8	-999.9	0.0	1.6	96837.3	-999.9
Sikasso	2007	9	18	261	21.9	30.5	23.1	-999.9	0.0	0.9	96899.1	-999.9
Sikasso	2007	9	19	262	23.2	28.2	12.1	-999.9	9.4	1.4	96970.9	-999.9
Sikasso	2007	9	20	263	21.4	30.2	21.2	-999.9	0.0	1.1	96967.9	-999.9
Sikasso	2007	9	21	264	22.5	31.7	23.9	-999.9	4.7	1.4	96950.0	-999.9
Sikasso	2007	9	22	265	22.8	31.9	23.8	-999.9	4.7	1.6	96878.7	-999.9
Sikasso	2007	9	23	266	22.5	31.7	22.4	-999.9	4.7	1.3	96867.4	-999.9
Sikasso	2007	9	24	267	21.9	31.4	23.8	-999.9	0.0	1.7	96926.4	-999.9
Sikasso	2007	9	25	268	22.8	31.1	22.2	-999.9	0.0	1.4	96963.1	-999.9
Sikasso	2007	9	26	269	22.5	31.6	23.1	-999.9	0.0	1.2	97005.0	-999.9
Sikasso	2007	9	27	270	22.2	30.1	18.9	-999.9	0.0	1.2	96956.9	-999.9
Sikasso	2007	9	28	271	22.5	30.2	19.7	-999.9	0.0	1.5	96980.8	-999.9
Sikasso	2007	9	29	272	22.5	31.1	22.8	-999.9	7.8	1.2	97097.5	-999.9
Sikasso	2007	9	30	273	23.3	31.5	23.0	-999.9	0.0	1.1	97114.8	-999.9
Sikasso	2007	10	1	274	22.8	32.9	23.1	-999.9	0.0	1.1	97016.7	-999.9
Sikasso	2007	10	2	275	23.2	33.2	23.8	-999.9	1.9	1.4	96885.2	-999.9
Sikasso	2007	10	3	276	23.6	32.1	23.1	-999.9	1.9	1.6	96865.1	-999.9
Sikasso	2007	10	4	277	23.0	31.6	21.4	-999.9	0.0	1.3	96921.2	-999.9
Sikasso	2007	10	5	278	22.5	32.2	22.6	-999.9	1.9	1.3	96938.4	-999.9
Sikasso	2007	10	6	279	22.5	32.8	22.7	-999.9	0.0	1.3	96805.2	-999.9
Sikasso	2007	10	7	280	23.1	33.0	22.7	-999.9	3.7	1.7	96787.1	-999.9
Sikasso	2007	10	8	281	23.4	32.1	22.3	-999.9	0.0	1.7	96851.2	-999.9
Sikasso	2007	10	9	282	23.7	31.9	19.8	-999.9	3.7	1.6	96818.5	-999.9
Sikasso	2007	10	10	283	23.1	32.5	20.9	-999.9	5.6	1.3	96740.1	-999.9
Sikasso	2007	10	11	284	22.2	31.5	21.7	-999.9	0.0	0.8	96709.1	-999.9
Sikasso	2007	10	12	285	23.3	31.7	20.7	-999.9	0.0	1.1	96713.3	-999.9
Sikasso	2007	10	13	286	22.6	32.5	21.1	-999.9	0.0	1.0	96776.1	-999.9
Sikasso	2007	10	14	287	23.4	31.8	20.9	-999.9	0.0	1.3	96775.9	-999.9
Sikasso	2007	10	15	288	22.8	32.8	22.4	-999.9	0.0	1.4	96755.8	-999.9
Sikasso	2007	10	16	289	22.6	32.4	21.1	-999.9	0.0	1.5	96829.3	-999.9
Sikasso	2007	10	17	290	22.7	32.5	21.5	-999.9	2.2	1.2	96873.8	-999.9
Sikasso	2007	10	18	291	23.2	33.3	21.8	-999.9	4.3	1.4	96801.4	-999.9
Sikasso	2007	10	19	292	23.5	32.4	21.2	-999.9	2.2	1.6	96836.6	-999.9
Sikasso	2007	10	20	293	21.6	31.9	20.9	-999.9	2.2	1.5	96858.0	-999.9
Sikasso	2007	10	21	294	22.2	29.5	16.5	-999.9	1.6	1.2	96953.2	-999.9
Sikasso	2007	10	22	295	21.2	30.7	20.3	-999.9	1.6	1.1	96952.5	-999.9
Sikasso	2007	10	23	296	21.8	32.1	21.4	-999.9	3.3	1.3	96848.0	-999.9
Sikasso	2007	10	24	297	22.1	31.5	19.6	-999.9	0.0	1.7	96814.6	-999.9
Sikasso	2007	10	25	298	22.2	33.2	21.4	-999.9	0.0	1.3	96776.1	-999.9
Sikasso	2007	10	26	299	22.0	33.2	21.2	-999.9	4.9	1.4	96804.4	-999.9
Sikasso	2007	10	27	300	22.9	32.5	20.4	-999.9	0.0	1.8	96858.5	-999.9
Sikasso	2007	10	28	301	21.8	31.9	19.6	-999.9	2.4	1.3	96879.9	-999.9
Sikasso	2007	10	29	302	21.6	31.9	19.5	-999.9	2.4	1.2	96816.7	-999.9
Sikasso	2007	10	30	303	22.8	31.8	19.5	-999.9	0.0	1.1	96624.4	-999.9
Sikasso	2007	10	31	304	22.7	31.1	20.5	-999.9	2.4	1.4	96574.2	-999.9
Sikasso	2007	11	1	305	22.1	31.9	20.6	-999.9	0.0	1.3	96733.8	-999.9
Sikasso	2007	11	2	306	22.4	33.1	19.1	-999.9	0.0	1.4	96724.3	-999.9
Sikasso	2007	11	3	307	20.0	33.2	21.3	-999.9	0.0	1.4	96608.9	-999.9
Sikasso	2007	11	4	308	22.3	33.1	20.6	-999.9	0.0	1.5	96579.2	-999.9
Sikasso	2007	11	5	309	21.1	33.3	21.6	-999.9	0.0	1.5	96716.9	-999.9
Sikasso	2007	11	6	310	20.0	33.5	22.7	-999.9	0.0	2.1	96840.1	-999.9
Sikasso	2007	11	7	311	18.1	32.4	22.8	-999.9	0.0	1.8	96800.8	-999.9
Sikasso	2007	11	8	312	18.2	33.1	22.3	-999.9	0.0	1.8	96706.4	-999.9
Sikasso	2007	11	9	313	16.3	33.2	22.1	-999.9	0.0	1.4	96673.0	-999.9
Sikasso	2007	11	10	314	21.3	33.6	20.2	-999.9	0.0	1.4	96664.6	-999.9
Sikasso	2007	11	11	315	21.6	32.9	17.0	-999.9	0.0	1.7	96726.1	-999.9
Sikasso	2007	11	12	316	22.7	34.1	21.5	-999.9	0.0	2.5	96779.2	-999.9
Sikasso	2007	11	13	317	20.8	34.1	21.3	-999.9	0.0	2.3	96810.3	-999.9
Sikasso	2007	11	14	318	18.8	33.5	21.8	-999.9	0.0	1.5	96726.0	-999.9
Sikasso	2007	11	15	319	20.2	33.8	21.7	-999.9	0.0	0.8	96680.0	-999.9
Sikasso	2007	11	16	320	19.6	33.8	20.6	-999.9	0.0	1.2	96775.6	-999.9
Sikasso	2007	11	17	321	22.1	33.6	17.3	-999.9	2.4	1.5	96811.4	-999.9
Sikasso	2007	11	18	322	22.7	34.5	19.0	-999.9	4.8	1.5	96710.0	-999.9
Sikasso	2007	11	19	323	21.2	35.6	21.6	-999.9	0.0	2.2	96697.3	-999.9
Sikasso	2007	11	20	324	19.1	35.2	21.6	-999.9	0.0	2.3	96817.9	-999.9
Sikasso	2007	11	21	325	18.9	34.9	21.7	-999.9	0.0	2.3	96890.4	-999.9
Sikasso	2007	11	22	326	19.6	35.0	21.4	-999.9	0.0	1.6	96795.6	-999.9
Sikasso	2007	11	23	327	19.4	34.7	20.4	-999.9	0.0	1.5	96765.7	-999.9
Sikasso	2007	11	24	328	22.8	34.0	18.8	-999.9	0.0	1.3	96704.8	-999.9
Sikasso	2007	11	25	329	22.0	33.0	17.2	-999.9	0.0	1.3	96717.5	-999.9
Sikasso	2007	11	26	330	23.0	32.7	16.9	-999.9	0.0	1.3	96795.6	-999.9
Sikasso	2007	11	27	331	24.3	33.0	18.4	-999.9	0.0	1.1	96728.9	-999.9
Sikasso	2007	11	28	332	22.4	32.6	19.2	-999.9	0.0	1.8	96692.0	-999.9
Sikasso	2007	11	29	333	20.5	33.2	19.6	-999.9	0.0	1.6	96605.4	-999.9
Sikasso	2007	11	30	334	20.2	33.6	20.2	-999.9	0.0	1.7	96647.6	-999.9
Sikasso	2007	12	1	335	20.0	33.5	18.2	-999.9	0.0	1.7	96776.3	-999.9
Sikasso	2007	12	2	336	20.7	31.7	18.9	-999.9	0.0	3.2	96885.5	-999.9
Sikasso	2007	12	3	337	19.5	31.3	19.9	-999.9	0.0	2.6	96854.6	-999.9
Sikasso	2007	12	4	338	18.7	28.8	17.5	-999.9	0.0	2.5	96887.6	-999.9
Sikasso	2007	12	5	339	16.7	29.7	20.4	-999.9	0.0	2.6	97003.3	-999.9
Sikasso	2007	12	6	340	16.8	29.8	19.9	-999.9	0.0	2.3	97057.7	-999.9
Sikasso	2007	12	7	341	16.9	30.2	20.0	-999.9	0.0	2.0	97087.5	-999.9
Sikasso	2007	12	8	342	16.7	31.7	20.0	-999.9	0.0	1.8	97037.2	-999.9
Sikasso	2007	12	9	343	18.3	32.6	20.1	-999.9	0.0	1.7	96888.0	-999.9
Sikasso	2007	12	10	344	18.8	34.0	20.2	-999.9	0.0	1.9	96828.2	-999.9
Sikasso	2007	12	11	345	21.4	34.4	20.3	-999.9	0.0	2.8	96860.2	-999.9
Sikasso	2007	12	12	346	19.9	33.7	20.5	-999.9	0.0	2.7	96941.1	-999.9
Sikasso	2007	12	13	347	18.5	33.7	20.5	-999.9	0.0	2.2	96896.5	-999.9
Sikasso	2007	12	14	348	18.4	34.0	20.4	-999.9	0.0	2.0	96700.0	-999.9
Sikasso	2007	12	15	349	17.0	34.0	20.5	-999.9	0.0	1.8	96532.6	-999.9
Sikasso	2007	12	16	350	18.1	34.2	20.3	-999.9	0.0	2.1	96622.7	-999.9
Sikasso	2007	12	17	351	18.3	34.6	20.2	-999.9	0.0	2.1	96795.3	-999.9
Sikasso	2007	12	18	352	18.3	35.0	20.3	-999.9	0.0	2.0	96843.4	-999.9
Sikasso	2007	12	19	353	18.3	35.4	20.4	-999.9	0.0	2.1	96843.8	-999.9
Sikasso	2007	12	20	354	18.1	35.1	20.7	-999.9	0.0	2.3	96841.3	-999.9
Sikasso	2007	12	21	355	18.3	34.4	21.0	-999.9	0.0	2.3	96832.2	-999.9
Sikasso	2007	12	22	356	17.8	34.0	20.9	-999.9	0.0	2.2	96888.4	-999.9
Sikasso	2007	12	23	357	17.1	33.4	20.8	-999.9	0.0	2.0	96906.9	-999.9
Sikasso	2007	12	24	358	16.5	33.8	20.8	-999.9	0.0	1.9	96880.8	-999.9
Sikasso	2007	12	25	359	16.7	33.4	20.9	-999.9	0.0	2.0	96832.5	-999.9
Sikasso	2007	12	26	360	16.9	33.1	20.9	-999.9	0.0	2.2	96823.9	-999.9
Sikasso	2007	12	27	361	16.2	33.0	20.9	-999.9	0.0	2.0	96811.7	-999.9
Sikasso	2007	12	28	362	16.2	33.1	20.9	-999.9	0.0	2.0	96807.6	-999.9
Sikasso	2007	12	29	363	15.2	33.0	20.8	-999.9	0.0	2.2	96815.6	-999.9
Sikasso	2007	12	30	364	15.1	31.8	20.8	-999.9	0.0	2.2	96786.3	-999.9
Sikasso	2007	12	31	365	14.6	30.9	20.6	-999.9	0.0	2.3	96856.9	-999.9
