Sikasso	2012	1	1	1	12.7	29.7	20.5	-999.9	0.0	2.1	97132.7	-999.9
Sikasso	2012	1	2	2	13.9	31.9	20.6	-999.9	0.0	2.3	97110.9	-999.9
Sikasso	2012	1	3	3	16.1	32.3	20.7	-999.9	0.0	2.4	97053.3	-999.9
Sikasso	2012	1	4	4	15.8	32.1	20.7	-999.9	0.0	2.3	97031.7	-999.9
Sikasso	2012	1	5	5	16.3	31.8	20.7	-999.9	0.0	2.3	97068.6	-999.9
Sikasso	2012	1	6	6	15.8	31.3	20.7	-999.9	0.0	2.2	97063.3	-999.9
Sikasso	2012	1	7	7	15.3	31.2	20.8	-999.9	0.0	2.1	97038.4	-999.9
Sikasso	2012	1	8	8	15.1	31.4	21.1	-999.9	0.0	2.0	96945.7	-999.9
Sikasso	2012	1	9	9	15.0	32.4	21.2	-999.9	0.0	2.1	96914.9	-999.9
Sikasso	2012	1	10	10	15.4	32.9	21.2	-999.9	0.0	2.2	96935.7	-999.9
Sikasso	2012	1	11	11	16.3	33.3	21.1	-999.9	0.0	2.4	96956.5	-999.9
Sikasso	2012	1	12	12	17.0	32.0	21.2	-999.9	0.0	2.5	97066.9	-999.9
Sikasso	2012	1	13	13	15.6	31.1	21.4	-999.9	0.0	2.5	97148.1	-999.9
Sikasso	2012	1	14	14	14.4	30.2	21.6	-999.9	0.0	2.7	97125.1	-999.9
Sikasso	2012	1	15	15	13.3	29.6	21.8	-999.9	0.0	2.5	97100.0	-999.9
Sikasso	2012	1	16	16	13.1	29.9	21.8	-999.9	0.0	2.3	96992.8	-999.9
Sikasso	2012	1	17	17	12.2	31.2	21.3	-999.9	0.0	2.0	96836.5	-999.9
Sikasso	2012	1	18	18	14.3	31.9	21.4	-999.9	0.0	1.9	96806.7	-999.9
Sikasso	2012	1	19	19	15.2	32.0	21.2	-999.9	0.0	1.8	96781.3	-999.9
Sikasso	2012	1	20	20	14.5	29.7	21.2	-999.9	0.0	2.3	96866.5	-999.9
Sikasso	2012	1	21	21	13.5	28.0	20.7	-999.9	0.0	2.6	97015.6	-999.9
Sikasso	2012	1	22	22	15.3	29.0	19.4	-999.9	0.0	2.1	96978.5	-999.9
Sikasso	2012	1	23	23	16.4	30.9	20.5	-999.9	0.0	2.4	96973.1	-999.9
Sikasso	2012	1	24	24	16.4	31.4	21.1	-999.9	0.0	2.4	96953.4	-999.9
Sikasso	2012	1	25	25	16.3	32.5	21.2	-999.9	0.0	2.2	96842.5	-999.9
Sikasso	2012	1	26	26	16.9	33.1	21.3	-999.9	0.0	2.0	96742.0	-999.9
Sikasso	2012	1	27	27	17.3	32.8	21.5	-999.9	0.0	2.3	96790.4	-999.9
Sikasso	2012	1	28	28	16.6	33.6	21.4	-999.9	0.0	2.1	96753.1	-999.9
Sikasso	2012	1	29	29	17.4	34.5	21.7	-999.9	0.0	2.1	96676.3	-999.9
Sikasso	2012	1	30	30	18.7	34.6	21.7	-999.9	0.0	2.1	96690.2	-999.9
Sikasso	2012	1	31	31	18.7	33.8	21.4	-999.9	0.0	2.4	96772.5	-999.9
Sikasso	2012	2	1	32	17.8	33.7	21.9	-999.9	0.0	2.4	96812.8	-999.9
Sikasso	2012	2	2	33	17.5	33.3	21.9	-999.9	0.0	2.3	96854.0	-999.9
Sikasso	2012	2	3	34	17.7	34.0	21.9	-999.9	0.0	2.4	96850.3	-999.9
Sikasso	2012	2	4	35	17.4	35.0	22.0	-999.9	0.0	2.3	96738.6	-999.9
Sikasso	2012	2	5	36	19.0	33.8	21.9	-999.9	1.4	2.8	96815.7	-999.9
Sikasso	2012	2	6	37	18.4	29.7	18.7	-999.9	2.4	3.4	96971.7	-999.9
Sikasso	2012	2	7	38	13.8	26.7	20.8	-999.9	0.0	2.2	96932.7	-999.9
Sikasso	2012	2	8	39	14.3	30.0	22.1	-999.9	0.0	2.0	96827.7	-999.9
Sikasso	2012	2	9	40	15.3	31.8	22.3	-999.9	0.0	1.9	96803.5	-999.9
Sikasso	2012	2	10	41	15.7	32.5	21.5	-999.9	0.0	1.9	96735.0	-999.9
Sikasso	2012	2	11	42	18.7	33.2	21.8	-999.9	0.0	2.4	96753.4	-999.9
Sikasso	2012	2	12	43	18.4	34.4	22.5	-999.9	0.0	2.4	96729.5	-999.9
Sikasso	2012	2	13	44	18.7	34.3	21.9	-999.9	0.0	2.6	96762.9	-999.9
Sikasso	2012	2	14	45	17.8	33.8	21.7	-999.9	0.0	2.2	96766.4	-999.9
Sikasso	2012	2	15	46	19.3	34.7	22.7	-999.9	0.0	2.2	96738.8	-999.9
Sikasso	2012	2	16	47	19.0	35.5	22.7	-999.9	0.0	2.6	96681.4	-999.9
Sikasso	2012	2	17	48	19.7	36.5	23.1	-999.9	0.0	2.3	96624.7	-999.9
Sikasso	2012	2	18	49	19.1	36.5	23.0	-999.9	0.0	1.6	96530.4	-999.9
Sikasso	2012	2	19	50	22.1	36.9	22.6	-999.9	0.0	2.2	96451.9	-999.9
Sikasso	2012	2	20	51	23.1	35.8	21.9	-999.9	0.0	2.1	96570.1	-999.9
Sikasso	2012	2	21	52	21.6	34.6	22.3	-999.9	0.0	2.1	96713.1	-999.9
Sikasso	2012	2	22	53	22.6	33.1	21.5	-999.9	0.0	2.4	96709.8	-999.9
Sikasso	2012	2	23	54	21.3	33.5	21.0	-999.9	0.0	1.5	96638.6	-999.9
Sikasso	2012	2	24	55	21.0	33.9	19.3	-999.9	0.0	2.1	96731.4	-999.9
Sikasso	2012	2	25	56	20.6	36.4	23.6	-999.9	0.0	2.6	96670.8	-999.9
Sikasso	2012	2	26	57	20.8	37.0	23.9	-999.9	0.0	2.4	96556.3	-999.9
Sikasso	2012	2	27	58	20.2	37.0	23.9	-999.9	0.0	2.2	96558.5	-999.9
Sikasso	2012	2	28	59	20.0	36.9	22.9	-999.9	0.0	1.7	96577.5	-999.9
Sikasso	2012	2	29	60	23.3	37.5	22.6	-999.9	0.0	1.7	96576.1	-999.9
Sikasso	2012	3	1	61	20.9	36.1	22.5	-999.9	0.0	1.5	96658.6	-999.9
Sikasso	2012	3	2	62	19.5	35.8	24.1	-999.9	0.0	2.2	96726.9	-999.9
Sikasso	2012	3	3	63	19.1	35.7	24.2	-999.9	0.0	2.2	96755.5	-999.9
Sikasso	2012	3	4	64	19.6	36.7	24.4	-999.9	0.0	2.2	96641.9	-999.9
Sikasso	2012	3	5	65	19.9	35.3	21.5	-999.9	0.0	2.2	96589.6	-999.9
Sikasso	2012	3	6	66	23.4	35.1	21.7	-999.9	0.0	1.9	96658.6	-999.9
Sikasso	2012	3	7	67	23.5	35.3	21.0	-999.9	0.0	1.8	96699.4	-999.9
Sikasso	2012	3	8	68	24.2	36.4	20.6	-999.9	0.0	1.4	96620.1	-999.9
Sikasso	2012	3	9	69	24.2	35.7	24.4	-999.9	0.0	2.7	96733.2	-999.9
Sikasso	2012	3	10	70	21.2	34.3	24.2	-999.9	0.0	2.4	96937.1	-999.9
Sikasso	2012	3	11	71	20.2	33.1	25.0	-999.9	0.0	2.6	96937.3	-999.9
Sikasso	2012	3	12	72	17.9	33.5	25.2	-999.9	0.0	2.3	96876.4	-999.9
Sikasso	2012	3	13	73	18.4	34.6	25.1	-999.9	0.0	2.2	96891.3	-999.9
Sikasso	2012	3	14	74	19.3	35.8	25.2	-999.9	0.0	2.2	96859.2	-999.9
Sikasso	2012	3	15	75	20.1	37.4	24.9	-999.9	0.0	2.3	96818.9	-999.9
Sikasso	2012	3	16	76	21.8	38.1	25.4	-999.9	0.0	2.5	96740.7	-999.9
Sikasso	2012	3	17	77	22.8	38.2	25.3	-999.9	0.0	2.4	96638.9	-999.9
Sikasso	2012	3	18	78	22.8	38.0	25.1	-999.9	0.0	2.5	96593.1	-999.9
Sikasso	2012	3	19	79	22.5	37.4	24.6	-999.9	0.0	1.8	96581.9	-999.9
Sikasso	2012	3	20	80	21.9	37.7	24.4	-999.9	0.0	1.7	96564.5	-999.9
Sikasso	2012	3	21	81	23.6	38.3	25.1	-999.9	0.0	2.2	96495.9	-999.9
Sikasso	2012	3	22	82	21.7	38.5	24.9	-999.9	0.0	2.0	96437.0	-999.9
Sikasso	2012	3	23	83	21.5	38.1	24.8	-999.9	0.0	1.8	96463.1	-999.9
Sikasso	2012	3	24	84	21.3	38.4	25.5	-999.9	0.0	1.9	96427.7	-999.9
Sikasso	2012	3	25	85	25.1	38.5	25.0	-999.9	0.0	2.2	96414.4	-999.9
Sikasso	2012	3	26	86	26.1	37.6	22.6	-999.9	0.0	2.2	96490.9	-999.9
Sikasso	2012	3	27	87	23.6	37.0	22.0	-999.9	0.0	2.1	96566.0	-999.9
Sikasso	2012	3	28	88	25.7	37.1	23.5	-999.9	0.0	1.5	96538.2	-999.9
Sikasso	2012	3	29	89	25.2	37.1	25.1	-999.9	0.0	2.1	96697.5	-999.9
Sikasso	2012	3	30	90	23.9	38.4	25.6	-999.9	0.0	1.5	96652.2	-999.9
Sikasso	2012	3	31	91	25.5	37.4	24.1	-999.9	0.0	2.0	96609.1	-999.9
Sikasso	2012	4	1	92	26.4	37.5	23.1	-999.9	12.5	2.6	96548.8	-999.9
Sikasso	2012	4	2	93	25.3	35.3	22.4	-999.9	12.5	2.6	96612.1	-999.9
Sikasso	2012	4	3	94	24.6	36.2	23.4	-999.9	0.0	2.0	96595.1	-999.9
Sikasso	2012	4	4	95	24.7	36.1	21.2	-999.9	0.0	2.0	96607.0	-999.9
Sikasso	2012	4	5	96	23.9	35.5	19.3	-999.9	12.5	1.6	96645.5	-999.9
Sikasso	2012	4	6	97	24.7	36.2	24.1	-999.9	0.0	1.4	96575.0	-999.9
Sikasso	2012	4	7	98	24.4	38.6	25.4	-999.9	0.0	1.9	96409.1	-999.9
Sikasso	2012	4	8	99	25.9	36.7	23.8	-999.9	0.0	2.3	96365.5	-999.9
Sikasso	2012	4	9	100	25.0	33.4	16.1	-999.9	22.3	2.1	96469.0	-999.9
Sikasso	2012	4	10	101	25.0	37.7	24.7	-999.9	0.0	2.5	96407.0	-999.9
Sikasso	2012	4	11	102	26.6	37.4	24.1	-999.9	0.0	2.2	96504.4	-999.9
Sikasso	2012	4	12	103	25.3	37.0	22.8	-999.9	0.0	2.5	96555.3	-999.9
Sikasso	2012	4	13	104	23.0	31.6	17.3	-999.9	4.1	1.8	96824.7	-999.9
Sikasso	2012	4	14	105	25.5	36.8	23.8	-999.9	0.0	2.1	96697.4	-999.9
Sikasso	2012	4	15	106	24.3	37.3	25.8	-999.9	2.0	1.7	96548.1	-999.9
Sikasso	2012	4	16	107	21.9	37.0	24.4	-999.9	0.0	1.5	96501.8	-999.9
Sikasso	2012	4	17	108	25.4	37.2	24.2	-999.9	0.0	2.4	96598.1	-999.9
Sikasso	2012	4	18	109	24.3	36.0	22.0	-999.9	0.0	2.3	96686.2	-999.9
Sikasso	2012	4	19	110	23.6	32.8	21.2	-999.9	0.0	1.4	96649.7	-999.9
Sikasso	2012	4	20	111	23.2	32.2	20.4	-999.9	0.0	2.0	96808.4	-999.9
Sikasso	2012	4	21	112	24.6	35.9	23.5	-999.9	0.0	1.6	96832.2	-999.9
Sikasso	2012	4	22	113	23.7	38.3	25.4	-999.9	0.0	1.7	96702.5	-999.9
Sikasso	2012	4	23	114	25.9	37.8	25.2	-999.9	3.0	2.5	96627.2	-999.9
Sikasso	2012	4	24	115	26.5	37.4	24.9	-999.9	3.0	2.1	96574.7	-999.9
Sikasso	2012	4	25	116	23.6	35.7	22.5	-999.9	9.0	2.2	96644.1	-999.9
Sikasso	2012	4	26	117	24.2	36.0	24.9	-999.9	0.0	2.1	96736.0	-999.9
Sikasso	2012	4	27	118	26.1	36.5	24.6	-999.9	0.0	2.3	96597.7	-999.9
Sikasso	2012	4	28	119	25.0	36.2	21.9	-999.9	14.6	2.1	96564.2	-999.9
Sikasso	2012	4	29	120	26.3	35.9	22.7	-999.9	0.0	2.0	96596.9	-999.9
Sikasso	2012	4	30	121	25.1	35.3	23.8	-999.9	0.0	1.7	96605.6	-999.9
Sikasso	2012	5	1	122	24.1	36.0	24.4	-999.9	4.1	2.1	96628.3	-999.9
Sikasso	2012	5	2	123	23.9	34.1	19.7	-999.9	4.1	2.1	96724.8	-999.9
Sikasso	2012	5	3	124	25.0	35.4	24.5	-999.9	0.0	2.2	96663.8	-999.9
Sikasso	2012	5	4	125	25.0	35.4	25.0	-999.9	0.0	2.7	96661.9	-999.9
Sikasso	2012	5	5	126	24.5	35.6	24.8	-999.9	0.0	2.1	96685.1	-999.9
Sikasso	2012	5	6	127	25.8	36.7	25.0	-999.9	0.0	2.1	96638.5	-999.9
Sikasso	2012	5	7	128	25.5	36.8	24.4	-999.9	0.0	2.1	96629.9	-999.9
Sikasso	2012	5	8	129	26.3	37.5	25.2	-999.9	0.0	2.4	96540.9	-999.9
Sikasso	2012	5	9	130	26.0	36.8	24.9	-999.9	0.0	2.4	96501.2	-999.9
Sikasso	2012	5	10	131	24.1	35.0	24.6	-999.9	0.0	2.4	96636.7	-999.9
Sikasso	2012	5	11	132	23.4	35.0	24.6	-999.9	15.4	2.1	96779.9	-999.9
Sikasso	2012	5	12	133	23.9	33.1	22.8	-999.9	0.0	2.4	96724.0	-999.9
Sikasso	2012	5	13	134	25.3	34.9	24.7	-999.9	0.0	2.6	96556.3	-999.9
Sikasso	2012	5	14	135	22.8	30.7	20.7	-999.9	0.0	1.8	96746.2	-999.9
Sikasso	2012	5	15	136	23.3	30.1	20.0	-999.9	7.7	1.4	96860.0	-999.9
Sikasso	2012	5	16	137	21.9	30.0	20.6	-999.9	0.0	1.4	96931.0	-999.9
Sikasso	2012	5	17	138	24.3	30.9	20.3	-999.9	0.0	1.6	96839.9	-999.9
Sikasso	2012	5	18	139	23.9	33.4	24.3	-999.9	7.8	2.4	96667.2	-999.9
Sikasso	2012	5	19	140	25.2	33.2	20.6	-999.9	15.6	2.7	96657.5	-999.9
Sikasso	2012	5	20	141	23.2	32.3	22.1	-999.9	0.0	1.9	96759.4	-999.9
Sikasso	2012	5	21	142	23.5	33.2	24.6	-999.9	0.0	2.3	96836.1	-999.9
Sikasso	2012	5	22	143	23.8	33.8	24.0	-999.9	4.0	1.6	96842.4	-999.9
Sikasso	2012	5	23	144	23.5	34.5	24.1	-999.9	0.0	1.6	96805.6	-999.9
Sikasso	2012	5	24	145	23.7	33.7	23.1	-999.9	4.0	2.3	96821.0	-999.9
Sikasso	2012	5	25	146	23.7	32.6	22.6	-999.9	8.1	2.6	96900.4	-999.9
Sikasso	2012	5	26	147	22.7	33.7	24.8	-999.9	0.0	2.5	96875.5	-999.9
Sikasso	2012	5	27	148	23.7	34.9	25.0	-999.9	0.0	2.3	96787.0	-999.9
Sikasso	2012	5	28	149	25.0	33.8	23.2	-999.9	6.1	2.7	96785.4	-999.9
Sikasso	2012	5	29	150	23.4	31.5	16.6	-999.9	6.1	2.4	96888.3	-999.9
Sikasso	2012	5	30	151	24.1	31.7	21.3	-999.9	12.2	1.9	96908.5	-999.9
Sikasso	2012	5	31	152	23.1	29.9	16.0	-999.9	0.0	2.0	97005.7	-999.9
Sikasso	2012	6	1	153	22.7	31.7	20.3	-999.9	0.0	1.7	97025.1	-999.9
Sikasso	2012	6	2	154	23.7	33.5	24.1	-999.9	0.0	1.8	96921.6	-999.9
Sikasso	2012	6	3	155	22.4	30.9	17.3	-999.9	14.5	1.8	96980.4	-999.9
Sikasso	2012	6	4	156	22.9	33.8	24.6	-999.9	3.6	1.8	97002.1	-999.9
Sikasso	2012	6	5	157	24.6	35.0	24.1	-999.9	7.3	2.1	96939.4	-999.9
Sikasso	2012	6	6	158	23.8	32.1	19.4	-999.9	9.1	2.5	96909.1	-999.9
Sikasso	2012	6	7	159	21.7	33.3	23.8	-999.9	0.0	2.2	96962.6	-999.9
Sikasso	2012	6	8	160	23.3	33.0	22.6	-999.9	13.7	1.5	96968.7	-999.9
Sikasso	2012	6	9	161	23.6	33.3	24.2	-999.9	0.0	1.4	96909.4	-999.9
Sikasso	2012	6	10	162	24.9	34.6	23.7	-999.9	4.6	2.2	96707.8	-999.9
Sikasso	2012	6	11	163	25.2	33.5	22.5	-999.9	0.0	2.5	96677.5	-999.9
Sikasso	2012	6	12	164	24.1	30.9	17.4	-999.9	15.6	2.2	96803.5	-999.9
Sikasso	2012	6	13	165	23.6	30.5	18.7	-999.9	0.0	2.2	96870.3	-999.9
Sikasso	2012	6	14	166	23.2	30.4	19.7	-999.9	7.8	1.6	96874.7	-999.9
Sikasso	2012	6	15	167	23.6	32.8	23.6	-999.9	7.8	1.6	96838.2	-999.9
Sikasso	2012	6	16	168	22.9	32.1	20.5	-999.9	0.0	2.9	96792.7	-999.9
Sikasso	2012	6	17	169	23.9	30.7	18.7	-999.9	0.0	2.3	96898.0	-999.9
Sikasso	2012	6	18	170	22.3	30.2	19.0	-999.9	0.0	1.7	97002.2	-999.9
Sikasso	2012	6	19	171	22.5	30.5	21.6	-999.9	20.8	1.6	97024.4	-999.9
Sikasso	2012	6	20	172	22.3	31.8	23.4	-999.9	0.0	2.0	96965.8	-999.9
Sikasso	2012	6	21	173	23.9	32.4	24.1	-999.9	15.3	2.1	96802.4	-999.9
Sikasso	2012	6	22	174	22.6	31.2	19.9	-999.9	15.3	2.6	96820.8	-999.9
Sikasso	2012	6	23	175	22.4	30.3	16.6	-999.9	0.0	2.5	97077.0	-999.9
Sikasso	2012	6	24	176	23.4	30.9	20.8	-999.9	0.0	2.2	97072.5	-999.9
Sikasso	2012	6	25	177	22.8	29.0	16.9	-999.9	15.3	1.5	96916.5	-999.9
Sikasso	2012	6	26	178	22.2	30.6	22.4	-999.9	6.7	1.8	97002.7	-999.9
Sikasso	2012	6	27	179	23.3	31.1	19.6	-999.9	0.0	1.9	97065.5	-999.9
Sikasso	2012	6	28	180	21.9	31.5	20.1	-999.9	13.4	2.0	96933.1	-999.9
Sikasso	2012	6	29	181	23.3	27.0	12.2	-999.9	13.4	2.0	96910.3	-999.9
Sikasso	2012	6	30	182	21.4	29.9	18.9	-999.9	0.0	2.0	96873.4	-999.9
Sikasso	2012	7	1	183	23.0	30.2	21.7	-999.9	0.0	1.8	96813.5	-999.9
Sikasso	2012	7	2	184	21.8	29.8	19.8	-999.9	7.7	1.7	96798.4	-999.9
Sikasso	2012	7	3	185	21.7	29.4	19.8	-999.9	7.7	1.7	96881.6	-999.9
Sikasso	2012	7	4	186	22.1	28.0	16.2	-999.9	15.4	1.5	96777.1	-999.9
Sikasso	2012	7	5	187	21.9	28.5	15.1	-999.9	15.4	1.6	96762.3	-999.9
Sikasso	2012	7	6	188	21.6	27.8	18.1	-999.9	14.0	2.6	96880.4	-999.9
Sikasso	2012	7	7	189	22.0	28.7	19.5	-999.9	0.0	1.7	96963.3	-999.9
Sikasso	2012	7	8	190	21.8	29.8	21.5	-999.9	0.0	1.4	96892.2	-999.9
Sikasso	2012	7	9	191	21.6	29.2	17.7	-999.9	28.0	2.0	96792.0	-999.9
Sikasso	2012	7	10	192	22.9	29.9	22.1	-999.9	0.0	2.0	96764.8	-999.9
Sikasso	2012	7	11	193	22.8	30.2	21.4	-999.9	0.0	1.6	96862.1	-999.9
Sikasso	2012	7	12	194	23.0	29.4	18.8	-999.9	18.2	1.7	96913.4	-999.9
Sikasso	2012	7	13	195	21.8	29.2	17.5	-999.9	18.2	1.1	96944.9	-999.9
Sikasso	2012	7	14	196	22.5	30.9	23.6	-999.9	0.0	1.6	96837.4	-999.9
Sikasso	2012	7	15	197	22.4	28.5	13.9	-999.9	36.3	2.4	96811.7	-999.9
Sikasso	2012	7	16	198	21.7	26.7	13.9	-999.9	0.0	2.0	96920.9	-999.9
Sikasso	2012	7	17	199	21.6	29.1	18.6	-999.9	0.0	1.7	97119.5	-999.9
Sikasso	2012	7	18	200	23.4	30.1	20.5	-999.9	0.0	1.8	97068.1	-999.9
Sikasso	2012	7	19	201	22.8	26.9	11.6	-999.9	45.3	1.7	96938.1	-999.9
Sikasso	2012	7	20	202	22.3	27.8	17.4	-999.9	0.0	2.3	97021.1	-999.9
Sikasso	2012	7	21	203	21.9	29.0	19.8	-999.9	0.0	1.6	97218.4	-999.9
Sikasso	2012	7	22	204	22.0	28.7	14.9	-999.9	8.6	1.6	97153.0	-999.9
Sikasso	2012	7	23	205	21.7	29.5	20.8	-999.9	0.0	1.8	96996.4	-999.9
Sikasso	2012	7	24	206	22.4	28.6	16.8	-999.9	8.6	2.4	96991.7	-999.9
Sikasso	2012	7	25	207	22.0	27.0	13.0	-999.9	17.1	1.4	97007.0	-999.9
Sikasso	2012	7	26	208	21.9	29.8	20.8	-999.9	0.0	1.2	97023.7	-999.9
Sikasso	2012	7	27	209	21.6	29.5	18.3	-999.9	23.4	1.3	96979.8	-999.9
Sikasso	2012	7	28	210	22.3	29.6	19.8	-999.9	0.0	1.7	96836.2	-999.9
Sikasso	2012	7	29	211	22.2	28.9	18.1	-999.9	11.7	1.4	96830.3	-999.9
Sikasso	2012	7	30	212	22.6	28.6	19.0	-999.9	0.0	1.6	96944.6	-999.9
Sikasso	2012	7	31	213	23.0	30.2	21.1	-999.9	11.7	1.5	96974.2	-999.9
Sikasso	2012	8	1	214	22.3	29.1	16.5	-999.9	20.1	2.1	96873.1	-999.9
Sikasso	2012	8	2	215	22.2	29.0	19.1	-999.9	10.1	1.8	96915.1	-999.9
Sikasso	2012	8	3	216	22.5	30.0	21.3	-999.9	10.1	1.4	96992.1	-999.9
Sikasso	2012	8	4	217	22.1	28.6	14.0	-999.9	30.2	1.2	96961.8	-999.9
Sikasso	2012	8	5	218	22.0	28.6	16.2	-999.9	0.0	1.8	97020.0	-999.9
Sikasso	2012	8	6	219	22.0	29.1	18.4	-999.9	0.0	2.1	97084.3	-999.9
Sikasso	2012	8	7	220	23.1	29.7	17.6	-999.9	12.3	2.1	96927.7	-999.9
Sikasso	2012	8	8	221	21.7	23.3	5.2	-999.9	49.3	2.8	96764.7	-999.9
Sikasso	2012	8	9	222	21.4	28.7	19.1	-999.9	0.0	2.2	96917.4	-999.9
Sikasso	2012	8	10	223	22.0	29.4	22.3	-999.9	0.0	1.5	97021.8	-999.9
Sikasso	2012	8	11	224	21.8	28.8	17.2	-999.9	8.0	1.6	97008.2	-999.9
Sikasso	2012	8	12	225	21.6	28.7	17.1	-999.9	8.0	1.8	97018.2	-999.9
Sikasso	2012	8	13	226	22.4	27.9	16.2	-999.9	0.0	2.2	97070.2	-999.9
Sikasso	2012	8	14	227	22.5	29.3	21.4	-999.9	8.0	1.9	96971.2	-999.9
Sikasso	2012	8	15	228	22.4	25.7	7.5	-999.9	16.0	1.0	96957.4	-999.9
Sikasso	2012	8	16	229	21.2	27.5	14.2	-999.9	0.0	2.0	97061.7	-999.9
Sikasso	2012	8	17	230	22.2	28.8	20.3	-999.9	0.0	1.7	96991.9	-999.9
Sikasso	2012	8	18	231	22.2	30.1	21.6	-999.9	0.0	1.8	96789.2	-999.9
Sikasso	2012	8	19	232	21.8	27.1	13.2	-999.9	15.4	2.2	96865.9	-999.9
Sikasso	2012	8	20	233	22.1	29.0	20.6	-999.9	0.0	2.1	97027.3	-999.9
Sikasso	2012	8	21	234	21.7	29.2	21.2	-999.9	6.9	1.6	97037.5	-999.9
Sikasso	2012	8	22	235	22.4	26.6	11.4	-999.9	27.5	1.4	96988.3	-999.9
Sikasso	2012	8	23	236	21.5	29.2	20.4	-999.9	0.0	1.8	96874.7	-999.9
Sikasso	2012	8	24	237	21.8	28.0	15.1	-999.9	13.7	1.8	96943.4	-999.9
Sikasso	2012	8	25	238	21.2	28.5	17.7	-999.9	6.9	1.8	97097.1	-999.9
Sikasso	2012	8	26	239	21.5	28.8	18.8	-999.9	13.4	1.5	97131.5	-999.9
Sikasso	2012	8	27	240	21.6	30.4	21.2	-999.9	13.4	2.0	97075.3	-999.9
Sikasso	2012	8	28	241	22.3	30.9	21.6	-999.9	0.0	1.6	96967.8	-999.9
Sikasso	2012	8	29	242	22.9	29.9	20.6	-999.9	13.4	1.6	96932.7	-999.9
Sikasso	2012	8	30	243	21.8	29.0	19.5	-999.9	0.0	1.8	96985.5	-999.9
Sikasso	2012	8	31	244	22.1	28.8	19.4	-999.9	0.0	1.7	97039.5	-999.9
Sikasso	2012	9	1	245	21.6	28.1	17.6	-999.9	0.0	1.9	97113.6	-999.9
Sikasso	2012	9	2	246	21.2	28.4	17.6	-999.9	4.1	1.6	97163.3	-999.9
Sikasso	2012	9	3	247	21.9	28.2	15.5	-999.9	0.0	1.0	97110.5	-999.9
Sikasso	2012	9	4	248	21.1	29.4	18.4	-999.9	0.0	1.4	97048.9	-999.9
Sikasso	2012	9	5	249	22.1	28.9	18.1	-999.9	16.3	1.9	96994.3	-999.9
Sikasso	2012	9	6	250	21.9	25.5	9.9	-999.9	0.0	1.9	97050.1	-999.9
Sikasso	2012	9	7	251	21.9	28.7	14.8	-999.9	0.0	1.8	97152.5	-999.9
Sikasso	2012	9	8	252	20.6	30.8	24.0	-999.9	30.5	1.3	97057.7	-999.9
Sikasso	2012	9	9	253	21.2	29.7	20.1	-999.9	0.0	1.6	97013.7	-999.9
Sikasso	2012	9	10	254	22.1	30.4	22.0	-999.9	0.0	1.4	97026.0	-999.9
Sikasso	2012	9	11	255	21.7	30.6	22.5	-999.9	0.0	0.9	96985.3	-999.9
Sikasso	2012	9	12	256	22.1	30.1	19.9	-999.9	0.0	1.3	96992.2	-999.9
Sikasso	2012	9	13	257	22.4	28.1	14.7	-999.9	0.0	1.9	97008.5	-999.9
Sikasso	2012	9	14	258	21.0	30.0	22.7	-999.9	0.0	1.5	96981.6	-999.9
Sikasso	2012	9	15	259	22.9	31.1	22.3	-999.9	9.0	1.4	96884.9	-999.9
Sikasso	2012	9	16	260	21.6	27.2	11.8	-999.9	8.2	1.4	96924.3	-999.9
Sikasso	2012	9	17	261	21.5	29.3	19.0	-999.9	4.1	1.7	96935.6	-999.9
Sikasso	2012	9	18	262	21.7	28.4	15.8	-999.9	4.1	1.7	96989.6	-999.9
Sikasso	2012	9	19	263	21.5	27.3	15.1	-999.9	0.0	2.0	96946.5	-999.9
Sikasso	2012	9	20	264	22.0	28.5	17.4	-999.9	8.2	1.3	96863.7	-999.9
Sikasso	2012	9	21	265	21.4	27.9	16.5	-999.9	0.0	1.5	96938.5	-999.9
Sikasso	2012	9	22	266	22.0	28.7	18.4	-999.9	0.0	1.4	96991.2	-999.9
Sikasso	2012	9	23	267	20.8	28.8	16.2	-999.9	42.9	1.0	97060.1	-999.9
Sikasso	2012	9	24	268	21.9	30.4	21.7	-999.9	42.9	0.8	96984.3	-999.9
Sikasso	2012	9	25	269	21.2	30.9	22.6	-999.9	0.0	1.0	96874.1	-999.9
Sikasso	2012	9	26	270	21.9	31.4	22.8	-999.9	0.0	1.2	96850.6	-999.9
Sikasso	2012	9	27	271	21.8	30.0	18.1	-999.9	4.6	1.5	96957.6	-999.9
Sikasso	2012	9	28	272	22.3	29.6	19.4	-999.9	2.3	1.7	97122.1	-999.9
Sikasso	2012	9	29	273	21.3	31.0	23.6	-999.9	0.0	1.3	97092.2	-999.9
Sikasso	2012	9	30	274	22.5	30.8	21.2	-999.9	4.6	1.5	96849.8	-999.9
Sikasso	2012	10	1	275	22.3	31.2	20.6	-999.9	9.0	1.3	96860.2	-999.9
Sikasso	2012	10	2	276	22.3	28.8	14.9	-999.9	0.0	1.8	97003.4	-999.9
Sikasso	2012	10	3	277	22.1	30.1	20.2	-999.9	0.0	0.9	97034.6	-999.9
Sikasso	2012	10	4	278	22.3	29.7	18.2	-999.9	4.5	1.2	96935.9	-999.9
Sikasso	2012	10	5	279	21.9	31.0	21.4	-999.9	4.5	1.6	96807.0	-999.9
Sikasso	2012	10	6	280	22.9	31.9	22.9	-999.9	3.4	1.1	96792.2	-999.9
Sikasso	2012	10	7	281	23.0	30.5	20.1	-999.9	3.4	1.7	96800.1	-999.9
Sikasso	2012	10	8	282	21.8	30.4	20.2	-999.9	0.0	1.2	96859.8	-999.9
Sikasso	2012	10	9	283	22.1	28.4	15.7	-999.9	0.0	0.8	96923.1	-999.9
Sikasso	2012	10	10	284	20.7	30.9	22.2	-999.9	0.0	1.0	96884.0	-999.9
Sikasso	2012	10	11	285	22.5	31.2	22.8	-999.9	0.0	1.4	96821.2	-999.9
Sikasso	2012	10	12	286	23.2	31.2	21.4	-999.9	0.0	1.9	96843.5	-999.9
Sikasso	2012	10	13	287	23.0	31.1	21.1	-999.9	3.8	1.6	96803.0	-999.9
Sikasso	2012	10	14	288	23.1	31.1	21.4	-999.9	3.8	1.5	96726.1	-999.9
Sikasso	2012	10	15	289	21.5	31.0	22.1	-999.9	0.0	1.2	96707.5	-999.9
Sikasso	2012	10	16	290	22.7	31.4	21.4	-999.9	0.0	1.3	96787.5	-999.9
Sikasso	2012	10	17	291	21.9	29.2	17.2	-999.9	16.4	1.3	96941.8	-999.9
Sikasso	2012	10	18	292	22.1	30.6	21.4	-999.9	5.5	1.0	96784.4	-999.9
Sikasso	2012	10	19	293	21.9	31.3	21.7	-999.9	5.5	1.4	96704.6	-999.9
Sikasso	2012	10	20	294	21.7	30.5	18.9	-999.9	0.0	1.6	96690.8	-999.9
Sikasso	2012	10	21	295	21.7	31.4	20.8	-999.9	3.0	1.3	96614.3	-999.9
Sikasso	2012	10	22	296	23.2	30.7	19.3	-999.9	4.4	1.4	96746.0	-999.9
Sikasso	2012	10	23	297	21.5	31.1	21.7	-999.9	1.5	1.3	96847.2	-999.9
Sikasso	2012	10	24	298	22.1	32.5	21.7	-999.9	0.0	1.4	96800.7	-999.9
Sikasso	2012	10	25	299	21.4	31.5	21.1	-999.9	0.0	1.2	96737.4	-999.9
Sikasso	2012	10	26	300	22.6	31.0	20.2	-999.9	3.0	1.1	96768.6	-999.9
Sikasso	2012	10	27	301	21.5	30.1	18.0	-999.9	3.0	1.2	96809.3	-999.9
Sikasso	2012	10	28	302	21.7	30.8	19.5	-999.9	6.0	1.0	96912.1	-999.9
Sikasso	2012	10	29	303	22.2	30.7	17.9	-999.9	0.0	1.3	96972.5	-999.9
Sikasso	2012	10	30	304	22.0	32.4	21.3	-999.9	0.0	1.1	96813.0	-999.9
Sikasso	2012	10	31	305	23.1	32.5	21.3	-999.9	6.0	1.4	96768.1	-999.9
Sikasso	2012	11	1	306	22.7	33.1	20.8	-999.9	0.0	1.2	96805.7	-999.9
Sikasso	2012	11	2	307	21.7	34.2	22.2	-999.9	0.0	1.7	96702.4	-999.9
Sikasso	2012	11	3	308	21.0	32.1	20.3	-999.9	0.0	1.6	96750.3	-999.9
Sikasso	2012	11	4	309	22.8	32.2	20.6	-999.9	4.0	1.5	96795.1	-999.9
Sikasso	2012	11	5	310	22.2	31.8	20.7	-999.9	0.0	1.2	96762.9	-999.9
Sikasso	2012	11	6	311	22.6	31.9	20.6	-999.9	3.9	1.2	96780.8	-999.9
Sikasso	2012	11	7	312	22.6	31.4	18.9	-999.9	3.9	1.1	96836.6	-999.9
Sikasso	2012	11	8	313	22.0	30.7	18.1	-999.9	0.0	1.1	96766.6	-999.9
Sikasso	2012	11	9	314	22.0	31.6	19.9	-999.9	0.0	1.2	96683.0	-999.9
Sikasso	2012	11	10	315	21.6	32.4	20.4	-999.9	0.0	1.3	96665.6	-999.9
Sikasso	2012	11	11	316	21.6	32.2	19.7	-999.9	0.0	1.6	96741.5	-999.9
Sikasso	2012	11	12	317	20.4	32.3	20.5	-999.9	0.0	1.4	96755.5	-999.9
Sikasso	2012	11	13	318	22.7	32.5	19.9	-999.9	0.0	1.2	96797.7	-999.9
Sikasso	2012	11	14	319	22.4	32.6	18.5	-999.9	0.0	1.2	96733.4	-999.9
Sikasso	2012	11	15	320	23.5	32.3	18.2	-999.9	0.0	1.2	96733.4	-999.9
Sikasso	2012	11	16	321	23.4	33.4	18.7	-999.9	0.0	1.2	96718.4	-999.9
Sikasso	2012	11	17	322	23.0	34.8	19.9	-999.9	0.0	1.4	96705.2	-999.9
Sikasso	2012	11	18	323	22.3	33.8	20.8	-999.9	0.0	1.5	96735.7	-999.9
Sikasso	2012	11	19	324	22.8	33.5	19.7	-999.9	0.0	1.7	96781.4	-999.9
Sikasso	2012	11	20	325	21.0	34.7	20.6	-999.9	0.0	1.4	96785.3	-999.9
Sikasso	2012	11	21	326	21.1	34.5	20.0	-999.9	0.0	1.5	96754.9	-999.9
Sikasso	2012	11	22	327	20.9	34.5	19.6	-999.9	0.0	1.4	96652.5	-999.9
Sikasso	2012	11	23	328	21.3	34.2	19.5	-999.9	0.0	1.3	96630.0	-999.9
Sikasso	2012	11	24	329	21.7	34.6	20.2	-999.9	0.0	1.6	96727.2	-999.9
Sikasso	2012	11	25	330	20.4	34.3	20.5	-999.9	0.0	1.9	96774.9	-999.9
Sikasso	2012	11	26	331	20.2	33.2	18.7	-999.9	0.0	1.5	96890.3	-999.9
Sikasso	2012	11	27	332	20.2	33.4	20.4	-999.9	0.0	1.6	96858.9	-999.9
Sikasso	2012	11	28	333	19.8	34.3	20.3	-999.9	0.0	2.3	96760.4	-999.9
Sikasso	2012	11	29	334	19.1	34.6	20.6	-999.9	0.0	1.2	96653.1	-999.9
Sikasso	2012	11	30	335	20.4	34.3	20.3	-999.9	0.0	1.1	96493.2	-999.9
Sikasso	2012	12	1	336	22.2	32.5	19.1	-999.9	0.0	1.7	96574.5	-999.9
Sikasso	2012	12	2	337	21.7	32.5	18.1	-999.9	0.8	2.0	96831.7	-999.9
Sikasso	2012	12	3	338	19.9	31.9	19.1	-999.9	0.0	2.0	96989.9	-999.9
Sikasso	2012	12	4	339	20.9	31.5	19.8	-999.9	0.0	2.4	96982.8	-999.9
Sikasso	2012	12	5	340	17.5	30.9	20.5	-999.9	0.0	2.0	96847.2	-999.9
Sikasso	2012	12	6	341	16.8	31.1	20.0	-999.9	0.0	2.1	96902.6	-999.9
Sikasso	2012	12	7	342	16.3	31.6	20.8	-999.9	0.0	1.9	96967.0	-999.9
Sikasso	2012	12	8	343	16.3	32.9	20.4	-999.9	0.0	1.8	96968.9	-999.9
Sikasso	2012	12	9	344	19.3	33.3	20.0	-999.9	0.0	1.9	96900.0	-999.9
Sikasso	2012	12	10	345	17.6	33.9	20.5	-999.9	0.0	1.8	96788.0	-999.9
Sikasso	2012	12	11	346	17.8	33.5	20.6	-999.9	0.0	1.8	96724.4	-999.9
Sikasso	2012	12	12	347	17.2	33.1	20.4	-999.9	0.0	1.7	96687.4	-999.9
Sikasso	2012	12	13	348	17.6	33.2	20.2	-999.9	0.0	2.1	96713.0	-999.9
Sikasso	2012	12	14	349	18.7	32.6	19.0	-999.9	0.0	2.1	96756.2	-999.9
Sikasso	2012	12	15	350	19.4	32.5	18.8	-999.9	0.0	2.5	96873.6	-999.9
Sikasso	2012	12	16	351	17.1	31.6	19.8	-999.9	0.0	2.5	96871.6	-999.9
Sikasso	2012	12	17	352	15.6	31.9	19.9	-999.9	0.0	2.2	96791.7	-999.9
Sikasso	2012	12	18	353	17.4	32.2	19.1	-999.9	0.0	2.1	96800.3	-999.9
Sikasso	2012	12	19	354	17.5	30.1	16.4	-999.9	0.3	2.1	96913.0	-999.9
Sikasso	2012	12	20	355	16.5	30.3	20.3	-999.9	0.0	2.3	96882.7	-999.9
Sikasso	2012	12	21	356	13.9	30.1	19.2	-999.9	0.0	2.1	96847.1	-999.9
Sikasso	2012	12	22	357	14.1	32.2	20.4	-999.9	0.0	2.1	96902.2	-999.9
Sikasso	2012	12	23	358	16.3	32.6	20.5	-999.9	0.0	2.2	96906.0	-999.9
Sikasso	2012	12	24	359	15.8	32.3	20.6	-999.9	0.0	2.1	96877.2	-999.9
Sikasso	2012	12	25	360	15.5	32.8	20.7	-999.9	0.0	2.0	96879.4	-999.9
Sikasso	2012	12	26	361	16.1	32.9	20.7	-999.9	0.0	1.9	96949.6	-999.9
Sikasso	2012	12	27	362	15.7	32.3	20.7	-999.9	0.0	2.0	96935.6	-999.9
Sikasso	2012	12	28	363	16.1	31.6	20.6	-999.9	0.0	2.0	96927.7	-999.9
Sikasso	2012	12	29	364	14.0	30.8	20.8	-999.9	0.0	2.2	96949.5	-999.9
Sikasso	2012	12	30	365	14.3	29.1	20.9	-999.9	0.0	2.5	97056.7	-999.9
Sikasso	2012	12	31	366	12.6	29.6	20.9	-999.9	0.0	2.4	97011.7	-999.9
